rcp8.5models/GFDL_CM3/sc1gr4.12
NCOLS 261 
NROWS 433 
XLLCORNER 336357.134 
YLLCORNER 654653.479 
CELLSIZE 1000 
NODATA_value -3.4e+38 
[rows 264 to 285 of 433, columns 49 to 97 of 261]
279.443572998047 279.375 279.211639404297 279.401733398438 279.578277587891 279.525970458984 279.527221679688 279.579437255859 279.865112304688 280.056579589844 279.893432617188 279.633026123047 279.95263671875 280.006958007812 279.583190917969 279.237060546875 279.012451171875 279.0478515625 278.313842773438 278.331756591797 278.866027832031 279.192077636719 278.967376708984 278.651184082031 278.290405273438 277.950317382812 278.100891113281 279.131408691406 279.562927246094 279.525817871094 278.701782226562 277.828002929688 277.714813232422 278.160491943359 278.565979003906 278.56884765625 277.980895996094 277.513732910156 278.074981689453 278.141143798828 277.788421630859 277.263336181641 276.762939453125 275.685668945312 275.630187988281 276.4921875 274.174621582031 273.109283447266 272.495147705078
279.639587402344 279.536437988281 279.168426513672 279.020568847656 279.307952880859 279.468902587891 279.527984619141 279.230407714844 279.339447021484 280.065582275391 280.22900390625 279.800842285156 279.547210693359 279.685821533203 279.835357666016 279.634735107422 279.343841552734 279.269805908203 278.042541503906 278.154205322266 278.643127441406 279.067993164062 278.953002929688 278.447204589844 278.143920898438 277.841979980469 277.730865478516 278.791473388672 279.788024902344 279.422912597656 279.414123535156 278.900817871094 278.108306884766 277.919036865234 278.241851806641 278.45751953125 277.758758544922 277.517425537109 277.927551269531 277.961608886719 277.610992431641 277.507263183594 276.745849609375 275.73779296875 274.919067382812 274.898956298828 273.766357421875 272.821960449219 270.579010009766
279.442565917969 279.215362548828 278.831695556641 278.731781005859 278.857238769531 279.183349609375 279.442596435547 278.878997802734 278.928588867188 278.711639404297 279.00732421875 279.699462890625 279.535430908203 279.563842773438 279.758422851562 280.0498046875 279.872100830078 279.264831542969 278.352874755859 278.476654052734 278.825866699219 278.649383544922 279.09912109375 279.159301757812 278.307708740234 277.857940673828 278.506439208984 279.012451171875 279.795166015625 279.397674560547 278.896087646484 278.33203125 277.972961425781 277.4921875 277.059814453125 277.138366699219 277.691345214844 277.498199462891 277.761016845703 277.77490234375 277.432037353516 277.486267089844 276.882843017578 275.494659423828 272.875915527344 270.233581542969 271.804809570312 273.645477294922 264.701263427734
279.082366943359 278.890350341797 278.717315673828 278.737457275391 278.864440917969 279.148254394531 279.287048339844 278.682281494141 279.053131103516 278.775421142578 278.447509765625 279.034393310547 278.742065429688 278.823608398438 279.506774902344 279.940277099609 279.919128417969 279.498199462891 278.831451416016 278.973815917969 278.799468994141 278.43212890625 278.818481445312 279.257446289062 278.360595703125 277.938568115234 279.265411376953 279.708953857422 280.008880615234 279.749206542969 278.684112548828 277.466918945312 277.488342285156 277.613677978516 277.478729248047 277.468048095703 277.709991455078 277.616668701172 277.606872558594 277.753265380859 277.44482421875 277.583374023438 277.125427246094 276.131195068359 274.870727539062 273.755157470703 273.640686035156 273.252380371094 265.635620117188
279.355133056641 279.275573730469 279.059143066406 278.743255615234 278.899169921875 279.378784179688 279.515960693359 278.376190185547 278.930572509766 279.098449707031 279.053680419922 279.127105712891 278.562469482422 278.260833740234 278.622253417969 279.397338867188 279.767272949219 279.774291992188 279.299468994141 279.046325683594 278.595153808594 278.613006591797 279.027740478516 279.356506347656 278.426605224609 278.04833984375 279.753265380859 280.138061523438 279.892028808594 279.529663085938 278.306549072266 276.034851074219 276.526550292969 278.356597900391 278.121978759766 278.407867431641 278.062927246094 277.930938720703 277.655059814453 277.389953613281 277.182067871094 276.935333251953 277.263488769531 277.035736083984 276.343475341797 274.866882324219 274.169982910156 272.904663085938 262.39892578125
279.588287353516 279.445220947266 279.026733398438 278.967712402344 279.216094970703 279.652374267578 279.971618652344 278.457153320312 279.006103515625 279.219635009766 279.344329833984 279.356842041016 279.038818359375 278.567047119141 278.548126220703 278.826477050781 279.249298095703 279.725128173828 279.167816162109 278.780181884766 278.701538085938 278.827758789062 279.287811279297 279.540618896484 278.636138916016 278.422912597656 279.899810791016 279.889373779297 279.376251220703 279.211791992188 278.713012695312 276.460968017578 277.136383056641 278.806030273438 278.609466552734 278.775115966797 278.422698974609 278.368438720703 277.784301757812 277.116577148438 277.024169921875 275.669250488281 275.676452636719 276.203704833984 274.809417724609 273.167541503906 272.690155029297 273.820220947266 265.122497558594
279.514770507812 279.413421630859 279.207458496094 279.211547851562 279.562225341797 279.728179931641 279.656463623047 278.727691650391 279.294952392578 279.442138671875 279.342407226562 279.569183349609 279.112762451172 278.72412109375 278.443115234375 278.066955566406 278.504302978516 279.282653808594 278.801849365234 278.619445800781 278.897369384766 279.049621582031 279.215423583984 279.7373046875 279.309875488281 279.098510742188 279.768585205078 279.726867675781 279.315368652344 279.832611083984 279.862762451172 278.361633300781 277.864685058594 278.623077392578 278.876922607422 279.050872802734 278.626037597656 278.237182617188 277.8515625 277.574798583984 277.481872558594 274.366760253906 272.492095947266 272.918182373047 271.975433349609 271.908538818359 272.83203125 274.01416015625 268.048492431641
280.238159179688 280.047943115234 279.649536132812 279.338195800781 279.701599121094 279.822082519531 279.418365478516 279.2861328125 279.568878173828 279.427185058594 279.398284912109 279.433074951172 279.336273193359 278.925720214844 278.441680908203 277.795471191406 277.345367431641 278.075134277344 278.540344238281 278.484619140625 278.717956542969 279.047515869141 279.647735595703 279.851928710938 279.535430908203 279.491973876953 279.912567138672 279.816925048828 279.286437988281 279.940551757812 280.248321533203 278.604705810547 276.246765136719 276.924835205078 277.592407226562 278.246337890625 278.450531005859 278.191467285156 278.171356201172 278.498504638672 278.674957275391 274.027526855469 271.676116943359 271.934326171875 272.718444824219 274.083801269531 275.149932861328 274.90771484375 269.514587402344
280.482452392578 280.523406982422 280.205169677734 279.978332519531 280.084564208984 280.029754638672 279.640197753906 279.705200195312 279.979614257812 279.544647216797 279.072479248047 279.0029296875 279.300354003906 279.275848388672 278.862396240234 278.158416748047 277.124847412109 277.179962158203 278.476104736328 278.864990234375 278.880310058594 278.894500732422 279.601318359375 279.914398193359 279.556823730469 279.629058837891 279.797454833984 279.508850097656 279.145904541016 279.238708496094 279.999969482422 277.938079833984 273.710174560547 273.266571044922 273.617492675781 274.539215087891 278.169464111328 278.456451416016 278.909759521484 279.169403076172 279.204284667969 273.745025634766 271.823333740234 272.579559326172 275.815673828125 277.114685058594 276.434692382812 275.161560058594 269.837493896484
280.343902587891 280.39453125 280.520843505859 280.356262207031 280.271270751953 280.199890136719 280.060668945312 279.773345947266 279.651672363281 279.551361083984 279.180633544922 279.209045410156 279.322357177734 279.303527832031 278.686553955078 278.053649902344 277.141204833984 276.337127685547 278.442504882812 279.366149902344 279.012054443359 279.115295410156 279.492553710938 280.227020263672 280.206756591797 279.947967529297 279.588256835938 278.608154296875 277.798736572266 278.850921630859 279.359985351562 278.153015136719 273.100372314453 271.146148681641 272.276885986328 272.734344482422 277.507171630859 278.615753173828 279.356567382812 279.352478027344 278.944152832031 276.306915283203 274.890045166016 275.325622558594 275.8486328125 275.675811767578 277.264312744141 275.622039794922 270.532440185547
280.007629394531 279.940155029297 279.868103027344 279.760009765625 279.831665039062 279.718383789062 279.389556884766 279.536193847656 279.400695800781 279.279663085938 279.090606689453 279.237823486328 279.400085449219 279.326538085938 278.895111083984 278.128204345703 277.486358642578 277.604431152344 278.911926269531 279.349792480469 278.970001220703 279.307281494141 279.660736083984 280.108642578125 280.703674316406 280.30712890625 279.570373535156 278.177490234375 276.894836425781 278.493499755859 277.894927978516 278.119750976562 275.351501464844 271.739318847656 272.9541015625 274.149261474609 277.037139892578 278.366912841797 279.477294921875 279.445220947266 279.154846191406 277.329620361328 276.274688720703 277.018798828125 276.154418945312 275.841186523438 277.813934326172 276.95751953125 274.895721435547
279.678588867188 279.742797851562 279.606994628906 279.444519042969 279.160797119141 278.656921386719 278.655456542969 279.366851806641 279.353637695312 279.200988769531 279.047760009766 279.012359619141 279.018524169922 279.102691650391 279.196746826172 278.997406005859 278.334350585938 277.877319335938 279.490875244141 278.957733154297 278.806915283203 279.445159912109 279.925170898438 280.175384521484 280.596130371094 280.322692871094 279.809326171875 279.086669921875 278.345428466797 278.926239013672 277.112213134766 276.924530029297 277.567840576172 274.768218994141 272.876403808594 273.251281738281 276.349761962891 278.135131835938 279.627868652344 279.478790283203 278.727264404297 274.594818115234 274.912200927734 275.467437744141 275.899658203125 277.746490478516 277.543762207031 277.481903076172 277.857055664062
279.649139404297 279.683807373047 279.5498046875 279.528503417969 279.437438964844 279.18408203125 279.412658691406 279.276641845703 279.361511230469 279.465545654297 279.349090576172 278.940948486328 278.752593994141 278.969635009766 279.303558349609 279.054992675781 278.426818847656 278.328338623047 279.845123291016 279.168151855469 278.966064453125 279.247711181641 279.756042480469 280.044891357422 279.931243896484 279.912628173828 279.767211914062 279.786834716797 279.624572753906 278.604248046875 275.356842041016 275.284637451172 278.522674560547 277.661651611328 273.915588378906 270.048278808594 272.024444580078 276.644226074219 279.871459960938 279.451690673828 278.465728759766 275.424987792969 275.703002929688 276.431304931641 276.798461914062 278.380676269531 277.911163330078 277.955505371094 278.550079345703
279.676971435547 279.751251220703 279.802581787109 279.862274169922 279.909057617188 279.780029296875 279.872039794922 279.729888916016 279.673919677734 279.660400390625 279.528411865234 278.997619628906 278.902954101562 279.181732177734 279.41845703125 279.365264892578 279.109130859375 279.304779052734 279.930603027344 279.030853271484 278.550750732422 279.030792236328 279.923461914062 280.02197265625 279.817840576172 279.644592285156 279.494262695312 279.155670166016 278.830841064453 278.115692138672 274.738952636719 274.869903564453 278.298126220703 278.973022460938 277.470153808594 274.912445068359 275.061737060547 277.639556884766 279.743041992188 279.777557373047 279.0390625 276.570770263672 276.938201904297 278.088439941406 278.345123291016 278.586059570312 278.510406494141 278.171875 277.975494384766
279.483428955078 279.4677734375 279.593505859375 279.654449462891 279.74560546875 279.737701416016 279.749694824219 279.634338378906 279.166564941406 279.248168945312 279.111541748047 278.879852294922 279.118255615234 279.205322265625 279.523254394531 279.750457763672 279.822875976562 279.793792724609 279.722076416016 279.982421875 279.928680419922 279.882720947266 279.006134033203 278.133880615234 279.030364990234 279.459594726562 279.760223388672 279.419555664062 277.926910400391 277.523773193359 275.861572265625 275.767822265625 279.024993896484 279.404907226562 279.731018066406 279.709381103516 279.276123046875 279.385681152344 279.796508789062 279.429718017578 278.868377685547 276.577941894531 276.257781982422 278.711090087891 278.694793701172 278.308166503906 278.828277587891 278.373779296875 277.417602539062
279.455505371094 279.360534667969 279.403015136719 279.574462890625 279.725128173828 279.493804931641 279.464752197266 279.701110839844 279.468109130859 279.609008789062 279.297546386719 279.152435302734 279.613403320312 279.499420166016 279.607116699219 279.682952880859 279.765197753906 279.513000488281 279.288238525391 279.709533691406 279.764831542969 279.689331054688 278.310821533203 277.199279785156 278.062408447266 279.217041015625 279.565979003906 279.194305419922 278.300811767578 278.319641113281 278.369750976562 277.887664794922 278.892852783203 278.251037597656 278.505401611328 278.698608398438 278.176483154297 278.483337402344 279.377258300781 279.216094970703 277.987457275391 272.710906982422 273.318389892578 276.969482421875 276.152221679688 276.529998779297 278.797607421875 278.286987304688 277.031372070312
279.419616699219 279.305938720703 279.284332275391 279.316925048828 279.361572265625 279.284362792969 279.296539306641 279.81982421875 279.797821044922 279.775787353516 279.549011230469 279.491424560547 279.717834472656 279.652648925781 279.485168457031 278.759735107422 278.928833007812 279.350860595703 279.210845947266 279.455657958984 279.649932861328 279.572357177734 278.964813232422 277.892425537109 277.621856689453 278.592956542969 279.329772949219 278.899169921875 278.379974365234 279.072814941406 279.621337890625 279.123901367188 278.004333496094 276.658935546875 275.569915771484 275.266784667969 275.835510253906 276.937561035156 278.713592529297 278.552307128906 277.009002685547 271.649993896484 271.754455566406 274.524566650391 275.135101318359 276.023590087891 278.207061767578 278.144409179688 276.882781982422
279.453399658203 279.471862792969 279.340667724609 279.184295654297 279.09619140625 279.059112548828 279.147125244141 279.413513183594 279.341949462891 277.796813964844 277.352294921875 277.85498046875 275.506561279297 275.402801513672 275.209838867188 276.262084960938 278.6328125 279.353881835938 279.421051025391 279.344818115234 279.600433349609 279.573577880859 279.406402587891 278.883972167969 278.695831298828 278.177337646484 278.303558349609 278.700805664062 278.449340820312 279.217041015625 279.258880615234 278.193359375 276.593078613281 275.987274169922 273.327178955078 272.952453613281 275.530456542969 277.026672363281 278.253265380859 278.546905517578 277.632507324219 271.743438720703 271.225402832031 273.477447509766 275.106475830078 275.720336914062 276.93212890625 277.741363525391 276.846649169922
279.012573242188 279.222839355469 279.6953125 279.408599853516 279.22314453125 279.138000488281 279.042572021484 279.087554931641 277.248809814453 274.115661621094 274.219207763672 274.505615234375 272.497650146484 271.434844970703 271.424255371094 273.151458740234 274.835479736328 276.785949707031 279.087677001953 279.402709960938 278.875152587891 278.994903564453 279.415435791016 279.45263671875 278.748199462891 277.586944580078 278.053314208984 278.785705566406 279.112579345703 277.219665527344 276.160797119141 278.096038818359 277.727294921875 277.134948730469 274.071685791016 273.557434082031 275.613311767578 276.591827392578 277.419403076172 278.0751953125 277.606567382812 269.940795898438 269.756896972656 272.401611328125 273.776275634766 274.948608398438 276.557678222656 277.561157226562 276.150756835938
278.879852294922 278.910095214844 279.427429199219 279.286529541016 279.255249023438 279.213348388672 279.174530029297 276.985778808594 273.721313476562 272.430206298828 273.019561767578 273.342529296875 272.488037109375 271.310211181641 271.237152099609 272.066131591797 272.366485595703 273.616882324219 278.648132324219 278.163299560547 277.757934570312 278.301788330078 279.018127441406 279.451721191406 278.022430419922 277.149047851562 278.184051513672 278.910491943359 279.285064697266 276.040557861328 274.245574951172 278.040863037109 278.933776855469 278.187133789062 276.305389404297 274.750457763672 275.015106201172 275.561950683594 276.596649169922 276.307556152344 274.735595703125 269.479309082031 267.755401611328 269.210357666016 271.330505371094 274.901245117188 276.984100341797 276.933624267578 275.582702636719
278.772888183594 279.07373046875 279.241851806641 279.214782714844 279.224975585938 279.203308105469 277.338562011719 273.890625 272.318450927734 272.242767333984 272.446105957031 273.002593994141 273.018981933594 272.305084228516 271.938140869141 272.119354248047 272.355163574219 272.648986816406 276.548492431641 277.572784423828 277.738647460938 278.775970458984 279.181091308594 278.997802734375 278.56005859375 278.345092773438 278.812713623047 279.299133300781 279.072509765625 276.661834716797 275.458618164062 277.894104003906 278.922698974609 278.491180419922 277.473846435547 276.506286621094 276.749359130859 275.178039550781 273.466827392578 273.641021728516 272.911804199219 268.346771240234 266.682464599609 267.020477294922 269.874084472656 275.740875244141 276.968444824219 275.643615722656 274.789123535156
278.615417480469 278.798431396484 279.046112060547 279.124176025391 279.220886230469 279.248077392578 278.346832275391 272.729949951172 272.370880126953 271.972229003906 271.870239257812 272.417846679688 272.808349609375 273.191436767578 273.213623046875 272.536895751953 272.092346191406 272.224853515625 275.615478515625 278.037078857422 277.919647216797 279.028533935547 279.006256103516 278.712524414062 278.560028076172 278.507354736328 278.690338134766 278.828155517578 278.861114501953 276.899139404297 274.378173828125 275.813690185547 278.858337402344 278.332397460938 276.770690917969 275.265960693359 275.135406494141 275.607543945312 274.159088134766 272.67724609375 273.099792480469 269.341125488281 268.804382324219 269.159088134766 272.160797119141 276.387084960938 277.101959228516 275.495788574219 274.884399414062
