rcp8.5models/GFDL_CM3/sc1gr2.31
NCOLS 261 
NROWS 433 
XLLCORNER 336357.134 
YLLCORNER 654653.479 
CELLSIZE 1000 
NODATA_value -3.4e+38 
[rows 242 to 263 of 433, columns 49 to 97 of 261]
374.398803710938 374.424560546875 374.796630859375 375.238525390625 375.056701660156 375.512786865234 375.531066894531 375.563171386719 375.804321289062 376.244110107422 376.027313232422 375.609649658203 375.617645263672 375.624267578125 375.629516601562 375.633422851562 375.539764404297 375.361755371094 376.052215576172 375.633758544922 375.630187988281 375.625457763672 375.834045410156 376.022979736328 375.604705810547 375.595703125 375.927490234375 376.233123779297 375.694396972656 376.001037597656 375.923370361328 375.299560546875 375.090850830078 375.473541259766 375.455963134766 375.777618408203 376.282653808594 375.793975830078 375.379455566406 375.358917236328 375.337951660156 374.684600830078 374.272613525391 374.250213623047 374.227600097656 374.204772949219 373.506195068359 371.069610595703 369.3671875
374.643585205078 374.461975097656 374.487884521484 374.512329101562 374.887298583984 375.322937011719 375.146881103516 375.612548828125 375.748687744141 375.988372802734 376.231384277344 376.316802978516 375.676422119141 375.684997558594 375.692260742188 375.698211669922 375.702850341797 375.706268310547 375.709381103516 375.928283691406 376.118499755859 375.705291748047 375.701690673828 375.697021484375 375.691314697266 375.6845703125 375.809020996094 375.919799804688 375.44677734375 375.636688232422 375.624450683594 375.611389160156 375.389526367188 375.187042236328 375.567687988281 375.551696777344 375.878082275391 376.379547119141 375.891174316406 375.481597900391 375.462707519531 375.423614501953 375.403472900391 375.041717529297 374.3623046875 374.341339111328 374.177612304688 373.395446777344 371.897674560547
374.451232910156 374.718841552734 374.939483642578 374.768798828125 375.340301513672 375.458984375 375.380401611328 375.635955810547 375.652496337891 375.667602539062 375.804046630859 375.920928955078 375.704498291016 375.940612792969 376.365173339844 376.145385742188 375.735015869141 375.739471435547 375.744720458984 375.874633789062 375.987152099609 375.962463378906 376.148529052734 375.737945556641 375.733367919922 375.727813720703 375.721252441406 375.713714599609 375.3583984375 375.287048339844 375.674621582031 375.662750244141 375.513427734375 375.376708984375 375.622467041016 375.814392089844 376.328582763672 376.370544433594 375.006225585938 373.781402587891 375.135833740234 375.487030029297 375.467895507812 375.306304931641 375.012634277344 374.991149902344 374.770690917969 374.026153564453 372.071441650391
375.143035888672 375.045379638672 374.974578857422 375.336761474609 375.574310302734 375.597534179688 375.619323730469 375.658508300781 375.675933837891 375.691955566406 375.706573486328 375.719818115234 375.96044921875 376.284698486328 376.3359375 376.632690429688 376.179595947266 375.771789550781 375.779205322266 375.781188964844 376.002532958984 376.539093017578 376.648803710938 376.400451660156 376.395141601562 376.388854980469 376.166168212891 375.543853759766 375.216918945312 375.479400634766 375.724029541016 375.713287353516 375.701782226562 375.689483642578 375.884887695312 376.40087890625 376.648345947266 376.287292480469 374.029022216797 372.454925537109 375.317047119141 375.549743652344 375.531616210938 375.513153076172 375.494323730469 375.275085449219 374.731140136719 374.292053222656 373.072540283203
375.049591064453 375.393951416016 375.329223632812 375.326721191406 374.926177978516 374.952575683594 375.214508056641 375.445190429688 375.043518066406 375.295593261719 375.730987548828 375.745178222656 375.883911132812 375.998962402344 375.907012939453 376.14892578125 376.256530761719 376.2138671875 376.221221923828 376.038360595703 376.577026367188 376.818695068359 376.818481445312 376.598297119141 376.412933349609 376.594482421875 376.056396484375 375.667114257812 375.544708251953 375.781311035156 375.772583007812 375.763031005859 375.752685546875 375.741577148438 375.868927001953 376.326782226562 376.703887939453 376.549377441406 375.151580810547 373.943084716797 375.644622802734 375.611755371094 375.594665527344 375.577178955078 375.559326171875 375.195922851562 374.723052978516 374.883605957031 374.141021728516
374.613494873047 374.853424072266 375.127716064453 375.221710205078 374.609680175781 374.634643554688 374.780242919922 374.920623779297 374.720123291016 375.097015380859 375.754455566406 375.769622802734 375.783447265625 375.795989990234 375.807281494141 375.817291259766 375.955383300781 376.068420410156 376.307525634766 376.387145996094 376.447967529297 376.632934570312 376.232086181641 376.320037841797 376.608703613281 376.499114990234 375.849334716797 376.061920166016 376.452789306641 376.0419921875 376.427398681641 376.417297363281 376.194671630859 376.003814697266 376.382385253906 376.509765625 376.758605957031 376.745849609375 376.241638183594 375.659210205078 376.294342041016 375.673065185547 375.860626220703 376.02197265625 375.623626708984 375.662963867188 375.693664550781 375.225128173828 374.4072265625
374.508636474609 374.540069580078 374.690307617188 374.810119628906 374.626007080078 374.651794433594 374.676177978516 374.720642089844 374.740783691406 374.885284423828 375.361694335938 375.793090820312 375.807891845703 375.821441650391 375.833709716797 375.615295410156 375.446014404297 375.863311767578 376.009155273438 376.345672607422 376.646881103516 376.756195068359 376.51513671875 376.649047851562 376.89306640625 376.537017822266 376.108734130859 376.63818359375 376.883728027344 376.405364990234 376.260528564453 376.255096435547 376.108978271484 376.195495605469 376.622711181641 376.435607910156 376.812561035156 376.800933837891 376.646057128906 374.230346679688 372.335601806641 376.320770263672 376.448852539062 376.354339599609 375.687225341797 376.019134521484 376.508270263672 375.667449951172 374.620666503906
374.520629882812 374.306182861328 374.15966796875 374.613250732422 374.641357421875 374.667999267578 374.693237304688 374.739471435547 374.760498046875 374.780181884766 374.925842285156 375.403076171875 375.831359863281 375.845886230469 375.859161376953 375.740814208984 375.649932861328 375.663208007812 375.504150390625 376.047790527344 376.293029785156 376.299255371094 376.527465820312 376.929504394531 376.930725097656 376.794311523438 376.682830810547 376.928680419922 376.708435058594 376.387115478516 376.304412841797 375.692932128906 375.297576904297 375.645568847656 376.355407714844 376.615386962891 376.865692138672 376.855224609375 376.844055175781 375.250915527344 372.506042480469 376.79345703125 376.574279785156 376.239868164062 376.128662109375 375.88134765625 376.139770507812 375.830780029297 374.660705566406
373.857696533203 373.771789550781 373.965454101562 374.626770019531 374.655700683594 374.683227539062 374.709320068359 374.757293701172 374.779235839844 375.037902832031 375.468078613281 375.612762451172 375.853820800781 375.869323730469 376.116485595703 376.303314208984 375.677886962891 375.152709960938 374.897033691406 375.945343017578 375.951812744141 375.957244873047 376.321655273438 376.965026855469 376.967437744141 376.968902587891 376.969421386719 376.968994140625 376.609893798828 376.102355957031 376.211883544922 375.812622070312 375.550598144531 375.898071289062 375.186218261719 374.228179931641 376.917999267578 376.90869140625 376.898681640625 376.888031005859 376.007171630859 373.814178466797 376.693450927734 376.350891113281 376.083374023438 375.797943115234 375.986389160156 376.346038818359 375.682769775391
373.541625976562 373.575531005859 373.731079101562 373.972778320312 374.250946044922 374.697418212891 374.724395751953 375.187713623047 375.037353515625 375.597625732422 375.838623046875 375.857574462891 375.875274658203 375.891754150391 376.038696289062 376.151000976562 375.801422119141 375.580047607422 375.495544433594 375.975280761719 375.982879638672 375.989440917969 376.131805419922 376.603637695312 377.003204345703 377.005828857422 377.007537841797 377.008331298828 376.648651123047 376.223266601562 376.608276367188 376.386779785156 376.210083007812 376.518218994141 375.382568359375 374.778137207031 376.969451904297 376.961303710938 376.952484130859 376.733276367188 376.552612304688 373.770660400391 375.76513671875 376.739288330078 376.250122070312 375.8603515625 375.994964599609 376.255187988281 376.093231201172
373.550537109375 373.585296630859 373.618682861328 373.899322509766 374.470458984375 374.710601806641 374.738403320312 375.249908447266 375.594787597656 375.595306396484 375.448425292969 375.876983642578 375.895660400391 375.913146972656 375.929473876953 375.944641113281 375.958740234375 375.971710205078 375.994415283203 376.004180908203 376.012939453125 376.020660400391 376.027374267578 376.171325683594 376.644348144531 377.041778564453 377.044708251953 377.046722412109 376.907104492188 376.796142578125 377.0458984375 376.900970458984 376.569091796875 376.508239746094 376.630249023438 376.553741455078 376.637786865234 377.225219726562 377.386108398438 376.851043701172 376.723419189453 376.259643554688 376.153167724609 376.946166992188 376.785980224609 376.296691894531 375.909301757812 376.100006103516 376.255340576172
373.558410644531 373.593963623047 373.628234863281 374.036682128906 374.692626953125 374.722717285156 374.751342773438 375.343658447266 375.176971435547 375.314056396484 375.412384033203 375.249664306641 375.510040283203 375.933441162109 375.950775146484 375.967010498047 375.982147216797 375.996185302734 376.021118164062 376.032043457031 375.812683105469 375.655822753906 376.058746337891 376.2919921875 376.603454589844 376.685424804688 377.080871582031 377.084106445312 377.08642578125 376.868682861328 376.702209472656 377.087127685547 376.941345214844 376.82666015625 377.079010009766 376.929565429688 376.810180664062 377.422943115234 377.911071777344 377.429077148438 377.042510986328 376.815979003906 375.806610107422 375.5048828125 376.994232177734 376.627563476562 375.97119140625 376.109130859375 376.424560546875
373.148010253906 373.601593017578 373.636688232422 374.048309326172 374.702789306641 374.733703613281 374.76318359375 375.442687988281 374.843505859375 374.998901367188 375.353515625 375.557739257812 375.709320068359 375.95263671875 375.970977783203 375.98828125 376.239959716797 376.417938232422 376.279113769531 376.454254150391 375.931579589844 375.841674804688 376.089019775391 376.237060546875 376.346771240234 376.476989746094 376.891540527344 376.732299804688 376.901458740234 376.37890625 376.493194580078 377.129730224609 377.129058837891 377.127593994141 377.341674804688 377.287475585938 376.738616943359 377.474548339844 377.895721435547 377.365386962891 376.884735107422 376.932067871094 375.999633789062 373.949859619141 374.067230224609 376.686279296875 376.032379150391 376.021179199219 376.160736083984
373.575225830078 373.869934082031 374.061401367188 373.685577392578 373.719635009766 374.00390625 374.190521240234 374.188537597656 374.085540771484 374.273590087891 374.919738769531 375.077728271484 375.565979003906 375.746459960938 375.369903564453 375.391326904297 375.649536132812 376.200897216797 376.233673095703 376.343536376953 376.122436523438 376.366333007812 376.536163330078 376.156921386719 376.166564941406 376.17529296875 376.18310546875 376.559112548828 376.971618652344 377.205688476562 377.209197998047 377.211883544922 377.213745117188 377.214782714844 377.215026855469 377.214477539062 376.848907470703 376.574920654297 377.571624755859 377.841857910156 377.050994873047 376.340118408203 376.660552978516 376.607299804688 376.631744384766 377.161071777344 376.793182373047 376.143280029297 376.133666992188
373.578460693359 373.745269775391 373.860137939453 373.691375732422 373.472045898438 373.483978271484 374.003173828125 373.851593017578 373.879699707031 373.793640136719 373.885894775391 374.557708740234 375.116546630859 375.22705078125 375.024749755859 375.285278320312 375.597503662109 375.451477050781 375.725067138672 375.897888183594 375.756896972656 376.302093505859 376.411529541016 376.185119628906 376.425415039062 376.591766357422 376.442443847656 376.751770019531 376.476867675781 376.860931396484 377.247436523438 377.251403808594 377.254516601562 377.2568359375 377.477294921875 377.636169433594 377.110321044922 376.999237060547 377.406158447266 377.515716552734 377.251312255859 377.039306640625 376.709686279297 375.909515380859 375.597991943359 375.002044677734 376.850616455078 375.995910644531 375.826965332031
373.580474853516 373.620147705078 373.400482177734 373.289184570312 373.600677490234 373.556457519531 373.798614501953 373.860260009766 373.889282226562 374.030517578125 374.123962402344 374.3515625 374.749572753906 374.378356933594 374.645324707031 375.200317382812 375.550140380859 375.733123779297 375.27880859375 375.388214111328 375.546905517578 376.185302734375 376.199188232422 376.212158203125 376.368072509766 376.706726074219 377.002655029297 377.110015869141 376.645874023438 376.649627685547 377.284576416016 377.289825439453 377.072601318359 376.699768066406 377.072784423828 377.558776855469 377.085906982422 376.929901123047 377.304046630859 377.302978515625 377.301177978516 377.659912109375 377.259368896484 375.964508056641 376.097595214844 375.871154785156 377.275054931641 375.692749023438 374.834838867188
373.581207275391 373.621643066406 373.530395507812 373.493225097656 373.735534667969 373.770629882812 373.549835205078 374.119567871094 374.296630859375 374.311676025391 374.817749023438 374.761108398438 374.622955322266 374.031066894531 374.193450927734 374.684722900391 375.238800048828 375.488647460938 375.784851074219 375.800720214844 375.72265625 375.822326660156 375.990264892578 375.853332519531 376.251373291016 376.408996582031 376.893157958984 377.286163330078 376.922088623047 376.460723876953 376.942230224609 377.103668212891 376.584747314453 376.559387207031 376.866821289062 376.970489501953 376.978576660156 376.718048095703 377.350402832031 377.3505859375 377.350036621094 377.499206542969 377.243743896484 376.705627441406 377.336547851562 377.69580078125 377.599578857422 375.803314208984 374.887542724609
372.504913330078 373.216735839844 373.400909423828 373.297515869141 373.738006591797 373.773956298828 373.67431640625 374.009185791016 374.119232177734 374.321807861328 374.713623046875 374.59619140625 374.631805419922 374.043060302734 374.067718505859 374.475219726562 375.114135742188 375.135894775391 375.550170898438 375.571136474609 375.447662353516 375.375 375.483978271484 375.641326904297 376.277313232422 376.5224609375 376.831298828125 376.935729980469 376.951324462891 375.213256835938 376.504211425781 376.613464355469 376.370391845703 376.748992919922 377.010162353516 376.537322998047 376.646850585938 376.763671875 377.395721435547 377.614135742188 377.768035888672 377.397125244141 377.242095947266 377.340118408203 376.698608398438 375.920562744141 377.653076171875 376.013702392578 375.164123535156
372.379028320312 373.015991210938 373.529022216797 373.496246337891 373.739074707031 373.77587890625 373.811309814453 373.878448486328 373.910278320312 374.078674316406 374.187927246094 374.138275146484 374.247344970703 374.053802490234 374.079528808594 374.245483398438 374.496032714844 374.520935058594 375.194091796875 375.214263916016 375.233551025391 375.251983642578 375.26953125 375.666656494141 376.068542480469 376.083465576172 376.80419921875 376.871032714844 376.601257324219 375.638153076172 376.389251708984 376.623687744141 376.781158447266 376.788360595703 377.269866943359 377.020690917969 376.8037109375 376.588623046875 377.069610595703 377.595642089844 377.70556640625 377.446472167969 377.446228027344 377.599822998047 377.1484375 376.410949707031 377.186981201172 376.64306640625 375.428802490234
372.173248291016 372.750823974609 372.995452880859 373.037994384766 373.079223632812 373.378753662109 373.812774658203 373.881805419922 373.914642333984 373.946380615234 373.977111816406 374.257507324219 374.425994873047 373.815002441406 373.701293945312 374.115936279297 374.140869140625 373.921417236328 374.825714111328 375.231628417969 375.252105712891 375.271728515625 375.053833007812 375.310180664062 375.943786621094 375.722869873047 376.27294921875 376.236755371094 376.385467529297 376.410491943359 376.421783447266 376.5830078125 376.6923828125 376.602325439453 376.86376953125 377.094940185547 377.098541259766 376.698577880859 377.225067138672 377.487121582031 377.490447998047 377.861450195312 377.495788574219 377.710174560547 378.229370117188 377.545654296875 376.285125732422 376.759948730469 375.334350585938
371.7041015625 371.948394775391 371.992828369141 372.299713134766 372.737243652344 372.912017822266 373.158264160156 373.883880615234 373.661956787109 373.558898925781 373.982116699219 374.153533935547 374.512420654297 374.317626953125 373.877105712891 374.126251220703 374.152282714844 374.033386230469 374.612518310547 375.247680664062 375.269378662109 375.051391601562 374.783111572266 375.240417480469 375.821197509766 376.125854492188 376.232879638672 376.155670166016 376.412811279297 376.211334228516 375.851654052734 376.092224121094 376.475891113281 376.711151123047 376.866088867188 376.880249023438 377.13623046875 376.672607421875 377.156982421875 377.530426025391 377.535064697266 377.655364990234 377.693603515625 377.122650146484 377.39111328125 376.924255371094 376.490264892578 376.695831298828 374.920227050781
371.565521240234 371.609405517578 371.652191162109 371.829742431641 372.339233398438 372.773681640625 372.811798095703 373.492980957031 373.522583007812 373.093444824219 373.596801757812 374.017547607422 374.190551757812 374.298400878906 374.107177734375 374.135223388672 374.162414550781 374.188690185547 374.766357421875 374.639404296875 374.905242919922 374.919982910156 374.715362548828 375.349029541016 375.517578125 376.011047363281 376.405364990234 376.422515869141 376.438873291016 376.317596435547 375.855194091797 375.648620605469 376.137847900391 376.673278808594 376.782989501953 376.918640136719 377.172729492188 376.558258056641 376.941772460938 377.352447509766 377.212829589844 376.318603515625 376.321166992188 375.867767333984 376.811309814453 376.746551513672 376.394561767578 376.709747314453 374.164154052734
