rcp8.5models/GFDL_CM3/sc1gr7.4
NCOLS 261 
NROWS 433 
XLLCORNER 336357.134 
YLLCORNER 654653.479 
CELLSIZE 1000 
NODATA_value -9999 
[rows 242 to 263 of 433, columns 100 to 149 of 261]
117.682822779974 117.14517302457 116.910100414635 116.62814306337 116.315203570402 -9999 115.917963288098 115.663945422772 115.345699206972 115.161802537866 115.000024532753 114.723708609328 114.296324784639 114.254016864332 113.883800736009 112.660974586321 112.127368743155 111.668497144006 111.280005292515 111.151097581166 111.26810261652 110.970308159139 110.427564913482 109.941935148599 110.73725635363 -9999 109.661462963633 108.948001149943 108.247780700517 107.787226193922 107.557884195378 106.943972992117 106.390305222824 106.063357887517 105.31549466958 104.456694008906 103.645913245494 103.015581088757 102.846064912801 102.903572714935 102.425480219749 101.586964694486 101.092894624289 100.642293070022 100.273628975913 99.9557851216489 99.4235737763051 99.3197243310231 99.4049727472127 99.5080171384189
117.054926615609 116.513949297056 116.265757339627 116.00044268453 115.831933382265 115.721060952594 115.423032297867 115.088654549219 114.941543009046 114.785954345958 114.549940092002 114.442143295947 114.268508619373 114.090575213475 113.468275032012 112.532432056164 111.911240920209 111.347433836374 111.230766275059 111.176600058847 111.280210546205 110.859564690112 110.335365011191 110.388776785422 110.148254137606 109.993217064136 109.546426002967 108.733800869723 108.160285987414 107.036638852394 105.601305177893 105.366374294519 105.720995138152 106.00522136134 105.470609482908 104.364381318404 103.494757150533 103.213170069004 102.876609392167 102.55754174359 102.04766274798 102.035158069171 101.434682151617 100.79063618287 100.429840233329 100.118148242144 99.6251351368757 99.5153319228669 99.3679519229927 99.3573264693044
116.682781004003 116.203144942942 116.010674768416 115.712478246076 115.599432783554 115.495137532404 115.242290373764 114.871122686379 114.794452520329 114.66018482018 114.474875426904 114.331682629811 114.181120232049 113.845757784228 112.915054534174 110.764306617255 109.298677499295 109.136472602579 111.192458748362 111.338027256747 111.256747721638 110.71893270011 110.389069575991 110.661414155125 110.23500238896 109.919445406991 109.400618759372 108.601421104676 107.858581389588 106.932496896529 105.36272124401 103.981411631103 104.539888015352 105.873148426614 105.347329906734 104.048410727095 103.087831229376 103.283399012834 102.983045213177 102.520001035008 101.837766257413 101.887208678018 101.526145377536 100.887664082205 100.516839910209 100.172688058169 99.7115919941941 99.5851214630326 99.367222168399 99.259250596672
116.316398410552 116.024123117103 115.883643421349 115.506697355423 115.422061819113 115.293746675325 115.02770050732 114.651597006075 114.538437738526 114.412088030915 114.303192716777 114.200340528652 113.846348477906 113.527717625826 112.217020635799 107.897865736606 104.287336892319 105.508184865291 110.754039258765 111.389859081229 111.112339307061 110.383275471737 110.058970475798 110.69913201791 110.229833335636 109.722789413175 109.276808949387 108.5381727255 107.414493818556 105.950681362891 104.714508341215 103.509620915153 103.60545007194 104.760036863332 104.488814848974 103.728404676236 103.140705057608 103.358629216619 103.054337881113 102.51432579982 101.686378995094 101.58271931861 101.513276963553 101.020090018796 100.577462972662 100.250998735737 99.7694984140621 99.6431358090668 99.3754736061385 99.1156413287645
115.979746486522 115.723808442865 115.596223245348 115.240721149716 115.195485499412 115.016607410461 114.691864801626 114.447894054472 114.250364778826 114.060623213764 114.041489490237 114.06606439192 113.185391109941 113.033816973878 112.943299688267 108.138410462097 101.538609603736 103.537830092107 109.468924385358 110.912093955181 110.846454585401 109.845864955162 109.519106432264 110.483617264866 109.990166788468 109.507085737197 109.016697698046 107.897713891283 106.469249608093 103.914643114989 102.054421485268 101.796670051242 101.551411350854 102.072022394935 102.421655229084 103.030673634185 102.821361183068 103.135393694634 103.080350904004 102.465705730382 101.539282929896 101.302894581828 101.411692782082 100.962304175624 100.569601439225 100.261480413346 99.8533086738883 99.656733258302 99.3827459289726 98.993901807674
115.553241840003 115.256439481602 115.102150387153 114.887814579855 114.813772344921 114.722667868795 114.443883525059 114.229054718662 113.924513225384 113.737656393742 113.80721385422 113.867546417148 113.369491101313 113.184440593544 113.326701138282 108.755297746525 101.918504137589 105.552482997985 110.174402211994 110.766021421602 110.559592693289 109.819308741495 109.797584405729 110.248472887118 109.630124610386 109.337051202546 108.882012091443 107.691764124869 105.906197431153 103.33050271699 101.471687471536 101.500711608562 102.002090943427 100.175387727055 100.85573332072 102.622454796573 102.708160739949 103.108305428383 102.978388187079 102.477993515647 101.514476284336 100.876166036503 101.099844886541 100.944179617292 100.661880347405 100.340797783523 99.9059002243278 99.6508795326941 99.3827338916735 99.0534317252687
115.077916487529 114.739972448608 114.570775277167 114.485620445264 114.468329076157 114.41048481246 114.148318074071 113.9072479139 113.669617700546 113.560502813101 113.613696398965 113.525751418665 113.422019399899 113.263618030277 112.929741958963 108.945838672169 103.520586749435 107.282184065332 110.949851554815 111.131905819449 110.749882045819 110.243689652558 110.272444399046 110.083125479514 109.630838628155 109.344523422085 108.952691232287 108.015839299518 105.511045113787 102.065719918093 100.708330286758 101.506342834746 102.753764703044 100.069285845914 101.116466916967 103.139593608086 103.254806987813 103.158714407906 102.679813971916 102.252924768823 101.467404874031 100.535933988783 100.86868524543 101.027602842912 100.724185270782 100.431181557375 99.8686567963681 99.6630356254956 99.4141365655884 99.2192995237481
114.708118267365 114.921163083363 114.272513900947 114.115907711403 114.104929280728 114.065343647121 113.959546886239 113.571074889739 113.394129708039 113.336732439244 113.314886026365 113.15597040366 113.07239705871 112.734362294024 112.749622788561 110.704322305912 105.943179429176 106.648881936266 110.427834412377 111.101071180957 110.801150945144 110.266064377839 110.136622534722 109.989867041482 109.677180261452 109.345245505578 108.938084571976 107.765958379441 104.841576159119 101.535442717013 100.048200649074 100.251479060053 101.05100444822 101.441213513304 102.7865949562 103.403634213068 102.902323875339 102.612163450366 102.039412359545 101.576791888024 101.092153326608 100.399274651362 100.741464676582 100.963273709078 100.672792934461 100.428296317982 99.9233707818043 99.7110293562288 99.3515360523788 98.9316372469461
114.505223533701 115.010757993949 113.989609392391 113.813518785144 113.806083004368 113.87556899711 113.741751002821 113.334201545686 113.16141801028 113.01565439112 112.981168017161 112.954237505454 112.931923664565 112.833056166212 112.934306317147 111.986581260218 109.245655451955 109.201309027422 111.038596710505 110.972239322772 110.420580691487 110.345161134772 110.431309552003 110.226168181314 109.684129955168 109.111341678994 108.378514480529 107.332150574752 104.989075842325 102.861524073747 101.684873078648 100.325836691982 100.062073390885 102.402892671407 103.127654871878 102.847756082193 102.022995010897 102.003419680409 101.509663173554 100.926413756013 100.663221036576 100.128265088008 100.479866504177 100.899717617969 100.615759045196 100.423971547952 99.9809594718682 99.755575384748 99.3511383701362 98.5895983108931
114.000038965528 114.502750642731 113.678424571751 113.448662592622 113.57078333552 113.633038443365 113.260127124803 113.032801042076 112.927702238467 112.821419637785 112.883681603844 113.100795148208 112.597853496189 112.658189292809 112.84632936653 112.556791967797 111.341603925799 111.6505474662 111.541490596809 110.843908677066 109.92090564611 110.26532457574 110.491622868088 110.260683652788 109.589583480613 108.711346428766 107.223664738498 106.413258902537 105.019126127466 102.856652067633 100.949543484031 99.4619265582066 99.7014901320977 101.784137151797 101.453365352288 101.89448613503 101.370326367677 101.583502678884 101.247869930316 100.618540188416 100.400396794999 99.8474824645732 100.20323763874 100.793192710921 100.482958307747 100.400708832919 99.9263239423693 99.7192996370255 99.5066778888517 98.7424894753406
113.384556156954 113.614068328627 113.341766885026 113.076996422977 113.191712972004 113.225472388282 112.748179820944 112.676574353638 112.666073882668 112.595198254834 112.723858387187 113.147665130759 112.259092094169 112.286365159199 112.783453499013 112.279971360398 110.924927769919 111.451625294658 111.424577928817 110.703287521925 109.596293961721 109.814492048398 110.296757935423 110.089755226642 109.481027706453 108.635628002564 106.667410691868 105.278483314871 104.534156583143 102.313387260541 99.4933392437813 98.5543863454678 98.8844053762787 100.135890762134 100.602155874794 100.987144343311 100.585114464825 101.027177692395 100.852227683364 100.467335360052 100.105921306856 99.6260142476628 99.9419517410598 100.536165926983 100.173508234607 100.262760742595 99.821181889433 99.7376501420855 99.4309137229753 98.6490898908397
112.873308520035 112.847432875893 112.810829905556 112.711829103714 112.724485301116 112.72519550408 112.463453218895 112.403305281208 112.416992065711 112.334124527262 112.323030238729 112.827408901263 112.263437255118 112.355832964568 112.986114879074 111.861361594833 110.716697956853 111.38281046343 111.535941512082 110.262979946349 108.5494975339 109.59509543961 110.360308828251 110.158401170921 109.398619180202 108.876761208505 107.314103777226 105.591995421896 104.855098684819 102.426405595452 100.130218132806 98.7108791741285 99.3403583715665 100.506262723436 101.464925505851 99.4193412433937 99.760836032486 100.482612160704 100.485295911026 100.228575790915 99.8361172977212 99.5848444405594 99.8278151996084 100.576406356303 100.348304518366 100.333395901384 99.8522125360009 99.6592117247738 99.3868954469762 98.4099417726946
112.346476025546 112.345757872703 112.396615469344 -9999 112.308447601844 112.224553293911 112.196662589225 112.271076833987 112.271153025993 112.09299044582 111.999346390816 112.251026194343 112.40473779994 112.53925258831 112.312496559645 111.103942650333 111.083119319633 111.410606681361 111.744346423065 109.048836281957 105.650560727262 109.016569549882 110.54369887576 110.310253359424 109.388434055672 109.019795355531 107.906052217696 106.294664141362 105.36618865817 102.980738942454 101.806391805017 99.88382887527 98.9904394687674 100.240032647101 101.312164310825 99.0545486462057 99.8384326839881 100.455297761844 100.269852803842 99.8537977881241 99.7383793027837 100.158106163266 100.331571821645 100.716979358683 100.487281341674 100.337055666501 99.8909941733993 99.5929611901838 99.5130776382519 98.7718779383659
111.614396199854 111.609307873739 111.669226859242 -9999 111.613677662152 111.58413754209 111.705487702155 112.044682982437 112.192803767941 111.953656194251 111.818930058364 111.637817111257 112.265132626802 112.901187477416 112.776346579907 110.974252262003 107.878232094685 109.612077441091 111.274245368735 110.012820475043 107.778105676157 109.640090881814 110.603689678235 110.239458588987 109.341211884335 108.696721073203 108.391130897675 107.80402561279 106.593654306897 104.748238660847 103.292332287168 101.095125424343 98.8091324990526 98.8793111415618 102.475040972635 97.6606815946784 100.144930069411 99.3950449774528 98.0332393285729 98.8250375026523 100.141731615168 100.721187162589 100.025995690944 98.2960403690231 97.8318371805453 98.7470239716819 98.9296022967622 98.609033060199 98.7057385882459 97.9996267496845
111.115072871731 111.184684171682 111.278616846528 111.29008022681 111.320793376886 111.857102113286 112.197967495563 111.643722724765 112.042690196737 111.708427832137 111.583700287511 111.466334745119 112.0836356507 112.924082755773 112.717072218744 110.971071517547 108.363590013445 110.015858666102 111.479634582571 110.004995993607 107.621994119821 109.281266143658 110.609809747406 110.2469407538 109.141045873921 108.221024408578 108.144295880239 107.295181801029 106.004574572036 105.708049749005 103.513837590605 101.107792245038 98.8383845648843 97.7941037477557 100.101947042292 97.3208388906074 99.6333010907912 98.7668747747932 98.2520870698512 99.557105434931 100.73646435822 100.488918256985 99.2763503271217 97.7834680325611 97.3530918247047 98.0199394281791 98.5762199015667 97.8681437175768 98.3775962104078 97.5433978419166
110.749084547186 110.93129952322 110.984565442196 110.965347961754 110.996307060882 112.056408450698 112.865706371279 112.022458206334 112.940043038725 111.990553983315 111.383981818318 111.493212125567 111.439070508357 112.10400541094 112.685510741435 110.984473780538 108.065624825457 109.580615133123 111.251773422945 109.772472747808 107.318694837058 109.247420379117 110.76603069596 110.399483001242 109.192309048976 108.272321682458 108.099497382478 107.366285299751 105.809447207594 104.922431634162 103.470764502925 101.514401925127 99.1544661716485 96.7895127308585 97.8532778635798 96.8042252401334 98.6382666761774 97.9818801162157 99.3470250610735 100.6089356255 100.634185074692 99.0417157021619 98.2604563154621 97.5546222387516 97.2043596868265 97.6403860631258 97.9573243573787 97.0385884606311 97.3965265929082 97.29267310447
110.44161360777 110.569882322512 110.629688449392 110.70579744845 110.76638391806 111.936469675953 113.403714437074 112.407864689026 112.64587596559 112.755646342896 111.375574878234 111.499134109693 111.706626946159 111.424253556698 112.541864631856 110.733472006001 105.474494769477 104.763379668235 107.771107985251 106.844550796086 103.583999625839 107.55999901495 110.948610682011 110.445322945159 109.154825189765 108.380684756793 108.157854058869 107.544757242835 105.40760850285 102.948391964441 102.323212332782 99.96456825502 97.6269328799081 98.7387088759284 100.13040644725 96.1600618602545 97.4471487026185 97.1388126087556 98.9745466493701 99.9037604831607 99.5051132417598 97.5498703944476 96.9677836688348 97.2891279134444 96.8981661259821 96.8568274076791 96.551004663155 96.1935686843926 96.7941155883874 97.153079134663
110.287058836824 110.361820868671 110.383916134845 110.493369393317 110.543985182032 111.183114343524 112.332483968538 110.997633916575 110.340750172915 112.944600043803 111.167415023465 111.180588102276 112.731300783742 112.139802713624 112.754379639219 110.871493846118 103.573311851856 98.4036358103539 101.215219523089 101.84809514141 98.6488641071359 105.138373780842 110.946814237039 110.490983783796 109.171479321291 108.393445841466 108.169469193012 107.238842957896 104.446051187778 101.595348632574 101.293908900496 98.6187575927144 97.2300092007867 101.238124018833 101.376284570034 95.7525108036355 97.4100504703799 97.3289929097767 98.7523690147831 99.0511349332487 98.4989142268271 96.9573444564326 96.0452638890395 96.8204012597868 96.451861629159 96.2643838121348 95.4717974748949 95.3322709261477 95.9629164801236 96.2283194805279
110.24574615246 110.113634132777 110.160899781642 110.211710212108 110.31380108507 110.765919255871 111.38158028098 110.195959588129 109.985126607842 112.668990063926 110.892923743569 110.796115205801 112.748588357357 112.331590739913 111.295183395191 109.446523680067 104.208267616572 98.2637361424776 99.9932633260445 100.343723547647 99.0154431224739 106.089097719777 110.976100657557 110.531559883777 109.368052341035 108.292345041988 107.361929059272 106.705901805861 104.116032131166 99.6534756676684 98.135880218805 96.4424240836758 97.0204795769336 100.521408531873 100.426654296275 97.8728553445568 97.8467238049482 96.162186904915 97.9574107267294 98.6709553100532 97.7893703215918 96.4190500582938 95.534559559808 96.2426366762265 95.7997953125003 96.0948171732417 95.6237496206679 95.1160084614841 94.6631616347908 94.9719147082377
110.284648379128 109.856017347618 109.952914796181 110.038619031262 110.14618290891 110.645060193986 111.418841827143 111.407773557755 111.542934158411 111.667025185539 110.720860093764 110.600726739731 112.434106968774 112.807769402862 110.635190657585 106.920049882339 103.835864538763 101.127082197964 102.592321560049 103.265609393413 103.776981237739 109.602321477719 111.103406036639 110.586344438912 109.172982312621 107.537033983059 106.161867177253 105.646631106387 103.455613614069 97.8435073974955 94.2206175448143 94.9220770106664 98.311979591213 100.29581925749 100.211312678804 100.675512779502 98.6452898696235 95.2353914804506 97.5205873571212 98.0521740491359 97.0140139864067 96.6235864570569 98.8050024890244 99.7456399415449 98.0000564313673 95.9833336669054 95.8806603199405 95.3693525177075 94.6002375764415 95.5562895774734
110.19296465388 109.698172004956 109.908529367859 110.000364001819 110.033816117959 110.269579425857 111.354002770979 112.693908650313 112.248772095465 111.334596323723 110.890004140713 110.646717023529 113.044417565439 113.058712199473 110.910579683195 106.931498676001 103.987283804365 103.920136326197 106.30143753004 108.197735732305 108.326105485707 111.500101176898 111.141304306171 110.617205588421 108.879514592718 106.509259654842 105.396443040147 104.754193237254 102.288976206994 97.9097202590093 94.054778808558 96.5325899585901 99.0258456836649 100.827149752961 99.8435931379115 100.09250661205 99.5865274359403 95.1038709345225 95.5842694652985 96.1417578029699 96.6025195916185 96.3176206425589 99.835653831893 103.124445225332 100.352194843839 96.200631639165 95.33717922118 94.6640612951102 95.2972934494935 97.373803402053
109.828327754624 109.575611200969 109.763778920024 109.833998415876 109.898462530179 110.095496950761 110.702398863111 111.882113610816 112.373781101112 112.106662147388 110.711244193022 110.611643195695 111.41557355535 110.190558434568 108.904795843358 106.391957033759 105.620780155539 105.545023964007 107.594499006103 110.728800577729 111.046306749911 111.606711397984 111.159024263674 110.691850499447 109.043473623966 106.319992314798 103.669401343329 102.806908820859 100.645540045653 97.743742361189 95.1824740185172 96.2254005466124 95.7946309252208 99.0782947878797 99.6494822107258 97.0812794362892 99.4913868234978 97.8924203227472 96.5428742204386 94.80139956757 95.4567172597985 95.2699122238179 97.4618400029288 100.518182225801 97.6082257310356 95.6351775425628 94.5355283777751 94.1016308770874 96.0617978543285 97.4625624611492
