rcp8.5models/GFDL_CM3/sc1gr8.10
NCOLS 261 
NROWS 433 
XLLCORNER 336357.134 
YLLCORNER 654653.479 
CELLSIZE 1000 
NODATA_value -3.4e+38 
[rows 44 to 65 of 433, columns 49 to 97 of 261]
-3.4e+38 -3.4e+38 -3.4e+38 -3.4e+38 -3.4e+38 -3.4e+38 -3.4e+38 -3.4e+38 -3.4e+38 -3.4e+38 -3.4e+38 -3.4e+38 -3.4e+38 -3.4e+38 -3.4e+38 -3.4e+38 -3.4e+38 -3.4e+38 -3.4e+38 -3.4e+38 -3.4e+38 34.6376991271973 34.8391494750977 -3.4e+38 -3.4e+38 35.5322227478027 35.7805786132812 35.8885917663574 36.1104698181152 36.4070281982422 36.5440635681152 36.7760581970215 36.9229774475098 -3.4e+38 -3.4e+38 37.5980262756348 37.9171142578125 37.9947967529297 38.3153610229492 38.3929557800293 38.719654083252 39.1301040649414 39.2075805664062 39.6972389221191 39.8537483215332 40.2009811401367 40.2785949707031 40.6310005187988 40.708683013916
-3.4e+38 -3.4e+38 -3.4e+38 -3.4e+38 -3.4e+38 -3.4e+38 -3.4e+38 -3.4e+38 -3.4e+38 -3.4e+38 -3.4e+38 -3.4e+38 -3.4e+38 -3.4e+38 -3.4e+38 -3.4e+38 -3.4e+38 -3.4e+38 -3.4e+38 34.5440406799316 34.7504196166992 34.8831901550293 35.2449760437012 35.3331871032715 35.5056686401367 35.7359848022461 35.8744812011719 36.100341796875 36.2413635253906 36.6137962341309 -3.4e+38 37.1497383117676 -3.4e+38 37.5709838867188 37.8064613342285 37.9581680297852 38.1265525817871 38.2773895263672 38.5219917297363 38.6799278259277 39.0763206481934 39.3874969482422 39.7286529541016 39.8064308166504 40.1518859863281 40.2297058105469 40.581672668457 40.6595726013184 41.0177421569824
-3.4e+38 -3.4e+38 -3.4e+38 -3.4e+38 -3.4e+38 -3.4e+38 -3.4e+38 -3.4e+38 -3.4e+38 -3.4e+38 -3.4e+38 -3.4e+38 -3.4e+38 -3.4e+38 -3.4e+38 -3.4e+38 -3.4e+38 -3.4e+38 34.4651908874512 34.5440559387207 34.8146362304688 35.0359191894531 35.3884887695312 35.4747772216797 35.6887435913086 35.8266487121582 36.0520935058594 36.1925086975098 36.4209098815918 36.940299987793 37.1628189086914 37.4027976989746 37.5512008666992 37.6160087585449 37.9286041259766 38.0062828063965 38.2909049987793 38.3665390014648 38.6910743713379 38.9166679382324 39.3250923156738 39.5798187255859 39.7443542480469 39.999439239502 40.1671142578125 40.4255409240723 40.5964431762695 40.8583335876465 41.1842346191406
-3.4e+38 -3.4e+38 -3.4e+38 -3.4e+38 -3.4e+38 -3.4e+38 -3.4e+38 -3.4e+38 -3.4e+38 -3.4e+38 -3.4e+38 -3.4e+38 -3.4e+38 -3.4e+38 -3.4e+38 -3.4e+38 34.0774536132812 34.1567192077637 34.4904594421387 34.7067680358887 34.9814338684082 35.2768402099609 35.4194450378418 35.6415634155273 35.7788734436035 35.8372001647949 36.1254386901855 36.3717079162598 36.6583824157715 37.0961265563965 37.1797714233398 37.4851684570312 37.5631446838379 37.7957420349121 -3.4e+38 38.1886329650879 38.3430519104004 38.7347602844238 38.8988189697266 39.2173614501953 39.3805503845215 39.7584114074707 40.012508392334 40.1790466308594 40.436466217041 40.5341377258301 40.9455642700195 41.1189727783203 41.278133392334
-3.4e+38 -3.4e+38 -3.4e+38 -3.4e+38 -3.4e+38 -3.4e+38 -3.4e+38 -3.4e+38 -3.4e+38 -3.4e+38 -3.4e+38 -3.4e+38 33.5546836853027 33.8239593505859 33.871639251709 34.0661659240723 34.19287109375 34.4053421020508 34.7496223449707 34.947021484375 35.2306365966797 35.3726997375488 35.5944328308105 35.731143951416 35.7892646789551 36.0070457458496 36.1471748352051 36.5911712646484 36.745491027832 37.1216850280762 37.3564414978027 -3.4e+38 37.742374420166 37.8932952880859 38.134147644043 38.2879066467285 -3.4e+38 38.9121589660645 39.1625785827637 39.3223304748535 39.3937187194824 39.9891738891602 40.1550941467285 40.2298202514648 40.7292671203613 40.7714996337891 41.2048873901367 41.283992767334 41.5480270385742
-3.4e+38 -3.4e+38 -3.4e+38 -3.4e+38 -3.4e+38 -3.4e+38 -3.4e+38 -3.4e+38 -3.4e+38 -3.4e+38 -3.4e+38 33.308349609375 33.6935768127441 33.8483009338379 34.0566291809082 34.1829643249512 -3.4e+38 34.5238494873047 35.0322380065918 35.2754058837891 35.4121246337891 35.632884979248 35.7684135437012 35.7504234313965 35.9586753845215 36.2414016723633 36.3414001464844 36.6735763549805 36.9251174926758 37.3042526245117 37.4517593383789 37.6891098022461 37.8393783569336 -3.4e+38 38.3873634338379 -3.4e+38 -3.4e+38 38.928035736084 39.2573204040527 39.3354606628418 -3.4e+38 40.0908508300781 40.3179664611816 40.5762367248535 40.8217086791992 41.083423614502 41.2566528320312 41.5205955505371 41.698543548584
-3.4e+38 -3.4e+38 -3.4e+38 -3.4e+38 -3.4e+38 -3.4e+38 -3.4e+38 -3.4e+38 -3.4e+38 -3.4e+38 -3.4e+38 33.4842262268066 33.7703628540039 -3.4e+38 34.140266418457 34.3522529602051 34.4802513122559 34.695068359375 35.2670478820801 35.399715423584 35.4554138183594 35.7342834472656 35.8126335144043 35.9983367919922 36.2758865356445 36.3349952697754 36.5655479431152 36.6985473632812 37.0028190612793 37.3852157592773 37.635929107666 37.9305000305176 -3.4e+38 38.3884811401367 38.470874786377 -3.4e+38 38.8672218322754 39.1146659851074 39.2741851806641 39.5247993469238 39.687370300293 40.2552185058594 40.5893745422363 40.7594718933105 41.0200576782227 41.1923828125 41.4560813903809 41.6339530944824 42.047492980957
-3.4e+38 -3.4e+38 -3.4e+38 -3.4e+38 -3.4e+38 -3.4e+38 -3.4e+38 -3.4e+38 -3.4e+38 -3.4e+38 -3.4e+38 33.7137985229492 33.9634323120117 34.0975685119629 -3.4e+38 34.410285949707 34.4889907836914 34.8969192504883 35.3304710388184 35.4090347290039 35.621696472168 35.757080078125 35.9812965393066 36.261604309082 36.5635528564453 36.6086540222168 36.7293090820312 36.8852958679199 37.0228080749512 37.4794387817383 37.7246780395508 38.0821723937988 38.2621994018555 38.4104461669922 38.6543083190918 38.8101768493652 39.0571517944336 39.215991973877 39.4661140441895 39.6279907226562 39.8484115600586 40.345386505127 40.694637298584 40.9568901062012 41.1284713745117 41.3917999267578 -3.4e+38 41.982349395752 42.2400932312012
-3.4e+38 -3.4e+38 -3.4e+38 -3.4e+38 -3.4e+38 -3.4e+38 -3.4e+38 -3.4e+38 -3.4e+38 -3.4e+38 -3.4e+38 33.7767448425293 34.026496887207 34.1054000854492 34.3080215454102 34.4356803894043 34.7913970947266 34.9955749511719 35.3539428710938 35.5749206542969 35.7097053527832 35.9335632324219 36.2128753662109 36.3461227416992 36.6426277160645 36.7209053039551 36.9446983337402 37.0560150146484 37.2868118286133 37.5299263000488 37.9529685974121 38.311222076416 38.4357795715332 38.6766471862793 38.8313674926758 38.8261566162109 39.1504745483398 39.2290077209473 39.709545135498 39.7925910949707 40.1161918640137 40.5436363220215 40.7097816467285 -3.4e+38 -3.4e+38 41.501895904541 41.7326736450195 42.1705627441406 42.257926940918
-3.4e+38 -3.4e+38 -3.4e+38 -3.4e+38 -3.4e+38 -3.4e+38 -3.4e+38 -3.4e+38 -3.4e+38 -3.4e+38 -3.4e+38 -3.4e+38 34.0250625610352 34.2647438049316 34.3918190002441 34.746898651123 34.9500732421875 35.17578125 35.5281715393066 35.6623458862305 36.0272941589355 36.1809692382812 36.2967910766602 36.5232315063477 36.663459777832 36.8939743041992 37.0368461608887 37.0991744995117 37.401725769043 37.8554878234863 38.0795364379883 38.4033851623535 38.4816665649414 38.8017654418945 38.8801116943359 39.0881576538086 39.2447509765625 39.6408424377441 39.8776397705078 40.1330642700195 40.2975425720215 40.7228965759277 40.9815521240234 41.1525192260742 41.3422393798828 -3.4e+38 42.0811805725098 42.2610664367676 42.5287208557129
-3.4e+38 -3.4e+38 -3.4e+38 -3.4e+38 -3.4e+38 -3.4e+38 -3.4e+38 -3.4e+38 -3.4e+38 -3.4e+38 -3.4e+38 -3.4e+38 34.2213668823242 -3.4e+38 34.4000205993652 34.8581657409668 34.9661598205566 35.23779296875 35.5932807922363 35.6718139648438 36.1516342163086 36.2540664672852 36.4735450744629 36.6131439208984 36.8432922363281 36.9855270385742 37.0476455688477 37.2753601074219 37.421314239502 38.0249710083008 -3.4e+38 38.4214782714844 38.6648559570312 38.8194618225098 39.0659332275391 39.3688926696777 39.6242332458496 39.8545875549316 40.1097946166992 40.2736778259277 40.5298042297363 40.9562683105469 41.2744293212891 -3.4e+38 41.6738891601562 42.0156173706055 42.2319107055664 42.4994659423828 42.6796951293945
-3.4e+38 -3.4e+38 -3.4e+38 -3.4e+38 -3.4e+38 -3.4e+38 -3.4e+38 -3.4e+38 -3.4e+38 -3.4e+38 -3.4e+38 -3.4e+38 34.277473449707 34.4954223632812 34.7233581542969 34.903636932373 35.1296539306641 35.2610664367676 35.6160011291504 35.9808807373047 36.190372467041 36.423885345459 36.5628509521484 -3.4e+38 36.9177322387695 36.9961433410645 37.2233848571777 37.5114784240723 37.7596282958984 38.0407485961914 38.3549919128418 38.4333419799805 38.7534561157227 38.8318901062012 39.3028602600098 39.4560317993164 39.7910003662109 39.8697929382324 40.2081718444824 40.287109375 40.631721496582 41.2120018005371 41.5487022399902 41.627815246582 41.9875297546387 42.1636009216309 -3.4e+38 42.6119499206543 42.7007751464844
-3.4e+38 -3.4e+38 -3.4e+38 -3.4e+38 -3.4e+38 -3.4e+38 -3.4e+38 -3.4e+38 -3.4e+38 -3.4e+38 -3.4e+38 -3.4e+38 -3.4e+38 -3.4e+38 -3.4e+38 35.1448440551758 35.3010444641113 35.587345123291 -3.4e+38 36.1424179077148 36.3762397766113 36.5148963928223 36.7451133728027 36.8864059448242 37.2612953186035 37.4178276062012 37.5419578552246 37.7782402038574 37.9261512756348 38.3221054077148 38.5605430603027 -3.4e+38 39.1045875549316 39.3350448608398 39.5876274108887 39.7474708557129 40.0002136230469 40.1631736755371 40.4191017150879 40.5852432250977 40.8075294494629 41.5911026000977 41.671272277832 41.9368515014648 42.1127243041992 42.1983108520508 42.5633659362793 42.7991828918457 43.2397384643555
-3.4e+38 -3.4e+38 -3.4e+38 -3.4e+38 -3.4e+38 -3.4e+38 -3.4e+38 -3.4e+38 -3.4e+38 -3.4e+38 -3.4e+38 -3.4e+38 -3.4e+38 -3.4e+38 -3.4e+38 -3.4e+38 -3.4e+38 35.7620010375977 36.1902732849121 -3.4e+38 36.5504875183105 36.5325012207031 36.895450592041 37.1224136352539 37.493408203125 37.4999198913574 37.7242698669434 37.871509552002 38.1114349365234 38.5044593811035 38.8007392883301 39.0543060302734 39.2763061523438 39.5285873413086 39.6877288818359 39.9400367736816 40.1022872924805 40.1763916015625 40.6649780273438 40.7470779418945 41.0778388977051 41.6053199768066 41.8713912963867 42.1921501159668 42.1313247680664 42.5440406799316 42.7282257080078 43.0738868713379 43.2621765136719
-3.4e+38 -3.4e+38 -3.4e+38 -3.4e+38 -3.4e+38 -3.4e+38 -3.4e+38 -3.4e+38 -3.4e+38 -3.4e+38 -3.4e+38 -3.4e+38 -3.4e+38 -3.4e+38 -3.4e+38 -3.4e+38 -3.4e+38 -3.4e+38 36.2294692993164 36.516227722168 36.5943565368652 36.7859115600586 37.0959854125977 37.4041328430176 37.5529022216797 37.7563896179199 37.8997688293457 38.1388053894043 38.287712097168 38.8142509460449 39.1423187255859 39.300708770752 39.3707313537598 39.699878692627 39.9584159851074 40.1195068359375 40.5187797546387 40.5987434387207 40.755542755127 41.0903587341309 41.1851387023926 41.6199607849121 41.9807662963867 42.282283782959 42.2936782836914 42.7315063476562 42.8222236633301 43.187198638916 43.2830581665039
-3.4e+38 -3.4e+38 -3.4e+38 -3.4e+38 -3.4e+38 -3.4e+38 -3.4e+38 -3.4e+38 -3.4e+38 -3.4e+38 -3.4e+38 -3.4e+38 -3.4e+38 -3.4e+38 -3.4e+38 -3.4e+38 -3.4e+38 -3.4e+38 36.399486541748 36.5368232727051 36.7667694091797 37.0473327636719 37.3516426086426 37.4997940063477 37.735668182373 -3.4e+38 37.9459686279297 38.2563514709473 38.4770355224609 38.940055847168 -3.4e+38 39.3490524291992 39.5945053100586 40.076229095459 40.2449188232422 40.4988594055176 40.7317543029785 40.8087730407715 41.0289497375488 41.2337265014648 -3.4e+38 -3.4e+38 -3.4e+38 42.373046875 42.5687828063965 42.8245582580566 43.0948295593262 43.2824554443359 43.5548896789551
-3.4e+38 -3.4e+38 -3.4e+38 -3.4e+38 -3.4e+38 -3.4e+38 -3.4e+38 -3.4e+38 -3.4e+38 -3.4e+38 -3.4e+38 -3.4e+38 -3.4e+38 -3.4e+38 -3.4e+38 -3.4e+38 -3.4e+38 -3.4e+38 -3.4e+38 36.7160949707031 36.9956359863281 37.1277656555176 37.4312362670898 37.5095710754395 37.8131561279297 37.8916358947754 38.1256446838379 38.4161911010742 38.7305870056152 39.1320724487305 39.2868919372559 39.5357208251953 39.8368148803711 40.2454490661621 40.327522277832 40.6664543151855 40.746395111084 41.0028495788574 41.1704330444336 41.4320831298828 -3.4e+38 -3.4e+38 42.2323341369629 42.6121139526367 42.7561950683594 43.0643081665039 43.2508583068848 43.5270767211914 43.858528137207
-3.4e+38 -3.4e+38 -3.4e+38 -3.4e+38 -3.4e+38 -3.4e+38 -3.4e+38 -3.4e+38 -3.4e+38 -3.4e+38 -3.4e+38 -3.4e+38 -3.4e+38 -3.4e+38 -3.4e+38 -3.4e+38 -3.4e+38 -3.4e+38 36.495361328125 36.926628112793 37.0753898620605 37.3076095581055 37.4500465393066 37.6863708496094 -3.4e+38 38.0708808898926 38.3603324890137 38.6739234924316 38.8290252685547 39.2285346984863 39.4769744873047 39.7769088745117 40.1006240844727 40.2635345458984 40.3371887207031 40.6774826049805 40.9399108886719 41.1067504882812 41.5125694274902 41.6841354370117 -3.4e+38 -3.4e+38 42.3603134155273 42.7229537963867 42.8122520446777 43.1768608093262 43.2747535705566 43.788948059082 44.1379470825195
-3.4e+38 -3.4e+38 -3.4e+38 -3.4e+38 -3.4e+38 -3.4e+38 -3.4e+38 -3.4e+38 -3.4e+38 -3.4e+38 -3.4e+38 -3.4e+38 -3.4e+38 -3.4e+38 -3.4e+38 -3.4e+38 -3.4e+38 -3.4e+38 36.8216743469238 37.0162734985352 37.2548980712891 37.396656036377 37.6326522827148 -3.4e+38 38.1568832397461 38.3144454956055 38.6172828674316 38.7717628479004 38.8398628234863 39.2400207519531 39.56689453125 39.8547096252441 40.1958885192871 40.4566040039062 40.5334625244141 40.692741394043 41.0397987365723 41.1201286315918 41.6870536804199 41.7700080871582 -3.4e+38 42.2916603088379 42.5601959228516 42.7415046691895 43.0120239257812 43.2015075683594 43.6162376403809 43.8848304748535 44.2534713745117
-3.4e+38 -3.4e+38 -3.4e+38 -3.4e+38 -3.4e+38 -3.4e+38 -3.4e+38 -3.4e+38 -3.4e+38 -3.4e+38 -3.4e+38 -3.4e+38 -3.4e+38 -3.4e+38 -3.4e+38 -3.4e+38 -3.4e+38 -3.4e+38 36.9694175720215 37.2021980285645 37.3432693481445 37.5789489746094 37.7228050231934 -3.4e+38 -3.4e+38 38.389274597168 38.7813377380371 38.9637870788574 39.0333099365234 39.5682525634766 39.8086013793945 40.051643371582 40.2113914489746 40.5518569946289 40.6320533752441 40.7054748535156 41.0519561767578 41.2761421203613 41.7014923095703 41.7828254699707 42.0486717224121 42.4923133850098 42.6724586486816 42.9428291320801 43.1270523071289 43.3633575439453 43.8040008544922 43.9035682678223 44.272575378418
-3.4e+38 -3.4e+38 -3.4e+38 -3.4e+38 -3.4e+38 -3.4e+38 -3.4e+38 -3.4e+38 -3.4e+38 -3.4e+38 -3.4e+38 -3.4e+38 -3.4e+38 -3.4e+38 -3.4e+38 -3.4e+38 -3.4e+38 -3.4e+38 -3.4e+38 37.3765296936035 37.4383850097656 37.7394981384277 37.9575233459473 38.3340377807617 38.4168167114258 38.6535835266113 38.8372039794922 39.1279983520508 39.3461837768555 39.8168563842773 40.1063499450684 40.2311210632324 40.4842147827148 40.5692329406738 40.642505645752 40.899715423584 41.0668525695801 -3.4e+38 41.716178894043 41.9819374084473 42.156177520752 42.6016235351562 42.6918601989746 43.1974334716797 43.2898712158203 43.6362953186035 43.8274841308594 44.1027641296387 44.2989540100098
-3.4e+38 -3.4e+38 -3.4e+38 -3.4e+38 -3.4e+38 -3.4e+38 -3.4e+38 -3.4e+38 -3.4e+38 -3.4e+38 -3.4e+38 -3.4e+38 -3.4e+38 -3.4e+38 -3.4e+38 -3.4e+38 -3.4e+38 -3.4e+38 37.3649139404297 37.4201889038086 37.6497573852539 37.932544708252 38.240650177002 38.3912544250488 38.6330604553223 38.7821464538574 39.0269432067871 39.3198585510254 39.637882232666 40.0472946166992 40.2057037353516 40.4598083496094 40.6214027404785 40.8021621704102 40.917911529541 41.2239608764648 -3.4e+38 -3.4e+38 41.8065376281738 42.1653213500977 42.2473106384277 42.8380508422852 43.1081008911133 43.2880821228027 43.3842849731445 43.8238334655762 43.9229850769043 44.2917785644531 44.4016761779785
