rcp8.5models/GFDL_CM3/sc1gr5.8
NCOLS 261 
NROWS 433 
XLLCORNER 336357.134 
YLLCORNER 654653.479 
CELLSIZE 1000 
NODATA_value -3.4e+38 
[rows 286 to 307 of 433, columns 49 to 97 of 261]
289.108245849609 289.183258056641 289.214569091797 289.094146728516 289.230682373047 289.253601074219 289.27392578125 289.068237304688 288.570861816406 287.992340087891 288.075805664062 288.562622070312 288.988952636719 287.136871337891 285.185241699219 286.741882324219 287.782745361328 287.672607421875 288.115417480469 286.2578125 285.808959960938 287.487243652344 286.736022949219 285.996826171875 286.589202880859 285.030822753906 284.950469970703 287.323364257812 286.821136474609 284.480895996094 281.016845703125 281.325561523438 286.033813476562 285.331787109375 282.770385742188 281.131256103516 281.067260742188 282.820251464844 281.603637695312 279.455993652344 280.123413085938 280.056976318359 280.444580078125 280.664428710938 282.246520996094 282.944488525391 282.385925292969 280.324432373047 279.226409912109
289.180358886719 289.162414550781 289.09130859375 288.979736328125 289.017395019531 288.678741455078 288.500793457031 288.675537109375 288.691040039062 288.272094726562 288.309936523438 288.462554931641 288.937072753906 288.284637451172 287.475921630859 287.721343994141 287.655029296875 287.860748291016 287.480194091797 285.505615234375 284.461517333984 286.723602294922 285.996551513672 283.83935546875 283.345672607422 282.735992431641 284.770660400391 287.396697998047 286.033447265625 284.839477539062 281.439544677734 280.681671142578 285.027191162109 283.996887207031 281.241516113281 282.018310546875 282.764526367188 282.890930175781 281.315124511719 279.382659912109 278.070037841797 279.465698242188 280.647247314453 279.873321533203 280.145263671875 279.567108154297 277.521087646484 275.642059326172 274.958740234375
289.113830566406 289.33642578125 289.382965087891 289.067932128906 289.065368652344 288.618286132812 288.177795410156 288.160003662109 288.553009033203 288.528625488281 288.193817138672 288.142456054688 288.267425537109 288.393890380859 287.666320800781 287.15478515625 287.97509765625 288.502380371094 286.862640380859 285.691009521484 284.682220458984 286.026123046875 284.658721923828 281.188079833984 280.865997314453 283.183258056641 285.186370849609 285.454040527344 285.931976318359 284.180236816406 282.811218261719 282.366912841797 284.430419921875 284.263763427734 282.738159179688 282.689971923828 282.078796386719 282.334197998047 281.684967041016 279.920349121094 277.352508544922 278.213714599609 280.104614257812 279.988372802734 279.654113769531 277.727752685547 274.742156982422 273.349304199219 273.33984375
289.293792724609 289.017211914062 289.255706787109 289.332366943359 289.342132568359 289.183013916016 288.550476074219 287.954284667969 287.9736328125 288.146759033203 288.015319824219 287.851867675781 287.811737060547 288.22705078125 287.772705078125 287.39892578125 288.410766601562 288.855041503906 284.998992919922 284.778503417969 284.612243652344 286.107147216797 285.182830810547 281.231811523438 281.62109375 285.443084716797 285.863159179688 283.829437255859 283.427886962891 283.285980224609 282.977722167969 282.027038574219 283.194061279297 285.109985351562 283.488830566406 281.572723388672 280.76220703125 281.653594970703 280.996917724609 278.845733642578 276.888488769531 277.631530761719 279.590270996094 280.087921142578 279.487457275391 278.595550537109 277.198883056641 275.861938476562 274.820953369141
288.946899414062 288.594390869141 288.432373046875 288.564514160156 288.525939941406 288.297271728516 288.343688964844 288.139831542969 287.592376708984 287.301239013672 287.625 288.013610839844 288.091156005859 288.410430908203 288.760192871094 289.012329101562 288.871673583984 286.828033447266 285.03271484375 285.152404785156 285.773254394531 285.980804443359 285.949066162109 285.689453125 283.207092285156 282.960693359375 283.533020019531 283.933776855469 283.220489501953 281.533233642578 281.178955078125 283.372283935547 285.161163330078 286.086181640625 285.190734863281 283.796997070312 281.913818359375 281.286987304688 280.168914794922 279.091003417969 278.947540283203 276.825653076172 277.973327636719 279.587768554688 280.310180664062 279.51171875 276.611602783203 273.642974853516 272.314331054688
288.209991455078 288.17333984375 288.269134521484 288.348724365234 288.360412597656 288.409332275391 288.401062011719 288.384307861328 287.9755859375 287.500793457031 287.765106201172 288.243255615234 288.263824462891 288.443359375 288.680023193359 288.425354003906 288.520111083984 287.720825195312 285.328735351562 285.452850341797 286.063110351562 285.854858398438 285.947570800781 284.615661621094 280.883026123047 281.639312744141 283.672119140625 283.135131835938 284.081878662109 280.22021484375 281.255279541016 283.150115966797 284.920745849609 285.702575683594 284.831573486328 285.243804931641 284.928771972656 284.849304199219 282.776489257812 281.380126953125 281.767333984375 275.165496826172 276.691040039062 278.846343994141 280.702087402344 280.094635009766 276.812866210938 270.908294677734 262.760620117188
288.00048828125 287.935424804688 287.982666015625 288.138732910156 288.170745849609 288.0810546875 288.224212646484 288.377777099609 288.235260009766 287.925079345703 287.873016357422 288.173126220703 288.192932128906 288.423828125 288.493774414062 287.788177490234 287.671691894531 287.864044189453 286.864624023438 286.900146484375 286.488800048828 284.888793945312 284.792755126953 284.116149902344 281.044403076172 281.360107421875 283.309722900391 283.818420410156 284.636199951172 281.8505859375 282.993255615234 285.630096435547 286.284057617188 286.670623779297 286.140686035156 286.143463134766 286.437164306641 286.438690185547 284.966247558594 285.214172363281 283.954833984375 273.753723144531 275.248870849609 277.941436767578 278.743774414062 279.356781005859 278.176879882812 270.558898925781 260.738555908203
288.241882324219 288.094421386719 288.029205322266 288.025238037109 287.966796875 288.301391601562 288.575561523438 288.427612304688 288.136657714844 287.589294433594 287.657836914062 288.040435791016 288.069427490234 288.272491455078 288.182891845703 287.712432861328 287.445770263672 287.732177734375 286.131561279297 286.352264404297 286.664215087891 284.896667480469 284.337097167969 284.265594482422 281.697967529297 280.008422851562 281.240997314453 282.902770996094 282.081695556641 281.601684570312 280.369812011719 284.581878662109 284.432983398438 284.23046875 284.696014404297 283.955200195312 284.196624755859 284.192657470703 282.755615234375 283.507934570312 283.567779541016 276.601379394531 275.875366210938 278.991943359375 279.223510742188 278.704345703125 278.939086914062 273.599731445312 268.416442871094
288.572357177734 288.336578369141 288.245727539062 287.946838378906 287.785369873047 288.115783691406 288.319885253906 288.346771240234 287.987182617188 287.763519287109 288.047454833984 288.162384033203 288.359893798828 288.335083007812 288.012084960938 287.988128662109 287.510345458984 287.214935302734 286.251922607422 286.512481689453 286.680206298828 285.486633300781 283.55029296875 283.509155273438 282.842407226562 279.98046875 279.317504882812 279.779449462891 280.179534912109 280.968292236328 280.149261474609 281.201568603516 282.061126708984 283.127136230469 283.301544189453 283.449584960938 284.737030029297 283.323974609375 279.851898193359 277.997283935547 280.541290283203 278.539764404297 279.3701171875 280.361877441406 281.799346923828 280.168090820312 279.534088134766 278.763885498047 277.514099121094
288.457366943359 288.416015625 288.223785400391 288.0595703125 288.254577636719 288.163238525391 287.830322265625 287.581512451172 287.867095947266 288.2109375 288.234161376953 288.134765625 288.294372558594 288.201843261719 287.798126220703 287.564575195312 287.210693359375 287.100219726562 285.483734130859 285.452453613281 286.667266845703 285.237213134766 284.241607666016 285.084808349609 283.162689208984 280.372406005859 279.296691894531 278.253662109375 279.153747558594 278.992126464844 280.549652099609 280.701385498047 282.551086425781 284.110992431641 282.685913085938 283.005340576172 285.69970703125 282.580078125 277.730438232422 274.965759277344 277.851654052734 275.656799316406 277.182769775391 279.271362304688 280.845611572266 278.558837890625 276.713317871094 277.600128173828 278.020233154297
288.502899169922 288.511169433594 288.640686035156 288.676483154297 288.561889648438 288.138977050781 287.917388916016 286.969665527344 287.449493408203 288.062377929688 288.162750244141 288.068664550781 288.086822509766 288.056091308594 287.841400146484 287.667419433594 287.403625488281 287.115753173828 285.637603759766 285.254699707031 286.439971923828 286.195007324219 286.56298828125 285.675689697266 281.979034423828 280.552368164062 280.390991210938 278.320373535156 276.800048828125 276.584075927734 279.632446289062 280.725982666016 282.383941650391 283.430908203125 283.054931640625 283.376678466797 285.332733154297 281.854797363281 276.107940673828 275.102630615234 275.980499267578 272.814086914062 272.46044921875 275.822204589844 277.767852783203 276.342498779297 274.312896728516 272.958282470703 272.619171142578
288.317779541016 287.810729980469 288.024261474609 288.321258544922 287.866943359375 287.390869140625 287.392974853516 286.945495605469 287.493530273438 288.013977050781 287.849273681641 287.838439941406 287.955474853516 287.883483886719 287.952087402344 287.655334472656 287.199951171875 286.729156494141 286.571136474609 286.558074951172 286.453002929688 285.777221679688 285.279174804688 283.877807617188 282.632446289062 282.559783935547 281.393890380859 278.959930419922 277.154479980469 276.770324707031 279.572479248047 281.0322265625 281.377532958984 282.207275390625 284.240966796875 285.5693359375 284.882415771484 279.404205322266 273.444732666016 274.299133300781 276.723114013672 272.586181640625 271.466522216797 272.064422607422 274.837829589844 276.565338134766 274.989196777344 272.495147705078 271.284820556641
287.454162597656 287.231567382812 287.443908691406 287.585815429688 287.355682373047 287.49609375 287.413726806641 287.336975097656 287.429260253906 287.964538574219 287.761779785156 287.56103515625 287.470367431641 287.3681640625 287.476593017578 287.249542236328 286.928802490234 286.628356933594 286.534606933594 286.975433349609 286.78759765625 284.816436767578 282.464965820312 281.03857421875 280.958190917969 281.828063964844 280.720611572266 278.943420410156 279.331207275391 278.216400146484 278.522216796875 280.066680908203 281.785369873047 283.597991943359 285.619384765625 287.006652832031 284.450073242188 278.211120605469 274.889373779297 276.590393066406 280.369842529297 275.326965332031 274.000335693359 273.71484375 275.973846435547 277.131134033203 275.802978515625 273.124603271484 269.907592773438
287.118988037109 287.404907226562 287.546661376953 287.425659179688 287.338653564453 287.755950927734 287.931060791016 287.773101806641 287.732177734375 288.003143310547 287.763061523438 287.367279052734 287.154632568359 287.11328125 287.183502197266 287.155120849609 286.928314208984 286.625640869141 286.601593017578 286.992584228516 286.972961425781 284.597869873047 281.573608398438 280.398742675781 280.087219238281 280.926483154297 282.402526855469 282.060211181641 280.091918945312 280.101440429688 277.927825927734 279.849853515625 283.214477539062 283.920013427734 285.158264160156 287.361999511719 284.883483886719 280.48583984375 278.496643066406 277.055816650391 280.260620117188 278.288513183594 276.431701660156 274.399627685547 274.423370361328 274.618743896484 274.170959472656 274.190277099609 272.758453369141
287.086761474609 287.543823242188 287.842742919922 287.823211669922 287.632995605469 287.650268554688 287.934051513672 287.327178955078 287.347930908203 287.426147460938 287.352691650391 287.188354492188 287.114715576172 287.401458740234 287.454406738281 286.977508544922 286.761596679688 286.583740234375 287.158660888672 287.120971679688 287.051330566406 284.432098388672 282.174591064453 282.855590820312 283.759674072266 283.014221191406 281.866516113281 281.437835693359 279.119842529297 281.575256347656 279.002319335938 278.153961181641 280.551696777344 282.92529296875 284.972290039062 287.162994384766 285.425628662109 280.750396728516 277.893676757812 277.231079101562 280.136810302734 277.376556396484 275.465667724609 273.230560302734 270.866821289062 270.123046875 267.868438720703 265.004058837891 265.295135498047
287.073760986328 287.285491943359 287.449951171875 287.512908935547 287.934234619141 288.118530273438 288.052337646484 287.872192382812 287.419036865234 287.035766601562 286.950927734375 287.233276367188 287.399932861328 287.169799804688 287.004150390625 286.89697265625 286.795776367188 286.844177246094 287.514709472656 287.399780273438 287.226776123047 286.504791259766 285.446411132812 284.980590820312 285.239379882812 282.8271484375 282.010803222656 283.906585693359 282.500946044922 282.694366455078 283.3818359375 280.707183837891 278.531219482422 281.369537353516 286.350494384766 287.316375732422 284.020263671875 278.682342529297 277.552276611328 279.002136230469 279.7001953125 281.433135986328 276.93896484375 276.536254882812 277.218902587891 274.109252929688 269.429656982422 264.268707275391 254.73860168457
287.633728027344 287.603546142578 287.677215576172 287.916564941406 288.117370605469 287.711059570312 287.401336669922 287.759460449219 287.618438720703 287.015960693359 286.943786621094 287.015777587891 286.862854003906 286.588470458984 286.72802734375 286.981079101562 287.029357910156 287.176239013672 286.856079101562 286.671234130859 285.983093261719 284.619415283203 282.305603027344 281.471160888672 283.519958496094 283.952728271484 283.150665283203 283.284210205078 281.430267333984 279.961761474609 282.487670898438 282.323303222656 280.618682861328 284.386688232422 287.243499755859 286.890563964844 285.333221435547 279.783416748047 276.553894042969 281.529449462891 284.104125976562 285.29443359375 282.598571777344 281.512817382812 282.165863037109 281.531311035156 276.120574951172 271.386932373047 263.694458007812
287.8935546875 287.880859375 287.739990234375 287.499816894531 287.439575195312 287.277160644531 287.116088867188 287.280609130859 287.173797607422 286.945251464844 286.936584472656 287.008880615234 286.863708496094 286.437408447266 286.556518554688 286.924774169922 286.852172851562 286.799713134766 286.477203369141 286.204223632812 285.570159912109 282.949432373047 279.885833740234 279.582672119141 281.907958984375 283.749877929688 280.399993896484 277.738494873047 278.503509521484 279.700012207031 283.082672119141 283.133880615234 281.924255371094 285.921630859375 286.894256591797 286.118255615234 285.080902099609 283.024993896484 282.152496337891 283.506103515625 283.140472412109 284.010559082031 281.63232421875 274.719512939453 269.066131591797 268.984100341797 271.979949951172 268.662872314453 261.132141113281
287.857788085938 287.878997802734 287.780975341797 287.647613525391 287.660797119141 287.362274169922 287.086242675781 286.705535888672 286.316711425781 286.618133544922 285.908752441406 285.885559082031 286.762603759766 286.287841796875 286.195129394531 286.422729492188 286.505523681641 286.390441894531 286.104248046875 285.529052734375 285.386688232422 282.953155517578 279.602233886719 278.757843017578 280.619201660156 282.815948486328 280.242767333984 278.081695556641 279.285858154297 283.023284912109 285.806365966797 285.191284179688 284.736145019531 286.734649658203 286.727874755859 285.942749023438 285.709564208984 286.320251464844 284.813720703125 280.314331054688 278.888763427734 277.452789306641 275.517242431641 265.187896728516 254.561218261719 252.778625488281 260.901336669922 259.261047363281 251.908981323242
287.531799316406 287.842468261719 287.616943359375 287.265472412109 287.290466308594 287.155395507812 286.89013671875 286.505615234375 285.991333007812 285.961120605469 284.754241943359 284.906677246094 286.190643310547 285.742431640625 285.403717041016 285.709167480469 286.258880615234 286.240081787109 286.264038085938 285.276306152344 284.526031494141 284.294616699219 281.648284912109 279.451599121094 280.464508056641 281.021209716797 280.221038818359 279.180694580078 278.271118164062 282.699676513672 285.665649414062 286.547485351562 286.811553955078 287.309051513672 287.063079833984 286.740814208984 286.605499267578 285.786254882812 281.696624755859 276.759033203125 276.335601806641 273.499633789062 271.283660888672 263.85986328125 253.916381835938 252.978088378906 260.542572021484 260.103057861328 257.509368896484
286.758880615234 286.860534667969 286.527374267578 286.419219970703 286.306396484375 286.650512695312 286.897766113281 286.474060058594 285.962829589844 285.521484375 285.3994140625 285.879425048828 286.000579833984 285.836608886719 285.563629150391 285.653778076172 286.284759521484 286.305541992188 286.307373046875 285.610961914062 284.722930908203 284.892700195312 283.025756835938 280.208679199219 279.590942382812 279.290222167969 280.191284179688 278.896789550781 275.746551513672 280.089202880859 284.214813232422 286.899444580078 286.988830566406 287.330627441406 287.342224121094 286.959686279297 286.123565673828 284.157836914062 280.241638183594 276.300140380859 277.389282226562 277.801574707031 275.623992919922 273.069213867188 266.105377197266 262.865264892578 263.194641113281 260.757507324219 260.096832275391
286.378326416016 286.372680664062 286.097045898438 286.197235107422 286.344665527344 286.459655761719 286.369262695312 286.486236572266 286.605865478516 286.461791992188 286.405487060547 286.359680175781 286.108673095703 285.996856689453 285.622253417969 285.518188476562 286.040496826172 286.100219726562 286.279632568359 285.794647216797 285.381683349609 284.915344238281 283.945007324219 280.629364013672 278.517669677734 278.873107910156 278.608795166016 278.111480712891 277.396270751953 281.437927246094 284.508544921875 286.830780029297 286.590545654297 285.839202880859 285.713104248047 284.443267822266 283.433959960938 283.061492919922 281.263244628906 279.567260742188 280.612426757812 280.716400146484 281.073944091797 278.894012451172 270.389404296875 259.004028320312 250.489181518555 246.325119018555 245.205902099609
