rcp8.5models/GFDL_CM3/sc1gr10.26
NCOLS 261 
NROWS 433 
XLLCORNER 336357.134 
YLLCORNER 654653.479 
CELLSIZE 1000 
NODATA_value -3.4e+38 
[rows 352 to 373 of 433, columns 147 to 195 of 261]
591.358764648438 591.525939941406 568.229919433594 522.929809570312 513.809814453125 509.639556884766 505.538604736328 504.391052246094 504.010162353516 498.590667724609 501.424285888672 529.636840820312 545.776550292969 551.655212402344 526.363586425781 497.306518554688 492.653839111328 499.868530273438 496.039398193359 482.029541015625 475.676971435547 465.523712158203 469.877502441406 476.995635986328 468.822265625 447.710968017578 436.931060791016 432.122589111328 426.706695556641 422.383422851562 419.182006835938 416.674621582031 413.498748779297 405.233947753906 403.138214111328 401.443420410156 398.764404296875 395.358062744141 392.370758056641 388.448364257812 385.254211425781 382.725128173828 379.855224609375 377.753265380859 375.750274658203 371.753967285156 371.207794189453 370.474853515625 368.949859619141
600.448425292969 594.453186035156 565.360656738281 519.470581054688 511.441741943359 507.060729980469 503.689697265625 500.490661621094 497.939178466797 495.927215576172 495.942047119141 503.493316650391 514.251708984375 519.525695800781 503.097106933594 480.783966064453 477.401275634766 493.921234130859 513.966186523438 492.484466552734 458.598480224609 452.435791015625 459.339630126953 459.637176513672 456.890838623047 444.398986816406 433.953369140625 429.505126953125 425.339263916016 421.195861816406 416.969451904297 414.145111083984 410.718231201172 403.364227294922 401.971435546875 400.390380859375 397.4130859375 394.033233642578 391.029113769531 387.08837890625 383.760955810547 380.9189453125 378.135223388672 376.226196289062 373.958984375 370.146545410156 369.306427001953 368.646179199219 367.275024414062
604.016784667969 588.848571777344 550.234680175781 514.180847167969 509.296356201172 505.409454345703 501.535675048828 497.865478515625 494.928009033203 492.845794677734 491.031555175781 486.764526367188 486.506256103516 485.056488037109 480.277557373047 475.419494628906 470.69091796875 472.642517089844 486.000518798828 477.603515625 458.373718261719 448.483154296875 444.063751220703 442.214691162109 439.387725830078 433.708129882812 430.615905761719 426.744781494141 423.471496582031 419.886108398438 415.413146972656 411.736358642578 408.259643554688 401.453765869141 400.666717529297 398.846496582031 395.244140625 391.879638671875 389.0107421875 385.390899658203 382.295379638672 379.371826171875 376.349517822266 374.466217041016 372.373657226562 368.337921142578 367.699432373047 366.719207763672 365.166229248047
608.818542480469 591.27294921875 546.127014160156 512.007629394531 507.383972167969 503.911437988281 499.905578613281 495.752746582031 492.361907958984 490.064025878906 487.807586669922 483.637359619141 485.437530517578 489.570404052734 490.200897216797 488.815979003906 467.199920654297 461.345886230469 457.120208740234 459.688385009766 461.830749511719 446.163238525391 445.744445800781 444.260864257812 438.032836914062 430.73388671875 427.181884765625 423.789947509766 420.850830078125 417.641082763672 413.814086914062 409.566986083984 406.462158203125 399.676940917969 399.406463623047 398.415313720703 393.315246582031 390.227508544922 386.905120849609 383.569671630859 380.353179931641 377.320434570312 374.670501708984 372.297485351562 370.5966796875 366.580596923828 366.270874023438 366.020111083984 365.255584716797
616.004821777344 583.090637207031 530.697082519531 509.990173339844 505.582366943359 502.211700439453 499.382049560547 495.836486816406 491.5546875 488.194641113281 486.3515625 481.588226318359 486.173217773438 498.579467773438 497.201812744141 485.812866210938 466.195861816406 461.013702392578 455.567108154297 454.140075683594 453.500274658203 451.244262695312 451.936462402344 443.236175537109 438.376861572266 431.174011230469 424.499542236328 421.216979980469 418.287292480469 414.783996582031 411.843048095703 407.942108154297 404.292236328125 398.134918212891 397.731903076172 396.789672851562 391.287048339844 388.631683349609 385.039794921875 381.777923583984 378.388031005859 375.249725341797 373.142974853516 370.715576171875 368.813262939453 365.180023193359 364.318328857422 363.930755615234 363.115905761719
606.424682617188 544.426025390625 512.133972167969 507.725891113281 503.732330322266 501.292663574219 499.301177978516 496.429321289062 492.213500976562 488.540832519531 485.864013671875 477.947540283203 479.955108642578 487.284576416016 480.563171386719 467.318725585938 465.900146484375 460.818725585938 454.318176269531 448.648071289062 445.358520507812 452.792663574219 456.288879394531 438.239776611328 433.192962646484 431.131164550781 426.197357177734 419.359039306641 415.581787109375 412.688232421875 410.284973144531 406.080810546875 402.281494140625 396.290252685547 395.322357177734 393.356048583984 389.041564941406 386.523590087891 383.376708984375 380.769195556641 377.570465087891 374.055084228516 371.747283935547 369.473327636719 367.216796875 363.753692626953 362.251647949219 361.249481201172 360.289306640625
583.1875 517.422729492188 509.761169433594 505.97509765625 503.069519042969 500.723388671875 498.146301269531 494.675354003906 491.224273681641 487.506774902344 483.995574951172 474.062072753906 470.913330078125 467.734893798828 465.128082275391 464.103942871094 462.780914306641 458.640167236328 452.964630126953 447.037689208984 442.565490722656 444.094085693359 451.923583984375 436.435211181641 428.790985107422 428.1650390625 427.920623779297 417.349029541016 412.718353271484 410.893188476562 408.712860107422 404.39453125 400.991760253906 394.776336669922 393.590362548828 391.4189453125 387.677703857422 384.383026123047 381.689086914062 379.749542236328 376.886108398438 373.356872558594 370.814758300781 367.814483642578 365.351715087891 362.3193359375 361.068603515625 360.039886474609 359.133239746094
545.797912597656 513.206848144531 507.546295166016 504.534057617188 501.763488769531 498.098815917969 495.070739746094 491.872222900391 488.1982421875 484.715972900391 481.264617919922 471.254638671875 469.436218261719 466.581451416016 463.244110107422 461.663299560547 459.696075439453 455.736602783203 450.64794921875 445.475952148438 441.009643554688 438.397430419922 439.529144287109 430.591064453125 425.953308105469 424.545440673828 423.383880615234 415.042938232422 410.524566650391 409.049530029297 407.039031982422 403.205383300781 399.368743896484 393.241027832031 392.229858398438 390.24853515625 386.041931152344 382.40380859375 379.98779296875 378.763092041016 376.076141357422 372.194488525391 369.587677001953 366.501220703125 363.889739990234 360.825256347656 359.65673828125 358.169158935547 357.358123779297
514.745849609375 508.997741699219 505.000213623047 501.245056152344 497.779113769531 494.314270019531 491.136413574219 487.158721923828 482.631988525391 480.376800537109 477.473114013672 465.766479492188 463.311340332031 461.834045410156 460.432159423828 458.931762695312 455.844665527344 450.993041992188 -3.4e+38 442.052062988281 438.120971679688 -3.4e+38 426.331359863281 422.953063964844 420.383514404297 418.289093017578 414.467620849609 411.06982421875 407.345520019531 405.966888427734 402.277404785156 399.089721679688 395.776672363281 390.685363769531 388.838592529297 386.920196533203 382.172607421875 378.995544433594 376.662567138672 374.874481201172 372.760955810547 370.095581054688 366.415832519531 363.426727294922 361.023132324219 358.091552734375 356.054626464844 354.5888671875 -3.4e+38
-3.4e+38 507.050445556641 503.478454589844 500.168914794922 497.307189941406 493.186737060547 489.014190673828 484.336669921875 479.724060058594 476.8623046875 473.645294189453 463.165466308594 460.701019287109 458.924865722656 455.721527099609 455.042053222656 453.361938476562 449.560821533203 445.501220703125 441.618133544922 437.931854248047 433.217498779297 424.174346923828 420.669860839844 417.607849121094 415.378143310547 412.117919921875 407.694122314453 405.195404052734 403.849517822266 400.211608886719 397.010070800781 393.804870605469 389.089691162109 387.245056152344 385.450225830078 380.891479492188 377.278442382812 374.631469726562 372.829559326172 370.795532226562 368.673309326172 365.555969238281 362.496185302734 359.684448242188 356.409973144531 354.600128173828 353.690063476562 352.030395507812
510.049072265625 504.494110107422 500.880340576172 498.208618164062 494.552551269531 490.179290771484 485.644287109375 480.973815917969 476.968200683594 473.537048339844 469.701110839844 460.55126953125 458.143463134766 456.424377441406 453.079742431641 451.78466796875 450.018829345703 447.8818359375 445.203430175781 441.327545166016 437.476135253906 432.105926513672 422.575927734375 419.033111572266 415.259399414062 412.678039550781 409.480377197266 405.434448242188 403.455535888672 401.393005371094 398.079559326172 394.990478515625 392.035766601562 387.9306640625 386.187927246094 383.825927734375 379.473236083984 376.089599609375 372.428649902344 370.381134033203 368.588134765625 366.579345703125 364.311553955078 361.328033447266 -3.4e+38 354.276275634766 353.347412109375 352.574279785156 350.245208740234
508.315673828125 502.823883056641 499.039581298828 495.536590576172 491.4833984375 487.9140625 482.738891601562 478.123657226562 474.843933105469 470.708312988281 466.730621337891 458.446502685547 455.423217773438 453.004516601562 451.704254150391 451.770843505859 449.452178955078 446.671844482422 444.809417724609 442.650421142578 436.417266845703 431.750244140625 422.649993896484 418.159301757812 414.209381103516 410.700225830078 406.559936523438 403.194030761719 400.990783691406 398.405670166016 395.699676513672 393.126434326172 390.025726318359 386.9384765625 385.399230957031 382.209167480469 378.056671142578 374.538116455078 370.848846435547 367.782287597656 365.847534179688 364.346984863281 362.831604003906 360.310760498047 -3.4e+38 -3.4e+38 351.851959228516 350.530395507812 348.202270507812
505.823699951172 501.501647949219 498.033355712891 494.142059326172 490.066589355469 485.666473388672 480.656219482422 476.352172851562 472.265777587891 467.622741699219 463.668121337891 -3.4e+38 -3.4e+38 451.243988037109 451.071044921875 449.665557861328 447.180358886719 444.446929931641 444.064971923828 447.611450195312 440.990966796875 430.851928710938 423.289276123047 419.309204101562 415.084533691406 410.129302978516 405.383880615234 401.138824462891 398.163482666016 395.598205566406 393.491271972656 390.929565429688 388.070159912109 385.231781005859 383.699066162109 380.634704589844 376.677581787109 373.048461914062 369.958343505859 366.758270263672 364.036407470703 362.22900390625 360.819488525391 358.700317382812 355.877349853516 -3.4e+38 350.390899658203 348.525054931641 346.476196289062
503.32177734375 499.761871337891 496.55029296875 493.223876953125 489.333343505859 484.307098388672 478.786010742188 474.277404785156 469.327331542969 464.934722900391 460.682647705078 454.662689208984 451.848968505859 450.295257568359 449.495880126953 445.483642578125 442.571228027344 441.253875732422 440.792144775391 445.961181640625 444.646179199219 430.223541259766 421.386016845703 418.555114746094 414.496826171875 409.204193115234 404.434906005859 400.362731933594 397.294372558594 393.665283203125 391.335174560547 388.93408203125 386.105590820312 382.804718017578 381.299713134766 379.646423339844 375.600769042969 372.4150390625 369.13525390625 366.271759033203 363.270416259766 360.553405761719 358.229064941406 356.108337402344 354.241363525391 349.648742675781 348.604766845703 346.397216796875 344.440460205078
502.144683837891 498.795623779297 495.125244140625 491.325225830078 487.124176025391 482.299682617188 477.084106445312 472.482513427734 467.487243652344 463.398651123047 458.854705810547 453.630523681641 450.958557128906 448.985626220703 446.48681640625 443.245697021484 440.366302490234 438.960174560547 436.694000244141 438.450256347656 439.781066894531 431.115539550781 419.388427734375 415.469665527344 411.420806884766 407.135284423828 403.219055175781 400.006683349609 397.021392822266 392.51904296875 389.617370605469 386.647064208984 383.963989257812 380.228912353516 379.068695068359 377.788787841797 374.669860839844 371.336547851562 367.894165039062 365.412506103516 362.547546386719 359.1025390625 356.473907470703 354.353912353516 352.675811767578 348.345001220703 346.554656982422 344.643127441406 342.773406982422
501.907409667969 498.179870605469 493.607818603516 489.658813476562 485.289184570312 479.512359619141 474.496490478516 470.227966308594 465.306091308594 461.504730224609 457.957183837891 451.599792480469 449.338684082031 447.434020996094 443.580444335938 440.952514648438 439.046051025391 436.910247802734 433.816131591797 433.433929443359 -3.4e+38 430.611541748047 419.456146240234 414.41748046875 409.362487792969 405.455169677734 402.553344726562 400.05517578125 396.753540039062 392.541320800781 388.555480957031 384.595367431641 382.194000244141 378.874603271484 377.704345703125 375.647399902344 372.844451904297 369.540466308594 365.984161376953 363.320617675781 360.826873779297 357.45458984375 354.938720703125 352.563446044922 350.989349365234 346.759063720703 344.489501953125 342.906372070312 340.978881835938
500.661560058594 496.096099853516 491.162780761719 487.382110595703 483.8369140625 478.266815185547 471.859344482422 467.253082275391 463.048736572266 459.911865234375 457.420379638672 449.418579101562 447.503448486328 445.016540527344 441.199859619141 438.919097900391 437.353302001953 434.407867431641 430.793975830078 429.360687255859 431.706481933594 436.032073974609 417.996398925781 413.562866210938 409.458831787109 406.256164550781 403.203277587891 399.795593261719 395.337524414062 391.265411376953 386.768371582031 383.105682373047 380.698211669922 377.355682373047 375.975982666016 373.231079101562 370.377258300781 367.759490966797 364.041076660156 361.069854736328 358.713531494141 355.708251953125 353.178558349609 -3.4e+38 348.878662109375 344.954437255859 342.527130126953 340.621398925781 339.255584716797
498.324798583984 493.019958496094 489.378845214844 486.025695800781 482.521911621094 477.194793701172 470.619476318359 465.059753417969 461.240203857422 458.769287109375 455.590515136719 448.165069580078 445.728881835938 442.775756835938 439.050537109375 437.223266601562 434.805297851562 431.282989501953 428.611907958984 427.711853027344 430.364715576172 435.073577880859 415.755767822266 411.979949951172 409.209381103516 406.189788818359 403.257965087891 398.895874023438 393.329345703125 388.506408691406 384.566802978516 381.42919921875 378.967529296875 375.952789306641 373.503936767578 370.570068359375 368.170471191406 365.892059326172 362.440277099609 359.877899169922 357.321380615234 354.450256347656 351.601531982422 349.430450439453 346.943145751953 343.125030517578 340.695434570312 338.909301757812 337.788452148438
494.958801269531 490.779968261719 487.918334960938 484.845947265625 481.521606445312 476.236663818359 470.193725585938 463.949005126953 459.0439453125 455.765045166016 452.505401611328 446.7431640625 444.254974365234 441.501800537109 437.250274658203 434.781585693359 431.945587158203 429.304656982422 427.851837158203 427.142425537109 425.752807617188 424.387329101562 414.982055664062 410.138610839844 407.059783935547 404.277526855469 401.946166992188 397.371917724609 392.042144775391 387.242309570312 383.891937255859 379.689666748047 377.148742675781 374.850311279297 371.118225097656 368.200378417969 365.815368652344 363.900238037109 361.515502929688 359.254547119141 356.532958984375 353.344299316406 350.515625 348.202911376953 345.053100585938 341.675659179688 339.330078125 337.6181640625 335.853942871094
490.217437744141 486.978515625 483.698577880859 479.935638427734 476.311004638672 472.7412109375 468.156799316406 461.168914794922 456.006103515625 451.658325195312 448.136596679688 443.593505859375 442.197570800781 438.2529296875 433.855682373047 430.421142578125 428.134521484375 426.628753662109 424.53271484375 422.018493652344 419.792572021484 417.401580810547 411.738525390625 407.525939941406 402.015899658203 400.211303710938 398.108032226562 393.969451904297 389.360443115234 385.678741455078 381.042602539062 376.746795654297 373.981811523438 371.137268066406 367.755126953125 364.13916015625 361.297760009766 359.328826904297 358.005889892578 356.953857421875 354.256500244141 351.769714355469 348.728363037109 345.424346923828 342.740936279297 338.278442382812 336.721923828125 334.565185546875 332.675384521484
488.802459716797 485.307586669922 480.962097167969 477.054168701172 473.942565917969 471.730377197266 467.748443603516 461.472015380859 455.235595703125 449.883239746094 445.654693603516 441.349700927734 439.105834960938 435.255523681641 431.723876953125 428.852264404297 426.921447753906 424.755737304688 421.504516601562 419.544342041016 417.134002685547 413.870971679688 408.007690429688 404.657531738281 400.322204589844 398.591217041016 396.062835693359 392.588745117188 387.791961669922 383.402130126953 378.718566894531 374.41455078125 372.169891357422 369.500274658203 366.112457275391 362.386566162109 359.352722167969 357.278442382812 355.648498535156 354.934387207031 353.122711181641 350.607360839844 347.816040039062 345.095794677734 342.336334228516 336.571533203125 334.529602050781 332.908508300781 331.575561523438
485.960021972656 481.472442626953 477.360534667969 474.606506347656 472.469604492188 469.452880859375 465.924163818359 461.0634765625 454.821655273438 449.264007568359 444.123291015625 438.705596923828 435.448028564453 432.425628662109 429.154815673828 427.226684570312 426.850402832031 422.797973632812 419.170135498047 417.457305908203 414.982666015625 410.448974609375 403.973663330078 400.733642578125 398.510009765625 396.196746826172 394.228637695312 391.976684570312 386.844085693359 382.474670410156 377.561462402344 372.674957275391 370.437774658203 367.346527099609 364.07861328125 360.297180175781 357.421447753906 355.663391113281 353.837982177734 352.770202636719 351.547973632812 349.243103027344 347.050964355469 344.274353027344 341.307983398438 335.636016845703 333.038360595703 331.641265869141 330.067321777344
