rcp8.5models/GFDL_CM3/sc1gr10.25
NCOLS 261 
NROWS 433 
XLLCORNER 336357.134 
YLLCORNER 654653.479 
CELLSIZE 1000 
NODATA_value -3.4e+38 
[rows 198 to 219 of 433, columns 98 to 146 of 261]
267.256866455078 269.653015136719 271.759002685547 279.316375732422 281.962432861328 283.960815429688 286.524841308594 290.513488769531 292.754760742188 296.028228759766 299.787292480469 304.319946289062 308.900390625 313.200073242188 323.398620605469 328.62939453125 332.429077148438 335.848022460938 339.915618896484 343.81298828125 348.834594726562 353.601165771484 358.658020019531 363.748016357422 369.915771484375 374.8720703125 382.804290771484 387.515563964844 392.781494140625 396.581817626953 399.455902099609 404.671966552734 411.218719482422 416.522552490234 420.898864746094 426.70654296875 430.41455078125 434.177795410156 438.986907958984 443.446990966797 447.979736328125 449.240447998047 447.763366699219 449.522521972656 457.64501953125 459.093078613281 453.249237060547 461.847747802734 459.101104736328
267.986846923828 271.316741943359 273.336120605469 280.812774658203 283.398315429688 286.64404296875 289.209381103516 293.248657226562 295.305236816406 298.04833984375 301.211975097656 305.449310302734 309.600524902344 313.864349365234 324.943817138672 328.901153564453 333.233154296875 336.991760253906 341.672119140625 345.471252441406 350.247589111328 355.248260498047 360.322204589844 365.967803955078 372.572540283203 376.802337646484 386.421020507812 391.282165527344 396.937835693359 399.734802246094 402.584106445312 407.584991455078 413.831359863281 420.198455810547 425.517547607422 430.759246826172 433.275115966797 438.306274414062 444.452758789062 447.507232666016 451.328521728516 452.282073974609 449.974945068359 450.27099609375 455.492980957031 457.610595703125 455.365997314453 462.321319580078 461.578826904297
270.095153808594 273.2822265625 275.562347412109 -3.4e+38 284.375671386719 288.315887451172 291.781402587891 295.474395751953 298.124908447266 300.696868896484 303.144927978516 306.718078613281 311.022216796875 315.632110595703 325.613006591797 -3.4e+38 334.058990478516 -3.4e+38 343.360565185547 347.478820800781 352.364501953125 357.571685791016 362.057403564453 367.429779052734 373.361206054688 377.711334228516 388.331329345703 393.897644042969 400.214721679688 402.218078613281 405.883209228516 410.669494628906 416.122039794922 421.821380615234 427.604095458984 433.191802978516 435.060028076172 441.765380859375 447.423278808594 451.429077148438 455.099426269531 455.722045898438 451.460296630859 451.356506347656 454.543914794922 457.458160400391 457.193115234375 460.929504394531 463.337280273438
271.87548828125 275.306274414062 277.462951660156 282.541198730469 286.553283691406 289.769378662109 293.757995605469 297.470062255859 300.417053222656 302.925994873047 305.670440673828 308.935485839844 313.055633544922 317.16064453125 327.019409179688 -3.4e+38 -3.4e+38 -3.4e+38 -3.4e+38 349.124053955078 354.451934814453 358.884399414062 363.025939941406 368.251739501953 373.845794677734 379.077392578125 391.847778320312 395.940704345703 402.870147705078 404.989013671875 409.343383789062 414.305847167969 419.838745117188 424.638519287109 429.699981689453 435.005554199219 437.365692138672 445.671813964844 450.575073242188 454.821197509766 458.968414306641 460.560546875 457.025299072266 454.828826904297 456.885375976562 459.434753417969 460.392456054688 463.457305908203 466.701354980469
273.264007568359 278.556976318359 279.595672607422 284.026458740234 288.302154541016 291.455383300781 295.684692382812 298.966369628906 302.0380859375 305.225311279297 308.341064453125 312.136047363281 316.003631591797 319.615844726562 -3.4e+38 -3.4e+38 -3.4e+38 -3.4e+38 346.855285644531 -3.4e+38 356.006072998047 360.2373046875 364.935485839844 370.113616943359 375.858154296875 381.935546875 394.26318359375 398.910461425781 404.797698974609 407.987243652344 -3.4e+38 418.311340332031 424.530303955078 430.299743652344 433.875152587891 438.911407470703 441.298492431641 448.665985107422 455.054901123047 459.672576904297 463.335632324219 464.891815185547 463.188995361328 459.546417236328 460.304718017578 461.926574707031 465.090179443359 471.123779296875 472.991973876953
273.586273193359 279.257751464844 282.558502197266 285.775909423828 289.488647460938 293.69873046875 297.770965576172 301.035125732422 304.509460449219 307.920959472656 311.384094238281 314.615112304688 318.010925292969 321.904724121094 331.562774658203 -3.4e+38 341.298522949219 -3.4e+38 -3.4e+38 353.527893066406 358.314086914062 363.742309570312 368.942962646484 373.046661376953 378.480560302734 384.510650634766 396.091644287109 403.235900878906 408.180725097656 412.263671875 416.354064941406 422.042419433594 429.321197509766 435.544982910156 438.156707763672 442.862091064453 444.372131347656 451.683197021484 458.421875 464.011016845703 467.762908935547 469.201293945312 469.027862548828 466.916290283203 464.905853271484 466.022125244141 470.996704101562 481.182525634766 477.268585205078
273.665100097656 278.27001953125 283.280578613281 287.92529296875 291.267456054688 296.292053222656 300.294708251953 303.897827148438 306.606597900391 310.600250244141 314.712890625 316.882232666016 319.915740966797 323.622680664062 334.014892578125 -3.4e+38 343.819976806641 347.657257080078 351.291839599609 355.929473876953 361.073699951172 367.022430419922 372.391357421875 376.916473388672 381.692687988281 387.077026367188 400.054473876953 408.228698730469 413.428344726562 416.984344482422 420.691192626953 426.412231445312 432.377044677734 438.261352539062 443.649230957031 447.617950439453 447.608093261719 455.190460205078 461.333984375 467.008636474609 471.127716064453 473.120086669922 473.974731445312 472.923248291016 469.746246337891 471.152984619141 476.737091064453 487.162902832031 480.172882080078
274.541625976562 279.373138427734 283.996002197266 291.069519042969 294.078765869141 298.816284179688 302.624908447266 305.678527832031 308.875091552734 313.478607177734 317.034393310547 319.546264648438 322.784851074219 326.746246337891 -3.4e+38 -3.4e+38 345.460235595703 350.228424072266 354.013397216797 358.459747314453 363.323059082031 369.160125732422 375.086975097656 379.716918945312 385.126617431641 390.795013427734 404.817718505859 413.204040527344 419.677947998047 422.178192138672 426.118438720703 432.001831054688 436.301147460938 440.992004394531 447.095062255859 449.873596191406 451.345794677734 458.624542236328 464.081298828125 469.757141113281 474.912658691406 477.686889648438 480.198394775391 481.926666259766 480.533843994141 476.215118408203 481.970275878906 488.5869140625 484.621246337891
275.152252197266 280.009765625 284.510223388672 293.317657470703 296.8544921875 301.391326904297 305.513977050781 307.833221435547 312.314819335938 316.987121582031 319.794006347656 322.483764648438 325.947052001953 329.512817382812 -3.4e+38 -3.4e+38 -3.4e+38 353.074890136719 357.317138671875 361.235504150391 365.780578613281 371.088562011719 376.919799804688 381.838745117188 387.351806640625 394.108978271484 413.720001220703 426.8662109375 426.902130126953 426.920166015625 430.847839355469 437.84521484375 442.455291748047 446.374328613281 450.015747070312 451.954650878906 455.013244628906 463.729766845703 468.139892578125 473.824645996094 479.092926025391 482.913116455078 486.425659179688 490.902526855469 492.863677978516 483.132476806641 488.337890625 493.304779052734 495.595581054688
277.107208251953 280.884002685547 285.282257080078 294.964172363281 299.144012451172 303.962005615234 308.484100341797 310.545745849609 315.102630615234 319.751098632812 323.0791015625 325.571624755859 328.431823730469 332.66943359375 340.532775878906 -3.4e+38 -3.4e+38 355.330169677734 360.451019287109 363.912628173828 368.586364746094 373.302612304688 378.390472412109 383.678955078125 389.083038330078 396.664123535156 421.386016845703 441.241180419922 435.700317382812 431.539978027344 435.899475097656 442.568603515625 447.966827392578 450.06884765625 453.164672851562 456.542510986328 460.200378417969 468.521850585938 474.081695556641 480.822509765625 483.6982421875 487.825500488281 490.667663574219 495.313293457031 497.552673339844 488.493865966797 496.828460693359 506.937866210938 508.653900146484
282.017974853516 285.149597167969 288.5283203125 297.055603027344 301.154357910156 305.828491210938 311.154998779297 316.434265136719 321.769714355469 328.99560546875 336.114685058594 333.808044433594 335.427124023438 338.893890380859 345.915832519531 350.911682128906 356.003875732422 360.300201416016 365.400756835938 369.987274169922 375.453704833984 379.464202880859 383.834136962891 388.695281982422 394.661682128906 402.201965332031 421.770965576172 435.155029296875 433.161926269531 434.289581298828 438.189819335938 445.901702880859 450.038543701172 453.003875732422 455.686462402344 461.643737792969 467.092803955078 478.092498779297 482.182037353516 488.040679931641 492.398315429688 494.224151611328 494.4521484375 495.796447753906 497.791442871094 505.743560791016 518.273864746094 519.326843261719 507.466583251953
284.418060302734 287.741729736328 290.558898925781 299.661651611328 304.293487548828 309.728698730469 -3.4e+38 317.607147216797 323.765258789062 332.087219238281 340.708679199219 338.929626464844 338.622833251953 341.448669433594 348.682891845703 354.059844970703 359.609344482422 363.719909667969 368.289123535156 372.983215332031 378.959930419922 383.610931396484 387.088134765625 392.010589599609 397.095977783203 404.298217773438 420.446166992188 429.991943359375 431.410400390625 434.322937011719 438.512664794922 445.564025878906 450.702789306641 454.344665527344 457.921875 463.059936523438 468.451049804688 480.8466796875 485.934722900391 491.086608886719 496.606201171875 499.683471679688 499.404724121094 502.372497558594 507.498596191406 518.776000976562 531.260314941406 525.106018066406 511.545928955078
285.832977294922 289.68310546875 293.682983398438 302.097808837891 307.847900390625 315.503051757812 317.371429443359 320.226135253906 325.4072265625 334.130279541016 344.646942138672 345.825805664062 341.101623535156 344.832000732422 352.048675537109 356.521728515625 362.596466064453 368.419006347656 371.705749511719 376.496368408203 382.226989746094 387.391479492188 390.752014160156 395.405639648438 399.859100341797 406.262481689453 423.157440185547 432.167419433594 431.003204345703 435.103790283203 440.983825683594 447.683135986328 451.58251953125 455.759399414062 460.046936035156 464.751068115234 471.051788330078 483.915222167969 490.270690917969 495.918518066406 500.907684326172 504.105285644531 503.937408447266 506.368438720703 511.508087158203 519.998901367188 523.291687011719 520.414428710938 517.499755859375
287.058563232422 292.100860595703 296.532318115234 305.068298339844 311.478515625 320.675903320312 323.224304199219 323.913269042969 327.336242675781 337.810913085938 359.103393554688 367.186248779297 344.977264404297 348.825836181641 355.343811035156 359.370635986328 366.013519287109 373.29052734375 377.119750976562 380.692626953125 386.005859375 391.579254150391 395.513641357422 399.102264404297 403.024078369141 409.706268310547 426.655090332031 434.732299804688 432.980194091797 438.523284912109 -3.4e+38 450.55224609375 452.974090576172 458.015960693359 463.640533447266 468.707244873047 474.561920166016 487.501678466797 494.521331787109 501.480255126953 504.980194091797 506.581817626953 507.892395019531 511.858459472656 519.8662109375 522.440612792969 516.037963867188 518.094116210938 523.326110839844
288.46875 292.840209960938 298.307952880859 308.303894042969 -3.4e+38 321.936187744141 327.565002441406 327.657379150391 329.847869873047 340.496704101562 359.709899902344 363.090728759766 348.893341064453 352.248016357422 358.392028808594 362.565887451172 369.142395019531 376.233612060547 384.952453613281 391.944671630859 -3.4e+38 396.763854980469 399.889984130859 403.004211425781 407.961700439453 415.868377685547 428.841094970703 436.516632080078 436.135589599609 442.7529296875 448.496459960938 452.492156982422 455.668792724609 462.627838134766 469.244171142578 473.989227294922 478.612274169922 491.8310546875 499.005981445312 505.976776123047 509.092071533203 509.386505126953 513.029418945312 519.937438964844 531.776428222656 534.323059082031 520.622619628906 521.409423828125 527.401489257812
289.805572509766 294.657989501953 299.917236328125 310.232879638672 316.164916992188 324.103210449219 331.218627929688 334.295654296875 333.987335205078 341.119293212891 354.180389404297 357.939697265625 351.646667480469 354.126007080078 361.450256347656 366.359771728516 372.516357421875 379.074096679688 390.372100830078 400.153442382812 395.819061279297 399.950500488281 403.410949707031 405.644195556641 411.061676025391 418.0751953125 428.979827880859 435.054779052734 438.427764892578 444.719116210938 449.767364501953 454.812469482422 459.190490722656 466.495269775391 473.243835449219 479.413177490234 483.618408203125 495.454772949219 502.049743652344 508.687805175781 513.419250488281 514.677673339844 520.207336425781 531.648803710938 542.274475097656 545.288452148438 528.346435546875 527.124572753906 531.444641113281
291.587188720703 296.631195068359 301.412872314453 313.07470703125 322.076934814453 329.747589111328 334.144409179688 338.091705322266 337.801300048828 342.557220458984 353.546997070312 360.559173583984 354.4482421875 356.372497558594 364.588592529297 370.421081542969 377.352569580078 383.208038330078 390.326599121094 397.608520507812 399.024078369141 402.647399902344 407.291870117188 408.278747558594 413.218963623047 418.489440917969 429.793395996094 435.452423095703 441.974761962891 447.098968505859 452.316955566406 456.664184570312 462.777008056641 470.479156494141 476.486602783203 483.383361816406 488.963775634766 501.089233398438 505.78466796875 511.98828125 516.69482421875 520.047790527344 525.386108398438 543.330749511719 566.395263671875 558.378845214844 532.767517089844 533.088134765625 536.2421875
295.322479248047 303.4150390625 -3.4e+38 315.996551513672 327.164825439453 336.868682861328 338.883117675781 342.449829101562 341.811859130859 344.790008544922 353.009124755859 359.423583984375 357.340881347656 359.693054199219 368.494842529297 373.695434570312 381.234680175781 387.427612304688 392.535919189453 397.395965576172 401.343505859375 406.591094970703 410.884216308594 411.524810791016 417.066741943359 422.850677490234 432.771911621094 438.979248046875 444.990875244141 449.706939697266 455.046020507812 459.737640380859 466.297912597656 473.875946044922 479.468475341797 485.655853271484 492.483764648438 505.512390136719 510.324005126953 516.495666503906 520.947265625 524.653686523438 529.369812011719 548.733154296875 591.071838378906 584.327575683594 534.822631835938 538.114929199219 541.998718261719
299.41796875 306.230926513672 305.316741943359 318.826843261719 327.924652099609 338.107360839844 343.342803955078 348.501373291016 349.461883544922 349.077056884766 356.375305175781 362.797454833984 359.468688964844 362.976867675781 372.981231689453 377.305450439453 384.189819335938 390.530395507812 396.266632080078 401.423004150391 405.341796875 410.131500244141 412.719635009766 415.828826904297 421.214050292969 427.11572265625 436.275177001953 441.941223144531 447.332458496094 452.447540283203 457.85888671875 464.316711425781 -3.4e+38 -3.4e+38 482.236755371094 490.0947265625 499.236236572266 514.468627929688 514.917907714844 521.624755859375 526.594177246094 530.198852539062 537.130798339844 558.622619628906 596.177795410156 579.137634277344 542.289794921875 543.800903320312 547.905212402344
300.370208740234 305.570465087891 308.4150390625 321.072509765625 328.620880126953 336.200408935547 343.768371582031 352.088745117188 356.179351806641 353.656585693359 361.172637939453 368.040222167969 364.755554199219 365.951568603516 377.530151367188 380.731353759766 387.749145507812 396.011901855469 400.243377685547 405.171966552734 409.765686035156 412.667327880859 414.904296875 419.873413085938 425.083129882812 430.993133544922 440.349090576172 445.703765869141 451.827728271484 457.214569091797 462.802673339844 470.046020507812 -3.4e+38 480.933563232422 487.424041748047 496.717987060547 518.983764648438 519.518371582031 519.895751953125 526.506713867188 532.938720703125 538.0361328125 544.850219726562 565.5703125 589.187744140625 561.594543457031 547.877075195312 549.770629882812 552.288208007812
301.731323242188 305.683990478516 310.671264648438 323.033111572266 331.766998291016 340.948883056641 348.399291992188 353.919281005859 357.888854980469 358.166442871094 366.929473876953 376.319885253906 376.014709472656 369.965789794922 381.056640625 383.771545410156 391.302032470703 401.297912597656 404.618286132812 409.520172119141 415.416412353516 416.519836425781 418.954193115234 423.40966796875 429.452087402344 435.968627929688 445.553070068359 450.188507080078 457.158569335938 462.88916015625 468.650482177734 475.065704345703 -3.4e+38 485.146423339844 493.049377441406 520.571838378906 561.849304199219 520.116821289062 524.532104492188 531.541137695312 542.524780273438 553.144653320312 552.536804199219 567.899658203125 591.671447753906 571.719055175781 551.949157714844 555.105041503906 556.370056152344
303.757720947266 307.258605957031 313.486145019531 325.971557617188 334.509246826172 341.761840820312 349.504241943359 355.930633544922 360.570007324219 363.264465332031 373.452331542969 386.047210693359 388.844543457031 374.459320068359 384.136657714844 387.045349121094 393.745697021484 402.907196044922 409.177185058594 414.281890869141 420.930816650391 424.158050537109 423.721618652344 -3.4e+38 433.675720214844 440.660736083984 451.672821044922 454.456695556641 461.764038085938 468.416381835938 473.786987304688 478.978424072266 483.554382324219 490.066040039062 511.155578613281 549.1103515625 548.817749023438 523.148559570312 529.540100097656 537.166870117188 551.279296875 568.486022949219 565.995666503906 575.644897460938 591.672424316406 567.556518554688 558.000061035156 561.552856445312 560.673278808594
