rcp8.5models/GFDL_CM3/sc1gr1.10
NCOLS 261 
NROWS 433 
XLLCORNER 336357.134 
YLLCORNER 654653.479 
CELLSIZE 1000 
NODATA_value -3.4e+38 
[rows 396 to 417 of 433, columns 147 to 195 of 261]
67.4760589599609 67.0378952026367 66.6953201293945 66.5752639770508 66.704345703125 66.5043182373047 66.1254653930664 66.1464385986328 66.248893737793 66.0353164672852 66.0529861450195 65.9908752441406 65.9227523803711 65.7147674560547 65.5261001586914 65.2796096801758 65.3285980224609 65.4141311645508 65.3413467407227 65.7555465698242 65.2926483154297 65.1671371459961 65.0677490234375 65.2626190185547 65.2345428466797 64.7059860229492 64.5650863647461 -3.4e+38 -3.4e+38 64.4019012451172 64.2879180908203 -3.4e+38 -3.4e+38 64.4729232788086 64.4991073608398 64.2764358520508 64.4953994750977 64.3318862915039 64.1612930297852 64.2388534545898 64.0413665771484 64.1366958618164 64.0046463012695 63.8099899291992 63.7065353393555 -3.4e+38 63.7946701049805 63.816089630127 63.8549919128418
67.3118591308594 67.0184020996094 66.7110977172852 66.6599426269531 66.6809844970703 66.5835571289062 66.2899627685547 66.1494140625 66.180778503418 66.199577331543 66.1869735717773 66.0398406982422 65.8001098632812 65.7643966674805 65.5754547119141 65.5375747680664 65.5140838623047 65.2838363647461 65.2610092163086 65.5497512817383 65.5976715087891 65.4998168945312 65.0131988525391 65.3192672729492 64.9338912963867 64.8500137329102 64.6273651123047 64.4351959228516 -3.4e+38 -3.4e+38 64.3532867431641 -3.4e+38 -3.4e+38 64.29150390625 64.4440536499023 64.3352203369141 64.5033416748047 64.7294082641602 64.5304183959961 64.5117263793945 64.0976791381836 64.0240173339844 64.1573638916016 63.873348236084 63.6586494445801 -3.4e+38 -3.4e+38 63.6286201477051 63.6762466430664
67.018913269043 66.8235931396484 66.8858108520508 66.886604309082 66.8098907470703 66.6470489501953 66.3499526977539 66.2255554199219 66.3170776367188 66.1402206420898 65.8567962646484 65.9617614746094 65.6318054199219 65.4154739379883 65.2704238891602 65.6335144042969 65.6037063598633 65.3419952392578 65.1991271972656 65.1017608642578 65.1460723876953 65.3187103271484 64.9038848876953 65.3239440917969 65.1342620849609 65.0140838623047 64.9230194091797 64.6817092895508 64.7003402709961 64.4603881835938 64.3707046508789 64.3753814697266 64.4654922485352 64.1234741210938 64.1801681518555 64.1716995239258 64.378547668457 64.4837417602539 64.6152420043945 64.2814712524414 64.066520690918 64.1035690307617 64.4041900634766 64.2099990844727 -3.4e+38 63.9201889038086 63.5078620910645 -3.4e+38 63.6134834289551
66.857292175293 66.7551727294922 66.8084335327148 66.8024215698242 66.9451065063477 66.8042221069336 66.5944061279297 66.3960189819336 66.3859405517578 65.9669723510742 65.7165145874023 65.75048828125 65.4803161621094 65.3789749145508 65.336669921875 65.4297637939453 65.5191345214844 65.5586547851562 65.3835296630859 65.015022277832 64.7651138305664 65.0116348266602 64.9459381103516 65.2695770263672 65.2102279663086 64.7937088012695 64.8995895385742 64.9860458374023 64.856071472168 64.5514068603516 64.5928497314453 64.7329025268555 64.4873733520508 64.1032104492188 64.1801071166992 64.208625793457 64.1319732666016 64.2025756835938 64.2691116333008 64.0559844970703 64.1505813598633 64.4504699707031 64.5434036254883 64.4289093017578 -3.4e+38 63.7945404052734 63.974494934082 63.79833984375 63.9953193664551
67.0895156860352 67.0740585327148 66.8323822021484 66.8286972045898 66.8591690063477 66.8648529052734 66.6723480224609 66.4019241333008 66.4966125488281 66.2624664306641 66.357551574707 65.9370498657227 65.7326049804688 65.5546188354492 -3.4e+38 -3.4e+38 65.5374755859375 65.4891204833984 65.4465408325195 64.7483749389648 64.6452331542969 64.877326965332 64.9651031494141 65.2318267822266 64.9460372924805 64.9480438232422 64.8231887817383 64.8101425170898 64.6078109741211 64.7171096801758 64.7704391479492 64.9090347290039 64.3947982788086 64.3471603393555 64.4633102416992 64.4094161987305 64.4397888183594 64.5550003051758 64.4284820556641 64.0251083374023 64.1545639038086 64.2957382202148 64.3093719482422 64.2371063232422 63.8580856323242 64.1345748901367 64.4037780761719 63.835334777832 64.3507461547852
67.240234375 67.2051696777344 67.0396423339844 66.9285430908203 66.7425079345703 66.8189315795898 66.6852416992188 66.4416122436523 66.4843597412109 66.4724960327148 66.2801818847656 66.0179443359375 66.048942565918 65.6355133056641 -3.4e+38 -3.4e+38 -3.4e+38 65.2580261230469 65.372444152832 64.6848449707031 64.6821899414062 64.8032836914062 64.7174224853516 64.9340972900391 65.0167465209961 65.1002197265625 65.0239486694336 64.7128524780273 64.6842803955078 64.9229888916016 64.688346862793 64.7595672607422 64.2808990478516 64.6161880493164 64.6481399536133 64.5561599731445 64.6629486083984 64.6805877685547 64.6862945556641 64.3658599853516 64.1908187866211 64.51025390625 64.1356048583984 63.9324913024902 63.9240264892578 64.0343933105469 64.0771865844727 63.955150604248 64.3672485351562
67.3388595581055 67.221565246582 66.9488143920898 66.842903137207 66.7933731079102 66.6435012817383 66.4747009277344 66.3694229125977 66.2143020629883 66.524787902832 65.8910598754883 66.0263519287109 65.9895858764648 -3.4e+38 -3.4e+38 -3.4e+38 65.1370086669922 65.2136535644531 65.3343887329102 65.1197052001953 65.0134811401367 64.7348098754883 64.7981338500977 64.7777786254883 65.1552200317383 65.2160949707031 65.0900955200195 64.726936340332 64.7404098510742 64.7349014282227 64.3953247070312 64.5890350341797 64.5699310302734 64.6360855102539 64.6650390625 64.5932006835938 64.6224975585938 64.4782104492188 64.3588409423828 64.4574508666992 64.1535949707031 64.5575561523438 64.2081146240234 -3.4e+38 63.9759635925293 63.792610168457 63.9473838806152 64.1992797851562 64.0442581176758
67.3734741210938 67.0468368530273 66.7284851074219 66.6394805908203 66.5441970825195 66.3697662353516 66.3644943237305 66.4568557739258 66.2130737304688 66.3606948852539 65.9144973754883 65.9742584228516 65.8281707763672 65.712890625 65.7161254882812 65.4265060424805 65.0336532592773 65.2043075561523 65.3367309570312 65.2253723144531 65.1462249755859 65.1906051635742 65.0977935791016 65.078987121582 65.3327713012695 65.2885437011719 65.1903915405273 64.8911972045898 64.7233734130859 64.826286315918 64.5046310424805 64.6169738769531 64.6882629394531 64.5563735961914 64.7276077270508 64.7254180908203 64.5062942504883 64.3916320800781 64.2504196166992 64.3831787109375 64.1670837402344 64.2644195556641 64.1291580200195 -3.4e+38 -3.4e+38 -3.4e+38 63.9930839538574 -3.4e+38 -3.4e+38
67.0455474853516 66.9472961425781 66.7513885498047 66.5759353637695 66.4295806884766 66.3142623901367 66.4187316894531 66.3191528320312 66.2667007446289 66.247802734375 65.9291534423828 65.9408721923828 65.8268890380859 65.6180038452148 65.6756439208984 65.5628967285156 65.2284088134766 65.1247787475586 65.2201614379883 65.1025619506836 65.0858001708984 65.4224624633789 65.1491470336914 65.3046798706055 65.2594451904297 65.1815643310547 65.1677474975586 65.1237945556641 64.8886566162109 64.9194869995117 64.8479232788086 64.8734512329102 64.5785369873047 64.8124542236328 64.7040710449219 64.2648696899414 -3.4e+38 -3.4e+38 -3.4e+38 64.3692016601562 -3.4e+38 64.3496627807617 -3.4e+38 -3.4e+38 -3.4e+38 -3.4e+38 -3.4e+38 -3.4e+38 -3.4e+38
67.0166854858398 67.03955078125 66.9928283691406 66.7620315551758 66.3677215576172 66.4165878295898 66.2800903320312 65.9531936645508 66.0897903442383 66.2965087890625 66.1610488891602 65.8840637207031 65.7834167480469 65.4669799804688 65.661750793457 65.6555404663086 65.426383972168 65.1635818481445 65.5700149536133 65.4637069702148 65.1907348632812 65.2964553833008 65.3281173706055 65.3231201171875 65.0234603881836 65.0705795288086 64.9811782836914 65.057014465332 64.9150390625 64.8744888305664 64.9693374633789 65.1320724487305 64.8181457519531 64.938232421875 64.4984970092773 63.8641128540039 -3.4e+38 -3.4e+38 -3.4e+38 64.1013336181641 64.2403030395508 64.4833984375 -3.4e+38 -3.4e+38 -3.4e+38 -3.4e+38 -3.4e+38 -3.4e+38 -3.4e+38
67.3876571655273 67.166259765625 67.1500701904297 67.2438125610352 67.1504745483398 66.7523040771484 66.8785018920898 66.5646438598633 65.8460235595703 65.7661666870117 65.8650436401367 65.930046081543 65.7241363525391 65.6801071166992 66.0222625732422 65.9175186157227 65.7752990722656 65.9664154052734 65.3856506347656 65.2494430541992 65.46875 65.4850463867188 64.9984359741211 64.7922592163086 64.7245483398438 64.4541473388672 64.5640869140625 64.610969543457 64.7289733886719 65.1452178955078 64.6601943969727 64.6924743652344 64.7236633300781 64.5779342651367 64.652458190918 64.5260162353516 -3.4e+38 -3.4e+38 -3.4e+38 -3.4e+38 -3.4e+38 -3.4e+38 -3.4e+38 -3.4e+38 -3.4e+38 -3.4e+38 -3.4e+38 -3.4e+38 -3.4e+38
67.1646270751953 67.0468521118164 67.0525054931641 67.1949462890625 67.1122741699219 66.7736587524414 66.8621215820312 66.5037155151367 66.0970687866211 65.9875183105469 66.1927108764648 66.3007965087891 66.0587005615234 66.0517501831055 66.1860809326172 65.9328460693359 65.8276138305664 65.7024765014648 65.1540374755859 65.3795471191406 65.6214828491211 65.7134246826172 65.1004791259766 64.7564163208008 64.9667358398438 64.5219039916992 64.655143737793 64.4503631591797 64.7977066040039 65.1738891601562 64.3551788330078 64.3430328369141 64.3860549926758 64.5183715820312 -3.4e+38 64.5742645263672 -3.4e+38 -3.4e+38 -3.4e+38 -3.4e+38 -3.4e+38 -3.4e+38 -3.4e+38 -3.4e+38 -3.4e+38 -3.4e+38 -3.4e+38 -3.4e+38 -3.4e+38
67.3810043334961 67.209114074707 67.0386047363281 66.992805480957 67.0196533203125 66.8978576660156 66.916862487793 66.6586837768555 66.4263534545898 66.3229751586914 66.366584777832 66.3526992797852 66.1248474121094 65.920036315918 65.9409866333008 65.7252044677734 65.648567199707 65.4660110473633 65.2242736816406 65.49951171875 65.7411651611328 65.6340560913086 65.2998886108398 65.0034713745117 65.528434753418 65.1255569458008 65.0040664672852 64.4156112670898 64.9063720703125 64.9709396362305 64.2331619262695 64.4091491699219 64.69873046875 64.6029663085938 64.7677993774414 -3.4e+38 -3.4e+38 -3.4e+38 -3.4e+38 -3.4e+38 -3.4e+38 -3.4e+38 -3.4e+38 -3.4e+38 -3.4e+38 -3.4e+38 -3.4e+38 -3.4e+38 -3.4e+38
67.3371276855469 67.096794128418 66.7904205322266 66.5724792480469 66.8436126708984 66.7365798950195 66.893928527832 66.8351440429688 66.6781234741211 66.5887451171875 66.4899597167969 66.1800994873047 66.0655364990234 66.0448455810547 66.0128707885742 65.8481292724609 65.8034515380859 65.6556091308594 65.4865264892578 65.5340194702148 65.6340866088867 65.624153137207 65.4347991943359 65.3522033691406 65.4959259033203 65.3897094726562 65.2739486694336 64.5930633544922 64.7335968017578 64.5707168579102 64.3604431152344 64.6660995483398 -3.4e+38 -3.4e+38 -3.4e+38 -3.4e+38 -3.4e+38 -3.4e+38 -3.4e+38 -3.4e+38 -3.4e+38 -3.4e+38 -3.4e+38 -3.4e+38 -3.4e+38 -3.4e+38 -3.4e+38 -3.4e+38 -3.4e+38
66.8277893066406 66.7732315063477 66.798942565918 66.5149230957031 66.6155548095703 66.4442367553711 66.5866470336914 66.5624237060547 66.4670639038086 66.4397964477539 66.2664337158203 66.1713180541992 66.1383743286133 66.0909042358398 66.0961456298828 65.947639465332 65.7767944335938 65.5878753662109 65.4895401000977 65.4588775634766 65.5120162963867 65.6319122314453 65.4641494750977 65.5290145874023 65.2853546142578 64.969856262207 65.1398086547852 64.5942001342773 64.6598205566406 64.7751998901367 -3.4e+38 -3.4e+38 -3.4e+38 -3.4e+38 -3.4e+38 -3.4e+38 -3.4e+38 -3.4e+38 -3.4e+38 -3.4e+38 -3.4e+38 -3.4e+38 -3.4e+38 -3.4e+38 -3.4e+38 -3.4e+38 -3.4e+38 -3.4e+38 -3.4e+38
66.7285461425781 66.8455352783203 66.7975387573242 66.5999603271484 66.5406723022461 66.536247253418 66.588752746582 66.3628921508789 66.2987213134766 66.4164199829102 66.2617416381836 65.9009552001953 65.96142578125 65.9494934082031 66.0493240356445 65.7554321289062 65.525276184082 65.4711380004883 65.3522033691406 65.3678207397461 65.3779144287109 65.501091003418 65.408332824707 65.4099960327148 65.3394775390625 64.9543762207031 64.7553939819336 -3.4e+38 -3.4e+38 -3.4e+38 -3.4e+38 -3.4e+38 -3.4e+38 -3.4e+38 -3.4e+38 -3.4e+38 -3.4e+38 -3.4e+38 -3.4e+38 -3.4e+38 -3.4e+38 -3.4e+38 -3.4e+38 -3.4e+38 -3.4e+38 -3.4e+38 -3.4e+38 -3.4e+38 -3.4e+38
67.1414794921875 67.1354064941406 66.9177322387695 66.5867767333984 66.6325149536133 66.8166198730469 66.7593002319336 66.425178527832 66.5410232543945 66.8481597900391 66.6257247924805 65.9363250732422 65.9363479614258 65.7921600341797 65.6386795043945 65.5314025878906 65.4270095825195 65.4967346191406 -3.4e+38 65.29931640625 65.2484893798828 65.3318557739258 -3.4e+38 -3.4e+38 -3.4e+38 -3.4e+38 -3.4e+38 -3.4e+38 -3.4e+38 -3.4e+38 -3.4e+38 -3.4e+38 -3.4e+38 -3.4e+38 -3.4e+38 -3.4e+38 -3.4e+38 -3.4e+38 -3.4e+38 -3.4e+38 -3.4e+38 -3.4e+38 -3.4e+38 -3.4e+38 -3.4e+38 -3.4e+38 -3.4e+38 -3.4e+38 -3.4e+38
67.4109497070312 67.3880462646484 67.1872177124023 66.6576385498047 66.8608016967773 67.1548690795898 66.71875 66.4520111083984 66.6754760742188 66.9079666137695 66.6480255126953 -3.4e+38 66.1676177978516 -3.4e+38 65.7970352172852 65.5286331176758 -3.4e+38 -3.4e+38 -3.4e+38 -3.4e+38 -3.4e+38 -3.4e+38 -3.4e+38 -3.4e+38 -3.4e+38 -3.4e+38 -3.4e+38 -3.4e+38 -3.4e+38 -3.4e+38 -3.4e+38 -3.4e+38 -3.4e+38 -3.4e+38 -3.4e+38 -3.4e+38 -3.4e+38 -3.4e+38 -3.4e+38 -3.4e+38 -3.4e+38 -3.4e+38 -3.4e+38 -3.4e+38 -3.4e+38 -3.4e+38 -3.4e+38 -3.4e+38 -3.4e+38
67.3495330810547 67.1903457641602 66.8782348632812 66.7038879394531 67.0472717285156 67.0804901123047 66.8749008178711 66.5792617797852 66.6584014892578 66.8479080200195 -3.4e+38 66.4348907470703 -3.4e+38 -3.4e+38 65.8922882080078 -3.4e+38 -3.4e+38 -3.4e+38 -3.4e+38 -3.4e+38 -3.4e+38 -3.4e+38 -3.4e+38 -3.4e+38 -3.4e+38 -3.4e+38 -3.4e+38 -3.4e+38 -3.4e+38 -3.4e+38 -3.4e+38 -3.4e+38 -3.4e+38 -3.4e+38 -3.4e+38 -3.4e+38 -3.4e+38 -3.4e+38 -3.4e+38 -3.4e+38 -3.4e+38 -3.4e+38 -3.4e+38 -3.4e+38 -3.4e+38 -3.4e+38 -3.4e+38 -3.4e+38 -3.4e+38
67.1757125854492 67.0007019042969 66.7758712768555 66.9261627197266 67.0402374267578 66.8704299926758 66.7928619384766 -3.4e+38 66.7457580566406 -3.4e+38 -3.4e+38 -3.4e+38 -3.4e+38 -3.4e+38 -3.4e+38 -3.4e+38 -3.4e+38 -3.4e+38 -3.4e+38 -3.4e+38 -3.4e+38 -3.4e+38 -3.4e+38 -3.4e+38 -3.4e+38 -3.4e+38 -3.4e+38 -3.4e+38 -3.4e+38 -3.4e+38 -3.4e+38 -3.4e+38 -3.4e+38 -3.4e+38 -3.4e+38 -3.4e+38 -3.4e+38 -3.4e+38 -3.4e+38 -3.4e+38 -3.4e+38 -3.4e+38 -3.4e+38 -3.4e+38 -3.4e+38 -3.4e+38 -3.4e+38 -3.4e+38 -3.4e+38
67.0789642333984 66.9637680053711 66.7691421508789 66.9002990722656 66.6612167358398 66.7684326171875 66.6395874023438 66.6004943847656 -3.4e+38 -3.4e+38 -3.4e+38 -3.4e+38 -3.4e+38 -3.4e+38 -3.4e+38 -3.4e+38 -3.4e+38 -3.4e+38 -3.4e+38 -3.4e+38 -3.4e+38 -3.4e+38 -3.4e+38 -3.4e+38 -3.4e+38 -3.4e+38 -3.4e+38 -3.4e+38 -3.4e+38 -3.4e+38 -3.4e+38 -3.4e+38 -3.4e+38 -3.4e+38 -3.4e+38 -3.4e+38 -3.4e+38 -3.4e+38 -3.4e+38 -3.4e+38 -3.4e+38 -3.4e+38 -3.4e+38 -3.4e+38 -3.4e+38 -3.4e+38 -3.4e+38 -3.4e+38 -3.4e+38
67.1220092773438 67.0337753295898 66.7498321533203 66.4473571777344 -3.4e+38 -3.4e+38 -3.4e+38 -3.4e+38 -3.4e+38 -3.4e+38 -3.4e+38 -3.4e+38 -3.4e+38 -3.4e+38 -3.4e+38 -3.4e+38 -3.4e+38 -3.4e+38 -3.4e+38 -3.4e+38 -3.4e+38 -3.4e+38 -3.4e+38 -3.4e+38 -3.4e+38 -3.4e+38 -3.4e+38 -3.4e+38 -3.4e+38 -3.4e+38 -3.4e+38 -3.4e+38 -3.4e+38 -3.4e+38 -3.4e+38 -3.4e+38 -3.4e+38 -3.4e+38 -3.4e+38 -3.4e+38 -3.4e+38 -3.4e+38 -3.4e+38 -3.4e+38 -3.4e+38 -3.4e+38 -3.4e+38 -3.4e+38 -3.4e+38
