rcp8.5models/GFDL_CM3/sc1gr3.3
NCOLS 261 
NROWS 433 
XLLCORNER 336357.134 
YLLCORNER 654653.479 
CELLSIZE 1000 
NODATA_value -9999 
[rows 198 to 219 of 433, columns 100 to 149 of 261]
279.498159026875 278.879842226846 278.732275921042 279.004709273253 279.279101678878 279.13421889448 279.211011485127 279.416404549183 279.358078751151 279.109257021737 278.733615005461 278.447450966686 277.614706964465 276.992570306379 277.185864276979 275.871255201694 271.061767742984 267.080468719276 266.837312764536 266.704969623253 266.470149495891 266.195994973556 265.683620086018 265.724802181215 265.796705769556 265.607890008041 265.208324857464 265.278344084636 265.47544174827 265.305536517768 264.715764002029 264.376373514045 264.472644208812 264.021775046953 263.983771611121 264.748104948453 264.43366413414 264.383913194057 263.969702879149 264.481453184615 265.748480415293 266.044179817272 264.772995199057 265.351309900106 267.3824783395 266.101502689199 267.745447585219 268.040545935725 268.278025005515 268.464992234244
279.306465025059 278.804542188411 278.718167984235 278.712810018283 279.03319485637 278.572565034029 278.97664430544 279.204997773062 279.288764425553 278.982791319002 278.969802467751 278.822496297208 277.650956280517 277.589113388488 277.71773676857 277.505864831659 275.984312232286 273.181678556665 271.37931314007 266.804780275793 266.447990129964 266.103764733377 265.546811623488 265.83213122053 265.594353673569 265.316066283106 264.880586213734 265.043512129435 265.368253879623 265.182730368257 264.598908093828 263.944731945382 263.972783385831 263.726713565858 263.931394988138 264.634821347395 264.097207407029 264.188814835955 263.976140702919 264.577417788394 266.014417368056 266.569864935211 265.90831765056 266.313764819048 267.567097468944 266.820168766556 268.033549015663 268.490066296817 268.703831028517 -9999
278.934757604472 -9999 278.849626960896 278.612033017589 278.441894856972 278.292494903534 278.764418985222 278.789087591405 279.127438248686 278.94964044201 279.017810420811 278.717972208571 277.880060509736 -9999 277.974246255378 -9999 277.568292494105 277.61414713415 274.306598471367 266.757472914934 266.655825438489 266.26068284247 266.0630054823 266.187541906355 265.637128687861 265.320845111584 264.733292147117 265.047840060064 265.154939969693 265.022993381206 264.740719957894 264.199651336811 264.109448074553 263.749978185948 264.128824123385 264.469199104495 263.949244257552 264.056612705412 264.053923921916 264.754607835405 266.347215196411 266.959896517443 266.957200839847 267.047320924224 267.862409392319 267.892561211646 268.408511599645 268.803454169492 -9999 -9999
278.514623440483 278.729723322323 278.532930661116 278.573497127416 278.115645309102 278.259145739353 278.443778919972 278.596665700583 279.050929410557 279.01613372321 279.015127132259 278.790659218414 278.023535829744 -9999 -9999 -9999 -9999 277.628999620238 275.873458897123 272.61357005733 270.942528506238 266.701638642168 266.534575730583 266.278690353493 265.336638696635 265.405840434067 264.697661615986 265.049685817373 265.028802648027 264.889473600852 264.567395288048 264.264037328205 264.127504974902 263.930393210297 264.159615074833 264.243238635123 263.968291436938 264.047580534516 264.015858166579 264.530878961739 265.994405781217 267.0899037171 267.270530683662 267.437145216923 267.910036899846 268.087301269982 268.510395299077 268.861294730083 -9999 -9999
278.017539401059 278.580545609616 278.227226467938 278.457168424896 278.22965069605 278.317328213569 278.235867330471 278.347249196833 278.683275663866 278.707327005801 278.752292098124 278.588538483296 -9999 -9999 -9999 -9999 277.584906474074 -9999 277.362818707753 277.262498876272 274.092804926684 266.970568298301 266.674856771465 266.259420410718 265.161709430228 265.223759342658 264.980061638915 265.108575955333 -9999 264.716814028308 264.136668962998 263.694310139617 263.88960294348 263.698430161797 264.024880239364 264.279649715342 263.864203192184 263.563042925816 263.644132054434 264.303695433528 265.429363298427 266.922175112856 267.384148614463 267.840050261896 267.682113299899 267.097774739622 268.141406861115 268.479889435845 268.678656351645 -9999
277.652066400672 278.491132027759 278.243934614172 278.10953870176 278.047742861752 277.949764997051 277.82012724794 277.903610034124 277.94539789908 278.511151801224 278.530098518766 278.321338483528 278.01302110304 -9999 277.655600219341 -9999 -9999 277.30864640473 277.172805296625 276.962081880105 275.340346350573 270.91387174527 266.597596075281 266.186001936959 265.375046421785 264.709172535374 264.701540747836 264.811220234794 264.800449520239 264.68036500542 263.844368751384 263.320775973774 263.781384434394 263.541822734729 264.046561451634 264.25704038687 263.755746086215 263.154888591208 263.176414316964 263.802540566338 264.694545303459 266.174994971669 267.343550508526 267.716778830372 267.038342264225 265.748990863168 268.121944048225 268.230078908754 268.380506907063 268.900885928144
277.872562413834 278.217551527265 278.171325780128 277.52931488262 277.560872432717 277.660867938509 277.616578488155 277.420981635278 277.61138003782 278.217225551153 278.534666516865 278.439091892332 277.816857667228 -9999 277.366445220577 277.233787830765 277.36484550352 277.319605499104 277.103644783893 276.651779803251 276.282918521577 273.45375694239 266.23212852594 266.048253994529 265.216595821248 264.22831971511 264.018298389754 264.337111920103 264.544455723108 264.410539744621 263.902131095542 263.538128654929 263.263828056838 263.235536948586 264.064521182622 264.171559927841 263.803118679717 263.212234050735 263.193541278241 263.473958450177 264.335411106805 265.619185534293 266.964115094961 267.131683434274 266.381484124268 265.272863884765 268.214261388792 268.343122561738 268.664346474783 269.029263015907
278.063602116214 277.593492647866 277.600781515807 277.30399816908 277.394745396348 277.350517260117 277.44308242032 277.345406358443 277.608429573365 277.88064485494 278.320917251944 278.398009505449 -9999 -9999 277.39372081175 277.236187268478 277.296379800418 277.304898714521 277.11185924711 276.733147737845 276.234018585347 275.006487708902 269.965063955882 265.749175901048 264.710055666777 263.764617985548 263.225224224363 263.777768376083 263.991928332688 263.804185108096 263.727250719952 263.473871534801 263.053455804935 263.359453564032 264.038320443753 264.230417479436 263.911381560579 263.530438201392 263.345863236657 263.352669747383 263.730821131494 264.198746694665 265.432104200549 267.050348610227 266.445584650846 265.770247675452 267.94617864624 268.319010868255 268.762863585719 269.118351158521
278.057600389736 277.255664848997 277.278490220139 277.16067114342 276.865014507934 277.311438090785 277.251350091771 276.921392099445 277.249663141993 277.474161828226 277.752136153796 278.03634640461 -9999 -9999 -9999 277.3705263288 277.348978995016 277.221746929755 277.138646801451 276.980581038697 276.49065524542 276.375567466478 274.681323161827 269.542918408928 263.341086870533 261.658095747279 262.380531951651 263.424994643179 263.404501459703 262.941751035745 262.858422003428 262.877135467076 263.185399458397 263.689168820623 263.898573359819 263.841887772154 263.789013708544 263.460455574301 263.125153437062 263.140751630346 263.264024641077 263.131559710943 263.596169960147 266.55865259498 266.221812813328 265.88228801292 266.465672787956 268.217362899427 268.580595907323 268.914100235054
278.283014035334 277.25294807103 277.212132340887 276.875070125292 276.565936379601 277.24088311 276.911213860869 276.494250553415 276.685083720438 277.150165946825 277.318018785079 277.539622397184 277.615372482703 -9999 -9999 277.432857082339 277.16201931578 277.190523263458 277.188317972656 277.142895099651 276.917116323803 276.58612149061 276.291420450802 272.690586200359 262.651286241084 259.625320149715 261.279704359753 262.849709316054 262.640389134676 262.310367537047 262.346092318509 262.773160987956 263.371527653436 263.599843587845 263.559504666472 263.486038931414 263.258312542706 262.726895218405 262.856947385226 262.873764077616 263.241909721045 263.12962942501 263.305460342243 266.116550043204 265.196523908531 263.846310180961 264.606988487769 267.973602313827 268.432110907494 268.701784816195
278.325938906084 277.760620512649 277.459902144255 277.205322646294 276.918647303428 276.3938205402 276.285362231446 275.541294463888 274.477785193176 276.121756104767 277.042869087528 277.193819793673 277.674343922352 277.240918114683 277.143872142159 277.060514891005 277.022930825864 276.999136113131 276.946106022757 276.944206479576 276.942494801398 276.912859520911 276.544818389869 275.599440347196 263.47570478387 261.955698670757 263.142392424277 263.509054939116 263.593893979813 263.034644195803 263.249403392047 263.613368358547 264.051974080529 263.751053796143 263.432030275461 263.109425409518 263.14543184535 262.782412522675 262.735070373888 263.280732888227 264.171587153658 264.891609170737 265.455997733306 264.218560969757 262.407766043586 263.022575290613 266.989973452902 267.748596840793 268.214546824643 268.277184265468
278.218975858739 277.462077164768 277.176472617682 276.839937995476 -9999 276.607371781942 276.359187309125 275.330974848779 273.984437123391 275.405742804447 276.676078001724 277.026500112087 277.159624364551 277.01249583373 277.004360284923 276.972766575753 277.021357289352 276.87860275889 276.492265168211 276.529526756512 276.949336648516 276.991286363683 276.6082386931 275.755598428127 268.142575594086 263.484792217507 263.916579750185 264.166237965715 264.240524854224 263.793208544824 263.842193506096 264.092822258552 264.383528283164 264.232120427522 264.012395142438 263.361744776727 263.316508031716 263.137178633669 262.650099338526 263.126680292416 264.070328188368 264.24229130348 264.161934008607 262.622120498364 260.524760144099 262.608646927654 267.339688333713 267.694904178961 267.940013953212 267.631567991716
277.863077635582 277.254626161844 276.593567758303 275.650663775488 276.191109302557 276.691677572788 276.609467025145 275.432708200097 273.888151991259 274.604793159832 276.737983274044 276.89658723815 276.862492418269 276.909609070248 276.854661487581 276.625729739221 277.019849021643 276.767487847419 276.139146311923 276.224272025582 276.682346761958 276.817597459882 276.68611583412 275.909172120217 271.269939265369 265.198902336936 270.026540272266 270.252869255473 268.16547613373 263.933642944279 264.284227775691 264.403185596285 264.568941935711 264.597087159938 264.377154930394 263.58838876429 263.279006948646 262.950081598375 262.628582115799 262.938063494626 263.777635829749 264.247483539029 264.219171009573 263.268249116724 263.141424414189 264.706340680586 266.896375861585 267.365241464497 267.597206301337 267.683678472248
277.498574256567 277.053950330189 276.322708102828 274.990086888626 275.420182116479 276.305682453777 276.562766665099 274.935589292321 271.601267777712 271.107301907018 276.40423700749 276.506994032201 276.888865049013 276.974185025162 276.693959458412 276.000125394623 276.257004338332 276.343704013511 276.003259012614 275.850739849164 276.0658805487 276.449130994597 276.456117988031 275.774136058168 271.176589990531 266.657338251556 274.7708185695 272.929951984624 -9999 265.762655193187 268.434113976403 264.800816429582 264.610361060664 264.470797541662 264.349912431083 263.583889264625 263.118419486436 262.569505091937 262.671183106915 263.199344185672 263.842732141611 264.005227874059 263.09347282053 263.490715719282 265.948832020658 266.394292356089 266.947903702807 267.51333117981 267.856475760001 267.405829096399
277.523828604769 276.778383880031 -9999 275.292281232832 275.069172072604 275.726210208776 276.272310816261 274.749617188441 271.599439393028 272.112038442696 275.776117953147 276.064133440523 276.880217521136 276.871542552537 276.556812659648 275.891982715944 274.741707763676 274.183667206761 -9999 275.094061795327 275.649990933604 276.222869249578 275.928553170794 275.174888897011 272.840703171712 270.828004348128 274.899570592534 272.886589136296 269.831604042803 271.262835556303 273.178008925368 268.164792799706 263.974205224584 264.07068603609 264.349782004282 263.493864551936 262.883920869274 262.424866426369 262.71180029854 263.570908980762 263.739187766914 263.064965395631 261.301731026663 261.854648984149 266.083217329239 268.45197642204 270.952298351276 266.863076300165 265.567954500613 264.987085667343
277.703914020008 276.754111991837 276.230525828314 275.180254389158 274.506805590539 274.7337908667 275.729625298023 275.252006463982 273.269134117241 273.380538299451 275.717198699754 276.275690407684 276.771214825722 276.527521982671 276.402945808159 275.883498030814 273.929153974667 272.871830099703 275.047943138896 275.005545313936 275.433079248523 276.242243011022 275.980114997827 275.525025015722 274.872117993287 274.686642471044 275.011953070938 274.461930140195 274.381314563308 274.335477862338 274.416615882054 272.668615950113 267.471542533202 263.636216502001 263.85395039843 263.53247260236 263.11168378608 262.808024183834 262.805024912979 263.338203969245 263.114448035104 261.548782708018 260.185710725164 260.655265915148 267.029368693875 273.318682137338 273.058763766358 -9999 263.332100433725 263.707130892537
277.859489245772 276.501531863815 275.303493731894 274.178955144735 274.155409897057 274.393215578554 275.419276460976 275.339162707854 273.91567096389 273.32822259232 275.675984221973 276.519804099685 276.345237395081 276.115453312496 275.785513965034 275.542259598901 274.638873090892 274.198385241009 275.10572335549 275.191947248124 275.331837636408 276.414336296388 276.385481511617 276.322852657226 275.465189672512 275.220237454287 274.827644113829 274.616028613348 274.610384195134 274.728486322269 274.378939510314 273.915363569 272.136032368141 267.27106835327 263.444023593367 263.219691028709 263.290701894203 263.016238572948 263.014813699858 263.11294832404 262.98526360532 259.461927179346 253.973922245698 259.01990337787 271.957994931074 275.904567025747 272.452998721274 262.927807884995 263.343448111587 263.801509569859
-9999 276.07865681182 274.504108467162 273.086148097504 273.705506337841 273.956251334706 274.897195232867 275.275337996379 274.719092331439 274.204282832462 275.530698956395 276.524711380257 276.127887278816 276.062639857421 275.29209743188 275.045254793991 274.82504223654 275.099994687852 275.374450063664 274.996595289448 275.298153511738 276.295490651111 276.117159477464 275.975683111608 275.482790619973 275.276083240634 274.990283531767 274.980551881324 274.878739598074 274.958017360367 274.493454229463 273.91362381322 273.692251192583 272.318670189558 267.185163443635 266.575963067316 263.033858788802 262.808626317409 262.953162671326 263.051969554059 263.02459522612 258.464750555719 248.153860498821 255.571952999839 275.506969766434 275.815621385814 267.123845945012 263.004494175553 263.184727915129 263.471878328335
277.502724424847 275.967193233148 274.653302121043 273.495272200298 273.388163811099 273.41346532273 273.91390937601 275.053390019942 274.667190388611 274.172531389951 275.877830998545 276.37874553757 275.97343164628 276.189262676136 275.340339213991 275.018282963773 274.737734562859 274.739474434722 275.04681205785 274.92951463568 275.389842812157 275.967891496416 275.854730328501 275.720105313227 275.488885200915 275.415351719881 275.325330975715 275.16955439411 274.964732658121 274.70837725582 -9999 -9999 273.874942362494 273.360539591834 271.047018248046 266.449590588734 267.881828167633 266.051572468165 262.48902543878 262.738092046455 262.311936864249 257.365737342102 248.04363187972 257.017822367731 274.793732816201 273.117544212833 262.453923735768 262.762587425054 263.01252376606 263.395976145465
277.198853165351 275.991131071115 274.940568220628 274.457475451781 273.802308169079 273.126722106608 273.025946712071 274.483957746816 274.004103229279 273.537618709583 275.391226807137 276.192932462876 275.633486603237 276.077974535206 275.209352446612 274.52145553791 274.495998537308 274.389567265004 274.455449467508 275.054705602517 275.625996579408 275.785590873781 275.594614443459 275.386118720447 275.235544508437 275.237131514703 275.111677870531 274.890086645562 274.793900864786 274.21456456814 -9999 273.914170035911 273.543214582488 270.893759703094 264.398557322309 267.919219384648 272.009011046153 268.744791467367 261.790397141371 261.65370917585 261.393881285526 256.939212973952 250.023011953097 260.338582669352 274.384158546722 270.6328088042 262.764162227969 262.860247783382 263.179642711776 263.608545202234
277.166757576224 275.881391447576 274.864167124409 273.966718841099 273.315221483681 272.941238914129 273.064248715917 274.04387805829 273.421774863621 272.361952597058 273.497082485298 275.755908759286 275.430689086008 275.931639009934 275.27499355503 274.0759456246 274.077665017425 273.93662189053 273.591570737403 274.598932998997 275.441967643269 275.589099356529 275.163202352461 274.780745784 274.886274908562 275.043463280659 274.860253050746 274.363891636556 274.33370801544 274.033207905638 -9999 273.78265521023 273.097201441734 265.722347468672 254.325703474935 271.231054972975 271.787208376948 268.034771145292 260.384979389666 259.318527987311 260.666896036895 257.297106137254 250.233870169688 259.260506202712 271.873895956453 265.105454476396 263.104923053313 262.958619339109 263.491655028258 263.999448906524
277.168243299379 275.743085702556 274.919620269843 274.39991231079 273.522375231686 272.987242800747 273.337975697229 273.751843825756 272.610406707701 270.905327815501 271.405641744721 275.335178247859 275.320335779951 275.838827589074 275.489188100933 274.514040580992 274.038244160654 273.885730568727 273.364749500195 273.818959889617 275.071838908657 -9999 274.946704210824 274.653373883159 274.277832471498 274.923801288032 274.445227438852 273.835809735898 273.861698854233 273.978505349717 274.117599092984 273.689498976939 269.074032766962 260.073515301335 261.919532772449 271.455048202944 271.221586928379 269.05297019701 262.893450475523 256.526651163307 256.164591392336 254.575173030951 253.382020740725 263.901263824982 264.055752676629 260.04572753852 263.309381319443 263.374668143922 263.908057952942 264.299026697356
