rcp8.5models/GFDL_CM3/sc1gr5.30
NCOLS 261 
NROWS 433 
XLLCORNER 336357.134 
YLLCORNER 654653.479 
CELLSIZE 1000 
NODATA_value -3.4e+38 
[rows 264 to 285 of 433, columns 98 to 146 of 261]
284.842132568359 286.76513671875 293.245239257812 292.980987548828 293.255615234375 293.383422851562 293.585052490234 293.316436767578 291.478424072266 283.334411621094 275.454284667969 282.41845703125 291.18115234375 291.0517578125 272.056854248047 263.718353271484 263.08984375 264.267333984375 264.798156738281 265.762451171875 272.970733642578 277.092437744141 280.096405029297 280.639007568359 280.631713867188 280.184875488281 280.021179199219 273.077423095703 266.680084228516 262.342468261719 256.224304199219 249.482849121094 241.798980712891 237.363784790039 240.567504882812 238.093566894531 228.63493347168 207.782318115234 215.200973510742 224.88200378418 233.932342529297 240.628433227539 242.515197753906 235.917770385742 233.977798461914 239.972808837891 252.710571289062 262.78759765625 274.044403076172
280.429748535156 282.009033203125 292.210662841797 291.933502197266 292.983306884766 293.058502197266 293.144622802734 293.131958007812 291.802764892578 285.068084716797 276.405578613281 280.576477050781 290.175628662109 290.637390136719 279.235260009766 266.555572509766 261.914184570312 263.657836914062 265.016784667969 266.129241943359 275.608795166016 279.472351074219 279.570892333984 279.992553710938 280.459228515625 279.558380126953 279.28857421875 274.818817138672 270.480529785156 263.372406005859 255.333068847656 246.761077880859 239.369903564453 236.552383422852 241.141357421875 241.606414794922 235.37744140625 216.075912475586 215.037353515625 214.677383422852 223.118560791016 227.54541015625 231.015518188477 229.114852905273 230.228790283203 240.358596801758 255.033554077148 260.849792480469 280.177032470703
272.426239013672 278.362060546875 291.503051757812 290.309509277344 291.583312988281 292.743469238281 292.373474121094 292.7001953125 293.052886962891 292.786224365234 287.792572021484 278.528625488281 277.515930175781 283.469573974609 286.707672119141 276.816833496094 264.312957763672 262.004760742188 263.587158203125 264.600921630859 262.085388183594 263.562042236328 269.105041503906 276.834716796875 279.933502197266 279.905822753906 279.478912353516 274.673492431641 272.150299072266 268.491577148438 261.485168457031 252.028350830078 239.437805175781 230.880493164062 232.754241943359 243.41081237793 246.336364746094 237.314590454102 232.946853637695 230.099349975586 224.304138183594 216.487213134766 213.797760009766 221.13932800293 235.480819702148 250.63395690918 258.396759033203 266.626617431641 279.974670410156
276.395385742188 280.70361328125 289.274444580078 288.184997558594 288.990509033203 292.368865966797 292.160614013672 292.269653320312 292.443908691406 292.590118408203 290.807983398438 282.993316650391 273.698394775391 273.216857910156 282.655731201172 276.102081298828 266.167175292969 261.418060302734 263.6298828125 264.941802978516 263.900634765625 266.826507568359 269.771697998047 271.445159912109 276.761962890625 279.617614746094 279.925140380859 276.904449462891 271.874816894531 266.297637939453 258.861083984375 248.554992675781 236.535171508789 230.936721801758 232.388748168945 242.457931518555 249.787673950195 244.569702148438 238.186798095703 238.478286743164 233.041351318359 226.405075073242 224.197814941406 222.908432006836 224.714279174805 238.009368896484 252.566818237305 263.962371826172 278.314117431641
274.468109130859 283.340637207031 288.702117919922 289.505126953125 289.743103027344 291.667602539062 292.123291015625 290.400939941406 287.200714111328 289.081939697266 292.325622558594 289.177032470703 282.388214111328 274.716064453125 274.011779785156 272.786102294922 268.4892578125 265.702087402344 264.93408203125 265.420837402344 266.627502441406 267.336303710938 268.665771484375 268.844696044922 271.481781005859 274.568725585938 280.320159912109 278.256317138672 272.775421142578 265.604888916016 256.991455078125 247.764862060547 237.268325805664 231.086364746094 232.815383911133 242.469192504883 251.897842407227 250.269607543945 245.224945068359 246.789138793945 243.741806030273 239.742828369141 235.926773071289 226.777297973633 218.644012451172 221.826904296875 234.00651550293 247.531768798828 272.335784912109
277.648315429688 287.329650878906 290.784515380859 291.730377197266 291.494110107422 290.669403076172 291.228424072266 290.261138916016 285.349365234375 282.322204589844 286.904815673828 291.525482177734 290.374237060547 282.087493896484 269.334503173828 269.721801757812 267.466369628906 267.446990966797 265.585998535156 266.798828125 268.865783691406 266.933349609375 267.824035644531 268.886596679688 268.743530273438 268.520263671875 274.914764404297 277.831176757812 275.029357910156 268.35205078125 257.317474365234 247.116989135742 236.236877441406 227.134979248047 232.247634887695 243.222900390625 250.687103271484 258.432342529297 254.795806884766 253.253814697266 249.71760559082 243.51953125 234.738479614258 223.889724731445 213.715240478516 212.306335449219 229.107727050781 245.498382568359 263.332061767578
279.145202636719 288.157165527344 293.484252929688 292.439208984375 291.186553955078 289.128143310547 289.159790039062 290.467102050781 288.01416015625 280.859771728516 278.249664306641 283.838500976562 288.70166015625 282.853363037109 270.329315185547 270.009857177734 268.391235351562 267.072631835938 266.315551757812 267.354461669922 269.321105957031 268.696472167969 268.369842529297 268.755950927734 269.444152832031 268.513244628906 267.418151855469 274.057342529297 275.630767822266 267.442352294922 255.088394165039 241.714157104492 233.274551391602 231.020004272461 233.199005126953 242.264373779297 251.080703735352 263.896453857422 259.347564697266 254.103591918945 247.453277587891 238.50309753418 228.424545288086 221.695755004883 215.232940673828 217.893371582031 236.496612548828 251.379241943359 249.831130981445
281.944305419922 288.8134765625 291.848388671875 290.938049316406 289.484436035156 287.442657470703 287.336303710938 288.255737304688 286.923217773438 284.733856201172 280.320892333984 280.447448730469 286.497802734375 284.045379638672 271.434112548828 270.758148193359 270.300354003906 268.752349853516 268.671051025391 269.127777099609 270.098937988281 270.912048339844 269.644073486328 269.136077880859 270.945159912109 270.646697998047 267.121032714844 271.431701660156 275.654541015625 265.908294677734 253.502853393555 243.65544128418 239.645477294922 238.921844482422 235.633529663086 243.12727355957 256.382415771484 265.161224365234 259.645172119141 252.203872680664 245.056793212891 240.904251098633 232.187957763672 228.241302490234 225.235290527344 220.805725097656 226.90510559082 239.546157836914 236.508270263672
285.133483886719 291.28466796875 288.129577636719 287.786865234375 286.465667724609 285.923553466797 286.793518066406 286.220336914062 284.552581787109 284.444519042969 284.910766601562 284.990753173828 286.041839599609 285.837432861328 271.691955566406 270.620880126953 271.095550537109 270.453765869141 270.915374755859 271.087554931641 270.923217773438 271.993255615234 271.843719482422 271.076324462891 272.085113525391 271.460235595703 269.624420166016 271.283477783203 274.853424072266 269.650756835938 258.622253417969 254.272552490234 252.508193969727 248.890350341797 246.128128051758 251.134414672852 262.489166259766 267.476287841797 260.568725585938 253.195770263672 249.012466430664 250.468566894531 244.420532226562 238.493682861328 229.761413574219 219.114120483398 214.936019897461 223.200836181641 238.521255493164
287.097412109375 292.703338623047 287.467437744141 284.845062255859 283.348388671875 282.730346679688 284.763427734375 285.779327392578 284.336700439453 282.508087158203 283.335876464844 285.548919677734 285.379455566406 285.452056884766 271.917205810547 270.293731689453 270.694854736328 270.718841552734 271.688720703125 271.776977539062 271.746490478516 272.857086181641 273.328582763672 272.955963134766 272.069549560547 270.200805664062 270.494415283203 270.362548828125 272.277893066406 272.700531005859 265.50732421875 261.248474121094 261.233489990234 258.515472412109 256.599487304688 259.115142822266 266.805603027344 268.277404785156 262.5849609375 258.346343994141 255.41960144043 252.638229370117 244.742324829102 234.244598388672 222.130187988281 219.220443725586 221.013290405273 223.218124389648 246.426696777344
291.808380126953 293.587677001953 290.4755859375 284.425079345703 282.136108398438 281.169647216797 284.719421386719 286.036804199219 285.079223632812 285.068450927734 282.263519287109 281.757263183594 283.479339599609 284.311889648438 273.179656982422 270.225311279297 270.520751953125 270.256896972656 271.331329345703 271.736419677734 272.218627929688 272.767486572266 273.265197753906 273.527770996094 272.176177978516 270.233703613281 271.464294433594 270.828979492188 271.023712158203 272.529815673828 269.866271972656 264.986572265625 264.500671386719 261.711730957031 259.326080322266 261.66357421875 267.628082275391 266.177917480469 262.398681640625 257.339660644531 253.007919311523 247.358245849609 240.673583984375 231.746307373047 224.929824829102 225.979919433594 231.959030151367 231.442138671875 249.686462402344
294.302032470703 292.330322265625 290.443603515625 287.520904541016 284.107849121094 282.200531005859 285.997985839844 287.327789306641 287.510650634766 287.216644287109 282.839263916016 279.615661621094 279.907562255859 282.013488769531 276.143127441406 270.523712158203 270.600402832031 270.170043945312 270.867248535156 271.518707275391 272.294616699219 272.504821777344 273.170227050781 273.592559814453 272.893829345703 272.111175537109 272.250823974609 272.251586914062 272.065460205078 272.482421875 272.142761230469 268.402465820312 265.414367675781 263.505035400391 261.468414306641 263.400085449219 269.344879150391 265.126556396484 261.978485107422 256.261016845703 249.258605957031 244.153411865234 241.545394897461 239.230895996094 233.287216186523 231.468078613281 234.570266723633 231.073822021484 248.273849487305
294.892608642578 292.950927734375 290.796295166016 289.298797607422 288.542419433594 286.914733886719 288.368530273438 289.777435302734 289.112823486328 286.835357666016 283.760375976562 279.168426513672 273.455230712891 273.877990722656 276.636077880859 269.736206054688 270.245239257812 270.251220703125 270.357269287109 271.139190673828 272.047271728516 271.817230224609 272.577819824219 273.609100341797 273.295562744141 273.2021484375 272.843170166016 273.050994873047 273.262573242188 272.773529052734 272.207611083984 270.295257568359 266.881774902344 262.135559082031 259.779876708984 263.036224365234 269.069610595703 264.849273681641 262.322326660156 258.664794921875 251.444259643555 246.189193725586 246.479141235352 247.315063476562 240.141082763672 237.605819702148 235.675598144531 228.117828369141 236.093902587891
294.533081054688 293.505401611328 291.971649169922 288.509216308594 289.735626220703 289.350799560547 290.340148925781 290.723541259766 289.599426269531 287.559661865234 285.537750244141 281.428619384766 274.985748291016 272.411254882812 271.987121582031 268.481689453125 269.344665527344 269.509002685547 269.338256835938 269.785675048828 270.843078613281 271.181976318359 271.881408691406 273.240295410156 273.704315185547 274.175445556641 273.604583740234 273.70556640625 273.307495117188 272.977935791016 272.428833007812 271.352752685547 269.159088134766 264.015319824219 259.893768310547 261.235198974609 265.803649902344 267.861877441406 263.871978759766 259.559906005859 256.061218261719 254.53498840332 255.396835327148 257.109680175781 250.965042114258 247.274566650391 239.431655883789 234.051025390625 228.049743652344
292.802764892578 290.097106933594 290.772583007812 283.969024658203 280.901275634766 279.340454101562 281.282897949219 283.439880371094 283.547241210938 281.582183837891 281.256927490234 283.787292480469 286.807067871094 285.468780517578 271.263610839844 265.729858398438 266.709594726562 267.254333496094 266.476440429688 265.239837646484 266.710632324219 270.620025634766 271.756103515625 273.064331054688 273.805450439453 274.006042480469 274.565216064453 273.877685546875 273.348327636719 273.072967529297 273.381500244141 273.357025146484 273.139434814453 272.542449951172 270.372253417969 267.356384277344 270.207824707031 276.891815185547 273.535858154297 268.401611328125 264.638366699219 264.922637939453 266.492309570312 268.548950195312 266.667175292969 258.867401123047 248.351089477539 239.139694213867 223.884490966797
291.998962402344 290.270843505859 291.696319580078 288.977874755859 282.931915283203 270.178497314453 267.148010253906 274.164093017578 276.023559570312 270.024200439453 269.093505859375 272.905303955078 278.74072265625 276.673828125 266.357086181641 262.767578125 265.24853515625 268.011383056641 267.897369384766 265.306488037109 266.179351806641 270.764282226562 272.813354492188 273.010589599609 273.024963378906 272.285919189453 274.657104492188 274.151397705078 273.499572753906 273.287414550781 273.826965332031 273.851348876953 273.444854736328 272.870788574219 271.789367675781 270.611053466797 271.882690429688 277.289581298828 276.938018798828 274.888519287109 270.906921386719 266.595916748047 262.257354736328 264.792236328125 -3.4e+38 261.458404541016 249.419052124023 240.810256958008 235.18977355957
292.648864746094 292.206909179688 291.454223632812 289.047180175781 288.404113769531 276.306732177734 263.350006103516 264.157684326172 268.810455322266 266.381958007812 265.648803710938 266.587066650391 268.433654785156 268.155364990234 262.736602783203 264.992980957031 267.703430175781 269.275024414062 269.243591308594 268.015533447266 267.318664550781 270.072296142578 273.707244873047 272.728790283203 271.563598632812 271.1123046875 273.044555664062 274.393524169922 273.728454589844 274.229583740234 274.077575683594 274.088165283203 274.315612792969 274.0068359375 273.287719726562 272.631958007812 272.331970214844 277.054901123047 278.350036621094 -3.4e+38 274.515411376953 267.553955078125 260.349761962891 263.167633056641 271.293792724609 267.5869140625 258.039886474609 251.314346313477 248.36296081543
294.003021240234 294.419708251953 292.718688964844 289.449951171875 290.827484130859 288.365203857422 276.695037841797 266.981323242188 268.220367431641 268.373168945312 268.244873046875 267.870025634766 268.012329101562 268.626617431641 266.806884765625 269.327514648438 270.426086425781 269.670379638672 268.248321533203 268.960205078125 268.820037841797 268.993438720703 273.7607421875 272.701995849609 271.560607910156 272.438629150391 270.942230224609 271.705474853516 274.307525634766 275.062133789062 274.314910888672 274.104553222656 275.038208007812 275.473663330078 274.877746582031 274.155334472656 272.58447265625 275.058135986328 276.757629394531 277.153717041016 -3.4e+38 271.763488769531 265.087493896484 267.038391113281 272.558685302734 270.886901855469 262.105804443359 252.946319580078 249.166976928711
292.657775878906 293.039489746094 293.471832275391 291.351257324219 290.415008544922 291.25830078125 288.233306884766 278.699279785156 270.490539550781 268.283477783203 268.915893554688 269.921142578125 270.587341308594 270.440063476562 270.302062988281 270.160125732422 270.722991943359 270.480224609375 269.356903076172 270.210754394531 272.441101074219 271.518646240234 273.697143554688 273.253753662109 272.093444824219 270.179809570312 267.065063476562 268.154602050781 272.452545166016 275.568054199219 274.427215576172 274.103820800781 274.84130859375 275.689666748047 275.845306396484 275.014099121094 272.834747314453 274.4638671875 275.071044921875 276.112701416016 277.906799316406 275.972625732422 271.797180175781 273.16015625 273.975067138672 271.159484863281 261.437835693359 250.529937744141 248.820983886719
291.358337402344 290.445495605469 290.000762939453 289.912872314453 288.301208496094 289.143646240234 290.307861328125 282.806915283203 271.887420654297 269.122711181641 268.575653076172 269.65673828125 270.184844970703 270.873931884766 270.743072509766 270.779205322266 271.147033691406 271.319580078125 270.895904541016 270.902313232422 273.297912597656 273.978363037109 273.694244384766 271.929718017578 267.652648925781 263.144226074219 260.135345458984 266.734985351562 270.882476806641 273.951965332031 273.693450927734 275.269958496094 275.926788330078 276.199493408203 276.453063964844 276.019256591797 273.994781494141 275.110656738281 -3.4e+38 275.728454589844 276.683441162109 -3.4e+38 -3.4e+38 272.031921386719 273.410186767578 271.024322509766 260.650634765625 250.906631469727 249.624252319336
290.754760742188 287.740539550781 285.534973144531 288.246398925781 287.584320068359 287.414581298828 287.517822265625 283.868743896484 278.364196777344 273.291687011719 268.568695068359 266.180908203125 267.080291748047 269.271636962891 271.155212402344 271.217102050781 271.197418212891 271.139831542969 271.189636230469 271.068206787109 272.612915039062 272.823760986328 271.033416748047 268.164947509766 260.947601318359 255.136581420898 254.887237548828 264.118865966797 269.339996337891 271.82958984375 273.367309570312 274.821166992188 274.723327636719 275.153564453125 276.402740478516 277.117706298828 275.920989990234 275.777648925781 276.578125 -3.4e+38 276.113128662109 277.7138671875 273.915802001953 268.325134277344 271.475006103516 268.825958251953 259.040832519531 247.222290039062 248.618392944336
291.777618408203 288.837738037109 286.277374267578 288.476226806641 288.388305664062 287.438232421875 285.219329833984 284.769592285156 285.404266357422 279.354034423828 271.502227783203 268.182891845703 267.8466796875 267.034271240234 271.1259765625 270.770935058594 270.961212158203 271.133331298828 271.672393798828 272.369842529297 273.3623046875 272.036682128906 267.767730712891 263.860382080078 256.303070068359 250.555282592773 259.452880859375 265.944396972656 270.030517578125 271.657104492188 272.77001953125 273.537872314453 271.901397705078 271.855499267578 272.167144775391 273.434692382812 -3.4e+38 277.180908203125 -3.4e+38 -3.4e+38 -3.4e+38 277.929809570312 -3.4e+38 -3.4e+38 271.580718994141 264.157257080078 256.0009765625 248.510131835938 251.477752685547
