rcp8.5models/GFDL_CM3/sc1gr8.33
NCOLS 261 
NROWS 433 
XLLCORNER 336357.134 
YLLCORNER 654653.479 
CELLSIZE 1000 
NODATA_value -9999 
[rows 0 to 21 of 433, columns 50 to 99 of 261]
-9999 -9999 -9999 -9999 -9999 -9999 -9999 -9999 -9999 -9999 -9999 -9999 -9999 -9999 -9999 -9999 -9999 -9999 -9999 -9999 -9999 -9999 -9999 -9999 -9999 -9999 -9999 -9999 -9999 -9999 -9999 -9999 -9999 -9999 -9999 -9999 -9999 -9999 -9999 -9999 -9999 -9999 -9999 -9999 -9999 -9999 -9999 -9999 -9999 -9999
-9999 -9999 -9999 -9999 -9999 -9999 -9999 -9999 -9999 -9999 -9999 -9999 -9999 -9999 -9999 -9999 -9999 -9999 -9999 -9999 52.2476921081543 52.3093605041504 52.8640937805176 53.5424461364746 53.7595672607422 53.8435821533203 54.0763320922852 54.6909217834473 55.3992652893066 55.4821319580078 55.5686302185059 -9999 -9999 -9999 -9999 -9999 -9999 -9999 -9999 -9999 -9999 -9999 -9999 -9999 -9999 -9999 -9999 -9999 -9999 -9999
-9999 -9999 -9999 -9999 -9999 -9999 -9999 -9999 -9999 -9999 -9999 -9999 -9999 -9999 -9999 -9999 -9999 -9999 -9999 51.3551406860352 51.7130661010742 52.1641082763672 52.4728965759277 53.0658416748047 53.2878646850586 53.7069206237793 53.8819847106934 54.1038970947266 55.1808090209961 55.4344444274902 55.5207061767578 55.5908508300781 -9999 -9999 -9999 -9999 -9999 -9999 -9999 -9999 -9999 -9999 -9999 -9999 -9999 -9999 -9999 -9999 -9999 -9999
-9999 -9999 47.6765899658203 47.7228012084961 47.7938804626465 47.8652076721191 47.431339263916 47.5030555725098 47.6721801757812 47.6909217834473 -9999 -9999 47.6243667602539 48.3672637939453 49.0303344726562 49.2670593261719 49.3424949645996 50.2210121154785 50.666088104248 50.9720115661621 51.435718536377 51.7417449951172 52.1898498535156 52.4972229003906 52.6170692443848 53.1816482543945 53.3954277038574 53.8174362182617 54.3464889526367 54.8659553527832 55.3788223266602 55.539234161377 -9999 -9999 -9999 -9999 -9999 -9999 -9999 -9999 -9999 -9999 -9999 -9999 -9999 -9999 -9999 -9999 -9999 -9999
47.4678688049316 47.5376319885254 47.315357208252 47.2319183349609 47.3041534423828 47.3766250610352 47.3951454162598 47.4665565490723 47.5381889343262 47.6100425720215 47.5474433898926 47.5599975585938 47.7703971862793 48.3303833007812 48.674919128418 48.7899551391602 49.1870460510254 50.0604782104492 50.2494621276855 50.3653678894043 50.8942375183105 51.4615287780762 51.7657356262207 51.8822784423828 52.2975463867188 52.6035461425781 53.080436706543 53.3847312927246 54.0044593811035 54.2340698242188 54.8602180480957 55.4002571105957 55.5398864746094 -9999 -9999 -9999 -9999 -9999 -9999 -9999 -9999 -9999 -9999 -9999 -9999 -9999 -9999 -9999 -9999 -9999
46.6752624511719 46.583854675293 46.5779342651367 46.9119911193848 47.1375389099121 47.207691192627 46.899829864502 46.9720878601074 47.0445518493652 47.1172180175781 47.1900863647461 47.2631492614746 47.6518745422363 47.9530296325684 48.3978042602539 48.5957450866699 48.7762145996094 49.7833518981934 -9999 50.1591491699219 -9999 50.9212837219238 51.4862174987793 51.6663703918457 51.8702621459961 52.3205223083496 52.6252784729004 53.1034622192383 53.8619651794434 54.0220184326172 54.2541732788086 54.5110321044922 55.3475036621094 -9999 -9999 -9999 -9999 -9999 -9999 -9999 -9999 -9999 -9999 -9999 -9999 -9999 -9999 -9999 -9999 -9999
46.2801170349121 46.3067779541016 46.3741607666016 46.2213363647461 46.1812553405762 46.2528381347656 46.5833053588867 46.7966995239258 46.8668823242188 46.9372825622559 47.0078964233398 47.0787162780762 47.2486190795898 47.360179901123 48.1900901794434 48.5437049865723 48.6173667907715 48.9917259216309 -9999 -9999 -9999 -9999 50.6154823303223 -9999 51.6856536865234 51.8916168212891 52.3423233032227 52.6458892822266 53.4262428283691 53.8824272155762 54.0384178161621 54.120548248291 54.8767166137695 55.4221305847168 -9999 -9999 -9999 -9999 -9999 -9999 -9999 -9999 -9999 -9999 -9999 -9999 -9999 -9999 -9999 -9999
46.1973190307617 45.964542388916 45.8762855529785 45.8643493652344 45.891242980957 45.9584808349609 46.183464050293 46.6110038757324 46.8199119567871 46.8897399902344 46.9597816467285 47.0300254821777 47.100471496582 47.1711120605469 47.4524230957031 47.9379653930664 48.4532775878906 48.7113952636719 -9999 -9999 -9999 -9999 -9999 -9999 51.4442596435547 51.7038078308105 51.9118385314941 52.0238227844238 -9999 53.445255279541 53.901668548584 54.0536422729492 54.2908897399902 54.9276313781738 -9999 -9999 -9999 -9999 -9999 -9999 -9999 -9999 -9999 -9999 -9999 -9999 -9999 -9999 -9999 -9999
45.5393486022949 45.6886024475098 45.7146949768066 45.7809219360352 45.5427627563477 45.4647254943848 45.6016006469727 46.0808944702148 46.3292007446289 46.3998184204102 46.4706420898438 46.5416526794434 46.930305480957 47.1212387084961 47.1914978027344 47.7067375183105 48.042179107666 -9999 48.7305221557617 49.2706489562988 49.6043815612793 50.0468826293945 50.2168273925781 50.2925758361816 -9999 51.4691581726074 51.720817565918 51.7990531921387 -9999 -9999 53.4630851745605 53.9196662902832 54.0676727294922 54.3074684143066 54.2398986816406 -9999 -9999 -9999 -9999 -9999 -9999 -9999 -9999 -9999 -9999 -9999 -9999 -9999 -9999 -9999
45.0412902832031 45.4517059326172 45.369384765625 45.2861785888672 45.2702407836914 45.296630859375 45.4289245605469 45.9074020385742 46.1516418457031 46.2199897766113 46.2885437011719 46.3573036193848 46.5266075134277 46.6350898742676 47.0269355773926 47.6569137573242 47.8823585510254 -9999 48.5750961303711 48.8706245422363 -9999 -9999 50.0680999755859 50.2338333129883 -9999 -9999 51.5784873962402 51.7366676330566 -9999 52.6301727294922 53.1835289001465 53.4797134399414 53.936408996582 54.0804977416992 54.1611595153809 54.223819732666 -9999 -9999 -9999 -9999 -9999 -9999 -9999 -9999 -9999 -9999 -9999 -9999 -9999 -9999
44.350456237793 44.3738555908203 44.8270950317383 45.2061233520508 45.3301963806152 45.3090705871582 45.5797691345215 46.0613174438477 46.1686477661133 46.2758636474609 46.3813400268555 45.9941253662109 46.212100982666 46.3967170715332 46.4648818969727 46.6448440551758 47.2008895874023 -9999 47.9900398254395 48.1781845092773 48.6163787841797 -9999 49.4642372131348 49.6629638671875 50.1069297790527 50.2643966674805 50.478687286377 51.0844535827637 51.7648010253906 51.841667175293 -9999 -9999 53.2161064147949 53.5092887878418 53.9660720825195 54.1024627685547 54.1821212768555 -9999 -9999 -9999 -9999 -9999 -9999 -9999 -9999 -9999 -9999 -9999 -9999 -9999
43.9683227539062 43.8804969787598 44.4567680358887 45.1116523742676 45.3375816345215 45.4029579162598 45.5343627929688 46.0167961120605 46.2552146911621 46.3230590820312 46.3911170959473 46.3164710998535 46.4313011169434 46.3959999084473 46.4148597717285 46.4826126098633 47.0046463012695 47.765983581543 47.9358673095703 48.0063323974609 -9999 -9999 -9999 49.4793968200684 -9999 50.1245079040527 50.2779159545898 50.4947090148926 51.7007827758789 51.7770576477051 51.9954109191895 -9999 52.7452239990234 53.2304725646973 53.5222053527832 53.9789543151855 54.1115684509277 -9999 -9999 -9999 -9999 -9999 -9999 -9999 -9999 -9999 -9999 -9999 -9999 -9999
43.5479393005371 43.7217788696289 44.3295669555664 44.7398223876953 44.8470726013184 44.9132843017578 45.3670310974121 45.6615219116211 46.0837631225586 46.2755165100098 46.3429565429688 46.4105949401855 46.4784355163574 46.5011940002441 46.0886268615723 46.3259086608887 46.6142044067383 47.3509750366211 47.7858238220215 -9999 -9999 -9999 49.1385231018066 49.420825958252 -9999 -9999 50.1408424377441 -9999 51.5677452087402 51.7122688293457 51.7880783081055 -9999 -9999 -9999 53.2435340881348 53.8869171142578 54.0407676696777 54.1193923950195 -9999 -9999 -9999 -9999 -9999 -9999 -9999 -9999 -9999 -9999 -9999 -9999
43.4322357177734 44.1110572814941 44.183650970459 44.4744033813477 44.6806030273438 44.7444953918457 45.2882194519043 45.5240325927734 45.6852111816406 45.7901992797852 46.1770248413086 46.3617706298828 46.4289855957031 46.4963989257812 46.4108581542969 -9999 46.3457717895508 47.1838455200195 -9999 -9999 47.9658889770508 -9999 -9999 -9999 49.4340400695801 49.5061302185059 49.711009979248 50.1559028625488 51.0602226257324 51.5818557739258 51.7224998474121 -9999 -9999 -9999 -9999 53.4084815979004 53.9203948974609 54.0478057861328 54.1259231567383 -9999 -9999 -9999 -9999 -9999 -9999 -9999 -9999 -9999 -9999 -9999
43.088996887207 43.735408782959 43.9709358215332 44.3957252502441 44.3273735046387 44.5684394836426 45.2448501586914 45.4782867431641 45.5437469482422 45.6094131469727 45.7746734619141 45.878589630127 46.2683944702148 46.4462585449219 -9999 -9999 -9999 47.0304145812988 -9999 47.3859748840332 47.8218574523926 47.9791374206543 48.0482711791992 48.3791999816895 49.2126770019531 49.4460296630859 49.5176620483398 49.7245903015137 50.4604187011719 51.0764312744141 51.5946502685547 51.7314682006836 -9999 -9999 -9999 -9999 52.8765640258789 53.3331069946289 53.45751953125 53.274772644043 -9999 -9999 -9999 -9999 -9999 -9999 -9999 -9999 -9999 -9999
42.6701393127441 43.434440612793 43.5831604003906 43.9090919494629 44.5027618408203 44.803825378418 45.5144691467285 45.4839744567871 45.4973449707031 45.5623779296875 45.627613067627 45.693042755127 45.8624000549316 -9999 -9999 46.3714828491211 -9999 -9999 47.1448554992676 47.212459564209 47.4017028808594 47.838005065918 47.9911804199219 48.0598602294922 48.7555847167969 49.3107147216797 49.4567756652832 49.5279502868652 50.2478294372559 50.4719848632812 51.0913200378418 51.0929260253906 51.1403732299805 51.215518951416 -9999 -9999 -9999 52.6223793029785 53.0764999389648 53.1950607299805 -9999 -9999 -9999 -9999 -9999 -9999 -9999 -9999 -9999 -9999
-9999 -9999 -9999 -9999 44.5471801757812 44.8488998413086 45.5605697631836 45.5859184265137 45.1827392578125 45.3992195129395 45.5798988342285 45.6446838378906 -9999 -9999 46.3082313537598 46.4773559570312 45.9106407165527 46.0886573791504 46.9048080444336 47.1578178405762 47.2249603271484 47.7517967224121 47.9339714050293 48.0020027160645 48.2082366943359 49.1442337036133 49.3957252502441 49.466251373291 50.1196174621582 49.7472915649414 49.8834419250488 50.6407051086426 50.8213005065918 50.8935394287109 51.1183738708496 -9999 -9999 -9999 52.986988067627 53.1230697631836 -9999 -9999 -9999 -9999 -9999 -9999 -9999 -9999 -9999 -9999
-9999 -9999 -9999 -9999 44.5160026550293 44.8046836853027 45.5148620605469 45.5794105529785 45.0529136657715 44.9980697631836 45.4200592041016 -9999 -9999 -9999 45.8984260559082 46.3262977600098 -9999 45.7987403869629 46.7878532409668 47.103084564209 47.1695594787598 47.3606262207031 47.7967071533203 47.9440078735352 48.0115776062012 48.3526916503906 49.1889953613281 49.4043807983398 49.1792373657227 49.3226051330566 49.4163627624512 49.7906494140625 50.6418876647949 50.8267364501953 50.8985290527344 51.4797096252441 -9999 -9999 -9999 53.0116882324219 53.3672103881836 -9999 -9999 -9999 -9999 -9999 -9999 -9999 -9999 -9999
-9999 -9999 -9999 -9999 44.7199287414551 44.7604370117188 45.469123840332 45.533016204834 45.0044326782227 44.8526000976562 45.0169105529785 -9999 45.5058860778809 -9999 45.7394104003906 45.4442138671875 45.5707969665527 45.7463340759277 46.0539970397949 46.8719825744629 47.1140518188477 47.1800498962402 47.373119354248 47.8094673156738 47.9527816772461 48.0198860168457 48.3659172058105 48.7023391723633 48.6774024963379 49.1987533569336 49.3525733947754 49.4214782714844 50.530216217041 50.7596893310547 50.8308753967285 51.0576057434082 -9999 -9999 -9999 -9999 53.126163482666 53.7331199645996 53.831729888916 -9999 -9999 -9999 -9999 -9999 -9999 -9999
-9999 -9999 -9999 -9999 -9999 44.4106903076172 45.4233474731445 45.4865837097168 44.9559288024902 44.8060264587402 44.8683471679688 -9999 45.4241714477539 45.6255226135254 -9999 45.1215476989746 45.111572265625 -9999 45.7569465637207 46.0694274902344 46.8893661499023 47.1237487792969 47.189266204834 47.3843307495117 47.8208961486816 47.4634590148926 47.4283752441406 47.9237594604492 48.5780601501465 48.7891578674316 49.2315635681152 49.3568458557129 49.7364082336426 50.2070465087891 50.7109336853027 50.8336982727051 51.0624694824219 -9999 -9999 -9999 -9999 53.2959442138672 53.7496032714844 53.8292846679688 -9999 -9999 -9999 -9999 -9999 -9999
-9999 -9999 -9999 -9999 -9999 -9999 44.8195304870605 44.8713150024414 44.7471542358398 44.7594146728516 44.8210754394531 44.8829116821289 -9999 45.4751853942871 45.169059753418 44.9324417114258 44.9474792480469 45.5529823303223 45.7036933898926 45.7663192749023 46.0836143493652 46.9053688049316 -9999 -9999 47.2404365539551 47.1079521179199 47.132869720459 47.3353729248047 48.4511222839355 48.5826797485352 48.7958106994629 49.2381896972656 49.359806060791 49.5799789428711 50.5743103027344 50.764892578125 50.8351745605469 51.4233512878418 51.5532836914062 -9999 -9999 -9999 53.6610717773438 53.7757682800293 53.8254089355469 -9999 -9999 -9999 -9999 -9999
-9999 -9999 -9999 -9999 -9999 -9999 -9999 -9999 -9999 -9999 -9999 44.456844329834 43.9369468688965 -9999 -9999 44.6928215026855 44.8459892272949 44.9669570922852 45.4833221435547 45.6581420898438 45.7195892333984 -9999 45.527271270752 -9999 -9999 -9999 46.949291229248 47.0776443481445 47.8480415344238 48.3959617614746 48.5219192504883 48.7368545532227 49.178394317627 49.2947883605957 49.5167922973633 50.1307640075684 50.6509170532227 50.9258728027344 51.3730125427246 51.4797401428223 -9999 -9999 -9999 53.5853233337402 53.6937866210938 53.7659721374512 -9999 -9999 -9999 -9999
