rcp8.5models/GFDL_CM3/sc1gr2.14
NCOLS 261 
NROWS 433 
XLLCORNER 336357.134 
YLLCORNER 654653.479 
CELLSIZE 1000 
NODATA_value -3.4e+38 
[rows 374 to 395 of 433, columns 147 to 195 of 261]
-3.4e+38 -3.4e+38 324.589324951172 324.604827880859 324.618927001953 324.631652832031 324.642913818359 324.472900390625 324.862426757812 325.985260009766 -3.4e+38 326.840942382812 327.173919677734 327.172821044922 327.004730224609 326.503662109375 326.326141357422 326.65771484375 326.644317626953 326.625152587891 326.616119384766 327.081695556641 328.070281982422 -3.4e+38 328.030609130859 327.705993652344 327.133544921875 327.752624511719 328.429290771484 328.549072265625 329.166473388672 329.846954345703 329.815338134766 329.385345458984 329.850128173828 330.448486328125 331.140808105469 330.832855224609 330.058532714844 330.149353027344 330.476715087891 330.433532714844 330.389343261719 -3.4e+38 331.173217773438 331.823150634766 332.032958984375 331.841033935547 332.557739257812
323.829223632812 323.717315673828 324.045379638672 324.060760498047 324.074798583984 324.266448974609 324.415985107422 324.284729003906 324.794006347656 325.308532714844 326.155151367188 -3.4e+38 -3.4e+38 -3.4e+38 326.798217773438 326.128784179688 326.122985839844 326.115539550781 326.430358886719 327.095672607422 326.764739990234 326.544982910156 327.54248046875 327.523742675781 327.503540039062 327.478576660156 327.599639892578 328.226104736328 328.903289794922 329.020629882812 329.489044189453 329.81787109375 329.786804199219 329.500579833984 330.321685791016 330.650115966797 330.612976074219 330.57470703125 330.535308837891 330.494812011719 330.453277587891 330.410675048828 330.367065429688 330.573791503906 331.152893066406 331.806213378906 332.015167236328 -3.4e+38 332.650451660156
323.776580810547 323.672485351562 324.005737304688 324.021270751953 324.035461425781 324.410003662109 324.878204345703 324.744232177734 324.899383544922 324.756958007812 325.615325927734 -3.4e+38 326.604797363281 326.770843505859 326.92626953125 326.421661376953 326.086486816406 326.079376220703 326.39453125 327.060272216797 326.887054443359 326.688385009766 327.496948242188 327.326934814453 327.115966796875 327.591400146484 327.921691894531 328.194671630859 328.872528076172 329.137359619141 329.674926757812 329.293060302734 329.402770996094 329.469665527344 330.299011230469 330.623657226562 330.587066650391 330.549346923828 330.510528564453 330.470611572266 330.429626464844 330.387603759766 330.344604492188 330.425903320312 330.879058837891 331.782897949219 -3.4e+38 331.68310546875 332.251800537109
324.24609375 323.949432373047 323.783111572266 323.850708007812 324.310668945312 324.371185302734 325.198364257812 325.348968505859 325.039642333984 325.220275878906 325.722808837891 326.059753417969 326.060974121094 326.231536865234 326.400085449219 326.06396484375 326.049987792969 326.204345703125 326.692291259766 327.183319091797 327.349639892578 327.155975341797 327.475524902344 327.302062988281 327.237274169922 327.911865234375 327.889862060547 328.163116455078 328.841674804688 328.962646484375 329.290161132812 329.113220214844 328.872131347656 329.803375244141 330.13037109375 330.37060546875 330.924255371094 330.523834228516 330.617004394531 330.814361572266 330.405792236328 330.364349365234 330.321899414062 -3.4e+38 330.357727050781 331.263214111328 331.594268798828 331.548797607422 -3.4e+38
323.891937255859 323.910247802734 323.740264892578 323.809234619141 324.278411865234 324.332550048828 325.341491699219 325.811920166016 325.320281982422 325.359832763672 326.186584472656 326.022033691406 326.023468017578 325.856872558594 325.358825683594 325.186706542969 325.682800292969 326.172637939453 326.505889892578 326.975708007812 327.816955566406 327.463104248047 326.595092773438 327.070068359375 327.547637939453 327.879486083984 327.857940673828 327.984954833984 328.316284179688 328.434387207031 328.903778076172 329.232025146484 329.195922851562 329.281494140625 329.746185302734 330.475555419922 331.3994140625 330.730590820312 330.357482910156 331.160766601562 330.381774902344 330.340881347656 330.299011230469 330.256134033203 330.212310791016 330.620513916016 330.692443847656 331.024230957031 331.095642089844
323.852996826172 323.871368408203 323.888427734375 323.904205322266 323.738220214844 323.800018310547 324.986846923828 325.77783203125 325.464874267578 325.641998291016 326.325225830078 326.308441162109 325.986114501953 325.815093994141 325.477752685547 325.474731445312 325.474822998047 325.639129638672 325.96337890625 326.596221923828 327.943298339844 327.459838867188 326.552215576172 327.040649414062 327.523468017578 327.847076416016 327.973693847656 328.297637939453 328.128967285156 328.045379638672 328.728179931641 328.985717773438 329.671478271484 329.105590820312 329.485687255859 330.680053710938 331.145111083984 331.072601318359 330.197174072266 330.897888183594 330.599090576172 329.945648193359 330.150024414062 329.733947753906 329.690185546875 330.101013183594 330.055023193359 330.12548828125 330.574798583984
323.814392089844 324.017639160156 324.344451904297 324.178100585938 323.695465087891 323.570831298828 324.447204589844 -3.4e+38 325.423034667969 325.786102294922 326.608764648438 326.280090332031 325.948883056641 325.949188232422 325.947998046875 325.945251464844 325.611663818359 325.261657714844 326.087280273438 326.579071044922 -3.4e+38 327.239044189453 327.020874023438 327.344879150391 327.481414794922 327.963470458984 328.438995361328 328.625793457031 328.106231689453 328.014587402344 328.698059082031 328.814849853516 329.287048339844 329.581695556641 329.687652587891 330.154632568359 330.616973876953 330.815765380859 330.409698486328 -3.4e+38 -3.4e+38 330.291259765625 330.000915527344 329.210906982422 329.168182373047 329.579071044922 329.652374267578 329.988250732422 330.056671142578
324.084564208984 324.168304443359 324.811584472656 324.459167480469 323.842041015625 323.855346679688 324.227203369141 325.235015869141 325.707489013672 325.744415283203 326.408386230469 325.586151123047 325.744049072266 325.752349853516 326.403869628906 326.237762451172 325.737670898438 325.557464599609 326.056457519531 326.228149414062 326.191650390625 327.021881103516 327.331573486328 327.325317382812 327.457824707031 328.083587646484 328.614562988281 328.096954345703 327.8623046875 328.190887451172 328.173614501953 328.287445068359 328.755615234375 329.195037841797 329.521911621094 329.625640869141 329.958862304688 330.055236816406 -3.4e+38 -3.4e+38 330.437683105469 330.517059326172 329.729827880859 329.439117431641 328.891693115234 329.178955078125 329.633392333984 329.968078613281 329.921508789062
324.239379882812 324.255035400391 324.462921142578 324.602996826172 324.117248535156 323.996551513672 324.505218505859 325.021240234375 325.531219482422 325.857360839844 325.691955566406 325.370300292969 -3.4e+38 -3.4e+38 326.709899902344 326.048095703125 325.538543701172 325.863464355469 325.856689453125 326.006408691406 326.492553710938 326.827423095703 327.150787353516 326.936248779297 327.265258789062 327.706451416016 328.431396484375 327.854705810547 328.183746337891 328.022003173828 327.637664794922 327.755249023438 328.228637695312 328.664611816406 328.998657226562 329.100158691406 329.561279296875 330.023803710938 330.358367919922 -3.4e+38 -3.4e+38 -3.4e+38 329.829925537109 329.792633056641 328.868255615234 328.896331787109 330.111572265625 330.331909179688 329.901702880859
323.663055419922 323.681365966797 324.070281982422 324.719207763672 324.552062988281 324.235504150391 324.252563476562 324.267395019531 324.447387695312 324.961547851562 325.469207763672 325.455413818359 324.801422119141 -3.4e+38 325.818298339844 325.478973388672 325.126281738281 325.792236328125 325.945220947266 326.275451660156 326.751647949219 327.443481445312 327.042724609375 327.718414306641 327.702239990234 327.832946777344 328.011627197266 327.645538330078 327.475769042969 327.098388671875 327.225036621094 327.551727294922 327.528472900391 327.966033935547 328.213195800781 329.038513183594 329.242279052734 329.240264892578 330.306579589844 -3.4e+38 -3.4e+38 -3.4e+38 330.531555175781 330.118347167969 329.711639404297 329.993865966797 330.186340332031 329.973968505859 327.317413330078
323.318664550781 323.644317626953 324.033447265625 324.490173339844 324.370697021484 324.705322265625 324.534484863281 324.226165771484 324.595001220703 325.238159179688 325.422271728516 325.587738037109 325.089202880859 324.766204833984 324.601287841797 324.43603515625 325.090637207031 325.756805419922 326.074462890625 326.580413818359 326.393218994141 326.890533447266 327.348846435547 327.685180664062 327.818878173828 328.297332763672 328.335723876953 327.613891601562 327.5927734375 327.423706054688 327.185333251953 327.521820068359 327.353576660156 328.300811767578 -3.4e+38 328.884338378906 328.849670410156 328.945587158203 329.547027587891 -3.4e+38 -3.4e+38 330.796325683594 331.008666992188 330.593139648438 330.309204101562 329.971923828125 330.046722412109 329.572509765625 327.533813476562
323.274536132812 323.607574462891 323.813262939453 324.329559326172 324.655090332031 324.668487548828 324.680633544922 324.509765625 324.553894042969 325.217315673828 -3.4e+38 325.403228759766 325.555450439453 325.055511474609 324.559692382812 324.389007568359 324.893249511719 325.390502929688 325.721313476562 326.040954589844 326.382263183594 326.165313720703 327.17431640625 327.461547851562 328.282806396484 328.619781494141 328.303863525391 327.582244873047 327.561553955078 327.539581298828 327.516357421875 327.491882324219 327.466217041016 328.052917480469 328.516693115234 328.713562011719 -3.4e+38 329.024536132812 328.775390625 330.221588134766 330.443664550781 331.147399902344 330.98583984375 330.695709228516 331.031616210938 330.330688476562 329.907592773438 329.748748779297 329.435913085938
323.553070068359 323.385955810547 323.278778076172 323.791442871094 324.306610107422 324.631927490234 324.644073486328 324.654968261719 324.66455078125 324.6728515625 324.679809570312 324.695617675781 324.877380371094 325.030914306641 324.694305419922 324.693054199219 324.690399169922 324.852416992188 325.024993896484 325.157836914062 326.012756347656 325.816253662109 326.972290039062 327.080871582031 328.111968994141 328.095397949219 328.072814941406 327.897857666016 327.386566162109 327.300811767578 327.978942871094 327.67578125 326.943206787109 327.657287597656 328.491363525391 328.826599121094 328.922515869141 329.128448486328 328.986206054688 329.568176269531 329.414916992188 330.253662109375 330.463134765625 330.170776367188 330.510009765625 -3.4e+38 330.268646240234 329.84326171875 329.799865722656
322.837066650391 322.546508789062 322.750457763672 323.448211669922 324.080291748047 324.282684326172 324.607788085938 324.618682861328 324.628295898438 -3.4e+38 324.643646240234 324.801147460938 324.153930664062 324.333343505859 324.823272705078 324.985534667969 324.816864013672 324.982055664062 324.646087646484 324.802642822266 325.29638671875 325.622100830078 326.950714111328 326.741546630859 327.228576660156 327.555053710938 327.688812255859 327.732330322266 327.145935058594 327.756103515625 328.314697265625 327.652008056641 326.762298583984 327.492889404297 327.965728759766 328.564880371094 329.265930175781 329.234344482422 329.201721191406 329.295471191406 329.503692626953 329.348785400391 330.061096191406 330.023468017578 329.984954833984 329.641204833984 330.364166259766 330.091247558594 329.050170898438
322.476379394531 322.493347167969 322.709625244141 323.408905029297 323.867706298828 323.923950195312 324.57177734375 324.582641601562 324.767028808594 324.918731689453 324.607727050781 324.460906982422 324.123992919922 324.285888671875 324.958465576172 325.453216552734 325.278594970703 325.2900390625 324.611450195312 324.605041503906 324.759033203125 325.251770019531 326.074829101562 326.211944580078 326.692626953125 327.178741455078 327.505737304688 327.337921142578 327.256103515625 328.096923828125 327.998870849609 327.048522949219 327.373718261719 327.325378417969 327.434692382812 328.04248046875 328.875152587891 329.337280273438 329.670654296875 329.767181396484 329.854370117188 329.323364257812 330.036590576172 329.999450683594 330.081848144531 329.882629394531 329.958587646484 329.840057373047 328.257904052734
322.363250732422 322.780426025391 322.670104980469 323.186340332031 323.510681152344 323.709197998047 324.399932861328 325.038330078125 325.054016113281 324.894287109375 324.572052001953 323.751220703125 324.250030517578 324.587524414062 324.758819580078 325.096740722656 325.256195068359 325.415466308594 324.908843994141 324.728057861328 324.898132324219 324.714691162109 325.684417724609 326.166748046875 326.654724121094 327.134490966797 327.473876953125 327.455963134766 327.436798095703 327.562835693359 327.612701416016 327.007904052734 327.489807128906 327.431671142578 327.762969970703 327.870269775391 328.476043701172 329.312866210938 329.781951904297 330.116119384766 329.954772949219 329.669982910156 330.011962890625 329.975341796875 330.179168701172 329.977386474609 330.318878173828 329.933837890625 328.963836669922
321.822418212891 322.428863525391 322.297515869141 322.400024414062 322.983581542969 323.176239013672 324.046295166016 325.020233154297 324.674194335938 324.211791992188 324.536590576172 324.212921142578 324.717712402344 325.042846679688 325.043487548828 324.8798828125 324.879821777344 325.547210693359 325.377777099609 325.190399169922 325.367584228516 324.857025146484 325.317687988281 326.146423339844 326.776245117188 327.458374023438 327.442047119141 327.424468994141 327.405670166016 327.385650634766 327.364440917969 327.342041015625 327.318481445312 327.406463623047 327.747436523438 327.851135253906 328.4482421875 329.153533935547 329.380920410156 330.090026855469 329.931457519531 329.650299072266 329.987274169922 329.951110839844 330.035095214844 330.072174072266 330.797424316406 330.642181396484 330.215454101562
321.263732910156 -3.4e+38 321.811981201172 321.936920166016 322.440277099609 322.818298339844 323.649566650391 324.161468505859 324.304565429688 323.991485595703 324.010833740234 324.511962890625 324.856536865234 325.351623535156 325.028045654297 324.858154296875 324.683837890625 325.022644042969 325.018218994141 325.012451171875 325.161010742188 325.326995849609 325.114471435547 325.610168457031 326.401489257812 327.573425292969 327.755645751953 327.393035888672 327.374603271484 327.354949951172 327.334106445312 327.312072753906 327.426300048828 327.732116699219 327.572631835938 327.452117919922 328.289947509766 328.632171630859 328.859252929688 329.568817138672 329.658294677734 -3.4e+38 330.458801269531 330.423553466797 330.387420654297 330.430145263672 330.775024414062 330.734924316406 330.693969726562
320.617553710938 321.053131103516 321.423767089844 321.842651367188 322.405517578125 322.783630371094 323.430511474609 323.800384521484 324.450866699219 324.279327392578 323.956787109375 324.477081298828 324.82177734375 325.144439697266 324.647918701172 324.810394287109 324.642944335938 324.968566894531 324.96435546875 324.958862304688 324.958404541016 -3.4e+38 325.246032714844 325.762481689453 326.013793945312 327.399841308594 327.537017822266 327.564392089844 326.9951171875 327.324279785156 327.303802490234 327.420745849609 327.893096923828 328.210388183594 327.914459228516 327.292205810547 327.765258789062 328.228271484375 328.69384765625 329.037658691406 329.259582519531 330.227386474609 -3.4e+38 -3.4e+38 330.866241455078 330.791290283203 330.752471923828 330.712860107422 330.784820556641
320.393280029297 320.702819824219 321.341796875 321.728210449219 322.371063232422 322.749267578125 323.395874023438 323.589630126953 324.100463867188 324.424530029297 324.431732177734 324.273742675781 324.130157470703 324.627380371094 325.110076904297 325.279357910156 325.105194091797 325.444580078125 325.282165527344 325.102264404297 325.266632080078 325.070922851562 325.054534912109 325.402984619141 325.684722900391 326.375640869141 326.794372558594 327.540740966797 327.094116210938 327.502502441406 326.921844482422 327.395324707031 327.874847412109 328.181640625 327.886413574219 327.129058837891 327.364654541016 328.2041015625 328.548095703125 328.642639160156 328.979461669922 329.197326660156 330.042694091797 -3.4e+38 330.345428466797 330.768157958984 330.614990234375 330.305328369141 330.875183105469
320.348388671875 320.789733886719 321.307891845703 321.511932373047 322.02685546875 322.535888671875 323.048797607422 323.372192382812 323.738128662109 324.390075683594 324.397247314453 324.232269287109 323.734069824219 323.924957275391 325.089599609375 325.252105712891 324.923858642578 324.921203613281 324.910522460938 325.054748535156 325.395202636719 325.387512207031 325.060119628906 324.662292480469 325.492523193359 325.973327636719 326.611694335938 327.299163818359 327.429504394531 327.479675292969 326.879180908203 327.360595703125 327.970275878906 328.511199951172 327.858367919922 327.232299804688 327.700256347656 328.045135498047 328.015594482422 328.239196777344 328.953582763672 328.921112060547 329.011291503906 329.357238769531 329.321563720703 330.744964599609 330.477111816406 329.782196044922 330.465454101562
320.075592041016 320.900085449219 321.240997314453 321.627655029297 322.088531494141 321.791839599609 321.981414794922 322.663970947266 323.670349121094 324.321929931641 324.329071044922 324.33984375 324.343475341797 324.511505126953 324.836303710938 324.673736572266 324.507080078125 324.839813232422 324.685668945312 324.818939208984 325.839813232422 325.678741455078 325.303497314453 325.292572021484 325.280456542969 325.566070556641 326.548522949219 327.236938476562 327.220123291016 327.202117919922 327.322265625 327.653839111328 327.773986816406 327.957427978516 327.567199707031 327.683410644531 328.022216796875 328.000823974609 327.962066650391 328.057495117188 328.396057128906 328.364868164062 328.455993652344 328.804046630859 329.007751464844 329.698303222656 329.661315917969 329.736053466797 330.307006835938
