rcp8.5models/GFDL_CM3/sc1gr3.8
NCOLS 261 
NROWS 433 
XLLCORNER 336357.134 
YLLCORNER 654653.479 
CELLSIZE 1000 
NODATA_value -3.4e+38 
[rows 352 to 373 of 433, columns 49 to 97 of 261]
272.289642333984 272.835205078125 273.553100585938 273.447875976562 273.303100585938 273.217315673828 273.278533935547 280.310424804688 281.713836669922 281.857940673828 281.702087402344 282.07470703125 282.080871582031 281.866760253906 281.940795898438 282.015380859375 282.147705078125 282.110290527344 280.66015625 281.422271728516 281.928070068359 281.785522460938 281.856506347656 281.972412109375 281.943328857422 279.877075195312 280.265380859375 278.768615722656 276.667999267578 277.286682128906 276.359893798828 275.123870849609 271.566009521484 267.590637207031 267.179626464844 271.809509277344 277.667053222656 278.258453369141 278.208526611328 273.294281005859 261.720520019531 274.981719970703 280.918731689453 281.347229003906 281.463500976562 281.640655517578 282.309722900391 281.413391113281 279.200927734375
272.699676513672 273.078979492188 273.648773193359 273.489044189453 273.156768798828 273.278900146484 273.506286621094 281.492034912109 281.409393310547 281.524566650391 281.803375244141 281.983337402344 281.975494384766 281.816741943359 281.83349609375 281.896514892578 281.90478515625 281.969665527344 281.447662353516 282.198638916016 282.090515136719 281.93701171875 281.252410888672 281.361145019531 281.924652099609 281.633178710938 281.592468261719 281.839233398438 281.661956787109 277.770904541016 276.096710205078 276.231048583984 276.152130126953 271.046173095703 266.245086669922 267.712707519531 273.642181396484 278.366516113281 279.941223144531 276.168121337891 263.683410644531 268.484924316406 277.325622558594 280.802124023438 280.359436035156 279.956085205078 281.554016113281 282.253204345703 279.178924560547
273.015960693359 273.370819091797 273.609680175781 273.567138671875 273.253387451172 273.170471191406 273.324157714844 281.754364013672 281.765350341797 281.667541503906 281.851501464844 281.913513183594 281.873992919922 281.946563720703 281.676971435547 281.58642578125 281.747711181641 282.140075683594 281.46728515625 281.842712402344 282.045776367188 281.963684082031 281.424377441406 280.534393310547 280.829833984375 281.658142089844 281.878265380859 281.565155029297 281.51220703125 277.135620117188 275.124084472656 276.822692871094 277.628601074219 272.227600097656 266.204956054688 264.85791015625 266.886199951172 272.9482421875 278.509979248047 277.498260498047 269.193786621094 256.283294677734 269.005920410156 279.011322021484 281.205413818359 278.142303466797 278.298065185547 281.397521972656 279.540985107422
272.824401855469 273.19677734375 273.638275146484 273.708526611328 273.293823242188 273.061462402344 273.197021484375 282.047210693359 282.069488525391 281.920013427734 281.900207519531 281.847808837891 281.854431152344 282.045776367188 281.965515136719 281.542510986328 281.345733642578 281.876129150391 279.857818603516 280.580047607422 282.087005615234 281.957305908203 281.96337890625 280.965484619141 280.853088378906 281.677185058594 282.107452392578 281.623046875 281.657775878906 280.183471679688 277.332855224609 278.440765380859 279.785400390625 276.724090576172 274.272308349609 267.271881103516 262.734497070312 266.093231201172 272.706481933594 277.641723632812 273.829650878906 250.462310791016 255.769897460938 269.969177246094 279.105010986328 277.723937988281 275.601226806641 277.749114990234 278.859680175781
272.707977294922 273.155151367188 273.288818359375 273.433349609375 273.499816894531 272.795196533203 275.579559326172 282.01171875 281.671569824219 281.576629638672 281.115814208984 281.422332763672 281.505493164062 281.617370605469 281.785736083984 281.003143310547 280.848175048828 281.203338623047 279.470642089844 280.369476318359 281.867004394531 280.819305419922 279.910552978516 280.369049072266 281.389892578125 281.2802734375 281.668792724609 281.928863525391 281.926116943359 281.423583984375 279.199462890625 277.795593261719 277.214599609375 276.174194335938 276.961151123047 273.759124755859 269.545318603516 268.581329345703 270.732177734375 276.588958740234 277.815460205078 257.222076416016 250.836898803711 259.882873535156 272.468627929688 276.133209228516 273.885162353516 273.339691162109 276.147491455078
272.924072265625 273.279876708984 272.991455078125 273.091766357422 273.482696533203 272.735046386719 277.154235839844 281.9365234375 281.681671142578 281.538970947266 281.234558105469 281.503662109375 281.619293212891 279.843505859375 280.473907470703 280.753051757812 279.850677490234 280.612121582031 280.095001220703 280.428344726562 280.853393554688 280.943695068359 277.515380859375 278.385955810547 281.084228515625 278.580749511719 279.620910644531 281.927825927734 281.983184814453 282.081604003906 278.57080078125 274.09130859375 272.631622314453 271.487670898438 273.532867431641 275.23828125 273.9658203125 271.608764648438 270.311279296875 273.037475585938 276.194610595703 268.899963378906 256.854919433594 253.663970947266 262.308410644531 271.099517822266 274.593170166016 273.65771484375 274.600250244141
273.101440429688 272.962493896484 272.830017089844 272.659942626953 273.153625488281 272.906463623047 277.540985107422 281.457397460938 281.444244384766 281.612640380859 281.806396484375 281.135650634766 280.636749267578 279.783020019531 278.361541748047 278.314392089844 277.668029785156 278.00830078125 279.4462890625 281.143829345703 279.962951660156 280.6474609375 276.943878173828 278.038696289062 280.444366455078 277.84814453125 279.452270507812 281.821960449219 281.934906005859 282.178436279297 279.953521728516 272.826049804688 269.665985107422 270.099334716797 271.643341064453 272.796539306641 272.809051513672 271.399597167969 268.425476074219 268.615539550781 268.689117431641 273.959228515625 264.12451171875 251.466873168945 252.938369750977 263.278137207031 272.953399658203 276.299621582031 274.965087890625
272.943115234375 272.565216064453 272.667938232422 272.955200195312 272.738647460938 272.689025878906 277.100494384766 281.164184570312 281.393798828125 281.784820556641 281.819030761719 279.205841064453 276.811492919922 279.405914306641 277.514770507812 275.203887939453 275.6630859375 276.362487792969 280.530242919922 281.788482666016 280.951751708984 280.975952148438 279.782653808594 280.159637451172 280.591674804688 277.69189453125 276.786560058594 279.971038818359 281.888916015625 281.924713134766 282.017547607422 276.551422119141 270.419281005859 269.886901855469 270.807952880859 270.969879150391 272.521179199219 271.361450195312 265.482788085938 265.570220947266 265.771881103516 270.142456054688 269.309722900391 259.317047119141 254.911254882812 256.429931640625 264.297576904297 274.036773681641 276.558135986328
272.498168945312 272.418365478516 272.816955566406 272.708526611328 272.236145019531 272.356781005859 277.497131347656 281.407348632812 281.434875488281 279.992950439453 278.356262207031 277.171234130859 276.783264160156 277.006774902344 276.971466064453 274.720825195312 274.355102539062 276.074584960938 276.673614501953 279.647705078125 280.598266601562 280.619995117188 278.515472412109 279.055450439453 276.868804931641 275.202209472656 275.872375488281 277.391479492188 279.876190185547 280.960906982422 281.329803466797 280.062896728516 276.404693603516 273.345489501953 273.237121582031 270.905487060547 270.352813720703 271.172882080078 266.845428466797 263.476348876953 265.987731933594 265.943725585938 269.339477539062 270.122100830078 268.671875 265.043914794922 261.731353759766 259.919555664062 261.142364501953
272.497894287109 272.402618408203 272.637847900391 272.530212402344 272.02978515625 272.141906738281 277.418426513672 281.361694335938 281.30517578125 280.485412597656 278.690185546875 277.436584472656 277.252624511719 277.617065429688 276.131713867188 277.255676269531 277.770416259766 275.093109130859 277.317352294922 278.750823974609 280.207550048828 280.522521972656 278.713897705078 279.302062988281 277.870178222656 277.285614013672 276.720184326172 275.9912109375 279.167541503906 280.897521972656 280.892364501953 280.929046630859 280.020599365234 276.77294921875 274.672576904297 272.711456298828 269.604858398438 268.085723876953 264.95849609375 261.952392578125 262.809112548828 265.908996582031 266.973846435547 267.993560791016 266.724945068359 264.98681640625 264.293487548828 263.248260498047 259.252655029297
272.461456298828 272.393432617188 272.2509765625 272.275634765625 272.257080078125 272.304840087891 277.667541503906 281.132690429688 280.980163574219 280.612426757812 279.357757568359 277.857299804688 275.718383789062 275.912994384766 275.864715576172 278.318023681641 279.136199951172 276.985900878906 279.68359375 279.488311767578 280.285583496094 281.029235839844 280.759796142578 279.755126953125 279.505950927734 279.213562011719 276.387054443359 276.288604736328 278.681579589844 281.028472900391 280.359649658203 280.956359863281 281.354553222656 278.037292480469 274.153747558594 271.626617431641 269.1669921875 266.921569824219 265.142974853516 263.647796630859 261.954833984375 267.373962402344 266.297088623047 267.305023193359 266.363891601562 263.880584716797 263.857513427734 265.464141845703 264.188232421875
-3.4e+38 272.504577636719 272.592987060547 272.686553955078 272.757507324219 272.531066894531 277.555267333984 280.953887939453 280.510040283203 279.870208740234 279.558166503906 278.112396240234 275.241333007812 274.632141113281 275.901306152344 277.4697265625 278.648895263672 278.218414306641 280.462738037109 281.0478515625 280.985015869141 281.237701416016 279.873718261719 278.188293457031 279.526550292969 279.021759033203 275.726501464844 277.584136962891 279.470489501953 281.418640136719 280.602081298828 279.98486328125 280.589874267578 279.950561523438 278.039978027344 274.115447998047 271.188507080078 267.737701416016 265.9755859375 265.011383056641 262.8310546875 267.404174804688 268.220916748047 267.732391357422 267.004638671875 264.484802246094 261.457366943359 263.259490966797 267.002990722656
-3.4e+38 272.667755126953 272.677124023438 272.868988037109 272.96630859375 272.570648193359 277.642761230469 280.829132080078 280.753143310547 279.543548583984 279.068176269531 277.429443359375 276.419647216797 275.987579345703 277.2958984375 277.429534912109 279.031951904297 278.530426025391 279.541778564453 280.563507080078 280.733123779297 281.078399658203 279.772155761719 278.001739501953 278.60595703125 277.596374511719 275.640930175781 278.559051513672 280.754547119141 280.802276611328 281.1279296875 279.883453369141 280.154083251953 281.048736572266 278.578155517578 276.519622802734 274.953796386719 270.687835693359 267.489807128906 266.231170654297 264.733947753906 266.656372070312 269.941497802734 269.382690429688 268.490905761719 266.746398925781 263.387329101562 263.766204833984 267.380340576172
-3.4e+38 272.663208007812 272.114227294922 272.30810546875 272.484222412109 275.677520751953 279.602996826172 280.568481445312 280.333740234375 280.082733154297 279.226776123047 276.939666748047 276.54638671875 278.280731201172 280.074371337891 279.744812011719 279.854522705078 278.958312988281 280.139251708984 280.472045898438 280.579620361328 279.586059570312 279.920501708984 280.259460449219 279.922637939453 276.528076171875 274.996643066406 277.996520996094 280.386627197266 278.138946533203 279.718444824219 280.693634033203 279.766571044922 280.328155517578 278.332427978516 275.261627197266 273.902191162109 272.438262939453 269.525482177734 267.213470458984 266.668243408203 267.255981445312 269.212738037109 269.910736083984 268.453399658203 267.349029541016 267.015716552734 266.832397460938 267.886047363281
-3.4e+38 -3.4e+38 272.236541748047 272.289031982422 272.1513671875 277.446166992188 280.634826660156 280.759979248047 280.211700439453 280.191711425781 279.945037841797 278.986511230469 278.006713867188 278.928039550781 280.620635986328 281.091064453125 280.620666503906 280.090362548828 280.555908203125 280.360778808594 280.638061523438 279.225830078125 279.946502685547 281.016448974609 279.758605957031 278.065185546875 276.811889648438 277.675262451172 279.504241943359 278.814697265625 279.754180908203 280.921905517578 279.516296386719 278.743682861328 279.224761962891 274.849822998047 270.614929199219 272.539459228516 269.710723876953 264.732940673828 264.098449707031 265.140197753906 265.074584960938 268.8642578125 269.184020996094 268.412750244141 268.544586181641 268.528503417969 268.367126464844
-3.4e+38 -3.4e+38 272.077423095703 272.174652099609 272.220062255859 277.316833496094 280.582275390625 280.956085205078 280.406280517578 280.380889892578 280.187042236328 280.191925048828 279.615417480469 279.739624023438 280.716674804688 281.115173339844 280.798095703125 280.630706787109 279.691040039062 278.260864257812 278.897857666016 279.132568359375 278.711334228516 279.838684082031 277.232635498047 277.295074462891 277.071533203125 275.922882080078 278.440246582031 280.744415283203 280.734191894531 280.894378662109 280.240875244141 278.880615234375 278.323577880859 275.684234619141 270.084869384766 269.176666259766 268.430328369141 264.417785644531 261.012145996094 264.197662353516 262.875457763672 266.12646484375 268.486694335938 268.536468505859 268.240142822266 268.545013427734 268.009979248047
-3.4e+38 -3.4e+38 271.943908691406 271.975006103516 275.097045898438 279.428741455078 280.980010986328 280.797729492188 280.331909179688 280.541900634766 280.44775390625 280.023101806641 280.110565185547 280.495819091797 280.773315429688 280.842590332031 280.820465087891 280.946655273438 278.707855224609 276.353240966797 276.550170898438 277.030059814453 276.260162353516 278.674224853516 277.377227783203 275.87841796875 276.362091064453 274.895965576172 276.683715820312 280.666839599609 280.715606689453 280.84765625 280.658264160156 278.949829101562 274.740356445312 271.964813232422 269.011993408203 267.382598876953 267.104400634766 265.7470703125 261.018859863281 263.479522705078 262.87158203125 264.65771484375 265.720794677734 266.211761474609 268.079620361328 268.176391601562 266.216247558594
-3.4e+38 -3.4e+38 272.385040283203 271.715393066406 277.269165039062 280.813507080078 281.368041992188 280.639129638672 280.522216796875 280.696319580078 280.770172119141 278.496337890625 279.365417480469 280.638366699219 280.692596435547 280.11767578125 280.258453369141 280.733551025391 278.387054443359 275.045074462891 274.89306640625 275.340850830078 275.233367919922 277.01708984375 278.012664794922 275.845825195312 275.532806396484 275.080535888672 274.187408447266 279.697662353516 280.544616699219 280.610229492188 280.613250732422 278.379577636719 273.753387451172 270.4736328125 269.922637939453 269.993041992188 267.08837890625 266.256958007812 264.420623779297 261.551330566406 264.063018798828 264.397705078125 263.416717529297 262.650634765625 264.615081787109 267.340270996094 267.414398193359
-3.4e+38 -3.4e+38 272.186462402344 271.853424072266 277.704742431641 280.842346191406 281.261352539062 280.695861816406 280.709594726562 280.747619628906 280.806823730469 279.477294921875 279.601043701172 280.489135742188 280.865783691406 280.262298583984 279.762908935547 279.760711669922 279.544097900391 276.571258544922 274.650085449219 274.277130126953 276.046173095703 277.531097412109 278.225708007812 277.039184570312 276.990692138672 275.899291992188 271.525726318359 276.966949462891 280.43896484375 280.136413574219 280.407440185547 277.980407714844 274.811096191406 272.919738769531 271.111877441406 270.192749023438 268.491546630859 267.426483154297 267.032958984375 263.174407958984 263.771423339844 260.725708007812 260.539123535156 261.324127197266 260.463836669922 265.223052978516 268.555358886719
-3.4e+38 -3.4e+38 275.600219726562 279.698669433594 280.89208984375 281.152587890625 281.114685058594 280.866638183594 280.552734375 280.544708251953 280.689392089844 280.634643554688 280.38232421875 280.182891845703 280.756652832031 280.848968505859 280.813385009766 280.207427978516 280.502563476562 279.577789306641 278.976348876953 278.37744140625 277.640075683594 275.5166015625 274.637054443359 278.344329833984 280.682922363281 277.503234863281 273.109161376953 272.656494140625 277.654052734375 279.521759033203 279.674407958984 279.37548828125 277.022094726562 275.112731933594 273.521820068359 272.645446777344 272.227081298828 270.369720458984 269.210327148438 263.668884277344 257.214233398438 257.046508789062 257.717681884766 258.161956787109 261.811462402344 260.515075683594 258.577301025391
-3.4e+38 272.134552001953 277.824096679688 280.764099121094 280.805633544922 280.785919189453 280.684814453125 280.685302734375 280.433135986328 280.217926025391 280.370391845703 280.551696777344 280.287475585938 280.422973632812 280.578247070312 280.683532714844 280.945281982422 280.771942138672 279.065643310547 278.745056152344 279.647277832031 279.765594482422 277.485443115234 276.054504394531 277.030792236328 279.215423583984 280.486846923828 277.619842529297 273.439453125 269.108673095703 272.625518798828 276.793090820312 278.697784423828 278.523071289062 277.239135742188 276.262908935547 274.848876953125 273.625152587891 273.541717529297 273.708435058594 272.866790771484 264.286163330078 260.637786865234 258.630645751953 259.396820068359 256.757843017578 258.475372314453 261.743896484375 260.339172363281
-3.4e+38 277.256042480469 279.710998535156 280.793243408203 280.809906005859 280.679382324219 280.626342773438 280.722900390625 280.320953369141 280.094451904297 280.485321044922 280.858581542969 280.559173583984 280.884857177734 280.980285644531 280.6435546875 279.804626464844 280.2041015625 277.897308349609 276.443389892578 276.186798095703 277.284698486328 277.534332275391 277.417144775391 279.26220703125 280.370330810547 280.405944824219 279.011993408203 273.528625488281 267.072021484375 268.184173583984 274.421142578125 279.209106445312 279.433990478516 278.090972900391 276.345733642578 275.230560302734 274.613311767578 274.958648681641 274.781799316406 273.605255126953 264.777679443359 264.747192382812 261.258117675781 259.289123535156 257.942077636719 253.617568969727 255.500625610352 261.064910888672
