rcp8.5models/GFDL_CM3/sc1gr1.19
NCOLS 261 
NROWS 433 
XLLCORNER 336357.134 
YLLCORNER 654653.479 
CELLSIZE 1000 
NODATA_value -3.4e+38 
[rows 374 to 395 of 433, columns 49 to 97 of 261]
-3.4e+38 -3.4e+38 -3.4e+38 65.3832321166992 65.3623809814453 65.3826217651367 65.5219497680664 65.6074829101562 65.8025817871094 66.0121002197266 66.191764831543 66.1942443847656 66.2582168579102 66.3384704589844 66.5903930664062 66.3593521118164 66.6709899902344 66.7885055541992 66.9445877075195 67.0962448120117 67.1705169677734 66.9374008178711 67.1613082885742 67.363883972168 66.9995269775391 66.837890625 66.8735046386719 66.8143615722656 67.1826324462891 68.2645568847656 68.5671920776367 68.1011276245117 67.0602798461914 66.8426208496094 66.7973403930664 66.9854736328125 67.4176254272461 67.5818405151367 67.6526641845703 67.481575012207 67.5527496337891 68.7234039306641 68.8910522460938 69.0824432373047 69.0995864868164 69.015998840332 68.6417770385742 68.4368515014648 68.9791641235352
-3.4e+38 -3.4e+38 -3.4e+38 65.2710494995117 65.3860549926758 65.2958450317383 65.3090591430664 65.7359848022461 65.4360580444336 65.6889419555664 66.1540298461914 66.2707824707031 66.0585327148438 66.1122436523438 66.5989608764648 66.7351226806641 66.7811431884766 66.8135070800781 66.890625 67.1524887084961 67.0379867553711 66.8333969116211 67.3561172485352 67.5991592407227 66.9019165039062 66.9894638061523 67.0605392456055 66.7715148925781 66.7618560791016 68.4432754516602 68.3188247680664 67.9866027832031 67.2813720703125 66.8853225708008 66.9133377075195 67.0176696777344 67.2610931396484 67.7536392211914 67.7571868896484 67.4447631835938 67.6434936523438 68.7676849365234 68.9350433349609 69.3036270141602 69.314094543457 68.9238204956055 68.6387252807617 68.7604141235352 68.906608581543
-3.4e+38 -3.4e+38 -3.4e+38 64.97412109375 65.1836624145508 65.2235260009766 65.3821411132812 65.7773284912109 65.7991790771484 66.2797470092773 66.1741714477539 66.0622177124023 66.10888671875 66.2996215820312 66.4605255126953 66.8949737548828 66.9028472900391 66.8950958251953 66.9350128173828 67.2983856201172 67.353401184082 67.1518020629883 67.3734817504883 67.5633926391602 66.738525390625 66.6648864746094 66.7998123168945 66.6540145874023 66.6930084228516 68.0110321044922 68.1125793457031 68.14990234375 67.6509246826172 67.0776596069336 67.1233520507812 67.0867538452148 67.1403427124023 67.508659362793 67.5585784912109 67.4420776367188 67.7233428955078 68.5041427612305 68.981559753418 69.2457046508789 68.9594116210938 68.6269683837891 68.805046081543 68.8083953857422 68.7119140625
-3.4e+38 -3.4e+38 -3.4e+38 -3.4e+38 65.3562164306641 65.3261642456055 65.3417739868164 65.7495880126953 66.1643295288086 66.7249450683594 66.2943801879883 66.1335296630859 66.3803939819336 66.4699935913086 66.4707641601562 66.7402420043945 66.8525543212891 66.7863159179688 66.8641586303711 67.3086242675781 67.3961639404297 66.9208297729492 67.074577331543 67.4335632324219 67.0242309570312 66.7077102661133 66.4388732910156 66.4789123535156 66.6249389648438 67.1234283447266 67.3588256835938 67.6722259521484 67.5162124633789 67.0918273925781 67.192756652832 67.2012634277344 67.2334747314453 67.3161163330078 67.7254867553711 67.8857955932617 67.6960144042969 68.0208587646484 68.6786956787109 68.8508148193359 68.6479721069336 68.5606002807617 68.8339004516602 68.9059219360352 68.5609817504883
-3.4e+38 -3.4e+38 -3.4e+38 -3.4e+38 65.1612548828125 65.0762939453125 65.1087188720703 -3.4e+38 66.2708053588867 -3.4e+38 -3.4e+38 66.3726501464844 66.6260147094727 66.356086730957 66.0866470336914 66.3972778320312 66.8040084838867 66.7869033813477 66.7399673461914 67.3232879638672 67.553581237793 67.0708999633789 66.8311233520508 67.2185821533203 67.1127548217773 66.9550857543945 66.5681610107422 66.4121017456055 66.5296478271484 66.8147430419922 66.8314437866211 67.1797866821289 67.3188247680664 67.0982894897461 67.1689300537109 67.1614761352539 67.306266784668 67.4958724975586 67.8369522094727 68.1428756713867 67.8497009277344 67.8516464233398 68.2927093505859 68.7050628662109 68.8124008178711 68.4858932495117 68.5415802001953 68.9617233276367 68.5596008300781
-3.4e+38 -3.4e+38 -3.4e+38 -3.4e+38 64.9579772949219 65.1038208007812 -3.4e+38 65.9167556762695 66.2220153808594 66.0282135009766 66.3718490600586 66.6020050048828 66.7544174194336 66.6170883178711 66.3289031982422 66.451789855957 66.4903793334961 66.4230270385742 66.7992706298828 67.2314529418945 67.5175247192383 67.1633071899414 66.8146209716797 66.9948501586914 66.9759826660156 66.9475860595703 66.6929702758789 66.5884246826172 66.4946517944336 66.7847061157227 66.9556655883789 67.2266006469727 67.7423095703125 67.6485137939453 67.3627014160156 67.0092849731445 66.9763641357422 67.3512573242188 67.5200500488281 67.8304901123047 67.7159042358398 67.8879165649414 68.5584487915039 68.9957885742188 68.7812118530273 68.4151153564453 68.2290878295898 68.5830154418945 68.6317367553711
-3.4e+38 -3.4e+38 -3.4e+38 -3.4e+38 -3.4e+38 65.1978912353516 65.1743392944336 -3.4e+38 65.7366561889648 65.5376129150391 66.0502014160156 66.588981628418 66.6681365966797 66.7612380981445 66.7483901977539 66.5542831420898 66.4137191772461 66.096321105957 66.9097213745117 66.9768753051758 67.0999145507812 67.206184387207 67.1182403564453 66.8461303710938 66.5926666259766 66.5683212280273 66.4914169311523 66.5731506347656 66.4615783691406 66.8378753662109 66.9900207519531 67.1089096069336 67.9733047485352 67.9092636108398 67.406494140625 67.4816055297852 67.5697326660156 67.4719619750977 67.2050094604492 67.5042037963867 67.727668762207 67.48876953125 68.4349060058594 68.9078903198242 68.4432601928711 67.9702377319336 67.7713317871094 68.4253387451172 68.938720703125
-3.4e+38 -3.4e+38 -3.4e+38 -3.4e+38 -3.4e+38 65.762321472168 65.3310089111328 65.1352005004883 65.2715377807617 65.1540985107422 65.4417724609375 65.7848205566406 66.3104858398438 66.304557800293 66.5326385498047 66.626106262207 66.6364059448242 66.2888336181641 66.7987899780273 66.9789123535156 67.2136306762695 67.3043823242188 67.2930908203125 67.1795196533203 66.7629013061523 66.5840682983398 66.4403305053711 66.3170928955078 66.5129013061523 66.7576675415039 66.767936706543 67.0355682373047 67.4714050292969 67.683708190918 67.358642578125 67.8004684448242 67.9206848144531 67.4118041992188 67.1323089599609 67.3265151977539 67.8530044555664 67.5820159912109 67.8054962158203 68.026481628418 67.8133316040039 67.4751052856445 67.3784713745117 68.1869506835938 68.5218048095703
-3.4e+38 -3.4e+38 -3.4e+38 -3.4e+38 -3.4e+38 65.6698989868164 65.4746551513672 65.6094589233398 65.2316360473633 65.3991012573242 65.7284927368164 65.7799835205078 65.763542175293 65.9629440307617 66.056884765625 66.3792572021484 66.3421859741211 66.354248046875 66.8623657226562 67.1675796508789 67.546745300293 67.2431488037109 67.2734298706055 67.3555221557617 66.9349899291992 66.6831130981445 66.7031860351562 66.5309829711914 66.8816146850586 66.7784576416016 66.8324813842773 67.2088317871094 67.2639389038086 67.5393218994141 67.2600860595703 67.6250610351562 67.7747116088867 67.1438751220703 66.9840469360352 67.3554534912109 67.8428115844727 67.5829925537109 67.3130264282227 67.3812789916992 67.3265151977539 67.1914138793945 67.257926940918 67.7219009399414 68.090217590332
-3.4e+38 -3.4e+38 -3.4e+38 -3.4e+38 -3.4e+38 -3.4e+38 65.0260696411133 65.6809844970703 65.9401245117188 66.1315460205078 66.0254516601562 65.9010162353516 65.7378768920898 65.9560852050781 65.7481231689453 65.8761138916016 65.8025741577148 65.8556213378906 66.2625732421875 66.3955535888672 66.4290161132812 66.6096801757812 66.9099960327148 67.0171203613281 66.8330230712891 66.5715866088867 66.5005035400391 66.4538192749023 66.5247802734375 66.9027786254883 67.3700180053711 67.3243026733398 67.3158416748047 67.6431732177734 67.6416549682617 67.8227157592773 68.0618896484375 67.6138305664062 67.1186599731445 67.0174560546875 67.0795440673828 67.1507873535156 67.14892578125 67.3932952880859 67.5584106445312 67.3486175537109 67.2171096801758 67.4315948486328 67.4927139282227
-3.4e+38 -3.4e+38 -3.4e+38 -3.4e+38 -3.4e+38 -3.4e+38 65.1875839233398 65.1327743530273 65.7541580200195 65.7722320556641 65.7267379760742 65.839729309082 66.2145843505859 66.2160873413086 65.992431640625 66.1061859130859 66.1316528320312 65.9297790527344 66.5403366088867 66.4496917724609 66.2214584350586 66.2572708129883 66.4806518554688 66.3047180175781 66.5552444458008 66.6574249267578 66.5456924438477 66.5307312011719 66.4496383666992 66.5670166015625 66.8669662475586 66.9525680541992 67.0037689208984 67.6208114624023 67.6953125 67.6690216064453 68.1491012573242 67.9386444091797 67.4073715209961 67.024543762207 66.9270477294922 67.2862091064453 67.3623352050781 67.39208984375 67.4919738769531 67.3760375976562 67.4549255371094 67.6513595581055 67.4826126098633
-3.4e+38 -3.4e+38 -3.4e+38 -3.4e+38 -3.4e+38 -3.4e+38 -3.4e+38 64.8450164794922 65.4111099243164 65.5810775756836 65.4038619995117 65.4060440063477 65.9858856201172 66.0087738037109 65.8981552124023 66.1299285888672 66.0614776611328 66.0810852050781 66.650634765625 66.4822235107422 66.6303100585938 66.7271881103516 66.6679840087891 66.4554214477539 66.8192672729492 66.8116455078125 66.6842575073242 66.5392150878906 66.4283294677734 66.4207153320312 66.7806930541992 67.2981185913086 67.4538345336914 67.6802368164062 67.8363265991211 67.7340393066406 68.0251235961914 67.9219665527344 67.5722274780273 67.334358215332 67.0508575439453 67.1201095581055 67.4673309326172 67.4303665161133 67.4673538208008 67.5579833984375 67.7235946655273 67.7295303344727 67.5704345703125
-3.4e+38 -3.4e+38 -3.4e+38 -3.4e+38 -3.4e+38 -3.4e+38 -3.4e+38 64.6109619140625 64.9147109985352 65.0743637084961 65.2787170410156 65.1948928833008 65.6592330932617 65.6336135864258 65.5708923339844 66.0288009643555 66.2087783813477 66.1616744995117 66.1373672485352 66.3535766601562 66.8002853393555 67.0714492797852 66.9888763427734 66.4896011352539 66.6417083740234 66.7558288574219 66.6042709350586 66.4018936157227 66.4764938354492 66.327262878418 66.4957885742188 67.1447372436523 67.6170272827148 67.4559555053711 67.6152114868164 68.1465530395508 68.3870544433594 67.7949905395508 67.3074569702148 67.0721588134766 66.9331665039062 66.8699340820312 67.357551574707 67.3673782348633 67.279167175293 67.5740051269531 67.6941909790039 67.6656341552734 68.0784378051758
-3.4e+38 -3.4e+38 -3.4e+38 -3.4e+38 -3.4e+38 -3.4e+38 -3.4e+38 64.565788269043 64.9330825805664 65.0651931762695 65.1948928833008 65.0576248168945 65.4243392944336 65.2709045410156 65.4993209838867 66.052848815918 66.0659027099609 65.8439178466797 65.8667755126953 66.1656799316406 66.4309539794922 66.5344314575195 66.5135345458984 66.313606262207 66.1189956665039 66.4938354492188 66.7654571533203 66.4296417236328 66.3722763061523 66.3428726196289 66.3538131713867 66.5346221923828 67.1519470214844 67.1537017822266 67.4651031494141 68.0553817749023 68.2918090820312 67.8029861450195 67.1265258789062 66.6091842651367 66.7516708374023 66.9601974487305 66.8756713867188 67.1336898803711 67.193000793457 67.3591003417969 67.4281387329102 67.5226745605469 68.2675399780273
-3.4e+38 -3.4e+38 -3.4e+38 -3.4e+38 -3.4e+38 -3.4e+38 -3.4e+38 64.6090316772461 65.0563735961914 65.1258087158203 65.2097625732422 65.3562088012695 65.5914459228516 65.2943878173828 65.7688980102539 65.9620056152344 65.7975692749023 65.5779647827148 65.8776397705078 65.8761291503906 66.0184707641602 66.1189727783203 66.145263671875 66.606071472168 66.2468566894531 66.5104598999023 67.0414810180664 66.4738159179688 66.1330871582031 66.7075653076172 66.4151763916016 66.2741622924805 67.0901641845703 67.2748413085938 67.3290405273438 67.7435531616211 67.7613830566406 67.654167175293 66.9579391479492 66.3789672851562 66.6308135986328 66.9633255004883 66.7919845581055 67.4689559936523 67.5978012084961 67.5880508422852 67.5456161499023 67.5782012939453 67.9541473388672
-3.4e+38 -3.4e+38 -3.4e+38 -3.4e+38 -3.4e+38 -3.4e+38 -3.4e+38 -3.4e+38 64.9595108032227 64.9599990844727 65.496208190918 -3.4e+38 65.727668762207 65.6138534545898 65.873779296875 65.8464889526367 66.0277557373047 65.8138122558594 65.8594436645508 65.806396484375 65.7725219726562 65.8246459960938 65.9307556152344 66.7327651977539 66.721923828125 66.5875091552734 66.700813293457 66.3329849243164 66.1741027832031 66.512939453125 66.1527862548828 66.1598129272461 67.1710052490234 67.5542526245117 67.4755172729492 67.4928207397461 67.5310211181641 67.4664611816406 66.8635482788086 66.4694595336914 66.7323150634766 67.4765777587891 67.3642120361328 67.3102111816406 67.5156097412109 67.6750717163086 67.69482421875 67.5819244384766 67.721435546875
-3.4e+38 -3.4e+38 -3.4e+38 -3.4e+38 -3.4e+38 -3.4e+38 -3.4e+38 -3.4e+38 65.0392532348633 65.2383346557617 -3.4e+38 65.7132263183594 65.5523071289062 65.5904769897461 65.7889785766602 65.8389205932617 65.7304840087891 65.6378021240234 66.0761947631836 66.0317611694336 65.8763046264648 65.5232162475586 66.0847473144531 66.5570068359375 66.4415435791016 66.3547210693359 66.0418319702148 66.0754241943359 66.4745407104492 66.256965637207 66.0958251953125 66.1582641601562 66.6374359130859 67.2474136352539 67.1281051635742 67.0934829711914 67.3025283813477 67.2716445922852 66.9760208129883 66.5627746582031 66.7577514648438 67.3493499755859 67.2341690063477 66.9610290527344 67.0686721801758 67.3623504638672 67.3532333374023 67.1751174926758 67.3385696411133
-3.4e+38 -3.4e+38 -3.4e+38 -3.4e+38 -3.4e+38 -3.4e+38 -3.4e+38 -3.4e+38 64.6256332397461 64.8764190673828 65.3228302001953 65.3404159545898 65.4495620727539 65.3158111572266 65.4361038208008 65.5749588012695 65.4073028564453 65.4858093261719 65.6422576904297 65.7231597900391 65.8654861450195 65.8639068603516 66.2175750732422 66.1574096679688 65.9016265869141 66.1006774902344 65.8001327514648 66.1029434204102 66.5818023681641 66.3461761474609 66.2773590087891 66.4180068969727 66.4489135742188 66.8705444335938 66.8032379150391 66.8277587890625 67.0730438232422 67.1713409423828 66.9619445800781 66.1722030639648 66.157600402832 66.9118194580078 66.9097290039062 66.8975601196289 66.6929550170898 66.8969268798828 66.975212097168 66.9498977661133 67.0363311767578
-3.4e+38 -3.4e+38 -3.4e+38 -3.4e+38 -3.4e+38 -3.4e+38 -3.4e+38 -3.4e+38 64.1434555053711 64.2514801025391 64.6248092651367 64.6689300537109 64.8386306762695 64.8554458618164 65.0154647827148 65.1596221923828 65.2436828613281 65.4390335083008 65.1454620361328 65.2778472900391 65.5940017700195 66.0043334960938 66.009147644043 65.9213256835938 65.8534851074219 66.106315612793 66.0550918579102 66.1580581665039 66.2952423095703 66.1550598144531 66.1454010009766 66.3124160766602 66.372444152832 66.7165985107422 66.9230270385742 66.6616821289062 66.9783630371094 67.4133377075195 66.9400482177734 66.0994720458984 65.7931060791016 67.0261154174805 67.078742980957 66.960578918457 66.8438415527344 66.5096054077148 66.2287521362305 66.4077453613281 66.6142807006836
-3.4e+38 -3.4e+38 -3.4e+38 -3.4e+38 -3.4e+38 -3.4e+38 -3.4e+38 -3.4e+38 63.9183921813965 63.9601745605469 64.1281814575195 64.5157775878906 64.7553253173828 64.8952484130859 65.0235900878906 64.8964691162109 65.177619934082 65.2779312133789 65.2640991210938 65.1640548706055 65.4071578979492 65.5808792114258 65.5292053222656 65.4212417602539 65.6491851806641 65.9396591186523 65.9489974975586 65.9951934814453 66.1530609130859 65.9882965087891 65.9133377075195 65.8080596923828 65.9005508422852 66.3009338378906 66.2970809936523 66.2423706054688 66.8985748291016 67.195068359375 66.4962463378906 66.2250518798828 66.3821334838867 67.1325073242188 67.0768203735352 67.1514129638672 67.3202667236328 67.0830154418945 66.1716613769531 66.0244522094727 66.3993225097656
-3.4e+38 -3.4e+38 -3.4e+38 -3.4e+38 -3.4e+38 -3.4e+38 -3.4e+38 -3.4e+38 64.4541625976562 64.5107574462891 64.6668243408203 65.0319595336914 64.9560775756836 64.8644409179688 64.9545364379883 64.9323196411133 65.2252807617188 65.2880401611328 65.2500839233398 65.3884582519531 65.6379241943359 65.6143493652344 65.2840957641602 65.350456237793 66.0085144042969 66.1950149536133 66.0753860473633 66.2954711914062 66.2699203491211 65.8634414672852 66.0497665405273 65.8644561767578 65.8657760620117 66.0042114257812 66.0388946533203 65.9061126708984 66.2657852172852 66.8593978881836 66.6787948608398 66.241943359375 66.4443740844727 67.4555130004883 67.0776214599609 67.4189147949219 67.5087356567383 67.4697494506836 66.5881805419922 66.0923538208008 66.3623580932617
-3.4e+38 -3.4e+38 -3.4e+38 -3.4e+38 -3.4e+38 -3.4e+38 -3.4e+38 -3.4e+38 64.4527053833008 64.4680786132812 64.5864486694336 64.955451965332 65.0074996948242 65.0184478759766 64.5761337280273 64.4040756225586 64.5689392089844 64.6646881103516 65.1291961669922 65.2513885498047 65.4118804931641 65.731071472168 65.8912811279297 65.6668014526367 65.6070327758789 65.9051513671875 65.9620895385742 65.8058853149414 65.809455871582 65.4007949829102 65.2236328125 65.3386535644531 65.5364761352539 65.6484222412109 65.693962097168 65.9329223632812 65.9124298095703 66.0726776123047 66.8491134643555 66.5598678588867 65.8992462158203 66.5339202880859 67.0260314941406 67.011962890625 66.8605346679688 66.7170181274414 66.5202331542969 66.3204116821289 66.1141357421875
