rcp8.5models/GFDL_CM3/sc1gr1.3
NCOLS 261 
NROWS 433 
XLLCORNER 336357.134 
YLLCORNER 654653.479 
CELLSIZE 1000 
NODATA_value -9999 
[rows 154 to 175 of 433, columns 100 to 149 of 261]
65.8141373860188 66.0407534732058 66.2385947752985 66.3257946329069 66.3104647530231 66.296945457408 66.195591756471 65.9628673558119 66.007021330381 66.0292396645824 66.1345076028316 66.5521331230446 66.956766962963 66.5046207612064 66.6058476512225 66.847285254727 66.9487016083037 67.1956393346759 66.9369360470876 67.2018109529472 67.2921194811961 67.1621445680707 67.168109339368 67.3809027026055 67.2696645606629 67.040667415639 67.389270613894 67.4251465922907 67.2440965578646 67.4775358959454 67.73294939842 67.5529684207952 67.6985572097054 67.9454155178429 67.8857004810141 67.6344823182888 67.7239624394471 67.508498698102 67.5501447336523 66.9786422275939 67.2622589412289 67.0137146642411 66.6153071320162 66.9101687165107 66.7086136333261 66.4046959871254 66.1360497628984 66.152066817597 66.0484730468898 65.9937345312604
65.8595895863756 65.8983846640313 66.2885338909822 66.2971906952726 66.2801691528487 66.0658526616956 66.1583987519581 66.1542811106429 -9999 66.0973047016613 66.1358069967712 66.5130457290477 67.0106687897323 66.790192083748 66.9950805960875 66.8314713203748 66.9216830668878 66.9145201160093 66.7519736415263 -9999 67.2656011895635 67.4267846969318 67.2544559301533 67.0863286993801 67.2667279650784 67.2868064982188 67.6935325703601 67.8898773185219 67.5880515143594 67.5406341341988 67.7849746767643 67.3528391987868 67.237442978081 67.5339238910239 67.9989700121571 67.5299949050532 67.7254959226978 67.4176865769109 67.3340393351723 67.072230874576 67.0756929064726 66.9067129218845 66.3570417507743 66.6952618374888 66.9878243017422 66.6748904150158 66.2290128930485 66.4241728236741 66.1145169917465 65.6124899231779
65.8958392312631 65.8789833085071 66.3540735394493 66.3257134601875 66.3036793590797 66.1559343298412 66.261769942369 66.2174865020905 66.2018355356393 66.1093293528581 66.0879749761945 66.2623458136396 66.9962593409348 66.9282553520128 66.8575469924482 66.8278003810916 66.8733130440686 66.9327389124146 66.7177396465997 67.075803022208 67.3797669044789 67.38897781446 67.2789621400021 67.1521589030997 67.5071060877904 67.7460308584584 67.7855073528929 67.991809351783 67.9103351881364 67.550696009432 67.8325670925193 67.8676554684264 67.6456537544151 67.5407874351489 67.9889848867264 67.0551768227129 67.3661812008575 67.0907130273873 67.0434671770019 67.0676690507889 66.8724622317678 66.6698851157727 66.4963187217339 66.89038019703 66.7752086840425 66.7012768277237 66.0371135317861 66.4008296135966 66.0120414523784 65.5734107932631
65.9894722461361 65.8461766941148 66.2457374580889 66.3214503026672 66.3196636975388 66.3600492060578 66.3335380555415 66.3066845383792 66.2930283259098 66.436398558083 66.1394381076512 66.1224238762873 66.6593729993895 66.6279913987284 66.6109482518232 66.9717893513986 67.0483367326551 67.1450754667184 66.9464875802676 67.0616702024703 67.1769886965556 67.0016246133676 66.9444608356711 67.0320755247508 67.8414232795809 67.8233972977226 67.8215975091071 68.0398195849247 67.9069714827248 67.5368666782223 67.8367096154963 68.0836012197285 67.9171160285119 67.754152432398 67.9646659764594 67.4619945104449 67.2741993892486 67.1925486128134 67.1802539667336 67.2294634742535 67.120399074031 66.8848311485859 66.7884228206958 66.8737426508876 66.5531930567114 66.646866426681 66.2910141425173 66.3219205169565 65.9442522337339 65.9413281172748
65.9011731265131 66.0760113824739 65.9160139497241 66.019486103097 66.253597965962 66.363658034382 66.3204347429592 66.3672294465811 66.5701451893827 66.415828592443 66.42200713847 66.3883842779281 66.7041189345163 66.8133525828577 66.9311728263008 66.7833841372432 67.236084757685 67.1302848901232 67.0607536575499 67.0245971428441 66.9044166018087 66.8448257849077 67.001059008801 67.1179553200139 68.0172317358949 67.8964926125968 67.8833944113186 67.7979458442564 67.4613090268247 67.5685822055637 67.8954919816983 67.9049319902742 67.8634829995681 67.592794887183 67.7166162174145 67.5241272539364 67.1809222906168 67.51338037576 67.3876699424959 67.2085823491337 67.1745444936917 67.1737280241157 66.8937664599569 66.864884481731 -9999 66.7137390521402 66.3571012759322 66.0310936710052 65.8664073246888 66.0665147906934
66.0711966897617 66.1929878981286 65.8705664954928 66.1208385486636 66.2957738186404 66.5844725984388 66.2263429072222 66.2857850511901 66.4400130288535 66.2232014004725 66.4462995036128 66.7878887966387 66.9523533445672 -9999 -9999 66.7794025253817 67.2615103906226 67.1197104044038 67.0242106502395 67.0862535730794 67.2197523888108 67.052594942656 66.9895026268082 67.1648906429511 68.1063464591944 68.0247010304692 67.9055970403425 67.5817479315753 67.3639505048759 67.6461239490713 67.9509328742755 67.6789890190023 67.7028867275994 67.8194461729661 67.746904645033 67.3545845572934 67.2436105938519 67.571958153951 67.312837328301 67.1013503489529 66.9470707529441 67.0308185297187 66.9986827957656 67.0225186443495 66.9346266837204 66.612781969372 66.2607669490747 66.2049776414607 66.0798671085149 66.0636968678891
65.9191732142667 65.9422919755185 65.9872321845586 66.7260860757649 66.5864412207921 66.460391296377 66.3534077249178 66.6403389605245 66.3153462673241 66.3364609556637 66.7672336404582 67.0582457829355 -9999 -9999 66.8599727804758 67.1498336954545 67.2344454033515 67.0676106759861 67.0330936010528 67.0617490171479 67.1498972304165 66.9390540574156 66.8696994579107 67.1846861283094 68.0218573052205 67.9761131189429 67.8059438836552 67.6708024628683 67.7312992412779 67.7161480844854 68.2048717252262 67.8157252391071 67.5388588811513 67.8431023842515 67.9029656342826 67.3530661112764 67.3472251867934 67.5040302663014 67.316898783013 67.2075539681029 67.0519389869418 66.8685120373839 67.0120922655478 66.8249479824507 66.7712674339023 66.7244923086388 66.356222842306 66.3122315424746 66.2471460531581 66.1008351926819
65.9754333878005 65.9829536955767 66.0832386563763 66.676981537303 66.5942030459336 66.3261806129299 66.3806498073815 66.6160419656518 66.5930460753785 66.5267222180538 66.1856605487589 66.1887680367346 67.2263935941604 -9999 67.2625652085408 67.229807260687 66.9307871759226 67.3221651298298 67.3475199117637 67.4677455568627 67.2966605243828 67.3673808416105 67.1544352479847 67.2589755057469 67.9987474573549 68.0385423677645 68.0058581018882 67.7186970148147 67.7626448331091 67.7775262078643 67.9145692863477 67.8910333570658 68.0832751619262 68.1457348812857 67.9226400357221 67.3293293828013 67.2656159200249 67.408234522481 67.3421401071392 67.0709300655404 66.8902245394419 67.000048727763 66.9803134748996 66.8714438271983 66.667655542333 66.696487288593 66.5309311164551 66.438583753005 66.1235072296124 66.1928104252856
66.0375683822597 65.8628454554121 65.9256965730489 66.2483520360384 66.5560333869531 66.5311504850857 66.2230369617264 66.404041708104 66.4249921993664 66.7228736220546 66.2358607666134 66.5230642390791 67.0742355646846 -9999 67.211262995886 67.2746840096896 67.0151349369751 67.0758202240889 67.3507237228661 67.3813007966765 67.4200550051941 67.1796498717954 67.4181943951995 67.4665975338716 67.8144160498801 68.0965633297157 68.0642408054513 67.7007205725058 67.5808733536472 67.4662248588662 67.7587514921828 68.0049858714084 68.0800474635822 68.3370592182231 67.7219179199137 67.3111115209313 67.2387845965172 67.3868480453869 67.3048783902963 67.2339240613881 67.1765630144931 67.0932081664558 66.7570439000021 66.9049406650317 66.8150536624824 66.8137184818482 66.5834974710596 66.5732385224783 65.9747991842047 65.9988327979051
66.1271201903863 66.0912979432068 65.9209504225213 66.2039464887849 66.3855700780994 66.4721064508791 66.1779887071324 66.7622867384948 66.8162310087881 66.9220753510255 66.6279032897982 66.4074536237539 67.1518574139508 67.4908805641947 67.3274010659196 67.3906300745547 67.1594456180032 66.7981002006638 67.315678143505 67.4329499390248 67.4049569989806 67.0229414113729 67.4855961353201 67.6101039448537 67.5902259431682 67.9212235069037 68.1246999575235 67.5926436914494 67.4719322681245 67.5137695794632 67.6816295096061 67.6842254028949 68.0536331339202 68.1359354842569 67.6724676691586 67.3896332761528 67.5971096525397 67.6565441375865 67.3303395319598 67.4650566976338 67.1740853043687 66.9281475134219 66.9173710409896 66.9211347292284 66.9037358048877 67.016484433009 66.6394360239303 66.404019835278 66.0434000139577 66.0578924924125
65.9544936037517 66.0559580918182 66.1417614175274 66.2861692775708 66.2877941244304 66.5753105216543 66.2960923042292 66.7242995219371 66.9577334796561 66.8779207350818 66.5579291530598 66.2478415490286 66.8817238236695 67.2229148095475 67.2315636609956 67.4587182747576 67.1646703083493 66.826532862902 67.5314106166511 67.4761508589764 67.273209781368 67.2610594347247 67.4685031869279 67.389014987161 67.8796092742182 68.1334148289643 67.9540316392522 67.6560757294989 67.6234181156005 67.981627898197 68.0898868845685 68.1206923666638 68.1651355537502 68.0686353029555 67.909883134664 67.3815432078257 67.7071133646871 67.5208137649483 67.6409393571949 67.5738073365918 66.9757866610341 66.8497639911787 67.0399955054968 67.0058050399479 67.0013138274006 67.1827894552397 66.6734645078833 66.3476213845154 66.0494435604528 66.1183646495234
65.915647503133 65.9699087496523 66.3648864046096 66.3093777620411 66.2946486127384 66.5782733788535 66.5301367808384 66.4856198224286 66.8433776166072 66.764514360453 66.5589641865204 66.3278718465523 66.8737848300906 67.0841719554314 67.2996812475085 67.4610070490317 67.282859118252 67.157367743206 67.3921952231577 67.3086800555131 67.1556429343957 67.4930711948369 67.4830510089199 67.4225314091613 67.9197201477786 67.9977029895032 67.6706343046649 67.8907553691719 68.0758897980907 68.2977808287319 68.4620952101007 68.4193916615653 67.8314460783297 67.9292796860936 68.1136868793589 67.3506388154819 67.5566449296495 67.2086981713924 67.839258420952 67.548233201002 67.0328049966516 67.1040630048833 67.1152973525718 67.0470473508816 66.7775297221795 66.9192055775942 66.6975677560152 66.4240311515107 66.1289459133272 66.0978160494122
66.009402477846 66.1837114747449 66.3796222966447 66.1548870620657 66.2761348807435 66.6956589952214 66.5071769437646 66.4085637576999 66.6843537236917 66.8048407009805 66.8120678231639 66.7321981298758 67.0847209596026 67.2090240286353 66.9763013034899 67.3919985330061 67.3742534160747 67.363488694377 67.1880334204026 67.3490752312749 67.4277484701714 67.4417686635605 67.4273502770001 67.4602239472629 67.621343822706 67.9948041161828 68.1711874079152 68.3054639535251 68.1534332865023 67.8902183879759 68.5299714503123 68.4055694385465 67.8293392870008 67.7586851550657 68.0448511676729 67.7111594815755 67.6153855611501 67.2324078855382 67.8636394264903 67.620096261511 67.2424455463875 66.9941605186187 66.8319919340148 66.8543546382124 66.9499481057074 66.886435388215 66.7878389679859 66.703347898463 66.3535926736518 66.0099070507584
66.2497283244513 66.2872020547087 66.085249507071 66.2664109264941 66.297310139632 66.514561486927 66.442317874343 66.7024553627315 66.7325053698472 66.8747714064939 66.8658774941408 66.8668457366426 66.9704807984897 67.2302181128135 67.089885778088 67.3761610839425 67.4163889510973 67.3576206569719 67.2922421053361 67.6159344822206 67.6863419069056 67.5210366104496 67.4495509020477 67.5495966409253 67.6015049300189 68.1589717651262 68.3519098769819 68.5684768518759 68.0356032894406 67.4814018269155 68.1066829525141 67.9728239730096 68.0744968205769 67.8375173785426 67.8418434591487 67.9710116246747 67.5421292810089 66.7350115622763 67.2122577629283 67.6152523596258 67.069130638266 66.740209516295 -9999 67.0837987535023 67.1094963214444 66.8616473483096 66.7599440927055 66.6804885237755 66.3791256669194 65.8720371125917
66.2253649564523 66.062150153205 65.9242706672328 66.1548069039261 66.4092547941661 66.6212961144936 66.5004232011265 66.7393765089033 66.898993578501 66.9274533774287 66.8830709626909 66.6834350345033 66.7715402633062 66.9011561327595 67.2557132251149 67.3454138108187 67.3675180491571 67.3076149137518 67.2026108202277 67.405972201206 67.6286350187725 67.5936316028375 67.5635568486287 67.6814173422047 67.7920980112311 68.2980210823426 68.0224550586153 68.1662238215344 67.9942441769799 67.6685243746967 67.7575161229824 67.4049857133333 67.7341806938597 67.9694773817959 67.7067415201863 67.9871919319675 67.5853796845806 66.7725929369681 66.8854241677837 67.6605112034781 67.2199922846578 67.0837073855783 -9999 -9999 66.729999355763 66.9129567390244 66.6761049203505 66.2955607524514 66.3249224752037 65.7842710619489
65.9920850919016 66.2810383274849 66.2814881680692 66.3114840394958 66.4669946510763 66.5512912532417 66.5692597524901 66.7582656223966 66.6976386235204 66.8895475271288 66.9407734752692 66.7831316922716 66.8209641583216 66.9586612684793 67.3822727444501 67.5354021843365 67.5989170520759 67.2954060264286 67.2582357534729 67.3038844107171 67.5310710051694 67.4729012093934 67.4725127591335 67.3986867907728 67.8042731268902 68.170232199227 68.0247318496643 68.1904280878749 68.0241396547651 67.8658596597898 67.7817021635448 67.5486229441753 67.7681078273797 67.8987802294784 67.792287731563 67.6357758623116 67.6278342516045 67.2487126286722 67.1050076436694 67.2864899551018 67.5117072100452 67.2324317089337 66.9377927643373 66.8501748194431 66.7221992061171 66.9936047656435 66.5965214833156 66.2756404580226 66.4266209233067 66.0829007834778
66.3038307427649 66.5610788219281 66.5046077716838 66.4813167788439 66.4606134937655 66.4488585049326 66.812098221558 66.9031385468895 66.7614937308083 66.9131033286289 66.9554067467563 66.9309493588223 66.806690241741 67.1703471015246 67.24731457084 67.1746539864575 67.5626306050183 67.3456074679604 67.3532732181644 67.3382346405886 67.6184822419529 67.5151356205223 67.6860847358893 67.5592528195689 67.7532471019114 68.0951654763431 68.2554024286828 68.2066657447566 68.224851947375 67.9587502762405 67.7298849328134 67.7520790376932 67.8738094516484 67.7732949541482 67.7317148097028 67.6453149980863 67.5221908636411 67.1236636552095 67.3338643131427 67.2212171518825 67.4572530711973 67.0478894080449 66.8999360858958 66.8133522295004 66.9158518899929 66.9539949392097 66.560288873176 66.4860078280542 66.5776512310663 66.3334180819275
66.5865855030267 66.4695707073058 66.3876644071978 66.4129739594435 66.3518736591784 66.5044644168973 66.7384013859131 66.7453549376165 66.7766729869138 66.9427931881968 66.9854201930145 66.956397403631 66.8390590147019 67.2520251772481 67.1037855614414 67.223862943741 67.5180868702503 67.666845269372 67.3068130576303 67.2258934120232 67.5461298500302 67.6720374331827 67.9724615635662 67.883841473014 68.0191089310137 68.0903384844278 68.0023846454152 67.9053470209335 67.9770176416478 67.9476721430252 67.8747319059969 67.8434769712296 67.9060245663722 67.7588510335907 67.5926791742149 67.795283485455 67.5839173096852 67.2473243500392 67.4631366849057 67.3675946684144 67.3181371673889 67.1640967581249 67.0492121675079 66.9927959197013 66.8937339863001 67.0234416110419 66.891251139187 66.6361795470125 66.5932100163203 66.1988012245722
66.3738726309214 66.5278056816048 66.4333806714454 66.4475756582939 66.5417642069975 66.5886526072542 66.8240318939939 66.7536845121668 66.5445327093999 66.7154683460406 67.0501715799559 66.9632464676536 67.2118778070778 67.3461529385489 67.5312653925726 67.5530379908685 67.5440663525564 67.6657808395749 67.7362470502776 67.581874490107 67.3118172873226 67.4464803654599 67.7859612896376 67.9541751269576 67.6847566776849 67.736890227734 68.1469630022771 68.1074219476172 67.9730323840521 67.9797366152291 67.7671645693816 67.8979744507881 68.0852756270047 67.9798952311313 67.5601989968466 67.7260510734353 67.6167492853925 67.3250742951891 -9999 66.9841246826722 67.3096023090484 67.5705095037715 66.9374637251176 66.9127042922891 66.927383377897 67.0685976498268 66.9146604175241 66.6992266637321 66.6317179532756 66.2980338819447
66.470087096818 66.625106682227 66.6564715978893 66.8364834619109 66.5577157537145 66.44190225743 -9999 66.6760251197509 67.3267203549973 67.2694420857088 66.9864015512861 67.003102836297 67.0499471616755 66.9538437206564 67.1530828940754 67.324830962513 67.806636452225 67.7862126811762 67.9152374586911 67.9057193330492 67.832273820654 67.50180201627 67.5692687934134 67.6988865854375 67.8016155827359 67.8388794010254 67.8461785885128 67.7337450251706 67.9106227695894 67.9094166020046 67.9096710429647 67.7087399181276 67.9843912118235 68.1510724313431 67.7825752826712 67.360690129088 67.7949765204381 67.7110650407414 -9999 67.2822553720953 67.0754545804945 67.1244425995233 67.3672990558931 67.315201885191 67.016023023242 66.7222387045236 67.046398029008 66.3972259381056 66.2347518814944 66.2214639699261
66.7179663716138 66.9154773698262 66.7607007825503 67.114120543704 66.823287795572 66.5022193774083 -9999 66.64413389661 67.0200666199667 67.4744696719313 67.2865203345572 67.2361090596801 66.9393574388171 66.8457297099126 67.2756248944581 67.5948643996167 67.6182817603645 67.8531394979324 67.8633472452282 67.8287728166672 67.8234412609973 67.7984670509164 67.7863711263308 67.5544345120812 67.7540006810654 67.9345599717768 67.7904275497551 67.6460177992254 68.1094302249317 68.1144585820228 68.1004528526353 68.0606527490398 67.9208670122022 68.3784483522548 68.2936654010381 67.3158038359311 67.5997587383443 67.4613388719724 68.0413998025581 67.5753165572772 66.9649994602564 67.3639313191717 67.4754361763807 66.9196158337668 66.8432296171388 66.8612978935533 66.8669685364977 66.5880707905413 66.2174969416758 66.1683831879181
66.8313212803648 66.9587124971746 66.2966324590969 66.6624327119104 66.8173372056687 -9999 -9999 -9999 66.5043162296074 66.9151551691105 67.1161654600714 67.0838607102423 67.0153176900672 67.2573473899549 67.292143240795 67.4794620490912 67.8020502854886 67.8337536567893 67.9110600176409 67.7644484386538 67.4528409223238 67.5679395865376 67.9865154222216 67.6188222954355 67.8409225183354 -9999 67.8800952268246 67.896638467113 68.2801286253253 68.2962106133426 68.2750977940418 67.9845934442566 67.6657925853335 68.1531585482656 68.2207303376493 67.8466847531621 67.7081140745822 67.2695472390592 67.3243630677562 67.2752490498275 67.1826905588617 67.136830117353 67.5650489753418 67.2190826169309 67.0348992889337 66.8044039996873 66.5227972557905 66.5839510353851 66.3891218035874 66.1361214047721
