rcp8.5models/GFDL_CM3/sc1gr8.17
NCOLS 261 
NROWS 433 
XLLCORNER 336357.134 
YLLCORNER 654653.479 
CELLSIZE 1000 
NODATA_value -3.4e+38 
[rows 88 to 109 of 433, columns 49 to 97 of 261]
-3.4e+38 -3.4e+38 -3.4e+38 -3.4e+38 -3.4e+38 -3.4e+38 -3.4e+38 -3.4e+38 -3.4e+38 -3.4e+38 35.3066902160645 -3.4e+38 35.4678611755371 36.0326766967773 36.1384239196777 36.2229309082031 36.3092880249023 36.8929748535156 38.1338119506836 38.5848045349121 38.6919059753418 38.9474792480469 39.0537490844727 39.883617401123 40.354808807373 40.796085357666 41.0748863220215 41.1903076171875 41.3069496154785 41.9078102111816 42.3426284790039 43.1958808898926 -3.4e+38 44.0756797790527 44.5604553222656 44.8669891357422 44.9993476867676 45.1625556945801 46.0269165039062 46.8793067932129 47.1996650695801 47.5455589294434 48.749927520752 49.4499702453613 49.5986328125 49.7481384277344 49.8985595703125 50.0499954223633 50.2618255615234
-3.4e+38 -3.4e+38 -3.4e+38 -3.4e+38 -3.4e+38 -3.4e+38 -3.4e+38 -3.4e+38 -3.4e+38 -3.4e+38 35.2771072387695 35.3487281799316 35.7743453979492 36.0076065063477 36.0965194702148 36.1811790466309 36.6178131103516 37.5727653503418 38.0916748046875 38.693920135498 38.8050231933594 38.9074821472168 39.0115051269531 40.1663436889648 40.8032608032227 40.9180717468262 41.0324287414551 41.1504096984863 41.6310615539551 42.7667694091797 43.1634979248047 43.6455345153809 44.2536582946777 44.3872375488281 44.6916275024414 44.8233184814453 44.9848365783691 45.8323249816895 46.3529396057129 47.0151481628418 47.1553993225098 48.5606956481934 49.2567367553711 49.4045829772949 49.5531845092773 49.7026023864746 49.9084892272949 50.756950378418 51.2794723510742
-3.4e+38 -3.4e+38 -3.4e+38 -3.4e+38 -3.4e+38 -3.4e+38 -3.4e+38 -3.4e+38 -3.4e+38 -3.4e+38 35.2311592102051 35.6549530029297 35.8849945068359 35.9721374511719 36.0550537109375 36.1398887634277 37.4291763305664 37.8506965637207 38.0500984191895 38.6528587341309 38.7629661560059 38.8656692504883 39.6944427490234 40.4874687194824 40.7627220153809 40.8761863708496 40.9908027648926 41.111270904541 41.763599395752 43.0771675109863 43.6061859130859 44.0876197814941 44.3878784179688 44.5180473327637 44.6747131347656 45.5078887939453 45.6558647155762 46.1645088195801 46.6543350219727 46.9724426269531 47.1128273010254 48.0470733642578 49.2133369445801 49.3612327575684 49.5098571777344 49.7410202026367 50.9281921386719 51.4714546203613 51.8169097900391
-3.4e+38 -3.4e+38 -3.4e+38 -3.4e+38 -3.4e+38 -3.4e+38 -3.4e+38 -3.4e+38 -3.4e+38 35.0759925842285 35.6298332214355 35.7296028137207 35.8088684082031 35.8901748657227 35.9734764099121 37.2596549987793 37.6755180358887 37.7765655517578 38.3210258483887 38.5771560668945 38.6807708740234 39.5085868835449 39.9406051635742 40.5684967041016 40.680965423584 40.794849395752 40.9135856628418 41.3993873596191 42.7409439086914 42.9974594116211 43.5059471130371 44.9128570556641 45.4092636108398 46.0552215576172 46.0246429443359 46.3353996276855 46.4734687805176 46.6122779846191 46.7517967224121 46.8919944763184 47.0754928588867 48.9849319458008 49.1325073242188 49.2807464599609 49.5565414428711 51.2668533325195 51.4221076965332 51.722972869873 53.4371566772461
-3.4e+38 -3.4e+38 -3.4e+38 -3.4e+38 -3.4e+38 -3.4e+38 -3.4e+38 -3.4e+38 34.9641609191895 35.3827285766602 35.605655670166 35.6888885498047 35.7683448791504 35.8498611450195 36.6421699523926 37.5296440124512 37.6425666809082 37.7361679077148 38.4314804077148 38.5386962890625 39.364185333252 39.7923469543457 39.9020042419434 40.5283546447754 40.6411781311035 40.7554168701172 40.886058807373 42.2431564331055 42.7015762329102 43.3109855651855 43.6484375 45.230297088623 45.71484375 46.0217628479004 46.1585998535156 46.296257019043 46.4346923828125 46.5738639831543 46.713737487793 46.8958969116211 47.7639274597168 48.9472236633301 49.1715240478516 50.3261489868164 50.521728515625 51.2293434143066 51.4754905700684 52.6777305603027 53.3994255065918
-3.4e+38 -3.4e+38 -3.4e+38 -3.4e+38 -3.4e+38 34.0492210388184 34.6889038085938 34.8540573120117 -3.4e+38 35.4742126464844 35.5710525512695 35.6485977172852 35.7282638549805 35.8100051879883 36.8896484375 37.4983596801758 37.6024322509766 -3.4e+38 -3.4e+38 38.4989013671875 39.6421051025391 39.7544021606445 39.8638496398926 40.4889869689941 -3.4e+38 40.7207527160645 41.2054481506348 42.5399513244629 42.6631774902344 43.4600715637207 44.3090515136719 44.918773651123 45.2470512390137 45.9832038879395 46.151798248291 46.9993057250977 47.4603500366211 47.2794761657715 47.7580299377441 47.9217224121094 48.4377136230469 48.9114570617676 49.1807327270508 50.8847160339355 51.0390853881836 51.2830200195312 52.4837646484375 53.2019233703613 53.364429473877
-3.4e+38 -3.4e+38 -3.4e+38 -3.4e+38 33.8854141235352 -3.4e+38 34.3787040710449 34.8008117675781 34.8849906921387 35.4352912902832 35.5309791564941 35.6087303161621 35.6886253356934 35.7706108093262 36.8529930114746 37.4597358703613 37.5628395080566 37.657039642334 38.3542747497559 38.4597511291504 39.6056251525879 39.7158622741699 39.8268775939941 40.4504051208496 -3.4e+38 -3.4e+38 42.0469245910645 42.502082824707 42.6257553100586 44.1386337280273 44.6114768981934 44.7663879394531 45.5111885070801 45.9459800720215 46.1492042541504 47.6808319091797 47.9889335632324 47.9873390197754 48.6250801086426 48.4351501464844 48.5820274353027 48.954273223877 50.1500854492188 50.850959777832 51.0057983398438 51.3026580810547 53.0072021484375 53.169189453125 53.4333038330078
-3.4e+38 -3.4e+38 -3.4e+38 -3.4e+38 34.0287322998047 34.1750411987305 34.239559173584 34.4787750244141 34.8340606689453 35.3967742919922 35.491325378418 35.5693054199219 35.6494445800781 36.4423561096191 37.1817207336426 37.4284172058105 37.5237922668457 37.6183280944824 38.3166046142578 39.1461372375488 39.5700263977051 39.6790542602539 40.1423263549805 40.4126091003418 40.5356521606445 41.3813209533691 -3.4e+38 42.4651641845703 42.5893135070801 44.4432945251465 44.5878067016602 45.0746688842773 45.5181503295898 45.9576377868652 47.1524620056152 47.8185958862305 47.9633026123047 48.1193084716797 48.4311790466309 48.4016418457031 48.5490646362305 49.9670104980469 50.6646385192871 50.8193626403809 51.0636596679688 52.2618179321289 52.976490020752 53.1723556518555 53.791820526123
-3.4e+38 31.4422760009766 31.9527797698975 32.5090141296387 32.9581489562988 34.0816841125488 34.2016220092773 34.3376541137695 34.5138320922852 35.002254486084 35.4406051635742 35.5303230285645 35.6107292175293 36.6902465820312 37.2916069030762 37.3923645019531 37.4853019714355 37.5802001953125 39.0035781860352 39.4255790710449 39.5325813293457 39.6435890197754 40.2625732421875 40.3839378356934 41.2257347106934 42.023021697998 42.305778503418 42.4291954040527 42.5538673400879 43.7082252502441 44.560115814209 45.2036056518555 45.3573303222656 45.9503021240234 47.6398582458496 47.7843933105469 47.9296989440918 48.1390151977539 49.232795715332 48.4399719238281 49.5950698852539 50.4798355102539 50.6345520019531 50.8771629333496 52.074333190918 52.7859001159668 52.9482612609863 53.2318382263184 54.6017799377441
29.8920478820801 31.3245296478271 31.9275894165039 32.1294097900391 32.5387077331543 33.683422088623 33.8027153015137 34.3003311157227 34.3718757629395 34.5518112182617 35.0435752868652 35.4823722839355 36.2837944030762 36.6695365905762 36.9054756164551 37.3490600585938 37.4473686218262 37.542652130127 39.2804985046387 39.3886260986328 39.4973030090332 39.958122253418 40.2335891723633 41.0740089416504 41.8671989440918 42.147590637207 42.2702217102051 42.3941841125488 42.5297508239746 44.033821105957 44.5275611877441 45.1699295043945 45.357536315918 46.6078453063965 47.6064834594727 47.7516746520996 47.9180564880371 48.4770698547363 49.7994079589844 49.4540901184082 50.1421165466309 50.4510841369629 50.6350021362305 51.2294273376465 52.5970420837402 52.7593574523926 52.9557075500488 53.5739364624023 54.9840927124023
29.4598293304443 30.9289875030518 31.5289478302002 31.9555015563965 32.152286529541 32.8127708435059 33.6048049926758 34.2504348754883 34.3350944519043 34.4090690612793 34.5928001403809 35.435115814209 36.5304260253906 36.6379241943359 36.7263946533203 37.3104972839355 37.4100112915039 37.5057029724121 39.2462005615234 39.3520240783691 39.4630432128906 40.0774993896484 40.2035484313965 41.3612174987793 41.6459274291992 42.1123886108398 42.2355918884277 42.3601341247559 42.5251235961914 44.340648651123 44.4961433410645 45.1374549865723 45.3326072692871 46.6746406555176 47.5745429992676 47.7204399108887 47.9420127868652 49.2987098693848 49.8058395385742 49.9594917297363 50.1137924194336 50.8370399475098 51.6718330383301 52.0449829101562 52.5719871520996 52.8327865600586 53.9944114685059 54.4208869934082 55.3078460693359
29.3146190643311 30.0846843719482 31.3334331512451 31.5704135894775 31.9788761138916 32.1778717041016 33.5462455749512 33.8647117614746 34.2878532409668 34.3728981018066 34.4493217468262 34.7736320495605 36.4840049743652 36.6008987426758 36.6897239685059 36.9251327514648 37.3710594177246 37.4693489074707 39.2097969055176 39.3161087036133 39.4288139343262 40.041820526123 40.170825958252 41.3303260803223 41.7972793579102 42.0780754089355 42.2018928527832 42.3270530700684 42.5069732666016 44.3086280822754 44.4658699035645 45.139347076416 45.9839477539062 46.5059967041016 47.2965545654297 47.6906814575195 47.9384422302246 49.6239051818848 49.8016662597656 50.3375778198242 51.1610374450684 51.6998825073242 52.2232513427734 52.4166870117188 52.9709281921387 53.8441467285156 54.5642204284668 54.790843963623 55.5476112365723
29.2841835021973 29.4741497039795 30.9282398223877 31.3995895385742 31.5947170257568 32.0049514770508 32.4621467590332 33.7001419067383 33.9030838012695 34.3283271789551 34.413818359375 34.4927177429199 36.4473419189453 36.5643844604492 36.6535835266113 36.7448921203613 37.3351745605469 38.1584053039551 39.1740608215332 39.2808876037598 39.3952980041504 40.0173721313477 40.8499794006348 41.2932968139648 41.5799751281738 42.0446701049805 42.1691246032715 42.3185920715332 43.1752166748047 44.2924194335938 44.7717819213867 45.1280136108398 46.3173446655273 46.8180847167969 47.4497375488281 48.7345809936523 48.9183883666992 49.6200637817383 50.1678619384766 51.1965942382812 51.7140617370605 52.0669326782227 52.556812286377 52.8014831542969 53.871768951416 54.7322120666504 54.9036521911621 55.1685447692871 56.2149963378906
28.8900699615479 29.3074836730957 30.0781631469727 30.985445022583 31.4243679046631 31.6217422485352 32.0338287353516 33.6552619934082 33.7369537353516 33.9445381164551 34.3719520568848 34.4579467773438 36.0681190490723 36.5247802734375 36.6179809570312 36.7097091674805 37.30078125 38.4308624267578 39.1389961242676 39.2463684082031 39.3625030517578 39.9903221130371 41.1380043029785 41.2569198608398 41.3906059265137 -3.4e+38 42.171459197998 43.3471336364746 43.8167915344238 44.2708930969238 44.9419364929199 45.7856979370117 46.313045501709 47.2544212341309 48.2602157592773 49.2619667053223 49.4160041809082 49.6077003479004 50.3459205627441 51.5550117492676 52.0445861816406 52.4476127624512 53.4491577148438 53.6836395263672 54.560863494873 55.019214630127 56.1283950805664 56.0592956542969 56.9296607971191
28.7388801574707 29.271541595459 29.4617595672607 30.8094177246094 31.0424556732178 31.4518566131592 31.6515846252441 33.254093170166 33.6947135925293 33.7768898010254 33.9891586303711 34.4188041687012 35.8974113464355 36.4890823364258 36.5829200744629 36.6750869750977 36.9182205200195 38.396240234375 39.1046142578125 39.2125511169434 39.3420639038086 40.6684455871582 41.1051025390625 41.2334060668945 41.6988868713379 42.0029907226562 42.8571014404297 43.815372467041 43.9487342834473 44.2764587402344 45.6172409057617 46.1001472473145 46.2804222106934 47.0881843566895 47.9076614379883 49.235912322998 49.4628715515137 50.6299171447754 50.9894256591797 51.5473289489746 52.2707786560059 53.3266563415527 54.1817779541016 54.3711738586426 54.7932205200195 55.7093505859375 56.7399940490723 56.8313446044922 57.8386764526367
28.305103302002 28.7342281341553 28.917142868042 29.5665721893311 30.8174610137939 31.0398750305176 31.4509620666504 33.0490379333496 33.1480751037598 33.3566551208496 33.7831344604492 34.0048408508301 35.8341102600098 35.9316596984863 36.1656455993652 36.6075668334961 36.7098922729492 37.9840927124023 38.545841217041 39.1470527648926 39.2829475402832 40.5835456848145 41.0417175292969 41.1776657104492 41.8286285400391 42.9797859191895 43.1164817810059 43.4232025146484 43.8912963867188 45.2590293884277 45.9033355712891 46.1325454711914 47.7284698486328 48.3699722290039 48.8629417419434 49.188175201416 49.4610939025879 51.1373863220215 51.3978462219238 52.7827606201172 53.7077751159668 55.2402076721191 55.4151039123535 55.6478080749512 56.441577911377 57.3445892333984 58.3757972717285 59.939079284668 60.1301345825195
28.1371536254883 28.3559532165527 28.7549629211426 29.2851524353027 30.4368782043457 30.8739814758301 31.071662902832 31.9591312408447 33.1001243591309 33.1901969909668 33.7503890991211 33.8343963623047 35.4568214416504 35.898551940918 35.9901924133301 36.5746765136719 36.6791496276855 37.805835723877 38.5094871520996 38.7903022766113 39.9559593200684 40.4010238647461 41.0112342834473 41.1719779968262 42.4966506958008 42.9507446289062 43.0818710327148 43.2368202209473 43.8640975952148 45.7336540222168 45.9515380859375 47.3896217346191 48.1931266784668 48.6853561401367 49.0092735290527 49.2412605285645 50.4324989318848 51.1172866821289 51.4114570617676 53.1357688903809 53.9304351806641 55.8150177001953 55.9959182739258 56.2811088562012 57.4695281982422 58.0404396057129 58.6330070495605 60.6985397338867 61.016429901123
28.1081733703613 28.2088451385498 28.7229232788086 28.9113636016846 30.2762012481689 30.495922088623 30.9061946868896 31.5215148925781 -3.4e+38 -3.4e+38 33.3727531433105 33.8015670776367 35.0121803283691 35.8661766052246 35.9576377868652 36.1982574462891 36.6498947143555 37.7757034301758 38.4759979248047 38.6195602416992 40.2409439086914 40.372444152832 40.981559753418 41.1571388244629 42.7921752929688 42.922607421875 43.0545501708984 -3.4e+38 43.8897552490234 -3.4e+38 45.9120025634766 47.0976638793945 48.5533790588379 49.5475692749023 49.7287406921387 50.2520904541016 50.9599494934082 51.5047912597656 -3.4e+38 53.1200866699219 53.934024810791 55.9004058837891 57.051326751709 57.2939300537109 58.0243263244629 58.3259124755859 59.6222343444824 61.1291694641113 62.0743865966797
27.7389087677002 28.1695518493652 28.3502464294434 28.7505893707275 29.5383567810059 30.3252220153809 30.8746566772461 -3.4e+38 -3.4e+38 -3.4e+38 33.2036247253418 33.4237670898438 34.8713569641113 35.4890594482422 35.9254684448242 36.0240440368652 36.6212425231934 37.740592956543 38.4458122253418 38.5936279296875 40.2112731933594 40.3446273803711 40.952693939209 41.1325340270996 42.7641105651855 42.8953742980957 43.0281600952148 43.2213897705078 44.5748481750488 45.6845779418945 45.9200553894043 47.5418548583984 48.7226524353027 49.9186134338379 50.4173889160156 50.7500419616699 51.0115699768066 52.391731262207 53.2370529174805 53.4880599975586 54.5739974975586 56.9120826721191 57.6365852355957 57.861701965332 -3.4e+38 59.3680191040039 60.4970283508301 62.052318572998 63.0488662719727
26.8816184997559 27.7726669311523 28.1920185089111 28.7202663421631 28.90944480896 30.2869434356689 -3.4e+38 -3.4e+38 -3.4e+38 -3.4e+38 33.1741333007812 33.255786895752 34.1225166320801 35.3153343200684 35.552417755127 35.9997711181641 36.9633865356445 37.7081298828125 38.416316986084 38.5684013366699 40.1823539733887 40.3175811767578 40.9503364562988 41.786678314209 42.4066047668457 42.8690376281738 43.0026969909668 43.2167930603027 44.8838081359863 45.7037239074707 46.6040191650391 47.9847068786621 48.7038154602051 49.9118576049805 50.5663604736328 50.8128089904785 52.0345077514648 53.0632019042969 53.4103469848633 53.7141227722168 55.2373580932617 57.4375915527344 57.7334365844727 58.9317436218262 59.6164436340332 60.5108375549316 60.9906578063965 62.522777557373 63.9537124633789
26.6123237609863 27.621768951416 28.1629104614258 28.3482093811035 28.7500476837158 29.9143886566162 -3.4e+38 -3.4e+38 -3.4e+38 -3.4e+38 32.7988204956055 33.2258033752441 33.4607849121094 35.2842788696289 35.381477355957 35.9745826721191 37.0927696228027 37.6787147521973 38.052848815918 38.5337371826172 39.8215713500977 40.2792129516602 40.6065673828125 42.0751113891602 42.2267570495605 42.8436012268066 42.9951705932617 43.5231056213379 44.8615264892578 45.9862289428711 47.4898109436035 48.0128479003906 49.3763580322266 50.2160873413086 50.6282043457031 51.8216552734375 52.5531883239746 53.2793960571289 54.1106719970703 54.3714256286621 55.4991645812988 57.5586624145508 59.003776550293 59.790599822998 60.4598693847656 60.9604377746582 62.1612510681152 62.9299354553223 64.7902908325195
26.2419528961182 27.5901145935059 27.7919063568115 28.1913318634033 28.3760299682617 29.0430526733398 29.9576301574707 -3.4e+38 30.9943561553955 -3.4e+38 32.6324806213379 32.8533401489258 33.2938194274902 34.9145431518555 35.3485641479492 35.6102409362793 37.0581932067871 37.3145866394043 37.8786239624023 38.5042533874512 39.6456756591797 40.2470626831055 40.4316635131836 42.049373626709 42.2029838562012 42.8190574645996 43.0177536010742 44.3384056091309 44.8402252197266 46.7797889709473 47.7548561096191 48.0209197998047 49.7122993469238 50.4177665710449 51.3158912658691 52.3491287231445 52.9179763793945 53.9525985717773 54.5143814086914 55.0977973937988 56.1921157836914 57.9441757202148 59.7164535522461 60.3300170898438 61.3876152038574 61.9768676757812 62.8542861938477 64.0847702026367 65.0561676025391
