rcp8.5models/GFDL_CM3/sc1gr5.39
NCOLS 261 
NROWS 433 
XLLCORNER 336357.134 
YLLCORNER 654653.479 
CELLSIZE 1000 
NODATA_value -3.4e+38 
[rows 88 to 109 of 433, columns 98 to 146 of 261]
306.623718261719 306.302764892578 307.115875244141 307.286468505859 307.187042236328 306.713348388672 306.81640625 306.250061035156 305.923248291016 306.314880371094 307.029815673828 307.566101074219 307.993927001953 307.945434570312 307.900238037109 307.939880371094 307.968322753906 307.747100830078 307.292449951172 307.199920654297 307.1474609375 306.304473876953 306.312255859375 306.380920410156 306.530395507812 306.964294433594 308.193054199219 308.367553710938 308.973022460938 309.387725830078 309.910278320312 309.896392822266 309.544006347656 309.683135986328 310.372833251953 310.671356201172 310.008636474609 309.861175537109 309.973419189453 310.443359375 310.68359375 310.656585693359 310.518432617188 310.756958007812 310.631011962891 310.802581787109 310.954895019531 310.827911376953 311.953796386719
306.3125 306.057830810547 306.918762207031 306.967224121094 307.171295166016 306.994873046875 306.865600585938 306.486785888672 305.845916748047 306.013336181641 306.974792480469 307.273132324219 307.825958251953 308.003692626953 307.901824951172 307.632934570312 307.378051757812 307.786987304688 306.990081787109 306.98681640625 306.903625488281 306.484191894531 306.479187011719 306.381866455078 306.101196289062 307.05517578125 307.894836425781 308.452392578125 308.899627685547 309.534240722656 309.833404541016 309.383483886719 309.630554199219 309.826507568359 310.399688720703 310.617828369141 310.018005371094 309.864471435547 309.918487548828 310.137084960938 310.181030273438 310.216278076172 310.437591552734 310.676513671875 310.548004150391 310.569183349609 310.759216308594 310.963928222656 312.436462402344
306.034088134766 305.983093261719 306.945770263672 306.84521484375 306.922912597656 306.390655517578 306.605682373047 306.344177246094 306.112365722656 306.609436035156 306.906036376953 306.964782714844 307.450439453125 308.006561279297 307.975799560547 307.769744873047 307.521667480469 307.326843261719 306.9931640625 306.989929199219 306.901794433594 306.561553955078 307.018341064453 306.635162353516 305.990234375 306.923950195312 308.054412841797 308.800415039062 308.933471679688 309.199249267578 309.24755859375 309.190612792969 309.861755371094 309.944305419922 310.193298339844 310.483337402344 309.937896728516 310.001159667969 310.470062255859 310.512908935547 310.427856445312 310.483856201172 310.700103759766 310.718170166016 310.599853515625 310.686401367188 311.216674804688 311.263427734375 312.581115722656
305.698547363281 306.011962890625 306.197875976562 306.521514892578 307.096038818359 306.999908447266 307.1025390625 306.910278320312 306.830596923828 306.696105957031 306.683197021484 307.000579833984 307.220062255859 308.003204345703 307.659423828125 307.991851806641 307.918273925781 307.941650390625 307.531280517578 307.055053710938 306.619506835938 306.234405517578 306.297943115234 306.228820800781 306.355865478516 306.752471923828 307.905975341797 308.132904052734 308.907531738281 308.996429443359 309.136962890625 309.821411132812 309.382598876953 309.308013916016 309.240905761719 309.345245361328 309.946563720703 310.413635253906 310.639282226562 310.925048828125 311.073059082031 311.013854980469 -3.4e+38 311.256530761719 311.148315429688 311.396301269531 311.827667236328 312.172424316406 312.604736328125
305.873687744141 305.828857421875 306.210052490234 306.595520019531 306.992828369141 306.913208007812 306.977325439453 306.678527832031 306.653167724609 306.635833740234 306.084045410156 306.563446044922 307.151123046875 307.661773681641 307.412445068359 307.811492919922 307.850677490234 307.903442382812 307.854522705078 307.52392578125 306.953308105469 306.188049316406 305.976379394531 306.016876220703 306.569061279297 307.156188964844 308.076354980469 308.632263183594 308.951751708984 308.92578125 308.941833496094 309.234832763672 308.846923828125 308.938659667969 309.078826904297 309.451965332031 310.0791015625 310.754821777344 310.611999511719 310.787017822266 310.942230224609 311.30712890625 311.663848876953 311.619384765625 311.588775634766 311.84521484375 311.990264892578 -3.4e+38 312.588897705078
305.882690429688 305.813934326172 306.188507080078 306.226867675781 306.823120117188 306.950042724609 306.899444580078 306.74169921875 306.464965820312 306.907836914062 306.591217041016 306.742889404297 307.049987792969 307.341888427734 307.12890625 307.343383789062 307.867095947266 307.419494628906 307.380798339844 307.606689453125 307.373229980469 306.743865966797 305.99072265625 306.02734375 306.334533691406 307.041961669922 308.02392578125 308.379760742188 308.894500732422 308.994689941406 308.789093017578 308.802032470703 308.697692871094 308.941589355469 309.476776123047 309.938293457031 310.388153076172 -3.4e+38 310.704711914062 310.679351806641 310.872802734375 311.676635742188 -3.4e+38 311.65673828125 311.681457519531 311.923919677734 312.382934570312 312.511474609375 312.617736816406
305.832489013672 305.85400390625 306.091522216797 305.927886962891 306.606414794922 306.907745361328 306.853668212891 306.842529296875 306.789825439453 306.942047119141 306.485229492188 307.007537841797 306.955505371094 307.26220703125 306.962829589844 307.118408203125 307.962493896484 307.673553466797 307.646301269531 307.751831054688 307.399353027344 306.950103759766 306.307708740234 305.984191894531 306.508941650391 307.048309326172 308.343231201172 308.245849609375 308.419372558594 308.992309570312 309.17236328125 308.798461914062 308.86669921875 308.914093017578 309.599456787109 310.045257568359 310.277313232422 310.837005615234 310.857696533203 310.744750976562 311.077301025391 311.703247070312 311.76708984375 311.732635498047 311.698455810547 311.964752197266 312.412384033203 312.617004394531 312.639282226562
306.230102539062 305.948394775391 306.056793212891 305.911560058594 306.458831787109 306.922546386719 306.776824951172 306.955200195312 306.933502197266 306.974517822266 306.596801757812 306.334350585938 306.598266601562 307.131805419922 306.998718261719 307.136413574219 307.882385253906 307.757690429688 307.961090087891 307.694519042969 307.566162109375 307.126739501953 306.634887695312 306.168823242188 306.924163818359 307.450225830078 308.267120361328 308.688079833984 308.449920654297 309.319366455078 -3.4e+38 308.922058105469 309.05126953125 308.980438232422 309.521484375 309.888153076172 310.118530273438 310.676147460938 311.00537109375 -3.4e+38 311.232482910156 -3.4e+38 311.839202880859 311.811737060547 311.80908203125 311.992736816406 312.11328125 312.329010009766 312.403900146484
306.596710205078 306.409210205078 306.215179443359 305.970031738281 306.228363037109 306.897064208984 306.822845458984 307.004364013672 306.867370605469 306.879577636719 306.522369384766 306.160003662109 306.803253173828 307.184295654297 307.006652832031 307.078338623047 307.916412353516 307.652252197266 307.389373779297 307.800903320312 307.722869873047 307.481567382812 306.667724609375 306.409790039062 306.849639892578 307.920135498047 308.335357666016 308.966857910156 309.441162109375 309.820434570312 309.871612548828 309.472381591797 309.519409179688 309.290222167969 309.528778076172 309.609924316406 310.048278808594 310.730224609375 311.013519287109 -3.4e+38 311.689605712891 311.904235839844 311.841979980469 311.831848144531 311.888458251953 312.049652099609 312.035369873047 312.21923828125 312.349761962891
306.815277099609 307.044647216797 306.526885986328 305.912170410156 306.041076660156 306.962219238281 306.930786132812 306.719940185547 306.847015380859 306.834564208984 306.636413574219 306.576110839844 307.036926269531 307.11962890625 306.990203857422 307.466186523438 307.994232177734 307.765686035156 307.39208984375 307.790191650391 307.802429199219 307.339111328125 306.857299804688 306.816040039062 307.095306396484 308.100799560547 308.863220214844 309.015838623047 309.907043457031 310.072967529297 310.092407226562 309.991821289062 309.932006835938 309.609405517578 309.871307373047 309.839965820312 310.031158447266 310.839416503906 311.1669921875 311.829742431641 312.014221191406 311.928100585938 311.844696044922 311.834533691406 311.859588623047 311.984985351562 312.178466796875 312.510803222656 312.699340820312
307.242858886719 307.039886474609 307.053466796875 306.422729492188 306.026702880859 306.557342529297 306.821685791016 306.148742675781 306.44140625 306.506958007812 306.840911865234 306.729553222656 306.942352294922 307.014190673828 306.865966796875 307.510314941406 -3.4e+38 307.907653808594 307.576568603516 307.196319580078 307.351806640625 307.063140869141 307.094116210938 307.530731201172 307.723602294922 308.11669921875 309.022003173828 309.066223144531 309.710876464844 309.794769287109 310.024475097656 310.080047607422 310.199401855469 309.906982421875 310.247528076172 310.086486816406 310.100494384766 310.834930419922 311.115966796875 311.968902587891 312.033630371094 312.006927490234 311.920349121094 311.837188720703 311.851501464844 311.974060058594 312.294555664062 312.768341064453 312.892883300781
307.099609375 307.218505859375 307.575408935547 306.471313476562 305.953765869141 306.269226074219 306.828308105469 306.550994873047 306.260467529297 306.069580078125 306.591583251953 306.793090820312 306.78369140625 306.957427978516 306.764373779297 307.158782958984 307.355895996094 307.799560546875 307.649108886719 307.414825439453 307.163177490234 306.928436279297 307.174987792969 307.930236816406 307.991668701172 308.480712890625 308.983520507812 309.031585693359 309.229125976562 309.332550048828 309.938720703125 309.980377197266 310.380340576172 310.136413574219 310.235717773438 310.535247802734 310.368011474609 310.926666259766 311.220886230469 311.895660400391 311.93896484375 311.953277587891 -3.4e+38 311.887817382812 311.774963378906 311.956634521484 312.315643310547 312.8408203125 312.921417236328
307.511260986328 307.711181640625 307.218414306641 306.612121582031 306.156341552734 306.138122558594 306.601654052734 306.855346679688 306.299743652344 305.962005615234 306.585540771484 306.754150390625 306.6630859375 306.467010498047 306.734039306641 306.976654052734 307.305419921875 307.708892822266 307.784576416016 307.649871826172 307.114776611328 306.976684570312 307.218231201172 307.730407714844 307.934448242188 308.418182373047 308.677581787109 308.627410888672 308.671966552734 309.095794677734 309.927062988281 309.908935546875 310.356140136719 310.256530761719 309.991333007812 310.590515136719 310.741271972656 311.000671386719 311.456634521484 311.858245849609 311.703887939453 311.586791992188 311.9462890625 311.973663330078 311.851928710938 311.857330322266 312.048889160156 312.308868408203 312.267425537109
308.139862060547 307.877593994141 307.573852539062 306.849395751953 306.715576171875 306.321990966797 306.300567626953 306.587158203125 306.739074707031 306.471954345703 306.51611328125 306.790191650391 306.761199951172 306.452056884766 306.859680175781 307.249298095703 307.671569824219 307.654998779297 307.478698730469 307.542938232422 307.232238769531 306.827453613281 306.921264648438 307.225860595703 307.762573242188 307.96240234375 308.092102050781 308.468963623047 308.548828125 309.338226318359 309.913665771484 310.129821777344 310.305206298828 310.372985839844 310.342987060547 310.40869140625 310.806030273438 310.996826171875 311.368560791016 311.528656005859 311.292053222656 311.363037109375 311.848052978516 311.768432617188 311.670196533203 311.823516845703 311.830963134766 311.878540039062 311.708221435547
308.018707275391 307.871734619141 307.964813232422 307.349761962891 307.081939697266 306.720336914062 306.623260498047 306.669799804688 306.633361816406 306.70361328125 306.388793945312 306.569946289062 306.642211914062 306.455230712891 306.931915283203 307.346771240234 307.753601074219 307.562133789062 307.011962890625 307.596801757812 307.545532226562 307.131439208984 306.856658935547 306.899078369141 307.583068847656 307.681793212891 307.947875976562 308.699859619141 308.818664550781 309.574798583984 309.864135742188 310.075805664062 310.08154296875 310.417205810547 310.501098632812 310.639495849609 310.763458251953 310.983276367188 311.245697021484 311.255798339844 311.1103515625 311.219848632812 311.815490722656 311.521942138672 311.1748046875 311.586120605469 311.71826171875 311.751525878906 311.492919921875
308.130828857422 307.85498046875 307.860534667969 307.829132080078 307.989562988281 307.632019042969 307.270050048828 307.607940673828 307.433898925781 307.137115478516 306.873626708984 306.645263671875 306.644012451172 306.501403808594 306.517028808594 306.72119140625 306.917053222656 307.479888916016 307.457397460938 307.421112060547 307.710662841797 307.692230224609 307.362823486328 307.747802734375 307.487457275391 308.288269042969 308.801147460938 309.096466064453 309.671417236328 309.737030029297 309.769409179688 310.096099853516 310.4150390625 310.3349609375 310.528198242188 310.270965576172 310.386505126953 311.07568359375 311.331115722656 311.193572998047 310.784698486328 310.90625 311.289245605469 311.224487304688 310.998565673828 310.989196777344 311.556762695312 311.258270263672 311.804107666016
307.823974609375 307.792449951172 308.044494628906 307.755828857422 307.731506347656 307.793029785156 307.734954833984 307.702392578125 307.737884521484 307.620483398438 307.198547363281 306.872192382812 306.63427734375 306.599670410156 306.197387695312 306.464172363281 306.837738037109 307.185333251953 307.266662597656 307.358764648438 307.734771728516 307.379058837891 307.103057861328 307.483337402344 307.689880371094 308.096527099609 308.899139404297 309.535339355469 309.531555175781 309.820190429688 309.902069091797 310.07861328125 309.949401855469 310.328582763672 310.486785888672 309.869476318359 310.488006591797 311.115051269531 311.402770996094 311.20751953125 310.668121337891 310.849822998047 310.948455810547 310.797515869141 310.63037109375 310.813812255859 311.360076904297 311.52880859375 311.786865234375
307.480804443359 307.911285400391 307.95654296875 307.303100585938 307.460479736328 307.675537109375 307.785247802734 307.875030517578 307.662658691406 307.649230957031 307.553680419922 307.387054443359 306.985534667969 306.775024414062 306.136322021484 306.645172119141 306.829803466797 306.931457519531 306.989166259766 307.358276367188 307.114776611328 306.875396728516 306.808563232422 307.039337158203 307.777679443359 308.232208251953 308.961730957031 309.687530517578 309.561859130859 309.773620605469 309.927764892578 309.726776123047 309.755584716797 310.095092773438 310.104583740234 310.188690185547 310.564331054688 310.961608886719 310.993041992188 310.825561523438 310.587219238281 310.73779296875 310.837188720703 310.608764648438 310.510009765625 310.843475341797 311.32763671875 311.626495361328 311.805877685547
307.523315429688 307.911010742188 307.840301513672 307.427581787109 307.287689208984 307.443237304688 307.544189453125 307.803863525391 307.620086669922 307.554779052734 307.713073730469 307.753967285156 307.316986083984 306.730651855469 306.183044433594 306.405731201172 306.590026855469 306.643157958984 306.686065673828 307.493347167969 307.183074951172 306.692016601562 306.797882080078 306.841217041016 307.704895019531 308.616119384766 308.659698486328 309.076354980469 309.657684326172 309.65966796875 309.648223876953 309.447296142578 309.333770751953 309.730773925781 309.865325927734 310.651611328125 310.610260009766 311.0263671875 310.679779052734 310.176574707031 310.191375732422 310.452850341797 310.908020019531 310.524536132812 310.600494384766 310.891784667969 311.036407470703 311.178558349609 311.793701171875
307.460021972656 307.785980224609 307.950958251953 307.743103027344 307.343200683594 307.522857666016 307.199829101562 307.438293457031 307.708190917969 307.755065917969 307.820098876953 307.845123291016 307.534454345703 306.95556640625 306.589630126953 306.402679443359 306.238616943359 306.547607421875 306.744964599609 307.548858642578 307.412963867188 306.587066650391 306.742095947266 307.219573974609 307.535247802734 308.357391357422 308.256256103516 308.760894775391 309.510345458984 309.508453369141 309.507965087891 309.283477783203 308.894897460938 309.599975585938 309.788604736328 310.162506103516 310.673431396484 310.971038818359 310.831268310547 310.411590576172 309.907501220703 310.055786132812 310.380859375 310.429962158203 310.355621337891 310.113250732422 310.191436767578 310.950408935547 311.418121337891
307.287139892578 307.536560058594 307.848907470703 307.609924316406 307.230560302734 307.006225585938 307.211303710938 307.602905273438 307.513885498047 307.619506835938 307.865905761719 307.738403320312 307.501098632812 307.392669677734 306.785583496094 306.213623046875 305.916717529297 306.720458984375 306.684814453125 307.038269042969 306.870147705078 306.227233886719 306.818969726562 307.592254638672 307.584320068359 308.090423583984 308.201293945312 308.612091064453 308.812561035156 309.101348876953 309.552947998047 309.249420166016 309.076293945312 309.609680175781 309.640563964844 309.716827392578 310.591156005859 310.846374511719 310.904418945312 310.730560302734 310.254943847656 310.099090576172 309.999481201172 310.386535644531 310.348968505859 310.072265625 310.370300292969 311.163055419922 310.947906494141
307.383087158203 307.231781005859 307.776031494141 307.938201904297 307.795532226562 307.581390380859 307.628173828125 307.615264892578 307.246490478516 307.114593505859 307.408050537109 307.488891601562 307.013122558594 -3.4e+38 307.331024169922 306.431762695312 306.028045654297 306.854675292969 306.755035400391 306.806884765625 306.741821289062 306.528625488281 306.855072021484 307.181274414062 307.595611572266 307.853637695312 307.416900634766 308.062225341797 308.654144287109 308.822784423828 309.160980224609 309.340423583984 308.814239501953 309.154602050781 309.516326904297 309.709625244141 310.488006591797 310.725372314453 310.605194091797 310.549957275391 310.494873046875 310.112426757812 309.761383056641 310.235412597656 310.191345214844 310.404541015625 310.694641113281 311.057098388672 311.047332763672
