rcp8.5models/GFDL_CM3/sc1gr6.10
NCOLS 261 
NROWS 433 
XLLCORNER 336357.134 
YLLCORNER 654653.479 
CELLSIZE 1000 
NODATA_value -3.4e+38 
[rows 154 to 175 of 433, columns 147 to 195 of 261]
973.245056152344 974.159912109375 975.968078613281 977.186096191406 978.494873046875 979.902648925781 981.938903808594 983.944641113281 983.526611328125 982.183959960938 983.421997070312 985.656188964844 983.533508300781 987.590942382812 996.246520996094 992.036071777344 986.518737792969 990.938354492188 998.131713867188 992.911254882812 -3.4e+38 1008.47747802734 1008.93621826172 1012.71380615234 1015.59625244141 1018.45776367188 1020.36260986328 1023.10113525391 1026.55285644531 1029.21228027344 1033.05395507812 1036.607421875 1038.93188476562 1042.1279296875 1042.986328125 1044.884765625 1047.09362792969 1048.67407226562 1051.29614257812 1054.68981933594 -3.4e+38 1058.42126464844 1061.02587890625 1063.20581054688 1065.19030761719 1069.51403808594 1072.2314453125 1074.89123535156 1076.55285644531
966.577209472656 967.469848632812 969.543762207031 970.425659179688 971.447509765625 973.703918457031 975.133605957031 977.014526367188 -3.4e+38 977.266479492188 979.0302734375 977.734558105469 973.560546875 977.53515625 985.401306152344 978.215026855469 977.611755371094 981.508361816406 -3.4e+38 989.005859375 998.39501953125 998.948181152344 1001.57489013672 1005.0107421875 1007.93383789062 1010.94958496094 1013.52020263672 1017.19622802734 1020.43524169922 1023.67602539062 1028.29541015625 1031.18493652344 1033.05676269531 1036.65808105469 1037.85852050781 1039.55358886719 1042.13830566406 1044.90576171875 1047.771484375 1050.31921386719 1052.4140625 1054.05090332031 1056.64392089844 1059.25219726562 1061.1953125 1066.09973144531 1068.65173339844 1071.74645996094 1075.04382324219
960.453247070312 961.424011230469 963.572082519531 964.634338378906 965.772399902344 967.340393066406 970.051696777344 970.116760253906 970.475952148438 972.594848632812 973.976928710938 969.858215332031 967.071655273438 969.541625976562 974.511901855469 970.081176757812 970.921447753906 975.807861328125 977.798095703125 -3.4e+38 996.578552246094 987.701110839844 995.332397460938 998.096557617188 1000.69232177734 1004.54052734375 1007.49884033203 1011.25842285156 1014.05157470703 1017.72741699219 1022.61871337891 1025.55078125 1028.24267578125 1031.08178710938 1031.86865234375 1034.90307617188 -3.4e+38 1041.13269042969 1043.44995117188 1045.44055175781 1048.01342773438 1050.70483398438 1052.91198730469 1055.17321777344 1057.31042480469 1062.26525878906 1065.13208007812 1067.83764648438 1071.35131835938
953.651306152344 954.755859375 957.89453125 960.661987304688 962.167907714844 961.917236328125 963.87451171875 963.625427246094 965.328857421875 967.794616699219 969.576416015625 962.803283691406 960.254150390625 961.139953613281 963.700988769531 964.1123046875 967.085571289062 969.171691894531 971.864440917969 978.594360351562 985.255065917969 980.975708007812 988.089111328125 991.044921875 994.162048339844 997.892333984375 1000.96868896484 1004.74914550781 1008.57501220703 1013.41162109375 1017.49963378906 1019.57629394531 1022.42614746094 1024.94860839844 1026.38598632812 1030.45532226562 -3.4e+38 1036.06262207031 1038.626953125 1041.298828125 1043.86267089844 1046.61389160156 1048.68188476562 1050.70642089844 1052.15551757812 1057.68640136719 1061.1923828125 1063.17553710938 1066.14147949219
947.057434082031 948.311584472656 951.274475097656 955.364562988281 957.916564941406 957.59228515625 957.706604003906 958.267700195312 960.789123535156 964.643676757812 967.482238769531 958.609069824219 955.101623535156 953.568359375 955.507751464844 958.343566894531 961.676025390625 962.262390136719 971.568176269531 981.063110351562 972.170471191406 974.451110839844 981.304016113281 984.809814453125 988.142150878906 991.645690917969 995.343322753906 999.209777832031 1003.12231445312 1008.30322265625 1011.88623046875 1014.38189697266 1016.23260498047 1018.89379882812 1022.01733398438 1025.47680664062 1028.39758300781 1031.42077636719 1034.12841796875 1036.66748046875 1039.10729980469 1041.82482910156 1044.36059570312 1046.76977539062 1048.52673339844 1054.119140625 1057.111328125 1059.20166015625 1061.67834472656
941.240783691406 942.937927246094 945.562133789062 948.849243164062 950.716186523438 952.207397460938 953.14697265625 953.931335449219 955.075256347656 959.812683105469 962.977966308594 953.629211425781 950.0595703125 948.16796875 949.746948242188 952.221557617188 954.833251953125 -3.4e+38 965.589111328125 972.487487792969 965.741516113281 968.754211425781 975.506896972656 979.097595214844 982.884582519531 986.5595703125 990.742065429688 994.903564453125 998.120544433594 1002.03442382812 1004.91729736328 1007.94104003906 1009.94927978516 1015.662109375 1018.259765625 1021.23205566406 1024.599609375 1027.67895507812 1030.39050292969 1032.48706054688 1035.20812988281 1037.90856933594 1040.32299804688 1042.91247558594 1044.9755859375 1050.69079589844 1054.25305175781 1056.77551269531 1058.81420898438
936.3759765625 937.5810546875 939.863037109375 942.447998046875 943.234069824219 945.742065429688 949.76708984375 950.407958984375 951.79833984375 955.811889648438 954.538513183594 949.556457519531 945.017700195312 944.141540527344 -3.4e+38 -3.4e+38 949.496032714844 -3.4e+38 954.877746582031 957.06494140625 960.525329589844 963.295227050781 969.877807617188 973.166320800781 977.31884765625 981.265625 986.11474609375 990.195678710938 994.110778808594 996.889770507812 999.777465820312 1002.51324462891 1005.02606201172 1012.11834716797 1014.79583740234 1017.47821044922 1020.11511230469 1023.05895996094 1026.52966308594 1029.02258300781 1031.88623046875 1033.95947265625 1035.96325683594 1038.90258789062 1041.6630859375 1047.21484375 1050.72216796875 1052.91198730469 1055.59008789062
926.884887695312 926.143981933594 929.155212402344 930.225646972656 930.029113769531 932.530334472656 934.932922363281 940.419921875 944.068054199219 944.292602539062 939.145385742188 932.629272460938 932.614562988281 933.796630859375 -3.4e+38 -3.4e+38 940.067443847656 942.531127929688 944.519897460938 946.851440429688 949.738220214844 953.086120605469 959.714233398438 963.95947265625 967.931213378906 972.144348144531 975.418884277344 979.810546875 983.777893066406 986.832092285156 989.09765625 992.472595214844 996.505126953125 1001.76849365234 1004.59991455078 1007.97338867188 1011.75531005859 1014.40289306641 1017.50830078125 1020.83355712891 1023.11694335938 1026.41674804688 1029.24987792969 1032.3662109375 1036.03161621094 1041.01953125 1044.11242675781 1047.21020507812 1049.94091796875
922.351379394531 921.21240234375 923.289489746094 922.447570800781 922.31884765625 923.464111328125 927.795166015625 932.1904296875 932.775268554688 932.935485839844 932.531677246094 926.926147460938 927.52490234375 -3.4e+38 -3.4e+38 -3.4e+38 935.312805175781 937.991455078125 939.255004882812 941.978454589844 945.228454589844 948.431030273438 954.888000488281 959.099365234375 963.445678710938 967.423461914062 -3.4e+38 974.557922363281 978.053771972656 981.918701171875 984.497924804688 988.522827148438 992.401062011719 996.615051269531 1000.07574462891 1004.33746337891 1007.68640136719 1010.16821289062 1013.95379638672 1016.92547607422 1018.71636962891 1022.17425537109 1025.74230957031 1028.43969726562 1032.00756835938 1037.92150878906 1041.37817382812 1043.69799804688 1046.35900878906
917.506042480469 916.923278808594 917.778930664062 917.032104492188 917.2626953125 917.295776367188 919.027526855469 921.832946777344 921.640869140625 921.589538574219 923.279479980469 921.403198242188 922.038757324219 -3.4e+38 -3.4e+38 -3.4e+38 929.504028320312 932.426879882812 935.302917480469 937.62939453125 940.995300292969 943.988098144531 950.17578125 954.440612792969 959.412475585938 963.028381347656 967.127502441406 970.211791992188 973.804443359375 977.180603027344 980.887145996094 984.973754882812 988.189147949219 991.944580078125 995.977783203125 1000.23114013672 1003.78234863281 1007.09643554688 1010.54748535156 1013.5048828125 1016.13879394531 1018.98278808594 1022.29565429688 1025.0400390625 1028.71923828125 1035.09167480469 1038.00146484375 1040.39953613281 1043.16784667969
913.689758300781 912.485778808594 913.208312988281 911.377563476562 912.732849121094 913.11767578125 913.335754394531 913.359802246094 913.48974609375 914.783813476562 914.891845703125 915.87060546875 917.3720703125 -3.4e+38 -3.4e+38 922.804382324219 924.550048828125 926.981811523438 930.442016601562 933.788146972656 936.177612304688 939.287841796875 946.488586425781 950.398986816406 955.150756835938 959.758483886719 962.54296875 966.268432617188 970.538024902344 973.570678710938 976.525756835938 979.963195800781 982.649719238281 -3.4e+38 992.016479492188 995.931213378906 999.142822265625 1002.71319580078 1006.15643310547 1010.14196777344 1013.32177734375 1016.20904541016 1019.43200683594 1022.72912597656 1025.91796875 1031.66088867188 1034.67883300781 1037.70202636719 1040.10217285156
909.675720214844 907.931579589844 907.702209472656 907.112854003906 908.51171875 909.595458984375 909.705017089844 910.410888671875 908.373901367188 908.479187011719 909.215148925781 911.17236328125 913.032470703125 915.338256835938 916.709350585938 918.387634277344 920.72265625 922.7529296875 925.689819335938 929.019165039062 931.416687011719 934.70458984375 943.333679199219 947.281982421875 951.15087890625 956.10595703125 959.374267578125 962.752746582031 966.29296875 969.309997558594 971.2158203125 974.201232910156 976.869934082031 984.21044921875 987.748962402344 991.574340820312 994.741638183594 998.494079589844 1002.45538330078 1006.88848876953 1010.87548828125 1013.78631591797 1016.95709228516 1020.0107421875 1022.953125 1028.51977539062 1031.09765625 1034.17443847656 1037.439453125
904.212280273438 902.938232421875 902.140625 903.278503417969 905.378295898438 905.243591308594 906.301391601562 908.647827148438 905.354797363281 903.845886230469 905.731323242188 907.451171875 908.829772949219 911.538208007812 912.974975585938 914.9501953125 916.6328125 919.094482421875 921.568420410156 924.053100585938 927.818664550781 931.334167480469 938.684020996094 942.368225097656 946.450866699219 950.087524414062 954.200317382812 958.430847167969 962.227233886719 964.275085449219 967.430786132812 -3.4e+38 973.220764160156 980.10107421875 -3.4e+38 988.082702636719 991.622985839844 995.117370605469 999.481689453125 1003.38616943359 1007.24493408203 1010.21356201172 1013.76635742188 1016.92004394531 1020.05023193359 1026.18444824219 1028.14025878906 1031.23693847656 1035.21520996094
898.128662109375 896.87646484375 897.455932617188 900.275634765625 901.640686035156 903.001831054688 906.767883300781 904.415466308594 901.330627441406 900.3369140625 902.1884765625 903.711853027344 904.787231445312 907.637634277344 909.0107421875 910.766662597656 912.8193359375 915.821716308594 918.062622070312 920.817443847656 924.306396484375 928.312866210938 934.705139160156 937.728820800781 941.457641601562 945.00244140625 948.321472167969 953.341491699219 957.506225585938 959.498718261719 -3.4e+38 966.404541015625 969.211669921875 975.961608886719 979.984985351562 -3.4e+38 988.155700683594 991.801818847656 996.70703125 999.928833007812 1002.94110107422 1006.57208251953 1010.60021972656 1014.45355224609 1018.14965820312 1023.23016357422 1026.04919433594 1029.73168945312 1033.60571289062
892.283569335938 891.208129882812 893.576171875 899.527954101562 900.667724609375 905.675231933594 907.28369140625 898.043273925781 896.963073730469 896.715209960938 897.265258789062 898.991333007812 901.254577636719 903.480224609375 905.1064453125 906.021362304688 908.666442871094 911.478942871094 915.057983398438 917.592346191406 920.623901367188 924.768676757812 931.848876953125 934.539428710938 937.640441894531 940.927673339844 943.712036132812 948.379150390625 952.470336914062 955.451110839844 -3.4e+38 962.593139648438 966.241333007812 972.569458007812 976.715087890625 981.149780273438 985.322326660156 989.100463867188 993.176513671875 996.640930175781 1000.21051025391 1003.79742431641 1008.20532226562 1011.88366699219 1015.05059814453 1021.75054931641 1024.23498535156 1027.46606445312 1030.81018066406
887.329162597656 887.312255859375 890.415222167969 898.09912109375 902.610046386719 908.843811035156 908.268493652344 896.416748046875 893.827026367188 893.214904785156 891.645629882812 895.949462890625 898.452453613281 898.803039550781 900.89599609375 902.932495117188 904.473449707031 906.738037109375 910.324645996094 913.490966796875 916.880859375 920.851684570312 928.265747070312 931.506042480469 934.3740234375 937.523681640625 940.414367675781 943.997436523438 947.708862304688 951.816528320312 955.014221191406 959.1220703125 963.81201171875 969.97607421875 974.215759277344 978.467407226562 982.917053222656 986.722106933594 990.459106445312 993.464294433594 997.287719726562 1000.74829101562 1004.76739501953 1008.55078125 1011.90185546875 1019.92144775391 1022.57965087891 1025.13830566406 1028.04760742188
883.208923339844 884.490844726562 885.783874511719 891.926818847656 900.479248046875 911.564270019531 911.68896484375 895.433959960938 889.613220214844 888.64794921875 887.633178710938 893.799743652344 894.762634277344 895.03466796875 897.129028320312 899.655151367188 901.629821777344 903.1689453125 -3.4e+38 909.1435546875 912.436157226562 915.9755859375 923.49853515625 927.504150390625 931.179016113281 935.138916015625 938.602661132812 940.860717773438 944.51513671875 948.165588378906 952.112548828125 957.178649902344 961.198852539062 966.479431152344 971.078979492188 975.965148925781 980.628723144531 984.047424316406 986.74462890625 990.365661621094 994.091552734375 997.524169921875 1001.57629394531 1005.35412597656 1009.10900878906 1016.25134277344 1020.21966552734 1022.81695556641 1026.091796875
880.495544433594 881.736938476562 882.180786132812 886.398132324219 893.918212890625 901.77490234375 899.694519042969 889.886840820312 884.146484375 883.581970214844 883.943969726562 889.166748046875 889.843505859375 892.034057617188 893.622131347656 895.039916992188 898.224487304688 900.092834472656 902.334106445312 905.172668457031 -3.4e+38 911.272827148438 918.625610351562 923.130310058594 -3.4e+38 931.183410644531 935.04248046875 938.017822265625 941.422058105469 944.960632324219 950.049926757812 954.638122558594 957.689636230469 -3.4e+38 968.191650390625 972.786987304688 977.134399414062 980.988342285156 984.169616699219 988.285949707031 992.168395996094 995.7265625 999.611450195312 1002.86413574219 1006.16284179688 1013.36322021484 1017.96545410156 1021.46411132812 1024.50805664062
877.526062011719 878.052734375 879.02587890625 880.977416992188 887.376525878906 891.571838378906 883.074584960938 882.425476074219 879.355102539062 879.73193359375 880.439086914062 883.564453125 884.914733886719 887.797729492188 889.374816894531 891.264831542969 893.745910644531 896.698425292969 899.321166992188 902.268737792969 905.261779785156 -3.4e+38 915.067932128906 918.95654296875 922.582153320312 926.324279785156 930.631774902344 935.685119628906 938.503662109375 942.865173339844 947.762268066406 951.697509765625 954.151489257812 -3.4e+38 965.274353027344 969.241333007812 973.579345703125 978.138488769531 982.788024902344 986.588195800781 990.665893554688 994.827209472656 997.93994140625 1000.89489746094 1004.90203857422 1011.57562255859 1015.43463134766 1019.34429931641 1023.06945800781
866.771301269531 867.35302734375 870.085327148438 871.088073730469 875.705139160156 882.225891113281 874.920104980469 872.807800292969 872.995300292969 877.548278808594 873.36474609375 876.736022949219 876.669372558594 -3.4e+38 880.877014160156 883.143371582031 886.635070800781 889.10791015625 892.660400390625 895.519836425781 899.06591796875 902.111389160156 910.345275878906 913.541931152344 916.600280761719 919.753601074219 923.489501953125 927.629577636719 931.899719238281 936.127807617188 940.003173828125 944.443237304688 947.621704101562 -3.4e+38 960.480285644531 965.576538085938 968.707641601562 972.992065429688 977.086242675781 981.2587890625 985.691589355469 989.699829101562 994.208984375 998.476013183594 1001.70977783203 1007.39172363281 1010.64215087891 1014.50219726562 1017.95751953125
861.407653808594 861.583190917969 865.6064453125 868.446228027344 867.337158203125 871.19873046875 870.9736328125 867.789672851562 868.558044433594 869.80224609375 868.148193359375 872.599853515625 873.404846191406 875.788879394531 878.478698730469 881.100524902344 883.776000976562 886.690979003906 889.736877441406 893.007873535156 896.540344238281 899.700439453125 907.432434082031 910.927917480469 913.948364257812 917.565856933594 921.212341308594 924.594970703125 929.554260253906 933.667358398438 936.284851074219 940.438659667969 -3.4e+38 -3.4e+38 957.211975097656 962.9541015625 966.747863769531 970.555053710938 975.103454589844 979.43017578125 983.474426269531 987.706848144531 992.505737304688 997.139526367188 1000.3388671875 1004.97467041016 1008.66705322266 1012.37469482422 1016.00939941406
856.371520996094 856.436950683594 859.608276367188 863.7080078125 862.235412597656 863.106811523438 865.801452636719 863.18896484375 864.025207519531 862.610656738281 863.739440917969 868.812622070312 870.260559082031 872.885131835938 876.579223632812 879.113403320312 881.250671386719 883.874877929688 886.849182128906 889.972229003906 893.420715332031 896.741577148438 903.671508789062 907.751892089844 911.462707519531 915.267517089844 918.926940917969 922.735778808594 927.160400390625 931.077087402344 934.629760742188 938.297912597656 942.098083496094 -3.4e+38 -3.4e+38 959.704162597656 964.275024414062 968.391540527344 973.447875976562 977.452575683594 981.536376953125 986.365234375 990.678039550781 994.4375 997.247863769531 -3.4e+38 -3.4e+38 -3.4e+38 1014.39471435547
