rcp8.5models/GFDL_CM3/sc1gr6.14
NCOLS 261 
NROWS 433 
XLLCORNER 336357.134 
YLLCORNER 654653.479 
CELLSIZE 1000 
NODATA_value -3.4e+38 
[rows 286 to 307 of 433, columns 147 to 195 of 261]
2846.57080078125 3023.99194335938 3154.20483398438 2848.919921875 2687.5771484375 2910.64721679688 3081.93310546875 2737.35473632812 2592.61010742188 2540.68994140625 2734.6103515625 2533.70556640625 2579.85498046875 2633.56494140625 2031.78173828125 1878.24768066406 1867.09680175781 1862.80065917969 1876.63159179688 1903.05725097656 1904.08923339844 -3.4e+38 1903.83215332031 1919.81396484375 1935.10803222656 1955.29174804688 1968.44519042969 1965.50329589844 1967.13916015625 1981.18981933594 2094.7529296875 2243.72509765625 2062.3896484375 2056.57080078125 2049.89501953125 2053.3623046875 2087.3193359375 2106.60473632812 2102.20922851562 2148.78173828125 2193.5087890625 2143.626953125 2143.126953125 2154.91625976562 2173.24267578125 2285.02026367188 2381.6748046875 2332.4775390625 2290.76171875
2883.01391601562 3057.75708007812 3204.1181640625 2877.2412109375 2777.6748046875 3039.63598632812 3107.34301757812 2815.29467773438 2662.36791992188 2592.41796875 2862.78564453125 2258.40258789062 2381.27026367188 2450.03540039062 1917.14599609375 1874.79467773438 1860.24255371094 1855.24206542969 1857.17810058594 1861.533203125 1869.94580078125 -3.4e+38 1894.43713378906 1912.20520019531 1932.45190429688 2018.67407226562 2176.58422851562 2136.12084960938 1964.53503417969 1967.47900390625 2128.05908203125 2385.95874023438 2191.94384765625 2054.43383789062 2038.71545410156 2038.7451171875 2064.39331054688 2104.91186523438 2132.52563476562 2145.67041015625 2206.20849609375 2139.33911132812 2131.47045898438 2141.39575195312 2161.2685546875 2259.08178710938 2314.45288085938 2283.21826171875 2285.7119140625
2754.53295898438 2877.765625 3180.53173828125 2841.04125976562 3004.9130859375 2945.03491210938 2726.46362304688 2713.58715820312 2754.76000976562 2610.6884765625 2858.66455078125 2258.93774414062 2288.42822265625 2132.36938476562 1897.98156738281 1867.58227539062 1856.86865234375 1849.23852539062 1848.38159179688 1853.87963867188 1862.78283691406 1868.17297363281 1883.66809082031 1900.72058105469 1948.69250488281 2092.45751953125 2277.11743164062 2227.92724609375 1968.14038085938 1964.677734375 2056.04541015625 2292.92260742188 2388.67846679688 2043.17736816406 2028.37744140625 2029.23742675781 2047.87683105469 2106.61157226562 2186.11279296875 2201.404296875 2212.30053710938 2113.39892578125 2115.990234375 2133.73461914062 2148.30297851562 2236.73291015625 2245.77172851562 2246.15063476562 2261.3642578125
2601.85083007812 2843.70361328125 3222.59350585938 3037.68725585938 2849.09887695312 -3.4e+38 2307.44018554688 2557.43896484375 2934.3662109375 2583.27221679688 2575.07299804688 2394.14697265625 2149.0126953125 1927.59191894531 1880.65222167969 -3.4e+38 1847.92687988281 -3.4e+38 1841.07043457031 1845.98559570312 1856.38989257812 1863.78259277344 1876.17736816406 1910.13793945312 2015.03063964844 2147.78002929688 2216.4267578125 2210.509765625 2062.27954101562 1964.04211425781 1992.97863769531 2127.47119140625 2330.7138671875 2027.39904785156 2019.90368652344 2020.892578125 2033.18347167969 2088.30444335938 2212.26196289062 2257.19580078125 2163.15551757812 2090.8017578125 2110.24462890625 2126.98486328125 2135.92626953125 2223.46997070312 2212.48510742188 2222.89306640625 2244.11352539062
2739.3642578125 2958.41870117188 -3.4e+38 2288.46801757812 2400.87963867188 -3.4e+38 2098.55224609375 2245.07836914062 2501.3759765625 2273.38354492188 1993.29211425781 1954.81921386719 1915.97143554688 1928.84252929688 1834.57250976562 1829.82849121094 1827.65612792969 1830.40673828125 -3.4e+38 -3.4e+38 -3.4e+38 1837.58642578125 -3.4e+38 1886.52978515625 1956.41442871094 2028.87023925781 2034.07202148438 2180.0771484375 2290.58666992188 2095.75756835938 1996.21374511719 1995.43823242188 2044.4736328125 2069.482421875 2033.07971191406 2046.45971679688 2130.326171875 2115.69165039062 2081.67333984375 2099.373046875 2100.97534179688 2170.43798828125 2148.20336914062 2125.06982421875 2139.7978515625 2178.6171875 2186.81982421875 2187.5712890625 2202.50952148438
2449.03466796875 2531.92138671875 2469.82373046875 2137.40258789062 -3.4e+38 -3.4e+38 -3.4e+38 -3.4e+38 2014.72839355469 -3.4e+38 -3.4e+38 1861.23327636719 1857.98413085938 1860.77880859375 1875.79028320312 1857.75366210938 1823.1953125 1827.44592285156 1833.36999511719 -3.4e+38 -3.4e+38 -3.4e+38 1845.1103515625 1858.798828125 1901.16772460938 1954.03747558594 2012.70825195312 2265.7568359375 2331.671875 2259.60107421875 2069.8828125 2004.84558105469 1994.7080078125 2148.83129882812 2047.44738769531 2097.61499023438 2311.02880859375 2266.61010742188 2118.0400390625 2082.2119140625 2082.23266601562 2092.74829101562 2109.18017578125 2097.66748046875 2112.15283203125 2161.85327148438 2176.3271484375 2180.27734375 2196.78442382812
-3.4e+38 -3.4e+38 -3.4e+38 -3.4e+38 -3.4e+38 -3.4e+38 -3.4e+38 -3.4e+38 2470.75854492188 2273.84643554688 2080.26196289062 1971.66735839844 1917.67016601562 1972.171875 2166.37231445312 2094.86254882812 1821.92712402344 1818.94921875 1826.66076660156 1827.17724609375 1831.31628417969 1831.24462890625 1833.67834472656 1843.2744140625 1863.66149902344 1894.05590820312 2044.11157226562 2371.96459960938 2391.9921875 2376.6259765625 2235.82397460938 2039.04113769531 1970.99987792969 2159.41479492188 2047.41857910156 2083.0634765625 2234.90795898438 2212.45825195312 2162.57739257812 2106.80346679688 2057.58959960938 2059.81323242188 2066.23193359375 2067.13940429688 2085.66625976562 2153.61987304688 2167.24926757812 2170.966796875 2198.5205078125
-3.4e+38 -3.4e+38 2241.81640625 -3.4e+38 -3.4e+38 -3.4e+38 -3.4e+38 2478.7470703125 2885.28369140625 2594.92456054688 2340.099609375 2183.80493164062 2369.49951171875 2370.10327148438 2492.19555664062 2214.25537109375 1817.04870605469 1810.65747070312 1814.13415527344 1821.52661132812 1920.11755371094 2020.24755859375 1824.68920898438 1834.9833984375 1852.75427246094 1908.75036621094 2117.7685546875 2415.37548828125 2387.26416015625 2402.53198242188 2365.2431640625 2179.6025390625 2050.384765625 2063.64794921875 2046.3857421875 2042.25708007812 2057.00244140625 2063.7880859375 2100.70654296875 2076.576171875 2041.21569824219 2051.52490234375 2047.6865234375 2055.18212890625 2065.083984375 2133.2578125 2142.06323242188 2151.29638671875 2184.35083007812
-3.4e+38 2908.7900390625 2318.66845703125 -3.4e+38 -3.4e+38 -3.4e+38 2414.81323242188 2710.48803710938 2678.63940429688 2479.76171875 2502.22705078125 2093.4091796875 2432.32495117188 2673.07592773438 2607.04248046875 2164.72802734375 1807.74645996094 1804.73474121094 1806.54174804688 1820.30700683594 2012.20068359375 2243.865234375 1815.46008300781 1825.44702148438 1874.67919921875 2039.43920898438 2279.1318359375 2416.37280273438 2345.32104492188 2345.03369140625 2373.0341796875 2324.52368164062 2200.51586914062 1999.50317382812 2044.1298828125 2029.47534179688 2019.27087402344 2014.39038085938 2018.49096679688 2035.9453125 2060.7646484375 2047.34997558594 2041.62268066406 2037.6455078125 2046.85021972656 2095.54028320312 2112.42700195312 2130.34619140625 2159.7373046875
2873.98413085938 2915.69018554688 2500.744140625 -3.4e+38 -3.4e+38 -3.4e+38 2639.35961914062 2815.44775390625 2399.25708007812 2344.7802734375 2559.78295898438 2148.51098632812 2183.32275390625 2642.83935546875 2540.28198242188 2002.91027832031 1802.92980957031 1814.17297363281 1825.17199707031 1854.20764160156 2114.310546875 2384.95434570312 1808.3740234375 1815.00134277344 1888.3369140625 2080.21362304688 2273.51220703125 2403.13354492188 2336.85327148438 2324.09106445312 2330.00732421875 2361.11450195312 2304.87622070312 2017.01940917969 2035.12377929688 2021.95043945312 2014.67175292969 2000.52807617188 1993.48254394531 2020.08435058594 2056.05859375 2024.65893554688 2017.65808105469 2016.70666503906 2032.56115722656 2069.5 2093.828125 2114.04028320312 2137.7080078125
2993.76440429688 2879.80834960938 2647.61889648438 2487.15551757812 -3.4e+38 2371.4853515625 2612.50463867188 2690.17895507812 2308.03637695312 2311.76831054688 2491.94018554688 2431.78149414062 2205.767578125 2609.98754882812 2349.11840820312 1863.63635253906 1801.42529296875 1822.13427734375 1845.31970214844 1960.98046875 2340.80615234375 2398.83154296875 1804.76672363281 1808.91064453125 1874.69116210938 2040.41357421875 2222.32202148438 2375.0927734375 2320.10766601562 2290.4189453125 2274.93286132812 2334.3974609375 2326.62426757812 2069.74609375 2047.10534667969 2021.30505371094 2013.39721679688 2005.06176757812 1989.05908203125 1990.85107421875 2020.18469238281 2002.61889648438 1993.39990234375 2003.33264160156 2018.72131347656 2053.74877929688 2077.31103515625 2104.11206054688 2130.97802734375
2999.80029296875 2861.00634765625 2746.63891601562 2806.87329101562 2475.76586914062 2592.72998046875 2624.87109375 2562.1533203125 2306.3798828125 2389.49365234375 2582.52905273438 2435.13500976562 2225.40893554688 2575.97900390625 2336.90625 2013.57653808594 1839.7666015625 1897.40649414062 1935.72399902344 2204.3349609375 2402.07885742188 2321.64526367188 1829.15673828125 1806.232421875 1844.14685058594 1984.14916992188 2213.67065429688 2353.8369140625 2303.79663085938 2270.47680664062 2249.515625 2313.51733398438 2313.54443359375 2162.1220703125 2065.17700195312 2016.50817871094 1998.27575683594 2003.86694335938 1990.31750488281 1971.76416015625 1984.40966796875 1981.51354980469 1979.30297851562 1993.25732421875 2008.98168945312 2042.63903808594 2062.32250976562 2087.83447265625 2114.31616210938
2962.9111328125 2910.95043945312 2760.88159179688 2720.92456054688 2713.21484375 2491.03271484375 2519.31640625 2483.46020507812 2279.14477539062 2392.02075195312 2626.4130859375 2322.53198242188 2424.85278320312 2559.6513671875 2368.935546875 2083.02807617188 1883.79638671875 1966.59216308594 1958.40026855469 2280.3388671875 2387.458984375 2319.31982421875 1875.42590332031 1804.92846679688 1813.29675292969 1895.07934570312 2127.77709960938 2318.34741210938 2290.48828125 2265.36474609375 2235.66723632812 2273.39038085938 2289.32348632812 2246.42065429688 2109.42333984375 2011.17150878906 2006.85180664062 2035.19519042969 2011.04675292969 1964.17687988281 1963.19909667969 1966.30395507812 1973.97729492188 1984.27270507812 2000.15771484375 2033.376953125 2049.55151367188 2068.59326171875 2089.68676757812
2856.1455078125 2869.4765625 2845.83325195312 2633.927734375 2515.59545898438 2255.58227539062 2313.97998046875 2369.27661132812 2282.88330078125 2367.8056640625 2517.51171875 2295.56884765625 2589.33911132812 2572.7724609375 2314.99633789062 2055.81860351562 1907.17639160156 1971.38879394531 1889.73022460938 2151.27783203125 2380.27514648438 2330.19458007812 1928.18078613281 1811.83642578125 1806.92687988281 1870.60400390625 2046.30029296875 2193.38720703125 2274.07421875 2260.46459960938 2225.26342773438 2242.40063476562 2257.20947265625 2279.4033203125 2197.61938476562 2055.97827148438 2014.45263671875 2066.79052734375 2080.20703125 1992.38977050781 1960.04809570312 1958.60144042969 1968.31616210938 1977.28295898438 1991.46276855469 2023.57421875 2042.66955566406 2062.57006835938 2086.10961914062
2593.607421875 2729.52783203125 2897.68481445312 2718.06298828125 2327.12817382812 2196.92504882812 2209.85107421875 2287.158203125 2314.01025390625 2424.07104492188 2603.3212890625 2355.970703125 2466.24951171875 2576.09301757812 2344.509765625 2047.25512695312 1923.07580566406 1942.4375 1924.00939941406 2163.00317382812 2246.58471679688 2290.6884765625 2010.07824707031 1932.88037109375 1851.78430175781 1865.26281738281 2006.31713867188 2189.84057617188 2275.08447265625 2266.60571289062 2233.216796875 2256.09716796875 2234.83325195312 2291.90454101562 2260.3076171875 2163.21606445312 2061.32006835938 2078.4658203125 2114.64697265625 2054.81762695312 1963.6484375 1953.73425292969 1967.53747558594 1974.27905273438 1985.08288574219 2016.70825195312 2037.66833496094 2062.87329101562 2120.9658203125
2285.19946289062 2372.63330078125 2549.17553710938 2651.88525390625 2419.27270507812 2235.31201171875 2150.49658203125 2164.78930664062 2240.45922851562 2337.78833007812 2534.15185546875 2322.91186523438 2485.39135742188 2429.8857421875 2288.57592773438 2157.09619140625 2287.58471679688 2077.38452148438 2061.44189453125 2332.31127929688 2213.419921875 2165.66967773438 2335.578125 2286.45190429688 2201.96484375 2093.25122070312 1973.94714355469 2074.89794921875 2239.37133789062 2246.41845703125 2243.70751953125 2265.34448242188 2229.05322265625 2221.6328125 2253.646484375 2246.48681640625 2254.943359375 2239.00073242188 2180.26025390625 2057.62231445312 2048.76904296875 2051.0263671875 1976.76208496094 1966.36791992188 1974.16271972656 2010.34753417969 2024.62121582031 2043.4306640625 2060.66772460938
2248.77490234375 2306.44921875 2387.96606445312 2442.12573242188 2320.10083007812 2189.255859375 2110.43115234375 2135.40771484375 2239.17944335938 2375.05249023438 2544.95971679688 2409.07202148438 2557.43481445312 2473.73413085938 2304.13354492188 2259.197265625 2213.17602539062 2029.16613769531 2042.88305664062 2232.75122070312 2287.4140625 2214.046875 2206.86645507812 2285.3505859375 2218.77368164062 2198.55297851562 2041.09777832031 1959.04748535156 2231.27880859375 2234.11865234375 2243.05078125 2246.75634765625 2237.7890625 2198.08618164062 2220.66821289062 2254.49365234375 2257.75512695312 2258.0322265625 2211.01684570312 2155.77465820312 2168.50659179688 2176.93115234375 2062.46459960938 1972.16650390625 1975.533203125 2007.46923828125 2015.78540039062 2033.13354492188 2045.32604980469
2187.55200195312 2261.60473632812 2293.17358398438 2277.498046875 2222.80004882812 2147.43115234375 2089.80541992188 2115.78979492188 2235.302734375 2415.61279296875 2557.63598632812 2431.49389648438 2534.75927734375 2479.46655273438 2392.55102539062 2366.34375 2260.51318359375 2186.1044921875 2111.0390625 2158.2431640625 2289.46875 2217.16357421875 2120.68383789062 2260.81958007812 2190.97119140625 2192.14208984375 2114.1259765625 1977.61865234375 2101.86303710938 2212.310546875 2200.46240234375 2206.82788085938 2213.88818359375 2194.69262695312 2213.2646484375 2261.94287109375 2257.66137695312 2266.43994140625 2247.955078125 2216.14208984375 2214.94409179688 2219.05151367188 2155.73754882812 2015.40551757812 1978.46325683594 2003.15612792969 2010.60571289062 2024.14929199219 2038.82836914062
2156.36206054688 2164.32104492188 2172.77905273438 2155.32250976562 2137.25341796875 2117.1142578125 2117.42065429688 2111.91748046875 2226.15356445312 2430.45239257812 2496.89404296875 2450.57250976562 2464.607421875 2430.599609375 2383.03759765625 2378.85424804688 2403.14794921875 2368.88061523438 2271.076171875 2243.61010742188 2286.34155273438 2240.71948242188 2096.982421875 2191.0400390625 2163.27563476562 2192.81323242188 2165.77661132812 2050.376953125 1965.11218261719 2162.07470703125 2110.4150390625 2123.73168945312 2174.69750976562 2212.00854492188 2206.86669921875 2236.48706054688 2261.04663085938 2247.6806640625 2262.24462890625 2207.35620117188 2207.5146484375 2212.58422851562 2169.9970703125 2037.18371582031 1979.96166992188 1996.45703125 2003.98376464844 2015.09851074219 2031.39086914062
2188.38647460938 2108.78564453125 2081.26879882812 2073.451171875 2104.38793945312 2161.89819335938 2194.5224609375 2187.1416015625 2259.48095703125 2411.92333984375 2382.44189453125 2479.59228515625 2391.53100585938 2360.18115234375 2349.30493164062 2269.99829101562 2297.49267578125 2328.26123046875 2324.62866210938 2292.7958984375 2228.15991210938 2224.43383789062 2086.87451171875 2172.41918945312 2147.26708984375 2178.79931640625 2180.20874023438 2124.50512695312 2030.75537109375 2024.95349121094 2055.33813476562 2108.07006835938 2150.17553710938 2215.41577148438 2229.44653320312 2221.67456054688 2272.0146484375 2259.5224609375 2249.67626953125 2200.43383789062 2205.63671875 2202.17358398438 2167.43627929688 2062.62768554688 1975.96374511719 1989.81909179688 1997.79711914062 2014.86413574219 2026.42456054688
2199.92407226562 2152.65405273438 2110.57080078125 2067.86669921875 2123.56079101562 2233.96435546875 2269.912109375 2311.48413085938 2328.71826171875 2345.76147460938 2243.68872070312 2443.1015625 2408.73510742188 2361.89599609375 2350.96215820312 2232.41064453125 2176.20166015625 2201.4443359375 2234.115234375 2242.11279296875 2137.99536132812 2182.869140625 2140.02465820312 2131.5400390625 2127.67846679688 2151.77490234375 2194.56396484375 2159.60131835938 2100.20434570312 2006.75207519531 2062.85302734375 2146.13549804688 2163.69750976562 2230.61572265625 2239.10278320312 2217.73950195312 2271.72338867188 2261.3115234375 2222.88842773438 2210.02685546875 2225.91455078125 2216.30395507812 2177.529296875 2126.56201171875 2008.55358886719 1984.68383789062 1994.7607421875 2014.00634765625 2020.58483886719
2211.00952148438 2193.87280273438 2169.61157226562 2089.7451171875 2121.009765625 2210.68286132812 2238.71044921875 2314.35571289062 2361.02978515625 2276.29370117188 2181.66918945312 2327.09497070312 2413.05200195312 2342.71655273438 2262.83520507812 2188.02880859375 2147.42822265625 2144.42529296875 2163.5791015625 2194.34545898438 2146.37475585938 2144.93017578125 2160.09521484375 2104.09008789062 2122.03173828125 2117.58813476562 2190.47241210938 2174.314453125 2096.20288085938 2082.98291015625 2083.80859375 2158.5849609375 2193.18334960938 2205.11157226562 2188.0185546875 2196.76391601562 2255.83544921875 2225.68188476562 2199.9736328125 2202.41064453125 2244.21362304688 2223.333984375 2170.93359375 2144.92236328125 2037.38232421875 1983.16687011719 1991.041015625 2009.11828613281 2012.18688964844
