rcp8.5models/GFDL_CM3/sc1gr2.16
NCOLS 261 
NROWS 433 
XLLCORNER 336357.134 
YLLCORNER 654653.479 
CELLSIZE 1000 
NODATA_value -3.4e+38 
[rows 242 to 263 of 433, columns 98 to 146 of 261]
349.742797851562 352.138305664062 351.852508544922 350.541381835938 350.405731201172 350.129638671875 349.611450195312 -3.4e+38 348.35107421875 348.358825683594 347.623046875 347.114471435547 346.282623291016 346.485931396484 345.006622314453 343.877471923828 339.148986816406 332.629364013672 331.395324707031 330.641296386719 329.849975585938 329.797637939453 331.303161621094 331.329376220703 330.772247314453 330.072570800781 336.160827636719 -3.4e+38 335.372833251953 336.075622558594 341.052856445312 340.564666748047 339.102813720703 340.628234863281 340.893920898438 340.408264160156 343.363159179688 340.081298828125 346.187744140625 348.16650390625 346.2490234375 340.51123046875 338.925659179688 348.017883300781 349.931701660156 351.646911621094 352.578857421875 353.489410400391 354.634033203125
347.056427001953 345.183837890625 349.848297119141 351.138336181641 350.340270996094 349.871429443359 349.312866210938 348.803100585938 348.529052734375 348.204406738281 347.367004394531 346.86328125 346.252777099609 345.608734130859 342.327087402344 340.349243164062 339.430541992188 331.529602050781 330.181060791016 329.363616943359 329.673675537109 329.93798828125 331.478424072266 331.199676513672 330.602081298828 332.3251953125 333.565765380859 336.075500488281 335.464019775391 333.526763916016 334.002990722656 328.598358154297 323.606628417969 324.492950439453 331.283355712891 339.513336181641 341.05810546875 333.818450927734 334.667938232422 346.079254150391 345.721527099609 338.962463378906 333.37109375 341.232360839844 346.127044677734 350.468933105469 352.073211669922 352.493896484375 353.4443359375
345.03955078125 342.943603515625 349.651733398438 350.716064453125 349.701782226562 350.122802734375 349.133026123047 348.484191894531 348.496520996094 348.170623779297 347.185577392578 346.540771484375 346.029174804688 344.637786865234 340.502960205078 337.891906738281 337.445068359375 326.494720458984 323.049743652344 323.062561035156 329.547271728516 330.741363525391 331.330413818359 330.804870605469 330.879302978516 332.898803710938 335.93212890625 337.378265380859 335.579620361328 332.043365478516 330.532104492188 328.057006835938 322.087158203125 316.709075927734 323.6591796875 336.446716308594 337.025726318359 331.598480224609 331.71630859375 345.508636474609 344.162872314453 337.626922607422 330.946807861328 336.819671630859 343.183959960938 348.949340820312 351.574920654297 352.866973876953 352.818481445312
341.603210449219 335.160797119141 351.121978759766 349.246398925781 348.355438232422 349.895446777344 348.5322265625 348.078826904297 348.464141845703 348.136993408203 347.343475341797 346.878875732422 346.226776123047 344.793304443359 336.368469238281 336.801544189453 335.822235107422 319.153869628906 308.050262451172 310.946563720703 328.345306396484 331.028900146484 331.261962890625 329.557281494141 329.764923095703 333.054962158203 336.537963867188 337.054473876953 336.313385009766 332.915008544922 328.772705078125 323.665802001953 318.724487304688 314.047576904297 317.019073486328 326.565124511719 328.195129394531 329.082153320312 330.794006347656 340.940032958984 340.87890625 336.052154541016 329.244873046875 332.878662109375 341.687683105469 347.072479248047 351.032440185547 352.415374755859 351.724426269531
343.813140869141 336.768737792969 350.995269775391 348.941802978516 348.690399169922 349.340423583984 348.066619873047 347.762176513672 348.431976318359 348.296173095703 348.022430419922 347.504486083984 346.302459716797 345.311737060547 332.060546875 334.602722167969 337.190673828125 320.429229736328 297.912200927734 301.137115478516 324.795776367188 329.492279052734 330.530029296875 328.036071777344 328.117828369141 332.996154785156 334.268524169922 335.005340576172 334.464996337891 329.673492431641 324.774047851562 315.153045654297 307.7294921875 305.823577880859 303.875091552734 307.131256103516 311.965362548828 324.392944335938 326.446929931641 333.758758544922 338.513336181641 336.190795898438 328.988647460938 331.294677734375 341.768524169922 348.283325195312 351.092315673828 351.829956054688 350.807067871094
349.365386962891 346.733978271484 350.864105224609 350.100799560547 349.359893798828 349.219543457031 348.40576171875 347.731597900391 348.400024414062 348.413330078125 348.428009033203 347.759216308594 345.927825927734 344.770843505859 333.255279541016 335.165252685547 337.952911376953 321.585083007812 300.432342529297 309.501556396484 326.762573242188 329.257385253906 329.499816894531 327.780670166016 328.943481445312 332.075317382812 331.970977783203 333.376800537109 333.454315185547 328.454406738281 322.510925292969 312.338714599609 305.324859619141 298.835510253906 291.184631347656 296.627624511719 304.192932128906 322.554260253906 326.155487060547 333.718780517578 338.148773193359 337.953002929688 330.501678466797 328.443969726562 339.346862792969 348.858367919922 350.641632080078 351.755004882812 351.284759521484
351.957244873047 351.307464599609 351.16357421875 350.827789306641 349.898101806641 349.708770751953 349.047088623047 348.442169189453 348.368347167969 348.575286865234 348.764801025391 347.725158691406 346.127471923828 345.565734863281 340.345123291016 340.751281738281 340.451873779297 326.110900878906 307.488250732422 318.366943359375 329.226013183594 330.76904296875 330.115081787109 329.163299560547 330.653167724609 331.254364013672 332.820343017578 334.158142089844 334.62158203125 331.151092529297 321.556457519531 307.888580322266 301.920776367188 293.826507568359 290.231506347656 301.162506103516 308.705444335938 326.621856689453 330.973754882812 334.660400390625 335.327087402344 335.9208984375 331.213745117188 326.656799316406 337.250610351562 347.450164794922 349.702484130859 351.284881591797 351.620239257812
350.976745605469 351.103759765625 351.854522705078 347.967834472656 350.298614501953 350.156402587891 349.685363769531 348.784027099609 348.162902832031 349.063720703125 349.019683837891 347.884582519531 347.150390625 347.149841308594 344.651275634766 344.732727050781 343.372406005859 332.911285400391 314.232940673828 316.395477294922 327.77294921875 331.092987060547 330.627349853516 329.668243408203 330.536895751953 331.068176269531 334.162322998047 335.193328857422 335.022491455078 330.422912597656 318.812622070312 305.722503662109 301.112121582031 295.889343261719 296.338073730469 309.745910644531 318.531860351562 328.727142333984 328.798065185547 330.106506347656 329.196746826172 329.452758789062 328.938720703125 326.361267089844 336.071166992188 346.002410888672 349.492156982422 350.720825195312 350.683929443359
351.167266845703 349.9736328125 350.935394287109 343.845123291016 350.268524169922 350.078674316406 349.371185302734 348.231597900391 347.804138183594 348.951446533203 349.181610107422 348.370208740234 347.326873779297 346.966033935547 344.928466796875 343.407684326172 341.942199707031 334.922790527344 323.008239746094 323.414184570312 329.655090332031 330.410949707031 329.032501220703 329.719146728516 331.880798339844 332.862121582031 335.038818359375 334.23291015625 331.414123535156 327.918762207031 319.572967529297 310.568664550781 307.053588867188 301.521697998047 300.145538330078 313.836730957031 321.064086914062 325.84228515625 323.329223632812 326.146179199219 325.601776123047 325.025054931641 325.768737792969 323.827331542969 334.535552978516 345.124481201172 347.940979003906 349.742584228516 349.591339111328
352.419403076172 350.940734863281 351.440246582031 345.761596679688 350.238861083984 350.292633056641 349.445251464844 347.941162109375 348.5537109375 349.002471923828 349.10791015625 348.453704833984 346.967926025391 345.434600830078 345.593292236328 343.778869628906 341.497009277344 334.772247314453 328.808624267578 330.578063964844 331.557312011719 329.835968017578 327.239593505859 329.454925537109 331.72412109375 332.730529785156 334.339385986328 332.673370361328 326.141937255859 324.508544921875 320.610870361328 312.6279296875 305.043151855469 299.521728515625 301.701385498047 310.944519042969 313.427429199219 319.396881103516 318.095489501953 324.583740234375 324.493682861328 323.464874267578 324.705444335938 322.039672851562 333.24853515625 343.252502441406 344.517547607422 347.628570556641 348.498962402344
352.838287353516 352.394561767578 352.716918945312 349.364959716797 350.408782958984 350.934875488281 349.824981689453 347.933197021484 349.245147705078 349.257843017578 349.119201660156 348.6533203125 346.915618896484 344.093200683594 346.02392578125 344.627105712891 341.24169921875 333.794403076172 327.634460449219 329.935821533203 330.980651855469 329.322326660156 326.415100097656 328.074890136719 330.507629394531 331.167236328125 333.813537597656 331.857635498047 324.455200195312 320.706817626953 319.11669921875 311.974304199219 300.614715576172 293.990386962891 298.684783935547 302.660461425781 302.458465576172 312.797149658203 312.731994628906 320.461883544922 322.343994140625 323.600891113281 324.102264404297 322.446838378906 331.490936279297 340.5263671875 340.740234375 345.205932617188 346.879547119141
353.383636474609 352.686584472656 352.646911621094 350.744415283203 350.900756835938 350.988586425781 349.821044921875 348.8359375 349.580932617188 349.22802734375 349.046569824219 348.545715332031 347.270812988281 344.519714355469 345.270355224609 343.014556884766 337.011535644531 331.063537597656 326.550811767578 329.165679931641 330.692291259766 328.185760498047 323.709259033203 327.127502441406 330.4541015625 331.543609619141 332.764099121094 332.63916015625 327.934448242188 321.875183105469 319.765625 310.375152587891 301.965606689453 292.361083984375 292.414001464844 291.525726318359 291.00244140625 306.954498291016 309.078460693359 315.851226806641 321.567687988281 323.256378173828 323.085510253906 325.129577636719 331.504058837891 341.444274902344 342.826721191406 345.958679199219 346.724090576172
353.411529541016 352.986541748047 352.661315917969 351.515380859375 351.153045654297 -3.4e+38 350.013427734375 349.892883300781 349.834777832031 348.804626464844 348.13525390625 348.03369140625 347.185394287109 345.997711181641 344.082092285156 342.084503173828 334.92236328125 327.033599853516 327.281097412109 328.972503662109 331.180969238281 324.887359619141 316.205718994141 325.896789550781 331.190216064453 332.518737792969 332.619140625 333.05859375 330.827026367188 324.333862304688 321.858947753906 313.050933837891 309.608062744141 301.573394775391 296.369049072266 291.945281982422 289.007781982422 305.847412109375 310.342224121094 317.880310058594 321.719146728516 320.773254394531 323.103210449219 331.295288085938 336.421722412109 343.251373291016 344.563690185547 346.179931640625 347.413726806641
353.084625244141 353.085876464844 352.934478759766 352.535980224609 351.579772949219 -3.4e+38 350.674285888672 349.965270996094 349.226440429688 347.634338378906 346.586181640625 346.934967041016 347.109130859375 347.469543457031 343.466430664062 340.215576171875 338.632476806641 329.753295898438 319.958709716797 324.066833496094 329.121185302734 326.724395751953 321.593536376953 327.334167480469 331.575378417969 332.027923583984 331.879699707031 330.286590576172 331.500335693359 330.754425048828 327.477813720703 322.325103759766 317.598968505859 309.985229492188 304.777679443359 295.190765380859 286.466003417969 303.221588134766 314.152557373047 313.077728271484 305.880645751953 314.391479492188 329.685394287109 337.420562744141 337.249603271484 327.953582763672 327.272521972656 336.469573974609 341.507843017578
353.059448242188 352.855529785156 352.696563720703 352.19189453125 351.592010498047 351.002105712891 350.08544921875 348.493408203125 346.808715820312 347.930725097656 346.407135009766 347.030364990234 347.305084228516 347.323425292969 342.762176513672 339.221374511719 339.096618652344 332.615997314453 321.467437744141 324.978515625 329.810638427734 326.684295654297 321.157470703125 326.483367919922 331.496948242188 332.336853027344 331.02734375 327.724151611328 329.78662109375 328.817413330078 325.563293457031 325.799285888672 318.856414794922 310.592651367188 304.533264160156 298.777923583984 289.971282958984 303.537231445312 312.221984863281 309.822143554688 309.713104248047 322.518432617188 334.587860107422 336.326049804688 332.337493896484 325.183044433594 325.011779785156 332.762420654297 340.285614013672
352.302825927734 352.675689697266 352.397186279297 352.407257080078 351.689697265625 350.897644042969 350.422210693359 346.812622070312 343.493316650391 345.627044677734 342.498321533203 345.837982177734 347.582641601562 346.700469970703 344.688262939453 341.415191650391 338.707824707031 331.434906005859 320.692260742188 323.900451660156 328.760650634766 325.884246826172 320.274383544922 326.348724365234 331.905334472656 333.039306640625 331.384368896484 327.758666992188 329.596008300781 329.297180175781 325.229217529297 323.323425292969 319.282348632812 312.895629882812 306.034912109375 300.916900634766 293.0625 301.810028076172 308.882385253906 307.685363769531 316.737915039062 331.362030029297 334.980560302734 327.393157958984 323.557861328125 320.048004150391 323.636810302734 331.952728271484 338.101440429688
351.892639160156 352.285797119141 352.168792724609 352.092407226562 351.505157470703 351.593383789062 351.038421630859 346.061431884766 338.784606933594 335.580841064453 333.237396240234 341.449768066406 346.756134033203 345.873687744141 343.456481933594 343.992797851562 338.437164306641 328.326751708984 315.324829101562 313.563110351562 320.351745605469 319.234466552734 312.113922119141 322.287994384766 332.476257324219 332.668304443359 330.04736328125 328.250549316406 330.148529052734 329.856750488281 323.648315429688 316.471313476562 315.04296875 308.816711425781 299.259307861328 292.477569580078 288.122650146484 300.944702148438 306.109313964844 305.810119628906 315.395050048828 327.939971923828 327.253173828125 314.778594970703 311.707702636719 316.156829833984 323.225646972656 328.772308349609 332.775543212891
351.623260498047 351.988220214844 351.989898681641 351.634490966797 351.156890869141 351.23828125 350.774475097656 348.087188720703 338.108276367188 325.136749267578 324.921813964844 338.642639160156 346.447967529297 345.885620117188 339.270782470703 339.963806152344 335.017761230469 327.971649169922 309.833618164062 297.391784667969 304.940734863281 307.671844482422 300.086822509766 316.886016845703 331.909973144531 332.512359619141 329.234832763672 328.333862304688 329.591735839844 327.679229736328 319.573852539062 311.566223144531 311.436920166016 305.514831542969 293.674713134766 281.679534912109 278.043853759766 297.443267822266 299.999847412109 307.306671142578 315.850250244141 323.878784179688 321.524749755859 309.069213867188 305.344879150391 312.163635253906 315.077728271484 319.945892333984 326.384460449219
351.120697021484 351.602813720703 351.967041015625 351.610473632812 351.181915283203 350.981475830078 349.944549560547 348.794036865234 339.172088623047 323.072265625 325.080963134766 339.977966308594 346.783813476562 346.414855957031 339.272399902344 334.944763183594 327.034423828125 323.969085693359 311.402801513672 297.873107910156 303.216644287109 304.912872314453 301.607055664062 319.009704589844 331.239898681641 331.402618408203 329.992767333984 327.430389404297 326.202575683594 325.323455810547 318.522369384766 307.516662597656 305.445861816406 301.789337158203 294.509826660156 279.440734863281 274.266174316406 290.468048095703 293.433624267578 304.653503417969 314.634735107422 323.097900390625 318.238952636719 307.26806640625 301.081115722656 303.147247314453 305.749084472656 312.379577636719 319.241729736328
350.008819580078 350.530456542969 351.015258789062 351.587158203125 350.908477783203 350.517608642578 349.605987548828 348.094604492188 338.964630126953 325.525024414062 331.391387939453 343.558990478516 346.692169189453 346.51220703125 339.572784423828 333.236145019531 325.380157470703 318.279235839844 312.332244873047 306.436706542969 309.698455810547 311.944366455078 313.805633544922 327.133575439453 331.980926513672 331.685455322266 329.376281738281 325.251312255859 322.659637451172 322.156219482422 317.133087158203 303.871185302734 297.162963867188 295.057342529297 289.01220703125 277.082946777344 273.710266113281 279.873626708984 287.760375976562 303.238616943359 312.253082275391 318.890869140625 314.75537109375 301.911468505859 291.546966552734 289.763793945312 299.020721435547 310.66064453125 313.787078857422
349.439117431641 349.351867675781 349.929321289062 351.564544677734 350.775543212891 350.298370361328 349.583984375 348.637237548828 342.708312988281 331.495239257812 334.212890625 344.412750244141 345.322326660156 345.931732177734 335.881164550781 331.933959960938 325.971801757812 318.128021240234 312.848663330078 312.675659179688 317.167877197266 321.643676757812 323.343566894531 332.058959960938 332.7392578125 332.523834228516 327.97119140625 322.499725341797 320.991485595703 319.809143066406 314.549346923828 304.554473876953 293.560760498047 288.696105957031 284.270935058594 275.667694091797 270.947723388672 271.531982421875 286.0234375 303.649932861328 305.763214111328 309.60546875 312.229217529297 300.777282714844 288.18994140625 281.991851806641 290.478179931641 303.854461669922 313.197906494141
347.308776855469 348.390441894531 350.205139160156 350.977294921875 350.349761962891 350.402984619141 350.124389648438 349.292633056641 346.938659667969 337.610687255859 331.396545410156 340.683319091797 345.315826416016 345.4326171875 327.634796142578 324.947357177734 321.355346679688 317.061920166016 315.985290527344 316.560211181641 320.260589599609 326.669281005859 329.550842285156 332.683624267578 332.527038574219 331.988250732422 329.10498046875 321.245910644531 316.976440429688 315.379699707031 310.512023925781 305.086975097656 295.264404296875 288.083038330078 288.63037109375 282.299255371094 273.353790283203 264.664459228516 279.980377197266 293.027954101562 293.460205078125 300.562927246094 305.517120361328 298.305755615234 291.313659667969 286.826507568359 293.363311767578 303.953430175781 317.753936767578
