rcp8.5models/GFDL_CM3/sc1gr8.39
NCOLS 261 
NROWS 433 
XLLCORNER 336357.134 
YLLCORNER 654653.479 
CELLSIZE 1000 
NODATA_value -3.4e+38 
[rows 374 to 395 of 433, columns 147 to 195 of 261]
-3.4e+38 -3.4e+38 80.5651245117188 78.0227890014648 75.605598449707 72.463264465332 69.642448425293 67.0827026367188 64.2387542724609 61.7522277832031 -3.4e+38 56.3153228759766 54.9696311950684 53.3889923095703 52.1567268371582 51.4638671875 51.051097869873 49.739128112793 48.7116241455078 47.8213043212891 47.2758522033691 46.5609703063965 45.0382957458496 -3.4e+38 44.1154632568359 43.2721672058105 43.1545448303223 43.1206130981445 42.675365447998 41.7340278625488 41.344310760498 41.3251571655273 41.2184066772461 40.366626739502 40.3570213317871 40.2493019104004 40.3034477233887 40.2978363037109 40.1236000061035 40.0072975158691 39.8173561096191 39.1736335754395 39.169677734375 -3.4e+38 39.1025199890137 38.9929313659668 38.336727142334 38.3353118896484 38.1906852722168
86.5158843994141 83.3234786987305 80.6698913574219 78.5431900024414 75.3172454833984 71.6249389648438 68.4994964599609 66.5214385986328 64.1429214477539 61.8535003662109 59.4560089111328 -3.4e+38 -3.4e+38 -3.4e+38 52.6212844848633 51.7942543029785 50.9912643432617 49.9401054382324 48.7908058166504 47.6389122009277 47.2099494934082 46.6366424560547 45.2337493896484 44.9326782226562 44.0312767028809 43.4676704406738 43.3501968383789 43.2075653076172 42.4959716796875 41.651538848877 41.5440788269043 41.5254859924316 41.4180717468262 40.5738716125488 40.5656929016113 40.45849609375 40.4528160095215 40.3424644470215 40.3380546569824 40.2236289978027 40.0375595092773 39.3973388671875 39.396411895752 39.2736701965332 39.3361892700195 39.0347061157227 38.5795555114746 -3.4e+38 38.4441032409668
85.6340179443359 82.5621337890625 80.3117370605469 77.8768997192383 74.7861099243164 71.0853424072266 67.8806533813477 65.9865341186523 64.1318511962891 62.0889167785645 59.7575721740723 -3.4e+38 55.0115699768066 53.6301078796387 52.9101676940918 52.020923614502 50.9441871643066 50.151309967041 48.9972457885742 47.8398284912109 47.2921142578125 46.5768356323242 45.4358978271484 45.1343002319336 44.2336463928223 43.6720848083496 43.5518913269043 43.4076461791992 42.6950607299805 41.8585243225098 41.7495193481445 41.7322731018066 41.6257591247559 41.0437431335449 40.7804794311523 40.6742553710938 40.6702461242676 40.5607948303223 40.5585861206055 40.44482421875 40.262752532959 39.5640296936035 39.4428215026855 39.5066413879395 39.572093963623 39.297534942627 -3.4e+38 38.6284942626953 38.6964302062988
83.9593200683594 81.5651321411133 79.9783020019531 76.9924011230469 73.9365921020508 70.8766784667969 67.5749359130859 65.3360061645508 64.12353515625 62.1983528137207 59.7484893798828 56.2136497497559 55.179328918457 53.7322959899902 53.1342277526855 52.4274597167969 51.544849395752 50.3091087341309 49.2131423950195 48.3806495666504 47.5177345275879 46.635913848877 45.7871971130371 45.3453941345215 44.4422607421875 43.883918762207 43.7636909484863 43.7290077209473 43.167667388916 42.0722541809082 41.9639015197754 41.9468002319336 41.8390235900879 41.5233879089355 41.0020637512207 40.8957977294922 40.8937644958496 40.7851715087891 40.7848854064941 40.6724586486816 40.5832138061523 40.0555076599121 39.6801223754883 -3.4e+38 39.5558395385742 39.6259460449219 39.3313407897949 38.8213882446289 -3.4e+38
83.7741241455078 81.2577362060547 78.7201843261719 76.2445449829102 73.9604949951172 71.1501693725586 67.7028427124023 65.2100448608398 63.9990425109863 62.0643844604492 59.6061210632324 56.4600028991699 55.4228210449219 54.0450630187988 53.6375160217285 52.9285583496094 51.8601722717285 50.5461616516113 49.2403182983398 48.7445983886719 47.7453727722168 47.0415077209473 46.260986328125 45.6272621154785 44.8042602539062 44.1049270629883 43.9813423156738 43.9470024108887 43.4920692443848 42.5467224121094 42.1838150024414 42.1678504943848 42.0608863830566 41.8431854248047 41.4835739135742 41.1244812011719 41.1237678527832 41.0155181884766 41.0172958374023 40.9055328369141 40.9086036682129 40.5526237487793 39.9213218688965 39.926326751709 39.7375793457031 39.6749801635742 39.6642608642578 39.3371124267578 38.8784065246582
84.3495025634766 81.0488510131836 77.7500534057617 75.7568283081055 74.1002502441406 71.4420547485352 67.7363739013672 65.2063446044922 63.6244277954102 62.1486015319824 59.8718566894531 56.7910232543945 55.9422454833984 54.545238494873 53.9568672180176 53.0514755249023 51.5790710449219 51.0346755981445 49.9904098510742 48.982608795166 48.0461311340332 47.4151382446289 46.811637878418 46.0003395080566 45.142219543457 44.646484375 44.3570747375488 44.1739273071289 43.9382286071777 43.5253143310547 42.9427604675293 42.3969879150391 42.2881546020508 42.1718673706055 42.0694351196289 41.7047233581543 41.6123657226562 41.2524871826172 41.2558441162109 41.1448593139648 41.1500473022461 40.8820877075195 40.4428520202637 40.2358131408691 39.9879493713379 39.865966796875 39.7294921875 39.721736907959 39.3989105224609
84.929817199707 81.0756607055664 77.201301574707 75.0521697998047 73.6131362915039 71.3496856689453 67.8549346923828 -3.4e+38 63.5192413330078 62.0513496398926 59.9023704528809 57.0594787597656 56.411003112793 55.2010879516602 54.086368560791 53.119384765625 51.9722671508789 51.6052169799805 50.9034652709961 49.4110984802246 -3.4e+38 47.6592979431152 47.1946334838867 46.2402763366699 45.5540733337402 45.3948402404785 44.8429222106934 44.4719390869141 44.4426155090332 44.2634620666504 43.9302215576172 43.1622161865234 42.5245780944824 42.4067687988281 42.4029197692871 42.295337677002 42.2013053894043 41.746223449707 41.5005073547363 -3.4e+38 -3.4e+38 41.2173385620117 41.0328903198242 40.8263282775879 40.4969940185547 40.1255378723145 39.9931373596191 40.0000495910645 39.7809867858887
84.1584396362305 81.0368423461914 76.5916595458984 74.874267578125 73.5589141845703 71.2349014282227 68.5503540039062 65.7986907958984 63.5379676818848 61.8337631225586 60.2565231323242 57.8514747619629 56.9291687011719 55.546272277832 54.3637619018555 53.3098030090332 52.6929969787598 52.0077095031738 51.2305946350098 49.9301261901855 49.4289093017578 48.4888916015625 47.5538902282715 46.9185752868652 46.2196922302246 45.749340057373 45.5102958679199 45.1163749694824 44.685905456543 44.5680961608887 44.5478096008301 44.1558952331543 43.4063720703125 42.6504364013672 42.6469116210938 42.5381240844727 42.5393333435059 42.3385124206543 -3.4e+38 -3.4e+38 41.6506042480469 41.4708366394043 41.2872009277344 41.1646690368652 41.0905990600586 40.1836471557617 40.2584953308105 40.2688369750977 40.0635032653809
82.6803131103516 80.4958572387695 77.0689010620117 75.3084259033203 73.2697219848633 70.9123077392578 69.0083999633789 66.5647354125977 64.0931015014648 62.0151557922363 61.1479225158691 58.7419586181641 -3.4e+38 -3.4e+38 55.0900573730469 54.1145515441895 53.4106140136719 52.6650848388672 51.6824378967285 50.5840682983398 50.0030403137207 49.5353889465332 47.989559173584 47.8085327148438 47.1177558898926 46.3389778137207 46.0227088928223 45.7247123718262 45.2468528747559 44.9770355224609 44.7971839904785 44.6827087402344 44.5712928771973 43.2921447753906 43.2904052734375 43.1829414367676 43.1851844787598 43.0754547119141 42.9922409057617 -3.4e+38 -3.4e+38 -3.4e+38 41.5469512939453 41.4260139465332 41.4359893798828 40.7035255432129 40.5323829650879 40.5448417663574 40.3385124206543
83.7572174072266 80.7567291259766 77.9883041381836 74.5889511108398 72.902587890625 71.0493927001953 69.3990783691406 68.4704666137695 67.0369338989258 64.2425842285156 62.2918815612793 59.8679008483887 59.4131660461426 -3.4e+38 56.8408126831055 56.0700149536133 54.7553787231445 53.743537902832 53.1576690673828 52.3014602661133 51.4563522338867 50.7569541931152 49.55078125 48.7651329040527 48.4605255126953 48.1424331665039 47.7540626525879 47.4948997497559 46.663387298584 46.0942230224609 45.7256698608398 45.6120529174805 45.1883087158203 45.0708084106445 44.8656387329102 44.6176605224609 44.3535423278809 43.9989204406738 44.0075416564941 -3.4e+38 -3.4e+38 -3.4e+38 43.4748916625977 43.2098655700684 42.5818862915039 42.0561714172363 41.994026184082 41.3831596374512 40.7072486877441
86.0475387573242 82.1140365600586 78.8965377807617 75.9747314453125 74.0502853393555 71.6239471435547 69.7252426147461 68.81103515625 67.5924072265625 65.1874084472656 63.2382316589355 60.7132301330566 60.0549049377441 58.9671897888184 58.0542984008789 57.2055625915527 56.0418128967285 54.8845596313477 54.039363861084 53.1096611022949 52.1991424560547 51.6242408752441 50.409538269043 49.8262825012207 48.9809913635254 48.5934066772461 48.5445709228516 48.2386169433594 47.6426544189453 47.0224227905273 46.6227264404297 46.2266082763672 45.7948265075684 45.4065971374512 -3.4e+38 45.2294845581055 45.0275382995605 44.786865234375 44.5238647460938 -3.4e+38 -3.4e+38 44.2650413513184 44.0825614929199 43.8157577514648 43.2038803100586 42.950870513916 42.752326965332 42.2969207763672 41.3321952819824
87.491455078125 83.3946380615234 80.1997756958008 77.4691314697266 75.0444793701172 72.7548065185547 70.9504928588867 69.5535049438477 68.0227813720703 65.8955459594727 -3.4e+38 61.6839866638184 60.5790748596191 59.892219543457 59.0484237670898 58.2257843017578 57.0700340270996 56.1041488647461 55.0379791259766 54.0518989562988 53.2035598754883 52.4557456970215 51.289680480957 50.7799987792969 50.0769577026367 49.7222137451172 49.2285346984863 48.690601348877 48.5529556274414 48.1111869812012 47.7754936218262 47.1635055541992 46.8737640380859 46.0164489746094 45.9250106811523 45.5049476623535 -3.4e+38 45.6914329528809 45.2010231018066 44.967155456543 44.8549423217773 44.7897567749023 44.3648796081543 44.1785774230957 43.9779815673828 43.4826240539551 43.0428123474121 42.7471618652344 42.3216438293457
88.8257369995117 85.430305480957 82.6210250854492 79.6435775756836 76.6740875244141 74.1354446411133 72.1915817260742 70.5342330932617 68.9862518310547 66.9932632446289 65.514404296875 63.0208320617676 62.0173301696777 61.3140106201172 59.9613723754883 59.1895332336426 58.0893783569336 57.0603637695312 56.1802940368652 55.2072563171387 54.2229881286621 53.6604118347168 52.1013793945312 51.6154747009277 51.3491058349609 50.9306221008301 50.3294906616211 49.6593551635742 48.9439353942871 48.8122863769531 48.6895408630371 48.2538871765137 47.9723777770996 47.0292549133301 47.0042037963867 46.6933135986328 46.5022430419922 46.6820182800293 46.1585159301758 45.9788246154785 45.8643493652344 45.7989883422852 45.2912864685059 44.9330673217773 44.9543800354004 -3.4e+38 43.5791511535645 43.2050170898438 43.2256965637207
91.6881256103516 87.9086685180664 84.4507369995117 81.3198318481445 78.0993041992188 75.4043045043945 73.3335342407227 71.771842956543 70.1138534545898 -3.4e+38 66.8751602172852 64.4820327758789 63.5215148925781 62.3706512451172 60.9005355834961 60.1704711914062 59.1166725158691 57.9763374328613 57.2159309387207 56.5130043029785 55.312385559082 54.5334205627441 53.3044853210449 52.614688873291 52.1637496948242 51.6919441223145 51.4403762817383 50.8673210144043 50.0328674316406 50.0012321472168 49.5977058410645 48.9555358886719 48.7761878967285 48.1392974853516 47.7882881164551 47.7901573181152 47.6758499145508 47.598217010498 47.1739311218262 46.9778442382812 46.7567100524902 46.5739669799805 46.3766288757324 46.1554718017578 45.8913078308105 44.866584777832 44.66259765625 44.2807273864746 43.4601249694824
93.4155731201172 88.9875335693359 84.8620910644531 81.9559783935547 79.1239395141602 76.5587310791016 74.7361755371094 73.1729965209961 71.4938125610352 69.8694152832031 68.4785461425781 66.0779190063477 64.6491088867188 63.2814788818359 62.0941696166992 61.1016883850098 60.1752662658691 59.159969329834 58.0622940063477 57.3972778320312 56.5478057861328 55.5347671508789 54.4479598999023 53.9010238647461 53.3701057434082 52.692310333252 52.329647064209 51.8697280883789 51.325439453125 51.2211608886719 50.7033309936523 50.0593376159668 49.6327171325684 48.9505996704102 48.4058570861816 48.3216667175293 47.9724311828613 47.9810523986816 47.8663139343262 47.7978439331055 47.3731803894043 47.1781311035156 46.9628753662109 46.7765197753906 46.5790824890137 45.8594932556152 45.6640090942383 45.138240814209 43.776969909668
94.3578414916992 90.272346496582 86.3068618774414 83.5275573730469 80.9210586547852 78.3478927612305 76.24609375 74.3301773071289 72.8921966552734 71.2455062866211 69.9947509765625 67.1902847290039 65.8749237060547 64.3831329345703 63.4544830322266 62.3087425231934 61.1666831970215 60.3371162414551 59.2993621826172 58.4249534606934 57.7001342773438 57.085880279541 55.1855545043945 54.8637542724609 54.5123634338379 53.9825210571289 53.5424728393555 52.9892234802246 52.4178848266602 51.8378829956055 51.4703102111816 51.282657623291 50.7356605529785 50.044261932373 49.6208648681641 49.3456344604492 48.9864768981934 49.065601348877 48.997371673584 48.5798606872559 48.4642753601074 48.4048728942871 47.9795875549316 47.618480682373 46.9614105224609 46.4799270629883 46.2114486694336 45.6138916015625 44.8673515319824
96.2223281860352 92.5101318359375 89.1669311523438 86.2715454101562 83.4492721557617 80.5629806518555 78.0300979614258 75.8347549438477 74.1711654663086 72.7347640991211 71.1340179443359 68.17138671875 66.9848327636719 65.6018447875977 64.5484237670898 63.6612129211426 62.2985458374023 61.245433807373 60.6453094482422 59.8627586364746 59.1324424743652 58.139476776123 56.7238464355469 55.9663696289062 55.247859954834 55.0186462402344 54.7814407348633 54.2144355773926 53.8844375610352 52.9518089294434 52.6828842163086 52.279369354248 51.6369514465332 51.1551856994629 50.8418579101562 50.4465942382812 50.2898445129395 50.3002777099609 50.0316047668457 49.6755752563477 49.6161766052246 49.1975135803223 49.0796318054199 48.8596534729004 47.9058952331543 47.505012512207 47.3054885864258 46.8677825927734 45.9571571350098
98.8293533325195 -3.4e+38 92.0566711425781 88.7658767700195 85.5276947021484 82.7988739013672 79.8355941772461 77.6272659301758 75.8264846801758 74.2822418212891 72.6264877319336 69.4237518310547 68.1067428588867 67.0209197998047 65.8547668457031 64.7665252685547 63.654857635498 62.4643211364746 61.7016830444336 61.1718406677246 60.4748153686523 59.2619361877441 58.1628189086914 57.5264778137207 56.5595245361328 56.3203468322754 55.9691543579102 55.1329536437988 54.9148063659668 54.3529624938965 54.1572875976562 53.402774810791 52.8564949035645 52.4471549987793 52.0370254516602 51.2783317565918 50.9215850830078 50.8484268188477 50.4988746643066 50.5159149169922 50.2492065429688 -3.4e+38 49.8424911499023 49.4220542907715 49.1561508178711 48.5298881530762 48.3278884887695 47.9668960571289 47.1520080566406
102.004165649414 97.4487533569336 93.9174118041992 90.4714126586914 87.123893737793 84.4928894042969 81.2870712280273 79.2011642456055 77.4900360107422 75.7050247192383 73.9197463989258 70.8267593383789 69.3637542724609 68.0595855712891 67.0719223022461 66.2439117431641 65.2481002807617 63.9353103637695 63.2854080200195 62.3935737609863 61.5519256591797 -3.4e+38 59.289493560791 58.415885925293 57.9889755249023 57.8140258789062 57.1240043640137 56.3652000427246 56.0449180603027 55.4816818237305 54.8931159973145 54.5161743164062 54.3356742858887 53.6925735473633 53.1517791748047 52.5055732727051 51.9569816589355 51.9535217285156 51.7310523986816 51.543571472168 51.3472061157227 51.1399116516113 -3.4e+38 -3.4e+38 50.0881309509277 49.3887786865234 48.8872184753418 48.4558029174805 48.1840667724609
103.683631896973 99.3360061645508 95.7738265991211 92.3184280395508 88.9647750854492 86.1875 82.7502059936523 80.7804183959961 79.28662109375 77.2338485717773 75.0835037231445 72.4645919799805 70.8853149414062 69.6752853393555 68.570915222168 67.8707046508789 66.7468872070312 65.5376129150391 64.6647796630859 63.7565307617188 62.9068145751953 62.1382064819336 60.5600891113281 59.666332244873 59.5516242980957 58.9506340026855 58.089183807373 57.858699798584 57.1964302062988 56.726390838623 56.0167808532715 55.8364906311035 55.6519432067871 54.8209838867188 53.9865608215332 53.8293800354004 53.2717552185059 53.2012481689453 52.7821846008301 52.6612510681152 52.6023406982422 52.1778526306152 51.9827995300293 -3.4e+38 51.1955604553223 50.1897964477539 49.8296241760254 49.0193824768066 48.655632019043
104.711463928223 100.571151733398 97.7972640991211 94.4213409423828 90.8103332519531 88.1527938842773 84.7900314331055 82.473503112793 80.616096496582 78.5538177490234 76.8717956542969 74.2377471923828 72.530158996582 71.2999420166016 70.3771209716797 69.1344299316406 67.8706436157227 66.9271850585938 65.908447265625 64.8667602539062 64.3865966796875 63.7373352050781 62.0074462890625 61.2537536621094 60.9092903137207 60.3915214538574 59.6538963317871 59.1925354003906 58.6127243041992 58.2890586853027 57.3556938171387 57.0930633544922 56.8817939758301 56.1533699035645 55.226921081543 54.9473342895508 54.5956573486328 54.3478393554688 53.4933586120605 53.4333000183105 53.0148277282715 52.8212203979492 52.6245040893555 52.3459777832031 51.9241409301758 51.2272109985352 50.8664588928223 50.1279067993164 49.777774810791
108.457023620605 103.536491394043 99.8210296630859 97.1668701171875 94.6588821411133 91.7887344360352 88.8808898925781 86.2671127319336 84.0444946289062 82.0834274291992 80.259895324707 77.2427139282227 75.7420272827148 74.4448852539062 73.4720458984375 72.2994613647461 71.0234375 70.0609283447266 69.0394058227539 68.08203125 67.4849472045898 66.3217163085938 64.9797592163086 64.0783386230469 63.7985534667969 62.9761772155762 62.4574851989746 62.2184829711914 61.5446014404297 61.0741767883301 60.3594207763672 59.9380874633789 59.3669624328613 58.6380157470703 57.8275566101074 57.414119720459 57.018009185791 56.2378311157227 55.8083114624023 55.6059837341309 55.3282737731934 54.8089790344238 54.3980712890625 54.4367370605469 54.0853500366211 53.1482582092285 52.6308975219727 52.0524749755859 51.5532608032227
