rcp8.5models/GFDL_CM3/sc1gr6.2
NCOLS 261 
NROWS 433 
XLLCORNER 336357.134 
YLLCORNER 654653.479 
CELLSIZE 1000 
NODATA_value -9999 
[rows 264 to 285 of 433, columns 200 to 249 of 261]
3184.63197073194 3162.45465429198 3142.29616514429 3151.43683128701 3135.15058999034 3142.78648527797 3138.41845022513 3113.158081485 3084.77240276082 3161.65685020437 3336.42291141902 3335.08101045072 3257.37170265269 3182.79144502481 3031.71038852924 3002.46465961386 2990.32617356422 3013.2916292463 3105.29623364491 3186.79051482209 3080.0761579064 2940.44537156959 2926.23766048874 2913.2674072871 2866.7616139584 2838.13499800284 2913.04311086834 2872.66458735823 -9999 -9999 2747.44687250826 2721.58732661921 2708.80617231911 2694.62478808535 2682.0157653032 2665.01322543776 2657.72526963299 2631.47466144006 2609.3513952919 2590.96207096383 2570.06340659733 2556.11188881901 2543.16007673759 2532.96910480392 2520.30809717724 2503.83862574786 2493.92712796197 2485.58344824465 2459.23053383962 2446.57680473892
3187.99840431064 3154.98175116135 3151.81106298047 3167.44577829311 3150.34811326244 3158.35462790241 3161.63713457 3136.52003118187 3097.45585637642 3152.63039599479 3283.36892666473 3293.47607271057 3160.79736114178 3120.53453428634 3041.76815913107 3013.31337631191 3010.66147251448 3025.22500289073 3078.53614173751 3100.33452804655 3048.77123875053 2937.68133207965 2920.90740421996 2891.42640071643 2869.60778883368 2850.08969177306 2821.33867373496 2806.7284756635 2795.82291196521 2783.02658012527 2764.85988273954 2748.82211792864 2728.54286000055 2712.35594802423 2704.54420376746 2684.41111070673 2666.9255855535 2638.27912413364 2617.78116224977 2595.73111500387 2579.00704153097 2566.49685141784 2555.41439602028 2545.40309228718 2530.2223524815 2513.70046299354 2503.98345489657 2495.86004858243 2464.84326242858 2452.52865198728
3164.13706075615 3152.02877290036 3166.85672236328 3232.81123052602 3280.73257040505 3229.56537680269 3173.55626404819 3142.376182582 3116.43611999334 3144.27741256344 3190.75456042227 3191.13157627639 3185.39776592312 3117.30123869832 3061.1213964819 3068.16961922601 3087.65479292293 3091.13335065892 3004.23959578651 2990.33476970995 2989.87968908656 2984.89618217555 2964.82610519237 2986.99516064669 2932.67259520353 2903.39867743151 2853.30432063622 2850.33924297886 2840.42653884414 2824.08116696609 2799.10160299072 2787.03021048931 2759.63414700321 2738.46423091273 2725.41605394698 2710.57804846582 2690.94441703179 2644.52582167948 2625.81298039815 2612.28184664748 2601.14524256072 2586.02957326359 2582.971018641 2572.19669868567 2563.08837954178 2540.74083155749 2523.09599218819 2512.14567011114 2478.13229258971 2463.31039400887
3164.69910006641 3159.73554594152 3180.47508267468 3237.82392154524 3306.45878265239 3255.18181573469 3171.94654268759 3148.8388632632 3137.77708677398 3210.37948182049 3328.28379579705 3309.97655093724 3265.50337715134 3118.04369823301 3203.19974559496 3206.1728775687 3203.7918756498 3170.57744196707 3029.73130227229 3067.0573944866 3066.87127856538 2991.82353186666 2968.03936947713 2985.11786586759 2968.33751918642 2934.66457573834 2883.1246159857 2890.19749434369 2873.21026273588 2846.6897479009 2814.50780227477 2793.63974753956 2765.99490599749 2743.08109603291 2723.79128038203 2707.49726460076 2688.44621657983 2651.07369685241 2637.03670758746 2629.24349718659 2618.19992154285 2600.59143894691 2601.12058035235 2592.29379266999 2575.24076498686 2557.01188851676 2534.58147743509 2519.69384164668 2483.96129051299 2468.43425625091
3173.62491542855 3164.89412163632 3199.39795988875 3293.14701780701 3311.50842615385 3246.89487578179 3175.96107741406 3153.46519468421 3148.0900909024 3217.54900123474 3372.91687534557 3372.5062275888 3280.73906546571 3111.41436973657 3350.19274337468 3335.55836953689 3280.63540632044 3182.95261276277 3057.66418057868 3083.66222360151 3080.67319905423 3005.40295199803 2974.90024831682 2990.30063869348 2987.55055847034 2959.05897386791 2918.61079996194 2922.85262764709 2902.08866904992 2861.7922317009 2820.19837099732 2798.42303837808 2782.78086659046 2757.30096211274 2728.72533286771 2709.58551905896 2693.42286263068 2668.20344614398 2656.9841314075 2641.27353945547 2626.79796576024 2611.36389389093 2607.11347080309 2600.43610664337 2574.63729150064 2556.27453665811 2536.75025093613 2521.29859903357 2490.89586268864 2474.36459500043
3173.81035764828 3172.9571369937 3224.08731147476 3355.0387689309 3341.49362058217 3264.77410948393 3191.17624587578 3169.6741214597 3152.6621321299 3161.26482054429 3246.49683684211 3279.56452409367 3204.50425039035 3118.37874481521 3358.37180458121 3355.98840167372 3322.22990414774 3235.98430497851 3090.03753463546 3056.02297706346 3055.0677357916 3024.59533071607 3004.50980628583 3007.53570884261 3011.57626845055 2987.27568998392 2974.3202217084 2989.73894774505 2942.86955913425 2859.3335731982 2821.8355026373 2799.77149821528 2788.85693797819 2765.40424938504 2738.29183673284 2719.48373557747 2703.12779139844 2688.50747581513 2682.23569314566 2662.22502336131 2640.097006128 2628.82445093719 2613.75384849548 2606.43530567506 2579.64735210066 2558.0436239794 2540.00099114447 2522.00640923826 2494.66746331135 2479.96441088145
3171.93902205863 3179.00343453484 3204.98176996373 3355.89857143203 3372.99190518863 3305.56127568195 3197.40955111897 3177.81326220818 3154.60287983961 3142.01991347513 3161.73896122687 3183.90581475542 3156.50409377293 3137.14008630136 3345.86743766929 3375.49472636024 3368.86032603067 3329.53112357203 3194.9917609974 3072.25131966661 3079.19744465296 3085.8911393076 3073.30001480965 3021.91282972683 3012.66323787693 3009.21080500239 3101.14218656087 3051.82923173759 2918.40974440313 2854.73761108335 2822.55918205942 2802.23521824757 2784.00932193472 2765.39969678848 2747.5714200904 2727.81211299961 2715.07505359024 2697.87259444322 2694.21563887749 2682.70203181402 2659.36414523091 2642.01533811451 2628.04194957206 2611.22728836439 2583.74613991323 2563.99763650301 2545.41101466442 2528.40443102903 2499.99334419572 2484.4373983392
3172.74286520945 3189.75197648338 3210.37564382292 3297.89628281418 3374.55849677316 3326.08680404963 3205.63024334355 3180.60354677929 3155.96891790154 3152.59155216292 3176.78515980933 3172.71767475139 3160.64736964607 3160.93021119949 3380.20853117135 3397.82288613995 3396.79279918621 3379.96096381223 3323.23634053856 3221.49152872307 3171.51282930559 3148.5896005225 3106.67631034284 3019.40653976693 2999.81952687994 3003.8018667538 3029.14793275106 2962.16534236267 2875.42924820588 2853.81259200917 2826.9912884619 2808.61930007221 2789.50604800337 2773.55897276624 2755.91549786299 2741.89806621781 2730.04343382443 2711.8297737801 2706.78735295748 2694.67099405391 2674.24246585232 2644.94083904421 2633.88931927888 2619.48409323851 2592.34880085903 2571.27596932985 2555.03228742555 2541.61367244772 2508.16851161282 2491.91078240428
3184.01487335756 3222.82686244828 3335.9782027985 3315.83155648393 3301.35754918456 3297.88420697193 3266.58389149409 3190.62739826033 3163.34055536408 3160.36041984371 3186.06439876506 3175.88716436904 3173.88657527987 3234.33015997719 3354.00433201155 3390.37850428141 3379.00799893497 3391.16095349248 3375.48320243769 3311.48816703348 3180.36455397655 3150.35300688305 3059.75278574382 3012.1108794625 2997.7032018257 2981.3437302937 2918.85901153749 2892.58432319219 2876.00185226348 2855.80656792513 2837.43456399012 2820.46959255388 2807.60935482612 2787.67539006989 2773.74034597224 2761.49764544887 2748.00772775302 2737.50504674948 2728.69022616212 2704.42262623417 2681.0836004218 2658.94118353518 2635.74265522611 -9999 2601.12874031559 2583.71553120389 2569.00633088762 2550.95102039331 2517.00719755765 2499.86303932883
3237.99610594597 3320.65223107007 3393.96479486946 3410.43727653961 3277.16328518546 3279.2237987382 3270.36288093138 3197.37988726654 3170.86003788374 3166.20040394419 3190.73505909093 3202.90183079089 3190.71933507635 3227.93101940919 3296.08720064337 3356.0271357259 3310.14554202408 3308.20275138667 3236.54532772746 3186.92759553339 3111.11742774244 3104.55830398416 3035.28016687888 3011.80036239325 2995.25998597184 2969.81658136363 2952.5346198807 2925.83552370508 2890.3653050964 2864.96523627023 2850.39863951393 2845.06835874664 2828.15565596982 2805.51295634028 2798.76678701105 2780.63653663107 2768.7057271946 2756.6357043972 2737.73189449477 2708.47415079212 2685.48449463307 2669.008892514 2642.95849100814 2624.68932304696 2606.98564561786 2596.16009691326 2576.99438257899 2558.83048723398 2524.69023602011 2512.40735009639
3300.21893610965 3413.38013977515 3397.32223837177 3471.20909271174 3330.6775468025 3283.55508345138 3234.6684763457 3200.11917568562 3178.5832819005 3173.29421372004 3195.86198815831 3226.16708425102 3203.4170083024 3181.38124896662 3316.34010334975 3380.03306154775 3343.57508498894 3325.27140054219 3269.87698699019 3254.61123448179 3241.45773982452 3229.12064293389 3186.21814739187 3069.85937220489 3011.11826481577 3002.86402459068 2974.0945099946 2939.27942724036 2898.88587621515 2878.36684394587 2863.03889535154 2865.58011831542 2842.29343437753 2818.76260555597 2810.30448199542 2800.21663987547 2793.06772496448 2765.5387617628 2745.84856352773 2717.4689282393 2697.48715448275 2684.56902421238 2661.16028338423 2639.57765457742 2623.03877269318 2605.01876780661 2586.2586256142 2569.33029319847 2539.10523756944 2535.80945259412
3265.10132506943 3348.99194032862 3419.14938923636 3514.26574736871 3381.42215168389 3340.01586314042 3248.72590431281 3218.54458813774 3190.66627938411 3185.78659100909 3196.68622725345 3225.5634745639 3218.51173243363 3189.28506611151 3309.47088151172 3419.48129338078 3411.66688051616 3403.19595546666 3397.60476762509 3385.75509839912 3373.87500689963 3362.55389219323 3336.21537351649 3247.77273660609 3188.1213670315 3113.08281675042 2968.49634686154 2931.28691447596 2905.64262555695 2894.03256251136 2885.74574011963 2875.59277716462 2857.78137701199 2835.96985934685 2817.01133830052 2818.33745718593 2819.42946989396 2777.94064504971 2756.28994080903 2743.64100055542 2723.69254100577 2701.51861126745 2669.30158059994 2647.37530018443 2634.68867275239 2617.61535991126 2599.59313336609 2579.03656536316 2549.80689782991 2549.52325630183
3208.83940435895 3274.48751998365 3437.98858992942 3511.19284781164 3363.75018482335 3326.4289463211 3269.31055523246 3225.93721988746 3208.88061641334 3222.37612691425 3204.90960173539 3233.37452993704 3255.67725836731 3208.44162044461 3250.26552811563 3325.98501822449 3339.79059350027 3308.00991959327 3336.39914021442 3395.40226636496 3379.93951561414 3362.48708827783 3367.89700100513 3351.63169692539 3288.21016328644 3092.5218699451 2965.5404284651 2942.9224961765 2930.96326328041 2911.74305968584 2908.72698065081 2893.7481986611 2877.74604362663 2851.90288765892 2836.28819080462 2839.51408656513 2839.75029505741 2784.36360789133 2770.22810887964 2770.42506465062 2745.39762965726 2707.60296528759 2670.72981411281 2652.0962108842 2633.41499904204 2620.05332574265 2600.15355556838 2584.39185619547 2557.02505788718 2549.55956365791
3203.16848491473 3270.26723391115 3435.07721424645 3373.69383586501 3288.42917545006 3255.63808859259 3251.63522552242 3219.65691995735 3228.12816728348 3269.46317719212 3219.47775165998 3229.80673705002 3263.3322163084 3234.31392499408 3233.38207730363 3231.41116530325 3244.73452382245 3253.19903163286 3336.6198544654 3398.42281186778 3352.58115383835 3313.01146020214 3362.99395170371 3361.28238747806 3318.24070361307 3154.45458477033 2969.6963451611 2962.45577511463 2962.39483522513 2937.43537841478 2924.42978092081 2912.7290023758 2889.88610719 2866.53461812608 2864.06055135398 2862.83102520265 2851.75955443224 2797.80330133716 2786.72859825302 2772.65350827059 2743.13828118669 2705.01628752367 2674.69513074599 2655.88071444283 2635.35861964597 2621.4871911022 2606.00136722953 2593.922356112 2564.13329643751 2552.01690709815
3225.04733880451 3281.08716566795 3448.44032790736 3271.47607856869 3258.95611703395 3246.62243568973 3232.01230603696 3227.64732041988 3266.28133317994 3325.38392804402 3322.65002657116 3270.76025641659 3278.29132627971 3255.89124875604 3283.94609072795 3301.16954703853 3223.57210576456 3260.02214902812 3300.60529147007 3318.5344949159 3328.65672180623 3214.20406285803 3369.10548378229 3356.93229296843 3210.517357539 3032.08980835408 3029.90632656579 3009.90136081599 2996.35281584336 2970.01660576977 2928.08677708689 2899.16500403228 -9999 2890.42225473229 2884.85291549089 2852.6664101657 2828.47782867974 2800.25218961721 2780.69215054239 2759.9160354832 2732.3449933862 2704.58954328647 2685.09122051459 2669.69063640102 2653.5612028575 2638.22011634865 2624.19598752669 2611.32545252663 2586.6422055038 2573.91888231176
3266.72859394615 3249.86215787108 3378.82566175999 3338.19788902023 3266.49871900577 3252.43718690235 3235.14485377174 3249.4200543633 3330.63641360977 3428.39769029463 3424.67430927504 3291.13462348347 3268.2909944081 3249.93516714803 3314.13609924384 3379.95767561785 3269.21925087444 3218.78529516463 3222.07048558387 3204.75617358625 3240.39312904611 -9999 3394.62825202044 3320.89290875772 3095.02421402671 3039.99184371157 3052.22594597103 3038.53946794417 3004.22967648747 2972.94693789268 2937.47376831008 2911.90127138536 2883.9117007978 2882.77102766692 2881.91130109884 2855.88406196261 2828.03827069153 2797.89608480538 2785.83201509551 2757.05752414928 2735.05961100846 2715.80790883655 2700.8239462368 2685.63700988761 2663.18208003703 2648.4550798298 2633.06558840971 2619.59952742843 2593.58445958857 2581.68040644332
3287.88854533547 3270.71590715535 3326.32541304472 3475.47682653651 3365.58293571282 3257.94847445452 3245.29274779881 3266.61662287636 3357.0503209344 3479.51854556041 3470.58269282442 3350.37367826471 3248.15846570165 3233.4182452313 3294.47045145177 3381.96241963575 3355.83320589774 3228.99159028201 3194.33667496258 -9999 3156.25184369845 -9999 3407.88517543697 3289.47211600905 3059.70554125492 3055.49743628694 3063.33317204492 3046.87983474778 3005.72829400301 2973.4785261917 2942.36871877699 2919.97542198001 2899.88742736798 2884.90663994584 2875.48130719562 2861.0666591622 2826.68307923323 2797.07263859212 2795.77465640664 2771.95278392872 2741.49403639903 2722.39859912148 2708.57061575978 2692.68930406287 2671.93707309741 2656.72656461486 2641.94813608708 2628.81811827357 2600.84877888815 2588.38083340711
3261.9805880889 3304.71350866552 3345.70717144511 3548.80676947619 3494.53824723515 3327.97258437214 3275.56348058846 3345.21961329434 3385.64525218065 3436.2401693124 3497.45926348431 3409.49499831977 3237.25055131012 3229.03978717058 3309.21739313124 3419.6734417471 3403.08388163604 3259.66720046259 3223.24255593866 3184.46169858197 -9999 -9999 3258.76917530497 3181.18045020702 3085.69318283469 3078.29447426132 3066.8399036204 3028.52588958602 2998.41276658136 2962.72224302161 -9999 2916.29503815648 2904.33121547981 -9999 2870.81510603279 2860.99402852223 2828.4753647854 2800.17342895159 2789.24645648495 2773.59918272205 2745.23827382352 2726.53938185433 2710.61436120358 2694.51813730491 2679.14769600817 2662.66368215405 2647.78058193558 2635.32036584416 2609.29969848078 2596.27698466944
3304.97359649704 3277.6626652759 3319.32938309246 3551.89971051522 3501.00767304204 3334.03595581551 3360.80715938702 3484.11030651794 3491.61411305453 3425.64047237544 3386.4975856259 3389.28585869397 3335.21259928905 3225.73326274134 3323.50970401464 3449.56748346295 3400.53955713428 3365.9871183332 3263.74137325405 3186.27221170922 -9999 -9999 3137.72312992811 3117.91774499096 3103.84156267309 3079.19961343565 3070.02367441042 3033.76663839583 3007.07886196085 2971.96543232724 -9999 2934.95664191728 2915.36148494567 -9999 -9999 2855.60705454803 -9999 2805.88841389376 2783.93185656468 2769.94381520177 2751.32337707531 2733.47453169527 2716.99013572784 2699.13993492396 2684.65222126794 2671.10892660932 2656.28716374977 2642.62640523542 2614.64391214476 2602.9549235026
3415.23814092313 3278.15489513074 3310.29283115488 3504.25455414714 3440.62568993439 3311.41025030619 3463.5180780751 3552.92914450135 3572.24173415085 3505.30704130863 3367.96043637258 3320.72780901635 3332.45017143069 3224.89271088141 3279.54796912612 3382.31107561572 3445.6753366015 3475.86946075771 3361.19486069962 3191.66635811662 3158.4039280299 3132.00731717979 3139.21931852547 3130.47752307508 3093.87605178047 3062.44227961653 3066.45824234058 3036.66959712847 3022.41076697259 2989.24755662728 2965.69496582524 2966.39987366233 2937.37528270945 2898.58964856314 2872.42099440132 2859.20624326957 2844.21994811083 2808.82696688907 2789.53373159772 2771.81297387484 2756.69497804823 2739.22100566638 2722.92727401037 2707.62139778608 2692.0192828432 2677.2867372521 2663.28543005121 2650.61072170807 2620.61333954868 2606.19558267776
3460.52164299662 3316.55430073877 3343.38998890374 3433.86522192905 3391.58362087836 3335.86451451711 3509.15633255352 3570.69678459941 3590.38167766411 3534.89946202573 3438.19996024652 3297.9499161518 3270.52608440752 3224.75158634571 3258.37283455885 3365.86585917739 3500.34885865727 3467.67196189228 3346.30291746589 3194.67638144975 3158.30778221452 3126.55640274924 3144.24077781865 3136.40356634467 3096.55653876593 3051.29165067506 3064.20282609596 3017.01387211822 3009.37730002852 2988.54974696942 2972.26558686538 2970.34597759163 2949.91442885116 2896.70030751267 2879.83229549574 2867.42278521321 2850.16861870098 2814.36922569992 2794.84339801622 2775.45967844441 2759.97102027076 2743.58088532386 2726.37694287363 2713.23903919313 2697.00610620007 2679.56457796901 2667.95910658083 2658.12175251 2636.94308118437 2618.02020348525
3409.78802679617 3333.70860369676 3346.46033910971 3419.26955569877 3408.95489427184 3452.22598671486 3500.89365381114 3555.88551557565 3561.00907396568 3471.2035810763 3345.27643515703 3286.76724111775 3267.94890349566 3218.49667268825 3250.74103727921 3380.51980734744 3477.59872643973 3323.22323960299 3231.4866832545 3170.32047547939 3145.19870292751 3125.73640863805 3132.33256216074 3136.24348532819 3102.35996325733 3051.49296939583 3048.39208827977 3025.33507526067 2992.43931296877 2977.75426700887 2961.89668346437 2950.25256403327 2941.12060744346 2897.10865307768 2884.8115251991 2870.99048365937 2856.14760199081 2824.16688986783 2802.15820204062 2779.34739609782 2760.57374222555 2746.2353806028 2730.77663296274 2716.32469435797 -9999 -9999 2677.3474333271 2668.96623234638 2640.69023397548 2622.43418791322
