rcp8.5models/GFDL_CM3/sc1gr5.36
NCOLS 261 
NROWS 433 
XLLCORNER 336357.134 
YLLCORNER 654653.479 
CELLSIZE 1000 
NODATA_value -3.4e+38 
[rows 308 to 329 of 433, columns 196 to 244 of 261]
290.704803466797 289.472900390625 281.918609619141 278.817504882812 281.023162841797 290.097839355469 295.909118652344 295.680999755859 297.791198730469 298.45068359375 297.820159912109 297.794921875 295.7001953125 290.003265380859 281.787658691406 282.038635253906 283.498626708984 281.726531982422 297.791107177734 299.397705078125 299.501342773438 298.482055664062 300.187164306641 301.380279541016 301.778503417969 299.220703125 294.962188720703 295.890747070312 300.694915771484 300.414093017578 300.500610351562 300.805358886719 300.620330810547 301.172943115234 302.202362060547 303.073394775391 302.771820068359 302.327606201172 303.146057128906 303.933135986328 304.015319824219 302.468658447266 302.885406494141 303.747528076172 304.45654296875 305.391387939453 305.902648925781 306.539794921875 306.41845703125
287.398406982422 290.709869384766 286.907318115234 285.532104492188 287.95263671875 291.253540039062 288.798767089844 296.506530761719 297.8642578125 298.026733398438 297.875823974609 296.211181640625 291.890899658203 288.097259521484 282.508666992188 284.857177734375 285.171630859375 281.887023925781 294.896301269531 299.551208496094 299.955383300781 299.377716064453 300.834014892578 301.320953369141 300.402557373047 297.739654541016 297.314849853516 295.702941894531 296.618865966797 300.867706298828 301.082153320312 301.092437744141 301.18310546875 301.817352294922 303.192932128906 303.257598876953 302.505676269531 302.649505615234 303.277770996094 303.875793457031 304.28857421875 303.269378662109 304.000030517578 304.230346679688 304.477111816406 305.190490722656 305.738922119141 306.218414306641 306.388336181641
285.519134521484 290.725494384766 289.036529541016 285.072937011719 285.964202880859 289.019378662109 283.152374267578 293.828643798828 295.958740234375 297.985687255859 296.670776367188 292.101013183594 287.256286621094 285.076873779297 282.585144042969 284.697601318359 287.244598388672 286.451293945312 293.444946289062 298.963409423828 300.147705078125 300.726745605469 301.147827148438 301.014221191406 299.408569335938 297.969543457031 298.978698730469 296.839904785156 292.545227050781 296.190368652344 301.992431640625 301.794372558594 302.131164550781 302.564514160156 303.091491699219 303.187469482422 302.533843994141 302.727874755859 303.490112304688 303.621551513672 304.846771240234 304.10888671875 304.485717773438 304.497711181641 304.6728515625 305.148986816406 305.309387207031 305.931549072266 306.092132568359
285.79150390625 290.626770019531 289.212280273438 283.299621582031 282.871185302734 286.463623046875 286.4638671875 292.612731933594 296.319152832031 298.165313720703 296.618194580078 292.278259277344 287.194305419922 285.715118408203 284.850738525391 284.506469726562 286.687805175781 286.645599365234 296.648681640625 298.946929931641 299.906097412109 300.524078369141 300.978942871094 300.449584960938 299.349700927734 299.369567871094 299.620483398438 298.136352539062 291.563049316406 293.331420898438 302.578643798828 302.835418701172 -3.4e+38 -3.4e+38 303.235198974609 303.570434570312 303.150787353516 302.929901123047 303.573181152344 304.089721679688 304.901702880859 304.416778564453 304.686248779297 304.680816650391 305.181762695312 305.292388916016 304.767028808594 305.220581054688 305.56982421875
286.290893554688 289.127105712891 290.047454833984 286.552978515625 285.701843261719 288.195495605469 290.601318359375 295.134613037109 297.801330566406 297.533264160156 297.162078857422 294.896453857422 292.129760742188 291.370971679688 290.881439208984 289.225677490234 286.228515625 286.684295654297 298.897613525391 299.501403808594 299.879211425781 300.423919677734 300.756561279297 300.221893310547 299.910766601562 299.667663574219 299.058563232422 299.033477783203 293.866485595703 293.864807128906 302.057891845703 302.186767578125 302.626129150391 303.262908935547 303.716613769531 303.874176025391 303.216888427734 303.102081298828 303.684906005859 304.460784912109 305.191680908203 304.685363769531 304.902282714844 305.094604492188 305.434356689453 305.427398681641 305.126098632812 305.275390625 305.387481689453
282.904449462891 289.409515380859 289.953125 286.746429443359 283.961517333984 288.234283447266 293.5283203125 296.783111572266 296.388336181641 295.017578125 295.972351074219 295.373199462891 292.321899414062 293.463317871094 295.378509521484 293.680816650391 292.087921142578 287.053863525391 292.534851074219 298.640380859375 300.057312011719 300.385223388672 300.836029052734 300.962738037109 300.755889892578 299.779052734375 298.170288085938 300.907897949219 300.174407958984 298.197509765625 301.154174804688 301.880676269531 302.457092285156 302.885375976562 303.273376464844 303.618072509766 304.010162353516 303.272277832031 303.263092041016 304.339965820312 304.663391113281 305.187469482422 305.617065429688 305.815368652344 305.474029541016 305.494537353516 305.528717041016 305.610900878906 305.6884765625
282.260681152344 288.067565917969 289.854705810547 287.245635986328 281.501220703125 283.603607177734 294.607299804688 296.079040527344 295.085998535156 294.027679443359 294.880279541016 294.695678710938 292.92578125 295.885467529297 295.627075195312 295.298156738281 296.526397705078 294.783935546875 289.584625244141 298.627288818359 300.166809082031 300.852081298828 301.106048583984 -3.4e+38 300.754425048828 300.420684814453 300.252990722656 301.121948242188 301.815979003906 301.558776855469 301.889556884766 302.582397460938 302.832946777344 303.010620117188 303.439544677734 303.594757080078 303.986846923828 303.490478515625 303.440948486328 303.961730957031 304.251129150391 305.242553710938 305.691436767578 305.751434326172 305.521026611328 305.753387451172 305.697418212891 305.731750488281 305.854370117188
283.550323486328 287.269775390625 289.409332275391 287.508880615234 281.554565429688 282.802551269531 294.261993408203 294.811401367188 294.22412109375 294.295745849609 295.338256835938 295.905609130859 295.443542480469 296.399230957031 296.168884277344 296.228668212891 296.887023925781 296.492156982422 294.181457519531 299.11865234375 300.344848632812 -3.4e+38 -3.4e+38 -3.4e+38 300.59326171875 300.669342041016 300.478149414062 301.112213134766 301.949890136719 302.150756835938 302.615936279297 302.843383789062 303.208038330078 303.379699707031 303.713073730469 304.038208007812 304.002410888672 303.727844238281 304.003082275391 303.712738037109 303.641052246094 304.745819091797 305.089019775391 305.473022460938 305.783325195312 305.963165283203 305.962615966797 306.138427734375 306.13671875
285.087127685547 287.269989013672 288.557312011719 287.782348632812 283.8095703125 284.403015136719 293.166748046875 294.267486572266 293.994567871094 294.248748779297 295.188812255859 296.226928710938 296.293914794922 296.909820556641 297.049194335938 297.098205566406 297.282409667969 296.625 298.785339355469 299.420867919922 300.368225097656 -3.4e+38 -3.4e+38 -3.4e+38 300.912872314453 300.699279785156 300.378143310547 300.909606933594 301.549560546875 302.332794189453 302.890930175781 302.964813232422 303.286468505859 303.695373535156 303.765197753906 304.243469238281 304.287841796875 304.294250488281 304.144226074219 304.025085449219 303.555816650391 304.814605712891 305.102325439453 305.466156005859 305.929229736328 305.927215576172 306.206298828125 306.359954833984 306.432067871094
285.893371582031 285.380218505859 284.470886230469 285.431640625 284.891479492188 283.706726074219 291.506195068359 294.307067871094 293.617858886719 292.745208740234 291.419586181641 293.782073974609 295.963897705078 297.024230957031 297.567230224609 297.535552978516 297.730865478516 296.972686767578 298.361022949219 298.867126464844 300.012145996094 300.657989501953 -3.4e+38 301.535461425781 301.538360595703 300.892456054688 300.000396728516 300.477752685547 301.196990966797 302.102966308594 302.714385986328 302.535552978516 302.756500244141 303.344116210938 303.571197509766 303.782684326172 304.006439208984 304.583557128906 304.604614257812 304.429718017578 303.603881835938 304.807647705078 305.111358642578 305.554382324219 305.753051757812 305.904998779297 306.390258789062 306.363983154297 306.519897460938
286.414764404297 285.255615234375 283.560516357422 281.496124267578 286.804534912109 287.688934326172 291.983245849609 293.775817871094 292.504333496094 291.469055175781 288.096771240234 290.114013671875 292.596649169922 296.120544433594 297.207183837891 297.640319824219 298.338500976562 297.566955566406 298.197662353516 298.851684570312 299.751129150391 300.173797607422 300.315185546875 301.237335205078 301.8447265625 300.809631347656 299.91748046875 300.702819824219 301.57080078125 301.89501953125 301.433044433594 300.022827148438 302.148559570312 302.659515380859 303.444183349609 303.73974609375 303.835815429688 304.532104492188 304.936706542969 304.782318115234 304.281158447266 304.52783203125 304.962188720703 305.178863525391 305.207122802734 305.700256347656 306.206298828125 306.337036132812 306.414916992188
288.064361572266 287.575866699219 286.841857910156 283.525360107422 287.254089355469 292.1572265625 293.943298339844 293.503082275391 292.026611328125 291.511016845703 289.683807373047 288.367645263672 290.667785644531 295.555786132812 297.342559814453 297.780914306641 298.673370361328 298.237152099609 298.826538085938 299.676422119141 299.907958984375 300.086486816406 300.425750732422 301.449493408203 302.067260742188 301.205688476562 300.836120605469 301.334808349609 301.742706298828 301.602264404297 297.518188476562 299.506958007812 301.707489013672 302.340759277344 303.362335205078 303.439788818359 303.780517578125 304.391021728516 304.42041015625 304.963348388672 304.941070556641 304.524078369141 305.221099853516 305.098419189453 304.879180908203 305.569488525391 306.195922851562 306.427978515625 306.509521484375
290.581756591797 288.489898681641 287.826782226562 287.991821289062 289.57763671875 292.846466064453 294.207641601562 293.176696777344 291.642242431641 292.217407226562 292.306488037109 289.856536865234 291.422790527344 295.373352050781 297.351593017578 298.206298828125 298.795623779297 298.709808349609 299.198455810547 300.085357666016 300.582977294922 300.734954833984 300.122589111328 301.326477050781 301.992889404297 301.963928222656 301.85888671875 301.616119384766 301.605224609375 301.278869628906 298.241760253906 300.770782470703 301.702239990234 302.359649658203 303.026245117188 302.972229003906 303.481048583984 303.888702392578 304.222564697266 304.991027832031 305.125732421875 304.845764160156 305.352447509766 305.242034912109 305.153533935547 305.783142089844 306.142761230469 306.389709472656 306.489349365234
290.212310791016 287.425323486328 287.466430664062 290.436096191406 293.089721679688 294.001831054688 294.518524169922 293.103637695312 291.843902587891 291.953033447266 293.484283447266 292.642303466797 291.337463378906 293.073150634766 294.170654296875 297.748596191406 298.902496337891 298.856872558594 299.754669189453 300.333465576172 300.53515625 301.075439453125 300.474945068359 301.495483398438 301.999603271484 302.268402099609 302.424224853516 302.111083984375 301.651184082031 301.269012451172 301.145599365234 301.535095214844 302.280303955078 302.145446777344 302.638488769531 303.073608398438 303.586212158203 303.699890136719 303.905059814453 304.358795166016 304.477294921875 305.182678222656 305.553894042969 305.593200683594 305.597686767578 305.612213134766 305.968872070312 306.139862060547 306.376129150391
289.244201660156 287.034698486328 287.653564453125 292.039703369141 293.729400634766 294.60498046875 294.780426025391 291.137573242188 286.052795410156 292.590484619141 294.154937744141 294.70068359375 293.226989746094 292.640228271484 292.434906005859 297.719390869141 298.933685302734 299.410461425781 300.064788818359 300.429626464844 299.696563720703 301.394927978516 301.568267822266 301.916442871094 301.975799560547 302.03076171875 302.493011474609 302.475677490234 301.741058349609 301.450897216797 301.272888183594 301.665588378906 302.641143798828 302.499176025391 302.797393798828 303.263122558594 303.646697998047 304.183868408203 304.295989990234 304.489196777344 304.650573730469 305.675903320312 305.799133300781 305.547119140625 305.762817382812 305.678741455078 305.933715820312 306.047454833984 306.574737548828
290.757720947266 288.215179443359 288.134765625 291.267761230469 293.542663574219 294.837707519531 293.502166748047 280.63427734375 273.522613525391 286.993103027344 294.444152832031 295.245666503906 295.512512207031 294.985565185547 295.102294921875 298.120544433594 299.021911621094 299.699279785156 299.567321777344 300.035858154297 299.409637451172 300.903198242188 301.237518310547 301.001708984375 301.358581542969 301.458160400391 302.081237792969 302.56494140625 302.257293701172 302.080902099609 301.748443603516 301.741607666016 302.296875 302.968231201172 303.405212402344 303.619598388672 303.766204833984 304.298889160156 304.383636474609 304.635772705078 304.968353271484 305.425048828125 305.411895751953 305.296112060547 305.437683105469 305.869873046875 305.785095214844 306.14111328125 306.702362060547
292.115478515625 288.727294921875 288.623840332031 290.654571533203 293.302215576172 294.010772705078 288.621246337891 267.317535400391 262.712951660156 275.789611816406 290.318878173828 295.548156738281 296.196319580078 296.465789794922 297.515808105469 298.494171142578 298.994964599609 299.004852294922 298.925354003906 299.6904296875 299.303192138672 300.015228271484 300.312805175781 300.171936035156 300.70947265625 301.151000976562 301.863464355469 302.534332275391 302.821899414062 302.692779541016 302.502899169922 302.299957275391 301.699951171875 302.957977294922 303.420928955078 304.036041259766 304.106323242188 303.994201660156 303.996643066406 304.443389892578 304.477081298828 304.826568603516 305.113494873047 305.610626220703 305.579223632812 305.767272949219 305.306701660156 305.886901855469 306.330810546875
293.052551269531 290.767730712891 290.170837402344 292.207977294922 294.660614013672 294.945587158203 288.742004394531 270.462127685547 259.130126953125 256.799407958984 261.944458007812 287.065765380859 296.439117431641 296.981811523438 297.583557128906 297.338287353516 297.143371582031 296.105834960938 299.087982177734 298.024139404297 297.832122802734 299.023254394531 299.652221679688 300.35205078125 300.397857666016 300.511566162109 301.443054199219 301.911743164062 302.156799316406 302.282318115234 303.12744140625 303.210418701172 302.787628173828 303.488830566406 303.453369140625 303.515747070312 304.668518066406 304.703857421875 304.819854736328 305.040405273438 305.293609619141 305.64111328125 305.045562744141 305.498779296875 306.149749755859 305.936492919922 305.370391845703 305.985778808594 305.662506103516
293.665222167969 292.582733154297 291.080352783203 292.976959228516 295.052337646484 295.515045166016 290.929046630859 278.412139892578 270.485778808594 259.843780517578 257.093841552734 282.613342285156 295.41748046875 297.019561767578 295.796600341797 291.580200195312 295.235504150391 291.650604248047 298.334930419922 297.726165771484 297.54248046875 299.322479248047 300.321929931641 300.496459960938 300.254241943359 300.363525390625 301.465545654297 301.627471923828 301.702270507812 301.838745117188 303.229248046875 303.609985351562 303.107269287109 303.910095214844 303.798950195312 303.697052001953 304.232604980469 304.49072265625 304.897125244141 305.042236328125 305.436767578125 305.718048095703 305.447021484375 305.564544677734 305.872253417969 305.726013183594 306.050109863281 306.334014892578 305.951843261719
293.426300048828 292.283477783203 291.902099609375 293.756317138672 294.776519775391 295.351348876953 293.728637695312 283.074676513672 274.234405517578 260.062652587891 255.562652587891 278.619659423828 293.871307373047 295.496398925781 289.962127685547 288.355895996094 295.917663574219 293.866363525391 297.718292236328 296.762329101562 294.211822509766 298.57958984375 300.275756835938 300.777954101562 300.567718505859 300.646881103516 301.633392333984 301.904541015625 302.043182373047 302.124908447266 303.041229248047 303.705902099609 303.444427490234 303.830200195312 303.865295410156 303.940338134766 304.178405761719 304.29345703125 304.738098144531 304.483306884766 305.213470458984 304.905487060547 305.205871582031 305.1982421875 305.655487060547 305.787719726562 306.152191162109 306.160552978516 306.334320068359
293.059020996094 291.04345703125 290.803527832031 293.78564453125 294.405731201172 295.448699951172 295.426239013672 280.644592285156 272.534942626953 262.026275634766 259.477600097656 281.701995849609 294.318572998047 294.788848876953 289.472900390625 292.744415283203 296.871734619141 297.339233398438 296.754730224609 296.670593261719 293.906494140625 296.821319580078 300.339172363281 300.800140380859 301.318145751953 301.412414550781 301.818786621094 302.465698242188 302.549011230469 302.61865234375 303.045532226562 303.850494384766 303.7939453125 303.756866455078 303.838409423828 303.920288085938 304.273101806641 304.543090820312 304.166381835938 304.074890136719 304.556945800781 304.217926025391 304.819122314453 305.078582763672 305.551452636719 305.847473144531 305.900024414062 306.130340576172 306.372985839844
292.980499267578 291.745147705078 291.069000244141 292.914978027344 294.396728515625 295.262268066406 295.443511962891 283.572967529297 277.435394287109 272.489318847656 270.565795898438 286.010559082031 295.038787841797 295.536712646484 294.146942138672 295.879425048828 296.617767333984 296.836700439453 296.591369628906 297.497100830078 297.261871337891 298.012603759766 300.611663818359 300.777770996094 301.591278076172 301.679443359375 301.913879394531 302.673797607422 302.767608642578 302.789825439453 303.470977783203 303.746978759766 303.422027587891 303.734649658203 303.386505126953 303.509185791016 303.977752685547 303.910400390625 303.330627441406 303.558288574219 303.636749267578 304.361297607422 304.851318359375 305.233154296875 305.385192871094 305.837890625 305.914306640625 306.239654541016 306.398895263672
