rcp8.5models/GFDL_CM3/sc1gr4.26
NCOLS 261 
NROWS 433 
XLLCORNER 336357.134 
YLLCORNER 654653.479 
CELLSIZE 1000 
NODATA_value -3.4e+38 
[rows 264 to 285 of 433, columns 196 to 244 of 261]
280.737731933594 281.142333984375 282.043182373047 281.51123046875 283.088928222656 283.832885742188 284.411956787109 283.355804443359 283.468109130859 282.789733886719 282.489074707031 282.959655761719 283.86181640625 278.470916748047 265.536041259766 264.221069335938 271.755401611328 276.218353271484 282.283660888672 282.640411376953 282.657958984375 281.144195556641 276.048767089844 270.306762695312 275.189361572266 281.931304931641 281.758636474609 281.633544921875 283.087158203125 283.519836425781 279.324981689453 280.262451171875 -3.4e+38 -3.4e+38 283.192230224609 283.224517822266 283.150451660156 283.269622802734 283.481597900391 283.474914550781 283.2548828125 310.810974121094 310.938934326172 311.274993896484 311.710205078125 311.696990966797 311.651977539062 311.769012451172 311.710205078125
281.907348632812 281.633453369141 280.759002685547 281.523773193359 282.966796875 284.300842285156 284.180511474609 282.941101074219 283.047088623047 282.518585205078 281.926147460938 282.308685302734 283.620178222656 279.876525878906 270.526580810547 268.644226074219 278.495239257812 279.810424804688 282.432952880859 282.674621582031 282.160278320312 281.111999511719 277.698944091797 274.999145507812 277.236511230469 282.431976318359 282.357177734375 282.809844970703 283.354522705078 283.421813964844 283.317108154297 283.312774658203 282.901397705078 282.982421875 283.163726806641 282.849456787109 283.127166748047 283.129302978516 282.732940673828 283.048431396484 283.223022460938 310.786346435547 310.886962890625 311.260375976562 311.670196533203 311.683746337891 311.420623779297 311.39404296875 311.623779296875
283.539581298828 283.479888916016 283.105438232422 283.688842773438 284.4443359375 284.720031738281 283.872406005859 279.580383300781 276.530090332031 279.250366210938 282.160125732422 282.572998046875 282.989074707031 281.662322998047 279.104553222656 279.003845214844 278.364654541016 280.900360107422 282.453338623047 281.638854980469 280.131988525391 279.309112548828 282.354461669922 282.327117919922 281.870422363281 281.809753417969 281.758972167969 280.303985595703 281.676025390625 282.348968505859 282.982238769531 282.276031494141 282.269104003906 282.454772949219 282.755920410156 282.584503173828 282.792663574219 282.950958251953 282.883605957031 282.870666503906 282.975708007812 291.164611816406 310.899566650391 310.940002441406 311.123657226562 311.300109863281 311.030090332031 310.89306640625 310.766723632812
283.455749511719 283.98388671875 284.088684082031 284.251708984375 284.447021484375 284.592529296875 283.320434570312 279.486907958984 275.306365966797 278.036743164062 282.128936767578 282.538208007812 282.452331542969 277.730895996094 269.297729492188 270.902435302734 273.709442138672 281.285919189453 275.139068603516 273.950500488281 274.999328613281 276.133544921875 281.865966796875 279.858215332031 279.370697021484 281.974670410156 282.012969970703 280.833648681641 280.943206787109 281.484191894531 282.38818359375 281.442108154297 281.602508544922 281.958160400391 282.562622070312 282.702087402344 283.156707763672 283.300048828125 283.370269775391 283.380187988281 283.391906738281 291.22509765625 310.783386230469 310.746337890625 310.839965820312 310.821441650391 310.460845947266 310.308349609375 310.415832519531
283.508697509766 283.931579589844 283.786346435547 283.779479980469 283.995758056641 284.293914794922 282.403564453125 276.760589599609 275.653747558594 278.941772460938 282.134826660156 282.809692382812 282.543029785156 277.560424804688 267.039276123047 266.686401367188 273.014434814453 281.958740234375 264.284240722656 266.001861572266 271.507385253906 276.23876953125 281.192169189453 279.680755615234 279.216186523438 281.644378662109 282.183288574219 281.205047607422 280.864288330078 281.020324707031 281.428253173828 280.690704345703 280.815216064453 281.735992431641 282.612121582031 282.900848388672 282.895263671875 283.1669921875 283.361145019531 283.504302978516 283.529052734375 290.879150390625 310.400238037109 310.788452148438 310.81005859375 310.781127929688 310.408172607422 310.099731445312 310.734069824219
283.279510498047 282.990112304688 283.013153076172 283.585845947266 284.087768554688 283.973114013672 281.473510742188 273.420501708984 274.142517089844 278.339935302734 281.825225830078 282.496673583984 282.533905029297 281.273498535156 276.582336425781 274.085784912109 277.923889160156 281.970306396484 265.089538574219 265.206298828125 268.283782958984 272.763244628906 280.468109130859 280.969879150391 280.499450683594 281.409973144531 281.887969970703 281.070495605469 280.282531738281 280.705169677734 279.892120361328 278.812133789062 279.871520996094 282.052917480469 282.76171875 283.075836181641 283.003387451172 283.222717285156 283.281585693359 283.443389892578 283.479705810547 290.557830810547 309.878814697266 310.353240966797 310.679901123047 310.498504638672 310.55029296875 310.143737792969 310.96484375
283.118957519531 282.500885009766 282.903045654297 283.624084472656 284.125091552734 283.723205566406 282.459197998047 273.648468017578 272.352661132812 276.171447753906 281.764282226562 282.237091064453 282.500762939453 282.470703125 281.664916992188 280.513244628906 281.086883544922 281.684143066406 268.796844482422 263.449462890625 262.959167480469 265.019805908203 275.329498291016 280.750122070312 280.194763183594 279.686920166016 279.788238525391 280.781188964844 280.540496826172 280.315612792969 275.230224609375 276.833740234375 281.215942382812 282.52685546875 283.141082763672 283.373687744141 283.409912109375 283.428375244141 283.474914550781 283.548889160156 283.460479736328 286.307434082031 298.377105712891 309.882385253906 310.157562255859 310.127349853516 310.156005859375 310.059814453125 310.955230712891
283.084991455078 282.619964599609 282.67138671875 283.497406005859 284.017395019531 283.221069335938 282.146697998047 277.291900634766 272.695343017578 275.164245605469 281.541320800781 282.241241455078 282.630950927734 282.200378417969 281.171844482422 281.158264160156 281.315216064453 281.087280273438 264.887573242188 259.281280517578 256.296447753906 258.107849121094 264.930755615234 271.953765869141 277.360565185547 278.041168212891 278.948455810547 281.305419921875 281.589111328125 280.944641113281 278.100341796875 280.304595947266 283.024688720703 283.017669677734 283.271667480469 283.509857177734 283.530151367188 283.514373779297 283.579376220703 283.340026855469 283.278991699219 283.038055419922 289.866302490234 309.565765380859 309.719818115234 310.206146240234 310.263977050781 310.043609619141 310.872375488281
282.453430175781 282.23974609375 281.563720703125 283.459136962891 283.421447753906 281.508605957031 275.352844238281 276.368347167969 277.230010986328 277.233703613281 278.695129394531 282.0078125 282.807891845703 282.286834716797 281.196014404297 281.317413330078 281.155181884766 278.187591552734 268.387908935547 263.230010986328 261.264526367188 256.998291015625 260.416320800781 267.24560546875 277.347473144531 278.254241943359 280.884887695312 282.077239990234 282.077270507812 282.045654296875 282.791259765625 283.468933105469 283.439575195312 283.338256835938 283.210571289062 283.390319824219 283.351684570312 283.497497558594 283.321990966797 283.137512207031 283.100799560547 282.385589599609 285.017395019531 297.891418457031 309.770172119141 310.141876220703 310.679718017578 -3.4e+38 310.909973144531
281.82177734375 282.213745117188 282.491882324219 283.456665039062 280.838958740234 276.292419433594 272.338165283203 270.461669921875 279.185974121094 278.748901367188 278.595397949219 281.880310058594 282.678344726562 282.410705566406 281.329742431641 280.744842529297 280.750457763672 278.757843017578 275.003448486328 270.701721191406 272.645538330078 268.635650634766 271.945373535156 275.865112304688 280.223266601562 279.831085205078 281.865844726562 282.443145751953 282.375366210938 282.357452392578 282.004486083984 282.467864990234 283.154968261719 283.333404541016 283.117370605469 283.013854980469 282.988952636719 283.162872314453 282.914794921875 282.954223632812 282.853179931641 281.980590820312 281.987060546875 289.711273193359 309.874603271484 309.924743652344 310.4873046875 310.806243896484 310.867614746094
282.36767578125 282.998931884766 283.619110107422 282.453674316406 277.774780273438 271.372100830078 272.295776367188 266.112823486328 276.522399902344 278.773559570312 280.647216796875 282.022613525391 282.397918701172 282.405670166016 281.253143310547 280.055023193359 280.446075439453 281.322998046875 273.928894042969 268.011962890625 270.739318847656 271.012664794922 272.347534179688 272.899444580078 273.936370849609 273.920928955078 274.618682861328 280.88623046875 282.158721923828 281.700531005859 281.690216064453 282.156707763672 283.132446289062 283.249359130859 283.067718505859 282.63818359375 282.836334228516 283.03662109375 282.888946533203 282.578277587891 282.317352294922 281.941223144531 282.114166259766 289.527374267578 309.667907714844 309.644165039062 309.973419189453 310.186370849609 310.349060058594
283.124755859375 283.657958984375 283.415679931641 282.3115234375 279.629425048828 274.990112304688 270.848815917969 262.104827880859 273.442596435547 275.492401123047 280.372131347656 281.210235595703 282.196655273438 282.21923828125 281.538543701172 280.326843261719 280.153381347656 281.159423828125 274.032806396484 263.888122558594 263.196166992188 263.276702880859 263.849609375 265.152923583984 266.096649169922 265.934661865234 266.010070800781 271.755096435547 273.212768554688 278.390594482422 282.349151611328 283.041381835938 283.385711669922 283.185729980469 282.608459472656 282.441009521484 282.413391113281 282.683563232422 282.965270996094 282.190673828125 281.730163574219 281.851623535156 281.910827636719 284.803833007812 297.38525390625 309.276245117188 309.853332519531 310.206970214844 310.293121337891
283.374481201172 283.806884765625 283.417388916016 283.266174316406 282.369110107422 278.974914550781 269.619201660156 262.387512207031 274.630462646484 276.393310546875 279.528198242188 280.922241210938 281.800720214844 281.157684326172 281.551513671875 280.246337890625 279.334503173828 280.692596435547 277.818176269531 272.082366943359 269.86669921875 270.672607421875 269.695007324219 266.212524414062 266.917510986328 267.267852783203 264.639099121094 266.504058837891 265.973602294922 279.268798828125 282.383148193359 282.832366943359 282.852508544922 282.915954589844 282.294860839844 282.330047607422 282.270263671875 282.480316162109 282.394836425781 281.796875 281.326904296875 281.956481933594 281.763916015625 281.196228027344 288.503753662109 309.209442138672 310.200866699219 310.501983642578 310.663787841797
283.501281738281 283.424652099609 283.187103271484 283.322723388672 282.705505371094 279.286499023438 270.108734130859 272.665740966797 278.854705810547 280.373870849609 280.262481689453 281.358184814453 281.125335693359 279.512664794922 281.296722412109 280.405151367188 279.384246826172 280.176788330078 279.739654541016 279.414001464844 278.544128417969 277.914154052734 273.831787109375 269.135375976562 271.777526855469 273.471435546875 267.787322998047 263.957000732422 262.584045410156 275.860290527344 282.171783447266 282.175262451172 282.055847167969 282.321166992188 282.312866210938 282.23681640625 282.306427001953 282.260711669922 281.804138183594 281.299224853516 281.220489501953 281.795440673828 281.636413574219 281.330261230469 288.696807861328 309.504455566406 310.245391845703 310.487365722656 310.788909912109
282.607604980469 281.658020019531 282.144683837891 281.816467285156 281.306549072266 278.201751708984 269.626647949219 279.760650634766 280.374694824219 281.002807617188 281.338684082031 281.338165283203 279.978271484375 277.616424560547 277.33935546875 279.741882324219 279.303527832031 279.942504882812 278.525604248047 277.597503662109 280.111175537109 278.700103759766 276.525329589844 274.774475097656 274.633087158203 278.202362060547 270.686737060547 267.614654541016 276.513214111328 282.523834228516 281.893768310547 281.829956054688 281.560302734375 281.866882324219 282.906921386719 283.193450927734 -3.4e+38 282.329711914062 281.903717041016 282.223968505859 282.553283691406 282.414093017578 282.383239746094 282.430694580078 285.630889892578 298.417785644531 310.395935058594 310.509613037109 310.519805908203
281.326843261719 279.024658203125 282.012145996094 280.538726806641 279.396331787109 280.203094482422 273.115234375 276.335968017578 279.981842041016 280.819305419922 281.250091552734 280.699554443359 277.573913574219 271.654357910156 269.829681396484 279.288299560547 279.825103759766 280.328186035156 277.802978515625 275.238464355469 278.811706542969 280.111999511719 279.422119140625 279.628479003906 277.955413818359 -3.4e+38 270.382110595703 270.107482910156 281.354675292969 282.517974853516 281.466247558594 280.987823486328 281.333557128906 281.841735839844 282.633239746094 282.810729980469 283.34130859375 283.009399414062 282.298522949219 282.251495361328 282.879455566406 282.623321533203 282.331451416016 282.821197509766 282.911285400391 289.865112304688 309.929931640625 309.989105224609 310.367034912109
281.090118408203 278.915191650391 281.652008056641 280.684783935547 278.235015869141 279.451782226562 275.906860351562 267.246978759766 273.709320068359 280.639343261719 281.084747314453 280.441802978516 276.127136230469 266.910339355469 265.422729492188 276.912536621094 280.727600097656 280.655029296875 278.461944580078 275.558166503906 276.039672851562 280.200714111328 280.777069091797 -3.4e+38 281.176879882812 -3.4e+38 269.435729980469 273.774505615234 282.352905273438 282.159515380859 281.034912109375 280.875854492188 281.322082519531 282.050567626953 282.567199707031 282.875793457031 283.233062744141 283.17822265625 282.810668945312 282.54150390625 282.861389160156 282.766418457031 282.398254394531 282.444152832031 282.943695068359 285.881042480469 297.835601806641 309.959197998047 310.154083251953
280.596008300781 280.183471679688 276.376647949219 270.156433105469 279.465148925781 277.497863769531 275.271606445312 261.698913574219 265.278198242188 277.205139160156 280.148101806641 277.193054199219 274.94873046875 269.832244873047 263.805572509766 272.161224365234 281.030670166016 280.723236083984 278.255615234375 274.489624023438 274.930419921875 279.559967041016 280.476379394531 281.038940429688 -3.4e+38 -3.4e+38 275.598419189453 279.364837646484 281.845184326172 281.677001953125 280.974243164062 281.972900390625 282.005157470703 282.526672363281 -3.4e+38 283.279113769531 283.270111083984 -3.4e+38 282.951385498047 282.830291748047 282.849731445312 282.974212646484 282.882965087891 282.569732666016 282.9931640625 283.325225830078 289.819580078125 310.138946533203 310.073822021484
279.917785644531 274.177124023438 260.027282714844 257.371154785156 276.866027832031 278.587463378906 276.845611572266 261.212493896484 264.355712890625 277.141784667969 275.396026611328 265.647247314453 263.803558349609 269.036254882812 272.119873046875 273.582092285156 277.008483886719 281.147766113281 278.150238037109 274.042663574219 275.587493896484 275.920471191406 279.303649902344 281.101440429688 -3.4e+38 -3.4e+38 281.33984375 281.438171386719 281.443328857422 281.95263671875 281.436553955078 282.008392333984 281.931915283203 282.591979980469 -3.4e+38 282.626983642578 282.826324462891 -3.4e+38 -3.4e+38 283.245849609375 -3.4e+38 283.093536376953 283.167510986328 283.082061767578 283.0771484375 283.144836425781 285.966186523438 298.317932128906 310.131927490234
276.541442871094 264.461822509766 259.326507568359 258.9248046875 266.361206054688 278.454437255859 277.433807373047 265.37646484375 269.384613037109 277.932006835938 268.295684814453 256.88330078125 251.31965637207 260.188323974609 274.841247558594 278.475372314453 277.531860351562 281.443054199219 279.708892822266 276.711090087891 274.156829833984 271.485473632812 275.785949707031 280.902648925781 281.456573486328 281.790740966797 281.661895751953 281.243865966797 281.6162109375 282.377502441406 281.786193847656 281.982299804688 281.597778320312 282.511352539062 282.078521728516 281.820007324219 282.540985107422 283.357971191406 283.466644287109 283.424255371094 283.053344726562 283.168975830078 283.308197021484 283.371948242188 283.199676513672 283.187286376953 287.048187255859 301.770568847656 310.130249023438
272.249450683594 257.552734375 257.691772460938 256.137725830078 264.491851806641 276.391754150391 275.675750732422 271.187133789062 273.943084716797 276.394775390625 264.649078369141 253.818328857422 247.140029907227 258.797302246094 272.058410644531 279.458984375 280.439697265625 281.457183837891 280.411834716797 277.438415527344 272.604400634766 272.981140136719 276.738555908203 280.858825683594 281.579193115234 282.134796142578 281.654876708984 281.149261474609 281.877960205078 282.460784912109 281.855499267578 282.457580566406 281.982177734375 282.413024902344 282.002166748047 281.766784667969 282.1650390625 283.329803466797 283.436767578125 283.360198974609 283.200958251953 283.149810791016 283.22705078125 283.312561035156 283.164733886719 283.353668212891 289.895233154297 310.053436279297 309.962524414062
271.925079345703 262.078674316406 250.986587524414 251.599044799805 270.873962402344 275.515197753906 275.456024169922 272.062347412109 272.100677490234 267.55419921875 265.524108886719 256.634643554688 253.726333618164 267.240783691406 277.349060058594 279.980163574219 280.522369384766 281.684600830078 280.551361083984 276.865600585938 273.451019287109 278.616088867188 280.665405273438 281.403564453125 281.930694580078 282.230743408203 282.124481201172 281.437805175781 281.750915527344 282.558197021484 282.201843261719 282.242553710938 282.616455078125 282.840057373047 282.837921142578 282.586608886719 282.283111572266 283.322845458984 283.300445556641 283.390045166016 283.230499267578 282.968536376953 283.118255615234 283.4345703125 283.455474853516 283.497314453125 285.999755859375 297.980072021484 -3.4e+38
