rcp8.5models/GFDL_CM3/sc1gr2.40
NCOLS 261 
NROWS 433 
XLLCORNER 336357.134 
YLLCORNER 654653.479 
CELLSIZE 1000 
NODATA_value -9999 
[rows 154 to 175 of 433, columns 150 to 199 of 261]
351.306428996547 351.239184461375 350.473428370939 350.266882787944 349.68225162444 349.635026078877 350.462396603659 350.187143051934 349.16551246755 349.654913059223 349.605452497755 348.677413993519 349.003716978408 350.354146845302 349.962948551797 349.593190914789 351.790896562861 -9999 350.599526638734 353.203930840152 353.141939531705 353.080429245333 353.366314360215 353.958844900236 353.898741379242 353.839099146475 353.779930029665 353.634348025919 353.306173019794 353.088518131394 353.490935110265 353.43761655322 353.420397722364 353.455654044102 353.49089167923 353.526117155454 353.561311634837 -9999 353.631593146632 353.666678673369 353.701722530119 353.736720516405 353.806535645305 353.841355867261 353.876123145572 353.915576119068 -9999 353.979989565669 353.843839607871 353.792297350512
351.602856006775 351.227586264078 350.462255127557 350.220286853111 349.663316643387 -9999 349.86961305351 349.430393172703 349.853329329064 350.608486434443 350.016493637311 348.724749914778 350.03540618164 350.642661554034 350.430472049794 -9999 351.409211085099 350.123327595911 351.113766368804 352.828526753416 353.133184862113 353.071761653023 353.164399645529 353.436291428266 353.60867073297 353.830747985141 353.574148597704 353.086092124628 352.814574381387 352.913232051502 353.483079806083 353.442720694929 353.447944597982 353.483250541182 353.449926821019 353.437359072729 353.589045663676 353.624261559993 353.659426897806 353.694549689229 353.729630984391 353.764667143159 353.83455697029 353.869414806118 353.682510050929 353.370033695036 353.628268269797 354.008161717039 353.815647862839 353.733412153412
351.033547858342 350.828555403594 350.279982634464 349.859361967339 350.005924171089 349.894431158217 349.095650551779 349.06862857167 349.731098200426 350.522535007824 350.22224270679 349.346313298012 350.581588553255 351.006378735285 350.567865566066 350.982670960413 -9999 349.385913053885 352.72309646843 352.52745693605 353.124515822396 353.063169725532 353.00229874393 352.976215007373 353.169813265516 353.392543281667 353.049369119324 352.704951434546 352.646862102071 352.877998047163 353.475332969981 353.428602038661 353.403993826912 -9999 353.319553732662 353.266992927531 353.342812646684 353.327903087397 353.465834317669 353.722611156039 353.757730628922 353.792803349302 353.644168916116 353.550401548778 353.543007662822 352.967232257689 353.394963737176 354.036526479428 353.900865960477 353.847830684504
350.02229914733 350.122692263367 350.132556095217 349.679075421623 350.127647887154 349.397701862931 348.857986650364 348.953331825838 349.832693488974 350.766796108178 351.054931832847 350.636320877626 351.02739370166 350.73199989906 351.113999620695 351.196909567321 350.835954772966 350.855936432231 353.302664815492 352.518645949298 353.3065014619 353.419251555175 352.993877630245 352.933564759558 352.92842062501 352.915656622824 352.672045550107 352.544732625946 352.638972281945 352.711317149128 353.467708028048 353.411548748719 353.35584879664 -9999 353.245840300166 353.191518353274 353.137667137379 353.084294472712 353.149665977824 353.486502814595 353.786030477919 353.821138238527 353.72403525356 353.660557490791 353.79282697245 353.563988262953 -9999 354.065072556127 353.873774196395 353.789838476549
349.955998317881 349.633727330199 349.735546117023 349.496141947247 349.595442015408 349.046678792593 348.421207669883 348.147773432562 349.711722920906 350.824683548828 351.669084304999 351.446018955236 351.208040085699 350.644335613185 351.732757359978 350.749696709662 349.572217729033 352.765934120057 353.106584562397 352.876123880334 353.45000423016 353.893352088759 353.349208749537 352.925343732601 352.865587151658 352.806290866622 352.681259030489 352.568215640532 352.631190892845 352.77372006308 353.460204980559 353.404138447876 353.348531225485 353.293383319833 353.238694737331 353.184465484347 353.130700548508 353.077409770434 353.191573822553 353.574281244563 353.814526603562 353.849664310605 353.919757855092 353.954713695148 353.989603790542 354.024411681562 354.059144519138 354.093803315327 353.733371719229 353.559576549868
349.864823092023 349.486773959479 349.417199118443 349.347810587886 349.278657329856 349.070700507662 348.38192936331 347.944537032336 349.812124371333 350.711179568046 351.427682338126 351.736730549186 351.525265324085 351.306307416779 -9999 350.699876117836 350.484105580692 352.979454969688 353.135125378725 352.79450090462 353.251268300262 353.673569481352 353.823710639813 353.086695701952 352.495625091935 352.798350669482 352.73961247258 352.681342312809 352.623531413581 352.72449185914 353.125246605189 353.436172426658 353.341335539041 353.286280341131 353.122644847439 352.990908488284 353.123870609936 353.0706576695 353.147583382717 353.325083071615 353.523875174073 353.878379918935 353.731466102953 353.635656243556 354.018448414369 354.053285385869 354.088043964708 354.122722228226 353.763122410297 353.587702881115
349.544855871863 349.475273170755 349.234610824394 348.780886056265 348.712144006549 348.469738385834 348.054960892524 348.554647699045 349.692406657873 350.48386970609 351.11681027995 -9999 -9999 351.596025832823 -9999 352.055578086132 352.957401348858 353.043447421255 353.276546524196 352.492695051995 353.0907253872 353.182696568784 353.413755178015 352.851807145276 352.198699616741 352.595426080245 352.371566737506 352.673711939369 352.615993844408 352.558734999735 352.628062843171 353.112851560218 353.418550691851 353.2793100651 353.037774090968 352.766623250923 352.909128400476 352.953075643875 353.011398392397 352.959218033242 353.079577590313 353.557567323617 353.810912067671 353.745505420322 354.047485707495 353.862065683975 353.770599107524 354.151824121721 353.79305695809 353.390654005341
349.90434767925 350.179491765645 349.459768041626 348.866150290488 347.800674436706 347.384280538797 347.534768577109 349.103438364416 350.603963723794 351.162227981345 351.774041268224 -9999 -9999 351.577640871919 351.843285046404 352.448961005152 352.718875694333 353.322182200537 353.259514927482 352.501332593817 352.26393502969 352.377700499247 351.953308924292 352.047834007303 352.317374209691 352.291887364045 352.200262743201 352.371911578942 352.601312260827 352.544264727926 353.132709610722 353.328754042254 353.443431289344 353.3273182935 353.629925004999 353.49988685989 353.294281798282 352.941586313735 352.929467227564 352.923645209402 352.930447854972 352.965724394683 353.036057644268 353.237850999307 353.372999519415 353.579410273925 354.258315097454 354.157383990417 353.7695579513 353.279786401872
350.123714416508 350.611189910432 350.618089889036 349.375326200063 348.407846627087 348.78933343516 349.257476625128 350.099763827731 350.897073340358 351.152502032492 -9999 -9999 -9999 351.940181559925 351.834291719027 352.440145071617 352.525528406541 352.945523990384 353.251114917396 352.975783206286 352.772863049242 352.85267468413 352.50007773608 -9999 352.343254333678 352.056880626039 351.865726178294 352.292085078116 352.396802068631 352.193189426063 353.247444547492 353.438343935034 352.957057371922 353.076064219497 353.74695471368 353.782570657777 353.695202499193 353.273521827114 352.88914332035 352.92456679546 352.959930619812 352.995226416606 353.065619568471 353.100713575894 353.13572810818 353.50548654621 353.903465269302 353.504146329088 353.274914831371 353.309485313779
350.189145076319 350.736439972009 351.222809971893 350.569749937369 350.025933676709 350.544029731737 350.947436035722 351.033298444153 351.44060467159 351.51799445803 -9999 -9999 -9999 352.412660398444 352.195946143921 352.431400313923 352.368072034206 352.640260925501 353.242798447773 353.119405543224 353.058412720317 352.807756045038 352.19248348571 352.153489547077 352.471062752222 351.954531419147 352.062433754306 351.801356568816 351.876772652749 351.924210731396 352.792733258161 352.952074590798 352.705012512209 353.105037096042 353.571983713015 353.458386355149 353.847683013111 353.720207859949 353.270746842902 352.954214052559 352.989611170303 353.237175849158 353.659310650763 353.479378311358 353.16552634443 353.20048274342 353.235348869601 353.270116148301 353.526530150056 353.685546681292
349.930981064654 350.17037214093 350.794532086071 350.726567708127 350.658805867071 350.591288539636 350.87359606146 351.530028620205 351.501262444709 351.811022410258 -9999 -9999 352.242811939198 352.550444356072 352.486363390099 352.422726719202 352.359547983906 352.631814143911 353.234578020201 352.73536612638 351.943453371538 351.919589221311 351.585693183154 351.371381636225 352.102429942955 351.908877996861 351.984010766777 351.637541747725 351.789515530295 352.305247852357 -9999 352.615123646391 352.586488753373 352.931208665377 353.086323106435 353.003687902185 353.31800960061 353.353069814409 353.433064083935 353.545160998681 353.581181549946 353.781995288438 353.561718225008 353.430000506283 353.195526359381 353.230496421897 353.265374323555 353.520115304676 354.071069007854 354.200879492108
349.474234096465 349.713826408346 350.166090271532 349.715711616106 349.821325454799 350.134373497699 350.698913288221 351.682715515862 351.187904760176 351.801335205986 351.735768820342 351.670598687159 351.932822557426 352.541503041226 352.477597608222 352.414135494094 352.351110859877 352.623449847142 353.040420481047 351.881691157531 351.596184918948 351.689193391248 351.578477180127 351.209510362541 351.804650390155 351.746231292165 351.688260308914 351.826257030043 352.311505894144 352.620931359062 352.69272689486 352.662078467802 352.646695951211 352.800224186172 352.835990371977 353.076464746288 353.260712686573 352.94302246468 353.141865326283 353.453323573815 353.698359281196 354.084956263821 353.1554871048 353.190645592276 353.225721127234 353.260700343998 353.295591933203 353.497996807417 354.017976806134 354.399692137682
349.292386023358 349.148380938795 349.634187372429 349.086119343284 349.123680125331 350.297660247185 350.892218924636 351.470635651717 351.178167528961 351.613603320143 351.352817176144 351.661353432364 351.743172529589 352.161782983752 352.468917747981 352.405624482958 352.342765207523 352.430206288697 352.515355365931 351.612864022254 351.482382832544 351.422090123765 351.398948481251 351.372894079085 351.243831700715 351.378583859784 351.681509663838 351.982188334047 -9999 352.650769102751 352.722653725997 -9999 352.794444213599 352.830281118275 352.71210246048 352.795433853803 353.216583903445 352.973221102974 353.21637166666 353.396209079235 353.453626790579 353.904423720219 353.74883135221 353.570494354296 353.256100411426 353.507589427408 353.67419916904 353.360825896738 353.783286281618 354.208946254522
348.759615652183 348.69123622655 348.971634982586 348.346385412098 349.186282783504 350.427703830326 351.046195705154 351.297463781623 351.36635022177 351.085521151781 351.040891737967 351.652174675645 351.587803735807 351.671030211384 352.090514562213 352.397195825935 352.33451664089 352.272290843031 352.02480054243 351.936456861412 351.76896490947 352.073617963402 352.168242484366 352.248259195238 351.513554911918 351.274249679142 352.034956532852 -9999 352.644806420209 352.680819133737 352.75279526613 352.788748751165 -9999 352.860547826605 352.774406027605 352.719774419896 352.967941128016 353.00362558985 353.202260818256 353.35119848605 353.064975219897 352.858640852871 354.216390589791 354.085960981596 353.850736655374 354.052890882222 354.189828994078 353.957720755637 353.941327299562 353.94563308802
347.885012043019 347.784533312915 347.194824601285 347.271339133774 349.86215315582 350.417265892839 350.860998966793 350.910750050208 351.319254224669 351.146495774048 350.852848309422 351.270920952478 351.578901223712 351.696411468093 352.151489238807 352.388864229996 352.326375324487 352.264318340674 351.866540089668 352.080847011936 352.173108859725 352.597343900941 352.90141684688 352.842506141069 352.28228062555 351.783366876598 352.320820471279 -9999 352.47939564739 352.352970956988 352.783149072351 352.819147222026 352.855115329796 352.891032690491 352.926908046571 352.962734930207 352.99851972438 353.034239948472 353.069893790956 353.105490565582 352.977255915006 352.737543284444 353.896840530865 354.282343264009 354.317454214557 354.352489752719 354.170875783448 354.073970485322 354.289682125866 354.226789618306
346.703286454317 346.115055140115 345.428776468566 345.887968201808 349.020651850517 350.232857760038 350.506327326288 350.971930544321 351.169567289258 350.693212937083 350.69840047107 350.959622186473 351.570081017651 351.835091624271 352.443366961683 352.380639891895 352.318340200377 352.256458705077 352.044364188976 352.073510601888 352.013418510502 351.918023150049 351.979494702609 352.47385636218 352.622545916933 352.42831169249 352.323683800162 351.825988577662 352.14405750361 352.370390636006 352.813728465001 352.849761360844 352.885772937946 352.921730092716 352.957642483169 352.993502958714 353.02931404679 353.065072758245 353.100751567139 353.136369822977 353.171921168629 353.207389779817 353.442937650898 353.750570384808 353.998764745244 354.383471962937 354.252038771516 353.968493445521 353.921535753553 354.174784791648
346.831005655647 345.940822316336 344.245777111867 344.391435941163 348.089025479026 350.255292713527 350.534148499354 350.715905517303 350.427636535534 350.254306459227 351.061798783205 350.771251966561 351.190494734227 351.645492024688 352.065825826407 -9999 352.310423524494 352.248737851847 352.187494297078 352.0663072522 352.006389653601 351.793729072658 351.593789752845 351.793175312862 352.048671851978 352.521134230846 352.147591034662 352.02887740871 351.999251112705 352.538116294834 352.844524027221 352.880597684492 352.916645257714 352.952648070677 352.988599014752 353.024489407153 353.06032418353 353.096102027145 353.131810755091 353.167458935686 353.203028892919 353.238509660075 353.30923563566 353.344467156669 353.758300828569 354.200308451766 353.885013868882 353.752578644916 353.519173187581 353.939805170213
347.233229536706 346.197340801122 344.887428029903 345.836434283014 348.457557245668 350.386258916285 350.862794308454 350.45799766066 350.163213354681 350.958456974202 350.983669243206 350.795666669714 351.250498301634 351.489594581195 351.57509950732 351.996273655586 352.302616559585 -9999 352.180077897552 352.059257405915 351.999514227631 -9999 351.881353833105 351.668556088716 351.818201240194 352.365279219674 351.839836855431 351.802666916183 351.523124191727 352.114858158585 -9999 352.911664439564 352.947746786039 352.783365409638 352.664889641423 353.055689348827 353.09154911325 353.127348334808 353.163080746702 353.198741797874 353.234332306152 353.269837605027 353.340592040995 353.375838729667 353.576239227602 353.716899994595 353.480979066309 353.515824021221 353.550558520063 353.970362878255
347.636108231339 346.396491756517 346.225233938503 348.436231454519 349.133002961046 350.376055231412 350.994775244027 350.961951186044 350.265430740919 351.0395063794 350.67121666357 350.933238311808 351.544216755844 351.481294599429 351.418770136132 351.505620660741 351.92763440106 352.233664493552 -9999 352.05237575024 351.805373988092 351.382353026415 351.323464985136 351.454997580703 351.913845619156 351.818895194052 351.17296089605 351.052403275944 351.277560008303 352.180634021106 -9999 352.942947385113 352.979070494073 352.655006176676 352.21169754183 352.530641218947 352.768995947944 353.158821619785 353.194579025518 353.230250258901 353.265850148236 353.301373137887 353.372147172988 353.40740164907 353.442559912443 353.477612187477 353.51256259648 353.547410185452 353.582135992918 353.783453947531
347.848956039521 347.094236626959 346.243085306979 348.311393411187 349.04223365969 349.54971255086 349.233784842589 350.877706040583 350.65291928435 351.089588896557 -9999 351.590382555918 351.527534986716 351.46506923907 351.402991915761 351.341311263891 351.280031849139 351.369517139129 351.608555283544 351.85286020163 351.616403024834 351.767911712134 351.532697611977 351.773013951033 351.633029927772 351.398090482707 351.605588854881 351.424333324853 351.769614369637 351.817210721099 -9999 352.293193869958 352.042375318947 352.078506439015 352.114577032133 352.150587099516 352.186530472634 352.384030014145 352.700750251217 352.573446013771 352.329533363597 352.735380231335 353.435877258275 353.471141347631 353.506297108437 353.541345916598 353.576295217269 353.6111417592 353.811808214308 354.331303437876
347.666722340018 348.183996955542 347.98734752582 348.505568411621 349.479139828699 349.919486616052 349.869485560934 350.557587562918 351.28976688697 351.013038137966 350.791077077211 351.032328331193 350.969756867464 350.907536087473 351.027041399094 351.333855874453 351.27279919931 351.212159616093 351.151926974231 351.88055692165 351.676726068801 351.915187883243 351.703228518801 351.658944540364 351.713765848522 351.072649542678 351.675920411951 352.018126077132 352.410932996416 -9999 -9999 352.03814848163 352.074376068109 352.11054796972 352.146642383742 352.182671525426 352.218639914201 352.254522113734 352.29032801139 352.326052299653 352.361684499966 352.766915019087 353.468053160334 353.503314374342 353.538464563475 353.5735044876 353.608453257229 353.643292775085 353.678006356627 353.878609447959
348.036270913542 348.591331826797 348.902442780122 348.604274783725 349.707509260485 350.336084219212 350.637277114924 350.529013723696 350.872581826326 351.071466662169 350.814796450971 351.123129160714 350.880963763215 350.44940041571 350.71773482074 351.326565091082 351.265742924975 351.205323034511 351.145317649604 352.026527664147 351.967764547599 351.909420368888 351.851482376934 351.793972758269 351.427528597484 350.815185181864 351.140907995845 351.99516067554 352.426567360924 352.14462437002 -9999 -9999 352.106606021704 352.142810519166 352.178925183826 352.214980273861 352.250967769509 352.286868808577 352.322679030322 352.358412579424 352.599231294649 353.151108578418 -9999 -9999 -9999 353.605876588853 353.640818352164 353.675641626061 353.710339889755 353.744931208997
