rcp8.5models/GFDL_CM3/sc1gr8.20
NCOLS 261 
NROWS 433 
XLLCORNER 336357.134 
YLLCORNER 654653.479 
CELLSIZE 1000 
NODATA_value -3.4e+38 
[rows 176 to 197 of 433, columns 98 to 146 of 261]
56.8433265686035 56.8723373413086 57.4401512145996 59.3687553405762 60.0231399536133 60.6146926879883 61.277961730957 -3.4e+38 -3.4e+38 -3.4e+38 63.7330360412598 64.0742874145508 64.7753524780273 65.719108581543 66.9456329345703 67.3547515869141 67.9794311523438 68.3607559204102 69.0928421020508 70.0524215698242 70.7774505615234 71.2423095703125 71.3081283569336 71.7237701416016 72.2896118164062 72.7994537353516 74.801025390625 75.1196594238281 75.573112487793 76.350700378418 77.153564453125 78.0134429931641 78.5923309326172 79.5638580322266 79.9025650024414 80.4453887939453 81.1194305419922 80.6718292236328 80.5076446533203 80.4393997192383 81.0473098754883 80.4448623657227 80.490837097168 80.8487548828125 80.4287338256836 80.2605972290039 80.0781173706055 80.41748046875 80.0664215087891
56.6992988586426 57.227668762207 57.4397926330566 59.0002708435059 59.582893371582 60.2376022338867 60.8308906555176 61.5990524291992 62.4880523681641 63.0964622497559 63.6921997070312 63.8449401855469 64.0831909179688 65.3127288818359 66.2384567260742 66.9402694702148 67.4725494384766 67.8760757446289 68.6802520751953 -3.4e+38 70.1724243164062 70.594352722168 71.1200561523438 71.1140594482422 71.4191665649414 72.0524597167969 73.9127807617188 74.225341796875 74.7765884399414 75.7156753540039 76.1262054443359 76.9351501464844 78.0232238769531 78.6310806274414 78.9850158691406 79.5794219970703 80.2365570068359 80.0007171630859 79.8333053588867 79.7380523681641 80.2289733886719 79.7057495117188 79.9832153320312 79.8698654174805 79.6397323608398 79.3397445678711 79.2827606201172 79.4902038574219 79.1342926025391
56.6267547607422 57.1831436157227 -3.4e+38 -3.4e+38 59.2112579345703 59.7956352233887 60.4509239196777 61.1184158325195 62.0343589782715 62.7029304504395 63.205265045166 63.5117378234863 64.0194625854492 64.7353286743164 65.8276901245117 66.3530197143555 66.7588729858398 67.4600372314453 68.177864074707 69.025390625 69.4414901733398 70.1653137207031 70.5103225708008 70.2493209838867 70.6768264770508 71.5052108764648 73.1568450927734 73.8132171630859 74.2270889282227 74.8099517822266 75.2629089355469 76.2494354248047 77.3745346069336 77.5769271850586 77.7587203979492 -3.4e+38 79.2076110839844 79.5775833129883 79.274169921875 79.3044281005859 79.74267578125 79.7852401733398 79.9065551757812 79.0595169067383 79.2154998779297 78.8105087280273 78.8537292480469 78.9553833007812 78.5955810546875
56.207405090332 56.8296852111816 57.3877639770508 -3.4e+38 59.1224937438965 59.4210739135742 60.007438659668 -3.4e+38 61.6458549499512 62.2481575012207 62.8410606384277 63.1939964294434 63.6863441467285 64.0397033691406 65.2446517944336 65.644775390625 66.3442840576172 66.8735504150391 67.3543472290039 68.2995300292969 69.0157012939453 69.5590515136719 69.6475982666016 69.5119247436523 70.2459411621094 -3.4e+38 72.7172775268555 73.2892074584961 -3.4e+38 74.0415344238281 74.8121871948242 75.6072998046875 76.3279876708984 76.3897018432617 -3.4e+38 -3.4e+38 -3.4e+38 79.1722030639648 78.7614517211914 78.9691009521484 79.4777069091797 79.4790344238281 79.1439743041992 78.4407119750977 78.6456604003906 78.3661880493164 78.2810287475586 78.5047454833984 78.2369842529297
56.2150573730469 56.408390045166 57.0310440063477 58.8544044494629 59.1028709411621 59.326789855957 59.7346153259277 60.6033058166504 61.1958961486816 61.8574409484863 62.3527679443359 62.7353096008301 63.431713104248 64.0819549560547 64.5420608520508 65.2339248657227 65.7560272216797 66.1588973999023 66.9677505493164 67.8771362304688 68.4133453369141 68.8268890380859 69.2499008178711 69.0843505859375 69.635139465332 70.0601959228516 72.0949935913086 72.3959197998047 -3.4e+38 73.5945739746094 74.1746444702148 74.5735244750977 75.1575775146484 75.694450378418 76.292366027832 -3.4e+38 77.2878341674805 78.7788391113281 78.4278793334961 78.5397720336914 78.8211517333984 78.7378540039062 78.3818359375 78.0198516845703 78.1191101074219 77.9393615722656 77.7508697509766 78.0716094970703 77.7812881469727
56.4518737792969 56.4088554382324 56.6079177856445 58.4920234680176 59.0560264587402 59.3036079406738 59.8219528198242 60.8103370666504 60.8102951049805 61.4065399169922 61.99169921875 62.3388595581055 63.0227279663086 63.9397163391113 64.135139465332 64.64990234375 65.0468444824219 65.8549575805664 66.7688751220703 67.2787857055664 67.686393737793 68.4012832641602 68.7377471923828 68.4775466918945 68.8962249755859 69.6292114257812 71.207893371582 71.6382217407227 72.3902206420898 72.9616470336914 73.2631301879883 73.7065658569336 74.4736099243164 75.0475540161133 75.3572998046875 -3.4e+38 76.8213958740234 78.1483764648438 78.0930938720703 78.1280899047852 78.2280349731445 78.2165222167969 78.0366516113281 77.6743316650391 77.6771469116211 77.3706283569336 77.3046188354492 77.4984664916992 77.3128890991211
56.1772155761719 56.6441230773926 56.6013259887695 58.1277809143066 58.6937484741211 59.2569389343262 59.7615547180176 60.6762657165527 60.6800231933594 61.0188903808594 61.5072212219238 61.8841323852539 62.6567573547363 63.5366172790527 63.9949989318848 64.2735061645508 64.6362075805664 65.3477935791016 66.2777099609375 66.8905868530273 67.2643280029297 67.7979507446289 67.8770599365234 67.7438583374023 68.4687576293945 69.0169982910156 70.1593017578125 71.1987533569336 71.761848449707 72.0566558837891 72.4922180175781 73.2552032470703 73.8295211791992 74.1194458007812 74.5690155029297 75.3538284301758 76.1607208251953 77.3682098388672 77.6655883789062 77.5699615478516 77.8874130249023 77.7802963256836 77.3794326782227 76.9874877929688 76.8434677124023 76.4351043701172 76.4668731689453 76.557975769043 76.7717895507812
55.9314155578613 56.6758422851562 56.8350982666016 58.0090827941895 58.3267669677734 58.894962310791 59.6362915039062 60.4088249206543 60.5356407165527 60.572078704834 61.1495323181152 61.5985527038574 62.4754867553711 63.077091217041 63.8235359191895 63.7786903381348 64.0513763427734 64.5273513793945 65.5599594116211 66.3867416381836 66.6651306152344 67.0698928833008 67.4832534790039 67.3199615478516 67.8607406616211 68.2764587402344 69.3831100463867 70.2807083129883 71.0017776489258 71.6437149047852 72.0449142456055 72.4974365234375 72.7560653686523 73.6968231201172 74.1115951538086 74.6986694335938 75.3625183105469 76.9217834472656 77.170166015625 77.0563354492188 77.4540557861328 77.1443481445312 76.6620712280273 76.0834808349609 76.1668930053711 75.7573928833008 75.7860107421875 75.8742218017578 75.9289627075195
55.7908897399902 56.2267417907715 56.5618629455566 57.9943809509277 58.2076416015625 58.5254402160645 59.2753677368164 60.3616142272949 60.5328903198242 60.5158386230469 60.6690635681152 61.2255973815918 62.3314170837402 62.6773567199707 63.3577499389648 63.3951454162598 63.6754951477051 64.1460647583008 65.0466156005859 65.6686553955078 66.2775497436523 66.648323059082 66.9760284423828 -3.4e+38 67.4674224853516 -3.4e+38 68.6772994995117 69.3005065917969 70.5619583129883 71.1216812133789 71.2927703857422 71.3384017944336 72.0761108398438 73.1669158935547 73.4618072509766 73.9067153930664 74.899169921875 76.3043441772461 76.6072616577148 76.8179016113281 76.7590484619141 76.5060958862305 76.0563507080078 75.7887115478516 75.8235015869141 75.4393615722656 75.4989624023438 75.4317932128906 74.944938659668
55.3840293884277 -3.4e+38 -3.4e+38 57.943489074707 58.1714096069336 58.4897994995117 59.0897369384766 59.5464057922363 59.8689918518066 60.3390769958496 60.8092498779297 61.5633430480957 61.4852981567383 61.7411308288574 62.5789070129395 62.9601440429688 -3.4e+38 63.4746742248535 63.8727226257324 64.7879409790039 65.3917388916016 65.758544921875 66.2848739624023 66.4690093994141 66.5287475585938 66.9357223510742 67.767204284668 68.0433578491211 68.6636962890625 69.9188690185547 70.2674255371094 70.0312347412109 70.6661529541016 71.9369964599609 72.508171081543 72.7951812744141 73.4449234008789 75.3185882568359 75.7527770996094 76.361946105957 76.1391525268555 75.2213745117188 75.2436599731445 75.1633377075195 74.7516708374023 74.772834777832 74.8552932739258 74.6125946044922 73.5404739379883
55.6254386901855 55.6707000732422 56.2401084899902 57.5955467224121 58.135383605957 58.5425987243652 59.1664123535156 59.1898651123047 59.7461357116699 59.9896240234375 60.5011825561523 61.4135589599609 61.4345512390137 61.6898078918457 62.2104835510254 62.5568695068359 63.0576400756836 63.2329521179199 63.4707641601562 64.3767547607422 64.8941268920898 65.1615295410156 65.5591659545898 66.0522232055664 66.0379486083984 66.3432769775391 67.0228805541992 67.6432723999023 68.1144027709961 69.0031509399414 69.6183013916016 69.9080276489258 70.2222137451172 71.294807434082 71.7248229980469 72.3703689575195 72.9850006103516 74.5105743408203 75.2832946777344 75.7648162841797 75.521614074707 74.8840560913086 74.9040679931641 74.8224182128906 74.4104156494141 74.4292602539062 74.5066833496094 74.2320327758789 73.0108337402344
55.3667984008789 55.8777389526367 56.2378578186035 57.2398796081543 57.7880210876465 58.5077972412109 59.1729202270508 59.141414642334 59.2777366638184 59.631763458252 60.3775177001953 61.1394996643066 61.386531829834 61.6373252868652 61.7243957519531 62.1013031005859 62.6857032775879 62.9431800842285 63.2904357910156 63.9155693054199 64.5142288208008 64.7785873413086 65.1419067382812 65.5774612426758 65.6365661621094 65.9539794921875 67.1026763916016 68.5512390136719 67.8963394165039 68.3736038208008 69.2687530517578 69.6141128540039 69.6188583374023 70.5956878662109 71.2738723754883 71.8403472900391 72.4831314086914 74.0427474975586 74.6245803833008 75.0333251953125 75.2336654663086 74.5740737915039 74.6279525756836 74.4816818237305 74.0693893432617 74.0859832763672 74.1620330810547 73.7461242675781 72.2310485839844
55.1337814331055 55.9580955505371 56.5378532409668 57.132022857666 57.5360069274902 58.4624900817871 59.214527130127 59.2510871887207 58.9367713928223 59.3621253967285 60.2047958374023 60.6625366210938 60.9065055847168 61.2709579467773 61.6668167114258 61.7020263671875 62.1978569030762 62.4529151916504 62.8313255310059 63.5084075927734 64.0211639404297 64.283088684082 64.6765518188477 65.2788314819336 65.4427108764648 65.454475402832 68.1269760131836 73.0140533447266 70.2201843261719 67.8616485595703 68.7840728759766 69.2041168212891 69.08642578125 69.8509979248047 70.7804946899414 71.4187469482422 72.0264053344727 73.5340270996094 74.1857452392578 74.6002426147461 74.8441467285156 74.2593841552734 74.3405532836914 74.1412658691406 73.8466033935547 74.0119552612305 73.6796188354492 -3.4e+38 72.5193481445312
55.0030784606934 55.697582244873 56.7197875976562 56.7937927246094 57.5026245117188 58.3115882873535 58.8675079345703 59.3286819458008 59.2192764282227 59.3225593566895 60.0715827941895 60.3103637695312 60.5504531860352 60.8791313171387 61.4083518981934 61.2512969970703 61.8302230834961 62.0821228027344 62.539966583252 63.3485794067383 63.6455078125 63.9042854309082 64.2632446289062 64.7815170288086 64.9758377075195 65.0690078735352 69.9484786987305 -3.4e+38 69.4789886474609 67.4607543945312 68.3468246459961 68.8017807006836 68.8805770874023 69.4398880004883 70.3328247070312 70.8924942016602 71.5282897949219 73.0695114135742 73.80419921875 74.3995056152344 74.2862930297852 74.0125961303711 74.209228515625 73.8913269042969 73.8084869384766 73.7717590332031 72.9676742553711 72.3847885131836 72.0429611206055
55.2427558898926 55.4681015014648 56.6932067871094 56.9947547912598 57.7983665466309 58.2030601501465 58.5043411254883 58.9497489929199 59.2109451293945 59.6044769287109 60.0377388000488 60.2759094238281 60.5156326293945 60.7567596435547 61.1583595275879 61.156909942627 61.3471908569336 61.7238349914551 62.3909759521484 62.874641418457 63.1571998596191 63.5459671020508 64.1420440673828 64.3993911743164 64.5596771240234 64.5738525390625 71.8239288330078 -3.4e+38 67.9659729003906 66.8374557495117 67.5834426879883 68.4849166870117 68.6605224609375 68.9235458374023 69.8432922363281 70.474235534668 71.0748825073242 72.8228454589844 73.0723037719727 73.8768157958984 73.9544525146484 74.0202255249023 74.0384674072266 73.6251373291016 73.6355361938477 73.3339614868164 72.3895797729492 72.0976715087891 70.9084320068359
-3.4e+38 55.6707878112793 56.3648414611816 57.164680480957 57.6883964538574 58.1762847900391 58.3964576721191 58.617790222168 59.031421661377 59.7752990722656 59.8811302185059 59.8070259094238 60.0436897277832 60.2819328308105 61.2119140625 61.3718452453613 61.2809410095215 61.3257675170898 61.8221664428711 62.3142127990723 63.076587677002 63.1400527954102 63.652042388916 64.0426940917969 64.5536422729492 64.4757690429688 71.2735061645508 -3.4e+38 75.4316253662109 66.4646453857422 67.2099533081055 67.9716262817383 68.2897186279297 68.7878646850586 69.3990097045898 70.2235336303711 71.2255859375 72.1976165771484 72.3549880981445 73.4864883422852 73.7351608276367 73.9036407470703 73.7882232666016 73.6065292358398 73.6506271362305 73.2855682373047 72.2395706176758 71.7820663452148 70.6824951171875
55.3200263977051 55.9190292358398 56.5779342651367 57.0657844543457 57.4529724121094 58.2744293212891 58.6871109008789 58.5920448303223 58.9997787475586 59.730152130127 59.874641418457 59.7676544189453 59.6954078674316 59.9299736022949 60.7352485656738 61.1030731201172 61.4782333374023 61.2095642089844 61.4560699462891 61.8863258361816 62.6547317504883 63.0252265930176 63.2776298522949 63.6334686279297 64.1488342285156 64.3138198852539 67.4284133911133 72.5816345214844 72.122184753418 66.1983489990234 67.3130722045898 67.5677490234375 67.8286743164062 68.3726425170898 69.2787475585938 69.871223449707 71.0805740356445 71.7715148925781 71.8975830078125 73.0520324707031 73.5795593261719 73.7698822021484 73.5221710205078 73.6175689697266 74.0941543579102 74.0468139648438 72.632698059082 72.2568969726562 70.625602722168
55.2059936523438 56.278881072998 56.7540969848633 57.1548919677734 57.730640411377 58.2251625061035 58.6895523071289 58.8815040588379 58.8686828613281 59.4117240905762 59.9308700561523 60.0764274597168 59.972843170166 59.9062614440918 60.3798751831055 60.7122459411621 61.0004272460938 60.8622665405273 61.4405326843262 61.6870307922363 62.1474533081055 62.8274955749512 62.9286613464355 63.5206336975098 63.7708168029785 63.9076080322266 64.5634155273438 65.0626678466797 65.5926513671875 66.0542068481445 66.8073883056641 67.2091064453125 67.7326507568359 67.9886703491211 68.9195404052734 69.7529449462891 70.6322250366211 71.5167617797852 72.0380249023438 72.7266616821289 73.5715713500977 73.8772506713867 73.3850708007812 73.3500671386719 73.9531173706055 73.8963012695312 72.6698684692383 -3.4e+38 72.2196273803711
55.4852561950684 56.1640777587891 56.6642303466797 57.2254600524902 57.9208068847656 58.1267547607422 58.4158096313477 58.766544342041 58.645694732666 58.7458000183105 59.5912704467773 60.137020111084 60.2842254638672 60.1844482421875 60.3613815307617 60.6000442504883 60.7547416687012 60.7610740661621 60.964900970459 61.3416748046875 62.1227188110352 62.6757926940918 62.5272521972656 62.9221153259277 63.1390495300293 -3.4e+38 64.0490341186523 64.9430770874023 65.558708190918 66.162971496582 66.4112930297852 66.7779388427734 67.4654541015625 68.0875778198242 68.4818725585938 69.3955459594727 70.5144119262695 71.4325790405273 72.5327606201172 72.7541351318359 73.4945678710938 73.5763854980469 73.3863143920898 73.4967346191406 73.9303741455078 73.7460403442383 72.2887115478516 72.4685745239258 73.8213424682617
56.0342788696289 56.386043548584 56.9743766784668 57.2226753234863 57.9124908447266 58.1134033203125 58.3185386657715 58.5252227783203 58.7614936828613 59.124137878418 59.5239143371582 59.6773147583008 59.9044456481934 60.17578125 60.3479194641113 60.5869789123535 60.8265228271484 60.8694648742676 60.6073989868164 60.948844909668 61.667407989502 62.4971008300781 62.7001342773438 62.578182220459 62.684398651123 63.3894119262695 64.0337295532227 64.7803573608398 65.1402740478516 65.8142547607422 66.4193496704102 66.6659698486328 67.0384521484375 67.7461700439453 68.3706893920898 68.9567413330078 70.1572647094727 71.6485443115234 72.389892578125 72.772575378418 73.4227447509766 73.3988723754883 73.4858245849609 73.6498794555664 73.7191467285156 73.0881958007812 71.6533660888672 71.5391540527344 72.3699645996094
56.8472709655762 56.5669403076172 57.075138092041 58.0186576843262 57.8988265991211 58.0925445556641 58.4097328186035 58.919075012207 59.1904716491699 59.6084022521973 59.7392654418945 59.6273536682129 59.5557746887207 59.7818832397461 60.1567230224609 60.158275604248 60.4863777160645 61.0574760437012 61.2126579284668 61.127140045166 61.0880088806152 61.4143028259277 62.0053939819336 62.467601776123 62.3202705383301 62.5367279052734 63.651798248291 64.1738739013672 65.0499877929688 65.2919692993164 65.6527633666992 66.4500122070312 67.2260437011719 67.2212677001953 67.5904006958008 68.5002059936523 69.6075439453125 71.6850051879883 71.7283020019531 72.3614349365234 73.4729995727539 73.6010589599609 73.5240478515625 73.6109161376953 73.7134399414062 72.14208984375 70.6637420654297 71.0055465698242 68.8729553222656
56.9651679992676 -3.4e+38 57.1799697875977 58.3506698608398 58.205192565918 58.0881805419922 58.3643951416016 59.010612487793 59.6933097839355 59.6031074523926 59.8154144287109 59.9491500854492 59.8425788879395 59.7781219482422 60.2373008728027 60.2730865478516 60.1092338562012 60.594654083252 60.9666442871094 61.3452072143555 61.2104187011719 61.6173896789551 61.7754249572754 62.4246711730957 62.2494583129883 62.3425483703613 63.5716171264648 63.6972351074219 64.4371566772461 65.3121795654297 65.5521011352539 66.0057525634766 66.9383316040039 67.5027160644531 67.4887084960938 68.229133605957 69.6337814331055 71.9177169799805 72.4333877563477 72.9739837646484 73.8146133422852 73.7566604614258 73.5419998168945 73.603874206543 74.0426559448242 72.6773300170898 70.1920547485352 70.7874069213867 68.0379638671875
