rcp8.5models/GFDL_CM3/sc1gr10.9
NCOLS 261 
NROWS 433 
XLLCORNER 336357.134 
YLLCORNER 654653.479 
CELLSIZE 1000 
NODATA_value -3.4e+38 
[rows 176 to 197 of 433, columns 49 to 97 of 261]
376.728088378906 376.832916259766 376.876708984375 377.54150390625 379.262298583984 379.393859863281 379.461059570312 379.96484375 380.096801757812 380.650329589844 381.042083740234 382.800537109375 383.44970703125 383.802795410156 384.149383544922 385.477203369141 385.535247802734 385.801452636719 388.358337402344 388.911682128906 390.984802246094 391.706481933594 393.782531738281 394.304565429688 395.697204589844 397.126007080078 399.534362792969 402.368713378906 406.619018554688 416.310699462891 421.259887695312 427.418243408203 432.864044189453 436.775695800781 442.161285400391 447.815093994141 452.72998046875 457.549499511719 464.341430664062 468.920349121094 473.452056884766 484.28125 488.707183837891 493.845672607422 499.772674560547 505.913360595703 511.386779785156 514.919067382812 518.497619628906
374.920684814453 374.892852783203 374.899810791016 375.386291503906 377.148345947266 377.462829589844 377.494110107422 377.724853515625 378.0556640625 378.339599609375 379.670288085938 380.454528808594 380.834350585938 381.026123046875 381.470550537109 383.268920898438 383.629608154297 383.731262207031 386.460144042969 386.986694335938 388.954315185547 389.787292480469 391.689544677734 392.282836914062 394.63525390625 396.462493896484 398.966918945312 401.621032714844 405.592010498047 415.458770751953 419.819610595703 425.163055419922 430.180297851562 434.616149902344 438.805755615234 444.792510986328 450.004089355469 455.160186767578 461.288146972656 467.170989990234 471.995208740234 482.77001953125 486.666290283203 491.582855224609 496.638732910156 502.618133544922 508.840850830078 513.480102539062 517.861083984375
373.071868896484 374.317291259766 373.094665527344 373.452728271484 375.174865722656 375.312072753906 375.387664794922 375.759033203125 375.922515869141 376.407897949219 378.427947998047 378.498962402344 378.687438964844 379.075622558594 380.683471679688 381.323944091797 381.536651611328 381.949401855469 384.726287841797 386.334564208984 387.29931640625 388.845031738281 389.800689697266 390.368225097656 392.776824951172 395.285980224609 397.761688232422 400.869873046875 405.148529052734 413.630737304688 418.07958984375 421.564483642578 427.039916992188 432.456512451172 435.781982421875 441.365661621094 446.877014160156 452.880035400391 458.582611083984 465.161071777344 470.179809570312 480.173156738281 485.309478759766 491.065216064453 494.684906005859 499.693145751953 505.930816650391 511.856353759766 516.772888183594
371.196350097656 372.974151611328 372.772583007812 372.870544433594 373.374267578125 373.376190185547 373.415313720703 373.968811035156 374.2607421875 375.595611572266 376.305023193359 376.418914794922 377.037536621094 378.109588623047 378.007476806641 379.262756347656 379.626251220703 380.146697998047 382.932678222656 384.825775146484 385.414215087891 387.48779296875 388.021362304688 389.702606201172 391.928802490234 393.340240478516 396.378082275391 400.176971435547 403.919250488281 412.754150390625 415.809631347656 418.902801513672 423.999542236328 429.358154296875 433.737396240234 438.459930419922 444.154052734375 450.773864746094 456.199066162109 461.699096679688 466.518676757812 476.608093261719 482.474975585938 489.999481201172 493.563049316406 500.19189453125 503.980346679688 508.913543701172 515.109497070312
370.588562011719 371.097259521484 371.219909667969 371.215270996094 371.287506103516 371.605590820312 371.886077880859 373.254608154297 373.403167724609 374.037170410156 374.379333496094 374.458190917969 375.128967285156 377.017425537109 376.664733886719 377.312774658203 377.879852294922 379.489624023438 380.820281982422 382.639007568359 383.486083984375 385.387084960938 386.000030517578 388.510070800781 390.777954101562 392.802154541016 395.995849609375 400.231903076172 403.133087158203 411.313232421875 414.017639160156 418.198455810547 421.937561035156 426.651611328125 -3.4e+38 436.957977294922 443.380523681641 448.925415039062 453.925384521484 458.438568115234 462.071380615234 473.646026611328 479.473663330078 486.5390625 491.728881835938 499.039764404297 502.968841552734 507.268493652344 513.045532226562
368.978820800781 369.280883789062 369.272674560547 369.270233154297 369.304870605469 369.450653076172 369.932983398438 371.967620849609 371.9990234375 372.142456054688 372.902069091797 373.804748535156 373.245391845703 375.334777832031 375.105743408203 375.249877929688 376.07177734375 378.028015136719 380.006958007812 381.057373046875 382.817718505859 383.773284912109 385.504241943359 387.839782714844 389.073181152344 391.746887207031 394.836669921875 398.960876464844 401.776672363281 409.489776611328 413.337951660156 417.081146240234 421.029266357422 424.764007568359 430.028381347656 435.925537109375 441.069061279297 446.618438720703 450.328338623047 455.247222900391 459.743377685547 471.641906738281 477.016723632812 482.621978759766 489.462341308594 496.178588867188 501.540374755859 507.411865234375 511.123168945312
367.258483886719 368.643920898438 368.945922851562 368.941528320312 368.667297363281 367.782836914062 369.118804931641 370.202575683594 370.588562011719 372.028350830078 372.043151855469 372.569366455078 372.8310546875 374.377136230469 373.466461181641 374.401885986328 373.943023681641 375.792938232422 378.56201171875 379.416351318359 381.600402832031 383.0107421875 384.453155517578 386.707550048828 388.654052734375 391.294311523438 393.89892578125 397.021667480469 399.616851806641 407.488952636719 410.955474853516 415.4228515625 419.772369384766 422.844085693359 428.031158447266 433.514526367188 439.053771972656 443.288726806641 447.308807373047 452.591674804688 458.088531494141 468.609008789062 474.785186767578 479.974212646484 487.477874755859 494.280700683594 499.933532714844 506.797698974609 510.900329589844
366.746673583984 367.265930175781 367.396697998047 -3.4e+38 367.364929199219 367.294647216797 367.829620361328 368.134307861328 368.917907714844 370.73486328125 370.645416259766 370.73583984375 371.432281494141 373.310760498047 372.975036621094 373.455657958984 373.128265380859 373.805236816406 376.61767578125 377.306243896484 379.574310302734 381.646697998047 382.417053222656 384.943756103516 387.587951660156 390.036071777344 392.576751708984 395.096893310547 -3.4e+38 405.285919189453 408.230163574219 413.158477783203 416.745147705078 420.740661621094 425.94482421875 430.918518066406 436.360900878906 440.707641601562 446.048858642578 452.112243652344 457.262359619141 467.164703369141 472.822235107422 478.270629882812 485.381591796875 491.293609619141 497.735656738281 503.525695800781 508.863586425781
365.445770263672 365.441925048828 365.443969726562 365.451873779297 365.571411132812 366.027069091797 366.05224609375 366.438385009766 367.963470458984 369.118591308594 370.013793945312 368.944396972656 369.544525146484 371.625762939453 371.488708496094 371.780822753906 371.657989501953 372.321929931641 374.863403320312 376.479064941406 377.639953613281 379.968841552734 381.828826904297 383.136566162109 385.584289550781 388.125 390.585632324219 393.525604248047 397.578002929688 403.533508300781 407.626831054688 411.373352050781 415.141082763672 419.058563232422 423.852630615234 428.839141845703 -3.4e+38 438.935668945312 444.47314453125 451.102752685547 456.261138916016 466.177673339844 471.44921875 477.637023925781 482.975311279297 487.257843017578 494.155822753906 499.333343505859 506.094268798828
363.263580322266 361.966064453125 361.767944335938 363.026397705078 363.341796875 363.4921875 364.036926269531 364.15380859375 364.179809570312 366.352508544922 367.15478515625 367.433013916016 367.644134521484 369.267547607422 369.135009765625 368.922912597656 368.401947021484 370.286376953125 373.296203613281 374.998168945312 376.507263183594 377.858581542969 379.020141601562 381.130554199219 383.012634277344 385.8203125 389.245941162109 391.913940429688 394.772186279297 402.637878417969 406.767608642578 409.943328857422 414.772064208984 418.750457763672 422.557037353516 427.857330322266 433.727722167969 438.864715576172 443.709167480469 448.536590576172 453.55615234375 464.257843017578 467.399353027344 472.661865234375 477.151550292969 481.915313720703 487.518188476562 493.828735351562 500.981475830078
361.4677734375 360.680419921875 359.643890380859 360.496917724609 361.816314697266 361.922943115234 362.253295898438 362.341705322266 362.863372802734 364.789733886719 365.529357910156 367.025390625 367.243225097656 368.225708007812 367.718627929688 367.662109375 367.434844970703 368.722351074219 -3.4e+38 373.599975585938 374.600952148438 376.743072509766 378.670135498047 381.041595458984 383.496704101562 385.181823730469 388.717376708984 391.079803466797 392.8369140625 400.685089111328 -3.4e+38 408.008056640625 413.054077148438 417.253295898438 420.573547363281 425.662750244141 431.345672607422 436.618896484375 441.292755126953 -3.4e+38 451.71826171875 461.233947753906 464.881988525391 469.142700195312 475.217590332031 480.150756835938 485.325561523438 491.195831298828 498.620178222656
357.933135986328 357.823913574219 357.641296386719 359.031616210938 359.860015869141 359.927612304688 360.099212646484 360.86083984375 362.184692382812 362.808013916016 363.614562988281 366.232818603516 367.157348632812 366.208831787109 366.058166503906 366.154052734375 366.596466064453 368.112091064453 371.193572998047 373.063690185547 373.760955810547 375.275360107422 378.852508544922 381.340698242188 382.635131835938 384.561645507812 387.709014892578 389.954040527344 391.960784912109 -3.4e+38 -3.4e+38 -3.4e+38 -3.4e+38 415.422729492188 418.730834960938 423.674865722656 428.679229736328 433.763092041016 438.739654541016 443.577545166016 448.290832519531 458.642944335938 463.31298828125 467.829528808594 472.940612792969 477.420074462891 483.891510009766 490.024047851562 495.96728515625
354.971405029297 354.987091064453 355.215057373047 356.377410888672 357.696472167969 357.811492919922 358.144500732422 358.858428955078 360.648284912109 361.358551025391 363.041107177734 364.314117431641 364.789886474609 364.341674804688 364.360595703125 364.264526367188 365.105133056641 367.158813476562 370.182525634766 372.289489746094 373.704772949219 374.804870605469 377.908447265625 380.329559326172 382.272399902344 384.344970703125 386.351959228516 389.878692626953 392.318420410156 -3.4e+38 -3.4e+38 -3.4e+38 -3.4e+38 413.857666015625 418.097320556641 421.991333007812 426.793609619141 431.904144287109 436.410858154297 440.356567382812 444.718963623047 455.675140380859 461.290252685547 465.149108886719 470.384582519531 476.356384277344 483.309783935547 488.918640136719 494.089019775391
353.001708984375 353.019744873047 353.382507324219 354.905731201172 -3.4e+38 355.811828613281 355.989196777344 358.038330078125 358.659729003906 359.477416992188 362.134368896484 363.151824951172 362.134185791016 362.536987304688 363.691375732422 363.694091796875 364.481201171875 366.654144287109 368.184967041016 370.684783935547 372.940979003906 375.269439697266 377.323638916016 378.575836181641 381.063385009766 383.527435302734 385.872253417969 389.116241455078 -3.4e+38 -3.4e+38 401.079559326172 404.605621337891 -3.4e+38 -3.4e+38 417.082122802734 421.083465576172 424.947174072266 429.953704833984 434.171142578125 437.886322021484 442.684204101562 452.921905517578 458.181243896484 462.648315429688 468.159484863281 475.034057617188 480.733520507812 486.224822998047 492.811157226562
350.816741943359 351.226409912109 352.836242675781 353.404388427734 353.571563720703 353.694976806641 354.030700683594 356.762237548828 357.421295166016 358.821075439453 360.200012207031 361.742095947266 360.506195068359 361.85205078125 362.496032714844 362.604888916016 363.307037353516 365.461975097656 367.755401611328 370.295349121094 371.556121826172 374.143585205078 376.493316650391 378.186706542969 380.327423095703 382.215118408203 385.059936523438 388.778503417969 391.581298828125 397.030670166016 401.208221435547 404.181091308594 407.738952636719 411.631317138672 415.388366699219 419.689300537109 423.286224365234 428.168151855469 432.714782714844 437.394470214844 442.213653564453 451.868499755859 455.848205566406 461.318115234375 467.417236328125 473.119903564453 478.128784179688 483.348602294922 490.004608154297
350.321685791016 350.509246826172 351.241058349609 351.565093994141 351.920928955078 353.142150878906 353.398071289062 354.893493652344 355.637268066406 357.948333740234 359.405517578125 360.280731201172 359.913391113281 360.359619140625 360.736419677734 361.163909912109 362.560668945312 363.828002929688 367.981201171875 369.250396728516 370.702453613281 372.209075927734 375.078308105469 378.550415039062 379.692810058594 381.740447998047 384.506896972656 387.678619384766 391.038909912109 397.610626220703 401.341217041016 403.468719482422 407.381988525391 410.782043457031 414.790161132812 418.471466064453 423.070129394531 428.174438476562 432.859710693359 437.574035644531 441.298950195312 452.616790771484 455.779174804688 460.755279541016 466.316101074219 471.950317382812 477.955596923828 482.960815429688 488.442687988281
348.8427734375 349.159118652344 349.22802734375 349.472869873047 350.260864257812 351.959899902344 352.053283691406 352.502227783203 353.374389648438 356.048309326172 358.084106445312 358.310516357422 358.690307617188 359.791015625 360.173156738281 361.245239257812 362.990020751953 363.351806640625 367.193664550781 368.568054199219 369.721557617188 371.882019042969 374.701080322266 377.888702392578 379.602111816406 381.939025878906 384.525695800781 387.380310058594 390.222961425781 398.032745361328 400.816131591797 403.008544921875 407.139251708984 412.198364257812 415.354339599609 418.107818603516 422.013824462891 427.343963623047 432.228820800781 436.677581787109 439.906097412109 450.751220703125 455.002563476562 459.814758300781 464.663177490234 470.269470214844 476.203430175781 482.419158935547 487.739837646484
346.823211669922 347.057983398438 347.380340576172 347.459533691406 347.778533935547 348.8076171875 350.490753173828 350.98095703125 352.538787841797 354.06298828125 355.998107910156 356.365386962891 356.626434326172 357.598327636719 358.935699462891 360.077880859375 362.414703369141 363.617431640625 366.686462402344 367.785034179688 369.826232910156 372.202697753906 373.599792480469 376.431365966797 380.082275390625 382.277160644531 384.042816162109 387.569183349609 388.917175292969 397.218078613281 400.815887451172 403.214691162109 406.673553466797 412.053527832031 414.667755126953 417.054321289062 420.145172119141 425.302764892578 431.152160644531 437.578552246094 439.228973388672 448.576934814453 455.031555175781 460.846405029297 464.590698242188 469.650299072266 475.039031982422 480.681335449219 486.029327392578
344.967498779297 345.038146972656 345.203704833984 345.2529296875 345.711975097656 347.388000488281 348.248413085938 349.170166015625 351.197845458984 351.572662353516 352.643493652344 354.242156982422 354.350280761719 355.015411376953 357.08642578125 358.112915039062 360.571258544922 362.588195800781 367.171630859375 368.587799072266 372.718688964844 372.534454345703 373.209533691406 375.796508789062 379.148620605469 381.646087646484 383.691589355469 386.794952392578 388.611755371094 395.6123046875 400.351165771484 403.939178466797 406.672271728516 410.536102294922 413.728668212891 415.204711914062 418.485992431641 423.851837158203 430.468200683594 436.338012695312 438.547393798828 448.216522216797 454.202972412109 459.813415527344 464.104736328125 469.472442626953 475.575286865234 480.093475341797 484.489410400391
-3.4e+38 342.902740478516 343.556488037109 344.744171142578 344.979309082031 345.674011230469 345.835113525391 347.175476074219 349.102111816406 349.792327880859 351.184936523438 351.950469970703 352.535522460938 354.408843994141 355.220520019531 355.979309082031 358.352447509766 360.831207275391 364.455932617188 368.662109375 375.476501464844 371.557281494141 373.104827880859 374.876281738281 377.355224609375 379.892364501953 382.986633300781 386.940246582031 388.988830566406 395.289794921875 402.375793457031 410.648193359375 406.916442871094 412.572967529297 413.148284912109 415.064880371094 418.089294433594 422.058227539062 427.631103515625 -3.4e+38 437.504241943359 448.679656982422 453.590301513672 457.860107421875 463.943206787109 469.722717285156 476.206634521484 480.2119140625 485.773590087891
-3.4e+38 339.079711914062 340.542938232422 340.4462890625 340.347564697266 341.637420654297 342.107513427734 343.206848144531 345.008483886719 345.373870849609 345.978759765625 347.818359375 348.482879638672 349.505859375 350.597930908203 351.825805664062 354.302459716797 356.428558349609 359.966125488281 362.629486083984 364.973846435547 366.508880615234 369.613037109375 371.651000976562 373.451141357422 376.073944091797 379.377380371094 383.850463867188 388.354309082031 393.417419433594 397.568878173828 403.784912109375 406.225952148438 408.380065917969 410.797729492188 413.429138183594 416.742431640625 420.736999511719 425.876220703125 -3.4e+38 433.776092529297 445.456085205078 452.26904296875 456.586975097656 -3.4e+38 466.955139160156 472.475555419922 478.831848144531 485.020263671875
338.603576660156 338.341552734375 339.013977050781 339.008056640625 339.057312011719 339.880493164062 340.097534179688 340.985076904297 343.007629394531 343.239532470703 343.516510009766 344.608642578125 346.221832275391 347.157684326172 349.037384033203 349.772583007812 352.408264160156 354.560028076172 358.096923828125 360.817596435547 363.146453857422 365.418182373047 368.187957763672 369.127655029297 372.114685058594 375.448791503906 377.695617675781 382.342651367188 386.12451171875 393.095275878906 397.571380615234 401.851898193359 405.277191162109 406.746215820312 408.595153808594 412.908599853516 416.999938964844 419.284088134766 424.741271972656 430.647857666016 434.659973144531 444.067626953125 449.975128173828 455.132995605469 460.718536376953 467.405364990234 473.340515136719 478.428588867188 485.620239257812
