rcp8.5models/GFDL_CM3/sc1gr7.38
NCOLS 261 
NROWS 433 
XLLCORNER 336357.134 
YLLCORNER 654653.479 
CELLSIZE 1000 
NODATA_value -9999 
[rows 92 to 114 of 433, columns 100 to 149 of 261]
135.104202270508 135.084121704102 135.159072875977 135.125289916992 134.872116088867 134.726821899414 134.865707397461 134.74641418457 134.523254394531 134.44921875 134.417144775391 134.450149536133 133.874481201172 133.918395996094 133.832870483398 133.399658203125 133.197219848633 132.667556762695 132.222183227539 131.78450012207 131.358825683594 131.12158203125 130.924880981445 130.922409057617 130.469497680664 130.176147460938 130.004409790039 129.729187011719 129.463119506836 129.22932434082 128.963790893555 128.806457519531 128.649642944336 128.431289672852 128.271423339844 127.909187316895 127.692192077637 127.493347167969 127.414321899414 127.247047424316 127.173782348633 126.906211853027 126.789260864258 126.787208557129 126.706802368164 -9999 126.30744934082 126.382751464844 126.248001098633 126.229927062988
134.963317871094 134.923080444336 135.034576416016 135.025512695312 135.01301574707 134.67985534668 134.65397644043 134.597595214844 134.560852050781 134.319442749023 134.309967041016 134.291564941406 133.813629150391 133.647048950195 133.648239135742 133.281784057617 132.929824829102 132.605056762695 132.23274230957 131.796401977539 131.321640014648 131.036666870117 130.813278198242 130.790756225586 130.471054077148 130.159027099609 130.048629760742 129.711196899414 129.488967895508 129.084838867188 128.889556884766 128.789428710938 128.610244750977 128.363525390625 128.289611816406 -9999 127.762382507324 127.44734954834 127.317016601562 127.236465454102 -9999 126.966026306152 126.772727966309 126.737632751465 126.676628112793 126.619575500488 126.358985900879 126.41414642334 126.292198181152 126.162322998047
134.889953613281 134.770767211914 134.866455078125 134.98356628418 134.961624145508 134.764663696289 134.632431030273 134.563034057617 134.402816772461 134.20735168457 134.388732910156 134.265777587891 133.749877929688 133.545867919922 133.427963256836 133.213562011719 132.874923706055 132.545013427734 132.199783325195 131.613037109375 131.2890625 131.063323974609 130.835220336914 130.719985961914 130.546356201172 130.213455200195 129.921463012695 129.686508178711 129.483428955078 129.115692138672 128.882369995117 128.663238525391 128.585556030273 128.40397644043 128.188781738281 127.844459533691 127.766304016113 127.508224487305 127.334037780762 127.19002532959 127.088249206543 126.934783935547 126.698020935059 126.658798217773 126.558662414551 126.533599853516 126.345710754395 126.327392578125 126.235298156738 126.133750915527
134.715301513672 134.643463134766 134.740798950195 134.782943725586 134.684005737305 134.673217773438 134.624420166016 134.516448974609 134.263854980469 134.107925415039 134.051864624023 134.183776855469 133.494567871094 133.478607177734 133.384689331055 132.969207763672 132.809768676758 132.395935058594 132.152954101562 131.712631225586 131.407470703125 131.068252563477 130.915725708008 130.800003051758 130.518402099609 130.249053955078 129.947982788086 129.672424316406 -9999 129.180587768555 128.814331054688 128.562377929688 128.42041015625 128.323440551758 128.142028808594 127.707290649414 127.612838745117 -9999 127.338180541992 -9999 127.00138092041 126.933662414551 126.768035888672 126.687782287598 126.565330505371 126.454193115234 126.295043945312 126.263694763184 126.161712646484 126.154167175293
134.648284912109 134.389724731445 134.570846557617 134.695877075195 134.571380615234 134.51416015625 134.509262084961 134.301986694336 134.070327758789 133.889801025391 133.750427246094 133.896148681641 133.405258178711 133.220306396484 133.20166015625 132.797409057617 132.626205444336 132.445892333984 132.14599609375 131.778305053711 131.376693725586 131.036056518555 130.805358886719 130.738327026367 130.379837036133 130.183074951172 130.0390625 129.645004272461 129.530090332031 129.168197631836 128.762710571289 128.544555664062 128.368011474609 128.247634887695 128.061370849609 127.728469848633 127.561126708984 -9999 127.308700561523 127.091232299805 127.028297424316 126.893096923828 126.821197509766 126.681945800781 126.559364318848 126.444778442383 126.300735473633 126.261863708496 126.216743469238 126.208297729492
134.693481445312 134.260452270508 134.382263183594 134.576263427734 134.606033325195 134.324401855469 134.189178466797 134.154998779297 134.033599853516 133.798629760742 133.666427612305 133.540054321289 133.358657836914 133.143356323242 133.083755493164 132.758926391602 132.414901733398 132.246337890625 131.938552856445 131.575546264648 131.194961547852 130.980316162109 130.684310913086 130.68928527832 130.357116699219 130.089752197266 129.926116943359 129.694976806641 129.448516845703 129.169876098633 128.875579833984 128.625137329102 128.351776123047 128.175720214844 127.969352722168 127.671081542969 127.54825592041 127.410552978516 127.249923706055 127.069862365723 126.985633850098 126.84676361084 126.771705627441 126.599388122559 126.511360168457 126.48169708252 126.305198669434 126.316505432129 126.287101745605 126.169944763184
134.690353393555 134.30647277832 134.212936401367 134.356582641602 134.417709350586 134.025207519531 133.991622924805 133.94514465332 133.971405029297 133.710708618164 133.497131347656 133.399398803711 133.10368347168 133.038009643555 -9999 132.688232421875 132.208160400391 131.886016845703 131.63313293457 131.343063354492 131.081924438477 130.970565795898 130.720993041992 130.624176025391 130.288681030273 130.015258789062 129.719985961914 129.537017822266 129.349105834961 129.090835571289 128.857650756836 128.692001342773 128.384231567383 128.150680541992 127.86994934082 127.530830383301 127.537948608398 127.378425598145 127.101486206055 127.006683349609 126.937446594238 126.784126281738 126.749336242676 126.606941223145 126.489868164062 126.447174072266 126.297393798828 126.340957641602 126.307914733887 126.119575500488
134.70735168457 134.201446533203 133.940902709961 134.045928955078 134.288619995117 134.120941162109 133.884460449219 133.597763061523 133.544616699219 133.577087402344 133.328643798828 133.257095336914 132.746398925781 132.698165893555 132.497543334961 132.481704711914 132.167251586914 131.754364013672 131.482666015625 131.212158203125 130.977905273438 130.941833496094 130.771743774414 130.625137329102 130.159301757812 129.816696166992 129.622116088867 129.376174926758 129.324554443359 129.076705932617 128.759368896484 128.616760253906 128.327911376953 128.129760742188 127.775360107422 127.46459197998 127.430465698242 127.251731872559 127.024894714355 126.93717956543 -9999 126.705657958984 126.66626739502 126.567169189453 126.368255615234 126.343879699707 126.280685424805 126.242080688477 126.220237731934 126.125152587891
134.485748291016 134.041229248047 133.795974731445 133.856689453125 134.001434326172 134.053146362305 133.578018188477 133.377868652344 133.372909545898 133.311309814453 133.14045715332 133.019943237305 132.498199462891 132.427841186523 132.362442016602 132.233352661133 132.057876586914 131.680297851562 131.418746948242 131.049163818359 130.900085449219 130.759582519531 130.625259399414 130.487991333008 129.903945922852 129.655380249023 129.475891113281 129.314178466797 129.099884033203 128.890502929688 128.651596069336 128.47737121582 128.235961914062 128.048370361328 127.784027099609 127.410102844238 127.302841186523 127.17505645752 127.068885803223 126.894607543945 126.780014038086 126.688430786133 126.567893981934 126.4375 126.282440185547 126.269958496094 126.199806213379 126.147529602051 126.100364685059 126.122993469238
134.241760253906 133.947891235352 133.760971069336 133.627731323242 133.605361938477 133.579956054688 133.543014526367 133.343490600586 133.28157043457 133.054840087891 132.978775024414 132.768859863281 132.340545654297 132.319793701172 132.192245483398 132.032592773438 131.796051025391 131.614486694336 131.329635620117 130.840240478516 130.688247680664 130.552215576172 130.372665405273 130.237243652344 129.677749633789 129.598281860352 129.389083862305 129.172821044922 128.910232543945 128.735977172852 128.556549072266 128.324630737305 128.194793701172 127.930908203125 127.72779083252 127.33219909668 127.258644104004 127.045036315918 127.014335632324 126.815605163574 126.731498718262 126.578926086426 126.462837219238 126.353248596191 126.354049682617 126.226303100586 126.122871398926 126.082618713379 126.068550109863 126.122901916504
134.112564086914 133.892837524414 133.651504516602 133.535232543945 133.471725463867 133.342407226562 133.267181396484 133.154037475586 132.996002197266 132.704315185547 132.631439208984 132.457000732422 132.161209106445 132.233963012695 132.086639404297 131.734878540039 131.519744873047 131.470611572266 131.138107299805 130.68879699707 130.455383300781 130.24446105957 130.147689819336 129.950134277344 129.544876098633 129.4892578125 129.283676147461 129.094650268555 128.859252929688 128.710998535156 128.466995239258 128.242141723633 127.984115600586 127.775932312012 127.600997924805 127.241889953613 127.189926147461 126.900253295898 126.90599822998 126.71012878418 126.59977722168 126.477256774902 126.351005554199 126.256164550781 126.358795166016 126.19051361084 126.044731140137 126.067947387695 126.012130737305 126.074592590332
133.776611328125 133.632904052734 133.642135620117 133.494430541992 133.189987182617 132.958099365234 132.885406494141 132.721817016602 132.443603515625 132.256393432617 132.196060180664 131.910903930664 131.660110473633 131.538391113281 131.471145629883 131.390029907227 131.039489746094 130.784164428711 130.764221191406 130.526580810547 130.222549438477 129.95573425293 129.868133544922 129.751449584961 129.383377075195 129.202789306641 129.052108764648 128.764724731445 128.557540893555 128.319854736328 128.216583251953 127.942672729492 127.746070861816 127.530555725098 127.370460510254 127.14533996582 126.976943969727 126.805358886719 126.583618164062 126.547355651855 126.40355682373 126.295951843262 126.232429504395 126.157775878906 126.139427185059 126.094055175781 126.13200378418 126.11003112793 126.066635131836 126.02018737793
133.611312866211 133.393829345703 133.373107910156 133.145278930664 133.052429199219 132.771255493164 132.691757202148 132.514358520508 132.336898803711 132.114410400391 131.990997314453 131.766372680664 131.271133422852 131.136672973633 131.120712280273 131.110549926758 130.777801513672 130.496246337891 130.423782348633 130.225128173828 129.954772949219 129.820083618164 129.692932128906 129.519622802734 129.305709838867 129.039428710938 128.812606811523 128.676574707031 128.409042358398 128.279098510742 128.035507202148 127.858489990234 127.674499511719 127.323631286621 127.216049194336 127.027656555176 126.898590087891 126.705131530762 126.495933532715 126.520034790039 126.373001098633 126.197563171387 126.145866394043 126.177871704102 126.059631347656 126.084625244141 126.004486083984 125.959480285645 125.937744140625 125.953521728516
133.407150268555 133.096939086914 132.91731262207 132.756072998047 132.717620849609 132.565307617188 132.430618286133 132.384475708008 132.171508789062 131.916412353516 131.759231567383 131.429870605469 131.038146972656 130.945098876953 130.78157043457 130.736419677734 130.461059570312 130.399307250977 130.190780639648 129.972412109375 129.698928833008 129.634201049805 129.495742797852 129.410980224609 129.182723999023 128.961135864258 128.575439453125 128.509384155273 128.335510253906 128.178970336914 127.941268920898 127.743263244629 127.490898132324 127.267807006836 127.128761291504 126.902030944824 126.722129821777 126.605392456055 126.36840057373 126.308586120605 126.258026123047 126.143371582031 126.074104309082 126.20435333252 125.997421264648 125.968948364258 125.963531494141 125.869071960449 125.93000793457 126.003204345703
133.198776245117 132.857055664062 132.553237915039 132.459365844727 132.360961914062 132.216644287109 132.17951965332 132.14485168457 131.957763671875 131.729263305664 131.485885620117 131.228393554688 130.78190612793 130.653915405273 130.522979736328 130.375640869141 130.169052124023 130.225433349609 129.977615356445 129.716339111328 129.533966064453 129.408309936523 129.292282104492 129.308715820312 128.971343994141 128.8173828125 128.536071777344 128.391510009766 128.236053466797 127.989036560059 127.742607116699 127.569076538086 127.309074401855 127.202041625977 127.053016662598 126.740669250488 126.615135192871 126.48380279541 126.247222900391 126.15348815918 126.138946533203 126.083404541016 125.961204528809 126.085800170898 125.940208435059 125.854637145996 125.980476379395 125.983924865723 126.02564239502 126.020957946777
132.902038574219 132.582046508789 132.336715698242 132.289855957031 132.089279174805 131.80256652832 131.873153686523 131.805053710938 131.602935791016 131.338882446289 131.195053100586 131.069366455078 130.510375976562 130.382385253906 130.245330810547 130.052337646484 129.886123657227 130.066787719727 129.773193359375 129.467468261719 129.327835083008 129.265396118164 129.19010925293 129.046752929688 128.71923828125 128.554336547852 128.376174926758 128.215713500977 128.026397705078 127.755989074707 127.592834472656 127.418914794922 127.20336151123 127.055603027344 126.999557495117 126.638175964355 126.471702575684 126.368041992188 126.196846008301 126.12727355957 125.970085144043 126.029434204102 125.925994873047 125.944702148438 125.906448364258 125.87223815918 125.962417602539 126.012329101562 126.054252624512 125.980033874512
132.689361572266 132.217086791992 132.065460205078 131.928741455078 131.736221313477 131.504913330078 131.477874755859 131.370681762695 131.297210693359 130.976104736328 130.944778442383 130.769485473633 130.360137939453 130.163467407227 129.903396606445 129.782943725586 129.740020751953 129.763763427734 129.454437255859 129.32470703125 129.129104614258 129.080215454102 129.016967773438 128.798309326172 128.473587036133 128.296340942383 128.173187255859 128.011352539062 127.73779296875 127.68758392334 127.448707580566 127.332077026367 127.115592956543 126.95662689209 126.906356811523 126.542503356934 126.326515197754 126.225563049316 126.135711669922 125.968635559082 125.848121643066 125.946144104004 125.873046875 125.854064941406 125.821968078613 125.945404052734 125.894714355469 125.873260498047 125.949340820312 125.974563598633
132.398162841797 131.937683105469 131.767669677734 131.665725708008 131.465240478516 131.218383789062 131.118621826172 130.959197998047 130.907485961914 130.750015258789 130.621292114258 -9999 130.117599487305 129.874221801758 129.584762573242 129.584899902344 129.570007324219 129.530227661133 129.203369140625 129.075485229492 128.837219238281 128.771194458008 128.784423828125 128.644393920898 128.247177124023 128.136581420898 127.98161315918 127.810134887695 127.572830200195 127.49641418457 127.268440246582 127.152404785156 126.994789123535 126.840232849121 126.684585571289 126.321723937988 126.22834777832 126.100578308105 126.015808105469 125.887199401855 125.90901184082 125.873405456543 125.801162719727 125.881256103516 125.842681884766 125.915916442871 125.910461425781 125.888793945312 125.926246643066 125.98902130127
132.073104858398 131.794525146484 131.621032714844 131.44499206543 131.206466674805 131.060745239258 130.875671386719 130.697631835938 130.555892944336 130.434371948242 130.227035522461 130.046005249023 129.871612548828 129.71501159668 129.477203369141 129.418960571289 129.251571655273 129.145553588867 129.0224609375 128.974304199219 128.640335083008 128.571151733398 128.573532104492 128.437561035156 128.18083190918 128.006088256836 127.786964416504 127.610443115234 127.54761505127 127.33952331543 127.156806945801 126.944770812988 126.930679321289 126.759178161621 126.573707580566 126.245796203613 126.113418579102 126.029373168945 125.939987182617 125.914222717285 125.939811706543 125.858406066895 125.821685791016 125.80322265625 125.825775146484 125.860229492188 125.907127380371 125.903244018555 125.998832702637 126.054107666016
131.743423461914 131.452514648438 131.379013061523 131.24641418457 131.024673461914 130.733963012695 130.518524169922 130.467041015625 130.264495849609 130.103530883789 129.81640625 129.787246704102 129.565689086914 129.387390136719 129.335342407227 129.280120849609 129.057067871094 128.813781738281 128.792205810547 128.722579956055 128.576843261719 128.392440795898 128.292221069336 128.230102539062 128.026214599609 127.982322692871 127.692901611328 127.46745300293 127.478424072266 127.167999267578 127.022605895996 126.840896606445 126.782897949219 126.605842590332 126.48787689209 126.235565185547 125.968109130859 125.885444641113 125.904579162598 125.814918518066 125.842483520508 125.811386108398 125.80842590332 125.761039733887 125.789283752441 125.818077087402 125.942535400391 125.917808532715 126.000930786133 126.041206359863
131.408813476562 131.059646606445 131.066741943359 130.924942016602 130.752487182617 130.438201904297 130.270721435547 130.148208618164 129.879241943359 129.717254638672 129.546279907227 129.563461303711 129.278366088867 -9999 129.099685668945 129.018142700195 128.900161743164 128.671127319336 128.570693969727 128.53515625 128.49674987793 128.199188232422 128.093841552734 128.079971313477 127.862014770508 127.887451171875 127.696189880371 127.510360717773 127.431442260742 127.096336364746 126.949569702148 126.873458862305 126.644577026367 126.441459655762 126.319686889648 126.091606140137 125.928520202637 125.845397949219 125.778106689453 125.754219055176 125.74543762207 125.746543884277 125.688613891602 125.698860168457 125.778984069824 125.788284301758 125.949836730957 125.981834411621 125.94686126709 126.020118713379
131.161758422852 130.895889282227 130.741592407227 130.611068725586 130.385238647461 130.150192260742 130.021148681641 129.900100708008 129.646743774414 129.541885375977 129.316070556641 129.317596435547 129.078262329102 128.844024658203 128.816909790039 128.72314453125 128.710021972656 128.579772949219 128.474853515625 128.419235229492 128.277297973633 128.089584350586 128.005310058594 127.836296081543 127.723327636719 127.650947570801 127.581741333008 127.437744140625 127.374794006348 127.028739929199 126.89794921875 126.775199890137 126.603500366211 126.472503662109 126.321098327637 -9999 -9999 -9999 -9999 125.783248901367 125.776725769043 125.735595703125 125.660751342773 125.695693969727 125.825775146484 125.880348205566 125.955780029297 126.007331848145 125.97624206543 126.066780090332
130.946441650391 130.713241577148 130.447631835938 130.315872192383 130.036773681641 129.819808959961 129.751953125 129.576080322266 129.456405639648 129.373870849609 129.049514770508 129.036392211914 128.779113769531 128.514114379883 128.575332641602 128.482162475586 128.442413330078 128.387069702148 128.275741577148 128.176986694336 128.052383422852 127.969779968262 127.899261474609 127.67448425293 127.688125610352 127.494903564453 127.447105407715 127.293022155762 127.239135742188 127.035552978516 126.882080078125 126.667114257812 126.556930541992 126.427368164062 -9999 -9999 -9999 -9999 -9999 125.761688232422 125.746238708496 125.817977905273 125.734970092773 125.758163452148 125.931510925293 125.978523254395 125.937957763672 126.015068054199 126.072601318359 126.155494689941
