rcp8.5models/GFDL_CM3/sc1gr10.31
NCOLS 261 
NROWS 433 
XLLCORNER 336357.134 
YLLCORNER 654653.479 
CELLSIZE 1000 
NODATA_value -3.4e+38 
[rows 308 to 329 of 433, columns 196 to 244 of 261]
1032.60009765625 1044.50402832031 1067.22961425781 1079.63110351562 1084.68310546875 1079.61352539062 1077.25341796875 1097.39367675781 1100.21594238281 1106.79260253906 1118.79382324219 1127.00439453125 1143.71203613281 1167.00939941406 1187.38891601562 1195.7998046875 1139.06115722656 954.472473144531 1199.13659667969 1199.07006835938 1207.11218261719 1220.61364746094 1219.21081542969 1219.85534667969 1174.10498046875 1085.89501953125 1163.03552246094 799.33642578125 854.581420898438 999.661926269531 1174.99353027344 879.596130371094 1027.11352539062 833.093872070312 893.404724121094 1039.55798339844 847.619567871094 855.336975097656 900.931091308594 1071.79443359375 1067.53540039062 882.423706054688 886.760681152344 890.038391113281 895.037475585938 897.31201171875 900.7431640625 905.026733398438 910.220581054688
1034.5986328125 1037.55859375 1054.03088378906 1065.32238769531 1069.91088867188 1072.57604980469 1086.49938964844 1089.76293945312 1094.56311035156 1103.41662597656 1113.67248535156 1127.05871582031 1148.67260742188 1165.35778808594 1181.88952636719 1188.11071777344 1140.80126953125 920.450927734375 1202.0166015625 1191.47399902344 1197.19299316406 1208.70056152344 1209.46044921875 1213.28369140625 1225.55505371094 1187.93688964844 952.087036132812 795.139770507812 905.755004882812 1212.271484375 970.336364746094 862.343994140625 1039.55261230469 1082.75537109375 1072.06408691406 992.02783203125 844.242736816406 849.940307617188 853.576293945312 899.35400390625 1015.72277832031 876.275329589844 880.053771972656 885.860473632812 890.532836914062 894.363037109375 897.445617675781 902.199096679688 906.581848144531
1034.00476074219 1033.07348632812 1044.59692382812 1061.45983886719 1069.08508300781 1073.49279785156 1093.00891113281 1091.60131835938 1095.09313964844 1097.40856933594 1111.26586914062 1132.63452148438 1152.2412109375 1164.18090820312 1176.64794921875 1182.83837890625 1189.35046386719 1143.29577636719 1201.40612792969 1187.990234375 1190.14331054688 1195.23352050781 1200.76000976562 1208.34130859375 1224.58923339844 1131.4033203125 836.144165039062 981.585571289062 849.899475097656 1065.7119140625 997.649963378906 809.836303710938 861.91259765625 1081.51196289062 1180.9541015625 830.419311523438 839.001098632812 844.903381347656 848.945434570312 853.908081054688 856.114685058594 870.700134277344 875.503479003906 881.807189941406 885.532409667969 890.5029296875 895.583618164062 900.013854980469 903.828369140625
1029.234375 1029.04504394531 1040.71691894531 1060.962890625 1070.44982910156 1073.97705078125 1083.025390625 1088.82458496094 1087.6396484375 1091.14526367188 1105.67846679688 1126.50732421875 1147.19055175781 1158.125 1168.90222167969 1177.75354003906 1121.04174804688 999.714233398438 1183.40075683594 1181.81909179688 1185.70446777344 1189.91967773438 1195.19555664062 1205.21228027344 1218.26257324219 1177.16711425781 1011.85705566406 940.823425292969 859.300598144531 1109.10815429688 1205.02307128906 997.288452148438 -3.4e+38 -3.4e+38 1227.70263671875 1021.14996337891 832.726928710938 840.216613769531 844.124206542969 849.276184082031 852.52294921875 865.894104003906 870.627685546875 877.820861816406 880.778259277344 886.099243164062 892.840576171875 898.31884765625 902.526672363281
1024.392578125 1027.87426757812 1035.60571289062 1050.86193847656 1061.06652832031 1065.56921386719 1070.68176269531 1076.83801269531 1077.58801269531 1088.11206054688 1098.41735839844 1114.33703613281 1130.59252929688 1141.43273925781 1151.89501953125 1163.93688964844 1124.54748535156 1017.68096923828 1167.87268066406 1172.93798828125 1179.42626953125 1184.03466796875 1189.94128417969 1200.59777832031 1151.36584472656 1028.255859375 1123.20642089844 833.302734375 1098.00549316406 1271.74682617188 1247.60876464844 1153.189453125 805.526672363281 907.232971191406 1208.62133789062 975.966247558594 828.121215820312 836.267272949219 840.070373535156 844.684936523438 848.472961425781 861.130493164062 866.881774902344 873.120300292969 877.163024902344 882.334655761719 888.999145507812 894.455810546875 899.271545410156
1022.24304199219 1020.01361083984 1027.54711914062 1041.89562988281 1055.49536132812 1056.92199707031 1054.96545410156 1063.06176757812 1072.34204101562 1085.1279296875 1091.40771484375 1101.3837890625 1118.75048828125 1124.47143554688 1128.1689453125 1141.82568359375 1152.0751953125 1054.29125976562 1177.43383789062 1163.66198730469 1165.12719726562 1170.46508789062 1175.93627929688 1134.83654785156 1034.03491210938 1155.14916992188 1055.10412597656 1214.97351074219 1176.19506835938 1074.71081542969 843.274780273438 1084.36169433594 1201.85131835938 1039.79931640625 1005.21661376953 1009.99621582031 973.111755371094 826.569702148438 833.129943847656 836.501586914062 841.841125488281 852.612670898438 857.683166503906 862.521301269531 868.689147949219 874.240783691406 879.921936035156 885.492553710938 890.11572265625
1020.08752441406 1018.95379638672 1023.43182373047 1036.44262695312 1055.32946777344 1059.11267089844 1046.830078125 1059.98376464844 1070.53601074219 1082.49548339844 1089.51953125 1098.57165527344 1112.38818359375 1112.63732910156 1122.00158691406 1131.19445800781 1134.75769042969 1094.90539550781 1178.96887207031 1158.80004882812 1158.79577636719 1162.77465820312 1169.23352050781 -3.4e+38 1185.80834960938 1195.02575683594 1203.77685546875 1207.43542480469 1210.88989257812 1164.02685546875 1018.37182617188 1041.44921875 1184.24340820312 1007.64990234375 1048.98266601562 1003.27728271484 814.333312988281 821.753479003906 828.396789550781 833.707580566406 839.182434082031 848.869201660156 853.758728027344 858.855529785156 865.320373535156 870.074584960938 875.020141601562 880.526977539062 886.093200683594
1014.75372314453 1016.28564453125 1020.04577636719 1032.02282714844 1051.28491210938 1056.23315429688 1042.92736816406 1058.19604492188 1068.35180664062 1077.17309570312 1082.71423339844 1089.51049804688 1099.85656738281 1105.4697265625 1114.66186523438 1122.27795410156 1127.10485839844 1138.11254882812 1158.43115234375 1150.75183105469 1151.41149902344 -3.4e+38 -3.4e+38 -3.4e+38 1125.09655761719 1000.91156005859 1141.54113769531 1011.89422607422 1203.45056152344 1110.06579589844 933.045959472656 878.091247558594 1186.2685546875 1079.70666503906 1188.77966308594 958.803161621094 810.760009765625 817.522094726562 823.101623535156 830.304931640625 836.334899902344 846.167358398438 851.178527832031 855.72900390625 860.490966796875 866.174499511719 870.823791503906 875.864440917969 882.362548828125
1007.7783203125 1012.21899414062 1018.22125244141 1028.17126464844 1043.43359375 1050.025390625 1041.67126464844 1055.28930664062 1064.44470214844 1072.45336914062 1078.40319824219 1083.39343261719 1090.716796875 1097.49487304688 1105.24328613281 1112.43786621094 1119.53564453125 1131.26696777344 1137.95202636719 1143.32421875 1145.01831054688 -3.4e+38 -3.4e+38 -3.4e+38 1126.54345703125 1024.16088867188 1145.39208984375 984.303039550781 955.927978515625 915.478332519531 1012.67114257812 1009.47344970703 979.38525390625 985.306762695312 949.63916015625 799.886657714844 807.065734863281 813.072082519531 819.428466796875 825.8720703125 832.875915527344 841.967590332031 846.934143066406 851.439331054688 855.957275390625 862.169799804688 866.826599121094 871.603454589844 877.337097167969
1002.03796386719 1011.44720458984 1021.66973876953 1028.08898925781 1037.17443847656 1047.86279296875 1041.05187988281 1049.98059082031 1060.36474609375 1070.95458984375 1082.94775390625 1085.69555664062 1086.91748046875 1091.08972167969 1096.91540527344 1104.1943359375 1111.86694335938 1123.56787109375 1134.44750976562 1139.65222167969 1141.17517089844 1146.314453125 -3.4e+38 1156.80798339844 1163.38989257812 1120.18115234375 944.404663085938 958.480895996094 993.664489746094 944.233764648438 1153.63793945312 928.771484375 780.203369140625 837.139709472656 1033.951171875 990.047058105469 803.917724609375 808.377136230469 814.535034179688 821.429809570312 829.415710449219 838.367248535156 842.088806152344 847.026123046875 852.868530273438 858.206176757812 862.819030761719 867.456115722656 872.492248535156
997.289489746094 1007.96221923828 1019.67779541016 1031.06896972656 1030.01635742188 1036.09155273438 1034.29040527344 1046.08630371094 1058.69287109375 1070.09729003906 1087.06628417969 1090.70458984375 1091.91564941406 1089.17065429688 1092.33642578125 1097.91613769531 1103.75390625 1115.04125976562 1129.31359863281 1133.91479492188 1137.20764160156 1142.42907714844 1149.8740234375 1152.99279785156 1155.8095703125 1122.65295410156 923.098754882812 840.159729003906 1188.65417480469 1148.75073242188 921.815856933594 776.039611816406 778.268432617188 824.296936035156 982.401245117188 947.588439941406 800.013000488281 804.394775390625 809.613952636719 816.103698730469 823.959716796875 835.408447265625 838.721557617188 844.710571289062 851.051025390625 855.412780761719 858.881896972656 863.775512695312 869.38037109375
991.069213867188 1000.43908691406 1009.83715820312 1023.51959228516 1025.00268554688 1022.19097900391 1024.79516601562 1042.18688964844 1055.49255371094 1065.17431640625 1077.59448242188 1089.03540039062 1091.40002441406 1085.73986816406 1087.70532226562 1092.5380859375 1097.30810546875 1106.77978515625 1120.3154296875 1124.07702636719 1129.77844238281 1136.66357421875 1143.20947265625 1146.48327636719 1149.33532714844 1160.64880371094 1125.51416015625 1019.36895751953 1181.32995605469 1135.90209960938 771.370483398438 774.281311035156 826.101928710938 1020.65026855469 974.911437988281 840.212463378906 988.796508789062 800.903686523438 806.765747070312 811.300048828125 818.363586425781 831.620178222656 835.293640136719 841.792663574219 847.314025878906 852.40185546875 855.026611328125 859.92724609375 866.071044921875
981.694580078125 994.187927246094 1004.23803710938 1011.16918945312 1015.13000488281 1015.82122802734 1019.71606445312 1038.4423828125 1051.91857910156 1058.18078613281 1065.62109375 1080.54602050781 1084.06652832031 1080.16394042969 1082.30993652344 1086.16967773438 1091.89318847656 1100.46215820312 1112.49536132812 1115.4833984375 1120.29418945312 1128.27465820312 1138.84448242188 1140.91650390625 1143.85607910156 1151.39929199219 1159.9580078125 1166.86987304688 1173.8671875 1088.92053222656 816.922912597656 957.478637695312 812.77294921875 971.307189941406 935.676879882812 877.066345214844 1139.04626464844 798.498046875 803.947631835938 807.738647460938 814.317993164062 827.014831542969 831.197387695312 836.8466796875 842.563354492188 847.7470703125 851.614562988281 857.2666015625 862.49169921875
978.509399414062 992.496765136719 1000.44519042969 1001.65075683594 1002.20251464844 1007.76257324219 1014.24053955078 1034.43334960938 1046.35229492188 1054.30493164062 1057.34228515625 1068.15686035156 1079.71118164062 1083.05297851562 1086.80334472656 1081.87280273438 1084.45581054688 1093.14709472656 1104.44030761719 1109.8828125 1115.8095703125 1121.41320800781 1131.14428710938 1133.9052734375 1137.98999023438 1144.03466796875 1151.13330078125 1106.92016601562 982.848266601562 1134.97912597656 797.683166503906 917.280212402344 816.535400390625 963.114562988281 827.309509277344 1013.85150146484 942.868713378906 795.164184570312 801.682495117188 806.561340332031 812.467224121094 821.357482910156 827.204650878906 832.304138183594 838.493591308594 843.39013671875 849.046264648438 854.366455078125 858.73583984375
977.186828613281 990.036926269531 996.113037109375 994.063293457031 996.321166992188 1001.53997802734 1009.26696777344 1033.93237304688 1053.0986328125 1047.23669433594 1049.88537597656 1057.32263183594 1069.53784179688 1079.59655761719 1087.33532714844 1075.78283691406 1078.28552246094 1084.82531738281 1098.44885253906 1104.58752441406 1114.55773925781 1114.7080078125 1120.93249511719 1126.19177246094 1132.95190429688 1088.02978515625 912.605346679688 876.208129882812 823.519836425781 1170.427734375 751.94970703125 758.023559570312 851.420532226562 1159.28491210938 1002.740234375 933.119262695312 785.29345703125 790.548828125 796.832397460938 802.278747558594 808.263366699219 816.695495605469 823.682189941406 829.3271484375 834.632141113281 839.679321289062 845.920837402344 850.407104492188 854.781494140625
970.429748535156 983.709533691406 992.100036621094 991.793518066406 992.991333007812 996.975280761719 1007.43078613281 990.083984375 833.043151855469 875.652160644531 1043.91333007812 1050.25170898438 1057.11071777344 1065.56896972656 1072.84301757812 1069.48095703125 1074.07287597656 1078.53466796875 1094.7275390625 1100.29626464844 1110.02221679688 1110.55578613281 1117.1748046875 1124.56701660156 1131.19226074219 1042.32312011719 713.138854980469 768.611145019531 999.836364746094 1112.25268554688 747.701904296875 754.809265136719 799.438110351562 955.984252929688 970.27734375 963.115173339844 781.677124023438 786.779296875 792.56201171875 797.832275390625 803.5361328125 814.236450195312 820.899169921875 826.476379394531 832.294982910156 836.875427246094 842.281127929688 846.484680175781 851.07177734375
963.022155761719 978.549255371094 986.919128417969 989.144897460938 988.838562011719 994.732849121094 1015.73858642578 836.662780761719 865.195739746094 910.451538085938 1050.42053222656 1043.19592285156 1048.37170410156 1055.15856933594 1059.99841308594 1063.77905273438 1068.72937011719 1075.17602539062 1091.10278320312 1095.4794921875 1105.12145996094 1108.83056640625 1115.33056640625 1122.48278808594 1129.21594238281 1090.55261230469 941.1494140625 987.816711425781 1146.55725097656 1064.30834960938 927.081115722656 750.118225097656 805.155029296875 995.369140625 992.087463378906 922.320373535156 777.1025390625 783.432006835938 789.821655273438 794.994018554688 801.080993652344 811.523376464844 817.823181152344 822.693054199219 828.35302734375 834.208801269531 839.828063964844 844.165893554688 848.592346191406
952.585632324219 965.390930175781 973.817626953125 976.532043457031 976.653930664062 982.776000976562 1006.54541015625 945.312927246094 679.172668457031 855.370239257812 924.728088378906 1059.01904296875 1038.66760253906 1044.14611816406 1049.19250488281 1057.27685546875 1066.32580566406 1076.73474121094 1080.08520507812 1092.51879882812 1100.54956054688 1101.77099609375 1107.01770019531 1112.32299804688 1117.38366699219 1031.66479492188 745.562866210938 951.744445800781 1136.58532714844 1054.72216796875 915.472778320312 740.203125 794.210632324219 976.125183105469 911.677062988281 765.840087890625 769.136657714844 774.293395996094 780.603088378906 785.619567871094 791.834533691406 803.333679199219 810.950012207031 815.447937011719 820.022216796875 825.95458984375 832.861389160156 836.822204589844 843.573669433594
947.661987304688 957.536743164062 968.697387695312 970.473449707031 969.962951660156 975.820190429688 995.782775878906 988.792541503906 847.093872070312 861.963073730469 910.036865234375 1062.97338867188 1037.751953125 1039.41833496094 1048.73876953125 1071.76123046875 1069.12292480469 1087.43835449219 1076.69836425781 1087.25891113281 1097.25036621094 1095.84216308594 1098.95532226562 1105.76159667969 1113.26110839844 1029.13366699219 748.981811523438 974.608154296875 1133.43249511719 1100.208984375 881.447387695312 735.396057128906 827.542419433594 1084.11437988281 755.003845214844 761.811157226562 766.761779785156 771.658813476562 777.228637695312 783.127014160156 788.168884277344 799.605285644531 806.31591796875 812.009582519531 817.521667480469 822.844848632812 828.114562988281 833.075073242188 839.341186523438
943.325500488281 954.468566894531 963.513244628906 964.610168457031 967.145690917969 971.78759765625 984.0751953125 972.460327148438 878.448303222656 1027.42333984375 867.765441894531 887.9130859375 1037.0810546875 1038.22607421875 1062.95910644531 1077.60241699219 1060.50744628906 1073.98376464844 1074.32019042969 1085.78454589844 1105.20642089844 1093.49682617188 1092.53918457031 1097.60229492188 1106.1962890625 1071.59655761719 915.967895507812 894.658874511719 948.943786621094 1087.72937011719 907.697875976562 732.007507324219 776.728881835938 895.148986816406 750.459838867188 756.718688964844 763.258850097656 769.077453613281 774.364440917969 781.705505371094 785.490783691406 797.9287109375 803.073974609375 809.284973144531 814.457397460938 818.96875 823.672485351562 829.725219726562 834.565063476562
939.657592773438 953.996276855469 962.376892089844 960.152954101562 965.197875976562 967.376342773438 974.013061523438 978.831909179688 893.798400878906 1018.14721679688 850.004699707031 895.032653808594 1030.52600097656 1035.92907714844 1061.51171875 1057.68664550781 1050.99890136719 1056.88232421875 1074.19860839844 1081.30395507812 1099.94873046875 1096.10327148438 1087.20141601562 1042.98364257812 874.262329101562 880.754333496094 892.031066894531 923.030578613281 922.521423339844 908.969116210938 1053.60852050781 728.548828125 734.915588378906 740.477844238281 747.045349121094 753.495788574219 760.011474609375 765.140930175781 772.18701171875 779.384704589844 783.526245117188 796.505981445312 800.507690429688 806.5966796875 811.106750488281 815.408386230469 819.850280761719 825.956237792969 830.622619628906
936.422790527344 947.941223144531 956.700622558594 958.345031738281 960.585327148438 964.168762207031 969.979309082031 1020.47503662109 1042.01745605469 1006.12921142578 903.310607910156 1043.04992675781 1023.76031494141 1030.24536132812 1042.27587890625 1041.74462890625 1046.45812988281 1053.74182128906 1069.60034179688 1072.12670898438 1081.16650390625 1085.80737304688 1080.99780273438 997.473999023438 724.708984375 859.523803710938 776.131103515625 1108.0908203125 1074.1103515625 969.862182617188 869.1416015625 725.385437011719 732.108947753906 738.288208007812 745.246215820312 752.148193359375 757.765991210938 763.185791015625 770.572631835938 776.34765625 782.154357910156 793.07568359375 797.986511230469 803.230895996094 807.690551757812 812.09228515625 817.405090332031 822.6044921875 828.031127929688
