rcp8.5models/GFDL_CM3/sc1gr10.24
NCOLS 261 
NROWS 433 
XLLCORNER 336357.134 
YLLCORNER 654653.479 
CELLSIZE 1000 
NODATA_value -3.4e+38 
[rows 132 to 153 of 433, columns 147 to 195 of 261]
1587.24963378906 1584.0361328125 1582.42810058594 -3.4e+38 1579.85095214844 1579.54357910156 1578.33959960938 1578.81494140625 1580.85925292969 1580.875 1581.97985839844 1589.33166503906 1589.49304199219 1587.30029296875 1586.20678710938 1586.79663085938 1588.62915039062 1591.03820800781 1593.14147949219 1595.06372070312 1598.46276855469 1604.2392578125 1613.39245605469 1613.88903808594 1614.66674804688 1616.26098632812 1620.27600097656 1622.90283203125 1624.69641113281 1627.41101074219 1630.75378417969 1632.88610839844 1633.56640625 1638.62280273438 1641.31665039062 1644.31799316406 1647.41125488281 1651.10986328125 1654.2939453125 1657.1474609375 1659.16174316406 -3.4e+38 -3.4e+38 -3.4e+38 -3.4e+38 -3.4e+38 -3.4e+38 -3.4e+38 -3.4e+38
1590.43127441406 1587.67358398438 1586.51794433594 1585.30700683594 1583.6015625 1582.88305664062 1582.05480957031 1581.32434082031 1583.88659667969 1587.08520507812 1587.30847167969 1591.02465820312 1590.31103515625 1588.90612792969 1588.68432617188 1590.64086914062 1592.568359375 1594.05847167969 1596.49633789062 1600.498046875 1605.48376464844 1611.49291992188 1617.78588867188 1618.84204101562 1620.623046875 1623.22937011719 1627.73669433594 1630.958984375 1632.43762207031 1632.68896484375 1635.16284179688 1637.76794433594 1638.34399414062 1643.62133789062 1647.70678710938 1650.88049316406 1654.16882324219 1657.54455566406 1658.52966308594 1660.87548828125 1664.10485839844 -3.4e+38 -3.4e+38 -3.4e+38 -3.4e+38 -3.4e+38 -3.4e+38 -3.4e+38 -3.4e+38
1593.45666503906 1592.52319335938 1590.9912109375 1589.208984375 1587.17529296875 1586.00659179688 1586.15368652344 1584.96520996094 1585.79089355469 1589.62915039062 1589.99035644531 1590.48962402344 1591.83422851562 1590.83752441406 1591.24926757812 1594.46862792969 1596.08129882812 1597.85119628906 1601.67272949219 1606.33923339844 1612.435546875 1617.82446289062 1623.26672363281 1625.05615234375 1628.14819335938 1633.009765625 1635.59411621094 1637.27893066406 1637.94873046875 1638.06408691406 1639.60583496094 1641.76599121094 1644.1572265625 1650.50219726562 1654.31188964844 1657.54675292969 1661.12817382812 1661.06884765625 1661.47192382812 -3.4e+38 1667.13024902344 -3.4e+38 -3.4e+38 -3.4e+38 -3.4e+38 -3.4e+38 -3.4e+38 -3.4e+38 -3.4e+38
1598.39562988281 1597.28430175781 1594.47338867188 1592.02783203125 1590.80578613281 1589.61999511719 1589.14855957031 1588.93408203125 1589.24536132812 1591.7646484375 -3.4e+38 -3.4e+38 1593.05798339844 1592.98132324219 1594.04650878906 1597.697265625 1600.0107421875 1603.82348632812 1607.79138183594 1612.47399902344 1619.46118164062 1623.52282714844 1628.87158203125 1630.88708496094 1636.80737304688 1642.66748046875 1642.54858398438 1642.7255859375 1646.11840820312 1650.11889648438 1647.62878417969 1646.83813476562 1649.29235839844 1655.94714355469 1660.31591796875 1663.80236816406 1665.14086914062 1664.31298828125 1666.1455078125 -3.4e+38 -3.4e+38 -3.4e+38 -3.4e+38 -3.4e+38 -3.4e+38 -3.4e+38 -3.4e+38 -3.4e+38 -3.4e+38
1602.6962890625 1600.99353027344 1597.68469238281 1594.72351074219 1593.95446777344 1593.79382324219 1592.74389648438 1592.96362304688 1593.43212890625 1596.44702148438 1595.74853515625 -3.4e+38 1595.39025878906 1596.70336914062 1598.91015625 1601.19018554688 1604.35083007812 1608.89697265625 1613.40515136719 1619.23608398438 1625.25134277344 1628.310546875 1635.40051269531 1639.14575195312 1643.69946289062 1649.24865722656 1648.87707519531 1649.58056640625 1653.91650390625 1656.48754882812 1654.201171875 1653.17175292969 1654.75244140625 1661.41833496094 1665.36535644531 1668.3720703125 1667.96789550781 1668.68640136719 1671.07849121094 1673.91076660156 1677.87316894531 -3.4e+38 -3.4e+38 -3.4e+38 -3.4e+38 -3.4e+38 -3.4e+38 -3.4e+38 -3.4e+38
1606.03625488281 1604.11010742188 1600.46630859375 1598.13024902344 1597.30712890625 1597.4833984375 1597.46350097656 1597.51977539062 1596.38391113281 1599.28369140625 1599.69775390625 -3.4e+38 1599.70056152344 1601.23486328125 1604.20202636719 1605.65283203125 1609.107421875 1612.83557128906 -3.4e+38 1623.85314941406 1629.44946289062 1633.94372558594 1642.15832519531 1645.31774902344 1646.19580078125 1649.927734375 1652.16333007812 1654.97204589844 1657.68054199219 1658.71594238281 1659.09594726562 1660.17956542969 1662.08972167969 1672.24755859375 1673.45849609375 1673.06762695312 1671.84619140625 1673.70654296875 1675.86938476562 1679.91772460938 1680.93212890625 -3.4e+38 -3.4e+38 -3.4e+38 -3.4e+38 -3.4e+38 -3.4e+38 -3.4e+38 -3.4e+38
1606.92138671875 1604.99182128906 1603.85827636719 1603.79626464844 1604.45971679688 1604.27551269531 1604.08972167969 1603.85131835938 1603.81677246094 1604.33459472656 -3.4e+38 -3.4e+38 1609.11254882812 1607.6728515625 1610.26953125 1614.56872558594 1619.23461914062 -3.4e+38 1625.63305664062 1631.4765625 1637.16809082031 1643.32641601562 1650.88781738281 1654.21411132812 1653.17224121094 1651.72644042969 1655.24633789062 1660.41638183594 1665.138671875 1667.45031738281 1669.03088378906 1669.89404296875 1671.65454101562 1688.18579101562 1680.33874511719 1680.57202148438 1683.1865234375 1685.51525878906 1688.205078125 1688.01257324219 1688.71533203125 -3.4e+38 -3.4e+38 -3.4e+38 -3.4e+38 -3.4e+38 -3.4e+38 -3.4e+38 -3.4e+38
1610.56506347656 1608.41186523438 1606.54284667969 1605.58862304688 -3.4e+38 1605.92736816406 1605.267578125 1605.89306640625 1605.97729492188 1606.07336425781 1606.51208496094 -3.4e+38 1611.64477539062 1612.76635742188 1614.4443359375 1616.36364746094 1620.89489746094 -3.4e+38 -3.4e+38 1634.88732910156 1640.83642578125 1646.98266601562 1656.14331054688 1658.10095214844 1656.47351074219 1656.55944824219 1657.77404785156 1661.32177734375 1665.47106933594 1670.17797851562 1673.58935546875 1673.13647460938 1672.80334472656 1683.65356445312 1682.39599609375 1686.30249023438 1689.82482910156 1691.12036132812 -3.4e+38 1689.28845214844 -3.4e+38 1694.17211914062 -3.4e+38 -3.4e+38 -3.4e+38 -3.4e+38 -3.4e+38 -3.4e+38 -3.4e+38
1613.96142578125 1611.80041503906 1609.28430175781 1608.32873535156 1609.865234375 1610.25549316406 1608.18981933594 1608.67810058594 1608.66442871094 1608.57006835938 1609.28564453125 1609.296875 1614.76550292969 1615.59375 1615.95544433594 1617.78039550781 1623.23937988281 1629.0595703125 1633.63012695312 1638.55639648438 1644.05297851562 1649.86779785156 1659.00891113281 1660.05749511719 1659.60437011719 1661.17114257812 1660.96447753906 1664.15368652344 1666.15209960938 1670.53881835938 1675.60510253906 1675.00598144531 1674.33728027344 1681.45715332031 1688.30871582031 1693.60852050781 1691.65148925781 1691.4306640625 -3.4e+38 -3.4e+38 -3.4e+38 -3.4e+38 1699.78356933594 -3.4e+38 -3.4e+38 -3.4e+38 -3.4e+38 -3.4e+38 -3.4e+38
1616.77685546875 1615.08837890625 1612.74780273438 1611.58666992188 1612.85217285156 1616.0927734375 1613.50317382812 1612.80981445312 1613.25756835938 1610.78735351562 1610.80676269531 1612.62658691406 1614.86218261719 1616.13403320312 1617.94201660156 1622.52368164062 1627.10473632812 1631.43383789062 1635.52172851562 1640.19934082031 1647.26354980469 1653.48193359375 1662.88928222656 1667.15661621094 1665.24450683594 1666.47253417969 1667.54565429688 1667.13513183594 1668.388671875 1671.2099609375 1675.95202636719 1678.05126953125 1678.00329589844 1687.42834472656 1692.93969726562 1697.57165527344 1695.93627929688 1695.72119140625 -3.4e+38 -3.4e+38 -3.4e+38 -3.4e+38 1713.11389160156 -3.4e+38 -3.4e+38 -3.4e+38 -3.4e+38 -3.4e+38 -3.4e+38
1619.85729980469 1617.7451171875 1615.76452636719 1614.78503417969 1616.90087890625 1619.19250488281 1617.96325683594 1617.00732421875 1615.88781738281 1611.98803710938 1611.2294921875 1615.08288574219 1615.54064941406 1618.24816894531 1622.84155273438 1626.45837402344 1629.24829101562 1631.74829101562 1636.65283203125 1642.59887695312 1650.56469726562 -3.4e+38 1669.08642578125 1673.35461425781 1672.27026367188 1674.3681640625 1675.224609375 1669.11938476562 1670.75085449219 1672.89392089844 1677.80810546875 1680.67431640625 1681.8916015625 1689.32983398438 1693.69641113281 1697.11730957031 1699.63598632812 1700.42895507812 -3.4e+38 -3.4e+38 -3.4e+38 -3.4e+38 1720.63745117188 1718.34558105469 -3.4e+38 -3.4e+38 -3.4e+38 -3.4e+38 -3.4e+38
1622.18371582031 1620.36584472656 1618.43994140625 1617.42553710938 1618.279296875 1618.43933105469 1617.51489257812 1616.96923828125 1617.65478515625 1614.78662109375 1613.51147460938 1615.88439941406 1618.08715820312 1621.13598632812 1626.27478027344 1629.3544921875 1629.02307128906 1632.64514160156 1637.73315429688 1643.27978515625 1651.11560058594 1658.44189453125 1670.89172363281 1675.24890136719 1677.79614257812 1679.00939941406 1675.84423828125 1671.16333007812 1673.63513183594 1675.06091308594 1680.16564941406 1683.36657714844 1684.39392089844 -3.4e+38 -3.4e+38 1697.443359375 1700.13720703125 1702.1240234375 1705.28698730469 -3.4e+38 -3.4e+38 -3.4e+38 1719.97863769531 -3.4e+38 -3.4e+38 -3.4e+38 -3.4e+38 -3.4e+38 -3.4e+38
1623.75 1623.01123046875 1621.86596679688 1620.56860351562 1618.86633300781 1617.9716796875 1617.404296875 1619.15148925781 1623.40173339844 1619.79125976562 1616.47314453125 1617.69702148438 1623.26440429688 1627.380859375 1626.41345214844 1628.0087890625 1628.88439941406 1632.95141601562 1638.23217773438 1643.65454101562 1650.8740234375 1658.57434082031 1670.76794433594 1675.23498535156 1679.90295410156 1681.09484863281 1676.23205566406 1674.46948242188 1675.69909667969 1676.85363769531 1680.58276367188 1685.53796386719 1687.57604980469 -3.4e+38 -3.4e+38 -3.4e+38 1703.17846679688 1706.62109375 1711.12548828125 -3.4e+38 -3.4e+38 -3.4e+38 -3.4e+38 -3.4e+38 -3.4e+38 -3.4e+38 -3.4e+38 -3.4e+38 -3.4e+38
1625.27990722656 1624.56896972656 1624.5498046875 1623.76647949219 1621.97094726562 1620.23876953125 1621.06506347656 1624.53210449219 1626.30236816406 1622.5517578125 1616.24890136719 1620.04504394531 1624.29724121094 1628.30334472656 1629.22351074219 1627.19067382812 1629.32885742188 1632.89453125 1637.3984375 1644.06274414062 1651.00244140625 1657.66564941406 1670.24621582031 1676.12536621094 1682.21301269531 1682.63305664062 1678.35632324219 1677.18530273438 1676.56408691406 1678.39929199219 1682.53564453125 -3.4e+38 -3.4e+38 -3.4e+38 -3.4e+38 -3.4e+38 -3.4e+38 1711.1884765625 1715.65954589844 1714.91357421875 -3.4e+38 -3.4e+38 -3.4e+38 -3.4e+38 -3.4e+38 -3.4e+38 -3.4e+38 -3.4e+38 -3.4e+38
1626.85180664062 1626.03735351562 1626.45288085938 1626.09875488281 1626.19030761719 1626.09802246094 1625.44897460938 1627.44348144531 1624.59313964844 1621.18469238281 1616.16418457031 1619.41064453125 1621.47387695312 1625.17602539062 1628.64245605469 1628.46850585938 1629.50622558594 1632.62963867188 1637.65991210938 1643.23364257812 1650.18896484375 1656.06005859375 1670.85522460938 1678.70556640625 1683.88806152344 1682.08618164062 1679.30236816406 1677.9873046875 1678.64367675781 -3.4e+38 -3.4e+38 -3.4e+38 -3.4e+38 -3.4e+38 -3.4e+38 -3.4e+38 -3.4e+38 1715.82836914062 1721.19958496094 1723.97082519531 -3.4e+38 -3.4e+38 -3.4e+38 -3.4e+38 -3.4e+38 -3.4e+38 -3.4e+38 -3.4e+38 -3.4e+38
1628.56689453125 1627.23889160156 1626.73181152344 1627.67614746094 1628.28588867188 1630.2587890625 1632.72143554688 1630.17358398438 1624.64184570312 1621.44030761719 1618.72290039062 1618.22583007812 1619.59155273438 1622.88708496094 1624.49719238281 1626.84790039062 1628.50964355469 1631.93505859375 1638.66149902344 1644.45861816406 1649.88708496094 1655.25476074219 1672.99011230469 1679.38439941406 1681.38525390625 -3.4e+38 1678.14624023438 1678.01037597656 1680.71520996094 -3.4e+38 -3.4e+38 -3.4e+38 -3.4e+38 -3.4e+38 1707.03466796875 1710.98950195312 1714.57006835938 1718.62976074219 -3.4e+38 -3.4e+38 -3.4e+38 -3.4e+38 -3.4e+38 -3.4e+38 -3.4e+38 -3.4e+38 -3.4e+38 -3.4e+38 -3.4e+38
1629.84094238281 1628.58068847656 1627.38134765625 -3.4e+38 1629.8798828125 1634.65246582031 1636.70458984375 1630.24401855469 1625.8193359375 1623.05908203125 1620.97399902344 1617.931640625 1618.66760253906 1622.16674804688 1624.85998535156 1625.23596191406 1628.34704589844 1634.01879882812 1639.37133789062 1646.42102050781 1650.52075195312 1657.16442871094 1667.54248046875 1675.50341796875 1678.82165527344 1676.77453613281 1677.17236328125 1679.64465332031 1682.44506835938 -3.4e+38 -3.4e+38 -3.4e+38 -3.4e+38 1706.17346191406 1711.63208007812 1716.33471679688 1719.51379394531 1721.93420410156 -3.4e+38 -3.4e+38 -3.4e+38 -3.4e+38 -3.4e+38 -3.4e+38 -3.4e+38 -3.4e+38 -3.4e+38 -3.4e+38 1771.96923828125
1630.39770507812 1630.02502441406 1629.33581542969 1629.453125 1630.55834960938 1635.74475097656 1637.82470703125 1632.48706054688 1627.17431640625 1624.36755371094 1621.82202148438 1618.97839355469 1620.05139160156 1622.84655761719 1624.5947265625 1625.74169921875 1631.20202636719 1637.33459472656 1643.07104492188 1647.40649414062 1649.4443359375 1656.99523925781 -3.4e+38 1671.10729980469 1676.06860351562 1676.1298828125 1677.87573242188 1680.04541015625 1683.86828613281 1687.58850097656 -3.4e+38 -3.4e+38 -3.4e+38 1709.794921875 1714.78796386719 1719.14916992188 1723.76599121094 1727.37182617188 -3.4e+38 -3.4e+38 -3.4e+38 -3.4e+38 -3.4e+38 -3.4e+38 -3.4e+38 -3.4e+38 -3.4e+38 -3.4e+38 1775.32531738281
1634.04626464844 1631.4736328125 1632.10412597656 1633.11645507812 1634.59741210938 1639.57336425781 1639.12451171875 1632.9853515625 1631.33166503906 1629.61181640625 1627.22680664062 1624.59838867188 1622.24182128906 1623.7841796875 1630.1826171875 1641.38403320312 1643.005859375 1641.28784179688 1639.50280761719 1644.2958984375 1650.70288085938 1651.18603515625 1662.77990722656 -3.4e+38 1670.01708984375 1675.25109863281 1680.29846191406 1683.50854492188 1688.3369140625 1693.27893066406 1697.77185058594 -3.4e+38 -3.4e+38 -3.4e+38 -3.4e+38 1725.76989746094 1731.60095214844 -3.4e+38 -3.4e+38 -3.4e+38 -3.4e+38 -3.4e+38 -3.4e+38 -3.4e+38 -3.4e+38 -3.4e+38 -3.4e+38 -3.4e+38 -3.4e+38
1636.27624511719 1633.91174316406 1632.91296386719 1634.76245117188 1637.74548339844 1641.44482421875 1638.14770507812 1635.79516601562 1634.53100585938 1634.49365234375 1632.20849609375 1624.92468261719 1624.646484375 1630.58386230469 1640.70104980469 1648.77612304688 1644.978515625 1640.69091796875 1640.93518066406 1644.80932617188 1648.67517089844 1652.6474609375 1661.43334960938 1666.89904785156 1671.49536132812 1676.78723144531 1681.70922851562 1685.98474121094 1690.78295898438 1695.66577148438 1700.89147949219 1706.55493164062 1712.41333007812 1722.70349121094 1725.92004394531 -3.4e+38 1734.89807128906 -3.4e+38 -3.4e+38 -3.4e+38 -3.4e+38 -3.4e+38 -3.4e+38 -3.4e+38 -3.4e+38 -3.4e+38 -3.4e+38 -3.4e+38 1791.49584960938
1637.48413085938 1636.27124023438 1634.01000976562 1636.20202636719 1640.05700683594 1641.10021972656 1641.75866699219 1640.76208496094 1637.75012207031 1636.78784179688 1633.69885253906 1628.92468261719 1629.67175292969 1639.29455566406 1651.02062988281 1652.68957519531 1644.28259277344 1639.67053222656 1641.2041015625 1641.89965820312 1645.47326660156 1652.21655273438 1663.28234863281 1668.25170898438 1673.20751953125 1679.57531738281 1684.32189941406 1689.87475585938 1694.93542480469 1700.248046875 1705.37902832031 1711.21362304688 1717.1064453125 1727.34240722656 1730.07434082031 1734.83325195312 1739.01782226562 1742.5078125 -3.4e+38 -3.4e+38 -3.4e+38 -3.4e+38 -3.4e+38 -3.4e+38 -3.4e+38 -3.4e+38 -3.4e+38 -3.4e+38 1796.64636230469
1638.26489257812 -3.4e+38 1636.70007324219 1637.25964355469 1639.28173828125 1639.88781738281 1643.84155273438 1644.66906738281 1639.66906738281 1635.79663085938 1633.80773925781 1634.4736328125 1633.39453125 1641.37219238281 1654.81591796875 1654.17919921875 1638.56787109375 1641.21569824219 1647.55456542969 1639.72900390625 1647.4521484375 1655.22387695312 1664.70190429688 1670.86779785156 1675.322265625 1680.91015625 1686.82629394531 1693.34460449219 1699.03405761719 1704.70581054688 1710.11462402344 1716.61694335938 1722.59655761719 1730.38098144531 1733.52001953125 1739.0615234375 1743.43615722656 1747.08972167969 1752.30920410156 1757.96606445312 1761.89233398438 1766.23132324219 1770.90112304688 -3.4e+38 -3.4e+38 1789.25695800781 -3.4e+38 -3.4e+38 1800.71508789062
