rcp8.5models/GFDL_CM3/sc1gr10.19
NCOLS 261 
NROWS 433 
XLLCORNER 336357.134 
YLLCORNER 654653.479 
CELLSIZE 1000 
NODATA_value -3.4e+38 
[rows 176 to 197 of 433, columns 147 to 195 of 261]
594.247741699219 598.794006347656 605.869323730469 614.226623535156 620.037170410156 624.806457519531 631.513366699219 637.070373535156 642.540771484375 644.34326171875 649.079528808594 661.109680175781 666.274536132812 672.639587402344 678.005737304688 683.681823730469 687.526306152344 692.140441894531 696.556518554688 701.076782226562 706.496032714844 712.878784179688 721.408630371094 725.734252929688 730.056640625 734.261779785156 737.407104492188 740.763916015625 744.773132324219 749.567077636719 753.520385742188 756.925598144531 759.8564453125 768.069274902344 771.816467285156 776.148864746094 779.463989257812 783.604553222656 788.565124511719 791.88037109375 795.429443359375 799.625671386719 802.789611816406 805.76171875 807.720947265625 812.734802246094 815.720703125 -3.4e+38 822.431762695312
594.9052734375 599.295471191406 605.083251953125 612.247802734375 618.963073730469 624.10693359375 630.57763671875 640.0673828125 648.028747558594 646.177856445312 651.706665039062 662.709045410156 669.12353515625 675.087158203125 679.687438964844 685.4599609375 689.253967285156 693.491271972656 698.378112792969 703.251403808594 708.357360839844 713.794128417969 722.11767578125 727.072082519531 731.380065917969 735.377380371094 738.182556152344 740.604797363281 745.007080078125 750.106994628906 754.348449707031 757.725280761719 761.935485839844 770.802307128906 773.850891113281 777.841003417969 780.861145019531 783.737182617188 788.302856445312 792.454956054688 795.683959960938 799.479370117188 803.238952636719 805.753295898438 808.45654296875 814.174377441406 816.945190429688 819.543090820312 822.663024902344
596.806884765625 601.898071289062 607.80419921875 613.514709472656 617.690734863281 623.147216796875 -3.4e+38 640.584289550781 646.972717285156 647.911376953125 653.459411621094 663.835388183594 670.86767578125 676.347351074219 680.111877441406 685.214538574219 690.128356933594 695.148315429688 699.579895019531 703.780212402344 708.821960449219 713.90966796875 721.663635253906 726.327270507812 730.507263183594 735.039672851562 738.7265625 741.984313964844 746.47021484375 751.581176757812 755.44873046875 759.244995117188 764.056945800781 772.012145996094 774.947692871094 777.721496582031 781.635070800781 784.329528808594 787.996826171875 792.557495117188 796.447875976562 799.966369628906 803.632507324219 805.960388183594 808.635925292969 814.10205078125 -3.4e+38 820.207885742188 822.822875976562
600.529418945312 605.897705078125 614.28271484375 618.604431152344 618.025451660156 622.845520019531 630.764892578125 638.698303222656 644.137084960938 650.409423828125 656.490356445312 665.636657714844 672.367858886719 677.204223632812 680.461853027344 684.98681640625 690.103393554688 695.055541992188 699.296569824219 703.315368652344 707.966430664062 713.274536132812 721.960205078125 726.407958984375 731.467163085938 736.155029296875 739.778198242188 744.291748046875 748.558410644531 753.563598632812 757.298767089844 761.128662109375 765.422241210938 773.143981933594 775.436218261719 777.55224609375 782.126708984375 785.708129882812 788.608337402344 792.833618164062 797.168884277344 801.167114257812 804.489624023438 806.855712890625 809.055480957031 814.527160644531 817.702392578125 821.304504394531 824.537048339844
602.341247558594 608.901611328125 616.363342285156 618.816345214844 619.793090820312 624.551025390625 630.6708984375 637.295776367188 644.068237304688 651.328796386719 658.31201171875 667.870971679688 673.0048828125 678.354125976562 682.3828125 687.069091796875 691.192443847656 695.033752441406 699.85546875 704.890563964844 709.017578125 713.632141113281 723.292419433594 728.506286621094 734.434509277344 737.380065917969 741.206848144531 747.615905761719 751.528015136719 755.590026855469 759.429382324219 762.833557128906 766.312927246094 773.739990234375 776.414489746094 779.291015625 782.960754394531 786.297485351562 789.329162597656 793.291259765625 797.515808105469 801.453308105469 804.802917480469 807.360717773438 810.041259765625 815.485229492188 818.278686523438 822.385986328125 825.669189453125
600.506103515625 608.642028808594 615.851867675781 616.601013183594 621.822875976562 626.118041992188 631.136169433594 636.856994628906 643.604736328125 650.617126464844 658.612365722656 669.382141113281 673.463928222656 678.330261230469 682.759643554688 687.410217285156 692.157836914062 697.058410644531 701.506896972656 706.314758300781 710.857971191406 715.867248535156 725.766723632812 730.511474609375 736.24169921875 738.809387207031 742.70703125 749.910766601562 754.456481933594 757.945922851562 761.447387695312 764.672668457031 767.868225097656 773.954223632812 777.859619140625 781.129516601562 784.360046386719 787.019104003906 789.806518554688 793.981201171875 798.247253417969 801.752624511719 804.004455566406 806.978515625 810.111572265625 815.765808105469 818.506591796875 822.099853515625 825.183227539062
599.598388671875 609.934265136719 621.1025390625 619.047241210938 625.028747558594 629.091674804688 632.277770996094 638.013427734375 643.081665039062 649.971618652344 658.857788085938 670.683166503906 673.610961914062 677.967163085938 682.946411132812 688.236877441406 692.937316894531 697.857116699219 702.624572753906 707.420227050781 712.626098632812 717.448120117188 728.040344238281 -3.4e+38 736.848266601562 740.401550292969 744.29296875 750.292785644531 755.833557128906 760.039245605469 763.060302734375 765.544982910156 768.898193359375 775.882995605469 779.730773925781 782.389343261719 784.8447265625 787.591918945312 790.169372558594 794.0234375 798.62744140625 802.72216796875 804.083251953125 807.310180664062 810.44482421875 815.782836914062 819.141357421875 822.017822265625 825.218994140625
598.282348632812 611.97509765625 -3.4e+38 621.318176269531 627.083374023438 631.223571777344 631.814453125 637.66162109375 643.279052734375 -3.4e+38 658.556213378906 671.988586425781 674.804809570312 679.709106445312 684.454650878906 689.261352539062 694.053833007812 698.370056152344 703.437561035156 709.046447753906 713.810607910156 718.239135742188 730.482421875 733.998046875 738.424560546875 742.022338867188 746.319152832031 751.831604003906 757.093383789062 761.190551757812 764.603393554688 766.660339355469 769.811096191406 777.698852539062 781.106994628906 782.617736816406 784.262756347656 787.520202636719 790.353820800781 793.758972167969 798.814025878906 802.879455566406 804.291320800781 807.329528808594 810.634155273438 815.761535644531 819.6142578125 823.104431152344 825.576049804688
596.106872558594 607.320556640625 619.166137695312 620.618347167969 627.842041015625 631.038024902344 631.914245605469 -3.4e+38 -3.4e+38 651.323608398438 658.380493164062 672.064208984375 676.673828125 682.451599121094 686.487060546875 690.04638671875 694.944091796875 699.875549316406 705.436767578125 711.071228027344 715.359069824219 720.414123535156 731.982238769531 736.411376953125 740.757751464844 744.297119140625 748.635070800781 754.261108398438 758.608947753906 761.439636230469 764.85107421875 767.514587402344 770.398376464844 778.564819335938 781.439636230469 782.685363769531 785.105285644531 788.34326171875 791.276916503906 794.829162597656 798.970947265625 801.803649902344 804.812744140625 807.785522460938 810.724182128906 815.768859863281 820.479309082031 825.5986328125 826.925415039062
595.605163574219 604.195068359375 610.903076171875 616.784484863281 621.880249023438 627.621398925781 632.97509765625 -3.4e+38 -3.4e+38 651.574157714844 656.352478027344 670.748046875 677.1240234375 683.403198242188 687.819946289062 692.749755859375 699.5556640625 705.080383300781 710.634399414062 715.426208496094 718.363525390625 723.788391113281 733.3291015625 737.971008300781 743.240966796875 747.878601074219 752.432556152344 756.172790527344 758.686218261719 760.723754882812 764.565368652344 768.730163574219 771.293273925781 779.130981445312 781.728698730469 784.568969726562 786.328857421875 789.793640136719 792.70849609375 795.583862304688 798.435180664062 801.289611816406 804.678039550781 808.086791992188 811.167785644531 819.125366210938 822.944946289062 825.288818359375 826.506042480469
595.110900878906 602.942932128906 609.697265625 616.646728515625 622.296508789062 627.755920410156 633.017028808594 -3.4e+38 -3.4e+38 652.584716796875 656.898193359375 669.746826171875 676.443481445312 682.520874023438 688.484741210938 693.522277832031 699.283630371094 705.5771484375 711.962890625 717.078247070312 720.358032226562 725.154541015625 733.111145019531 737.133361816406 742.424255371094 746.943054199219 751.967529296875 756.387634277344 758.737121582031 760.727233886719 763.835266113281 767.376403808594 770.014099121094 778.353698730469 780.877380371094 783.762573242188 786.399963378906 789.594909667969 793.312622070312 796.032653808594 798.903259277344 801.716857910156 804.820739746094 808.4326171875 811.819885253906 819.293579101562 823.152465820312 825.168334960938 827.313110351562
595.646545410156 601.807739257812 609.196044921875 616.135559082031 622.357238769531 629.010986328125 634.470886230469 -3.4e+38 -3.4e+38 653.697204589844 658.158752441406 670.127380371094 676.942077636719 682.60009765625 688.378723144531 694.486755371094 699.07958984375 704.286437988281 711.57080078125 717.781982421875 721.67822265625 726.616088867188 734.068359375 737.34521484375 741.369934082031 745.948059082031 750.578552246094 754.951965332031 757.8662109375 760.539428710938 763.252990722656 766.359191894531 769.895690917969 777.261901855469 780.605041503906 784.111206054688 787.008361816406 790.523742675781 794.134155273438 796.593322753906 800.163696289062 802.737854003906 805.26708984375 808.576171875 811.995056152344 818.04345703125 822.224365234375 824.811096191406 826.632751464844
599.376708984375 603.091735839844 -3.4e+38 615.543395996094 622.155517578125 629.231750488281 635.067504882812 -3.4e+38 -3.4e+38 654.204345703125 658.918151855469 670.384704589844 677.4833984375 683.525207519531 688.535095214844 694.291809082031 699.730163574219 704.901733398438 710.860290527344 716.990661621094 721.273254394531 726.300537109375 734.56494140625 738.20849609375 741.417541503906 746.03369140625 749.842956542969 752.635803222656 756.388061523438 760.541320800781 763.749877929688 766.2744140625 770.573364257812 777.888427734375 781.026672363281 784.125305175781 787.458435058594 791.437133789062 794.222900390625 796.55419921875 800.136169433594 802.815063476562 805.366333007812 808.166564941406 811.094055175781 817.544006347656 820.869201660156 823.5517578125 825.436218261719
602.589599609375 608.613647460938 612.490234375 615.091491699219 621.816833496094 628.245483398438 635.693054199219 -3.4e+38 -3.4e+38 656.097717285156 660.860656738281 671.318786621094 677.746032714844 683.922790527344 688.865539550781 694.588134765625 700.002258300781 705.072387695312 710.786376953125 716.294982910156 720.914245605469 725.693115234375 734.171997070312 738.4501953125 741.636962890625 746.796691894531 750.665222167969 753.445739746094 756.154357910156 760.03564453125 -3.4e+38 767.406799316406 771.892272949219 778.239929199219 781.111083984375 784.125366210938 787.864135742188 791.007080078125 794.06591796875 797.443298339844 800.196166992188 802.375183105469 804.927612304688 808.354064941406 811.369079589844 818.026123046875 820.721069335938 823.331970214844 825.155517578125
603.027893066406 609.27490234375 613.580200195312 616.375549316406 622.414489746094 627.973022460938 636.397155761719 643.541809082031 650.230224609375 657.187683105469 661.822631835938 674.031860351562 680.008117675781 685.100036621094 689.66943359375 695.360534667969 700.29150390625 705.384826660156 710.655212402344 715.830627441406 720.959350585938 725.689208984375 734.032409667969 738.347961425781 741.544555664062 746.333801269531 751.00244140625 754.860778808594 756.54443359375 759.702209472656 764.033874511719 768.556579589844 772.21630859375 777.96337890625 781.404113769531 -3.4e+38 788.208129882812 791.391967773438 794.474060058594 797.535400390625 800.113830566406 802.309631347656 804.803833007812 808.403015136719 811.977783203125 818.922790527344 821.666198730469 823.59375 824.654724121094
607.234436035156 610.338439941406 613.123168945312 618.738647460938 624.5419921875 629.239135742188 638.036193847656 646.782653808594 651.861511230469 657.677551269531 663.783142089844 676.312133789062 681.517272949219 685.622436523438 690.750122070312 695.732482910156 700.917907714844 706.412292480469 710.885986328125 716.125061035156 721.150329589844 726.006591796875 734.552429199219 738.516967773438 742.116638183594 746.088256835938 750.642700195312 754.752380371094 757.338806152344 760.794250488281 765.694641113281 769.712585449219 772.510009765625 778.359375 782.021728515625 785.474182128906 788.255004882812 791.6376953125 794.72900390625 797.916870117188 800.82861328125 803.934387207031 806.104797363281 808.66259765625 812.9931640625 819.263244628906 820.835327148438 821.977294921875 824.113342285156
610.098022460938 614.508483886719 615.063110351562 620.326904296875 626.027954101562 631.404052734375 641.089721679688 650.422119140625 653.676391601562 659.512878417969 666.277709960938 676.287414550781 681.783325195312 686.438110351562 692.349731445312 696.963134765625 702.218322753906 707.896606445312 712.485473632812 717.675903320312 721.965942382812 726.568237304688 734.968627929688 738.773742675781 743.05615234375 746.531066894531 750.217834472656 754.438110351562 757.683410644531 761.271545410156 766.178161621094 770.611083984375 773.974548339844 779.230529785156 782.388854980469 785.930297851562 789.041320800781 791.549987792969 794.573303222656 798.255615234375 801.725952148438 805.203674316406 807.571350097656 809.494079589844 814.071105957031 818.54443359375 819.456848144531 821.288146972656 824.538879394531
615.358032226562 613.080749511719 616.197265625 621.522644042969 627.283630371094 633.590698242188 643.893188476562 652.829406738281 656.308837890625 660.68017578125 667.15234375 676.522766113281 682.122619628906 687.686889648438 694.165771484375 698.820861816406 705.052429199219 709.524291992188 713.588012695312 718.521118164062 722.79638671875 727.500183105469 735.108764648438 739.374877929688 743.43310546875 746.953369140625 750.810974121094 754.640747070312 758.073913574219 761.378662109375 765.473754882812 770.271057128906 774.315063476562 779.794311523438 782.957092285156 786.039123535156 789.108459472656 791.461059570312 794.047058105469 797.317993164062 801.538024902344 805.516723632812 808.401306152344 810.467590332031 814.467712402344 817.567687988281 819.593627929688 822.21875 824.790832519531
619.747680664062 612.618774414062 617.579162597656 622.777648925781 628.522277832031 635.828552246094 646.940673828125 657.369323730469 659.63037109375 661.773803710938 668.418518066406 678.062377929688 683.233947753906 688.648376464844 694.15576171875 699.2626953125 705.439819335938 709.696594238281 714.666076660156 719.375610351562 723.008972167969 727.989196777344 736.430114746094 740.825805664062 743.9931640625 747.947692871094 752.187133789062 755.339416503906 758.880554199219 762.900146484375 766.630737304688 770.162292480469 773.792236328125 780.144592285156 783.510009765625 786.838989257812 789.395080566406 791.653625488281 794.21240234375 797.457885742188 801.538635253906 805.363464355469 808.715576171875 811.570861816406 814.674682617188 817.390625 819.999084472656 822.573608398438 825.345886230469
613.533508300781 614.35302734375 619.902893066406 624.78662109375 630.546936035156 639.0224609375 649.8359375 660.355102539062 660.04443359375 664.224182128906 670.864501953125 678.802795410156 684.098999023438 688.872192382812 693.554077148438 698.992919921875 704.410095214844 709.3720703125 715.214477539062 719.719421386719 723.469482421875 728.172180175781 737.778930664062 741.697631835938 745.069458007812 749.436157226562 753.257995605469 755.330932617188 758.943786621094 763.611694335938 767.798278808594 771.169189453125 774.22802734375 780.158325195312 783.6982421875 787.189697265625 790.249450683594 792.5927734375 795.989685058594 799.687866210938 801.862243652344 804.695129394531 808.076110839844 812.059143066406 815.036437988281 816.941162109375 819.836486816406 822.519836425781 -3.4e+38
607.884887695312 612.537902832031 617.738464355469 624.164489746094 -3.4e+38 641.371459960938 653.540466308594 661.910827636719 659.352478027344 665.777587890625 669.433471679688 679.435180664062 684.213745117188 690.1953125 695.3076171875 700.453002929688 705.685241699219 710.572021484375 716.102478027344 721.625244140625 726.355651855469 730.838562011719 739.532104492188 743.823425292969 746.890197753906 750.205322265625 752.766845703125 756.411010742188 760.175476074219 764.146057128906 768.019226074219 771.200317382812 774.587585449219 780.912536621094 783.711059570312 786.83447265625 789.683166503906 793.882019042969 797.831420898438 800.364990234375 -3.4e+38 805.421264648438 807.869079589844 811.023193359375 814.039733886719 817.128967285156 819.088806152344 820.1845703125 821.632141113281
607.547546386719 612.536193847656 617.566162109375 -3.4e+38 -3.4e+38 -3.4e+38 651.944519042969 657.161499023438 658.5859375 665.330871582031 668.090393066406 680.527038574219 685.06982421875 690.49560546875 695.323364257812 701.2177734375 706.674987792969 712.047912597656 717.526550292969 722.048095703125 727.107604980469 732.198486328125 741.091979980469 744.830688476562 747.255920410156 751.536560058594 753.563720703125 756.806274414062 760.438903808594 764.161865234375 767.642700195312 771.191589355469 774.65625 780.850402832031 783.223388671875 -3.4e+38 789.643432617188 794.180419921875 -3.4e+38 801.210571289062 805.512084960938 -3.4e+38 809.421752929688 813.048583984375 814.453063964844 816.372619628906 818.378173828125 820.357482910156 822.301208496094
