rcp8.5models/GFDL_CM3/sc1gr10.39
NCOLS 261 
NROWS 433 
XLLCORNER 336357.134 
YLLCORNER 654653.479 
CELLSIZE 1000 
NODATA_value -3.4e+38 
[rows 176 to 197 of 433, columns 49 to 97 of 261]
372.842498779297 373.334350585938 373.661987304688 374.728607177734 375.564025878906 376.055358886719 376.376098632812 377.841796875 378.032623291016 378.370941162109 378.849151611328 380.512268066406 381.006896972656 381.8505859375 382.150634765625 383.026702880859 383.145263671875 383.470703125 385.504852294922 385.915252685547 387.374938964844 388.125701904297 389.566711425781 390.092681884766 390.780334472656 391.951385498047 393.302215576172 395.552337646484 400.311004638672 409.872589111328 414.772430419922 420.369781494141 424.745941162109 427.335296630859 434.056335449219 439.011535644531 443.939605712891 447.668304443359 454.456085205078 457.660919189453 463.146179199219 471.633483886719 475.059143066406 478.802978515625 485.093688964844 489.975433349609 494.775543212891 497.304168701172 502.577026367188
372.042541503906 372.206787109375 372.440124511719 373.062774658203 373.997802734375 374.917144775391 375.147399902344 375.9580078125 376.843231201172 377.083679199219 377.76171875 378.599761962891 379.527404785156 380.0009765625 380.274627685547 381.173278808594 381.983551025391 382.180511474609 384.335479736328 384.669647216797 385.886383056641 386.873107910156 387.917114257812 388.315734863281 389.837188720703 390.973968505859 392.534912109375 394.866271972656 400.593963623047 410.573852539062 413.418731689453 417.755493164062 422.705139160156 425.861724853516 431.283630371094 435.464202880859 441.739807128906 445.597229003906 452.200042724609 456.123901367188 461.430145263672 471.426116943359 473.091827392578 476.654327392578 482.016540527344 486.240600585938 492.711273193359 495.991790771484 501.273040771484
370.624572753906 371.904235839844 371.642669677734 371.939605712891 372.780334472656 373.273986816406 373.604431152344 374.735412597656 375.223785400391 375.682006835938 377.15087890625 377.373901367188 377.853271484375 378.254821777344 379.536285400391 379.944854736328 380.410491943359 380.79541015625 383.040100097656 384.258087158203 384.749969482422 385.804595947266 386.74853515625 387.073699951172 388.431427001953 389.998107910156 391.952667236328 396.39013671875 400.104675292969 409.128051757812 411.588714599609 414.030822753906 420.463165283203 424.208984375 429.008117675781 433.031799316406 439.415954589844 443.600189208984 450.029144287109 454.356536865234 460.065887451172 469.414581298828 472.606658935547 477.878021240234 480.554779052734 483.938568115234 490.491302490234 494.483184814453 499.776763916016
369.456268310547 370.68115234375 371.434326171875 371.639587402344 371.986785888672 372.153106689453 372.392547607422 373.938873291016 374.191741943359 374.880340576172 375.557769775391 375.876068115234 376.817596435547 377.395416259766 377.759918212891 378.467315673828 379.272277832031 379.628692626953 381.869873046875 382.92578125 383.349639892578 384.788238525391 385.323791503906 386.130676269531 387.597106933594 389.1640625 393.455444335938 396.612030029297 398.957946777344 408.197601318359 409.758758544922 412.416351318359 418.208557128906 422.068237304688 427.617767333984 430.831604003906 437.279846191406 441.702362060547 448.015991210938 451.270965576172 455.345092773438 464.868225097656 470.699432373047 477.990264892578 480.028625488281 485.429840087891 488.603729248047 492.189697265625 497.994720458984
369.096221923828 369.516021728516 370.010314941406 370.185791015625 370.528503417969 371.436248779297 371.699829101562 372.848114013672 373.057006835938 373.576873779297 374.437286376953 374.670349121094 375.465789794922 376.851715087891 376.843383789062 377.261291503906 377.996490478516 379.240783691406 380.259429931641 381.145324707031 382.139892578125 383.187469482422 383.6083984375 385.186645507812 386.491119384766 388.789672851562 393.871032714844 396.194763183594 398.753509521484 406.860412597656 408.681671142578 413.64501953125 416.837646484375 420.052551269531 -3.4e+38 429.807556152344 436.528381347656 440.396667480469 446.077514648438 448.482971191406 451.005249023438 461.43017578125 467.881927490234 473.137725830078 478.714019775391 485.585845947266 487.555847167969 490.4541015625 496.087921142578
367.798217773438 368.73095703125 368.906280517578 369.081665039062 369.330688476562 369.827514648438 370.312408447266 371.970123291016 372.137390136719 372.548706054688 373.830505371094 374.294372558594 374.437072753906 376.027893066406 375.502258300781 375.814483642578 376.851806640625 378.087066650391 379.540893554688 380.218597412109 381.752136230469 382.16845703125 383.07763671875 384.79296875 385.968719482422 389.976226806641 392.957611083984 395.015228271484 397.943634033203 405.253723144531 408.214935302734 413.504425048828 415.866638183594 418.770843505859 424.602752685547 428.747314453125 434.970489501953 438.147857666016 441.596313476562 446.340484619141 449.517852783203 459.699798583984 465.693115234375 469.013885498047 476.179992675781 481.409820556641 486.545928955078 491.959075927734 494.690582275391
366.703948974609 367.793029785156 368.713256835938 368.889312744141 368.967590332031 368.826812744141 369.536773681641 371.267578125 371.705871582031 372.883056640625 372.730407714844 373.208465576172 374.08203125 374.979278564453 374.502075195312 375.031951904297 375.258361816406 376.252380371094 378.418151855469 379.421569824219 380.579071044922 381.307403564453 382.494873046875 384.269439697266 387.747100830078 390.564819335938 391.980987548828 393.743011474609 396.178375244141 404.031036376953 406.709655761719 412.471710205078 414.921020507812 417.442352294922 423.294738769531 426.820404052734 433.190765380859 435.478485107422 438.164001464844 444.389221191406 448.287139892578 457.513824462891 463.814636230469 466.974761962891 474.619232177734 480.393737792969 485.538513183594 492.475006103516 494.409118652344
366.39208984375 366.824279785156 367.322998046875 -3.4e+38 367.824798583984 368.585174560547 368.94775390625 369.873413085938 370.9677734375 371.978729248047 371.827972412109 372.077178955078 372.887298583984 374.261779785156 374.270629882812 374.568572998047 374.567535400391 374.996398925781 377.244781494141 377.861419677734 378.915435791016 380.343719482422 381.583892822266 385.298095703125 388.122131347656 389.486297607422 391.036987304688 393.033599853516 -3.4e+38 402.468566894531 404.762969970703 410.976623535156 413.048797607422 415.736297607422 421.924346923828 425.305053710938 431.180297851562 434.259063720703 439.349426269531 444.296630859375 449.122406005859 456.413330078125 462.208587646484 465.897003173828 473.026519775391 477.639068603516 483.350036621094 488.208831787109 493.189544677734
365.865692138672 366.051971435547 366.238983154297 366.426544189453 366.862274169922 368.070892333984 368.253967285156 368.798553466797 369.922149658203 371.0712890625 371.546813964844 371.314422607422 371.888214111328 373.460540771484 373.138305664062 373.776153564453 373.455230712891 374.347869873047 375.968933105469 377.174133300781 377.757781982422 379.725982666016 383.583343505859 385.412322998047 386.783050537109 388.341064453125 389.702911376953 392.366882324219 397.829345703125 401.587615966797 406.332214355469 409.796539306641 412.231689453125 416.721099853516 420.248474121094 423.966705322266 -3.4e+38 433.541412353516 439.427215576172 443.763702392578 449.637329101562 457.515625 461.872344970703 467.068634033203 471.006195068359 473.827880859375 480.447082519531 483.824249267578 490.659881591797
364.203887939453 363.942962646484 364.068237304688 364.855285644531 365.752685546875 365.991058349609 366.367553710938 367.100463867188 367.431945800781 369.010192871094 369.873077392578 370.541473388672 370.993286132812 374.002014160156 371.739624023438 371.799102783203 371.812866210938 372.888122558594 375.502593994141 379.063232421875 381.683288574219 382.261413574219 382.763519287109 383.684967041016 384.849273681641 387.496765136719 392.755554199219 394.527893066406 395.833251953125 404.658782958984 406.610198974609 409.347991943359 415.043151855469 417.367553710938 420.32421875 426.077056884766 429.555114746094 434.715087890625 439.295654296875 445.104187011719 448.206298828125 457.041442871094 458.551177978516 462.635559082031 466.933074951172 469.952087402344 476.170227050781 480.259704589844 486.423553466797
363.196228027344 363.115386962891 362.945465087891 363.506530761719 364.426971435547 364.806213378906 365.691101074219 366.086761474609 366.519317626953 367.791046142578 369.480194091797 372.748199462891 373.237670898438 374.606628417969 370.530120849609 370.654022216797 370.852416992188 372.607757568359 -3.4e+38 379.112426757812 380.347839355469 381.363403320312 382.645568847656 384.375518798828 388.145172119141 389.437255859375 392.242248535156 393.89501953125 394.652587890625 403.420471191406 -3.4e+38 408.127014160156 413.953033447266 415.991668701172 418.957855224609 424.448944091797 428.521209716797 434.667388916016 437.938690185547 -3.4e+38 446.421630859375 455.017669677734 456.440093994141 459.533386230469 465.46533203125 468.822509765625 474.468566894531 478.508209228516 485.03515625
361.144226074219 361.310333251953 361.449523925781 362.293121337891 363.369567871094 363.654602050781 364.167785644531 365.527557373047 366.179595947266 366.649719238281 368.465148925781 373.629028320312 374.199737548828 373.898712158203 372.572448730469 372.745910644531 373.111297607422 374.38134765625 377.584869384766 378.595153808594 379.715209960938 380.438995361328 382.897369384766 387.057861328125 389.093109130859 390.002990722656 391.769104003906 392.907562255859 394.479156494141 -3.4e+38 -3.4e+38 -3.4e+38 -3.4e+38 415.530517578125 419.659606933594 423.410247802734 427.090576171875 432.818298339844 436.3935546875 441.735412597656 444.256774902344 453.32666015625 456.159454345703 460.481811523438 463.851531982422 467.335144042969 473.491241455078 477.329681396484 483.434356689453
358.987091064453 359.204315185547 359.647369384766 360.916076660156 361.841278076172 362.234436035156 363.118896484375 364.083862304688 365.057464599609 366.689392089844 370.371246337891 372.934875488281 373.276977539062 373.282348632812 373.304321289062 373.050476074219 374.017852783203 374.901092529297 377.239379882812 378.198272705078 379.228576660156 380.879089355469 384.800903320312 387.399353027344 388.663970947266 389.708770751953 391.898284912109 395.458404541016 396.985565185547 -3.4e+38 -3.4e+38 -3.4e+38 -3.4e+38 414.897491455078 420.518890380859 422.716491699219 425.951477050781 431.717956542969 434.832000732422 440.114105224609 442.163360595703 451.475341796875 454.611938476562 458.077941894531 462.596984863281 466.620300292969 472.877349853516 476.507110595703 482.046325683594
357.943481445312 358.162353515625 358.568420410156 359.723236083984 -3.4e+38 361.09765625 361.619049072266 363.446868896484 363.9296875 365.780487060547 371.032501220703 371.838928222656 371.655548095703 371.974670410156 372.485137939453 372.462005615234 373.306060791016 374.744140625 376.047088623047 377.571258544922 379.391937255859 383.719207763672 385.784362792969 386.408203125 387.804077148438 389.997100830078 393.918273925781 396.872497558594 -3.4e+38 -3.4e+38 407.3291015625 409.168029785156 -3.4e+38 -3.4e+38 419.674407958984 422.500549316406 426.643890380859 430.446258544922 433.284606933594 438.787231445312 441.016387939453 450.051483154297 453.018768310547 457.544891357422 461.322235107422 465.615051269531 471.208587646484 475.087432861328 481.93408203125
356.400939941406 356.921112060547 358.286254882812 358.767639160156 359.292846679688 359.700805664062 360.586120605469 365.487457275391 366.457153320312 367.527008056641 369.744934082031 371.013946533203 370.755920410156 371.415832519531 371.819427490234 372.024658203125 372.656402587891 374.344757080078 376.345825195312 380.428863525391 381.433166503906 384.103973388672 385.540924072266 386.253112792969 388.018188476562 392.115234375 394.687866210938 396.831237792969 398.809417724609 404.169067382812 407.224243164062 409.710632324219 413.669555664062 416.783752441406 418.675354003906 421.745971679688 427.089080810547 429.548126220703 432.523345947266 438.346649169922 441.161590576172 449.303283691406 452.30322265625 458.003662109375 461.379211425781 466.278503417969 469.852935791016 473.333526611328 480.278137207031
355.889404296875 356.245544433594 357.131072998047 358.034790039062 358.375823974609 359.090484619141 359.799163818359 365.840911865234 366.719940185547 368.280731201172 369.220886230469 370.505584716797 370.414855957031 370.392425537109 371.216003417969 371.539978027344 372.281341552734 373.977691650391 378.990844726562 381.046875 381.845703125 383.065307617188 385.305419921875 389.391174316406 390.346618652344 392.815521240234 394.439147949219 396.753021240234 401.166351318359 405.766265869141 407.941711425781 411.700408935547 414.864654541016 416.341217041016 419.185577392578 423.289611816406 427.840454101562 432.475372314453 434.81884765625 438.4853515625 441.016021728516 452.618286132812 454.388885498047 457.569885253906 461.096771240234 467.049865722656 470.541687011719 474.984527587891 479.668853759766
354.771636962891 355.688903808594 356.006256103516 356.721313476562 357.780059814453 358.597137451172 358.917510986328 361.860778808594 364.998199462891 367.09326171875 368.620666503906 369.15576171875 369.415588378906 369.821075439453 371.230072021484 374.620361328125 375.410034179688 376.125549316406 379.897918701172 380.536865234375 381.308837890625 383.635986328125 387.631866455078 390.850769042969 391.57275390625 392.596069335938 394.714202880859 398.964599609375 401.721832275391 408.921203613281 410.376342773438 412.694854736328 415.748321533203 420.275909423828 422.101287841797 424.472381591797 427.492309570312 433.649932861328 436.612274169922 440.684539794922 442.642852783203 451.525604248047 455.205718994141 457.304382324219 460.394256591797 466.453460693359 470.128997802734 476.153076171875 479.591186523438
353.647583007812 354.368896484375 355.279418945312 355.603576660156 356.19091796875 357.616943359375 361.373565673828 362.295166015625 364.404205322266 366.010162353516 367.312561035156 368.165344238281 368.459136962891 369.002014160156 370.786285400391 375.284881591797 376.797698974609 377.402709960938 379.786468505859 381.028106689453 384.402099609375 386.48583984375 388.41796875 389.961151123047 392.556091308594 395.681060791016 397.019500732422 400.341827392578 400.978820800781 410.011535644531 411.804382324219 412.793670654297 415.683807373047 421.935272216797 423.30517578125 424.166137695312 426.503204345703 432.278625488281 436.486511230469 442.986602783203 443.503784179688 450.911743164062 455.878601074219 460.63525390625 462.467132568359 466.665985107422 471.510009765625 475.234619140625 478.886871337891
352.921020507812 353.251373291016 353.791778564453 354.045715332031 354.599487304688 356.349304199219 358.917266845703 362.260986328125 363.805999755859 364.413391113281 365.240570068359 366.784576416016 367.032928466797 368.17578125 371.946044921875 374.246948242188 375.715515136719 377.104034423828 383.033782958984 384.211608886719 387.614379882812 387.934112548828 388.3056640625 390.154449462891 394.515594482422 397.222381591797 398.282653808594 400.194488525391 401.638000488281 409.323638916016 412.502746582031 416.021697998047 417.684936523438 421.162353515625 422.593109130859 423.825469970703 427.707092285156 431.603637695312 436.145935058594 442.503814697266 443.923400878906 452.076873779297 456.121826171875 461.879669189453 464.458923339844 469.068664550781 473.203277587891 475.701202392578 480.370758056641
-3.4e+38 351.870819091797 352.900054931641 353.556396484375 353.948974609375 354.677856445312 355.994781494141 361.187347412109 362.505981445312 363.497833251953 364.292236328125 365.034881591797 366.319946289062 370.383483886719 372.120330810547 372.843658447266 374.115966796875 375.924713134766 380.354827880859 386.025909423828 391.557586669922 387.086761474609 388.64404296875 392.506408691406 394.848480224609 396.277008056641 398.886016845703 403.320068359375 404.550506591797 409.955291748047 417.598449707031 426.413818359375 420.116821289062 425.309692382812 425.093292236328 426.351165771484 429.234375 431.013305664062 434.692565917969 -3.4e+38 444.091888427734 453.220886230469 458.101470947266 461.140747070312 465.127105712891 471.478576660156 476.427215576172 478.482025146484 482.513885498047
-3.4e+38 349.518707275391 350.835296630859 351.124572753906 351.583892822266 353.331237792969 357.381622314453 359.118286132812 360.161193847656 361.042755126953 361.497100830078 363.184448242188 366.591186523438 368.495208740234 369.593292236328 370.325317382812 371.817779541016 374.059448242188 379.986236572266 381.813171386719 383.532836914062 385.057281494141 389.379486083984 391.944793701172 392.812866210938 395.014038085938 399.623809814453 403.444946289062 406.428619384766 411.516204833984 416.002380371094 421.610107421875 423.918334960938 424.979553222656 425.883514404297 426.992309570312 429.333587646484 433.582641601562 437.500732421875 -3.4e+38 444.458618164062 452.521057128906 459.134643554688 461.742950439453 -3.4e+38 470.891510009766 475.712585449219 479.895874023438 484.115783691406
348.630676269531 348.872192382812 349.609771728516 350.030548095703 351.562286376953 354.816436767578 356.315521240234 357.554992675781 359.108825683594 359.686126708984 360.033905029297 361.757659912109 366.216217041016 367.349822998047 368.495758056641 369.134613037109 371.580291748047 375.485473632812 379.193084716797 381.141296386719 383.142730712891 386.940307617188 389.863555908203 390.74462890625 393.148071289062 397.218048095703 399.887542724609 402.59765625 405.919708251953 413.638916015625 418.706176757812 422.015014648438 423.725341796875 424.289459228516 425.723022460938 429.681518554688 432.278991699219 434.635131835938 438.140625 443.334869384766 446.474945068359 454.043212890625 458.938568115234 463.672576904297 468.313049316406 473.956024169922 477.850646972656 480.811431884766 487.418334960938
