rcp8.5models/GFDL_CM3/sc1gr2.8
NCOLS 261 
NROWS 433 
XLLCORNER 336357.134 
YLLCORNER 654653.479 
CELLSIZE 1000 
NODATA_value -3.4e+38 
[rows 352 to 373 of 433, columns 98 to 146 of 261]
337.049133300781 337.626800537109 339.785552978516 339.566864013672 331.328186035156 318.969024658203 313.893615722656 320.1884765625 329.033081054688 334.719940185547 334.689300537109 332.621185302734 331.965118408203 332.1806640625 322.907470703125 312.182800292969 305.693603515625 303.468200683594 300.110412597656 297.635528564453 292.75732421875 -3.4e+38 285.579162597656 274.405853271484 272.188781738281 268.676055908203 272.640716552734 279.602722167969 285.953704833984 292.952239990234 300.870239257812 304.190826416016 303.768981933594 304.347015380859 305.503662109375 305.457794189453 305.021759033203 304.347320556641 302.190704345703 302.419067382812 303.150024414062 303.856140136719 306.446838378906 -3.4e+38 -3.4e+38 302.615020751953 305.413940429688 305.071502685547 310.128234863281
335.127563476562 334.498046875 335.152923583984 340.544311523438 334.805206298828 320.755859375 305.784027099609 303.151245117188 313.082641601562 325.761535644531 333.60205078125 335.139984130859 334.496154785156 333.10107421875 330.924926757812 323.744781494141 315.990020751953 310.075378417969 302.941772460938 298.590515136719 302.119049072266 311.376403808594 307.108276367188 292.442810058594 286.146148681641 278.955932617188 283.348876953125 284.947326660156 290.225433349609 297.529327392578 303.848510742188 305.565795898438 304.1083984375 304.716888427734 303.776184082031 304.121551513672 303.278045654297 305.402069091797 305.978912353516 305.613372802734 305.05126953125 305.551727294922 -3.4e+38 -3.4e+38 -3.4e+38 303.610107421875 303.912841796875 302.758453369141 308.63525390625
335.274353027344 332.878387451172 330.325988769531 336.159545898438 336.804016113281 333.190399169922 317.926452636719 303.731048583984 301.438110351562 310.403289794922 324.314819335938 330.876129150391 333.687133789062 334.333160400391 333.213623046875 330.623657226562 326.167205810547 317.370391845703 304.581359863281 301.755981445312 314.253265380859 324.573852539062 320.246826171875 312.393951416016 304.493377685547 297.617034912109 303.343200683594 304.285675048828 306.613952636719 310.668518066406 311.918640136719 309.55029296875 308.219665527344 307.276763916016 303.566802978516 303.029724121094 302.688140869141 301.662322998047 304.291473388672 303.134094238281 303.464660644531 305.802276611328 -3.4e+38 304.514587402344 302.936584472656 300.967651367188 299.505767822266 301.801239013672 310.174224853516
336.839263916016 334.307647705078 329.885986328125 332.851409912109 335.783416748047 338.503936767578 332.207763671875 321.470886230469 313.341339111328 306.538696289062 305.903778076172 313.692504882812 321.800811767578 328.328063964844 333.382720947266 333.083374023438 332.164215087891 327.066131591797 317.2255859375 316.270080566406 325.925720214844 330.227355957031 327.754821777344 324.460235595703 321.154846191406 316.745239257812 315.984191894531 318.02587890625 313.095123291016 305.682342529297 304.304138183594 302.551452636719 303.498809814453 304.377532958984 303.429046630859 303.200439453125 302.138366699219 301.136688232422 301.029998779297 299.160705566406 299.88037109375 301.665069580078 302.436828613281 302.155090332031 299.767456054688 297.854461669922 298.009979248047 300.796234130859 310.402740478516
336.455932617188 337.029388427734 334.845550537109 331.188415527344 333.130828857422 337.577056884766 337.540161132812 334.202941894531 328.354400634766 318.128570556641 302.846801757812 296.356811523438 302.386474609375 315.065521240234 331.308258056641 332.44970703125 333.271789550781 331.375732421875 327.51123046875 327.163909912109 330.480926513672 330.747650146484 329.284301757812 328.326080322266 329.027923583984 327.170440673828 319.491729736328 311.863952636719 303.806396484375 295.502960205078 291.694030761719 288.545013427734 291.593780517578 296.446411132812 300.416320800781 301.753326416016 300.432556152344 301.923400878906 302.813659667969 302.276733398438 301.516357421875 301.097320556641 300.768920898438 299.708160400391 298.629272460938 299.946990966797 302.071258544922 304.021820068359 308.912780761719
333.982177734375 336.066833496094 336.991363525391 331.268951416016 332.470672607422 334.413421630859 332.106231689453 333.543792724609 334.487182617188 329.505798339844 319.081939697266 306.521362304688 302.435577392578 307.610748291016 326.531951904297 330.217224121094 330.464569091797 330.132202148438 329.207427978516 328.929931640625 330.227355957031 330.222259521484 329.950805664062 330.082000732422 330.530517578125 329.837158203125 320.675842285156 311.577087402344 305.269989013672 300.914886474609 292.960906982422 285.162017822266 285.725158691406 290.770172119141 296.592224121094 298.662506103516 299.715972900391 298.217468261719 301.953277587891 303.913635253906 303.870208740234 304.100921630859 303.990509033203 302.164215087891 301.697601318359 303.84716796875 306.499481201172 307.482574462891 307.267517089844
331.281921386719 334.509124755859 336.395904541016 335.243621826172 335.329559326172 334.321533203125 331.378112792969 333.122955322266 336.560882568359 333.846282958984 330.783020019531 324.821563720703 317.352203369141 316.433715820312 325.570526123047 328.3037109375 329.032745361328 329.266418457031 328.034454345703 326.807495117188 326.729858398438 328.459625244141 330.706939697266 329.931640625 328.596069335938 327.067749023438 318.968688964844 316.195373535156 313.679595947266 309.076751708984 300.753967285156 296.962554931641 297.984191894531 298.299377441406 300.462524414062 300.199096679688 298.723480224609 298.240417480469 303.199005126953 304.626678466797 305.364074707031 306.474609375 307.345397949219 306.055511474609 305.874664306641 306.562103271484 307.788940429688 308.580780029297 306.768890380859
330.473937988281 332.382171630859 334.233551025391 336.35107421875 336.245513916016 336.358459472656 334.508270263672 332.977569580078 334.138671875 334.422821044922 334.638580322266 331.325134277344 325.384704589844 324.478332519531 326.044799804688 327.577209472656 327.979858398438 328.639678955078 327.36181640625 324.158050537109 323.961975097656 327.684112548828 330.294097900391 328.942321777344 326.833282470703 323.648742675781 316.919616699219 314.301940917969 312.139190673828 307.983520507812 303.660858154297 307.544281005859 311.154998779297 307.996795654297 307.597991943359 306.971160888672 303.063781738281 300.924774169922 305.743530273438 306.812866210938 310.08935546875 316.072631835938 313.441650390625 315.126434326172 315.194610595703 313.395538330078 317.48291015625 317.76123046875 316.564849853516
318.172546386719 326.260162353516 327.474517822266 327.396270751953 330.257629394531 332.76904296875 334.548461914062 332.112426757812 329.711639404297 330.342987060547 330.654998779297 330.011871337891 329.287078857422 330.524017333984 328.219970703125 328.047576904297 327.748565673828 328.716766357422 329.621063232422 329.744354248047 329.305725097656 329.134613037109 325.766296386719 322.276245117188 322.915344238281 324.563751220703 322.707244873047 320.28564453125 317.668395996094 315.603271484375 318.909484863281 317.613159179688 310.801666259766 311.819854736328 313.558990478516 313.037109375 310.976715087891 316.980712890625 321.322723388672 324.878936767578 325.696563720703 327.546752929688 327.985076904297 328.305969238281 328.542724609375 328.546539306641 328.969177246094 329.077209472656 328.464172363281
306.871429443359 315.587219238281 325.209411621094 324.338073730469 321.906677246094 323.229614257812 328.222442626953 330.849029541016 331.613830566406 329.19921875 326.433990478516 324.449523925781 322.548980712891 324.272888183594 320.438568115234 318.102111816406 317.171844482422 321.073181152344 326.253479003906 327.254364013672 326.738861083984 326.675079345703 324.887390136719 322.479522705078 319.719696044922 319.474548339844 320.228240966797 319.505889892578 317.814300537109 312.555725097656 312.041717529297 318.504913330078 316.519683837891 314.921691894531 314.922393798828 311.369476318359 307.904144287109 312.744934082031 315.786590576172 320.234191894531 322.779724121094 325.839813232422 326.667175292969 326.823486328125 326.412536621094 327.530578613281 328.26123046875 328.559020996094 328.071258544922
309.304901123047 307.216186523438 313.077606201172 324.504455566406 319.876434326172 313.051208496094 316.709991455078 322.846374511719 325.349517822266 324.465057373047 320.517425537109 315.906616210938 313.335510253906 314.274047851562 312.314025878906 305.084655761719 304.784881591797 313.296630859375 322.208343505859 324.806365966797 324.144500732422 323.914733886719 322.800506591797 320.912353515625 319.246398925781 318.811981201172 314.195098876953 314.124755859375 318.166534423828 318.305603027344 316.293090820312 320.603668212891 323.100372314453 319.680053710938 317.385284423828 314.290802001953 312.539184570312 310.073822021484 311.318878173828 315.247009277344 320.884399414062 324.223388671875 325.768188476562 325.032897949219 324.673522949219 327.134948730469 327.556091308594 327.664306640625 327.552795410156
315.841979980469 310.304351806641 306.027770996094 319.547546386719 321.294921875 310.232604980469 305.479309082031 309.745239257812 314.312652587891 319.313812255859 320.376037597656 315.724822998047 312.004821777344 312.763244628906 313.918090820312 305.219390869141 302.985198974609 311.215087890625 318.815795898438 322.604431152344 323.767852783203 322.515869140625 320.964202880859 318.296844482422 317.699493408203 319.504486083984 313.546691894531 313.345336914062 319.410278320312 323.440399169922 324.500823974609 324.164733886719 324.987762451172 323.202514648438 318.750183105469 314.651733398438 311.909240722656 310.369720458984 314.136291503906 317.773864746094 320.684356689453 324.026062011719 325.171417236328 324.219970703125 324.66552734375 327.429992675781 327.470245361328 326.770477294922 327.347961425781
317.830718994141 315.519683837891 311.748901367188 311.640869140625 320.446502685547 318.698211669922 308.738128662109 303.556304931641 304.965972900391 310.166625976562 317.173522949219 319.724822998047 318.994659423828 318.661346435547 314.159820556641 307.617889404297 307.795867919922 311.701690673828 315.995239257812 319.770202636719 322.991943359375 322.543762207031 320.999755859375 317.663330078125 314.338500976562 314.345001220703 313.807952880859 312.870819091797 315.009399414062 319.553497314453 324.526458740234 325.505737304688 325.975341796875 325.120361328125 322.410858154297 317.643432617188 312.226898193359 308.959289550781 315.8212890625 322.768096923828 321.995788574219 323.619262695312 324.664642333984 324.793640136719 325.690185546875 327.226287841797 327.266357421875 326.756317138672 327.644989013672
318.125061035156 316.114929199219 314.664031982422 311.714385986328 317.699859619141 322.744812011719 320.128631591797 311.418518066406 303.958618164062 301.523162841797 306.956146240234 313.819244384766 316.850006103516 319.109069824219 316.843872070312 313.255981445312 313.181518554688 312.70263671875 314.076782226562 317.119049072266 321.36767578125 322.144317626953 319.794525146484 318.253326416016 315.2099609375 313.007232666016 311.017578125 310.156219482422 310.499633789062 316.175140380859 322.698120117188 323.4189453125 325.185882568359 325.946868896484 326.120819091797 324.045135498047 318.947723388672 313.307983398438 319.155395507812 325.355621337891 324.006652832031 323.319396972656 324.964233398438 325.2861328125 325.907257080078 326.524505615234 327.136932373047 327.364562988281 327.942840576172
317.133514404297 315.021514892578 309.929595947266 310.779357910156 313.775787353516 318.105285644531 322.803588867188 320.439514160156 313.237365722656 306.25537109375 304.845001220703 306.938323974609 307.457489013672 310.411376953125 319.131439208984 318.240020751953 315.7001953125 313.861389160156 312.747009277344 314.896697998047 319.912963867188 320.710632324219 318.777008056641 318.705749511719 317.822021484375 316.635040283203 313.609771728516 313.006744384766 313.764465332031 317.612457275391 320.346008300781 320.654113769531 323.403045654297 325.158905029297 326.332489013672 326.878448486328 325.112182617188 319.983642578125 323.616729736328 325.851837158203 325.399505615234 325.028717041016 325.960510253906 326.196868896484 325.820251464844 326.016815185547 327.127746582031 327.663848876953 328.055725097656
316.281890869141 314.856903076172 309.291320800781 299.645935058594 303.719787597656 308.243225097656 312.258178710938 314.609161376953 313.901336669922 312.532379150391 311.356719970703 310.304138183594 306.283538818359 304.049530029297 316.903167724609 318.223571777344 317.490509033203 315.246765136719 312.151397705078 312.979034423828 316.988403320312 317.888610839844 317.750579833984 318.971771240234 319.734008789062 319.495849609375 316.924560546875 316.648071289062 317.690093994141 318.501647949219 319.325012207031 320.060302734375 322.222229003906 323.542633056641 324.535705566406 326.085266113281 325.932769775391 323.781494140625 325.120910644531 326.156433105469 326.097442626953 325.932037353516 326.457092285156 326.801696777344 326.315093994141 326.625427246094 327.237457275391 327.654876708984 327.482604980469
312.070251464844 308.111694335938 308.577423095703 298.570770263672 296.543762207031 296.743499755859 296.610229492188 298.115631103516 300.180084228516 302.685302734375 305.273651123047 308.260437011719 307.370788574219 304.241302490234 312.896545410156 315.568115234375 316.693115234375 315.681060791016 314.269653320312 312.840240478516 312.677673339844 312.380126953125 312.687683105469 315.061462402344 317.845581054688 319.631805419922 318.911834716797 319.250122070312 319.108642578125 318.793487548828 319.185668945312 319.561187744141 321.390655517578 321.428283691406 322.271545410156 324.601623535156 325.349456787109 326.164093017578 326.313354492188 326.257202148438 325.899200439453 325.735809326172 326.261016845703 326.604553222656 326.506072998047 327.235961914062 327.349090576172 327.457336425781 326.285552978516
310.792846679688 301.456756591797 300.262969970703 302.906555175781 300.681030273438 296.131622314453 290.408752441406 287.439575195312 287.780944824219 289.439178466797 290.871826171875 293.421661376953 297.609924316406 299.362854003906 304.172485351562 307.283660888672 309.313781738281 311.939758300781 313.896820068359 312.644805908203 311.393798828125 310.339904785156 309.757751464844 311.217163085938 313.977691650391 316.311157226562 320.125030517578 320.818481445312 320.223358154297 319.413146972656 319.522369384766 319.473358154297 320.283660888672 319.745239257812 320.998779296875 323.497619628906 323.239288330078 325.170257568359 325.820892333984 325.863616943359 325.405456542969 325.541564941406 326.066864013672 326.604827880859 326.616851806641 326.847778320312 -3.4e+38 327.380340576172 325.46240234375
313.021514892578 302.775177001953 294.979431152344 299.879241943359 304.387908935547 303.394012451172 297.564361572266 291.461242675781 285.667816162109 284.669738769531 284.702484130859 284.065643310547 285.891357421875 287.254821777344 293.943725585938 297.276336669922 299.362457275391 302.566772460938 305.670989990234 307.239318847656 308.979156494141 310.732269287109 310.403259277344 308.674530029297 310.615844726562 314.238342285156 319.218627929688 319.390441894531 319.132202148438 319.632873535156 320.968292236328 320.719085693359 320.531097412109 319.940124511719 320.108856201172 321.680419921875 320.967742919922 324.188201904297 324.927825927734 325.07177734375 325.213714599609 325.349365234375 325.874664306641 326.607299804688 326.53515625 326.154174804688 -3.4e+38 326.996459960938 325.454803466797
307.892456054688 309.238372802734 306.286163330078 293.628509521484 292.311676025391 298.370941162109 300.959655761719 301.522338867188 301.712371826172 300.445953369141 299.128875732422 299.489410400391 297.387420654297 290.978607177734 282.898040771484 279.073181152344 280.193176269531 284.686553955078 288.235534667969 290.181671142578 294.072174072266 300.984069824219 304.165161132812 304.571014404297 302.700134277344 300.743469238281 305.58642578125 309.321075439453 309.650360107422 307.830200195312 310.382568359375 315.01123046875 318.838989257812 321.611968994141 321.776611328125 321.734100341797 321.806884765625 320.684997558594 320.062866210938 322.500701904297 324.037109375 324.868865966797 325.404266357422 325.228302001953 325.349517822266 325.464904785156 325.576721191406 -3.4e+38 325.883026123047
306.352233886719 308.878753662109 310.789306640625 299.621337890625 296.054321289062 296.723937988281 296.581115722656 297.432281494141 301.143890380859 303.320617675781 302.888244628906 303.742828369141 302.945770263672 299.473297119141 291.917999267578 284.998779296875 281.487396240234 281.359069824219 281.881774902344 282.935089111328 287.311828613281 294.867889404297 297.556976318359 296.872985839844 295.048553466797 293.864440917969 293.962432861328 298.641448974609 299.626281738281 298.419158935547 301.080322265625 306.756439208984 311.546203613281 315.520629882812 318.256652832031 321.38818359375 322.427124023438 317.3525390625 314.171813964844 318.330871582031 323.452209472656 324.785522460938 324.519775390625 324.236206054688 324.855102539062 325.276794433594 -3.4e+38 -3.4e+38 -3.4e+38
306.777954101562 305.104034423828 308.854583740234 306.162811279297 301.147888183594 297.354766845703 295.008392333984 293.636291503906 295.717834472656 300.930877685547 303.355407714844 303.702331542969 302.907104492188 300.631744384766 294.624298095703 291.471221923828 288.163604736328 285.245727539062 282.168762207031 281.738159179688 282.877502441406 283.967224121094 283.86376953125 283.053619384766 285.384338378906 287.176727294922 283.691802978516 286.241821289062 287.372344970703 289.347839355469 294.587860107422 299.803070068359 302.48828125 304.056243896484 308.310668945312 317.146514892578 323.536224365234 313.157012939453 308.091888427734 313.268981933594 321.772918701172 324.40283203125 324.230895996094 324.551147460938 324.975219726562 325.090637207031 325.201416015625 -3.4e+38 -3.4e+38
