rcp8.5models/GFDL_CM3/sc1gr8.40
NCOLS 261 
NROWS 433 
XLLCORNER 336357.134 
YLLCORNER 654653.479 
CELLSIZE 1000 
NODATA_value -9999 
[rows 176 to 197 of 433, columns 150 to 199 of 261]
107.444124404803 107.207845188599 106.517499950671 106.569986248991 106.394811828593 106.379934008078 105.524264280364 104.886630686636 105.156477402563 105.030476470725 105.322050962868 105.321720605297 105.133458797562 105.136482348241 105.011846056272 105.004020774589 104.833885994058 105.126057435896 105.466425735583 105.490064042965 105.794612206182 106.067072175671 106.124520772123 105.96503496783 106.213907438202 106.363141711413 106.347670497755 106.696403973017 106.791170233052 106.668381628027 107.393482281538 107.741798009211 108.148944381394 108.473534340417 108.86872385539 109.106600580377 108.449526846129 107.261976041098 106.566632427244 106.185002643976 105.637267954366 105.038782651562 103.472083340183 102.331384954767 -9999 101.237898174901 101.080332079891 100.504926392074 99.7850638856951 99.4902355205213
107.105472404554 106.977500822929 106.259472391382 106.478478748032 107.102299228395 107.262628871296 105.616780294505 105.44408422044 105.227592506694 105.491751514806 105.764476160463 105.778501566591 105.684210776463 105.68010934499 105.453729955031 105.47512203658 105.39492848143 105.650679144944 105.785615821452 105.888862729668 106.207478494199 106.493172163634 106.572323986595 106.290590338825 106.101972896236 106.421836446348 106.755349598121 107.123161462133 107.255782566009 107.273403418273 108.053849954454 108.349932178233 108.722930966833 108.83837901275 108.769817783081 109.080247419819 108.734790756036 107.770681926079 106.925611316632 106.131653820378 105.678079067148 105.205299799961 103.767150090657 102.851343471257 102.045587048358 101.443880080664 101.218309824825 100.488448892839 99.512852927949 99.2119573268586
107.418875264515 106.882960026384 106.424233563486 -9999 107.309530237481 107.110954856805 106.102602257706 105.857190334199 105.731944027862 106.037667692605 106.040125364111 105.792874646144 105.986975136 106.08151785584 105.770121354152 105.531633405048 105.798721954872 106.034209554073 106.147919608166 105.711951969963 106.00914805403 106.274582842796 106.566163625884 106.704572854455 106.674327946758 107.017596444841 107.371829810052 107.694058760252 107.806300042417 107.774315303029 108.533826064306 108.833279004094 109.108448275592 109.336056954699 109.181666907544 109.028627245324 108.697668721512 108.123687758626 107.32134663092 106.398787242765 105.811502872766 105.272767893705 103.752039745344 -9999 102.448901267988 101.570133419772 101.173531920579 100.666458517014 99.6041289057307 99.0149093460597
108.292592377717 106.814011700918 106.725400081048 106.846144324962 107.173440046637 106.529131155171 106.585164975115 106.456120417523 106.143940954398 106.44548339372 106.470645162091 106.036949036545 105.795808528945 106.065929462687 106.110436346641 105.781125117072 105.624902080292 105.859589300627 106.130148179599 106.232184069414 106.530961511396 106.821934183086 106.913885162643 106.807774086204 107.170172545968 107.48485545468 107.868671473808 108.225182347632 108.372262687028 108.378007116047 109.129832524661 109.145546780861 108.999824328972 109.462512291582 109.486844312124 109.001307741783 108.732146855994 108.356565034802 107.698796221515 106.835639304708 106.080358837398 105.499960512767 103.79479639517 103.462092746252 103.033815118791 102.341836783839 101.494921709867 101.083599666254 100.041411796596 99.159331355801
108.174755109702 107.14143278953 106.785601941947 106.988659072924 106.893584532303 106.30313537102 106.596742013385 106.902218547754 106.514815123609 106.287495032956 106.523206256429 106.522698384925 106.390112744179 106.360026847155 106.144115885651 106.2310674959 106.147793588769 106.381475866675 106.459173191957 106.627372841538 106.987464383807 107.375853348233 107.441142783189 107.393533645183 107.814111567745 108.140396517089 108.45762747319 108.836002416397 108.924580715039 108.81636403788 109.525736001739 109.62283360941 109.661891322425 110.051256240589 110.05492926472 109.359438948105 108.657215253958 108.393820982522 108.024313682142 107.26073824553 106.131759525869 105.441699033922 103.922468732981 103.698337571599 103.656833496678 103.014127761372 102.224745546655 101.294225714563 100.103523208255 99.1242505131988
108.058503021344 107.62213308654 107.123030014726 106.815031016635 106.825464322358 106.505101033855 106.583475240105 107.371752882933 106.961869374113 106.539213146568 106.342799616658 106.502560436315 106.722559452768 106.796544317388 106.543168494465 106.327646124967 106.569481339597 106.84745355569 106.976330471461 107.225590271128 107.516264240254 107.933307662743 107.96459246676 107.849196172945 108.304091442756 108.702264680654 109.004123402968 109.320919040395 109.42908216988 109.390315466027 110.064665023609 110.220629105748 110.183638124334 110.535220849801 110.529220632795 109.862464592012 109.016504839114 108.447963363114 108.287766326498 107.422891163769 106.306575514163 105.562252802699 104.248792117211 103.591109214307 103.485335009689 103.059023351969 102.439020823987 101.296252189955 100.549685828439 99.4577772722254
108.559314252995 108.395473769497 108.069335595794 107.123403290855 106.855598265643 106.8657334864 106.966387307819 107.696899690809 107.423081774469 106.901975979874 106.76483792739 106.764561426638 106.580195669922 106.852586909288 106.977350746639 106.83816660768 107.123506163035 107.224481760811 107.04900501828 107.7543309929 -9999 108.352168456688 108.476946865955 108.426693375346 108.819397081034 109.278701169625 109.610659759302 109.693756689453 109.557043890264 109.88370761098 110.586198509253 110.787312756887 110.769344465807 110.916301152069 110.688899597393 110.21151978823 109.224218030868 108.254347042796 108.300965067004 107.816358070784 106.733215177272 105.805445214431 104.610554392992 103.809803612732 103.298533308845 103.186951945559 102.437918500595 101.579268223574 100.855864501453 99.9877749654831
109.080075546396 108.806046728323 108.481137222701 107.245539589623 106.655497622543 106.849671908782 -9999 107.498513617369 107.855720087564 107.384935005582 107.195723498838 107.254757030138 106.908851859037 106.710096510303 106.969571492293 107.219453639724 107.578201087569 107.688396413771 107.580419944245 108.362446002921 108.622353942293 108.741371829193 108.6071692991 108.933272572915 109.334456284016 109.763506375741 110.055200161661 110.195437875121 110.148097864486 110.451522800279 111.232701856017 111.349474031278 111.203678698541 111.302206024049 111.047374512382 110.25741319264 109.299279336219 108.761476038963 108.45896871074 107.796006525492 107.085614568457 106.273240467848 104.976958902162 104.329531962754 103.641300136026 103.211249493142 102.835196154002 101.839547591892 100.86214754593 100.367016101293
109.364978017129 109.030732157216 108.255079405999 107.232913732344 -9999 -9999 106.970608138833 107.277401832399 107.81364250029 107.847675739571 107.786774558458 107.760062379598 107.349711222471 107.223331007056 107.4999097973 107.785675762524 107.918340020747 107.782460838431 108.093426557837 108.807371339853 109.160286928114 109.280346883324 109.22751409273 109.597090379116 110.022183269402 110.36876501141 110.645693237173 110.725241255057 110.618566921511 110.887993736695 111.713413750529 111.850594468663 111.553909100825 111.478125282907 111.472397860845 110.55269438632 109.835551039989 109.541138785614 108.568992443535 107.467962916944 107.223387666566 106.784812681873 105.224956016775 104.886737474429 104.382874962041 103.376877893775 102.95341703077 102.319168840558 101.339565413904 100.947528917675
108.490367017015 107.820798521779 107.874973902094 107.435742882265 -9999 -9999 107.60628731455 107.403641890325 107.385587233463 107.696725948369 107.993657450617 108.19816289727 108.468565680893 108.629850639655 108.58966795602 108.90919379552 108.978587512788 108.770142687155 109.131122591333 109.823658084063 110.122541648209 110.475132767314 110.828427055298 111.034686173284 110.96389761581 111.018907604482 110.906041592044 111.25919145683 111.637629271033 111.973847138737 112.544464534569 112.548764186028 112.620378926325 112.131528628298 111.73810948209 111.17069388908 110.341402070589 109.560340802087 108.918606668157 108.075372803573 107.436815918331 107.170370671705 106.538803235953 105.75910699409 105.265001533882 104.079587885169 103.37931947879 102.991384603967 102.601048389856 101.693627738328
108.483274007234 108.052943940846 107.823288925704 107.796022326601 -9999 -9999 107.579450839392 107.73796377869 107.798692068847 107.918048797184 107.776351216816 108.057616649153 108.3165919699 108.627783363047 108.988494551236 109.353431784735 109.463953046495 109.32481347063 109.689971235981 109.669007970322 109.948654157729 110.337431059137 110.689389697957 111.108584331549 111.434796995135 111.510716225544 111.461664347655 111.526916267038 111.491532034123 111.834052604582 112.588459678838 112.951449589125 113.047107180564 112.58807793737 111.913877251192 111.303583908003 110.733192499652 109.825621088634 109.246106457758 108.611701673509 107.776372413235 107.268749802161 107.025063076856 106.414982893349 105.603897173502 104.749598497458 103.829772763328 103.267937450269 102.979599549191 102.067534765856
108.398264269383 108.405183268789 108.07150625853 107.830809561699 -9999 -9999 107.830856052055 107.601901301279 108.145585800745 108.321192501532 108.204900866967 108.485026344579 108.815859571945 108.886215265786 108.769302291286 109.180973465794 109.536617458321 109.780700602918 110.129776456799 110.16323931652 110.418755471435 110.783766226429 110.945891903535 110.910076541518 111.255111546914 111.5657699603 111.896687590736 111.977274935823 111.972216627771 112.350091295785 113.090836984315 113.451232246581 113.507331418015 113.087521943617 112.392510164847 111.696053404998 111.102015633397 110.256191390003 109.514178621742 108.941915020221 108.314833241243 107.586269512625 106.975794844546 106.568881924261 105.715888157636 104.968098097581 104.178533497322 103.579731005825 102.829218457119 102.194896367368
108.153889665719 108.361130215456 108.43794756067 108.290938601279 -9999 -9999 108.246285183329 108.087092499771 107.950583384737 108.31315652047 108.589515945768 108.873768969765 109.197633833131 109.305596554826 109.243761389631 109.61086207251 109.983518349409 110.267052629198 110.386493929128 110.624785519082 110.877854967855 111.187283961568 111.424619489007 111.401632046926 111.663283484624 111.833336485151 112.004811643517 112.515606544704 112.401805812171 112.777351768268 113.565472148595 113.915799651477 113.874976789787 113.432327479868 112.809921374693 111.78019299328 111.211736279359 110.784741632097 109.947093224206 109.212943569628 108.647904700278 108.028128193064 107.1057377576 106.561709802144 105.962290374512 105.162556605303 104.467423185789 103.552831214158 -9999 -9999
108.340379054415 108.134506753879 108.360252659449 108.62543751939 -9999 -9999 108.768815875615 108.542686287936 108.420671941241 108.761582430461 109.077373727187 109.134271466052 109.02384009864 109.342703283425 109.626738990344 109.978680682888 110.328482370039 110.651228202583 110.767146124854 111.138760483765 111.242089686854 111.320088309299 111.925991782218 112.061592652275 112.546968144634 112.281996387469 112.458626737905 -9999 113.016635754867 113.412832815725 114.157739962713 114.308497283061 114.083658613156 113.826131117224 112.964597809929 111.84085739722 111.303542136562 111.108253206768 110.477951688804 109.64840121194 108.922048219266 108.364207149613 107.549078604402 106.843475055958 106.306437062904 105.603403141009 104.542944415502 -9999 -9999 102.621647093883
108.744488210502 108.378965957871 108.120563114749 108.430746951642 108.754307152962 109.007792442362 109.179245255377 109.039922457573 109.373081577193 109.238637634921 109.514218320448 109.587450861755 109.509005276856 109.824318757857 110.111788159397 110.254764313648 110.192822199646 110.511816423997 110.803572581054 111.516951239211 111.668909552028 111.800741924629 112.330826000186 112.559557324249 113.099775888771 112.816768120834 112.716453761927 113.102026179913 113.50839062004 113.920758459547 114.614471501347 114.804884198774 -9999 114.054846621368 113.342625686483 112.365139443927 111.617162700794 111.164677413349 110.804529285702 110.181786434634 109.360257294766 108.641628051325 108.061752265346 107.615367814236 106.591680396294 105.973756679875 105.065596056045 104.057896939366 103.453288347917 102.937327590431
109.269071083658 108.85744607479 108.640338619093 108.989808676014 109.371539830267 109.32566595494 109.16011051287 109.454592708274 109.868030332011 109.571808717961 109.378822136919 109.658554267776 109.92826811539 110.242488132925 110.56572813619 110.689659394293 110.713146447089 111.030719273603 111.35739443105 112.034004318675 112.1509642101 112.076586391174 112.38573864033 112.792340326039 113.161473235777 113.328215464876 113.321106289006 113.747763449755 114.117511106717 114.470377748072 114.982709287793 114.970345206429 115.119436463265 114.604811526416 113.732487790771 112.685520217058 112.23107284309 111.860378449253 111.445492668001 110.841066957888 109.896384545581 109.189564854634 108.519658965852 107.9876956387 106.849872137046 106.350480584764 105.739630237638 104.839278325001 104.025028005755 103.792592971714
109.660787644358 109.318185127086 109.051594367913 109.6890821484 110.340239953245 109.77562567354 109.678233892824 109.985300768487 109.848904887667 109.981138666252 109.857743958467 110.15543179516 110.461409197461 110.790095499042 111.144896638154 111.429041643706 111.560228449976 111.479127011941 111.819705899979 112.465464050107 112.630438381717 112.654772286512 112.950849663365 113.301613999764 113.651387635199 113.83556416537 113.789956453366 114.234817967535 114.648424502896 115.009978504182 115.5055763618 115.56356008946 115.603656055071 114.894105335132 113.846975037371 112.94855652859 112.521152076161 112.488425923126 112.242155526446 111.241192202271 110.22954858083 109.89024415113 108.591144045918 108.091152564538 107.437009673684 106.803613643271 106.120009759838 105.405975745777 104.577881479982 104.29801838291
110.115924185469 109.705241737151 109.561884913731 110.234014053417 110.803355171577 110.325052137979 110.080404941017 110.382261755724 110.31722049654 110.411608936323 110.464988256453 111.038148507015 110.919126254834 111.295896612124 111.589070433789 111.887929487493 112.023459002841 112.008612496922 112.365920484077 112.993105612573 113.123979269664 113.118779303516 113.468000855129 113.802148130991 114.154106508895 114.314867401919 114.357027220743 114.7554105415 115.203697973044 115.612708120211 116.299905284008 116.359220907301 115.877877032918 115.181883033526 114.208856506689 113.373708966773 112.820017857339 112.75564234527 112.567848746259 111.806563480225 110.876268558919 110.433318727822 108.77488533317 108.645343393426 108.260901826027 107.539327052574 106.899950291724 105.813195569355 105.151629202344 104.975906221599
110.551875625894 110.149330015596 110.221995309252 111.427366721831 112.121162246525 111.306119463458 110.571202630455 110.906890680589 110.719242559043 110.84872093403 110.970582373648 111.442024041049 111.4297084872 111.787305708932 111.868321620633 112.017178409527 112.54972469325 112.435316051636 112.806415933311 113.491674501238 113.659423501215 113.659818596462 114.064051776211 114.4307734801 114.758842752084 115.080678666635 115.498713206704 115.884271378239 116.061945413189 116.048350906836 116.752394757041 116.672164375339 116.222382042618 115.746696192499 114.858373160719 114.073964969946 113.649311282828 113.18470961726 112.836565087459 112.283182670714 111.857912065631 111.201455016476 109.500763643121 109.382230371178 108.485380296651 107.852173669887 107.465162875225 106.492570338685 105.691820846706 105.362106267391
111.082629847183 110.638403028017 110.841257730036 112.112803194379 113.042415404709 111.671883392607 111.244216844954 111.808434447823 111.190971783852 111.325685167593 111.174232351486 111.442130548107 111.819816477017 112.128188704617 112.28757438134 112.51947061995 113.033137100656 112.955734742249 113.347836854037 114.072293037369 114.455231139164 114.786002122779 115.163955093646 115.32298052091 115.212753186605 115.607895510478 116.02120984614 116.401532910441 116.623359339317 116.679987952596 117.329320660789 117.114509062253 116.532687826387 116.258512677151 115.526881077751 115.060356136575 114.458100293897 113.709636788681 113.266822101037 112.735843751699 112.484959262814 111.6772650628 110.133791695474 109.899827552506 109.001419023018 -9999 107.546419020223 106.917280809318 105.965768785669 105.630842917783
111.32133997389 -9999 112.083997288067 113.327528896871 114.035213992744 111.816095673768 112.350447780897 111.89858488211 112.064369265517 112.364833386239 112.524396503892 112.40134670846 112.762307868575 113.089524313995 113.387523931377 113.795147848657 114.202873136796 114.422115131886 114.437319487364 115.171946067758 115.551438340519 115.866248473424 116.208962014068 116.331482847991 116.30828815828 116.702235465058 117.114316377273 117.509087646384 117.76014747258 117.796922195215 118.317967752792 117.928657518112 117.455307453379 117.011978628557 116.402430183674 116.169130165614 115.405296849331 -9999 114.635753245219 113.782160377004 113.454458996225 112.483132128383 111.123970691204 110.721262458473 109.815173915097 108.856954859432 108.244784187899 107.35078365001 106.300155578659 105.836377657858
-9999 -9999 -9999 113.360863203002 113.348306929039 111.781518906466 112.546524277188 111.870766658659 112.551735167604 112.807636065372 112.942814584892 112.868518753372 113.279015690273 113.658058380065 114.003900722714 114.374907509331 114.707344859927 115.115189401446 115.524069817427 116.31076406475 116.484723287452 116.557278105331 117.117114882228 116.850550831041 116.91733510363 117.304155968559 117.719730116939 118.098327697344 118.497068655481 118.909690231725 118.816770683872 118.339402027305 -9999 117.493979693606 116.977619492667 -9999 115.873713269673 115.723004788869 -9999 114.79133011356 114.302619908873 113.053641946892 111.467697712712 111.162861088763 110.310706597787 109.686341493019 108.877807812743 108.179304422851 107.160351537217 106.336487237436
