rcp8.5models/GFDL_CM3/sc1gr1.29
NCOLS 261 
NROWS 433 
XLLCORNER 336357.134 
YLLCORNER 654653.479 
CELLSIZE 1000 
NODATA_value -3.4e+38 
[rows 286 to 307 of 433, columns 147 to 195 of 261]
72.1286163330078 70.7987289428711 72.1344451904297 73.4533538818359 73.3177490234375 73.321403503418 72.9880676269531 72.7344360351562 72.9747619628906 72.8959426879883 72.8186492919922 72.2727966308594 72.0708465576172 72.4414901733398 72.1510162353516 71.3870620727539 71.2021179199219 71.1856231689453 70.9961166381836 71.3063507080078 71.130485534668 -3.4e+38 70.9460906982422 71.0185699462891 70.9383163452148 70.8008880615234 70.7267379760742 70.6198501586914 70.4198608398438 70.2621536254883 70.7474746704102 70.8776397705078 70.5925674438477 70.2370300292969 70.1920700073242 70.2060241699219 70.0188140869141 70.0374450683594 70.1367568969727 70.5176773071289 70.4414443969727 70.0890731811523 70.0866928100586 70.2117614746094 70.3956985473633 69.9507598876953 69.9872970581055 69.780647277832 70.0432739257812
72.0564270019531 70.7545318603516 72.0955276489258 73.5088806152344 73.1041107177734 72.7596969604492 72.8310470581055 72.4990386962891 72.8954849243164 73.1049652099609 72.8640213012695 72.4146423339844 72.1612777709961 72.4350509643555 72.1244735717773 71.8606262207031 71.7959136962891 71.4878845214844 71.2789916992188 71.4911880493164 71.5417022705078 -3.4e+38 71.0878524780273 71.0114135742188 71.2452011108398 71.1321411132812 71.0616760253906 70.9636535644531 70.5596923828125 70.2495803833008 70.8946151733398 71.2248153686523 71.1801986694336 70.3408889770508 70.1761856079102 70.202751159668 69.84619140625 70.2970352172852 70.2603607177734 70.5714340209961 70.7547378540039 70.2766494750977 69.8697357177734 70.0977401733398 70.3468017578125 70.1679840087891 70.1106109619141 69.9578475952148 70.2306518554688
70.8039855957031 70.4716491699219 72.5370407104492 74.0370941162109 72.8033142089844 72.0941696166992 72.0085906982422 72.2003555297852 73.0833053588867 73.2492523193359 72.7278060913086 72.6117630004883 72.6844100952148 72.6450424194336 72.1755599975586 72.0748291015625 72.0416946411133 71.6214294433594 71.2937622070312 71.2756195068359 71.3370666503906 71.4238891601562 71.1090469360352 71.1032867431641 71.2435150146484 71.3616714477539 71.461540222168 71.3385772705078 70.9325942993164 70.9027404785156 70.9579391479492 71.2357025146484 71.3960037231445 70.7845153808594 70.3160018920898 70.2095031738281 70.0590133666992 70.8448486328125 70.7287216186523 70.6318511962891 70.8095397949219 70.1037902832031 69.870002746582 70.2772979736328 70.6698913574219 70.4278411865234 70.4933090209961 70.1024017333984 70.2638549804688
69.7636489868164 70.3288879394531 72.0653381347656 72.8962478637695 71.5814819335938 -3.4e+38 71.1114654541016 71.8852157592773 73.3792343139648 73.3885803222656 72.8393325805664 72.698974609375 72.6508483886719 72.3299331665039 71.9220657348633 -3.4e+38 72.1281890869141 -3.4e+38 71.4657669067383 71.2482452392578 71.1793746948242 71.5508346557617 71.346321105957 71.1877746582031 71.2279663085938 71.4345245361328 71.3550338745117 71.3743591308594 71.2725448608398 71.1306686401367 71.0996704101562 71.5672302246094 71.3904113769531 71.0507354736328 70.7524185180664 70.533576965332 70.2686538696289 70.9047470092773 71.1708831787109 71.1284103393555 70.5921401977539 70.140510559082 70.1882095336914 70.4034042358398 70.618278503418 70.8345947265625 70.8012161254883 70.1537322998047 70.4235305786133
69.6744766235352 70.9669036865234 -3.4e+38 69.8985214233398 70.5227432250977 -3.4e+38 70.4503326416016 71.0544586181641 72.0053024291992 71.9126968383789 71.3536376953125 71.9782791137695 72.0655364990234 72.3162460327148 72.2903823852539 72.6616668701172 72.4368286132812 72.2548828125 -3.4e+38 -3.4e+38 -3.4e+38 71.3993301391602 -3.4e+38 71.6542434692383 71.3578720092773 71.4727630615234 71.4772415161133 71.7241134643555 71.6417465209961 71.2649536132812 71.2362899780273 71.2720031738281 71.6393508911133 71.0770950317383 71.2195281982422 70.887580871582 71.1162109375 71.2498626708984 71.1397857666016 71.2305297851562 70.9931564331055 71.201904296875 71.117805480957 70.6125869750977 70.384635925293 71.3408203125 70.9467086791992 70.5260772705078 70.5086364746094
69.1391983032227 69.6370315551758 70.2669677734375 69.5016098022461 -3.4e+38 -3.4e+38 -3.4e+38 -3.4e+38 70.8767242431641 -3.4e+38 -3.4e+38 71.6618118286133 71.8224716186523 72.2060241699219 72.5426406860352 72.9401779174805 72.9019241333008 72.5319671630859 72.1690826416016 -3.4e+38 -3.4e+38 -3.4e+38 71.6658477783203 71.6227035522461 71.5544738769531 71.8128356933594 71.6332702636719 71.7645416259766 72.1047744750977 71.7831115722656 71.5779495239258 71.6494979858398 71.7948226928711 71.2944793701172 71.2096481323242 71.1654815673828 71.8578338623047 71.4804153442383 71.124153137207 71.1968688964844 71.0666656494141 70.9399032592773 71.0111999511719 70.7774276733398 70.77685546875 71.5022048950195 71.2779006958008 70.8368301391602 71.1821746826172
-3.4e+38 -3.4e+38 -3.4e+38 -3.4e+38 -3.4e+38 -3.4e+38 -3.4e+38 -3.4e+38 72.473014831543 72.3909301757812 71.7565383911133 72.1627349853516 72.1130294799805 72.3410568237305 73.0492553710938 72.9546585083008 72.9228820800781 72.7295837402344 72.560676574707 72.4031753540039 72.0349502563477 71.793083190918 71.6958312988281 71.6634979248047 71.7480316162109 71.9621276855469 72.0305328369141 72.3192749023438 72.7505645751953 72.2276306152344 71.8904571533203 71.8356399536133 71.7115173339844 71.6282730102539 71.461784362793 71.5302276611328 72.0621643066406 71.6520462036133 71.3428497314453 71.1010131835938 71.0286560058594 70.9134902954102 70.9960632324219 70.889778137207 71.1301116943359 71.4112014770508 71.1072158813477 71.0466766357422 71.2010269165039
-3.4e+38 -3.4e+38 69.2809524536133 -3.4e+38 -3.4e+38 -3.4e+38 -3.4e+38 71.8583831787109 73.8952255249023 73.8198089599609 72.5640640258789 72.7524337768555 72.9712142944336 72.9655151367188 73.5765075683594 73.2201309204102 72.7036285400391 72.7626113891602 72.6494598388672 72.4784240722656 72.4011611938477 72.1743927001953 71.7572326660156 71.7747573852539 71.6737670898438 71.5589370727539 72.0658340454102 72.7964324951172 72.944091796875 72.6628494262695 72.0514221191406 72.0457229614258 71.8001327514648 71.2775268554688 71.3255462646484 71.8160018920898 71.8762588500977 71.4418869018555 71.2950973510742 71.0501708984375 70.9478454589844 71.1596908569336 71.0696029663086 70.8811721801758 71.1108932495117 71.4781723022461 71.1559448242188 71.0300827026367 70.9621200561523
-3.4e+38 70.7621688842773 69.3564605712891 -3.4e+38 -3.4e+38 -3.4e+38 70.9979705810547 72.7397537231445 74.159912109375 74.0682983398438 73.4384689331055 72.4532012939453 73.0243301391602 73.4791564941406 73.6714935302734 73.5082778930664 72.6325836181641 72.8318405151367 72.7664794921875 72.6295471191406 72.4177169799805 72.5572509765625 71.9928817749023 71.7184829711914 71.6140213012695 71.778205871582 72.4975662231445 72.6848754882812 73.0255126953125 73.3605804443359 72.5635681152344 72.4033432006836 72.3432388305664 71.4706115722656 71.4752502441406 72.0425643920898 71.4918060302734 71.1269836425781 71.1128311157227 71.3449478149414 71.4176635742188 71.4218139648438 71.5017547607422 71.3914413452148 71.1645965576172 71.5402069091797 71.4682846069336 71.0056991577148 70.7346649169922
72.6313171386719 71.3597640991211 69.8125457763672 -3.4e+38 -3.4e+38 -3.4e+38 71.7809219360352 73.6975402832031 74.2648239135742 73.9774398803711 73.9785690307617 72.5726623535156 72.7100143432617 73.545524597168 73.6380844116211 73.0844268798828 72.748649597168 73.0013122558594 72.7101516723633 72.8170776367188 72.5731811523438 73.1407318115234 72.2919616699219 72.0423812866211 72.1826858520508 72.4870758056641 72.644401550293 72.8244400024414 73.3575820922852 73.5861511230469 73.2003479003906 72.8157501220703 72.5925445556641 71.8116912841797 71.827880859375 72.004753112793 71.6325225830078 71.203987121582 71.0683212280273 71.3772506713867 71.5951080322266 71.4728851318359 71.4999771118164 71.5136108398438 71.2997665405273 71.6171340942383 71.4262466430664 71.2008209228516 70.9159088134766
71.5973892211914 71.07666015625 70.2186508178711 70.120002746582 -3.4e+38 70.631706237793 72.2399673461914 74.6196212768555 74.3477401733398 74.139778137207 74.2853546142578 73.2882843017578 72.7729415893555 73.8138656616211 73.5913543701172 72.9004592895508 72.8326416015625 73.0061111450195 72.9929351806641 72.9695434570312 73.413444519043 73.4849319458008 72.4836654663086 72.458122253418 72.3022232055664 72.4669647216797 72.6492156982422 73.1743087768555 73.4992446899414 73.4759292602539 73.1260757446289 73.3394165039062 72.7919921875 71.8582763671875 71.9500503540039 72.06298828125 72.0872497558594 71.8021621704102 71.567512512207 71.4060821533203 71.5739440917969 71.5707855224609 71.4099044799805 71.2919311523438 71.1668701171875 71.622673034668 71.3728561401367 71.2627258300781 71.8505783081055
71.0428619384766 71.8773498535156 72.0307159423828 71.0780563354492 71.1677169799805 73.0846557617188 73.782112121582 75.0192184448242 74.7286682128906 74.7975616455078 74.3201217651367 73.4030075073242 73.138916015625 74.4611129760742 73.8258285522461 73.2546691894531 73.0610580444336 73.3134918212891 73.3521423339844 73.3081207275391 73.7090606689453 73.4314041137695 72.5621032714844 72.4298858642578 72.1227416992188 72.5325469970703 72.9514999389648 73.0791397094727 73.4340591430664 73.2996826171875 72.7074127197266 73.3337936401367 73.1915054321289 72.2521286010742 72.2727127075195 72.3678436279297 72.0966644287109 72.2454681396484 72.0423736572266 71.7479019165039 72.1816101074219 71.7776641845703 71.4535675048828 71.2638473510742 71.382438659668 71.4183731079102 71.2527008056641 71.2040939331055 71.8814086914062
71.2332458496094 72.6492004394531 72.394775390625 71.0114364624023 73.0165176391602 75.3205871582031 75.2285232543945 74.7828979492188 74.5816116333008 74.3062362670898 74.1061706542969 73.0382690429688 73.7309112548828 74.4739379882812 74.1563339233398 73.493408203125 73.2906494140625 73.552116394043 73.2369613647461 73.5220642089844 73.7513427734375 73.5919952392578 72.9898986816406 72.5866241455078 72.4174194335938 72.6454391479492 72.775276184082 73.0995712280273 73.5778732299805 73.6391220092773 73.4074172973633 73.7516860961914 73.4059371948242 72.6429824829102 72.6035385131836 72.563720703125 71.8782730102539 72.0512924194336 71.9438781738281 71.6907958984375 72.0609130859375 72.2427139282227 71.8302307128906 71.558708190918 71.9468688964844 71.6882400512695 71.2942657470703 71.4749526977539 71.6327819824219
72.4257583618164 72.7272033691406 71.7252578735352 72.1875686645508 73.9340057373047 74.2753601074219 75.1024017333984 75.0984191894531 74.7216567993164 74.2868728637695 74.1809387207031 73.0218353271484 74.0405426025391 74.1611175537109 74.219612121582 73.7270812988281 73.2873687744141 73.7991561889648 73.3481826782227 73.314811706543 73.7070388793945 73.8803405761719 73.495964050293 72.9437637329102 72.8079681396484 72.6453170776367 72.5940246582031 73.3550643920898 73.885871887207 73.9418334960938 73.9339599609375 73.9967575073242 73.6968841552734 73.1687622070312 72.931999206543 72.8439331054688 72.3970947265625 72.3461532592773 72.2140121459961 71.9615325927734 71.6680908203125 72.0934906005859 72.0027694702148 71.8802642822266 72.3207397460938 72.097053527832 71.6858596801758 71.58740234375 71.6491928100586
74.1059799194336 73.1462326049805 71.8960189819336 73.5954437255859 74.5541534423828 73.5482025146484 74.1028442382812 75.2346801757812 75.2155914306641 75.1516342163086 74.5072250366211 73.5291137695312 73.8759613037109 74.1436462402344 74.0608367919922 73.7524566650391 73.4418869018555 73.7708129882812 73.5097351074219 73.5542678833008 73.6723556518555 73.7785720825195 73.5366744995117 73.3933181762695 73.0162963867188 72.8203125 73.1483840942383 73.6784133911133 73.9917144775391 73.9051666259766 73.8425369262695 74.042854309082 73.9668502807617 73.6567230224609 73.3955993652344 73.1082534790039 72.8033218383789 72.6217956542969 72.5184020996094 72.3932876586914 71.8565521240234 72.0595550537109 71.8215789794922 71.9915618896484 72.0383224487305 72.3729019165039 71.8599395751953 71.9667892456055 71.9058380126953
74.9247512817383 75.576774597168 74.7330017089844 74.2857971191406 76.0110626220703 75.0988693237305 73.1115188598633 73.8541793823242 75.0550765991211 74.997200012207 74.8045120239258 73.1384963989258 74.5416030883789 74.2768402099609 74.1733322143555 74.0176086425781 74.4923477172852 74.1943740844727 73.8685760498047 74.0018463134766 74.1004943847656 73.9849395751953 74.1176452636719 74.2162094116211 74.0519485473633 73.73388671875 73.3848114013672 73.2655639648438 73.8127593994141 73.9882583618164 73.6808471679688 73.8612518310547 73.2078857421875 73.3388824462891 73.8305969238281 74.0119552612305 73.988037109375 73.3930587768555 73.1422348022461 73.2163772583008 73.0061721801758 73.1061553955078 72.4515914916992 72.3636474609375 72.6629409790039 72.5562286376953 72.0276489257812 72.2411499023438 72.2687530517578
74.8876266479492 76.0338287353516 75.9824676513672 75.4201736450195 75.8380126953125 74.7098388671875 72.3823852539062 72.9736251831055 75.5230026245117 75.4296722412109 75.1905212402344 73.8640899658203 75.2286148071289 74.8573837280273 74.3654098510742 74.2910766601562 74.3417434692383 74.1777420043945 74.1561126708984 74.4045562744141 74.3575057983398 73.9365081787109 74.1255493164062 74.2104873657227 74.2082214355469 74.0721282958984 73.814582824707 73.2876739501953 73.6941452026367 74.2667236328125 74.215705871582 73.8761138916016 73.8748626708984 72.8619003295898 72.9943695068359 74.2444458007812 74.1993103027344 73.8816604614258 73.7904586791992 73.7428436279297 73.4381561279297 73.2656555175781 72.8823699951172 73.0809860229492 72.9665756225586 72.6626052856445 72.3815078735352 72.3090744018555 72.4804992675781
74.0428695678711 75.3233337402344 75.8072357177734 75.5802307128906 75.2877883911133 73.5771636962891 71.7014007568359 72.7972717285156 75.7620162963867 76.0059432983398 75.4661560058594 74.2103805541992 75.1448822021484 74.9099578857422 74.8601531982422 74.8135833740234 74.5113296508789 74.4206008911133 74.3719329833984 74.5749282836914 74.4357528686523 74.160270690918 74.0527191162109 74.2292785644531 74.4155044555664 74.3265075683594 74.1071166992188 73.6553344726562 73.8328170776367 74.1138687133789 74.1626358032227 74.0111846923828 74.34716796875 73.5003433227539 73.0332565307617 74.4555740356445 74.4883270263672 74.3281173706055 74.2804718017578 74.0090103149414 73.7255325317383 73.3875427246094 73.0884246826172 72.8946075439453 72.9739990234375 72.6604461669922 72.5558395385742 72.4525909423828 72.3529052734375
71.4971160888672 73.0405807495117 74.0856704711914 74.019660949707 74.1338958740234 73.274772644043 73.16259765625 73.7878723144531 75.6022567749023 75.7897262573242 75.041877746582 74.6106643676758 74.8931655883789 74.8709945678711 75.1373748779297 74.9209594726562 74.598991394043 75.0470886230469 75.0067596435547 74.6874313354492 74.4957885742188 74.4200973510742 74.1540145874023 74.6291046142578 74.8596115112305 74.4776992797852 74.4606246948242 74.2549133300781 73.65625 73.8815460205078 74.0181427001953 73.9721450805664 74.3848037719727 73.9992599487305 73.876579284668 74.390380859375 74.6799087524414 74.9540481567383 74.4953460693359 73.9776916503906 73.6677474975586 73.4000473022461 73.2571182250977 72.7806625366211 72.653923034668 72.9594421386719 72.7042922973633 72.6941833496094 72.3663330078125
69.4397735595703 71.3405303955078 72.4713363647461 72.7570953369141 74.0255432128906 75.0585861206055 75.5420532226562 75.4563217163086 75.9172668457031 75.8043060302734 75.4586029052734 75.3579940795898 75.084342956543 74.7400436401367 75.0821380615234 75.0190811157227 74.9811477661133 75.0815353393555 74.8747863769531 74.7856369018555 74.7532043457031 74.504997253418 74.6158218383789 74.861457824707 74.9399337768555 74.5824584960938 74.8670043945312 74.4150695800781 73.7247695922852 73.6360244750977 74.151123046875 74.0927124023438 74.2608642578125 73.9304962158203 74.0332870483398 74.192024230957 74.6884384155273 74.7335510253906 74.4189910888672 74.2224884033203 73.907829284668 73.5832443237305 73.4331665039062 73.2691040039062 72.941535949707 72.8399200439453 72.6732635498047 72.5558776855469 72.350944519043
67.673454284668 69.2776489257812 70.7573394775391 71.8065185546875 74.5007247924805 76.6773529052734 76.3806762695312 76.4431762695312 76.2934722900391 75.9064559936523 75.7912063598633 75.6339340209961 75.5020980834961 75.0311431884766 75.3824920654297 75.4773330688477 75.5262145996094 75.2517700195312 74.898307800293 74.8308868408203 75.113037109375 74.9758148193359 74.8451766967773 74.7510528564453 74.9218902587891 74.6791152954102 74.9088363647461 74.5839538574219 74.3268051147461 74.0143737792969 74.4169540405273 74.4829025268555 74.1828765869141 74.0973281860352 74.2795486450195 74.3580017089844 74.7796173095703 74.4719467163086 74.1798324584961 74.3176040649414 74.0281982421875 73.8770523071289 73.5961532592773 73.5520401000977 73.187858581543 73.0161666870117 72.8703536987305 72.8206329345703 72.9700393676758
66.9396438598633 67.0268936157227 69.0425109863281 71.4906387329102 74.6228485107422 76.3850326538086 76.4978485107422 76.7254028320312 76.4734039306641 76.1683502197266 75.7177047729492 75.4661560058594 75.4437942504883 75.4685592651367 75.5912780761719 75.48486328125 75.4575576782227 75.474609375 75.3435592651367 75.1121215820312 75.5531539916992 75.5843200683594 74.69921875 74.7795944213867 75.1433715820312 74.9541702270508 75.1396636962891 75.09619140625 74.7243041992188 74.6016845703125 74.490966796875 74.6074981689453 74.3237609863281 74.3851165771484 73.9632034301758 74.0700988769531 74.8130950927734 74.5784454345703 74.257209777832 74.4022216796875 74.0621719360352 73.9192047119141 73.908447265625 73.9968185424805 73.4847564697266 73.5157470703125 73.477294921875 73.2480010986328 73.1570129394531
