rcp8.5models/GFDL_CM3/sc1gr0.16
NCOLS 261 
NROWS 433 
XLLCORNER 336357.134 
YLLCORNER 654653.479 
CELLSIZE 1000 
NODATA_value -3.4e+38 
[rows 242 to 263 of 433, columns 196 to 244 of 261]
78.2058639526367 77.8957138061523 77.3443450927734 77.0728988647461 76.6686553955078 76.3078231811523 76.1122131347656 75.7560729980469 75.5786819458008 75.2537002563477 74.9686889648438 74.6605529785156 74.3112030029297 74.1571502685547 74.052619934082 73.7490005493164 73.322380065918 73.1442489624023 72.6767501831055 -3.4e+38 -3.4e+38 72.1763381958008 72.1230163574219 71.9147720336914 71.5797348022461 71.2057037353516 71.1279525756836 71.0258560180664 70.6952896118164 70.4444274902344 69.9643707275391 69.8336868286133 69.5454483032227 69.2471008300781 69.1554336547852 69.0222702026367 68.8119430541992 68.5657730102539 68.4164047241211 68.2420806884766 68.0179138183594 67.5898666381836 67.4453430175781 67.222526550293 -3.4e+38 -3.4e+38 -3.4e+38 -3.4e+38 66.6528854370117
78.3143539428711 77.9305648803711 77.682861328125 77.3684921264648 77.0036315917969 76.7837142944336 76.4957427978516 76.0802383422852 75.7515258789062 75.3559188842773 74.9992828369141 74.7341537475586 74.5111236572266 74.236701965332 74.0801162719727 73.8052978515625 73.613395690918 73.3606796264648 72.9110336303711 -3.4e+38 -3.4e+38 72.3481826782227 72.4021224975586 72.1266860961914 71.8885803222656 71.5850219726562 71.4074096679688 71.2844619750977 70.9957427978516 70.6310653686523 70.0489959716797 69.8970413208008 69.7220916748047 69.7225646972656 69.4517822265625 69.2993774414062 69.0777053833008 68.8119964599609 68.4674682617188 68.2857971191406 68.1332855224609 67.9272842407227 67.8095245361328 67.599983215332 -3.4e+38 -3.4e+38 67.0985794067383 -3.4e+38 -3.4e+38
78.1885299682617 77.958610534668 77.7708053588867 77.4199066162109 77.1061630249023 76.9281005859375 76.6344223022461 75.994743347168 75.7527084350586 75.322380065918 75.0154037475586 74.6661605834961 74.5106048583984 74.3313827514648 74.1731872558594 73.9525680541992 73.7070693969727 73.4176254272461 73.1224899291992 72.8376388549805 -3.4e+38 -3.4e+38 72.2298889160156 72.1584701538086 72.1188278198242 71.7572479248047 71.4695205688477 71.2955856323242 71.034049987793 70.6642150878906 70.1848220825195 70.0769653320312 69.8968353271484 69.8092880249023 69.5498657226562 69.3757705688477 69.1779861450195 68.9323348999023 68.6153717041016 68.4267120361328 68.3053817749023 68.0855331420898 67.8992919921875 67.698371887207 -3.4e+38 67.2732162475586 67.1529083251953 67.0773162841797 -3.4e+38
78.1541213989258 77.9117889404297 77.6844482421875 77.38916015625 76.9981307983398 76.7506256103516 76.5766983032227 75.9068984985352 75.7069625854492 75.1989212036133 75.0236968994141 74.7594528198242 74.6575546264648 74.3965911865234 74.1560821533203 73.9618148803711 73.7846069335938 73.5409240722656 73.3358764648438 72.96142578125 72.5773162841797 72.4266662597656 72.3518753051758 72.3058242797852 72.1681518554688 71.7520065307617 -3.4e+38 -3.4e+38 70.9909896850586 70.8315582275391 70.4009552001953 70.2981262207031 70.1019058227539 69.8223495483398 69.575813293457 69.359748840332 69.2103652954102 69.0353698730469 68.818962097168 68.6384735107422 68.4295959472656 68.2268447875977 67.9683837890625 67.8296203613281 -3.4e+38 67.4130096435547 67.2541046142578 67.1496658325195 66.9826507568359
78.1527328491211 77.8333511352539 77.5277328491211 77.1690521240234 76.868293762207 76.7001190185547 76.4566192626953 75.8721466064453 75.5905227661133 75.2343673706055 75.0975570678711 74.8866119384766 74.7073059082031 74.4660415649414 74.2312393188477 74.0193023681641 73.833625793457 73.7028961181641 73.4938735961914 73.2522354125977 72.8235092163086 72.5143356323242 72.4583587646484 72.3551635742188 72.0532531738281 71.8326187133789 -3.4e+38 -3.4e+38 71.0500793457031 71.0666885375977 70.558479309082 70.3797073364258 70.1649703979492 69.9098205566406 69.5953521728516 69.3512420654297 69.2188491821289 69.1425552368164 69.0082626342773 68.7911148071289 68.5755157470703 68.2753372192383 68.0722198486328 67.8785934448242 67.6749114990234 67.5445251464844 67.4285354614258 67.2721328735352 67.1377029418945
78.0666275024414 77.7777557373047 77.5025024414062 77.2287750244141 76.8977508544922 76.6736450195312 76.4740524291992 75.8871612548828 75.5826721191406 75.344482421875 75.1555023193359 74.9783096313477 74.7436676025391 74.5615768432617 -3.4e+38 74.1622009277344 73.8859786987305 73.8320541381836 73.6893615722656 73.4744110107422 73.0822982788086 72.5948257446289 72.4465484619141 72.361328125 72.1787948608398 72.0147323608398 -3.4e+38 -3.4e+38 71.283935546875 71.2740097045898 70.6302108764648 70.4408493041992 70.189826965332 70.0960006713867 69.7425689697266 69.4995956420898 69.3940887451172 69.2000122070312 69.1005630493164 68.9541168212891 68.6791534423828 68.3243179321289 68.1075210571289 67.9189224243164 67.8177795410156 67.685791015625 67.5333557128906 67.4023513793945 67.2368469238281
78.10791015625 77.7854156494141 77.4859161376953 77.2999038696289 77.0187911987305 76.7627105712891 76.5432662963867 76.0210800170898 75.7542190551758 75.4741744995117 75.2125091552734 75.2297897338867 75.0340118408203 74.7197570800781 74.4582214355469 74.3865585327148 74.0468063354492 73.9242095947266 73.7550277709961 73.3710327148438 72.9966049194336 72.6780242919922 72.514404296875 72.4823684692383 72.3143463134766 71.9663314819336 71.6200866699219 -3.4e+38 71.3902816772461 71.35400390625 70.8134918212891 70.6093139648438 70.4808197021484 70.2839431762695 69.8647842407227 69.7146835327148 69.6201629638672 69.3868026733398 69.2739944458008 68.9808883666992 68.7927322387695 68.4687118530273 68.234489440918 68.0258483886719 67.9181594848633 67.8351974487305 67.7066421508789 67.5634613037109 67.4009170532227
78.1374282836914 77.9891510009766 77.7038650512695 77.3769073486328 77.1632766723633 76.9341659545898 76.7032699584961 76.2278442382812 75.8840637207031 75.5656814575195 75.3623962402344 75.5512924194336 75.2729187011719 74.8140640258789 74.7724609375 74.7120132446289 74.2213363647461 74.0019073486328 73.6653900146484 73.361457824707 73.1253204345703 72.9367828369141 72.7192153930664 72.5544815063477 72.3091201782227 72.0670394897461 71.9312515258789 71.6768035888672 71.4780120849609 71.503303527832 71.0218887329102 -3.4e+38 70.7334518432617 70.4441909790039 70.1726379394531 69.9550247192383 69.8255844116211 69.6892166137695 69.4588165283203 69.1035385131836 68.94677734375 68.565559387207 68.3253631591797 68.1213912963867 67.996337890625 67.9183349609375 67.8197555541992 67.6545486450195 67.4785385131836
78.4014511108398 78.1915664672852 77.8065338134766 77.4266510009766 77.1926116943359 76.9283065795898 76.7418441772461 76.2558212280273 75.9697875976562 75.7836761474609 75.7272567749023 75.6851043701172 75.2435684204102 74.9315795898438 74.9258422851562 74.8098754882812 74.2966156005859 74.1143493652344 73.7335739135742 73.5343627929688 73.4570159912109 73.2704620361328 72.8851928710938 72.6261978149414 72.4295349121094 72.3009414672852 72.1747512817383 71.8051681518555 71.6480712890625 71.5686111450195 71.3297576904297 71.1192855834961 70.8465423583984 70.5366516113281 70.4142150878906 70.1720581054688 69.9297027587891 69.7854156494141 69.5622253417969 69.2649612426758 68.9785766601562 68.5884399414062 68.3991165161133 68.3128814697266 68.2508087158203 68.1440200805664 67.933479309082 67.7475662231445 67.5744323730469
78.80859375 78.4744415283203 77.940299987793 77.5955352783203 77.2628021240234 77.0264511108398 76.7690505981445 76.2617416381836 76.0795669555664 75.9563827514648 75.9571533203125 75.6809387207031 75.2812576293945 75.1222381591797 75.0727920532227 74.9214553833008 74.6291427612305 74.3594436645508 -3.4e+38 73.8282623291016 73.864128112793 73.4847259521484 73.1119079589844 72.6998519897461 72.5355224609375 72.416389465332 72.3393173217773 72.1541290283203 71.8903274536133 71.7190170288086 71.6110687255859 71.3735809326172 70.9449691772461 70.8174209594727 70.5968627929688 70.283821105957 70.0128402709961 69.7514419555664 69.6739349365234 69.320556640625 68.97900390625 68.6619262695312 68.5409698486328 68.4093627929688 68.3658447265625 68.2423095703125 68.0137023925781 67.8307342529297 67.7027282714844
79.19140625 78.8810424804688 78.1506881713867 77.7266998291016 77.3907775878906 77.2515029907227 76.8767623901367 76.4054183959961 76.2487258911133 76.2008972167969 76.050407409668 75.8015289306641 75.5957946777344 75.4288787841797 75.2351303100586 75.1913146972656 74.9800720214844 74.7106246948242 74.1996002197266 74.0959014892578 73.8803634643555 73.4712524414062 73.1578826904297 72.8300399780273 72.6588897705078 72.4496002197266 72.5011978149414 72.4869689941406 72.1309814453125 71.8992080688477 71.6299438476562 71.4145584106445 71.0538024902344 70.9837493896484 70.7660980224609 70.3814544677734 70.1812057495117 69.9343109130859 69.7319793701172 69.4073638916016 69.1304931640625 68.7844696044922 68.7350769042969 68.6646194458008 68.4687271118164 68.3868865966797 68.1577835083008 67.9586181640625 67.7776565551758
79.1577224731445 78.8933639526367 78.261344909668 77.6167755126953 77.475944519043 77.4454727172852 77.0261001586914 76.5558471679688 76.352180480957 76.205078125 76.1521682739258 75.9890441894531 75.82421875 75.7547760009766 75.5505142211914 75.4457778930664 75.0687713623047 74.7882232666016 74.352653503418 74.1604080200195 73.8357315063477 73.6594772338867 73.4066848754883 73.0881958007812 72.7536544799805 72.5410614013672 72.4701919555664 72.4586029052734 72.5701599121094 72.556755065918 71.7420806884766 71.5248413085938 71.3772735595703 71.0537643432617 70.8110885620117 70.4733657836914 70.3018646240234 70.0839920043945 69.737060546875 69.5788650512695 69.3454132080078 68.9351119995117 68.9577331542969 68.8563613891602 68.7344818115234 68.4474563598633 68.2089004516602 68.0984344482422 67.9864044189453
78.7475662231445 78.6138916015625 78.2051696777344 77.6945266723633 77.665397644043 77.5643615722656 77.2080078125 76.570556640625 76.5075454711914 76.2681350708008 76.2215881347656 76.1299438476562 75.8960952758789 75.8423690795898 75.8346786499023 75.5890960693359 75.1560974121094 74.855339050293 74.4689483642578 74.234375 74.0342254638672 73.9716949462891 73.6789779663086 73.251838684082 72.9363098144531 72.6652069091797 72.4411163330078 72.4906921386719 72.7521743774414 72.6151657104492 71.8721618652344 71.7091598510742 71.4486999511719 71.1600723266602 70.8688888549805 70.5747299194336 70.3840942382812 70.2086791992188 69.8933410644531 69.7838439941406 69.5563583374023 69.1813278198242 69.1060028076172 68.9086761474609 68.8474273681641 68.5126419067383 68.3045501708984 68.2031631469727 68.1142196655273
78.6747741699219 78.3556976318359 78.1883544921875 78.2849273681641 77.9791412353516 77.6826248168945 77.3214492797852 76.7004089355469 76.4606704711914 76.2275848388672 76.2651901245117 76.123420715332 76.0149917602539 76.0527420043945 76.0035171508789 76.0280609130859 76.097282409668 76.0330963134766 74.6382293701172 74.4747085571289 74.1735458374023 73.6263580322266 73.3075103759766 73.271369934082 73.3534164428711 73.1175994873047 72.9060516357422 72.7704467773438 72.6789245605469 72.4147567749023 71.6803665161133 71.6050033569336 71.6455917358398 71.3243942260742 70.9614028930664 70.7928314208984 70.7946243286133 70.4684829711914 70.1766967773438 69.9277496337891 69.7114715576172 69.1885375976562 68.9998931884766 69.0428924560547 69.1146469116211 68.847038269043 68.4323043823242 68.3058929443359 68.1603012084961
78.7917022705078 78.5568771362305 78.5176315307617 78.5134201049805 78.2057037353516 77.7949523925781 77.4262390136719 76.9432373046875 76.6334991455078 76.3242721557617 76.1758117675781 76.2670211791992 76.2303466796875 76.2600784301758 76.5888290405273 76.4629898071289 76.0960159301758 76.0679397583008 74.6559906005859 74.31884765625 74.1407089233398 73.7105865478516 73.4116287231445 73.8306503295898 74.3844528198242 73.6928482055664 73.0204772949219 72.955078125 72.7757720947266 72.6098251342773 71.8761215209961 71.6945648193359 71.7516479492188 71.5338363647461 71.1845016479492 71.0570907592773 70.9586029052734 70.7680969238281 70.4447631835938 70.0500564575195 69.7462844848633 69.4189071655273 69.2115859985352 68.9912948608398 68.9817733764648 68.714958190918 68.5464553833008 68.4339141845703 68.2538757324219
78.9754028320312 78.776123046875 78.7014007568359 78.733512878418 78.3313217163086 77.7881393432617 77.485481262207 77.1020050048828 76.8545455932617 76.533821105957 76.2912445068359 76.5152435302734 76.5091934204102 76.4660263061523 76.8405685424805 76.2970428466797 75.730339050293 75.4607543945312 74.6125717163086 74.398811340332 74.2583312988281 73.9995803833008 73.9627990722656 74.9699859619141 75.1178207397461 73.7490386962891 73.1825866699219 72.9432525634766 72.880485534668 72.7742538452148 72.0519104003906 71.7099151611328 71.7503509521484 71.6404342651367 71.4323425292969 71.5373840332031 71.6096572875977 70.8833160400391 70.6626205444336 70.1972732543945 69.8067855834961 69.5238723754883 69.2841873168945 68.9710922241211 68.8745651245117 68.7285842895508 68.7852401733398 68.6264114379883 68.4181747436523
79.0911407470703 79.0001754760742 78.7270736694336 78.7713241577148 78.301399230957 77.7808227539062 77.5690994262695 77.1707458496094 77.004280090332 76.688606262207 76.4709091186523 76.7641677856445 76.7243957519531 76.4855728149414 76.9146423339844 77.1828689575195 76.9330978393555 75.3906860351562 74.6877288818359 74.7145156860352 74.3933868408203 74.0161666870117 -3.4e+38 75.6482009887695 74.5373687744141 73.5776672363281 73.2042388916016 72.929801940918 72.9556732177734 72.9315567016602 72.0929412841797 71.6525192260742 71.7530136108398 71.8169555664062 72.1304779052734 72.5596313476562 72.8115005493164 71.3674850463867 70.6793441772461 70.2773132324219 69.8805084228516 69.5568923950195 69.4462203979492 69.1804122924805 68.9440155029297 68.8523406982422 68.8344650268555 68.6783142089844 68.5240631103516
79.2834625244141 79.26318359375 78.977653503418 78.8262710571289 78.3532943725586 77.9289398193359 77.6722106933594 77.2424468994141 77.0737838745117 76.7809143066406 76.5255126953125 76.8292465209961 77.7468948364258 77.8218307495117 76.7998199462891 77.2406539916992 77.2111663818359 76.2610092163086 76.1917190551758 75.0265579223633 74.4140243530273 74.0010299682617 74.3971328735352 74.888069152832 74.053825378418 73.5752563476562 73.1650772094727 72.9865951538086 72.8853073120117 72.8944320678711 72.1416778564453 71.6670379638672 71.7873001098633 72.2511672973633 72.6201705932617 73.3564376831055 73.3951721191406 71.3287048339844 70.5722503662109 70.3755645751953 70.0897369384766 69.6768569946289 69.5900421142578 69.3795852661133 69.1427230834961 68.9429702758789 68.7899932861328 68.7043533325195 68.600700378418
79.6561508178711 79.4861755371094 79.1576538085938 78.8168869018555 78.3864822387695 78.1011962890625 78.0166854858398 77.2831649780273 77.1618576049805 76.9287948608398 76.6329879760742 77.0886306762695 78.6489486694336 78.1245803833008 76.5346755981445 76.8071670532227 77.5253448486328 77.7367324829102 77.5947723388672 74.9557495117188 74.3934783935547 74.1518936157227 74.1877365112305 74.2255325317383 74.0570678710938 73.7258529663086 73.3084945678711 73.0550231933594 72.8316802978516 72.8603973388672 72.2734985351562 71.9321365356445 71.7216720581055 72.0857086181641 72.4554138183594 72.9730224609375 72.3024597167969 71.0157318115234 70.5878753662109 70.4316024780273 70.203254699707 69.9142379760742 69.6744689941406 69.4614791870117 69.2112655639648 69.0106506347656 68.8679046630859 68.7340621948242 68.6777725219727
79.8526611328125 79.6861190795898 79.2075119018555 78.8244171142578 78.6067276000977 78.3309173583984 78.2087554931641 77.4053268432617 77.2611541748047 77.0833969116211 76.9387435913086 77.1239852905273 78.1905059814453 77.4390640258789 77.0591049194336 78.3128662109375 78.5791473388672 77.9050598144531 77.0517044067383 75.1342391967773 74.5693969726562 74.2970733642578 74.3396606445312 74.4883422851562 74.7825317382812 74.5261383056641 73.576171875 73.221565246582 72.8376693725586 72.7713851928711 72.5128555297852 72.4322052001953 71.7500381469727 71.8557586669922 72.3444290161133 71.9328384399414 71.298210144043 70.855354309082 70.6655044555664 70.3597946166992 70.2268524169922 69.9051284790039 69.744140625 69.5506591796875 69.27197265625 69.0969009399414 68.9555511474609 68.7776336669922 68.6852722167969
79.9854965209961 79.8468322753906 79.3036804199219 79.1468353271484 78.8583297729492 78.4955596923828 78.2363586425781 77.6327743530273 77.4824447631836 77.3219528198242 77.0806274414062 76.7946853637695 77.3929214477539 78.0597763061523 78.8716812133789 80.3022308349609 79.3440475463867 77.896484375 75.8941421508789 75.2148056030273 74.6130752563477 74.4559936523438 74.6253280639648 74.6506881713867 74.9200057983398 74.5933837890625 73.6794357299805 73.3173828125 72.965087890625 72.8076629638672 72.9388732910156 72.9172439575195 72.0451126098633 -3.4e+38 -3.4e+38 -3.4e+38 71.1624069213867 70.8198623657227 70.758903503418 70.3866806030273 70.2231979370117 69.8978118896484 69.7548217773438 69.6725845336914 69.5099411010742 69.2526245117188 68.9970932006836 68.8593368530273 68.8092651367188
80.338752746582 80.1969146728516 79.3791427612305 79.3310775756836 78.9300231933594 78.5644073486328 78.1629486083984 77.7996292114258 77.646614074707 77.55810546875 77.2325439453125 76.8643341064453 76.888801574707 78.1882781982422 80.5704803466797 81.4997940063477 80.1698150634766 78.2568206787109 75.4411239624023 75.1112594604492 74.7330474853516 74.7149963378906 75.1142044067383 75.6863021850586 74.6640472412109 74.1051788330078 73.8382339477539 73.810188293457 73.090705871582 -3.4e+38 74.1767654418945 73.6887435913086 72.2043228149414 -3.4e+38 -3.4e+38 71.3801193237305 71.2121658325195 70.9979858398438 70.8846435546875 70.5151977539062 70.3269348144531 70.0431900024414 69.8280868530273 69.8286285400391 69.5969085693359 69.2661285400391 69.0718383789062 69.0107269287109 69.0225296020508
