rcp8.5models/GFDL_CM3/sc1gr5.28
NCOLS 261 
NROWS 433 
XLLCORNER 336357.134 
YLLCORNER 654653.479 
CELLSIZE 1000 
NODATA_value -3.4e+38 
[rows 396 to 417 of 433, columns 49 to 97 of 261]
-3.4e+38 -3.4e+38 -3.4e+38 -3.4e+38 -3.4e+38 -3.4e+38 -3.4e+38 -3.4e+38 -3.4e+38 284.754852294922 284.846160888672 285.389495849609 285.330291748047 285.052856445312 284.451202392578 284.440185546875 284.703521728516 284.959686279297 284.321960449219 284.450012207031 284.481750488281 283.82958984375 282.052825927734 281.142303466797 283.416412353516 284.271301269531 282.668792724609 282.140258789062 283.2509765625 283.624938964844 283.865692138672 284.505035400391 284.425384521484 284.365447998047 284.537292480469 283.920257568359 284.090728759766 284.986328125 279.146392822266 280.225311279297 284.638397216797 279.544250488281 274.736541748047 274.601898193359 276.857421875 274.569274902344 274.566680908203 275.949798583984 275.822265625
-3.4e+38 -3.4e+38 -3.4e+38 -3.4e+38 -3.4e+38 -3.4e+38 -3.4e+38 -3.4e+38 -3.4e+38 284.903656005859 285.139556884766 285.485046386719 285.001159667969 285.076873779297 284.607940673828 284.470245361328 284.366424560547 284.593353271484 284.105712890625 284.177490234375 284.508117675781 284.425170898438 283.738494873047 282.58740234375 283.61181640625 283.929107666016 283.627716064453 284.237915039062 284.282653808594 283.580322265625 283.542388916016 284.111236572266 284.322998046875 284.432403564453 284.718566894531 284.540435791016 284.816284179688 285.250427246094 282.077209472656 282.4755859375 283.883026123047 279.875244140625 275.130584716797 275.231414794922 278.357086181641 276.8779296875 275.329162597656 274.474090576172 273.988739013672
-3.4e+38 -3.4e+38 -3.4e+38 -3.4e+38 -3.4e+38 -3.4e+38 -3.4e+38 -3.4e+38 -3.4e+38 -3.4e+38 285.129638671875 285.261383056641 284.943634033203 285.319152832031 284.964050292969 284.630126953125 284.411926269531 284.210113525391 284.253875732422 284.428405761719 284.725646972656 284.725799560547 284.543304443359 283.816619873047 284.098510742188 284.374298095703 283.522338867188 282.057891845703 283.190704345703 283.907745361328 283.154876708984 283.854522705078 284.644104003906 284.927825927734 284.930877685547 285.034759521484 285.187774658203 284.947509765625 284.226196289062 284.48388671875 284.270233154297 280.499176025391 276.948028564453 277.334991455078 278.365295410156 278.797668457031 277.441833496094 274.974578857422 274.514495849609
-3.4e+38 -3.4e+38 -3.4e+38 -3.4e+38 -3.4e+38 -3.4e+38 -3.4e+38 -3.4e+38 -3.4e+38 -3.4e+38 285.000396728516 285.181793212891 285.279968261719 285.594696044922 285.381774902344 284.8603515625 284.642059326172 284.423278808594 284.295776367188 284.494079589844 284.70947265625 284.819793701172 284.603454589844 283.912841796875 284.405212402344 284.837982177734 284.00146484375 282.788818359375 283.813934326172 284.157775878906 283.897277832031 284.496124267578 284.809875488281 284.627166748047 284.725036621094 284.938018798828 284.594116210938 284.600036621094 285.004638671875 284.341857910156 284.397430419922 280.760314941406 277.993438720703 277.261352539062 276.778900146484 278.174591064453 278.357147216797 275.477264404297 273.910125732422
-3.4e+38 -3.4e+38 -3.4e+38 -3.4e+38 -3.4e+38 -3.4e+38 -3.4e+38 -3.4e+38 -3.4e+38 -3.4e+38 -3.4e+38 285.219268798828 285.509521484375 285.722320556641 285.680755615234 285.017791748047 284.770935058594 284.656311035156 284.053771972656 284.365966796875 284.295166015625 284.578094482422 284.845092773438 284.399291992188 284.445617675781 283.982574462891 284.517150878906 284.930786132812 284.857147216797 284.615356445312 284.368835449219 284.664093017578 284.6005859375 284.102905273438 284.430480957031 284.354797363281 284.320953369141 284.705474853516 284.861206054688 284.220764160156 284.564086914062 282.672424316406 280.377899169922 277.736724853516 276.268615722656 275.990142822266 277.247314453125 276.638336181641 273.702453613281
-3.4e+38 -3.4e+38 -3.4e+38 -3.4e+38 -3.4e+38 -3.4e+38 -3.4e+38 -3.4e+38 -3.4e+38 -3.4e+38 -3.4e+38 285.325836181641 285.170074462891 285.263519287109 285.518920898438 285.326171875 284.907379150391 284.481140136719 284.322631835938 284.42626953125 284.373107910156 284.546691894531 284.883666992188 284.313568115234 284.303802490234 283.334442138672 281.986785888672 283.755218505859 284.873168945312 284.690826416016 284.272521972656 284.385650634766 284.196472167969 283.161071777344 284.110107421875 284.283752441406 284.419830322266 284.811096191406 284.770812988281 284.038513183594 284.020050048828 284.652984619141 281.309936523438 278.457153320312 277.274810791016 274.871185302734 273.657501220703 275.657928466797 275.380615234375
-3.4e+38 -3.4e+38 -3.4e+38 -3.4e+38 -3.4e+38 -3.4e+38 -3.4e+38 -3.4e+38 -3.4e+38 -3.4e+38 -3.4e+38 285.502105712891 285.086944580078 284.798828125 285.085571289062 285.048431396484 284.779693603516 284.42138671875 284.468963623047 284.298370361328 284.142242431641 284.650146484375 284.919219970703 284.478576660156 284.507019042969 284.331207275391 282.793884277344 284.034790039062 283.584594726562 284.646087646484 284.663208007812 284.542694091797 284.090911865234 283.461456298828 284.403350830078 284.815185546875 284.749206542969 284.171844482422 284.295349121094 284.109710693359 283.599304199219 282.523040771484 281.681579589844 279.363128662109 277.01708984375 275.817840576172 273.883880615234 274.607604980469 277.074035644531
-3.4e+38 -3.4e+38 -3.4e+38 -3.4e+38 -3.4e+38 -3.4e+38 -3.4e+38 -3.4e+38 -3.4e+38 -3.4e+38 -3.4e+38 -3.4e+38 284.724822998047 284.531585693359 284.852478027344 284.624420166016 284.510375976562 284.609497070312 284.461578369141 284.301086425781 284.176910400391 284.619201660156 284.839874267578 284.820922851562 284.532257080078 284.317169189453 284.515533447266 284.850952148438 283.806762695312 284.824615478516 283.429595947266 283.762237548828 284.391876220703 284.450256347656 284.723449707031 284.279235839844 283.174011230469 283.125152587891 283.264282226562 283.065856933594 282.359130859375 279.003631591797 279.406463623047 280.942901611328 279.806579589844 278.341735839844 277.107818603516 275.323486328125 277.185089111328
-3.4e+38 -3.4e+38 -3.4e+38 -3.4e+38 -3.4e+38 -3.4e+38 -3.4e+38 -3.4e+38 -3.4e+38 -3.4e+38 -3.4e+38 -3.4e+38 -3.4e+38 284.657501220703 284.710418701172 284.490600585938 284.587158203125 284.597747802734 284.700225830078 284.36376953125 284.377075195312 284.418853759766 284.594787597656 284.659973144531 284.502655029297 284.242309570312 284.756530761719 284.696502685547 284.688385009766 284.897430419922 283.723602294922 284.019287109375 284.701110839844 283.887817382812 283.132568359375 282.841583251953 282.822204589844 283.139038085938 282.086639404297 281.202789306641 280.856292724609 277.9267578125 277.663177490234 279.304992675781 281.558532714844 279.888275146484 278.414581298828 277.102630615234 276.674163818359
-3.4e+38 -3.4e+38 -3.4e+38 -3.4e+38 -3.4e+38 -3.4e+38 -3.4e+38 -3.4e+38 -3.4e+38 -3.4e+38 -3.4e+38 -3.4e+38 -3.4e+38 -3.4e+38 284.737609863281 284.535888671875 284.839233398438 284.540618896484 284.604614257812 284.334014892578 284.327117919922 284.352600097656 284.411926269531 284.5966796875 284.777008056641 284.713928222656 284.997619628906 284.825561523438 284.282531738281 284.743316650391 284.338287353516 283.446380615234 284.183227539062 283.005554199219 281.978790283203 283.070037841797 283.332550048828 283.180358886719 282.155609130859 280.994079589844 281.120330810547 278.970611572266 278.890075683594 278.194366455078 279.347930908203 280.232208251953 278.673767089844 278.679779052734 278.80029296875
-3.4e+38 -3.4e+38 -3.4e+38 -3.4e+38 -3.4e+38 -3.4e+38 -3.4e+38 -3.4e+38 -3.4e+38 -3.4e+38 -3.4e+38 -3.4e+38 -3.4e+38 -3.4e+38 284.554809570312 284.522216796875 284.676574707031 284.986022949219 284.269989013672 284.102416992188 284.272888183594 284.468902587891 284.452423095703 284.652191162109 284.873687744141 284.827087402344 284.593170166016 284.324462890625 284.428253173828 284.039001464844 284.217834472656 284.468994140625 284.068267822266 283.809204101562 284.253967285156 284.079437255859 282.427795410156 281.648040771484 281.604736328125 281.950622558594 281.970062255859 280.606353759766 280.283447265625 281.019470214844 279.680389404297 279.979278564453 282.135650634766 282.770416259766 281.518951416016
-3.4e+38 -3.4e+38 -3.4e+38 -3.4e+38 -3.4e+38 -3.4e+38 -3.4e+38 -3.4e+38 -3.4e+38 -3.4e+38 -3.4e+38 -3.4e+38 -3.4e+38 -3.4e+38 -3.4e+38 284.715118408203 284.4736328125 284.746032714844 284.917083740234 284.382965087891 284.255218505859 284.407073974609 284.597778320312 284.856109619141 284.955291748047 284.953704833984 284.810729980469 284.516143798828 283.674926757812 284.035614013672 283.604125976562 283.857177734375 284.012390136719 283.660491943359 283.434600830078 283.749603271484 282.562042236328 281.011138916016 279.182647705078 279.544006347656 281.784515380859 281.358154296875 280.932098388672 280.204345703125 278.533813476562 278.477386474609 279.815826416016 280.967956542969 281.425201416016
-3.4e+38 -3.4e+38 -3.4e+38 -3.4e+38 -3.4e+38 -3.4e+38 -3.4e+38 -3.4e+38 -3.4e+38 -3.4e+38 -3.4e+38 -3.4e+38 -3.4e+38 -3.4e+38 -3.4e+38 284.834014892578 284.38720703125 284.690856933594 284.82470703125 284.612396240234 284.267700195312 284.304840087891 284.603332519531 284.715301513672 284.705413818359 284.707702636719 284.890716552734 284.178466796875 282.993743896484 283.429931640625 283.906799316406 284.014007568359 283.888031005859 283.404205322266 283.200805664062 283.595397949219 283.158020019531 281.51953125 279.891052246094 279.273071289062 280.517974853516 281.7802734375 281.550323486328 278.796295166016 277.718109130859 278.812377929688 277.997955322266 278.224273681641 279.417755126953
-3.4e+38 -3.4e+38 -3.4e+38 -3.4e+38 -3.4e+38 -3.4e+38 -3.4e+38 -3.4e+38 -3.4e+38 -3.4e+38 -3.4e+38 -3.4e+38 -3.4e+38 -3.4e+38 -3.4e+38 284.491119384766 284.37548828125 284.217529296875 284.331939697266 284.289581298828 284.312377929688 284.442718505859 284.530487060547 284.485015869141 284.689544677734 284.880584716797 284.757232666016 283.861511230469 283.256866455078 282.8564453125 283.622497558594 284.432739257812 284.126251220703 283.736541748047 283.444458007812 283.522430419922 283.277008056641 282.703735351562 282.266815185547 282.048309326172 281.502075195312 282.2158203125 282.010925292969 280.226013183594 278.704528808594 280.355804443359 278.700439453125 274.358917236328 274.916656494141
-3.4e+38 -3.4e+38 -3.4e+38 -3.4e+38 -3.4e+38 -3.4e+38 -3.4e+38 -3.4e+38 -3.4e+38 -3.4e+38 -3.4e+38 -3.4e+38 -3.4e+38 -3.4e+38 -3.4e+38 -3.4e+38 284.371643066406 283.964416503906 284.305206298828 284.158050537109 284.152313232422 284.365539550781 284.652160644531 284.580932617188 284.8046875 284.774322509766 284.310821533203 283.804962158203 283.232025146484 283.076385498047 283.023345947266 283.749694824219 284.127197265625 284.310424804688 283.693634033203 283.467132568359 282.952697753906 282.308166503906 282.544982910156 283.109100341797 283.453582763672 283.514190673828 283.248168945312 282.591033935547 281.004180908203 280.821624755859 280.677032470703 276.227111816406 273.681030273438
-3.4e+38 -3.4e+38 -3.4e+38 -3.4e+38 -3.4e+38 -3.4e+38 -3.4e+38 -3.4e+38 -3.4e+38 -3.4e+38 -3.4e+38 -3.4e+38 -3.4e+38 -3.4e+38 -3.4e+38 -3.4e+38 -3.4e+38 -3.4e+38 284.357971191406 283.934814453125 283.952545166016 284.288177490234 284.528839111328 284.807525634766 285.011474609375 284.868438720703 284.125701904297 283.925048828125 283.776336669922 283.246337890625 283.384948730469 283.462158203125 283.557434082031 283.427581787109 283.511810302734 283.610748291016 283.229797363281 282.41748046875 282.793640136719 283.577819824219 283.992797851562 284.423522949219 284.341186523438 282.183013916016 280.184387207031 279.899566650391 281.656127929688 280.694183349609 278.250091552734
-3.4e+38 -3.4e+38 -3.4e+38 -3.4e+38 -3.4e+38 -3.4e+38 -3.4e+38 -3.4e+38 -3.4e+38 -3.4e+38 -3.4e+38 -3.4e+38 -3.4e+38 -3.4e+38 -3.4e+38 -3.4e+38 -3.4e+38 -3.4e+38 284.33642578125 284.102630615234 283.776184082031 283.762969970703 284.200012207031 284.760131835938 284.947082519531 284.947113037109 284.634857177734 284.657440185547 284.570831298828 283.354553222656 283.409942626953 283.584136962891 283.714141845703 282.989959716797 282.513519287109 282.719451904297 282.897094726562 282.762359619141 283.017150878906 283.961273193359 284.112609863281 284.594848632812 284.716522216797 281.301208496094 278.658142089844 280.453521728516 282.502746582031 282.705291748047 282.787139892578
-3.4e+38 -3.4e+38 -3.4e+38 -3.4e+38 -3.4e+38 -3.4e+38 -3.4e+38 -3.4e+38 -3.4e+38 -3.4e+38 -3.4e+38 -3.4e+38 -3.4e+38 -3.4e+38 -3.4e+38 -3.4e+38 -3.4e+38 -3.4e+38 -3.4e+38 284.317138671875 283.937622070312 283.769989013672 284.2333984375 284.562805175781 284.6123046875 284.734619140625 284.955596923828 284.979553222656 284.874786376953 283.892028808594 283.413635253906 283.167572021484 282.952117919922 283.191833496094 282.534210205078 281.929718017578 281.916046142578 282.185394287109 282.766479492188 282.775726318359 282.322937011719 283.061889648438 284.265533447266 283.255096435547 282.071502685547 283.356353759766 283.783325195312 284.092529296875 284.416961669922
-3.4e+38 -3.4e+38 -3.4e+38 -3.4e+38 -3.4e+38 -3.4e+38 -3.4e+38 -3.4e+38 -3.4e+38 -3.4e+38 -3.4e+38 -3.4e+38 -3.4e+38 -3.4e+38 -3.4e+38 -3.4e+38 -3.4e+38 -3.4e+38 -3.4e+38 -3.4e+38 283.874877929688 283.976806640625 284.290863037109 284.370483398438 284.370697021484 284.529205322266 284.660736083984 284.639221191406 284.830291748047 284.320068359375 284.0126953125 283.635894775391 282.552856445312 282.781890869141 282.764373779297 282.243957519531 282.498168945312 282.525817871094 281.569549560547 280.591583251953 281.488983154297 282.567840576172 283.914886474609 284.803588867188 284.882629394531 284.47900390625 283.740509033203 283.404296875 283.359405517578
-3.4e+38 -3.4e+38 -3.4e+38 -3.4e+38 -3.4e+38 -3.4e+38 -3.4e+38 -3.4e+38 -3.4e+38 -3.4e+38 -3.4e+38 -3.4e+38 -3.4e+38 -3.4e+38 -3.4e+38 -3.4e+38 -3.4e+38 -3.4e+38 -3.4e+38 -3.4e+38 -3.4e+38 284.103546142578 284.271179199219 284.295440673828 284.295684814453 283.916320800781 283.722564697266 284.086791992188 284.497283935547 284.634704589844 284.397766113281 284.309326171875 283.509460449219 282.570678710938 282.355133056641 282.448669433594 282.920684814453 282.754119873047 281.689788818359 280.830780029297 281.163482666016 282.522399902344 283.272399902344 283.985931396484 284.753845214844 284.269134521484 282.668823242188 281.778289794922 280.021789550781
-3.4e+38 -3.4e+38 -3.4e+38 -3.4e+38 -3.4e+38 -3.4e+38 -3.4e+38 -3.4e+38 -3.4e+38 -3.4e+38 -3.4e+38 -3.4e+38 -3.4e+38 -3.4e+38 -3.4e+38 -3.4e+38 -3.4e+38 -3.4e+38 -3.4e+38 -3.4e+38 -3.4e+38 -3.4e+38 284.293273925781 284.293670654297 284.294219970703 283.585479736328 283.10009765625 283.450347900391 284.007781982422 284.581085205078 284.367767333984 284.386779785156 284.235626220703 283.167327880859 282.825805664062 282.904541015625 282.963989257812 282.979736328125 282.7861328125 281.820343017578 280.359344482422 280.51123046875 281.139434814453 282.808532714844 284.606384277344 284.661865234375 282.334350585938 281.864807128906 279.577911376953
-3.4e+38 -3.4e+38 -3.4e+38 -3.4e+38 -3.4e+38 -3.4e+38 -3.4e+38 -3.4e+38 -3.4e+38 -3.4e+38 -3.4e+38 -3.4e+38 -3.4e+38 -3.4e+38 -3.4e+38 -3.4e+38 -3.4e+38 -3.4e+38 -3.4e+38 -3.4e+38 -3.4e+38 -3.4e+38 -3.4e+38 284.292266845703 284.292755126953 283.693023681641 283.289794921875 283.579132080078 284.0126953125 283.909515380859 284.110900878906 284.47314453125 284.452239990234 283.797088623047 283.358612060547 283.189697265625 282.209167480469 282.681182861328 282.116271972656 280.239776611328 279.396789550781 279.368927001953 279.369201660156 281.816955566406 284.058441162109 284.392395019531 283.777099609375 284.068908691406 282.363800048828
