rcp8.5models/GFDL_CM3/sc1gr5.32
NCOLS 261 
NROWS 433 
XLLCORNER 336357.134 
YLLCORNER 654653.479 
CELLSIZE 1000 
NODATA_value -9999 
[rows 308 to 329 of 433, columns 200 to 249 of 261]
273.333648681641 282.338073730469 288.046112060547 287.796417236328 290.044158935547 290.547973632812 289.67822265625 289.546142578125 287.480560302734 281.666870117188 273.348693847656 273.548004150391 274.956512451172 273.133148193359 289.108337402344 290.651947021484 290.705230712891 289.635986328125 291.291412353516 292.435180664062 292.784393310547 290.177856445312 285.870971679688 286.751434326172 291.5078125 291.179473876953 291.171752929688 291.429779052734 291.198272705078 291.704650878906 292.688110351562 293.513397216797 293.166290283203 292.676818847656 293.450225830078 294.192504882812 294.230133056641 292.594940185547 292.9677734375 293.786224365234 294.451751708984 295.343322753906 295.8115234375 296.405822753906 296.241851806641 296.574523925781 297.239837646484 297.296325683594 297.564361572266 298.047607421875
280.339019775391 283.728363037109 281.025543212891 288.607025146484 290.067321777344 290.103057861328 289.699737548828 288.051727294922 283.589019775391 279.772735595703 274.087768554688 276.407196044922 276.714447021484 273.31201171875 286.219573974609 290.831939697266 291.202514648438 290.550323486328 291.957000732422 292.394683837891 291.427368164062 288.7158203125 288.242736816406 286.582824707031 287.451019287109 291.652404785156 291.772735595703 291.736358642578 291.780609130859 292.368682861328 293.698303222656 293.71728515625 292.919860839844 293.018463134766 293.601715087891 294.154937744141 294.523162841797 293.415496826172 294.102264404297 294.288848876953 294.492126464844 295.162231445312 295.667602539062 296.104248046875 296.231536865234 296.508209228516 296.952056884766 297.357849121094 -9999 298.121490478516
278.308197021484 281.485137939453 275.395935058594 285.84619140625 288.001922607422 289.985107421875 288.687866210938 283.987548828125 278.974304199219 276.776580810547 274.182342529297 276.285186767578 278.863708496094 277.894622802734 284.815155029297 290.349151611328 291.409851074219 291.918060302734 292.289581298828 292.106811523438 290.452301025391 288.964752197266 289.925659179688 287.738952636719 283.396636962891 286.994415283203 292.702484130859 292.457824707031 292.748229980469 293.135437011719 293.616516113281 293.666809082031 292.9677734375 293.116577148438 293.833831787109 293.920471191406 295.101135253906 294.274810791016 294.607727050781 294.576019287109 294.707672119141 295.140533447266 295.257873535156 295.837158203125 295.955078125 296.077301025391 296.293395996094 296.787139892578 297.442993164062 297.622406005859
275.223663330078 278.753479003906 278.673217773438 284.666870117188 288.412933349609 290.286315917969 288.700622558594 284.084197998047 278.928070068359 277.426696777344 276.465972900391 276.089813232422 278.258605957031 278.107299804688 288.115783691406 290.332000732422 291.165893554688 291.734100341797 292.139465332031 291.561004638672 290.412353515625 290.3837890625 290.586547851562 289.054595947266 282.433715820312 284.154754638672 293.30810546875 293.518371582031 -9999 -9999 293.779846191406 294.069427490234 293.604370117188 293.338317871094 293.936614990234 294.408386230469 295.175842285156 294.602447509766 294.828033447266 294.778930664062 295.236358642578 295.3037109375 294.735260009766 295.145935058594 295.452514648438 295.247039794922 295.574371337891 296.219390869141 296.717132568359 297.181884765625
278.117462158203 280.653991699219 282.869964599609 287.259429931641 289.908599853516 289.693908691406 289.091156005859 286.745147705078 284.060668945312 283.106506347656 282.535247802734 280.891265869141 277.826141357422 278.164306640625 290.347503662109 290.829864501953 291.157653808594 291.652618408203 291.935821533203 291.352111816406 290.992340087891 290.700897216797 290.043731689453 289.970916748047 284.756439208984 284.707489013672 292.811950683594 292.889221191406 293.282287597656 293.873016357422 294.280883789062 294.392822265625 293.690155029297 293.530212402344 294.068084716797 294.799194335938 295.485565185547 294.890808105469 295.063842773438 295.212463378906 295.508728027344 295.458465576172 295.114105224609 295.220489501953 295.289916992188 294.887817382812 295.389892578125 295.889556884766 296.240020751953 296.654846191406
276.306488037109 280.620452880859 285.873504638672 288.927673339844 288.495330810547 287.089202880859 287.982727050781 287.330657958984 284.155426025391 285.402313232422 287.191497802734 285.433563232422 283.737091064453 278.642486572266 284.002593994141 290.16943359375 291.38232421875 291.681060791016 292.052917480469 292.130767822266 291.875457763672 290.850433349609 289.193786621094 291.883758544922 291.102905273438 289.078887939453 291.942016601562 292.6220703125 293.152313232422 293.534606933594 293.876831054688 294.175994873047 294.522735595703 293.739715576172 293.685668945312 294.717803955078 294.996765136719 295.432403564453 295.818115234375 295.972717285156 295.587890625 295.565093994141 295.55615234375 295.595428466797 295.630279541016 295.746368408203 295.784301757812 296.302276611328 296.448089599609 296.759246826172
273.832855224609 275.936950683594 286.985992431641 288.366729736328 287.324615478516 285.997619628906 286.843170166016 286.759033203125 284.815093994141 287.820983886719 287.457702636719 287.049652099609 288.132385253906 286.381652832031 281.049133300781 290.106872558594 291.509216308594 292.162414550781 292.341888427734 -9999 291.89306640625 291.511199951172 291.295684814453 292.117065429688 292.763763427734 292.459686279297 292.696838378906 293.343292236328 293.547668457031 293.679412841797 294.062591552734 294.172271728516 294.519104003906 293.977600097656 293.883178710938 294.359252929688 294.604156494141 295.507232666016 295.912200927734 295.928497314453 295.654602050781 295.843658447266 295.744537353516 295.735961914062 295.815856933594 296.008880615234 296.139038085938 296.293487548828 296.510986328125 297.062530517578
273.886413574219 275.095703125 286.706695556641 287.090637207031 286.398956298828 286.313385009766 287.479156494141 288.030059814453 287.485137939453 288.284851074219 288.130249023438 287.936950683594 288.490783691406 288.048431396484 285.667144775391 290.655151367188 291.791046142578 -9999 -9999 -9999 291.751007080078 291.779022216797 291.5400390625 292.126586914062 292.9169921875 293.071197509766 293.442657470703 293.623779296875 293.942291259766 294.068054199219 294.355682373047 294.635345458984 294.554260253906 294.234619140625 294.464965820312 294.129943847656 294.013793945312 295.030151367188 295.329467773438 295.669769287109 295.936553955078 296.073059082031 296.029418945312 296.162292480469 296.117797851562 296.058502197266 296.307769775391 296.320983886719 296.797607421875 297.279235839844
276.260345458984 276.840789794922 285.642456054688 286.544952392578 286.134155273438 286.311767578125 287.389526367188 288.231018066406 288.308197021484 288.834045410156 288.939331054688 288.770660400391 288.904357910156 288.199188232422 290.280456542969 290.950531005859 291.844482421875 -9999 -9999 -9999 292.089721679688 291.828125 291.459259033203 291.943267822266 292.535980224609 293.272399902344 293.737091064453 293.768341064453 294.053619384766 294.403228759766 294.427398681641 294.860198974609 294.859313964844 294.820617675781 294.625732421875 294.461944580078 293.948211669922 295.118621826172 295.362457275391 295.682556152344 296.102111816406 296.056762695312 296.292724609375 296.403442382812 296.432769775391 296.304351806641 296.318359375 296.391448974609 296.65771484375 297.289154052734
277.353302001953 276.126129150391 283.916412353516 286.590698242188 285.754241943359 284.811370849609 283.512786865234 285.765197753906 287.865966796875 288.878784179688 289.363739013672 289.226043701172 289.370941162109 288.565399169922 289.878112792969 290.401214599609 291.423889160156 291.999664306641 -9999 292.779724121094 292.734344482422 292.040466308594 291.100738525391 291.530670166016 292.202728271484 293.061767578125 293.579986572266 293.361450195312 293.553863525391 294.071502685547 294.252960205078 294.418975830078 294.597473144531 295.129547119141 295.105743408203 294.886169433594 294.015899658203 295.131317138672 295.39111328125 295.790435791016 295.945556640625 296.054168701172 296.496307373047 296.427062988281 296.540222167969 296.487396240234 296.328887939453 296.426116943359 296.725128173828 297.103820800781
279.240051269531 280.006805419922 284.365966796875 286.056213378906 284.6318359375 283.667694091797 280.266143798828 282.073364257812 284.496612548828 287.946044921875 289.015228271484 289.369964599609 290.063903808594 289.181335449219 289.817291259766 290.405059814453 291.160736083984 291.534362792969 291.626983642578 292.500640869141 293.059814453125 291.976837158203 291.037048339844 291.774993896484 292.595855712891 292.873138427734 292.322509765625 290.864501953125 292.952056884766 293.406402587891 294.145446777344 294.395599365234 294.446411132812 295.09765625 295.457427978516 295.258361816406 294.712768554688 294.87109375 295.261566162109 295.434509277344 295.419250488281 295.869049072266 296.331939697266 296.419708251953 296.454803466797 296.384582519531 296.198272705078 296.497863769531 297.180816650391 296.958618164062
279.728668212891 284.556823730469 286.3212890625 285.799163818359 284.156768798828 283.708984375 281.910552978516 280.295837402344 282.545379638672 287.400787353516 289.174346923828 289.525970458984 290.431274414062 289.937896728516 290.443328857422 291.198394775391 291.437133789062 291.494415283203 291.756500244141 292.731842041016 293.301483154297 292.392059326172 291.974884033203 292.426239013672 292.787048339844 292.599731445312 288.426239013672 290.365112304688 292.519653320312 293.107116699219 294.083099365234 294.115142822266 294.41064453125 294.976104736328 294.960662841797 295.458953857422 295.392272949219 294.886901855469 295.5400390625 295.373626708984 295.11083984375 295.757843017578 296.341094970703 296.530181884766 296.568908691406 296.442901611328 296.343048095703 296.552795410156 297.608612060547 297.377532958984
282.175415039062 285.430053710938 286.730621337891 285.48193359375 283.771148681641 284.387634277344 284.391906738281 281.802062988281 283.31787109375 287.251647949219 289.249755859375 289.971496582031 290.576202392578 290.443664550781 290.837127685547 291.612762451172 292.140350341797 292.15771484375 291.472259521484 292.627807617188 293.246154785156 293.169403076172 293.016845703125 292.726776123047 292.668823242188 292.295623779297 289.16552734375 291.648345947266 292.538330078125 293.162506103516 293.766448974609 293.667053222656 294.130706787109 294.493316650391 294.782348632812 295.506195068359 295.596466064453 295.228149414062 295.69091796875 295.536773681641 295.404754638672 295.990997314453 296.307464599609 296.511413574219 296.568237304688 296.662231445312 296.685485839844 296.512054443359 297.390899658203 297.687316894531
285.695648193359 286.569000244141 287.026428222656 285.497863769531 284.062438964844 284.260040283203 285.497467041016 284.641235351562 283.360137939453 284.96875 286.086090087891 289.529174804688 290.674468994141 290.548461914062 291.389526367188 291.854217529297 292.02099609375 292.522644042969 291.945678710938 292.815795898438 293.271911621094 293.492980957031 293.601348876953 293.240936279297 292.734008789062 292.305053710938 292.088714599609 292.432037353516 293.134918212891 292.964508056641 293.398162841797 293.787872314453 294.255310058594 294.324005126953 294.484344482422 294.893463134766 294.967498779297 295.584564208984 295.911895751953 295.907470703125 295.868408203125 295.839538574219 296.153045654297 296.281036376953 296.474456787109 296.772277832031 296.8916015625 296.469207763672 296.851593017578 297.2607421875
286.248016357422 287.002044677734 287.145050048828 283.541381835938 278.252288818359 284.847473144531 286.283874511719 286.748901367188 285.381225585938 284.584533691406 284.374877929688 289.693481445312 290.665679931641 291.100799560547 291.647033691406 291.962829589844 291.180969238281 292.856567382812 293.043395996094 293.255676269531 293.267120361328 293.2744140625 293.689239501953 293.624694824219 292.843109130859 292.506195068359 292.237396240234 292.592895507812 293.523681640625 293.323791503906 293.576446533203 293.996826171875 294.335235595703 294.827423095703 294.894744873047 295.043334960938 295.160247802734 296.097259521484 296.176605224609 295.880859375 296.052978515625 295.925537109375 296.137329101562 296.208068847656 296.692474365234 297.032012939453 296.993896484375 296.759826660156 296.772186279297 297.054992675781
286.164886474609 287.364593505859 285.990905761719 272.922882080078 265.670166015625 279.120056152344 286.614562988281 287.414611816406 287.719055175781 287.041809082031 287.004425048828 290.090454101562 290.771606445312 291.404571533203 291.167907714844 291.587554931641 290.941040039062 292.454040527344 292.674530029297 292.466613769531 292.668853759766 292.720825195312 293.296539306641 293.733093261719 293.378540039062 293.155426025391 292.734924316406 292.686248779297 293.196533203125 293.812164306641 294.203643798828 294.372680664062 294.474151611328 294.961853027344 295.001800537109 295.209320068359 295.497467041016 295.865814208984 295.808776855469 295.649261474609 295.747283935547 296.136077880859 296.008087158203 296.321105957031 296.839477539062 297.171264648438 297.237457275391 297.188781738281 296.835479736328 296.971618652344
286.168487548828 286.68994140625 281.153228759766 259.546661376953 254.877136230469 267.90380859375 282.447662353516 287.791717529297 288.292297363281 288.500640869141 289.434509277344 290.309844970703 290.761810302734 290.725769042969 290.549285888672 291.27734375 290.849212646484 291.571594238281 291.764099121094 291.640380859375 292.038665771484 292.432647705078 293.097747802734 293.721557617188 293.962249755859 293.786437988281 293.506378173828 293.257781982422 292.620483398438 293.821228027344 294.238677978516 294.808471679688 294.833618164062 294.676544189453 294.634185791016 295.036346435547 295.025604248047 295.286712646484 295.52978515625 295.983184814453 295.908172607422 296.052856445312 295.549072265625 296.086242675781 296.487274169922 296.905670166016 296.952453613281 297.093353271484 297.221557617188 297.191650390625
287.241912841797 287.473388671875 281.286468505859 262.709075927734 251.327392578125 248.947006225586 254.097229003906 279.314971923828 288.568695068359 289.107696533203 289.718200683594 289.208801269531 289.048370361328 287.990295410156 290.743255615234 289.630859375 289.397125244141 290.565093994141 291.145294189453 291.797607421875 291.875610351562 291.830932617188 292.715270996094 293.136932373047 293.335205078125 293.414154052734 294.170654296875 294.205993652344 293.744232177734 294.390563964844 294.309631347656 294.326721191406 295.434356689453 295.424774169922 295.495971679688 295.671936035156 295.880737304688 296.139923095703 295.500457763672 295.909912109375 296.517303466797 296.260681152344 295.651306152344 296.223663330078 295.857452392578 295.965209960938 296.425842285156 -9999 297.542633056641 297.694702148438
287.744750976562 288.374938964844 283.681274414062 270.755462646484 262.699432373047 252.007949829102 249.257995605469 274.83154296875 287.433471679688 289.038757324219 287.881286621094 283.4853515625 287.193084716797 283.504669189453 290.00830078125 289.351104736328 289.126525878906 290.884216308594 291.829284667969 291.956085205078 291.734741210938 291.701690673828 292.756591796875 292.87158203125 292.899627685547 292.989562988281 294.289215087891 294.622283935547 294.073760986328 294.830963134766 294.674407958984 294.527221679688 295.017639160156 295.230865478516 295.592498779297 295.693023681641 296.043151855469 296.236083984375 295.921142578125 295.994934082031 296.259063720703 296.069427490234 296.350250244141 296.591094970703 296.166015625 295.941711425781 296.154907226562 296.516387939453 297.285797119141 297.586547851562
287.549407958984 288.271911621094 286.532531738281 275.507171630859 266.464385986328 252.24333190918 247.705551147461 270.737701416016 285.939971923828 287.609954833984 281.948944091797 280.258972167969 287.810913085938 285.674621582031 289.414093017578 288.420440673828 285.813110351562 290.176940917969 291.904144287109 292.334503173828 291.971832275391 292.003753662109 292.943206787109 293.16748046875 293.259429931641 293.294647216797 294.118530273438 294.737243652344 294.430023193359 294.774810791016 294.784393310547 294.81298828125 294.982604980469 295.052764892578 295.45263671875 295.153289794922 295.839019775391 295.442718505859 295.69921875 295.647796630859 296.061492919922 296.150268554688 296.471496582031 296.436767578125 296.567626953125 296.176147460938 296.346923828125 296.125244140625 296.583862304688 297.349731445312
287.035095214844 288.267700195312 288.295532226562 273.027069091797 264.781188964844 254.223373413086 251.635955810547 273.846221923828 286.441314697266 286.906280517578 281.471496582031 284.647705078125 288.746643066406 289.214202880859 288.546112060547 288.370483398438 285.6083984375 288.410980224609 291.997497558594 292.465240478516 292.740844726562 292.787933349609 293.147338867188 293.747406005859 293.784088134766 293.807250976562 294.141784667969 294.900817871094 294.798522949219 294.719635009766 294.77197265625 294.807586669922 295.096405029297 295.321502685547 294.900024414062 294.763977050781 295.201629638672 294.774291992188 295.331604003906 295.547271728516 295.9765625 296.229156494141 296.238433837891 296.425628662109 296.625366210938 296.491333007812 296.788635253906 296.581939697266 296.241394042969 296.785705566406
287.022186279297 288.071350097656 288.425323486328 275.982360839844 269.716674804688 264.702728271484 262.783660888672 278.339385986328 287.249450683594 287.570404052734 286.167236328125 287.818664550781 288.569580078125 288.721435546875 288.396392822266 289.198486328125 288.970611572266 289.596038818359 292.172607421875 292.356414794922 293.032440185547 293.073516845703 293.260986328125 293.974182128906 294.021423339844 293.997253417969 294.586090087891 294.818450927734 294.454742431641 294.716979980469 294.342559814453 294.419128417969 294.820068359375 294.707824707031 294.083343505859 294.266448974609 294.300476074219 294.936706542969 295.382843017578 295.720916748047 295.829345703125 296.238586425781 296.271759033203 296.553985595703 296.670288085938 296.6552734375 296.728576660156 296.966064453125 296.669982910156 296.399230957031
