rcp8.5models/GFDL_CM3/sc1gr20.FIL
ncols         261
nrows         433
xllcorner     336357.134
yllcorner     654653.479
cellsize      1000
NODATA_value  -9999
[rows 276 to 321 of 433, columns 96 to 191 of 261]
0 0 0 0 82 0 0 0 0 0 0 0 0 0 6 1 14 14 4 8 2 0 6 4 28 35 2 9 12 21 3 16 6 2 3 0 6 6 0 0 0 0 1 46 0 2 2 18 18 18 0 0 0 0 0 0 0 0 2 2 2 2 2 2 2 2 32 32 0 0 1 0 0 0 0 14 14 14 0 0 0 0 0 0 0 0 0 0 4 4 4 4 0 0 0 0
0 0 5 5 0 0 0 0 12 0 0 4 4 0 0 0 0 66 18 14 124 5 4 5 3 39 115 81 14 12 23 7 21 5 0 0 0 7 0 2 2 0 242 0 5 0 34 18 18 1 1 1 0 26 0 0 0 0 2 2 2 2 3 3 3 3 4 0 0 0 -9999 0 0 0 0 0 0 0 0 0 0 0 0 0 0 0 0 0 4 4 4 4 0 0 0 0
0 0 0 0 0 4 6 28 0 0 0 19 1 0 7 0 0 173 18 2 0 47 2 5 6 19 170 734 50 41 4 7 1 4 1 1 4 4 7 349 11 62 2 0 0 34 18 18 1 1 370 117 0 0 26 26 0 0 0 0 2 2 3 0 3 3 4 4 0 0 0 0 0 0 0 0 1 0 0 0 0 0 0 0 0 0 0 4 4 4 4 4 0 0 0 0
0 2 0 0 0 4 1 1 0 0 0 19 26 1 2 0 0 49 49 49 58 1 0 0 5 15 93 170 28 3 3 7 5 2 0 1 8 4 349 20 54 26 39 27 1 1 -9999 1 370 370 312 498 0 4 0 0 0 0 0 0 0 2 12 0 0 0 0 4 0 0 3 -9999 0 0 0 0 1 1 1 0 0 0 0 0 0 0 0 4 4 4 4 4 0 0 0 0
0 0 0 0 0 5 0 0 12 0 0 471 0 7 2 0 71 353 35 49 10 1 0 0 5 4 98 196 9 11 2 15 0 18 0 49 8 22 279 52 24 -9999 39 27 3 18 3 0 52 117 312 498 46 1 2 2 0 0 0 0 0 0 12 12 0 0 0 1 3 3 9 -9999 9 0 0 0 1 1 2 2 0 0 0 0 0 0 0 4 4 4 0 0 0 0 0 0
2 0 0 0 0 5 0 12 0 0 328 328 1 1 2 0 0 2 353 24 11 1 0 1 5 35 105 297 45 106 0 12 35 18 12 427 427 250 252 170 121 54 -9999 27 18 18 3 0 52 117 312 498 46 0 2 2 0 0 0 0 0 0 12 12 0 0 0 0 9 9 9 9 9 0 0 0 2 2 2 1 1 0 0 0 0 0 0 4 4 4 4 0 0 0 0 0
1 1 0 3 3 0 12 12 0 0 0 0 2 0 2 0 1 15 2 0 1 13 7 11 125 180 401 98 84 237 432 261 28 2045 2045 2045 1062 117 1471 252 456 258 54 27 0 0 2 4 0 0 0 177 0 0 2 2 0 0 0 0 0 0 12 0 0 0 1 1 1 9 9 9 1 1 0 11 11 0 0 1 1 1 0 0 0 0 0 4 4 4 0 0 0 0 0 0
1 1 0 3 3 26 0 12 1 1 2 4 0 0 0 1 0 15 2 5 13 8 18 86 125 73 189 189 141 45 102 71 449 449 449 2045 1062 1062 1471 1131 -9999 258 714 -9999 -9999 1 13 7 7 0 177 177 0 0 2 0 0 0 0 0 0 0 0 0 0 1 1 1 1 1 1 -9999 -9999 1 11 11 6 6 0 1 1 1 0 0 0 0 0 0 4 0 0 0 0 0 0 0
1 4 4 3 3 38 39 2 1 2 0 0 95 95 2 8 1 8 2 0 71 14 69 125 225 225 225 189 141 2 124 98 2 2 372 372 372 1471 1471 1131 0 -9999 456 0 1 1 1 5 7 0 8 8 0 0 0 0 0 0 0 0 0 0 0 0 0 0 0 0 1 0 0 0 1 1 11 11 6 6 -9999 1 1 1 0 0 0 0 0 0 0 0 0 0 0 0 0 0
0 0 0 29 29 38 38 39 15 2 0 40 40 0 201 201 5 22 2 0 6 4 30 443 413 163 163 441 0 7 0 52 2 31 43 270 270 83 -9999 673 -9999 -9999 -9999 0 -9999 -9999 1 5 0 0 1 0 0 0 0 0 0 0 0 0 2 2 0 0 0 0 0 0 0 0 0 0 1 -9999 1 6 6 6 0 -9999 1 1 0 0 0 0 0 0 0 0 0 0 0 0 0 0
0 0 0 0 10 11 20 4 55 55 0 1 1 201 98 98 0 1 1 2 58 46 5 443 413 413 413 441 48 1 1 1 2 112 148 0 0 83 83 -9999 -9999 0 0 -9999 -9999 1 1 0 0 77 0 0 0 0 0 0 0 0 0 0 2 2 2 0 0 0 0 0 0 0 0 0 -9999 1 1 1 1 6 0 0 1 1 0 0 0 0 0 0 0 0 0 0 0 0 0 0
0 0 0 0 10 1 30 30 4 18 18 0 0 0 0 1 0 17 0 0 10 143 8 75 75 413 413 48 282 0 0 0 65 65 124 8 0 4 76 2 2 -9999 0 0 1 0 0 0 0 0 77 0 0 0 0 0 0 0 0 0 2 2 2 0 0 0 1 0 0 0 0 1 -9999 0 1 1 1 1 24 24 24 1 2 0 0 8 8 0 0 0 0 0 0 0 0 0
0 0 0 0 0 2 2 9 0 0 131 131 0 0 0 1 0 0 0 4 38 4 1 4 435 435 6 501 282 282 0 1 3 0 0 0 0 4 76 76 76 2 0 0 0 0 0 1 1 1 0 0 0 0 0 0 0 0 0 0 2 2 2 2 0 0 2 2 0 1 0 0 0 0 1 0 1 0 0 1 1 2 2 8 8 8 0 0 0 0 0 0 0 0 26 0
3 0 0 0 0 0 0 0 0 0 0 131 0 0 0 90 5 0 1 0 46 5 2 4 435 655 655 6 501 501 501 123 123 26 12 33 0 0 1 184 25 2 0 0 -9999 0 0 0 0 0 0 0 0 0 0 0 -9999 0 0 0 2 2 2 2 2 0 -9999 2 -9999 1 0 0 0 0 0 2 0 0 0 1 1 2 2 2 8 8 0 0 0 0 0 0 0 0 26 26
0 0 0 0 0 0 0 2 0 0 0 2 29 29 66 66 87 6 1 0 0 3 4 1 3 655 6 217 217 501 501 76 123 123 33 33 0 2 0 60 184 85 0 0 1 0 -9999 0 0 0 0 0 0 -9999 0 0 -9999 0 0 2 2 2 2 2 2 2 0 0 1 -9999 -9999 -9999 0 -9999 0 2 2 2 0 1 1 2 2 2 8 8 0 0 0 0 0 0 0 0 26 26
10 0 0 0 8 0 4 4 4 0 1 1 29 2 0 66 87 30 4 3 0 3 3 0 3 217 6 217 443 501 501 1106 123 123 33 306 306 23 10 10 5 85 0 1 1 0 0 0 0 0 0 0 0 0 0 -9999 -9999 -9999 -9999 2 -9999 -9999 2 2 2 0 0 0 1 1 -9999 -9999 -9999 0 0 0 2 2 0 0 1 2 2 2 8 8 8 8 0 0 7 2 0 0 26 26
27 27 0 0 8 8 0 0 4 0 0 0 0 2 0 96 25 533 9 0 0 2 1 6 6 4 443 443 2 2 101 496 1106 1106 8 306 306 137 -9999 13 1 5 4 0 1 1 1 1 -9999 -9999 -9999 -9999 -9999 -9999 -9999 -9999 -9999 -9999 -9999 0 0 0 0 0 0 0 0 0 0 1 3 2 2 0 0 0 0 2 0 0 0 2 2 2 0 8 8 8 8 7 7 2 0 0 7 26
7 27 27 0 0 1 7 3 11 5 0 0 2 2 2 96 96 533 5 0 10 10 6 136 6 4 4 443 2 101 101 101 1106 1112 8 8 4 137 137 0 0 1 27 7 2 0 0 0 0 0 -9999 -9999 -9999 4 -9999 -9999 -9999 -9999 0 0 0 0 1 1 0 0 0 0 0 3 3 2 2 2 0 0 0 0 0 0 0 2 2 0 0 0 0 0 7 7 7 2 2 7 7 26
0 7 27 5 0 1 7 8 0 5 9 1 2 1 4 96 96 226 161 72 14 11 0 8 8 2 2 0 0 101 3 3 1112 1112 1112 0 12 0 0 0 1 0 0 61 61 0 0 0 0 0 0 -9999 4 4 -9999 -9999 -9999 0 0 0 0 0 0 1 1 1 1 1 0 0 3 3 12 12 0 0 0 0 0 0 0 0 0 0 0 0 0 0 67 67 67 7 12 7 7 0
0 7 0 0 0 0 0 8 0 0 0 1 0 3 0 18 226 226 3 130 262 18 0 0 0 1 2 31 33 3 3 3 0 1112 193 193 1 0 0 0 1 8 0 11 11 0 0 0 0 0 4 4 4 4 -9999 -9999 -9999 0 0 0 0 0 0 0 1 1 1 1 0 0 3 0 12 12 12 38 38 38 0 0 0 0 0 0 0 141 3 67 67 2 7 12 12 7 0 0
0 0 0 0 0 0 35 35 1 0 0 0 0 0 0 0 122 122 122 36 217 212 17 0 0 1 10 31 33 33 33 116 0 0 193 193 0 3 0 0 0 8 9 4 24 24 0 0 1 1 1 4 4 4 4 -9999 0 0 0 0 0 0 0 0 0 0 0 0 1 0 0 0 12 7 12 6 38 38 0 0 0 141 141 141 141 141 308 308 308 2 7 7 12 7 7 0
7 7 0 0 0 0 35 0 3 0 0 2 1 1 0 1 168 168 42 112 14 82 82 59 59 11 11 22 88 33 175 11 11 0 0 210 210 0 0 0 0 0 0 6 4 0 0 0 1 1 0 1 4 4 4 0 0 0 0 0 0 0 0 0 0 0 0 1 1 0 0 0 7 7 7 6 6 0 0 0 0 141 141 141 0 0 308 0 0 2 2 7 12 7 0 0
2 7 2 0 2 0 11 0 0 0 2 2 0 0 0 1 168 168 168 42 14 349 123 59 11 5 0 0 0 88 175 175 175 175 0 3 3 1 0 0 0 0 0 1 1 3 3 0 1 0 0 1 1 0 0 0 0 0 0 0 0 0 0 0 0 0 0 1 0 0 0 0 4 4 2 2 6 0 0 0 0 3 141 0 0 1 0 0 0 2 2 5 5 0 0 0
1 0 0 0 2 0 0 0 1 1 0 0 0 1 0 13 13 0 50 3 66 349 349 59 11 574 0 22 22 0 883 883 883 883 883 3 1 6 6 0 0 1 0 1 1 1 0 0 0 0 5 0 0 0 0 0 0 0 0 0 0 0 0 0 0 0 0 0 0 0 0 0 4 4 2 0 0 0 0 0 0 0 0 0 1 1 1 1 0 0 5 1 5 0 0 0
1 0 0 0 0 0 0 0 218 218 19 0 0 0 114 114 0 0 50 50 66 40 40 59 574 574 574 728 22 728 883 883 883 883 883 1 1 1 0 0 0 0 5 0 0 0 0 0 0 0 5 0 0 0 1 0 0 0 0 0 1 0 0 0 0 0 0 0 0 0 0 0 2 2 2 0 0 0 0 0 0 5 5 5 1 1 1 0 0 0 1 0 0 0 0 2
15 15 0 0 0 0 218 218 218 218 218 19 19 0 114 29 29 29 216 50 50 40 40 40 574 61 181 728 728 728 883 883 883 883 1 1 1 1 1 1 6 0 6 36 4 2 0 0 1 0 2 2 0 0 1 1 0 0 0 1 0 0 0 0 0 0 0 0 0 0 0 0 2 2 2 0 0 0 0 0 0 5 5 3 3 1 1 0 0 0 0 0 0 0 4 2
15 15 0 0 0 0 0 218 218 218 218 34 19 19 466 153 29 29 216 158 1303 1303 1303 1303 61 61 81 728 728 728 88 883 883 883 32 1 1 1 1 1 723 0 0 0 0 6 0 0 242 1 315 2 0 0 0 0 0 0 0 0 0 0 0 0 0 0 0 0 0 0 0 0 0 0 0 0 0 0 0 0 0 0 5 5 3 1 1 0 0 0 0 0 0 0 4 2
0 0 0 0 0 0 0 0 164 34 34 34 394 466 466 153 153 158 16 3 18 18 1303 61 61 61 61 81 27 148 148 148 883 883 32 32 1 1 1 723 723 0 0 0 0 3 0 1 1 242 315 74 74 0 0 5 0 0 0 0 0 0 0 0 0 0 0 0 1 1 0 0 0 0 0 0 0 0 0 0 0 0 5 3 3 3 1 1 0 5 5 0 0 0 0 0
0 0 0 0 0 0 0 0 402 402 394 394 394 394 466 157 44 109 16 11 18 18 1303 1303 61 61 61 3 8 157 148 148 32 1 1 1 1 723 723 723 723 0 0 0 0 0 12 12 315 315 315 210 5 3 0 7 7 0 0 0 1 0 0 0 0 2 0 0 1 1 0 0 2 0 0 0 0 0 0 0 2 2 2 1 1 3 1 1 5 5 5 5 0 0 0 0
0 1 1 0 0 0 0 0 402 402 402 394 394 394 157 157 109 2 3 39 0 18 0 0 6 3 6 6 0 0 1 19 32 117 1 1 1 1 723 723 0 0 0 0 0 1 8 0 2 315 315 210 4 4 0 0 0 0 1 1 0 0 0 0 1 2 0 0 1 0 0 0 2 2 0 0 0 0 0 0 2 2 1 1 1 3 3 0 5 5 13 13 0 0 0 0
3 1 1 0 0 0 0 0 0 402 402 6 19 287 157 157 424 236 77 90 35 4 4 4 4 0 0 0 4 -9999 1 19 115 117 117 1 1 0 0 364 364 0 0 0 0 0 1 0 2 2 210 210 4 4 22 0 0 0 0 0 0 0 0 0 1 2 2 0 218 0 0 0 4 64 0 0 0 0 0 0 2 0 0 0 13 3 3 0 0 13 13 13 0 0 0 0
3 3 1 0 0 0 0 0 128 6 6 6 19 19 287 44 491 405 405 128 90 34 0 -9999 -9999 -9999 -9999 -9999 -9999 2 -9999 -9999 115 3 117 0 0 0 0 364 364 364 172 0 0 2 1 543 2 350 350 210 210 28 1 0 0 1 0 0 0 0 0 0 0 0 0 0 218 0 0 0 4 64 0 0 0 0 0 0 0 5 1 1 1 13 13 0 0 14 13 14 0 0 3 3
3 3 0 0 5 5 0 0 128 128 128 128 6 19 73 269 1140 405 405 128 34 34 0 0 7 7 0 0 0 4 65 123 0 0 117 0 0 0 0 364 364 172 172 3 0 543 543 543 2 196 196 210 210 1 377 1 0 0 0 0 3 0 0 0 2 0 0 0 218 218 0 4 4 1 0 0 0 0 0 0 0 5 5 5 1 13 13 0 0 0 14 14 0 0 3 3
0 4 0 0 5 5 5 0 128 128 128 128 128 128 8 384 1140 405 2 128 128 34 2 10 2 44 1 4 4 4 65 65 72 72 72 15 0 0 0 364 364 172 236 236 0 543 543 543 543 21 196 1 1 377 1 4 0 0 0 2 2 0 0 13 2 2 4 4 4 249 2 4 4 1 0 0 8 8 8 0 0 5 5 5 5 5 5 0 0 93 0 206 0 0 0 1
0 4 0 0 5 0 0 0 128 7 7 4 128 9 9 384 1140 1140 1140 2 4 4 25 25 2 75 672 4 0 7 0 0 72 72 72 72 15 15 0 364 172 172 236 0 0 0 543 543 543 543 196 11 11 11 45 0 0 0 13 13 2 2 0 0 0 0 0 227 249 249 8 2 2 1 0 0 3 0 0 1 1 1 1 1 1 5 5 15 15 15 0 206 0 0 0 0
0 4 0 0 5 0 0 0 0 0 7 7 8 9 18 384 1 240 240 2 2 4 25 25 25 672 0 0 0 1 23 5 5 5 72 15 15 15 22 40 172 172 236 236 0 0 0 515 196 196 11 11 18 45 56 56 1 1 167 13 31 2 0 0 13 0 227 13 3 1 8 0 1 74 74 0 0 3 0 14 1 1 1 1 1 8 8 16 16 16 206 206 7 7 0 0
4 4 6 5 5 0 0 0 1 0 48 48 594 18 18 0 240 240 240 240 12 12 4 4 4 4 0 1 3 1 497 92 5 3 3 35 22 22 40 40 40 236 236 236 0 20 20 515 20 196 196 18 9 56 56 0 0 12 0 0 21 18 0 0 13 13 13 3 3 1 0 0 26 74 55 1 0 0 10 10 0 1 1 1 1 8 8 18 18 16 9 9 7 7 0 1
6 6 6 5 0 0 0 4 1 0 0 594 594 594 18 18 235 235 240 1 1 12 12 0 0 0 0 1 3 1 497 4 4 3 3 35 35 17 17 17 17 17 236 236 0 20 20 20 515 1 18 18 9 22 22 0 43 43 159 1 0 18 18 0 5 0 4 21 31 31 0 0 26 136 55 1 1 0 10 10 10 0 1 1 1 0 0 18 18 18 9 9 7 7 1 1
1 1 5 5 0 0 0 4 18 1 0 48 594 594 18 18 235 235 1 1 1 12 12 12 0 0 0 1 2 1 497 4 4 3 3 3 35 17 17 18 18 18 418 232 232 20 10 10 24 515 1 18 9 22 22 233 43 43 43 1 1 6 0 0 5 0 0 0 21 47 23 23 36 152 368 39 5 5 5 1 1 0 0 1 1 0 0 0 3 3 9 9 9 7 0 0
1 2 2 2 2 1 0 18 18 1 0 1 48 48 18 18 18 1 1 1 1 1 12 0 125 0 0 1 4 4 497 4 4 3 3 7 11 17 17 153 18 18 418 232 12 0 75 0 0 515 515 82 22 22 233 233 43 43 16 16 6 6 155 0 0 0 0 0 47 47 0 23 36 488 640 163 160 5 5 5 1 1 1 1 1 0 0 0 3 3 0 9 9 0 0 0
2 2 2 2 2 2 1 1 0 0 0 0 48 48 48 18 18 235 284 1 1 1 1 0 125 125 0 4 4 4 4 1 1 7 7 11 11 115 115 115 115 470 356 232 12 12 75 75 75 515 515 515 515 22 233 34 34 34 16 16 16 155 155 41 0 1 1 1 12 0 23 23 48 62 488 91 166 0 64 5 5 35 1 6 6 1 12 12 0 0 0 9 9 0 0 0
2 2 2 2 2 2 1 1 0 0 3 0 1 48 48 85 18 18 284 284 284 284 125 125 125 2 2 351 351 351 351 1 1 7 7 11 115 115 115 115 115 470 1414 399 254 254 254 75 75 515 515 1 1 0 1 0 2 0 19 15 67 0 41 41 0 1 1 0 1 12 43 62 333 333 24 75 75 250 64 30 0 35 6 6 0 0 12 12 29 10 0 0 0 0 0 0
2 14 14 14 2 2 6 0 0 0 3 3 1 1 4 85 85 284 284 284 284 5 5 125 125 2 2 351 351 351 1 1 1 7 7 11 11 11 115 115 115 470 712 399 399 254 254 75 75 75 1 0 0 1 1 0 2 2 0 1 1 47 0 0 0 1 1 0 0 67 62 62 52 3 24 186 75 75 166 166 166 17 8 3 0 0 0 12 29 10 10 10 2 2 2 0
33 289 14 14 14 17 6 0 1 1 1 3 1 1 4 85 85 85 284 284 284 25 5 5 2 48 48 663 663 663 26 26 1 1 7 11 11 11 11 115 115 11 416 146 194 399 399 122 75 0 0 0 0 0 0 2 1 1 1 45 0 47 0 0 0 1 1 4 4 4 67 52 52 28 5 1 186 18 186 166 17 17 17 3 30 0 0 29 29 0 0 0 2 2 2 6
289 289 14 14 17 6 6 6 0 1 1 1 1 13 4 4 85 85 85 318 10 25 25 5 5 48 48 663 663 162 162 7 7 7 7 759 759 679 679 679 416 416 146 146 194 194 122 122 122 0 0 0 1 0 0 2 4 1 45 0 0 0 0 0 0 2 1 0 0 96 26 26 28 28 1 1 18 18 18 186 17 17 6 2 30 30 120 29 15 0 0 0 0 2 2 6
289 289 289 17 17 6 6 6 0 6 6 3 1 13 13 4 85 85 318 10 10 10 25 268 268 5 10 10 663 162 162 7 135 361 385 759 759 759 78 78 146 173 173 129 129 129 122 122 122 75 1 1 1 0 0 8 4 2 110 0 0 270 0 0 2 2 2 0 0 96 26 26 2 2 3 3 3 0 0 0 17 6 0 0 0 186 18 15 15 15 0 0 0 0 2 6
