rcp8.5models/GFDL_CM3/sc1gr7.17
NCOLS 261 
NROWS 433 
XLLCORNER 336357.134 
YLLCORNER 654653.479 
CELLSIZE 1000 
NODATA_value -3.4e+38 
[rows 330 to 351 of 433, columns 49 to 97 of 261]
67.0599975585938 67.1397705078125 67.1152191162109 67.1002502441406 67.1822967529297 67.2242050170898 67.29052734375 67.5544281005859 67.6918411254883 67.8728790283203 68.0963897705078 68.2659683227539 68.4719848632812 68.6881713867188 68.884391784668 69.0676116943359 69.2651672363281 69.5081100463867 69.8482818603516 70.2048263549805 70.5472030639648 70.4088363647461 70.6134338378906 70.8838424682617 -3.4e+38 -3.4e+38 71.1175155639648 -3.4e+38 71.5103988647461 71.8575057983398 73.1654205322266 74.2046356201172 74.71337890625 75.1163864135742 74.4853515625 72.4283905029297 70.8485794067383 71.4678039550781 73.5539932250977 74.8060302734375 73.5532836914062 73.2101974487305 72.9946975708008 72.4967041015625 71.9435653686523 72.4083862304688 71.6554718017578 71.8009643554688 73.8812484741211
67.0313720703125 67.148681640625 67.0994873046875 67.0975189208984 67.0849227905273 67.0472106933594 67.1302337646484 67.3672637939453 67.5542984008789 67.7220001220703 67.808837890625 67.8789596557617 68.2324142456055 68.5536499023438 68.7021408081055 68.9387359619141 69.1829681396484 69.4550628662109 69.8488616943359 70.1301040649414 70.393684387207 70.5316772460938 70.188102722168 70.1145858764648 -3.4e+38 69.9543762207031 70.9670639038086 -3.4e+38 70.9807205200195 72.2757720947266 73.5903854370117 74.2542495727539 74.699462890625 75.05810546875 75.1827239990234 74.3940734863281 73.2069244384766 73.6481399536133 75.3225631713867 76.339225769043 74.7052536010742 73.0760803222656 72.5806884765625 72.8179702758789 72.2266311645508 72.9553833007812 73.0109939575195 73.3820114135742 76.2011413574219
66.8044052124023 66.9310989379883 67.0336227416992 67.0238418579102 66.9156341552734 66.9759826660156 67.1254119873047 67.2189712524414 67.3363342285156 67.5050735473633 67.6226348876953 67.7382583618164 68.062255859375 68.437858581543 68.6413879394531 68.8673400878906 69.0624237060547 69.2965621948242 69.7896347045898 70.0833282470703 70.3274536132812 70.6237945556641 69.1142044067383 69.1560974121094 -3.4e+38 69.265510559082 70.3570251464844 71.0746841430664 71.067985534668 72.5265884399414 73.409553527832 73.8172454833984 74.502571105957 74.836296081543 75.1366424560547 75.3932952880859 75.100959777832 75.2808227539062 76.2884826660156 76.3068313598633 74.7507629394531 72.8262100219727 72.2958526611328 73.2947540283203 73.2310180664062 73.5378265380859 74.4346771240234 74.5292663574219 76.1872100830078
66.6609191894531 66.7027969360352 66.9056777954102 66.8683471679688 66.7459335327148 66.90087890625 67.0079727172852 67.1281433105469 67.0972213745117 67.2856521606445 67.4510955810547 67.6296768188477 67.9485778808594 68.2277679443359 68.4616088867188 68.6752471923828 68.8432464599609 69.0510177612305 69.5995178222656 69.9259490966797 70.2090682983398 70.4781951904297 68.9190216064453 68.4468002319336 -3.4e+38 68.9557418823242 69.0874481201172 70.71484375 70.3377532958984 72.0979156494141 72.7613067626953 73.5157241821289 74.2076644897461 74.5654754638672 74.9172592163086 75.3004684448242 75.5149536132812 75.8158493041992 76.4201126098633 76.5375061035156 75.1342544555664 73.1708831787109 72.3692321777344 74.177490234375 75.1357192993164 75.1343612670898 75.6762084960938 74.0070724487305 73.6469039916992
66.6495819091797 66.6640548706055 66.8164672851562 66.745979309082 66.6912155151367 66.804313659668 66.7612380981445 66.8854827880859 66.8758392333984 67.0378112792969 67.2329483032227 67.5312728881836 67.8418731689453 67.9709014892578 68.1731948852539 68.4195709228516 68.4178695678711 68.6785125732422 69.4244842529297 69.7486038208008 70.0315704345703 70.0569763183594 69.3022384643555 68.3905029296875 69.3219451904297 69.4398727416992 69.3414840698242 70.7398147583008 68.4567947387695 71.4387283325195 72.3824615478516 72.9059219360352 73.1099319458008 74.0211639404297 74.7767028808594 74.9523773193359 75.3710479736328 75.8083419799805 75.7981338500977 76.2750396728516 76.4035797119141 73.5603332519531 73.041633605957 74.6042633056641 76.3047714233398 76.3009872436523 75.8654632568359 73.1613540649414 71.356330871582
66.5734100341797 66.5945281982422 66.6810760498047 66.6977691650391 66.7184066772461 66.7126159667969 66.5778350830078 66.6952743530273 66.7421493530273 66.9315795898438 67.1846237182617 67.4155426025391 67.6137924194336 67.7778930664062 68.0216674804688 68.2593307495117 68.2950057983398 68.5628051757812 69.2619323730469 69.5794525146484 69.8115310668945 69.8053741455078 69.3862762451172 68.6570739746094 69.3368682861328 69.9447250366211 70.1083526611328 70.9819259643555 68.6265335083008 71.3108062744141 72.1432571411133 72.3332290649414 72.1144332885742 73.4111633300781 74.6659088134766 74.9487075805664 75.3438415527344 75.6902770996094 75.3491516113281 75.925651550293 77.1236343383789 74.4431457519531 74.7472534179688 76.0780410766602 76.846076965332 77.0361785888672 75.6449279785156 72.5397720336914 70.8792495727539
66.5907745361328 66.4804077148438 66.601448059082 66.483154296875 66.3405532836914 66.3255386352539 66.274299621582 66.4018020629883 66.555908203125 66.6611251831055 66.7762832641602 67.0000457763672 67.1952438354492 67.3651809692383 67.6146240234375 67.9123992919922 68.1362380981445 68.319709777832 68.8850402832031 69.1741256713867 69.4029312133789 69.6138305664062 69.4828262329102 68.8303833007812 68.7714157104492 69.6280975341797 70.2123947143555 71.0122375488281 71.212028503418 71.3977737426758 71.54833984375 72.3063659667969 71.8535232543945 72.4644241333008 74.1358337402344 74.9148254394531 75.3636093139648 75.6477584838867 76.0161895751953 76.1055908203125 76.5746917724609 77.26025390625 77.4829788208008 78.6433563232422 79.3862152099609 78.9446105957031 76.5546951293945 73.975227355957 72.438850402832
66.588752746582 66.4776611328125 66.4392395019531 66.3044815063477 66.1421737670898 66.0730361938477 66.1081314086914 66.4279098510742 66.5227813720703 66.5431900024414 66.6242370605469 66.7900314331055 66.9818649291992 67.1498107910156 67.3588943481445 67.6635208129883 67.9067916870117 68.1497497558594 68.6975784301758 68.962760925293 69.1985473632812 69.4349517822266 69.3765563964844 68.9718780517578 68.9498519897461 69.6710433959961 70.0709228515625 70.6267547607422 71.3660507202148 71.6301116943359 71.6529083251953 72.1541976928711 71.6300354003906 72.294677734375 74.0570602416992 74.6605834960938 75.0807495117188 75.5371856689453 76.0448913574219 76.3962097167969 76.8010177612305 77.914436340332 78.2567749023438 78.7969284057617 79.4344024658203 79.2106246948242 77.2938919067383 74.8313064575195 73.3804168701172
66.5582962036133 66.4782485961914 66.3054733276367 66.1384658813477 66.0422439575195 66.0281829833984 66.0877532958984 66.3033065795898 66.3108444213867 66.4229583740234 66.5232162475586 66.6166687011719 66.7988891601562 67.0560150146484 67.2535018920898 67.5315246582031 67.8070602416992 68.02880859375 68.4871063232422 68.7296829223633 68.9346542358398 69.1889038085938 69.2140731811523 69.2618255615234 69.3363265991211 69.6497192382812 69.990119934082 70.5244598388672 71.3828125 71.6679916381836 71.5724945068359 71.9796524047852 71.1212768554688 71.4968643188477 73.6943588256836 74.5124969482422 74.8900680541992 75.3587875366211 75.8215637207031 76.3046493530273 76.7232284545898 77.6525573730469 78.250358581543 78.7683639526367 79.2993545532227 79.6283493041992 78.8682174682617 76.0215606689453 74.3323745727539
66.4497985839844 66.2998199462891 66.1594085693359 66.158317565918 66.1350784301758 66.0777435302734 66.0593872070312 66.0932083129883 66.1535873413086 66.3404235839844 66.457763671875 66.489631652832 66.6513519287109 66.9648132324219 67.1711807250977 67.3601913452148 67.6262512207031 67.8542709350586 68.1602249145508 68.3890533447266 68.6722564697266 68.940315246582 69.1949157714844 69.4249725341797 69.5589370727539 69.6472091674805 69.9389724731445 70.5776138305664 71.2744064331055 70.8850784301758 69.4177322387695 70.059814453125 71.157958984375 70.4880142211914 72.2378768920898 74.3183288574219 74.8105545043945 75.2095794677734 75.6221771240234 76.1137008666992 76.541145324707 77.4311370849609 78.0053100585938 78.623779296875 79.2169036865234 79.6948776245117 79.7000122070312 78.251953125 76.5368118286133
66.3720016479492 66.179069519043 66.1372222900391 66.1806793212891 66.0116119384766 65.9309539794922 65.886833190918 66.0237274169922 66.2052230834961 66.2739944458008 66.3103561401367 66.3345794677734 66.4937744140625 66.7210540771484 66.9696884155273 67.1780242919922 67.4125518798828 67.6133422851562 67.886604309082 68.0800704956055 68.3572235107422 68.785400390625 69.2125778198242 69.2457733154297 69.3656387329102 69.3886947631836 69.5868377685547 70.384521484375 71.0602264404297 69.5212554931641 69.3855743408203 70.0988082885742 71.9435577392578 71.4478378295898 72.2140350341797 74.1064910888672 74.5877914428711 75.0651779174805 75.5022048950195 75.7689437866211 76.2060623168945 77.290153503418 77.8828887939453 78.4885406494141 78.9468536376953 79.487434387207 79.7748184204102 79.3911209106445 77.733757019043
66.1847763061523 65.9850616455078 66.0578231811523 66.1138763427734 65.8038101196289 65.6769943237305 65.6547317504883 65.8967208862305 66.1038055419922 66.1457290649414 66.1331787109375 66.2344818115234 66.3665008544922 66.5533905029297 66.7925643920898 67.0416793823242 67.2382507324219 67.3831329345703 67.7328033447266 67.8293991088867 68.0226898193359 68.532829284668 69.0118103027344 69.170166015625 69.310188293457 69.0686340332031 69.2126159667969 69.9298782348633 70.6513214111328 70.2613220214844 70.9613342285156 71.2875213623047 72.1998672485352 72.6858749389648 72.7876968383789 73.6686553955078 74.4327545166016 74.8996810913086 75.3472366333008 75.3519439697266 75.6855773925781 77.2230911254883 77.7343521118164 78.2997436523438 78.8828125 79.4333724975586 79.9568405151367 79.4691619873047 77.4897537231445
66.0452346801758 65.7925567626953 65.7994003295898 65.8834381103516 65.7539215087891 65.5882797241211 65.5673217773438 65.7998352050781 65.999397277832 66.0684127807617 65.9586791992188 66.064208984375 66.2837448120117 66.4226455688477 66.617805480957 66.8431930541992 67.0510482788086 67.2231521606445 67.6638793945312 67.8879547119141 68.0168838500977 68.3888397216797 68.8175201416016 69.1390533447266 69.3809280395508 69.40283203125 69.4860534667969 69.7632904052734 70.3288421630859 71.3439254760742 71.5802764892578 71.8577728271484 72.3868713378906 72.9626846313477 72.9122085571289 73.4375762939453 74.3462142944336 74.7012405395508 75.0966339111328 75.3236312866211 75.6631774902344 76.9782638549805 77.4345855712891 78.1096038818359 78.8427505493164 79.3609771728516 79.853889465332 79.3360366821289 77.3256378173828
66.0814895629883 65.9055404663086 65.8024215698242 65.6906814575195 65.6977157592773 65.6316146850586 65.5519866943359 65.7870712280273 65.9538192749023 66.0149002075195 65.7469177246094 65.8372268676758 66.1718292236328 66.3541793823242 66.5767135620117 66.7406616210938 66.9370040893555 67.1099166870117 67.530891418457 67.8491134643555 68.0684509277344 68.0906219482422 68.4665679931641 68.9306640625 69.2280578613281 69.5771560668945 69.8123779296875 70.0446701049805 70.4357299804688 71.3432693481445 71.715705871582 72.0767059326172 72.4741287231445 72.8815689086914 73.0437774658203 73.4445419311523 74.1433715820312 74.4915313720703 74.8819198608398 75.4005661010742 75.8473052978516 76.5060958862305 77.0224533081055 77.7929306030273 78.5937957763672 79.0739593505859 79.6009521484375 79.501335144043 77.7019271850586
66.196418762207 66.1010665893555 65.8943252563477 65.66162109375 65.5765151977539 65.577262878418 65.640869140625 65.763786315918 65.8860092163086 65.8820724487305 65.7836074829102 65.8331832885742 66.0000991821289 66.2026443481445 66.4165191650391 66.6266632080078 66.771858215332 66.8777313232422 67.3208618164062 67.624153137207 67.9363479614258 68.0664978027344 68.3435668945312 68.7257614135742 69.042236328125 69.3933258056641 69.6738739013672 69.7671890258789 69.888069152832 70.8950881958008 71.2184906005859 71.375846862793 71.8786773681641 71.9444198608398 72.5093307495117 73.3688354492188 73.8512573242188 74.3311767578125 74.7700042724609 75.2591171264648 75.7703094482422 76.1271286010742 76.4750137329102 77.5297088623047 78.4944610595703 78.9591369628906 79.4913635253906 79.7251892089844 78.186164855957
66.1696243286133 66.1548614501953 65.8757095336914 65.6323928833008 65.6434936523438 65.6608200073242 65.6421508789062 65.7754974365234 65.6567001342773 65.6180038452148 65.7392272949219 65.771484375 65.8057403564453 65.9784164428711 66.1525726318359 66.3455200195312 66.5658493041992 66.6518936157227 67.1605072021484 67.4641494750977 67.7180252075195 67.8407669067383 67.9674911499023 68.4413604736328 68.8828048706055 69.0582656860352 69.3291931152344 69.3906402587891 69.1427993774414 70.2119293212891 71.0059432983398 70.5515975952148 70.8987197875977 71.2744369506836 72.0204696655273 73.2744216918945 73.5205383300781 73.9997711181641 74.6091079711914 75.0672225952148 75.6047515869141 76.2974624633789 76.3289031982422 77.2075805664062 78.3665618896484 78.8670272827148 79.2627182006836 79.3236923217773 78.1283493041992
66.2119903564453 66.1669540405273 65.8916397094727 65.643669128418 65.7605056762695 65.8041534423828 65.6706695556641 65.7114791870117 65.6015014648438 65.3537063598633 65.4389801025391 65.5997085571289 65.706428527832 65.8561172485352 65.9712142944336 66.1323776245117 66.3614349365234 66.5413589477539 67.0398178100586 67.2312774658203 67.4755325317383 67.6955795288086 67.8491134643555 68.2626876831055 68.4230117797852 68.5004653930664 68.7687683105469 68.9373779296875 68.9257278442383 69.580192565918 70.6449279785156 69.6776885986328 69.7322692871094 70.9366683959961 71.6535415649414 72.7564163208008 73.1320037841797 73.5956954956055 74.293212890625 74.5307540893555 74.8843994140625 76.4621124267578 76.6968612670898 77.2757568359375 78.1812438964844 78.7209930419922 79.0145568847656 79.2448806762695 78.8161544799805
66.1788787841797 66.1422500610352 65.9206466674805 65.8013763427734 65.8785400390625 65.83251953125 65.7400588989258 65.505485534668 65.5154037475586 65.2721786499023 65.2597732543945 65.4566879272461 65.6744613647461 65.8075637817383 65.8421859741211 65.9828948974609 66.1438598632812 66.35302734375 66.8548355102539 66.9370422363281 67.2133331298828 67.610595703125 67.8947296142578 67.9795150756836 68.0657424926758 68.1688919067383 68.1194229125977 68.3752822875977 68.6508178710938 68.5512771606445 69.6892166137695 69.2236938476562 68.444221496582 69.8396453857422 70.9554138183594 71.9820175170898 72.573600769043 72.4039306640625 73.1812973022461 74.1557998657227 74.2165069580078 76.2250137329102 76.8334884643555 77.3759155273438 77.9458236694336 78.4736404418945 78.7050399780273 79.3271942138672 79.9250564575195
66.286262512207 66.1778411865234 66.0847091674805 65.9756774902344 65.8395233154297 65.783821105957 65.7672424316406 65.5167083740234 65.414306640625 65.1579437255859 64.9999237060547 65.2419204711914 65.4374237060547 65.5647277832031 65.7149200439453 65.7233047485352 65.8271255493164 66.0086288452148 66.3981628417969 66.6882781982422 66.9072494506836 67.1756362915039 67.5487518310547 67.6583633422852 67.8835372924805 68.0463256835938 67.7905883789062 67.5597534179688 67.917854309082 67.8242111206055 68.3246841430664 69.1731338500977 67.9838562011719 68.0962448120117 70.0950164794922 70.8119812011719 71.7450103759766 71.7789459228516 71.3887710571289 72.8230819702148 74.0766296386719 74.7866973876953 76.2496109008789 77.0177993774414 77.0693969726562 76.9044723510742 77.9973220825195 79.3621215820312 79.9717864990234
66.3399887084961 66.2129821777344 66.1252670288086 66.022216796875 65.8593902587891 65.7020874023438 65.6125335693359 65.3728179931641 65.3167037963867 65.0391693115234 64.6508483886719 65.0025100708008 65.4095764160156 65.4747009277344 65.5936965942383 65.6232833862305 65.7074737548828 65.8653564453125 66.2213439941406 66.626953125 66.8918151855469 67.0901412963867 67.427848815918 67.6727905273438 67.4929275512695 67.6985015869141 67.8859252929688 67.8509216308594 68.0568771362305 68.175407409668 68.3904418945312 68.9462966918945 67.8533096313477 67.5091171264648 69.4136428833008 70.2585220336914 71.1009674072266 71.9963607788086 71.0618133544922 71.4369125366211 73.5630645751953 74.6445846557617 75.7116088867188 76.7059020996094 77.1685638427734 77.2733306884766 77.5541534423828 78.7087783813477 79.7239074707031
66.2987899780273 66.2689514160156 66.136344909668 65.9513854980469 65.701530456543 65.5919799804688 65.5735473632812 65.4044723510742 65.4611968994141 65.2730102539062 64.9845886230469 65.1885147094727 65.3781585693359 65.4128799438477 65.4899597167969 65.5124206542969 65.5810165405273 65.7113265991211 65.9563980102539 66.4128799438477 66.7914657592773 67.0374221801758 67.3740234375 67.5852355957031 67.4894180297852 67.4792861938477 67.7917022705078 67.9443817138672 67.9263229370117 68.1434707641602 68.201789855957 68.2352523803711 67.1310195922852 67.0184478759766 68.7600021362305 70.2097702026367 70.5161895751953 71.5139923095703 71.4295120239258 70.3630676269531 71.8562774658203 75.0043869018555 75.579345703125 76.4665298461914 77.0396423339844 77.6657409667969 77.6174240112305 78.0929641723633 79.0822830200195
66.1030960083008 66.2188720703125 66.1982345581055 66.0345306396484 65.8711166381836 65.6610260009766 65.6002960205078 65.5210266113281 65.5120620727539 65.4332962036133 65.3002014160156 65.3825454711914 65.3787841796875 65.3435363769531 65.4148025512695 65.4564056396484 65.5498352050781 65.6578826904297 65.8225936889648 66.2136154174805 66.6516952514648 66.8916854858398 67.17578125 67.4856033325195 67.728385925293 67.5099334716797 67.8232269287109 67.6032485961914 67.3190536499023 67.9041290283203 68.1489028930664 68.3571929931641 67.6038436889648 67.2452163696289 68.2968063354492 70.155403137207 71.1181488037109 71.5970077514648 71.9217147827148 70.8167572021484 70.7059631347656 74.4127883911133 75.409912109375 75.9962615966797 76.7988510131836 77.3822937011719 77.7289276123047 77.834114074707 78.1468811035156
