rcp8.5models/GFDL_CM3/sc1gr2.39
NCOLS 261 
NROWS 433 
XLLCORNER 336357.134 
YLLCORNER 654653.479 
CELLSIZE 1000 
NODATA_value -3.4e+38 
[rows 330 to 351 of 433, columns 49 to 97 of 261]
335.814056396484 336.342712402344 336.946899414062 337.219268798828 336.942779541016 337.183654785156 337.240509033203 337.508209228516 337.467834472656 337.764770507812 338.546356201172 339.167816162109 339.302642822266 339.260559082031 339.007629394531 338.668243408203 338.528900146484 338.916137695312 336.814086914062 337.485870361328 337.6064453125 336.239135742188 336.066253662109 336.178588867188 -3.4e+38 -3.4e+38 335.102447509766 -3.4e+38 335.628692626953 335.71435546875 338.823577880859 341.274932861328 341.873474121094 341.549621582031 339.671417236328 335.369201660156 331.526123046875 332.753143310547 336.732299804688 338.085662841797 335.294525146484 334.050140380859 332.497314453125 329.676605224609 326.133087158203 326.389892578125 323.6728515625 322.696014404297 326.625854492188
336.191711425781 336.634185791016 337.112548828125 337.555572509766 337.470153808594 337.474853515625 337.390991210938 337.51953125 337.478729248047 337.647735595703 337.991333007812 338.127655029297 338.752868652344 339.269104003906 339.226257324219 338.971435546875 338.743621826172 339.122680664062 338.205810546875 338.371185302734 337.679718017578 336.762634277344 335.186584472656 334.335418701172 -3.4e+38 332.889038085938 334.997863769531 -3.4e+38 334.023498535156 336.673889160156 340.0322265625 341.336059570312 341.582916259766 341.329071044922 340.863800048828 338.898620605469 336.268249511719 336.750427246094 339.306243896484 340.438446044922 337.301452636719 332.941528320312 331.078033447266 330.182922363281 326.978881835938 327.768127441406 326.708770751953 326.154083251953 331.763275146484
336.050811767578 336.532806396484 336.976745605469 337.099334716797 337.062561035156 337.728607177734 337.887542724609 337.530914306641 337.489654541016 337.447967529297 337.405914306641 337.698547363281 338.688354492188 339.277648925781 339.234313964844 339.190734863281 338.823150634766 338.823120117188 339.014770507812 338.970520019531 338.498962402344 338.280853271484 333.749176025391 332.839111328125 -3.4e+38 331.64599609375 334.071838378906 334.652801513672 333.889831542969 337.522186279297 339.581329345703 340.048767089844 341.078918457031 341.324188232422 341.566925048828 341.531311035156 340.006072998047 339.713317871094 340.905517578125 340.543426513672 337.567291259766 331.769927978516 329.682159423828 331.214935302734 329.620056152344 329.138275146484 330.036804199219 328.702880859375 331.781494140625
335.858337402344 336.392181396484 337.142730712891 337.016571044922 337.059722900391 337.711944580078 337.789306640625 337.542327880859 337.157501220703 337.182922363281 337.415924072266 337.585723876953 338.265991210938 339.009094238281 338.913146972656 338.92041015625 338.615417480469 338.323486328125 339.020111083984 338.975311279297 338.930450439453 338.573883056641 333.721160888672 331.495422363281 -3.4e+38 331.013275146484 330.884521484375 334.293823242188 333.435485839844 336.063446044922 338.093231201172 339.695678710938 340.575286865234 340.748077392578 341.490478515625 341.741363525391 340.769226074219 340.716613769531 341.395874023438 340.941802978516 337.948089599609 332.680328369141 329.455871582031 332.781188964844 333.957214355469 332.870513916016 332.471313476562 327.197723388672 325.531677246094
336.239624023438 336.679260253906 337.368103027344 337.546813964844 337.556793212891 337.677520751953 337.285400390625 337.207275390625 336.680938720703 336.68212890625 337.151428222656 337.719665527344 338.162902832031 338.508941650391 338.759918212891 338.696960449219 337.366668701172 337.283874511719 339.025482177734 339.296966552734 339.213592529297 337.423400878906 333.943206787109 331.050231933594 332.866851806641 332.477630615234 331.556365966797 334.534820556641 329.71826171875 333.852874755859 337.189971923828 338.163482666016 337.787414550781 339.7470703125 341.271850585938 341.165405273438 340.904541015625 340.871185302734 340.484802246094 340.721588134766 340.235290527344 333.500671386719 331.131225585938 333.249816894531 335.944580078125 335.142517089844 332.703002929688 324.736877441406 318.979614257812
336.734527587891 336.849761962891 337.021942138672 337.141479492188 337.460784912109 337.690399169922 337.084014892578 336.732391357422 336.522705078125 336.822387695312 337.264099121094 337.606872558594 338.073974609375 338.303436279297 338.804962158203 338.669128417969 337.521057128906 337.246948242188 339.030883789062 339.518859863281 339.091400146484 336.808776855469 334.069732666016 331.841979980469 333.1484375 333.736297607422 333.192810058594 334.860717773438 330.010223388672 333.567779541016 336.410675048828 336.285095214844 334.428497314453 337.900970458984 340.982238769531 341.008026123047 341.245574951172 341.2109375 339.893585205078 340.319519042969 341.523895263672 334.883972167969 334.859466552734 336.425079345703 336.870910644531 336.665588378906 332.40234375 322.697479248047 313.574188232422
337.183807373047 336.879119873047 337.417114257812 337.798919677734 337.971954345703 337.662841796875 337.157348632812 336.588714599609 337.108001708984 337.156372070312 336.969909667969 337.455749511719 337.757507324219 338.049102783203 338.275024414062 338.559509277344 338.455505371094 337.917999267578 339.120971679688 339.457092285156 338.630096435547 337.994110107422 336.175567626953 332.907318115234 331.481292724609 333.286071777344 334.141357421875 336.960479736328 337.344085693359 334.765655517578 334.565734863281 337.106811523438 335.163940429688 336.633056640625 340.690063476562 341.2099609375 341.449584960938 341.624603271484 341.581939697266 340.674682617188 340.821014404297 340.408538818359 340.066864013672 341.399353027344 341.576416015625 339.589447021484 333.414611816406 325.848907470703 317.407897949219
337.349334716797 337.262237548828 337.332855224609 337.184387207031 337.145050048828 337.105163574219 336.848968505859 337.218933105469 337.389587402344 336.949310302734 337.027618408203 337.762664794922 337.984619140625 338.154510498047 338.283386230469 338.454895019531 338.369964599609 338.469421386719 338.807556152344 338.866271972656 338.458557128906 338.275238037109 336.340026855469 333.619598388672 332.426025390625 333.568511962891 333.834838867188 335.261535644531 337.801818847656 336.562744140625 335.529571533203 336.895294189453 334.278411865234 335.643615722656 340.539459228516 340.917633056641 341.095520019531 341.615631103516 341.852874755859 341.813262939453 341.766052246094 341.908508300781 341.869201660156 341.830688476562 341.792938232422 340.412231445312 335.305419921875 327.854644775391 322.029846191406
337.734527587891 337.755981445312 337.286254882812 336.827026367188 336.785247802734 337.101989746094 337.321960449219 337.260833740234 336.951904296875 337.037750244141 337.307861328125 337.308166503906 337.508361816406 338.069580078125 338.291839599609 338.577087402344 338.797821044922 338.967712402344 338.544708251953 338.512268066406 338.129974365234 338.044036865234 336.446594238281 335.215362548828 334.676452636719 334.628692626953 334.500671386719 335.957397460938 339.064880371094 337.998474121094 335.906158447266 336.336212158203 333.389068603516 333.873046875 339.629272460938 341.262725830078 341.215515136719 341.325775146484 341.781860351562 342.0205078125 341.978179931641 341.612213134766 341.855529785156 341.816162109375 341.777618408203 341.5234375 338.995910644531 330.416168212891 324.292297363281
337.330261230469 337.291961669922 337.036834716797 337.20654296875 337.424774169922 337.237091064453 337.091247558594 337.141235351562 337.195251464844 337.36669921875 337.488189697266 337.222473144531 337.563110351562 338.173767089844 338.300415039062 338.472717285156 338.935089111328 338.827239990234 337.865081787109 337.687927246094 337.607604980469 337.450012207031 337.830444335938 337.247253417969 336.321990966797 335.792877197266 335.137939453125 336.940460205078 339.816192626953 335.236938476562 330.374969482422 331.414459228516 333.356140136719 331.422393798828 335.98095703125 341.129577636719 341.359252929688 341.098388671875 341.554229736328 341.731201171875 341.685455322266 341.3837890625 341.558807373047 341.801666259766 341.762298583984 341.989959716797 341.008483886719 335.876373291016 330.284790039062
337.2392578125 336.939056396484 336.897644042969 337.439575195312 337.44921875 337.289398193359 336.988555908203 337.209655761719 337.591278076172 337.545349121094 337.498962402344 337.108245849609 337.359222412109 338.090515136719 338.309112548828 338.260711669922 338.765319824219 338.612030029297 337.535522460938 336.675476074219 336.290557861328 337.503234863281 338.897064208984 336.993743896484 335.948547363281 335.255157470703 334.009033203125 336.4521484375 339.617706298828 331.284637451172 330.071014404297 331.407958984375 335.858154296875 333.823974609375 335.527557373047 340.402709960938 341.142333984375 341.369079589844 341.546264648438 341.220825195312 340.894958496094 341.095275878906 341.319305419922 341.787231445312 341.747009277344 341.925537109375 341.467346191406 339.240081787109 333.768310546875
336.76953125 336.695892333984 336.912536621094 337.088714599609 336.983184814453 337.002746582031 336.898681640625 337.223999023438 337.603179931641 337.556762695312 337.162628173828 336.976928710938 337.243438720703 337.928192138672 338.317932128906 338.269012451172 338.441925048828 338.350006103516 337.887420654297 336.381378173828 335.514221191406 337.226287841797 338.598846435547 338.020080566406 337.315246582031 334.545837402344 333.234497070312 335.002807617188 337.949554443359 334.890228271484 335.486511230469 335.299133300781 337.971282958984 338.784393310547 337.581939697266 339.354217529297 341.134490966797 341.297973632812 341.538421630859 340.427490234375 339.60595703125 341.412872314453 341.315612792969 341.491119384766 341.731842041016 341.691680908203 341.652404785156 339.423492431641 332.931701660156
336.672882080078 336.188568115234 336.298889160156 336.626647949219 336.84130859375 336.433959960938 336.492828369141 337.499328613281 337.968383789062 337.830261230469 336.950714111328 336.695281982422 337.161254882812 337.598663330078 338.062377929688 338.277496337891 338.5615234375 338.443725585938 338.403594970703 337.947875976562 337.238372802734 337.868896484375 338.683563232422 339.360992431641 339.323364257812 337.542236328125 336.0546875 335.551422119141 337.248321533203 339.893615722656 339.406127929688 338.631866455078 339.793975830078 341.043334960938 339.312286376953 339.552337646484 341.120666503906 341.073181152344 341.247924804688 340.535095214844 340.050109863281 341.565124511719 341.581146240234 341.531158447266 341.716827392578 341.943756103516 342.184387207031 339.464904785156 332.231292724609
336.955963134766 336.615692138672 336.571044921875 336.746368408203 336.855712890625 336.589935302734 336.607879638672 337.674194335938 338.204010009766 338.005645751953 336.61083984375 336.568878173828 337.264892578125 337.727661132812 338.162628173828 338.286102294922 338.459747314453 338.363708496094 338.307342529297 338.765197753906 338.755737304688 337.136566162109 337.536560058594 338.732849121094 338.920562744141 339.451629638672 338.996307373047 338.353210449219 338.745300292969 340.415344238281 340.616394042969 340.659149169922 341.104064941406 341.26123046875 340.473602294922 340.173095703125 340.837646484375 340.779754638672 340.740539550781 341.251770019531 341.481262207031 340.775085449219 341.234832763672 341.464721679688 341.702026367188 341.880249023438 342.071014404297 340.186737060547 333.576629638672
337.043304443359 337.376983642578 337.212707519531 336.914489746094 336.870239257812 336.825378417969 337.142669677734 337.428924560547 338.218353271484 338.015594482422 337.095764160156 337.159088134766 337.445404052734 337.620147705078 337.743072509766 338.032348632812 338.244018554688 338.192810058594 338.418212890625 338.8544921875 338.985473632812 337.806518554688 337.939788818359 338.920318603516 338.852203369141 339.261535644531 339.360076904297 337.805786132812 336.683319091797 338.633483886719 338.909332275391 338.029937744141 338.759674072266 337.517364501953 338.518005371094 340.430450439453 340.618194580078 340.833923339844 341.076110839844 341.460174560547 341.636413574219 340.044372558594 339.943634033203 340.946044921875 341.687469482422 341.644836425781 341.870361328125 341.138366699219 335.235717773438
337.059539794922 337.615753173828 337.376983642578 336.929595947266 336.884948730469 336.839660644531 337.017303466797 337.539611816406 337.520568847656 337.509948730469 337.55517578125 337.505859375 337.109832763672 337.145568847656 337.355041503906 337.868591308594 338.252502441406 338.200714111328 338.322448730469 338.779663085938 338.990997314453 337.647613525391 336.861022949219 338.259338378906 338.969848632812 338.010620117188 338.063171386719 336.787139892578 333.6064453125 336.216827392578 338.739166259766 334.845581054688 334.652404785156 334.948120117188 336.839569091797 340.361541748047 340.035614013672 340.501007080078 341.224426269531 341.169555664062 341.126800537109 340.917510986328 339.818572998047 340.430297851562 341.673217773438 341.629730224609 341.808349609375 340.493957519531 334.817199707031
337.075897216797 337.633880615234 337.390594482422 336.944885253906 337.269927978516 337.475158691406 337.061981201172 337.713256835938 337.439666748047 336.743865966797 337.052703857422 337.167572021484 336.982299804688 337.246002197266 337.364807128906 337.879669189453 338.261199951172 338.208831787109 338.103302001953 337.949188232422 338.469848632812 338.034790039062 337.138671875 338.004302978516 337.198486328125 335.457794189453 335.151519775391 334.474853515625 332.705200195312 333.722564697266 337.447448730469 332.364562988281 330.686645507812 333.831115722656 335.634857177734 338.782867431641 339.28955078125 339.793975830078 340.707092285156 339.817901611328 339.223754882812 341.797607421875 341.080902099609 341.027191162109 341.659332275391 341.615020751953 341.303375244141 340.364044189453 337.062286376953
337.092437744141 337.652130126953 337.404327392578 337.334136962891 337.762481689453 337.868835449219 337.596527099609 337.111968994141 337.065277099609 336.564849853516 336.641448974609 337.045257568359 337.658142089844 337.684173583984 337.374786376953 337.890960693359 337.931793212891 337.957244873047 338.110504150391 337.499908447266 338.111968994141 338.948699951172 338.344421386719 337.108795166016 336.269989013672 335.019622802734 332.702880859375 332.089538574219 332.259002685547 329.6787109375 333.484039306641 330.809326171875 326.538116455078 330.355072021484 332.971527099609 336.082000732422 337.333465576172 335.334625244141 336.884185791016 338.946868896484 337.578765869141 341.23583984375 341.738861083984 341.69189453125 341.645812988281 341.600677490234 340.796295166016 340.723785400391 340.849975585938
337.1259765625 337.081970214844 337.037231445312 337.218353271484 337.32373046875 337.6494140625 337.851196289062 337.2333984375 336.8642578125 335.939422607422 335.971069335938 336.692321777344 337.246124267578 337.677490234375 337.565490722656 337.34228515625 337.628753662109 337.492218017578 337.895965576172 337.991302490234 337.863861083984 337.776672363281 338.228515625 336.870727539062 336.456634521484 335.922637939453 332.347045898438 329.890319824219 330.878875732422 327.429260253906 328.572052001953 330.749359130859 325.619293212891 325.213409423828 331.220672607422 332.431427001953 334.668792724609 333.326721191406 330.548126220703 335.0615234375 338.41650390625 337.1337890625 340.671203613281 341.668029785156 340.173950195312 337.983093261719 339.361877441406 341.483062744141 341.439575195312
337.143005371094 337.098663330078 337.053588867188 337.007781982422 336.961273193359 337.142242431641 337.248565673828 336.561889648438 336.467559814453 335.850158691406 334.742034912109 335.996124267578 337.346343994141 337.459503173828 337.752075195312 337.607543945312 337.528839111328 337.418395996094 337.027313232422 338.050811767578 338.204071044922 337.966705322266 338.141296386719 337.810363769531 335.14013671875 334.622375488281 333.902404785156 332.440307617188 331.972991943359 329.662292480469 329.232757568359 330.238403320312 325.366394042969 322.780242919922 328.521148681641 330.205017089844 332.191497802734 334.814025878906 329.139068603516 328.792449951172 336.154144287109 337.418060302734 339.394500732422 341.106781005859 340.882843017578 339.258178710938 338.553009033203 340.363006591797 341.424377441406
336.917144775391 337.115539550781 337.070159912109 337.023986816406 336.601837158203 336.682952880859 336.881164550781 336.552368164062 336.935485839844 336.700408935547 335.775451660156 336.671173095703 337.172546386719 337.218475341797 337.6484375 337.533508300781 337.308319091797 337.253265380859 335.861663818359 337.135894775391 338.359710693359 338.231597900391 337.916656494141 337.85986328125 335.862152099609 334.104034423828 334.126007080078 333.4970703125 331.535217285156 329.945739746094 328.834320068359 327.264038085938 321.111541748047 319.85546875 325.876220703125 330.543395996094 330.27685546875 333.121459960938 330.816162109375 323.475830078125 328.453826904297 339.005493164062 339.264129638672 340.646423339844 340.823181152344 340.775543212891 339.011962890625 339.162170410156 340.331604003906
336.018737792969 336.64794921875 337.086883544922 337.040405273438 336.763275146484 336.794128417969 336.896453857422 336.796875 336.977264404297 336.854217529297 336.642486572266 337.176788330078 336.951934814453 336.714813232422 337.176544189453 337.373718261719 337.318542480469 337.263000488281 335.838043212891 336.457855224609 338.013397216797 338.162384033203 337.923095703125 337.865692138672 337.575836181641 334.8046875 334.741546630859 332.204650878906 328.868560791016 328.832122802734 328.489593505859 328.023376464844 323.402923583984 320.863708496094 323.749481201172 330.496612548828 333.607330322266 333.665222167969 333.415557861328 326.096618652344 323.092254638672 336.791564941406 338.863830566406 339.542572021484 340.313507080078 340.263641357422 339.536590576172 338.673370361328 338.040374755859
