rcp8.5models/GFDL_CM3/sc1gr6.21
NCOLS 261 
NROWS 433 
XLLCORNER 336357.134 
YLLCORNER 654653.479 
CELLSIZE 1000 
NODATA_value -3.4e+38 
[rows 198 to 219 of 433, columns 98 to 146 of 261]
1148.13330078125 1153.86669921875 1156.87536621094 1175.66076660156 1181.02819824219 1184.52893066406 1188.64782714844 1197.06030273438 1200.93225097656 1206.62658691406 1213.98681640625 1222.73864746094 1229.75500488281 1236.62316894531 1254.88293457031 1263.54382324219 1268.890625 1272.81372070312 1279.08117675781 1285.24230957031 1293.40637207031 1300.14953613281 1307.83752441406 1316.42504882812 1328.30102539062 1335.71325683594 1348.35510253906 1356.86108398438 1366.27368164062 1373.44750976562 1377.44226074219 1387.10290527344 1399.85412597656 1411.27258300781 1420.37023925781 1432.53259277344 1439.62829589844 1444.60754394531 1456.17077636719 1466.52685546875 1477.12927246094 1478.61584472656 1472.50854492188 1475.25561523438 1497.65478515625 1500.56018066406 1480.12561035156 1504.8642578125 1491.20715332031
1149.181640625 1156.78784179688 1159.39807128906 1177.373046875 1182.26025390625 1189.95178222656 1193.54077148438 1201.826171875 1204.90734863281 1209.90979003906 1215.94018554688 1223.00036621094 1228.88732910156 1235.77648925781 1255.83544921875 1261.82263183594 1269.015625 1273.87463378906 1281.05383300781 1286.95678710938 1293.73986816406 1301.34851074219 1309.46752929688 1319.01940917969 1331.48828125 1337.69616699219 1354.04638671875 1363.07336425781 1373.03405761719 1377.80749511719 1381.50659179688 1391.13098144531 1403.60278320312 1416.76342773438 1428.33215332031 1440.26892089844 1444.13598632812 1452.26062011719 1466.57690429688 1473.83032226562 1483.14794921875 1484.07458496094 1476.35791015625 1474.43969726562 1488.23669433594 1492.48510742188 1482.75622558594 1501.9326171875 1494.49926757812
1152.77490234375 1159.68591308594 1164.82897949219 -3.4e+38 1182.77954101562 1192.03186035156 1198.01892089844 1205.57678222656 1210.7734375 1214.52001953125 1217.56726074219 1222.95434570312 1229.947265625 1238.61120605469 1255.30969238281 -3.4e+38 1268.75012207031 -3.4e+38 1281.67004394531 1287.27478027344 1295.16857910156 1304.23913574219 1311.14489746094 1320.20446777344 1330.400390625 1337.46362304688 1355.83508300781 1365.56335449219 1377.26611328125 1380.04150390625 1385.7255859375 1394.9970703125 1405.91735839844 1417.97924804688 1430.29040527344 1441.86267089844 1444.4619140625 1459.55065917969 1472.21472167969 1481.42138671875 1490.75329589844 1490.47778320312 1478.05310058594 1475.24877929688 1482.04943847656 1488.08911132812 1485.00793457031 1494.08325195312 1497.03527832031
1156.25695800781 1164.22961425781 1168.13037109375 1177.15661621094 1186.57556152344 1192.36804199219 1200.05639648438 1208.00988769531 1214.12182617188 1217.14770507812 1220.93896484375 1226.64880371094 1233.44934082031 1240.3544921875 1257.10266113281 -3.4e+38 -3.4e+38 -3.4e+38 -3.4e+38 1288.49487304688 1297.32250976562 1305.05480957031 1310.52893066406 1319.31628417969 1328.78259277344 1338.46850585938 1360.91333007812 1367.10424804688 1381.1044921875 1383.89868164062 1390.95690917969 1399.65795898438 1411.01098632812 1422.11352539062 1432.12744140625 1442.45617675781 1446.43627929688 1466.001953125 1477.56274414062 1487.77307128906 1497.8408203125 1500.69421386719 1490.14074707031 1482.04382324219 1485.78503417969 1491.38806152344 1491.90979003906 1498.91638183594 1504.73059082031
1158.14880371094 1171.06079101562 1171.27111816406 1178.47473144531 1189.18786621094 1194.58154296875 1202.83776855469 1209.80163574219 1215.5771484375 1221.11584472656 1226.1279296875 1232.08715820312 1237.66235351562 1243.58361816406 -3.4e+38 -3.4e+38 -3.4e+38 -3.4e+38 1285.55749511719 -3.4e+38 1298.75500488281 1305.14794921875 1312.34631347656 1321.02038574219 1330.48937988281 1341.80969238281 1363.81555175781 1371.46301269531 1382.0419921875 1387.41748046875 -3.4e+38 1406.22192382812 1418.80493164062 1432.1611328125 1439.08020019531 1449.56787109375 1454.22448730469 1470.20947265625 1486.01000976562 1497.33666992188 1506.49682617188 1510.49340820312 1504.8330078125 1494.07373046875 1493.93200683594 1496.21533203125 1504.31274414062 1520.91906738281 1521.87524414062
1157.04187011719 1170.78918457031 1176.29333496094 1181.30529785156 1190.14526367188 1198.44030761719 1206.06201171875 1213.6123046875 1220.19262695312 1225.96325683594 1231.07141113281 1234.38830566406 1239.24682617188 1247.14892578125 1262.08178710938 -3.4e+38 1277.34436035156 -3.4e+38 -3.4e+38 1294.40979003906 1301.53698730469 1310.00549316406 1319.20935058594 1324.61779785156 1333.07592773438 1344.10595703125 1364.71789550781 1378.36975097656 1386.96984863281 1393.95068359375 1402.08898925781 1412.63854980469 1427.65551757812 1442.0517578125 1446.53430175781 1456.44116210938 1460.63879394531 1476.22180175781 1492.83947753906 1505.92272949219 1516.1728515625 1520.02880859375 1518.62829589844 1512.72082519531 1505.72192382812 1506.486328125 1521.08459472656 1550.53820800781 1533.44445800781
1155.63269042969 1165.85119628906 1175.99865722656 1185.34594726562 1192.07275390625 1202.46899414062 1209.98156738281 1218.80810546875 1222.76098632812 1228.95166015625 1235.45324707031 1238.08776855469 1242.18579101562 1248.45458984375 1265.47106933594 -3.4e+38 1280.63830566406 1284.79907226562 1289.40380859375 1297.25476074219 1305.18566894531 1314.75891113281 1324.60510253906 1330.60864257812 1337.3291015625 1346.96545410156 1370.52319335938 1385.72985839844 1395.84704589844 1402.46643066406 1408.66931152344 1419.85827636719 1432.15563964844 1445.20422363281 1456.81689453125 1465.70336914062 1465.58532714844 1483.03112792969 1497.17883300781 1511.83569335938 1523.08032226562 1528.15380859375 1529.73718261719 1526.52368164062 1518.12731933594 1520.91149902344 1536.96301269531 1567.41564941406 1541.49438476562
1156.37768554688 1166.30090332031 1175.53125 1192.54626464844 1196.83483886719 1206.74670410156 1214.11975097656 1219.74243164062 1225.49645996094 1233.39587402344 1238.76037597656 1242.3154296875 1246.7998046875 1252.63513183594 -3.4e+38 -3.4e+38 1281.83544921875 1288.92370605469 1293.67993164062 1299.81640625 1306.59375 1316.60620117188 1327.28820800781 1334.14624023438 1342.60131835938 1352.59985351562 1377.29833984375 1393.23193359375 1405.73608398438 1410.45629882812 1417.36547851562 1429.3984375 1438.04919433594 1447.87951660156 1461.63500976562 1467.86169433594 1471.14172363281 1488.56213378906 1501.2431640625 1516.88720703125 1530.61608886719 1537.88671875 1544.06958007812 1549.513671875 1546.13146972656 1534.47253417969 1550.81579589844 1569.47534179688 1555.64001464844
1157.21813964844 1167.31567382812 1176.35864257812 1196.32580566406 1201.42578125 1210.32263183594 1218.50988769531 1220.91430664062 1230.08996582031 1238.87451171875 1242.75305175781 1246.22741699219 1251.72521972656 1257.10375976562 -3.4e+38 -3.4e+38 -3.4e+38 1292.49975585938 1298.390625 1303.12585449219 1309.541015625 1318.28967285156 1328.35791015625 1335.83239746094 1345.39172363281 1357.02160644531 1394.681640625 1422.37121582031 1418.16040039062 1417.35607910156 1425.2080078125 1438.55297851562 1448.43273925781 1456.70910644531 1464.66284179688 1469.95251464844 1477.78137207031 1498.69018554688 1509.61645507812 1524.44555664062 1538.54541015625 1548.3515625 1557.53491210938 1571.111328125 1577.61596679688 1552.76940917969 1567.9013671875 1581.94860839844 1588.87023925781
1160.201171875 1167.40209960938 1177.50048828125 1196.26806640625 1204.34594726562 1214.04431152344 1222.64526367188 1224.9658203125 1233.96447753906 1242.49645996094 1247.29382324219 1251.017578125 1255.47033691406 1261.47448730469 1273.34411621094 -3.4e+38 -3.4e+38 1294.10510253906 1302.87475585938 1306.86572265625 1313.64208984375 1320.86828613281 1330.13391113281 1338.46655273438 1347.00610351562 1359.15686035156 1408.62451171875 1454.02685546875 1435.78369140625 1424.16564941406 1433.05493164062 1445.34094238281 1457.42565917969 1462.10302734375 1468.56323242188 1477.55065917969 1487.39782714844 1508.83605957031 1522.3544921875 1538.37951660156 1547.642578125 1558.89892578125 1566.88195800781 1581.01623535156 1589.17565917969 1567.33178710938 1590.44787597656 1619.35693359375 1626.15246582031
1168.4931640625 1174.71130371094 1179.95202636719 1196.78332519531 1205.37573242188 1214.33825683594 1223.87194824219 1233.97973632812 1243.31896972656 1258.20520019531 1272.4404296875 1264.208984375 1264.98352050781 1269.8955078125 1278.70043945312 1286.97998046875 1294.5625 1300.28601074219 1308.42932128906 1315.099609375 1323.13891601562 1328.7587890625 1336.20068359375 1344.07897949219 1354.04895019531 1366.69079589844 1402.74841308594 1430.26110839844 1422.34985351562 1424.60656738281 1432.26928710938 1447.35510253906 1456.48107910156 1464.11511230469 1471.40234375 1484.345703125 1497.67456054688 1526.58471679688 1537.89868164062 1553.9365234375 1566.50732421875 1573.03930664062 1576.62475585938 1582.099609375 1591.29541015625 1612.97326660156 1643.81469726562 1650.2578125 1626.57849121094
1173.36462402344 1179.74877929688 1184.43469238281 1201.42236328125 1211.5986328125 1221.5595703125 -3.4e+38 1234.49523925781 1246.00598144531 1262.97058105469 1279.95092773438 1272.28271484375 1269.00366210938 1272.69873046875 1282.10632324219 1291.51513671875 1299.84008789062 1304.95300292969 1311.93054199219 1319.30859375 1327.89697265625 1335.32861328125 1341.04711914062 1348.5146484375 1356.85327148438 1368.88208007812 1396.93933105469 1414.49890136719 1416.880859375 1422.50952148438 1432.22717285156 1445.728515625 1456.23120117188 1465.25988769531 1475.43505859375 1486.82995605469 1499.72692871094 1531.41882324219 1545.35339355469 1560.06237792969 1575.4755859375 1584.47595214844 1587.861328125 1598.53771972656 1614.279296875 1643.396484375 1675.47778320312 1664.84729003906 1641.24377441406
1174.94372558594 1182.80151367188 1189.79406738281 1205.72692871094 1216.60815429688 1231.85949707031 1234.30004882812 1239.009765625 1248.60559082031 1265.34375 1284.75305175781 1284.65380859375 1272.01647949219 1277.705078125 1286.63439941406 1293.64868164062 1303.51904296875 1311.92639160156 1316.61682128906 1324.57641601562 1333.51440429688 1341.56079101562 1346.15148925781 1353.61669921875 1360.70166015625 1371.32275390625 1400.32470703125 1416.06616210938 1415.67041015625 1423.37475585938 1434.9140625 1447.51586914062 1457.51428222656 1468.02770996094 1478.89233398438 1489.7900390625 1504.91040039062 1536.68664550781 1553.85705566406 1570.00988769531 1584.32336425781 1593.85607910156 1598.31872558594 1609.69006347656 1625.66931152344 1648.44616699219 1661.41040039062 1658.47985839844 1661.181640625
1177.11682128906 1187.05334472656 1195.46850585938 1210.50744628906 1222.76477050781 1241.53088378906 1244.89929199219 1244.88269042969 1250.14038085938 1270.61364746094 1315.98461914062 1333.7353515625 1277.68872070312 1283.25720214844 1291.13916015625 1297.91186523438 1308.37023925781 1319.45532226562 1325.57507324219 1330.53466796875 1338.92810058594 1348.06945800781 1353.3056640625 1359.33801269531 1365.47595214844 1376.08435058594 1404.68029785156 1418.7724609375 1418.65539550781 1428.49780273438 -3.4e+38 1452.15600585938 1460.396484375 1471.52038574219 1485.24670410156 1496.51318359375 1511.66723632812 1544.37768554688 1562.29150390625 1581.12414550781 1593.14660644531 1600.90283203125 1608.65234375 1621.99792480469 1643.57373046875 1654.64038085938 1649.29296875 1659.64367675781 1680.46984863281
1180.45837402344 1187.54431152344 1198.18188476562 1216.89331054688 -3.4e+38 1242.79418945312 1251.95153808594 1250.84106445312 1253.451171875 1273.76013183594 1315.20153808594 1321.65783691406 1283.50158691406 1288.3427734375 1295.82421875 1302.37353515625 1312.10192871094 1323.30700683594 1337.59289550781 1349.81921386719 -3.4e+38 1355.36657714844 1360.48193359375 1365.017578125 1372.96459960938 1384.95202636719 1407.45739746094 1420.10510253906 1422.30236816406 1434.10876464844 1445.30297851562 1455.8740234375 1465.52966308594 1478.86010742188 1494.27941894531 1506.24084472656 1519.29040527344 1552.84790039062 1571.60485839844 1589.99584960938 1601.28564453125 1608.26110839844 1620.96508789062 1639.32263183594 1668.47729492188 1682.55859375 1664.20141601562 1671.60852050781 1695.96118164062
1181.55590820312 1190.13098144531 1199.33972167969 1220.35864257812 1230.04565429688 1244.81396484375 1258.76782226562 1264.07250976562 1260.42333984375 1272.22058105469 1299.12023925781 1304.06311035156 1287.45324707031 1290.94201660156 1299.78784179688 1307.61022949219 1316.85949707031 1327.26196289062 1345.90405273438 1363.14404296875 1353.44250488281 1359.3427734375 1365.81616210938 1368.49792480469 1377.17297363281 1388.81005859375 1407.32580566406 1418.46032714844 1425.95520019531 1437.90454101562 1448.37573242188 1460.52136230469 1471.71911621094 1486.56750488281 1501.46044921875 1515.66052246094 1529.21960449219 1560.07446289062 1577.71813964844 1596.2138671875 1610.86560058594 1620.26477050781 1636.86450195312 1663.97424316406 1692.70141601562 1707.68286132812 1682.68676757812 1689.119140625 1713.0625
1185.21118164062 1193.43823242188 1202.35168457031 1224.8330078125 1240.89111328125 1255.07189941406 1263.1259765625 1269.64086914062 1266.8681640625 1273.42028808594 1294.83544921875 1307.30310058594 1291.22131347656 1293.00903320312 1304.1259765625 1314.02416992188 1324.95764160156 1334.03845214844 1344.888671875 1356.50524902344 1357.79052734375 1363.44006347656 1370.42858886719 1371.85949707031 1380.77124023438 1389.85034179688 1409.70739746094 1420.3525390625 1431.58093261719 1442.34362792969 1453.99963378906 1465.01806640625 1477.29284667969 1493.70935058594 1508.09814453125 1523.5029296875 1538.16003417969 1571.44323730469 1585.50048828125 1603.52209472656 1619.23571777344 1631.72021484375 1648.21069335938 1692.02551269531 1749.77404785156 1739.16552734375 1696.79626464844 1706.60815429688 1731.79382324219
1194.03833007812 1209.7373046875 -3.4e+38 1229.44665527344 1251.30114746094 1270.83764648438 1272.75354003906 1276.47473144531 1272.69836425781 1276.63989257812 1291.4560546875 1301.81201171875 1294.64965820312 1297.29760742188 1310.29504394531 1318.29992675781 1330.5849609375 1339.97875976562 1347.08996582031 1354.73767089844 1360.58569335938 1369.30407714844 1375.7509765625 1377.69006347656 1387.35559082031 1396.8857421875 1415.02172851562 1426.08361816406 1437.15197753906 1447.37231445312 1459.18798828125 1470.51257324219 1484.38623046875 1500.494140625 1514.3955078125 1529.51342773438 1545.66137695312 1579.76477050781 1595.357421875 1612.66674804688 1627.65478515625 1642.13134765625 1656.94116210938 1707.08776855469 1813.03576660156 1810.82751464844 1707.0517578125 1722.45715332031 1751.55285644531
1202.54858398438 1216.53112792969 1211.40075683594 1235.11657714844 1251.95739746094 1272.04235839844 1280.00390625 1286.87719726562 1286.36218261719 1283.99987792969 1296.41284179688 1306.92980957031 1296.68627929688 1301.2646484375 1317.1337890625 1323.06213378906 1333.41931152344 1343.29736328125 1353.06018066406 1361.4267578125 1367.00280761719 1374.96667480469 1378.97631835938 1384.57067871094 1394.33361816406 1403.82446289062 1421.86450195312 1431.87060546875 1442.49011230469 1454.44030761719 1465.6611328125 1478.89184570312 -3.4e+38 -3.4e+38 1520.21997070312 1538.46997070312 1558.37670898438 1598.48046875 1605.07873535156 1623.80541992188 1639.10095214844 1654.1171875 1673.54272460938 1729.14208984375 1825.6669921875 1795.17016601562 1723.40393066406 1738.94348144531 1771.8037109375
1202.95935058594 1213.52404785156 1217.779296875 1238.85119628906 1251.49291992188 1265.63012695312 1278.357421875 1293.12182617188 1299.14965820312 1291.55102539062 1303.85827636719 1315.87707519531 1306.28100585938 1305.91491699219 1324.68933105469 1328.35693359375 1339.03869628906 1352.54760742188 1359.09350585938 1366.35681152344 1373.53161621094 1377.98620605469 1382.04406738281 1390.77172851562 1400.0712890625 1409.57507324219 1428.43225097656 1438.25695800781 1449.90466308594 1462.13891601562 1474.57727050781 1488.34643554688 -3.4e+38 1514.94287109375 1530.0537109375 1551.10827636719 1602.29040527344 1607.84289550781 1615.37707519531 1634.50207519531 1651.90661621094 1668.86450195312 1688.66284179688 1742.70483398438 1802.75939941406 1746.17810058594 1738.36767578125 1754.58581542969 1789.95288085938
1206.32299804688 1213.09704589844 1221.78137207031 1240.97741699219 1257.14624023438 1273.98986816406 1287.44140625 1295.74890136719 1301.03540039062 1299.70678710938 1313.96740722656 1330.62890625 1328.81762695312 1313.46752929688 1329.318359375 1333.10681152344 1345.21618652344 1360.83276367188 1365.44995117188 1373.46789550781 1382.19665527344 1383.93481445312 1389.12731933594 1396.26806640625 1406.29382324219 1417.73522949219 1435.53491210938 1446.04724121094 1458.68786621094 1470.435546875 1483.48583984375 1496.84460449219 -3.4e+38 1523.27502441406 1540.31896972656 1611.09289550781 1716.45361328125 1608.99450683594 1624.96435546875 1644.98828125 1671.59350585938 1699.34741210938 1703.39965820312 1745.69079589844 1805.02844238281 1770.49157714844 1750.49450683594 1767.79406738281 1808.13391113281
1210.98376464844 1215.75573730469 1225.99389648438 1246.322265625 1261.90954589844 1274.61279296875 1288.54455566406 1298.05969238281 1304.92541503906 1307.91174316406 1325.52722167969 1349.64184570312 1353.54699707031 1320.22778320312 1333.75646972656 1338.79602050781 1348.86242675781 1362.41418457031 1373.078125 1380.74914550781 1390.85729980469 1396.83618164062 1396.54577636719 -3.4e+38 1413.85766601562 1425.45080566406 1445.81884765625 1453.66418457031 1467.21667480469 1479.671875 1491.79736328125 1504.47998046875 1517.30627441406 1532.57238769531 1582.67590332031 1680.59375 1681.560546875 1616.50817871094 1634.65234375 1655.90930175781 1690.15759277344 1732.23303222656 1731.40466308594 1760.97302246094 1807.86706542969 1767.83312988281 1762.26635742188 1781.1923828125 1825.83459472656
