rcp8.5models/GFDL_CM3/sc1gr4.34
NCOLS 261 
NROWS 433 
XLLCORNER 336357.134 
YLLCORNER 654653.479 
CELLSIZE 1000 
NODATA_value -3.4e+38 
[rows 308 to 329 of 433, columns 98 to 146 of 261]
239.417846679688 242.596450805664 252.944046020508 252.086349487305 249.275955200195 247.312805175781 247.38459777832 245.140686035156 242.190551757812 247.608306884766 254.650909423828 259.426422119141 262.099548339844 265.799713134766 265.333770751953 261.398101806641 260.086334228516 254.386444091797 244.562133789062 241.919906616211 242.835815429688 244.012359619141 244.512435913086 246.623657226562 248.5556640625 250.265625 249.386840820312 253.677017211914 253.507705688477 247.164367675781 242.602798461914 240.058013916016 233.851745605469 222.308258056641 212.503997802734 203.881317138672 195.773635864258 201.815948486328 215.452392578125 222.849258422852 227.692108154297 224.836669921875 212.030700683594 204.648696899414 203.343566894531 200.439041137695 199.847625732422 199.384628295898 196.136322021484
245.767272949219 247.813293457031 256.610290527344 254.939956665039 243.55712890625 240.791213989258 245.755249023438 251.335830688477 250.726974487305 252.301727294922 260.516937255859 266.720916748047 267.155609130859 267.4921875 263.343322753906 257.583557128906 255.219085693359 251.71647644043 240.524795532227 237.364013671875 236.534774780273 233.451034545898 231.378173828125 229.69091796875 231.303939819336 235.641952514648 248.577758789062 249.42546081543 239.59309387207 228.389770507812 220.129684448242 225.328063964844 227.967254638672 218.32795715332 208.296401977539 201.494033813477 196.314895629883 197.541076660156 207.258636474609 213.228149414062 221.265090942383 222.648361206055 210.253799438477 200.580856323242 196.080902099609 196.489471435547 198.136734008789 197.871078491211 191.893188476562
267.337646484375 265.761535644531 267.135894775391 263.420379638672 248.3134765625 238.590927124023 238.111618041992 250.850402832031 253.315872192383 253.3173828125 263.101867675781 267.092315673828 266.29638671875 266.049438476562 260.632629394531 252.648361206055 248.077651977539 249.353546142578 246.110260009766 243.401382446289 237.360122680664 228.720916748047 223.746429443359 220.501312255859 222.09016418457 228.043548583984 249.462982177734 244.651138305664 228.993377685547 215.996917724609 207.819976806641 211.290420532227 215.755935668945 212.560638427734 205.506759643555 197.064498901367 191.891159057617 194.193649291992 197.668716430664 202.050323486328 210.99577331543 220.003234863281 212.37678527832 198.811416625977 191.664031982422 194.537841796875 196.835922241211 195.285629272461 196.303695678711
283.852264404297 285.407379150391 282.517791748047 273.254486083984 257.159606933594 239.440200805664 236.849594116211 251.028396606445 258.085479736328 259.193054199219 265.670043945312 267.073059082031 265.357391357422 263.473571777344 260.640594482422 253.974212646484 245.671951293945 244.124526977539 246.622009277344 245.742446899414 239.062240600586 228.343215942383 218.623413085938 216.083709716797 226.115112304688 238.484664916992 246.733215332031 243.508316040039 232.495407104492 219.787948608398 210.254486083984 206.414810180664 205.8876953125 206.565246582031 205.937591552734 199.621673583984 191.249801635742 184.123947143555 186.971542358398 192.964263916016 203.516937255859 210.401718139648 205.203674316406 193.373672485352 187.431915283203 190.577560424805 193.653472900391 194.451721191406 201.935455322266
291.489105224609 295.368041992188 290.437683105469 278.116485595703 259.743560791016 240.659362792969 242.944793701172 255.670532226562 261.900543212891 264.403350830078 265.54541015625 264.997253417969 262.432769775391 259.580535888672 258.753387451172 252.803695678711 244.519973754883 239.050582885742 240.086059570312 240.239456176758 238.784027099609 231.153015136719 220.947891235352 220.174102783203 233.228759765625 245.933044433594 238.447479248047 238.046585083008 235.443252563477 228.154418945312 218.449493408203 211.745498657227 207.698959350586 204.977737426758 203.491027832031 201.526153564453 196.053466796875 176.822082519531 177.697555541992 186.46745300293 195.749664306641 193.399673461914 189.132873535156 184.323394775391 183.596633911133 186.675476074219 191.282989501953 197.197525024414 205.221801757812
298.111694335938 297.312713623047 292.668640136719 279.320404052734 276.222930908203 266.414886474609 266.660125732422 270.954193115234 266.102661132812 262.545074462891 258.781829833984 253.288711547852 251.275207519531 254.794372558594 250.71240234375 241.0703125 236.671264648438 233.711227416992 230.606185913086 227.357147216797 227.12614440918 227.235137939453 222.0400390625 224.382781982422 237.232345581055 243.012145996094 229.59033203125 219.147567749023 220.197265625 218.695404052734 218.837753295898 217.261489868164 212.58512878418 207.843276977539 201.512741088867 197.142379760742 194.017868041992 182.614700317383 175.54133605957 169.874725341797 166.933776855469 167.136535644531 174.426879882812 183.358551025391 186.61897277832 187.929458618164 189.302688598633 190.607681274414 202.265914916992
298.637084960938 298.746398925781 296.029113769531 289.729339599609 288.114135742188 282.996490478516 280.963439941406 282.065155029297 275.976989746094 264.572204589844 257.12939453125 249.020462036133 246.635848999023 251.941146850586 250.383529663086 238.860824584961 233.821853637695 230.080871582031 221.968551635742 216.665954589844 218.679611206055 221.657135009766 219.229537963867 220.020034790039 231.52604675293 240.05891418457 226.915924072266 217.733032226562 210.422653198242 206.380355834961 209.029754638672 208.867248535156 205.354598999023 204.555206298828 201.525802612305 197.2626953125 190.810989379883 183.882339477539 182.485015869141 176.988143920898 172.615753173828 170.393463134766 175.994705200195 184.294296264648 187.912170410156 188.111373901367 187.276916503906 186.436981201172 196.243530273438
292.987548828125 294.151794433594 295.403991699219 286.165924072266 292.348480224609 290.233734130859 284.129821777344 285.390991210938 283.115814208984 269.640686035156 257.765808105469 248.166381835938 241.739120483398 245.095504760742 247.373397827148 239.059158325195 233.132827758789 225.426300048828 213.133163452148 209.488922119141 214.140380859375 219.234725952148 220.804672241211 222.693756103516 232.225280761719 238.154678344727 226.17594909668 217.294906616211 202.708984375 196.787658691406 200.204360961914 198.216659545898 195.103012084961 196.373489379883 194.114135742188 192.912384033203 186.983764648438 184.204208374023 187.465484619141 186.137451171875 180.66242980957 176.953948974609 179.58317565918 185.036376953125 188.730682373047 187.754608154297 185.775436401367 186.14045715332 192.656799316406
285.182800292969 284.425720214844 288.178833007812 272.038665771484 283.265747070312 291.186828613281 280.784271240234 279.8603515625 286.414031982422 273.893585205078 259.234100341797 249.906631469727 242.51220703125 239.148788452148 240.06510925293 236.943054199219 230.684509277344 220.043579101562 208.529159545898 206.448440551758 209.160568237305 215.431198120117 222.513671875 229.529418945312 236.746154785156 235.136108398438 220.839263916016 217.413772583008 207.129440307617 197.112762451172 194.589065551758 190.33088684082 188.572204589844 189.709823608398 187.720016479492 187.062850952148 183.796829223633 184.673736572266 187.203262329102 190.412246704102 187.750427246094 186.231735229492 187.468597412109 189.236267089844 189.320404052734 186.2099609375 185.789840698242 190.53401184082 199.728286743164
282.296112060547 281.178436279297 282.382049560547 267.834136962891 272.811737060547 288.335357666016 282.655792236328 273.207092285156 278.963409423828 279.138671875 268.305511474609 254.865875244141 245.143783569336 239.274078369141 232.504425048828 233.297973632812 228.221862792969 218.787658691406 209.888168334961 206.079330444336 207.958084106445 215.139175415039 221.775039672852 228.538375854492 234.800674438477 234.04460144043 220.582901000977 219.368759155273 215.143280029297 208.447708129883 201.334182739258 191.951431274414 186.685607910156 188.483734130859 186.631851196289 182.989868164062 183.018173217773 186.349639892578 186.576721191406 190.841323852539 191.737365722656 191.852264404297 191.684448242188 192.439147949219 191.616516113281 187.88215637207 187.66389465332 194.821441650391 210.294555664062
281.245788574219 279.166351318359 279.794860839844 273.246246337891 276.287048339844 287.616790771484 284.812042236328 271.028717041016 267.731292724609 275.903442382812 273.099822998047 257.865478515625 243.478179931641 239.006744384766 230.114349365234 230.91178894043 228.081771850586 220.034637451172 213.447967529297 211.490875244141 212.25260925293 218.533065795898 223.760986328125 226.690719604492 229.634307861328 233.249267578125 225.195434570312 222.34245300293 219.850250244141 218.092590332031 213.05778503418 203.935272216797 196.662689208984 196.645950317383 193.065414428711 188.309432983398 187.809295654297 191.104415893555 189.523696899414 190.256759643555 192.052673339844 191.712310791016 191.082107543945 191.895095825195 192.743698120117 193.200012207031 194.696533203125 199.961624145508 215.519454956055
280.850280761719 277.337890625 277.682861328125 276.615112304688 273.333282470703 281.048706054688 283.636840820312 271.785552978516 260.975891113281 265.171508789062 268.288970947266 255.065322875977 240.492111206055 236.073287963867 234.47900390625 233.107620239258 228.036361694336 221.268081665039 216.680511474609 216.827987670898 217.296340942383 219.405471801758 222.910751342773 224.649795532227 225.698455810547 228.038604736328 226.51806640625 225.030395507812 222.854537963867 221.490921020508 219.411804199219 215.726409912109 212.16032409668 208.462921142578 203.553771972656 199.922424316406 197.534561157227 197.970199584961 194.356506347656 192.027252197266 192.548233032227 191.694580078125 191.295394897461 191.237976074219 191.20964050293 193.613693237305 199.801696777344 208.197006225586 218.399017333984
283.494171142578 281.690216064453 279.491943359375 277.230651855469 267.03173828125 268.752899169922 279.544006347656 276.888854980469 262.326477050781 256.199493408203 259.248504638672 249.755355834961 235.441177368164 233.167236328125 237.070648193359 234.686050415039 227.784698486328 222.55924987793 219.186676025391 219.519546508789 221.363143920898 221.764495849609 221.887786865234 222.641052246094 224.350799560547 223.694412231445 223.556427001953 224.776596069336 224.465148925781 221.692565917969 219.603820800781 218.326461791992 218.369323730469 216.666397094727 212.576034545898 208.639312744141 205.81184387207 200.350708007812 193.721298217773 190.768402099609 191.950775146484 192.210052490234 192.741485595703 193.019775390625 192.001800537109 191.7177734375 196.811752319336 207.602737426758 222.69580078125
288.141143798828 286.990661621094 283.082305908203 278.571624755859 266.550994873047 258.596435546875 269.796173095703 281.374420166016 270.579010009766 257.814239501953 255.525238037109 249.028030395508 235.053680419922 231.681243896484 233.126739501953 231.769577026367 228.608978271484 222.791915893555 220.626754760742 220.714752197266 222.990127563477 224.0615234375 223.496490478516 223.724700927734 223.029296875 220.538009643555 220.658767700195 222.402938842773 223.305206298828 221.331314086914 220.101821899414 218.678100585938 216.154296875 216.069610595703 216.342529296875 214.486053466797 210.057434082031 197.4140625 190.704696655273 187.943893432617 190.710662841797 191.489318847656 192.72526550293 194.303558349609 194.874908447266 194.394058227539 197.100326538086 204.848220825195 224.052108764648
287.376251220703 288.078643798828 283.471069335938 277.980773925781 265.958435058594 254.720703125 262.08154296875 278.762908935547 276.429290771484 266.948791503906 257.714385986328 250.347930908203 242.239318847656 234.654968261719 228.500793457031 228.938491821289 230.519744873047 227.690902709961 223.019073486328 220.272399902344 222.479858398438 224.255325317383 224.140075683594 224.415588378906 220.808242797852 216.206344604492 218.471832275391 219.063735961914 218.994445800781 219.000640869141 220.308746337891 219.494369506836 215.279739379883 214.104507446289 215.458770751953 215.834869384766 211.985382080078 198.870834350586 193.185241699219 189.448623657227 190.55712890625 190.368362426758 190.958694458008 192.20573425293 191.823608398438 192.118591308594 198.660186767578 207.004379272461 221.653228759766
277.653350830078 282.005249023438 282.710876464844 277.739349365234 267.796356201172 258.176574707031 260.514678955078 269.042358398438 272.408813476562 269.130889892578 258.810943603516 245.966506958008 242.673370361328 240.026184082031 226.286270141602 226.712097167969 228.158264160156 230.613342285156 227.480041503906 221.905502319336 221.577987670898 222.845092773438 222.947280883789 222.255706787109 220.310119628906 215.912170410156 214.69580078125 216.268188476562 216.684432983398 217.551483154297 218.775543212891 218.286834716797 216.170654296875 215.575439453125 214.468566894531 214.294189453125 212.919036865234 203.792205810547 197.370101928711 191.591110229492 189.051132202148 189.703018188477 190.909820556641 191.162551879883 188.325881958008 186.880889892578 196.795761108398 207.476318359375 220.430938720703
277.118377685547 279.951843261719 282.691619873047 276.565795898438 270.741058349609 260.394958496094 256.479888916016 256.737915039062 259.403472900391 261.978302001953 256.152801513672 242.024475097656 236.661804199219 241.507522583008 227.831405639648 224.816696166992 223.547012329102 225.121383666992 226.611465454102 224.986663818359 222.440963745117 221.485733032227 221.662368774414 219.909851074219 217.815353393555 214.609176635742 215.013549804688 216.598190307617 217.877105712891 218.945205688477 219.719757080078 219.363983154297 217.354354858398 216.301391601562 214.443252563477 214.243026733398 213.928161621094 205.037094116211 200.687911987305 195.140045166016 190.478424072266 190.589263916016 191.341278076172 191.247299194336 190.881408691406 191.218643188477 197.94873046875 205.885772705078 218.486022949219
286.565948486328 288.220733642578 288.003845214844 280.481414794922 272.172515869141 258.838409423828 249.054702758789 243.551712036133 237.195068359375 232.972640991211 237.539245605469 245.331405639648 240.350448608398 229.430023193359 232.475204467773 229.700790405273 224.850082397461 221.39616394043 221.888931274414 222.392074584961 222.697540283203 222.947372436523 220.384811401367 215.014419555664 214.311141967773 213.383651733398 204.775939941406 209.621688842773 211.191741943359 211.862747192383 214.835372924805 216.089385986328 216.646057128906 216.36083984375 216.500793457031 214.989151000977 213.599578857422 205.684707641602 202.962356567383 200.893478393555 197.434234619141 194.063491821289 193.129119873047 192.538711547852 192.502532958984 194.161071777344 200.412857055664 207.642044067383 213.548858642578
282.837432861328 285.426544189453 283.766357421875 279.150909423828 271.981964111328 261.934753417969 250.454040527344 240.404678344727 234.585067749023 226.095642089844 226.808654785156 240.602279663086 243.760940551758 235.080383300781 224.789047241211 228.741851806641 229.9208984375 224.781280517578 220.745620727539 220.852005004883 221.939819335938 223.169586181641 222.933746337891 220.405700683594 219.021514892578 215.578857421875 201.778656005859 205.133331298828 207.507751464844 209.676635742188 215.086822509766 216.03108215332 216.246185302734 214.76237487793 213.353866577148 211.14094543457 208.330856323242 199.186431884766 199.262542724609 198.978485107422 196.216613769531 194.359344482422 194.134689331055 193.24739074707 192.858139038086 193.537063598633 197.713531494141 206.41975402832 220.638961791992
279.146087646484 284.255523681641 282.353973388672 272.143646240234 264.090179443359 252.846481323242 242.122665405273 231.758972167969 228.815383911133 223.756958007812 221.036499023438 228.148361206055 236.624420166016 237.106216430664 221.85237121582 221.261001586914 228.410690307617 229.225570678711 225.021697998047 222.493133544922 222.399963378906 224.04167175293 224.757049560547 223.043014526367 220.75798034668 217.553207397461 206.95556640625 206.960372924805 209.883224487305 212.081085205078 216.511932373047 216.825561523438 216.331909179688 214.718414306641 212.963104248047 210.443283081055 205.878005981445 197.74348449707 193.940979003906 192.454147338867 191.279586791992 192.606231689453 192.866470336914 193.35791015625 193.338088989258 192.907852172852 194.538345336914 202.88932800293 220.795074462891
275.163879394531 275.809173583984 276.957550048828 267.001770019531 260.267700195312 249.009475708008 235.776901245117 222.905807495117 222.436050415039 222.514877319336 217.842849731445 218.741439819336 227.380081176758 235.844955444336 225.793212890625 219.289199829102 221.12532043457 226.955215454102 -3.4e+38 229.459777832031 227.414047241211 225.681076049805 223.874557495117 222.582275390625 221.173233032227 218.719833374023 208.491668701172 208.561096191406 212.174392700195 214.048095703125 215.695388793945 216.329483032227 216.226135253906 214.978454589844 214.105895996094 212.742401123047 209.151763916016 203.27619934082 199.571563720703 196.193298339844 191.966079711914 191.431930541992 190.061965942383 191.614639282227 193.093490600586 192.2314453125 192.158416748047 198.38688659668 213.77587890625
270.121856689453 262.457427978516 261.860748291016 256.742523193359 254.222778320312 249.145309448242 233.711624145508 216.523895263672 213.679183959961 216.748245239258 216.187896728516 217.291854858398 221.3896484375 229.0068359375 228.261810302734 222.723251342773 217.195068359375 218.609786987305 227.039398193359 -3.4e+38 -3.4e+38 229.087677001953 224.521286010742 220.837326049805 220.030975341797 218.538940429688 209.019897460938 202.703048706055 206.162322998047 212.393997192383 213.411926269531 212.869720458984 211.967239379883 211.459655761719 211.242553710938 212.267547607422 211.448745727539 209.824142456055 209.219589233398 205.047927856445 198.338165283203 193.243774414062 187.893371582031 186.858749389648 190.111175537109 191.962890625 191.235855102539 192.890426635742 207.636596679688
