rcp8.5models/GFDL_CM3/sc1gr1.20
NCOLS 261 
NROWS 433 
XLLCORNER 336357.134 
YLLCORNER 654653.479 
CELLSIZE 1000 
NODATA_value -3.4e+38 
[rows 88 to 109 of 433, columns 49 to 97 of 261]
-3.4e+38 -3.4e+38 -3.4e+38 -3.4e+38 -3.4e+38 -3.4e+38 -3.4e+38 -3.4e+38 -3.4e+38 -3.4e+38 58.5469665527344 -3.4e+38 58.9889678955078 59.4246559143066 59.3567543029785 59.742546081543 59.9569854736328 60.1304779052734 60.4362983703613 60.5608901977539 60.3887062072754 60.6365127563477 60.850700378418 61.2246627807617 60.982593536377 60.978759765625 61.4572906494141 61.4751358032227 61.7291069030762 62.2871131896973 62.7464447021484 62.4451065063477 -3.4e+38 62.5853385925293 62.8766479492188 63.2153358459473 63.360466003418 63.3117828369141 63.1512870788574 63.1704940795898 63.6493682861328 63.6977615356445 64.2163772583008 64.661506652832 64.4054183959961 65.0305862426758 65.0272979736328 64.3067932128906 64.7279510498047
-3.4e+38 -3.4e+38 -3.4e+38 -3.4e+38 -3.4e+38 -3.4e+38 -3.4e+38 -3.4e+38 -3.4e+38 -3.4e+38 58.6288223266602 59.0333099365234 59.1921730041504 59.5907859802246 59.7220191955566 59.9129905700684 60.1192474365234 59.8441772460938 60.8545303344727 60.3936157226562 60.6982574462891 60.9132232666016 60.9215469360352 61.1550598144531 60.9076080322266 60.9891510009766 61.4953117370605 61.9114112854004 61.7542877197266 62.4209289550781 62.3882141113281 62.5219230651855 62.6410789489746 62.8869323730469 62.6575012207031 63.2412452697754 63.6306533813477 63.7832679748535 63.205451965332 63.307559967041 63.5838279724121 63.8158683776855 64.2938385009766 64.4781265258789 64.4362258911133 64.5267105102539 64.441764831543 64.2283325195312 64.9567642211914
-3.4e+38 -3.4e+38 -3.4e+38 -3.4e+38 -3.4e+38 -3.4e+38 -3.4e+38 -3.4e+38 -3.4e+38 -3.4e+38 58.792064666748 59.1981430053711 59.3927955627441 59.3980178833008 59.9540786743164 60.149829864502 59.9230766296387 59.854866027832 60.6842231750488 60.8147087097168 60.8754196166992 60.665584564209 61.1090545654297 60.8404769897461 61.0682144165039 61.3201179504395 61.7324409484863 61.8461723327637 61.9499397277832 62.7187995910645 62.2554550170898 62.5559692382812 63.0040283203125 62.9980125427246 63.2302856445312 63.3841896057129 63.6607208251953 63.6353569030762 63.3643760681152 63.1668853759766 63.9555931091309 64.2941589355469 64.0368957519531 64.2213134765625 63.9836006164551 64.7311706542969 64.3216171264648 64.4612503051758 65.0584487915039
-3.4e+38 -3.4e+38 -3.4e+38 -3.4e+38 -3.4e+38 -3.4e+38 -3.4e+38 -3.4e+38 -3.4e+38 58.9019775390625 59.2464332580566 59.1273612976074 59.4649085998535 59.9993133544922 59.6957130432129 59.8219604492188 59.672794342041 60.3178100585938 60.9875373840332 60.8154373168945 60.8059692382812 61.1363754272461 61.4369659423828 61.4464073181152 61.3816413879395 61.8250885009766 62.1156959533691 61.538646697998 62.5176734924316 62.3543739318848 62.8295211791992 62.601318359375 62.6643333435059 62.9408569335938 63.0446472167969 63.3846321105957 63.5243530273438 63.7436561584473 63.8214340209961 63.5332908630371 63.7025489807129 64.6012268066406 64.52099609375 64.0822830200195 64.4028854370117 64.6918563842773 65.2335205078125 65.1895370483398 65.2279586791992
-3.4e+38 -3.4e+38 -3.4e+38 -3.4e+38 -3.4e+38 -3.4e+38 -3.4e+38 -3.4e+38 58.6570625305176 58.6098442077637 59.0704040527344 59.2294731140137 59.6003227233887 59.7405815124512 59.7934188842773 60.0871734619141 59.9447212219238 60.4550743103027 60.9241180419922 60.7290306091309 61.0546913146973 61.355094909668 61.5290641784668 61.5386962890625 62.132007598877 61.7240791320801 61.634651184082 61.5936126708984 62.3357009887695 62.7282867431641 63.2092094421387 62.7119483947754 62.7728881835938 63.3616333007812 63.5207138061523 63.834171295166 63.7029190063477 64.1025619506836 64.1034851074219 63.9752616882324 63.782413482666 64.6323547363281 64.2698364257812 64.2994918823242 65.0047912597656 64.9295272827148 64.852897644043 65.4074783325195 65.2370147705078
-3.4e+38 -3.4e+38 -3.4e+38 -3.4e+38 -3.4e+38 57.4150619506836 57.7693367004395 58.5419273376465 -3.4e+38 58.7866821289062 59.0921325683594 58.9572868347168 59.4366912841797 59.7550621032715 60.0207252502441 60.333381652832 60.3237915039062 -3.4e+38 -3.4e+38 60.7768707275391 61.2725410461426 61.5563888549805 61.9047966003418 61.4299201965332 -3.4e+38 61.4366226196289 61.5815887451172 61.9009399414062 62.3728332519531 62.4638900756836 62.8175239562988 62.703296661377 62.8114013671875 63.5312576293945 63.6234283447266 63.7828788757324 63.5698699951172 64.0474700927734 63.940055847168 63.9730682373047 63.9456672668457 64.6755676269531 64.8000335693359 64.5679168701172 65.1458282470703 65.1621856689453 64.6288528442383 65.1106338500977 65.1210708618164
-3.4e+38 -3.4e+38 -3.4e+38 -3.4e+38 57.6588363647461 -3.4e+38 58.1020240783691 58.3166046142578 58.4905624389648 59.0522422790527 58.8437271118164 58.8885231018066 59.7215309143066 59.9548454284668 60.2415618896484 60.2760620117188 60.4771957397461 60.5207176208496 60.7360649108887 60.8803558349609 61.408634185791 61.6909942626953 62.1347694396973 61.3766098022461 -3.4e+38 -3.4e+38 62.2755737304688 62.2915954589844 62.3532409667969 62.3271331787109 62.7613563537598 62.8657035827637 63.2406845092773 63.6789932250977 63.3513298034668 63.6103477478027 63.995979309082 63.5987586975098 64.1320343017578 64.0558242797852 64.2602996826172 65.0386352539062 64.9948196411133 65.2336654663086 65.2062759399414 65.3550186157227 64.7994079589844 65.1110992431641 65.0730438232422
-3.4e+38 -3.4e+38 -3.4e+38 -3.4e+38 57.5792503356934 58.0286750793457 58.4188766479492 58.4803314208984 58.8339653015137 58.8300590515137 58.8607444763184 59.2373542785645 59.9594650268555 60.1524429321289 60.1839714050293 60.7980041503906 60.3393974304199 60.7317161560059 60.9393424987793 61.2182388305664 61.6319389343262 61.2292518615723 61.779914855957 61.7211456298828 61.5990982055664 61.9226417541504 -3.4e+38 62.8476066589355 62.4109764099121 62.6375427246094 62.9251518249512 63.3854598999023 63.4744644165039 63.9084739685059 63.2171211242676 63.2814254760742 63.8470764160156 64.052490234375 64.0210342407227 64.4642333984375 64.7161026000977 65.2484893798828 64.6467971801758 64.783088684082 64.8568267822266 65.616569519043 64.9950180053711 65.0899963378906 65.2366256713867
-3.4e+38 57.7615432739258 58.1293067932129 57.4984092712402 57.8116912841797 58.321174621582 58.2191467285156 58.7092208862305 58.7140159606934 58.7924690246582 59.0502967834473 59.6263542175293 59.7668724060059 60.0856170654297 60.389591217041 60.853931427002 60.207649230957 60.6668281555176 61.2034034729004 61.2861518859863 61.226879119873 61.4258804321289 61.6276969909668 61.9596138000488 62.1802215576172 62.0927352905273 62.4969062805176 62.5692977905273 62.6071624755859 62.8375358581543 63.3386192321777 63.6931343078613 63.1268501281738 64.0218353271484 63.4458503723145 63.5862884521484 64.0003890991211 64.4287109375 64.4275817871094 64.7997589111328 65.0964126586914 65.5036239624023 65.2863540649414 64.719108581543 64.7002639770508 65.2518844604492 65.0987319946289 65.1309127807617 65.6290130615234
57.1428489685059 57.9345664978027 57.9768447875977 57.7117004394531 58.2684745788574 58.1910362243652 58.3093070983887 58.5363349914551 58.7597579956055 58.9620361328125 59.4286041259766 59.685245513916 59.8109283447266 60.2355690002441 60.7512130737305 60.9795112609863 60.4324531555176 60.6332817077637 61.2540321350098 61.089298248291 61.1956214904785 61.9112510681152 61.9340972900391 62.3389205932617 62.2692604064941 62.4268913269043 62.5655670166016 62.1417808532715 62.5300941467285 63.5414581298828 63.5680770874023 63.1826019287109 63.0457954406738 63.7744750976562 63.7304534912109 63.9781150817871 64.210334777832 64.3351821899414 64.6785583496094 64.8896331787109 64.2947311401367 65.0464782714844 65.3309936523438 65.2185363769531 64.900634765625 65.0542373657227 65.3388061523438 65.4356155395508 65.8326950073242
57.8203430175781 57.9439964294434 58.25146484375 58.2127418518066 58.1835556030273 58.1229095458984 58.3983535766602 58.709644317627 58.9570732116699 58.9129028320312 59.3794403076172 59.7997894287109 60.0034637451172 60.6342506408691 60.9374313354492 60.9389266967773 61.0990715026855 60.9512977600098 61.3228607177734 62.0484657287598 61.4594268798828 61.9932861328125 61.7801856994629 62.7391929626465 62.8143577575684 62.7853088378906 62.3080940246582 62.2741813659668 62.5817680358887 63.3739891052246 63.6033363342285 63.2599716186523 63.3039855957031 63.5926971435547 63.6462364196777 64.0883407592773 64.5515213012695 64.3213272094727 64.4806747436523 64.6329727172852 63.942928314209 65.0321426391602 65.2471466064453 65.1344604492188 65.1533508300781 65.3697280883789 65.0338592529297 65.5269012451172 65.8208541870117
57.9897384643555 58.191276550293 58.3989372253418 58.1072959899902 58.1780700683594 58.3322563171387 58.3099822998047 58.9541168212891 58.7887382507324 59.1836624145508 59.6376266479492 59.6265411376953 59.8197441101074 60.8358192443848 60.8484725952148 61.0802001953125 60.6667213439941 61.0741271972656 61.233283996582 62.3093032836914 61.8941116333008 62.0965423583984 61.884449005127 62.3578910827637 62.5646209716797 62.6356430053711 62.6983261108398 62.9245529174805 62.8659286499023 63.0734901428223 63.4358787536621 63.2165298461914 63.4791641235352 63.7995414733887 63.9879531860352 63.9593620300293 64.3361587524414 64.0532073974609 63.9945907592773 64.6863479614258 64.5564880371094 65.0384063720703 65.4654922485352 65.1078567504883 65.3822174072266 65.473518371582 65.0446929931641 65.3141937255859 65.5436630249023
57.8999443054199 58.1729431152344 58.4250068664551 58.1705360412598 58.3514556884766 58.3081855773926 58.5324401855469 58.7753486633301 59.0146980285645 59.5099449157715 59.5960083007812 59.6089019775391 60.5352516174316 60.3846397399902 60.4956245422363 60.5484771728516 61.1790199279785 61.203483581543 61.4798355102539 61.9860343933105 62.1208763122559 62.337100982666 62.2716979980469 62.1967430114746 62.3289985656738 62.6816711425781 63.0559349060059 63.461799621582 63.1356544494629 63.2665481567383 63.5107421875 63.4294395446777 63.7380218505859 64.1703186035156 64.1556396484375 64.2780151367188 64.1095657348633 64.2822265625 64.3911437988281 64.78173828125 65.1811065673828 65.1679992675781 65.8219680786133 65.0528869628906 65.0054244995117 65.1552276611328 65.2535095214844 65.3981246948242 65.5314865112305
58.0687866210938 58.3541946411133 58.5224914550781 58.4279022216797 58.7406806945801 59.0442085266113 58.6694526672363 59.0698051452637 59.462833404541 59.4847221374512 59.6632881164551 60.5710525512695 60.4389801025391 60.9883651733398 60.8658142089844 61.4746704101562 61.1557540893555 61.1139068603516 61.7900886535645 61.5308647155762 62.0268669128418 62.4003486633301 62.223934173584 62.4585762023926 62.5665321350098 -3.4e+38 62.7816543579102 63.1027565002441 62.9834442138672 63.2182006835938 63.923469543457 64.035530090332 64.0991592407227 64.1141815185547 63.9504623413086 64.301643371582 63.9601249694824 64.2173004150391 64.618896484375 64.52880859375 64.8752212524414 64.8265075683594 65.0836410522461 64.8520278930664 65.0529632568359 65.3349685668945 65.61962890625 65.7099685668945 65.850715637207
58.3472480773926 58.5214385986328 58.5755462646484 58.891960144043 58.8291702270508 59.0872459411621 58.7534027099609 59.3003234863281 59.4778366088867 59.6373329162598 59.4876098632812 61.0764465332031 60.4624557495117 60.9543609619141 60.7672309875488 61.2242393493652 61.193977355957 61.6754684448242 61.8825759887695 61.6724586486816 62.1463775634766 62.1586265563965 62.2638244628906 62.5224304199219 62.7144813537598 62.9042625427246 62.7483863830566 63.0997200012207 63.2045097351074 63.6586380004883 63.9825096130371 64.2490539550781 64.3083114624023 64.464111328125 63.9429016113281 63.9441452026367 64.5989761352539 64.8637008666992 65.1209335327148 64.9123687744141 64.7610397338867 65.1655426025391 64.7532348632812 65.0118026733398 65.328727722168 65.6839141845703 66.0130844116211 66.0790786743164 65.9079437255859
58.817928314209 59.0716667175293 58.9597320556641 59.0374603271484 59.2329521179199 59.5162315368652 59.863697052002 59.1792106628418 59.4730567932129 59.6915626525879 60.581169128418 60.5579986572266 61.3779106140137 61.5995063781738 61.1863059997559 61.5745162963867 61.1811561584473 61.7304534912109 61.9898262023926 62.6104888916016 62.2386245727539 62.5020523071289 63.1771507263184 62.802375793457 62.6797523498535 63.0530624389648 63.390380859375 63.4939651489258 63.2932281494141 64.3171997070312 63.595817565918 63.7869567871094 63.9211616516113 64.2072982788086 64.3994979858398 64.6540298461914 65.1284790039062 64.8360137939453 64.6145477294922 65.0064315795898 64.9556655883789 65.5296249389648 65.8352813720703 65.8085632324219 66.0399169921875 65.4465560913086 66.2982177734375 66.1457290649414 66.1500854492188
59.1526756286621 58.8998947143555 59.0346450805664 59.2939796447754 59.6184501647949 59.6477966308594 60.0083923339844 59.3151931762695 59.6412391662598 60.4360122680664 60.643009185791 60.4565887451172 61.3429527282715 61.5195999145508 61.5148391723633 61.8352890014648 61.9541664123535 61.4866676330566 61.9532852172852 62.8331604003906 62.0239295959473 62.6329765319824 62.6747055053711 62.7884635925293 63.0695915222168 63.282112121582 63.6613121032715 63.7640037536621 64.0145721435547 63.9877281188965 63.5157432556152 64.0034484863281 64.3014907836914 64.6260604858398 64.310676574707 64.3103332519531 64.8214950561523 64.6557540893555 64.5270843505859 65.2902526855469 65.183723449707 65.4001159667969 65.4128189086914 65.8138656616211 65.9975662231445 65.4452362060547 65.904426574707 66.0771179199219 66.3925552368164
58.9828910827637 59.0780715942383 59.0420951843262 59.3771362304688 59.7463111877441 59.8771324157715 59.8613052368164 59.6443061828613 -3.4e+38 -3.4e+38 60.8647994995117 60.6959075927734 61.1665191650391 61.0969314575195 61.7482452392578 61.7651557922363 62.229679107666 62.1846809387207 62.4110641479492 62.8107032775879 62.7430419921875 63.0257835388184 62.4795684814453 62.9169578552246 63.2461433410645 63.5891609191895 63.4028930664062 -3.4e+38 63.8104820251465 -3.4e+38 63.7834930419922 64.1677780151367 64.3688201904297 64.8215179443359 64.1343231201172 64.0768585205078 64.8033218383789 64.9282989501953 -3.4e+38 65.1952743530273 65.8085021972656 65.2220230102539 65.6822891235352 65.592414855957 65.925895690918 65.761962890625 66.1591796875 66.4049835205078 66.540168762207
58.8390235900879 59.1783599853516 59.2919273376465 59.5904350280762 59.8951072692871 59.8376197814941 59.8720092773438 -3.4e+38 -3.4e+38 -3.4e+38 60.7479476928711 61.0714416503906 61.3427429199219 61.289966583252 62.0484428405762 61.7111396789551 62.4094390869141 62.3642921447754 62.3615455627441 62.6679420471191 63.2292404174805 62.6838035583496 63.111255645752 63.1761169433594 63.5385513305664 63.9102096557617 63.0907821655273 64.2114105224609 63.3507080078125 63.8467597961426 64.0567474365234 64.4414901733398 64.6435699462891 64.5738906860352 64.4813003540039 64.1543426513672 65.0091171264648 65.285530090332 64.9505767822266 65.2484664916992 65.8895568847656 65.3909072875977 66.2320938110352 65.8044052124023 -3.4e+38 66.268180847168 66.5444183349609 66.7043762207031 66.5586318969727
59.0910453796387 59.33251953125 59.5917472839355 59.9344787597656 59.8372764587402 59.8712043762207 -3.4e+38 -3.4e+38 -3.4e+38 -3.4e+38 60.8442840576172 61.4242897033691 61.4356498718262 61.2712860107422 61.6589050292969 62.1962547302246 62.2524185180664 62.3004455566406 62.1083335876465 62.4116325378418 62.9929237365723 62.6081161499023 62.8536033630371 63.4902954101562 63.8981895446777 64.1957092285156 63.3136444091797 63.9989013671875 63.7186965942383 63.985164642334 63.9440155029297 64.0920562744141 64.4710311889648 64.6794662475586 64.7928771972656 64.9189682006836 64.7767486572266 65.3171234130859 64.5813827514648 65.6265869140625 65.4441986083984 66.0864410400391 66.1538696289062 65.9916000366211 65.7386093139648 66.5333557128906 65.9897613525391 66.2264938354492 66.5131530761719
59.3973808288574 59.6557350158691 60.0599937438965 59.9833755493164 60.1176834106445 60.2869873046875 -3.4e+38 -3.4e+38 -3.4e+38 -3.4e+38 60.7412109375 61.5384750366211 61.3316993713379 61.5697326660156 61.712230682373 62.284740447998 62.0845222473145 62.1805152893066 62.453426361084 62.7149353027344 63.1521530151367 62.8670120239258 63.1290550231934 63.7354927062988 63.2601470947266 63.7223930358887 63.6651039123535 63.7945327758789 63.8707237243652 64.6806716918945 63.735595703125 63.9936408996582 64.4698257446289 65.0683898925781 65.1193771362305 65.1126556396484 65.064208984375 65.2522735595703 64.8748474121094 65.2548751831055 65.5378875732422 66.2611236572266 66.1532363891602 65.6659927368164 65.6243743896484 66.3049697875977 65.8293914794922 65.920036315918 66.6355590820312
59.864616394043 60.2117576599121 60.2750854492188 60.2900657653809 60.1216163635254 60.3085136413574 60.5704727172852 -3.4e+38 60.9017677307129 -3.4e+38 61.2369041442871 61.853931427002 61.6532821655273 61.792781829834 61.9475555419922 62.1181907653809 62.3513107299805 62.253849029541 62.7548141479492 62.9473991394043 63.0088539123535 63.2931518554688 63.6161842346191 63.1987419128418 63.3402404785156 63.7344665527344 64.0274887084961 63.8055725097656 64.0246200561523 64.8499526977539 63.8867797851562 64.1955337524414 64.8088226318359 65.3587799072266 65.3809204101562 65.2896270751953 65.1587677001953 65.0187225341797 65.0719680786133 65.6217880249023 65.7112884521484 65.8246154785156 66.0417785644531 65.6644134521484 65.9010162353516 66.2279510498047 66.2155685424805 66.4010620117188 66.9214782714844
