rcp8.5models/GFDL_CM3/sc1gr0.7
NCOLS 261 
NROWS 433 
XLLCORNER 336357.134 
YLLCORNER 654653.479 
CELLSIZE 1000 
NODATA_value -9999 
[rows 352 to 373 of 433, columns 50 to 99 of 261]
70.2684431246893 70.297576036996 70.5171336642006 70.7089877157826 70.863525932394 71.1812342441692 71.5217579267993 71.6711906043375 71.9473117251773 72.2027698937576 72.224338567327 72.453032714417 72.7698985876392 73.0095979474014 73.262478566446 73.4959628283231 73.6865394746366 74.5725346743927 74.5852481098013 74.7270244620549 74.964246368926 75.2302302998303 75.5367687318865 75.6833798117459 76.3440360832504 76.6414347571733 76.9473922623475 77.4049357391665 77.7721015028692 78.3264780383942 78.913249294289 79.3422028033903 79.7181075203115 79.8642052854822 79.940731089816 79.8988741407318 80.0524599878712 80.335862474426 80.5469307163334 80.9769596167172 81.1519681458158 81.478447988572 81.7648422201551 81.9228751578759 82.1008117770886 82.2071599542996 82.3852854817407 82.7109225496468 82.7508040566752 82.809415253081
70.0807536168853 70.1505019319498 70.4037047366566 70.5729237288805 70.6830715167181 70.9024967906137 71.3827465610251 71.6075606433697 71.7887711867357 72.0067615876146 72.1450393868511 72.3913858026825 72.6774670707686 72.9001392203443 73.155748710656 73.3095692374593 73.446510714622 74.0419321817334 74.2116007411734 74.4698392606452 74.6557039285949 75.0337115360074 75.3257693388466 75.3626168076655 75.6986295826746 76.0690380337921 76.2521699733883 76.5827738991264 77.6413727049173 78.1532697612417 78.5954330669135 78.8735104429656 79.2530107853823 79.5599764497178 79.7282142492215 79.8080907381901 79.900689047298 80.0237195928114 80.2676024027122 80.7773448285563 80.9711328547732 81.3150282869002 81.5036071696852 81.7150766061329 81.9680312628577 81.8961257213937 81.8785019449459 82.1683218318201 82.3681106197764 82.4519415579643
69.7908380101585 69.9289056602473 70.1835233984971 70.3836569812273 70.5967859023674 70.77854802943 71.1260861681997 71.3655827263741 71.4962158838167 71.6534271677936 71.975186167107 72.1816576654744 72.3444515775533 72.626132307919 72.9134196241913 73.1454759597402 73.3055864469536 73.8192532599819 74.046946345436 74.1221369551115 74.3438447645776 74.7010424860502 75.234527451103 75.4907014326327 75.5076584283366 75.6125817792472 75.9965745761948 76.4044755635172 77.6056833401107 78.128322488364 78.2584167695926 78.497292914077 78.9433299189381 79.2373768346194 79.5060303245003 79.7913888887327 79.8608360180026 79.7704558746042 80.0290991428517 80.3422891715372 81.0756977829416 81.0159204396063 81.0397718112603 81.0949622210615 81.4200126140702 81.6045195699159 81.5444066787589 81.7601700722701 82.0677016069277 82.0581371180431
69.6049473270685 69.7008173007071 69.93235678417 70.2102099014413 70.3806477578232 70.5702036869196 70.9138780224134 71.1401157577114 71.2855206149323 71.4107617448121 71.7663440712581 72.0130029121539 72.0930360833513 72.2874284237173 72.6441141187666 72.955713868777 73.0852224328889 73.8962608444427 73.9451225901828 73.8737315583567 74.1919909690639 74.3901346273132 74.9380791602712 75.3235554139995 75.2590025457696 75.2717360082324 75.720545088605 76.0368308757054 76.8070033530902 77.640463936162 77.7405650050141 77.6994351511901 78.2637532288784 78.6202345195461 79.1926309284704 79.6342559465208 79.7128617864056 79.6384805363563 79.7086516526021 80.0230272886357 81.1181471733868 80.9798572331243 80.7262576991078 80.7405008543751 81.0246994249684 81.3631673778538 81.4006353448181 81.5185318645911 81.718821869808 81.6805882476278
69.4503516613932 69.6339855030302 69.8189047319388 70.0175160785895 70.2911641346744 70.5572313752649 70.7464256188873 71.045651170095 71.224422237012 71.3623754272771 71.518634931902 71.8180368015734 72.0365707739929 72.1881478972799 72.6174027383462 72.8581708018014 73.0262553180022 73.7714828731444 73.7688143785285 73.6622176346906 74.1273080452539 74.6474612069404 74.7921847112459 74.8061604163146 75.0344706832724 75.134614297383 75.3003697366027 75.5682335061003 76.2828653852794 77.0084383458078 77.5368981226738 77.7471214530145 78.1070255570729 78.3475968555422 78.673593737863 79.0784533743465 79.3839975602964 79.5197561917426 79.4961217820583 79.6438739560683 80.4953645452888 80.8503114265778 80.6311378503983 80.5570860401707 80.7985451835109 80.9470411664553 80.958867081588 81.1708430471639 81.3357108185792 81.2196932426433
69.3073915869183 69.5594523522592 69.6861348944615 69.7536299751859 70.030558706994 70.4379499619674 70.5764706050752 70.8007421425057 70.9667565638305 71.1149536800197 71.253304476705 71.6222566941457 72.2623986446825 72.3364830966954 72.4389105782837 72.8711220082002 73.0045096630891 73.4492993608343 73.5598317622297 73.6213723510342 73.8792377155738 74.8835317487931 74.9454465594143 74.638445230388 75.3490688080632 75.3810392146557 75.0643405525497 75.2872677062571 75.8799203608866 76.7223262465148 77.6376766163824 78.0703839504539 78.2012792089841 78.2070094838293 78.3930302600881 78.6911911195123 78.965903002344 79.1802878071712 79.2493791284881 79.3088109364756 79.8536312168859 80.4499603585773 80.6107410338717 80.3211618272497 80.457419854086 80.6215943250162 80.5270092790373 80.743884516352 80.9046195380447 80.8068306149181
69.1870892065565 69.4223973892998 69.6339048521232 69.6435735212564 69.7663319297218 70.082051818177 70.4312880897512 70.624971501232 70.6617725371007 70.7870058870744 71.3224624273409 71.664975320957 71.9532104966865 72.5542740318424 72.7858067304552 73.0422745311068 73.1605943763568 73.2818080728172 73.1166871559172 73.6175320821275 73.7485591171556 74.6608017689903 74.7587410515953 74.5616418737684 75.2470213614396 75.0791771947061 74.8498082014516 75.0846968016047 75.4663010279495 76.054780389248 77.2275425735035 77.9384793567188 77.9503035149898 77.995586620015 78.2496849509839 78.496081654421 78.7309487011017 78.9911343987098 79.0755605381147 79.1259856543166 79.4406092610328 79.9978493727816 80.5849103977722 80.3714023203203 80.1403067583558 80.2650297087673 80.2709725344654 80.343081227112 80.4835471407491 80.5009565881766
69.1112075168203 69.227423046493 69.3968955431696 69.5359435347591 69.5732271153444 69.972255721136 70.2992624695651 70.4172911262064 70.5216709734892 70.58471202496 71.3713994897852 72.1622276563985 71.7872273577928 72.4351140027722 73.1807231358622 73.2448726094434 73.2678788064838 72.7034298477502 72.6387605607618 73.1051166984084 73.3783288136989 73.8081154031542 74.0227977125699 74.1514296592271 74.9187744045384 75.3114123751349 74.9725368688673 74.8052805522089 75.1836180331142 75.354899462139 76.4527549177065 77.5436359897507 77.7201281222525 77.8489874761183 78.0381231246997 78.1875311680176 78.512953706291 78.8771143675639 78.9081218891264 78.952449157025 79.2267943141417 79.4236070471085 79.8619333383651 80.0052710838047 80.0216154894459 79.9844798582061 79.9905166449714 80.1387395196922 80.1886579352688 80.2272559271884
68.6014524246508 68.7769683134672 69.0493084457304 69.300751528679 69.3863130609055 69.6653060621288 69.7547091158972 70.0001391734876 70.4605709477325 70.9980097710225 71.375242519327 71.6574967838064 71.8808124780027 72.1278109752104 72.6990372717873 72.9240846867743 72.7227643938395 73.2078608183619 72.7388330790819 72.6992775488104 72.8645235014527 73.4954973057957 73.6501428185042 74.2378699242795 74.7691280277232 74.8146880027552 74.8320636823669 74.6021376681193 74.7367394151836 74.9456526407343 75.4783661958856 76.3016266766174 76.7843497154272 76.9709257964818 77.3181285298239 77.6863975772117 77.8102973945747 78.0391221190757 78.4094501347514 78.4763987123594 78.6995780115343 78.6327068532183 78.8309911617793 79.0048916447565 79.1877140563113 79.4230711710421 79.5750619081176 79.6413127022434 79.5584516162451 79.5097009784878
68.4134720411684 68.6418912692104 68.8177423010248 69.0545378275177 69.221243673547 69.4550993460729 69.4616936974192 69.6304343160398 70.070744054977 70.7865074950421 71.1203738701759 71.3424626681546 71.4955888156683 71.9572494481579 71.911482830142 72.0409944166865 72.6624402795132 72.8056345931762 72.6211489785337 72.496860458587 72.6165438190869 73.1466664491875 73.2745739392914 73.7226705890396 74.1145681519477 74.4679008054898 74.8324766637081 74.3871199703359 74.4377411127925 74.5973553830692 74.9134862936618 75.4515760920608 76.181784552334 76.688516609907 76.9314058971299 77.3805894991475 77.6293763579974 77.8551405848956 78.2231076669596 78.3642817907685 78.3937909248886 78.4899798858469 78.5376055440279 78.7340852198165 78.8859912773482 78.9700294198713 79.1398923941344 79.4292204129611 79.5504453769012 79.3660253102043
68.2072160398436 68.3841877299119 68.5431880928566 68.838515674074 68.9878349683011 69.1304475026621 69.2627429646849 69.4789565438453 69.8814217918783 70.4459483589174 70.7387206228542 71.2765749762152 71.481817132374 71.7795847925542 71.473380384825 71.5269151816022 72.0399842066906 71.9268231456034 72.0463597459157 72.1581977990843 72.2480758526525 72.4694830971727 72.8573795624029 73.069829542436 73.5388994483228 74.2593909819632 74.4142500260578 74.2020257554786 74.0498072876903 74.3980450756154 74.5657769977887 74.7127684579379 75.5494106109525 76.420950788795 76.7835625311179 77.1111481612271 77.369546427571 77.6468598078742 77.9654334199209 78.1374150453485 78.0610986911933 78.2896027840029 78.3026438620082 78.4846580996583 78.7062285988183 78.7640610740121 78.7028482914605 78.7590053029386 79.1001683823894 79.410821164159
68.0321332010183 68.1173258216757 68.2759786421786 68.4769518231772 68.7237329391461 68.8721541470193 69.0787646887461 69.3726218502382 69.7825685951985 70.0412669267043 70.3943608471057 71.1263371690532 71.6001869452697 71.6408374584322 71.4837244519669 71.3800359209497 71.5570764351421 71.5095363624186 71.518221622042 71.7537925628553 71.8678050315562 72.4079543231804 72.9290722806955 72.8497993811131 73.2951142605117 74.1042831310226 73.9010935927953 73.6775329722669 73.5861779810958 74.0814513128232 74.4819840799063 74.4568237961597 74.643726603892 75.3204238015324 76.0992371118532 76.6944103848297 77.0729743905391 77.2521563241536 77.4905301006164 77.6680769779757 77.78509381184 77.8880159561936 77.9562237346885 78.0465444867236 78.3977693783482 78.7085766107786 78.5459057915285 78.332447541657 78.5074306240405 78.9901224718753
67.8270333803368 67.8757827339679 68.0774657995035 68.2340984926449 68.4581853065448 68.5601294135391 68.8902712820391 69.1082626377628 69.5704916018518 69.8007730309228 70.3516117439604 70.726529036633 71.1047717087627 70.983585918886 71.1546096273088 70.950272582677 71.2029054870596 71.3193907652258 71.3344990231975 71.5766539774934 71.6172292499606 72.0800764697018 72.7403193037785 72.92568574927 73.2643553396554 73.8245159096325 73.4260133556507 73.0904981057904 73.486039901216 73.525433371514 74.0454464015072 74.2331127614511 74.0814357741084 74.8621184886129 75.5600268889343 75.9868974966124 76.498349158028 76.7802768515018 77.0300288456081 77.2933698258736 77.5187500818577 77.5005764311886 77.5607748959039 77.5988860633463 77.8966513018797 78.2500295393506 78.3135543558218 78.2117735664661 78.1958042559335 78.3877217366043
67.6325482162689 67.6442590229015 67.9056731656504 68.0848816778702 68.2483179554633 68.3136957371258 68.727925526188 68.9990556296259 69.2343088565041 69.5238266256929 70.2449489973013 70.4596499636787 70.244810723096 69.9777942086651 70.2592658862569 70.4289766567328 70.7987523873177 70.7987906508735 71.0267947178427 71.2911212580737 71.6651319652152 71.7584570064209 71.9116882538313 72.2049099887729 73.0999635119697 73.5989548344751 73.169062422605 72.8351339769916 73.6884318201956 73.4738107914598 73.5356538159512 73.9807042195243 74.0266821222597 74.6491831122191 75.3468130594888 75.6983757210081 75.9831521449811 76.3316925380775 76.6577072070934 76.8376191380536 77.076129019876 77.1879085249533 77.2747657247261 77.3542187437157 77.4539898864159 77.5831003733803 77.8668340027539 77.9401950043255 77.8743947241426 78.0430295782357
-9999 67.5143910639511 67.648653070374 67.8620727651441 68.0857678144415 68.1318928843486 68.5726964749069 68.7464826284132 68.9217195874069 69.0679747661747 69.4267416765267 69.8506146398165 69.8451961459151 69.5858457584276 69.6757559630881 70.0033744256839 70.2779793690356 70.5088934979283 70.829409015411 70.9656512600544 71.3687364293644 71.4368768490132 71.4233449344793 71.8088866181073 72.4483174191063 72.923373592597 72.8563345538881 72.6433650537557 73.1368745330291 73.1732768735684 73.2088343094936 73.6599938486189 73.9876592905029 74.1481750859998 74.9985283418214 75.717934953311 75.619041276754 76.018115415212 76.6011003320744 76.6357989769018 76.7816061168251 77.0045341965393 76.9542821695706 77.0069481852888 76.9859217801439 77.0504757806875 77.328657415927 77.4386592678226 77.5234604223174 77.7190347398133
-9999 67.4122978168795 67.4852611633688 67.7578029697525 67.9205240577073 67.8667818023021 68.3006447928994 68.438245766947 68.5661769817936 68.7401762237352 68.8841942492389 69.2188397918877 69.3704241200336 69.3107288703823 69.385939368255 69.693062439697 69.930320160609 70.4469090653623 70.9521557692304 70.9605286005079 71.1025754965097 71.4160735760023 71.3204246801945 71.9982548950262 72.2925964154461 72.5232454254219 72.7730668745214 72.4671762842671 72.331592036721 72.4991403927535 72.7752942699731 73.1169520630429 73.5086210416619 73.8544503498733 74.4741208534725 75.3183119489302 75.6056653307279 75.8568580301778 76.3912331369145 76.6524859671047 76.6429037181751 76.8667677515238 76.6714384676262 76.6386096995681 76.6967994812672 76.7901289606232 76.9385160744363 77.0531661764716 77.1884950366012 77.3472190677325
-9999 67.2231693197388 67.3560437053451 67.5463663669583 67.5371798948803 67.5575472332243 68.0131719272217 68.1345711328939 68.156872992914 68.461504117903 68.7081478026496 68.7795733371621 68.9125379995547 69.0039552462717 69.1592979100863 69.3539427907367 69.5023675530116 70.3370650563879 71.0100722601148 71.055049879352 71.2343955703283 71.5952376486486 71.2122714038131 71.6064221684633 72.1829136334772 72.3178609448749 72.6238993518428 72.4751110014736 72.0887015287878 72.2152569426995 72.4029613548712 72.6000247260737 73.0885875450463 73.9921547073369 74.5475454566373 75.0785228236073 75.4420745706477 75.5658617747219 75.8680025925552 76.4636083401232 76.4247573819146 76.5467269086299 76.4662241012943 76.5289772690624 76.5928216937767 76.5472730606263 76.5819710898064 76.8318348819567 77.0808663387545 77.5549111714702
-9999 66.8322004046683 67.1185975966126 67.1511689321097 67.1705909684358 67.2960130860726 67.6501798122392 67.8304239456422 67.981743724996 68.1839687382455 68.797917734798 68.7007906997168 68.5944937390889 68.6954861955328 69.0364682383781 69.2278664331214 69.265080982746 70.0064444379444 70.87499322564 71.1408707713915 71.2209098340895 71.3949015020034 71.2287555853253 71.2731716292038 71.9115839660645 72.101572013992 72.305331509423 72.6881604921003 71.9817411196049 71.986335662845 72.125375761748 72.1982102919132 72.8086351570637 73.7852976675445 74.3760962973924 74.6674081887633 74.7923559006451 75.2336391994256 75.4879579434412 75.7849577791669 76.2697121735055 76.1833056773881 76.2438613368319 76.3942245498418 76.4916134932891 76.5120010081579 76.406312114525 76.4432982218857 76.7875414092691 77.832534596586
-9999 66.6890049713781 66.7275152619996 66.7666716434982 66.8698164062264 66.9914157240129 67.3509076118432 67.5799830161508 67.7802238919226 67.9077182901912 68.3545134190294 68.3935000148738 68.2881003419092 68.3938709512087 68.7096773097317 69.062806082014 69.2133757345071 69.4010471915398 70.1308240967565 70.8610660931997 71.1069882105673 70.8840129560338 70.7644343277113 70.9517566034493 71.4163263678816 71.3772291351288 71.7888676246076 72.818433766634 72.1100353469524 71.5923690326288 71.8032613274085 71.8155601603786 72.4806662254617 73.4057606179155 73.7415154681479 74.1310723799016 74.4631225066472 74.8136899320455 75.0639794057448 75.1536911402895 75.7599625004705 75.9309054031958 76.297822589572 76.3404797686334 76.350969678806 76.6145045710489 76.3049951329111 75.9943617219547 76.3706829717329 77.552841423372
-9999 66.1943608410444 66.2265267354934 66.2690498523142 66.4032845525055 66.5220786713631 66.8355008261039 66.9455104579916 67.1470576938039 67.2505150986517 67.4430380992073 67.6859417122528 67.8612206147757 67.8668252902807 68.0207469794606 68.0668621836239 68.3601974532013 68.6084169640324 68.973704045139 69.2560721076106 69.6194622042304 69.9382129923377 70.5204379305963 70.7777568206496 70.2174027203715 69.8676080620889 70.691789899196 71.7733558953285 72.2054148637318 71.2631385125621 71.1850311820848 71.3213529994257 71.4520916062591 72.0986431122514 72.6238482358168 73.0721812752982 73.4341892725558 73.6057811055645 73.9697843121066 74.2720432623982 75.0632911086299 75.9694019680892 76.132079128031 76.1285875315347 76.2209994113368 75.7654409704093 75.9892509069128 76.4351557378462 76.0944078683383 75.9790931676829
65.7978093762006 65.8658493954464 65.9391375372063 66.0596341859221 66.2394562485446 66.3964965996115 66.6275805417572 66.7909947539277 66.9982415455464 67.0378957358908 67.1525735316428 67.3395779975198 67.4462252125955 67.5542255683557 67.6982006548776 67.7030627910304 67.8564597235749 68.6504047267035 68.8256691115277 68.7858501003852 69.0016452696935 69.6866091019317 70.1672585157623 70.0046377499307 69.6442354182318 69.5414099635819 70.3901605777398 71.3883065987301 72.5653385827427 71.8785670363569 71.2657320135635 71.0970578997427 71.30355760685 71.6385031546528 71.9723915768299 72.5062733470854 72.9610521662633 73.0390175403901 73.0305819212708 73.2923311771838 74.5931271832161 75.2404052344059 75.6344223160533 75.6180855876438 76.0193667973584 75.815683495039 75.4656450160539 75.8105825916657 75.8427186616418 75.6204509678304
65.3999755947759 65.5245007761684 65.7916389467795 65.9396937613702 66.0110656823037 66.094148143204 66.2950572710654 66.5262392041498 66.7822834097746 66.6739682078836 66.672745945427 66.9452975516588 66.9870695620335 67.1565461535049 67.4417060579678 67.7472777035512 67.6288147747939 68.5036517719523 69.0314355121416 69.2650368534676 69.1352223922067 69.2488259836132 69.5378745626632 69.2438325165971 69.124880277991 69.2938065749917 69.8577001089434 71.1024884733502 72.5134304272506 72.3728420386804 71.2687813228988 70.4772325395407 70.5319105997895 71.0872913304908 71.6803655977895 71.9848289736916 72.2654750686102 72.3092420600032 72.3943972121487 72.7290857726613 74.2574124801664 74.4616356162439 74.980964518745 75.2673252855178 75.5643324601063 76.1649706805406 75.9702668846638 75.4895780906717 75.4832609572499 75.6205826192977
