rcp8.5models/GFDL_CM3/sc1gr9.26
NCOLS 261 
NROWS 433 
XLLCORNER 336357.134 
YLLCORNER 654653.479 
CELLSIZE 1000 
NODATA_value -3.4e+38 
[rows 352 to 373 of 433, columns 98 to 146 of 261]
633.75439453125 623.971374511719 599.486206054688 583.476684570312 620.635009765625 629.868408203125 606.13232421875 603.289428710938 597.496704101562 569.122253417969 558.291442871094 559.053588867188 554.350158691406 545.411499023438 537.263732910156 515.936584472656 495.172760009766 479.4013671875 460.171508789062 444.275573730469 422.268371582031 -3.4e+38 389.29931640625 359.053771972656 348.810180664062 338.667755126953 333.932373046875 343.648529052734 352.811676025391 353.837615966797 344.358581542969 333.022918701172 327.660308837891 322.619293212891 319.188629150391 314.659271240234 309.309356689453 300.379150390625 295.813751220703 291.261322021484 286.1826171875 281.771026611328 277.810546875 -3.4e+38 -3.4e+38 265.637634277344 260.557312011719 256.667144775391 243.800445556641
638.2548828125 632.626159667969 619.998474121094 570.267517089844 597.279663085938 617.743408203125 580.940307617188 556.533203125 572.7353515625 574.642517089844 559.031677246094 541.978515625 537.395690917969 535.728088378906 525.150329589844 524.543701171875 515.868530273438 494.897033691406 465.813842773438 444.950134277344 445.484832763672 456.853179931641 435.445098876953 393.853240966797 375.474060058594 356.786254882812 353.128326416016 352.609771728516 350.966247558594 350.799346923828 351.414123535156 336.817199707031 326.506713867188 322.705993652344 315.535583496094 311.434661865234 306.778503417969 298.602355957031 294.779418945312 289.678009033203 284.82275390625 280.860778808594 -3.4e+38 -3.4e+38 -3.4e+38 263.894287109375 259.849945068359 256.386016845703 243.799819946289
632.437622070312 635.500427246094 641.685729980469 592.797729492188 582.483032226562 582.885864257812 581.753784179688 560.631225585938 549.266052246094 563.216369628906 571.833068847656 556.662902832031 537.789184570312 524.047607421875 508.1455078125 507.445678710938 510.266265869141 498.710296630859 467.146545410156 450.758422851562 461.397674560547 460.938903808594 447.294464111328 430.930938720703 409.185974121094 389.850128173828 383.044342041016 383.194000244141 372.754638671875 364.387908935547 361.858459472656 348.202026367188 335.871124267578 327.302093505859 313.101440429688 308.104187011719 304.392364501953 298.858795166016 293.840637207031 289.22021484375 284.143737792969 279.151306152344 -3.4e+38 269.794586181641 266.171234130859 263.999755859375 261.479888916016 256.240234375 241.361923217773
616.160339355469 622.836730957031 638.576049804688 612.73583984375 582.764404296875 558.877136230469 575.386535644531 587.937927246094 576.639892578125 548.804626464844 535.615417480469 544.176025390625 547.473815917969 537.240173339844 502.778656005859 493.291809082031 488.145812988281 491.095977783203 484.902984619141 471.996307373047 463.840728759766 447.435485839844 442.583435058594 439.628753662109 423.167633056641 412.852203369141 395.955078125 394.556640625 379.474884033203 362.983947753906 356.310119628906 347.255889892578 337.945922851562 324.409271240234 312.175170898438 307.165313720703 302.827209472656 296.665588378906 290.560485839844 287.312652587891 282.771301269531 277.953094482422 273.410827636719 269.320953369141 267.403991699219 265.123657226562 261.779357910156 255.716323852539 239.75617980957
608.548400878906 597.981994628906 604.563659667969 614.446960449219 591.222106933594 557.937133789062 551.188842773438 563.283447265625 581.772338867188 564.616760253906 517.931823730469 488.758453369141 504.911956787109 534.934265136719 509.97265625 492.63525390625 478.835540771484 477.729919433594 478.351531982422 468.932647705078 452.982360839844 441.288848876953 434.504974365234 426.904632568359 414.960479736328 407.89892578125 394.84912109375 379.561737060547 363.592437744141 350.373657226562 342.445434570312 334.417999267578 331.230377197266 323.048583984375 313.455993652344 307.108856201172 302.4208984375 293.815063476562 288.862884521484 285.253997802734 280.419250488281 276.664489746094 272.794952392578 269.832458496094 266.977630615234 261.905914306641 257.133209228516 251.715728759766 239.550308227539
617.775756835938 598.465087890625 587.705078125 607.914184570312 590.605895996094 570.956359863281 571.319274902344 558.182006835938 550.607177734375 564.579223632812 549.305725097656 512.873046875 506.508392333984 523.393371582031 518.07861328125 497.582611083984 485.842224121094 479.630462646484 470.874969482422 460.465667724609 447.950225830078 437.270050048828 426.251892089844 415.976257324219 405.974975585938 397.703002929688 390.641723632812 376.933471679688 366.620727539062 353.120971679688 338.000793457031 331.372283935547 327.817443847656 324.345581054688 317.072204589844 308.76806640625 302.214141845703 294.950164794922 288.009216308594 283.473052978516 278.771179199219 274.772003173828 271.177337646484 267.671173095703 263.257873535156 257.723937988281 252.391860961914 247.536331176758 239.595581054688
629.255798339844 605.55322265625 585.492004394531 578.625061035156 570.91162109375 567.161743164062 573.716796875 555.599304199219 529.719421386719 539.155944824219 544.854919433594 547.703186035156 547.955749511719 532.893310546875 517.101257324219 499.404388427734 487.302368164062 478.610198974609 470.720977783203 463.358978271484 453.733795166016 437.849822998047 419.56787109375 412.890808105469 408.097137451172 401.689697265625 394.718719482422 386.483062744141 377.616821289062 357.854888916016 337.130950927734 334.905487060547 332.758575439453 324.111145019531 316.978668212891 308.219848632812 302.777618408203 295.556610107422 287.890197753906 282.961578369141 278.579071044922 274.111846923828 269.614135742188 264.869720458984 260.182769775391 255.499771118164 250.641021728516 245.572265625 237.682159423828
626.882202148438 612.579162597656 594.016662597656 562.974914550781 558.702270507812 548.679931640625 552.608703613281 555.4296875 538.016845703125 528.046508789062 518.923828125 526.488037109375 542.406372070312 536.590576171875 512.811584472656 497.21337890625 485.861785888672 474.461883544922 467.844055175781 466.475891113281 456.801574707031 436.254272460938 418.152069091797 413.019378662109 408.805938720703 407.039428710938 394.692932128906 384.750885009766 373.809967041016 355.068206787109 335.884674072266 336.974334716797 339.174926757812 326.300811767578 318.563934326172 312.066070556641 305.112396240234 292.428375244141 287.523315429688 283.415588378906 270.883911132812 261.220123291016 263.379638671875 251.870330810547 245.739028930664 244.628356933594 229.707672119141 223.68376159668 214.872039794922
623.195678710938 620.717102050781 616.208984375 597.227172851562 576.774230957031 557.2548828125 540.60498046875 549.020080566406 555.113037109375 542.646667480469 534.702270507812 527.511047363281 518.696350097656 503.722778320312 495.125305175781 486.024475097656 477.9345703125 463.400970458984 450.509002685547 439.594970703125 430.85107421875 422.042449951172 422.902984619141 422.692474365234 410.769287109375 397.290130615234 383.293182373047 378.043731689453 371.040069580078 359.974090576172 345.823303222656 340.453552246094 337.288970947266 330.487091064453 323.287048339844 313.86181640625 303.483520507812 290.301727294922 273.609100341797 257.933715820312 248.24609375 236.083862304688 226.997360229492 219.442031860352 213.031448364258 206.481948852539 199.822296142578 194.274658203125 184.520202636719
608.870178222656 614.278259277344 605.96435546875 605.825805664062 598.816833496094 583.020324707031 565.101379394531 551.356750488281 539.629577636719 539.053344726562 542.285034179688 539.61865234375 534.627990722656 519.064270019531 499.899230957031 485.161407470703 481.057830810547 473.612243652344 457.249420166016 443.673889160156 435.643707275391 426.503326416016 422.028228759766 418.296020507812 413.704772949219 403.911346435547 384.358917236328 376.048095703125 367.996612548828 357.539276123047 346.225616455078 334.978820800781 328.698547363281 327.995819091797 320.273040771484 313.178558349609 304.266876220703 292.327270507812 280.380889892578 266.666046142578 254.404830932617 237.445419311523 227.265899658203 220.409393310547 214.717025756836 206.467010498047 198.669525146484 192.232177734375 181.319366455078
615.854431152344 603.396911621094 599.613952636719 599.054992675781 593.5458984375 588.998718261719 580.992065429688 568.635131835938 554.847473144531 552.694030761719 551.311706542969 544.061462402344 532.760925292969 524.675842285156 506.166809082031 483.885681152344 473.867797851562 476.346527099609 462.933197021484 447.537292480469 440.175933837891 431.103576660156 423.505920410156 417.343963623047 410.758697509766 401.473480224609 384.354248046875 374.545532226562 365.676818847656 350.139984130859 341.42529296875 332.522613525391 319.992523193359 319.550933837891 314.763916015625 311.289306640625 305.232879638672 292.572021484375 285.692413330078 273.796051025391 254.687347412109 237.642150878906 226.730773925781 223.102478027344 217.907775878906 205.012481689453 197.841018676758 191.465301513672 179.446746826172
630.389587402344 609.919921875 588.771240234375 597.969360351562 591.995178222656 575.78564453125 557.691955566406 559.779663085938 562.629760742188 557.556274414062 547.427795410156 539.729614257812 530.201293945312 522.455505371094 504.577270507812 480.854553222656 467.709533691406 473.492553710938 465.352600097656 448.737060546875 438.075317382812 431.725372314453 424.033355712891 417.608856201172 408.994812011719 398.045166015625 382.293365478516 372.770935058594 360.321197509766 341.813140869141 330.468811035156 322.971801757812 310.958801269531 307.603240966797 310.089935302734 309.146209716797 303.795745849609 290.841186523438 279.424987792969 265.970642089844 251.550811767578 234.944808959961 225.49333190918 221.907470703125 215.028656005859 201.607009887695 195.217468261719 189.687026977539 177.404479980469
629.383972167969 620.62841796875 601.381103515625 589.818237304688 591.966735839844 572.492065429688 553.483703613281 546.361206054688 543.251403808594 545.51708984375 545.285827636719 536.698059082031 527.70361328125 519.230651855469 499.714599609375 485.395965576172 476.657623291016 473.416198730469 466.046905517578 451.382263183594 437.066925048828 427.684051513672 420.047882080078 415.884368896484 409.390533447266 399.551208496094 382.288787841797 373.508636474609 360.817474365234 343.057983398438 326.621673583984 314.771911621094 302.066192626953 296.682220458984 296.413757324219 299.268829345703 302.089630126953 290.3466796875 271.584014892578 250.366180419922 244.659194946289 233.255187988281 223.759338378906 216.974746704102 208.093612670898 199.07958984375 192.123901367188 186.097564697266 174.682769775391
625.727294921875 617.913879394531 610.831970214844 590.216369628906 589.520812988281 576.411254882812 564.594543457031 556.004577636719 537.124145507812 517.808166503906 524.00927734375 531.532958984375 524.203063964844 514.994079589844 494.128173828125 486.405609130859 482.218811035156 473.29296875 464.438171386719 452.532104492188 436.957214355469 425.157470703125 419.512481689453 413.255950927734 406.120574951172 398.506225585938 381.693359375 372.760437011719 363.966766357422 347.696014404297 329.290679931641 317.460601806641 302.014831542969 290.751586914062 282.139892578125 280.601867675781 286.296051025391 282.099792480469 260.617095947266 237.571853637695 235.218032836914 231.093490600586 219.533981323242 212.326141357422 203.467895507812 196.306747436523 188.78337097168 182.546432495117 171.963287353516
621.470642089844 614.092895507812 593.3212890625 586.238098144531 587.605590820312 577.710754394531 564.542236328125 558.445739746094 548.046813964844 526.041687011719 521.064697265625 525.062622070312 516.993774414062 508.830322265625 494.145690917969 485.573181152344 479.285461425781 471.076873779297 462.041534423828 451.009460449219 436.056579589844 424.569244384766 418.462036132812 409.682861328125 401.61572265625 394.089294433594 378.137268066406 369.443695068359 359.690246582031 345.509429931641 332.180877685547 322.217956542969 305.669311523438 290.859191894531 278.698822021484 270.093994140625 267.508453369141 266.942260742188 248.905517578125 233.505401611328 228.256011962891 223.348236083984 214.293640136719 207.430160522461 200.49430847168 193.585006713867 185.807083129883 180.068405151367 169.737640380859
618.0556640625 611.551086425781 590.484130859375 524.083435058594 545.007629394531 560.045837402344 555.080932617188 553.359558105469 550.766723632812 545.414916992188 536.381896972656 525.958923339844 511.426147460938 501.646118164062 493.662261962891 482.631713867188 474.106109619141 467.189819335938 459.668884277344 449.562835693359 437.313507080078 426.525665283203 416.999389648438 405.468414306641 395.689880371094 386.856903076172 372.600189208984 363.71435546875 352.539611816406 341.896057128906 331.068176269531 321.30517578125 306.94189453125 294.337615966797 281.742279052734 268.109710693359 260.653564453125 251.457595825195 240.601013183594 230.556625366211 223.00993347168 216.366928100586 209.641098022461 203.361221313477 197.054183959961 190.305160522461 183.406021118164 177.452285766602 168.371276855469
608.573913574219 587.989379882812 584.090454101562 520.262756347656 511.870300292969 508.289093017578 494.555877685547 492.310424804688 499.205993652344 506.108154296875 511.996887207031 518.498718261719 513.0029296875 501.248657226562 492.1845703125 481.926910400391 472.444610595703 464.061096191406 455.815490722656 447.652893066406 438.578216552734 429.056396484375 418.503814697266 406.771026611328 394.940582275391 382.597686767578 363.827178955078 354.919952392578 347.328582763672 339.251129150391 329.406555175781 319.357269287109 305.407257080078 296.872192382812 284.89013671875 268.044219970703 258.953918457031 241.733047485352 234.442413330078 227.192611694336 220.08024597168 213.047225952148 206.118453979492 200.111251831055 193.592971801758 186.882949829102 180.84114074707 175.000152587891 167.507125854492
603.327209472656 555.397766113281 534.138366699219 554.989807128906 538.864685058594 500.131256103516 449.202362060547 421.915283203125 422.435882568359 433.913909912109 441.701812744141 449.727752685547 468.607757568359 477.389526367188 478.374755859375 477.020629882812 469.923095703125 462.351135253906 453.54052734375 445.207489013672 436.839813232422 428.275482177734 419.558807373047 409.889373779297 398.396057128906 385.414489746094 358.088714599609 348.041229248047 341.079132080078 334.362548828125 326.357543945312 316.372924804688 303.789398193359 296.762573242188 285.189392089844 269.600708007812 263.110656738281 242.237442016602 233.122787475586 225.05859375 217.609786987305 210.72834777832 203.478408813477 196.972747802734 191.163513183594 185.250198364258 -3.4e+38 173.10481262207 166.687744140625
604.324035644531 550.571594238281 501.430969238281 534.905334472656 554.246948242188 540.738159179688 499.623229980469 452.265289306641 407.7197265625 395.903717041016 394.228179931641 389.702758789062 401.162963867188 409.866485595703 439.443939208984 450.499694824219 451.817932128906 451.452117919922 449.226928710938 442.633361816406 434.655609130859 426.439819335938 417.683258056641 408.928466796875 398.624969482422 387.286346435547 358.935394287109 349.433532714844 340.561431884766 330.445526123047 319.796264648438 310.111053466797 299.931701660156 294.394287109375 286.559478759766 273.678466796875 267.777954101562 243.435623168945 232.828231811523 224.113784790039 215.631408691406 208.503997802734 201.356979370117 194.525848388672 188.802932739258 183.347854614258 -3.4e+38 171.217926025391 164.689498901367
588.8017578125 584.643859863281 565.198486328125 480.356384277344 463.775848388672 512.500427246094 530.547973632812 527.294189453125 520.087219238281 507.737640380859 497.978820800781 490.694641113281 471.764831542969 433.584808349609 379.066955566406 356.365447998047 360.127319335938 376.594543457031 389.076721191406 392.802490234375 403.852661132812 418.739776611328 415.830657958984 407.763610839844 397.550842285156 386.964050292969 370.422119140625 362.299987792969 352.58349609375 345.274475097656 333.273193359375 317.789245605469 300.005187988281 284.026275634766 275.598693847656 266.620208740234 258.030883789062 248.352005004883 243.151275634766 226.667724609375 213.934799194336 205.792175292969 198.123260498047 192.352005004883 186.309799194336 179.57145690918 173.490203857422 -3.4e+38 160.406631469727
581.837951660156 583.465637207031 580.939147949219 522.19287109375 495.191589355469 502.722473144531 500.40283203125 499.521820068359 513.908630371094 518.249389648438 512.62548828125 507.24658203125 498.191467285156 481.478363037109 430.828735351562 387.355407714844 364.084289550781 356.447570800781 355.089385986328 355.281890869141 374.139129638672 404.014099121094 403.889984130859 390.715209960938 383.552551269531 379.732452392578 359.45458984375 359.169555664062 356.3564453125 350.783355712891 342.504760742188 331.288024902344 314.298553466797 297.922027587891 283.597991943359 264.538818359375 252.111679077148 255.740966796875 257.600891113281 237.590621948242 214.080520629883 203.62907409668 196.66242980957 190.965347290039 184.457412719727 178.088714599609 -3.4e+38 -3.4e+38 -3.4e+38
580.756164550781 571.169372558594 572.129699707031 556.453369140625 533.106628417969 507.709655761719 484.654052734375 472.763458251953 483.246887207031 505.114624023438 512.457092285156 505.937164306641 497.645172119141 487.366485595703 448.334289550781 420.282989501953 393.093994140625 373.566650390625 355.473480224609 348.608428955078 353.483612060547 359.138397216797 356.592010498047 347.258880615234 349.711120605469 351.761657714844 330.739349365234 335.17236328125 333.40234375 334.077484130859 338.965209960938 336.576599121094 327.851593017578 317.663452148438 303.143005371094 273.112213134766 245.686965942383 265.522796630859 272.652648925781 250.670349121094 218.188934326172 202.30078125 194.623443603516 188.457275390625 181.891815185547 175.805541992188 170.873626708984 -3.4e+38 -3.4e+38
