rcp8.5models/GFDL_CM3/sc1gr0.FIL
NCOLS 261 
NROWS 433 
XLLCORNER 336357.134 
YLLCORNER 654653.479 
CELLSIZE 1000 
NODATA_value -3.4e+38 
[rows 330 to 351 of 433, columns 196 to 244 of 261]
85.1878128051758 85.1404190063477 85.122917175293 84.8694534301758 84.2710418701172 83.8848648071289 83.6546096801758 85.0818176269531 85.7948455810547 86.66748046875 87.099494934082 83.9321060180664 82.9427108764648 82.8382415771484 82.7067642211914 82.1476440429688 81.7180252075195 81.4659957885742 81.1037979125977 80.7536239624023 80.4868698120117 80.3031692504883 79.8154754638672 79.7385864257812 79.5006790161133 79.2292251586914 79.0183639526367 78.719482421875 78.4408874511719 78.3550567626953 77.899040222168 77.7544479370117 77.6346588134766 77.4923248291016 77.7124099731445 77.3323364257812 77.0403442382812 76.9412689208984 76.7310104370117 76.6165771484375 76.4782943725586 76.0973052978516 75.8547592163086 75.5668106079102 75.3506469726562 75.3518676757812 74.9735336303711 74.8594436645508 74.7033920288086
84.9093170166016 84.6728286743164 84.6828460693359 84.9029922485352 84.5522308349609 83.8551864624023 83.5730056762695 83.7277145385742 83.7019577026367 83.9668960571289 84.1701507568359 82.8458557128906 82.9152450561523 82.8500671386719 82.5796661376953 82.0002822875977 81.6117477416992 81.2154846191406 80.8328857421875 80.5345077514648 80.5051879882812 80.4424133300781 80.0233764648438 79.8004837036133 79.5178909301758 79.2803726196289 78.9911117553711 78.7132110595703 78.5002365112305 78.5034942626953 78.0184020996094 77.7756271362305 77.6020889282227 77.7212905883789 77.7696533203125 77.4384918212891 77.1719284057617 77.0700378417969 77.0127563476562 76.7800598144531 76.6415710449219 76.1807327270508 76.033088684082 75.6530532836914 75.2822494506836 75.3212203979492 75.0696868896484 74.8906402587891 74.6925201416016
84.6771240234375 84.4212493896484 84.6536026000977 85.0596008300781 84.8991317749023 83.7834930419922 83.3074340820312 82.9788436889648 83.0255813598633 82.8095779418945 82.7117080688477 82.7780075073242 82.81103515625 82.7005157470703 82.5757293701172 81.9670181274414 81.4551849365234 -3.4e+38 80.6200714111328 80.2768478393555 80.3863296508789 80.2578506469727 80.0870056152344 79.763298034668 79.3458786010742 79.1781158447266 78.996467590332 78.8037185668945 78.6438751220703 78.4921035766602 78.0509262084961 77.8526763916016 77.6603164672852 77.634765625 77.5470504760742 77.3328094482422 77.1336517333984 77.1685333251953 77.1817398071289 77.0343780517578 76.7646484375 76.1927719116211 76.0137557983398 75.7653121948242 75.427604675293 75.2898254394531 75.1750869750977 75.0030746459961 74.8705673217773
84.4516220092773 84.3046340942383 84.4269256591797 84.5927124023438 84.3357772827148 83.5066528320312 83.2074737548828 82.5910339355469 82.5933837890625 82.5528793334961 82.4777450561523 82.540885925293 82.5620651245117 82.4987869262695 82.7026824951172 81.8553695678711 81.2605972290039 -3.4e+38 80.4990539550781 80.0819931030273 80.1181869506836 79.8276519775391 79.672477722168 79.5258255004883 79.229606628418 79.0357131958008 78.9750442504883 78.8372268676758 78.697868347168 78.3808059692383 78.0420532226562 77.9031982421875 77.6796493530273 77.5388336181641 77.3976287841797 77.1935577392578 76.9788055419922 77.0187377929688 77.0689239501953 77.0035934448242 76.669563293457 76.1426162719727 75.8609008789062 75.7729721069336 75.5885543823242 75.4625778198242 75.3490753173828 75.2466430664062 74.9640045166016
84.3609161376953 84.2667007446289 84.3094329833984 84.1948318481445 84.0585479736328 84.1949920654297 83.3618316650391 82.5067520141602 82.3247756958008 82.4434661865234 82.4358901977539 82.2391052246094 82.2155075073242 82.3250503540039 82.4099807739258 81.6140365600586 81.1382064819336 81.0550765991211 80.6672668457031 80.2017517089844 79.9663772583008 79.8066635131836 79.5621566772461 79.2911376953125 79.1297988891602 78.950325012207 78.7999954223633 78.5535202026367 78.4398193359375 78.1939468383789 77.9523162841797 77.8797073364258 77.6039962768555 77.3759155273438 77.2753524780273 77.1379165649414 76.9357452392578 76.9261322021484 76.9584655761719 76.8917999267578 76.612434387207 76.1151809692383 75.7704162597656 75.7287826538086 75.6139526367188 75.4227905273438 75.2369842529297 75.2909469604492 75.0212249755859
84.1889877319336 84.2103271484375 84.4122695922852 84.4049377441406 84.5668869018555 85.4352264404297 85.2472763061523 82.5388946533203 82.2822418212891 82.3148040771484 82.2389450073242 82.0542907714844 81.948127746582 82.2436676025391 82.5347442626953 81.5311889648438 81.1318359375 81.2158355712891 80.7273635864258 80.3034973144531 80.0341033935547 79.9416275024414 79.4993286132812 79.1934280395508 79.036979675293 78.8932037353516 78.7304229736328 78.4206237792969 78.2992172241211 78.1687850952148 -3.4e+38 77.5982818603516 77.5355453491211 77.1717376708984 77.2967529296875 77.1071929931641 76.8672027587891 76.9642715454102 76.8569946289062 76.7917861938477 76.6210098266602 76.2104721069336 75.9514312744141 75.704231262207 75.5182800292969 75.263801574707 75.1216735839844 75.1706695556641 75.0161819458008
84.3480377197266 84.9338226318359 84.3196029663086 84.3534469604492 85.0607757568359 88.3206634521484 88.5571060180664 82.5584945678711 82.0620498657227 81.9773101806641 81.961799621582 81.8000335693359 81.7072601318359 81.7959976196289 81.8102035522461 81.6647033691406 81.4293365478516 81.1956329345703 80.9379348754883 80.8459320068359 80.9134063720703 80.4208831787109 79.5632171630859 79.52783203125 79.0516128540039 78.8189163208008 78.7457504272461 78.35107421875 78.1437149047852 77.9341659545898 77.5424118041992 77.2926864624023 77.2085571289062 76.8331298828125 76.8972702026367 76.781120300293 76.630485534668 76.7516937255859 76.589225769043 76.560546875 76.2531204223633 76.1347503662109 75.7306900024414 75.4910354614258 75.4872741699219 75.1638641357422 75.0337600708008 74.8651885986328 74.696662902832
84.0095748901367 85.0153884887695 85.1118087768555 84.1559219360352 84.0137557983398 86.5330657958984 89.0693054199219 82.3721389770508 81.904182434082 81.7245559692383 81.869255065918 81.6399154663086 81.5068130493164 81.6336975097656 81.4218063354492 81.2649383544922 81.2224578857422 80.9216079711914 81.1640243530273 81.6867523193359 81.5537567138672 80.2494125366211 79.3157806396484 79.3380737304688 79.0263519287109 78.6501388549805 78.6165771484375 78.3266906738281 78.2622451782227 78.0168838500977 77.5622253417969 77.451416015625 77.4437789916992 77.1753921508789 77.0255737304688 76.6723251342773 76.6140899658203 76.5901870727539 76.5216369628906 76.3706436157227 76.2312393188477 75.9584808349609 75.6676025390625 75.3796844482422 75.3886108398438 75.1744537353516 74.8188934326172 74.8186340332031 74.5564880371094
83.4441833496094 84.0231475830078 84.8664321899414 83.6432266235352 83.233528137207 84.6067352294922 87.4999771118164 82.2131118774414 81.8368225097656 81.7276840209961 81.6983184814453 81.5343246459961 81.411376953125 81.3974685668945 81.0965347290039 81.0030517578125 80.9753112792969 81.0044326782227 81.2533569335938 81.4203643798828 80.8519821166992 79.6887435913086 79.2418594360352 79.282341003418 78.9885864257812 78.8406524658203 78.6455230712891 78.478401184082 78.2307739257812 78.021240234375 77.6725234985352 77.555778503418 77.4343109130859 77.3509216308594 77.1507949829102 76.8877868652344 76.5724563598633 76.2663726806641 76.263298034668 76.234489440918 76.1080932617188 75.7480010986328 75.531120300293 75.3730697631836 75.1327438354492 74.9704971313477 74.6846313476562 74.8152847290039 74.5388565063477
83.3330001831055 83.5780715942383 83.7048492431641 83.3253860473633 83.065544128418 83.5658721923828 84.4314727783203 82.1126174926758 81.8094787597656 81.6643676757812 81.5258026123047 81.3606338500977 81.4313735961914 81.4218063354492 81.0518341064453 80.82958984375 80.7667465209961 80.9641265869141 80.9123611450195 80.5002288818359 80.0830993652344 79.6578521728516 79.4818344116211 79.4046020507812 79.1178894042969 79.11962890625 78.671875 78.5701370239258 78.307243347168 77.9100189208984 77.7753143310547 77.6417617797852 77.4173889160156 77.2263793945312 77.1333160400391 76.8813095092773 76.4828109741211 76.2769088745117 76.137939453125 76.0720977783203 75.9380950927734 75.6707000732422 75.5729675292969 75.4393081665039 75.0267333984375 74.8140640258789 74.7610015869141 74.6908569335938 74.5306091308594
83.3038864135742 83.3830032348633 83.4225387573242 83.1122131347656 82.7786178588867 82.6145477294922 82.4545059204102 81.8925094604492 81.6100387573242 81.4624710083008 81.3708877563477 81.4783401489258 81.582893371582 81.5458755493164 80.9893035888672 80.666015625 80.5827407836914 80.799201965332 80.5679931640625 80.1328277587891 79.8412704467773 79.5306930541992 79.4325942993164 79.4114685058594 79.4120712280273 79.3393096923828 78.86767578125 78.7185363769531 78.3735961914062 77.9355850219727 77.7873840332031 77.6749572753906 77.5101013183594 77.1691207885742 77.0757293701172 76.8482666015625 76.4532928466797 76.3198318481445 76.1244659423828 75.936882019043 75.8429107666016 75.5740280151367 75.5320053100586 75.3752365112305 74.9961624145508 74.7619934082031 74.7535400390625 74.6445922851562 74.5122985839844
83.2514801025391 83.2498168945312 83.1483840942383 82.6994171142578 82.5537338256836 82.301628112793 82.0668258666992 81.6512298583984 81.3887939453125 81.2678451538086 81.1933441162109 81.3490829467773 81.4791717529297 81.4941940307617 80.8326873779297 80.4949264526367 80.4778671264648 80.6328964233398 80.3949890136719 79.9838256835938 79.805908203125 79.4732284545898 79.5489349365234 79.49560546875 79.4799041748047 79.2165145874023 78.9268341064453 78.6890106201172 78.3152160644531 78.0289001464844 77.7229919433594 77.6356353759766 77.5648498535156 77.128173828125 76.9690628051758 76.7875900268555 76.5279235839844 76.2568588256836 76.0616607666016 75.8803634643555 75.7776031494141 75.6142349243164 75.5509338378906 75.3190383911133 75.1758728027344 74.9408569335938 74.7065887451172 74.6209945678711 74.469123840332
83.1280899047852 83.1793441772461 83.0459671020508 82.7986907958984 82.4978103637695 82.2548370361328 81.9830551147461 81.634407043457 81.4329681396484 81.128059387207 80.998161315918 80.8663940429688 81.0380477905273 81.2055282592773 80.6056594848633 80.4633941650391 80.3595886230469 80.4113159179688 81.1753387451172 79.9261322021484 79.9523468017578 79.6202239990234 79.642707824707 79.5002899169922 79.5530776977539 79.3751602172852 78.6076278686523 78.4517974853516 78.3857116699219 78.1063613891602 77.6214599609375 77.5423583984375 77.3792419433594 77.0948333740234 76.8716354370117 76.7101364135742 76.4666061401367 76.3009185791016 76.174934387207 75.9329223632812 75.7161026000977 75.8356475830078 75.456672668457 75.2168273925781 75.1291046142578 75.0045394897461 74.7558975219727 74.5715103149414 74.4855422973633
82.8550033569336 83.0215606689453 83.3292617797852 83.4839172363281 82.6171569824219 82.1921844482422 82.0423049926758 81.8853302001953 81.6261138916016 81.2016372680664 80.9256362915039 80.6186447143555 80.6484756469727 80.6177444458008 80.3806991577148 80.647705078125 80.3288726806641 80.1950073242188 80.7160720825195 79.8593978881836 79.9505004882812 79.8153305053711 79.4094543457031 79.2803192138672 79.4101715087891 79.3207702636719 78.5103302001953 78.3126907348633 78.2881317138672 78.1204071044922 77.5539398193359 77.3911437988281 77.1135406494141 77.1607513427734 76.9321746826172 76.7205429077148 76.5286026000977 76.4392852783203 76.2700653076172 76.0780487060547 75.8840637207031 75.894157409668 75.4637832641602 75.42041015625 75.177131652832 74.9382553100586 74.8099136352539 74.6158218383789 74.597038269043
82.6835784912109 82.719970703125 83.1930618286133 83.4389419555664 82.990364074707 82.4580459594727 82.0900497436523 81.7302017211914 81.5536575317383 81.3044128417969 81.0604782104492 80.6743469238281 80.4766311645508 80.313117980957 80.3953399658203 80.8747177124023 80.7840194702148 80.1468353271484 79.7104263305664 79.7192611694336 79.7414627075195 79.7079467773438 79.3885726928711 79.1557388305664 78.9642333984375 78.8310089111328 78.5911712646484 78.2714614868164 78.044792175293 78.1957244873047 77.4679412841797 77.2512512207031 77.006591796875 77.0901489257812 77.0759353637695 76.673210144043 76.5324325561523 76.4844665527344 76.2729415893555 75.9989929199219 76.0213928222656 75.8538513183594 75.7449493408203 75.6742248535156 75.2343826293945 74.9729614257812 74.9439849853516 74.8264236450195 74.6076126098633
82.9161834716797 82.3975296020508 82.5148849487305 82.7001953125 83.1844177246094 83.1632843017578 82.3425521850586 81.2957382202148 81.1876068115234 81.0884170532227 80.9838027954102 80.7087783813477 80.3593063354492 80.3863296508789 80.6174850463867 80.9452285766602 80.827766418457 80.0290908813477 79.6936798095703 79.7297210693359 79.6916427612305 79.6753311157227 79.2269744873047 78.9872741699219 78.5737609863281 78.335090637207 78.3183517456055 78.2630310058594 77.9370193481445 78.055046081543 77.520378112793 77.2323760986328 77.1158294677734 76.9489364624023 76.9705581665039 76.9164657592773 76.7099609375 76.4101638793945 76.1682586669922 76.0091400146484 76.0427627563477 75.8798065185547 75.9885482788086 75.8240203857422 75.3608245849609 75.0177612304688 75.1082763671875 74.8604431152344 74.6790313720703
82.8970413208008 82.5132293701172 82.0125579833984 82.0452117919922 82.3411560058594 82.5932693481445 81.9541854858398 81.0741806030273 80.9795913696289 80.7953262329102 80.6923065185547 80.6211166381836 80.2065811157227 80.2390060424805 80.5207901000977 80.8195114135742 80.6889572143555 79.8229675292969 79.5386962890625 79.9408798217773 79.4387664794922 79.738899230957 79.2013702392578 78.8914260864258 78.6351928710938 78.2568130493164 78.0343017578125 78.0493850708008 77.8576812744141 77.9621429443359 77.5826187133789 77.3887252807617 77.2753143310547 77.018440246582 76.9005508422852 77.075569152832 76.8584136962891 76.5415649414062 76.1572341918945 76.1296310424805 76.1289367675781 75.8108520507812 75.9568862915039 75.8741455078125 75.418342590332 75.0147476196289 74.9614181518555 74.6891021728516 74.5753784179688
83.0997009277344 83.3762054443359 82.3529586791992 81.6825561523438 81.4664688110352 81.4966049194336 81.3203659057617 80.8731918334961 80.737907409668 80.4359970092773 80.3965530395508 80.4796295166016 80.192626953125 79.9477233886719 80.1450653076172 80.4595489501953 80.6380920410156 79.6913681030273 79.4937896728516 80.1183319091797 79.1255493164062 79.4703903198242 79.2940063476562 78.8663635253906 78.6227340698242 78.2454986572266 77.9884643554688 77.7951431274414 77.8411407470703 77.9056243896484 77.4965667724609 77.3889389038086 77.3143615722656 77.1577758789062 76.9817504882812 76.9223327636719 76.9677963256836 76.7519226074219 76.3380584716797 76.2270278930664 75.9635696411133 75.7365341186523 75.7494812011719 75.5690612792969 75.3584976196289 75.1224899291992 75.0171508789062 74.6091384887695 74.3522262573242
82.8470611572266 82.713134765625 82.2226486206055 81.9515838623047 81.429573059082 81.3149490356445 81.2534637451172 81.0667343139648 80.7344818115234 80.5403671264648 80.2648162841797 80.1560821533203 79.6772918701172 79.6402435302734 79.9049072265625 79.8622512817383 79.6845474243164 79.2181015014648 79.9491653442383 81.242073059082 78.7851486206055 78.8240509033203 78.6678237915039 78.4836578369141 78.2616729736328 77.9374923706055 77.7811584472656 77.5666656494141 77.2974395751953 77.2903518676758 77.1941223144531 76.9824295043945 77.0244140625 76.8515014648438 76.9530487060547 76.7632598876953 76.4706344604492 76.5407638549805 76.5872116088867 76.155891418457 75.9995498657227 75.4996337890625 75.3530426025391 75.4078369140625 75.3124771118164 75.0041351318359 74.6277923583984 74.6435775756836 74.4888381958008
82.5943832397461 82.5575256347656 82.0351867675781 81.7157897949219 81.3990325927734 81.5092391967773 81.338996887207 80.7351455688477 80.6572570800781 80.55322265625 80.1692886352539 80.119384765625 79.651008605957 79.5402908325195 79.5636978149414 79.465461730957 79.2695007324219 79.1905288696289 79.3173828125 79.7003784179688 78.6503143310547 78.6023635864258 78.4905700683594 78.544563293457 78.4786148071289 78.0823669433594 77.8754653930664 77.6127243041992 77.2980575561523 77.1502456665039 76.9596405029297 76.8431549072266 76.8070449829102 76.6354522705078 76.7294769287109 76.6520462036133 76.4752655029297 76.344482421875 76.3622589111328 76.0279998779297 75.7593002319336 75.4485626220703 74.9963531494141 75.0569000244141 75.1756286621094 74.8416748046875 74.9484786987305 74.9340362548828 74.5941619873047
82.3338851928711 82.3990707397461 81.9865570068359 81.6614074707031 81.5142211914062 81.5424575805664 81.4171371459961 80.8939361572266 80.6772842407227 80.4971542358398 80.2094116210938 79.8620147705078 79.6188430786133 79.445426940918 79.2303695678711 79.2101516723633 79.068489074707 78.9705047607422 78.8100357055664 78.7508544921875 78.5045776367188 78.4940872192383 78.4025192260742 78.3994903564453 78.4449844360352 78.1137008666992 77.8909606933594 77.6910247802734 77.4191284179688 77.2041702270508 76.79345703125 76.8341064453125 76.7624435424805 76.641975402832 76.4700698852539 76.4744338989258 76.4083786010742 76.1705322265625 76.0931625366211 75.9728012084961 75.7457809448242 75.3367614746094 74.8130111694336 74.8204803466797 74.9585189819336 75.0035247802734 75.1152648925781 74.7905578613281 74.5889739990234
82.1241912841797 82.1240463256836 81.9941940307617 81.7345809936523 81.665397644043 81.4277496337891 81.5652465820312 81.1656646728516 80.6872253417969 80.381217956543 80.0946350097656 79.7891616821289 79.5432052612305 79.5085754394531 79.2689208984375 79.0027008056641 78.8269119262695 78.7505722045898 78.7573471069336 78.6175689697266 78.3965759277344 78.4229125976562 78.3929443359375 78.0771636962891 78.0940322875977 77.8055267333984 77.6709594726562 77.603759765625 77.5129013061523 77.2199783325195 76.6010513305664 76.615608215332 76.6331558227539 76.4527816772461 76.4122314453125 76.3782806396484 76.2725448608398 76.0513229370117 76.1190567016602 75.9038848876953 75.6751708984375 75.2532806396484 74.8715057373047 74.7573165893555 74.7751007080078 -3.4e+38 -3.4e+38 74.664192199707 74.5665512084961
