rcp8.5models/GFDL_CM3/sc1gr0.40
NCOLS 261 
NROWS 433 
XLLCORNER 336357.134 
YLLCORNER 654653.479 
CELLSIZE 1000 
NODATA_value -9999 
[rows 176 to 197 of 433, columns 100 to 149 of 261]
83.7324712770121 84.0143017413768 84.0509758137748 83.8935999141622 83.8758308936743 -9999 -9999 -9999 83.770755389768 83.6654606592411 83.6976678940398 83.5994534480576 83.2991735238781 83.3744880079698 83.4745950037254 83.3371920202814 83.2192026355079 83.2072010383703 83.0845586724014 82.8816160283699 82.7849278473667 82.755654708467 82.765682807047 82.6138164443121 82.4034842148488 82.2306324619383 82.1245543587029 82.0089985664625 81.9470559504884 81.8351799885106 81.5552915082913 81.3306842770266 81.0602557103727 80.7799812087089 80.7992144157965 80.6544503670956 80.4660571775268 80.414573633935 80.2379519506942 80.0070491297677 79.9424496857113 79.7161374935864 79.4102941408585 79.1930113358279 79.0138637816072 78.8093262488614 78.3998198308231 77.9159388996123 77.6431835281033 77.3608172323995
83.8563882909306 84.0275742596301 83.9296999800904 83.9238377910288 83.8352460035558 83.8447395167526 83.9262188532639 83.8187191888571 83.8143789150581 83.7262928570769 83.7891544130669 83.645258841759 83.3859146409822 83.5304999614688 83.4290017548685 83.3025267727115 83.3157668558305 -9999 83.0749880371207 82.870544960952 82.7784206563472 82.6951388404511 82.6981389409638 82.6772435185673 82.4931155437984 82.2973552074127 82.2224012787487 82.0688910774632 81.9194101011616 81.8210702542072 81.6249573380997 81.3846972176251 81.1492373926496 80.8481545337958 80.7870484068857 80.6002675092934 80.4701427958446 80.4434127961083 80.3447202729083 80.2378540183723 80.1320893984883 79.7942276191825 79.4446109412743 79.1770693249755 78.989855290089 78.8634022909701 78.2934568590632 77.9476891023798 77.6823290498396 77.3250770798688
-9999 -9999 83.9904630587237 84.0194394519294 83.9500734120925 83.9359747826942 83.9971150787797 83.9192447443967 83.87764217996 83.8124280581154 83.6847597623438 83.6364983866978 83.5478826893515 83.458265976469 83.3928549518734 83.3007680294828 83.3692079585426 83.2382312486015 82.9966902827711 83.0867615086714 83.0306531939275 82.7406226987201 82.5836648979176 82.6503335268506 82.5432440838223 82.4182101621385 82.3173707177988 82.1926926576247 81.9921175844538 81.8297870175089 81.6114467218306 81.4120074874462 81.1941136882076 -9999 80.9585101497415 80.6177031930076 80.4956810291588 80.5180757416166 80.5214190968052 80.5142574668113 80.3996482913151 79.905449544405 79.5574872273208 79.1609611438709 78.95201127178 78.8700644759848 78.3391606584563 78.0883316307871 77.7823813558837 77.533608695973
84.0766787565213 -9999 84.0930352471759 84.0004597582456 84.0606847324953 -9999 84.0116638594251 83.9913522860808 83.8866751373908 83.7840319606998 83.6969237286002 83.6671747356256 83.5996853810524 83.4343999433208 83.4419389353625 83.3903667664116 83.3233123096932 83.1962666513177 82.9844679513885 83.0658139803398 83.090599593736 82.9195709012356 82.6779334726473 -9999 82.4667645107263 82.3955271768155 -9999 82.1467918662609 81.9983437955544 81.858029190421 81.6359869940468 81.4479369713255 -9999 -9999 -9999 80.7356714160143 80.6418645854441 80.5752685477573 80.6042701863275 80.6238430313448 80.4581333116122 79.884887843066 79.4229465946532 79.1263141551575 78.8933632147768 78.8055373774295 78.5440263700169 78.3012014982218 77.9733599315624 77.8644858708793
84.0061380335812 84.1728711478519 84.13051142993 84.0281765700212 84.0860061154914 84.0960251726868 84.0483147679142 84.0493972189309 83.839190135296 83.7415605254833 83.7858365623833 83.6475453987501 83.558312422451 83.4523493112955 83.4307495170502 83.3421014695101 83.2006295231835 83.1586194583485 83.1345338061464 83.0909484615444 82.9896255207 82.9748487840816 82.8127342095762 82.7705157386579 82.489918918157 82.386400474433 -9999 82.2054012023749 82.1091735065659 81.9759711572311 81.7624173308774 81.5452155214142 81.2825246872121 -9999 81.0312011266961 80.7610286629038 80.6267201413308 80.5847160295588 80.5882232514922 80.4512299385896 80.2430193217594 79.8068176565325 79.5006704534549 79.2516742010088 78.9006213740618 78.7506740268711 78.657811629327 78.356322259171 78.1187862420403 77.9155343190557
84.0277918892795 84.0903851471172 84.1266724221019 84.1452743154896 84.1727173727922 84.1345953188747 84.0748441650454 84.0180399256018 83.7959555197605 83.8275630435263 83.8321873565836 83.7450029660132 83.5538465305152 83.4601214441582 83.5607346151345 83.4525420784933 83.1570797324904 83.2046015339752 83.2521876121489 83.1687538974134 82.9811270331376 82.981065735078 83.004990302095 82.8852556383451 82.6574768489217 82.5436259105156 82.4033979489038 82.3544343963181 82.2115482672757 82.0611799469762 81.9154384299246 81.7279572905451 81.3219981216288 -9999 81.0187378765971 80.7168401308313 80.5915423213388 80.5064786651599 80.3306898788758 80.3109675063391 80.154889478618 79.8508024778681 79.5658611185137 79.2834419575846 78.8573334048514 78.767071220157 78.6204584437479 78.3174503655704 78.112713972975 78.0251618246687
84.2273127358657 84.1095296887869 84.2250049833554 84.1921514049788 84.2404230412883 84.1505196978884 84.0100066881643 84.0650772940782 83.9366905489653 83.9557264356111 83.8671846472824 83.8644213730369 83.7487873172664 83.5156336109483 83.6165517633596 83.5066991799862 83.2544977530694 83.2673491415467 83.2388592831696 83.1702796518058 83.0502146547969 83.0341592081297 83.1375689294333 82.9807481726015 82.591202148371 82.570021756852 82.4457350940333 82.426277057116 82.2949324576234 81.9783110959079 81.8525162803576 81.8235219005061 81.5130170317237 81.0567885657428 81.0373425376531 80.8480070784336 80.7478776279788 80.548247567152 80.2933833209733 80.3239485495671 80.0625835213521 79.7672291002672 79.4765592105024 79.130554866461 78.9128261985121 78.7628918557967 78.7446502630428 78.4071985284734 78.2168955243485 78.2852370154075
84.4022425605321 84.2634101868638 84.2682343907093 84.1838870812687 84.2040302130904 84.1633981129387 84.0811840984743 84.1302041326368 84.0490386697134 83.9879848433757 83.9038309294001 83.8463903224577 83.7949732961625 83.4790164941392 83.6279330893133 83.5481097009145 83.3907301369986 83.3014766827949 83.2654662703941 83.2454650561862 83.1730913253763 83.1000222857534 83.1005017461833 82.8753326568709 82.7547763306328 82.6456804689645 82.3914285896495 82.3560770929183 82.268174452452 81.9937326764852 81.8996167770286 81.7102679204158 81.541378461814 81.1227799975553 81.0658277448691 81.0396455274006 80.9697967551328 80.7344451244903 80.4793985241018 80.2659786766036 80.0274627040807 79.6563177689992 79.5352872151212 79.2571135659645 79.0887701929655 78.8375922126279 78.679406375769 78.3847161801605 78.3414870098529 -9999
84.3983040691176 84.3348078257469 84.2839660004984 84.3268082754341 84.3210718349399 84.3024842172162 84.2220821844711 84.1232357454222 84.128834785495 84.0366994820623 84.0468718386034 84.0220443691218 83.8376800784623 83.5600710567942 83.712344362486 83.6104799609795 83.4251260912089 83.3506115264324 83.2800386610145 83.1877566100268 83.1624899712415 -9999 83.0364064998653 -9999 83.0722023004781 82.8582904505205 82.6056667978481 82.3732854923012 82.0684641206368 82.0120510932936 82.0818726246392 81.6490383327609 81.5872515540804 81.3205420583364 81.0592845167202 81.0647019737531 80.9792664291429 80.8789968678222 80.7104789462003 80.2921448900858 80.0134209918229 79.7933202979913 79.5719687750503 79.3681566602694 79.1926086659527 78.8786799335151 78.4219272684786 78.1012555648077 78.117829241236 78.344887909303
-9999 84.3911293206432 84.3202621066611 84.3555892417385 84.4732769546184 84.3949675238437 84.3651552923916 84.2391639533084 84.1762953770004 84.1885083296384 84.1800020138079 84.146060370499 83.8953680368011 83.8577068321947 -9999 83.6835138830653 83.5381895516762 83.3497623695207 83.3120157731166 83.3426558360199 83.188670551213 83.1211361308088 83.105436257186 83.1009211550377 83.0463205769041 83.0249118407564 82.7670856502838 82.5767564354137 82.2925377311152 82.2143526802233 82.0749074488859 81.8948081675653 81.710794233334 81.6558596947075 81.5132711520136 81.216732219916 81.2098722734429 80.980675587394 80.8214778938343 80.4890607467372 80.2574917927552 79.8188411391464 79.3558274504034 79.3456801592488 79.0826493922062 78.7384328848178 78.3721143724799 78.2876269371288 78.12933377538 77.9524918154902
84.353791498371 84.4902887355214 84.463969781372 84.4367408336526 84.3747657297431 84.4997301058595 84.4991361428095 84.3246977858635 84.2706148331078 84.2243561076767 84.2969927375489 84.2673165060001 84.1361509714835 83.9318535741466 83.8023165613673 83.7459959227258 83.8031777286129 83.4718505579204 83.3507200837517 83.2782048995307 83.2062582639898 83.1536168278078 83.1173168640336 83.0957298202379 82.9836240707558 83.1015049664015 82.8921729615015 82.6556495984107 82.4653733687629 82.2459923653624 82.1005397640377 81.9903318877728 81.8115833420332 81.8254799025214 81.4925507356534 81.2209774509393 81.2735142349109 81.1620985279414 80.8870770671745 80.4465561128201 80.1433817490808 79.8977475357949 79.5472801472274 79.3477696122336 79.1622351775498 78.8225358346522 78.4557202837656 78.4125432545013 78.2157931622172 77.984707699687
84.3325188145747 84.4248035671026 84.4435311489074 84.5489048822057 84.3961632003698 84.4632098253019 84.4198590197851 84.3372752341273 84.3087979031591 84.2629031177147 84.3299300682378 84.2722059321805 84.2171832983228 83.9939724865956 83.8242072631308 83.7595781569471 83.864740889649 83.5588208808867 83.3528401561195 83.3254679010908 83.3285012891252 83.3057276096257 83.1952583011401 83.1826170057565 83.1619314456586 83.6287829884498 83.1186716011026 82.7353704471586 82.6017376636448 82.2141355722543 82.1524140431797 82.1183670600844 81.9386976960156 81.7919855660281 81.4907673486615 81.2956347874067 81.3061887574747 81.2260945300579 80.906404776916 80.3992635054079 80.076363645552 79.9211772492896 79.7785549580461 79.5349303546514 79.3073234696395 79.0406380470136 78.6262820514958 78.3869717697784 78.2539735709629 78.0458378997688
84.4308059242246 84.3398986525038 84.3928487542006 84.4244524328836 84.4283727224967 84.3778363450206 84.3338120319442 84.2919744140801 84.2764518009134 84.2405995253249 84.2202999597049 84.1882618720189 84.2261747080041 84.0209554712944 84.0098172079707 83.8169152134141 83.8351726715466 83.5785048013921 83.3244892570388 83.3329079283837 83.4015270677901 83.3442883543201 83.1462709309536 83.1391307969536 83.697752780134 84.5034373285446 83.9540174251967 82.9621530452453 82.6783063278517 82.4214792199693 82.299037756353 82.2063037642779 81.970678652449 81.917642316642 81.6195229947291 81.3842963601914 81.2819037729196 81.2160002523886 80.9988780537699 80.4081399032039 80.1758334003428 79.9929321931016 79.845922082956 79.7183433847311 79.4230058524123 -9999 79.1477038723971 78.5305634533175 78.2576410010864 -9999
84.5340326059626 84.3353531483157 84.4234282674292 84.3624921044923 84.4480113033263 84.4531149483821 84.386390078977 84.2118453055177 84.2315403038404 84.2735629716984 84.1570905442281 84.0669298291067 84.3452288692114 84.1062164051208 84.0272591744091 83.8605859934784 83.8858248270037 83.573944515515 83.4297934488587 83.4218506317504 83.3822866641349 83.2711704592303 83.0892368441944 83.1157709759125 83.9093332753305 -9999 84.0196321734072 82.994519064747 82.7321230640121 82.6472484475171 82.545591357099 82.347168896931 82.0841543146163 81.9623438049268 81.7284311149201 81.4146511656456 81.3898779870559 81.2857745058004 81.0287458058248 80.5480962599282 80.3317607885319 80.2043092731186 80.034711063176 79.8987134089236 79.5517333551374 79.2258495982078 79.2768757135022 78.7229182693798 78.4405384517106 78.1490112808421
84.4668822335231 84.2655209096545 84.4478513640339 84.4138775597388 84.3813717490377 84.3428068852841 84.3494010669767 84.2773028768816 84.2895360013083 84.3115185956918 84.2283371316484 84.2208728095878 84.3461721285928 84.2151904632459 84.0300953920649 83.9174096899644 83.9577248600026 83.7483782920854 83.6278666613867 83.515850036654 83.3686091375597 83.3536267163207 83.2104409196233 83.1736301605427 84.3330052862941 -9999 83.9322775581014 83.0309207623262 82.854164340695 82.710583968594 82.6505826758529 82.4478786255897 82.2161140646528 82.0068917448302 81.7401825583221 81.4469585194894 81.4757956197918 81.3787289013761 81.0459131196576 80.5762215533926 80.4771537620812 80.3674337231151 80.1809469739654 79.9795714830537 79.5995675663453 79.3958088246042 79.166014288127 78.8587534558409 78.5860728119258 78.208752603741
84.4341127752486 84.3010745737623 84.3870876927864 84.4455784413897 84.3969268490166 84.3239386979923 84.2684532782525 84.2786300654385 84.317333253521 84.230760855435 84.1949112194339 84.2273736001512 84.2728127286028 84.2536585169933 84.0784929818749 83.9591799784444 83.9530307719284 83.850660626157 83.6955568076462 83.5150633504887 83.4419826631823 83.3485595307367 83.2293775117504 83.1359651284662 84.6762748059204 -9999 84.4786510804624 83.0759926842467 82.8580205277695 82.7408738112413 82.5843995928681 82.5460155196148 82.2896268453343 81.9943076556492 81.7232923154252 81.4959455604423 81.4932247578078 81.326971887201 81.0604843742538 80.5918978064326 80.5340219356793 80.4109879513101 80.2701011563347 79.9887523281225 79.7335536798809 79.5192986267042 79.2640556793839 79.0793052445032 78.7566212589778 78.2714857318633
84.5148010653374 84.3997838586263 84.4604591948777 84.4799987956583 84.4163842837242 84.4415071498021 84.3590756272393 84.2044614692751 84.2304479034443 84.2255754588239 84.2706734967895 84.0697299845774 84.2502306883821 84.2300654259016 84.0124023721939 84.0055016697087 84.070841906607 83.8622250676578 83.7152790837097 83.5776833353193 83.5089044743474 83.3913761057836 83.2237061830691 83.2512686253547 83.9804564182057 84.2157485160558 84.1371965777807 83.0378123021834 82.8073617794336 82.8993223794749 82.6563196113718 82.5132005534319 82.3227762178249 82.0631842532828 81.816646237128 81.5569112173708 81.5155379029864 81.1991738440727 81.0011716401328 80.715096959552 80.6136366173612 80.645799777416 80.5761019666152 80.4251737294092 79.960213554744 79.8261940169453 79.4076491417855 79.1959572450197 79.0241778990572 78.4474605989369
84.401195954492 84.5605465855029 84.4982223582533 84.4884305406472 84.4649651854556 84.4718077128455 84.5028708665659 84.404388507117 84.3272960601154 84.3456416565936 84.2953446416257 84.0577202702186 84.2877866924167 84.212926503997 84.0037513766844 84.1515170243498 84.1866268419161 83.8909801177202 83.7519777263289 83.642881097584 83.4565535326913 83.4317599252348 83.3152905467694 83.2886505719179 83.2606268833481 83.2491443690893 83.2885271217538 83.0167432213894 82.8781292209116 82.8377389748924 82.6605768064005 82.4841144644918 82.4789822628948 82.2233293382497 81.9595679901427 81.5754552997138 81.478354429158 81.1988101255622 81.2136076599279 81.1633700569999 80.834854091894 80.8005380974322 80.675733236276 80.5605523514869 80.145491230475 -9999 79.9328506514663 79.4160918408481 78.9015232870732 78.5510265364907
84.4032872722049 84.5814345574984 84.4527913032887 84.4348987177761 84.4950094754099 84.4964536009968 84.4904015307826 84.5176603368067 84.5048077695836 84.4052947982953 84.3126565505726 84.3167856475682 84.2202921824405 84.1596120670287 84.0708680089508 84.2182318593366 84.168362921939 83.9411797670177 83.8124995270643 83.7354340729095 83.5549464088538 83.5587527207993 83.518145711398 -9999 82.9772304789408 83.173439273324 83.0970897722703 82.9001658879236 82.7804426533564 82.7714715609215 82.6146792149536 82.5846483737406 82.5530179709522 82.2635700880317 82.0929362758613 81.7408346045378 81.6381162508135 81.4177060613868 81.2964963644736 81.3100081429208 81.0346371243957 80.9191603252533 80.7960559092206 80.5907863485343 80.1604206237323 80.269295104442 80.421098474853 79.6244252841926 78.9162481129703 78.6554179609754
84.5653455393938 84.5101722668959 84.4810786588893 84.4156431596602 84.4902618731073 84.4566268181137 84.4703593483773 84.4398389528449 84.5225706767604 84.4074680347786 84.3767386617542 84.4941335815194 84.2553395398021 84.1473515651179 84.1812226298427 84.2316026520167 84.1211266945716 83.9796739337562 83.8378922599448 83.7475560710085 83.6193193949042 83.6204978785469 83.595256315091 83.3692444689251 83.0753943886811 83.223675199762 83.1545656691286 82.8598253462564 82.827175132778 82.8089488171134 82.6739898563274 82.644576927278 82.6223211851228 82.4381655040494 82.2069087975362 81.8708697493002 81.7718964510597 81.6567156998177 81.322835818873 81.0981321725352 80.9647760475161 80.9298605729533 80.846594177692 80.5817303536402 80.1221735297861 80.16401851521 80.2111075711595 79.5581846561747 79.1379359383824 78.8343721331342
84.7907700122863 84.7009139218511 84.7493414282877 84.6079402980127 84.5962096750698 84.5113242524895 84.5157183024566 84.4510044497785 84.3247364035548 84.3394039971292 84.3813756719351 84.3008011802173 84.3617601999646 84.3592867195052 84.3191273657645 84.2444078803056 84.1711664334931 84.0702325520765 84.088300921919 83.9335218933042 83.7727146876485 83.6661494636495 83.650874178009 83.573413470276 83.2666668003122 83.2693857338375 83.1072947056923 82.8759620169529 82.9956264203426 82.9036121491627 82.7938401040976 82.6544321661389 82.6378968853468 82.4756410578536 82.3171220074724 82.0190344078453 81.964404944453 81.7031928543575 81.5041309487492 81.4470218006594 81.2900707906972 81.1405492970617 81.219160439614 80.6097311531852 80.2299546499491 80.3665951200081 79.7164794577531 79.370917122506 79.010605323746 78.820556534843
84.7943480812448 84.7477164406681 84.7818085058952 84.5988540730538 84.6202589146597 84.5673071356903 84.5114528107926 84.4924990903715 84.3681606381541 84.350627395314 84.4097954728499 84.371751034199 84.382405849813 84.4035960719323 84.3804199313397 84.3091070941069 84.2177910298959 84.043332960661 84.0282537916359 83.8784581486012 83.8325389162659 83.7504999418373 83.8233461728986 83.6956766745164 83.3233027572844 83.3416581867725 83.2107728206838 83.1597701247461 83.158008755943 82.9488499319835 82.8274654027145 82.8137993197548 82.7426462461361 82.6441168607908 82.4713666580171 82.0404181404831 81.9577915270864 81.8346201518949 81.7339568793361 81.5729103685055 81.1793868245275 81.0632073584902 81.2364375264344 80.7754477688109 80.2582697776046 80.3325309796343 79.6479578917309 79.3991435203229 79.0647259561889 78.8010388525351
