rcp8.5models/GFDL_CM3/sc1gr10.36
NCOLS 261 
NROWS 433 
XLLCORNER 336357.134 
YLLCORNER 654653.479 
CELLSIZE 1000 
NODATA_value -3.4e+38 
[rows 132 to 153 of 433, columns 147 to 195 of 261]
960.232299804688 961.333740234375 964.175598144531 -3.4e+38 972.0830078125 977.211669921875 981.123474121094 987.657775878906 994.836547851562 997.304626464844 1003.39349365234 1022.02032470703 1023.58093261719 1021.99932861328 1021.96295166016 1024.30651855469 1026.07348632812 1029.48937988281 1032.83044433594 1035.5087890625 1039.11962890625 1044.87634277344 1055.25720214844 1052.216796875 1050.12414550781 1049.3671875 1051.04565429688 1051.11694335938 1051.03625488281 1051.37963867188 1051.39086914062 1048.89379882812 1046.85717773438 1044.54138183594 1044.21520996094 1044.12268066406 1044.42651367188 1046.05529785156 1046.81396484375 1047.46984863281 1047.51501464844 -3.4e+38 -3.4e+38 -3.4e+38 -3.4e+38 -3.4e+38 -3.4e+38 -3.4e+38 -3.4e+38
960.168273925781 961.852905273438 965.492858886719 970.066284179688 973.313354492188 978.393432617188 982.731140136719 987.465393066406 995.444580078125 1001.65557861328 1007.06506347656 1020.56805419922 1019.82678222656 1020.92596435547 1021.76037597656 1024.16577148438 1026.95825195312 1030.48046875 1034.08666992188 1037.77893066406 1044.46215820312 1051.32775878906 1056.83605957031 1054.267578125 1053.44470214844 1054.08715820312 1056.13793945312 1057.22875976562 1056.95886230469 1053.22094726562 1051.60913085938 1050.24426269531 1047.93444824219 1046.04760742188 1046.87316894531 1046.5029296875 1046.650390625 1047.669921875 1046.01647949219 1046.02270507812 1047.04223632812 -3.4e+38 -3.4e+38 -3.4e+38 -3.4e+38 -3.4e+38 -3.4e+38 -3.4e+38 -3.4e+38
959.949462890625 963.928466796875 967.653381347656 971.453918457031 974.645568847656 978.824523925781 984.920776367188 989.233276367188 994.467468261719 1001.99780273438 1007.61975097656 1015.86791992188 1018.36004638672 1020.29815673828 1021.78930664062 1025.93103027344 1029.41796875 1032.59497070312 1036.36511230469 1042.24072265625 1050.18286132812 1055.66235351562 1059.14489746094 1057.95495605469 1059.09362792969 1061.43334960938 1061.42687988281 1060.95458984375 1058.3974609375 1054.423828125 1052.09631347656 1050.68005371094 1049.45043945312 1048.72998046875 1048.98596191406 1049.466796875 1049.61364746094 1045.29040527344 1043.11535644531 -3.4e+38 1044.44226074219 -3.4e+38 -3.4e+38 -3.4e+38 -3.4e+38 -3.4e+38 -3.4e+38 -3.4e+38 -3.4e+38
962.28857421875 966.937194824219 968.830810546875 971.525573730469 975.632202148438 979.738220214844 985.271667480469 990.869995117188 995.336059570312 1001.70385742188 -3.4e+38 -3.4e+38 1016.23120117188 1020.06170654297 1022.63604736328 1027.60949707031 1031.84411621094 1035.75012207031 1041.09851074219 1048.23913574219 1055.56481933594 1059.18542480469 1062.17517089844 1061.81652832031 1067.51708984375 1071.53137207031 1067.12976074219 1063.13513183594 1065.05676269531 1066.55346679688 1057.00952148438 1051.88208007812 1050.49597167969 1049.88525390625 1050.87316894531 1051.4609375 1048.84875488281 1043.05065917969 1041.18518066406 -3.4e+38 -3.4e+38 -3.4e+38 -3.4e+38 -3.4e+38 -3.4e+38 -3.4e+38 -3.4e+38 -3.4e+38 -3.4e+38
963.832946777344 968.230590820312 968.910522460938 971.345397949219 976.400329589844 982.271606445312 986.439086914062 992.415893554688 997.649169921875 1004.65362548828 1008.37139892578 -3.4e+38 1015.91638183594 1020.79949951172 1024.80187988281 1029.06286621094 1034.44458007812 1039.33276367188 1046.02368164062 1052.6162109375 1060.38549804688 1062.53869628906 1066.51281738281 1068.70788574219 1072.53002929688 1076.87316894531 1070.7080078125 1068.02795410156 1071.16735839844 1070.01196289062 1060.98559570312 1055.15612792969 1052.14685058594 1052.67626953125 1053.61755371094 1051.69848632812 1046.97424316406 1042.57189941406 1040.89514160156 1042.09899902344 1045.03149414062 -3.4e+38 -3.4e+38 -3.4e+38 -3.4e+38 -3.4e+38 -3.4e+38 -3.4e+38 -3.4e+38
964.003967285156 968.272338867188 968.778686523438 971.778869628906 977.297790527344 983.561584472656 989.954467773438 995.929077148438 998.475341796875 1004.65411376953 1010.52813720703 -3.4e+38 1019.58331298828 1023.72869873047 1027.65380859375 1031.77453613281 1036.92321777344 1041.79260253906 -3.4e+38 1054.97265625 1062.71704101562 1065.43139648438 1070.63342285156 1070.53381347656 1069.78259277344 1071.44482421875 1068.54016113281 1069.83911132812 1070.10180664062 1066.83923339844 1063.01489257812 1058.70190429688 1056.62060546875 1064.30847167969 1060.49426269531 1054.01306152344 1046.25842285156 1043.50903320312 1042.33093261719 1044.51220703125 1044.97607421875 -3.4e+38 -3.4e+38 -3.4e+38 -3.4e+38 -3.4e+38 -3.4e+38 -3.4e+38 -3.4e+38
961.483825683594 964.519409179688 969.078857421875 972.911804199219 978.489013671875 985.033386230469 991.576538085938 996.800842285156 1001.083984375 1004.29364013672 -3.4e+38 -3.4e+38 1026.27905273438 1026.23120117188 1030.43823242188 1037.80322265625 1043.83984375 -3.4e+38 1051.27856445312 1058.52661132812 1062.79870605469 1070.740234375 1073.78771972656 1073.375 1067.53247070312 1062.18249511719 1062.4453125 1064.57568359375 1067.53662109375 1067.63110351562 1065.51452636719 1063.02233886719 1061.38830566406 1076.9013671875 1059.46008300781 1053.41394042969 1050.84899902344 1049.93322753906 1049.76354980469 1047.64855957031 1045.99658203125 -3.4e+38 -3.4e+38 -3.4e+38 -3.4e+38 -3.4e+38 -3.4e+38 -3.4e+38 -3.4e+38
962.376220703125 964.850524902344 969.264404296875 973.176147460938 -3.4e+38 983.740905761719 989.202270507812 995.776245117188 1000.76049804688 1004.62115478516 1009.03942871094 -3.4e+38 1026.35620117188 1030.82287597656 1035.10778808594 1037.39025878906 1042.77941894531 -3.4e+38 -3.4e+38 1058.28491210938 1064.865234375 1073.43286132812 1076.37231445312 1073.57202148438 1067.37634277344 1063.90905761719 1062.04504394531 1061.73559570312 1064.4365234375 1065.93188476562 1066.11279296875 1062.796875 1057.00512695312 1064.48901367188 1055.59655761719 1056.25817871094 1056.58544921875 1052.76403808594 -3.4e+38 1046.53454589844 -3.4e+38 1046.54016113281 -3.4e+38 -3.4e+38 -3.4e+38 -3.4e+38 -3.4e+38 -3.4e+38 -3.4e+38
963.006042480469 966.082885742188 969.355590820312 974.170043945312 980.07080078125 986.162170410156 989.081726074219 995.356506347656 1000.89849853516 1005.68322753906 1009.37170410156 1018.09069824219 1028.46423339844 1031.98107910156 1034.62927246094 1036.74731445312 1043.81665039062 1050.45141601562 1053.55053710938 1058.72399902344 1067.16784667969 1074.03503417969 1074.32312011719 1070.6767578125 1066.75061035156 1064.87097167969 1061.63586425781 1061.61560058594 1061.17687988281 1061.27783203125 1063.50561523438 1059.42529296875 1053.18298339844 1055.33740234375 1059.08874511719 1062.56262207031 1055.29138183594 1050.4111328125 -3.4e+38 -3.4e+38 -3.4e+38 -3.4e+38 1049.56567382812 -3.4e+38 -3.4e+38 -3.4e+38 -3.4e+38 -3.4e+38 -3.4e+38
962.414855957031 966.88720703125 970.381652832031 975.3623046875 982.387756347656 990.260498046875 992.163024902344 997.556884765625 1003.8515625 1005.17218017578 1008.97296142578 1019.49560546875 1025.61950683594 1028.10754394531 1033.82751464844 1041.45373535156 1047.162109375 1051.65661621094 1053.3173828125 1058.26440429688 1066.7470703125 1071.982421875 1073.69030761719 1075.98583984375 1070.01354980469 1067.73156738281 1065.50903320312 1060.37097167969 1058.76232910156 1057.63854980469 1059.86108398438 1058.36596679688 1053.77392578125 1058.18139648438 1061.36743164062 1063.21520996094 1056.3359375 1053.19665527344 -3.4e+38 -3.4e+38 -3.4e+38 -3.4e+38 1058.48974609375 -3.4e+38 -3.4e+38 -3.4e+38 -3.4e+38 -3.4e+38 -3.4e+38
962.581359863281 966.600708007812 970.149536132812 976.073425292969 984.409240722656 990.403259277344 994.357238769531 999.751525878906 1003.80584716797 1003.16491699219 1006.96716308594 1018.76934814453 1023.50732421875 1028.98950195312 1037.29907226562 1044.69274902344 1048.16748046875 1050.39807128906 1052.86267089844 1058.21752929688 1064.96936035156 -3.4e+38 1077.98840332031 1080.27014160156 1074.31335449219 1074.08557128906 1073.31848144531 1059.21704101562 1057.32116699219 1056.60046386719 1058.05895996094 1057.0771484375 1054.51928710938 1055.56640625 1057.19116210938 1058.36218261719 1056.89831542969 1052.12756347656 -3.4e+38 -3.4e+38 -3.4e+38 -3.4e+38 1063.38073730469 1060.59643554688 -3.4e+38 -3.4e+38 -3.4e+38 -3.4e+38 -3.4e+38
962.076416015625 966.406616210938 970.028686523438 975.393493652344 982.136047363281 987.275024414062 992.329528808594 997.366149902344 1002.15698242188 1003.47564697266 1006.72247314453 1017.39190673828 1023.81207275391 1031.46606445312 1039.37805175781 1044.67419433594 1045.2412109375 1047.74597167969 1051.60534667969 1056.8505859375 1062.82397460938 1068.13122558594 1077.74890136719 1078.81591796875 1079.76403808594 1078.68371582031 1069.77917480469 1057.59020996094 1056.50244140625 1055.19653320312 1055.73681640625 1055.44079589844 1053.55627441406 -3.4e+38 -3.4e+38 1054.28015136719 1052.69030761719 1051.41088867188 1051.98400878906 -3.4e+38 -3.4e+38 -3.4e+38 1058.85473632812 -3.4e+38 -3.4e+38 -3.4e+38 -3.4e+38 -3.4e+38 -3.4e+38
960.827087402344 966.363159179688 970.899291992188 975.564270019531 979.381225585938 983.964904785156 989.923400878906 997.8701171875 1006.65289306641 1006.81079101562 1006.92059326172 1017.70788574219 1027.67724609375 1035.73364257812 1037.30004882812 1039.91967773438 1041.59411621094 1045.9169921875 1049.68127441406 1055.09301757812 1061.51806640625 1067.40808105469 1074.81994628906 1078.703125 1082.48120117188 1079.45178222656 1064.15966796875 1057.75451660156 1055.22741699219 1052.75146484375 1053.00671386719 1054.25183105469 1053.42004394531 -3.4e+38 -3.4e+38 -3.4e+38 1051.9228515625 1053.13342285156 1054.47607421875 -3.4e+38 -3.4e+38 -3.4e+38 -3.4e+38 -3.4e+38 -3.4e+38 -3.4e+38 -3.4e+38 -3.4e+38 -3.4e+38
959.558288574219 964.354858398438 970.816101074219 976.440673828125 980.334289550781 983.531127929688 990.294738769531 998.954162597656 1006.02905273438 1006.80151367188 1004.38720703125 1017.26635742188 1026.75659179688 1033.92016601562 1036.59924316406 1036.09216308594 1039.51318359375 1043.072265625 1047.01123046875 1052.92858886719 1059.31652832031 1064.9462890625 1073.5546875 1078.74328613281 1082.6279296875 1077.65625 1062.94079589844 1056.80651855469 1052.99548339844 1051.28015136719 1051.80798339844 -3.4e+38 -3.4e+38 -3.4e+38 -3.4e+38 -3.4e+38 -3.4e+38 1054.49157714844 1057.09191894531 1054.85412597656 -3.4e+38 -3.4e+38 -3.4e+38 -3.4e+38 -3.4e+38 -3.4e+38 -3.4e+38 -3.4e+38 -3.4e+38
958.407958984375 962.556945800781 970.116149902344 976.117614746094 981.906616210938 987.045349121094 992.306518554688 997.935546875 1001.22393798828 1002.02008056641 1001.2392578125 1014.35131835938 1020.68048095703 1026.57934570312 1033.18249511719 1034.88024902344 1036.33935546875 1039.81433105469 1044.83142089844 1050.48901367188 1056.62683105469 1060.02587890625 1071.86840820312 1077.84521484375 1080.55249023438 1071.30688476562 1060.06408691406 1053.26025390625 1050.88598632812 -3.4e+38 -3.4e+38 -3.4e+38 -3.4e+38 -3.4e+38 -3.4e+38 -3.4e+38 -3.4e+38 1056.16918945312 1058.61376953125 1060.75073242188 -3.4e+38 -3.4e+38 -3.4e+38 -3.4e+38 -3.4e+38 -3.4e+38 -3.4e+38 -3.4e+38 -3.4e+38
957.705444335938 961.002807617188 967.025939941406 974.536560058594 981.297973632812 988.764770507812 997.26806640625 998.47314453125 998.739624023438 999.000915527344 1000.03582763672 1009.41979980469 1014.88262939453 1021.65881347656 1026.56188964844 1029.50256347656 1032.97058105469 1037.74426269531 1043.55285644531 1049.78930664062 1053.6767578125 1056.5576171875 1070.27062988281 1074.583984375 1072.19421386719 -3.4e+38 1054.72741699219 1050.43395996094 1048.84008789062 -3.4e+38 -3.4e+38 -3.4e+38 -3.4e+38 -3.4e+38 1052.04614257812 1053.04846191406 1055.07702636719 1055.88269042969 -3.4e+38 -3.4e+38 -3.4e+38 -3.4e+38 -3.4e+38 -3.4e+38 -3.4e+38 -3.4e+38 -3.4e+38 -3.4e+38 -3.4e+38
956.121032714844 959.620422363281 964.443481445312 -3.4e+38 979.702758789062 989.316345214844 997.461364746094 995.853210449219 995.999145507812 997.116516113281 999.292114257812 1006.44860839844 1010.82891845703 1017.77233886719 1023.82238769531 1025.08557128906 1030.73864746094 1036.90209960938 1041.45715332031 1047.66723632812 1050.24182128906 1054.34460449219 1058.40344238281 1065.25134277344 1064.37072753906 1055.09155273438 1049.65417480469 1048.47375488281 1047.08813476562 -3.4e+38 -3.4e+38 -3.4e+38 -3.4e+38 1051.80590820312 1052.97644042969 1055.24035644531 1056.16198730469 1055.58190917969 -3.4e+38 -3.4e+38 -3.4e+38 -3.4e+38 -3.4e+38 -3.4e+38 -3.4e+38 -3.4e+38 -3.4e+38 -3.4e+38 1076.04162597656
954.317687988281 958.974426269531 964.082397460938 970.000305175781 977.015869140625 987.155395507812 994.329711914062 994.098449707031 993.347717285156 995.458312988281 998.211242675781 1004.83026123047 1009.83813476562 1015.48590087891 1020.39611816406 1023.66571044922 1030.57373046875 1037.22448730469 1042.35180664062 1045.83483886719 1045.52111816406 1048.98596191406 -3.4e+38 1054.49279785156 1054.419921875 1048.1806640625 1045.79211425781 1044.94738769531 1045.01513671875 1045.21545410156 -3.4e+38 -3.4e+38 -3.4e+38 1050.908203125 1052.6474609375 1055.31384277344 1056.18579101562 1057.19995117188 -3.4e+38 -3.4e+38 -3.4e+38 -3.4e+38 -3.4e+38 -3.4e+38 -3.4e+38 -3.4e+38 -3.4e+38 -3.4e+38 1077.37036132812
1146.26989746094 1416.53332519531 961.416625976562 968.145690917969 974.786071777344 984.668579101562 988.826599121094 987.250244140625 989.811096191406 994.489379882812 997.198791503906 1001.72406005859 1004.04156494141 1009.56793212891 1018.60266113281 1029.79565429688 1032.47387695312 1032.59301757812 1031.09936523438 1035.32153320312 1039.55456542969 1036.11572265625 1038.43688964844 -3.4e+38 1038.00073242188 1039.2314453125 1040.18298339844 1040.86315917969 1041.97900390625 1042.96606445312 1044.3115234375 -3.4e+38 -3.4e+38 -3.4e+38 -3.4e+38 1053.93957519531 1055.98168945312 -3.4e+38 -3.4e+38 -3.4e+38 -3.4e+38 -3.4e+38 -3.4e+38 -3.4e+38 -3.4e+38 -3.4e+38 -3.4e+38 -3.4e+38 -3.4e+38
1297.15747070312 1776.95983886719 959.367492675781 967.274780273438 974.849304199219 982.373657226562 984.739562988281 986.674926757812 989.000793457031 994.391418457031 997.64404296875 999.29736328125 1002.36273193359 1011.22479248047 1023.59826660156 1032.53405761719 1030.74084472656 1027.46850585938 1028.14050292969 1031.80322265625 1033.41784667969 1033.8544921875 1030.59643554688 1032.20568847656 1035.12487792969 1036.29626464844 1037.1220703125 1039.20336914062 1040.763671875 1042.53515625 1043.85302734375 1045.96252441406 1048.70446777344 1052.31274414062 1054.06005859375 -3.4e+38 1055.6650390625 -3.4e+38 -3.4e+38 -3.4e+38 -3.4e+38 -3.4e+38 -3.4e+38 -3.4e+38 -3.4e+38 -3.4e+38 -3.4e+38 -3.4e+38 1081.48120117188
1754.01599121094 1773.00207519531 957.150939941406 964.651245117188 972.768920898438 978.685974121094 983.464538574219 987.11669921875 989.020141601562 992.925964355469 994.802490234375 998.815002441406 1002.33404541016 1013.60070800781 1027.11254882812 1030.6650390625 1026.05395507812 1022.75842285156 1024.2890625 1023.80096435547 1025.20336914062 1027.93481445312 1028.73461914062 1029.66125488281 1031.87292480469 1034.04870605469 1035.20532226562 1038.05200195312 1039.47180175781 1041.87658691406 1043.51354980469 1046.24768066406 1048.7998046875 1052.85217285156 1053.6787109375 1053.98400878906 1055.96716308594 1057.74523925781 -3.4e+38 -3.4e+38 -3.4e+38 -3.4e+38 -3.4e+38 -3.4e+38 -3.4e+38 -3.4e+38 -3.4e+38 -3.4e+38 1083.18920898438
1459.78674316406 -3.4e+38 955.559814453125 961.63134765625 968.271850585938 974.287536621094 981.55224609375 986.578857421875 987.731872558594 988.343078613281 990.287353515625 999.333740234375 1002.23345947266 1011.69604492188 1025.68090820312 1026.72595214844 1015.25769042969 1019.41021728516 1025.1064453125 1016.12213134766 1020.87652587891 1026.34326171875 1025.73583984375 1028.35607910156 1029.42297363281 1031.69226074219 1033.86181640625 1036.3291015625 1038.44921875 1040.86108398438 1043.59033203125 1047.70642089844 1050.30578613281 1052.60339355469 1052.29077148438 1053.95776367188 1055.98315429688 1057.68237304688 1059.20373535156 1062.24951171875 1063.91174316406 1066.18334960938 1068.26147460938 -3.4e+38 -3.4e+38 1076.82189941406 -3.4e+38 -3.4e+38 1084.72399902344
