rcp8.5models/GFDL_CM3/sc1gr10.18
NCOLS 261 
NROWS 433 
XLLCORNER 336357.134 
YLLCORNER 654653.479 
CELLSIZE 1000 
NODATA_value -3.4e+38 
[rows 264 to 285 of 433, columns 196 to 244 of 261]
1583.00256347656 1588.71423339844 1592.25695800781 1600.75915527344 1600.11767578125 1601.11584472656 1602.14392089844 1620.46423339844 1622.67504882812 1632.12341308594 1639.61413574219 1640.00964355469 1639.46276855469 1663.93017578125 1707.943359375 1714.33081054688 1712.19409179688 1704.0068359375 1674.46813964844 1672.75219726562 1676.49243164062 1690.79284667969 1724.48352050781 1752.57104492188 1727.86376953125 1693.40710449219 1696.61169433594 1698.43774414062 1687.25134277344 1684.01000976562 1721.31103515625 1713.71899414062 -3.4e+38 -3.4e+38 1688.72399902344 1686.33752441406 1687.28698730469 1688.47998046875 1689.42443847656 1688.67578125 1691.86608886719 1694.54284667969 1692.65954589844 1691.76696777344 1689.89013671875 1690.59240722656 1691.36853027344 1692.89428710938 1693.1357421875
1571.90380859375 1580.23779296875 1589.22937011719 1592.51245117188 1593.09167480469 1592.01293945312 1597.65612792969 1617.15612792969 1619.52124023438 1628.3857421875 1638.57348632812 1639.111328125 1634.60009765625 1655.20300292969 1689.85546875 1698.19677734375 1681.02087402344 1678.22888183594 1669.77270507812 1667.98486328125 1675.17956542969 1685.68505859375 1707.98986816406 1718.52087402344 1710.74194335938 1684.53833007812 1686.20385742188 1681.95617675781 1679.60864257812 1679.54040527344 1682.71215820312 1684.36303710938 1686.80297851562 1687.73937988281 1686.51672363281 1687.3505859375 1686.40502929688 1686.951171875 1690.71801757812 1688.99475097656 1689.02770996094 1690.31225585938 1689.04553222656 1686.90869140625 1686.126953125 1687.38708496094 1689.82006835938 1691.30883789062 1691.00756835938
1550.05627441406 1556.53515625 1564.09875488281 1568.35229492188 1570.18139648438 1574.24438476562 1585.19836425781 1615.92602539062 1632.33459472656 1629.66906738281 1624.60144042969 1623.07275390625 1622.94372558594 1638.25329589844 1657.17993164062 1665.65307617188 1671.38134765625 1661.00256347656 1658.76086425781 1667.70153808594 1680.138671875 1687.12170410156 1668.67016601562 1672.14855957031 1678.20275878906 1682.71118164062 1683.48010253906 1696.5830078125 1684.28332519531 1681.86364746094 1677.8564453125 1683.85583496094 1686.453125 1686.54223632812 1684.1220703125 1685.6806640625 1682.89685058594 1681.33459472656 1682.4267578125 1683.109375 1683.47912597656 1677.52001953125 1677.86279296875 1678.88854980469 1681.5361328125 1682.55517578125 1687.3603515625 1689.27087402344 1690.36328125
1541.52368164062 1545.02233886719 1551.65417480469 1557.47192382812 1562.61157226562 1568.67785644531 1580.6181640625 1607.5390625 1627.67163085938 1626.46398925781 1615.86389160156 1615.63708496094 1620.64880371094 1643.03930664062 1670.70959472656 1676.53186035156 1677.46520996094 1652.64453125 1685.21606445312 1691.09558105469 1701.75939941406 1700.08325195312 1668.77368164062 1685.92321777344 1692.35083007812 1676.47546386719 1675.52111816406 1687.58154296875 1688.93212890625 1684.33715820312 1679.74157714844 1688.80895996094 1689.26062011719 1685.64428710938 1680.86987304688 1680.04919433594 1676.90759277344 1675.27856445312 1674.50451660156 1674.55993652344 1674.41613769531 1673.92749023438 1674.56530761719 1678.48864746094 1680.38354492188 1680.46960449219 1687.32885742188 1689.27844238281 1688.27038574219
1533.78979492188 1538.81018066406 1546.15698242188 1552.41186523438 1557.68188476562 1562.17297363281 1577.02758789062 1606.5224609375 1619.11499023438 1617.17102050781 1608.74951171875 1609.10571289062 1614.39135742188 1635.810546875 1670.20324707031 1676.6435546875 1670.00573730469 1641.50537109375 1702.40856933594 1708.94299316406 1710.982421875 1695.45361328125 1668.98205566406 1682.103515625 1688.47436523438 1672.28649902344 1669.00048828125 1680.78466796875 1686.85583496094 1683.51684570312 1683.09240722656 1690.73913574219 1689.87512207031 1682.19152832031 1674.95874023438 1673.99877929688 1674.923828125 1672.54138183594 1668.54577636719 1667.44348144531 1668.28723144531 1672.85278320312 1675.38830566406 1675.984375 1676.06762695312 1677.17102050781 1681.78344726562 1685.54797363281 1682.5
1527.48889160156 1535.84692382812 1541.37561035156 1545.39477539062 1549.66625976562 1555.93041992188 1573.22375488281 1607.08947753906 1613.70178222656 1611.27124023438 1603.705078125 1605.20300292969 1607.25048828125 1615.8759765625 1641.53088378906 1655.12756347656 1647.75415039062 1635.13293457031 1695.36560058594 1702.97888183594 1706.91772460938 1695.71630859375 1669.29040527344 1665.30810546875 1672.62585449219 1669.37902832031 1670.11450195312 1677.90405273438 1684.8798828125 1683.38110351562 1693.23791503906 1704.59069824219 1694.60327148438 1673.93933105469 1667.63525390625 1666.43615722656 1668.55505371094 1666.44165039062 1663.77026367188 1663.05053710938 1664.66333007812 1671.6279296875 1675.97216796875 1675.3583984375 1674.1240234375 1675.75817871094 1676.82836914062 1681.33422851562 1677.88037109375
1519.50158691406 1528.70068359375 1533.42626953125 1536.31665039062 1540.447265625 1549.20727539062 1560.49877929688 1598.80505371094 1607.85144042969 1606.45556640625 1595.95397949219 1598.1865234375 1599.68994140625 1603.1337890625 1615.78930664062 1630.15344238281 1629.892578125 1631.50170898438 1688.41149902344 1693.67419433594 1700.11352539062 1700.65905761719 1684.71752929688 1661.15026855469 1670.10803222656 1678.45043945312 1682.21240234375 1673.31689453125 1676.62365722656 1681.94104003906 1722.80639648438 1715.11193847656 1677.73779296875 1663.38830566406 1659.68579101562 1658.45495605469 1659.28247070312 1658.06701660156 1659.021484375 1659.05883789062 1660.34997558594 1667.52209472656 1672.07189941406 1675.50366210938 1673.88854980469 1673.04650878906 1675.32446289062 1675.78479003906 1672.38269042969
1510.87951660156 1519.43566894531 1525.51818847656 1528.4130859375 1531.68432617188 1543.55078125 1553.15246582031 1581.30322265625 1599.00720214844 1599.91076660156 1589.29663085938 1589.76879882812 1590.58239746094 1597.33642578125 1610.96435546875 1617.70068359375 1621.22827148438 1628.57543945312 1678.3779296875 1682.72338867188 1688.41015625 1694.16235351562 1696.38598632812 1683.79370117188 1686.21374511719 1687.83483886719 1682.94140625 1662.59582519531 1663.96447753906 1670.86694335938 1690.49108886719 1676.80151367188 1654.75720214844 1653.22436523438 1652.07543945312 1651.63110351562 1652.42077636719 1653.2158203125 1654.61437988281 1656.240234375 1658.16931152344 1664.52758789062 1669.60314941406 1672.60485839844 1671.7802734375 1667.75341796875 1670.86450195312 1670.91027832031 1667.91284179688
1503.76647949219 1511.69165039062 1519.5966796875 1519.80358886719 1525.65173339844 1538.88293457031 1557.31689453125 1571.32409667969 1581.40747070312 1588.548828125 1591.01171875 1584.3779296875 1583.84704589844 1590.54968261719 1604.74133300781 1609.32055664062 1615.57800292969 1636.060546875 1667.77648925781 1678.53796386719 1681.93041992188 1683.81237792969 1692.54626464844 1693.95776367188 1679.94226074219 1679.4453125 1659.72705078125 1650.47351074219 1653.31518554688 1654.22082519531 1647.79846191406 1646.21850585938 1646.00646972656 1645.85327148438 1645.87341308594 1646.88684082031 1648.94641113281 1648.43774414062 1651.591796875 1654.01647949219 1656.4267578125 1665.24670410156 1669.75378417969 1667.96508789062 1665.654296875 1665.51635742188 1663.55908203125 -3.4e+38 1663.29223632812
1496.44018554688 1502.40966796875 1507.06286621094 1510.68420410156 1524.88891601562 1539.70764160156 1555.38781738281 1568.90063476562 1571.39733886719 1578.75842285156 1583.50073242188 1577.59692382812 1577.30871582031 1582.77185058594 1596.28564453125 1607.04760742188 1611.32775878906 1626.21142578125 1655.01416015625 1672.70861816406 1671.32885742188 1670.01489257812 1660.15893554688 1660.37768554688 1652.26611328125 1657.70275878906 1642.74560546875 1641.58508300781 1642.69458007812 1641.47326660156 1648.8466796875 1647.81018066406 1641.66198730469 1640.54602050781 1641.95812988281 1646.48010253906 1647.89196777344 1646.39880371094 1651.05480957031 1651.42590332031 1654.2978515625 1663.9130859375 1665.34460449219 1661.93347167969 1659.98596191406 1662.00354003906 1658.87951660156 1659.57409667969 1659.18640136719
1486.74279785156 1490.19104003906 1494.60913085938 1505.85693359375 1523.06530761719 1537.20715332031 1546.02124023438 1561.2685546875 1569.02941894531 1571.38269042969 1569.58923339844 1569.16906738281 1570.53210449219 1575.43029785156 1588.16687011719 1603.54907226562 1605.30383300781 1607.34167480469 1647.53308105469 1662.05004882812 1665.54357910156 1668.83898925781 1661.4140625 1666.05590820312 1671.77795410156 1676.62878417969 1669.43933105469 1649.96594238281 1638.46960449219 1643.24182128906 1647.25463867188 1643.66564941406 1636.34228515625 1636.14343261719 1637.86279296875 1644.56201171875 1643.30187988281 1642.330078125 1646.35864257812 1649.55859375 1654.45947265625 1659.7236328125 1660.30773925781 1657.69555664062 1657.03002929688 1658.65954589844 1657.95776367188 1657.3134765625 1657.89672851562
1475.26770019531 1478.05541992188 1485.92736816406 1497.98510742188 1510.13305664062 1522.44091796875 1535.38891601562 1553.88647460938 1562.58386230469 1564.77001953125 1562.51354980469 1563.61962890625 1564.30200195312 1569.98901367188 1580.21374511719 1593.921875 1599.32397460938 1600.40087890625 1635.01000976562 1651.69848632812 1657.34643554688 1665.32385253906 1672.93322753906 1681.13635253906 1688.16674804688 1693.55053710938 1691.85400390625 1682.36889648438 1672.0771484375 1666.26342773438 1636.20593261719 1631.427734375 1629.42395019531 1631.65905761719 1635.54821777344 1639.67395019531 1639.91931152344 1639.3642578125 1640.39465332031 1647.43762207031 1654.3671875 1655.5927734375 1656.14514160156 1658.12133789062 1657.15771484375 1656.50927734375 1652.19299316406 1652.41442871094 1654.25524902344
1465.61767578125 1468.82470703125 1476.68664550781 1485.22058105469 1494.86218261719 1508.54162597656 1524.90844726562 1544.14929199219 1552.12683105469 1553.93115234375 1557.2265625 1555.3916015625 1558.55090332031 1568.9482421875 1573.23303222656 1586.43762207031 1598.71655273438 1595.44616699219 1616.70971679688 1633.46484375 1642.16479492188 1643.50256347656 1656.77294921875 1675.42199707031 1681.33508300781 1685.11120605469 1688.31225585938 1696.83374023438 1682.23083496094 1650.69641113281 1625.89733886719 1625.12841796875 1627.91943359375 1628.34118652344 1633.91247558594 1636.3154296875 1637.689453125 1636.12158203125 1638.02026367188 1646.07080078125 1652.81689453125 1649.15478515625 1652.7001953125 1658.44116210938 1656.90698242188 1651.06433105469 1643.9345703125 1645.15063476562 1645.35131835938
1455.77270507812 1461.28991699219 1468.98181152344 1475.51037597656 1485.11828613281 1499.78552246094 1514.68969726562 1529.89697265625 1535.88134765625 1538.76928710938 1544.74169921875 1545.42565917969 1554.04150390625 1568.90478515625 1566.5888671875 1576.91003417969 1591.4951171875 1591.90673828125 1606.29138183594 1613.12048339844 1623.85925292969 1632.59350585938 1656.37622070312 1672.29431152344 1673.46801757812 1671.43286132812 1683.96887207031 1683.62133789062 1674.61633300781 1653.75415039062 1618.01135253906 1621.81958007812 1628.29736328125 1627.91101074219 1629.62097167969 1633.00402832031 1632.4619140625 1632.6650390625 1638.44860839844 1645.03588867188 1648.43298339844 1645.283203125 1648.677734375 1650.23132324219 1647.93115234375 1642.71032714844 1638.490234375 1638.39025878906 1638.65283203125
1437.62365722656 1447.88586425781 1454.33447265625 1462.19543457031 1470.40930175781 1479.11987304688 1494.80493164062 1506.9150390625 1512.44995117188 1518.48413085938 1523.11645507812 1529.32702636719 1544.40893554688 1560.33654785156 1564.50061035156 1566.67272949219 1576.39868164062 1578.27331542969 1598.19592285156 1609.16711425781 1598.54211425781 1615.12170410156 1631.48840332031 1639.12805175781 1649.58459472656 1630.49670410156 1672.43225097656 1668.37902832031 1647.56665039062 1607.3603515625 1618.93273925781 1619.72802734375 1621.76989746094 1619.07177734375 1612.82580566406 1610.56896972656 -3.4e+38 1621.39367675781 1626.10546875 1622.73278808594 1622.0166015625 1627.91259765625 1628.38330078125 1629.28051757812 1628.03771972656 1627.6689453125 1627.87182617188 1629.93310546875 1632.03662109375
1428.39904785156 1437.25268554688 1444.50732421875 1454.57019042969 1463.92053222656 1469.30187988281 1482.68920898438 1500.72399902344 1504.37585449219 1509.22900390625 1513.65649414062 1523.45861816406 1543.87548828125 1559.84045410156 1560.65747070312 1561.27087402344 1564.17456054688 1567.59521484375 1595.42517089844 1617.03332519531 1600.74462890625 1596.1904296875 1602.54675292969 1604.43786621094 1620.0927734375 -3.4e+38 1667.41516113281 1650.84216308594 1609.93432617188 1600.82360839844 1616.0458984375 1619.63403320312 1615.35900878906 1610.65161132812 1606.21923828125 1605.39685058594 1602.76550292969 1609.54956054688 1616.25341796875 1615.37951660156 1612.55151367188 1617.92065429688 1621.30688476562 1619.82702636719 1620.17431640625 1623.45153808594 1624.9287109375 1626.74389648438 1626.8095703125
1418.41906738281 1427.4853515625 1435.55786132812 1444.22424316406 1455.47436523438 1462.33581542969 1470.58581542969 1489.33776855469 1495.82775878906 1501.224609375 1506.11047363281 1516.40344238281 1535.39794921875 1547.2685546875 1548.7099609375 1560.12707519531 1550.86328125 1555.11865234375 1582.98864746094 1608.96923828125 1610.57995605469 1589.52905273438 1586.22705078125 -3.4e+38 1590.25366210938 -3.4e+38 1658.24475097656 1639.14990234375 1590.61743164062 1595.53271484375 1610.08728027344 1612.47937011719 1606.9130859375 1602.3525390625 1599.189453125 1598.490234375 1597.6796875 1600.87585449219 1605.6650390625 1607.59204101562 1602.9482421875 1609.08203125 1616.70861816406 1617.05615234375 1614.56530761719 1617.85107421875 1620.15246582031 1621.57373046875 1622.59497070312
1408.81848144531 1418.00659179688 1426.49621582031 1433.42260742188 1444.74499511719 1455.4833984375 1463.71984863281 1476.45593261719 1487.1201171875 1496.38037109375 1501.39807128906 1517.73278808594 1529.27307128906 1535.4462890625 1539.75170898438 1550.50866699219 1538.90344238281 1544.44104003906 1576.76953125 1606.3984375 1610.32885742188 1587.26147460938 1584.10400390625 1581.44750976562 -3.4e+38 -3.4e+38 1615.95324707031 1607.69738769531 1588.82824707031 1592.43310546875 1602.75634765625 1597.244140625 1594.94128417969 1590.27587890625 -3.4e+38 1588.02478027344 1590.2294921875 -3.4e+38 1594.05920410156 1597.47924804688 1594.62817382812 1601.64282226562 1606.45129394531 1609.52868652344 1608.79699707031 1610.61547851562 1613.34936523438 1615.4951171875 1617.86474609375
1398.84399414062 1406.87451171875 1416.4951171875 1423.45935058594 1432.62365722656 1444.12390136719 1454.60314941406 1465.52746582031 1475.35925292969 1487.85375976562 1497.78796386719 1507.00732421875 1513.95947265625 1519.22570800781 1526.62463378906 1540.52478027344 1543.61499023438 1533.69165039062 1569.734375 1603.35144042969 1600.98498535156 1598.99487304688 1585.173828125 1572.98657226562 -3.4e+38 -3.4e+38 1580.07214355469 1580.96557617188 1584.32312011719 1583.794921875 1594.33239746094 1590.08020019531 1587.78942871094 1584.27856445312 -3.4e+38 1585.11901855469 1586.0625 -3.4e+38 -3.4e+38 1586.73852539062 -3.4e+38 1595.08630371094 1596.5400390625 1599.50073242188 1602.02758789062 1604.60681152344 1608.17687988281 1610.16430664062 1612.75573730469
1387.50378417969 1392.21459960938 1402.15075683594 1411.80358886719 1421.07385253906 1432.76770019531 1443.06811523438 1458.18920898438 1466.69445800781 1475.8447265625 1487.14562988281 1489.15747070312 1497.53076171875 1505.21704101562 1519.669921875 1528.45422363281 1535.17956542969 1524.34765625 1551.65087890625 1581.37878417969 1600.14978027344 1608.63464355469 1595.68798828125 1565.04064941406 1563.44799804688 1563.27600097656 1571.07727050781 1574.82116699219 1572.04968261719 1569.99780273438 1584.16430664062 1583.10913085938 1584.06481933594 1580.27355957031 1579.69140625 1586.67651367188 1584.35095214844 1577.34240722656 1576.19177246094 1578.21240234375 1580.90173339844 1587.77587890625 1590.06127929688 1592.78735351562 1595.65612792969 1599.22570800781 1602.94567871094 1605.14929199219 1607.87854003906
1374.30688476562 1378.66906738281 1391.0732421875 1402.390625 1409.623046875 1422.39892578125 1432.91186523438 1452.18530273438 1461.97924804688 1466.75036621094 1474.79382324219 1479.89990234375 1493.92102050781 1497.7822265625 1519.64721679688 1515.89721679688 1519.01965332031 1515.64123535156 1537.91040039062 1567.91003417969 1600.20678710938 1600.45483398438 1583.56970214844 1556.79223632812 1554.4677734375 1552.63354492188 1563.69226074219 1568.10034179688 1563.67102050781 1557.9931640625 1574.32995605469 1568.50659179688 1572.58508300781 1571.96228027344 1572.79321289062 1578.85131835938 1579.86193847656 1568.22155761719 1569.24108886719 1571.4111328125 1573.46154785156 1581.1533203125 1583.71984863281 1586.33203125 1590.67895507812 1593.84411621094 1596.82568359375 1599.87463378906 1603.46997070312
1358.67517089844 1367.80505371094 1381.55517578125 1394.0703125 1398.67883300781 1411.81494140625 1422.78991699219 1442.3974609375 1451.88989257812 1454.85778808594 1465.7021484375 1467.73181152344 1481.89526367188 1492.96398925781 1502.70227050781 1504.267578125 1509.14221191406 1504.39428710938 1525.61779785156 1560.83898925781 1584.85229492188 1563.25244140625 1550.04968261719 1541.40222167969 1541.80871582031 1542.82629394531 1551.15588378906 1559.78356933594 1556.11987304688 1549.34912109375 1560.78674316406 1561.67077636719 1559.17236328125 1560.60278320312 1561.93103027344 1564.96118164062 1569.07531738281 1560.35107421875 1562.65893554688 1564.40600585938 1567.96691894531 1576.94226074219 1579.03955078125 1580.34765625 1585.30895996094 1587.85852050781 1590.43383789062 1594.91955566406 -3.4e+38
