rcp4.5models/MPi_ESM_LR/age.37
ncols    261
nrows    433
xllcorner  336357.125000
yllcorner  654653.500000
cellsize   1000.000000
NODATA_value   -9999
[rows 156 to 194 of 433, columns 89 to 177 of 261]
36 19 40 42 19 19 36 40 42 41 -9999 1 41 12 42 15 1 1 1 31 1 1 31 38 1 1 1 40 1 9 1 39 38 1 15 9 41 41 12 18 18 7 42 38 42 40 16 6 -9999 39 22 22 20 39 22 38 40 41 6 9 6 6 6 6 38 39 42 39 39 -9999 -9999 -9999 -9999 -9999 -9999 -9999 -9999 -9999 -9999 1 1 32 31 36 31 -9999 -9999 -9999 -9999
36 36 19 25 36 25 41 40 40 1 36 1 20 41 1 20 1 1 1 1 1 1 15 31 1 42 41 1 1 1 41 20 41 42 15 39 39 15 42 42 42 7 42 9 15 9 41 6 6 6 39 9 9 9 6 42 38 38 38 9 6 42 40 39 41 39 40 39 -9999 -9999 -9999 -9999 -9999 -9999 -9999 -9999 -9999 -9999 1 9 15 10 41 39 41 -9999 -9999 -9999 -9999
41 40 38 38 1 36 39 36 36 36 1 42 1 1 20 16 15 1 1 1 41 1 26 15 12 41 38 30 20 1 1 1 31 15 1 1 12 18 18 32 -9999 -9999 -9999 -9999 6 9 39 15 26 9 32 9 9 26 9 -9999 -9999 41 6 9 6 38 40 40 38 42 38 -9999 -9999 -9999 -9999 -9999 -9999 -9999 -9999 32 -9999 29 38 31 1 42 40 38 -9999 -9999 -9999 -9999 -9999
1 41 19 39 19 40 36 19 19 36 1 1 1 -9999 -9999 31 -9999 1 31 1 39 12 12 42 -9999 -9999 -9999 -9999 41 1 9 15 1 1 1 12 9 9 32 9 -9999 -9999 -9999 22 20 38 42 9 32 9 9 9 9 9 6 6 -9999 6 6 6 40 40 38 41 42 38 40 -9999 -9999 -9999 -9999 -9999 -9999 -9999 6 -9999 -9999 36 34 39 31 31 31 -9999 -9999 -9999 -9999 -9999 -9999
1 19 1 1 19 19 36 36 36 1 41 39 -9999 -9999 -9999 -9999 -9999 -9999 -9999 -9999 32 12 12 -9999 -9999 -9999 -9999 32 12 32 1 12 31 16 16 1 9 20 9 9 -9999 -9999 -9999 -9999 9 15 15 9 6 39 39 6 38 22 42 41 -9999 -9999 -9999 -9999 39 41 39 42 39 38 40 -9999 -9999 -9999 -9999 -9999 -9999 -9999 15 -9999 38 34 10 39 39 31 -9999 -9999 -9999 -9999 -9999 -9999 -9999
42 36 42 36 19 42 40 39 38 38 39 41 42 -9999 -9999 -9999 -9999 -9999 -9999 -9999 12 12 40 -9999 -9999 -9999 1 1 1 1 1 40 20 20 20 31 38 20 42 31 -9999 39 -9999 31 42 40 41 9 9 38 20 39 40 40 40 -9999 -9999 -9999 -9999 -9999 42 40 42 39 39 38 39 -9999 -9999 -9999 -9999 -9999 -9999 -9999 29 40 42 15 41 41 1 -9999 -9999 -9999 -9999 -9999 -9999 -9999 -9999
42 12 1 36 1 39 38 40 39 42 38 41 -9999 -9999 -9999 -9999 -9999 -9999 -9999 -9999 31 1 12 -9999 -9999 -9999 1 41 39 31 1 1 39 20 1 32 41 20 6 31 9 38 15 32 9 38 12 9 6 38 30 39 40 39 40 -9999 -9999 -9999 -9999 -9999 40 39 39 42 41 42 -9999 -9999 -9999 -9999 -9999 -9999 -9999 -9999 -9999 42 38 32 39 40 42 -9999 -9999 -9999 -9999 -9999 -9999 -9999 -9999
1 39 -9999 -9999 -9999 41 40 41 40 39 41 39 -9999 -9999 -9999 -9999 -9999 -9999 -9999 -9999 -9999 -9999 12 1 38 40 31 1 1 40 38 38 1 1 42 15 40 38 9 32 9 39 32 40 41 9 9 41 42 32 40 37 42 40 41 -9999 -9999 -9999 -9999 -9999 40 42 38 40 39 38 -9999 -9999 -9999 -9999 -9999 -9999 -9999 -9999 40 39 40 40 42 39 42 -9999 -9999 -9999 -9999 -9999 -9999 -9999 -9999
1 41 -9999 -9999 -9999 42 39 40 40 42 40 41 41 16 15 12 12 1 12 12 -9999 -9999 31 12 -9999 9 38 32 1 42 32 41 9 12 40 40 12 39 40 9 4 20 38 42 40 12 9 9 15 32 6 42 40 38 -9999 -9999 -9999 -9999 -9999 -9999 42 39 40 41 41 38 40 -9999 -9999 -9999 32 -9999 -9999 1 41 40 39 32 38 15 -9999 -9999 -9999 -9999 -9999 -9999 -9999 -9999 -9999
42 36 -9999 -9999 -9999 -9999 42 40 42 42 42 39 16 12 12 1 1 1 1 12 1 40 42 38 1 3 9 41 31 31 1 39 41 9 9 20 1 41 12 9 39 20 39 18 26 32 41 7 38 7 6 42 39 40 -9999 -9999 -9999 -9999 -9999 -9999 40 41 42 38 40 39 42 39 -9999 -9999 9 30 1 1 42 32 32 42 30 -9999 -9999 -9999 -9999 -9999 -9999 -9999 10 -9999 -9999
38 39 -9999 -9999 -9999 39 42 38 42 41 40 41 40 1 1 1 12 31 39 40 12 3 3 39 -9999 -9999 32 38 1 1 1 1 15 32 1 20 9 41 1 9 41 40 9 18 12 12 9 12 9 7 9 30 42 38 -9999 -9999 -9999 -9999 -9999 -9999 41 40 42 41 41 39 -9999 -9999 -9999 -9999 30 -9999 1 1 32 26 42 -9999 -9999 -9999 -9999 -9999 -9999 -9999 -9999 -9999 -9999 -9999 -9999
36 -9999 -9999 -9999 -9999 38 41 42 39 38 39 42 42 31 41 1 38 20 12 42 1 9 40 -9999 -9999 -9999 41 9 12 31 38 42 36 31 1 39 39 1 42 42 38 40 12 12 31 12 1 12 15 42 9 6 37 -9999 -9999 -9999 -9999 -9999 -9999 -9999 38 39 41 39 39 -9999 -9999 -9999 -9999 -9999 -9999 1 -9999 -9999 -9999 -9999 -9999 -9999 -9999 -9999 -9999 -9999 -9999 -9999 -9999 39 -9999 -9999 -9999
1 -9999 -9999 -9999 -9999 40 39 41 40 38 40 41 38 41 36 36 39 1 1 1 12 41 31 39 42 42 12 9 9 32 12 12 42 31 31 32 20 20 31 15 1 32 31 41 12 15 12 31 38 15 9 6 39 -9999 -9999 -9999 -9999 -9999 -9999 -9999 6 6 6 40 -9999 -9999 -9999 -9999 -9999 -9999 -9999 9 -9999 -9999 -9999 -9999 -9999 -9999 -9999 -9999 -9999 -9999 -9999 -9999 -9999 30 -9999 -9999 -9999
1 -9999 -9999 -9999 39 38 42 42 42 38 40 38 41 40 41 36 1 1 12 1 1 42 12 12 1 1 31 9 1 9 9 15 20 40 31 15 12 38 1 18 12 1 12 12 1 1 12 15 15 15 9 22 42 38 -9999 -9999 -9999 -9999 -9999 -9999 6 41 42 42 -9999 -9999 -9999 -9999 -9999 -9999 6 6 -9999 -9999 -9999 -9999 -9999 -9999 -9999 -9999 -9999 -9999 -9999 -9999 -9999 -9999 -9999 -9999 -9999
1 1 1 -9999 1 40 38 38 41 39 41 41 38 40 1 19 41 1 1 1 3 30 -9999 -9999 -9999 12 1 9 1 12 38 12 1 1 1 32 1 1 42 39 7 1 31 1 1 16 15 15 32 1 39 39 40 -9999 -9999 -9999 -9999 -9999 -9999 -9999 -9999 38 42 40 -9999 -9999 -9999 -9999 -9999 -9999 -9999 6 9 -9999 -9999 -9999 -9999 -9999 -9999 -9999 -9999 -9999 -9999 -9999 -9999 -9999 -9999 -9999 -9999
40 1 1 1 -9999 12 1 39 41 39 39 40 42 1 1 31 1 19 1 1 40 20 -9999 42 -9999 31 12 38 31 32 32 40 1 1 31 1 1 1 40 20 1 1 38 12 31 39 39 15 40 9 40 22 38 -9999 -9999 -9999 -9999 -9999 -9999 -9999 -9999 40 40 38 -9999 -9999 -9999 -9999 -9999 -9999 -9999 -9999 9 -9999 -9999 -9999 -9999 -9999 -9999 -9999 -9999 -9999 -9999 -9999 -9999 -9999 -9999 -9999 -9999
19 1 1 -9999 -9999 12 1 12 1 42 39 41 39 1 36 1 38 1 1 1 -9999 -9999 -9999 -9999 42 42 3 41 32 1 40 32 40 1 12 1 31 1 1 31 42 1 12 31 39 1 42 32 1 -9999 42 42 40 -9999 -9999 -9999 -9999 -9999 -9999 -9999 -9999 -9999 -9999 -9999 -9999 -9999 9 -9999 -9999 -9999 -9999 -9999 6 -9999 -9999 -9999 -9999 -9999 -9999 -9999 -9999 -9999 -9999 -9999 -9999 -9999 -9999 -9999 -9999
1 1 36 -9999 -9999 1 1 42 1 1 1 1 12 36 1 1 1 -9999 31 12 39 42 12 31 3 40 3 3 39 12 41 31 40 38 38 1 32 32 1 1 1 36 12 31 12 9 32 15 9 -9999 39 42 39 -9999 -9999 -9999 -9999 -9999 -9999 -9999 -9999 -9999 -9999 -9999 -9999 -9999 -9999 -9999 -9999 -9999 -9999 -9999 6 32 -9999 -9999 -9999 -9999 -9999 -9999 -9999 -9999 -9999 -9999 -9999 -9999 42 -9999 -9999
19 1 1 1 1 1 1 39 1 1 1 1 1 42 31 32 12 -9999 32 42 40 3 1 12 40 40 39 41 9 1 12 12 31 1 42 31 1 1 1 32 31 15 1 32 15 40 1 15 7 9 4 39 -9999 -9999 -9999 -9999 -9999 -9999 -9999 -9999 -9999 -9999 -9999 -9999 -9999 6 -9999 -9999 -9999 -9999 -9999 -9999 6 -9999 -9999 -9999 -9999 -9999 -9999 -9999 -9999 -9999 -9999 -9999 -9999 -9999 30 38 -9999
19 1 40 39 1 1 1 1 1 1 1 1 1 40 42 1 -9999 -9999 -9999 42 40 39 31 12 12 42 1 9 38 15 15 12 12 1 1 26 -9999 15 32 7 32 31 12 29 41 41 39 41 9 6 37 39 -9999 -9999 -9999 -9999 -9999 -9999 -9999 -9999 -9999 -9999 -9999 -9999 -9999 -9999 -9999 -9999 -9999 -9999 -9999 -9999 -9999 -9999 -9999 -9999 -9999 -9999 -9999 -9999 -9999 -9999 -9999 -9999 -9999 -9999 -9999 -9999 -9999
36 1 1 1 39 32 31 1 1 1 1 1 1 1 1 1 -9999 -9999 -9999 32 9 31 12 -9999 31 42 9 9 16 42 32 15 15 20 39 12 9 9 42 9 18 32 1 38 12 32 12 9 9 4 30 41 -9999 -9999 -9999 -9999 -9999 -9999 -9999 -9999 -9999 -9999 -9999 -9999 -9999 -9999 -9999 -9999 -9999 -9999 -9999 -9999 -9999 -9999 -9999 -9999 -9999 -9999 -9999 -9999 -9999 -9999 -9999 -9999 -9999 -9999 -9999 -9999 -9999
12 1 1 31 1 1 31 31 1 1 1 1 1 32 1 1 1 12 9 9 9 15 12 32 32 -9999 31 31 -9999 39 41 9 32 31 31 42 12 38 32 32 40 15 1 12 12 1 12 9 41 30 27 -9999 -9999 -9999 -9999 -9999 -9999 -9999 -9999 -9999 -9999 -9999 -9999 -9999 -9999 -9999 -9999 -9999 -9999 -9999 -9999 -9999 -9999 -9999 -9999 -9999 -9999 -9999 -9999 -9999 -9999 -9999 -9999 -9999 -9999 -9999 -9999 -9999 -9999
1 38 1 12 1 31 12 15 12 31 1 -9999 -9999 1 1 1 1 9 9 9 1 9 15 42 38 12 -9999 38 9 38 32 18 32 19 9 12 40 31 12 12 9 12 12 40 -9999 39 41 1 9 30 39 -9999 -9999 -9999 -9999 -9999 -9999 -9999 -9999 -9999 -9999 -9999 6 -9999 -9999 -9999 -9999 -9999 -9999 -9999 -9999 -9999 -9999 -9999 -9999 -9999 -9999 -9999 -9999 41 29 31 6 -9999 34 39 -9999 -9999 -9999
1 1 12 32 -9999 -9999 40 31 20 -9999 1 31 -9999 1 1 1 -9999 9 1 1 31 31 12 16 12 12 -9999 31 38 31 31 15 12 12 -9999 9 12 -9999 32 42 12 40 39 -9999 -9999 -9999 39 41 4 40 39 -9999 -9999 -9999 -9999 -9999 -9999 -9999 -9999 -9999 -9999 -9999 -9999 -9999 -9999 40 -9999 -9999 -9999 -9999 -9999 -9999 -9999 -9999 -9999 -9999 -9999 42 41 29 9 38 6 38 10 10 -9999 -9999 -9999
1 1 16 12 1 -9999 -9999 31 -9999 -9999 42 31 16 15 12 1 1 9 9 1 12 31 1 1 12 12 12 20 3 12 12 12 40 31 9 32 12 -9999 39 40 12 12 12 7 -9999 38 32 38 30 38 38 -9999 -9999 -9999 -9999 -9999 -9999 -9999 -9999 -9999 -9999 -9999 -9999 -9999 -9999 -9999 -9999 -9999 -9999 38 -9999 -9999 -9999 -9999 -9999 6 41 34 39 39 32 1 39 34 31 6 6 -9999 -9999
1 12 12 12 4 1 -9999 12 32 -9999 -9999 32 3 3 32 3 12 1 31 1 12 7 12 9 31 3 31 32 12 12 4 16 41 4 12 31 32 15 9 38 39 9 7 32 -9999 38 32 9 9 42 -9999 -9999 -9999 -9999 -9999 -9999 -9999 -9999 -9999 -9999 -9999 -9999 -9999 39 -9999 -9999 -9999 -9999 -9999 -9999 -9999 -9999 6 6 29 6 41 32 34 42 36 40 36 41 38 9 6 6 38
31 12 1 12 32 12 12 -9999 -9999 42 -9999 12 39 3 12 12 31 31 12 12 42 1 1 38 12 9 9 39 1 1 31 31 32 32 -9999 -9999 38 31 32 9 41 9 39 20 20 42 4 9 20 42 -9999 -9999 -9999 -9999 -9999 -9999 -9999 -9999 -9999 -9999 -9999 -9999 -9999 -9999 -9999 -9999 -9999 -9999 -9999 -9999 9 39 23 32 42 9 9 40 34 36 41 -9999 36 38 1 6 6 38 40
1 1 1 1 12 12 12 1 -9999 -9999 -9999 -9999 41 15 12 31 42 3 3 9 9 9 12 1 32 12 12 12 9 9 3 12 15 -9999 -9999 -9999 -9999 41 39 4 4 9 39 39 22 42 4 6 42 -9999 -9999 -9999 -9999 -9999 -9999 -9999 -9999 -9999 -9999 -9999 -9999 -9999 -9999 -9999 -9999 -9999 -9999 -9999 -9999 -9999 40 1 31 32 34 1 40 41 32 38 1 32 29 41 9 6 40 38 -9999
1 1 1 1 12 31 12 1 -9999 12 42 12 31 31 9 -9999 38 39 31 31 31 9 9 12 9 39 9 31 9 38 31 12 -9999 20 -9999 -9999 42 40 9 9 9 9 9 4 40 42 40 4 39 -9999 -9999 -9999 -9999 -9999 -9999 -9999 -9999 -9999 -9999 -9999 -9999 -9999 -9999 -9999 -9999 -9999 -9999 6 9 1 12 39 12 42 38 1 14 41 1 36 42 40 38 1 6 38 42 39 -9999
32 1 1 1 1 15 41 12 12 32 -9999 -9999 12 -9999 -9999 -9999 -9999 -9999 12 12 12 41 1 38 12 -9999 12 12 9 39 4 9 42 32 -9999 -9999 4 32 41 12 9 9 9 9 39 4 9 4 -9999 -9999 -9999 -9999 -9999 -9999 -9999 -9999 -9999 -9999 -9999 -9999 -9999 -9999 -9999 -9999 -9999 -9999 -9999 12 31 12 31 9 31 1 14 1 1 31 1 40 36 38 36 39 6 6 41 40 -9999
1 1 1 1 1 1 12 12 12 15 39 40 32 -9999 32 3 -9999 -9999 42 12 3 1 9 12 20 1 12 12 12 12 12 12 15 31 38 32 15 40 41 41 9 41 31 12 9 15 9 41 -9999 -9999 -9999 -9999 -9999 -9999 -9999 -9999 -9999 -9999 -9999 -9999 -9999 -9999 -9999 -9999 -9999 -9999 -9999 36 1 14 12 9 1 1 36 42 14 36 39 38 39 39 32 41 1 6 6 41 -9999
12 1 1 1 1 12 1 12 12 41 12 12 39 32 31 39 42 3 9 12 3 12 9 7 29 12 12 7 20 12 12 9 38 31 15 32 -9999 -9999 40 3 31 4 4 4 4 41 6 40 -9999 -9999 -9999 -9999 -9999 -9999 -9999 -9999 6 -9999 -9999 -9999 40 -9999 -9999 -9999 -9999 -9999 -9999 41 42 36 1 1 31 42 36 1 41 12 36 36 36 39 41 36 36 29 6 39 39
1 1 12 39 12 1 12 38 12 12 12 15 42 32 38 32 41 16 12 9 12 12 9 7 12 39 12 12 12 12 40 9 4 20 3 -9999 -9999 -9999 42 26 32 38 39 40 4 41 9 41 -9999 -9999 -9999 -9999 -9999 -9999 -9999 -9999 -9999 -9999 -9999 23 -9999 -9999 -9999 -9999 -9999 -9999 -9999 31 38 39 31 14 42 42 36 36 36 36 42 36 39 14 38 39 14 41 1 6 41
1 40 40 12 12 12 31 1 12 12 42 31 31 12 16 15 7 9 18 12 12 9 9 42 42 12 31 12 12 31 7 40 4 15 32 -9999 -9999 -9999 42 4 41 41 40 4 4 39 6 4 -9999 -9999 -9999 -9999 -9999 -9999 -9999 -9999 -9999 -9999 -9999 -9999 -9999 23 38 -9999 -9999 -9999 -9999 14 1 40 39 14 39 1 36 1 40 40 38 39 14 31 14 36 41 39 6 6 -9999
1 19 31 38 12 1 31 32 42 40 32 12 12 12 31 12 12 12 12 12 12 12 32 39 7 40 31 12 42 40 32 20 4 15 3 -9999 -9999 -9999 39 4 39 40 38 4 9 9 39 40 -9999 -9999 -9999 -9999 -9999 -9999 -9999 -9999 -9999 -9999 -9999 -9999 -9999 14 12 41 -9999 -9999 -9999 38 14 1 40 14 42 32 12 32 31 31 36 36 41 38 36 36 41 39 31 32 39
1 1 1 12 39 12 1 12 39 -9999 32 38 31 12 12 12 12 7 16 38 12 38 31 7 7 29 38 29 12 9 9 38 3 4 3 -9999 -9999 -9999 42 4 40 39 4 4 9 12 4 42 -9999 -9999 -9999 -9999 -9999 -9999 -9999 -9999 -9999 -9999 -9999 -9999 -9999 31 29 31 -9999 -9999 12 14 -9999 -9999 12 14 14 1 32 26 1 42 39 41 36 42 31 14 40 41 32 22 6
31 1 12 12 12 42 40 38 12 40 31 42 12 12 31 12 12 12 15 31 31 12 29 29 7 41 12 42 31 9 15 32 39 31 31 41 38 42 38 4 41 40 4 12 41 4 41 40 -9999 -9999 -9999 -9999 -9999 -9999 -9999 -9999 -9999 -9999 -9999 -9999 -9999 23 12 14 -9999 -9999 -9999 -9999 -9999 -9999 -9999 -9999 14 1 9 32 1 36 41 42 31 31 42 42 38 38 32 38 -9999
1 9 12 42 12 12 12 12 12 12 12 12 12 12 12 12 12 12 39 40 16 12 41 31 12 12 12 12 32 15 31 12 -9999 41 9 32 4 4 4 4 39 38 41 12 9 4 40 41 -9999 -9999 -9999 -9999 -9999 -9999 -9999 -9999 -9999 -9999 -9999 -9999 -9999 -9999 38 -9999 -9999 -9999 -9999 -9999 -9999 31 39 31 14 14 14 14 12 38 41 39 41 41 38 31 41 1 31 39 6
12 31 32 31 12 12 31 12 31 16 7 7 12 12 32 12 42 41 16 40 12 12 40 15 12 39 12 40 31 9 38 32 -9999 4 -9999 15 9 9 32 9 32 4 9 9 15 4 41 39 -9999 -9999 -9999 -9999 -9999 -9999 -9999 -9999 -9999 -9999 -9999 -9999 -9999 -9999 39 -9999 -9999 -9999 -9999 -9999 -9999 1 42 42 36 32 31 41 14 36 36 38 39 42 36 40 14 14 39 6 -9999
