rcp4.5models/MPi_ESM_LR/age.32
ncols    261
nrows    433
xllcorner  336357.125000
yllcorner  654653.500000
cellsize   1000.000000
NODATA_value   -9999
[rows 156 to 194 of 433, columns 88 to 175 of 261]
31 31 14 35 37 14 14 31 35 37 36 -9999 31 36 7 37 10 15 15 37 26 15 31 26 33 31 31 15 35 15 4 15 34 33 14 10 4 36 36 7 13 13 2 37 33 37 35 11 1 -9999 34 17 17 15 34 17 33 35 36 1 4 1 1 1 1 33 34 37 34 34 -9999 -9999 -9999 -9999 -9999 -9999 -9999 -9999 -9999 -9999 5 5 27 26 31 26 -9999 -9999
36 31 31 14 20 31 20 36 35 35 31 31 35 15 36 15 15 15 31 31 34 15 15 10 26 31 37 36 15 15 15 36 15 36 37 10 34 34 10 37 37 37 2 37 4 10 4 36 1 1 1 34 4 4 4 1 37 33 33 33 4 1 37 35 34 36 34 35 34 -9999 -9999 -9999 -9999 -9999 -9999 -9999 -9999 -9999 -9999 5 4 10 5 36 34 36 -9999 -9999
37 36 35 33 33 31 31 34 31 31 31 15 37 31 15 15 11 10 31 15 15 36 15 21 10 7 36 33 25 15 15 15 15 26 10 31 14 7 13 13 27 -9999 -9999 -9999 -9999 1 4 34 10 21 4 27 4 4 21 4 -9999 -9999 36 1 4 1 33 35 35 33 37 33 -9999 -9999 -9999 -9999 -9999 -9999 -9999 -9999 27 -9999 24 33 26 5 37 35 33 -9999 -9999 -9999
37 15 36 14 34 14 35 31 14 14 31 15 15 31 -9999 -9999 26 -9999 15 26 15 34 7 7 37 -9999 -9999 -9999 -9999 36 15 4 10 31 15 15 7 4 4 27 4 -9999 -9999 -9999 17 15 33 37 4 27 4 4 4 4 4 1 1 -9999 1 1 1 35 35 33 36 37 33 35 -9999 -9999 -9999 -9999 -9999 -9999 -9999 1 -9999 -9999 31 29 34 26 26 26 -9999 -9999 -9999 -9999
14 14 14 14 37 14 14 31 31 31 31 36 34 -9999 -9999 -9999 -9999 -9999 -9999 -9999 -9999 27 7 7 -9999 -9999 -9999 -9999 27 7 27 15 7 26 11 11 15 4 15 4 4 -9999 -9999 -9999 -9999 4 10 10 4 1 34 34 1 33 17 37 36 -9999 -9999 -9999 -9999 34 36 34 37 34 33 35 -9999 -9999 -9999 -9999 -9999 -9999 -9999 10 -9999 33 29 5 34 34 26 -9999 -9999 -9999 -9999 -9999
14 37 31 37 31 14 37 35 34 33 33 34 36 37 -9999 -9999 -9999 -9999 -9999 -9999 -9999 7 7 35 -9999 -9999 -9999 31 15 15 15 15 35 15 15 15 26 33 15 37 26 -9999 34 -9999 26 37 35 36 4 4 33 15 34 35 35 35 -9999 -9999 -9999 -9999 -9999 37 35 37 34 34 33 34 -9999 -9999 -9999 -9999 -9999 -9999 -9999 24 35 37 10 36 36 5 -9999 -9999 -9999 -9999 -9999 -9999
34 37 7 15 31 15 34 33 35 34 37 33 36 -9999 -9999 -9999 -9999 -9999 -9999 -9999 -9999 26 15 7 -9999 -9999 -9999 31 36 34 26 15 15 34 15 15 27 36 15 1 26 4 33 10 27 4 33 7 4 1 33 25 34 35 34 35 -9999 -9999 -9999 -9999 -9999 35 34 34 37 36 37 -9999 -9999 -9999 -9999 -9999 -9999 -9999 -9999 -9999 37 33 27 34 35 37 -9999 -9999 -9999 -9999 -9999 -9999
33 31 34 -9999 -9999 -9999 36 35 36 35 34 36 34 -9999 -9999 -9999 -9999 -9999 -9999 -9999 -9999 -9999 -9999 7 15 33 35 26 36 15 35 33 33 5 15 37 10 35 33 4 27 4 34 27 35 36 4 4 36 37 27 35 32 37 35 36 -9999 -9999 -9999 -9999 -9999 35 37 33 35 34 33 -9999 -9999 -9999 -9999 -9999 -9999 -9999 -9999 35 34 35 35 37 34 37 -9999 -9999 -9999 -9999 -9999 -9999
34 34 36 -9999 -9999 -9999 37 34 35 35 37 35 36 36 11 10 7 7 15 7 7 -9999 -9999 26 7 -9999 4 33 27 15 37 27 36 4 7 35 35 7 34 35 4 35 15 33 37 35 7 4 4 10 27 1 37 35 33 -9999 -9999 -9999 -9999 -9999 -9999 37 34 35 36 36 33 35 -9999 -9999 -9999 27 -9999 -9999 5 36 35 34 27 33 10 -9999 -9999 -9999 -9999 -9999 -9999 -9999
14 37 31 -9999 -9999 -9999 -9999 37 35 37 37 37 34 11 7 7 15 15 15 15 7 5 35 37 33 15 33 4 36 26 26 31 34 36 4 4 15 15 36 7 4 34 15 34 13 21 27 36 2 33 2 1 37 34 35 -9999 -9999 -9999 -9999 -9999 -9999 35 36 37 33 35 34 37 34 -9999 -9999 4 25 5 5 37 27 27 37 25 -9999 -9999 -9999 -9999 -9999 -9999 -9999 5
14 33 34 -9999 -9999 -9999 34 37 33 37 36 35 36 35 15 15 15 7 26 34 35 7 33 33 34 -9999 -9999 27 33 31 15 15 15 10 27 15 15 4 36 14 4 36 35 4 13 7 7 4 7 4 2 4 25 37 33 -9999 -9999 -9999 -9999 -9999 -9999 36 35 37 36 36 34 -9999 -9999 -9999 -9999 25 -9999 5 5 27 21 37 -9999 -9999 -9999 -9999 -9999 -9999 -9999 -9999 -9999 -9999
14 31 -9999 -9999 -9999 -9999 33 36 37 34 33 34 37 37 26 36 15 33 15 7 37 15 4 35 -9999 -9999 -9999 36 4 7 26 33 37 31 26 14 34 34 14 37 37 33 35 7 7 26 7 15 7 10 37 4 1 32 -9999 -9999 -9999 -9999 -9999 -9999 -9999 33 34 36 34 34 -9999 -9999 -9999 -9999 -9999 -9999 5 -9999 -9999 -9999 -9999 -9999 -9999 -9999 -9999 -9999 -9999 -9999 -9999 -9999 34 -9999
35 31 -9999 -9999 -9999 -9999 35 34 36 35 33 35 36 33 36 31 31 34 14 15 15 7 36 26 34 37 37 7 4 4 27 7 7 37 26 26 27 15 15 26 10 15 27 26 36 7 10 7 26 33 10 4 1 34 -9999 -9999 -9999 -9999 -9999 -9999 -9999 1 1 1 35 -9999 -9999 -9999 -9999 -9999 -9999 -9999 4 -9999 -9999 -9999 -9999 -9999 -9999 -9999 -9999 -9999 -9999 -9999 -9999 -9999 25 -9999
14 31 -9999 -9999 -9999 34 33 37 37 37 33 35 33 36 35 36 31 15 37 7 15 15 37 7 7 15 15 26 4 15 4 4 10 15 35 26 10 7 33 15 13 7 15 7 7 14 14 7 10 10 10 4 17 37 33 -9999 -9999 -9999 -9999 -9999 -9999 1 36 37 37 -9999 -9999 -9999 -9999 -9999 -9999 1 1 -9999 -9999 -9999 -9999 -9999 -9999 -9999 -9999 -9999 -9999 -9999 -9999 -9999 -9999 -9999
7 14 31 15 -9999 36 35 33 33 36 34 36 36 33 35 35 14 36 14 14 15 25 25 -9999 -9999 -9999 7 15 4 15 7 33 7 15 15 15 27 31 15 37 34 2 15 26 15 14 11 10 10 27 5 34 34 35 -9999 -9999 -9999 -9999 -9999 -9999 -9999 -9999 33 37 35 -9999 -9999 -9999 -9999 -9999 -9999 -9999 1 4 -9999 -9999 -9999 -9999 -9999 -9999 -9999 -9999 -9999 -9999 -9999 -9999 -9999 -9999
7 35 14 14 36 -9999 7 15 34 36 34 34 35 37 14 14 26 14 14 15 15 35 15 -9999 37 -9999 26 7 33 26 27 27 35 34 15 26 15 35 31 35 15 15 14 33 7 26 34 34 10 35 4 35 17 33 -9999 -9999 -9999 -9999 -9999 -9999 -9999 -9999 35 35 33 -9999 -9999 -9999 -9999 -9999 -9999 -9999 -9999 4 -9999 -9999 -9999 -9999 -9999 -9999 -9999 -9999 -9999 -9999 -9999 -9999 -9999 -9999
14 14 31 15 -9999 -9999 7 15 7 15 37 34 36 34 31 31 37 33 36 15 15 -9999 -9999 -9999 -9999 37 37 36 36 27 15 35 27 35 15 7 15 26 15 15 26 37 15 7 26 34 5 37 27 5 -9999 37 37 35 -9999 -9999 -9999 -9999 -9999 -9999 -9999 -9999 -9999 -9999 -9999 -9999 -9999 4 -9999 -9999 -9999 -9999 -9999 1 -9999 -9999 -9999 -9999 -9999 -9999 -9999 -9999 -9999 -9999 -9999 -9999 -9999 -9999
-9999 33 37 31 -9999 -9999 15 15 37 15 15 31 36 7 31 36 15 15 -9999 26 7 34 37 7 26 35 35 35 34 34 7 36 26 35 33 33 15 27 27 15 14 14 31 7 26 7 4 27 10 4 -9999 34 37 34 -9999 -9999 -9999 -9999 -9999 -9999 -9999 -9999 -9999 -9999 -9999 -9999 -9999 -9999 -9999 -9999 -9999 -9999 -9999 1 27 -9999 -9999 -9999 -9999 -9999 -9999 -9999 -9999 -9999 -9999 -9999 -9999 37
14 14 31 15 37 15 34 15 34 14 37 14 31 31 37 26 27 7 -9999 27 37 35 15 15 7 35 35 34 36 4 15 7 7 26 15 37 26 15 15 14 27 26 10 15 27 10 35 5 10 2 4 15 34 -9999 -9999 -9999 -9999 -9999 -9999 -9999 -9999 -9999 -9999 -9999 -9999 -9999 1 -9999 -9999 -9999 -9999 -9999 -9999 1 -9999 -9999 -9999 -9999 -9999 -9999 -9999 -9999 -9999 -9999 -9999 -9999 -9999 25
31 14 31 35 34 31 36 15 35 31 14 15 14 31 35 37 15 -9999 -9999 -9999 37 35 34 26 7 7 37 15 4 33 10 10 7 7 14 15 21 -9999 10 27 2 27 26 7 24 36 36 34 36 4 1 32 34 -9999 -9999 -9999 -9999 -9999 -9999 -9999 -9999 -9999 -9999 -9999 -9999 -9999 -9999 -9999 -9999 -9999 -9999 -9999 -9999 -9999 -9999 -9999 -9999 -9999 -9999 -9999 -9999 -9999 -9999 -9999 -9999 -9999 -9999 -9999
34 31 15 15 15 34 27 26 15 34 36 15 14 14 14 35 14 -9999 -9999 -9999 27 4 26 7 -9999 26 37 4 4 11 37 27 10 10 15 34 7 4 4 37 4 13 27 14 33 7 27 7 4 4 25 25 36 -9999 -9999 -9999 -9999 -9999 -9999 -9999 -9999 -9999 -9999 -9999 -9999 -9999 -9999 -9999 -9999 -9999 -9999 -9999 -9999 -9999 -9999 -9999 -9999 -9999 -9999 -9999 -9999 -9999 -9999 -9999 -9999 -9999 -9999 -9999
20 7 14 34 26 14 31 26 26 15 34 15 15 14 27 14 35 34 7 4 4 4 10 7 27 27 -9999 26 26 -9999 34 36 4 27 26 26 37 7 33 27 27 35 10 15 7 7 5 7 4 36 25 22 -9999 -9999 -9999 -9999 -9999 -9999 -9999 -9999 -9999 -9999 -9999 -9999 -9999 -9999 -9999 -9999 -9999 -9999 -9999 -9999 -9999 -9999 -9999 -9999 -9999 -9999 -9999 -9999 -9999 -9999 -9999 -9999 -9999 -9999 -9999 -9999
14 31 33 31 7 31 26 7 10 7 26 14 -9999 -9999 34 14 34 14 4 4 4 5 4 10 37 33 7 -9999 33 4 33 27 13 27 14 4 7 35 26 7 7 4 7 7 35 -9999 34 36 5 4 25 34 -9999 -9999 -9999 -9999 -9999 -9999 -9999 -9999 -9999 -9999 -9999 1 -9999 -9999 -9999 -9999 -9999 -9999 -9999 -9999 -9999 -9999 -9999 -9999 -9999 -9999 -9999 -9999 36 24 26 1 -9999 29 34 -9999
35 34 36 7 27 -9999 -9999 35 26 15 -9999 15 26 -9999 35 31 31 -9999 4 15 15 26 26 7 11 7 7 -9999 26 33 26 26 10 7 7 -9999 4 7 -9999 27 37 7 35 34 -9999 -9999 -9999 34 36 25 35 34 -9999 -9999 -9999 -9999 -9999 -9999 -9999 -9999 -9999 -9999 -9999 -9999 -9999 -9999 35 -9999 -9999 -9999 -9999 -9999 -9999 -9999 -9999 -9999 -9999 -9999 37 36 24 4 33 1 33 5 5 -9999
37 36 15 11 7 15 -9999 -9999 26 -9999 -9999 37 26 11 10 7 35 14 4 4 15 7 26 5 5 7 7 7 15 15 7 7 7 35 26 4 27 7 -9999 34 35 7 7 7 2 -9999 33 27 33 25 33 33 -9999 -9999 -9999 -9999 -9999 -9999 -9999 -9999 -9999 -9999 -9999 -9999 -9999 -9999 -9999 -9999 -9999 -9999 33 -9999 -9999 -9999 -9999 -9999 1 36 29 34 34 27 5 34 29 26 1 1
15 37 7 7 7 19 15 -9999 7 27 -9999 -9999 27 33 34 27 33 7 15 26 24 7 2 7 4 26 25 26 27 7 7 15 11 36 15 7 26 27 10 4 33 34 4 2 27 -9999 33 27 4 4 37 -9999 -9999 -9999 -9999 -9999 -9999 -9999 -9999 -9999 -9999 -9999 -9999 -9999 34 -9999 -9999 -9999 -9999 -9999 -9999 -9999 -9999 1 1 24 1 36 27 29 37 31 35 31 36 33 4 1
37 26 7 15 7 27 7 7 -9999 -9999 37 -9999 7 34 34 7 7 26 26 7 7 37 5 15 33 7 4 4 34 5 5 26 26 27 27 -9999 -9999 33 26 27 4 36 4 34 15 15 37 15 4 15 37 -9999 -9999 -9999 -9999 -9999 -9999 -9999 -9999 -9999 -9999 -9999 -9999 -9999 -9999 -9999 -9999 -9999 -9999 -9999 -9999 4 34 18 27 37 4 4 35 29 31 36 -9999 31 33 5 1 1
31 31 33 36 15 7 7 7 15 -9999 -9999 -9999 -9999 36 10 7 26 37 33 34 4 4 4 7 15 27 7 7 7 4 4 5 7 10 -9999 -9999 -9999 -9999 36 34 15 37 4 34 34 17 37 36 1 37 -9999 -9999 -9999 -9999 -9999 -9999 -9999 -9999 -9999 -9999 -9999 -9999 -9999 -9999 -9999 -9999 -9999 -9999 -9999 -9999 -9999 35 9 26 27 29 5 35 36 27 33 5 27 24 36 4 1 35
14 37 36 15 15 7 26 7 37 -9999 7 37 7 26 26 4 -9999 33 34 26 26 26 4 4 7 4 34 4 26 4 33 26 7 -9999 15 -9999 -9999 37 35 4 4 4 4 4 36 35 37 35 33 34 -9999 -9999 -9999 -9999 -9999 -9999 -9999 -9999 -9999 -9999 -9999 -9999 -9999 -9999 -9999 -9999 -9999 -9999 1 4 9 7 34 7 37 33 5 9 36 5 31 37 35 33 5 1 33 37
37 27 14 31 33 34 10 36 7 7 27 -9999 -9999 7 -9999 -9999 -9999 -9999 -9999 7 7 7 36 14 33 7 -9999 7 7 4 34 33 4 37 27 -9999 -9999 15 27 36 7 4 4 4 4 34 33 4 36 -9999 -9999 -9999 -9999 -9999 -9999 -9999 -9999 -9999 -9999 -9999 -9999 -9999 -9999 -9999 -9999 -9999 -9999 -9999 7 26 7 26 4 26 9 9 9 9 26 9 35 31 33 31 34 1 1 36
-9999 31 31 31 31 14 31 7 7 7 10 34 35 27 -9999 27 35 -9999 -9999 37 7 37 5 4 7 15 5 7 7 7 7 7 7 10 26 33 27 10 35 36 36 4 36 26 7 4 10 4 36 -9999 -9999 -9999 -9999 -9999 -9999 -9999 -9999 -9999 -9999 -9999 -9999 -9999 -9999 -9999 -9999 -9999 -9999 -9999 31 9 9 7 4 5 9 31 37 9 31 34 33 34 34 27 36 5 1 1
35 7 31 14 14 14 7 15 7 7 36 7 7 34 27 26 34 37 36 4 7 37 7 4 2 24 7 7 2 15 7 7 4 33 26 10 27 -9999 -9999 35 33 26 36 34 35 36 36 1 35 -9999 -9999 -9999 -9999 -9999 -9999 -9999 -9999 1 -9999 -9999 -9999 35 -9999 -9999 -9999 -9999 -9999 -9999 36 37 31 9 9 26 37 31 5 36 7 31 31 31 34 36 31 31 24 1
34 35 35 7 34 7 15 7 33 7 7 7 10 37 27 33 27 36 11 7 4 7 7 4 2 7 34 7 7 7 7 35 4 15 15 5 -9999 -9999 -9999 37 21 27 33 34 35 37 36 4 36 -9999 -9999 -9999 -9999 -9999 -9999 -9999 -9999 -9999 -9999 -9999 18 -9999 -9999 -9999 -9999 -9999 -9999 -9999 26 33 34 26 9 37 37 31 31 31 31 37 31 34 9 33 34 9 36 5
36 34 35 35 7 7 7 26 15 7 7 37 26 26 7 11 10 2 4 13 7 7 4 4 37 37 7 26 7 7 26 2 35 35 10 27 -9999 -9999 -9999 37 33 36 36 35 37 33 34 1 37 -9999 -9999 -9999 -9999 -9999 -9999 -9999 -9999 -9999 -9999 -9999 -9999 -9999 18 33 -9999 -9999 -9999 -9999 9 9 35 34 9 34 5 31 9 35 35 33 34 9 26 9 31 36 34 1
15 36 14 26 33 7 34 26 27 37 35 27 7 7 7 26 7 7 7 7 7 7 7 27 34 2 35 26 7 37 35 27 15 37 10 35 -9999 -9999 -9999 34 34 34 35 33 37 4 4 34 35 -9999 -9999 -9999 -9999 -9999 -9999 -9999 -9999 -9999 -9999 -9999 -9999 -9999 9 7 36 -9999 -9999 -9999 33 9 9 35 9 37 27 7 27 26 26 31 31 36 33 31 31 36 34 26
14 36 14 37 7 34 7 34 7 34 -9999 27 33 26 7 7 7 7 2 11 33 7 33 26 2 2 24 33 24 7 4 4 33 37 35 35 -9999 -9999 -9999 37 33 35 34 33 36 4 7 15 37 -9999 -9999 -9999 -9999 -9999 -9999 -9999 -9999 -9999 -9999 -9999 -9999 -9999 26 24 26 -9999 -9999 7 9 -9999 -9999 7 9 9 5 27 21 9 37 34 36 31 37 26 9 35 36 27
33 26 5 7 7 7 37 35 33 7 35 26 37 7 7 26 7 7 7 10 26 26 7 24 24 2 36 7 37 26 4 10 27 34 26 26 36 33 37 33 36 36 35 33 7 36 15 36 35 -9999 -9999 -9999 -9999 -9999 -9999 -9999 -9999 -9999 -9999 -9999 -9999 -9999 18 7 9 -9999 -9999 -9999 -9999 -9999 -9999 -9999 -9999 9 5 4 27 9 31 36 37 26 26 37 37 33 33 27
7 15 4 7 37 7 7 7 7 7 7 7 7 7 7 7 7 7 7 34 35 11 7 36 26 7 7 7 7 27 10 26 7 -9999 36 4 27 25 34 33 35 34 33 36 7 4 35 35 36 -9999 -9999 -9999 -9999 -9999 -9999 -9999 -9999 -9999 -9999 -9999 -9999 -9999 -9999 33 -9999 -9999 -9999 -9999 -9999 -9999 26 34 26 9 9 9 9 7 33 36 34 36 36 33 26 36 9 26
7 7 26 27 26 7 7 26 7 26 11 2 2 7 7 27 7 37 36 11 35 7 7 35 10 7 34 7 35 26 4 33 27 -9999 36 -9999 10 4 4 27 4 27 37 4 4 10 37 36 34 -9999 -9999 -9999 -9999 -9999 -9999 -9999 -9999 -9999 -9999 -9999 -9999 -9999 -9999 34 -9999 -9999 -9999 -9999 -9999 -9999 9 37 37 31 27 26 36 9 31 31 33 34 37 31 35 9 9 34
