rcp4.5models/MPi_ESM_LR/age.29
ncols    261
nrows    433
xllcorner  336357.125000
yllcorner  654653.500000
cellsize   1000.000000
NODATA_value   -9999
[rows 156 to 194 of 433, columns 89 to 177 of 261]
28 11 32 34 11 11 28 32 34 33 -9999 28 33 4 34 7 12 12 34 23 12 28 23 30 28 28 12 32 12 1 12 31 30 11 7 1 33 33 4 10 10 34 34 30 34 32 8 12 -9999 31 14 14 12 31 14 30 32 33 32 1 31 31 34 22 30 31 34 31 31 -9999 -9999 -9999 -9999 -9999 -9999 -9999 -9999 -9999 -9999 2 2 24 23 28 23 -9999 -9999 -9999 -9999
28 28 11 17 28 17 33 32 32 28 28 32 12 33 12 12 12 28 28 31 12 12 7 23 28 34 33 12 12 12 33 12 33 34 7 31 31 7 34 34 34 3 34 1 7 1 33 22 22 12 31 1 1 1 34 34 30 30 30 1 30 34 32 31 33 31 32 31 -9999 -9999 -9999 -9999 -9999 -9999 -9999 -9999 -9999 -9999 2 1 7 2 33 31 33 -9999 -9999 -9999 -9999
33 32 30 30 28 28 31 28 28 28 12 34 28 12 12 8 7 28 12 12 33 12 18 7 4 33 30 22 12 12 12 12 23 7 28 11 4 10 10 24 -9999 -9999 -9999 -9999 12 1 31 7 18 1 24 1 1 18 1 -9999 -9999 33 31 1 31 30 32 32 30 34 30 -9999 -9999 -9999 -9999 -9999 -9999 -9999 -9999 24 -9999 21 30 23 2 34 32 30 -9999 -9999 -9999 -9999 -9999
12 33 11 31 11 32 28 11 11 28 12 12 28 -9999 -9999 23 -9999 12 23 12 31 4 4 34 -9999 -9999 -9999 -9999 33 12 1 7 28 12 12 4 1 1 24 1 -9999 -9999 -9999 14 12 30 34 1 24 1 1 1 1 1 30 33 -9999 32 30 30 32 32 30 33 34 30 32 -9999 -9999 -9999 -9999 -9999 -9999 -9999 34 -9999 -9999 28 26 31 23 23 23 -9999 -9999 -9999 -9999 -9999 -9999
11 11 11 34 11 11 28 28 28 28 33 31 -9999 -9999 -9999 -9999 -9999 -9999 -9999 -9999 24 4 4 -9999 -9999 -9999 -9999 24 4 24 12 4 23 8 8 12 1 12 1 1 -9999 -9999 -9999 -9999 1 7 7 1 22 31 31 22 30 14 34 33 -9999 -9999 -9999 -9999 31 33 31 34 31 30 32 -9999 -9999 -9999 -9999 -9999 -9999 -9999 7 -9999 30 26 2 31 31 23 -9999 -9999 -9999 -9999 -9999 -9999 -9999
34 28 34 28 11 34 32 31 30 30 31 33 34 -9999 -9999 -9999 -9999 -9999 -9999 -9999 4 4 32 -9999 -9999 -9999 28 12 12 12 12 32 12 12 12 23 30 12 34 23 -9999 31 -9999 23 34 32 33 1 1 30 12 31 32 32 32 -9999 -9999 -9999 -9999 -9999 34 32 34 31 31 30 31 -9999 -9999 -9999 -9999 -9999 -9999 -9999 21 32 34 7 33 33 2 -9999 -9999 -9999 -9999 -9999 -9999 -9999 -9999
34 4 12 28 12 31 30 32 31 34 30 33 -9999 -9999 -9999 -9999 -9999 -9999 -9999 -9999 23 12 4 -9999 -9999 -9999 28 33 31 23 12 12 31 12 12 24 33 12 12 23 1 30 7 24 1 30 4 1 22 30 22 31 32 31 32 -9999 -9999 -9999 -9999 -9999 32 31 31 34 33 34 -9999 -9999 -9999 -9999 -9999 -9999 -9999 -9999 -9999 34 30 24 31 32 34 -9999 -9999 -9999 -9999 -9999 -9999 -9999 -9999
28 31 -9999 -9999 -9999 33 32 33 32 31 33 31 -9999 -9999 -9999 -9999 -9999 -9999 -9999 -9999 -9999 -9999 4 12 30 32 23 33 12 32 30 30 2 12 34 7 32 30 1 24 1 31 24 32 33 1 1 33 34 24 32 29 34 32 33 -9999 -9999 -9999 -9999 -9999 32 34 30 32 31 30 -9999 -9999 -9999 -9999 -9999 -9999 -9999 -9999 32 31 32 32 34 31 34 -9999 -9999 -9999 -9999 -9999 -9999 -9999 -9999
31 33 -9999 -9999 -9999 34 31 32 32 34 32 33 33 8 7 4 4 12 4 4 -9999 -9999 23 4 -9999 1 30 24 12 34 24 33 1 4 32 32 4 31 32 1 32 12 30 34 32 4 1 1 7 24 12 34 32 30 -9999 -9999 -9999 -9999 -9999 -9999 34 31 32 33 33 30 32 -9999 -9999 -9999 24 -9999 -9999 2 33 32 31 24 30 7 -9999 -9999 -9999 -9999 -9999 -9999 -9999 -9999 -9999
34 28 -9999 -9999 -9999 -9999 34 32 34 34 34 31 8 4 4 12 12 12 12 4 2 32 34 30 12 30 1 33 23 23 28 31 33 1 1 12 12 33 4 1 31 12 31 10 18 24 33 31 30 33 12 34 31 32 -9999 -9999 -9999 -9999 -9999 -9999 32 33 34 30 32 31 34 31 -9999 -9999 1 22 2 2 34 24 24 34 22 -9999 -9999 -9999 -9999 -9999 -9999 -9999 2 -9999 -9999
30 31 -9999 -9999 -9999 31 34 30 34 33 32 33 32 12 12 12 4 23 31 32 4 30 30 31 -9999 -9999 24 30 28 12 12 12 7 24 12 12 1 33 11 1 33 32 1 10 4 4 1 4 1 24 1 22 34 30 -9999 -9999 -9999 -9999 -9999 -9999 33 32 34 33 33 31 -9999 -9999 -9999 -9999 22 -9999 2 2 24 18 34 -9999 -9999 -9999 -9999 -9999 -9999 -9999 -9999 -9999 -9999 -9999 -9999
28 -9999 -9999 -9999 -9999 30 33 34 31 30 31 34 34 23 33 12 30 12 4 34 12 1 32 -9999 -9999 -9999 33 1 4 23 30 34 28 23 11 31 31 11 34 34 30 32 4 4 23 4 12 4 7 34 1 22 29 -9999 -9999 -9999 -9999 -9999 -9999 -9999 30 31 33 31 31 -9999 -9999 -9999 -9999 -9999 -9999 2 -9999 -9999 -9999 -9999 -9999 -9999 -9999 -9999 -9999 -9999 -9999 -9999 -9999 31 -9999 -9999 -9999
28 -9999 -9999 -9999 -9999 32 31 33 32 30 32 33 30 33 28 28 31 11 12 12 4 33 23 31 34 34 4 1 1 24 4 4 34 23 23 24 12 12 23 7 12 24 23 33 4 7 4 23 30 7 1 12 31 -9999 -9999 -9999 -9999 -9999 -9999 -9999 32 32 30 32 -9999 -9999 -9999 -9999 -9999 -9999 -9999 1 -9999 -9999 -9999 -9999 -9999 -9999 -9999 -9999 -9999 -9999 -9999 -9999 -9999 22 -9999 -9999 -9999
28 -9999 -9999 -9999 31 30 34 34 34 30 32 30 33 32 33 28 12 34 4 12 12 34 4 4 12 12 23 1 12 1 1 7 12 32 23 7 4 30 12 10 4 12 4 4 11 11 4 7 7 7 1 14 34 30 -9999 -9999 -9999 -9999 -9999 -9999 32 33 34 34 -9999 -9999 -9999 -9999 -9999 -9999 32 33 -9999 -9999 -9999 -9999 -9999 -9999 -9999 -9999 -9999 -9999 -9999 -9999 -9999 -9999 -9999 -9999 -9999
11 28 12 -9999 33 32 30 30 33 31 33 33 30 32 32 11 33 11 11 12 22 22 -9999 -9999 -9999 4 12 1 12 4 30 4 12 12 12 24 28 12 34 31 34 12 23 12 11 8 7 7 24 2 31 31 32 -9999 -9999 -9999 -9999 -9999 -9999 -9999 -9999 30 34 32 -9999 -9999 -9999 -9999 -9999 -9999 -9999 34 1 -9999 -9999 -9999 -9999 -9999 -9999 -9999 -9999 -9999 -9999 -9999 -9999 -9999 -9999 -9999 -9999
32 11 11 33 -9999 4 12 31 33 31 31 32 34 11 11 23 11 11 12 12 32 12 -9999 34 -9999 23 4 30 23 24 24 32 31 12 23 12 32 28 32 12 12 11 30 4 23 31 31 7 32 1 32 14 30 -9999 -9999 -9999 -9999 -9999 -9999 -9999 -9999 32 32 30 -9999 -9999 -9999 -9999 -9999 -9999 -9999 -9999 1 -9999 -9999 -9999 -9999 -9999 -9999 -9999 -9999 -9999 -9999 -9999 -9999 -9999 -9999 -9999 -9999
11 28 12 -9999 -9999 4 12 4 12 34 31 33 31 28 28 34 30 33 12 12 -9999 -9999 -9999 -9999 34 34 33 33 24 12 32 24 32 12 4 12 23 12 12 23 34 12 4 23 31 2 34 24 2 -9999 34 34 32 -9999 -9999 -9999 -9999 -9999 -9999 -9999 -9999 -9999 -9999 -9999 -9999 -9999 1 -9999 -9999 -9999 -9999 -9999 33 -9999 -9999 -9999 -9999 -9999 -9999 -9999 -9999 -9999 -9999 -9999 -9999 -9999 -9999 -9999 -9999
30 34 28 -9999 -9999 12 12 34 12 12 28 33 4 28 33 12 12 -9999 23 4 31 34 4 23 32 32 32 31 31 4 33 23 32 30 30 12 24 24 12 11 11 28 4 23 4 1 24 7 1 -9999 31 34 31 -9999 -9999 -9999 -9999 -9999 -9999 -9999 -9999 -9999 -9999 -9999 -9999 -9999 -9999 -9999 -9999 -9999 -9999 -9999 31 24 -9999 -9999 -9999 -9999 -9999 -9999 -9999 -9999 -9999 -9999 -9999 -9999 34 -9999 -9999
11 28 12 34 12 31 12 31 11 34 11 28 28 34 23 24 4 -9999 24 34 32 12 12 4 32 32 31 33 1 12 4 4 23 12 34 23 12 12 11 24 23 7 12 24 7 32 2 7 15 1 12 31 -9999 -9999 -9999 -9999 -9999 -9999 -9999 -9999 -9999 -9999 -9999 -9999 -9999 34 -9999 -9999 -9999 -9999 -9999 -9999 33 -9999 -9999 -9999 -9999 -9999 -9999 -9999 -9999 -9999 -9999 -9999 -9999 -9999 22 30 -9999
11 28 32 31 28 33 12 32 28 11 12 11 28 32 34 12 -9999 -9999 -9999 34 32 31 23 4 4 34 12 1 30 7 7 4 4 11 12 18 -9999 7 24 24 24 23 4 21 33 33 31 33 1 12 29 31 -9999 -9999 -9999 -9999 -9999 -9999 -9999 -9999 -9999 -9999 -9999 -9999 -9999 -9999 -9999 -9999 -9999 -9999 -9999 -9999 -9999 -9999 -9999 -9999 -9999 -9999 -9999 -9999 -9999 -9999 -9999 -9999 -9999 -9999 -9999 -9999 -9999
28 12 12 12 31 24 23 12 31 33 12 11 11 11 32 11 -9999 -9999 -9999 24 1 23 4 -9999 23 34 1 1 8 34 24 7 7 12 31 4 1 1 34 1 10 24 11 30 4 24 4 1 1 22 22 33 -9999 -9999 -9999 -9999 -9999 -9999 -9999 -9999 -9999 -9999 -9999 -9999 -9999 -9999 -9999 -9999 -9999 -9999 -9999 -9999 -9999 -9999 -9999 -9999 -9999 -9999 -9999 -9999 -9999 -9999 -9999 -9999 -9999 -9999 -9999 -9999 -9999
4 11 31 23 11 28 23 23 12 31 12 12 11 24 11 32 31 4 1 1 1 7 4 24 24 -9999 23 23 -9999 31 33 1 24 23 23 34 4 30 24 24 32 7 12 4 4 2 4 1 33 22 19 -9999 -9999 -9999 -9999 -9999 -9999 -9999 -9999 -9999 -9999 -9999 -9999 -9999 -9999 -9999 -9999 -9999 -9999 -9999 -9999 -9999 -9999 -9999 -9999 -9999 -9999 -9999 -9999 -9999 -9999 -9999 -9999 -9999 -9999 -9999 -9999 -9999 -9999
28 30 28 4 28 23 4 7 4 23 11 -9999 -9999 31 11 31 11 1 1 1 2 1 7 34 30 4 -9999 30 1 30 24 10 24 11 1 4 32 23 4 4 1 4 4 32 -9999 31 33 2 1 22 31 -9999 -9999 -9999 -9999 -9999 -9999 -9999 -9999 -9999 -9999 -9999 33 -9999 -9999 -9999 -9999 -9999 -9999 -9999 -9999 -9999 -9999 -9999 -9999 -9999 -9999 -9999 -9999 33 21 23 12 -9999 26 31 -9999 -9999 -9999
31 33 4 24 -9999 -9999 32 23 12 -9999 12 23 -9999 32 28 28 -9999 1 12 12 23 23 4 8 4 4 -9999 23 30 23 23 7 4 4 -9999 1 4 -9999 24 34 4 32 31 -9999 -9999 -9999 31 33 22 32 31 -9999 -9999 -9999 -9999 -9999 -9999 -9999 -9999 -9999 -9999 -9999 -9999 -9999 -9999 32 -9999 -9999 -9999 -9999 -9999 -9999 -9999 -9999 -9999 -9999 -9999 34 33 21 1 30 12 30 2 2 -9999 -9999 -9999
33 12 8 4 12 -9999 -9999 23 -9999 -9999 34 23 8 7 4 32 11 1 1 12 4 23 2 2 4 4 4 12 12 4 4 4 32 23 1 24 4 -9999 31 32 4 4 4 32 -9999 30 24 30 22 30 30 -9999 -9999 -9999 -9999 -9999 -9999 -9999 -9999 -9999 -9999 -9999 -9999 -9999 -9999 -9999 -9999 -9999 -9999 30 -9999 -9999 -9999 -9999 -9999 32 33 26 31 31 24 2 31 26 23 32 32 -9999 -9999
34 4 4 4 16 12 -9999 4 24 -9999 -9999 24 30 31 24 30 4 12 23 21 4 3 4 1 23 22 23 24 4 4 12 8 33 12 4 23 24 7 1 30 31 1 30 24 -9999 30 24 1 1 34 -9999 -9999 -9999 -9999 -9999 -9999 -9999 -9999 -9999 -9999 -9999 -9999 -9999 31 -9999 -9999 -9999 -9999 -9999 -9999 -9999 -9999 32 32 21 12 33 24 26 34 28 32 28 33 30 1 30 34 30
23 4 12 4 24 4 4 -9999 -9999 34 -9999 4 31 31 4 4 23 23 4 4 34 2 12 30 4 1 1 31 2 2 23 23 24 24 -9999 -9999 30 23 24 1 33 1 31 12 12 34 12 1 12 34 -9999 -9999 -9999 -9999 -9999 -9999 -9999 -9999 -9999 -9999 -9999 -9999 -9999 -9999 -9999 -9999 -9999 -9999 -9999 -9999 1 31 15 24 34 1 1 32 26 28 33 -9999 28 30 2 34 31 30 32
28 30 33 12 4 4 4 12 -9999 -9999 -9999 -9999 33 7 4 23 34 30 31 1 1 1 4 12 24 4 4 4 1 1 2 4 7 -9999 -9999 -9999 -9999 33 31 12 34 1 31 31 14 34 33 12 34 -9999 -9999 -9999 -9999 -9999 -9999 -9999 -9999 -9999 -9999 -9999 -9999 -9999 -9999 -9999 -9999 -9999 -9999 -9999 -9999 -9999 32 6 23 24 26 2 32 33 24 30 2 24 21 33 1 32 32 30 -9999
34 33 12 12 4 23 4 34 -9999 4 34 4 23 23 1 -9999 30 31 23 23 23 1 1 4 1 31 1 23 1 30 23 4 -9999 12 -9999 -9999 34 32 1 1 1 1 1 33 32 34 32 30 31 -9999 -9999 -9999 -9999 -9999 -9999 -9999 -9999 -9999 -9999 -9999 -9999 -9999 -9999 -9999 -9999 -9999 -9999 34 1 6 4 31 4 34 30 2 6 33 2 28 34 32 30 2 32 30 34 31 -9999
24 11 28 30 31 7 33 4 4 24 -9999 -9999 4 -9999 -9999 -9999 -9999 -9999 4 4 4 33 11 30 4 -9999 4 4 1 31 30 1 34 24 -9999 -9999 12 24 33 4 1 1 1 1 31 30 1 33 -9999 -9999 -9999 -9999 -9999 -9999 -9999 -9999 -9999 -9999 -9999 -9999 -9999 -9999 -9999 -9999 -9999 -9999 -9999 4 23 4 23 1 23 6 6 6 6 23 6 32 28 30 28 31 31 30 33 32 -9999
28 28 28 28 11 28 4 4 4 7 31 32 24 -9999 24 32 -9999 -9999 34 4 34 2 1 4 12 2 4 4 4 4 4 4 7 23 30 24 7 32 33 33 1 33 23 4 1 7 1 33 -9999 -9999 -9999 -9999 -9999 -9999 -9999 -9999 -9999 -9999 -9999 -9999 -9999 -9999 -9999 -9999 -9999 -9999 -9999 28 6 6 4 1 2 6 28 34 6 28 31 30 31 31 24 33 2 32 31 33 -9999
4 28 11 11 11 4 12 4 4 33 4 4 31 24 23 31 34 33 1 4 34 4 1 3 21 4 4 3 12 4 4 1 30 23 7 24 -9999 -9999 32 30 23 33 31 32 33 33 30 32 -9999 -9999 -9999 -9999 -9999 -9999 -9999 -9999 33 -9999 -9999 -9999 32 -9999 -9999 -9999 -9999 -9999 -9999 33 34 28 6 6 23 34 28 2 33 4 28 28 28 31 33 28 28 21 32 31 31
32 32 4 31 4 12 4 30 4 4 4 7 34 24 30 24 33 8 4 1 4 4 1 23 4 31 4 4 4 4 32 1 12 12 2 -9999 -9999 -9999 34 18 24 30 31 32 34 33 1 33 -9999 -9999 -9999 -9999 -9999 -9999 -9999 -9999 -9999 -9999 -9999 15 -9999 -9999 -9999 -9999 -9999 -9999 -9999 23 30 31 23 6 34 34 28 28 28 28 34 28 31 6 30 31 6 33 2 31 33
31 32 32 4 4 4 23 12 4 4 34 23 23 4 8 7 3 1 10 4 4 1 1 34 34 4 23 4 4 23 23 32 32 7 24 -9999 -9999 -9999 34 30 33 33 32 34 30 31 22 34 -9999 -9999 -9999 -9999 -9999 -9999 -9999 -9999 -9999 -9999 -9999 -9999 -9999 15 30 -9999 -9999 -9999 -9999 6 6 32 31 6 31 2 28 6 32 32 30 31 6 23 6 28 33 31 32 33 -9999
33 11 23 30 4 31 23 24 34 32 24 4 4 4 23 4 4 4 4 4 4 4 24 31 3 32 23 4 34 32 24 12 34 7 32 -9999 -9999 -9999 31 31 31 32 30 34 1 1 31 32 -9999 -9999 -9999 -9999 -9999 -9999 -9999 -9999 -9999 -9999 -9999 -9999 -9999 6 4 33 -9999 -9999 -9999 30 6 6 32 6 34 24 4 24 23 23 28 28 33 30 28 28 33 31 23 24 31
33 11 34 4 31 4 31 4 31 -9999 24 30 23 4 4 4 4 30 8 30 4 30 23 3 3 21 30 21 4 1 1 30 34 32 32 -9999 -9999 -9999 34 30 32 31 30 33 1 4 12 34 -9999 -9999 -9999 -9999 -9999 -9999 -9999 -9999 -9999 -9999 -9999 -9999 -9999 23 21 23 -9999 -9999 4 6 -9999 -9999 4 6 6 2 24 18 6 34 31 33 28 34 23 6 32 33 24 14 30
23 2 4 4 4 34 32 30 4 32 23 34 4 4 23 4 4 4 7 23 23 4 21 21 3 33 4 34 23 1 7 24 31 23 23 33 30 34 30 33 33 32 30 4 33 12 33 32 -9999 -9999 -9999 -9999 -9999 -9999 -9999 -9999 -9999 -9999 -9999 -9999 -9999 15 4 6 -9999 -9999 -9999 -9999 -9999 -9999 -9999 -9999 6 2 1 24 6 28 33 34 23 23 34 34 30 30 24 30 -9999
12 1 4 34 4 4 4 4 4 4 4 4 4 4 4 4 4 4 31 32 8 4 33 23 4 4 4 4 24 7 23 4 -9999 33 1 24 22 31 30 32 31 30 33 4 1 32 32 33 -9999 -9999 -9999 -9999 -9999 -9999 -9999 -9999 -9999 -9999 -9999 -9999 -9999 -9999 30 -9999 -9999 -9999 -9999 -9999 -9999 23 31 23 6 6 6 6 4 30 33 31 33 33 30 23 33 6 23 31 31
4 23 24 23 4 4 23 4 23 8 13 34 4 4 24 4 34 33 8 32 4 4 32 7 4 31 4 32 23 1 30 24 -9999 33 -9999 7 1 1 24 1 24 34 1 1 7 34 33 31 -9999 -9999 -9999 -9999 -9999 -9999 -9999 -9999 -9999 -9999 -9999 -9999 -9999 -9999 31 -9999 -9999 -9999 -9999 -9999 -9999 6 34 34 28 24 23 33 6 28 28 30 31 34 28 32 6 6 31 32 -9999
