rcp4.5models/MPi_ESM_LR/age.36
ncols    261
nrows    433
xllcorner  336357.125000
yllcorner  654653.500000
cellsize   1000.000000
NODATA_value   -9999
[rows 156 to 194 of 433, columns 88 to 175 of 261]
35 35 18 39 41 18 18 35 39 41 40 -9999 35 40 11 41 14 19 19 41 30 19 35 30 37 35 35 19 39 19 8 19 38 37 18 14 8 40 40 11 17 17 6 41 37 41 39 15 5 -9999 38 21 21 19 38 21 37 39 40 5 8 5 5 5 5 37 38 41 38 38 -9999 -9999 -9999 -9999 -9999 -9999 -9999 -9999 -9999 -9999 9 9 31 30 35 30 -9999 -9999
40 35 35 18 24 35 24 40 39 39 35 35 39 19 40 19 19 19 35 35 38 19 19 14 30 35 41 40 19 19 19 40 19 40 41 14 38 38 14 41 41 41 6 41 8 14 8 40 5 5 5 38 8 8 8 5 41 37 37 37 8 5 41 39 38 40 38 39 38 -9999 -9999 -9999 -9999 -9999 -9999 -9999 -9999 -9999 -9999 9 8 14 9 40 38 40 -9999 -9999
41 40 39 37 37 35 35 38 35 35 35 19 41 35 19 19 15 14 35 19 19 40 19 25 14 11 40 37 29 19 19 19 19 30 14 35 18 11 17 17 31 -9999 -9999 -9999 -9999 5 8 38 14 25 8 31 8 8 25 8 -9999 -9999 40 5 8 5 37 39 39 37 41 37 -9999 -9999 -9999 -9999 -9999 -9999 -9999 -9999 31 -9999 28 37 30 9 41 39 37 -9999 -9999 -9999
41 19 40 18 38 18 39 35 18 18 35 19 19 35 -9999 -9999 30 -9999 19 30 19 38 11 11 41 -9999 -9999 -9999 -9999 40 19 8 14 35 19 19 11 8 8 31 8 -9999 -9999 -9999 21 19 37 41 8 31 8 8 8 8 8 5 5 -9999 5 5 5 39 39 37 40 41 37 39 -9999 -9999 -9999 -9999 -9999 -9999 -9999 5 -9999 -9999 35 33 38 30 30 30 -9999 -9999 -9999 -9999
18 18 18 18 41 18 18 35 35 35 35 40 38 -9999 -9999 -9999 -9999 -9999 -9999 -9999 -9999 31 11 11 -9999 -9999 -9999 -9999 31 11 31 19 11 30 15 15 19 8 19 8 8 -9999 -9999 -9999 -9999 8 14 14 8 5 38 38 5 37 21 41 40 -9999 -9999 -9999 -9999 38 40 38 41 38 37 39 -9999 -9999 -9999 -9999 -9999 -9999 -9999 14 -9999 37 33 9 38 38 30 -9999 -9999 -9999 -9999 -9999
18 41 35 41 35 18 41 39 38 37 37 38 40 41 -9999 -9999 -9999 -9999 -9999 -9999 -9999 11 11 39 -9999 -9999 -9999 35 19 19 19 19 39 19 19 19 30 37 19 41 30 -9999 38 -9999 30 41 39 40 8 8 37 19 38 39 39 39 -9999 -9999 -9999 -9999 -9999 41 39 41 38 38 37 38 -9999 -9999 -9999 -9999 -9999 -9999 -9999 28 39 41 14 40 40 9 -9999 -9999 -9999 -9999 -9999 -9999
38 41 11 19 35 19 38 37 39 38 41 37 40 -9999 -9999 -9999 -9999 -9999 -9999 -9999 -9999 30 19 11 -9999 -9999 -9999 35 40 38 30 19 19 38 19 19 31 40 19 5 30 8 37 14 31 8 37 11 8 5 37 29 38 39 38 39 -9999 -9999 -9999 -9999 -9999 39 38 38 41 40 41 -9999 -9999 -9999 -9999 -9999 -9999 -9999 -9999 -9999 41 37 31 38 39 41 -9999 -9999 -9999 -9999 -9999 -9999
37 35 38 -9999 -9999 -9999 40 39 40 39 38 40 38 -9999 -9999 -9999 -9999 -9999 -9999 -9999 -9999 -9999 -9999 11 19 37 39 30 40 19 39 37 37 9 19 41 14 39 37 8 31 8 38 31 39 40 8 8 40 41 31 39 36 41 39 40 -9999 -9999 -9999 -9999 -9999 39 41 37 39 38 37 -9999 -9999 -9999 -9999 -9999 -9999 -9999 -9999 39 38 39 39 41 38 41 -9999 -9999 -9999 -9999 -9999 -9999
38 38 40 -9999 -9999 -9999 41 38 39 39 41 39 40 40 15 14 11 11 19 11 11 -9999 -9999 30 11 -9999 8 37 31 19 41 31 40 8 11 39 39 11 38 39 8 3 19 37 41 39 11 8 8 14 31 5 41 39 37 -9999 -9999 -9999 -9999 -9999 -9999 41 38 39 40 40 37 39 -9999 -9999 -9999 31 -9999 -9999 9 40 39 38 31 37 14 -9999 -9999 -9999 -9999 -9999 -9999 -9999
18 41 35 -9999 -9999 -9999 -9999 41 39 41 41 41 38 15 11 11 19 19 19 19 11 9 39 41 37 19 2 8 40 30 30 35 38 40 8 8 19 19 40 11 8 38 19 38 17 25 31 40 6 37 6 5 41 38 39 -9999 -9999 -9999 -9999 -9999 -9999 39 40 41 37 39 38 41 38 -9999 -9999 8 29 9 9 41 31 31 41 29 -9999 -9999 -9999 -9999 -9999 -9999 -9999 9
18 37 38 -9999 -9999 -9999 38 41 37 41 40 39 40 39 19 19 19 11 30 38 39 11 2 2 38 -9999 -9999 31 37 35 19 19 19 14 31 19 19 8 40 18 8 40 39 8 17 11 11 8 11 8 6 8 29 41 37 -9999 -9999 -9999 -9999 -9999 -9999 40 39 41 40 40 38 -9999 -9999 -9999 -9999 29 -9999 9 9 31 25 41 -9999 -9999 -9999 -9999 -9999 -9999 -9999 -9999 -9999 -9999
18 35 -9999 -9999 -9999 -9999 37 40 41 38 37 38 41 41 30 40 19 37 19 11 41 19 8 39 -9999 -9999 -9999 40 8 11 30 37 41 35 30 18 38 38 18 41 41 37 39 11 11 30 11 19 11 14 41 8 5 36 -9999 -9999 -9999 -9999 -9999 -9999 -9999 37 38 40 38 38 -9999 -9999 -9999 -9999 -9999 -9999 9 -9999 -9999 -9999 -9999 -9999 -9999 -9999 -9999 -9999 -9999 -9999 -9999 -9999 38 -9999
39 35 -9999 -9999 -9999 -9999 39 38 40 39 37 39 40 37 40 35 35 38 18 19 19 11 40 30 38 41 41 11 8 8 31 11 11 41 30 30 31 19 19 30 14 19 31 30 40 11 14 11 30 37 14 8 5 38 -9999 -9999 -9999 -9999 -9999 -9999 -9999 5 5 5 39 -9999 -9999 -9999 -9999 -9999 -9999 -9999 8 -9999 -9999 -9999 -9999 -9999 -9999 -9999 -9999 -9999 -9999 -9999 -9999 -9999 29 -9999
18 35 -9999 -9999 -9999 38 37 41 41 41 37 39 37 40 39 40 35 19 41 11 19 19 41 11 11 19 19 30 8 19 8 8 14 19 39 30 14 11 37 19 17 11 19 11 11 18 18 11 14 14 14 8 21 41 37 -9999 -9999 -9999 -9999 -9999 -9999 5 40 41 41 -9999 -9999 -9999 -9999 -9999 -9999 5 5 -9999 -9999 -9999 -9999 -9999 -9999 -9999 -9999 -9999 -9999 -9999 -9999 -9999 -9999 -9999
11 18 35 19 -9999 40 39 37 37 40 38 40 40 37 39 39 18 40 18 18 19 2 29 -9999 -9999 -9999 11 19 8 19 11 37 11 19 19 19 31 35 19 41 38 6 19 30 19 18 15 14 14 31 9 38 38 39 -9999 -9999 -9999 -9999 -9999 -9999 -9999 -9999 37 41 39 -9999 -9999 -9999 -9999 -9999 -9999 -9999 5 8 -9999 -9999 -9999 -9999 -9999 -9999 -9999 -9999 -9999 -9999 -9999 -9999 -9999 -9999
11 39 18 18 40 -9999 11 19 38 40 38 38 39 41 18 18 30 18 18 19 19 39 19 -9999 41 -9999 30 11 37 30 31 31 39 38 19 30 19 39 35 39 19 19 18 37 11 30 38 38 14 39 8 39 21 37 -9999 -9999 -9999 -9999 -9999 -9999 -9999 -9999 39 39 37 -9999 -9999 -9999 -9999 -9999 -9999 -9999 -9999 8 -9999 -9999 -9999 -9999 -9999 -9999 -9999 -9999 -9999 -9999 -9999 -9999 -9999 -9999
18 18 35 19 -9999 -9999 11 19 11 19 41 38 40 38 35 35 41 37 40 19 19 -9999 -9999 -9999 -9999 41 41 2 40 31 19 39 31 39 19 11 19 30 19 19 30 41 19 11 30 38 9 41 31 9 -9999 41 41 39 -9999 -9999 -9999 -9999 -9999 -9999 -9999 -9999 -9999 -9999 -9999 -9999 -9999 8 -9999 -9999 -9999 -9999 -9999 5 -9999 -9999 -9999 -9999 -9999 -9999 -9999 -9999 -9999 -9999 -9999 -9999 -9999 -9999
-9999 37 41 35 -9999 -9999 19 19 41 19 19 35 40 11 35 40 19 19 -9999 30 11 38 41 11 30 2 39 2 2 38 11 40 30 39 37 37 19 31 31 19 18 18 35 11 30 11 8 31 14 8 -9999 38 41 38 -9999 -9999 -9999 -9999 -9999 -9999 -9999 -9999 -9999 -9999 -9999 -9999 -9999 -9999 -9999 -9999 -9999 -9999 -9999 5 31 -9999 -9999 -9999 -9999 -9999 -9999 -9999 -9999 -9999 -9999 -9999 -9999 41
18 18 35 19 41 19 38 19 38 18 41 18 35 35 41 30 31 11 -9999 31 41 39 2 19 11 39 39 38 40 8 19 11 11 30 19 41 30 19 19 18 31 30 14 19 31 14 39 9 14 6 8 3 38 -9999 -9999 -9999 -9999 -9999 -9999 -9999 -9999 -9999 -9999 -9999 -9999 -9999 5 -9999 -9999 -9999 -9999 -9999 -9999 5 -9999 -9999 -9999 -9999 -9999 -9999 -9999 -9999 -9999 -9999 -9999 -9999 -9999 29
35 18 35 39 38 35 40 19 39 35 18 19 18 35 39 41 19 -9999 -9999 -9999 41 39 38 30 11 11 41 19 8 37 14 14 11 11 18 19 25 -9999 14 31 6 31 30 11 28 40 40 38 40 8 5 36 38 -9999 -9999 -9999 -9999 -9999 -9999 -9999 -9999 -9999 -9999 -9999 -9999 -9999 -9999 -9999 -9999 -9999 -9999 -9999 -9999 -9999 -9999 -9999 -9999 -9999 -9999 -9999 -9999 -9999 -9999 -9999 -9999 -9999 -9999 -9999
38 35 19 19 19 38 31 30 19 38 40 19 18 18 18 39 18 -9999 -9999 -9999 31 8 30 11 -9999 30 41 8 8 15 41 31 14 14 19 38 11 8 8 41 8 17 31 18 37 11 31 11 8 8 3 29 40 -9999 -9999 -9999 -9999 -9999 -9999 -9999 -9999 -9999 -9999 -9999 -9999 -9999 -9999 -9999 -9999 -9999 -9999 -9999 -9999 -9999 -9999 -9999 -9999 -9999 -9999 -9999 -9999 -9999 -9999 -9999 -9999 -9999 -9999 -9999
24 11 18 38 30 18 35 30 30 19 38 19 19 18 31 18 39 38 11 8 8 8 14 11 31 31 -9999 30 30 -9999 38 40 8 31 30 30 41 11 37 31 31 39 14 19 11 11 9 11 8 40 29 26 -9999 -9999 -9999 -9999 -9999 -9999 -9999 -9999 -9999 -9999 -9999 -9999 -9999 -9999 -9999 -9999 -9999 -9999 -9999 -9999 -9999 -9999 -9999 -9999 -9999 -9999 -9999 -9999 -9999 -9999 -9999 -9999 -9999 -9999 -9999 -9999
18 35 37 35 11 35 30 11 14 11 30 18 -9999 -9999 38 18 38 18 8 8 8 9 8 14 41 37 11 -9999 37 8 37 31 17 31 18 8 11 39 30 11 11 8 11 11 39 -9999 38 40 9 8 29 38 -9999 -9999 -9999 -9999 -9999 -9999 -9999 -9999 -9999 -9999 -9999 5 -9999 -9999 -9999 -9999 -9999 -9999 -9999 -9999 -9999 -9999 -9999 -9999 -9999 -9999 -9999 -9999 40 28 30 5 -9999 33 38 -9999
39 38 40 11 31 -9999 -9999 39 30 19 -9999 19 30 -9999 39 35 35 -9999 8 19 19 30 30 11 15 11 11 -9999 30 37 30 30 14 11 11 -9999 8 11 -9999 31 41 11 39 38 -9999 -9999 -9999 38 40 3 39 38 -9999 -9999 -9999 -9999 -9999 -9999 -9999 -9999 -9999 -9999 -9999 -9999 -9999 -9999 39 -9999 -9999 -9999 -9999 -9999 -9999 -9999 -9999 -9999 -9999 -9999 41 40 28 8 37 5 37 9 9 -9999
41 40 19 15 11 19 -9999 -9999 30 -9999 -9999 41 30 15 14 11 39 18 8 8 19 11 30 9 9 11 11 11 19 2 11 11 11 39 30 8 31 11 -9999 38 39 11 11 11 6 -9999 37 31 37 29 37 37 -9999 -9999 -9999 -9999 -9999 -9999 -9999 -9999 -9999 -9999 -9999 -9999 -9999 -9999 -9999 -9999 -9999 -9999 37 -9999 -9999 -9999 -9999 -9999 5 40 33 38 38 31 9 38 33 30 5 5
19 41 11 11 11 3 19 -9999 11 31 -9999 -9999 31 2 2 31 2 11 19 30 28 11 6 11 8 30 2 30 31 11 11 3 15 40 3 11 30 31 14 8 37 38 8 6 31 -9999 37 31 8 8 41 -9999 -9999 -9999 -9999 -9999 -9999 -9999 -9999 -9999 -9999 -9999 -9999 -9999 38 -9999 -9999 -9999 -9999 -9999 -9999 -9999 -9999 5 5 28 5 40 31 33 41 35 39 35 40 37 8 5
41 30 11 19 11 31 11 11 -9999 -9999 41 -9999 11 38 2 11 11 30 30 11 11 41 9 19 37 11 8 8 38 9 9 30 30 31 31 -9999 -9999 37 30 31 8 40 8 38 19 19 41 3 8 19 41 -9999 -9999 -9999 -9999 -9999 -9999 -9999 -9999 -9999 -9999 -9999 -9999 -9999 -9999 -9999 -9999 -9999 -9999 -9999 -9999 8 38 22 31 41 8 8 39 33 35 40 -9999 35 37 9 5 5
35 35 37 40 19 11 11 11 19 -9999 -9999 -9999 -9999 40 14 11 30 41 2 2 8 8 8 11 19 31 11 11 11 8 8 2 11 14 -9999 -9999 -9999 -9999 40 38 3 3 8 38 38 21 41 3 5 41 -9999 -9999 -9999 -9999 -9999 -9999 -9999 -9999 -9999 -9999 -9999 -9999 -9999 -9999 -9999 -9999 -9999 -9999 -9999 -9999 -9999 39 13 30 31 33 9 39 40 31 37 9 31 28 40 8 5 39
18 41 40 19 19 11 30 11 41 -9999 11 41 11 30 30 8 -9999 37 38 30 30 30 8 8 11 8 38 8 30 8 37 30 11 -9999 19 -9999 -9999 41 39 8 8 8 8 8 3 39 41 39 3 38 -9999 -9999 -9999 -9999 -9999 -9999 -9999 -9999 -9999 -9999 -9999 -9999 -9999 -9999 -9999 -9999 -9999 -9999 5 8 13 11 38 11 41 37 9 13 40 9 35 41 39 37 9 5 37 41
41 31 18 35 37 38 14 40 11 11 31 -9999 -9999 11 -9999 -9999 -9999 -9999 -9999 11 11 11 40 18 37 11 -9999 11 11 8 38 3 8 41 31 -9999 -9999 3 31 40 11 8 8 8 8 38 3 8 3 -9999 -9999 -9999 -9999 -9999 -9999 -9999 -9999 -9999 -9999 -9999 -9999 -9999 -9999 -9999 -9999 -9999 -9999 -9999 11 30 11 30 8 30 13 13 13 13 30 13 39 35 37 35 38 5 5 40
-9999 35 35 35 35 18 35 11 11 11 14 38 39 31 -9999 31 2 -9999 -9999 41 11 2 9 8 11 19 9 11 11 11 11 11 11 14 30 37 31 14 39 40 40 8 40 30 11 8 14 8 40 -9999 -9999 -9999 -9999 -9999 -9999 -9999 -9999 -9999 -9999 -9999 -9999 -9999 -9999 -9999 -9999 -9999 -9999 -9999 35 13 13 11 8 9 13 35 41 13 35 38 37 38 38 31 40 9 5 5
39 11 35 18 18 18 11 19 11 11 40 11 11 38 31 30 38 41 2 8 11 2 11 8 6 28 11 11 6 19 11 11 8 37 30 14 31 -9999 -9999 39 2 30 3 3 3 3 40 5 39 -9999 -9999 -9999 -9999 -9999 -9999 -9999 -9999 5 -9999 -9999 -9999 39 -9999 -9999 -9999 -9999 -9999 -9999 40 41 35 13 13 30 41 35 9 40 11 35 35 35 38 40 35 35 28 5
38 39 39 11 38 11 19 11 37 11 11 11 14 41 31 37 31 40 15 11 8 11 11 8 6 11 38 11 11 11 11 39 8 3 19 2 -9999 -9999 -9999 41 25 31 37 38 39 3 40 8 40 -9999 -9999 -9999 -9999 -9999 -9999 -9999 -9999 -9999 -9999 -9999 22 -9999 -9999 -9999 -9999 -9999 -9999 -9999 30 37 38 30 13 41 41 35 35 35 35 41 35 38 13 37 38 13 40 9
40 38 39 39 11 11 11 30 19 11 11 41 30 30 11 15 14 6 8 17 11 11 8 8 41 41 11 30 11 11 30 6 39 3 14 31 -9999 -9999 -9999 41 3 40 40 39 3 3 38 5 3 -9999 -9999 -9999 -9999 -9999 -9999 -9999 -9999 -9999 -9999 -9999 -9999 -9999 22 37 -9999 -9999 -9999 -9999 13 13 39 38 13 38 9 35 13 39 39 37 38 13 30 13 35 40 38 5
19 40 18 30 37 11 38 30 31 41 39 31 11 11 11 30 11 11 11 11 11 11 11 31 38 6 39 30 11 41 39 31 19 3 14 2 -9999 -9999 -9999 38 3 38 39 37 3 8 8 38 39 -9999 -9999 -9999 -9999 -9999 -9999 -9999 -9999 -9999 -9999 -9999 -9999 -9999 13 11 40 -9999 -9999 -9999 37 13 13 39 13 41 31 11 31 30 30 35 35 40 37 35 35 40 38 30
18 40 18 41 11 38 11 38 11 38 -9999 31 37 30 11 11 11 11 6 15 37 11 37 30 6 6 28 37 28 11 8 8 37 2 3 2 -9999 -9999 -9999 41 3 39 38 3 3 8 11 3 41 -9999 -9999 -9999 -9999 -9999 -9999 -9999 -9999 -9999 -9999 -9999 -9999 -9999 30 28 30 -9999 -9999 11 13 -9999 -9999 11 13 13 9 31 25 13 41 38 40 35 41 30 13 39 40 31
37 30 9 11 11 11 41 39 37 11 39 30 41 11 11 30 11 11 11 14 30 30 11 28 28 6 40 11 41 30 8 14 31 38 30 30 40 37 41 37 3 40 39 3 11 40 3 40 39 -9999 -9999 -9999 -9999 -9999 -9999 -9999 -9999 -9999 -9999 -9999 -9999 -9999 22 11 13 -9999 -9999 -9999 -9999 -9999 -9999 -9999 -9999 13 9 8 31 13 35 40 41 30 30 41 41 37 37 31
11 19 8 11 41 11 11 11 11 11 11 11 11 11 11 11 11 11 11 38 39 15 11 40 30 11 11 11 11 31 14 30 11 -9999 40 8 31 3 3 3 3 38 37 40 11 8 3 39 40 -9999 -9999 -9999 -9999 -9999 -9999 -9999 -9999 -9999 -9999 -9999 -9999 -9999 -9999 37 -9999 -9999 -9999 -9999 -9999 -9999 30 38 30 13 13 13 13 11 37 40 38 40 40 37 30 40 13 30
11 11 30 31 30 11 11 30 11 30 15 6 6 11 11 31 11 41 40 15 39 11 11 39 14 11 38 11 39 30 8 37 31 -9999 3 -9999 14 8 8 31 8 31 3 8 8 14 3 40 38 -9999 -9999 -9999 -9999 -9999 -9999 -9999 -9999 -9999 -9999 -9999 -9999 -9999 -9999 38 -9999 -9999 -9999 -9999 -9999 -9999 13 41 41 35 31 30 40 13 35 35 37 38 41 35 39 13 13 38
