rcp4.5models/MPi_ESM_LR/age.38
ncols    261
nrows    433
xllcorner  336357.125000
yllcorner  654653.500000
cellsize   1000.000000
NODATA_value   -9999
[rows 156 to 194 of 433, columns 89 to 177 of 261]
37 20 41 43 20 20 37 41 43 42 -9999 2 42 13 43 16 2 2 2 32 2 2 32 39 2 2 2 41 2 10 2 40 39 2 16 10 42 42 13 19 19 8 43 39 43 41 17 7 -9999 40 23 1 1 40 1 39 41 42 7 10 7 7 7 7 39 40 43 40 40 -9999 -9999 -9999 -9999 -9999 -9999 -9999 -9999 -9999 -9999 2 2 33 32 1 32 -9999 -9999 -9999 -9999
37 37 20 26 37 26 42 41 41 2 37 2 21 42 2 21 2 2 2 2 2 2 16 32 2 43 42 2 2 2 42 21 42 43 16 40 40 16 43 43 43 8 43 10 16 10 42 7 7 7 40 10 10 10 7 43 39 39 39 10 7 43 41 40 42 40 41 40 -9999 -9999 -9999 -9999 -9999 -9999 -9999 -9999 -9999 -9999 2 10 16 1 42 40 42 -9999 -9999 -9999 -9999
42 41 39 39 2 37 40 37 37 37 2 43 2 2 21 17 16 2 2 2 42 2 27 16 13 42 39 1 1 2 2 2 32 16 2 2 13 19 19 33 -9999 -9999 -9999 -9999 7 10 40 16 27 10 33 10 10 27 10 -9999 -9999 1 7 10 7 39 41 41 39 43 39 -9999 -9999 -9999 -9999 -9999 -9999 -9999 -9999 33 -9999 30 1 32 2 43 41 39 -9999 -9999 -9999 -9999 -9999
2 42 20 40 20 41 37 20 20 37 2 2 2 -9999 -9999 32 -9999 2 32 2 40 13 13 43 -9999 -9999 -9999 -9999 42 2 10 16 2 2 2 13 10 10 33 10 -9999 -9999 -9999 1 1 39 43 10 33 10 10 10 10 10 7 7 -9999 7 7 7 41 41 39 42 43 39 41 -9999 -9999 -9999 -9999 -9999 -9999 -9999 7 -9999 -9999 37 1 1 32 32 32 -9999 -9999 -9999 -9999 -9999 -9999
2 20 2 2 20 20 37 37 37 2 42 40 -9999 -9999 -9999 -9999 -9999 -9999 -9999 -9999 33 13 13 -9999 -9999 -9999 -9999 33 13 33 2 13 32 17 17 2 10 1 10 10 -9999 -9999 -9999 -9999 10 16 16 10 7 40 40 7 1 1 1 1 -9999 -9999 -9999 -9999 40 42 40 43 40 39 41 -9999 -9999 -9999 -9999 -9999 -9999 -9999 16 -9999 1 1 1 1 40 32 -9999 -9999 -9999 -9999 -9999 -9999 -9999
43 37 43 37 20 43 41 40 39 39 40 42 43 -9999 -9999 -9999 -9999 -9999 -9999 -9999 13 13 41 -9999 -9999 -9999 2 2 2 2 2 41 21 21 21 32 39 1 43 32 -9999 1 -9999 32 43 41 42 10 10 39 1 40 41 41 41 -9999 -9999 -9999 -9999 -9999 43 41 43 40 40 39 40 -9999 -9999 -9999 -9999 -9999 -9999 -9999 1 41 43 16 42 42 2 -9999 -9999 -9999 -9999 -9999 -9999 -9999 -9999
43 13 2 37 2 40 39 41 40 43 39 42 -9999 -9999 -9999 -9999 -9999 -9999 -9999 -9999 32 2 13 -9999 -9999 -9999 2 42 40 32 2 2 40 21 2 33 42 1 7 32 10 39 16 33 10 39 13 10 7 39 1 40 41 40 41 -9999 -9999 -9999 -9999 -9999 41 40 40 43 42 43 -9999 -9999 -9999 -9999 -9999 -9999 -9999 -9999 -9999 43 39 33 40 41 43 -9999 -9999 -9999 -9999 -9999 -9999 -9999 -9999
2 40 -9999 -9999 -9999 42 41 42 41 40 42 40 -9999 -9999 -9999 -9999 -9999 -9999 -9999 -9999 -9999 -9999 13 2 39 41 32 2 2 41 39 39 2 2 43 16 41 39 10 33 10 40 33 41 42 10 10 42 43 33 41 38 43 41 42 -9999 -9999 -9999 -9999 -9999 41 43 39 41 40 39 -9999 -9999 -9999 -9999 -9999 -9999 -9999 -9999 41 40 41 41 43 40 43 -9999 -9999 -9999 -9999 -9999 -9999 -9999 -9999
2 42 -9999 -9999 -9999 43 40 41 41 43 41 42 42 17 16 13 13 2 13 13 -9999 -9999 32 13 -9999 10 39 33 2 43 33 42 10 13 41 41 13 40 41 10 5 1 39 43 41 13 10 10 16 33 7 43 41 39 -9999 -9999 -9999 -9999 -9999 -9999 43 40 41 42 42 39 41 -9999 -9999 -9999 33 -9999 -9999 2 42 41 40 33 39 16 -9999 -9999 -9999 -9999 -9999 -9999 -9999 -9999 -9999
43 37 -9999 -9999 -9999 -9999 43 41 43 43 43 40 17 13 13 2 2 2 2 13 2 41 43 39 2 4 10 42 32 32 2 40 42 10 10 21 2 42 13 10 40 1 40 19 27 33 42 8 39 8 7 43 40 41 -9999 -9999 -9999 -9999 -9999 -9999 41 42 43 39 41 40 43 40 -9999 -9999 10 31 2 2 43 33 33 43 31 -9999 -9999 -9999 -9999 -9999 -9999 -9999 1 -9999 -9999
39 40 -9999 -9999 -9999 40 43 39 43 42 41 42 41 2 2 2 13 32 40 41 13 4 4 40 -9999 -9999 33 39 2 2 2 2 16 33 2 21 10 42 2 10 42 41 10 19 13 13 10 13 10 8 10 1 43 39 -9999 -9999 -9999 -9999 -9999 -9999 42 41 43 42 42 40 -9999 -9999 -9999 -9999 31 -9999 2 2 33 27 43 -9999 -9999 -9999 -9999 -9999 -9999 -9999 -9999 -9999 -9999 -9999 -9999
37 -9999 -9999 -9999 -9999 39 42 43 40 39 40 43 43 32 42 2 39 21 13 43 2 10 41 -9999 -9999 -9999 42 10 13 32 39 43 37 32 2 40 40 2 43 43 39 41 13 13 32 13 2 13 16 43 10 7 38 -9999 -9999 -9999 -9999 -9999 -9999 -9999 39 40 42 40 40 -9999 -9999 -9999 -9999 -9999 -9999 2 -9999 -9999 -9999 -9999 -9999 -9999 -9999 -9999 -9999 -9999 -9999 -9999 -9999 40 -9999 -9999 -9999
2 -9999 -9999 -9999 -9999 41 40 42 41 39 41 42 39 42 37 37 40 2 2 2 13 42 32 40 1 1 13 10 10 33 13 13 43 32 32 33 21 21 32 16 2 33 32 42 13 16 13 32 39 16 10 7 40 -9999 -9999 -9999 -9999 -9999 -9999 -9999 7 7 7 41 -9999 -9999 -9999 -9999 -9999 -9999 -9999 10 -9999 -9999 -9999 -9999 -9999 -9999 -9999 -9999 -9999 -9999 -9999 -9999 -9999 31 -9999 -9999 -9999
2 -9999 -9999 -9999 40 39 43 43 43 39 41 39 42 41 42 37 2 2 13 2 2 43 13 13 2 2 32 10 2 10 10 16 21 41 32 16 13 39 2 19 13 2 13 13 2 2 13 16 16 16 10 1 43 39 -9999 -9999 -9999 -9999 -9999 -9999 7 42 43 43 -9999 -9999 -9999 -9999 -9999 -9999 7 7 -9999 -9999 -9999 -9999 -9999 -9999 -9999 -9999 -9999 -9999 -9999 -9999 -9999 -9999 -9999 -9999 -9999
2 2 2 -9999 2 41 39 39 42 40 42 42 39 41 2 20 42 2 2 2 4 1 -9999 -9999 -9999 13 2 10 2 13 39 13 2 2 2 33 2 2 43 40 8 2 32 2 2 17 16 16 33 2 40 40 41 -9999 -9999 -9999 -9999 -9999 -9999 -9999 -9999 39 43 41 -9999 -9999 -9999 -9999 -9999 -9999 -9999 7 10 -9999 -9999 -9999 -9999 -9999 -9999 -9999 -9999 -9999 -9999 -9999 -9999 -9999 -9999 -9999 -9999
41 2 2 2 -9999 13 2 40 42 40 40 41 43 2 2 32 2 20 2 2 41 1 -9999 1 -9999 32 13 1 32 33 33 41 2 2 32 2 2 2 41 21 2 2 39 13 32 40 40 16 41 10 41 1 39 -9999 -9999 -9999 -9999 -9999 -9999 -9999 -9999 41 41 39 -9999 -9999 -9999 -9999 -9999 -9999 -9999 -9999 10 -9999 -9999 -9999 -9999 -9999 -9999 -9999 -9999 -9999 -9999 -9999 -9999 -9999 -9999 -9999 -9999
20 2 2 -9999 -9999 13 2 13 2 43 40 42 40 2 37 2 39 2 2 2 -9999 -9999 -9999 -9999 43 43 4 1 33 2 41 33 41 2 13 2 32 2 2 32 43 2 13 32 40 2 43 33 2 -9999 43 43 41 -9999 -9999 -9999 -9999 -9999 -9999 -9999 -9999 -9999 -9999 -9999 -9999 -9999 10 -9999 -9999 -9999 -9999 -9999 7 -9999 -9999 -9999 -9999 -9999 -9999 -9999 -9999 -9999 -9999 -9999 -9999 -9999 -9999 -9999 -9999
2 2 37 -9999 -9999 2 2 43 2 2 2 2 13 37 2 2 2 -9999 32 13 40 1 13 32 4 1 4 4 40 13 42 32 41 39 39 2 33 33 2 2 2 37 13 32 13 10 33 16 10 -9999 40 43 40 -9999 -9999 -9999 -9999 -9999 -9999 -9999 -9999 -9999 -9999 -9999 -9999 -9999 -9999 -9999 -9999 -9999 -9999 -9999 7 33 -9999 -9999 -9999 -9999 -9999 -9999 -9999 -9999 -9999 -9999 -9999 -9999 43 -9999 -9999
20 2 2 2 2 2 2 40 2 2 2 2 2 43 32 33 13 -9999 33 43 41 4 2 13 41 41 40 42 10 2 13 13 32 2 43 32 2 2 2 33 32 16 2 33 16 41 2 16 8 10 5 40 -9999 -9999 -9999 -9999 -9999 -9999 -9999 -9999 -9999 -9999 -9999 -9999 -9999 7 -9999 -9999 -9999 -9999 -9999 -9999 7 -9999 -9999 -9999 -9999 -9999 -9999 -9999 -9999 -9999 -9999 -9999 -9999 -9999 31 39 -9999
20 2 41 40 2 2 2 2 2 2 2 2 2 41 43 2 -9999 -9999 -9999 43 41 40 32 13 13 43 2 10 39 16 16 13 13 2 2 27 -9999 16 33 8 33 32 13 30 42 42 40 42 10 7 38 40 -9999 -9999 -9999 -9999 -9999 -9999 -9999 -9999 -9999 -9999 -9999 -9999 -9999 -9999 -9999 -9999 -9999 -9999 -9999 -9999 -9999 -9999 -9999 -9999 -9999 -9999 -9999 -9999 -9999 -9999 -9999 -9999 -9999 -9999 -9999 -9999 -9999
37 2 2 2 40 33 32 2 2 2 2 2 2 2 2 2 -9999 -9999 -9999 33 10 32 13 -9999 32 1 10 10 17 43 33 16 16 21 40 13 10 10 43 10 19 33 2 39 13 33 13 10 10 5 31 42 -9999 -9999 -9999 -9999 -9999 -9999 -9999 -9999 -9999 -9999 -9999 -9999 -9999 -9999 -9999 -9999 -9999 -9999 -9999 -9999 -9999 -9999 -9999 -9999 -9999 -9999 -9999 -9999 -9999 -9999 -9999 -9999 -9999 -9999 -9999 -9999 -9999
13 2 2 32 2 2 32 32 2 2 2 2 2 33 2 2 2 13 10 10 10 16 13 33 33 -9999 32 32 -9999 40 42 10 33 32 32 43 13 39 33 33 41 16 2 13 13 2 13 10 42 1 28 -9999 -9999 -9999 -9999 -9999 -9999 -9999 -9999 -9999 -9999 -9999 -9999 -9999 -9999 -9999 -9999 -9999 -9999 -9999 -9999 -9999 -9999 -9999 -9999 -9999 -9999 -9999 -9999 -9999 -9999 -9999 -9999 -9999 -9999 -9999 -9999 -9999 -9999
2 39 2 13 2 32 13 16 13 32 2 -9999 -9999 2 2 2 2 10 10 10 2 10 16 43 39 13 -9999 39 10 39 33 19 33 20 10 13 41 32 13 13 10 13 13 41 -9999 40 42 2 10 31 40 -9999 -9999 -9999 -9999 -9999 -9999 -9999 -9999 -9999 -9999 -9999 7 -9999 -9999 -9999 -9999 -9999 -9999 -9999 -9999 -9999 -9999 -9999 -9999 -9999 -9999 -9999 -9999 42 1 32 7 -9999 1 40 -9999 -9999 -9999
2 2 13 33 -9999 -9999 41 32 1 -9999 2 32 -9999 2 2 2 -9999 10 2 2 32 32 13 17 13 13 -9999 32 39 32 32 16 13 13 -9999 10 13 -9999 33 43 13 41 40 -9999 -9999 -9999 40 42 5 41 40 -9999 -9999 -9999 -9999 -9999 -9999 -9999 -9999 -9999 -9999 -9999 -9999 -9999 -9999 41 -9999 -9999 -9999 -9999 -9999 -9999 -9999 -9999 -9999 -9999 -9999 43 42 30 10 39 7 39 1 1 -9999 -9999 -9999
2 2 17 13 2 -9999 -9999 32 -9999 -9999 43 32 17 16 13 2 2 10 10 2 13 32 2 2 13 13 13 1 4 13 13 13 41 32 10 33 13 -9999 40 41 13 13 13 8 -9999 39 33 39 1 1 39 -9999 -9999 -9999 -9999 -9999 -9999 -9999 -9999 -9999 -9999 -9999 -9999 -9999 -9999 -9999 -9999 -9999 -9999 39 -9999 -9999 -9999 -9999 -9999 7 42 35 40 40 33 2 40 1 32 7 7 -9999 -9999
2 13 13 13 5 2 -9999 13 33 -9999 -9999 33 4 4 33 4 13 2 32 2 13 8 13 10 32 4 32 33 13 13 5 17 42 5 13 32 33 16 10 39 40 10 8 33 -9999 39 33 10 10 1 -9999 -9999 -9999 -9999 -9999 -9999 -9999 -9999 -9999 -9999 -9999 -9999 -9999 40 -9999 -9999 -9999 -9999 -9999 -9999 -9999 -9999 7 7 30 7 42 33 1 43 37 41 37 42 1 10 7 7 39
32 13 2 13 33 13 13 -9999 -9999 43 -9999 13 40 4 13 13 32 32 13 13 43 2 2 39 13 10 10 40 2 2 32 32 33 33 -9999 -9999 1 32 33 10 42 10 40 1 1 43 5 10 1 1 -9999 -9999 -9999 -9999 -9999 -9999 -9999 -9999 -9999 -9999 -9999 -9999 -9999 -9999 -9999 -9999 -9999 -9999 -9999 -9999 10 40 24 33 43 10 10 41 1 37 42 -9999 37 39 2 7 7 39 41
2 2 2 2 13 13 13 2 -9999 -9999 -9999 -9999 42 16 13 32 43 4 4 10 10 10 13 2 33 13 13 13 10 10 4 13 16 -9999 -9999 -9999 -9999 42 40 5 5 10 40 1 1 43 5 7 1 -9999 -9999 -9999 -9999 -9999 -9999 -9999 -9999 -9999 -9999 -9999 -9999 -9999 -9999 -9999 -9999 -9999 -9999 -9999 -9999 -9999 41 2 32 33 35 2 41 42 33 39 2 33 30 42 10 7 41 39 -9999
2 2 2 2 13 32 13 2 -9999 13 43 13 32 32 10 -9999 1 40 32 32 32 10 10 13 10 40 10 32 10 1 32 13 -9999 1 -9999 -9999 1 41 10 10 10 10 10 5 1 1 41 5 1 -9999 -9999 -9999 -9999 -9999 -9999 -9999 -9999 -9999 -9999 -9999 -9999 -9999 -9999 -9999 -9999 -9999 -9999 7 10 2 13 40 13 43 39 2 1 42 2 37 43 41 39 2 7 39 43 40 -9999
33 2 2 2 2 16 42 13 13 33 -9999 -9999 13 -9999 -9999 -9999 -9999 -9999 13 13 13 42 2 39 13 -9999 13 13 10 40 5 10 43 33 -9999 -9999 5 33 1 13 10 10 10 10 40 5 10 5 -9999 -9999 -9999 -9999 -9999 -9999 -9999 -9999 -9999 -9999 -9999 -9999 -9999 -9999 -9999 -9999 -9999 -9999 -9999 13 32 13 32 10 32 2 15 2 2 32 2 41 37 39 37 40 7 7 42 41 -9999
2 2 2 2 2 2 13 13 13 16 40 41 33 -9999 33 4 -9999 -9999 43 13 4 2 10 13 21 2 13 13 13 13 13 13 16 32 39 33 16 1 42 1 10 1 32 13 10 16 10 1 -9999 -9999 -9999 -9999 -9999 -9999 -9999 -9999 -9999 -9999 -9999 -9999 -9999 -9999 -9999 -9999 -9999 -9999 -9999 37 2 15 13 10 2 2 37 43 15 37 40 39 40 40 33 42 2 7 7 42 -9999
13 2 2 2 2 13 2 13 13 42 13 13 40 33 32 40 43 4 10 13 4 13 10 8 30 13 13 8 21 13 13 10 39 32 16 33 -9999 -9999 1 4 32 5 5 5 5 42 7 41 -9999 -9999 -9999 -9999 -9999 -9999 -9999 -9999 7 -9999 -9999 -9999 1 -9999 -9999 -9999 -9999 -9999 -9999 42 43 37 2 2 32 43 37 2 42 13 37 37 37 40 42 37 37 30 7 40 40
2 2 13 40 13 2 13 39 13 13 13 16 43 33 39 33 42 17 13 10 13 13 10 8 13 40 13 13 13 13 41 10 5 1 4 -9999 -9999 -9999 43 27 33 1 1 1 5 42 10 1 -9999 -9999 -9999 -9999 -9999 -9999 -9999 -9999 -9999 -9999 -9999 24 -9999 -9999 -9999 -9999 -9999 -9999 -9999 32 39 40 32 15 43 43 37 37 37 37 43 37 1 1 39 40 1 42 2 7 42
2 41 41 13 13 13 32 2 13 13 43 32 32 13 17 16 8 10 19 13 13 10 10 1 43 13 32 13 13 32 8 1 5 16 33 -9999 -9999 -9999 1 5 1 1 1 5 5 40 7 5 -9999 -9999 -9999 -9999 -9999 -9999 -9999 -9999 -9999 -9999 -9999 -9999 -9999 24 39 -9999 -9999 -9999 -9999 15 2 41 40 1 40 2 37 2 41 41 39 40 1 32 1 37 42 40 7 7 -9999
2 20 32 39 13 2 32 33 43 41 33 13 13 13 32 13 13 13 13 13 13 13 33 40 8 41 32 13 43 41 33 1 5 16 4 -9999 -9999 -9999 1 5 1 1 1 5 10 10 1 1 -9999 -9999 -9999 -9999 -9999 -9999 -9999 -9999 -9999 -9999 -9999 -9999 -9999 15 13 42 -9999 -9999 -9999 39 15 2 41 15 43 33 13 33 32 32 37 37 42 39 37 37 42 40 32 33 40
2 2 2 13 40 13 2 13 40 -9999 33 39 32 13 13 13 13 8 17 39 13 39 32 8 8 30 39 30 13 10 10 39 4 5 4 -9999 -9999 -9999 1 5 1 1 5 5 10 13 5 1 -9999 -9999 -9999 -9999 -9999 -9999 -9999 -9999 -9999 -9999 -9999 -9999 -9999 32 30 32 -9999 -9999 13 15 -9999 -9999 13 15 15 2 33 27 2 43 40 42 37 43 32 1 41 42 33 23 7
32 2 13 13 13 43 41 39 13 41 32 43 13 13 32 13 13 13 16 32 32 13 30 30 8 42 13 43 32 10 16 33 40 32 32 1 1 1 1 5 1 1 5 13 42 5 1 41 -9999 -9999 -9999 -9999 -9999 -9999 -9999 -9999 -9999 -9999 -9999 -9999 -9999 24 13 15 -9999 -9999 -9999 -9999 -9999 -9999 -9999 -9999 15 2 10 33 2 37 42 43 32 32 43 43 39 39 33 39 -9999
2 10 13 43 13 13 13 13 13 13 13 13 13 13 13 13 13 13 40 41 17 13 42 32 13 13 13 13 33 16 32 13 -9999 42 10 33 5 5 5 5 1 39 42 13 10 5 1 42 -9999 -9999 -9999 -9999 -9999 -9999 -9999 -9999 -9999 -9999 -9999 -9999 -9999 -9999 39 -9999 -9999 -9999 -9999 -9999 -9999 32 40 32 15 15 15 15 13 39 42 40 42 42 39 32 42 2 32 40 7
13 32 33 32 13 13 32 13 32 17 8 8 13 13 33 13 43 42 17 41 13 13 41 16 13 40 13 41 32 10 39 33 -9999 5 -9999 16 10 10 33 10 33 5 10 10 16 5 1 40 -9999 -9999 -9999 -9999 -9999 -9999 -9999 -9999 -9999 -9999 -9999 -9999 -9999 -9999 40 -9999 -9999 -9999 -9999 -9999 -9999 2 43 43 37 33 32 42 15 37 37 39 40 43 37 41 1 1 40 7 -9999
