rcp4.5models/MPi_ESM_LR/sc1gr4.FIL
NCOLS 261 
NROWS 433 
XLLCORNER 336357.134 
YLLCORNER 654653.479 
CELLSIZE 1000 
NODATA_value -9999 
[rows 220 to 241 of 433, columns 200 to 249 of 261]
280.947418212891 281.312408447266 281.464599609375 281.743957519531 282.330078125 282.785827636719 282.484588623047 283.240325927734 283.742370605469 283.531402587891 282.940338134766 283.024139404297 283.703338623047 283.671051025391 284.534484863281 284.511749267578 284.403411865234 284.51220703125 284.626617431641 284.691497802734 284.673767089844 284.713592529297 284.874237060547 -9999 285.278656005859 285.364288330078 285.491943359375 285.621704101562 -9999 -9999 -9999 -9999 -9999 -9999 -9999 -9999 -9999 -9999 -9999 -9999 -9999 -9999 -9999 -9999 -9999 -9999 -9999 -9999 -9999 -9999
280.649291992188 281.069183349609 281.138275146484 281.718719482422 282.100219726562 282.240997314453 281.954223632812 282.372009277344 283.048492431641 282.753173828125 282.289459228516 282.941558837891 283.4052734375 283.745513916016 284.336334228516 284.270324707031 284.433349609375 284.377777099609 284.562103271484 284.906707763672 285.005676269531 284.799102783203 284.856231689453 -9999 285.299102783203 285.321746826172 285.512603759766 285.536682128906 -9999 -9999 -9999 -9999 -9999 -9999 -9999 -9999 -9999 -9999 -9999 -9999 -9999 -9999 -9999 -9999 -9999 -9999 -9999 -9999 -9999 -9999
280.247833251953 280.874481201172 280.874328613281 281.604705810547 281.633392333984 281.760498046875 281.846557617188 281.993560791016 282.471832275391 282.415557861328 282.347869873047 282.694946289062 282.919006347656 283.360809326172 284.027038574219 284.249053955078 284.574890136719 284.587829589844 284.699279785156 284.939758300781 -9999 -9999 -9999 -9999 285.261322021484 285.228851318359 285.533203125 285.450592041016 285.441589355469 -9999 -9999 -9999 -9999 -9999 -9999 -9999 -9999 -9999 -9999 -9999 -9999 -9999 -9999 -9999 -9999 -9999 -9999 -9999 -9999 -9999
280.068664550781 280.198638916016 280.350280761719 281.621520996094 281.651458740234 281.839935302734 281.636322021484 281.332550048828 282.130432128906 282.758575439453 283.103607177734 283.128509521484 283.253601074219 283.491119384766 284.124053955078 284.359436035156 284.470550537109 284.607452392578 284.792938232422 285.107879638672 -9999 -9999 -9999 -9999 285.382171630859 285.393127441406 285.393707275391 285.417877197266 285.409210205078 285.553497314453 285.633117675781 -9999 -9999 -9999 -9999 -9999 -9999 -9999 -9999 -9999 -9999 -9999 -9999 -9999 -9999 -9999 -9999 -9999 -9999 -9999
280.527587890625 280.303741455078 280.505828857422 281.678894042969 281.806060791016 282.045532226562 281.863037109375 281.018463134766 281.354583740234 282.362976074219 283.175842285156 283.525085449219 283.710845947266 283.80029296875 284.246124267578 284.123199462891 284.114715576172 284.565002441406 284.779388427734 -9999 -9999 285.129821777344 285.203887939453 285.344116210938 285.543395996094 285.553985595703 285.235382080078 285.417358398438 285.426818847656 285.436065673828 285.560760498047 285.787139892578 285.795715332031 -9999 -9999 -9999 -9999 -9999 -9999 -9999 -9999 -9999 -9999 -9999 -9999 -9999 -9999 -9999 -9999 -9999
280.911163330078 -9999 -9999 281.251647949219 281.681610107422 281.829620361328 282.139434814453 282.040435791016 281.627319335938 281.884429931641 282.739074707031 283.249694824219 283.730041503906 283.744598388672 284.0302734375 283.948883056641 283.757293701172 284.096466064453 284.459716796875 284.905334472656 285.089233398438 285.100982666016 285.120849609375 285.188598632812 285.341552734375 285.511199951172 285.366516113281 285.374450683594 285.447509765625 285.456817626953 285.513580322266 285.679962158203 285.816711425781 285.712677001953 -9999 -9999 -9999 -9999 -9999 -9999 -9999 -9999 -9999 -9999 -9999 -9999 -9999 -9999 -9999 -9999
280.390930175781 280.551055908203 280.419403076172 279.500579833984 280.035949707031 281.269226074219 282.041137695312 282.758087158203 282.464385986328 282.338684082031 282.670867919922 283.074768066406 283.749328613281 283.763946533203 283.745788574219 283.594360351562 283.528900146484 283.618774414062 283.799163818359 284.426147460938 284.656951904297 284.733489990234 284.894592285156 285.026275634766 285.228363037109 285.355895996094 285.470489501953 285.312774658203 285.210113525391 285.282775878906 285.291442871094 285.482116699219 285.837646484375 285.799041748047 -9999 -9999 -9999 -9999 -9999 -9999 -9999 -9999 -9999 -9999 -9999 -9999 -9999 -9999 -9999 -9999
279.670959472656 279.460662841797 279.139709472656 278.9052734375 279.900848388672 281.278961181641 281.959381103516 282.491607666016 282.339569091797 282.723205566406 282.706970214844 283.031372070312 283.768646240234 283.783355712891 283.548004150391 283.327850341797 283.641723632812 283.769470214844 283.539337158203 283.686370849609 284.202941894531 284.484313964844 284.717895507812 284.928070068359 285.111633300781 285.152526855469 285.405517578125 285.407379150391 285.204132080078 285.067565917969 285.076568603516 285.213348388672 285.533630371094 285.738006591797 285.878448486328 -9999 -9999 -9999 -9999 -9999 -9999 -9999 -9999 -9999 -9999 -9999 -9999 -9999 -9999 -9999
278.869079589844 279.180358886719 278.418121337891 280.047180175781 280.955780029297 281.599914550781 281.850524902344 281.863861083984 282.003173828125 282.742370605469 282.701446533203 282.937927246094 283.601226806641 283.647308349609 283.590972900391 283.598876953125 283.962310791016 284.141418457031 283.854736328125 283.376892089844 283.924926757812 284.542724609375 284.650054931641 284.820220947266 284.981811523438 285.015106201172 285.252349853516 285.499603271484 285.438110351562 285.310729980469 285.220855712891 285.094177246094 285.32666015625 285.601501464844 285.699493408203 285.663726806641 -9999 -9999 -9999 -9999 -9999 -9999 -9999 -9999 -9999 -9999 -9999 -9999 -9999 -9999
277.406005859375 279.6630859375 279.228851318359 277.886444091797 279.295684814453 280.319793701172 280.604248046875 281.407745361328 281.415161132812 282.20654296875 282.628967285156 282.779968261719 283.008514404297 283.201507568359 283.716247558594 283.87353515625 284.102020263672 284.282165527344 284.195373535156 283.829925537109 284.140350341797 284.609893798828 284.621765136719 284.746368408203 284.977966308594 284.988922119141 285.114196777344 285.392333984375 -9999 -9999 -9999 -9999 285.280334472656 285.446075439453 285.584106445312 285.592437744141 285.603485107422 286.122253417969 -9999 -9999 -9999 -9999 -9999 -9999 -9999 -9999 -9999 -9999 -9999 -9999
277.876159667969 279.461181640625 279.355163574219 276.477844238281 276.648254394531 278.562133789062 277.834564208984 279.4599609375 280.989105224609 281.596496582031 282.142395019531 282.638732910156 282.754241943359 283.016235351562 283.603332519531 283.690765380859 283.901489257812 284.050476074219 284.219665527344 284.224151611328 284.332733154297 284.471740722656 284.578735351562 284.701568603516 284.871337890625 284.846984863281 284.926483154297 285.157928466797 -9999 -9999 -9999 -9999 -9999 285.635589599609 285.605010986328 285.613372802734 285.655090332031 286.018127441406 285.984436035156 -9999 -9999 -9999 -9999 -9999 -9999 -9999 -9999 -9999 -9999 -9999
274.863311767578 276.990295410156 277.208251953125 278.458770751953 279.233642578125 280.093505859375 280.508178710938 280.249053955078 281.273468017578 281.800933837891 281.274932861328 282.254058837891 283.356964111328 283.313812255859 283.698608398438 283.695495605469 283.771911621094 283.833984375 283.982330322266 284.065612792969 284.118835449219 284.241851806641 284.285614013672 284.408416748047 284.578247070312 284.828399658203 285.205688476562 -9999 -9999 -9999 -9999 -9999 -9999 -9999 -9999 -9999 285.939025878906 285.946960449219 286.020721435547 286.028381347656 -9999 -9999 -9999 -9999 -9999 -9999 -9999 -9999 -9999 -9999
273.405914306641 276.614532470703 276.864013671875 278.351898193359 279.600830078125 280.293273925781 281.223785400391 281.454437255859 281.965118408203 282.241027832031 281.713653564453 282.494445800781 283.470855712891 283.549896240234 283.659454345703 283.666839599609 283.791900634766 283.742706298828 283.741271972656 283.951995849609 284.003814697266 284.190460205078 284.226409912109 284.285552978516 284.503997802734 284.976043701172 285.234985351562 285.175231933594 -9999 -9999 -9999 -9999 -9999 -9999 -9999 -9999 -9999 285.889739990234 285.942230224609 285.983062744141 286.057067871094 286.064544677734 -9999 -9999 -9999 -9999 -9999 -9999 -9999 -9999
276.086364746094 277.102020263672 277.617828369141 277.541442871094 280.097320556641 280.299865722656 280.65185546875 -9999 281.855407714844 282.111907958984 282.362976074219 282.674255371094 283.045837402344 283.425323486328 283.665740966797 283.624298095703 283.623931884766 283.589080810547 283.522399902344 283.599853515625 283.723175048828 283.957122802734 284.222839355469 284.329864501953 284.714813232422 285.122589111328 285.278930664062 -9999 -9999 -9999 -9999 -9999 285.317962646484 -9999 -9999 -9999 -9999 285.921142578125 -9999 286.092315673828 286.078094482422 -9999 -9999 -9999 -9999 -9999 -9999 -9999 -9999 -9999
277.708557128906 277.826477050781 278.186737060547 278.047180175781 279.933410644531 280.645477294922 279.576293945312 278.918701171875 281.936065673828 282.303283691406 282.758728027344 282.836517333984 282.870025634766 283.086639404297 283.449859619141 283.439666748047 283.467010498047 283.606597900391 283.565002441406 283.45947265625 283.551239013672 283.912139892578 284.306182861328 284.5166015625 284.749786376953 285.006561279297 285.203765869141 285.116363525391 285.241485595703 285.139587402344 -9999 285.317565917969 284.855529785156 285.281677246094 285.6103515625 -9999 -9999 285.964233398438 286.072967529297 -9999 286.099090576172 -9999 286.114105224609 -9999 -9999 -9999 -9999 -9999 -9999 -9999
277.886871337891 278.579864501953 278.616485595703 278.533935546875 279.150177001953 280.519409179688 280.129943847656 279.329467773438 281.640228271484 282.434600830078 282.558288574219 282.402160644531 282.828369140625 282.867004394531 283.168518066406 283.149841308594 283.462280273438 -9999 283.626647949219 283.503356933594 283.697357177734 284.027984619141 284.310760498047 284.418121337891 284.484283447266 284.685211181641 285.090423583984 284.995300292969 285.317321777344 285.280487060547 285.281311035156 285.134796142578 284.957580566406 285.229766845703 -9999 -9999 -9999 285.9521484375 286.015716552734 286.0673828125 286.120025634766 -9999 286.000457763672 286.142486572266 -9999 -9999 -9999 -9999 -9999 -9999
277.745941162109 278.949645996094 278.851928710938 278.823333740234 279.213226318359 279.809844970703 280.817932128906 281.458953857422 281.505157470703 281.966705322266 282.073364257812 282.001007080078 282.799133300781 282.814361572266 282.942199707031 282.930450439453 283.138885498047 283.342254638672 283.403991699219 283.33251953125 -9999 283.797210693359 283.776214599609 283.977478027344 284.20263671875 284.444458007812 284.807403564453 284.854125976562 285.296142578125 285.370880126953 285.357666015625 285.288635253906 285.232574462891 285.232116699219 -9999 285.274169921875 -9999 -9999 286.013336181641 -9999 -9999 -9999 285.932037353516 286.163482666016 -9999 -9999 -9999 -9999 -9999 -9999
277.733642578125 278.387725830078 278.823974609375 279.272216796875 279.572357177734 279.820251464844 280.596862792969 -9999 281.3916015625 281.6240234375 281.658874511719 282.019989013672 282.8193359375 282.865112304688 282.957702636719 282.941589355469 282.862060546875 282.884124755859 283.095642089844 -9999 283.495819091797 283.343933105469 283.035247802734 283.405914306641 284.167816162109 284.362396240234 284.671081542969 284.726409912109 285.043029785156 285.326354980469 285.369415283203 285.227081298828 285.122009277344 285.239654541016 285.202331542969 285.179168701172 285.242889404297 -9999 -9999 -9999 -9999 -9999 -9999 285.915496826172 285.947143554688 -9999 -9999 -9999 -9999 -9999
278.595520019531 278.63818359375 278.949005126953 279.382873535156 279.228210449219 280.451538085938 280.817169189453 281.378570556641 281.531646728516 281.725769042969 281.652404785156 282.163818359375 282.839660644531 282.878967285156 282.957916259766 282.948272705078 282.858734130859 282.760375976562 282.8994140625 283.116394042969 282.954711914062 282.830322265625 282.894287109375 283.322723388672 283.981109619141 284.199676513672 284.520599365234 284.693786621094 284.707550048828 284.881408691406 284.914398193359 284.830627441406 284.759063720703 284.953552246094 285.291687011719 285.278076171875 285.230834960938 -9999 -9999 -9999 -9999 -9999 -9999 285.555633544922 285.879364013672 285.929168701172 -9999 -9999 -9999 -9999
278.779113769531 279.311706542969 279.283416748047 279.370422363281 279.242919921875 280.466979980469 281.010986328125 281.220947265625 281.757019042969 281.963073730469 281.772827148438 282.037261962891 282.488861083984 282.624633789062 282.905059814453 282.949981689453 282.881561279297 282.470855712891 282.345428466797 282.665649414062 282.589111328125 282.291015625 282.879791259766 283.465545654297 283.74853515625 284.003021240234 284.109741210938 284.559173583984 284.782012939453 284.698394775391 284.512023925781 284.489807128906 284.473602294922 284.679565429688 285.047729492188 285.320983886719 285.275573730469 -9999 285.562530517578 285.818756103516 -9999 -9999 -9999 -9999 285.497253417969 285.633758544922 -9999 -9999 -9999 -9999
278.859680175781 279.395782470703 279.669616699219 279.780242919922 280.080902099609 280.537078857422 281.067199707031 281.182830810547 281.546508789062 281.995971679688 281.704925537109 281.613250732422 282.028381347656 282.3203125 282.925598144531 282.872833251953 -9999 282.061614990234 281.946594238281 282.426574707031 282.700500488281 282.5146484375 282.930603027344 283.485656738281 283.661041259766 283.697021484375 284.112060546875 284.357452392578 284.557739257812 284.4052734375 284.106811523438 284.221313476562 284.359649658203 284.525146484375 284.723510742188 284.977844238281 285.261474609375 285.335876464844 285.343475341797 285.426147460938 -9999 -9999 -9999 -9999 285.459533691406 285.346038818359 285.530639648438 -9999 -9999 -9999
279.216491699219 279.5166015625 280.067810058594 279.949340820312 280.2939453125 280.759033203125 280.798706054688 281.092681884766 281.292114257812 281.535400390625 281.404052734375 281.464996337891 281.963806152344 -9999 282.666564941406 282.609375 -9999 282.216156005859 282.073364257812 282.239532470703 282.767272949219 282.810150146484 282.956024169922 283.15966796875 283.313293457031 283.528625488281 284.177185058594 284.351898193359 284.296936035156 284.177154541016 283.811431884766 283.867767333984 284.401397705078 284.388916015625 284.469207763672 284.581848144531 285.025817871094 285.287841796875 285.228851318359 -9999 -9999 -9999 -9999 285.802764892578 285.611297607422 285.419982910156 285.354370117188 -9999 -9999 -9999
