rcp4.5models/MPi_ESM_LR/sc1gr7.33
NCOLS 261 
NROWS 433 
XLLCORNER 336357.134 
YLLCORNER 654653.479 
CELLSIZE 1000 
NODATA_value -3.4e+38 
[rows 396 to 417 of 433, columns 98 to 146 of 261]
86.3705749511719 86.5908966064453 86.6657257080078 87.1663055419922 87.5301208496094 87.57763671875 87.5986099243164 87.9693298339844 88.3176956176758 88.6031723022461 89.0677947998047 89.5961532592773 90.1316146850586 90.8174438476562 91.9312133789062 92.2871856689453 92.7896728515625 93.2745895385742 93.7548828125 94.3684616088867 94.9950103759766 95.6198348999023 96.1926193237305 96.666130065918 97.0445404052734 98.3664016723633 99.1908340454102 101.084922790527 102.031593322754 102.903549194336 103.888542175293 104.74284362793 105.505577087402 106.289794921875 107.158950805664 108.080657958984 108.688819885254 110.26277923584 111.039199829102 111.874877929688 112.381942749023 112.959571838379 113.996910095215 114.956657409668 115.735748291016 116.553268432617 117.161315917969 117.858917236328 119.052040100098
86.6521377563477 86.6824951171875 86.7721862792969 86.9615173339844 87.2931060791016 87.6225280761719 87.7522277832031 88.0792236328125 88.3364105224609 88.5303344726562 88.9953231811523 89.5580062866211 90.1478805541992 90.7166748046875 91.9445877075195 92.3828353881836 92.7433776855469 93.1905517578125 93.7390670776367 94.3189544677734 94.8831787109375 95.5160675048828 96.1205444335938 96.4544219970703 97.286750793457 98.2039031982422 99.7644348144531 100.975547790527 101.809906005859 102.687042236328 103.600067138672 104.574241638184 105.492454528809 106.105316162109 106.806419372559 107.775367736816 108.416748046875 109.890022277832 110.662223815918 111.56224822998 112.398612976074 113.053779602051 113.717994689941 114.424339294434 115.242118835449 116.033599853516 116.507019042969 117.173179626465 118.518226623535
86.7354049682617 86.7332458496094 86.749641418457 86.9588394165039 87.2785873413086 87.6819686889648 87.7995452880859 88.1314697265625 88.4721298217773 88.7759094238281 89.0594787597656 89.5517044067383 90.2308044433594 90.6610946655273 91.7724227905273 92.1448516845703 92.5188980102539 93.0399703979492 93.6567153930664 94.2828369140625 94.8322601318359 95.3898696899414 95.9879913330078 96.3194198608398 97.0122756958008 97.9149703979492 100.104766845703 100.788703918457 101.587692260742 102.47688293457 103.239212036133 104.194923400879 105.202522277832 105.808822631836 106.50855255127 107.606170654297 108.261901855469 109.615692138672 110.343559265137 111.177192687988 112.134376525879 112.911720275879 113.485870361328 114.093215942383 114.870513916016 115.674034118652 116.152954101562 116.691696166992 118.26944732666
87.0398712158203 87.0397491455078 86.8303375244141 86.9996490478516 87.2274780273438 87.5606689453125 87.7297286987305 88.2347793579102 88.6275482177734 88.8741836547852 89.2180404663086 89.5582427978516 90.1708221435547 90.6709899902344 91.4466400146484 91.876708984375 92.4132614135742 92.9685668945312 93.5894546508789 94.2448425292969 94.8258285522461 95.3621444702148 95.8714828491211 96.2439117431641 96.7990951538086 97.9114151000977 99.9237747192383 100.534248352051 101.342071533203 102.172340393066 102.798896789551 103.699409484863 104.87281036377 -3.4e+38 106.466598510742 107.416633605957 108.229965209961 109.597206115723 110.229278564453 110.875221252441 111.717124938965 112.580688476562 113.256713867188 113.912322998047 114.486000061035 115.032752990723 115.983299255371 116.574882507324 117.841499328613
87.4733428955078 87.4682922363281 87.3453521728516 86.9774856567383 87.1903991699219 87.4178695678711 87.5858688354492 88.23193359375 88.6302108764648 88.7091445922852 89.2316970825195 89.5242233276367 89.9502334594727 90.5041732788086 91.2661895751953 91.8467102050781 92.4479141235352 92.9493408203125 93.6186218261719 94.3279266357422 94.8397369384766 95.3329467773438 96.1989517211914 96.658935546875 97.0008544921875 98.1647033691406 99.8770904541016 100.579055786133 101.312767028809 101.929946899414 102.492362976074 103.473526000977 104.704063415527 105.662467956543 -3.4e+38 107.323051452637 108.10311126709 109.355224609375 110.013168334961 110.760955810547 111.476081848145 112.309455871582 113.028366088867 113.671081542969 113.939643859863 114.276275634766 115.582489013672 116.293121337891 117.287574768066
87.3327484130859 87.5779037475586 87.7884902954102 87.1393432617188 87.34033203125 87.5373611450195 87.7920608520508 88.3927993774414 88.8197555541992 88.7678451538086 88.9847717285156 89.4963531494141 89.9233322143555 90.4308853149414 91.2416458129883 91.8352508544922 92.5353546142578 93.1591186523438 93.8223419189453 94.3816757202148 94.8292999267578 95.3755722045898 96.3618698120117 96.9015884399414 97.170768737793 98.1515502929688 99.7276611328125 100.483375549316 101.274932861328 101.893447875977 102.595275878906 103.597099304199 104.523818969727 105.375556945801 106.298248291016 107.174812316895 107.958999633789 109.164985656738 109.878784179688 110.720001220703 111.353317260742 111.991546630859 112.724822998047 113.461730957031 113.841896057129 114.262077331543 115.137771606445 115.830451965332 116.735343933105
87.2654342651367 87.7763977050781 87.9070587158203 87.3037643432617 87.4321670532227 87.7052459716797 88.1014404296875 88.4124374389648 88.5934906005859 88.8157806396484 89.0950393676758 89.5005187988281 89.8430786132812 90.3287124633789 91.5221710205078 92.1887969970703 92.6882019042969 93.2823333740234 93.8867111206055 94.3288116455078 94.8263397216797 95.3984375 96.0254516601562 96.5782165527344 97.2711029052734 98.1320571899414 99.540153503418 100.248847961426 101.040542602539 101.866325378418 102.718727111816 103.649383544922 104.412437438965 105.198936462402 106.037796020508 106.870056152344 107.695732116699 109.064018249512 109.790504455566 110.547981262207 111.137382507324 111.757957458496 112.431312561035 113.208396911621 113.789505004883 114.271087646484 114.761085510254 115.295753479004 116.191703796387
87.328254699707 87.7901763916016 87.7890777587891 87.3371963500977 87.6391372680664 87.9842834472656 88.3000183105469 88.3215255737305 88.3561401367188 88.9075241088867 89.2685012817383 89.5028305053711 90.0057754516602 90.6865081787109 92.1021194458008 92.4797668457031 92.725227355957 93.1576538085938 93.7436370849609 94.353271484375 94.8883666992188 95.3763961791992 95.9165573120117 96.5107116699219 97.2314910888672 98.0204315185547 99.4047317504883 100.175765991211 100.978866577148 101.815376281738 102.657943725586 103.521743774414 104.350608825684 105.137184143066 105.859283447266 106.600662231445 107.410446166992 108.925666809082 109.653549194336 110.352882385254 110.97811126709 111.614974975586 112.174438476562 112.886322021484 113.450645446777 113.908760070801 114.429954528809 114.943099975586 115.797996520996
87.279655456543 87.3857116699219 87.5966110229492 87.5304260253906 87.7106857299805 88.1087112426758 88.4770126342773 88.5683670043945 88.5493621826172 89.1018142700195 89.6538467407227 89.9185562133789 90.4259796142578 91.1874084472656 92.3626708984375 92.5365447998047 92.9315414428711 93.4546813964844 93.7934036254883 94.2799987792969 94.8784484863281 95.3590850830078 95.8723678588867 96.4486236572266 97.1491470336914 97.8852005004883 99.2074584960938 99.9448089599609 100.846809387207 101.736267089844 102.559677124023 103.37809753418 104.176116943359 104.978996276855 105.710807800293 106.438117980957 107.228744506836 108.766815185547 109.437408447266 110.054206848145 110.687362670898 111.355781555176 111.927299499512 112.460235595703 113.048919677734 113.503616333008 114.002479553223 114.567741394043 115.344108581543
87.2702484130859 87.3758544921875 87.5618362426758 87.6617126464844 87.8380661010742 88.2126312255859 88.5122833251953 88.7448196411133 88.7139511108398 88.9717864990234 89.6155776977539 90.2060699462891 90.9586410522461 91.7084426879883 92.5661087036133 92.8860855102539 93.3274536132812 93.8278350830078 93.9537811279297 94.0729446411133 94.6171569824219 95.1888046264648 95.7134094238281 96.3386077880859 97.0670852661133 97.7809448242188 99.0989685058594 99.7507934570312 100.656639099121 101.636779785156 102.406402587891 103.176574707031 103.995956420898 104.786079406738 105.551834106445 106.295379638672 107.090957641602 108.566955566406 109.196922302246 109.807090759277 110.389404296875 111.037170410156 111.624847412109 112.128776550293 112.745140075684 113.237922668457 113.579002380371 114.075950622559 114.782211303711
87.7927169799805 87.815055847168 87.8451232910156 87.8256683349609 88.1122436523438 88.3562698364258 88.4304122924805 88.7074584960938 88.9508666992188 89.0579681396484 89.194580078125 89.4604263305664 89.7689666748047 90.1778564453125 91.2481536865234 91.7993621826172 92.2722625732422 92.5897064208984 93.120849609375 93.6266708374023 94.1935882568359 94.7744216918945 95.3621597290039 96.0463409423828 96.7727966308594 97.4766998291016 98.9966430664062 99.7449493408203 100.536323547363 101.394493103027 102.159400939941 102.949813842773 103.770492553711 104.523094177246 105.271690368652 106.015571594238 106.708396911621 108.10570526123 108.74299621582 109.302177429199 109.975059509277 110.605392456055 111.006813049316 111.522277832031 112.013969421387 112.437522888184 112.914421081543 113.284950256348 113.921020507812
87.9591979980469 88.0342025756836 87.9242248535156 88.0107192993164 88.6832885742188 88.6720352172852 88.4551162719727 88.8332901000977 88.9999389648438 89.1021499633789 89.2762222290039 89.5071487426758 89.7720489501953 90.136474609375 90.9343185424805 91.3781890869141 91.9092330932617 92.4234390258789 92.9289321899414 93.4881744384766 94.0953216552734 94.6911468505859 95.2675399780273 95.9686889648438 96.705322265625 97.4502868652344 98.9135284423828 99.7326431274414 100.550071716309 101.325309753418 102.070610046387 102.836761474609 103.613075256348 104.395324707031 105.126853942871 105.84880065918 106.594924926758 108.029136657715 108.613899230957 109.20125579834 109.738357543945 110.313285827637 110.823387145996 111.257255554199 111.696350097656 112.200828552246 112.613899230957 112.91455078125 113.503356933594
88.2379913330078 88.3427276611328 88.1748428344727 88.1823120117188 88.6705017089844 88.6925048828125 88.6604919433594 89.0214233398438 89.1611404418945 89.2752685546875 89.3912200927734 89.6415328979492 89.9736328125 90.2007369995117 90.9327850341797 91.3755187988281 91.8228225708008 92.3348617553711 92.8511276245117 93.3477401733398 93.9212188720703 94.5209121704102 95.1523666381836 95.8755264282227 96.6030197143555 97.3937606811523 98.867317199707 99.6797103881836 100.456909179688 101.253532409668 102.031852722168 102.774070739746 103.502593994141 104.336692810059 105.143257141113 105.871681213379 106.562759399414 108.077651977539 108.618240356445 109.178512573242 109.716354370117 110.208518981934 110.768501281738 111.214515686035 111.609580993652 112.076545715332 112.366775512695 112.573013305664 113.164680480957
88.5798568725586 88.446159362793 88.3865814208984 88.3659896850586 88.4089965820312 88.5825042724609 88.8074340820312 89.0645599365234 89.266975402832 89.4031295776367 89.5612335205078 89.7190170288086 90.020263671875 90.2136993408203 90.9165115356445 91.3043518066406 91.7237243652344 92.2673263549805 92.7572937011719 93.2260818481445 93.7816543579102 94.3789291381836 95.0171432495117 95.7234954833984 96.5675048828125 97.399528503418 98.8175430297852 99.6352691650391 100.393333435059 101.190994262695 101.920120239258 102.655181884766 103.428131103516 104.250450134277 104.998527526855 105.771148681641 106.53271484375 107.979476928711 108.520767211914 109.091934204102 109.67162322998 110.125373840332 110.595672607422 111.072860717773 111.518379211426 111.853981018066 112.16089630127 112.330009460449 112.915023803711
88.9073486328125 88.6243591308594 88.6953201293945 88.5703201293945 88.6975784301758 88.8438339233398 89.0339431762695 89.1844711303711 89.322639465332 89.4398574829102 89.5796051025391 89.6867446899414 89.9183959960938 90.1908645629883 90.8751525878906 91.2105484008789 91.668212890625 92.220588684082 92.6642150878906 93.1344909667969 93.7051773071289 94.5128784179688 95.3319702148438 95.8540191650391 96.5932464599609 97.4536056518555 98.7947311401367 99.5759048461914 100.324005126953 101.052581787109 101.747283935547 102.486022949219 103.332794189453 104.183135986328 104.939666748047 105.70694732666 106.553024291992 107.940704345703 108.431770324707 108.959716796875 109.520606994629 110.067718505859 110.490242004395 110.844215393066 111.280868530273 111.59245300293 111.874603271484 112.106262207031 112.705268859863
88.9152908325195 88.8988418579102 88.8652801513672 88.6932525634766 88.8683319091797 89.0520858764648 89.2313461303711 89.2883377075195 89.3652725219727 89.4682083129883 89.5143737792969 89.6684722900391 89.9250259399414 90.1974334716797 90.8643493652344 91.1982650756836 91.5964660644531 92.0620574951172 92.5765991210938 93.1177597045898 93.6825180053711 94.7603149414062 95.7902145385742 96.1666870117188 96.6145095825195 97.3804702758789 98.7089309692383 99.4772262573242 100.317573547363 101.059494018555 101.738319396973 102.484649658203 103.304191589355 104.121536254883 104.993934631348 105.743835449219 106.509689331055 107.882736206055 108.41236114502 108.83122253418 109.33080291748 109.963340759277 110.34627532959 110.621322631836 111.109489440918 111.471237182617 111.680213928223 111.855163574219 112.331153869629
88.9521331787109 88.9574661254883 88.9201354980469 88.9209594726562 89.0421981811523 89.1564636230469 89.223518371582 89.3386459350586 89.4903564453125 89.5927505493164 89.6498718261719 89.7870025634766 89.9789581298828 90.2282028198242 90.8205947875977 91.1499557495117 91.5228576660156 92.0380096435547 92.5192489624023 93.026496887207 93.87548828125 94.8430633544922 95.685905456543 96.2407379150391 96.6818008422852 97.3120498657227 98.6482086181641 99.4755630493164 100.422401428223 101.242118835449 101.933563232422 102.653533935547 103.381248474121 104.04988861084 104.897850036621 105.729438781738 106.461074829102 107.807525634766 108.432373046875 108.890106201172 109.238716125488 109.746391296387 110.102432250977 110.38200378418 110.93058013916 111.304100036621 111.606826782227 111.699333190918 111.954452514648
89.1633071899414 89.0649337768555 89.1377258300781 89.4924240112305 89.4577484130859 89.2325897216797 89.2262496948242 89.3868103027344 89.592903137207 89.7732086181641 89.8331451416016 89.9042663574219 90.0432662963867 90.2789916992188 90.767204284668 91.0888595581055 91.475227355957 92.0052108764648 92.435432434082 92.9542465209961 93.8998947143555 94.6312484741211 95.3695907592773 96.2278213500977 96.7824783325195 97.2933731079102 98.5534591674805 99.5308227539062 100.540458679199 101.283447265625 102.056838989258 102.864761352539 103.618537902832 104.16333770752 104.85969543457 105.780708312988 106.510887145996 107.797492980957 108.469749450684 109.114105224609 109.435913085938 109.770866394043 110.098457336426 110.368591308594 110.661071777344 110.967018127441 111.393074035645 111.55778503418 111.887008666992
89.3389358520508 89.3119659423828 89.3270721435547 90.0418090820312 90.0525665283203 89.5756607055664 89.4005661010742 89.5494384765625 89.6917495727539 89.7667617797852 89.7996215820312 89.9549255371094 90.1302108764648 90.3311080932617 90.7728729248047 91.1081161499023 91.4617767333984 91.8725433349609 92.2733840942383 92.9201965332031 93.6946868896484 94.4468002319336 95.342399597168 96.2268142700195 96.8457870483398 97.2825088500977 98.3921661376953 99.4220199584961 100.41136932373 101.223724365234 102.116943359375 102.984252929688 103.770606994629 104.31078338623 104.93489074707 105.826034545898 106.602935791016 107.629554748535 108.430976867676 109.106590270996 109.482093811035 109.76651763916 110.084686279297 110.405807495117 110.415176391602 110.530181884766 110.93236541748 111.364852905273 111.888870239258
89.9869995117188 89.6279678344727 89.6402587890625 90.4323501586914 90.6620559692383 90.0333862304688 89.6044921875 89.720703125 89.7974472045898 89.7960815429688 89.8973846435547 90.097526550293 90.2063903808594 90.392219543457 90.7658309936523 91.0964584350586 91.4421081542969 91.8452911376953 92.1960983276367 92.7277526855469 93.4125518798828 94.1800308227539 95.093635559082 95.9987411499023 96.5855865478516 96.9923095703125 98.4079895019531 99.3180160522461 100.14868927002 101.047462463379 102.035682678223 102.899467468262 103.677787780762 104.31388092041 104.977500915527 105.833152770996 106.595138549805 107.459602355957 108.14331817627 108.767517089844 109.122566223145 109.439353942871 109.696548461914 110.150848388672 110.339614868164 110.31224822998 110.508392333984 110.963401794434 111.711700439453
90.5068206787109 90.1179885864258 90.0386962890625 90.8936309814453 91.0699310302734 90.264289855957 89.7227020263672 89.768310546875 89.8318481445312 89.9546051025391 90.1197891235352 90.2507095336914 90.3567047119141 90.531135559082 90.8369522094727 91.085205078125 91.4204864501953 91.7895736694336 92.0979766845703 92.5172348022461 93.1676025390625 93.9135055541992 94.7206497192383 95.7816925048828 96.5510940551758 97.0935897827148 98.7735824584961 99.4545745849609 100.057662963867 100.881843566895 101.799911499023 102.549789428711 103.356559753418 104.199806213379 104.900604248047 105.586761474609 106.370986938477 107.179061889648 107.725708007812 108.2353515625 108.643325805664 109.147911071777 109.436767578125 109.868026733398 110.196197509766 110.30696105957 110.40015411377 110.65845489502 111.445846557617
90.4564895629883 90.306266784668 90.1458740234375 90.5745239257812 90.6223907470703 90.1372833251953 89.8664321899414 89.9529190063477 90.0104370117188 90.0699462890625 90.1546630859375 90.3232421875 90.5077972412109 90.6205825805664 90.9636383056641 91.1753921508789 91.4366912841797 91.7318801879883 92.0310821533203 92.5130996704102 93.2953491210938 94.0683288574219 94.6578826904297 95.6227416992188 96.5982208251953 97.4045181274414 99.0474395751953 99.7668228149414 100.369354248047 101.219505310059 102.041168212891 102.704765319824 103.360740661621 104.042419433594 104.862701416016 105.60523223877 106.23184967041 107.38850402832 107.851951599121 107.894653320312 108.296951293945 108.858283996582 109.222869873047 109.511138916016 110.013107299805 110.255104064941 110.356636047363 110.458312988281 111.143676757812
