rcp4.5models/MPi_ESM_LR/sc1gr5.23
NCOLS 261 
NROWS 433 
XLLCORNER 336357.134 
YLLCORNER 654653.479 
CELLSIZE 1000 
NODATA_value -3.4e+38 
[rows 264 to 285 of 433, columns 49 to 97 of 261]
294.927673339844 294.843505859375 294.879547119141 294.963958740234 295.125854492188 295.26220703125 295.442810058594 295.285095214844 295.681121826172 295.714050292969 295.622192382812 295.669342041016 295.782531738281 295.595001220703 295.420989990234 294.966217041016 294.535888671875 294.886169433594 294.54248046875 294.33642578125 294.747528076172 294.899597167969 294.730346679688 294.482269287109 294.218231201172 293.861938476562 293.974822998047 294.992889404297 295.606811523438 295.696472167969 294.591674804688 294.087066650391 294.131774902344 294.35107421875 294.591888427734 294.520568847656 293.92529296875 293.655090332031 294.313385009766 294.428466796875 294.149139404297 293.259155273438 292.748626708984 291.767730712891 291.835815429688 292.489837646484 290.357635498047 289.657775878906 289.239318847656
294.963439941406 294.848815917969 294.848327636719 294.644561767578 294.737640380859 295.041107177734 295.248352050781 294.823547363281 295.050048828125 295.676452636719 295.924652099609 295.719543457031 295.286163330078 295.244171142578 295.531524658203 295.141082763672 294.830932617188 295.111724853516 293.980041503906 293.979858398438 294.555419921875 294.770599365234 294.616149902344 294.349487304688 294.021179199219 293.606048583984 293.664184570312 294.750183105469 295.819580078125 295.338439941406 295.169799804688 294.868988037109 294.230133056641 294.152770996094 294.154327392578 294.055358886719 293.535797119141 293.372314453125 293.875152587891 294.082550048828 293.819976806641 293.307495117188 292.753479003906 291.971130371094 291.364349365234 291.256774902344 290.193634033203 289.561065673828 287.43701171875
294.703918457031 294.749847412109 294.316802978516 294.242431640625 294.360565185547 294.67822265625 294.953430175781 294.369476318359 294.240936279297 294.295074462891 294.637115478516 295.457855224609 295.273742675781 295.369140625 295.539581298828 295.70263671875 295.592315673828 295.092529296875 294.228240966797 294.364929199219 294.759979248047 294.608764648438 294.963562011719 294.963012695312 294.165283203125 293.694152832031 294.358795166016 294.824859619141 295.655426025391 295.625854492188 294.887725830078 294.275451660156 293.942962646484 293.41064453125 293.028259277344 293.010467529297 293.571441650391 293.488708496094 293.856811523438 293.927093505859 293.435089111328 293.466949462891 292.957489013672 291.502136230469 288.975463867188 286.637847900391 288.112518310547 290.061950683594 281.820831298828
294.283142089844 294.293090820312 294.177429199219 294.123229980469 294.147521972656 294.672637939453 295.023773193359 294.203704833984 294.354309082031 294.176940917969 293.919525146484 294.7412109375 294.410980224609 294.576324462891 295.139739990234 295.397216796875 295.767242431641 295.342620849609 294.676544189453 294.715789794922 294.7001953125 294.291473388672 294.689880371094 294.975891113281 293.852142333984 293.567626953125 295.001037597656 295.485870361328 295.868133544922 295.755828857422 294.499084472656 293.349884033203 293.507202148438 293.596588134766 293.360290527344 293.400177001953 293.629638671875 293.46337890625 293.554534912109 293.730163574219 293.373718261719 293.385681152344 293.283782958984 292.233337402344 290.681823730469 289.704193115234 289.956573486328 289.897979736328 282.708740234375
294.540283203125 294.587951660156 294.485198974609 294.102203369141 294.098266601562 294.70361328125 295.0654296875 293.813293457031 294.426818847656 294.5322265625 294.498138427734 294.702911376953 294.245056152344 293.99267578125 294.307281494141 294.97412109375 295.533508300781 295.688171386719 294.855834960938 294.727569580078 294.468688964844 294.502258300781 294.85400390625 295.097412109375 293.98583984375 293.649047851562 295.326721191406 295.745788574219 295.51513671875 295.466186523438 294.187591552734 291.774658203125 292.335388183594 294.315765380859 293.873352050781 294.392456054688 294.116333007812 293.880493164062 293.63232421875 293.388031005859 293.135314941406 292.838806152344 293.386932373047 292.933746337891 292.127777099609 291.225219726562 290.886840820312 289.859344482422 279.819763183594
294.938201904297 294.806335449219 294.272033691406 294.097045898438 294.478240966797 295.058837890625 295.297332763672 293.899230957031 294.616577148438 294.636047363281 294.554290771484 294.574035644531 294.531860351562 294.428894042969 294.094970703125 294.242034912109 295.002166748047 295.393096923828 294.577270507812 294.4697265625 294.496154785156 294.710205078125 295.336029052734 295.410980224609 294.240936279297 294.052551269531 295.622100830078 295.687561035156 295.115142822266 294.957092285156 294.317718505859 292.174163818359 292.876068115234 294.783325195312 294.330078125 294.662414550781 294.512725830078 294.378997802734 293.800445556641 293.130828857422 293.133666992188 291.811798095703 291.900482177734 292.140472412109 290.859161376953 289.721008300781 289.180114746094 290.640380859375 282.498992919922
294.799896240234 294.773376464844 294.448852539062 294.311737060547 294.748291015625 295.120697021484 294.997772216797 294.197204589844 294.916351318359 294.865264892578 294.622711181641 294.797546386719 294.634857177734 294.634674072266 294.09130859375 293.444396972656 293.860687255859 294.846221923828 294.182250976562 294.120483398438 294.365509033203 294.803527832031 295.240753173828 295.637115478516 294.780731201172 294.673919677734 295.667724609375 295.594757080078 295.029113769531 295.455627441406 295.421600341797 294.038818359375 293.650054931641 294.518859863281 294.691711425781 294.869689941406 294.486297607422 293.994201660156 293.71826171875 293.366638183594 293.475402832031 290.492309570312 288.904571533203 289.454742431641 288.529327392578 288.32373046875 289.051849365234 290.574401855469 284.878570556641
295.047119140625 295.081665039062 294.795715332031 294.554656982422 295.043579101562 295.210571289062 294.625244140625 294.625122070312 295.140380859375 294.938537597656 294.767364501953 294.7587890625 294.750793457031 294.53173828125 293.921264648438 293.003875732422 292.368835449219 293.445831298828 293.961181640625 293.895172119141 294.116790771484 294.782745361328 295.493225097656 295.6416015625 295.101989746094 295.14892578125 295.790618896484 295.517364501953 294.781372070312 295.629333496094 295.837249755859 294.049865722656 291.874267578125 292.78515625 293.509490966797 294.085266113281 294.352447509766 294.142028808594 294.205078125 294.288726806641 294.4638671875 290.253021240234 288.133850097656 288.276580810547 289.042327880859 290.556121826172 291.230072021484 291.152038574219 286.309875488281
295.108032226562 295.150817871094 295.143829345703 295.109649658203 295.400665283203 295.373626708984 294.868835449219 295.097015380859 295.366149902344 294.934661865234 294.507476806641 294.33349609375 294.424530029297 294.664764404297 294.218353271484 293.291809082031 292.221038818359 292.246398925781 293.863464355469 294.344665527344 294.498382568359 294.64697265625 295.366882324219 295.632049560547 295.269073486328 295.506164550781 295.642028808594 295.088745117188 294.481414794922 295.061798095703 295.595153808594 293.343139648438 289.277008056641 289.149719238281 289.458465576172 290.386932373047 294.188354492188 294.327667236328 294.959991455078 295.313537597656 295.270751953125 289.997985839844 288.1767578125 288.532165527344 291.652709960938 293.399322509766 292.495056152344 291.274597167969 286.704345703125
295.047088623047 295.011474609375 295.315856933594 295.352203369141 295.397247314453 295.323547363281 295.214782714844 295.157012939453 294.787902832031 294.662780761719 294.457611083984 294.421539306641 294.550048828125 294.809692382812 294.258270263672 293.382598876953 292.385223388672 291.2802734375 293.697814941406 294.6943359375 294.619842529297 294.821197509766 295.339874267578 295.9775390625 295.993255615234 295.880828857422 295.182525634766 293.981994628906 293.242767333984 294.595245361328 295.042694091797 293.541198730469 288.472045898438 286.788635253906 287.846618652344 288.278930664062 293.047027587891 294.351257324219 295.370727539062 295.620544433594 295.437347412109 292.510284423828 291.14111328125 291.651123046875 292.073455810547 291.835174560547 293.373016357422 291.943786621094 287.344665527344
295.017791748047 294.66796875 294.646545410156 294.81689453125 294.931335449219 294.873962402344 294.540924072266 294.809143066406 294.466583251953 294.471343994141 294.411560058594 294.417663574219 294.515747070312 294.231719970703 294.033325195312 293.465148925781 292.987243652344 292.894073486328 294.153930664062 294.739074707031 294.486358642578 294.855529785156 295.364379882812 295.835388183594 296.306549072266 296.025207519531 294.938812255859 293.340515136719 292.251647949219 294.219635009766 293.778289794922 293.726348876953 290.748748779297 287.273254394531 288.54052734375 289.694854736328 292.544311523438 294.143737792969 295.504730224609 295.561309814453 295.451171875 293.509674072266 292.377563476562 293.297698974609 292.397521972656 292.1337890625 293.897491455078 293.388153076172 291.481567382812
294.782135009766 294.345489501953 294.386932373047 294.386352539062 294.03662109375 293.701202392578 293.756103515625 294.55908203125 294.574066162109 294.552307128906 294.523071289062 294.238433837891 293.986724853516 294.007385253906 294.387512207031 294.267364501953 293.580596923828 293.222839355469 294.796813964844 294.449432373047 294.327453613281 294.923156738281 295.249267578125 295.709930419922 296.204559326172 296.059356689453 295.272735595703 294.359954833984 293.885925292969 294.760925292969 292.891845703125 292.418426513672 293.023468017578 290.240570068359 288.489807128906 288.851776123047 291.948669433594 293.902740478516 295.352844238281 295.385528564453 294.997497558594 290.646270751953 291.025787353516 291.6865234375 292.098541259766 294.142272949219 293.634216308594 293.844177246094 294.468444824219
294.846252441406 294.527862548828 294.390869140625 294.294555664062 294.174407958984 294.153533935547 294.425231933594 294.498931884766 294.591369628906 294.640777587891 294.427429199219 293.956604003906 293.855529785156 294.292327880859 294.648406982422 294.047119140625 293.352020263672 293.561676025391 295.185363769531 294.44384765625 294.185455322266 294.613922119141 295.078369140625 295.555847167969 295.684020996094 295.798889160156 295.599395751953 295.393646240234 295.209564208984 294.171752929688 290.648162841797 290.591644287109 293.815399169922 293.122253417969 289.667785644531 285.884613037109 287.884582519531 292.423400878906 295.419219970703 295.278198242188 294.810791015625 291.441253662109 291.850128173828 292.64501953125 293.145538330078 294.958770751953 294.209075927734 294.235687255859 295.059875488281
294.722503662109 294.748321533203 294.652374267578 294.619079589844 294.677551269531 294.517211914062 294.716400146484 294.894104003906 294.611053466797 294.694854736328 294.578338623047 294.075714111328 294.048736572266 294.488189697266 294.636535644531 294.566223144531 294.310852050781 294.634490966797 295.151184082031 294.194763183594 293.714691162109 294.419982910156 295.424346923828 295.596649169922 295.524047851562 295.566375732422 295.445098876953 294.840942382812 294.446228027344 293.521423339844 290.154144287109 290.286773681641 293.722198486328 294.472351074219 293.297302246094 290.815063476562 290.938751220703 293.416076660156 295.458160400391 295.463531494141 294.997161865234 292.708862304688 293.194091796875 294.251312255859 294.880493164062 295.309204101562 295.196594238281 294.830078125 294.653198242188
294.472351074219 294.413421630859 294.489959716797 294.603820800781 294.593322753906 294.553100585938 294.607086181641 294.307891845703 294.0517578125 294.284851074219 294.295684814453 293.914947509766 293.900665283203 294.443939208984 294.922668457031 295.019958496094 295.202056884766 295.28076171875 295.005126953125 295.155090332031 295.160308837891 295.206085205078 294.472747802734 293.861724853516 294.871948242188 295.172973632812 295.326599121094 294.968566894531 293.36669921875 293.031188964844 291.525024414062 291.425872802734 294.860137939453 295.370269775391 295.649719238281 295.494079589844 295.029663085938 294.938354492188 295.281463623047 295.134460449219 294.758270263672 292.790893554688 292.464538574219 295.156921386719 295.128204345703 294.816986083984 295.253295898438 294.810668945312 294.377868652344
294.487915039062 294.214660644531 294.215515136719 294.512817382812 294.658233642578 294.175323486328 294.073394775391 294.580596923828 294.487121582031 294.667694091797 294.429473876953 293.857543945312 294.149108886719 294.853179931641 294.789611816406 294.490173339844 294.776702880859 294.909484863281 294.59765625 294.924957275391 295.175964355469 295.115509033203 293.6416015625 292.777038574219 293.882843017578 295.016967773438 295.154663085938 294.73291015625 293.728454589844 293.724426269531 294.021820068359 293.713653564453 294.531982421875 293.932159423828 294.408386230469 294.360046386719 293.821136474609 294.119995117188 295.175170898438 295.028900146484 293.7880859375 288.734985351562 289.405487060547 293.253112792969 292.625762939453 292.868041992188 295.226715087891 294.672760009766 293.778747558594
294.397674560547 294.180816650391 294.208374023438 294.292572021484 294.268188476562 293.865600585938 293.793792724609 294.909942626953 294.994812011719 294.8876953125 294.3818359375 294.178436279297 294.697204589844 295.084533691406 294.737213134766 293.740783691406 293.919555664062 294.48095703125 294.392669677734 294.761291503906 295.094635009766 294.827728271484 293.991424560547 293.032623291016 293.255004882812 294.396697998047 294.754272460938 294.333862304688 293.842498779297 294.29248046875 295.249694824219 294.932250976562 293.59765625 291.980072021484 291.173858642578 290.997955322266 291.558319091797 292.486083984375 294.307037353516 294.245971679688 292.718139648438 287.661193847656 287.883758544922 290.657653808594 291.561370849609 292.363891601562 294.519409179688 294.394622802734 293.366943359375
294.150207519531 294.201873779297 294.140380859375 294.090911865234 294.109619140625 293.772125244141 293.741058349609 294.454711914062 294.303039550781 294.637481689453 294.884582519531 294.509155273438 294.376190185547 294.570404052734 294.390686035156 293.520324707031 293.586181640625 294.534027099609 294.405334472656 294.409301757812 294.955841064453 294.862426757812 294.568359375 294.039031982422 293.963958740234 293.702392578125 293.836791992188 294.322784423828 293.836944580078 294.699584960938 294.849182128906 293.975189208984 292.27734375 291.308807373047 288.874603271484 288.5546875 291.145935058594 292.539093017578 293.707397460938 294.263214111328 293.341644287109 287.65966796875 287.197937011719 289.560729980469 291.571990966797 292.100646972656 293.33447265625 294.224456787109 293.5068359375
293.72021484375 293.893768310547 294.262237548828 294.0107421875 293.701354980469 293.559112548828 293.641296386719 294.032562255859 294.044006347656 294.315582275391 294.892181396484 294.7138671875 293.551666259766 292.653015136719 292.678253173828 293.406372070312 293.859130859375 294.272613525391 294.170013427734 294.417388916016 293.815490722656 293.8837890625 294.744567871094 294.748748779297 294.079895019531 293.266693115234 293.646820068359 294.306091308594 294.441284179688 292.810180664062 291.561645507812 293.680480957031 293.240417480469 292.722717285156 289.847045898438 289.036102294922 290.977752685547 292.044128417969 292.845458984375 293.654632568359 293.263214111328 285.825775146484 285.799285888672 288.596069335938 290.143768310547 291.340850830078 293.030395507812 293.995178222656 292.737121582031
293.596313476562 293.601440429688 294.125610351562 293.848724365234 293.489074707031 293.482940673828 293.595031738281 293.74365234375 294.158935546875 294.244567871094 294.771911621094 294.874359130859 293.670593261719 292.474426269531 292.421234130859 293.436065673828 293.852783203125 294.069396972656 293.957214355469 293.531799316406 292.567840576172 292.745971679688 293.975952148438 294.783630371094 293.829711914062 293.118621826172 293.854614257812 294.343841552734 294.651306152344 291.337677001953 289.383392333984 293.459869384766 294.582550048828 293.925598144531 291.978698730469 290.227172851562 290.439117431641 290.952819824219 292.16748046875 292.03564453125 290.477416992188 285.432586669922 283.913696289062 285.496551513672 287.666442871094 291.243499755859 293.325958251953 293.266998291016 292.082916259766
293.334533691406 293.692230224609 294.086578369141 294.012359619141 293.671478271484 293.428985595703 293.563537597656 293.748840332031 294.0009765625 293.851501464844 293.807678222656 294.517913818359 294.637359619141 293.589813232422 293.138824462891 293.448303222656 293.745330810547 293.947082519531 294.143280029297 292.992797851562 292.749267578125 293.593109130859 294.245727539062 294.297119140625 294.100006103516 293.945617675781 294.191009521484 294.666900634766 294.426818847656 291.796356201172 290.438079833984 293.164520263672 294.572021484375 294.262054443359 293.144012451172 292.111450195312 292.470428466797 290.817657470703 289.226928710938 289.368194580078 288.6513671875 284.414916992188 283.014831542969 283.475250244141 286.283142089844 291.923217773438 293.123962402344 292.142639160156 291.511688232422
293.191589355469 293.431060791016 293.730438232422 293.742034912109 293.605926513672 293.678344726562 293.772644042969 293.812133789062 293.627349853516 293.130126953125 292.923065185547 293.715087890625 294.382568359375 292.684326171875 290.201934814453 291.547546386719 293.469390869141 293.480194091797 294.333618164062 292.914093017578 292.769165039062 294.176513671875 294.198089599609 293.975524902344 293.911407470703 293.777923583984 293.904510498047 294.240386962891 294.482208251953 292.225524902344 289.412170410156 291.190765380859 294.612609863281 293.978118896484 292.363647460938 290.788177490234 290.712921142578 291.34033203125 290.061614990234 288.443450927734 288.861633300781 285.313873291016 285.192779541016 285.767578125 288.571136474609 292.528656005859 293.235015869141 291.905639648438 291.485992431641
