rcp4.5models/MPi_ESM_LR/sc1gr9.3
NCOLS 261 
NROWS 433 
XLLCORNER 336357.134 
YLLCORNER 654653.479 
CELLSIZE 1000 
NODATA_value -9999 
[rows 230 to 252 of 433, columns 50 to 99 of 261]
337.446547245697 332.324968676624 327.36907730531 321.928134581836 412.750699704448 548.53338687149 604.100913236955 597.742413386211 559.45561711052 517.592976151204 583.090740573224 480.744747093299 364.688017687107 473.700616628084 321.652156526129 489.68021989765 565.56665713284 559.001860086641 558.84973329262 559.223282970677 556.293923844636 554.09799914819 553.094224264093 552.419179185682 551.676200789842 535.451042649721 499.26904348215 490.600504680802 491.202218229441 498.834265899697 500.47653551606 528.909451030332 505.216947120698 484.300237470704 484.142510135562 484.040781268121 483.681882569871 489.103513813833 494.667597383872 483.642327431585 483.058827982664 482.447205891521 481.457792133218 480.559912187572 480.199862663084 479.411481401006 478.292554415891 477.122794689085 476.709433779208 475.997835843086
484.360648352692 346.365808961206 341.890869709851 335.759832840889 360.46288327156 422.754871825404 545.490398719592 573.327488271529 530.308992102684 596.47473708589 592.41959093255 590.001516564615 550.910164916091 473.16818032885 504.154904163512 575.822398180299 575.784949031971 -9999 -9999 516.676367481459 517.664622973556 533.639492165525 566.973936717474 564.120165813767 539.104332424665 497.510297713838 515.755206258782 515.411499644571 491.610016245408 491.400771166509 491.351488748811 491.833807513092 492.059320462292 492.483070663933 491.964151717708 492.245129686619 493.114548436728 493.16612940794 492.765459553498 492.323819210311 491.346482949243 490.059953681693 489.396400028485 488.429971300426 487.650571200146 486.46056607686 485.773513022242 484.443839576447 483.274632570806 482.784382171318
418.348712088505 351.692325444194 345.54467418517 339.106374708988 331.507846751187 389.712462800064 481.808190608559 610.21224735059 605.17063013145 602.134041340711 600.144260708404 597.696595528502 592.140291310526 588.750552365947 584.362252235513 582.807029075955 584.195697663322 567.991994768636 544.734199436645 543.324651729903 526.317098684042 501.223564033265 537.314822396606 553.723409381293 511.666258565112 493.20569247271 494.162743416179 493.929439799692 495.668023573548 495.777015140351 494.781934586443 495.388040656855 496.126102167252 496.491370888781 496.136876289119 496.743024482491 497.012976623118 496.617011543361 496.179897031117 495.98476788417 494.264971801456 493.850323490125 493.766722692123 492.616080810443 491.908569613856 490.961932946787 490.143150786934 488.735899083401 487.400265940524 486.229545932467
357.721375199344 355.479064151289 414.824544903023 541.306781055641 469.078301840933 425.840329129179 551.296295485683 616.297907542398 612.072611143261 608.221922730019 606.204378634617 603.022427318481 598.484487772413 594.865923284538 591.893854935017 590.101996358241 589.635669923669 584.764746267398 582.951682843636 581.045650991273 569.771917439902 532.478456201905 522.915759165096 551.819338725501 497.505109259092 498.015100364904 498.965588516121 498.509273862245 499.587576277535 500.292450457931 499.344333773458 499.74705351761 500.4263219855 499.608097545003 499.772227347321 500.704391016096 500.455509158695 500.022894662131 499.833896370239 499.874328005406 498.434275005551 498.217491736165 498.050067251087 496.740687874314 495.588510171676 495.119150101806 494.43109996865 493.100781380294 491.689651233977 490.255565200749
426.330259472872 488.816556117106 380.142815742139 506.850495782665 537.519176763078 431.546251391384 625.17514025616 621.790425871889 619.5016386259 615.843394985278 611.412929000632 608.697772903855 606.157657309367 604.094000125958 600.694394355326 598.90876825792 596.664341836376 592.719647331012 572.553676938406 549.415896767976 587.810098375044 559.320321188589 528.470591504228 559.834603860982 502.461142525106 503.13066039331 503.331622130644 502.879135263738 503.908951552951 504.453604452869 505.174794170387 505.180996620696 505.091110236476 504.308256327729 -9999 504.738376116502 505.259766736232 504.980421743583 504.792149551863 504.15247536823 502.568098977447 502.148246280264 501.692180827328 501.020234680576 499.705002025236 498.551570223256 498.079907002073 497.041618997533 495.247370208307 494.032247334937
460.400941300247 619.606971403144 550.002245826897 512.688267902207 473.708884271065 504.548204381153 635.010675883557 630.02012291352 625.287695927055 625.102836405442 623.689206965405 620.931961171837 619.173258800156 616.101373493114 611.44790734649 609.887125624983 608.884523887544 604.604000971956 570.896259230304 513.949138322134 556.609231233147 566.814011340162 515.315334048059 528.584044605531 507.251310090514 507.631730395807 508.230178548048 507.890185840892 508.460584458998 509.267856410223 509.773991922092 510.305523950425 511.040311848593 509.422707559379 -9999 -9999 508.660390632257 508.774772674127 509.065721799185 508.066878294026 505.992322756869 505.541069138917 505.117569355214 504.659128972665 503.981111515891 503.008188190334 502.457437069495 500.928087208228 498.698914629648 497.802141376779
594.388334316818 653.565544643581 584.901557246747 482.510160429337 580.163640292739 611.907739557034 574.507509875375 503.302183935369 565.559217629924 497.147910664624 632.539092000545 630.160514205284 627.411919471486 624.170348881401 621.045269636395 617.866871888635 615.163358884793 612.215036366608 576.476848606259 506.583715861831 518.807447427156 551.525145100523 549.195735473519 510.418178168043 511.742968434155 512.274093721647 513.019110555829 513.494661518964 513.406342367586 513.916848616449 514.538433720685 514.774803961527 514.973711170893 -9999 -9999 513.197525463136 -9999 -9999 512.58478124827 512.008655924654 510.986244547004 510.459896309509 510.104458283671 509.111433195456 507.814380647039 507.182199384032 506.288721549135 504.555151819184 502.867107838516 501.638506427804
657.575919463944 655.504901600132 623.018511013465 522.857669302692 454.338298567502 452.273458402451 615.666642281205 578.651704055482 607.921641516091 567.22674578085 635.879273126205 634.833183658065 631.785078552242 629.686640383026 627.161728578 625.173897658985 623.321723405168 618.843460177058 604.310064171686 554.960967693409 510.971621590517 545.726868354606 580.497047646634 514.080921641751 515.629723076153 516.390893896934 516.909155252075 518.329135942719 518.782739454707 518.911295200625 519.526672116738 518.749817942705 519.259454892401 -9999 -9999 -9999 517.4296063843 517.826362729536 517.428206986916 516.956498631032 516.323631379377 514.98471562843 514.531763802608 513.77982185465 512.550034839198 511.473550973884 509.973476347294 509.090237617503 507.848043584242 505.60169529449
459.161775199368 527.151319914202 661.229350185877 628.862469720895 562.660774909044 491.062190959152 657.585091426264 655.892653788105 651.236566643132 647.482724256231 643.190484911744 640.394080607076 639.67099423911 636.874190105783 634.705301562249 634.536680892571 633.30852837391 554.542347938332 554.427113174667 540.987502063341 515.828777380429 529.457836627708 543.241354541028 517.73356943674 519.395937298819 520.758780613397 521.656391789268 522.519433575697 523.607788871737 524.218623180684 524.049179237592 523.443494930833 523.763911487941 -9999 -9999 522.160427701098 522.050030071591 522.328643737203 522.464445681588 522.395140231771 520.614478835716 519.628172723748 518.747324613531 517.675981350613 516.973493164636 515.996539901647 514.480346691068 513.303338032478 512.429244673562 510.311351883595
365.706884317325 467.881129714648 667.479512722828 667.432225024232 666.303902937029 631.214886248548 662.211877351523 659.519454270552 656.204926151196 654.074036077291 651.163167276069 650.285600671349 650.586747060631 647.967076527201 617.198401980686 589.866547612356 616.942299863515 519.00613779394 518.985111814287 544.27547364126 569.497572857711 521.598918193891 522.436618323638 522.46726541941 523.085243954848 523.959206381345 525.232576586432 526.418602939113 527.925400642373 529.679209530442 529.31180239182 528.908792253654 528.359319761847 527.834677691728 -9999 526.928305054443 527.488005399966 526.772680773062 526.395835208069 526.922483132071 525.432778350946 525.08218525351 523.95054331623 522.376520257142 521.681846924403 520.609466424676 518.907124417749 517.766652665908 516.758771378444 514.805175119731
439.077018413227 605.796459554472 673.200579025706 672.838655332785 671.876878490911 669.673295082487 665.012865466443 662.639821624524 662.298259511165 661.73944497233 659.49842114965 657.959270277466 657.425874144194 656.084906895398 639.27004445294 622.766153975232 608.144252778291 603.970882221455 575.719881682396 539.038783746254 554.662191001245 526.901905350998 527.158893549159 527.485725322979 528.04399389031 527.786051050822 528.405763864727 530.00831529897 532.53129239921 534.458602697182 534.892285491352 534.534304350864 534.288378036863 533.158312809833 532.116345709694 -9999 533.186041215549 532.173377912772 530.784620714642 530.988727027137 530.52131475618 529.457265304344 528.686549752121 527.827099020488 526.776598571925 525.455578322832 524.204844388447 522.093778889799 521.023531468814 519.240166360286
610.758004904735 606.125817022164 545.60486017654 678.431999889732 676.455938669778 672.349716197803 671.604753176894 669.679406617271 669.520419038964 668.323754193131 667.408608626001 665.873684500012 664.141638250664 660.823187842204 660.697962795761 659.102597028735 641.394177275097 572.946489684995 557.802165071681 528.918722761035 529.996619213733 530.647923660067 531.721108147287 532.515138812035 532.863073010015 533.089589798195 533.362952380921 534.406470835826 536.621081643368 538.32253854758 539.340131571994 539.166088301858 539.005052187738 538.101475487931 536.883381154357 536.756105603357 537.605554959641 537.139586724582 536.271804811947 535.91519377696 535.326065365441 534.367621625105 533.534638196723 533.08219837255 531.859846144704 529.880448978184 528.797479409486 526.670674706176 525.43642847456 523.439766341441
547.822816474658 648.331610519327 619.477294025323 684.276946542242 679.645598433097 677.841149688637 676.930710060229 675.830359373851 673.407384163442 671.945479154273 672.753440135951 671.906273882844 671.511718732039 669.847301177626 669.022231479426 668.062278463021 667.592081622312 529.677574009377 531.087548203096 532.788377363051 534.189931467467 534.996772469032 535.77386235404 537.092577144452 537.943301643442 538.797456425678 539.033659478058 539.878027377602 541.180931248564 541.937686641069 543.51275905425 544.236507774292 543.714721884769 543.274297330444 542.563443427081 541.224799067115 541.697946195383 542.380526425926 541.486460718962 540.266497282082 539.782712232519 539.958619851181 538.908963669825 538.028683952542 536.516574758447 534.66328503942 530.115212804149 523.864154892613 526.39066717985 527.991924778978
656.301178826447 627.19826184265 692.644710835192 617.564707317998 553.75507897118 688.059688203606 688.591930370845 688.163226783611 687.912045459656 650.913175156958 618.654946718763 651.372687554468 566.449330820499 565.968128426354 629.564839289499 615.819165352706 570.275693427446 537.613936560724 539.069819116836 540.539636710025 542.045136721135 543.573060537752 544.739764838474 545.150998425631 546.249177012074 547.312012288899 547.941828610303 549.096707117538 550.627186266074 551.829105333988 553.179534271626 553.634267364024 553.63195899108 553.257858500918 552.482201574256 551.631864817151 551.162152465079 551.649814844601 551.357998971563 551.111061456986 549.889781003994 549.176861594849 548.737910270086 548.263158284642 547.000501625501 545.693768795105 543.586627678355 540.493271562355 531.853822096846 524.453765567513
560.690658343566 693.22640668962 694.942292518966 584.591031498812 493.441466799097 694.722188673208 695.237093725451 696.183452563482 697.510908648382 676.669988679027 621.145228283275 605.444286739203 635.809723138977 653.545177481295 653.930357282137 572.718758949222 538.408018534774 541.294006693442 542.504927595994 543.674692656998 545.360529309742 546.020018554736 547.341923032308 548.281006249367 549.943560208767 551.421178021203 552.732849962932 554.091107625353 556.293136317107 556.735940332357 557.870006843463 558.179904768931 558.638897930712 558.409132023354 557.514216314258 556.176580051497 556.292326274848 557.051308911488 556.977405931294 556.963244130348 555.50478457114 554.603147605034 554.017419764232 553.402852369392 552.515035352681 551.114747102267 548.928447844483 544.618673970239 530.870327795276 524.106118075249
500.660864367363 696.554102125224 697.209995093019 660.494828346178 630.716446156097 699.869257404702 702.449463645846 663.770647406637 592.878196547314 593.081272932718 573.100913371288 555.328361641734 629.523043931246 661.169910298988 574.208049523899 539.564011432799 541.672881494894 544.723169543691 545.164572750628 546.538879578116 548.069563955738 549.128171803583 550.579798734836 552.187840958204 553.533560643215 554.736868894662 556.915007361526 558.513701599349 560.23678676297 561.23277807992 561.91077245883 562.077098424442 563.149979709779 562.856009536874 562.0514262056 561.371255752325 561.94099959514 561.733859918923 560.485150340635 562.065008147818 560.846134490161 560.12500064421 559.59984055429 558.772065799903 557.935999732026 556.593470840871 554.500193483199 551.110940234043 536.309831782103 527.264406197647
635.063438774936 700.180605265815 703.084313209738 706.402453045151 708.410569735538 708.300511435875 708.925597172087 688.899827406834 652.243343782232 611.037298965043 539.714393047542 539.623312589945 561.405719628066 579.704905050401 542.251407575129 543.031250033078 544.150420974289 546.683487029767 548.507553845961 549.450925816723 550.1193215325 551.681025746418 553.594804733048 556.173379177589 557.449897715037 558.89825989119 560.825615229422 561.868537598357 563.404957819947 564.929209773172 565.96889504851 566.683410587349 567.423007893977 567.829523564007 567.241307011608 566.905669680537 567.416535986986 567.886874506544 566.970931787329 567.316724521521 566.213753760198 565.802720935075 565.076563700003 564.037134914156 563.334341456352 562.269638919804 560.433216555492 558.084062156304 542.433131249351 528.338174059308
705.748599742089 706.553112934378 709.201550295963 713.643081863014 717.843528131526 718.957981837265 715.168459628073 717.53633843938 676.532078884126 581.373608521238 543.874153511403 544.468543603452 545.302241190019 546.182626304524 546.51261561187 547.524204590378 548.126598520563 549.991710985323 551.036677374922 552.538955431017 554.459233889022 556.135260107918 557.539593506075 558.840419544639 560.723999886691 562.96684887678 564.108470179258 564.511953527341 566.954290287957 568.206056698705 569.459440507536 571.521523343156 572.164871715885 572.707211099615 572.873206915918 572.602811736639 572.62882520766 573.137266999975 573.508007585492 572.855429311504 572.384400169871 571.616608668015 571.091628482213 569.745981915187 568.951815422716 567.999816856378 566.433355510923 563.614694814074 553.970772678585 545.207789701214
583.926544005344 716.144497395634 716.579751776117 718.534731098939 723.70638248894 725.319149437335 724.499787291376 725.19784165086 703.324702767604 621.57885753898 546.470379121581 547.865682907295 548.90692845874 549.272257459058 550.785075083824 552.708959683244 553.268989404885 554.244070365462 554.621375410267 555.661690788579 558.079032730416 559.711715659391 560.80265285031 561.748396618001 564.056528250833 566.312465304442 566.665020722987 567.706740600507 570.826160242572 572.284899684741 573.67326145237 575.570783428986 576.772408398426 577.333847796284 577.426824471264 577.096199216485 577.283826459688 578.056397844851 573.483235843853 569.225815879554 578.163408694795 577.11106923264 577.493235773843 575.970683520126 574.319543593834 573.60466619362 572.287456273049 569.668727973561 566.888294537088 563.629150162654
660.791161278427 725.645684917749 725.158681678066 727.241866621422 729.821102836138 730.213293511516 732.200914611629 731.421206419327 731.599037729219 665.165840479431 548.192737411816 549.888970909084 551.649721203826 552.5016029693 554.192828460853 556.179484939165 557.35055358512 559.074556703891 559.441445437662 560.71015516135 562.063677099074 562.263539264284 563.264412541086 565.477701862979 567.246768978437 569.108038382187 570.180983713926 571.729217143513 575.491200468765 576.674207479067 579.302791934601 580.982244918906 581.400687209101 581.808141353364 582.197521572882 581.839607222684 582.450317582611 583.682758069247 580.615062385182 575.539980277227 584.156634703941 583.226651862358 583.091216197678 582.264224631258 580.951141122023 579.873458026356 578.088080722185 575.133065967383 569.76941218516 566.69884259316
733.706546281381 735.424242074837 733.3597743043 733.845995170648 733.805913583958 736.087805236363 737.714455221068 737.621209656374 692.465641372877 591.856480725621 551.196055615403 552.987444250342 554.73906731548 555.580097555845 556.431447305249 558.87831494663 560.784669916764 565.962711381315 563.805380447252 565.031446045064 565.39961564906 565.511360893277 566.397266314633 569.232525366249 570.838532059577 572.048765369201 573.251928140803 576.022475644516 580.108589188571 581.36976626523 583.52665618471 585.30638551504 586.101863997905 584.850849477608 583.964856708835 587.365881830887 587.364462539766 588.431016356488 589.651652329485 588.20852040136 581.451765085553 589.394547154685 589.11678185897 588.978888572876 587.740502583971 586.12775552257 584.615012895602 581.628879601577 574.148917368489 566.592828091369
737.250353196244 741.129730851677 739.646443508917 738.834613919966 739.120986950238 742.010596294804 741.942171960967 743.631197373317 672.390952532389 552.875570575286 553.594738680878 555.868244135287 557.37490606726 557.489419229888 559.563539627787 561.72760005099 563.497144845217 567.094458854667 567.713531144776 568.396711073062 568.981159936625 570.464352008018 570.53679004139 572.409679383956 574.749354871297 575.535718285288 576.501570128191 579.850591473165 584.145081163553 585.584402628958 587.053746751513 588.564491297046 590.199094702826 590.213729090232 590.10204399157 592.893539362356 592.624582267659 593.125788012122 594.708139775476 595.903927084355 589.341081978232 593.888305649552 595.673297007485 595.36902829184 594.095932990232 592.51822987051 590.821451511453 588.925344155718 584.141348352718 577.205070860892
742.926364912354 745.631224034007 744.507929066408 743.636882195121 745.614980749872 745.872789726424 666.730701369116 747.491416225702 722.919606613833 635.974464143792 556.663578215667 558.081110034826 559.032267286187 560.013896421488 562.562492519967 564.757091444386 565.393514255642 568.043707525766 570.169963211149 571.262726407534 572.703233361268 574.979069917301 576.498154778242 576.889516822209 577.346413592274 578.574265838139 580.232072871025 583.253373478857 586.649318284163 588.438541584326 590.792948230007 592.262898671073 593.775799866378 595.302250407468 597.007827166465 598.519740582094 598.079019478856 598.259207674559 599.877363655244 601.555521306409 601.945045863683 600.834494704707 601.687501574422 600.980412702676 599.976475813486 598.950285811595 597.268233606999 595.267601605983 592.567861330007 589.241595891029
