rcp4.5models/MPi_ESM_LR/sc1gr2.39
NCOLS 261 
NROWS 433 
XLLCORNER 336357.134 
YLLCORNER 654653.479 
CELLSIZE 1000 
NODATA_value -3.4e+38 
[rows 308 to 329 of 433, columns 147 to 195 of 261]
241.676300048828 242.761306762695 248.721313476562 256.075103759766 262.876342773438 267.417419433594 270.17822265625 275.801971435547 282.644134521484 277.802459716797 273.292755126953 282.646148681641 288.897766113281 284.241027832031 280.686401367188 272.801849365234 266.08349609375 266.047790527344 265.694458007812 265.525695800781 265.729034423828 268.995666503906 293.053741455078 293.091033935547 287.095550537109 280.364196777344 271.382171630859 270.567657470703 280.350708007812 288.772613525391 290.048675537109 277.359680175781 267.689819335938 258.022521972656 255.97053527832 258.073303222656 267.750823974609 274.298583984375 276.619110107422 277.362152099609 272.982879638672 279.345642089844 287.17333984375 286.995666503906 293.219146728516 301.514465332031 302.022186279297 302.007659912109 302.419464111328
239.490737915039 244.772918701172 250.055267333984 253.723937988281 259.914581298828 268.595764160156 272.141204833984 275.838562011719 277.435729980469 270.552642822266 269.639282226562 280.849151611328 285.630493164062 276.959320068359 276.430755615234 272.539794921875 264.826934814453 258.929718017578 257.052337646484 260.740539550781 266.313140869141 271.093353271484 291.742340087891 293.253051757812 287.762725830078 283.045349121094 276.047790527344 268.872497558594 273.352935791016 285.992858886719 290.770141601562 284.348419189453 272.767028808594 255.690719604492 254.452133178711 256.665740966797 264.343078613281 272.145172119141 276.269226074219 276.540008544922 275.590423583984 284.829559326172 289.119659423828 286.400451660156 285.8095703125 300.686248779297 302.148956298828 301.918731689453 300.3837890625
242.414703369141 247.375701904297 250.027252197266 251.984771728516 258.803741455078 268.689147949219 274.076110839844 275.909423828125 271.676940917969 265.110412597656 269.161041259766 280.940399169922 283.813415527344 273.272186279297 272.884155273438 270.51806640625 262.363067626953 255.740264892578 255.548385620117 262.50244140625 270.924530029297 278.271942138672 291.480804443359 290.384155273438 285.867156982422 284.172180175781 280.838104248047 271.544769287109 269.277954101562 276.976715087891 286.792999267578 288.429290771484 278.60302734375 256.945678710938 254.641937255859 255.092178344727 260.337036132812 269.351928710938 276.432342529297 277.199188232422 277.046112060547 287.508117675781 291.766662597656 288.788604736328 286.189086914062 300.2998046875 302.140350341797 301.787628173828 299.603729248047
245.217864990234 247.589096069336 249.959411621094 252.382476806641 255.688995361328 261.142639160156 270.861633300781 274.3291015625 268.533020019531 264.923187255859 271.233978271484 284.09814453125 283.046508789062 274.318817138672 271.00537109375 266.189880371094 262.449523925781 259.638488769531 261.243011474609 267.852478027344 275.808410644531 284.147583007812 288.818878173828 286.748443603516 281.108978271484 276.180969238281 275.8984375 270.559844970703 266.834533691406 268.662139892578 277.782257080078 288.27734375 285.152008056641 259.032165527344 253.584854125977 253.787902832031 257.588592529297 266.502990722656 277.366302490234 277.010101318359 276.42041015625 287.139129638672 292.699310302734 290.230041503906 288.509185791016 300.717254638672 301.237823486328 301.392181396484 299.629486083984
246.715682983398 247.772674560547 249.649826049805 252.220230102539 254.964904785156 259.667083740234 267.304809570312 266.721801757812 262.550415039062 266.261993408203 273.065399169922 280.683532714844 281.891998291016 278.224822998047 271.233520507812 268.207916259766 269.354949951172 266.350372314453 265.9423828125 269.476837158203 275.931365966797 282.269378662109 282.093170166016 281.8720703125 274.529693603516 265.789703369141 267.766876220703 265.052673339844 263.751892089844 265.218841552734 272.116638183594 286.206298828125 287.069305419922 260.230163574219 254.597717285156 255.833938598633 258.759582519531 265.832794189453 277.086944580078 277.217620849609 278.582672119141 289.437561035156 292.795196533203 290.151519775391 290.135284423828 300.038513183594 300.401092529297 300.807952880859 299.382965087891
244.780227661133 246.455673217773 246.98762512207 250.043121337891 256.010009765625 256.819549560547 255.012619018555 251.750701904297 252.402359008789 257.902465820312 261.725280761719 266.074005126953 274.513977050781 281.124114990234 283.837493896484 281.0341796875 274.936553955078 270.966857910156 268.330444335938 265.399871826172 267.205902099609 269.995300292969 282.395751953125 280.537719726562 272.745422363281 270.102905273438 267.598114013672 265.313232421875 265.000274658203 262.998443603516 263.325958251953 273.212921142578 282.327484130859 265.784210205078 257.840728759766 255.916076660156 259.259521484375 267.699493408203 276.320465087891 278.361999511719 279.042663574219 287.654571533203 291.034027099609 289.717254638672 295.432006835938 299.114898681641 298.564483642578 299.822235107422 298.315246582031
240.010848999023 243.552337646484 246.165969848633 250.604232788086 254.265609741211 253.006958007812 251.517471313477 248.975921630859 250.249618530273 253.081314086914 255.369369506836 265.587341308594 272.631774902344 278.346069335938 281.344543457031 282.056549072266 274.294128417969 269.923675537109 269.806762695312 266.772064208984 266.992279052734 271.479766845703 284.084716796875 282.672332763672 279.701385498047 275.489196777344 268.676422119141 266.594451904297 264.615600585938 262.669830322266 260.747131347656 266.609680175781 278.449371337891 273.662139892578 262.936614990234 258.182037353516 258.171112060547 264.009124755859 276.411865234375 279.589721679688 279.412841796875 287.94970703125 291.072113037109 288.041198730469 295.496276855469 298.385131835938 298.391021728516 299.623413085938 298.806121826172
237.136993408203 242.840087890625 247.83723449707 249.914779663086 249.291000366211 248.85481262207 249.148452758789 250.906158447266 252.133056640625 254.007263183594 256.566650390625 269.199645996094 272.662200927734 276.034210205078 280.787658691406 278.402618408203 271.916809082031 269.245727539062 271.953491210938 269.827667236328 266.325927734375 271.212799072266 284.250030517578 283.613922119141 280.965850830078 277.005798339844 274.028869628906 271.181091308594 265.663024902344 262.639953613281 259.766876220703 262.568572998047 272.201202392578 279.579528808594 268.032501220703 261.837341308594 260.408233642578 263.973083496094 274.310638427734 277.980255126953 282.270324707031 290.120880126953 294.045989990234 291.056701660156 295.486511230469 298.68896484375 299.251007080078 300.063049316406 299.563018798828
240.896331787109 246.108779907227 249.984436035156 249.69172668457 249.424926757812 249.477355957031 252.109451293945 256.583343505859 258.327911376953 259.488433837891 258.860229492188 267.643310546875 270.739166259766 275.862060546875 282.214385986328 273.884918212891 268.727142333984 269.037536621094 272.54248046875 272.988952636719 269.679290771484 273.080078125 279.745635986328 282.356048583984 275.492767333984 271.475280761719 275.781494140625 274.289154052734 269.530090332031 264.995483398438 260.260528564453 259.323944091797 267.958984375 280.78125 271.803436279297 264.025909423828 261.705780029297 267.154296875 275.652984619141 277.896728515625 286.242095947266 292.875640869141 296.249603271484 294.865386962891 295.621368408203 299.524658203125 299.552551269531 300.023590087891 299.95849609375
249.874710083008 252.054565429688 253.999603271484 254.42497253418 254.897720336914 253.793991088867 256.068817138672 260.726409912109 262.771728515625 263.953765869141 262.878387451172 269.885101318359 275.004302978516 276.687347412109 278.217987060547 270.415802001953 264.818267822266 265.80810546875 269.297790527344 274.248962402344 274.927520751953 275.155883789062 274.720611572266 280.109954833984 274.942260742188 267.937683105469 271.276947021484 271.376617431641 269.261260986328 264.820465087891 261.326965332031 261.414123535156 268.839324951172 278.984069824219 274.880035400391 265.348937988281 262.062805175781 270.050811767578 280.399322509766 283.440155029297 288.431121826172 294.64111328125 296.388305664062 295.662658691406 297.004638671875 299.585723876953 298.684112548828 299.945068359375 301.117401123047
256.45703125 257.531951904297 258.697479248047 259.059143066406 259.415893554688 258.972686767578 259.733093261719 262.355743408203 263.399810791016 264.756408691406 265.294677734375 272.202362060547 276.301330566406 272.770904541016 271.410461425781 265.640167236328 261.141479492188 261.450836181641 265.588104248047 274.226135253906 276.250518798828 274.058166503906 275.164581298828 278.242736816406 277.337585449219 270.769256591797 264.243103027344 262.037567138672 262.133850097656 259.997283935547 261.4326171875 266.145111083984 271.711242675781 276.129333496094 271.823577880859 264.388519287109 261.173522949219 267.965026855469 277.989410400391 283.002593994141 288.377105712891 293.854766845703 296.225952148438 295.669738769531 298.319061279297 299.958709716797 298.413024902344 299.300109863281 301.550994873047
257.644470214844 259.982360839844 261.146789550781 261.179046630859 261.22265625 261.922424316406 262.281646728516 262.155303955078 262.705474853516 263.219390869141 263.443176269531 270.494659423828 270.950988769531 266.194915771484 265.049438476562 262.761810302734 260.273223876953 260.92333984375 265.581970214844 271.415100097656 274.233489990234 272.523162841797 272.256866455078 275.823822021484 275.975830078125 271.030792236328 261.837188720703 255.699493408203 251.224151611328 251.593078613281 260.955505371094 266.159118652344 270.428649902344 273.465179443359 265.174072265625 262.022766113281 263.537384033203 268.927185058594 273.216430664062 278.157684326172 285.321258544922 292.015014648438 294.981567382812 295.476196289062 298.526580810547 301.090728759766 299.662902832031 299.581939697266 301.480560302734
256.135223388672 258.645446777344 260.313720703125 260.474243164062 260.560729980469 261.744964599609 261.410278320312 260.979553222656 262.015869140625 262.029266357422 262.098419189453 268.373413085938 267.286773681641 262.847320556641 260.514251708984 260.023193359375 259.533660888672 262.489929199219 266.880554199219 265.913391113281 271.788116455078 273.221466064453 266.403228759766 270.794342041016 274.683166503906 270.468872070312 264.130096435547 255.825836181641 245.913848876953 244.494338989258 257.633087158203 264.063690185547 267.533142089844 272.170715332031 267.726043701172 267.258697509766 270.508453369141 275.470123291016 273.633728027344 278.776397705078 286.979827880859 291.811676025391 293.694580078125 295.804443359375 298.366821289062 300.9482421875 300.890991210938 301.137786865234 302.517913818359
257.167266845703 258.507263183594 259.824859619141 259.992431640625 260.056243896484 261.036773681641 260.218444824219 259.451934814453 260.643371582031 261.512390136719 262.0546875 268.519775390625 264.763702392578 261.622894287109 258.982818603516 258.656280517578 258.808258056641 261.412750244141 263.60400390625 262.185272216797 269.125762939453 274.157470703125 263.400909423828 265.970245361328 271.078674316406 269.155334472656 264.496215820312 257.564300537109 247.271118164062 241.278991699219 250.432846069336 259.996185302734 265.940338134766 269.065093994141 272.498199462891 276.858428955078 277.305267333984 281.341583251953 278.032775878906 280.967193603516 289.908813476562 292.302551269531 294.2177734375 296.081878662109 298.28369140625 300.608917236328 300.869598388672 301.088958740234 302.319549560547
258.793884277344 259.958068847656 260.498260498047 260.978088378906 260.520629882812 260.711730957031 260.208190917969 259.272857666016 260.312072753906 261.652038574219 262.340789794922 269.445037841797 264.727813720703 259.891784667969 258.23681640625 258.914703369141 259.585418701172 259.897918701172 259.36669921875 259.304962158203 264.002197265625 270.986633300781 266.612243652344 265.135650634766 265.386993408203 264.215850830078 261.18115234375 257.206115722656 250.821716308594 244.584136962891 246.557357788086 255.179840087891 263.433471679688 264.704254150391 271.152526855469 279.291381835938 283.767059326172 285.873382568359 283.738098144531 284.859588623047 290.466918945312 292.053283691406 294.527862548828 296.189300537109 298.492126464844 300.2900390625 299.410949707031 299.084228515625 301.564819335938
258.151977539062 259.929443359375 260.285736083984 260.972442626953 261.497589111328 261.862121582031 261.507202148438 260.583221435547 262.101989746094 262.945648193359 263.474151611328 267.793395996094 264.296783447266 259.009124755859 257.683441162109 258.83837890625 260.000610351562 259.148345947266 257.972961425781 256.921264648438 259.475250244141 264.127258300781 268.763885498047 266.631683349609 263.536285400391 261.047607421875 255.6669921875 250.954223632812 250.094940185547 249.576232910156 251.583129882812 257.839111328125 262.125030517578 264.883819580078 271.441619873047 277.407684326172 285.662445068359 288.288696289062 287.319549560547 287.624877929688 290.445068359375 291.632537841797 293.291229248047 295.765808105469 297.904296875 298.770904541016 298.214263916016 298.898834228516 302.264709472656
255.786071777344 258.260711669922 259.273315429688 260.128295898438 260.767059326172 261.148864746094 261.975280761719 262.044647216797 263.024444580078 262.867034912109 262.872619628906 264.904449462891 263.085662841797 258.596221923828 257.60009765625 258.425811767578 258.916534423828 258.071716308594 256.721160888672 255.660446166992 257.124053955078 258.727935791016 265.756683349609 268.537506103516 265.694488525391 261.020538330078 254.196823120117 248.031173706055 247.626419067383 252.063690185547 257.312347412109 262.622497558594 265.655151367188 265.834075927734 273.791961669922 278.627197265625 284.251220703125 288.972991943359 289.540100097656 288.570587158203 290.222839355469 291.695495605469 292.722137451172 295.701171875 296.813720703125 298.296234130859 298.523254394531 300.827697753906 302.998199462891
252.708450317383 256.745422363281 257.922393798828 259.085174560547 259.893341064453 260.061828613281 259.873718261719 259.916687011719 260.229614257812 258.258605957031 257.776397705078 262.599884033203 261.115509033203 259.950958251953 258.114501953125 256.919189453125 257.398956298828 258.874084472656 261.352691650391 263.044586181641 262.329193115234 263.278839111328 266.482238769531 266.043670654297 263.357574462891 263.774353027344 261.338592529297 258.330932617188 251.143997192383 251.114593505859 258.079040527344 262.660125732422 266.294250488281 277.686248779297 276.560821533203 277.930725097656 285.753784179688 290.352844238281 290.922729492188 290.309478759766 290.632080078125 292.488494873047 291.532531738281 294.176055908203 295.582733154297 298.299194335938 299.830322265625 300.963134765625 301.556457519531
255.624984741211 257.541442871094 258.367431640625 258.817993164062 258.867340087891 259.671112060547 258.494018554688 257.876007080078 259.01806640625 258.514587402344 257.894104003906 261.192352294922 260.193176269531 259.691314697266 257.851806640625 255.000717163086 254.468490600586 255.917755126953 259.559936523438 261.528839111328 263.309051513672 266.007263183594 264.872467041016 264.452117919922 261.775726318359 263.582397460938 264.107818603516 259.836120605469 251.169723510742 251.314468383789 254.604522705078 256.8837890625 260.610321044922 279.747528076172 281.65771484375 282.058441162109 286.206634521484 290.623931884766 291.041656494141 291.099517822266 292.133087158203 293.974426269531 292.663604736328 294.439239501953 296.301116943359 298.013122558594 298.824005126953 300.257293701172 301.589080810547
255.494552612305 256.662506103516 257.297698974609 256.414367675781 256.524047851562 258.252319335938 256.766906738281 256.642669677734 257.465606689453 257.801727294922 258.644744873047 260.621704101562 259.452331542969 258.603607177734 257.097381591797 254.75862121582 253.243011474609 253.341705322266 256.492248535156 258.774475097656 262.267944335938 263.1962890625 263.659606933594 262.796630859375 261.717224121094 262.632354736328 263.139312744141 259.587860107422 253.649703979492 252.887084960938 255.502243041992 255.985046386719 261.295043945312 278.934692382812 283.168090820312 287.306671142578 287.731597900391 290.388458251953 292.488586425781 292.671112060547 294.049377441406 295.157958984375 295.206237792969 295.672241210938 296.9150390625 297.588531494141 297.424865722656 299.056884765625 300.251647949219
252.482025146484 254.16845703125 255.390884399414 254.417785644531 255.141967773438 256.208831787109 255.257080078125 255.914901733398 256.39501953125 257.251861572266 258.897979736328 260.712036132812 260.366790771484 258.523162841797 257.342834472656 255.824890136719 254.645111083984 253.606018066406 256.192718505859 261.536926269531 262.204254150391 260.606018066406 268.572845458984 264.897796630859 266.006683349609 264.132690429688 260.231781005859 257.932556152344 253.685394287109 253.169982910156 258.803771972656 261.703186035156 266.855743408203 278.885559082031 282.856231689453 287.285583496094 290.039215087891 291.777404785156 292.5537109375 293.1337890625 294.3642578125 295.121337890625 295.581787109375 296.857635498047 297.266174316406 296.187133789062 296.300994873047 297.032562255859 297.570129394531
250.674423217773 252.931518554688 253.755615234375 254.563537597656 254.882476806641 255.183258056641 255.191467285156 255.321838378906 254.997375488281 256.513488769531 258.468811035156 259.613586425781 259.757019042969 259.092041015625 258.412902832031 257.062225341797 255.701812744141 255.002944946289 258.085968017578 262.783721923828 260.413208007812 259.323089599609 270.612121582031 275.104522705078 274.393981933594 267.857147216797 262.311462402344 259.744140625 253.378387451172 251.68196105957 259.888549804688 265.801391601562 271.012908935547 276.605041503906 283.086303710938 288.446075439453 289.290130615234 290.882141113281 290.057556152344 291.949768066406 293.350616455078 294.250762939453 295.356658935547 297.348968505859 297.472625732422 294.456298828125 294.850952148438 294.619293212891 296.080841064453
