rcp4.5models/MPi_ESM_LR/sc1gr5.4
NCOLS 261 
NROWS 433 
XLLCORNER 336357.134 
YLLCORNER 654653.479 
CELLSIZE 1000 
NODATA_value -9999 
[rows 132 to 153 of 433, columns 100 to 149 of 261]
277.781024542747 277.148046807071 277.441087416162 277.502698700716 277.523398421383 277.251050039869 276.659716829223 276.691520735696 276.600521024741 276.608710837873 276.754138168323 276.633103744798 276.446339795609 276.071380991107 275.866451795851 275.789905903126 275.192985926223 274.628452118169 274.236213443858 274.400410096756 274.729057668856 275.126115660934 275.048777731904 275.077173321126 275.636502827201 275.280017600482 275.657416892303 275.837463505778 276.265501895767 276.645321472216 276.727361514501 276.813115365523 277.181217984738 276.897089208253 277.079794590431 276.727673478534 276.791092405728 276.263338833667 275.94868825498 276.102658048356 277.016727179906 278.117563410756 278.503220212729 278.349740294988 278.074943255137 278.201084641506 277.961864897983 278.543372766692 279.088973377703 279.299212033401
277.210131648795 276.739302498835 277.173623367609 277.369145754568 277.159381405547 277.304891048571 277.012456291932 276.555307294756 276.096906561838 276.468296051255 276.445724358087 276.444343880289 276.067417098312 275.909585137819 275.815646541616 275.626397016602 275.074870979294 274.8487018692 274.384910362536 274.55087498051 274.336095618301 274.505566980895 274.935311471097 275.116724905288 275.712501786372 275.755707734537 275.635059684774 276.213393765578 276.524247620913 276.787386686687 276.720849477406 276.844972887385 277.076878490599 276.830264597865 276.77559234151 276.575978426196 275.756697364883 274.196648246435 274.834168883562 275.754039983718 277.176005087103 277.879561193504 277.962810849702 277.759997902401 277.275570048719 277.680709475401 278.258985722848 278.718894059698 279.044356648153 279.09247623323
276.666841516606 276.520865373305 276.695956734389 276.932725756098 276.574190832084 276.816374924209 276.803699833327 276.657842113298 276.263104753537 276.248531451675 276.042512265922 276.328832814476 276.117785064094 276.095340267007 275.796011730807 275.626534282995 275.0492813694 274.852585317696 274.814066917251 274.809710183632 274.377962671391 274.084687017694 274.55145979415 274.630952002142 275.424900060318 275.362406998429 275.297408612081 276.397641073373 276.671967229704 276.782267959082 276.723617437003 276.705538876996 276.707178184373 276.467460192999 275.748491748712 276.017132974375 275.290470444805 273.701266810532 274.465036262426 276.59689524964 277.264420328464 277.278701162265 277.115999153053 277.466829884119 277.208872413149 277.251166265649 278.158800844899 278.863995429864 278.567969102676 278.707269242442
276.424290607556 276.280376412158 276.385702650139 276.492369220926 276.470934713045 276.356918845216 276.34204825282 276.214796511399 276.006295421758 276.23568085372 275.707520741027 276.055748978271 276.219246563299 275.899430340531 275.635707359376 275.74776270974 275.333227014931 275.137395721383 274.955679318178 274.632865981404 274.159342601936 273.888806653562 273.628001162022 273.688648834611 275.249723497614 275.556762685267 275.374142373215 276.205581129317 276.127593930647 276.473044626044 276.676343090941 276.649249222376 276.675733867525 276.089245083181 274.860669576065 274.743149302175 275.00495638647 273.876609942607 274.921551224223 276.657686077148 276.218076676786 275.920371133705 276.113471670368 276.702642370134 277.091572157684 277.206467560448 277.846047357213 278.483954516407 278.374440730889 278.85264424756
276.380447995232 275.956633201565 275.812414376992 276.140375956005 276.489146201297 276.425134897141 276.158390559204 275.666291409646 275.519156927039 275.856583522345 275.57476736117 275.495120272263 275.63672929733 275.466063128022 275.213728845938 275.423970720115 274.991606100501 275.138756505352 274.73066930638 274.420020061149 274.381091382729 273.798185015899 273.178422235952 273.16127331616 275.480384643636 276.034545377269 275.843000341836 275.861032201041 275.847907367186 276.306776854834 276.395358755358 276.633315891292 276.533900035599 275.584074397979 274.209496873453 274.128486407949 273.97478111063 273.447325709915 275.86582774821 275.8844533889 274.515025559447 274.762956242667 275.52028771098 276.223022079137 276.889693723164 277.44136935949 278.018585040822 278.235139651989 278.461967370201 279.073460614483
276.178627630507 276.035496652833 275.686384103689 275.687168657811 276.088243952963 275.977535458214 275.574769823563 275.38624410601 275.526469627288 275.738592014063 275.89356792858 275.266365323639 275.103594904632 275.352389233433 275.172385901414 275.007656844603 274.622427103939 274.510499150758 274.655400417419 274.721262085014 274.551297210416 273.737511897949 272.79603115915 273.270258749152 275.526434441782 275.822975175831 275.640685947634 275.827552911011 276.071746784688 276.084628093055 276.033506179613 276.461978202647 276.400241042856 275.443354478666 274.326679907822 274.332764626133 273.660535650049 273.903490624031 276.386230811407 275.994670863808 275.05340229846 275.084820072519 275.653468988579 276.257260640917 277.327135604889 277.672351060156 278.312877174861 278.443560686055 278.477335732657 279.070821863467
276.338017411256 275.875990391341 275.670197055632 275.337838225689 275.298984667798 275.179700314538 275.453832167296 275.790490711802 275.847648178683 276.243395472448 -9999 275.544740241293 275.542814410698 275.662758153714 275.55511166778 275.291756346922 275.004102489476 274.782809767784 275.068461179102 274.911143980462 273.996830393353 273.24493856742 273.083049449107 274.573390600486 275.177623659423 275.038047935189 275.022924869161 275.226079776854 275.611906927488 275.925364508743 275.948992617165 275.715543752247 275.375898680197 275.56392058086 275.18542304214 275.084534699196 274.811123323543 276.126287630644 276.533755123223 276.598291271893 276.375867576909 276.121841368054 276.622879360194 277.263138744391 277.632814761665 277.76854713459 278.622370012754 278.720677705356 279.104419070029 279.118793568799
276.092729292315 275.92198798896 275.888471711585 275.528453332368 275.527180937631 275.192950290238 275.368599975996 275.831319086338 276.086811177221 276.081050451203 275.767800780324 275.457328106205 275.59545806882 275.651740605159 275.625792701255 275.386289557271 275.018323458623 275.351805826441 274.951579401849 274.7062500462 273.544879191124 272.141120649353 274.128240877377 274.954723832524 274.718410366869 274.947108652395 274.752207829766 275.114653851755 275.459514156687 275.824701799908 -9999 275.35035928377 274.415190195624 275.71033029327 275.561417082298 275.283628461801 275.564794662652 276.076100450206 276.458466809741 276.607898710673 276.771280840244 276.448173576624 276.895910681995 277.305054035085 277.534995980679 277.330725632811 278.321195628693 278.757887963597 279.111856855674 279.12718310358
276.226592350886 275.823495672288 275.716317756569 275.622155335042 275.599149318746 275.205199092074 275.0652891625 275.789542911365 276.091531595077 275.959437222444 275.586349042766 275.021608522819 275.763739452958 275.881085116332 275.707859166937 275.560510173197 275.392604170898 275.622033743143 275.081342017107 274.078463379582 272.074231773965 272.538174979618 274.655419620529 275.157038409355 274.341741974657 274.497368186773 274.478601778155 274.925954512235 275.284418716745 275.471923182991 274.995224568303 274.573509002782 274.642928411057 275.791336783372 275.880474115424 275.186664671059 275.930449209931 276.162877615404 276.496572400679 276.923018966227 277.127984068221 276.781699714155 277.350096213775 277.343908544319 277.54148415843 277.39820523564 278.308389226479 278.596613041622 278.787053600626 278.996089157373
276.746212169285 276.057729701719 276.086104808479 275.988717814965 275.515388313865 275.207951855755 275.185620663025 275.834200936381 276.169487912395 276.05011317652 275.62233470808 275.084547883177 275.855548181376 276.108273095395 275.715697656505 275.533905673214 275.630834198973 275.61567939429 274.93434810254 273.218184125187 272.76827121164 274.190582731842 274.809369236797 275.22992569368 274.539461248995 274.265817179674 274.310660763938 274.57938531857 274.897521099091 275.055374219589 274.796867131031 274.476478656145 275.179477121644 275.52117380283 275.681984299041 275.124752321614 275.699698813898 276.013992978797 276.647574542527 277.074001223418 277.482177341337 -9999 277.570957983635 277.585677235671 277.702381509286 277.640183738374 278.519764522464 278.45977184861 278.398965977567 278.565290985293
276.785178105879 276.18326509113 276.464381883656 276.222862582027 275.485053648345 275.21691788463 275.336668502404 275.899356783749 276.221197303624 276.155639748932 275.796968639336 275.456921933482 275.767195591829 276.136397266592 275.719245042814 275.61087073053 275.614787319759 275.557128109891 274.718158234469 273.694263365702 274.530284719692 274.985428434427 275.085950253533 275.339649545035 274.676463776083 274.213655976067 274.185445471638 274.328915468691 274.630115751372 274.853879982861 275.101914038854 -9999 275.19665986749 275.172576529871 275.22061856375 275.087252772069 275.510594122755 275.664783911595 276.272425518343 276.514124223293 277.028137389549 277.231694890079 277.545084055651 277.641789023779 277.705635339117 277.880623864477 278.557190991355 278.582642921087 278.297904516073 278.315936093894
276.582085515735 276.480220811089 276.650673074822 276.30871553262 275.980824867019 275.349031476447 275.281783394156 275.76461116822 -9999 276.127559436694 275.817789383812 275.657181264354 276.021334997436 276.167380722588 275.626522080624 275.617738986538 275.585879651326 275.568937838015 275.230030897591 275.069569996973 275.433989239595 275.494028168259 275.533560657462 275.545955694152 274.66626847315 274.218141165078 274.177337914288 274.293610357393 274.474585505323 274.830812600537 275.232010647028 275.038507750752 274.906782680303 274.840113600607 274.793352165766 275.239717264004 275.608246366582 275.823598296376 276.236859406729 276.111681674778 276.528557949608 276.701909195144 277.06330490471 277.585572186825 277.590760479329 277.848256225875 278.597182163939 278.720961893642 278.529412851163 278.388118708086
276.588389460123 276.768513342493 276.745392322956 276.377832977572 276.0712981801 275.566143979766 275.467510720033 275.651065705927 276.244534106552 276.058589644604 275.668196904848 275.85371675984 276.273558328655 275.794919588858 275.577724065042 275.694354516933 275.526515086313 275.479765089446 275.562985048279 275.60880072523 275.6776334462 275.439163089187 275.419236250478 275.457585569736 274.813050176999 274.279430494978 274.229150675078 274.243331711058 274.456658813983 274.907882064149 274.956679575528 274.647826633878 274.606152523238 274.574439153342 274.600358688419 275.522241043391 275.59700586746 275.968346618571 276.269741234632 276.330946640492 276.401758978883 276.722517640821 277.017022524422 277.586759057077 277.792040000122 277.931314832653 -9999 278.733980751718 278.46694620198 278.098127876022
276.705260348112 276.791403457237 276.727883473516 276.322912104585 275.714410697216 275.629920232208 276.019199778085 276.035529037079 276.228862505132 275.865975413332 275.690663671573 -9999 276.38803475914 275.953759026745 275.814663904867 275.799750979759 275.586855357077 275.4807854973 275.542203407703 275.588864536205 275.609550223128 275.149868056895 274.984532008521 275.226280106353 275.022591519015 274.426793386486 274.274037087511 274.248684220059 274.431475928203 274.756565636393 274.55865390703 274.371048182826 274.524867971091 274.369555892138 273.957955809801 275.635067246353 275.696475685638 276.014688553667 276.39232210418 276.685655120963 276.471101543284 276.97839298891 277.411764636006 277.574134752461 277.737323979155 277.871721288373 278.400768916642 278.617258341499 278.414182512765 277.777346822098
276.911611088535 276.885984045498 276.476284020973 276.064007413498 275.807741057914 275.882920881314 276.131482311714 276.35289127989 276.235399157655 276.065816951686 276.095117458655 276.28635892216 275.86655402922 275.791728940349 275.656579579422 275.541902432307 275.557705959901 275.512881685527 275.365115728857 274.865186849844 274.993699422314 275.098087473978 274.752058074922 274.838081656029 274.947467405436 274.517633191568 274.276894242221 274.287990922721 274.335002092902 274.459315209846 274.306986252599 273.971201706303 274.588892832888 274.651252593693 274.012239308452 275.752657882292 275.769869556508 275.92200422141 276.326844730816 276.689032437679 276.467840952269 276.639833107291 277.190784522753 277.424116227556 277.644510121375 277.759231487072 278.139451494861 278.505107828064 278.388553196837 277.738326906812
277.037426454166 276.935897450597 276.302500940234 275.922779776096 276.058952100562 276.260921695805 276.250871328311 276.378599853122 276.208732632263 276.098286675003 276.254433312538 276.163918519943 275.449190048972 275.457126655401 275.384654939948 275.192634397986 275.32778579333 274.986732812311 275.307482270967 274.389243057481 274.58403307804 274.708837129524 274.690778292845 274.59506517282 274.486657215601 274.333456227897 274.166339652499 274.202261312506 274.310382165881 274.412292180562 274.368570603103 274.149013634777 274.613681561893 275.121025670188 274.83171718652 275.711820635922 275.820647388209 276.062993614929 276.314339657172 276.768661751717 276.62473396751 276.697937965402 277.195402302254 277.474268636673 277.743570437414 277.872118999453 278.035002847625 278.332539242288 278.399665103543 278.004724617555
276.829207312919 276.783019732759 276.55498466173 276.451523084474 276.351471156919 276.318396481179 276.103424271516 276.110750011346 275.755928727974 275.527358551382 275.669140696769 275.843706015551 275.656235532525 275.412266921279 275.320698011196 275.159776889542 274.742845720448 274.431133709388 274.740149377695 274.402177802253 274.589690041616 274.355547005985 274.399446081143 274.383611574497 273.885909130781 274.00223650501 273.91312519122 274.063690148117 274.291014562151 274.308514362328 274.327089938318 274.747353221429 274.844842952347 275.234173229647 275.270284106313 275.73765144885 275.82130372244 276.16778425991 276.590742818651 276.960804771982 277.020649554938 277.141395259057 277.349481179797 277.617141937633 277.642745635458 277.715148166559 278.059924183552 278.148834065719 278.208327153043 278.016323913263
276.590976617577 276.512544377116 276.690475856441 276.699202187103 276.502773374245 276.391381442155 276.107816823111 275.885351359939 275.618524045674 275.204483343543 275.261724974388 275.497524463273 275.638470393876 275.374174502705 275.269369709092 275.216676077582 274.703592957095 274.306203003428 274.391533205802 274.411893254371 274.468146140376 274.411857269363 274.005580864848 273.837966675848 273.624780881829 273.557612694069 273.51117206353 273.733114481785 273.90305908656 274.066135380203 273.784431766904 274.806720189827 275.142708917959 275.164415405625 275.467676257262 276.024332461243 275.913084762638 276.01880640642 276.485063777876 276.996061044722 277.181655975118 277.300444646994 277.382758195981 277.646293247855 277.547722236443 277.595873543074 278.084861008917 277.964453437088 277.776311689556 277.668463110566
275.729848561206 275.662399688678 276.12195813947 276.091504117077 275.983116437688 276.052835075238 276.02628510849 276.047021865232 275.830209590694 275.890087152768 275.738184952103 275.14344070292 275.188873282094 275.209914698364 274.872027875176 274.662432964853 274.391319582545 274.259260436109 274.307809761677 274.266459956363 274.308084628603 274.414372010372 274.426495271088 274.293338413751 273.654207671573 273.422481608955 273.126991078276 273.122843733814 273.143895577838 273.32373217638 273.782047807335 274.06778810186 274.630351139049 274.701535555041 275.432997164957 275.732312135414 276.117341612193 276.482202986353 276.722617023642 276.698592632852 276.959056909501 277.026559258899 277.214463256092 277.370023941362 277.456216461647 277.497103990144 277.496938355598 277.607511299753 277.654233501705 277.387235751485
275.406499147255 275.122193671944 275.513243328954 -9999 275.881142333422 275.69549954191 275.793787036096 275.838162738374 275.791732688135 275.777426052685 275.540533837406 274.96510230534 274.901664221932 275.184873108664 274.929060950653 274.651873079172 274.286384678116 274.291441154457 274.526716371484 274.469378260044 274.293496968998 274.436249117468 274.522907152274 274.443976509202 273.840379374462 273.496559211595 273.147474325649 273.086508870607 273.286815501748 273.524580155844 273.909410371208 274.341237363396 274.838602076451 274.98517660076 275.350603618748 275.395404458809 276.00812793257 276.238149949549 276.548425867003 276.692954061721 276.953871128507 276.995538831585 277.116817602968 277.156621910885 277.028876063029 277.282560193345 277.381432605858 277.345876845382 277.424291078539 277.144609834157
274.917930233791 274.816677068042 275.024032414145 275.504382398 275.524186613485 275.554532875607 275.540592908984 275.839246848693 275.767980294238 275.739238933502 275.542684430656 275.250736277263 274.692507287777 274.862741098008 274.858616880974 274.753631742229 274.559471313913 274.618619749733 274.646915383268 274.411051731363 274.338529404563 274.321890966753 274.171909839496 273.950644566412 273.631037148342 273.390571549433 273.181267355574 273.2756680433 273.53588505001 273.869836090219 274.270180790914 274.530893793538 275.037258707762 275.297461263896 275.631963995052 275.707597284244 276.101388913281 276.072736171564 276.185877862401 276.378608717832 276.67836446458 276.810482917884 276.610878886943 276.890485766699 276.514204750761 276.842163507422 -9999 277.142757023764 277.211967935361 277.114163543253
274.61324548018 274.817718300305 274.923042079076 275.071129188205 274.967408949385 275.129845022968 275.152521758116 275.655435030511 275.822146631146 275.716007800077 275.5509364055 275.273349628476 274.557844431241 274.36409461778 274.496606611838 274.613674985439 274.46981451032 274.513975322262 274.647124042192 274.447769237421 274.316860197574 274.369981343625 274.131541977068 273.648103483481 273.444887717186 273.36506660857 273.274133771611 273.43479097647 273.679987225925 273.751556099319 274.239445647927 274.368408555673 274.730356123038 275.19084764352 275.497279593705 276.066232808673 276.171476335149 275.201965354415 273.689731637772 276.107741799744 276.237593987939 276.277877051936 276.139413241842 276.437590667715 276.249405930607 276.510411812297 277.017490547388 276.951067245927 -9999 276.791306286446
