rcp4.5models/MPi_ESM_LR/sc1gr6.12
NCOLS 261 
NROWS 433 
XLLCORNER 336357.134 
YLLCORNER 654653.479 
CELLSIZE 1000 
NODATA_value -3.4e+38 
[rows 198 to 219 of 433, columns 49 to 97 of 261]
1044.08630371094 1043.70336914062 1043.54150390625 1044.22644042969 1045.91223144531 1045.58557128906 1044.58325195312 1047.66772460938 1048.78967285156 1049.15905761719 1051.40405273438 1052.18347167969 1054.74133300781 1055.24047851562 1057.19653320312 1057.82385253906 1059.87243652344 1062.66650390625 1068.80712890625 1071.73059082031 1073.11242675781 1076.8564453125 1078.74523925781 1079.84143066406 1084.72485351562 1087.36437988281 1089.73522949219 1095.2998046875 1099.03674316406 1106.73962402344 1110.88623046875 1115.42724609375 1121.50537109375 1122.4453125 1121.32153320312 1125.14916992188 1126.61169433594 1128.22985839844 1134.01953125 1141.064453125 1144.07604980469 1149.98266601562 1154.57788085938 1159.45104980469 1167.05639648438 1174.19189453125 1182.07946777344 1185.27697753906 1190.80126953125
1044.64221191406 1047.47485351562 1048.83911132812 1048.43188476562 1048.103515625 1049.32604980469 1048.37585449219 1048.80676269531 1051.64611816406 1054.15661621094 1055.86071777344 1055.94665527344 1056.35424804688 1056.03125 1057.03894042969 1059.52697753906 1062.0537109375 1063.97692871094 1067.38256835938 1070.15673828125 1072.77026367188 1076.44677734375 1077.6513671875 1079.56884765625 1084.30822753906 1088.06274414062 1092.31298828125 1095.5302734375 1097.82592773438 1103.87194824219 1110.00329589844 1114.63452148438 1119.78161621094 1122.009765625 1123.97668457031 1127.13012695312 1126.74987792969 1128.90368652344 1133.92175292969 1141.68640136719 1145.59338378906 1150.11572265625 1154.94775390625 1159.10241699219 1166.22131347656 1173.76513671875 1182.32653808594 1187.47875976562 1190.96154785156
1047.08569335938 1049.28393554688 1050.22692871094 1051.70959472656 1051.33032226562 1052.20764160156 1051.88232421875 1050.55212402344 1052.35217285156 1054.74548339844 1055.84802246094 1057.62365722656 1060.34716796875 1060.64453125 1061.71923828125 1062.67065429688 1064.08752441406 1065.46142578125 1070.72399902344 1071.18933105469 1073.66357421875 1076.2353515625 1078.49011230469 1082.86755371094 1087.34301757812 1090.30346679688 1093.49291992188 1093.65905761719 1095.19567871094 1104.77880859375 1109.40405273438 1112.52404785156 1117.220703125 1118.98364257812 1122.3544921875 1128.009765625 1128.49584960938 1129.91674804688 1133.79956054688 1140.23095703125 1145.384765625 1151.06713867188 1154.91906738281 1158.15673828125 1164.61340332031 1172.86437988281 1180.18481445312 1187.97729492188 1192.27087402344
1051.73010253906 1051.275390625 1051.59790039062 1052.01721191406 1053.31274414062 1056.78698730469 1058.37963867188 1053.92639160156 1055.06298828125 1057.98486328125 1058.76733398438 1060.33374023438 1063.34216308594 1064.43432617188 1064.00512695312 1063.55737304688 1064.82348632812 1069.26794433594 1073.9453125 1073.88146972656 1074.68615722656 1076.79736328125 1080.59790039062 1085.54931640625 1087.65014648438 1089.72009277344 1091.69885253906 1092.43798828125 1097.19030761719 1106.41662597656 1107.82092285156 1111.54809570312 1115.35437011719 1115.82958984375 1118.89892578125 1125.67443847656 1127.67004394531 1130.63220214844 1136.66687011719 1140.55627441406 1144.92260742188 1151.82958984375 1155.16101074219 1158.21264648438 1163.31579589844 1171.90979003906 1178.35119628906 1184.96032714844 1190.27697753906
1055.14831542969 1055.96667480469 1055.44873046875 1054.43701171875 1055.10717773438 1057.42736816406 1060.884765625 1058.13513183594 1058.43432617188 1059.52685546875 1061.54638671875 1064.78051757812 1068.27868652344 1069.60900878906 1069.51098632812 1068.08752441406 1069.45947265625 1072.26147460938 1075.0361328125 1075.72119140625 1075.79870605469 1079.40307617188 1082.57592773438 1085.01318359375 1086.34484863281 1088.37854003906 1090.18188476562 1093.90295410156 1098.63806152344 1104.84008789062 1106.15954589844 1108.44250488281 1112.01123046875 1113.62426757812 1116.82702636719 1123.18627929688 1126.06066894531 1130.80505371094 1136.90246582031 1140.59497070312 1146.84533691406 1153.42517089844 1156.2578125 1158.80920410156 1163.28625488281 1169.10778808594 1176.04870605469 1184.25537109375 1190.06958007812
1056.21984863281 1057.12878417969 1058.00915527344 1057.22644042969 1057.70043945312 1058.36682128906 1061.34094238281 1061.62426757812 1061.63012695312 1062.68310546875 1064.46032714844 1067.70166015625 1070.58447265625 1072.72790527344 1074.97021484375 1073.96008300781 1073.60021972656 1076.44104003906 1077.853515625 1080.59167480469 1078.943359375 1080.31323242188 1081.81530761719 1084.52746582031 -3.4e+38 1091.00842285156 1092.63146972656 1097.24951171875 1099.17016601562 1102.10925292969 1105.96032714844 1106.79797363281 1109.20837402344 1111.88171386719 1114.49890136719 1119.72229003906 -3.4e+38 1127.73205566406 1134.13342285156 1138.65576171875 1146.35498046875 1153.92980957031 1154.92114257812 1158.14440917969 1164.61511230469 1168.20129394531 1175.10241699219 1182.70788574219 1190.04113769531
1057.64416503906 1057.44201660156 1058.50256347656 1057.56677246094 1059.89453125 1063.32409667969 1064.9326171875 1063.22680664062 1064.57055664062 1067.18078613281 1068.21911621094 1069.49340820312 1071.43933105469 1074.38671875 1076.60827636719 1076.25073242188 1076.14123535156 1078.49694824219 1081.61975097656 1083.96643066406 1083.20983886719 1083.49951171875 1085.61682128906 1088.89025878906 1091.52478027344 1094.35412597656 1096.27404785156 1098.03869628906 1098.57189941406 1100.65661621094 1104.27160644531 1106.32397460938 1106.85388183594 1108.92065429688 1112.53430175781 1116.66540527344 1122.33020019531 1126.43151855469 1131.40698242188 1137.95544433594 1146.57458496094 1153.94738769531 1154.72253417969 1158.07348632812 1166.09948730469 1169.87719726562 1174.71667480469 1179.98168945312 1188.80200195312
1056.59765625 1057.78381347656 1059.81555175781 1061.04125976562 1061.751953125 1062.73779296875 1062.71911621094 1063.88061523438 1064.85876464844 1068.49279785156 1071.01904296875 1071.7861328125 1072.21716308594 1075.10009765625 1075.974609375 1076.99096679688 1076.68383789062 1078.98754882812 1082.58581542969 1085.83435058594 1086.35998535156 1088.73486328125 1090.38061523438 1093.22021484375 1094.51379394531 1096.85620117188 1097.42114257812 1096.8330078125 1098.80493164062 1099.45703125 1102.33264160156 1104.22912597656 1106.15124511719 1109.80920410156 1113.80090332031 1120.03833007812 1125.27783203125 1130.02734375 1131.07751464844 1139.16687011719 1147.28503417969 1153.83581542969 1155.58154296875 1160.91809082031 1167.58972167969 1171.63623046875 1174.65075683594 1180.13977050781 1186.16479492188
-3.4e+38 1059.46545410156 1060.44262695312 1060.84814453125 1061.1806640625 1061.61499023438 1061.48107910156 1063.88610839844 1067.10607910156 1069.83422851562 1070.49816894531 1071.24230957031 1072.69177246094 1075.64453125 1075.76806640625 1077.92468261719 1079.27075195312 1081.5439453125 1082.90942382812 1085.76379394531 1087.69848632812 1090.53662109375 1091.84436035156 1093.87634277344 1096.66357421875 1097.46813964844 1096.91369628906 1097.20727539062 1097.92810058594 1099.57592773438 1102.47082519531 1104.79638671875 1107.85803222656 1109.93103027344 1114.68273925781 1123.89965820312 1127.99743652344 1131.38452148438 1134.06811523438 1139.07824707031 1145.86535644531 1155.81762695312 1157.11865234375 1161.39685058594 1167.31005859375 1174.3251953125 1178.55285644531 1181.64611816406 1184.51037597656
1058.98522949219 1060.53625488281 1059.94201660156 1059.28894042969 1061.23413085938 1061.97875976562 1063.79248046875 1065.65747070312 1068.89929199219 1070.25549316406 1070.24047851562 1071.03771972656 1074.39343261719 1076.88842773438 1077.16687011719 1078.28002929688 1079.6943359375 1083.16650390625 1083.60083007812 1086.62487792969 1090.87121582031 1091.93579101562 1093.61120605469 1094.16723632812 1096.63354492188 1096.57678222656 1096.10180664062 1096.58459472656 1097.45812988281 1100.30346679688 1104.07653808594 1109.33117675781 1110.46960449219 1109.35778808594 1113.77075195312 1122.22875976562 1127.60180664062 1130.45666503906 1133.43774414062 1136.71484375 1143.53686523438 1157.74694824219 1160.23071289062 1161.70458984375 -3.4e+38 1177.634765625 1187.71801757812 1184.40515136719 1187.5126953125
1066.25817871094 1065.84582519531 1066.68701171875 1069.01806640625 1067.42858886719 1067.92272949219 1070.40270996094 1076.4404296875 1075.20910644531 1076.55212402344 1079.51135253906 1080.53869628906 1082.09704589844 1083.42321777344 1086.36865234375 1087.56103515625 1086.576171875 1086.69323730469 1091.51599121094 -3.4e+38 -3.4e+38 1093.22680664062 1096.77099609375 1096.35290527344 1096.68603515625 1097.52185058594 1099.73876953125 1101.23168945312 1102.85034179688 1107.07873535156 1109.1416015625 1109.86657714844 1108.47534179688 1111.00903320312 1114.44958496094 1118.72546386719 1123.22448730469 1125.11633300781 1130.85168457031 1137.44201660156 1144.7802734375 1153.43762207031 1159.59069824219 1166.88623046875 1171.76416015625 1179.15930175781 1199.18200683594 1224.78149414062 1191.42919921875
1068.50231933594 1069.14477539062 1072.63513183594 1073.73449707031 1072.97424316406 1073.6865234375 1075.34533691406 1082.37426757812 1083.45556640625 1083.11828613281 1083.79504394531 1085.41723632812 1087.06579589844 1088.63488769531 1090.31750488281 1092.75512695312 1093.5478515625 1092.74011230469 1093.72119140625 -3.4e+38 1095.36499023438 -3.4e+38 1098.16430664062 -3.4e+38 1099.07189941406 1101.26525878906 1102.73132324219 1103.86267089844 1104.73876953125 1108.833984375 1110.99194335938 1112.99462890625 1110.27770996094 1112.84704589844 1115.36535644531 1118.24780273438 -3.4e+38 1125.73718261719 1132.54467773438 1140.01428222656 1143.30712890625 1152.71728515625 1160.00024414062 1167.30603027344 1174.20397949219 1220.96032714844 -3.4e+38 1205.44458007812 1194.92102050781
1071.56323242188 1073.61999511719 1075.1953125 1076.93237304688 1078.20837402344 1080.20458984375 -3.4e+38 1084.83422851562 1089.34985351562 1091.26879882812 1091.08349609375 1093.22802734375 1094.60388183594 1096.45849609375 1094.93432617188 1095.14270019531 1097.22692871094 1097.88305664062 1098.93725585938 -3.4e+38 -3.4e+38 -3.4e+38 -3.4e+38 1100.59545898438 1102.95263671875 1103.51403808594 1104.71020507812 1105.80700683594 1106.23327636719 1110.86218261719 1112.84265136719 1115.10632324219 1113.73291015625 1114.02258300781 1115.95324707031 1118.3310546875 1122.12463378906 1128.24938964844 1132.97094726562 1139.12634277344 1143.04772949219 1152.78820800781 1159.412109375 1167.16528320312 1173.685546875 1249.32653808594 1363.72021484375 1191.75671386719 1195.80847167969
1073.638671875 1075.87182617188 1079.65393066406 1081.47473144531 1084.29040527344 1086.75341796875 1088.70788574219 1090.75231933594 1092.83801269531 1096.42346191406 1098.18994140625 1101.50769042969 1102.53588867188 1103.61584472656 1101.19946289062 -3.4e+38 1102.19482421875 1104.46887207031 1105.32958984375 1105.36608886719 1105.28723144531 1105.64904785156 1104.79333496094 1104.28161621094 1107.42333984375 1108.72473144531 1109.29406738281 1109.87927246094 1108.93395996094 1111.00354003906 1112.89953613281 1114.22412109375 1114.55297851562 1115.73608398438 1116.86804199219 1120.53015136719 1124.13745117188 1128.33386230469 1131.53784179688 1138.11328125 1144.14782714844 1155.25756835938 1160.060546875 1165.99291992188 1173.94360351562 -3.4e+38 1308.04357910156 1190.82556152344 1194.39123535156
1080.17883300781 1082.0068359375 1085.35693359375 1088.15539550781 1093.36926269531 1094.71459960938 1097.39782714844 1095.96374511719 1097.11474609375 1101.845703125 1103.21545410156 1106.2314453125 1108.625 1108.30847167969 1105.81030273438 1105.51721191406 1106.85766601562 1110.90832519531 1111.6806640625 1112.81774902344 1113.77941894531 1112.63940429688 1111.42846679688 1109.96228027344 1112.7578125 1114.74536132812 1114.59973144531 1115.16259765625 1113.74499511719 1112.5966796875 1114.17724609375 1116.01696777344 1115.83947753906 1115.8037109375 1116.7470703125 1121.32507324219 -3.4e+38 -3.4e+38 1133.21154785156 1138.80883789062 1146.3984375 1158.95251464844 1163.58520507812 1168.82666015625 1176.30151367188 1200.18054199219 1227.84875488281 1190.32495117188 1195.15771484375
1088.19226074219 1091.17980957031 1094.17761230469 1097.287109375 1103.43054199219 1105.33654785156 1107.28137207031 1106.17150878906 1105.49755859375 1109.28771972656 1110.39184570312 1113.05834960938 1115.15771484375 1114.14245605469 1112.17919921875 1112.05688476562 1111.79504394531 1114.34301757812 1116.99426269531 1119.7685546875 1121.82592773438 1118.39538574219 1117.80126953125 1116.22595214844 1116.12585449219 1117.82202148438 1118.080078125 1119.34057617188 1118.32409667969 1116.70288085938 1116.96276855469 1119.63781738281 1119.91479492188 1118.09948730469 1120.27392578125 1122.06018066406 1125.83776855469 1130.48303222656 1136.7451171875 1142.52282714844 1149.19201660156 1161.37243652344 1167.09838867188 1174.17053222656 1178.755859375 1185.19750976562 1191.52380371094 1190.08032226562 1197.12036132812
1098.28002929688 1103.44750976562 1109.78198242188 1114.97387695312 1115.96618652344 1117.181640625 1119.2763671875 1114.69104003906 1113.45397949219 1116.40002441406 1120.18688964844 1120.89306640625 1123.32177734375 1122.25988769531 1121.669921875 1120.18408203125 1119.111328125 1119.61413574219 1123.54833984375 1128.52160644531 1129.64135742188 1125.88439941406 1124.95446777344 1122.48913574219 1119.99975585938 1120.46118164062 1121.94677734375 1123.11633300781 1124.19885253906 1121.56262207031 1119.87268066406 1121.00610351562 1122.12536621094 1122.07336425781 1122.90368652344 1123.76940917969 -3.4e+38 1132.10400390625 1137.11560058594 1143.13366699219 1148.35559082031 1160.78271484375 1167.70373535156 1175.84265136719 1179.62048339844 1182.61499023438 1187.28076171875 1193.97241210938 1200.37170410156
1112.5927734375 1119.33947753906 1123.287109375 1124.80944824219 1123.13818359375 1126.9140625 1125.5390625 1122.20068359375 1122.42260742188 1124.37780761719 1129.05725097656 1133.44873046875 1132.92810058594 1130.92980957031 1128.80212402344 1126.72631835938 1126.49206542969 1126.01647949219 1129.71997070312 1133.33825683594 1133.17724609375 1133.48486328125 1132.59777832031 1130.08959960938 1127.83862304688 1126.96643066406 1125.787109375 1126.7119140625 1129.02319335938 1127.57897949219 1124.57495117188 1123.37121582031 1125.7900390625 1125.83679199219 1122.724609375 1125.19165039062 1129.20446777344 1133.07141113281 1138.94189453125 1143.60986328125 1150.71032714844 1161.40222167969 1169.04833984375 1175.06591796875 1179.65747070312 -3.4e+38 1190.65454101562 1198.28649902344 1202.75439453125
1123.51330566406 1126.259765625 1126.9541015625 1128.23291015625 1127.97790527344 1132.71105957031 1134.27966308594 1133.74401855469 1133.39025878906 1133.13830566406 1137.03552246094 1141.8642578125 1140.3583984375 1136.431640625 1133.89819335938 1133.76086425781 1132.61730957031 1131.45056152344 1134.14001464844 1135.82141113281 1138.8271484375 1141.91528320312 1139.73522949219 1136.98376464844 1134.46606445312 1133.47424316406 1131.09265136719 1131.60131835938 1133.22534179688 1134.646484375 1130.3564453125 1127.18395996094 1129.98669433594 1129.5625 1128.36682128906 1131.0693359375 -3.4e+38 1140.23974609375 1145.76904296875 1148.80676269531 1156.35852050781 1164.93176269531 1170.48120117188 1175.99377441406 1181.51696777344 1187.37927246094 1193.77270507812 1199.767578125 1205.97241210938
1137.51745605469 1137.58947753906 1136.43835449219 1137.75476074219 1136.76928710938 1140.99719238281 1145.48010253906 1145.81359863281 1146.1171875 1144.89953613281 1145.42980957031 1148.95849609375 1146.68005371094 1144.14086914062 1141.33178710938 1142.22021484375 1141.78991699219 1139.76000976562 1140.46740722656 1141.2119140625 1144.04260253906 1144.18627929688 1143.29309082031 1144.09106445312 1143.08972167969 1140.23413085938 1138.361328125 1139.42321777344 1142.22216796875 1138.80810546875 1134.60766601562 1133.19665527344 1137.40698242188 1138.83020019531 1140.21838378906 1144.22326660156 1141.35791015625 1146.55737304688 1150.84606933594 1155.76586914062 1163.74133300781 1172.126953125 1175.66906738281 1180.90295410156 1186.97790527344 1190.25695800781 1197.00219726562 1202.19079589844 1209.37744140625
1148.52868652344 1149.90930175781 1147.8017578125 1150.19384765625 1151.861328125 1151.80700683594 1154.75952148438 1155.69274902344 1156.74145507812 1155.11022949219 1154.25573730469 1153.65808105469 1152.81018066406 1151.4716796875 1149.728515625 1151.048828125 1150.50634765625 1147.53564453125 1146.748046875 1146.86157226562 1148.62878417969 1149.59594726562 1151.45935058594 1152.6201171875 1152.39196777344 1148.9296875 1147.64794921875 1145.48840332031 1147.74609375 1144.23583984375 1142.61193847656 1140.48645019531 1143.42272949219 1145.74731445312 1146.85925292969 1151.6025390625 1150.07434082031 1153.88623046875 1157.70642089844 1162.64709472656 1167.73718261719 1180.23522949219 1185.48425292969 1188.83239746094 1194.57312011719 1194.97412109375 1200.31225585938 1207.07409667969 1214.58740234375
1158.2060546875 1159.45483398438 1157.32458496094 1159.32421875 1159.10705566406 1159.63891601562 1162.2919921875 1163.94665527344 1164.05859375 1163.14892578125 1161.087890625 1158.79162597656 1158.79699707031 1159.51086425781 1159.32861328125 1159.13317871094 1158.45056152344 1156.34423828125 1155.27709960938 1155.01135253906 1155.798828125 1155.30407714844 -3.4e+38 1158.56555175781 1159.14404296875 1158.26818847656 1157.3818359375 1152.23071289062 1153.01684570312 1153.4208984375 1150.55725097656 1148.10375976562 1149.09997558594 1152.20263671875 1153.52368164062 1156.13500976562 1159.98742675781 1164.90856933594 1168.22961425781 1171.95886230469 1176.35729980469 1184.15612792969 1190.64794921875 1196.296875 1199.86669921875 1201.71435546875 1205.48120117188 1211.1220703125 1218.32177734375
