rcp4.5models/MPi_ESM_LR/sc1gr8.25
NCOLS 261 
NROWS 433 
XLLCORNER 336357.134 
YLLCORNER 654653.479 
CELLSIZE 1000 
NODATA_value -3.4e+38 
[rows 220 to 241 of 433, columns 49 to 97 of 261]
152.713180541992 153.678329467773 154.2744140625 154.446762084961 155.328506469727 156.431076049805 156.635345458984 158.943450927734 159.559967041016 160.017471313477 161.204803466797 161.911087036133 163.82666015625 165.10237121582 166.358337402344 167.522277832031 168.812484741211 169.801605224609 168.274673461914 167.279144287109 166.788925170898 165.957504272461 165.691070556641 163.889526367188 162.775009155273 162.345550537109 161.306289672852 159.951904296875 158.898468017578 156.593963623047 155.008377075195 154.026779174805 152.862289428711 152.632629394531 152.126495361328 150.70149230957 149.28694152832 148.504135131836 148.028457641602 148.160827636719 148.330780029297 146.351989746094 145.575927734375 145.06755065918 143.7900390625 142.752822875977 142.020782470703 141.095108032227 140.539306640625
153.588623046875 153.66487121582 153.972106933594 154.716705322266 156.103652954102 157.37629699707 157.627197265625 158.913146972656 160.076141357422 160.26676940918 161.274993896484 162.482711791992 163.935150146484 165.22981262207 166.279006958008 168.251342773438 169.730651855469 170.260894775391 170.933410644531 170.240295410156 170.447448730469 169.451919555664 168.953872680664 167.522552490234 166.401763916016 166.188781738281 165.066207885742 163.021697998047 161.990020751953 160.05158996582 159.355743408203 158.225555419922 156.647659301758 155.665023803711 155.089813232422 153.576690673828 152.373336791992 151.679824829102 151.028335571289 150.848129272461 150.722198486328 150.445907592773 149.509765625 147.717544555664 146.435562133789 145.395385742188 144.658645629883 143.730133056641 143.126556396484
153.714904785156 154.681564331055 154.875686645508 155.966949462891 156.465087890625 157.613418579102 158.548690795898 159.168029785156 160.039093017578 161.442184448242 162.929504394531 163.429580688477 164.558990478516 166.666580200195 167.778900146484 168.812057495117 169.31428527832 169.950805664062 172.403503417969 173.137924194336 173.668579101562 173.689361572266 172.335800170898 170.535827636719 170.187927246094 169.842178344727 168.703430175781 167.235336303711 165.712478637695 164.537048339844 163.355941772461 161.965835571289 160.165145874023 158.350067138672 157.794586181641 156.307281494141 155.492797851562 155.662567138672 154.691589355469 154.173492431641 153.346084594727 153.373489379883 152.749282836914 150.834579467773 149.345718383789 149.239349365234 150.09944152832 147.120346069336 146.063354492188
154.368927001953 155.598098754883 155.663055419922 156.682083129883 157.455535888672 158.166122436523 159.721084594727 159.787979125977 160.431015014648 162.432479858398 163.421432495117 164.526962280273 165.784927368164 167.533660888672 168.487380981445 169.820587158203 169.960586547852 170.693954467773 174.169738769531 175.597290039062 176.854736328125 176.859588623047 175.164169311523 174.110015869141 174.526733398438 173.672912597656 172.890655517578 171.333786010742 169.252243041992 168.348052978516 166.063064575195 164.711090087891 163.069564819336 161.416061401367 160.893264770508 159.729934692383 159.130752563477 158.71630859375 158.17854309082 157.76628112793 156.682678222656 156.267837524414 155.343383789062 154.663848876953 153.422576904297 153.982833862305 156.779403686523 151.659652709961 149.90119934082
154.724197387695 155.451522827148 156.652313232422 156.7666015625 157.51025390625 158.867050170898 159.410049438477 160.528457641602 161.647109985352 163.138656616211 163.490081787109 164.916473388672 166.549057006836 168.087127685547 168.844650268555 169.987213134766 170.903869628906 171.799133300781 174.96745300293 176.797454833984 178.724624633789 179.528442382812 178.939804077148 178.363525390625 177.568817138672 176.577529907227 176.063949584961 174.407821655273 172.802932739258 171.949966430664 169.310699462891 167.808319091797 166.414810180664 165.338912963867 164.749496459961 163.62467956543 163.096069335938 162.074920654297 161.591201782227 160.727325439453 159.94482421875 158.861206054688 157.742172241211 157.214904785156 156.248794555664 156.62158203125 157.729049682617 153.739028930664 152.730224609375
155.818664550781 156.140808105469 157.391250610352 157.416061401367 158.235458374023 159.467010498047 159.359634399414 161.692016601562 162.702606201172 164.350387573242 164.900909423828 166.402755737305 167.407363891602 168.35481262207 169.507690429688 170.35041809082 172.149627685547 172.595306396484 175.668899536133 178.108016967773 179.726867675781 180.874801635742 182.213973999023 182.641571044922 181.718109130859 180.415878295898 179.212112426758 178.035568237305 177.24284362793 175.935577392578 173.72380065918 171.695541381836 170.422180175781 169.715148925781 168.865570068359 168.000579833984 167.052047729492 166.339447021484 165.276626586914 164.143844604492 163.468399047852 161.956802368164 160.883422851562 160.114105224609 159.150634765625 158.862976074219 157.76579284668 -3.4e+38 156.169540405273
156.761459350586 156.801788330078 157.743240356445 158.50537109375 158.750152587891 159.482849121094 160.57145690918 162.805267333984 163.920989990234 165.325302124023 166.169555664062 167.961654663086 168.255157470703 169.037017822266 170.845581054688 171.171783447266 172.319198608398 173.528854370117 176.929916381836 179.104553222656 180.985137939453 182.737731933594 184.630004882812 186.033660888672 186.224426269531 184.659866333008 183.196823120117 182.137435913086 181.698913574219 179.831329345703 178.083648681641 176.356369018555 175.274139404297 174.132308959961 172.122131347656 172.462326049805 171.590835571289 170.420837402344 169.294677734375 168.535919189453 167.575393676758 165.91667175293 165.092819213867 163.856002807617 162.88996887207 162.445739746094 161.356048583984 160.337921142578 159.760955810547
157.904739379883 157.715087890625 158.295104980469 159.285095214844 159.279190063477 159.81901550293 160.721878051758 164.003631591797 164.746475219727 166.248519897461 167.46842956543 168.573715209961 168.224227905273 170.156784057617 171.823059082031 172.140411376953 173.219268798828 175.593200683594 178.764389038086 180.208465576172 182.763488769531 184.910308837891 186.506362915039 187.968292236328 189.795196533203 188.734741210938 187.890121459961 186.616806030273 185.550750732422 183.693786621094 182.232757568359 180.481628417969 178.968627929688 178.420761108398 175.788452148438 175.427749633789 175.161224365234 174.632843017578 173.530899047852 172.205642700195 172.132537841797 169.838134765625 169.455703735352 168.429306030273 169.172485351562 170.897735595703 165.704147338867 164.260437011719 163.197631835938
158.797409057617 158.488265991211 159.062072753906 160.5986328125 160.431533813477 160.870025634766 162.053482055664 163.980987548828 165.248840332031 166.712371826172 168.616744995117 169.682098388672 169.004974365234 170.89729309082 172.309936523438 173.334045410156 174.343017578125 177.052749633789 180.611236572266 181.498397827148 183.859161376953 185.636489868164 187.122207641602 189.403289794922 191.125823974609 192.404739379883 192.319946289062 190.796585083008 189.381362915039 188.001235961914 186.518569946289 183.551376342773 182.1669921875 181.722351074219 180.096298217773 179.506820678711 179.096649169922 178.197891235352 177.130111694336 175.997024536133 175.290115356445 173.768798828125 173.908752441406 172.844421386719 173.003524780273 173.826263427734 169.789901733398 168.686294555664 167.473999023438
158.204376220703 158.278213500977 159.352203369141 160.193832397461 160.383529663086 161.970947265625 163.724380493164 165.389923095703 166.287689208984 167.301879882812 169.777206420898 170.716079711914 169.827407836914 171.210800170898 172.609024047852 173.693771362305 175.762832641602 178.080413818359 181.654190063477 182.491989135742 184.628219604492 186.759796142578 188.728118896484 190.354751586914 192.179656982422 194.463012695312 195.545013427734 195.094421386719 193.847518920898 191.423812866211 190.867935180664 187.872085571289 186.46044921875 185.549285888672 184.758819580078 183.944305419922 183.345245361328 181.823318481445 180.692764282227 180.089706420898 178.79541015625 177.749877929688 177.870574951172 175.700592041016 175.000137329102 174.96809387207 173.812347412109 173.087539672852 171.633850097656
158.128707885742 158.657821655273 160.289993286133 160.618698120117 161.689956665039 163.24153137207 164.677200317383 167.154800415039 167.237594604492 167.651123046875 169.357040405273 170.712371826172 170.827392578125 171.745544433594 173.287567138672 174.543914794922 176.807144165039 179.028823852539 182.271408081055 183.970687866211 186.06916809082 188.227630615234 190.066528320312 191.063842773438 193.356506347656 195.486526489258 197.594741821289 199.155563354492 198.705169677734 195.18684387207 194.455490112305 192.865142822266 191.059478759766 190.192443847656 189.327102661133 188.439544677734 187.248413085938 186.0634765625 185.45964050293 184.826156616211 183.428680419922 181.928100585938 180.964889526367 179.196395874023 178.867630004883 179.118591308594 178.146636962891 177.289901733398 176.242935180664
160.624618530273 161.660614013672 162.342178344727 163.430267333984 164.277709960938 164.966384887695 166.708740234375 168.063858032227 169.362701416016 169.527816772461 170.352035522461 172.155776977539 173.152465820312 174.821350097656 175.567352294922 176.484481811523 179.076568603516 181.44953918457 -3.4e+38 -3.4e+38 188.067260742188 190.522918701172 193.103897094727 194.98698425293 196.440185546875 198.192642211914 200.442428588867 202.659591674805 204.484725952148 203.750274658203 202.808624267578 201.628952026367 200.978103637695 199.979858398438 199.302764892578 197.839050292969 197.00927734375 196.428024291992 195.817138671875 194.599273681641 193.264770507812 191.149078369141 189.650573730469 188.903350830078 187.723983764648 187.533905029297 187.329391479492 186.34358215332 185.256790161133
161.753860473633 163.01921081543 163.84912109375 164.848754882812 165.008636474609 165.373611450195 166.822372436523 168.108108520508 169.456649780273 170.271102905273 171.272521972656 173.597915649414 175.098358154297 176.272155761719 176.971298217773 178.618881225586 180.178039550781 182.338104248047 185.579315185547 187.380722045898 189.58415222168 191.909774780273 194.369064331055 195.941513061523 196.856292724609 199.201095581055 201.435363769531 203.862319946289 206.524444580078 208.935760498047 208.265869140625 206.796768188477 205.663208007812 204.526992797852 203.915588378906 202.606597900391 201.723861694336 200.99951171875 200.259628295898 198.921875 198.073547363281 195.612030029297 194.693008422852 193.675338745117 193.085556030273 192.998016357422 192.410430908203 191.018905639648 190.025451660156
163.385147094727 163.815628051758 164.904006958008 166.032669067383 165.990921020508 166.329513549805 167.072937011719 169.428436279297 170.681640625 171.293746948242 172.526672363281 174.250732421875 175.533996582031 177.069351196289 178.160888671875 180.168426513672 181.066116333008 183.190536499023 187.489852905273 188.671783447266 190.8955078125 193.127288818359 195.365768432617 197.351715087891 199.092041015625 201.599380493164 204.248336791992 206.613494873047 209.107147216797 213.735946655273 214.656997680664 212.877288818359 210.904449462891 209.932281494141 208.793334960938 207.608200073242 206.934997558594 205.863159179688 205.091979980469 203.991500854492 203.329895019531 200.371246337891 199.349563598633 198.640838623047 198.424606323242 198.229019165039 197.206192016602 196.330978393555 195.370223999023
164.774841308594 164.995986938477 165.137451171875 165.824676513672 166.880676269531 167.726196289062 168.676818847656 170.615859985352 171.940643310547 172.646347045898 174.433090209961 175.506790161133 177.214736938477 178.348876953125 179.876342773438 181.465118408203 183.194854736328 185.104354858398 189.071960449219 190.841217041016 192.686080932617 194.072082519531 196.217727661133 198.729507446289 201.507034301758 203.891494750977 206.790100097656 209.466369628906 210.940048217773 216.475173950195 218.835540771484 219.470794677734 217.817810058594 215.797271728516 214.287490844727 -3.4e+38 211.977920532227 211.110687255859 210.038345336914 209.208831787109 207.953887939453 205.525009155273 204.352935791016 203.713851928711 203.281372070312 203.36018371582 202.184906005859 201.533737182617 200.307647705078
165.651901245117 165.980484008789 166.120895385742 167.235122680664 168.115219116211 168.743499755859 170.135040283203 172.307556152344 172.99382019043 174.140045166016 176.415618896484 178.084030151367 179.237716674805 180.61882019043 182.114410400391 183.548461914062 184.8095703125 187.084747314453 191.611389160156 193.347549438477 194.561340332031 196.32600402832 198.729064941406 201.55436706543 204.140411376953 206.423629760742 208.944702148438 211.671447753906 213.470260620117 219.045974731445 221.51432800293 223.817077636719 224.334594726562 223.065521240234 220.565383911133 -3.4e+38 -3.4e+38 215.887634277344 214.966262817383 213.937683105469 212.852981567383 210.420150756836 209.46076965332 208.791381835938 208.988815307617 208.694946289062 207.491027832031 206.910842895508 205.563385009766
166.88215637207 166.768890380859 167.129089355469 168.574264526367 169.577758789062 170.497970581055 171.623138427734 174.237686157227 175.668975830078 176.085784912109 177.60969543457 179.599578857422 180.402557373047 182.583343505859 184.368316650391 185.42594909668 186.602828979492 188.268081665039 192.866226196289 194.020599365234 195.831893920898 198.319137573242 201.074981689453 203.556304931641 205.970489501953 208.276031494141 210.776763916016 213.649169921875 216.061782836914 221.194274902344 224.352676391602 227.174118041992 228.478149414062 228.824188232422 -3.4e+38 -3.4e+38 222.533325195312 -3.4e+38 -3.4e+38 218.863250732422 217.899566650391 215.604598999023 214.753219604492 214.206359863281 214.923492431641 214.175415039062 212.631622314453 211.736099243164 211.119583129883
167.889282226562 168.024154663086 169.056274414062 170.28108215332 171.566162109375 172.57160949707 174.055404663086 175.558929443359 177.492294311523 177.533905029297 178.490737915039 180.88737487793 182.127868652344 183.651824951172 185.730865478516 186.518173217773 188.673156738281 190.533920288086 194.016189575195 195.419631958008 197.091812133789 199.915298461914 202.432388305664 204.66423034668 206.998153686523 209.628662109375 212.464813232422 215.063186645508 217.909881591797 223.754852294922 226.240707397461 229.772094726562 231.836669921875 233.561889648438 -3.4e+38 -3.4e+38 -3.4e+38 226.988052368164 226.178527832031 225.011016845703 223.642288208008 221.647598266602 220.609497070312 220.351181030273 220.425598144531 219.599517822266 218.327560424805 217.7646484375 217.243118286133
169.166168212891 169.966400146484 170.481872558594 171.667236328125 173.042861938477 174.140197753906 175.58381652832 177.806015014648 178.869384765625 180.015213012695 181.184722900391 183.027008056641 184.20458984375 185.936233520508 186.681900024414 187.451950073242 190.037338256836 192.711288452148 196.259048461914 197.586029052734 199.940032958984 202.498611450195 204.830841064453 206.663101196289 208.233825683594 211.209320068359 213.901428222656 216.654495239258 220.289093017578 226.187072753906 228.343521118164 231.538604736328 234.842681884766 237.674530029297 -3.4e+38 -3.4e+38 235.245574951172 233.432220458984 231.598190307617 231.002197265625 230.88671875 227.796646118164 227.352340698242 226.811904907227 225.754104614258 224.932067871094 224.734817504883 224.031768798828 223.185195922852
171.132827758789 171.463180541992 172.257369995117 173.478759765625 174.453826904297 176.06852722168 176.477981567383 179.383682250977 179.972366333008 181.636871337891 183.015548706055 184.399520874023 185.565979003906 188.112335205078 189.027877807617 190.124298095703 192.926116943359 194.962326049805 198.574630737305 200.393035888672 202.017150878906 204.368637084961 206.725738525391 209.000915527344 210.831726074219 212.525283813477 214.955596923828 218.240951538086 222.543899536133 228.306564331055 232.149551391602 234.723358154297 237.530990600586 240.468032836914 242.245086669922 -3.4e+38 241.277816772461 240.214279174805 238.083862304688 237.233489990234 237.300033569336 234.306884765625 233.647491455078 232.766845703125 231.805572509766 231.601364135742 230.984024047852 230.392486572266 229.904205322266
172.417739868164 172.906890869141 174.467346191406 174.794052124023 175.633560180664 177.523590087891 177.847305297852 180.207733154297 180.949432373047 183.104904174805 184.887939453125 185.439254760742 186.571273803711 189.431091308594 190.909332275391 192.091781616211 194.973571777344 196.912963867188 200.09016418457 202.734100341797 204.437301635742 206.80696105957 208.950531005859 210.998977661133 213.326538085938 215.139190673828 217.23388671875 219.472442626953 222.725204467773 229.529449462891 233.787170410156 237.155624389648 239.760284423828 242.71533203125 245.30647277832 246.777587890625 -3.4e+38 246.469757080078 245.118301391602 243.366561889648 242.899322509766 241.171615600586 239.779342651367 239.021789550781 239.045501708984 238.666152954102 238.533355712891 237.764205932617 236.780014038086
174.003662109375 175.424606323242 175.906509399414 176.390625 177.899856567383 178.499084472656 179.012145996094 181.674575805664 183.04216003418 184.801193237305 186.376739501953 187.171798706055 189.323348999023 191.316131591797 191.916717529297 193.164596557617 196.034957885742 197.767715454102 201.626480102539 204.202545166016 206.471893310547 208.960006713867 211.608657836914 213.739868164062 215.706253051758 217.465805053711 220.019287109375 222.021636962891 224.501892089844 231.397964477539 235.324172973633 238.569198608398 241.659255981445 244.392791748047 247.514724731445 250.729949951172 252.29557800293 253.610107421875 251.498718261719 249.561569213867 248.619903564453 247.960906982422 247.571853637695 246.240158081055 246.022277832031 246.166595458984 246.43115234375 245.877822875977 244.088088989258
