rcp4.5models/MPi_ESM_LR/sc1gr0.36
NCOLS 261 
NROWS 433 
XLLCORNER 336357.134 
YLLCORNER 654653.479 
CELLSIZE 1000 
NODATA_value -3.4e+38 
[rows 352 to 373 of 433, columns 49 to 97 of 261]
49.4520378112793 49.5052604675293 49.6205368041992 49.926456451416 50.2048797607422 50.4461517333984 50.8507385253906 51.3653373718262 51.6018905639648 51.965145111084 52.3077239990234 52.4163513183594 52.7319869995117 53.1356544494629 53.4619598388672 53.801197052002 54.1207313537598 54.3970031738281 55.4531021118164 55.5500984191895 55.7755584716797 56.0957908630371 56.4440536499023 56.8320617675781 57.059268951416 57.799560546875 58.1755599975586 58.5590019226074 59.0928382873535 59.6086502075195 60.2352027893066 60.8925895690918 61.390510559082 61.8336334228516 62.0450897216797 62.1850166320801 62.2044906616211 62.4172248840332 62.7574691772461 63.0229606628418 63.5048713684082 63.7754745483398 64.145393371582 64.4721450805664 64.6672897338867 64.8789443969727 65.0154647827148 65.2200546264648 65.5682830810547
49.2888374328613 49.4389228820801 49.5950546264648 49.9348526000977 50.190845489502 50.3879241943359 50.694408416748 51.3490371704102 51.6611175537109 51.9295845031738 52.2347984313965 52.4602241516113 52.7935943603516 53.1665458679199 53.4758796691895 53.8178901672363 54.0577926635742 54.280460357666 55.0460052490234 55.2999458312988 55.6418533325195 55.9107093811035 56.370964050293 56.744457244873 56.8618545532227 57.2774505615234 57.7264022827148 57.9869575500488 58.3937797546387 59.6008644104004 60.1848526000977 60.6975364685059 61.0444869995117 61.4911079406738 61.8633346557617 62.0948715209961 62.2359733581543 62.3876113891602 62.5673789978027 62.8655738830566 63.4270896911621 63.716251373291 64.1034851074219 64.3323059082031 64.5807800292969 64.8673477172852 64.8254928588867 64.8342132568359 65.1464996337891
49.1224632263184 49.2697372436523 49.4944114685059 49.8358383178711 50.1229438781738 50.4231834411621 50.6921730041504 51.2143707275391 51.5412483215332 51.7592506408691 52.0037727355957 52.4127578735352 52.7063293457031 52.9560432434082 53.3244209289551 53.6981391906738 54.016300201416 54.262149810791 54.9459266662598 55.257869720459 55.4166984558105 55.7213592529297 56.160758972168 56.7756233215332 57.1122779846191 57.2087516784668 57.392147064209 57.8534812927246 58.3375129699707 59.6870079040527 60.2816390991211 60.4821510314941 60.7897872924805 61.3028259277344 61.6620178222656 61.9938545227051 62.3403205871582 62.4686889648438 62.4349250793457 62.7477607727051 63.1126022338867 63.9411506652832 63.9245948791504 63.9885749816895 64.0806579589844 64.4392013549805 64.6536560058594 64.6197738647461 64.8578720092773
49.0312652587891 49.2039375305176 49.3866271972656 49.7051696777344 50.0701789855957 50.3278923034668 50.6048202514648 51.1234092712402 51.4371299743652 51.669994354248 51.8826217651367 52.325496673584 52.6593055725098 52.826301574707 53.1074180603027 53.5505485534668 53.9482650756836 54.163501739502 55.144603729248 55.2776832580566 55.2898864746094 55.6910400390625 55.9713249206543 56.6005744934082 57.0664558410645 57.0813293457031 57.1724395751953 57.6984939575195 58.0908050537109 59.0090408325195 59.9143714904785 60.0847702026367 60.1122703552246 60.7434616088867 61.1649513244629 61.8003921508789 62.3029899597168 62.4403839111328 62.4224853515625 62.5467109680176 62.9126052856445 64.1026077270508 64.0074157714844 63.7938270568848 63.8448448181152 64.1624221801758 64.5307235717773 64.5943069458008 64.7344284057617
49.0031433105469 49.1687850952148 49.4394378662109 49.7115325927734 49.9974632263184 50.3585395812988 50.7121124267578 51.0764389038086 51.4632415771484 51.7295455932617 51.9549522399902 52.1985511779785 52.585132598877 52.8906517028809 53.1289710998535 53.6446723937988 53.9715461730957 54.2253341674805 55.1405487060547 55.2220458984375 55.1989822387695 55.7469024658203 56.3491096496582 56.5750541687012 56.6693420410156 56.976978302002 57.1553802490234 57.3982620239258 57.7420349121094 58.6044692993164 59.4017639160156 60.0003814697266 60.2790946960449 60.7057266235352 61.0111541748047 61.4000396728516 61.8657150268555 62.2298965454102 62.421989440918 62.452262878418 62.6513824462891 63.597469329834 63.9953765869141 63.8160858154297 63.7786827087402 64.0534057617188 64.2316131591797 64.2694396972656 64.503532409668
48.9284439086914 49.144603729248 49.4838638305664 49.6978874206543 49.8528480529785 50.2173385620117 50.7123527526855 51.0261993408203 51.3381156921387 51.5917282104492 51.8274269104004 52.0531463623047 52.5093002319336 53.2364349365234 53.3972549438477 53.5861167907715 54.1044082641602 54.3234634399414 54.9381370544434 55.1327629089355 55.2777557373047 55.6183624267578 56.7046165466309 56.8476486206055 56.6208457946777 57.4106712341309 57.5207748413086 57.2810668945312 57.579761505127 58.3199119567871 59.2338905334473 60.2192344665527 60.7202682495117 60.9177207946777 60.9881401062012 61.2368812561035 61.5956878662109 61.9288635253906 62.1994094848633 62.3222427368164 62.4328804016113 63.0719833374023 63.7111206054688 63.9116363525391 63.6585731506348 63.8279647827148 64.0217361450195 63.9530372619629 64.1919174194336
48.8659477233887 49.1424026489258 49.4650764465332 49.7640762329102 49.8613471984863 50.0717811584473 50.475227355957 50.9999389648438 51.2813301086426 51.4057655334473 51.6185340881348 52.2413787841797 52.6710968017578 53.0463218688965 53.7341041564941 54.0520401000977 54.3945426940918 54.5984802246094 54.8894386291504 54.8083305358887 55.3925323486328 55.6061897277832 56.6002807617188 56.7792167663574 56.6621780395508 57.4266204833984 57.3367691040039 57.1842384338379 57.4947280883789 58.0234985351562 58.6833724975586 59.9259490966797 60.7050247192383 60.7832221984863 60.8930053710938 61.2096328735352 61.516487121582 61.8096237182617 62.1257781982422 62.2637634277344 62.3652114868164 62.7737693786621 63.3736457824707 64.0002822875977 63.8231391906738 63.6250381469727 63.779224395752 63.8109359741211 63.9049377441406
48.8089904785156 49.1839332580566 49.3876609802246 49.6447677612305 49.8715286254883 49.9965858459473 50.4834289550781 50.9860458374023 51.1918144226074 51.3838577270508 51.5344467163086 52.4085235595703 53.2865524291992 52.9985160827637 53.7330932617188 54.5650634765625 54.7151870727539 54.8237380981445 54.4288635253906 54.4481048583984 54.9977073669434 55.3534317016602 55.864933013916 56.1604690551758 56.369010925293 57.2152633666992 57.6857261657715 57.4235153198242 57.3316841125488 57.8568077087402 58.0992851257324 59.2667503356934 60.4255676269531 60.6682243347168 60.8613777160645 61.1128349304199 61.3224868774414 61.7059631347656 62.1258888244629 62.2102508544922 62.3053970336914 62.6732788085938 62.9125518798828 63.3902778625488 63.5698051452637 63.6189880371094 63.6111717224121 63.6428451538086 63.8128356933594
48.6357078552246 48.9069023132324 49.1701736450195 49.5303573608398 49.869701385498 50.0431900024414 50.4101142883301 50.6752891540527 51.0085029602051 51.5566062927246 52.1815757751465 52.6461639404297 53.0155601501465 53.3257522583008 53.6593132019043 54.3167533874512 54.6276168823242 54.5116577148438 55.1658821105957 54.7805061340332 54.8239212036133 55.0713844299316 55.7837562561035 56.0189170837402 56.6862030029297 57.2959938049316 57.4189910888672 57.5126266479492 57.3577041625977 57.6382217407227 57.9178733825684 58.5197296142578 59.4104537963867 59.9588623046875 60.2092399597168 60.6182746887207 61.0462951660156 61.2277603149414 61.5118560791016 61.9350509643555 62.0523414611816 62.3681449890137 62.3432884216309 62.5805473327637 62.7902412414551 63.0055313110352 63.2698631286621 63.4471664428711 63.5348968505859
48.5720901489258 48.8341979980469 49.1504707336426 49.4142570495605 49.7390213012695 49.993709564209 50.3155364990234 50.4979286193848 50.7544479370117 51.282413482666 52.0856781005859 52.5068588256836 52.8160285949707 53.0559616088867 53.6041069030762 53.6444625854492 53.8596801757812 54.5663719177246 54.8784141540527 54.7774314880371 54.7359428405762 54.9376678466797 55.5490036010742 55.7572288513184 56.2846794128418 56.7548980712891 57.1854400634766 57.6260452270508 57.2554512023926 57.451488494873 57.6815795898438 58.0665893554688 58.6718711853027 59.4674835205078 60.0377426147461 60.3421821594238 60.8508338928223 61.1569061279297 61.4376602172852 61.858211517334 62.0494499206543 62.1710357666016 62.3089828491211 62.3953323364258 62.6273612976074 62.8115043640137 62.9243049621582 63.1192893981934 63.4299240112305
48.6061935424805 48.7424774169922 49.0073928833008 49.2543983459473 49.6377563476562 49.8750953674316 50.1056976318359 50.4137878417969 50.7177619934082 51.2078514099121 51.8598327636719 52.2398567199707 52.8647193908691 53.156681060791 53.5408401489258 53.3206443786621 53.4597663879395 54.0579452514648 54.1133270263672 54.3161926269531 54.5106506347656 54.682373046875 54.9847869873047 55.4527893066406 55.7443695068359 56.2915229797363 57.088981628418 57.3196144104004 57.1818923950195 57.1745376586914 57.5929718017578 57.8292999267578 58.0431861877441 58.9449310302734 59.879695892334 60.3035545349121 60.690299987793 61.005672454834 61.3376655578613 61.7085151672363 61.9302520751953 61.9454078674316 62.2153854370117 62.2668685913086 62.4841575622559 62.7377014160156 62.8240509033203 62.7877349853516 62.8649864196777
-3.4e+38 48.6811981201172 48.8544044494629 49.1011161804199 49.3901557922363 49.7249794006348 49.9613914489746 50.3437690734863 50.7253456115723 51.2228660583496 51.5689659118652 52.0092315673828 52.8281288146973 53.3886032104492 53.5155334472656 53.4443016052246 53.4260520935059 53.6880493164062 53.8087120056152 53.9005355834961 54.2185287475586 54.4141693115234 55.0351028442383 55.6360931396484 55.6357040405273 56.1588478088379 57.0447196960449 56.9170303344727 56.7676887512207 56.8206100463867 57.3857727050781 57.8545875549316 57.8960075378418 58.1476936340332 58.8872871398926 59.7270088195801 60.3810081481934 60.8162078857422 61.0497283935547 61.3400421142578 61.5670051574707 61.774829864502 61.9188919067383 62.0252304077148 62.1505241394043 62.5334243774414 62.8724632263184 62.7344169616699 62.541805267334
-3.4e+38 48.5891456604004 48.725959777832 49.0157432556152 49.2604637145996 49.5725975036621 49.762523651123 50.268367767334 50.5740280151367 51.1237716674805 51.4413757324219 52.0792999267578 52.5410385131836 53.005786895752 52.9707489013672 53.2275123596191 53.108455657959 53.445873260498 53.7301826477051 53.8282241821289 54.1525764465332 54.2745513916016 54.8179397583008 55.5577964782715 55.8217811584473 56.2380065917969 56.874584197998 56.5512924194336 56.2896919250488 56.8288764953613 56.9378280639648 57.5257835388184 57.7796859741211 57.6924438476562 58.5356674194336 59.2941284179688 59.7794609069824 60.3471794128418 60.6830825805664 60.9844055175781 61.2967948913574 61.6122398376465 61.6348457336426 61.7328186035156 61.8055572509766 62.1346626281738 62.5159454345703 62.6037826538086 62.5225601196289
-3.4e+38 48.4822425842285 48.6067695617676 48.9563026428223 49.2236022949219 49.4750747680664 49.6284103393555 50.2182426452637 50.5769805908203 50.8996696472168 51.2764167785645 52.084529876709 52.385929107666 52.2574615478516 52.0764427185059 52.4434967041016 52.6983184814453 53.1526870727539 53.3201370239258 53.6308441162109 53.9771270751953 54.4322891235352 54.6058959960938 54.8384704589844 55.2100257873535 56.1823348999023 56.7574348449707 56.4024353027344 56.1420936584473 57.1383590698242 56.9929466247559 57.1223678588867 57.6332893371582 57.7433242797852 58.4279861450195 59.1857795715332 59.5954132080078 59.9360618591309 60.3381729125977 60.7153549194336 60.9439125061035 61.2716903686523 61.4238471984863 61.5480842590332 61.6617736816406 61.7924995422363 61.9491424560547 62.2568321228027 62.3504028320312
-3.4e+38 -3.4e+38 48.5884475708008 48.8108329772949 49.1123352050781 49.4240379333496 49.5580787658691 50.1743698120117 50.4356842041016 50.6982650756836 50.931640625 51.3772621154785 51.8877029418945 51.9685134887695 51.7950019836426 51.9703140258789 52.3828468322754 52.7418403625488 53.1397132873535 53.5426940917969 53.7606353759766 54.2446022033691 54.3927459716797 54.4582633972168 54.9218292236328 55.6381988525391 56.189037322998 56.1965522766113 56.056827545166 56.6925735473633 56.7978096008301 56.900562286377 57.4171981811523 57.808521270752 58.0307884216309 58.9408874511719 59.7179412841797 59.6744918823242 60.126708984375 60.760425567627 60.843334197998 61.0775299072266 61.3403930664062 61.3270797729492 61.4135475158691 61.4230461120605 61.514705657959 61.8164253234863 61.9462394714355
-3.4e+38 -3.4e+38 48.5729293823242 48.7581939697266 49.1187934875488 49.3694801330566 49.4035911560059 50.0127983093262 50.2378349304199 50.452995300293 50.7139854431152 50.9447288513184 51.3657875061035 51.6034317016602 51.6293907165527 51.7898101806641 52.1816444396973 52.5030632019043 53.1861267089844 53.7735748291016 53.8633766174316 54.0860176086426 54.4792137145996 54.4622993469238 55.2178268432617 55.5887756347656 55.8948593139648 56.2188720703125 55.9858589172363 55.9917373657227 56.2277145385742 56.5706558227539 56.9773712158203 57.4322700500488 57.839412689209 58.5183906555176 59.4197769165039 59.7621192932129 60.0659942626953 60.6506271362305 60.9596176147461 61.0374641418457 61.3007850646973 61.1419067382812 61.142391204834 61.2306251525879 61.3505859375 61.5220336914062 61.6560287475586
-3.4e+38 -3.4e+38 48.544605255127 48.7389221191406 49.017261505127 49.0959777832031 49.2041320800781 49.8349189758301 50.0436401367188 50.1530494689941 50.5445327758789 50.8777465820312 51.0354156494141 51.2542457580566 51.4311218261719 51.6714630126953 51.9505958557129 52.1829490661621 53.18359375 53.9385261535645 54.0646324157715 54.3242683410645 54.7644844055176 54.4599189758301 54.9314231872559 55.5841674804688 55.7941818237305 56.1740303039551 56.0977210998535 55.8519630432129 56.0465240478516 56.3005790710449 56.5622520446777 57.1135902404785 58.0780067443848 58.6922378540039 59.2799301147461 59.6979789733887 59.873950958252 60.2258453369141 60.8686752319336 60.9162178039551 61.0771179199219 61.032543182373 61.1280746459961 61.2214279174805 61.2019729614258 61.2591972351074 61.5278663635254
-3.4e+38 -3.4e+38 48.2507362365723 48.6106109619141 48.731143951416 48.8383979797363 49.0515213012695 49.580638885498 49.8480758666992 50.0863609313965 50.3752822875977 51.075626373291 51.0645523071289 51.0439224243164 51.2301559448242 51.6559066772461 51.9315490722656 52.052433013916 52.9591941833496 53.9093627929688 54.2560615539551 54.4160614013672 54.6690826416016 54.5809860229492 54.7024002075195 55.4166831970215 55.6813507080078 55.9585189819336 56.4134101867676 55.8467788696289 55.9189300537109 56.1238632202148 56.2608337402344 56.9335556030273 57.9705772399902 58.6197090148926 58.967227935791 59.1461563110352 59.6390953063965 59.942626953125 60.286304473877 60.8563346862793 60.8082885742188 60.9041938781738 61.0867576599121 61.2130661010742 61.2589530944824 61.1751899719238 61.2303771972656
-3.4e+38 -3.4e+38 48.1781425476074 48.3278656005859 48.454906463623 48.6457977294922 48.8549957275391 49.3891906738281 49.7053108215332 49.9923553466797 50.2063751220703 50.7393760681152 50.8642082214355 50.8442649841309 51.035041809082 51.4353675842285 51.8724746704102 52.1064414978027 52.4589195251465 53.2699966430664 54.0807304382324 54.4062614440918 54.261962890625 54.2200660705566 54.484001159668 55.0240440368652 55.059211730957 55.5438346862793 56.6450309753418 56.0755043029785 55.624927520752 55.9012298583984 55.9771690368652 56.7040596008301 57.6889953613281 58.0825538635254 58.5277786254883 58.913257598877 59.3149147033691 59.6138534545898 59.7496528625488 60.4400062561035 60.6486968994141 61.0503349304199 61.1245574951172 61.1633224487305 61.4517097473145 61.1634635925293 60.8703575134277
-3.4e+38 -3.4e+38 47.9351387023926 48.0410690307617 48.1712837219238 48.3930511474609 48.5992012023926 49.0867347717285 49.283447265625 49.5714302062988 49.7610092163086 50.039306640625 50.367603302002 50.6278533935547 50.7179527282715 50.9558486938477 51.0853729248047 51.4614944458008 51.8732261657715 52.3191261291504 52.6812629699707 53.1235198974609 53.5201759338379 54.1792793273926 54.512378692627 54.0266456604004 53.7502365112305 54.6464920043945 55.7987480163574 56.3677368164062 55.4915313720703 55.4777908325195 55.6766891479492 55.8681182861328 56.5733947753906 57.1552581787109 57.6580810546875 58.0723266601562 58.2937889099121 58.705192565918 59.0522727966309 59.9249610900879 60.8674697875977 61.0634841918945 61.0901489257812 61.2093925476074 60.7771987915039 61.0207595825195 61.4826393127441
-3.4e+38 47.5684432983398 47.6985282897949 47.8595237731934 48.0675888061523 48.3348121643066 48.5790634155273 48.9839210510254 49.2338523864746 49.5273246765137 49.6528739929199 49.8530921936035 50.1252403259277 50.3165855407715 50.5087966918945 50.7364501953125 50.824405670166 51.0602645874023 52.0170249938965 52.2725257873535 52.3120880126953 52.6063537597656 53.3688087463379 53.925910949707 53.8386306762695 53.5523872375488 53.5224761962891 54.4428176879883 55.5111503601074 56.8240699768066 56.2028312683105 55.6537971496582 55.5471305847168 55.8137474060059 56.2068138122559 56.5967445373535 57.1844902038574 57.6908645629883 57.818042755127 57.856330871582 58.1622123718262 59.5430297851562 60.225959777832 60.6525611877441 60.665599822998 61.0929107666016 60.9117774963379 60.5806465148926 60.9406890869141
-3.4e+38 47.2756958007812 47.4622917175293 47.8170127868652 48.0525093078613 48.2111358642578 48.3812675476074 48.7555923461914 49.0730781555176 49.4151229858398 49.3924713134766 49.4765357971191 49.8339614868164 49.960147857666 50.2135353088379 50.5820579528809 50.9703941345215 50.9340476989746 51.9709663391113 52.5785980224609 52.8911819458008 52.8394241333008 53.030086517334 53.3951377868652 53.1759719848633 53.1307029724121 53.3720512390137 54.0070304870605 55.3214874267578 56.8672256469727 56.7916069030762 55.7507743835449 55.020637512207 55.134822845459 55.7477035522461 56.3961791992188 56.7538528442383 57.0854225158691 57.1777191162109 57.3088912963867 57.6869888305664 59.2938385009766 59.5329399108887 60.0840530395508 60.3989639282227 60.7211608886719 61.3434791564941 61.1667861938477 60.7002792358398
