rcp4.5models/MPi_ESM_LR/sc1gr2.1
NCOLS 261 
NROWS 433 
XLLCORNER 336357.134 
YLLCORNER 654653.479 
CELLSIZE 1000 
NODATA_value -9999 
[rows 308 to 329 of 433, columns 100 to 149 of 261]
273.782936270688 273.49040735882 271.65683673004 270.735001216523 270.987160653287 269.323055109189 266.998087103927 270.727174865231 276.003524397415 279.436621396603 281.570796394782 284.271530703799 284.034164505396 281.032991930762 280.258623200192 276.503625623299 269.74612347634 267.861091999354 268.320597655654 269.437657562728 269.869355475005 271.38891543221 272.80321789944 273.798787124922 273.539076531227 276.62849003292 277.045958171298 272.559289671315 269.240117553354 267.715382455517 263.28657427264 255.591097080338 249.571712070093 243.601450615456 237.664773114567 242.36341085332 252.099871513159 256.924147435338 260.210374774898 258.305958735987 249.363052282197 244.737333243368 243.950449158896 242.183191136393 242.11054947626 242.031078970437 239.127385656244 243.308710467698 244.344840662236 250.256246083572
276.328728677694 275.597959645727 267.799976390204 266.052246103904 269.524669514836 273.721783992553 273.111186195327 274.228981041679 280.186264042039 284.451603538629 285.499816207311 285.92939537949 282.621468210389 278.510186287105 277.067595325853 274.747633298634 266.83444034739 264.458478572106 263.995133776975 262.372784309003 261.205108977281 259.899198627516 260.813165194248 263.551508888154 272.883011643034 273.664526559586 267.643482245329 259.834511900656 254.35895561501 257.859505241432 259.520226603078 253.277381058217 246.907878738695 242.312288191264 238.838328248764 239.423612125897 246.559075958415 250.722511287344 255.62474318983 256.483823174583 248.548865088911 242.071380063159 238.819521288754 239.230734540244 240.704830375192 240.781508016502 235.510154520705 241.155734653939 246.389679221123 251.624072578215
284.046699554959 281.941542593596 271.036957812673 264.217640679499 264.229543620085 273.169907577515 275.090524464418 275.400079791378 282.334915713752 285.017540717455 284.512268953652 284.499387144415 280.796808956817 275.123177723172 271.845576008966 272.921195105397 270.47794764734 268.657387671542 265.161892339611 259.285535716222 255.671928685006 253.376222315747 254.476547257888 258.91358153994 273.910105047921 270.639213839224 259.787883009122 251.229970377302 245.831456091896 248.227056405289 251.711941320817 249.319341357412 244.678202572457 238.848029103394 234.42647739332 236.879973887115 239.520375403961 242.904287977768 248.806169524581 254.955885175238 250.416778838761 240.840672581862 235.334556222957 238.061224425274 239.922910383152 238.921620402637 239.787374420789 244.110748599478 249.024103958355 251.62828885622
295.742707744636 289.167484423297 277.45528871713 264.974890412894 263.305783006563 273.228094666452 278.592219584924 279.493812565674 284.031715678027 284.974347046725 283.699596404614 282.803737096524 280.968353746114 276.14459753192 270.134122190919 269.190697300932 271.185415190432 270.930864602074 266.787230031249 259.100443285401 252.076390887314 250.779551688243 257.699587096267 266.579551971782 272.118925245821 270.25907558839 262.22038730653 253.766924865473 247.784652796403 244.877290728046 244.75850129182 245.555744718774 245.1969882125 240.329040148923 233.282288405685 225.918923938543 228.972642466268 234.966629931128 244.325783806737 249.306262278718 245.482641451996 236.150882990632 230.751937787844 234.251989216367 237.158131168743 238.250926561502 244.127582634941 246.943391983025 249.26750208868 251.59100575396
301.947342380677 293.029486812897 279.653190208107 265.939932020151 267.480677667912 276.591275195963 281.490997793858 283.836886650006 284.432919546045 283.58408531713 281.82639217636 280.418530349605 279.485677025116 275.484207629132 270.074618272847 266.060085268072 266.91608710006 267.140754549868 266.203017203223 260.658429079775 253.849998456961 254.171267458616 263.055099972517 271.887238680897 266.171417330013 266.196410362961 264.270661920246 259.378481293193 253.085182722365 248.421530766116 245.776377296122 244.680732107794 243.636607105052 241.768365368376 237.715433591006 217.338775132625 218.462786106911 228.162116455693 237.834469604965 235.711181639527 232.115845094547 227.264418283452 226.571830148216 230.230314961155 234.808716279844 240.280244381125 246.21469265238 248.469063040507 249.479442874468 251.310271407939
304.09352588632 293.494604243771 291.613729141265 284.587325747985 284.759711016222 287.991886647452 284.261533152725 282.224405122541 279.927496878992 275.682040061643 274.390260025635 277.297189611883 273.855896513772 267.069589707385 264.295545447652 262.579152048265 260.656148188185 258.373315930154 258.199419247539 258.481861483292 254.57409842916 256.416884525637 266.009385922512 269.689551204595 260.263727741723 253.330325519608 254.725443348539 253.280723481117 253.292104626429 252.631666123814 249.966837200248 246.643015283744 242.189179996225 239.202647405329 237.181400467769 224.310109281004 215.652916721391 208.881528948439 205.559027513057 206.294955059138 215.402246508441 226.2350525898 230.227499871284 231.998844656766 233.496245642847 235.052837058478 244.4539348893 246.584385452094 248.214034790882 248.700507925637
306.434752620763 301.3915493173 300.635253794243 297.139998003616 295.519794536308 296.327712048721 291.807399649465 283.59918795286 278.547829028038 273.016925254992 271.11018793791 275.016966933554 273.810105565611 265.701086126126 262.57441999563 260.023122060409 254.44845160202 250.834648675839 252.296428079833 254.838148200153 253.214904144865 253.987738190516 262.025858587898 267.490314995487 258.44740059509 252.468192619257 248.151476475454 245.016983697834 246.935885357884 247.464452112959 245.399884949014 244.803693419982 242.55368415213 239.50924855951 233.967396643295 225.880361042926 224.452667173725 217.96700671869 212.801206485883 210.255721294287 217.415805857821 227.615700075675 231.784001470521 232.215716540614 231.410630680675 230.867112342599 239.906358707234 241.837914509397 245.333936667779 247.902406692315
305.985977699244 298.986932796203 303.93442916936 302.733563445757 298.343947102625 298.983441468953 297.303605982235 287.573417176098 278.844217626794 272.262652638363 267.640428244994 269.938091590479 271.706195867231 266.123695674372 262.132516687947 256.781308442091 248.250380761557 245.582855149481 249.142261394914 253.267537499164 254.553420250661 255.872122463564 262.370774037205 266.382788748766 258.213853701215 252.265940386564 242.726571953263 238.43491370359 241.110730840432 239.665169728294 237.412858951623 238.857999822645 236.543247699722 235.586063328554 229.533249533252 226.256751079997 230.986770196908 229.693732001872 222.753606092906 218.220747205693 221.725678680266 228.92503181482 232.943911587482 232.03128467272 230.011797069947 230.393418992263 237.215644216355 238.98524840019 244.643177433943 249.595444269187
300.783094197837 288.787915514041 297.1501111934 302.938428332774 295.555163932332 294.897400687512 299.936696654015 290.696147351951 279.920435843586 273.270684573271 268.350650935269 266.123362274369 267.037961801096 264.832180362088 260.289887352566 253.044777701513 245.109850842429 243.91998211929 246.047307359283 250.981002970319 255.576751923528 260.177640175901 265.308177459939 264.257191441245 254.971606285627 252.707716264758 245.44589270086 238.728886733599 236.857377216134 232.713248010225 231.288434557404 232.820438241273 230.442883518092 229.71984708761 226.331809402884 226.800727435128 230.444086561097 235.290976960604 231.837501069757 229.888341390441 231.524151803185 233.881652784461 233.752071820609 230.389451186917 230.059557818707 234.723511666519 242.623112110034 242.764101630562 247.931620322259 251.762614194349
296.726702125075 285.705432284457 289.377794999121 300.853129968922 296.630172031476 289.691011964859 294.265450393202 294.276408017016 286.591051637804 276.980235556872 270.097817503153 266.411629017813 261.737368281738 262.215302241504 258.927253189276 252.299953625268 246.395629116082 244.08121012889 245.426141734412 250.703604894079 254.890540737576 259.532555722015 263.754843995825 263.343238819339 254.840317419223 254.485004537055 251.132754261132 246.728160860811 241.659520987655 233.685166052694 229.380932626535 231.561679141061 229.090466960582 224.861990921429 225.48403669818 229.314199494381 229.75403988688 235.854541019929 237.259062193706 237.177210954 237.160969872709 237.818365187662 236.460473806331 232.363869467326 232.021373213633 238.474224292289 250.068395283543 251.760315058494 253.895418143079 255.795973477037
294.734854300068 289.374307801105 291.878813843834 300.759635945016 298.401588732393 288.031453132622 286.071791660296 292.367177170067 290.109737092305 278.98614745382 268.931692440305 266.356064347567 260.149969661254 260.944115523265 259.441264160106 253.777352666707 249.272264430876 248.140728487158 248.497886037551 252.746498573262 256.209238921598 258.118807413855 260.526797843887 263.101962804514 258.140615992591 256.388219281788 254.664721166862 253.582793922866 249.910774210895 243.172183985168 237.808308381766 238.127629766673 234.979985891168 230.297947616473 230.935315249209 235.108341459138 233.464947263806 234.677295896864 237.291223993078 236.665577192139 235.890790187408 236.809443499733 237.463329756973 237.620092449105 238.443907618956 242.596164931431 253.515652064159 258.358779998553 259.389104485731 260.510247741507
292.843661701973 291.973261869803 289.844858138594 295.862411816281 297.682027668543 289.159396850184 281.394052580764 284.68561123231 286.799458529745 276.942191781275 266.903203098223 264.30819791296 263.698658317334 262.719696867437 259.442931652769 254.805288305169 251.514151959012 252.132629897988 252.230779796656 253.431941636338 255.797158373399 256.943962068262 258.104770481932 259.903804705728 259.129676149765 257.639116606164 256.196681648632 255.88187690478 254.426593579916 252.056095076076 249.874141806194 246.957434969317 243.499729399932 241.218289357258 239.848646229501 240.564668822677 238.013396504924 236.05370069341 237.18413726231 236.423523404673 235.798438016772 235.675259031553 235.54683404807 237.839691177524 242.510759421925 248.522463858338 255.67917570036 259.560747458849 261.854110467046 262.974246754398
294.104636116595 292.855386284206 285.135731512515 286.389496678171 294.714581032158 293.280857460858 282.377031824553 277.958290969599 280.541147424221 273.656009668959 263.481175094347 262.211189744373 265.264032919123 263.605775522429 259.041211986726 255.633745911333 253.468428724559 254.072136326555 255.104139369749 255.288415512274 255.479316342723 255.928444039228 257.069158829219 256.896830063576 256.76314225574 257.595029302275 257.532740263037 255.940203105939 254.57231810052 253.637767439226 253.87483130211 252.570751182234 249.88603989512 247.456020695661 245.598375316048 241.846064650538 237.033478562991 234.464845987184 236.061315121869 236.713638229383 237.537979417269 237.745146224911 236.378720089732 236.434706457556 240.466689400992 248.157436391011 258.351115234566 258.064353927488 260.530099564475 262.154111479883
297.138717278515 293.97190880257 285.07332087072 279.129040939878 287.630582344511 296.222088795785 288.186542428216 278.825215791626 277.607329888335 273.265100572178 263.400834666114 261.391511517769 262.242615986892 261.480575428137 259.573450846263 255.840910618137 254.323327924846 254.585586008384 256.028892852574 256.803015358537 256.650018741912 256.538659095384 256.388946703535 254.636350944942 254.923491044775 256.451221075849 257.518622140861 256.043255796939 255.178011566358 253.835586962026 252.392971956974 252.529173017312 253.107294691342 251.781330790613 248.463799492333 239.935328418582 234.428130115307 231.749951959272 234.968409562768 235.598383321115 237.396231546463 239.164511888084 239.390495680968 238.952963497227 240.992095706368 246.401149601178 259.207089735365 259.10761151951 260.403186604871 261.676486119071
297.412806387378 293.537549883147 284.914704323548 276.482212995385 281.907999975743 293.958005976398 292.259358816588 285.400239485573 279.267863130767 274.356575424607 268.59119575219 263.558819434443 259.419127975437 259.69188548906 260.616778617686 258.910594205728 255.95558362577 254.303122971932 255.756097828355 256.990935961911 257.03339736766 257.095723183393 254.875556830438 251.84464919249 253.457289716214 254.213981093919 254.663277715547 254.837457894389 255.715535098669 254.75014526796 251.963135195395 251.403228388632 252.739337329257 252.655085125487 249.822167702216 241.432580476832 236.707785250185 233.571866439898 234.933143490119 234.291655661169 235.44047857294 236.966480585542 236.246067666063 236.485682451501 242.176679224969 247.826050430429 257.486560081665 260.743886932215 261.863598703592 262.359451570275
297.144975119708 293.318268993568 286.117734320374 279.071016007458 280.910186448129 286.993817626422 289.52650570241 287.49345909802 280.206237119962 271.31498022544 269.082412834508 267.147490354682 258.10793785791 258.513913121124 259.274470455612 260.825690828197 258.927425120112 255.623027414116 255.42233966784 256.235177612557 256.389567464993 255.908161860927 254.519969303114 251.81719119414 250.939603418993 252.327089881864 253.220448473852 253.785770677004 254.32977121643 253.698221748065 252.254916197191 252.147940728468 251.707635485629 251.483505567937 250.630141589741 244.900804571288 239.797506729246 235.322049338251 233.320436611306 233.694695087914 235.134823341685 235.879855511246 232.661234124353 230.913373538897 240.430146097084 248.05082839569 256.538251488135 260.11006085977 261.842994445482 262.154885233887
297.492470634792 292.32744374038 288.390399029337 280.877773399681 277.935044944256 278.365148780758 280.691441432328 282.486728497892 278.155517921948 268.353252357735 264.714062357369 268.310456812951 259.042403354394 257.185038123944 256.553788570264 257.667668750161 258.714057259878 257.790350469163 256.036676089219 255.364072129688 255.48722550248 254.642013731882 252.908614003186 250.75535961159 251.443614307758 252.453034868397 253.691384626576 254.664441246143 254.931332353227 254.53552867065 253.193101208882 252.53543633068 251.609252486949 251.45950994115 251.182357203848 245.951061054956 242.604897984127 238.475138528847 234.961563053437 235.093567078695 235.589556071233 235.920334021005 235.191962396008 234.59703679314 240.940296610151 246.822006041521 255.597232250611 257.750706560411 260.180730904617 261.148823733364
300.79528871755 295.534845997973 289.59870120007 279.959236644976 273.335145042131 269.568765892384 265.095280396631 262.548534730637 265.879044127236 271.101284258372 267.292279079382 260.015453592355 261.969474734731 260.327540783586 257.44203825691 254.917344020771 255.112606207237 255.935956086799 256.27947304333 256.573860366613 254.881457515967 251.216787377591 250.499935644148 249.651985002069 244.708883041342 248.172711542089 248.75335012617 249.43022767509 251.498572687331 252.266471105724 252.73025899665 252.670956065021 252.832494873379 252.025674399773 250.998710636624 246.061303144671 244.033250380817 242.220187617827 240.151499897016 237.55231007952 237.150016444673 236.918733963915 236.82522484279 238.086810415346 242.907921422204 247.956327611003 251.655050263827 254.681740527466 258.673876663904 259.806047432707
297.620516011002 294.934115294902 289.70297509405 282.497617300213 274.643525000586 267.455832113778 263.420833966432 257.735800502989 258.179608536604 267.658891365162 269.705428251455 264.067863986305 257.07575689807 259.230947960681 260.241743559687 256.949903540505 254.445359326182 254.985892266012 255.754680595666 256.797490919461 256.640322098248 254.940504350529 253.87259473884 251.566511087919 242.602697992493 244.892941315109 246.551469503837 248.32128909253 251.821206269098 252.669806379573 252.625536437694 251.675045509077 250.519811823436 249.062566067065 247.415859383246 241.331278695302 241.396052816335 240.91631251208 239.159446540178 237.729497279378 237.829063504514 237.564394145674 237.03330158678 237.486944664177 240.58543715305 246.98397076123 255.947662277761 257.600475160741 259.471964534943 260.252962836776
296.982770925878 289.436695885437 283.749950933567 276.218558295503 268.890488426722 261.169780544719 259.22298288371 255.790046063091 253.98245812635 259.172138688802 265.224334458338 265.696903076845 255.028242941765 254.674199190359 259.384132637361 259.876519586321 257.412865345731 256.291021597033 256.192323170666 257.144458667911 257.639798968136 256.458316739525 255.007550530549 252.749249269406 246.061000268715 245.775940829022 247.912863402645 249.952670981744 253.15032675038 253.494123387423 253.155592850204 252.025761234745 250.604650986765 248.595472131268 245.455269097102 240.137591653072 237.621565322481 235.907068619656 234.873831974854 235.846897328901 236.0546295741 237.227772953836 237.203325881916 237.251274886501 238.354471014565 244.232257699038 256.372259301363 257.470880008038 258.593706343109 259.183745167764
293.261050354801 285.635144415391 280.785023395851 273.305149979686 264.503782758812 255.093437603089 254.754812967117 255.133679655968 251.989361937047 252.649351394959 258.83393540106 264.591380189896 257.830436224432 253.693910445188 254.634864376144 258.994527426932 -9999 260.990353157397 259.732115257192 258.676874685078 257.216302521972 256.108947325525 255.353984509514 253.398984502264 246.783976602168 246.731901197967 249.48649194089 251.020224448035 252.143405815603 252.712440552065 252.887068051542 252.256672094627 251.316114824067 249.999943540926 247.717594828966 243.986993378677 241.250674673043 238.620841891554 235.630549603007 234.95560931125 233.386606452823 235.153019289787 236.703482223518 236.545962247225 236.050208975435 240.594094468097 252.370903881924 254.457867955115 256.098993720676 257.276058298541
282.241749682588 278.683607463708 276.965475691592 273.321553085631 262.913514113113 250.775937581404 248.612732939927 251.251854720043 250.951043002379 251.735129697786 254.913175785506 259.908990634078 259.653321025525 256.198796729346 252.186474999996 253.674881834513 259.31970053289 -9999 -9999 260.857338706307 257.862511490721 254.966860156171 254.495665894733 253.674149821061 247.024489855279 242.569955311347 245.117894208931 249.662974966353 250.212961880595 249.921658066403 249.430122665262 249.71549301006 249.380726322852 249.580891379534 249.155944335466 248.346396599584 247.734379644419 245.079165007478 240.606120076962 236.338956807793 231.198958524419 230.482434293735 233.952414639964 236.050679334061 235.013697272519 236.410258503401 247.942672596613 252.64850004459 254.860100356516 255.63864174696
