rcp4.5models/MPi_ESM_LR/sc1gr7.34
NCOLS 261 
NROWS 433 
XLLCORNER 336357.134 
YLLCORNER 654653.479 
CELLSIZE 1000 
NODATA_value -3.4e+38 
[rows 308 to 329 of 433, columns 98 to 146 of 261]
70.4819412231445 69.8473129272461 69.5103912353516 65.2761917114258 66.4184036254883 65.1316070556641 63.9175262451172 65.472297668457 66.5908203125 63.3501663208008 64.5805435180664 69.3645935058594 71.6662979125977 76.4621658325195 75.3423614501953 68.5232009887695 65.3663711547852 57.6053009033203 50.0475616455078 52.5486526489258 52.6714935302734 54.4946556091309 55.5219879150391 56.837028503418 48.8367805480957 43.5752906799316 40.7525100708008 43.6837387084961 43.7513122558594 39.6959381103516 41.9752006530762 40.1559219360352 39.1854629516602 42.4370574951172 52.218334197998 61.1158447265625 55.6550102233887 50.893627166748 42.6452941894531 37.1206550598145 35.7750816345215 37.2420654296875 43.5458221435547 47.5773010253906 46.1545867919922 46.7896728515625 46.4659194946289 45.634334564209 43.4238967895508
68.9107131958008 67.9579544067383 72.5121231079102 70.4131011962891 68.8944625854492 71.3519287109375 66.7617568969727 63.0944671630859 62.6146697998047 62.3591918945312 71.2589340209961 80.5899658203125 81.1030197143555 80.7413864135742 73.1559448242188 62.738941192627 57.7997169494629 56.9567794799805 55.6337509155273 61.4759826660156 60.5489044189453 61.9046401977539 60.328369140625 57.5703506469727 51.4110450744629 47.0786628723145 39.9296188354492 45.2314376831055 44.4993209838867 47.3843002319336 57.2595405578613 50.9767227172852 41.639102935791 46.9839744567871 59.1515808105469 60.1792602539062 56.2764358520508 52.4120292663574 50.9225273132324 44.7457046508789 37.5058937072754 37.0401763916016 43.9346237182617 49.628360748291 48.1873588562012 47.5115432739258 46.828296661377 45.9070663452148 43.8344802856445
72.4313812255859 72.4521102905273 76.3893585205078 74.9235534667969 68.0722961425781 72.3559722900391 71.8376159667969 67.0740432739258 65.357551574707 66.328971862793 76.0661544799805 81.9296417236328 80.8321762084961 79.9191589355469 69.6897659301758 59.5444641113281 53.6861839294434 51.9904708862305 52.3763275146484 53.0229568481445 56.2688980102539 63.0679092407227 61.9928703308105 61.5678443908691 58.0901947021484 56.2845687866211 39.1788864135742 45.1828308105469 49.6204147338867 57.5554351806641 70.6919326782227 64.0692901611328 56.5246810913086 59.3214874267578 64.1259994506836 58.5428771972656 53.0953025817871 53.0825462341309 54.1579208374023 51.4706878662109 43.3333282470703 37.9445190429688 43.3196716308594 49.2601432800293 47.1753845214844 47.4109840393066 47.0013542175293 46.0072860717773 44.1063461303711
73.5925979614258 71.4779281616211 73.9053344726562 77.5090179443359 73.0597152709961 72.6870040893555 73.6887130737305 70.7508926391602 72.0070953369141 74.505241394043 80.9784545898438 82.7325668334961 80.2601623535156 76.7734832763672 70.712890625 62.2849655151367 57.2974586486816 57.0043716430664 52.0856399536133 48.4521560668945 55.0481948852539 62.7885589599609 64.9457855224609 66.5036010742188 55.7066688537598 47.995677947998 38.0630493164062 41.0489883422852 47.3952903747559 56.4906234741211 68.4688339233398 70.9576110839844 69.1442337036133 67.2836303710938 65.4524230957031 60.8154945373535 52.9937858581543 48.1876068115234 48.8252830505371 51.0917549133301 51.293327331543 46.2456321716309 47.0210418701172 47.9801025390625 45.492488861084 46.116828918457 46.4496574401855 46.1042251586914 43.7302436828613
67.4969177246094 63.5858039855957 69.0348052978516 79.2577896118164 78.3377227783203 74.6994018554688 74.553596496582 71.4344253540039 76.4508285522461 80.5366821289062 81.8384780883789 80.4680480957031 76.0735473632812 70.9641571044922 69.0860824584961 60.3457794189453 60.7144470214844 66.5799942016602 61.6792602539062 58.6887969970703 60.4656944274902 63.8797950744629 64.5978622436523 65.1120071411133 54.2161712646484 42.5309715270996 47.6623420715332 46.9538497924805 48.2714500427246 51.6649932861328 56.5566940307617 62.3783836364746 66.6265258789062 68.0031051635742 65.7588500976562 62.726692199707 57.0422134399414 44.8984375 44.8526344299316 48.061580657959 51.4443588256836 49.3222808837891 47.7591667175293 45.3321685791016 44.2108306884766 44.7237548828125 45.7890396118164 46.1012077331543 42.5710067749023
60.8522071838379 61.7306098937988 67.4127502441406 79.369026184082 77.8663940429688 77.2623901367188 79.3613815307617 79.9544448852539 77.6675872802734 78.3985595703125 73.0561904907227 66.049674987793 63.4556503295898 65.9632873535156 65.5457077026367 68.6444244384766 73.4633255004883 73.7570648193359 71.2146759033203 69.2353210449219 67.9145965576172 65.4298858642578 63.9980659484863 63.7736053466797 56.9447593688965 47.3359985351562 54.1858024597168 56.01904296875 54.777458190918 58.7608528137207 55.5856628417969 53.3763275146484 61.0350799560547 66.3813858032227 64.4257431030273 58.9736099243164 54.8910789489746 47.0506324768066 44.5003814697266 42.8710174560547 42.2134437561035 42.0485534667969 43.158863067627 44.8009605407715 45.3398818969727 45.3036155700684 45.4037666320801 45.4048881530762 44.2019653320312
60.3154220581055 60.0553894042969 63.5372734069824 69.715446472168 72.0049514770508 76.4776611328125 78.5051498413086 77.7483825683594 78.9889907836914 78.9992980957031 71.4817962646484 67.7141952514648 68.10546875 65.3618392944336 67.9313659667969 73.0403442382812 76.4797821044922 73.5576629638672 71.9622344970703 72.717887878418 68.7350463867188 65.4296646118164 66.168327331543 65.8398590087891 59.2961273193359 53.4466209411621 59.1643104553223 61.4330520629883 65.9246215820312 68.2748031616211 68.1264419555664 64.2244491577148 65.5327682495117 67.785041809082 64.9851531982422 59.4378471374512 52.7175941467285 47.4547004699707 46.6614379882812 44.6973571777344 43.3595886230469 42.6803703308105 43.5388717651367 45.1356925964355 45.7942390441895 45.4538497924805 44.8434562683105 44.1711540222168 44.6904411315918
67.052734375 65.6428909301758 64.7214813232422 72.0694732666016 67.907470703125 69.6081466674805 75.8287048339844 74.6456069946289 76.6762619018555 80.088249206543 72.6398773193359 72.8306427001953 77.5906524658203 72.6041107177734 67.6450347900391 74.3933029174805 77.3616561889648 74.8322143554688 75.7493591308594 78.1764831542969 73.1449127197266 67.2047348022461 66.1822967529297 65.9703750610352 60.3240127563477 56.6868629455566 57.3431167602539 63.5209083557129 70.6468048095703 63.5944366455078 66.5157089233398 63.6035499572754 60.05859375 60.7825736999512 57.4400978088379 55.0015640258789 50.2222671508789 47.6035385131836 48.5345497131348 47.5524635314941 45.2590866088867 43.9681053161621 44.3257598876953 45.4280242919922 46.1709213256836 45.5144844055176 44.4770812988281 44.1442070007324 44.9431648254395
74.2560958862305 74.8516082763672 72.0897827148438 81.8326644897461 72.8269271850586 69.1552963256836 76.2674865722656 76.1108856201172 73.4808883666992 78.9615020751953 75.5542297363281 70.8429336547852 77.8088226318359 81.0648574829102 75.6279983520508 78.3035278320312 76.6330947875977 75.3531265258789 78.5987930297852 79.079460144043 77.2275161743164 71.5737762451172 65.9840621948242 65.3463973999023 62.7505722045898 59.4319915771484 58.0936431884766 60.0602264404297 66.0780029296875 64.0760345458984 59.6958656311035 55.1850624084473 53.1320381164551 53.3858528137207 51.2005577087402 50.3597984313965 48.3913841247559 47.7342338562012 48.4151306152344 49.2232551574707 47.6937065124512 46.9111785888672 46.9396095275879 46.9774932861328 46.5419960021973 45.1034622192383 44.5506248474121 45.1160621643066 43.6822509765625
76.2200241088867 77.1508026123047 76.8207321166992 82.3121109008789 77.3766555786133 72.1936264038086 75.0899276733398 80.531135559082 77.1279144287109 78.9171142578125 80.5349197387695 74.7212448120117 73.8060684204102 80.9406814575195 80.1272506713867 80.1576843261719 75.7807464599609 73.4581909179688 77.5631561279297 78.8910751342773 76.8182144165039 71.2786865234375 66.3131790161133 65.6002044677734 64.3780899047852 62.3284683227539 58.2872352600098 56.6535034179688 59.7661514282227 63.9006462097168 63.0581855773926 58.4252738952637 51.7466735839844 52.183177947998 50.6239929199219 48.4975814819336 48.1385879516602 48.454158782959 48.0350799560547 49.2867126464844 49.162899017334 48.7808227539062 48.4130172729492 48.3290100097656 47.5456085205078 45.5942535400391 45.0150756835938 45.2646446228027 42.936939239502
76.8301467895508 78.4450378417969 78.51171875 81.1391830444336 78.1174926757812 72.8988265991211 75.2729873657227 81.8334503173828 82.3342819213867 82.4842758178711 83.522705078125 80.4888763427734 76.0876617431641 83.0304183959961 79.6452255249023 79.6690902709961 76.1685180664062 73.2827987670898 74.7841873168945 75.2819290161133 73.3108825683594 68.1477813720703 66.2713775634766 66.1976547241211 65.3405914306641 64.9278335571289 58.7502517700195 56.6738510131836 55.2420425415039 55.9302444458008 60.3211402893066 63.030574798584 62.3454208374023 61.1416893005371 57.1006278991699 52.4561920166016 50.3823776245117 50.6857147216797 49.3602485656738 48.965217590332 49.1208648681641 48.565486907959 48.0107917785645 47.967529296875 47.7504234313965 47.3148765563965 46.3316993713379 45.1213417053223 42.9732246398926
77.1607894897461 79.6166610717773 79.8501358032227 80.624137878418 81.9749755859375 76.7909164428711 76.2152252197266 79.8904190063477 79.2676467895508 81.8510360717773 84.7081680297852 80.7973709106445 82.1701736450195 86.2149047851562 83.1604690551758 81.0571517944336 76.7718811035156 72.7804107666016 72.151008605957 71.1112594604492 70.0323791503906 67.6781845092773 66.3230895996094 65.6385040283203 64.6819534301758 64.1677169799805 59.9035110473633 57.4579925537109 54.8412132263184 53.1174507141113 52.731029510498 55.880859375 60.4098510742188 62.5160598754883 64.6754379272461 62.2317161560059 59.2282180786133 56.775520324707 52.820671081543 49.9737434387207 49.4268417358398 48.4978828430176 48.0020866394043 47.4643287658691 46.9423065185547 47.4192161560059 46.0879592895508 43.2186889648438 41.9773941040039
75.5323638916016 76.8064727783203 78.5137481689453 80.1314697265625 82.5217056274414 80.9241485595703 79.5647125244141 79.1679153442383 77.2649230957031 73.7582778930664 77.6055068969727 80.1515197753906 85.2734832763672 85.2206649780273 86.0870208740234 82.9885482788086 77.0059204101562 72.0532302856445 70.5603561401367 69.889045715332 68.7423248291016 67.7751159667969 66.2377548217773 65.2195739746094 64.3595962524414 62.4166641235352 59.3260726928711 57.9136009216309 55.9032974243164 53.5420837402344 52.3506469726562 50.943790435791 49.3820648193359 51.3601570129395 56.4457969665527 59.7382392883301 62.5528030395508 59.676197052002 52.3420791625977 49.4679260253906 49.1650695800781 48.6695938110352 48.6840629577637 48.4003028869629 47.4662628173828 46.7072830200195 45.9424324035645 43.2190170288086 41.0684852600098
72.365348815918 73.3440856933594 75.9815521240234 79.8478622436523 79.8711853027344 76.0764999389648 77.3930358886719 77.9558792114258 79.6034393310547 75.7924041748047 72.2643432617188 76.0093841552734 81.0434646606445 83.7094573974609 84.2344970703125 81.8418807983398 78.5749206542969 72.1447372436523 70.4959869384766 69.5467147827148 69.1291046142578 68.5092468261719 67.0801239013672 66.009635925293 64.7567520141602 62.5814208984375 59.0559120178223 57.7309188842773 56.1721611022949 53.9837226867676 52.7511940002441 52.0076713562012 52.4452362060547 51.4490547180176 47.7819290161133 49.2937507629395 56.5036201477051 56.7567710876465 49.8975410461426 48.0224266052246 48.50830078125 48.3621635437012 48.5938491821289 49.0396766662598 48.7907028198242 47.6816329956055 47.173942565918 44.6011772155762 40.5933494567871
72.404296875 72.4525451660156 75.6023025512695 80.0295486450195 80.0867462158203 72.6236877441406 75.5859146118164 80.0662689208984 80.4215774536133 82.7009048461914 76.712776184082 71.6254730224609 77.8586578369141 86.3217697143555 79.7101593017578 79.2962951660156 80.8998489379883 77.0022201538086 72.0209121704102 69.4544830322266 69.3149871826172 69.02685546875 67.652099609375 66.4487075805664 65.1717300415039 64.5775833129883 59.9732666015625 58.1834373474121 56.8612060546875 55.1130332946777 52.6902694702148 51.6023712158203 52.9164276123047 52.7575836181641 48.3976898193359 46.3218994140625 51.6324043273926 58.3161315917969 52.0743255615234 48.500919342041 48.3965301513672 47.8262634277344 47.6605758666992 47.9760894775391 47.5927429199219 47.0836982727051 47.0264320373535 44.0890808105469 41.233715057373
77.0690155029297 75.6860198974609 75.7362442016602 79.6377868652344 79.5385513305664 75.4115600585938 77.5293884277344 82.2568359375 85.1428298950195 87.1358337402344 80.5764541625977 74.6377334594727 79.8447952270508 83.9339828491211 76.8258438110352 76.7126770019531 77.9376449584961 80.2938690185547 76.6244506835938 70.3852691650391 69.1060256958008 68.5501251220703 67.4369049072266 65.9417343139648 64.8482437133789 65.4787673950195 63.1495170593262 59.6198348999023 57.6948699951172 55.5807456970215 53.0618209838867 51.7263870239258 51.0315856933594 49.8775787353516 49.6011047363281 48.1589698791504 48.9456253051758 58.4296951293945 55.7347450256348 49.7061004638672 47.9092330932617 47.6152000427246 47.5591583251953 47.3001670837402 46.2192077636719 45.4681015014648 46.4161834716797 44.2328720092773 41.4940719604492
77.1698913574219 76.5026092529297 75.3496932983398 79.8914260864258 80.5962829589844 77.9422149658203 73.6523742675781 76.3149719238281 80.906379699707 80.9126968383789 75.7451171875 77.4148483276367 84.4760208129883 82.9221954345703 79.6798934936523 74.9265060424805 73.3503494262695 75.0102767944336 75.7785263061523 72.3727493286133 69.6175537109375 67.9500732421875 66.9864959716797 65.4807662963867 64.9325332641602 66.4155197143555 62.7026596069336 59.462646484375 57.1053428649902 54.9635276794434 53.1276931762695 51.7527847290039 50.4500999450684 49.2324752807617 49.4681701660156 48.2029190063477 47.2763557434082 59.0554504394531 58.5580215454102 52.7111968994141 48.7903480529785 47.9929695129395 47.6655616760254 47.2104072570801 46.9133453369141 46.6625556945801 46.9486885070801 44.3129615783691 41.7247161865234
72.0188293457031 71.2720947265625 71.166877746582 76.4980926513672 77.8738861083984 79.4739456176758 80.0344772338867 80.5260696411133 85.4678344726562 81.1500549316406 76.364990234375 77.3373260498047 79.0308456420898 81.7672424316406 79.4917297363281 81.6181259155273 75.6340637207031 70.9814910888672 70.4603652954102 69.9705200195312 69.3097610473633 68.5464706420898 67.7582244873047 67.482666015625 66.6349639892578 66.5788192749023 64.8440399169922 66.46484375 63.799934387207 61.0706977844238 55.1712188720703 52.5760955810547 50.579029083252 49.2295112609863 47.5680351257324 47.1695098876953 47.0521583557129 56.2667274475098 58.3994102478027 55.4226417541504 53.0167770385742 49.6893768310547 48.5731811523438 47.7964630126953 47.2607498168945 47.239917755127 46.1163444519043 42.8838729858398 41.4912147521973
73.1503295898438 72.274284362793 73.4392318725586 76.681037902832 79.1871719360352 76.9459075927734 75.7995071411133 80.5882949829102 83.8397598266602 79.8366165161133 80.0653762817383 83.0761566162109 78.1438751220703 80.5420379638672 76.5579986572266 82.3811569213867 83.4166946411133 75.8939514160156 69.8186340332031 69.2331314086914 68.8458938598633 68.5031433105469 67.5735321044922 65.6564636230469 64.1188583374023 64.7378158569336 67.6234741210938 69.9142608642578 68.409065246582 63.9397430419922 54.6251678466797 52.4576034545898 50.5638160705566 49.852294921875 50.0594596862793 52.6274604797363 55.5213165283203 56.9692573547363 54.8990821838379 53.5900344848633 51.9614944458008 49.8015365600586 49.0612564086914 48.1630630493164 47.3723754882812 47.0202751159668 46.423755645752 43.7063865661621 41.5236434936523
74.249137878418 72.1051483154297 73.7403869628906 80.4876556396484 77.6691513061523 71.7270431518555 76.6772613525391 83.7001647949219 81.0965576171875 76.2649002075195 76.0315704345703 79.3747024536133 79.5634689331055 81.8269805908203 73.4540939331055 74.1047897338867 81.215217590332 81.4856109619141 75.2734451293945 70.8146133422852 68.8847045898438 69.2008056640625 68.7566299438477 66.4770126342773 64.5423202514648 63.2147483825684 67.890380859375 66.4651412963867 63.3400382995605 59.7782440185547 53.3548965454102 51.6188774108887 50.1566696166992 49.5272941589355 50.0369415283203 53.0790367126465 58.6777305603027 55.3980255126953 51.472770690918 50.10595703125 48.9156913757324 48.7350082397461 48.3930587768555 48.0712547302246 47.4713897705078 46.7808265686035 46.3640747070312 44.4158897399902 41.4256324768066
75.6208877563477 74.9168243408203 74.6262741088867 80.4892272949219 75.1288146972656 71.5648727416992 75.9585723876953 76.5148086547852 75.6674041748047 73.8256454467773 72.0317459106445 73.2470016479492 80.6217880249023 86.2489547729492 78.3787536621094 70.6415786743164 72.0033569335938 77.6525039672852 -3.4e+38 79.3476867675781 75.125244140625 71.1831741333008 68.1454696655273 66.1300811767578 64.5340423583984 62.3776550292969 65.7981033325195 64.9104919433594 58.564338684082 55.6017532348633 53.2567329406738 51.4497337341309 49.957447052002 48.9817657470703 48.095043182373 48.2596702575684 52.0132751464844 55.4300231933594 53.5566329956055 51.4085350036621 49.2705917358398 48.2332801818848 47.2339401245117 47.3681106567383 47.289176940918 46.5762634277344 46.0575180053711 44.8877639770508 41.4930839538574
73.9997406005859 72.39990234375 71.2200164794922 73.2537002563477 71.3949813842773 71.5091323852539 74.305419921875 72.192756652832 72.5770416259766 72.6476821899414 71.2570648193359 71.0400924682617 74.529655456543 80.0855102539062 80.0655822753906 73.5155029296875 69.0625076293945 70.5877456665039 78.4058380126953 -3.4e+38 -3.4e+38 75.9427032470703 69.6580505371094 65.1962280273438 63.7452583312988 61.9270515441895 63.8598594665527 64.8864898681641 58.8031272888184 56.1716651916504 53.9851722717285 54.3296356201172 54.8371429443359 53.6494827270508 52.1036109924316 48.1933898925781 47.7826614379883 48.4058265686035 48.6953659057617 49.988353729248 51.4995727539062 49.1901435852051 46.7303504943848 46.2751045227051 46.5656890869141 46.5083961486816 45.9040794372559 45.5485916137695 42.1837921142578
