rcp4.5models/MPi_ESM_LR/sc1gr5.30
NCOLS 261 
NROWS 433 
XLLCORNER 336357.134 
YLLCORNER 654653.479 
CELLSIZE 1000 
NODATA_value -3.4e+38 
[rows 286 to 307 of 433, columns 98 to 146 of 261]
271.919403076172 271.599334716797 270.570739746094 271.798492431641 271.8828125 271.547882080078 270.524353027344 270.225555419922 271.373870849609 268.768188476562 263.9267578125 258.649688720703 252.013031005859 249.523696899414 253.745254516602 253.30158996582 254.299194335938 254.366119384766 254.378280639648 255.341079711914 256.482391357422 253.522705078125 245.749435424805 239.615783691406 233.207382202148 230.696212768555 244.676559448242 247.974487304688 249.616271972656 250.3525390625 253.231781005859 254.653915405273 252.476821899414 252.388946533203 251.71321105957 253.233428955078 257.551055908203 -3.4e+38 -3.4e+38 254.1083984375 254.900863647461 -3.4e+38 -3.4e+38 255.457962036133 251.024597167969 242.385620117188 234.985809326172 233.9326171875 234.843856811523
266.742218017578 267.321258544922 267.953918457031 271.0888671875 271.583984375 271.263458251953 271.314453125 271.363555908203 270.213531494141 269.786346435547 269.530059814453 265.368927001953 256.824951171875 250.681549072266 252.487197875977 251.866424560547 253.134689331055 253.268920898438 253.26448059082 253.719177246094 255.43034362793 252.702911376953 243.236755371094 233.888336181641 227.234924316406 226.082916259766 239.697555541992 240.878845214844 241.148315429688 244.704956054688 249.992111206055 251.678375244141 251.812042236328 253.548110961914 255.174255371094 255.872177124023 256.586700439453 257.476135253906 256.845031738281 -3.4e+38 251.704116821289 256.069213867188 257.938018798828 253.760269165039 249.727569580078 243.978576660156 241.908325195312 240.493316650391 235.629837036133
265.86572265625 265.811126708984 266.400177001953 270.735870361328 271.636566162109 271.389831542969 271.332214355469 271.183441162109 269.680847167969 269.444000244141 270.273071289062 268.57080078125 263.511657714844 255.820037841797 252.593170166016 250.730392456055 250.031402587891 252.6396484375 253.030700683594 253.236083984375 254.930923461914 254.587203979492 247.801055908203 236.241180419922 228.311080932617 222.041519165039 231.566864013672 233.339050292969 232.250717163086 237.267761230469 244.398513793945 248.169952392578 251.883239746094 253.767456054688 255.711456298828 255.343353271484 254.763687133789 253.697647094727 253.466033935547 255.059112548828 250.096054077148 248.133575439453 256.164916992188 257.619293212891 251.85856628418 247.55322265625 251.401168823242 246.507766723633 245.969879150391
266.911590576172 267.045501708984 267.486297607422 270.646179199219 271.360534667969 271.52197265625 271.313659667969 271.298889160156 270.559509277344 267.255432128906 263.795135498047 263.729248046875 260.293060302734 255.7763671875 253.49577331543 250.424957275391 250.745407104492 253.74577331543 254.10302734375 254.115921020508 254.663604736328 255.857177734375 253.028945922852 243.409332275391 235.419219970703 225.605987548828 226.416549682617 227.40544128418 227.425201416016 230.132995605469 237.915191650391 243.608367919922 246.148071289062 248.407592773438 251.941284179688 253.628662109375 253.243545532227 251.772521972656 252.724334716797 255.29264831543 252.258880615234 246.676010131836 -3.4e+38 258.4658203125 256.459075927734 252.084701538086 257.017242431641 253.0263671875 253.603302001953
264.968048095703 266.964447021484 268.287475585938 268.384582519531 269.999084472656 271.455413818359 271.128936767578 271.073760986328 270.486785888672 269.015228271484 263.561065673828 259.324859619141 257.862884521484 251.444458007812 252.286834716797 250.961410522461 251.599090576172 253.362564086914 254.933639526367 255.296447753906 255.422561645508 256.479614257812 255.44108581543 250.814956665039 246.734741210938 241.097885131836 227.902114868164 232.860412597656 235.09831237793 234.174896240234 228.403106689453 220.301849365234 222.543487548828 229.922714233398 233.662124633789 240.945190429688 248.62385559082 247.110076904297 244.871994018555 246.898178100586 250.001129150391 247.070678710938 246.112396240234 255.314865112305 -3.4e+38 258.16162109375 261.602844238281 262.366333007812 261.425476074219
254.254638671875 262.350921630859 265.395690917969 265.57421875 269.194915771484 270.400573730469 270.418273925781 270.316345214844 270.399871826172 270.400238037109 268.022521972656 260.501739501953 254.241744995117 252.361129760742 250.110153198242 250.203567504883 251.17854309082 252.025802612305 253.774551391602 255.24967956543 255.202972412109 255.918167114258 254.931182861328 250.752593994141 248.797134399414 245.220428466797 230.843597412109 233.46452331543 237.371475219727 236.03401184082 231.456359863281 221.750793457031 217.043029785156 219.518096923828 224.9716796875 232.740356445312 241.293075561523 247.493621826172 245.526519775391 246.429718017578 248.287811279297 246.023208618164 246.53498840332 256.426544189453 265.342102050781 265.699249267578 268.305450439453 268.458465576172 263.753356933594
246.723388671875 253.180465698242 258.770111083984 259.680297851562 266.44287109375 269.634094238281 269.803314208984 269.924407958984 270.012481689453 270.233032226562 269.627899169922 261.879913330078 253.512725830078 254.574615478516 246.68342590332 247.16535949707 250.947082519531 251.629974365234 253.401443481445 254.000503540039 254.535766601562 255.676391601562 255.200546264648 250.324859619141 247.255004882812 246.161575317383 238.078521728516 236.27001953125 236.059020996094 233.967193603516 232.143081665039 225.926818847656 218.211669921875 216.651473999023 223.39274597168 228.772964477539 -3.4e+38 246.692794799805 248.53759765625 247.827346801758 244.465530395508 242.597702026367 242.172164916992 248.060653686523 259.129486083984 265.686126708984 -3.4e+38 -3.4e+38 -3.4e+38
254.38313293457 253.177612304688 257.756011962891 262.812072753906 267.579254150391 269.975463867188 270.396484375 270.262542724609 269.452453613281 269.064300537109 269.765411376953 267.040466308594 261.254669189453 259.726745605469 244.721878051758 244.590270996094 248.919906616211 249.618270874023 253.836730957031 255.236755371094 255.613739013672 255.862548828125 253.341003417969 247.849838256836 245.356887817383 246.157577514648 243.854598999023 237.740982055664 231.864898681641 227.746536254883 226.218322753906 227.021057128906 222.657897949219 222.057052612305 226.24137878418 228.262054443359 231.056274414062 246.356033325195 248.311309814453 246.930709838867 242.134155273438 237.412551879883 235.931564331055 239.87971496582 246.428405761719 251.662887573242 257.854370117188 266.086364746094 -3.4e+38
266.275024414062 263.158355712891 264.940643310547 268.522430419922 269.684661865234 270.507934570312 270.496978759766 270.1142578125 269.084655761719 268.316711425781 269.211334228516 269.396514892578 267.438659667969 264.920288085938 247.825439453125 245.477035522461 251.051345825195 250.915267944336 255.124145507812 256.191162109375 254.771560668945 252.858764648438 249.04541015625 244.541717529297 242.658050537109 242.391479492188 243.92936706543 238.088562011719 230.490921020508 225.783660888672 220.844848632812 222.771484375 225.645553588867 228.375457763672 231.93424987793 232.768829345703 235.619293212891 246.183609008789 244.823928833008 244.926361083984 242.858993530273 235.812362670898 229.719223022461 224.732559204102 226.902786254883 234.772933959961 243.62712097168 259.379974365234 260.4208984375
268.774566650391 265.122100830078 262.479461669922 266.683380126953 266.48828125 269.747924804688 269.486145019531 268.900787353516 268.229675292969 267.833648681641 268.360321044922 268.679718017578 269.019592285156 266.034088134766 250.95036315918 245.9638671875 254.674789428711 255.039489746094 256.396911621094 255.116317749023 251.132019042969 247.267379760742 244.16584777832 241.072525024414 238.728912353516 237.3759765625 242.149932861328 240.190017700195 233.141525268555 226.78630065918 218.849304199219 216.467697143555 223.060073852539 230.226577758789 235.090621948242 238.298950195312 242.248489379883 242.148025512695 237.542083740234 238.221237182617 239.399917602539 234.755706787109 224.724563598633 212.374389648438 214.245712280273 227.005416870117 240.173614501953 258.251312255859 259.703948974609
266.792663574219 261.722839355469 252.044281005859 255.274078369141 260.519439697266 268.597625732422 269.737762451172 268.992309570312 268.268859863281 267.668823242188 265.892791748047 262.718597412109 262.685791015625 261.427886962891 243.937271118164 242.535186767578 254.294555664062 256.409606933594 256.30712890625 253.759735107422 247.180938720703 240.453979492188 237.745223999023 237.848709106445 236.216720581055 234.798736572266 235.534301757812 238.818756103516 236.774017333984 228.492477416992 218.44856262207 212.72331237793 216.818984985352 227.655258178711 234.492462158203 239.755142211914 243.152008056641 238.862075805664 232.705612182617 230.493286132812 231.778381347656 232.38688659668 224.602203369141 214.704803466797 214.243896484375 227.160598754883 242.110748291016 258.924743652344 260.7333984375
265.075927734375 259.351715087891 244.971694946289 245.768798828125 256.354583740234 268.472747802734 270.49462890625 269.980499267578 269.387756347656 268.998779296875 266.134796142578 256.876068115234 251.5732421875 253.496215820312 242.059921264648 244.604568481445 253.084411621094 255.755447387695 255.605072021484 252.245895385742 245.207595825195 238.032806396484 235.918746948242 239.048858642578 238.504425048828 235.548858642578 227.68522644043 233.15869140625 236.941177368164 230.628265380859 219.713180541992 210.841796875 209.191680908203 218.733779907227 230.258605957031 236.394439697266 240.453872680664 238.888259887695 236.260192871094 229.873977661133 226.684280395508 228.257171630859 226.727615356445 220.029937744141 219.313842773438 230.611770629883 245.42399597168 259.965057373047 260.197448730469
260.029418945312 256.201446533203 246.140090942383 245.749435424805 257.701599121094 266.823486328125 269.75048828125 269.965362548828 269.087524414062 265.38427734375 260.011596679688 252.482757568359 243.946548461914 246.445098876953 241.108505249023 242.378036499023 248.835693359375 254.789627075195 254.728942871094 252.233139038086 246.967514038086 243.240417480469 240.993469238281 240.211532592773 237.658584594727 234.342239379883 228.069671630859 228.435180664062 229.481414794922 227.25927734375 218.804122924805 207.859191894531 202.495040893555 210.651443481445 224.790969848633 231.123504638672 235.169952392578 235.880157470703 237.000747680664 231.255233764648 227.376892089844 227.899322509766 230.918365478516 229.691528320312 230.589279174805 237.266204833984 250.261459350586 261.003479003906 255.259475708008
261.689575195312 256.243377685547 247.339736938477 244.246154785156 249.520355224609 252.887237548828 262.163726806641 266.880767822266 260.182281494141 248.312561035156 245.981292724609 245.59977722168 241.715057373047 242.864105224609 238.728088378906 239.199813842773 247.176803588867 253.923324584961 253.268173217773 252.579406738281 247.999465942383 243.800140380859 238.54133605957 232.617248535156 228.954818725586 227.852645874023 228.630386352539 227.414947509766 224.083526611328 221.241760253906 215.210968017578 204.704711914062 199.15087890625 208.689147949219 219.024185180664 221.761810302734 224.712005615234 229.622329711914 231.141860961914 228.035598754883 226.154037475586 230.524017333984 234.877990722656 238.909194946289 242.930572509766 247.740463256836 256.488586425781 257.029998779297 250.307174682617
257.264892578125 248.168869018555 241.494781494141 234.19889831543 236.51513671875 238.990859985352 246.092636108398 254.179489135742 254.824264526367 242.048049926758 236.818069458008 242.7080078125 243.355804443359 240.478561401367 239.542129516602 241.40185546875 249.287078857422 252.576675415039 250.378936767578 250.820114135742 249.312652587891 241.813385009766 232.483032226562 227.458831787109 224.063934326172 222.40852355957 225.286972045898 227.17741394043 224.733123779297 217.740921020508 209.082641601562 200.403213500977 197.376861572266 208.064529418945 212.768432617188 209.267456054688 211.777206420898 223.568420410156 225.448791503906 223.598526000977 221.972778320312 226.842056274414 234.391250610352 242.103469848633 249.504241943359 251.454437255859 250.091293334961 244.879592895508 242.039077758789
239.104614257812 231.472427368164 229.263244628906 223.654739379883 223.176651000977 227.60905456543 229.376739501953 233.527862548828 239.644622802734 243.701889038086 241.238555908203 238.715835571289 238.64128112793 238.176147460938 241.072006225586 242.118408203125 248.506927490234 250.674468994141 246.807983398438 241.776428222656 239.636032104492 240.044570922852 235.259170532227 229.638610839844 228.263961791992 228.556549072266 218.506256103516 214.598175048828 215.651031494141 215.836090087891 212.371078491211 204.800933837891 195.137084960938 191.555313110352 188.443405151367 185.909469604492 192.805389404297 207.512176513672 213.186660766602 213.574905395508 211.550415039062 213.98161315918 224.323806762695 239.937545776367 244.698287963867 237.071762084961 231.873306274414 226.150680541992 221.159118652344
247.393600463867 238.708847045898 234.239227294922 226.678253173828 222.726119995117 225.327453613281 231.768859863281 235.282592773438 237.202590942383 239.095092773438 239.753433227539 239.415542602539 239.028564453125 238.662673950195 240.482574462891 241.971328735352 251.150619506836 250.03254699707 245.052124023438 237.687072753906 234.809844970703 234.538208007812 230.535781860352 225.028228759766 220.959686279297 223.940856933594 221.843307495117 218.19563293457 214.056121826172 208.103179931641 204.048034667969 202.000350952148 194.574935913086 184.622573852539 178.677093505859 178.641647338867 186.693054199219 200.822219848633 203.35124206543 202.533828735352 200.617828369141 205.46647644043 218.691345214844 234.009887695312 239.50471496582 231.300094604492 225.229934692383 218.964111328125 216.239074707031
247.754013061523 240.01921081543 236.227691650391 225.577178955078 223.430541992188 225.196273803711 231.240692138672 234.551330566406 233.123718261719 233.569076538086 235.071701049805 237.059875488281 236.979309082031 237.574401855469 239.641326904297 240.730224609375 248.025604248047 247.127716064453 244.612274169922 236.792266845703 229.510940551758 225.565444946289 223.424453735352 219.488067626953 212.552307128906 215.672348022461 225.853698730469 222.719863891602 217.429153442383 207.105422973633 199.253189086914 198.844055175781 193.175704956055 184.477767944336 177.037994384766 175.356018066406 182.997039794922 195.885070800781 195.162704467773 193.651611328125 196.824813842773 208.206344604492 223.813873291016 234.474166870117 233.766128540039 224.154556274414 216.777389526367 211.177581787109 216.540939331055
245.74836730957 244.447998046875 240.282348632812 233.694595336914 229.532333374023 229.973861694336 229.657821655273 229.55712890625 226.825775146484 224.946350097656 226.957260131836 229.277236938477 231.66780090332 235.330383300781 243.144485473633 246.521469116211 247.912399291992 246.576187133789 244.432373046875 236.441390991211 226.042205810547 219.551376342773 217.67724609375 215.037826538086 209.814895629883 211.458984375 230.724105834961 226.58186340332 222.741119384766 215.847045898438 205.144515991211 197.948699951172 194.222366333008 188.646133422852 182.738006591797 176.830184936523 178.148986816406 186.937530517578 186.892990112305 190.958389282227 204.995941162109 220.238693237305 232.067138671875 235.587753295898 229.418350219727 218.390274047852 208.369979858398 201.259155273438 209.372543334961
252.9814453125 252.683090209961 247.674514770508 240.912902832031 231.599472045898 230.728179931641 226.844116210938 223.615432739258 219.270965576172 214.148513793945 217.136825561523 219.466278076172 227.427307128906 236.177139282227 246.90576171875 249.811019897461 247.555587768555 244.40397644043 243.228897094727 240.221572875977 231.501266479492 225.404174804688 223.527038574219 222.833953857422 219.096649169922 219.262420654297 236.677261352539 234.380645751953 229.66911315918 226.155746459961 218.316253662109 208.27912902832 200.325790405273 193.361709594727 188.518692016602 181.130752563477 175.822906494141 182.866287231445 189.67626953125 198.216674804688 212.855453491211 226.862365722656 230.599060058594 227.850311279297 223.374496459961 213.405502319336 203.414245605469 195.999893188477 198.267105102539
248.650650024414 243.233901977539 244.65576171875 240.857482910156 233.140487670898 228.771957397461 223.894012451172 220.814422607422 218.14794921875 212.964294433594 211.962249755859 219.37956237793 229.653472900391 237.405731201172 247.959854125977 248.860580444336 245.536346435547 239.805572509766 239.18132019043 242.304336547852 240.830154418945 237.501617431641 236.736785888672 237.344345092773 234.950988769531 235.361419677734 240.703765869141 -3.4e+38 237.668334960938 235.235076904297 230.549011230469 222.782775878906 210.528121948242 200.427429199219 194.407150268555 185.570022583008 177.372085571289 183.496353149414 200.448638916016 210.39616394043 219.095733642578 224.443130493164 219.856475830078 217.399826049805 214.522445678711 205.622024536133 197.328948974609 193.321624755859 193.718902587891
234.299987792969 231.262588500977 238.266174316406 239.949981689453 237.561721801758 231.684997558594 226.689117431641 222.781631469727 220.451568603516 221.907836914062 222.673980712891 229.375473022461 235.783462524414 241.504013061523 248.495956420898 247.887893676758 244.998474121094 239.042633056641 235.543609619141 237.21354675293 239.646347045898 -3.4e+38 -3.4e+38 -3.4e+38 -3.4e+38 -3.4e+38 -3.4e+38 240.184875488281 -3.4e+38 -3.4e+38 236.470794677734 231.197525024414 220.60090637207 208.557662963867 198.974105834961 187.826217651367 178.847061157227 187.389831542969 205.183044433594 215.938034057617 221.549514770508 218.71174621582 207.441589355469 203.218826293945 202.407272338867 195.802261352539 190.295654296875 188.945526123047 190.275985717773
