rcp4.5models/MPi_ESM_LR/sc1gr7.28
NCOLS 261 
NROWS 433 
XLLCORNER 336357.134 
YLLCORNER 654653.479 
CELLSIZE 1000 
NODATA_value -3.4e+38 
[rows 132 to 153 of 433, columns 98 to 146 of 261]
100.333351135254 99.648307800293 99.2363662719727 97.8932571411133 97.3476333618164 96.4494934082031 95.851921081543 95.401481628418 94.6571350097656 94.1119613647461 93.4584655761719 92.8738861083984 92.4004135131836 91.9062652587891 90.9645080566406 90.5616302490234 89.8610229492188 89.4797286987305 89.045295715332 88.5968017578125 88.0089950561523 87.7514190673828 87.5150299072266 87.2693405151367 86.8816299438477 86.6017074584961 85.9177474975586 85.7593994140625 85.5366363525391 85.0638580322266 84.9705505371094 84.8497619628906 84.6732635498047 84.3580169677734 84.2745666503906 84.0728988647461 83.9561386108398 83.4697418212891 83.3813705444336 83.3191680908203 83.107666015625 83.1397933959961 83.0048141479492 83.0610275268555 83.2177581787109 83.2371444702148 83.1254272460938 83.0931625366211 83.2293395996094
99.8797225952148 99.1603698730469 98.6945114135742 97.369499206543 96.7390670776367 95.9909439086914 95.3971710205078 94.8977737426758 94.3492889404297 93.68505859375 92.8944396972656 92.4672775268555 91.9951400756836 91.4797592163086 90.5863418579102 90.1852340698242 89.5067749023438 89.1588973999023 88.7174530029297 88.3162002563477 87.7656860351562 87.3504486083984 87.0779342651367 86.8257675170898 86.5143966674805 86.262825012207 85.6177215576172 85.3792724609375 85.1948547363281 84.8673706054688 84.6291198730469 84.3924407958984 84.3213043212891 84.0650100708008 83.9137115478516 83.5965194702148 83.385871887207 83.104850769043 82.9641876220703 82.7969055175781 82.6243057250977 82.7153015136719 82.6647644042969 82.5630569458008 82.7217559814453 82.7654800415039 82.6943054199219 82.6759033203125 82.8932418823242
99.5039749145508 98.7547836303711 98.176139831543 96.7293395996094 96.1310119628906 95.5325775146484 94.9281311035156 94.3790588378906 93.9333724975586 93.2908020019531 92.5899353027344 92.0567092895508 91.5681686401367 91.125 90.2267608642578 89.7666549682617 89.103889465332 88.7219924926758 88.3104400634766 88.0046920776367 87.5649032592773 87.0775299072266 86.6812896728516 86.435546875 86.0841979980469 85.7870101928711 85.2852630615234 84.9505386352539 84.7788238525391 84.6579437255859 84.4029159545898 83.9941940307617 83.9301605224609 83.6659317016602 83.6074752807617 83.2493896484375 82.8665161132812 82.7581253051758 82.6202697753906 82.4639434814453 82.3155364990234 82.3587417602539 82.2867050170898 82.2231674194336 82.3090133666992 82.239875793457 82.2076873779297 82.2905502319336 82.452995300293
99.0193328857422 98.2620010375977 97.6830520629883 96.2739944458008 95.7559280395508 95.1910781860352 94.5001754760742 93.9288558959961 93.4954452514648 92.8708953857422 92.211051940918 91.6859588623047 91.1885070800781 90.6917114257812 89.7853088378906 89.3764419555664 88.6760482788086 88.4150543212891 87.9591979980469 87.5994033813477 87.2737655639648 86.8106689453125 86.2880706787109 86.0949859619141 85.6872100830078 85.4287033081055 84.879753112793 84.5987930297852 84.3292236328125 84.2630004882812 84.0407485961914 83.7280426025391 83.4888916015625 83.2722396850586 83.2750015258789 82.9888000488281 82.6034317016602 82.4157104492188 82.2788162231445 82.2517700195312 82.1075134277344 82.0142211914062 81.9238510131836 81.8854141235352 81.9469528198242 81.8104782104492 81.77490234375 81.9148178100586 82.0951156616211
98.6960372924805 98.0092391967773 97.3032760620117 95.9180679321289 95.3131713867188 94.7846527099609 94.1154403686523 93.5597915649414 93.1058731079102 92.4611434936523 91.6890029907227 91.2992324829102 90.8373565673828 90.3356552124023 89.458610534668 89.02294921875 88.3153533935547 88.0441513061523 87.5927352905273 87.2047729492188 86.8541412353516 86.5603103637695 85.9315032958984 85.7755508422852 85.4238586425781 85.1409454345703 84.6140213012695 84.2896118164062 84.0067977905273 83.8665084838867 83.6497192382812 83.4564590454102 83.196533203125 82.890754699707 82.8176574707031 82.6188735961914 82.3703079223633 82.0161056518555 81.9837951660156 81.9728012084961 81.8829727172852 81.7320327758789 81.574951171875 81.5169830322266 81.5661010742188 81.5049209594727 81.5250701904297 81.5863952636719 81.8294982910156
98.3970031738281 97.7345428466797 96.9192199707031 95.4844512939453 94.8922500610352 94.314094543457 93.7259216308594 93.2834701538086 92.6823348999023 92.1000595092773 91.2616348266602 90.97265625 90.4971313476562 90.0624008178711 89.0881805419922 88.6703414916992 88.0411682128906 87.6867446899414 87.1898574829102 86.8380737304688 86.5022354125977 86.2646331787109 85.7251434326172 85.3778686523438 85.0396423339844 84.8033599853516 84.3787841796875 84.0425033569336 83.7068710327148 83.481315612793 83.3066482543945 83.1134490966797 82.9719467163086 82.7624053955078 82.4047317504883 82.2834777832031 82.1466293334961 81.7717742919922 81.6714248657227 81.5752639770508 81.5512466430664 81.5309753417969 81.3140411376953 81.1943130493164 81.1591644287109 81.1993179321289 81.3548126220703 81.3566513061523 81.5251159667969
97.5900650024414 96.9680786132812 96.2068481445312 94.7316665649414 94.3434677124023 93.6946029663086 93.0717239379883 92.6238021850586 91.9929122924805 91.4788513183594 90.9696502685547 90.4617462158203 -3.4e+38 89.3651504516602 88.4945602416992 88.1648635864258 87.6796951293945 87.1255187988281 86.6034088134766 86.3104553222656 86.049560546875 85.7029876708984 85.2615509033203 84.6721420288086 84.5335388183594 84.2300720214844 83.7885513305664 83.5639114379883 83.1462173461914 82.8475646972656 82.7188720703125 82.6007766723633 82.2962265014648 82.1539916992188 81.9194030761719 81.6170959472656 81.4955673217773 81.3034515380859 81.2135543823242 81.0477676391602 80.9969024658203 80.8705291748047 80.8313293457031 80.7605438232422 80.7298736572266 80.7530364990234 80.7340393066406 80.8195419311523 80.9245986938477
97.2642517089844 96.6341400146484 95.8728103637695 94.4957809448242 94.0073089599609 93.472541809082 92.7868041992188 92.2745513916016 91.7047576904297 91.2752532958984 90.7735366821289 90.2005233764648 89.5774536132812 89.1229095458984 88.244987487793 87.8855209350586 87.4692153930664 86.9871215820312 86.3044204711914 86.1432495117188 85.7287902832031 85.3657684326172 85.0470809936523 84.4081268310547 84.2146606445312 83.9334945678711 83.5020599365234 83.2522964477539 82.9585952758789 82.6826858520508 82.380500793457 82.3065643310547 -3.4e+38 81.8564910888672 81.7219009399414 81.4748229980469 81.35498046875 80.9943466186523 80.9867477416992 80.9620361328125 80.8414154052734 80.6839904785156 80.5477294921875 80.4712905883789 80.4793701171875 80.5553207397461 80.5317840576172 80.5141983032227 80.6688079833984
96.9560775756836 96.3555908203125 95.5182876586914 94.186897277832 93.6878814697266 93.2003402709961 92.5375900268555 92.0483703613281 91.4126968383789 91.0123596191406 90.4715576171875 89.8904495239258 89.2803039550781 88.8254318237305 87.9967422485352 87.6398544311523 87.2592926025391 86.7453460693359 86.1523818969727 85.9172668457031 85.4920806884766 85.1753082275391 84.8142013549805 84.3521270751953 84.1172790527344 83.7143630981445 83.2227249145508 82.9685134887695 82.7292861938477 82.5139617919922 82.1797714233398 81.9970016479492 81.7976226806641 81.651123046875 81.4845199584961 81.371696472168 81.2286911010742 80.756477355957 80.7269287109375 80.6890411376953 80.6691818237305 80.5475616455078 80.3436813354492 80.2531356811523 80.21875 80.2949066162109 80.366569519043 80.3813705444336 80.3831329345703
96.6996383666992 95.9551391601562 95.2807312011719 94.0103530883789 93.4780197143555 92.9379806518555 92.3201370239258 91.8726806640625 91.2608184814453 90.7382431030273 90.2564163208008 89.7408294677734 89.0433578491211 88.5182647705078 87.7660369873047 87.3848190307617 86.983528137207 86.5609664916992 86.0640335083008 85.6303405761719 85.244514465332 84.8335266113281 84.5545806884766 84.248420715332 84.0338516235352 83.5983963012695 82.9444885253906 82.7358093261719 82.521598815918 82.3245620727539 82.0883255004883 81.7637252807617 81.5664596557617 81.3941345214844 81.221076965332 81.0049133300781 80.9844970703125 80.6435852050781 80.4041519165039 80.3821105957031 80.3242568969727 80.2491989135742 80.1676864624023 -3.4e+38 80.0192413330078 80.0114974975586 80.1734237670898 80.1974945068359 80.2484588623047
96.4348907470703 95.7200088500977 95.0544204711914 93.734130859375 93.3826370239258 92.7665710449219 92.1491241455078 91.6108627319336 91.0659408569336 90.4647750854492 90.1252136230469 89.6282501220703 88.804084777832 88.3914260864258 87.5027008056641 87.1696166992188 86.6776733398438 86.3762588500977 85.9220809936523 85.3631362915039 85.0757904052734 84.5981597900391 84.3302459716797 84.0492782592773 83.8402099609375 83.5563888549805 82.6971969604492 82.5012817382812 82.3381652832031 82.0735092163086 81.895637512207 81.5993576049805 81.4638061523438 -3.4e+38 81.0099945068359 80.8170013427734 80.7527465820312 80.5458755493164 80.3335952758789 80.2841186523438 80.0077362060547 79.9995956420898 79.9415054321289 79.838020324707 79.894775390625 79.8982772827148 79.9110794067383 79.8290405273438 80.1063613891602
96.1921005249023 95.5303344726562 94.7572555541992 93.4803009033203 93.1115570068359 92.4755172729492 91.8771896362305 91.2792510986328 90.7825088500977 90.3055572509766 -3.4e+38 89.3392944335938 88.5284652709961 88.2131729125977 87.3596115112305 87.0157699584961 86.5123062133789 86.1493911743164 85.7846527099609 85.3278732299805 84.8965530395508 84.5537872314453 84.1764678955078 83.9100570678711 83.5868530273438 83.4048843383789 82.6245803833008 82.2881851196289 82.1125183105469 81.8011474609375 81.6832962036133 81.5164489746094 81.4183959960938 81.2253799438477 80.9409103393555 80.6906280517578 80.496223449707 80.3424682617188 80.2142486572266 80.172477722168 79.9349136352539 79.7750701904297 79.6967697143555 79.6492385864258 79.6799621582031 79.7394943237305 79.7710800170898 79.7384948730469 79.9158477783203
96.0320358276367 95.204704284668 94.4878311157227 93.330207824707 92.8031387329102 92.2919540405273 91.5962448120117 91.1402893066406 90.5558929443359 90.1839447021484 89.7858276367188 89.1303405761719 88.3778533935547 87.9727478027344 87.2251434326172 86.7532119750977 86.4008331298828 86.0588302612305 85.6507720947266 85.326301574707 84.789421081543 84.3901519775391 84.0192947387695 83.7714080810547 83.5106811523438 83.2209777832031 82.5512847900391 82.2244873046875 81.8985061645508 81.6709976196289 81.5079193115234 81.2971038818359 81.1648025512695 81.0186767578125 80.8431549072266 80.5876007080078 80.3497009277344 80.19580078125 80.0344467163086 79.9941101074219 79.8680419921875 79.6989517211914 79.6816024780273 79.5784301757812 79.4567718505859 79.5188827514648 79.6120376586914 79.6629104614258 -3.4e+38
95.7908706665039 94.9155731201172 94.2723007202148 93.1727447509766 92.607536315918 92.1010055541992 91.3925094604492 91.0449905395508 90.4183120727539 89.9587707519531 89.6121139526367 88.9384689331055 88.321533203125 -3.4e+38 87.0497512817383 86.605339050293 86.1996688842773 85.9033966064453 85.5161666870117 85.1408004760742 84.7477035522461 84.2388305664062 83.9180297851562 83.5672225952148 83.3109359741211 83.0058288574219 82.4535446166992 82.1826400756836 81.8560028076172 81.5380554199219 81.3368530273438 81.1820526123047 80.9760437011719 80.7925033569336 80.6768951416016 80.4847946166992 80.3229064941406 80.0540390014648 79.9593276977539 79.8474960327148 79.7268600463867 79.7078170776367 79.7244567871094 79.5922012329102 79.4710998535156 79.4048538208008 79.4741439819336 79.5331039428711 79.6569290161133
95.3923110961914 94.7189788818359 94.2175521850586 92.9797668457031 92.3991012573242 91.8860473632812 91.2829818725586 90.8843154907227 90.2773895263672 89.753547668457 89.4235305786133 88.8238525390625 88.2489700317383 87.6954193115234 86.8190307617188 86.4409027099609 86.0312271118164 85.6902313232422 85.3278503417969 84.9618225097656 84.605842590332 84.2139663696289 83.7292709350586 83.3874359130859 83.0767669677734 82.8308181762695 82.3263473510742 82.0717620849609 81.8408737182617 81.4488372802734 81.1790390014648 81.0942077636719 80.8481063842773 80.6748275756836 80.5955581665039 80.3951950073242 80.2764511108398 80.0022354125977 79.8742141723633 79.7419586181641 79.6222534179688 79.5260162353516 79.5373077392578 79.4949111938477 79.4844818115234 79.3843612670898 79.3351364135742 79.4614944458008 79.6874465942383
95.0902862548828 94.5333099365234 94.1352615356445 92.744758605957 92.1837921142578 91.6396484375 91.1781158447266 90.6677474975586 90.1144485473633 89.6486282348633 89.262825012207 88.6521987915039 88.3205413818359 87.539924621582 86.6226196289062 86.2731475830078 85.8393783569336 85.5094680786133 85.1059112548828 84.8241500854492 84.4782638549805 84.1696701049805 83.6381759643555 83.2606735229492 82.9320907592773 82.6827697753906 82.1274261474609 81.9485702514648 81.7504806518555 81.4793395996094 81.2313537597656 81.0770874023438 80.6846618652344 80.5409545898438 80.4248046875 80.2757797241211 80.1631011962891 79.9561386108398 79.876594543457 79.8126831054688 79.6764221191406 79.4625091552734 79.4251098632812 79.3476333618164 79.3997268676758 79.448371887207 79.4102630615234 79.4077682495117 79.636848449707
94.8629302978516 94.2548294067383 93.8537292480469 92.5989837646484 92.1147994995117 91.4843444824219 91.0026168823242 90.5663375854492 90.0027008056641 89.4963989257812 88.9767379760742 88.4848709106445 88.142448425293 87.3141479492188 86.5725326538086 86.1344375610352 85.6458129882812 85.3984298706055 84.9424438476562 84.6553649902344 84.3139724731445 84.0072479248047 83.5310897827148 83.0315780639648 82.8037490844727 82.5193557739258 82.0584411621094 81.8039169311523 81.6467132568359 81.4813385009766 81.2826538085938 81.0642166137695 80.7625350952148 80.5872421264648 80.2873687744141 80.1638717651367 80.1380310058594 79.9013900756836 79.8962249755859 79.8302154541016 79.7411422729492 79.5705184936523 79.3910369873047 79.3267059326172 79.3300094604492 79.4378509521484 79.5072937011719 79.4826431274414 79.5319900512695
94.6109313964844 94.0301895141602 93.6142425537109 92.4088363647461 91.9881820678711 91.3694076538086 90.8220901489258 90.4222030639648 89.8298492431641 89.3179168701172 88.8301010131836 88.3478164672852 87.8977127075195 87.1706924438477 86.4465408325195 86.0042266845703 85.5203170776367 85.1957550048828 84.8202590942383 84.5336532592773 84.115119934082 83.8427200317383 83.4962463378906 83.0725250244141 82.7637176513672 82.4439239501953 82.0009384155273 81.7055816650391 81.5472030639648 81.3244094848633 81.1421203613281 80.9976501464844 80.8069152832031 80.6751480102539 80.3962783813477 80.1300201416016 80.0781631469727 79.8434219360352 79.8025283813477 79.7168502807617 79.6658248901367 79.6025085449219 79.4397506713867 79.456413269043 79.2465667724609 79.3198165893555 79.4245681762695 79.5421981811523 79.5663146972656
94.3161697387695 93.8576126098633 93.2806854248047 92.1221160888672 91.6467361450195 91.12255859375 90.5755233764648 90.2058715820312 89.6978302001953 89.2226943969727 88.673957824707 88.272575378418 87.6727294921875 87.3166732788086 86.2280044555664 85.8050765991211 85.4450302124023 84.9922790527344 84.6554107666016 84.3085784912109 83.9800567626953 83.6463012695312 83.322395324707 83.0851440429688 82.8415374755859 82.5685882568359 81.8097839355469 81.5600814819336 81.3057098388672 81.1529846191406 80.9990158081055 80.7900009155273 80.6369552612305 80.4668655395508 80.3205184936523 80.2215728759766 80.1842956542969 79.783447265625 79.5480194091797 79.5132293701172 79.4734802246094 79.5022735595703 79.5149383544922 79.4911651611328 79.5113906860352 79.4145889282227 79.3194046020508 79.3622741699219 79.6611328125
94.2198104858398 93.6266784667969 93.054573059082 91.8964004516602 91.4949951171875 -3.4e+38 90.4177551269531 89.9850387573242 89.5717239379883 89.1644821166992 88.5408096313477 88.1909637451172 87.6852111816406 87.2213668823242 86.2072982788086 85.6951751708984 85.3752899169922 84.9442901611328 84.6057586669922 84.2470321655273 83.9154663085938 83.6085433959961 83.3250503540039 83.0259704589844 82.7374649047852 82.5232238769531 81.9652786254883 81.6817932128906 81.252197265625 81.0310974121094 80.9327926635742 80.7475280761719 80.5887451171875 80.4375457763672 80.3273239135742 80.1629486083984 80.1816940307617 79.9116897583008 79.7288055419922 79.6906661987305 79.4942855834961 79.396842956543 79.449462890625 79.4918212890625 79.4936904907227 79.498161315918 79.4644470214844 79.4848327636719 79.5666885375977
94.1664810180664 93.5235977172852 92.9510650634766 91.8659362792969 91.4285736083984 90.9705429077148 90.4237670898438 89.9178161621094 89.4519500732422 89.0687713623047 88.4437026977539 88.0831680297852 87.6517791748047 87.1205444335938 86.1514129638672 85.6908111572266 85.3013229370117 84.9411315917969 84.6442718505859 84.2394180297852 83.8564758300781 83.5381774902344 83.2198028564453 83.0386352539062 82.721809387207 82.4085311889648 82.0521240234375 81.7443389892578 81.3645324707031 81.0120391845703 80.7839889526367 80.6520919799805 80.581657409668 80.376220703125 80.2746353149414 80.1155853271484 80.0663909912109 79.925895690918 79.8813705444336 79.7661895751953 79.6597518920898 79.5005950927734 79.3790740966797 79.4423904418945 79.4623947143555 79.4656753540039 79.5381011962891 79.5843124389648 -3.4e+38
94.1344604492188 93.4577941894531 92.8498992919922 91.8318481445312 91.3186340332031 90.8550796508789 90.3938751220703 89.8675308227539 89.3920135498047 88.9614105224609 88.4107208251953 87.9807662963867 87.6383666992188 87.1161804199219 86.137939453125 85.6604461669922 85.1989059448242 84.8127899169922 84.5481338500977 84.2325134277344 83.8352661132812 83.4867858886719 83.2305526733398 82.9804458618164 82.7564392089844 82.4147567749023 81.9468383789062 81.6521453857422 81.4681930541992 81.2020492553711 80.9576263427734 80.7195510864258 80.5696640014648 80.3325271606445 80.196533203125 80.100471496582 80.0292663574219 79.8634490966797 79.8594970703125 79.7029113769531 79.6501541137695 79.61474609375 79.4630737304688 79.3914947509766 79.4201049804688 79.4125823974609 79.4557113647461 79.5553512573242 79.6063842773438
