rcp4.5models/MPi_ESM_LR/sc1gr7.3
NCOLS 261 
NROWS 433 
XLLCORNER 336357.134 
YLLCORNER 654653.479 
CELLSIZE 1000 
NODATA_value -9999 
[rows 242 to 263 of 433, columns 200 to 249 of 261]
84.9519223999513 85.3265929704171 85.631150785174 86.2443949652524 86.5853909315668 86.974526217561 87.3260827145435 87.742157013037 88.1993754569231 88.5644396101572 88.9048189883145 89.3935382005717 89.9898629088393 90.391531727332 91.2191920434159 -9999 -9999 92.5956345601127 92.8825923841226 93.3624911953562 94.0076145103356 94.5807261909463 94.9433040128913 95.3979703584553 96.0017193792526 96.588410897328 97.8911240225895 98.3823519709149 98.8754314463236 99.3612823329983 99.8029558523492 100.413247524648 100.956656093582 101.550889388578 102.18697493711 102.842256202815 103.374465890531 104.462142677685 104.940509897537 105.496985472185 -9999 -9999 -9999 -9999 107.645961047318 107.998942233511 108.377957069073 108.804220355886 -9999 -9999
84.4218734656571 84.6648914658898 85.0338301401186 85.5853119714205 86.0143487867903 86.4844993619014 86.8968454759803 87.3383597522443 87.7103338882432 88.1072200512605 88.5368653562727 88.9118356645734 89.3351744916345 89.7754527707692 90.6697574668801 -9999 -9999 92.023399168303 92.4227453774118 92.8363165117677 93.4011924495573 93.9396076754797 94.389318736022 94.9202702760689 95.4873793776744 96.1627975491196 97.2745184446449 97.8438707654948 98.2848722966968 98.6806617170818 99.2638936452813 99.9655645770635 100.627732380782 101.115127382296 101.5866449216 102.143138835499 102.821215324116 103.979960931321 104.463154032121 104.914067104464 -9999 -9999 106.349877177664 -9999 -9999 -9999 -9999 108.407479681906 109.123986691581 -9999
84.1697074417086 84.4118064622396 84.7522730490186 85.4250600788821 85.8178452804957 86.2677305570792 86.6633896692254 87.0968687233568 87.4362895007945 87.8037398117708 88.291812476494 88.7092216733719 89.1141132561484 89.5524885315478 90.2879135894675 90.7714938652753 -9999 -9999 92.2672202153855 92.6091958948977 93.0481016329348 93.5946749016315 94.1152868610488 94.7178795073453 95.2887645551851 95.9145083564667 96.8880353826161 97.4716376870277 97.9461354420899 98.4288131050872 99.0345232870852 99.5833337734362 100.268893748719 100.833885270049 101.349210588103 101.879110015884 102.487324379101 103.640826876544 104.071124268132 104.644454845038 -9999 105.66483409817 106.161495358951 106.569888460075 -9999 -9999 -9999 108.189070282922 109.08097408723 -9999
84.1034056969692 84.3582961040676 84.5800472274321 85.3333781381419 85.6614552907534 86.0910720499027 86.4839671331653 86.8318985303632 87.1263449333631 87.495045735347 87.9531722971197 88.3906928089822 88.799488238973 89.2458229937624 89.9858900449995 90.465697803353 90.9740262784354 91.4916614540001 91.9890970062343 92.3761969036721 92.7397054751562 93.3140364412775 -9999 -9999 95.0100299019174 95.6312564846445 96.5880840818165 97.1039572355807 97.5656938025978 98.1974297414029 98.7587214544842 99.3054781103287 99.8915634743958 100.496560982564 101.151035262124 101.623842607976 102.125135483946 103.261049124072 103.835976101319 104.390844565102 -9999 105.403337200904 105.851975067944 106.371670035836 106.793274226758 107.217153677247 -9999 108.008278567081 108.863161399902 109.189932179944
83.8936024865368 84.1700843867166 84.397333047505 85.1029325675806 85.4246732710318 85.8106329115827 86.2316969017941 86.6402622202827 86.957293972845 87.2935713661019 87.6719088283455 88.0709195069923 88.4800130872084 88.8114718555374 89.6254212723587 90.1323301741509 90.6481406062124 91.1300789881342 91.6304134634898 92.0898238468538 92.4863676258132 93.0035106879169 -9999 -9999 94.6811356709641 95.2382140055946 96.1536767027275 96.7615765599711 97.2661965307803 97.8992209077113 98.4543478638064 99.0639333823856 99.598162470702 100.20634857233 100.881812910065 101.34168464259 101.871511226164 102.982338574218 103.644131859751 104.097421639397 104.620632520071 105.109707624296 105.618921109647 106.166603887624 106.639611800666 107.032101090908 -9999 107.842364181271 108.587048487441 109.091104917573
83.6402847713759 83.93842732521 84.2502966410064 84.8807226877727 85.2162065998766 85.5650030027392 85.9155066494481 86.2911900513945 86.6454927920245 87.0001695120054 -9999 87.8508241697604 88.2663217911822 88.5994186329383 89.2113103980315 89.7405313475922 90.3303332407913 90.8727757755724 91.3653304207799 91.793948940455 92.2020176213528 92.6784542027096 -9999 -9999 94.2784982213981 94.6864480099779 95.8090083222908 96.5157459645692 97.0050009220727 97.5217909074722 98.1582731365585 98.7682390711062 99.3383332287797 99.9279942046147 100.518747434528 101.044354450265 101.626243996983 102.732933821611 103.339241261846 103.908329590983 104.403267846028 104.828168370088 105.347632795503 105.91372795156 106.361942082536 106.844055815169 107.209548380133 -9999 108.432521125371 108.924728069649
83.4895326249362 83.7763716160133 84.1107849745276 84.6404888549612 84.9812323155569 85.384223063644 85.6904063223832 85.8942478798301 86.2524157676791 86.7118091332848 87.0997159501289 87.4785967397961 87.939465244041 88.4279671312019 88.9721311591859 89.5310786403234 90.0850860941083 90.5817305127755 91.0814399386562 91.4728307531607 91.9711574194708 92.5046932875942 93.0277513903761 -9999 93.9655723305505 94.3168995959897 95.4792752054085 96.1167218002881 96.6195680307536 97.2499943997602 97.8523699497195 98.4177701565578 99.0801500760402 99.6540075178031 100.211214174484 100.801941878381 101.36393255947 102.461169181782 103.046378024829 103.694398459545 104.145092872076 104.580945866899 105.054491534251 105.608995698312 106.073745991046 106.633769537704 -9999 -9999 108.298681275761 108.720578262436
83.2147877860192 83.5427482639177 83.8602828455984 84.3724363325781 84.7348295803826 85.0807369843053 85.4012086683309 85.5373801411625 85.9261481852984 86.5217225041225 86.8044771885018 87.135401323601 87.6452825033477 88.0379286987831 88.9100907666603 89.3687156644313 89.8318831946829 90.2215097553833 90.7237813387945 91.2890930419825 91.7726461159627 92.2961812495493 92.6918534642935 93.2705139572339 93.6835906288906 94.0142668164475 95.2004463868413 -9999 96.1826276667959 96.9531905318877 97.4753833388017 98.0299965322498 98.8290564335016 99.3879946832936 99.8876753481293 100.491514721238 101.054099266313 102.216445532336 102.760937868775 103.361584174492 103.889674622817 104.403908310307 104.941597131658 105.328256443384 105.889943286849 106.420570059144 106.867086394546 107.3486166312 -9999 -9999
83.0098633437696 83.3092027133646 83.5252209709982 84.1614733515181 84.5204656202552 84.7858235600986 85.0290222460665 85.289966962593 85.720483623474 86.2062035756725 86.4621012917457 86.8436785778605 87.3951823680056 87.7337255898394 88.6579246749612 88.9700870055068 89.3731627178653 89.8529957727966 90.3829793470923 91.0111271996073 91.497924635048 91.8906205502958 92.3963958543098 92.9160316971971 93.4394257828169 93.8602831866062 94.8541674378801 95.3291562855825 95.9542852827232 96.7043509208248 97.1346170010194 97.6480421257374 98.3883515844174 99.0578892123578 99.5621087003646 100.180501385525 100.773224913236 101.988978786673 102.452751361604 102.96141756265 103.5413694094 104.141160200001 104.631850114168 105.064404136971 105.674734080336 106.160780054774 106.673824262554 107.133300524125 -9999 108.326726856417
82.8427352604097 83.0657162484116 83.2675389156934 83.9023487491347 84.2460079766084 84.4700783395606 84.7069520233318 85.0598414385771 85.5144026340221 85.900897158118 86.1829154644617 86.532081141845 87.0218766365171 87.4384507733037 -9999 88.551820432584 88.8698115469048 89.4244134084162 90.0919445887092 90.7099853378471 91.2405265321198 91.579492414296 92.0644342498116 92.5405731738081 93.0563945954973 93.5991530742995 94.3075054237175 94.9527983715913 95.6491515893211 96.1289133952661 96.7245041302967 97.3681952429916 97.9648351934631 98.7201788942928 99.3288790725129 99.8871705042333 100.535732523507 101.771922297405 102.224246586563 102.675351737192 103.190895329528 103.755924223666 104.350257151362 104.95224380498 105.431833200045 105.948010881539 106.513455767861 -9999 -9999 108.222756098916
82.5787384033087 82.7621921923021 83.1118438959354 83.6891038064907 83.9788046924547 84.1947670927769 84.4634710788942 84.7835458219633 85.2051304345691 85.5739297034629 85.9383686637565 86.2495686357686 86.6526279553674 87.1064059338065 88.0041356703195 88.3036397911642 88.6069654940874 89.175507379667 89.8969444693626 90.436011884196 90.9508056621111 91.3005884115499 91.6602415081242 92.0688173646195 92.6337271774716 93.1659551623453 94.0101879849064 94.7689265970359 95.3243414571285 95.7480368356585 96.3596665594352 97.1130149832372 97.67969856498 98.390587553785 99.1315549221734 99.6768028777485 100.303449894691 101.517043202652 101.980699435234 102.423824087824 102.929916654088 103.478099570744 104.195763694568 104.807357860174 105.250618532809 105.701561994738 106.242779867141 -9999 -9999 108.054688318531
82.3567268483728 82.4883104236957 82.8596093222124 83.5802083186183 83.8319425629702 84.0411916472505 84.2492524094948 84.568429617403 84.8937616793778 85.214361415215 85.570771643548 85.9472920982885 86.3419183786234 86.7869501468118 87.6853148544145 88.097415300095 88.4726536012909 88.9749492214143 89.565115294528 90.1144991703581 90.718072749357 91.0828357461159 91.3923842981291 91.6875774587067 91.9615951440016 92.3254608620459 93.7382652772728 94.4276560689107 94.9115198170641 95.4916337773738 96.1354443034893 96.8648040035578 97.4735898514929 98.1096029200361 98.8213286266179 99.4880483778873 99.9788766815754 101.122213052928 101.637006974041 102.07645741781 102.665574493415 103.245374923819 103.956593840035 104.538831739294 105.03276372509 -9999 106.004309341488 106.586498221244 107.571696367667 107.935538538863
82.1499360686759 82.2849510702796 82.5859283016117 83.3080541582929 83.5644849825913 83.7503019030392 83.998741717524 84.339496445343 84.6802281455378 85.0069269265652 85.248708134991 85.6282419086175 86.1179358933079 86.5260522967782 87.3858024751733 87.8272003954528 88.2833999192166 88.6823100277984 89.1910176694161 89.7821987444286 90.4500339595282 90.8275454742036 91.1806509308571 91.4363011743314 91.6317465729365 92.1574893464267 93.4326563433053 93.9766664796032 94.5799192402129 95.2824404465874 95.9613930555539 96.6166166479518 97.2734264462909 97.8035738843566 98.4592660605995 99.2029753240912 99.6400544354219 100.781713852299 101.319796018937 101.913990809802 102.482761992369 102.982978405871 103.623344543406 104.304807739075 104.814319278577 -9999 -9999 106.434005769829 -9999 107.78194361817
81.7588593652528 81.9107078211436 82.2319014461893 83.0245163736494 83.26915361909 83.5290627726856 83.7934220731312 84.1184134133813 84.4696681909002 84.6950752760358 84.8499444294529 85.1892435882333 85.4901152994399 85.8421521673137 86.9213721204885 87.3151726369942 87.7179205671262 88.3537773784791 88.9067878590891 89.379676317236 89.604814473195 90.0916443756963 90.6631836878967 91.022088106374 91.3257053851777 91.8548534196184 93.2386533956595 93.6325886761747 94.0643841924791 94.7770017919321 95.4023324280594 95.9624433199815 96.3799109750846 97.1162291032953 97.8260772531869 98.5536405435778 99.2712243590478 100.444844553871 101.035265646246 101.645316487477 102.05669523181 102.599617387856 103.22229221156 103.859359376903 104.512228962219 105.046726699333 105.555635737176 106.060631689687 107.080744092688 -9999
81.6490158923518 81.8395084648532 82.1023929978834 82.7572993616108 83.1707862437442 83.4966280946612 83.7150935075333 83.9778141819918 84.2364175096189 84.4834644575341 84.5691805238206 84.914249357016 85.3475811762962 85.6879929010501 86.8293868955779 87.3307567421423 87.7763681507842 88.2647131587991 88.6968195609249 88.785765158576 88.7575142991262 89.5100173764302 90.2547737945396 90.7226414706934 91.0733714944944 91.5597895380098 92.9883209437367 93.4615687491719 93.8195830137623 94.3791904771452 95.002644326307 95.581819147279 96.1086625790804 96.7029457441706 97.4984072299064 98.2263366338268 98.9055543577298 100.170493452008 100.759095575261 101.406383094741 101.928078066264 102.439248060751 102.999592404241 103.668262437989 104.342738507984 104.922584827183 105.347493931443 105.808960752507 106.918517466383 107.399609794807
81.6704844188778 81.7634469360168 82.0129419465935 82.5781100637348 83.0049285767174 83.3914756879093 83.6502939103406 83.8343216063078 84.0090079917095 84.2342256167099 84.4356407342519 84.8602710982153 85.3265613094501 85.66844772178 86.693664071161 87.1678497171212 87.5812344417514 87.9746000464287 88.2546098133549 87.8434915080521 88.1362919087894 89.2312900753751 89.9032340992245 90.5028954643514 90.8775843685916 91.3292912888473 92.7651721208972 93.2896340967616 93.6844511974404 94.1178304132626 94.5777775050771 94.7905147170937 95.1257231403745 96.3695683982951 97.0081914406568 97.9464046084699 98.6622444087196 99.9126238823292 100.52309766131 101.183215433192 101.875957022244 102.325570199511 102.787963445422 103.520057752421 104.158432098379 104.725430620913 105.219859164583 105.704974393346 -9999 107.228811081486
81.7646790416384 81.7841906216825 82.0281025451843 82.6176844710489 82.878572800633 83.2666543391717 83.5833152563884 83.7189560554664 83.8305568953372 84.1118263324684 84.321771961068 84.5533688912332 84.9131295168364 85.5754791319731 86.5466198318058 86.8031097193814 87.222238800777 87.8145535271939 -9999 87.4050016703371 88.2488820302836 89.1120494402256 89.7442281267134 90.4267486916703 90.7446257464696 91.0863334389286 92.4559168430286 93.0899903582643 93.4619401509184 93.7565968909282 93.7938455613441 93.5948921537855 93.6996936175973 95.5854664603382 96.7586545160847 97.7098316616159 98.4146958706721 99.6716197854548 100.348114301925 100.897487251028 101.626969303872 102.200623977611 102.697683977376 103.400058723585 104.033713658279 104.552295055385 104.993931141026 -9999 -9999 -9999
81.795103086972 81.9170184504454 82.1640483758451 82.6954295551893 82.9035642974908 83.2030980891608 83.5216796682137 83.6972421026049 83.6188618761005 83.9018386398155 84.3030739798976 84.4354438695409 84.6957537343351 85.3234564095548 85.883757476732 86.5082662511192 87.0689081403647 87.6013866231827 87.7051756186926 87.7770698145595 88.3745672213992 88.9499124567301 89.5521005550513 90.1309569516926 90.62152977718 90.9116350339758 92.1750909903081 92.9029429378887 93.19768975123 93.047076238562 93.129794350562 92.7046652491109 93.0991049347282 95.5258376386788 96.6824686572803 97.3754931883113 98.0674359902459 99.3193698414265 100.051057011751 100.604100681912 101.213220443881 101.971834726898 102.514357115146 103.138098220743 103.748874149207 104.344671241702 104.805307029485 -9999 -9999 107.015789486241
81.8452530505904 82.0331118836098 82.2108594284066 82.7032521622837 82.9239145065288 83.1232553697796 83.404338948781 83.6283193216984 83.3903996435548 83.7723769376669 84.3516792986186 84.4402296290077 84.4745635887284 84.8347268565561 85.2739722936284 86.4547810630947 86.9785422076501 87.3300001348708 87.5718834977291 87.927985198723 88.2580857986485 88.7341791517309 89.3108233024162 89.8902648976043 90.4866940344107 90.7303622833062 91.9091651929225 92.6043074766883 93.0952413636953 93.0915698416873 93.1065527568976 92.741095303775 94.0050629677571 95.7616513764835 96.6046609522723 97.2355860044938 97.779672727121 99.0331332911877 99.7983424568806 100.400319334739 101.029338149351 101.77100700479 102.278300926952 102.836867927294 103.531552932473 104.159374105134 104.683536205448 105.284788300276 106.324343781507 -9999
81.9838188452608 82.0873997282655 82.2322479511174 82.747464688055 82.9117845909189 83.1597004911473 83.3959584241625 83.5700115548867 83.426682032208 83.8055453939938 84.1472726371557 84.0629237771983 84.1523194262879 84.5732678524628 85.183363664042 86.2232151933419 86.7353159360245 87.1232579465671 87.3406907536977 87.5156668303993 87.6092895621363 88.0344840584749 89.0565546372956 89.6716852735313 90.2654999446105 90.6361758951931 91.4350773138314 91.9398705988199 92.9667705980782 93.1546529905685 92.9797988043444 93.6447848995648 94.8087344441295 95.6966829509295 96.4247000041461 97.020077857274 97.6148793203576 98.8419879103976 99.5977173303654 100.175078120743 100.803028202121 101.450712298191 102.063155014522 102.64161951003 103.343024420396 103.853578138689 104.444704315938 -9999 -9999 -9999
82.0821010384193 82.2006242487075 82.3914188099325 82.7836310046973 82.9365831938679 83.1666620803737 83.3983432212536 83.6125687680465 83.6169247575372 83.6464730206773 83.7055950893043 83.6721447813344 83.9628721872038 84.4048459267926 85.4426762064928 86.0357493406538 86.5556152319978 86.9184272872712 87.097369464978 87.3159605951868 87.3787307798973 87.8479605343479 88.8514417472826 89.4426450653695 89.9829782949177 90.4368023181156 90.9702555229691 91.3507494563654 92.6256781147218 -9999 -9999 -9999 94.8682167723581 95.5583449142494 96.1875068795681 96.7142929588608 97.3368243578895 98.5919341892436 99.2993628932348 99.9359453632809 100.525308839744 101.171380790469 101.84260356403 102.476561450914 103.033860597917 103.532355999403 104.251967019906 -9999 -9999 -9999
82.1551298469009 82.291010792045 82.5185571541547 82.7691656272317 82.9691380069798 83.1174318252389 83.3357856484381 83.6056593160519 83.8006238038132 83.6443050630406 83.3785090887384 83.4745174298245 83.7909822786046 84.2451895620154 85.6650368108127 86.0688325337387 86.4897124431389 86.7601320270532 86.7625686314544 86.6945761928872 87.4265417774547 88.0482995179982 88.5360760081249 88.9290707022749 89.7337717409539 -9999 89.8295770578615 90.5315182694984 92.2815891905415 -9999 -9999 94.1484235325913 94.7423082505343 95.3695064311321 95.9139773049045 96.527454259397 97.0239689166135 98.2281161140727 98.9151979744243 99.5287258041747 100.310028844948 101.011508993668 101.667852140464 102.340549588328 102.788750950367 103.443234575104 104.193370311131 -9999 106.067330561687 106.613728257387
