rcp4.5models/MPi_ESM_LR/sc1gr6.14
NCOLS 261 
NROWS 433 
XLLCORNER 336357.134 
YLLCORNER 654653.479 
CELLSIZE 1000 
NODATA_value -3.4e+38 
[rows 374 to 395 of 433, columns 98 to 146 of 261]
3649.88647460938 3660.3974609375 3641.50122070312 3617.52172851562 3600.9990234375 3569.1689453125 3400.62475585938 3226.36157226562 3284.51611328125 3457.07250976562 3530.95629882812 3515.828125 3511.71533203125 3473.99389648438 3157.35229492188 3059.08520507812 2964.16870117188 2844.0458984375 2690.59008789062 2606.48168945312 2561.1376953125 2496.63818359375 2507.00122070312 2564.97729492188 2682.23461914062 2786.78344726562 2885.2119140625 2886.03881835938 2850.15161132812 2871.96508789062 2926.45532226562 2937.88842773438 2977.00708007812 2968.83666992188 2918.63891601562 2729.80688476562 2479.19189453125 2373.52807617188 2543.50146484375 2507.33569335938 2215.29321289062 2050.57690429688 2002.74206542969 1969.77209472656 1940.76452636719 -3.4e+38 -3.4e+38 -3.4e+38 -3.4e+38
3635.9267578125 3647.64965820312 3635.77172851562 3578.16479492188 3590.21899414062 3575.07592773438 3469.18798828125 3351.9111328125 3368.8056640625 3428.06665039062 3478.60595703125 3506.09741210938 3505.58813476562 3472.251953125 3067.9853515625 2784.54418945312 2672.4453125 2542.9208984375 2435.38671875 2404.7890625 2406.33544921875 2387.69921875 2392.6611328125 2463.35693359375 2597.86279296875 2783.80712890625 3101.57421875 3099.12133789062 3072.22021484375 3032.36962890625 2973.97802734375 2944.130859375 2974.107421875 2966.22998046875 2928.9716796875 2865.91748046875 2777.47705078125 2226.59692382812 2263.6123046875 2300.095703125 2138.94409179688 2033.72082519531 1987.30871582031 1954.62622070312 1929.20336914062 1892.72619628906 1864.74792480469 -3.4e+38 -3.4e+38
3604.12377929688 3583.822265625 3588.20068359375 3566.35791015625 3574.17700195312 3564.26831054688 3552.666015625 3549.11694335938 3530.08276367188 3482.43359375 3484.52563476562 3509.083984375 3501.66528320312 3493.21264648438 3310.18725585938 3002.56787109375 2796.85278320312 2627.33276367188 2545.79516601562 2531.2587890625 2481.27270507812 2453.57202148438 2453.61694335938 2514.39892578125 2676.61572265625 2871.93603515625 3132.35083007812 3151.27807617188 3141.45141601562 3108.85473632812 3049.50122070312 2944.0029296875 2915.9267578125 2969.46337890625 2921.857421875 2802.47607421875 2748.48120117188 2267.98461914062 2115.39868164062 2074.3974609375 2039.4033203125 2016.85473632812 1981.62426757812 1941.43774414062 1911.79711914062 -3.4e+38 -3.4e+38 -3.4e+38 -3.4e+38
3555.54931640625 3511.98095703125 3467.93676757812 3569.94116210938 3571.28588867188 3569.67041015625 3553.01123046875 3516.02978515625 3519.24462890625 3460.73657226562 3411.982421875 3474.01000976562 3495.32836914062 3487.59423828125 3458.96508789062 3376.42016601562 3238.16430664062 3062.84106445312 2908.7646484375 2805.02075195312 2696.634765625 2615.572265625 2562.01220703125 2616.84814453125 2820.744140625 3016.71606445312 3184.9111328125 3132.43872070312 3057.36108398438 3035.083984375 3054.83911132812 2935.22509765625 2826.27197265625 2826.7021484375 2812.69775390625 2675.71435546875 2627.80541992188 2354.87329101562 2128.94213867188 2048.92236328125 2015.88049316406 1996.69750976562 1974.99011230469 1928.42565917969 1894.62438964844 1878.65661621094 1844.42639160156 1806.93640136719 1768.61437988281
3565.83911132812 3509.12841796875 3442.06982421875 3392.45727539062 3490.49829101562 3542.26147460938 3557.17700195312 3505.35620117188 3450.13842773438 3323.90576171875 3217.96215820312 3211.82958984375 3272.30834960938 3394.29565429688 3447.13549804688 3408.90014648438 3275.83422851562 3115.61499023438 2976.65747070312 2841.98071289062 2716.66259765625 2608.07055664062 2531.14111328125 2562.61108398438 2713.70068359375 2929.57666015625 3214.103515625 3155.71704101562 3016.95556640625 2921.46411132812 2955.34448242188 2910.84326171875 2807.02856445312 2688.56640625 2611.33349609375 2493.08813476562 2458.92041015625 2554.50122070312 2261.72534179688 2066.80126953125 2001.97570800781 1973.12939453125 1946.06457519531 1909.71472167969 1874.42944335938 1856.27856445312 1834.51953125 1798.24829101562 1745.89099121094
3502.61376953125 3517.62841796875 3504.47338867188 3285.56665039062 3338.67333984375 3443.50317382812 3470.83520507812 3457.64501953125 3352.69482421875 3171.11596679688 3041.84497070312 2884.08764648438 2862.82592773438 2978.56323242188 3082.22265625 3086.60815429688 2901.3115234375 2740.88549804688 2693.29345703125 2648.0087890625 2585.20971679688 2535.00537109375 2509.9638671875 2512.32250976562 2557.62866210938 2707.28198242188 3025.31811523438 3001.75952148438 3066.87719726562 2960.2802734375 2830.92578125 2790.38330078125 2769.50854492188 2681.43432617188 2527.83813476562 2348.53369140625 2295.32666015625 2584.57958984375 2397.05151367188 2107.09423828125 1996.00085449219 1955.21118164062 1915.80334472656 1886.66186523438 1857.30432128906 1827.34216308594 1809.75378417969 1784.546875 1733.90502929688
3505.9873046875 3515.068359375 3501.19799804688 3399.64453125 3371.29614257812 3389.10571289062 3393.1787109375 3378.47998046875 3258.05517578125 3104.4453125 3010.18676757812 2886.88134765625 2796.43627929688 2729.07202148438 2716.79296875 2753.72778320312 2643.34228515625 2541.57934570312 2537.73095703125 2549.67822265625 2555.03466796875 2547.5654296875 2526.70532226562 2509.45336914062 2514.0537109375 2563.8017578125 2724.68530273438 2801.96508789062 3054.56225585938 3073.06811523438 2888.56713867188 2772.17553710938 2716.765625 2665.81225585938 2586.91015625 2394.75366210938 2249.0244140625 2296.80517578125 2291.8994140625 2151.92895507812 2007.77905273438 1961.72106933594 1914.64221191406 1884.09094238281 1853.95825195312 1811.025390625 1775.46960449219 1752.54870605469 1724.08020019531
3563.66577148438 3503.47216796875 3448.81274414062 3471.6630859375 3454.12646484375 3426.68627929688 3411.14965820312 3392.9990234375 3363.404296875 3309.00732421875 3208.77026367188 3034.63989257812 2918.1650390625 2844.40893554688 2916.88427734375 2866.9873046875 2739.03466796875 2624.505859375 2559.02099609375 2565.06372070312 2590.654296875 2569.73876953125 2542.33959960938 2509.00439453125 2469.4169921875 2484.40087890625 2499.931640625 2663.77490234375 2926.9873046875 3020.17309570312 2981.94848632812 2915.48291015625 2785.755859375 2675.95141601562 2632.35229492188 2531.9296875 2417.94360351562 2236.95141601562 2260.0859375 2381.27709960938 2223.84350585938 1983.51196289062 1922.66674804688 1892.1513671875 1860.34765625 1816.50708007812 1767.51989746094 1740.95532226562 1705.16516113281
3525.259765625 3482.62719726562 3461.01538085938 3468.29272460938 3485.0751953125 3446.08837890625 3411.43774414062 3449.083984375 3501.0703125 3439.73193359375 3330.67944335938 3163.15673828125 3020.791015625 2989.9130859375 3234.41162109375 3176.11938476562 3005.22607421875 2875.88671875 2712.36645507812 2690.87280273438 2823.4677734375 2792.14306640625 2720.69873046875 2690.16821289062 2608.33862304688 2551.99755859375 2429.2412109375 2515.65454101562 2683.61669921875 2798.77734375 2950.21728515625 3042.39721679688 2866.60034179688 2674.61181640625 2624.36547851562 2590.30322265625 2557.671875 2452.60546875 2407.25390625 2505.84887695312 2378.07080078125 2014.54772949219 1932.64331054688 1892.638671875 1863.07019042969 1826.50415039062 1777.57299804688 1746.73461914062 1688.1884765625
3325.1416015625 3415.15502929688 3482.56909179688 3464.38623046875 3450.76293945312 3435.57446289062 3446.29345703125 3430.32104492188 3419.21533203125 3465.21044921875 3442.7958984375 3409.50415039062 3404.96508789062 3400.328125 3382.66381835938 3397.31372070312 3433.32690429688 3471.6904296875 3453.30297851562 3397.3125 3398.17407226562 3401.20336914062 3342.61450195312 3348.48413085938 3306.06176757812 3169.35083007812 2867.59545898438 2854.36352539062 2919.44140625 2981.57080078125 2897.68090820312 2695.80395507812 2617.99536132812 2616.6220703125 2603.96752929688 2534.27099609375 2453.50244140625 2301.78588867188 2280.2666015625 2320.65405273438 2219.24658203125 2042.56640625 1974.82995605469 1924.40393066406 1863.75646972656 1828.78442382812 1795.31506347656 1758.04748535156 1681.34375
3304.41577148438 3364.08959960938 3443.01611328125 3465.955078125 3426.755859375 3424.55004882812 3461.54345703125 3433.41381835938 3392.3359375 3401.80395507812 3373.13525390625 3358.130859375 3372.3349609375 3382.14428710938 3405.39086914062 3421.82666015625 3464.47705078125 3426.98706054688 3348.66015625 3341.2763671875 3356.32983398438 3375.37573242188 3389.0234375 3399.48168945312 3368.61108398438 3226.78491210938 2910.58569335938 2926.24560546875 2976.10986328125 3019.88916015625 2918.91723632812 2679.90795898438 2594.54418945312 2559.1171875 2557.2548828125 2459.89233398438 2314.1015625 2184.03198242188 2127.0703125 2147.14184570312 2169.88427734375 2043.81030273438 2013.21618652344 1969.4521484375 1868.3583984375 1832.89636230469 1795.95739746094 1760.21325683594 1686.71984863281
3307.81372070312 3305.3828125 3393.791015625 3457.14111328125 3419.830078125 3424.46142578125 3460.3994140625 3441.12329101562 3383.2275390625 3340.453125 3328.20776367188 3370.63647460938 3418.46899414062 3441.97094726562 3393.60791015625 3358.70043945312 3365.34399414062 3358.03588867188 3321.55078125 3287.048828125 3321.5009765625 3359.4580078125 3262.98095703125 3218.658203125 3283.11669921875 3197.8359375 3010.82202148438 3027.62866210938 3018.48803710938 3037.55639648438 2984.26904296875 2735.15551757812 2545.52734375 2444.54125976562 2423.22827148438 2392.77905273438 2252.92431640625 2112.4921875 2093.03491210938 2068.25390625 2026.09899902344 2002.31909179688 2019.86633300781 1961.03918457031 1866.74243164062 1815.99169921875 1779.87512207031 1749.42492675781 1680.88195800781
3387.619140625 3319.392578125 3328.345703125 3411.10180664062 3432.17626953125 3448.71997070312 3448.43237304688 3414.02807617188 3366.35595703125 3344.52709960938 3333.66918945312 3353.5380859375 3383.37451171875 3384.12377929688 3357.3388671875 3349.01928710938 3306.916015625 3314.904296875 3383.416015625 3316.27099609375 3229.81030273438 3305.12670898438 3282.59521484375 3190.94360351562 3182.85620117188 3164.32836914062 3103.24584960938 3085.12133789062 3031.90380859375 3002.86083984375 2988.23583984375 2884.04858398438 2747.07421875 2595.28247070312 2384.62353515625 2337.13720703125 2258.18530273438 2072.85473632812 2052.4638671875 2031.51098632812 1986.37622070312 1958.85778808594 1948.84033203125 1921.23571777344 1886.01843261719 1806.28637695312 1764.78234863281 1733.30297851562 1666.31164550781
3433.35400390625 3372.81103515625 3295.763671875 3319.0625 3359.6767578125 3408.44995117188 3410.21411132812 3351.15795898438 3338.6025390625 3365.66259765625 3356.35180664062 3341.46166992188 3328.71166992188 3307.94213867188 3395.2021484375 3402.49145507812 3290.64697265625 3240.49780273438 3359.05517578125 3365.04736328125 3235.67651367188 3201.330078125 3189.62426757812 3134.3408203125 3076.83129882812 3036.02954101562 3012.1796875 2950.560546875 2895.41528320312 2894.08471679688 2927.71606445312 2937.70141601562 2915.16821289062 2798.44873046875 2503.20385742188 2295.70825195312 2229.07641601562 2067.34887695312 2021.25891113281 1988.00415039062 1958.4306640625 1922.81896972656 1888.24731445312 1873.71508789062 1865.55114746094 1800.34289550781 1757.75439453125 1720.74047851562 1662.32690429688
3424.64379882812 3395.2626953125 3320.97705078125 3252.31713867188 3275.0166015625 3342.74096679688 3297.67749023438 3217.833984375 3251.73999023438 3341.29638671875 3382.61889648438 3353.40698242188 3316.322265625 3325.04443359375 3317.09838867188 3196.41674804688 3097.2314453125 3105.96801757812 3243.51025390625 3347.46630859375 3281.92724609375 3096.08862304688 2992.71362304688 2964.18334960938 2978.23852539062 2982.09033203125 2944.62719726562 2904.70141601562 2915.3642578125 2934.3857421875 2909.83764648438 2925.45263671875 2904.84765625 2778.474609375 2567.4619140625 2321.6728515625 2198.822265625 2058.17651367188 2020.4296875 1983.38208007812 1944.86242675781 1906.71789550781 1867.58740234375 1835.197265625 1815.17028808594 1778.96618652344 1743.50695800781 1710.49011230469 1653.71105957031
3384.04150390625 3376.18872070312 3349.60888671875 3290.48120117188 3306.62670898438 3337.12158203125 3284.365234375 3243.40551757812 3239.33178710938 3317.00170898438 3394.41577148438 3340.42553710938 3285.50415039062 3321.19897460938 3153.51147460938 2969.02587890625 2946.08959960938 3023.150390625 3124.42016601562 3166.25390625 3104.53515625 2996.83862304688 2956.1982421875 2945.98706054688 2957.43359375 2957.17724609375 2914.369140625 2895.0615234375 2905.220703125 2913.50048828125 2904.86303710938 2932.11279296875 2880.09643554688 2684.82446289062 2469.65747070312 2280.31469726562 2171.5712890625 2152.99389648438 2062.798828125 1998.10717773438 1984.09326171875 1928.59216308594 1858.67736816406 1832.77478027344 1799.96142578125 1757.55798339844 1722.95080566406 1694.5849609375 1631.96057128906
3340.8017578125 3332.3095703125 3332.40600585938 3341.03247070312 3344.232421875 3329.0751953125 3325.9814453125 3346.28686523438 3313.7890625 3324.51098632812 3368.42309570312 3325.8828125 3273.35498046875 3297.62573242188 3081.1943359375 2928.63012695312 2959.17602539062 3026.24951171875 3060.50122070312 3043.31787109375 3017.31567382812 2978.66235351562 2930.15991210938 2970.11303710938 2987.51586914062 2926.95043945312 2941.22338867188 2998.93530273438 2989.61645507812 2952.77172851562 2882.5009765625 2842.49755859375 2812.27856445312 2574.30249023438 2361.61694335938 2258.63525390625 2212.05004882812 2352.19848632812 2181.3701171875 2007.81127929688 1986.46350097656 1951.28466796875 1893.02209472656 1833.16564941406 1790.27819824219 1741.42700195312 1701.47082519531 1673.41564941406 1620.33557128906
3308.19287109375 3292.181640625 3299.22680664062 3328.63208007812 3318.99365234375 3270.0458984375 3246.52758789062 3274.77172851562 3319.68994140625 3329.41845703125 3317.71826171875 3294.6865234375 3289.177734375 3318.04052734375 3015.70751953125 2900.42431640625 2916.88159179688 2960.73754882812 2988.23315429688 2994.28369140625 2967.578125 2904.31079101562 2902.28247070312 2992.94409179688 3005.35180664062 2924.63037109375 2894.31860351562 2885.59643554688 2854.18774414062 2857.9326171875 2750.03466796875 2611.45849609375 2588.853515625 2441.63623046875 2336.72485351562 2298.34399414062 2263.3251953125 2315.61352539062 2164.78833007812 2013.4501953125 1953.20190429688 1922.75024414062 1887.34631347656 1817.97387695312 1779.37817382812 1732.87219238281 1693.39538574219 1673.35009765625 1618.09130859375
3287.30102539062 3253.7392578125 3260.779296875 3286.28125 3284.11010742188 3240.64282226562 3192.7080078125 3183.5546875 3228.57690429688 3273.69140625 3294.087890625 3289.72485351562 3302.97778320312 3298.1982421875 2989.44213867188 2872.09936523438 2841.28369140625 2841.05004882812 2886.65405273438 2918.70239257812 2891.49438476562 2849.58544921875 2889.533203125 2968.05883789062 2965.6708984375 2911.03393554688 2871.38354492188 2724.70776367188 2681.2314453125 2601.06762695312 2438.66943359375 2323.51000976562 2302.17309570312 2333.13696289062 2331.109375 2268.3232421875 2198.50341796875 2140.3896484375 2064.10913085938 1996.78991699219 1934.0849609375 1888.00476074219 1843.87438964844 1805.82470703125 1774.37902832031 1728.46398925781 1697.78771972656 1680.24987792969 1615.87548828125
3259.18676757812 3231.03002929688 3202.234375 3248.30541992188 3236.52709960938 3216.93432617188 3196.25219726562 3159.53491210938 3136.65234375 3165.23754882812 3202.091796875 3239.388671875 3241.9423828125 3164.36083984375 2948.65771484375 2854.64892578125 2821.90966796875 2802.90991210938 2834.02221679688 2873.75903320312 2853.18627929688 2825.52978515625 2874.84619140625 2924.1630859375 2908.83837890625 2891.07690429688 2989.17993164062 2885.26123046875 2770.3603515625 2523.09985351562 2311.87231445312 2229.0576171875 2218.7177734375 2265.46337890625 2260.74169921875 2186.98974609375 2106.20141601562 2076.69921875 2025.744140625 1960.19665527344 1912.05725097656 1866.38098144531 1832.92114257812 1813.04064941406 1778.63195800781 1727.49719238281 1700.82568359375 1673.90258789062 1610.41931152344
3189.9814453125 3213.6572265625 3202.67260742188 3231.50537109375 3216.14624023438 3194.70361328125 3171.03295898438 3143.45654296875 3116.09106445312 3086.30932617188 3060.26025390625 3092.57641601562 3096.359375 3015.05908203125 2892.48559570312 2855.998046875 2817.96044921875 2813.06567382812 2849.78979492188 2851.2197265625 2811.51220703125 2807.69750976562 2856.30224609375 2883.15844726562 2849.49243164062 2827.65405273438 2992.48388671875 2822.90942382812 2580.56103515625 2380.5380859375 2285.26489257812 2211.638671875 2175.64379882812 2169.794921875 2148.06274414062 2112.19213867188 2072.59399414062 2050.81030273438 2009.79223632812 1954.05993652344 1912.166015625 1871.59301757812 1835.93774414062 1814.40112304688 1773.37585449219 1730.41943359375 1694.76354980469 1654.11462402344 1595.20324707031
3164.52075195312 3159.02954101562 3195.91723632812 3200.99584960938 3186.14770507812 3168.662109375 3150.61791992188 3128.24169921875 3086.90356445312 3044.82202148438 3018.33837890625 2989.26318359375 2976.8349609375 3005.03955078125 3025.88720703125 2946.96655273438 2925.97607421875 2928.8056640625 2892.9462890625 2797.34887695312 2730.29833984375 2732.8857421875 2728.34936523438 2738.78735351562 2805.20092773438 2867.28271484375 2744.1279296875 2437.96166992188 2305.18090820312 2261.6806640625 2220.34838867188 2181.4697265625 2165.69653320312 2138.45385742188 2091.80126953125 2044.22534179688 2043.79077148438 1998.16882324219 1966.87268066406 1938.12719726562 1936.0537109375 1916.45617675781 1844.17150878906 1793.4921875 1755.76696777344 1714.91857910156 1676.21142578125 1640.98803710938 1584.93212890625
