rcp4.5models/MPi_ESM_LR/sc1gr10.15
NCOLS 261 
NROWS 433 
XLLCORNER 336357.134 
YLLCORNER 654653.479 
CELLSIZE 1000 
NODATA_value -3.4e+38 
[rows 154 to 175 of 433, columns 49 to 97 of 261]
178.751098632812 179.735610961914 180.006530761719 181.063674926758 181.468856811523 181.851333618164 183.128265380859 185.729782104492 187.109466552734 186.778167724609 186.525161743164 186.874267578125 187.768920898438 188.079528808594 189.303955078125 189.534759521484 190.349792480469 191.330032348633 192.520584106445 193.777114868164 194.31201171875 194.906478881836 196.623306274414 197.519302368164 199.020736694336 200.523620605469 202.027709960938 202.990966796875 203.44255065918 206.353713989258 208.325073242188 209.748153686523 211.053024291992 213.520446777344 214.943115234375 217.121475219727 219.172668457031 220.473083496094 222.851913452148 224.055465698242 224.829956054688 229.143997192383 229.769393920898 231.347793579102 233.583679199219 234.464920043945 235.918334960938 238.099212646484 240.022583007812
177.721237182617 178.950958251953 179.14794921875 179.720977783203 180.654602050781 180.850479125977 181.42887878418 183.708251953125 185.600860595703 184.705902099609 184.855438232422 185.270889282227 187.093994140625 186.588638305664 187.215805053711 188.354095458984 189.209854125977 190.00959777832 191.215377807617 192.020690917969 192.887435913086 193.279434204102 194.601287841797 196.585403442383 197.875610351562 198.771850585938 200.147277832031 201.109405517578 202.739212036133 204.828338623047 206.827056884766 208.901931762695 209.741592407227 211.846908569336 214.063705444336 215.181076049805 217.194152832031 219.165420532227 221.356170654297 223.358245849609 224.047882080078 228.533767700195 229.500534057617 230.692489624023 233.130569458008 233.643325805664 234.779052734375 237.157577514648 239.046875
176.998748779297 177.56721496582 177.896911621094 177.998718261719 179.268981933594 179.697784423828 180.48779296875 182.382537841797 183.289321899414 182.930740356445 183.189071655273 184.173553466797 184.952896118164 184.970626831055 185.265701293945 186.542526245117 187.955230712891 188.964004516602 189.953536987305 190.988006591797 191.668106079102 191.950622558594 193.148452758789 194.995010375977 196.491195678711 197.642059326172 199.023666381836 199.430526733398 -3.4e+38 203.335968017578 204.981491088867 206.925643920898 208.872543334961 210.375839233398 211.99382019043 213.784698486328 215.681457519531 218.275787353516 220.195770263672 222.803848266602 223.978256225586 227.885330200195 229.056259155273 230.015838623047 232.618255615234 233.191390991211 234.524505615234 236.590408325195 238.40022277832
176.544479370117 176.877380371094 176.924865722656 177.312774658203 178.359115600586 178.64860534668 179.348724365234 181.001525878906 182.132049560547 181.995574951172 182.300811767578 183.509429931641 183.663177490234 183.921859741211 184.292678833008 184.868911743164 186.20231628418 186.719345092773 189.078353881836 190.128799438477 190.580902099609 190.968383789062 191.649291992188 193.038070678711 194.56217956543 196.303756713867 197.703659057617 198.567123413086 199.252685546875 202.243698120117 203.610198974609 204.629013061523 206.805145263672 208.951141357422 210.396423339844 212.989562988281 214.903717041016 217.594329833984 219.369506835938 221.532104492188 223.478698730469 227.216232299805 228.553771972656 229.497192382812 232.024688720703 232.677886962891 234.262161254883 235.960342407227 237.355712890625
175.34928894043 175.466537475586 174.891143798828 175.856597900391 177.245040893555 177.968276977539 178.26806640625 180.018920898438 180.833023071289 181.43830871582 181.743682861328 182.859115600586 182.459136962891 182.700088500977 183.490036010742 183.872314453125 184.470367431641 185.333084106445 187.516632080078 188.915130615234 189.856430053711 190.118865966797 190.537139892578 191.402969360352 192.804443359375 194.481842041016 196.447067260742 197.416519165039 198.275726318359 201.586013793945 202.828231811523 203.644821166992 205.333786010742 207.726486206055 208.890884399414 210.91015625 213.455505371094 216.145111083984 217.827453613281 219.573883056641 221.56510925293 225.917922973633 228.074676513672 229.326919555664 231.406204223633 232.411193847656 233.744110107422 235.696319580078 236.586975097656
173.719833374023 173.798370361328 173.513961791992 174.136932373047 174.805252075195 176.161102294922 177.79182434082 178.649475097656 179.651031494141 180.146850585938 180.983428955078 180.958938598633 181.419845581055 181.784484863281 182.270935058594 183.053237915039 183.432510375977 184.030746459961 185.825256347656 187.145599365234 187.662139892578 187.999282836914 188.50163269043 190.309463500977 191.720840454102 192.510284423828 194.498931884766 196.234558105469 197.014221191406 200.025985717773 201.694686889648 202.782760620117 203.779220581055 205.809127807617 207.803695678711 209.43115234375 212.191741943359 214.242721557617 216.023376464844 218.190673828125 220.245346069336 224.837997436523 227.467178344727 229.199783325195 231.354965209961 231.954849243164 233.123626708984 235.426452636719 235.951309204102
172.762130737305 172.122604370117 172.308349609375 173.316299438477 173.776519775391 174.768814086914 174.894729614258 176.280090332031 177.519897460938 179.182235717773 179.911285400391 180.567199707031 180.925582885742 180.989334106445 181.350479125977 181.746063232422 182.092529296875 182.987976074219 -3.4e+38 185.402801513672 186.144241333008 185.99365234375 186.936706542969 188.141876220703 190.369155883789 191.389862060547 192.847106933594 194.325958251953 196.091186523438 198.235214233398 199.851211547852 201.490280151367 202.59326171875 204.316345214844 206.969177246094 208.484344482422 210.038330078125 212.341583251953 214.326416015625 217.400466918945 219.576843261719 223.963562011719 226.739074707031 228.512466430664 231.048965454102 231.503829956055 232.850646972656 234.948333740234 235.800109863281
170.039199829102 170.585189819336 169.747665405273 170.613800048828 171.492813110352 171.735595703125 172.953475952148 174.230239868164 174.754516601562 176.200378417969 176.690307617188 176.907974243164 177.165191650391 177.949920654297 177.903915405273 178.968383789062 179.630722045898 179.786376953125 180.955642700195 182.909912109375 183.313140869141 184.038589477539 184.706039428711 185.075607299805 186.135971069336 187.512924194336 189.710983276367 191.149993896484 192.686965942383 196.241897583008 196.985275268555 199.093811035156 200.904998779297 201.550994873047 203.365051269531 206.099166870117 207.660049438477 209.512237548828 212.119522094727 214.423873901367 216.568664550781 221.567520141602 224.613647460938 227.099487304688 229.176971435547 230.889938354492 231.831329345703 233.130187988281 234.550979614258
169.186111450195 169.110000610352 167.731369018555 168.616775512695 170.099090576172 171.099304199219 171.542526245117 173.0634765625 174.038650512695 174.418899536133 174.630279541016 174.883285522461 175.777893066406 176.358947753906 177.202774047852 177.458511352539 177.863952636719 178.169738769531 179.468109130859 180.41862487793 181.361694335938 182.02360534668 183.609710693359 184.112426757812 185.298812866211 185.987319946289 187.667816162109 188.667114257812 190.788635253906 194.921722412109 195.547866821289 197.096343994141 198.796264648438 199.570831298828 201.775344848633 203.984893798828 206.438552856445 208.264541625977 210.662673950195 212.629821777344 215.339752197266 220.753082275391 223.446334838867 226.487762451172 228.792358398438 229.947387695312 231.045562744141 232.157958984375 233.864776611328
167.741607666016 166.13264465332 166.368728637695 167.060607910156 168.200805664062 168.826629638672 169.198120117188 172.164215087891 172.608245849609 172.735046386719 172.861389160156 173.171691894531 174.329498291016 174.642501831055 175.829055786133 176.133224487305 176.369430541992 177.122116088867 178.078491210938 178.943756103516 179.538986206055 180.502227783203 181.502243041992 182.059616088867 184.002593994141 184.979782104492 185.81575012207 187.037155151367 188.408447265625 192.696197509766 194.57731628418 195.819961547852 196.720916748047 198.050521850586 200.596420288086 202.502578735352 205.241500854492 207.102447509766 209.636962890625 211.369995117188 213.62614440918 219.869277954102 221.889266967773 225.272994995117 227.733779907227 229.016265869141 230.374160766602 231.649124145508 233.117721557617
165.203140258789 164.698394775391 165.181793212891 166.160446166992 166.6484375 167.733840942383 168.949768066406 170.756774902344 171.157470703125 171.561065673828 170.40217590332 171.418121337891 172.688339233398 173.603012084961 174.344253540039 175.063583374023 175.2646484375 175.958679199219 177.030975341797 177.62272644043 178.515579223633 179.26806640625 179.999862670898 180.708648681641 182.938339233398 183.59294128418 184.07307434082 185.611190795898 186.937957763672 191.011032104492 192.997100830078 194.474548339844 195.596099853516 196.564651489258 198.594390869141 201.121688842773 203.241577148438 205.578048706055 208.348495483398 210.602569580078 212.524017333984 218.021011352539 220.492218017578 223.294830322266 226.138793945312 228.442169189453 229.951995849609 231.293075561523 231.536712646484
163.162780761719 163.406921386719 164.319213867188 164.867218017578 165.897048950195 167.118804931641 167.662292480469 168.371688842773 168.714096069336 169.490753173828 169.034744262695 169.664077758789 170.863296508789 171.35969543457 172.054153442383 173.791030883789 174.025650024414 174.969085693359 175.71630859375 176.607528686523 177.391616821289 178.311721801758 178.834884643555 179.841384887695 180.701690673828 181.221298217773 182.257888793945 183.887817382812 185.480209350586 189.625183105469 191.229888916016 192.708923339844 194.275573730469 195.387161254883 196.677215576172 199.892211914062 201.869491577148 204.357543945312 206.762329101562 209.339111328125 211.120178222656 216.620208740234 219.292709350586 221.503890991211 224.576232910156 227.151565551758 229.045074462891 229.204925537109 229.460678100586
161.751235961914 162.507537841797 163.109130859375 163.405395507812 164.737548828125 165.889251708984 166.008346557617 166.435775756836 167.160293579102 167.660049438477 167.63298034668 168.087097167969 169.078857421875 169.52180480957 170.635375976562 171.913818359375 172.114471435547 173.007858276367 174.673629760742 175.279876708984 176.252471923828 177.016662597656 177.8583984375 178.452178955078 179.269287109375 179.714736938477 180.409805297852 -3.4e+38 184.144989013672 187.91618347168 189.492340087891 190.720565795898 191.889801025391 194.069610595703 195.454620361328 197.763854980469 200.499694824219 203.043075561523 205.167114257812 208.353363037109 209.842071533203 215.22868347168 217.987503051758 219.999160766602 223.071548461914 224.62516784668 226.414596557617 227.064300537109 227.714996337891
160.932174682617 161.378372192383 162.151260375977 162.626174926758 163.823699951172 164.245834350586 164.363296508789 165.300933837891 165.941497802734 166.54817199707 166.174530029297 166.968856811523 167.614273071289 168.421279907227 169.218566894531 170.256729125977 170.695953369141 172.377410888672 172.562118530273 173.409942626953 174.159133911133 175.787506103516 176.407989501953 176.734558105469 177.890518188477 178.401626586914 179.263565063477 180.20686340332 182.091720581055 186.232711791992 188.329696655273 189.118209838867 190.464096069336 192.931640625 193.920516967773 195.716751098633 198.5576171875 200.977645874023 203.839111328125 206.388229370117 208.685333251953 213.367630004883 215.613464355469 218.039566040039 220.537582397461 222.428466796875 223.711975097656 224.693817138672 225.978881835938
158.987869262695 159.820190429688 161.020416259766 161.986465454102 162.53205871582 163.362731933594 163.474517822266 163.989868164062 164.360000610352 165.363082885742 165.284652709961 165.751068115234 166.539657592773 167.218154907227 168.193450927734 168.905883789062 169.946853637695 171.817138671875 170.457275390625 171.561370849609 171.957183837891 173.453506469727 173.821975708008 174.150436401367 175.448120117188 176.685745239258 177.937728881836 178.922088623047 180.182983398438 184.345855712891 186.356796264648 187.92561340332 188.924774169922 190.865966796875 192.421401977539 194.422256469727 196.02360534668 198.946640014648 202.286758422852 204.338989257812 207.030746459961 211.685745239258 213.70703125 216.736755371094 217.956970214844 219.910003662109 221.208465576172 222.213531494141 224.430938720703
157.649230957031 158.309417724609 159.346710205078 159.936920166016 160.335571289062 161.999557495117 162.144821166992 163.170272827148 163.205413818359 162.935668945312 163.321624755859 164.994140625 166.041427612305 166.296585083008 166.91975402832 167.972366333008 168.429397583008 169.640640258789 169.351776123047 169.791412353516 -3.4e+38 171.226028442383 171.457214355469 171.950546264648 173.278701782227 174.572250366211 175.598434448242 177.675155639648 179.086318969727 183.072860717773 184.134963989258 185.936737060547 187.178695678711 188.656265258789 190.636047363281 193.202072143555 194.689697265625 197.421676635742 200.004425048828 202.418197631836 204.555847167969 209.370422363281 212.250701904297 215.551071166992 216.314498901367 217.590270996094 218.553512573242 220.047988891602 222.215393066406
156.490249633789 157.433685302734 157.777206420898 158.091400146484 159.010696411133 159.649154663086 159.87614440918 160.978530883789 161.063491821289 161.136108398438 161.919281005859 163.140472412109 164.798828125 165.183181762695 165.877624511719 166.410064697266 166.77946472168 167.692199707031 167.112182617188 167.220199584961 167.691940307617 169.474838256836 169.8720703125 170.650314331055 171.480270385742 172.614135742188 173.488525390625 176.075241088867 177.642883300781 181.616104125977 182.264053344727 183.836700439453 185.316604614258 187.01237487793 188.892974853516 191.621109008789 193.573333740234 195.931289672852 197.885818481445 200.510360717773 202.526626586914 207.30989074707 210.388153076172 213.401153564453 214.535675048828 215.303466796875 216.251602172852 217.513961791992 219.403228759766
155.642532348633 156.072311401367 156.453796386719 157.286834716797 158.264724731445 157.79931640625 158.651031494141 159.195175170898 159.86897277832 160.270034790039 160.765396118164 161.744506835938 162.529708862305 163.450271606445 164.501800537109 163.950988769531 164.300415039062 165.343063354492 164.985473632812 165.255233764648 -3.4e+38 167.092895507812 167.448684692383 168.330657958984 169.062301635742 170.98649597168 172.296432495117 174.134140014648 175.901290893555 179.224624633789 180.625732421875 182.045806884766 183.740127563477 186.071151733398 187.922760009766 190.530807495117 192.178970336914 193.776824951172 196.288925170898 199.046905517578 200.997985839844 205.379837036133 207.638549804688 210.552047729492 212.893585205078 213.646987915039 214.06852722168 215.415451049805 217.131439208984
155.126770019531 155.413452148438 155.627807617188 156.011093139648 156.459823608398 156.884750366211 157.56623840332 158.340393066406 158.691162109375 159.013381958008 159.862106323242 160.280349731445 160.576995849609 161.674774169922 162.115814208984 162.002746582031 162.650665283203 163.122955322266 163.903076171875 163.715667724609 164.407089233398 165.112274169922 165.778564453125 166.455780029297 167.430267333984 168.616592407227 170.679580688477 172.065460205078 173.305618286133 177.216552734375 178.893600463867 180.91584777832 182.319427490234 184.902069091797 -3.4e+38 189.371917724609 191.173324584961 192.902877807617 194.43994140625 196.814758300781 199.319473266602 203.827484130859 206.265029907227 208.588989257812 211.297958374023 211.866653442383 212.246047973633 213.868011474609 215.588760375977
153.217895507812 153.459762573242 153.949127197266 154.211837768555 155.135498046875 155.235000610352 155.476181030273 156.63786315918 156.738189697266 156.838882446289 157.064254760742 157.831665039062 158.459045410156 159.22346496582 159.689743041992 159.680587768555 160.118133544922 160.69401550293 161.378265380859 161.462493896484 162.272201538086 162.847351074219 163.650802612305 164.115936279297 164.50276184082 165.262664794922 165.910690307617 166.770721435547 169.282043457031 173.784423828125 175.665481567383 178.395233154297 180.237518310547 182.674331665039 184.195983886719 187.589050292969 189.275283813477 189.572113037109 191.917678833008 -3.4e+38 195.701522827148 200.573669433594 203.014373779297 205.24755859375 207.385803222656 208.744430541992 209.961853027344 210.743469238281 212.422302246094
152.073211669922 152.181365966797 152.488464355469 153.326354980469 153.752731323242 154.370223999023 154.527618408203 155.227096557617 155.326080322266 155.534317016602 156.18669128418 156.681274414062 157.571624755859 157.923431396484 158.084335327148 158.269454956055 159.151184082031 159.488662719727 159.766143798828 160.007171630859 161.063110351562 161.387786865234 162.438430786133 162.664688110352 163.402297973633 163.920257568359 164.310760498047 165.603698730469 167.581268310547 171.386581420898 173.754379272461 176.260498046875 179.317901611328 181.738815307617 183.119338989258 185.906494140625 187.140823364258 188.00244140625 190.634689331055 192.174301147461 194.518280029297 198.12516784668 200.636947631836 203.324340820312 204.77458190918 207.084930419922 208.468734741211 209.184677124023 211.322708129883
150.791610717773 151.414794921875 151.564727783203 151.98503112793 152.402206420898 153.241363525391 153.336486816406 154.237655639648 154.368698120117 154.679443359375 155.118530273438 155.818969726562 156.390823364258 156.488830566406 156.698196411133 157.354309082031 157.769332885742 157.904495239258 158.844680786133 159.054122924805 159.746658325195 160.424942016602 161.118087768555 161.731033325195 162.127502441406 162.61328125 163.457138061523 164.362350463867 165.970687866211 169.622589111328 172.685394287109 174.417053222656 177.847442626953 179.295043945312 181.565200805664 184.337051391602 185.676574707031 187.08122253418 189.750305175781 191.098922729492 193.390701293945 196.087768554688 198.903915405273 201.07080078125 203.270370483398 205.457015991211 206.943435668945 207.759307861328 209.989318847656
