rcp4.5models/MPi_ESM_LR/sc1gr1.8
NCOLS 261 
NROWS 433 
XLLCORNER 336357.134 
YLLCORNER 654653.479 
CELLSIZE 1000 
NODATA_value -3.4e+38 
[rows 330 to 351 of 433, columns 98 to 146 of 261]
63.3934516906738 62.9006233215332 62.5238838195801 61.9641380310059 61.7485160827637 62.1228141784668 60.6159133911133 56.4712142944336 53.0828323364258 53.4577331542969 53.970386505127 54.0459671020508 54.4935874938965 54.6896286010742 -3.4e+38 -3.4e+38 57.4004211425781 56.3751373291016 57.5747108459473 59.4603157043457 -3.4e+38 -3.4e+38 59.2355728149414 57.8487281799316 57.2344589233398 56.7745819091797 53.6972045898438 50.1194458007812 50.1176567077637 52.8416900634766 53.4169158935547 52.7195625305176 52.2224960327148 52.090015411377 52.8181037902832 53.4445343017578 53.1419639587402 53.5817604064941 54.2420768737793 53.7163429260254 51.917106628418 49.7591361999512 48.1053466796875 47.6200523376465 47.6752128601074 48.0107345581055 48.1519470214844 48.0470695495605 51.9214859008789
63.7242279052734 63.5961494445801 62.9951438903809 61.2874755859375 59.6081695556641 60.576358795166 61.0493392944336 58.0310287475586 53.9946594238281 52.0559425354004 51.5585594177246 51.6994018554688 52.6632041931152 52.9179611206055 58.6545104980469 -3.4e+38 59.3178672790527 58.3163719177246 57.9810981750488 57.5015678405762 57.7681732177734 59.0830917358398 59.6837043762207 59.3667907714844 58.458927154541 57.312313079834 54.7199554443359 51.9525947570801 50.1347694396973 49.8082618713379 50.7136039733887 50.9144973754883 50.5990219116211 51.1932945251465 52.4247741699219 53.0666160583496 52.3640098571777 51.9373168945312 52.0327987670898 52.4604873657227 52.2358207702637 50.3412933349609 48.666332244873 47.7034950256348 47.3286323547363 47.498851776123 47.7908668518066 47.8259963989258 52.3949241638184
64.2377166748047 63.916675567627 63.6207504272461 61.9540176391602 59.8666725158691 59.5821800231934 59.6535949707031 58.3537788391113 55.4870109558105 51.7316207885742 50.4237594604492 51.3696823120117 53.563591003418 55.2739753723145 59.055118560791 60.2955513000488 -3.4e+38 -3.4e+38 58.9527626037598 57.5068855285645 56.2690849304199 57.1643486022949 59.0065803527832 60.0886878967285 59.745361328125 58.314022064209 56.0228385925293 54.2322235107422 52.1228256225586 49.3595199584961 48.6789970397949 49.7543601989746 50.2506980895996 51.1206092834473 52.0176429748535 52.9098892211914 52.7431488037109 51.7314796447754 50.7369270324707 50.1166648864746 50.116455078125 49.1938056945801 48.2867469787598 47.6061172485352 47.3082466125488 47.3494491577148 47.4609756469727 47.7045631408691 51.4732856750488
64.3752365112305 63.9094772338867 63.9507751464844 62.3341751098633 61.5070991516113 60.1147155761719 58.7127876281738 57.9228363037109 55.7510185241699 52.5151901245117 52.0614471435547 54.11572265625 56.4043426513672 57.6615791320801 -3.4e+38 -3.4e+38 -3.4e+38 -3.4e+38 58.795726776123 58.2756118774414 57.2234115600586 56.4639778137207 57.1925239562988 58.6450080871582 59.5807418823242 58.810375213623 56.5901260375977 55.6129875183105 53.9491806030273 51.6223449707031 49.6053237915039 49.6519966125488 50.9843330383301 51.8833694458008 52.062858581543 52.0977401733398 52.1650085449219 51.3192405700684 49.9730987548828 48.7119369506836 48.1504135131836 48.0175323486328 47.7562866210938 47.4867134094238 47.3751754760742 47.4188613891602 47.4750061035156 48.0899314880371 49.9753265380859
64.1770248413086 63.9265480041504 64.1641998291016 61.4783248901367 60.1928215026855 59.4828643798828 58.3917465209961 57.0515327453613 54.552188873291 51.7416763305664 51.7172737121582 53.7024993896484 55.1323776245117 56.1109771728516 57.8944816589355 60.1886558532715 -3.4e+38 -3.4e+38 58.9438629150391 58.4335289001465 57.9189567565918 57.0515022277832 56.3322219848633 56.4184989929199 57.5319519042969 57.9492874145508 57.2050895690918 56.9766883850098 56.1507186889648 54.3751945495605 52.396068572998 51.0717735290527 51.7357788085938 52.4520454406738 52.2870101928711 51.5655136108398 51.4412078857422 50.1345748901367 48.6782455444336 47.9540748596191 47.6876411437988 47.5688095092773 47.5006256103516 47.4864845275879 47.3853607177734 47.3298492431641 47.4695701599121 47.9209136962891 49.9192161560059
63.6435089111328 63.8099136352539 63.9382133483887 62.9906425476074 61.3253517150879 60.4877738952637 59.1292724609375 56.0495491027832 52.7577629089355 50.6688652038574 50.5009078979492 51.5039749145508 51.9130516052246 52.923210144043 57.3316955566406 59.8835487365723 59.5982093811035 59.0042114257812 58.5614204406738 57.9325942993164 57.7099685668945 57.5204200744629 56.7234916687012 55.6855583190918 55.2390556335449 55.6307830810547 56.6232032775879 56.8730888366699 57.3116264343262 56.7950630187988 55.3357696533203 53.2474174499512 52.0902519226074 51.5820770263672 51.717658996582 51.4054870605469 50.5517807006836 49.2340316772461 48.0676193237305 47.5748443603516 47.6674423217773 47.4229393005371 47.3337478637695 47.5705604553223 47.5266151428223 47.3898124694824 47.419677734375 47.4532127380371 48.6514778137207
63.6318588256836 63.8541221618652 64.3335037231445 64.4337997436523 64.5898208618164 64.1569900512695 62.6434288024902 60.6479339599609 56.1761169433594 51.7030792236328 51.8018264770508 52.2877159118652 53.1247634887695 54.1966972351074 55.5276260375977 55.5388984680176 54.0361862182617 51.0360107421875 50.8897552490234 53.4768829345703 55.4194450378418 56.4351119995117 57.0310134887695 56.5972442626953 55.4471321105957 53.3034591674805 52.4894905090332 53.9154014587402 55.4304313659668 56.4964065551758 56.7546691894531 56.0911560058594 54.558837890625 52.2430953979492 50.9612236022949 50.1793251037598 49.162223815918 47.8560829162598 47.7042617797852 47.6270904541016 47.5331230163574 47.519962310791 47.6570320129395 47.6975212097168 47.648136138916 47.5967102050781 48.1444511413574 48.9479866027832 51.8307304382324
64.4680404663086 64.1970062255859 64.0995864868164 64.668098449707 64.530891418457 64.3720397949219 63.5781784057617 62.4720764160156 58.0633392333984 52.7442245483398 52.4797210693359 52.2551116943359 52.7051391601562 53.3168563842773 52.5975189208984 52.1166038513184 51.710620880127 50.454891204834 49.7818222045898 51.9332885742188 55.2802505493164 56.303955078125 56.0948753356934 55.8975219726562 55.9546661376953 54.0881156921387 51.0324211120605 51.9146270751953 53.0435943603516 54.479320526123 55.2289237976074 55.1361999511719 54.8023834228516 53.5869331359863 52.8594932556152 52.047534942627 50.3899307250977 47.9735488891602 47.8952217102051 47.8211135864258 47.6938743591309 47.6997108459473 47.9124526977539 48.5922927856445 48.8812026977539 48.6361808776855 51.0390167236328 53.2453308105469 56.814380645752
64.6244506835938 64.2372207641602 64.1303329467773 64.5661773681641 64.2823791503906 64.4258651733398 64.3418121337891 63.2498817443848 60.1087226867676 57.0361709594727 55.7451553344727 53.8256607055664 53.3123321533203 53.2250213623047 51.6573143005371 50.3295059204102 50.4005928039551 50.205982208252 49.8528594970703 51.7463645935059 54.5886688232422 55.0317420959473 54.9039154052734 54.9250259399414 55.7988624572754 54.780948638916 50.2323684692383 49.9865913391113 50.7889289855957 52.4081687927246 53.2887649536133 53.5141143798828 53.8363800048828 53.4422492980957 53.0563583374023 52.4255142211914 50.987979888916 48.4296188354492 47.904426574707 47.7683639526367 47.8913269042969 47.956672668457 49.5082702636719 51.6800231933594 50.8457450866699 51.5427589416504 55.7548408508301 58.4290924072266 61.1569747924805
64.2534484863281 64.2575988769531 64.2593307495117 64.3044738769531 64.3225402832031 64.6073913574219 64.8672485351562 64.3305282592773 63.0723419189453 62.0618896484375 60.5352783203125 58.7684936523438 57.1907272338867 56.5957794189453 56.71923828125 53.4279708862305 51.3375396728516 50.9937858581543 50.7668838500977 51.0360412597656 51.7656326293945 51.9454574584961 53.1281127929688 54.1868362426758 54.4143676757812 53.8015289306641 50.2254028320312 49.050609588623 49.2842636108398 50.4214324951172 51.9349555969238 53.1200332641602 52.900936126709 52.4215965270996 51.730037689209 50.9510231018066 50.411434173584 49.0354080200195 49.2001914978027 49.3994369506836 48.4477119445801 49.9006652832031 53.7402801513672 55.2898406982422 51.6023826599121 51.9695510864258 56.5943145751953 59.6322364807129 63.3993759155273
64.3675765991211 64.4416732788086 64.2270889282227 64.2811508178711 64.4334564208984 64.4832077026367 64.7294235229492 65.0153884887695 64.4886322021484 63.8736228942871 63.1924858093262 62.3760757446289 61.2130737304688 61.0261154174805 61.1066589355469 57.7249794006348 55.2199859619141 55.5221939086914 55.2143135070801 53.9943389892578 53.3208961486816 53.5849952697754 53.9505424499512 54.5029830932617 53.4278755187988 52.4451446533203 50.1871185302734 49.2877006530762 49.1955490112305 50.447151184082 52.9389953613281 54.0071563720703 53.0442161560059 52.3311157226562 52.009449005127 52.2348670959473 52.3723411560059 52.4614067077637 54.158519744873 53.4834403991699 50.1106719970703 52.8025779724121 57.6735954284668 55.4906196594238 50.796947479248 51.6962852478027 56.7150650024414 59.8458213806152 63.9101257324219
64.6567153930664 64.3832473754883 64.1015472412109 64.3744049072266 64.702262878418 64.4258728027344 64.272819519043 65.0193328857422 64.9842071533203 64.4755859375 64.0920486450195 63.6065521240234 63.0410232543945 62.5932083129883 61.9652976989746 59.7503471374512 59.0057754516602 60.046215057373 59.8488464355469 59.1839599609375 58.7963790893555 58.2664566040039 57.2069396972656 56.3746643066406 54.2864875793457 52.4888610839844 50.7541732788086 52.5308990478516 53.0522575378418 52.0051040649414 54.6335372924805 56.7783088684082 56.0509796142578 55.1791381835938 55.8722648620605 56.7551689147949 57.4150657653809 58.1546669006348 59.1218605041504 57.0310401916504 54.3819313049316 57.1774139404297 59.2348747253418 54.8179626464844 52.6912460327148 56.3783416748047 60.0607528686523 62.3373603820801 64.1807174682617
64.6530380249023 64.2023162841797 64.0968780517578 64.4483947753906 64.7080917358398 64.5040283203125 64.6995086669922 65.2408142089844 65.0677795410156 64.6663513183594 64.5353927612305 64.219108581543 63.7486343383789 63.2265357971191 62.9638595581055 61.4978828430176 60.8078384399414 61.4678840637207 61.7994117736816 62.0008926391602 62.1524314880371 61.726619720459 60.7312507629395 59.4951553344727 57.3378562927246 55.5849914550781 55.0432243347168 57.6291694641113 58.1681785583496 56.120475769043 57.8369102478027 60.1209411621094 59.9244689941406 59.0420379638672 59.3308944702148 59.6189079284668 60.6305809020996 61.8723068237305 61.8488578796387 60.2294807434082 59.781566619873 61.4287033081055 60.1166915893555 57.8346900939941 58.5046615600586 60.8869171142578 62.582893371582 64.14892578125 64.827751159668
64.8033981323242 64.5820770263672 64.5567626953125 64.4221878051758 64.5128326416016 64.7720031738281 65.0988922119141 65.1450729370117 65.2012329101562 64.8627853393555 64.6978149414062 64.5309982299805 64.2152557373047 63.7853202819824 63.4320373535156 62.721622467041 62.063892364502 61.9472465515137 61.629467010498 61.9413795471191 63.0972633361816 63.7244911193848 63.3542861938477 62.3616714477539 61.0622482299805 60.3177223205566 59.7257766723633 60.6987419128418 61.6842041015625 61.6249313354492 61.8706359863281 62.1076278686523 61.8029174804688 60.9192123413086 60.1817893981934 59.6935539245605 60.212287902832 62.6788063049316 63.5559272766113 63.2127647399902 63.159595489502 63.1628379821777 61.9741821289062 62.0213584899902 63.0364532470703 63.6318435668945 64.3720932006836 64.9941177368164 65.2675857543945
64.8451385498047 64.9358749389648 64.9250030517578 64.4092559814453 64.3950653076172 64.6521530151367 64.7451553344727 64.9929351806641 65.3083648681641 64.7998275756836 64.5771255493164 64.838249206543 64.5818023681641 64.1359558105469 63.7633819580078 63.4133987426758 62.9286079406738 62.4394035339355 61.5060615539551 61.3968200683594 62.352367401123 62.9813041687012 63.5195159912109 63.9700050354004 63.5719337463379 62.9846420288086 62.0176467895508 62.5903015136719 63.5890693664551 64.0174331665039 63.5711975097656 63.3005065917969 63.4586029052734 62.8921012878418 61.8670425415039 61.3959846496582 60.6624298095703 60.8995628356934 63.2770729064941 64.3759841918945 64.5999145507812 64.1838531494141 64.1121826171875 64.1956481933594 64.6043930053711 65.1474609375 65.1623687744141 65.3440933227539 65.193244934082
64.8429641723633 65.0471267700195 64.9733657836914 64.5884704589844 64.397834777832 64.6487426757812 64.9448318481445 65.2506256103516 65.3633041381836 64.9489517211914 64.7321472167969 64.8271865844727 64.6151275634766 64.5816879272461 64.3781204223633 63.9848480224609 63.6665954589844 63.2916870117188 62.865421295166 62.4036903381348 62.0815200805664 61.9848518371582 62.6213226318359 63.404598236084 64.1713104248047 64.2523803710938 63.7389450073242 64.0265960693359 64.1838912963867 64.5384979248047 64.170051574707 64.1794052124023 64.661994934082 64.4829940795898 63.896125793457 63.5935249328613 62.6156272888184 61.3728332519531 63.4406700134277 64.6347122192383 65.1604614257812 64.8904647827148 65.0303955078125 64.8791732788086 64.7818450927734 64.8498916625977 65.0125198364258 65.2967376708984 65.2093734741211
64.8484420776367 64.8314208984375 64.6201171875 64.7381134033203 64.6056060791016 65.0723648071289 65.1596908569336 64.9713821411133 65.1072006225586 65.1565933227539 64.9128341674805 64.7908325195312 64.8597564697266 64.9417037963867 64.8966979980469 64.7425842285156 64.7070846557617 64.6310195922852 64.2500762939453 63.7532043457031 63.1403884887695 62.7699165344238 62.9247741699219 63.0781631469727 64.2149353027344 64.9115447998047 64.7343063354492 64.8984298706055 64.8382186889648 64.8917388916016 64.680305480957 64.7450332641602 64.8149642944336 64.8441925048828 64.7033081054688 64.3351974487305 64.3289031982422 63.9830322265625 64.4827194213867 64.8731231689453 -3.4e+38 65.2323760986328 65.2403945922852 65.0589904785156 64.8345794677734 64.8856658935547 64.7882843017578 64.9215850830078 65.2816925048828
64.8153228759766 64.684440612793 64.4241943359375 64.8928451538086 64.8708267211914 65.1289443969727 65.1913681030273 64.9668273925781 64.8851318359375 64.7433395385742 64.7692108154297 64.9425582885742 64.9602661132812 64.9543762207031 65.1615600585938 65.126220703125 65.0428924560547 64.8917465209961 64.5902709960938 64.3442306518555 64.1288146972656 63.7730903625488 63.4316520690918 63.4683036804199 64.4020309448242 64.7288436889648 65.0400619506836 65.0899963378906 65.0127563476562 64.8819885253906 64.7585296630859 64.6255569458008 64.650749206543 64.790901184082 64.8086166381836 64.6729583740234 65.0850524902344 65.0830688476562 64.9359512329102 65.0323028564453 65.0758895874023 65.2574920654297 65.2053604125977 64.8905868530273 65.088623046875 65.1535110473633 64.9753875732422 64.9435348510742 64.9905776977539
64.6697235107422 64.7331924438477 64.6137084960938 65.0255813598633 64.6763916015625 64.4956130981445 64.6748428344727 64.6724243164062 64.8296737670898 64.9440002441406 64.9878387451172 65.0847778320312 65.1990203857422 64.9028396606445 65.1404876708984 65.3469314575195 65.3969421386719 65.2543640136719 65.1701431274414 65.0750503540039 64.7749557495117 64.1906433105469 63.2229652404785 62.4787940979004 62.9459915161133 63.6170120239258 64.2649765014648 64.5944900512695 64.8825302124023 64.8483734130859 64.6554641723633 64.6549987792969 64.7845916748047 65.0978851318359 65.0938568115234 64.6740112304688 64.659049987793 65.2308959960938 65.0550003051758 65.1284790039062 -3.4e+38 -3.4e+38 64.8024444580078 64.9115219116211 65.3073120117188 65.194091796875 65.0617980957031 65.1104278564453 65.2632522583008
64.4677886962891 64.5769805908203 64.6581954956055 64.810791015625 64.5122375488281 64.4784698486328 64.5226593017578 64.3580932617188 64.6818008422852 65.0973739624023 65.2112731933594 65.4799041748047 65.1750335693359 64.8064880371094 65.0468978881836 64.9991989135742 65.3472137451172 65.0859527587891 64.6352615356445 64.6929244995117 64.7259140014648 64.3156509399414 63.5150756835938 62.8969497680664 62.6003570556641 62.5158843994141 63.3172225952148 63.9384994506836 64.6358489990234 65.0348815917969 64.778434753418 64.7192840576172 64.8958358764648 65.1763534545898 64.9790191650391 64.8186492919922 64.9759368896484 65.0124130249023 65.0213394165039 65.1134948730469 64.9402618408203 -3.4e+38 65.1297760009766 64.9739532470703 65.0606918334961 65.1551055908203 65.119743347168 65.2071304321289 65.1351776123047
64.6412124633789 64.5531768798828 64.7778778076172 64.6845779418945 64.2373123168945 64.4711608886719 64.596321105957 64.5878219604492 64.864990234375 64.9701538085938 65.1237716674805 65.5789337158203 65.3375854492188 64.8732986450195 64.1102905273438 64.214958190918 64.854850769043 64.3586883544922 63.7432441711426 63.595832824707 63.2848358154297 62.8653564453125 62.8533134460449 62.9387664794922 62.1062850952148 61.6172370910645 62.9487342834473 63.491870880127 64.2795104980469 65.069206237793 64.9343032836914 64.8386154174805 64.9777297973633 65.1933898925781 65.1146850585938 65.0359649658203 64.9527130126953 64.8669204711914 65.0883865356445 65.2837677001953 64.9664916992188 64.7724685668945 -3.4e+38 65.3940811157227 65.2289123535156 65.1985855102539 65.3393402099609 65.1150283813477 64.8671112060547
65.1837158203125 64.8923645019531 64.792724609375 64.7237854003906 64.5463790893555 64.8191223144531 64.8730010986328 65.0380401611328 65.3017272949219 64.9379272460938 65.0140686035156 65.2611923217773 65.0976181030273 64.9016723632812 64.3656692504883 64.2316818237305 64.6725158691406 64.4300384521484 63.9578857421875 63.4885101318359 62.4673614501953 61.1444206237793 60.3378524780273 59.767261505127 59.084831237793 58.6921920776367 62.0394439697266 63.0942153930664 64.0138244628906 64.7945556640625 64.8468170166016 64.7921829223633 65.1236267089844 65.2713394165039 65.2377319335938 65.0625534057617 64.8261413574219 65.0346221923828 65.2846984863281 65.2444458007812 65.0773468017578 64.9939270019531 -3.4e+38 -3.4e+38 -3.4e+38 65.1079788208008 65.1962051391602 65.1757431030273 64.8410415649414
