rcp4.5models/MPi_ESM_LR/sc1gr10.5
NCOLS 261 
NROWS 433 
XLLCORNER 336357.134 
YLLCORNER 654653.479 
CELLSIZE 1000 
NODATA_value -9999 
[rows 0 to 21 of 433, columns 50 to 99 of 261]
-9999 -9999 -9999 -9999 -9999 -9999 -9999 -9999 -9999 -9999 -9999 -9999 -9999 -9999 -9999 -9999 -9999 -9999 -9999 -9999 -9999 -9999 -9999 -9999 -9999 -9999 -9999 -9999 -9999 -9999 -9999 -9999 -9999 -9999 -9999 -9999 -9999 -9999 -9999 -9999 -9999 -9999 -9999 -9999 -9999 -9999 -9999 -9999 -9999 -9999
-9999 -9999 -9999 -9999 -9999 -9999 -9999 -9999 -9999 -9999 -9999 -9999 -9999 -9999 -9999 -9999 -9999 -9999 -9999 -9999 392.101257324219 392.590153567117 393.232624305869 395.337960088691 396.40075721363 397.023663768178 399.078573645123 400.071955930206 402.038093928404 403.006215368059 403.591379562725 -9999 -9999 -9999 -9999 -9999 -9999 -9999 -9999 -9999 -9999 -9999 -9999 -9999 -9999 -9999 -9999 -9999 -9999 -9999
-9999 -9999 -9999 -9999 -9999 -9999 -9999 -9999 -9999 -9999 -9999 -9999 -9999 -9999 -9999 -9999 -9999 -9999 -9999 389.586899100515 390.580805125655 392.421894375138 393.401036408182 394.433634870102 396.267561431053 397.198089486696 399.311790791368 399.857103021099 402.237381320354 403.189062985081 403.775335598364 405.951737956628 -9999 -9999 -9999 -9999 -9999 -9999 -9999 -9999 -9999 -9999 -9999 -9999 -9999 -9999 -9999 -9999 -9999 -9999
-9999 -9999 372.090362548828 372.083144100902 372.585954487205 372.830952924938 373.556195182875 375.396948732354 376.197445154965 376.704264428407 -9999 -9999 380.289079725518 381.014614678964 381.818651537576 382.522016295454 384.638648493127 386.427850550747 387.501374031896 389.398356447307 390.411597372909 392.53312389406 393.629957505949 394.272532916506 396.395621197606 397.437704711389 398.472277432651 399.65105539712 401.403287655729 403.197215225024 404.033379060158 405.061294484151 -9999 -9999 -9999 -9999 -9999 -9999 -9999 -9999 -9999 -9999 -9999 -9999 -9999 -9999 -9999 -9999 -9999 -9999
371.047853303537 371.450840703423 371.942825251091 372.197877838837 372.705445146248 372.95042611507 373.680443346923 374.483887002915 376.303592763475 377.214073368378 377.842722022917 378.896220332249 379.196208109095 380.815071264165 381.966237364281 382.67201098807 383.725294236103 386.68825588452 387.36912176176 389.499566594471 390.633340572711 391.680822986016 393.541686522861 394.505620354191 395.549559983836 397.388615008352 397.84344684231 399.681238404417 401.228715207009 403.360305413291 404.293000640473 405.091023077223 406.747296659261 -9999 -9999 -9999 -9999 -9999 -9999 -9999 -9999 -9999 -9999 -9999 -9999 -9999 -9999 -9999 -9999 -9999
370.225793372522 369.977522841577 370.501272020276 370.775183746891 371.296552088682 371.550568098214 373.839373381948 374.527217705649 375.669042492852 376.05997543607 377.653911650804 378.832920945703 379.428043159796 380.001050154464 381.757440755584 382.870097050018 383.574503351563 386.535794696924 -9999 388.640126437828 -9999 391.520178888354 392.573682266006 394.43461168289 395.383742844644 397.526025607943 397.911311436264 398.795135017476 401.739442610154 403.878989769831 404.810166264681 405.485562559621 406.970693163419 -9999 -9999 -9999 -9999 -9999 -9999 -9999 -9999 -9999 -9999 -9999 -9999 -9999 -9999 -9999 -9999 -9999
369.562557443569 369.7112635174 370.235432301809 370.505005844889 371.027001656342 371.276994045525 373.0628920907 373.487129672534 375.145299425666 375.805019620269 376.639504766654 377.519164228177 379.329224595567 380.338812381257 380.915674546051 381.603644996016 383.398012588944 385.545853805041 -9999 -9999 -9999 -9999 392.409704330254 -9999 395.040700684818 396.09748724241 397.972336933624 398.87985328833 402.097965396469 403.145180529569 404.948100620789 405.770440874377 407.243676591415 408.060215240184 -9999 -9999 -9999 -9999 -9999 -9999 -9999 -9999 -9999 -9999 -9999 -9999 -9999 -9999 -9999 -9999
369.775423550896 370.256844516992 370.587657429532 371.061926801235 370.331517504031 371.524954456101 373.041278449484 373.287303432623 374.123568095338 374.894050084506 376.234469166521 377.240543935013 378.317121727972 380.262013650036 380.814003161465 381.323343267584 382.398377572206 385.3878307361 -9999 -9999 -9999 -9999 -9999 -9999 395.033214631687 395.967069110123 398.206760681037 399.230987276505 -9999 402.968026866374 405.126151252259 406.039776395856 407.997278766187 408.354467644516 -9999 -9999 -9999 -9999 -9999 -9999 -9999 -9999 -9999 -9999 -9999 -9999 -9999 -9999 -9999 -9999
369.962424595016 369.458899539073 369.210468525468 369.75355832792 369.917622839152 370.322920998679 371.693445394525 371.925473322886 373.528569220071 374.743669299232 375.265059292131 375.927696631567 377.756137506809 379.250184284404 379.974484199708 381.295647466398 382.241310996603 -9999 386.298931395063 388.47081419008 389.806312561844 390.940548090649 392.829386481656 393.243574059853 -9999 396.310013918835 398.480673312883 399.484682142046 -9999 -9999 405.398726871928 406.311090007859 408.474290754782 408.666415110051 410.775720982177 -9999 -9999 -9999 -9999 -9999 -9999 -9999 -9999 -9999 -9999 -9999 -9999 -9999 -9999 -9999
369.05228890786 368.789913290601 369.116019933128 369.747845994891 369.007845824236 368.964460589003 370.948589466944 371.645155438028 372.500522146266 373.408004017664 374.686924188146 375.646294569778 376.738324921559 378.69970597561 379.834562599808 380.336267502657 382.076953346547 -9999 386.776079900257 387.861108779707 -9999 -9999 393.052376890557 393.961313914411 -9999 -9999 397.629952896756 399.484682255954 -9999 403.498612890692 405.673230013437 406.584432666594 408.755576708996 408.944303367544 409.877269393437 412.044285908929 -9999 -9999 -9999 -9999 -9999 -9999 -9999 -9999 -9999 -9999 -9999 -9999 -9999 -9999
369.204437697633 368.472359963511 368.125202333183 367.269082794053 366.849051430196 367.413732902778 368.237284107616 369.9835319086 370.730495539339 371.662550592239 373.52087697221 374.214760433908 375.352558122244 377.401202964492 378.958987986165 380.948230988721 381.455425040016 -9999 386.856894870624 388.010750324857 389.109800127043 -9999 392.426112324056 394.328580200814 395.109177265318 396.798274370786 397.709977185239 399.908829427871 403.089533057261 404.256035430173 -9999 -9999 408.995908128102 409.763772657015 410.350466738626 412.534613520409 413.354725182864 -9999 -9999 -9999 -9999 -9999 -9999 -9999 -9999 -9999 -9999 -9999 -9999 -9999
368.516164761106 367.810986342574 366.761494425332 366.481734296883 366.569736945046 366.066081073712 367.956024673325 369.070368386549 369.434736711787 371.084578999037 372.622996138157 374.676211818217 375.486181529736 376.465105586966 378.446559924706 379.934725492121 381.752733450422 384.531128380748 385.975703762882 387.916664538026 -9999 -9999 -9999 394.469068971473 -9999 397.562996403679 398.071559904053 400.172789073548 403.62621704884 404.661725179144 406.880536437144 -9999 409.300309202033 410.052583760094 411.765021441287 413.004672759492 413.652450530002 -9999 -9999 -9999 -9999 -9999 -9999 -9999 -9999 -9999 -9999 -9999 -9999 -9999
368.42475343905 366.75010572413 366.421899302062 365.5668228169 365.1653311326 365.443345633704 366.587823079031 367.39683176839 368.718829037022 370.241039596802 372.324104838793 373.91672505363 375.354015800886 376.303419189541 378.524754843976 379.77059322876 381.994450269119 384.633827562477 385.807053947383 -9999 -9999 -9999 392.492855971059 394.716422441565 -9999 -9999 398.478861539185 -9999 404.007759392877 404.954922656721 407.165226393272 -9999 -9999 -9999 412.543624208694 413.376631270817 413.953170818893 416.148109423416 -9999 -9999 -9999 -9999 -9999 -9999 -9999 -9999 -9999 -9999 -9999 -9999
366.970456445019 366.094153446345 365.47333058358 363.909747375243 363.334046934414 363.921439548286 366.036914691874 367.111588293761 367.867887498738 369.802491260772 371.370613667251 373.383687687778 374.322042082238 376.118697432068 377.623595398938 -9999 381.098629409815 383.878095790604 -9999 -9999 389.096977710352 -9999 -9999 -9999 396.242158660488 398.342770434934 399.407193059922 401.652519203537 404.285933050355 405.232800290089 407.452139424293 -9999 -9999 -9999 -9999 413.512489068671 415.386623366789 416.609381153334 417.239436775024 -9999 -9999 -9999 -9999 -9999 -9999 -9999 -9999 -9999 -9999 -9999
366.687505862854 365.026153626016 363.33353237336 362.95032726519 361.97266478171 362.098103982292 365.05350311005 366.027982450887 367.860666224036 368.947924572235 370.808849081282 372.347906939189 373.774457029957 375.089742052105 -9999 -9999 -9999 384.209224379653 -9999 386.975222012445 389.222417117291 390.341859560537 392.803118896681 394.36037496695 396.364592946394 398.887264253266 399.911552323914 401.673635429116 404.658967351743 405.512755678839 407.741299848642 408.649423421876 -9999 -9999 -9999 -9999 416.427971805564 417.253940591288 417.820016457191 419.494393735533 -9999 -9999 -9999 -9999 -9999 -9999 -9999 -9999 -9999 -9999
366.778199122192 364.871626733142 362.931269849382 361.831648842741 361.346728241863 361.81357587309 364.544728565683 365.821793409291 368.062823002461 368.833561774117 370.866533493876 372.182229106971 373.84116552289 -9999 -9999 378.795140250595 -9999 -9999 386.678171764656 388.000157649295 390.313015744591 391.430815054548 393.297373512823 394.285725104943 396.541168956002 399.149867267516 400.174345072334 402.233985318078 404.976731334103 405.794858839472 408.032775494379 408.940702871876 411.172668563745 412.041966986661 -9999 -9999 -9999 417.688143224223 419.393420034831 420.37382591468 -9999 -9999 -9999 -9999 -9999 -9999 -9999 -9999 -9999 -9999
-9999 -9999 -9999 -9999 361.360791259602 362.158397141998 363.684187225473 365.564885939227 367.137808229308 368.602328248574 369.945070536993 371.981409286614 -9999 -9999 377.829144205329 378.762601748081 380.88990462491 384.482040694055 387.279840687521 388.571323199425 390.861016241611 391.982320031042 393.605451472977 394.533726108437 396.799387537959 399.413836767477 400.438645889853 402.697061596166 405.741603063511 406.166155088194 408.326567473104 409.234502719633 411.708606126903 412.614427773809 414.142328226906 -9999 -9999 -9999 420.229390146781 420.985681384932 -9999 -9999 -9999 -9999 -9999 -9999 -9999 -9999 -9999 -9999
-9999 -9999 -9999 -9999 360.382796261226 360.82821027253 363.570315305281 364.50862113142 366.5660314362 367.549267407618 369.389150790679 -9999 -9999 -9999 378.323948562765 379.007338075788 -9999 384.863993978356 387.640975762579 388.819399008929 391.099277543213 391.751492436548 394.211755765178 395.364089705481 397.163855746343 399.679175375668 400.704442149291 402.973071292963 406.22349453357 406.716857067946 408.893672300297 409.801729018835 412.151199945098 413.036666546076 415.067382140843 415.866468222039 -9999 -9999 -9999 421.316229809902 423.493131790605 -9999 -9999 -9999 -9999 -9999 -9999 -9999 -9999 -9999
-9999 -9999 -9999 -9999 359.923566188077 360.620692732601 363.305455530599 364.341963588698 366.614855006225 367.376895468433 369.448679091828 -9999 373.529683818124 -9999 377.452621181233 378.869017579607 381.522399959721 385.181586530328 387.889419055261 389.047700983339 391.338150428077 392.285809179174 394.708294789146 395.834738089855 397.462877746227 399.945844909293 400.971744002022 403.250761395849 406.784171554709 407.62723591726 409.387308755221 410.215605412976 412.476958094481 413.347221100449 415.601045352649 415.934607293951 -9999 -9999 -9999 -9999 423.854588761034 426.257634787635 427.183348543042 -9999 -9999 -9999 -9999 -9999 -9999 -9999
-9999 -9999 -9999 -9999 -9999 360.761188448521 363.342162339125 364.503747933973 366.786573317493 367.994186634739 369.781813417242 -9999 373.354883700086 376.009710840088 -9999 379.170972526793 381.868458632904 -9999 388.117772965702 389.276493986015 391.577645659294 392.700297907944 395.000404564754 396.086196297033 398.200158509256 400.312857480538 401.468773101714 403.803614477889 407.186812004227 408.136979843058 409.722219960885 410.519011508451 412.790203794725 413.660787604414 415.924066746509 416.536561977182 418.260807127306 -9999 -9999 -9999 -9999 426.750148550904 427.442102178187 429.774493950108 -9999 -9999 -9999 -9999 -9999 -9999
-9999 -9999 -9999 -9999 -9999 -9999 363.947947665732 364.826569241251 366.957722331367 368.303755324037 370.007768306019 371.123010138532 -9999 376.416423399157 377.745575871288 379.971061525852 382.231688594363 385.626908008014 387.211995905944 389.22196870245 391.817708790897 392.941079769451 -9999 -9999 398.88865828691 400.847423572917 401.876000979366 404.195078306583 407.481225756721 408.432279083071 410.025760222828 410.82504509563 413.106299017665 413.977425955666 416.250386349782 418.232181161612 419.262406239757 420.533936249049 421.704930734184 -9999 -9999 -9999 427.799583444357 430.031399448956 430.789281279543 -9999 -9999 -9999 -9999 -9999
-9999 -9999 -9999 -9999 -9999 -9999 -9999 -9999 -9999 -9999 -9999 373.128976887032 374.479830455311 -9999 -9999 380.561740957246 383.323405469128 386.193579966466 388.393513299528 389.864452014467 392.299386432565 -9999 395.757697001025 -9999 -9999 -9999 402.442292643861 404.765737228172 408.076120708505 410.183817617967 411.519167030265 412.704521948133 413.910710240037 416.276106700553 417.3716480082 419.688813954115 420.608818660897 422.89849481536 422.932094863438 425.122494656234 -9999 -9999 -9999 430.891106799709 433.130413950406 433.500169574405 -9999 -9999 -9999 -9999
