rcp4.5models/MPi_ESM_LR/sc1gr3.20
NCOLS 261 
NROWS 433 
XLLCORNER 336357.134 
YLLCORNER 654653.479 
CELLSIZE 1000 
NODATA_value -3.4e+38 
[rows 154 to 175 of 433, columns 49 to 97 of 261]
260.992553710938 260.145904541016 260.903747558594 260.464263916016 260.785430908203 260.730560302734 260.080780029297 259.739807128906 258.761322021484 259.353820800781 260.441101074219 260.624298095703 260.549072265625 260.734558105469 260.738800048828 261.110534667969 260.773498535156 260.411071777344 260.238189697266 260.180541992188 260.265655517578 260.727813720703 260.140197753906 260.079071044922 260.032836914062 259.865264892578 260.088714599609 260.295074462891 260.265197753906 260.180450439453 259.794952392578 259.730560302734 259.685424804688 259.437591552734 258.943115234375 258.592315673828 258.656921386719 258.329376220703 258.189575195312 258.469024658203 258.740844726562 258.246002197266 258.727081298828 258.919952392578 258.810180664062 258.962951660156 258.899353027344 258.657775878906 258.513854980469
261.489440917969 260.392181396484 260.721435546875 260.607574462891 260.505462646484 260.447082519531 260.237457275391 259.623260498047 258.774658203125 259.713012695312 260.563720703125 260.552856445312 260.024230957031 260.783538818359 260.655334472656 260.776977539062 260.602508544922 260.156158447266 260.2578125 260.215240478516 260.096221923828 260.542419433594 260.375274658203 260.068908691406 260.166229248047 259.7509765625 259.857330322266 259.998474121094 260.089324951172 260.061401367188 259.741973876953 259.637908935547 259.587188720703 259.299835205078 258.826232910156 258.809204101562 258.629241943359 258.366638183594 258.080291748047 258.122222900391 258.291320800781 258.081298828125 258.406799316406 258.560211181641 258.371795654297 258.604034423828 258.838287353516 258.751220703125 258.340789794922
260.876892089844 260.276428222656 260.661712646484 261.056701660156 260.528656005859 260.612365722656 260.383178710938 259.507049560547 258.839416503906 259.669799804688 260.320861816406 259.861938476562 259.644866943359 260.642700195312 260.598114013672 260.582244873047 260.245941162109 260.292449951172 260.294189453125 260.060424804688 259.943267822266 260.396728515625 260.288208007812 260.026123046875 260.064575195312 259.330841064453 259.511016845703 259.764129638672 -3.4e+38 259.958343505859 259.704895019531 259.640319824219 259.549621582031 259.120056152344 258.9248046875 259.069244384766 258.4697265625 258.227996826172 258.148376464844 257.960388183594 258.139251708984 257.939666748047 258.019989013672 258.167755126953 258.063079833984 258.158111572266 258.422485351562 258.494354248047 258.082336425781
259.826049804688 259.916900634766 260.661285400391 260.513732910156 260.459503173828 260.435852050781 259.90771484375 259.557098388672 258.719848632812 259.414886474609 259.817932128906 259.360565185547 259.574523925781 260.048004150391 260.450958251953 260.486724853516 260.129302978516 260.069152832031 260.115356445312 260.097961425781 260.047698974609 260.109527587891 260.211547851562 260.066772460938 260.013092041016 259.465148925781 259.160705566406 259.337066650391 259.547058105469 259.675354003906 259.580780029297 259.654846191406 259.590026855469 259.289306640625 259.050994873047 258.937896728516 258.351318359375 258.092620849609 258.114013671875 257.755920410156 258.139770507812 257.720062255859 257.397766113281 257.852081298828 257.857666015625 257.938537597656 258.021881103516 258.208526611328 258.227996826172
259.451690673828 260.027435302734 260.805572509766 260.705810546875 260.129089355469 260.122894287109 260.048492431641 259.363494873047 258.647094726562 258.703643798828 259.151489257812 258.741821289062 259.542541503906 259.773651123047 260.347412109375 260.305358886719 259.836059570312 259.93505859375 259.936950683594 259.801116943359 259.91064453125 260.056762695312 260.130859375 260.070739746094 260.004425048828 259.603302001953 259.012969970703 259.008636474609 259.430328369141 259.454895019531 259.397979736328 259.609710693359 259.565246582031 259.390960693359 259.226745605469 258.896820068359 258.372039794922 257.922760009766 257.912231445312 257.760162353516 258.020446777344 257.696228027344 257.0849609375 257.661651611328 257.429870605469 257.879364013672 257.857452392578 257.922149658203 258.316558837891
259.461181640625 259.870330810547 260.749420166016 260.330657958984 260.640167236328 260.175598144531 259.780670166016 259.302093505859 259.094848632812 258.851135253906 258.593841552734 259.055267333984 259.370544433594 259.488983154297 259.956970214844 259.902648925781 259.664031982422 259.930999755859 259.773712158203 259.583526611328 259.671295166016 259.976043701172 260.132263183594 259.973937988281 259.702178955078 259.666900634766 259.049682617188 258.844512939453 258.949310302734 259.169586181641 259.481475830078 259.564544677734 259.538482666016 259.416229248047 259.155731201172 259.141693115234 258.699340820312 258.204559326172 258.102386474609 258.038513183594 257.799713134766 257.261596679688 256.856140136719 257.110290527344 256.994445800781 257.750854492188 257.784790039062 257.711120605469 258.013946533203
259.4072265625 260.15380859375 260.643768310547 260.471710205078 259.983459472656 259.884246826172 260.218322753906 259.573547363281 259.131256103516 258.833831787109 258.536560058594 258.766265869141 259.187347412109 259.399261474609 259.561614990234 259.72265625 259.622100830078 259.947296142578 -3.4e+38 259.138946533203 259.514465332031 260.062835693359 260.043212890625 259.955169677734 259.690948486328 259.078521728516 258.781280517578 258.761108398438 258.689636230469 258.924591064453 259.181610107422 259.519409179688 259.503845214844 259.340484619141 258.677062988281 258.797973632812 258.906585693359 258.669281005859 258.26806640625 257.877990722656 257.678863525391 257.508361816406 256.986511230469 256.968292236328 256.937072753906 257.734985351562 257.696441650391 257.442413330078 257.711242675781
259.105712890625 259.636749267578 261.433929443359 261.052795410156 260.743957519531 260.614990234375 259.750396728516 259.009826660156 259.089782714844 258.824096679688 259.0791015625 259.367431640625 259.334228515625 259.193756103516 259.201416015625 258.829681396484 259.179046630859 259.387939453125 259.7412109375 258.978546142578 259.479339599609 259.681732177734 259.584197998047 259.636962890625 259.696380615234 259.505828857422 258.994720458984 258.603607177734 258.483245849609 258.481384277344 258.553466796875 258.478271484375 258.557098388672 259.163055419922 258.924285888672 258.314453125 258.112487792969 258.251983642578 258.138977050781 257.654815673828 257.72265625 257.374389648438 257.045440673828 256.856292724609 256.760345458984 257.000640869141 257.184509277344 257.206268310547 257.399932861328
259.124572753906 260.312530517578 261.903778076172 261.428680419922 260.89794921875 260.208190917969 259.834564208984 259.594482421875 259.019439697266 259.235107421875 259.716125488281 259.871398925781 259.408447265625 259.039276123047 259.103332519531 259.018280029297 259.379272460938 259.603393554688 259.283111572266 259.242523193359 259.536956787109 259.470184326172 259.604125976562 259.362213134766 259.189239501953 259.4326171875 259.093170166016 258.806121826172 258.524291992188 258.239501953125 258.399780273438 258.364532470703 258.404449462891 259.018768310547 258.857788085938 258.191345214844 258.055389404297 257.998199462891 258.139007568359 257.936126708984 257.676483154297 257.280975341797 256.715789794922 256.562469482422 256.398956298828 257.014709472656 257.263366699219 257.358306884766 257.361785888672
259.289520263672 261.600769042969 261.980712890625 261.098846435547 261.042175292969 260.756500244141 260.253051757812 259.514038085938 259.012481689453 259.436767578125 259.936126708984 259.811645507812 259.444427490234 259.414947509766 258.919311523438 258.713806152344 259.193481445312 259.267608642578 258.990844726562 258.903503417969 259.531829833984 258.838439941406 259.178405761719 259.403076171875 258.870666503906 259.207977294922 259.030548095703 258.679412841797 258.478698730469 257.971160888672 258.121551513672 258.047637939453 258.291778564453 258.907379150391 258.884948730469 258.107727050781 258.059387207031 257.879943847656 257.839752197266 258.078033447266 257.551818847656 257.113311767578 256.786895751953 256.524871826172 256.147613525391 256.973602294922 257.279937744141 257.368560791016 257.356597900391
261.272552490234 261.868347167969 261.560516357422 261.277923583984 261.170074462891 260.237823486328 260.064270019531 259.706573486328 259.449340820312 259.857604980469 259.781219482422 259.750518798828 259.775085449219 259.282104492188 258.773651123047 258.853088378906 259.024963378906 258.923828125 259.003082275391 258.639495849609 259.255340576172 258.513275146484 258.806701660156 258.890258789062 258.660217285156 258.799468994141 258.964752197266 258.538696289062 258.452606201172 257.924102783203 257.918029785156 258.115875244141 258.176696777344 258.567626953125 258.867095947266 257.977355957031 258.054321289062 257.965850830078 257.583129882812 257.801788330078 257.522277832031 256.999145507812 257.093933105469 256.663909912109 256.379089355469 256.65966796875 256.799163818359 256.915557861328 257.408843994141
261.908630371094 261.868469238281 261.848510742188 261.747680664062 260.977752685547 259.979187011719 259.903289794922 259.842010498047 259.7119140625 260.106231689453 260.373413085938 259.723815917969 259.860717773438 259.549530029297 259.100341796875 258.991760253906 258.927124023438 258.535766601562 258.968170166016 258.742736816406 258.567260742188 258.432434082031 258.503601074219 258.46240234375 258.538543701172 258.632598876953 259.008331298828 258.474731445312 258.330078125 257.70263671875 257.625244140625 257.958557128906 258.097747802734 258.335571289062 258.637786865234 257.882690429688 258.012573242188 257.935028076172 257.500854492188 257.638885498047 257.646301269531 256.942260742188 256.983551025391 256.503845214844 256.199920654297 256.508270263672 256.580230712891 257.012603759766 257.465240478516
262.135894775391 261.839935302734 261.935699462891 262.059875488281 260.858276367188 259.980926513672 259.845703125 260.271179199219 260.087249755859 260.025268554688 260.763061523438 260.364410400391 259.884826660156 259.569152832031 258.898345947266 258.629943847656 258.669372558594 258.326843261719 258.646820068359 258.432495117188 258.335754394531 258.292541503906 258.013763427734 258.422790527344 258.296112060547 258.452423095703 258.744812011719 -3.4e+38 258.169219970703 257.772369384766 257.729522705078 257.853637695312 258.073394775391 258.271453857422 258.214599609375 258.111633300781 257.997619628906 257.713195800781 257.6220703125 257.585052490234 257.627380371094 257.081146240234 256.712066650391 256.541198730469 256.397857666016 256.644409179688 256.692077636719 257.251220703125 257.397003173828
262.830871582031 262.402069091797 261.766052246094 261.498870849609 260.815887451172 260.064147949219 260.595367431641 260.780548095703 260.484008789062 259.827758789062 260.682678222656 260.711853027344 260.277313232422 259.642059326172 259.221282958984 258.734527587891 258.553375244141 257.958953857422 258.308288574219 258.305297851562 258.338928222656 258.266326904297 258.064239501953 258.405151367188 258.108062744141 258.112976074219 258.360443115234 258.276031494141 258.135223388672 257.817810058594 257.669769287109 257.837493896484 257.914245605469 258.099060058594 258.136322021484 258.058258056641 258.039276123047 257.780517578125 257.427062988281 257.463195800781 257.234039306641 257.198333740234 257.034637451172 256.591644287109 256.531280517578 256.786712646484 257.291870117188 257.335876464844 257.380676269531
263.190551757812 262.945007324219 261.954315185547 261.608123779297 260.880798339844 260.672454833984 260.898223876953 260.679351806641 260.593658447266 260.392974853516 260.483306884766 260.626892089844 260.477020263672 259.461517333984 259.221832275391 258.74267578125 258.517211914062 257.801239013672 258.848846435547 258.971954345703 258.859252929688 258.401733398438 258.451202392578 258.509552001953 258.309722900391 257.913482666016 258.034118652344 258.154449462891 257.941833496094 257.790893554688 257.700439453125 257.843048095703 258.052642822266 258.001220703125 258.270294189453 257.99853515625 258.031188964844 257.908874511719 257.481048583984 257.399719238281 257.060028076172 256.920074462891 256.786010742188 256.070465087891 256.545227050781 256.94873046875 257.616271972656 257.252197265625 256.93701171875
263.011749267578 263.022674560547 261.962463378906 262.0400390625 261.462188720703 260.768768310547 260.759552001953 260.466033935547 260.663665771484 260.647430419922 260.408782958984 260.399658203125 259.267730712891 259.557556152344 259.341461181641 258.562133789062 258.530456542969 258.133636474609 259.140502929688 259.24560546875 -3.4e+38 258.945159912109 258.906860351562 258.920623779297 258.555358886719 258.132965087891 257.942718505859 257.892517089844 257.673675537109 257.576507568359 257.688049316406 257.857421875 257.920196533203 258.011840820312 258.012451171875 257.541961669922 257.819427490234 257.943756103516 257.771423339844 257.470458984375 257.154693603516 256.801300048828 256.455322265625 255.670700073242 256.294311523438 256.846618652344 257.569885253906 257.148040771484 256.6142578125
262.89306640625 262.973297119141 261.861389160156 261.929901123047 261.718292236328 261.084594726562 261.374542236328 260.6787109375 261.203369140625 260.911468505859 260.472015380859 260.417297363281 259.311462402344 259.441375732422 259.033020019531 258.904968261719 258.929290771484 258.773590087891 259.41064453125 259.472900390625 259.503326416016 259.075561523438 259.045867919922 259.135314941406 258.936798095703 258.593231201172 257.903503417969 257.633819580078 257.472045898438 257.466003417969 257.757446289062 257.761566162109 257.847503662109 258.075958251953 257.870025634766 257.412841796875 257.426879882812 257.945739746094 257.963653564453 257.673187255859 257.25390625 256.930603027344 256.634979248047 255.824844360352 256.047393798828 256.599548339844 257.466949462891 257.269866943359 256.882019042969
263.019653320312 262.879486083984 262.601837158203 261.695892333984 261.185760498047 261.629821777344 261.71533203125 261.172882080078 260.9814453125 260.855529785156 260.587280273438 260.058227539062 259.589263916016 259.401184082031 258.864471435547 259.387786865234 259.293762207031 259.188903808594 259.525421142578 259.593719482422 -3.4e+38 259.136199951172 259.269714355469 259.103546142578 258.989593505859 258.736785888672 257.847930908203 257.551391601562 257.466552734375 257.617370605469 257.818908691406 257.808074951172 257.99072265625 257.890594482422 257.756988525391 257.436889648438 257.401031494141 257.892272949219 257.78125 257.205963134766 257.095397949219 256.823638916016 256.899078369141 256.250427246094 256.010711669922 256.592559814453 257.418701171875 257.175964355469 257.130187988281
262.747009277344 262.783172607422 262.728454589844 261.974639892578 261.811798095703 261.766204833984 261.670288085938 261.406951904297 260.751190185547 260.784393310547 260.90234375 260.522796630859 260.256500244141 260.152770996094 259.316040039062 259.499114990234 259.431732177734 259.635131835938 259.56396484375 259.942443847656 260.013854980469 259.726928710938 259.433807373047 258.960876464844 258.878356933594 258.624694824219 257.953338623047 257.841705322266 257.770751953125 257.669952392578 257.744079589844 257.625366210938 257.807250976562 257.525329589844 -3.4e+38 257.198638916016 257.059997558594 257.587707519531 257.6279296875 256.895538330078 256.869415283203 256.420501708984 256.469207763672 256.086853027344 256.002838134766 256.625152587891 257.044769287109 256.614562988281 257.065856933594
262.575378417969 262.446105957031 261.710998535156 261.755737304688 261.431274414062 261.215606689453 261.501159667969 261.078643798828 261.414764404297 261.675109863281 261.374847412109 261.079986572266 260.817291259766 260.223205566406 259.947509765625 260.228302001953 259.500640869141 259.605682373047 259.765228271484 260.311096191406 259.8642578125 259.257385253906 258.853820800781 258.819702148438 258.584899902344 258.718292236328 258.379058837891 258.318786621094 258.062927246094 257.730865478516 257.567901611328 257.367095947266 256.958435058594 256.827209472656 257.031341552734 256.340850830078 256.291961669922 257.078521728516 257.102020263672 -3.4e+38 257.102874755859 256.648773193359 256.337982177734 256.061004638672 255.476303100586 255.706634521484 255.980392456055 256.500366210938 256.773193359375
262.612274169922 262.604644775391 262.386505126953 262.473815917969 262.109344482422 261.551391601562 261.756317138672 261.173889160156 261.407409667969 261.668334960938 261.552673339844 261.114013671875 260.588195800781 260.302307128906 260.281005859375 260.332244873047 260.015899658203 260.1416015625 260.215606689453 260.414733886719 259.785247802734 259.743865966797 259.369232177734 258.948394775391 258.765747070312 258.91552734375 258.549926757812 258.102691650391 258.308654785156 257.813934326172 257.656677246094 257.332763671875 256.695648193359 256.405487060547 256.596282958984 256.277648925781 256.314666748047 256.989379882812 256.809692382812 256.820770263672 256.862152099609 256.710174560547 256.512939453125 255.976348876953 255.882766723633 255.552352905273 255.758850097656 256.537109375 256.689910888672
263.028747558594 262.733337402344 262.740905761719 262.763458251953 262.494201660156 261.678375244141 261.954193115234 261.429565429688 261.4716796875 261.935272216797 261.849365234375 261.131683349609 260.382476806641 260.401275634766 260.709594726562 260.687469482422 260.598541259766 260.492248535156 260.556091308594 260.546630859375 260.190338134766 260.148468017578 259.517028808594 259.051727294922 259.313537597656 258.9775390625 258.601745605469 258.297393798828 258.531799316406 257.963806152344 257.752838134766 257.47705078125 256.832397460938 256.764587402344 256.656280517578 256.106719970703 256.223266601562 256.872436523438 256.432220458984 256.460998535156 256.536834716797 256.644409179688 256.547332763672 256.070709228516 255.724075317383 255.507537841797 255.644393920898 256.256500244141 256.629669189453
