rcp4.5models/MPi_ESM_LR/sc1gr7.39
NCOLS 261 
NROWS 433 
XLLCORNER 336357.134 
YLLCORNER 654653.479 
CELLSIZE 1000 
NODATA_value -3.4e+38 
[rows 286 to 307 of 433, columns 49 to 97 of 261]
55.4184761047363 55.1445159912109 54.9938087463379 54.7789344787598 54.5542182922363 54.3304252624512 54.1299057006836 53.7909698486328 53.6402053833008 53.4789123535156 53.4022750854492 53.3270835876465 53.157772064209 52.8623046875 52.6085395812988 52.707218170166 52.8213348388672 52.6396484375 52.3580436706543 51.9435577392578 51.6642227172852 51.7756576538086 51.508602142334 51.1802139282227 51.0816116333008 50.5674095153809 50.411678314209 50.7069282531738 50.3277130126953 49.3813323974609 48.4785766601562 48.4698486328125 49.285816192627 48.8109931945801 47.7840728759766 47.1361503601074 46.9089202880859 47.1495552062988 46.9842872619629 46.4143295288086 46.3217353820801 46.0111694335938 46.1113929748535 46.2214813232422 46.3967895507812 46.653205871582 46.8385543823242 46.9050254821777 47.2241249084473
55.3922309875488 55.1407203674316 54.8871879577637 54.6577529907227 54.3934860229492 54.0877418518066 53.9074172973633 53.5722389221191 53.4136505126953 53.3507957458496 53.251277923584 53.1440010070801 52.9999008178711 52.8658103942871 52.7759552001953 52.7151489257812 52.6043853759766 52.4297714233398 52.093189239502 51.6625747680664 51.3354339599609 51.5286903381348 51.1244430541992 50.5383949279785 50.297721862793 49.9909744262695 50.1673126220703 50.504955291748 50.0378952026367 49.292839050293 48.4467964172363 48.177417755127 48.8386726379395 48.2985725402832 47.2733192443848 47.1837158203125 47.2055244445801 46.9555587768555 46.5151290893555 46.129753112793 46.1681823730469 45.9124374389648 45.7773666381836 45.9215850830078 46.010383605957 46.1932067871094 46.6870803833008 47.1134414672852 47.3606948852539
55.3462867736816 55.1036529541016 54.7886428833008 54.5047569274902 54.2592964172363 53.946475982666 53.7764434814453 53.3788032531738 53.2652549743652 53.1385650634766 53.0480270385742 52.9956855773926 52.8446884155273 52.7677803039551 52.6467933654785 52.4401664733887 52.3198699951172 52.2298278808594 51.8825492858887 51.5082702636719 51.228141784668 51.288444519043 50.7713012695312 49.9534645080566 49.7219314575195 49.9462089538574 50.1219902038574 49.9818305969238 49.8833045959473 49.0087547302246 48.4669189453125 48.1480751037598 48.4255332946777 48.1656608581543 47.5123596191406 47.2699508666992 46.8797645568848 46.608943939209 46.0880241394043 45.7368774414062 46.1181564331055 45.8969993591309 45.4284439086914 45.6095352172852 45.7117385864258 46.217601776123 47.1900749206543 47.7533912658691 47.8051567077637
55.2979316711426 54.9359245300293 54.6773300170898 54.4003715515137 54.151481628418 53.942455291748 53.6883506774902 53.2154998779297 53.0382995605469 52.9030532836914 52.8228607177734 52.7503852844238 52.6505661010742 52.5662498474121 52.4527854919434 52.285530090332 52.1644248962402 52.0608711242676 51.4023590087891 51.2009544372559 51.0262565612793 51.0883941650391 50.7729072570801 49.9344253540039 49.7602653503418 50.1987838745117 50.0961875915527 49.5276412963867 49.2384338378906 48.6722297668457 48.3279685974121 47.905216217041 48.0169143676758 48.219654083252 47.5622749328613 46.8873596191406 46.4266166687012 46.3325042724609 45.8758697509766 45.7289276123047 46.2002067565918 45.9502944946289 45.3425827026367 45.414608001709 45.6254501342773 45.9062004089355 46.4546012878418 46.8656616210938 47.1926383972168
55.0859184265137 54.703182220459 54.3578720092773 54.0658836364746 53.8136100769043 53.6167755126953 53.3789558410645 52.8616523742676 52.7367706298828 52.6411895751953 52.5371742248535 52.4454956054688 52.3072624206543 52.1617050170898 52.0033149719238 51.8579978942871 51.7433776855469 51.5363922119141 51.1073379516602 50.927074432373 50.8266105651855 50.7140274047852 50.5195579528809 50.3075370788574 49.8129768371582 49.5601577758789 49.4574546813965 49.3600730895996 49.0030250549316 48.2102851867676 47.9234848022461 48.1096305847168 48.396167755127 48.4452590942383 47.9729843139648 47.3468627929688 46.5492362976074 46.102123260498 45.9187698364258 45.7281227111816 45.8611602783203 46.0821876525879 45.7369804382324 45.4270820617676 45.5575675964355 45.804386138916 46.4726715087891 47.626335144043 48.2633094787598
54.9265975952148 54.5833702087402 54.2052230834961 53.9179573059082 53.6770286560059 53.4230537414551 53.1675338745117 52.7668685913086 52.6303329467773 52.4672203063965 52.322135925293 52.2158966064453 52.1181907653809 51.9860534667969 51.8184089660645 51.6438980102539 51.558162689209 51.4201126098633 50.9606857299805 50.8234977722168 50.7218322753906 50.5484008789062 50.3962554931641 50.0510787963867 49.3744850158691 49.2932891845703 49.372974395752 49.1153717041016 49.0387763977051 48.0211334228516 47.9172439575195 48.0001068115234 48.2290687561035 48.2641143798828 47.8188819885254 47.705192565918 47.4247169494629 47.2047157287598 46.5243377685547 45.9851608276367 45.9081764221191 46.8493156433105 46.1658821105957 45.6151390075684 45.501335144043 45.7090301513672 46.4649085998535 48.7144317626953 50.3999519348145
54.8335380554199 54.523754119873 54.0909652709961 53.7698745727539 53.5498542785645 53.2768936157227 53.004222869873 52.5752029418945 52.4488067626953 52.3064193725586 52.1396598815918 52.0093803405762 51.8876724243164 51.7644424438477 51.663745880127 51.5196380615234 51.4031829833984 51.2481155395508 50.8709678649902 50.7189636230469 50.5714988708496 50.2892074584961 50.1071395874023 49.8909759521484 49.3443946838379 49.1377983093262 49.2184562683105 49.1135864257812 49.0398063659668 48.2185096740723 48.1841850280762 48.439510345459 48.4402542114258 48.460994720459 48.1810913085938 47.9684715270996 47.9059753417969 47.7348136901855 47.1209373474121 47.0640907287598 46.6077156066895 47.5505065917969 46.8629150390625 45.8782501220703 45.7610054016113 46.0476226806641 46.7370338439941 48.969425201416 50.8815650939941
54.6731109619141 54.4092445373535 54.0260162353516 53.6487083435059 53.4165496826172 53.2211647033691 52.9468536376953 52.4395904541016 52.2684555053711 52.1563606262207 52.007698059082 51.8051376342773 51.667179107666 51.5554656982422 51.4467735290527 51.330867767334 51.1940460205078 51.0282325744629 50.6996879577637 50.5317764282227 50.4501457214355 50.1686859130859 49.9338455200195 49.7948226928711 49.3786430358887 49.0349922180176 48.9823570251465 48.9217300415039 48.6701812744141 48.4540023803711 48.1495780944824 48.2230033874512 48.0140800476074 47.8643074035645 47.7957305908203 47.387264251709 47.2815933227539 47.1116409301758 46.6165924072266 46.6633033752441 46.5183296203613 46.7783546447754 46.7550315856934 45.9564552307129 46.1007537841797 46.2462348937988 46.5052299499512 47.8898735046387 49.4571495056152
54.5928421020508 54.1998748779297 53.8757629394531 53.5449028015137 53.2168235778809 53.0406837463379 52.8043746948242 52.3079719543457 52.1274681091309 51.9832534790039 51.8196220397949 51.598201751709 51.4741554260254 51.3853645324707 51.2446670532227 51.093936920166 50.9577865600586 50.8182601928711 50.5882835388184 50.4569129943848 50.3370895385742 50.1094818115234 49.8229141235352 49.6669044494629 49.4209442138672 48.9989547729492 48.7768516540527 48.6031455993652 48.4327812194824 48.2812576293945 47.9930839538574 47.6765441894531 47.5425720214844 47.5398216247559 47.4109382629395 47.2546501159668 47.3125686645508 46.8422050476074 46.3175468444824 46.3902130126953 46.5428047180176 46.4711532592773 46.2153854370117 45.9595031738281 46.1519432067871 46.056999206543 46.0434265136719 46.5711135864258 47.2467727661133
54.4644432067871 54.0629005432129 53.7094688415527 53.4181022644043 53.125 52.8759689331055 52.5828437805176 52.1337394714355 51.9426956176758 51.7478713989258 51.5979309082031 51.4600944519043 51.3252067565918 51.1779479980469 51.0882110595703 50.9851989746094 50.8240051269531 50.6462364196777 50.4279022216797 50.2655143737793 50.200366973877 50.017951965332 49.7641868591309 49.6677894592285 49.3745574951172 48.9869270324707 48.7762680053711 48.5303344726562 48.4188804626465 48.0963745117188 47.8977394104004 47.6605796813965 47.6649856567383 47.7414321899414 47.3619232177734 47.3124084472656 47.5751457214355 46.9601860046387 46.652271270752 47.3502426147461 47.2738914489746 47.3496322631836 47.0763778686523 46.2432327270508 46.1232109069824 46.4964218139648 47.0090637207031 46.9559631347656 46.9274597167969
54.4393043518066 54.075382232666 53.6942977905273 53.3605766296387 53.0963363647461 52.7705307006836 52.4236717224121 51.9239196777344 51.7838668823242 51.6107368469238 51.4857292175293 51.3858337402344 51.2124786376953 51.0222702026367 50.885383605957 50.7924194335938 50.6495628356934 50.4677467346191 50.2423973083496 50.0802879333496 50.0489501953125 49.9111595153809 49.7360000610352 49.5681190490723 49.2085227966309 48.9511413574219 48.8055419921875 48.6033210754395 48.4838829040527 48.2264976501465 47.8875617980957 47.7096557617188 47.6916007995605 47.6842155456543 47.4388542175293 47.3512229919434 47.5419502258301 47.359058380127 47.0748138427734 47.4183654785156 47.511173248291 48.3963394165039 48.6747817993164 47.3337135314941 46.5790710449219 47.0079879760742 47.8387985229492 48.5792655944824 48.8408012390137
54.2771186828613 53.845832824707 53.471565246582 53.1959075927734 52.8995208740234 52.5392417907715 52.2602043151855 51.7951965332031 51.630973815918 51.4576225280762 51.2825698852539 51.1604537963867 51.0061149597168 50.8758277893066 50.7233009338379 50.6105995178223 50.5012092590332 50.3508338928223 50.1487274169922 49.992431640625 49.9177742004395 49.7829627990723 49.6436004638672 49.4657135009766 49.2090110778809 49.0421600341797 48.8861618041992 48.6831130981445 48.525276184082 48.2319259643555 47.977180480957 47.8027076721191 47.6470413208008 47.599250793457 47.6555404663086 47.7105865478516 47.5199356079102 47.640209197998 48.3453483581543 47.9876861572266 47.086727142334 48.8222961425781 49.4237594604492 49.1040229797363 47.8707008361816 47.1249504089355 47.7850341796875 49.0557289123535 49.7513198852539
54.0558967590332 53.6096611022949 53.2147216796875 52.9633178710938 52.6385688781738 52.3380355834961 52.1641311645508 51.7190055847168 51.4764938354492 51.2660827636719 51.1228446960449 50.9684982299805 50.8172798156738 50.7276077270508 50.5915031433105 50.4435653686523 50.3236465454102 50.2109298706055 50.0278663635254 49.9085884094238 49.7549934387207 49.6196708679199 49.5458450317383 49.40966796875 49.2155342102051 49.083137512207 48.9062156677246 48.7030181884766 48.5576057434082 48.163761138916 48.0565910339355 47.9410438537598 47.8239669799805 47.8151817321777 47.8928337097168 47.9694633483887 47.5612869262695 47.4435653686523 48.0783958435059 47.6076316833496 46.8654365539551 47.854118347168 48.4075965881348 48.5595092773438 47.6899032592773 47.1656646728516 47.632152557373 48.9896697998047 50.7241668701172
53.8907508850098 53.5081405639648 53.1725273132324 52.8618202209473 52.4818534851074 52.1967811584473 52.0051231384277 51.5765991210938 51.3362579345703 51.1363945007324 50.9902877807617 50.8064651489258 50.6726150512695 50.570686340332 50.3905830383301 50.2743263244629 50.1952629089355 50.0636787414551 49.8646926879883 49.8136215209961 49.6447906494141 49.498722076416 49.4423751831055 49.3339195251465 49.1724014282227 49.0941925048828 48.9730682373047 48.754337310791 48.6055793762207 48.2886772155762 48.1242599487305 48.0563201904297 48.0069541931152 47.8757858276367 47.8719329833984 48.0068473815918 47.6648483276367 47.2403831481934 47.2840728759766 47.4915466308594 47.5024337768555 46.9781646728516 47.5649452209473 48.4519500732422 48.6145172119141 48.4594459533691 48.5859222412109 48.7543449401855 49.5689964294434
53.7451629638672 53.3874549865723 53.1090850830078 52.7428016662598 52.4085578918457 52.1441383361816 51.9174880981445 51.3770637512207 51.1631889343262 51.013370513916 50.8475799560547 50.661792755127 50.5120468139648 50.3579635620117 50.2321510314941 50.1828460693359 50.0897598266602 49.9524612426758 49.7574501037598 49.6642875671387 49.5490112304688 49.4968414306641 49.4419898986816 49.2734451293945 49.1279106140137 49.075138092041 48.9704513549805 48.8180541992188 48.6885986328125 48.4133224487305 48.21923828125 48.2084884643555 48.1226196289062 47.8503684997559 47.8800430297852 48.0150527954102 47.7608413696289 47.6030464172363 47.6403961181641 47.6451988220215 47.6431159973145 47.4953651428223 48.1532974243164 49.2978897094727 50.5027809143066 50.8762702941895 51.7593612670898 51.3787841796875 50.9294776916504
53.4252319335938 53.0242919921875 52.7287788391113 52.4124603271484 52.1472816467285 51.870735168457 51.5346527099609 51.1006851196289 50.9382209777832 50.7589912414551 50.555721282959 50.3966445922852 50.266040802002 50.1099891662598 49.9874267578125 49.879810333252 49.7799110412598 49.6704559326172 49.4598808288574 49.4003639221191 49.3295440673828 49.2477798461914 49.1918792724609 49.1082534790039 49.0208969116211 49.021354675293 48.9484786987305 48.812084197998 48.7468490600586 48.5069236755371 48.4021873474121 48.340030670166 48.2849960327148 48.1766128540039 48.0685501098633 48.0192031860352 47.932056427002 47.993824005127 48.0036697387695 47.778694152832 47.8126029968262 47.6409111022949 48.091495513916 48.594783782959 49.1997375488281 50.3013801574707 51.6787910461426 52.9508857727051 53.4319000244141
53.3268775939941 52.9095611572266 52.5700531005859 52.2838172912598 52.0104713439941 51.7019195556641 51.4102020263672 50.8848037719727 50.7647323608398 50.606201171875 50.43896484375 50.3052215576172 50.1792373657227 50.0293960571289 49.8895225524902 49.7707557678223 49.6581573486328 49.5393867492676 49.3602752685547 49.2913627624512 49.2711067199707 49.2580413818359 49.3041191101074 49.2869873046875 49.08349609375 48.9610939025879 48.936824798584 48.8612442016602 48.8316841125488 48.6805229187012 48.4949760437012 48.4008293151855 48.3475036621094 48.2196311950684 48.1344909667969 48.0014038085938 47.8710517883301 48.4190864562988 48.6498222351074 47.8092460632324 47.5278244018555 47.5962181091309 47.6142578125 47.6233711242676 47.4678497314453 47.7376327514648 48.8900756835938 51.1087493896484 53.8393898010254
53.2118759155273 52.8708915710449 52.4843902587891 52.1579093933105 51.8429489135742 51.5047416687012 51.2378921508789 50.7222557067871 50.5745010375977 50.4042205810547 50.3161010742188 50.2345352172852 50.0769958496094 49.9290199279785 49.7934303283691 49.658935546875 49.5368347167969 49.4711227416992 49.276050567627 49.1949844360352 49.180362701416 49.30810546875 49.4674606323242 49.4323120117188 49.1739387512207 48.9249572753906 49.0773849487305 49.1914367675781 49.013370513916 48.7505722045898 48.4808082580566 48.4476776123047 48.4092140197754 48.1758117675781 48.095531463623 48.0096893310547 47.9576530456543 48.2765197753906 48.2960319519043 47.7845916748047 47.7563781738281 47.6616592407227 48.410400390625 50.4687232971191 51.4951515197754 51.410961151123 51.3510284423828 52.1387138366699 54.4882659912109
53.0324440002441 52.7416648864746 52.4187965393066 52.0636978149414 51.7103996276855 51.4086837768555 51.1370506286621 50.6826057434082 50.4827728271484 50.2819747924805 50.2283782958984 50.1297950744629 49.9286766052246 49.843090057373 49.7599639892578 49.5985527038574 49.449047088623 49.3935050964355 49.214542388916 49.169994354248 49.1280746459961 49.2860221862793 49.467456817627 49.4834442138672 49.2692604064941 48.9710464477539 49.1174621582031 49.2306823730469 49.0499877929688 48.6362571716309 48.3798141479492 48.3794975280762 48.34375 48.1755104064941 48.1167182922363 48.0750045776367 48.03466796875 47.971607208252 47.9911079406738 48.3983917236328 48.5585823059082 49.2559013366699 50.0238418579102 53.281665802002 53.7807197570801 53.496223449707 54.8355827331543 54.4205856323242 53.6966285705566
52.8401870727539 52.5169143676758 52.2223205566406 51.8809814453125 51.5373382568359 51.2668876647949 51.0239067077637 50.5900115966797 50.4125175476074 50.2550201416016 50.1675338745117 50.0390853881836 49.8099479675293 49.7525177001953 49.6961479187012 49.525993347168 49.3963203430176 49.3292350769043 49.1475791931152 49.1562347412109 49.1261329650879 49.0824584960938 49.2385482788086 49.4206123352051 49.3150367736816 49.1913070678711 49.200366973877 49.2275199890137 49.2333717346191 48.7043228149414 48.4322395324707 48.3262596130371 48.2581405639648 48.1902542114258 48.1691284179688 48.1164665222168 48.0658531188965 48.0746078491211 48.5009117126465 49.3305282592773 49.3815727233887 50.7506217956543 51.8470573425293 54.3256759643555 54.1240272521973 53.5657157897949 55.7419624328613 55.4150505065918 54.2698669433594
52.6841354370117 52.3778495788574 52.0561218261719 51.7217330932617 51.4137191772461 51.1482810974121 50.9114112854004 50.5343475341797 50.3515815734863 50.1879119873047 50.0496711730957 49.8864479064941 49.6865768432617 49.5866966247559 49.5521850585938 49.4200286865234 49.3238906860352 49.2692947387695 49.0718002319336 49.1171417236328 49.0929183959961 48.972713470459 49.0992698669434 49.3505249023438 49.3880462646484 49.3905982971191 49.2097320556641 49.2750015258789 49.5828666687012 48.9899063110352 48.5993881225586 48.3407669067383 48.2703132629395 48.1911773681641 48.1607933044434 48.1440582275391 48.1261100769043 48.2516708374023 48.7832870483398 49.7238693237305 49.5138244628906 49.5580902099609 50.379566192627 51.410587310791 52.8135719299316 54.2451553344727 56.066535949707 56.7615432739258 56.5443725585938
52.5508193969727 52.223690032959 51.9101257324219 51.6578979492188 51.33544921875 51.0344581604004 50.8171157836914 50.4415626525879 50.2441711425781 50.0741233825684 49.9021492004395 49.7350616455078 49.6127700805664 49.5317649841309 49.4666900634766 49.3713111877441 49.2772102355957 49.2005653381348 49.0622749328613 49.0590057373047 48.9925727844238 48.9301338195801 48.9841003417969 49.2897834777832 49.4629287719727 49.4448432922363 49.3869514465332 49.3829040527344 49.4985008239746 48.9494400024414 48.5762062072754 48.3349609375 48.3201675415039 48.3182067871094 48.2946701049805 48.4259948730469 48.5033645629883 48.4836387634277 48.6826591491699 49.1064758300781 48.9108619689941 48.6914939880371 48.5170860290527 49.2648963928223 52.6504173278809 54.5351943969727 53.5461006164551 54.3564949035645 54.2169151306152
