rcp4.5models/MPi_ESM_LR/sc1gr2.23
NCOLS 261 
NROWS 433 
XLLCORNER 336357.134 
YLLCORNER 654653.479 
CELLSIZE 1000 
NODATA_value -3.4e+38 
[rows 308 to 329 of 433, columns 49 to 97 of 261]
331.560302734375 332.072387695312 332.301147460938 333.165313720703 334.349090576172 335.018341064453 335.199066162109 336.104675292969 336.650726318359 337.012512207031 337.373901367188 338.043243408203 339.02197265625 339.386871337891 339.429779052734 339.78564453125 340.628387451172 341.305267333984 342.6162109375 342.658538818359 342.898620605469 343.055816650391 343.383483886719 341.938598632812 340.078918457031 340.331939697266 339.527526855469 340.203918457031 342.696014404297 344.599822998047 347.207885742188 349.743865966797 349.108825683594 347.244781494141 346.825469970703 346.612457275391 346.657562255859 348.081787109375 349.047637939453 348.902160644531 347.954162597656 346.768402099609 345.928985595703 342.027526855469 334.312744140625 323.562194824219 316.610137939453 314.259368896484 310.457397460938
331.344055175781 331.692291259766 331.879150390625 332.422424316406 333.144165039062 334.333312988281 335.319122314453 336.040985107422 336.40185546875 337.076019287109 337.435180664062 337.97998046875 339.029907226562 339.392883300781 339.557373046875 339.9140625 340.759490966797 341.62451171875 343.33056640625 343.490753173828 343.344177246094 343.668975830078 343.753021240234 343.184783935547 341.970642089844 341.140686035156 340.276245117188 339.801910400391 342.585876464844 344.77294921875 347.728729248047 349.840576171875 349.545562744141 346.790435791016 344.728149414062 346.514007568359 348.43408203125 349.521759033203 350.074951171875 350.152069091797 348.226806640625 346.649261474609 340.866119384766 333.588714599609 329.144561767578 323.130065917969 320.477264404297 320.330078125 315.060028076172
331.277465820312 331.636566162109 331.995971679688 332.355834960938 333.043365478516 333.760223388672 334.493743896484 335.532470703125 335.896240234375 336.447906494141 337.123016357422 338.106506347656 338.658111572266 339.014770507812 339.684173583984 340.041625976562 340.889709472656 341.753570556641 342.854736328125 342.915191650391 342.766143798828 343.683746337891 343.89990234375 343.400054931641 343.661712646484 342.829498291016 342.218444824219 341.971252441406 342.927429199219 346.457000732422 347.501647949219 348.850708007812 350.042419433594 347.480865478516 346.251007080078 349.822082519531 351.180633544922 351.347930908203 350.780609130859 350.34716796875 349.175231933594 345.246520996094 339.008331298828 334.075744628906 332.210235595703 328.135101318359 327.994995117188 328.786651611328 327.397186279297
331.392913818359 331.752532958984 332.112457275391 332.472839355469 333.020324707031 333.699127197266 334.378814697266 335.592559814453 335.645477294922 336.007659912109 337.186370849609 337.918609619141 337.971954345703 338.949493408203 339.504455566406 339.858551025391 341.018981933594 341.581726074219 342.280609130859 342.4560546875 342.294403076172 343.321472167969 342.852233886719 341.835968017578 343.259185791016 343.570373535156 342.225708007812 343.332092285156 345.321350097656 347.528930664062 345.456573486328 346.418640136719 350.493316650391 348.875518798828 348.311889648438 350.542602539062 351.129730224609 350.257659912109 348.078857421875 347.930603027344 348.450012207031 346.783721923828 343.79541015625 342.247680664062 338.930572509766 336.542327880859 336.368804931641 336.528869628906 338.225006103516
331.200225830078 331.8681640625 332.228607177734 332.589477539062 332.951049804688 333.501403808594 334.043395996094 335.5849609375 335.766479492188 336.446166992188 337.495819091797 337.538299560547 338.027679443359 339.075469970703 339.434936523438 340.099456787109 340.844482421875 341.206420898438 342.209289550781 342.583129882812 341.837310791016 342.642700195312 343.056457519531 342.455718994141 343.396697998047 344.535400390625 343.368988037109 344.104736328125 346.990112304688 346.723205566406 345.425262451172 345.193023681641 348.108123779297 348.403747558594 345.595550537109 346.026000976562 348.008117675781 349.252136230469 348.468780517578 348.227752685547 349.354766845703 350.855285644531 349.545074462891 348.516693115234 346.279815673828 344.897430419922 344.726501464844 344.967346191406 345.575256347656
331.245361328125 331.741546630859 332.289276123047 333.155914306641 333.489501953125 333.877990722656 335.253295898438 335.624145507812 335.509857177734 336.18701171875 336.734497070312 337.097625732422 337.966003417969 339.015289306641 339.683227539062 340.349151611328 340.901550292969 341.756988525391 342.466003417969 342.833587646484 342.974273681641 343.728851318359 344.476959228516 343.479614257812 343.332946777344 345.211364746094 346.247039794922 347.108245849609 347.448608398438 345.927368164062 344.613861083984 345.263793945312 348.109619140625 348.895050048828 348.664123535156 347.363494873047 345.115173339844 345.940124511719 346.949157714844 349.377349853516 350.625640869141 350.843872070312 350.1962890625 349.916656494141 352.446868896484 352.092651367188 352.667785644531 352.431854248047 351.395416259766
330.69775390625 331.267547607422 332.272247314453 333.127838134766 333.474700927734 334.187103271484 334.893249511719 335.424377441406 335.640533447266 336.490478515625 336.854675292969 337.218322753906 338.089172363281 339.255249023438 339.803863525391 340.053283691406 340.720397949219 341.578796386719 342.897155761719 342.956878662109 343.29736328125 343.665740966797 343.996704101562 342.812622070312 342.474273681641 344.652465820312 346.071380615234 347.236694335938 347.577423095703 347.551147460938 347.752655029297 348.356903076172 349.311462402344 349.606994628906 350.149719238281 349.040252685547 345.979705810547 345.0380859375 346.300903320312 348.669158935547 349.622589111328 349.888427734375 350.794555664062 350.991027832031 351.788116455078 350.195739746094 348.435333251953 349.589477539062 351.664398193359
330.131225585938 330.858154296875 331.880706787109 332.751983642578 333.417602539062 333.974151611328 334.653411865234 335.685729980469 336.063293457031 336.609405517578 336.974060058594 337.338165283203 337.896606445312 338.956848144531 339.616790771484 339.786956787109 340.649841308594 341.810394287109 343.219787597656 343.377685546875 343.132965087891 343.181091308594 344.123382568359 343.117340087891 342.400909423828 344.161956787109 345.989227294922 347.363342285156 347.139953613281 347.048492431641 346.388732910156 346.101837158203 347.466430664062 349.165863037109 348.814178466797 347.930145263672 345.634979248047 343.702087402344 344.504211425781 346.362030029297 348.302703857422 345.190460205078 345.93408203125 345.652008056641 344.624877929688 340.324005126953 339.630706787109 347.242767333984 349.659942626953
330.722106933594 331.615997314453 332.104888916016 332.698150634766 333.868591308594 334.198944091797 334.457550048828 335.369110107422 336.061248779297 337.049652099609 337.393615722656 337.457061767578 337.820892333984 338.380249023438 339.556365966797 340.518737792969 341.074310302734 342.130065917969 343.039672851562 343.697296142578 343.654693603516 343.799743652344 344.845153808594 344.226837158203 342.955596923828 344.2734375 346.420227050781 347.488098144531 347.430114746094 347.379211425781 346.082946777344 343.443450927734 345.277160644531 348.009368896484 347.657836914062 347.122192382812 345.713653564453 344.604248046875 344.289093017578 343.972564697266 345.815490722656 341.597503662109 341.258575439453 338.840362548828 332.822235107422 327.578399658203 333.227294921875 343.403900146484 345.109466552734
331.190734863281 331.746490478516 332.087280273438 332.814910888672 333.841888427734 334.187530517578 334.380249023438 335.112823486328 335.999755859375 337.040618896484 337.072235107422 337.275238037109 338.256011962891 338.6025390625 339.372924804688 340.726440429688 341.078643798828 341.951324462891 342.358520507812 342.314117431641 342.970672607422 343.927673339844 344.480712890625 344.145660400391 342.502288818359 344.076782226562 346.769866943359 347.308898925781 347.952392578125 347.791931152344 348.179779052734 346.518280029297 346.826782226562 348.031463623047 348.907989501953 348.276000976562 346.999725341797 346.658874511719 346.466827392578 345.498229980469 345.218383789062 341.770202636719 338.922180175781 334.558319091797 327.213562011719 325.554046630859 333.655181884766 341.1689453125 343.837921142578
331.302734375 331.667327880859 332.374206542969 332.888214111328 333.465850830078 334.129058837891 334.495422363281 335.228576660156 336.117828369141 336.961120605469 337.129608154297 337.827697753906 338.870544433594 339.221862792969 339.593841552734 340.343536376953 340.697906494141 341.264038085938 342.681182861328 341.735565185547 341.392974853516 342.150146484375 343.692962646484 344.741119384766 343.110443115234 344.000671386719 346.598236083984 347.219543457031 348.073394775391 347.756439208984 345.690460205078 345.645568847656 348.799041748047 349.462066650391 349.063842773438 347.664428710938 346.414154052734 346.259124755859 347.054595947266 347.366455078125 346.586273193359 343.663360595703 341.157531738281 337.917510986328 333.940765380859 334.687377929688 339.604248046875 343.817657470703 345.179626464844
331.119079589844 332.124755859375 332.634338378906 332.679351806641 333.410461425781 334.243041992188 334.94384765625 335.969390869141 336.531402587891 337.401733398438 337.739135742188 338.006195068359 338.875305175781 339.536315917969 339.899383544922 340.261505126953 340.933197021484 341.589111328125 342.895599365234 342.653564453125 342.106903076172 342.458435058594 343.614562988281 344.278350830078 343.23779296875 343.842437744141 345.629364013672 346.453277587891 347.892364501953 348.183197021484 343.086517333984 341.391082763672 346.972686767578 349.890777587891 349.723022460938 348.047607421875 346.302459716797 345.222259521484 345.642761230469 345.423706054688 346.242401123047 346.529632568359 345.412445068359 342.692413330078 340.65283203125 340.809783935547 342.927825927734 345.764739990234 345.532775878906
331.06787109375 332.085205078125 332.423034667969 332.622711181641 333.185546875 334.061798095703 335.255462646484 335.831726074219 336.200622558594 336.767913818359 337.442840576172 337.922393798828 338.806884765625 339.6513671875 340.014617919922 340.063323974609 340.642669677734 341.801788330078 342.509674072266 342.874450683594 343.324615478516 343.679412841797 344.029937744141 344.17626953125 344.411895751953 345.247283935547 345.719604492188 346.248229980469 347.798400878906 348.483978271484 345.824615478516 342.204498291016 344.234405517578 348.875518798828 350.660858154297 348.226989746094 345.393218994141 346.175628662109 347.761047363281 346.397094726562 347.543029785156 348.843109130859 345.433807373047 343.220916748047 343.165100097656 344.266815185547 346.827606201172 347.627838134766 345.282165527344
331.471496582031 332.000640869141 332.367218017578 332.733978271484 333.441833496094 333.958648681641 334.740600585938 335.570098876953 335.937133789062 336.303863525391 337.520568847656 338.329986572266 338.6015625 339.470611572266 340.128540039062 339.974853515625 340.67919921875 342.020477294922 342.125061035156 342.488830566406 342.135620117188 341.908569335938 342.860687255859 342.918121337891 344.357025146484 346.100799560547 345.365417480469 345.980010986328 347.914703369141 348.886169433594 348.824005126953 344.761810302734 344.066131591797 348.671112060547 349.906341552734 347.414947509766 345.511596679688 347.713287353516 348.929718017578 347.831665039062 349.294891357422 349.739624023438 345.331268310547 343.688018798828 345.179504394531 348.245697021484 350.295166015625 349.445617675781 347.393737792969
331.3916015625 331.470489501953 332.186370849609 332.84423828125 333.751831054688 334.040832519531 334.483215332031 335.681762695312 336.379638671875 336.708190917969 337.510437011719 338.329925537109 338.513214111328 339.399261474609 340.241058349609 340.085571289062 340.683990478516 341.408630371094 341.735168457031 341.799102783203 341.544708251953 340.90185546875 340.470764160156 339.733184814453 341.884887695312 344.533538818359 343.683624267578 343.636627197266 346.258209228516 348.347473144531 348.671142578125 346.336975097656 344.393341064453 346.977844238281 348.788787841797 348.642517089844 348.226196289062 348.599822998047 347.927215576172 345.820861816406 345.492248535156 351.088226318359 349.55908203125 347.424865722656 346.701110839844 350.177124023438 349.949951171875 345.577819824219 343.852325439453
331.012298583984 331.568389892578 332.420959472656 332.608032226562 333.230834960938 334.540344238281 335.175476074219 335.792266845703 336.692535400391 336.995513916016 337.74951171875 338.550323486328 338.947082519531 339.804016113281 340.352111816406 340.511291503906 340.886749267578 341.232696533203 341.949340820312 341.803558349609 342.473663330078 340.885955810547 338.678466796875 339.014465332031 341.070343017578 342.144775390625 341.494049072266 341.428924560547 344.526733398438 348.116851806641 348.159088134766 347.589508056641 346.916412353516 347.917510986328 348.772705078125 347.558807373047 346.75927734375 346.685638427734 345.795440673828 344.338562011719 342.694152832031 352.005767822266 351.194030761719 349.657958984375 349.509613037109 350.91748046875 349.630432128906 346.546051025391 340.743621826172
331.244598388672 331.875579833984 332.344543457031 332.920532226562 333.205932617188 334.252532958984 335.336608886719 335.901489257812 336.471130371094 336.813415527344 337.736602783203 338.549194335938 339.261138916016 340.09814453125 340.14208984375 340.215850830078 340.894592285156 341.546112060547 341.953948974609 342.122039794922 342.983154296875 341.383178710938 339.366516113281 339.828430175781 340.493896484375 340.635925292969 340.277252197266 339.453521728516 343.342590332031 348.429809570312 347.422271728516 347.210571289062 348.912872314453 349.75341796875 349.388641357422 347.114868164062 343.929260253906 343.0283203125 343.513000488281 343.055297851562 343.492584228516 351.542297363281 350.431640625 349.1474609375 349.96533203125 349.473541259766 348.521301269531 349.031066894531 342.419036865234
331.008056640625 331.737365722656 332.068389892578 332.475799560547 333.155548095703 334.187408447266 335.413116455078 335.605895996094 336.531982421875 337.341857910156 337.599975585938 338.295959472656 338.948394775391 339.518432617188 338.896026611328 338.854309082031 339.904968261719 340.777374267578 341.247192382812 341.661407470703 342.576904296875 340.181915283203 339.133422851562 339.335815429688 337.992492675781 337.968109130859 338.1396484375 341.337219238281 346.418304443359 348.428985595703 348.757080078125 347.769439697266 346.983306884766 348.857238769531 350.558197021484 350.963439941406 347.197692871094 343.641540527344 343.349822998047 342.885223388672 344.864715576172 347.291778564453 349.618469238281 347.587615966797 343.927307128906 339.773162841797 340.841003417969 345.169464111328 344.954223632812
330.913940429688 331.71240234375 332.292419433594 332.378479003906 333.298065185547 334.664916992188 335.484771728516 336.016418457031 336.955688476562 337.750457763672 337.939392089844 338.509338378906 339.053436279297 339.417694091797 338.515380859375 338.805572509766 339.999114990234 340.576965332031 341.460784912109 342.161712646484 342.367919921875 338.872924804688 338.337677001953 338.810211181641 336.796569824219 336.45068359375 336.969970703125 340.950653076172 345.525665283203 347.872924804688 348.194732666016 349.191680908203 347.473449707031 346.534332275391 348.842254638672 351.110412597656 349.518981933594 345.458953857422 344.276306152344 346.296234130859 347.529388427734 346.5361328125 346.261260986328 345.048492431641 345.213836669922 341.831726074219 339.533935546875 340.960144042969 340.630462646484
330.890197753906 331.785430908203 332.274078369141 332.481536865234 333.403442382812 334.424163818359 335.3056640625 335.985626220703 336.277984619141 337.157135009766 337.809478759766 338.507354736328 339.484710693359 339.806060791016 338.821594238281 338.662384033203 339.507934570312 340.492553710938 342.178436279297 342.751312255859 342.147979736328 338.760345458984 339.25830078125 339.476196289062 335.970306396484 336.455932617188 339.547973632812 342.293121337891 344.749816894531 347.335357666016 347.664611816406 348.914825439453 347.925933837891 346.013519287109 347.160400390625 348.513946533203 348.619018554688 348.209228515625 347.965057373047 347.571807861328 347.620544433594 345.133544921875 343.599945068359 342.184020996094 342.643096923828 343.085235595703 338.974761962891 337.416381835938 337.733825683594
330.677459716797 331.207366943359 332.288391113281 332.863525390625 333.857177734375 334.602600097656 335.241394042969 335.598236083984 335.794647216797 336.369018554688 337.245269775391 338.101684570312 339.512268066406 340.087432861328 338.919189453125 338.991973876953 340.126953125 340.562194824219 341.973907470703 342.659820556641 343.072082519531 341.366577148438 341.207427978516 340.581878662109 336.117156982422 337.395294189453 -3.4e+38 343.144378662109 344.968505859375 345.113739013672 346.889984130859 349.162963867188 349.569183349609 349.320922851562 347.94677734375 346.042022705078 344.6650390625 347.627532958984 350.241485595703 346.584045410156 344.454437255859 345.283660888672 343.0517578125 341.314971923828 341.257476806641 341.900421142578 338.167602539062 336.327789306641 335.872314453125
330.573760986328 331.302062988281 332.714141845703 333.124603271484 333.465240478516 334.308441162109 334.998046875 335.527709960938 335.895263671875 336.26220703125 337.171447753906 338.326110839844 339.388977050781 339.902984619141 339.340454101562 339.796142578125 340.807403564453 340.637481689453 340.398956298828 341.565185546875 342.398956298828 341.715637207031 341.414184570312 341.416076660156 338.777465820312 -3.4e+38 341.665557861328 343.035583496094 344.264587402344 343.521789550781 346.063659667969 349.103363037109 350.503021240234 351.047332763672 348.407501220703 344.919281005859 341.981994628906 343.72412109375 347.713500976562 346.5927734375 344.458160400391 346.183380126953 344.236206054688 341.545288085938 339.417022705078 338.155822753906 335.589691162109 335.905334472656 336.631408691406
