rcp4.5models/MPi_ESM_LR/sc1gr8.30
NCOLS 261 
NROWS 433 
XLLCORNER 336357.134 
YLLCORNER 654653.479 
CELLSIZE 1000 
NODATA_value -3.4e+38 
[rows 264 to 285 of 433, columns 49 to 97 of 261]
216.2216796875 219.687866210938 222.672058105469 223.935272216797 225.29801940918 226.774932861328 228.736755371094 233.444808959961 234.584274291992 236.436813354492 238.561050415039 240.133728027344 241.12614440918 243.641235351562 246.251846313477 248.788681030273 251.074783325195 252.073089599609 258.539703369141 260.612823486328 259.904815673828 261.074645996094 263.957824707031 266.18408203125 268.588470458984 273.544952392578 276.856109619141 274.071472167969 274.770874023438 282.142181396484 288.772979736328 295.245697021484 298.910339355469 301.348968505859 303.844970703125 308.468811035156 314.111694335938 319.369689941406 320.950744628906 322.990020751953 323.297271728516 319.535705566406 318.510223388672 318.303405761719 316.441101074219 313.79345703125 316.599548339844 317.155914306641 317.040100097656
219.050506591797 222.521713256836 225.661636352539 227.798400878906 229.595474243164 230.862899780273 232.016998291016 237.835083007812 239.148864746094 239.656677246094 241.004577636719 243.294631958008 246.366638183594 248.279388427734 249.387100219727 251.702056884766 254.288635253906 255.791061401367 264.808563232422 265.895263671875 265.035949707031 265.622741699219 267.687225341797 271.004119873047 273.652404785156 278.279693603516 282.174987792969 279.498718261719 277.954040527344 287.361938476562 291.208557128906 297.077911376953 303.479278564453 307.700744628906 311.073516845703 315.550415039062 321.506378173828 325.419494628906 326.23095703125 326.084594726562 324.896301269531 320.602264404297 319.287170410156 318.953369140625 318.211090087891 317.011810302734 317.865814208984 317.995819091797 321.220123291016
227.297988891602 229.610076904297 232.935394287109 235.343521118164 236.903945922852 238.402954101562 240.136642456055 246.247314453125 248.622329711914 251.02229309082 252.199310302734 251.646896362305 253.682723999023 255.163436889648 256.933319091797 258.555786132812 260.759552001953 264.466430664062 270.935760498047 272.113677978516 272.52880859375 274.990814208984 275.156463623047 276.630096435547 282.987945556641 286.489288330078 284.885650634766 286.604309082031 287.051635742188 296.437927246094 302.964050292969 310.255615234375 315.791564941406 322.071319580078 327.61669921875 330.149108886719 331.137359619141 332.842803955078 331.404205322266 329.131500244141 327.379516601562 323.384918212891 322.197265625 321.928619384766 324.554351806641 327.638824462891 323.690795898438 319.3564453125 330.800048828125
231.093170166016 233.367385864258 235.915512084961 238.586578369141 240.573715209961 241.821838378906 243.019165039062 250.539474487305 252.082290649414 255.20866394043 258.681091308594 258.170379638672 261.359588623047 262.489929199219 262.21923828125 263.032836914062 264.711730957031 268.337127685547 273.777587890625 274.759338378906 277.353332519531 280.965179443359 280.832885742188 281.105438232422 289.286895751953 292.538177490234 286.541168212891 289.525360107422 291.249084472656 300.515228271484 310.358306884766 320.7734375 324.128875732422 327.964233398438 332.143829345703 334.188049316406 335.021942138672 335.470733642578 333.078308105469 330.634063720703 329.271026611328 325.445587158203 323.747253417969 322.823028564453 323.139221191406 323.311187744141 321.464233398438 320.470306396484 331.962860107422
232.954559326172 235.351043701172 238.166076660156 242.087005615234 244.280014038086 245.027008056641 245.862258911133 255.689544677734 255.132064819336 257.304107666016 260.351715087891 262.521270751953 266.811859130859 269.571441650391 269.648345947266 268.753387451172 269.756164550781 271.693054199219 277.650573730469 280.033843994141 283.009857177734 285.026611328125 285.662170410156 286.233673095703 293.990692138672 297.685485839844 290.550201416016 293.308166503906 296.978332519531 307.364501953125 317.988800048828 332.451293945312 333.186920166016 330.317047119141 334.484558105469 335.169586181641 337.191284179688 337.50341796875 335.106506347656 332.794403076172 331.231048583984 327.174377441406 324.766906738281 323.317077636719 322.495208740234 321.998352050781 321.449249267578 322.436065673828 338.754730224609
234.992218017578 237.688629150391 241.688934326172 244.900985717773 246.577697753906 247.455780029297 248.714126586914 259.025146484375 258.795196533203 261.071563720703 263.238037109375 265.506072998047 269.0947265625 272.716247558594 275.486663818359 276.411712646484 275.915557861328 277.013427734375 283.77197265625 286.447906494141 287.985046386719 289.304656982422 289.876617431641 291.323028564453 298.021575927734 301.477020263672 296.602233886719 300.395416259766 305.55029296875 314.984405517578 323.41455078125 337.614898681641 337.283935546875 334.039947509766 337.242401123047 338.302734375 339.5205078125 338.637908935547 336.637451171875 334.740356445312 332.690734863281 329.359283447266 327.8349609375 325.452789306641 325.065490722656 325.502777099609 324.985168457031 322.974060058594 338.108032226562
238.424880981445 240.806228637695 244.143936157227 247.38427734375 248.610443115234 250.495178222656 253.270538330078 261.028015136719 261.242736816406 263.789245605469 266.900756835938 268.261352539062 272.488861083984 276.552520751953 280.515899658203 284.947509765625 285.306518554688 283.914947509766 290.625732421875 293.054229736328 293.912628173828 294.808349609375 296.077239990234 296.819671630859 301.228363037109 304.752532958984 304.000305175781 307.804473876953 313.158355712891 319.969665527344 325.378234863281 335.173919677734 339.402557373047 339.218719482422 340.478790283203 341.87158203125 342.280700683594 339.907043457031 337.869873046875 335.907928466797 334.035583496094 331.943786621094 332.568542480469 330.079620361328 329.281707763672 328.283050537109 326.025695800781 323.438140869141 335.49951171875
239.052780151367 242.531631469727 246.387939453125 249.886566162109 251.197113037109 253.4140625 257.943695068359 263.868896484375 264.628143310547 268.050903320312 271.201477050781 273.432800292969 277.088958740234 281.626861572266 286.137512207031 291.809051513672 296.499694824219 294.755493164062 297.524627685547 300.222259521484 300.900390625 300.862182617188 301.319091796875 303.059173583984 307.125274658203 309.738922119141 310.863555908203 314.881866455078 320.341522216797 326.474304199219 329.722900390625 338.709289550781 348.519958496094 347.596405029297 346.301452636719 345.535308837891 344.800872802734 342.261627197266 340.104156494141 337.950042724609 336.003967285156 333.667083740234 334.316955566406 332.760955810547 330.371429443359 327.703125 325.608551025391 324.826782226562 333.323944091797
241.725341796875 244.590667724609 248.189102172852 251.024719238281 253.000915527344 256.417053222656 261.088104248047 266.474090576172 268.311828613281 272.212036132812 276.429901123047 279.956207275391 282.301574707031 285.532592773438 290.117614746094 295.632751464844 303.137115478516 305.915100097656 303.513397216797 303.952850341797 306.140655517578 308.1533203125 308.0849609375 309.121673583984 313.265655517578 315.753112792969 318.785980224609 324.217681884766 329.069183349609 336.934936523438 337.530731201172 346.202117919922 356.955688476562 355.615570068359 353.304626464844 351.992431640625 346.646392822266 344.429626464844 342.639831542969 340.946502685547 338.758270263672 335.105102539062 335.522277832031 334.03173828125 329.70263671875 328.012359619141 326.975189208984 325.871917724609 333.823577880859
245.094314575195 248.374374389648 250.868865966797 253.352798461914 255.736785888672 259.300323486328 263.002197265625 269.942901611328 273.986175537109 276.585632324219 280.612945556641 284.466949462891 286.590972900391 289.386352539062 295.282562255859 300.582824707031 308.954620361328 317.166137695312 310.392791748047 308.407440185547 312.211883544922 314.290924072266 315.258911132812 315.290496826172 318.298736572266 321.585601806641 327.839111328125 337.295593261719 343.736907958984 345.537231445312 346.379425048828 351.109130859375 360.322387695312 360.139434814453 355.485260009766 354.187805175781 347.965179443359 346.342102050781 344.983032226562 343.169250488281 340.966125488281 337.167022705078 335.779479980469 334.124877929688 331.802215576172 330.898376464844 328.985504150391 327.6123046875 333.042907714844
248.947967529297 253.199829101562 256.973846435547 259.457305908203 261.911895751953 265.204620361328 269.743347167969 275.653900146484 279.468994140625 282.357238769531 285.964294433594 289.309844970703 291.828674316406 295.523254394531 300.233154296875 305.885528564453 312.011840820312 315.540954589844 314.532653808594 314.916870117188 319.593841552734 321.156463623047 322.641296386719 323.544067382812 324.701538085938 329.27978515625 337.68408203125 347.848205566406 355.005798339844 351.814392089844 355.336456298828 356.176666259766 358.836761474609 360.162017822266 355.240692138672 353.074279785156 349.825347900391 348.137481689453 346.907928466797 345.075988769531 343.332122802734 338.570861816406 336.035003662109 334.510803222656 333.927581787109 333.034790039062 331.254333496094 329.709259033203 329.768676757812
252.840911865234 257.231231689453 261.847808837891 265.222717285156 269.466796875 274.492004394531 277.933837890625 280.959411621094 284.940063476562 288.373077392578 291.705780029297 295.186706542969 298.751586914062 301.621368408203 303.593536376953 307.842193603516 314.458251953125 320.03662109375 318.004302978516 323.068176269531 327.160614013672 327.9912109375 329.545745849609 330.691070556641 332.338806152344 337.061431884766 344.250610351562 351.411773681641 356.137847900391 355.966247558594 360.484558105469 361.931396484375 360.180938720703 359.029968261719 356.920257568359 354.969573974609 351.251312255859 349.718841552734 348.799163818359 347.349761962891 345.20947265625 339.992156982422 337.622039794922 336.289764404297 335.870513916016 335.018920898438 333.242462158203 331.950622558594 331.390594482422
256.181549072266 260.131317138672 264.635986328125 268.527099609375 272.630462646484 276.728210449219 278.836578369141 286.288482666016 289.925415039062 292.842987060547 296.173645019531 300.890686035156 304.433410644531 306.541931152344 308.603179931641 314.069458007812 321.022155761719 324.550109863281 322.673461914062 329.855499267578 335.112976074219 336.444976806641 336.932800292969 338.548706054688 342.865295410156 345.944000244141 350.348815917969 355.498626708984 357.778747558594 361.823608398438 366.427581787109 366.490997314453 363.375030517578 360.749267578125 359.797180175781 360.804077148438 357.615966796875 352.103973388672 351.056091308594 349.285400390625 346.961700439453 342.061706542969 339.909912109375 339.155029296875 338.478454589844 337.809051513672 335.998321533203 335.09228515625 334.628082275391
259.638610839844 263.257385253906 267.197845458984 270.784271240234 274.564666748047 278.879547119141 281.552825927734 289.29052734375 294.127075195312 297.239349365234 301.136322021484 306.563507080078 309.878387451172 312.426208496094 314.937957763672 318.803009033203 323.793823242188 326.123260498047 329.867828369141 337.766876220703 344.063049316406 344.33740234375 343.166381835938 345.762969970703 350.760101318359 355.399871826172 359.001678466797 363.190124511719 365.43798828125 367.524536132812 369.803344726562 367.643798828125 364.897766113281 362.987091064453 361.670928955078 362.048706054688 359.933929443359 355.186248779297 353.773071289062 352.157684326172 349.549285888672 343.713928222656 342.529052734375 341.974182128906 341.086212158203 340.399322509766 339.288146972656 338.179992675781 336.910614013672
268.888366699219 272.619537353516 276.318176269531 279.285369873047 282.647003173828 287.875885009766 292.08349609375 300.613983154297 305.863189697266 309.16796875 313.468566894531 318.182037353516 321.340393066406 323.542419433594 325.550689697266 329.696014404297 333.657867431641 337.395874023438 345.486480712891 348.16064453125 351.989227294922 356.168731689453 363.956817626953 370.913848876953 369.970733642578 370.958038330078 372.194152832031 374.560180664062 377.711212158203 375.770385742188 373.564056396484 371.780334472656 370.275482177734 368.225982666016 366.182403564453 364.312591552734 362.144927978516 360.094268798828 358.668853759766 356.31591796875 354.201049804688 348.653900146484 347.707946777344 347.934967041016 346.247619628906 344.9501953125 344.261169433594 342.380096435547 340.559020996094
272.106964111328 276.132110595703 280.128265380859 283.243682861328 286.889770507812 293.625396728516 298.864410400391 304.708129882812 309.586700439453 313.0849609375 317.793853759766 323.204681396484 325.863067626953 328.71337890625 332.038024902344 337.010925292969 341.16943359375 345.693603515625 354.672119140625 356.684722900391 359.816864013672 365.369781494141 375.810943603516 381.728881835938 379.478912353516 377.502807617188 378.341033935547 380.725646972656 381.346221923828 378.707824707031 376.707611083984 374.721588134766 372.358673095703 369.638732910156 367.652618408203 365.766906738281 363.030242919922 361.523071289062 360.637115478516 358.415954589844 355.273101806641 349.0146484375 348.638000488281 348.201690673828 345.872192382812 345.456359863281 347.045593261719 345.282318115234 342.780151367188
275.460144042969 279.976196289062 284.156768798828 288.500427246094 293.155578613281 299.037170410156 303.795989990234 309.895111083984 313.916473388672 318.234893798828 323.183624267578 327.707183837891 330.704681396484 334.424255371094 339.748138427734 348.350372314453 352.268951416016 353.924163818359 362.697448730469 365.718963623047 369.199188232422 374.779510498047 381.113647460938 386.415710449219 387.578552246094 385.416412353516 384.877807617188 385.763763427734 384.327545166016 381.228179931641 379.08740234375 377.094085693359 374.426086425781 370.843444824219 368.324066162109 365.828796386719 362.682250976562 362.345001220703 362.292327880859 360.153381347656 356.811126708984 350.268798828125 349.592102050781 347.536315917969 346.832641601562 347.147399902344 348.608947753906 347.775421142578 345.374053955078
278.618438720703 282.874237060547 288.387054443359 293.776275634766 298.3642578125 303.576904296875 308.434906005859 316.529541015625 321.728179931641 325.276550292969 328.947204589844 333.134063720703 338.190673828125 343.789642333984 348.658782958984 356.946563720703 361.621826171875 361.756164550781 371.284027099609 375.878662109375 378.263000488281 382.757904052734 386.204803466797 389.608428955078 391.231353759766 391.517150878906 390.252807617188 388.329925537109 386.743621826172 383.692932128906 381.658355712891 379.415832519531 376.242614746094 372.514801025391 369.506774902344 367.090911865234 364.778503417969 364.632843017578 364.186920166016 363.057525634766 360.432373046875 351.524871826172 350.653869628906 348.639617919922 348.858367919922 348.658081054688 349.4443359375 349.875244140625 347.831726074219
283.9423828125 287.622497558594 290.803649902344 297.604095458984 303.678527832031 308.591979980469 313.744995117188 323.907836914062 328.580169677734 332.351257324219 334.893859863281 339.238372802734 349.101623535156 360.691772460938 364.429351806641 364.843627929688 367.88623046875 370.822143554688 380.885650634766 384.076782226562 390.118255615234 392.588684082031 392.603973388672 393.519592285156 394.633178710938 395.373748779297 393.185577392578 390.892974853516 389.700012207031 386.099243164062 384.174407958984 381.972991943359 379.466491699219 376.119781494141 371.790802001953 369.017150878906 367.269561767578 366.324798583984 365.677642822266 364.912658691406 362.337432861328 356.350433349609 355.302795410156 350.362762451172 349.957366943359 350.177551269531 351.818542480469 352.350830078125 349.313537597656
288.197174072266 293.151672363281 295.770355224609 301.866058349609 308.286041259766 313.144653320312 318.211608886719 330.753784179688 334.539611816406 339.271331787109 341.515625 345.547821044922 356.115936279297 367.928100585938 373.409301757812 372.805908203125 375.646148681641 379.79833984375 390.284759521484 396.3916015625 401.313995361328 401.309265136719 398.944244384766 397.916015625 398.656829833984 397.971466064453 395.768341064453 394.189758300781 392.310546875 388.077239990234 385.967468261719 384.502258300781 382.840270996094 380.306732177734 375.854919433594 371.52587890625 369.170227050781 367.162200927734 367.02783203125 364.992553710938 359.888885498047 359.460327148438 362.300811767578 357.583190917969 353.943969726562 353.281097412109 355.555114746094 354.207641601562 351.256072998047
293.830871582031 297.240905761719 300.464569091797 305.486877441406 311.160552978516 316.795593261719 322.486694335938 335.1171875 340.937347412109 347.196624755859 352.006530761719 353.617858886719 359.602935791016 370.031402587891 377.618835449219 380.948699951172 383.725524902344 388.144012451172 397.106353759766 405.228546142578 405.999481201172 404.489624023438 402.32177734375 401.489105224609 401.141021728516 399.827484130859 398.652954101562 396.6123046875 394.684814453125 390.555389404297 388.153045654297 387.449127197266 386.432800292969 383.808715820312 380.26953125 376.978179931641 375.185607910156 370.801422119141 366.096588134766 363.314086914062 359.293548583984 364.7607421875 367.824951171875 364.36181640625 360.646636962891 357.263397216797 357.943145751953 355.334686279297 353.649383544922
298.617218017578 302.306671142578 305.580078125 310.332336425781 315.271575927734 319.987396240234 325.724426269531 339.975067138672 347.816711425781 356.147247314453 361.565307617188 363.487915039062 367.462860107422 382.454711914062 399.420654296875 398.059326171875 395.015655517578 399.578552246094 402.780487060547 407.994689941406 408.260040283203 406.251129150391 405.076538085938 404.741363525391 403.608459472656 402.436309814453 401.417755126953 399.784851074219 398.142944335938 393.801177978516 391.160736083984 390.593048095703 389.745971679688 386.749877929688 382.684539794922 379.004180908203 376.405181884766 374.462707519531 369.814025878906 363.487731933594 361.847076416016 363.820220947266 363.835784912109 362.231079101562 361.074951171875 360.942718505859 361.18798828125 358.221771240234 356.861114501953
