rcp4.5models/MPi_ESM_LR/sc1gr10.7
NCOLS 261 
NROWS 433 
XLLCORNER 336357.134 
YLLCORNER 654653.479 
CELLSIZE 1000 
NODATA_value -9999 
[rows 374 to 395 of 433, columns 50 to 99 of 261]
-9999 -9999 423.37371529161 424.766103000121 425.813338658285 427.432928646111 498.129966809135 553.256122537807 678.624589021581 709.155690383657 537.161806914732 551.528838103064 505.059920482884 710.73587223522 760.009080175629 801.653149368697 867.697189810622 749.769318655199 803.192876069056 870.006064376426 847.349076823095 829.970651978304 830.321282546536 817.617266391281 796.67552606265 783.113014905551 774.786731219336 788.098193250269 811.414379925666 732.949911668037 719.955347226555 739.614450380265 722.725024870001 715.230305242947 714.272505587611 715.83507821925 714.476411947442 702.902224398431 691.243040062413 692.738368582673 564.122477371468 651.564846953706 686.458025397447 603.410855785669 528.216686386675 526.766463467625 530.2806028381 526.516194384097 517.084581913597 516.593810307016
-9999 -9999 422.90208283175 424.425166649556 425.609810378716 427.031068187405 531.689872561775 612.919876366544 651.08647558666 790.89250586219 771.621771435129 533.813781130673 436.746334504901 709.990861354028 865.346634821109 860.230693522592 867.642785505915 755.178736221242 858.687139141519 854.753003931559 835.489527402362 710.86854187877 634.702428529282 736.477806811922 796.68618700389 782.710925956494 774.046004368159 770.990589153124 811.770133077616 798.330561719302 778.153024566556 750.476634964647 725.634488101575 712.610595527731 711.346410312166 712.451584688346 719.655849767649 710.911510294533 694.910819082071 692.866640810532 604.712439086869 598.762296835627 597.04182553585 562.879963364116 531.51046460518 528.532542408852 530.498113434885 528.138279591193 520.42763508318 515.547440583984
-9999 -9999 422.746705170492 423.849434262541 425.373150549895 618.437242040205 780.808291683823 832.083509341804 774.680047609743 822.814063158464 714.374428313792 500.932388037844 599.706557288503 647.562308177863 780.061732429063 873.396132834418 874.270439019047 809.329877310993 854.320152072043 853.112764042787 844.794614100282 754.557165429565 696.948551529983 637.854469137934 716.610576946113 784.790354195884 772.621125542804 765.799849721049 794.633740749908 791.503812258841 779.484820788401 752.451112766148 723.685653747127 717.387089233692 717.169589343841 710.004210542475 711.558303379747 708.141993390463 696.413251280916 689.94589033358 650.840787574837 568.79765861839 524.096261887626 525.137857240267 531.860431753563 532.703434298394 529.300453373322 526.20828187906 526.956382093085 526.194319757634
-9999 -9999 -9999 423.923650831629 425.498189803099 551.375792654046 901.257593776065 897.177873879053 891.835430176642 715.361158700898 669.848875704784 529.845605927609 712.273412630293 760.820490456556 657.196656120359 786.335737745984 878.266861236566 875.11800704215 865.355150702242 864.963386439997 720.35825098193 765.144254471299 730.021222867311 657.105795016471 739.945644757439 673.962026892779 695.717938591913 764.343503496721 763.463970361957 763.243424354436 758.366401537318 742.223401669569 725.056402118917 723.096570950289 714.424883196627 705.463766223996 704.107577301784 705.122381094439 695.91282783355 684.461698989185 682.312600621298 644.086031239678 607.911914704298 564.375684255173 529.530356994854 530.82372907736 529.5644617793 530.885049384219 532.669399058108 533.934822483329
-9999 -9999 -9999 423.204772871813 424.83198212961 425.651653895004 -9999 895.590850220108 -9999 -9999 815.314083318463 761.604462089393 806.959714903495 708.956882798012 665.49720015199 804.9434269913 867.400249017905 762.354686372798 872.073240330914 879.20975557908 755.988692373892 769.389549748349 747.662138314647 766.528345242807 798.70165038978 698.781259117453 713.208334487801 761.792292022443 746.578921379059 737.40163444854 747.664109872987 741.285001467997 725.072975180032 719.591139945867 712.831112070408 703.251741012972 700.517017088561 704.059188414074 701.472742401986 687.056173638277 669.982591757646 623.273863825618 636.833849737321 599.47117561023 571.009142936358 562.720305028469 528.568228539246 529.633090290132 529.538823627245 533.009008978994
-9999 -9999 -9999 421.692995523191 423.310973865332 -9999 734.593738080419 894.068352229899 711.772775376255 788.191717419331 879.810276483271 875.314088907227 870.585140046225 755.187439231309 639.518276623675 614.449471218859 767.966358005495 690.797192084475 722.908844164176 784.537970381323 860.16827909998 832.735510316845 818.338901953026 814.674527137477 798.114189859743 781.981538392577 662.178992095504 582.401193430942 745.950727194517 740.321773900437 754.063276702135 759.860021198708 740.038889983599 723.441045775984 713.227249192987 700.644442157525 694.337027188009 695.559855865371 697.812118978393 687.229085857923 670.883264116415 638.029372877261 648.31416338786 633.670286629146 624.876446937558 621.040661098473 557.81804759289 527.735074498628 530.17114742807 531.878978339099
-9999 -9999 -9999 -9999 421.964691875633 548.45307061164 -9999 614.677002853021 494.661537573752 723.018910985326 879.106747272391 874.235451257377 868.618006240754 864.070678246755 747.464374402971 678.235103515901 637.723170164064 788.56489632365 752.023052827657 799.499404244973 870.268350660141 853.891714197208 820.086117414829 800.772078287192 788.75247424195 777.748554003236 577.368920258191 548.582664479141 745.651776723723 746.41941745072 751.19253303157 764.953731608546 758.017352467366 733.473315622751 721.766080367881 707.702147082051 693.531971126036 687.640422223096 686.279392340912 683.622433703649 660.866379747147 674.238599008833 629.336522556121 614.661007032802 629.929766640281 623.47810005888 603.906414372972 589.847220604613 560.214494916501 531.086166312295
-9999 -9999 -9999 -9999 422.649132352865 422.808025177941 676.216008314649 706.643971982442 525.04752891011 548.594259820453 612.375844287484 778.36659040393 703.992734378232 770.762344120806 856.33815211115 849.72240831662 743.833841448115 863.030548486992 867.716375129819 734.072677727493 787.843749604533 729.532530586776 754.067587804412 801.935702286049 783.722149806644 665.848085873639 609.306250794724 701.216085474172 747.07851156408 747.2789070368 749.974194281105 750.189524653965 753.850605202961 732.413727249128 726.976151323227 711.324147557844 689.437586927179 679.713908731675 680.683576259475 685.304779003366 659.063885954421 656.067524312332 611.982457914128 602.483124116433 618.138682511653 604.233029593033 577.980577562432 600.188125705368 574.24848115699 526.07548256269
-9999 -9999 -9999 -9999 698.828327515288 522.388934856145 549.214055165267 612.65715630998 492.105098981531 429.527238371249 601.012607566228 639.460134842283 659.767364822913 637.598169058638 765.404759984746 850.288399224039 847.246936797654 860.184088633467 871.374788180481 772.404963211283 669.009984541977 666.806422284168 772.627396017799 806.437410067297 785.500543088815 690.288404064463 709.141772114613 757.350699067293 744.007599843329 749.977874594451 754.818881517585 746.910051468519 749.977061046387 728.858654707023 726.886216367503 711.715544328121 684.972358406239 673.472208507133 679.65513903464 685.779598209007 661.637672499633 642.923920747718 634.008519295023 623.773564255962 613.89281989202 607.002558301781 573.149642958949 586.364811041408 592.394279063861 566.627927043305
-9999 -9999 -9999 -9999 -9999 711.971869452529 489.25730838592 548.058276181677 491.370803597542 549.106964213981 610.578691367932 492.492840704291 544.212031771387 656.818043483668 790.877820337051 848.071167167081 840.829654569046 826.142258026294 820.98037557764 813.967575194883 806.785570251534 813.81286294849 816.600288699523 802.986972362904 667.042249146234 581.549026908016 687.241286202861 753.292973625156 737.694489248707 755.055815384362 753.23833942936 741.064261716216 744.488948089301 733.496552610199 727.779669172064 721.580505539199 698.706822944737 674.08295579714 660.797775400939 661.567258661973 652.276629404695 640.982717241215 633.379008433842 633.201104639627 621.142026798742 608.310586305801 603.606276295074 595.201325221434 588.759794463829 601.802105623707
-9999 -9999 -9999 -9999 -9999 422.477819995139 424.573680340603 608.791531159092 521.049161054446 602.78569791015 519.895381469175 428.390683776702 595.639816175495 797.666899421813 857.492626313376 848.968671805803 841.559474142325 824.074337154493 820.184388915348 813.546383323088 807.012750600662 674.999279089873 717.928943835167 788.51617629778 688.648747196292 623.242934458538 701.683499033144 752.29755269981 734.731241103331 742.103958576418 741.359162476707 736.947748133615 661.24124034993 677.599871088995 725.727970469861 655.730241164784 656.411223982241 685.209450436679 666.547558727645 653.413300459747 655.319252719098 646.153249271948 627.832394176012 626.839114294546 622.330946486742 614.726182265526 608.770108510345 596.398782261935 587.113091343473 591.345982115946
-9999 -9999 -9999 -9999 -9999 -9999 422.378425856818 732.206980021988 763.943227402024 640.194235198148 490.740538520723 597.833184847297 803.055953620705 859.856019087722 854.6194482429 694.525351126796 753.735014511916 822.472233125011 818.399141654139 817.157998715169 812.966636005651 707.329179756877 732.849452973481 795.389043552877 792.326739130078 776.553185375799 760.848437504069 751.103828078325 734.383098040561 736.736545096188 747.62927054458 745.794058203832 678.86901785341 696.987694151016 732.6592475982 597.177503710164 612.267841812577 691.335547939454 675.031088035121 654.988835628531 645.626175640471 646.074843264243 640.195133937025 632.765720500199 624.426722112241 622.388197152015 615.122636062204 601.522387807153 588.994759305062 582.922880540479
-9999 -9999 -9999 -9999 -9999 -9999 421.553886064129 547.437677760479 609.918246564797 487.896470795089 426.318698435282 715.207635630319 864.886438492899 858.623973753619 851.989956581109 581.306847465591 690.073093681665 678.822202930766 734.346481954242 815.911313402614 813.53687689031 808.307306910382 794.968680572608 796.567018081728 790.13402236793 775.174810488464 761.816473823537 749.407501655627 733.576291170755 731.702162082586 744.856259215935 746.929020207356 735.996422103802 739.331073370866 741.388425148407 674.442484126843 669.377898014524 693.547954043461 677.324747605506 660.628192908254 634.564722736811 638.411951224879 645.480374446301 640.494774935638 579.824601821353 581.204956061698 620.517940438972 622.398464429542 609.511281371333 587.427358431182
-9999 -9999 -9999 -9999 -9999 -9999 420.763389016039 421.028673267654 602.550186951105 513.998954269276 597.844537591634 633.887353117671 605.455473837549 767.295584594445 691.43088394775 646.690917971582 776.631707890546 631.965528652431 755.037388748232 810.894080183673 807.511277936718 805.538300462217 799.312088588091 788.115657346799 785.374188047225 785.198995275564 770.371617015706 750.201367458388 732.396947451748 723.940615718163 723.30406345025 730.420685917086 725.604202956573 650.005528719255 600.519871767866 679.349423689667 656.737008883196 646.130061681724 670.884854520646 662.338343486862 639.113089398155 633.611554613465 641.657110888007 642.299057964042 592.979336916922 589.74466489749 578.939440886907 595.926206670198 597.296788080882 575.943353916376
-9999 -9999 -9999 -9999 -9999 -9999 606.483454911789 511.51551854806 725.390466411396 751.240176129666 804.587304248292 743.555689059536 676.453282128133 789.448232751015 733.147881801285 779.808252109114 837.233277110778 759.261167890498 812.711481931268 807.025757208361 669.90373709956 717.667212188529 804.12993718909 791.335123029011 786.518996266354 790.546359709631 769.986232024339 748.479967346479 736.808079951641 723.311420348331 716.910856938386 729.750752110205 733.931662461329 578.279785092786 557.019342381205 681.929005751237 666.418293248255 647.898182035978 660.474624843029 594.303185300738 650.767947201645 631.870230527421 638.582307652231 646.367016637764 642.14571093482 583.916794295404 547.06344767813 553.980943923407 526.360783908004 555.302604392656
-9999 -9999 -9999 -9999 -9999 -9999 -9999 480.42253653569 542.609825111066 780.843776149258 -9999 859.327668808208 852.464174391373 847.622100600833 842.570068349295 838.735600408567 834.515212751737 820.278710285891 810.143713234062 803.760347624414 699.225391615975 732.413554886389 808.185270699501 803.735581435394 787.82257926778 782.174609372573 763.582779781176 746.305742346538 742.404173038494 721.595378449587 722.848560860086 739.084048055061 743.870364472807 663.227947062791 676.026063174306 719.751660071661 711.881076892482 679.438837242682 654.304997120259 603.41887082658 665.906790870267 640.804599118038 627.999382367648 639.62842463703 598.278121287854 555.301055266552 590.722039459022 582.330842721605 548.895963642072 578.258786418438
-9999 -9999 -9999 -9999 -9999 -9999 -9999 417.002607038407 417.00776158224 -9999 773.920250198099 688.234176596099 765.492003291281 846.372178065433 840.717757976647 681.507591242941 747.905591689394 818.581372359923 809.904572805753 801.443079377111 795.153755694413 789.555414415468 796.972889281501 795.765385249346 784.994749740422 772.581942480886 757.324640476033 744.829023484063 735.554600879322 719.093836227969 628.684516781292 577.639565789343 675.303769282756 641.412450320003 659.053645816965 716.993438788719 631.989944058374 619.710364674232 650.758104961393 653.785054726926 663.572011390419 656.879245141456 630.101273603046 574.952091055215 505.377141516388 560.254781097848 621.708030751491 611.067619831872 604.231062704698 597.649172972124
-9999 -9999 -9999 -9999 -9999 -9999 -9999 600.819185777886 505.675370781163 416.541935620182 537.805209584856 479.518575220477 537.566712767148 597.340662213535 755.717875133611 724.525530524563 770.155268766214 818.524360421887 811.631817704589 802.528727564411 794.276643129615 786.509602624246 781.092958542887 784.172155082496 783.757235698099 772.444365128124 760.907986777832 745.855753226568 729.575993599557 719.010980747497 641.045196337304 589.662422851565 671.696438756177 649.96783311572 663.388833848454 712.152352595708 642.901184249614 628.036911665229 581.162379457954 529.718077220105 656.603090455461 661.472904774881 645.913876988494 529.388659768831 504.80129153115 593.199807722099 618.528203291745 608.508843470265 599.499853778438 590.785581225904
-9999 -9999 -9999 -9999 -9999 -9999 -9999 724.872403538865 745.170130176473 503.008332529471 588.517611104492 673.543409243469 504.503327536784 419.5502538327 534.708163888808 594.102711264364 745.402339919134 672.777719238673 589.754004664409 722.49504483474 792.703877770877 784.619329630331 777.421627711949 654.593100008087 708.877220965199 776.533986426058 767.774912256473 640.763251104263 732.430293533482 624.827383485926 646.150567427583 701.989092784405 708.625991350617 716.418935567449 711.012156310133 629.676241122042 652.290317050091 679.614901663653 593.57126974705 480.691071570271 600.840713416228 612.036638497685 601.760560668726 554.256247426842 585.93089158391 610.431829701975 603.488772061512 600.859037700378 597.715733767678 585.920911994898
-9999 -9999 -9999 -9999 -9999 -9999 -9999 810.9675428313 685.16463027798 473.594645908347 709.793788979081 853.385480569716 730.151443234656 665.808216713951 502.019783863104 573.943718523443 765.639063310495 482.286817363963 563.567361176674 603.311237960063 716.420979924141 786.803679790774 776.529705844455 678.108324148996 717.665970253896 773.103687305526 769.201515904526 560.729894904384 662.285328479268 544.039980824327 592.594180148147 699.536673533864 698.255606672514 615.50856916987 559.07120398138 581.410517032823 657.344556776955 676.177972195003 649.507760115202 531.928463420426 612.66242886528 566.214235565105 518.518082765338 577.875064277745 634.971075899185 606.046102070739 593.323182448622 592.434898206851 595.188677059422 584.460194460505
-9999 -9999 -9999 -9999 -9999 -9999 -9999 868.688927776529 739.705894042269 677.174434266345 796.251634270101 851.056706649259 844.967840851033 839.146341717626 719.872095091615 769.710040930652 823.585783166498 501.087578992677 666.572717550821 697.069302773427 743.28349708665 789.56595623561 648.588011362377 705.737653932896 783.599581774342 776.418822216072 769.665681033966 671.140191779351 670.838395473254 640.130075237984 563.242659453743 639.001907347922 606.089369726704 557.697033472965 485.26362603267 508.085247474131 644.732378426922 686.753873286364 588.488872052476 484.12162985854 625.693190896476 557.698274361283 476.940605936338 575.086162358074 642.950395750709 614.851249882349 594.197414869055 587.333141697478 585.019605416792 583.072974744184
-9999 -9999 -9999 -9999 -9999 -9999 -9999 679.56290465222 593.768267705257 769.879007525838 675.307739256124 587.934427404578 754.729593953978 672.554026326012 587.646541994669 627.864195358986 757.317051411473 699.243548921694 600.598278285873 578.591029726887 713.223221581938 793.499263687892 786.91209284451 767.802098511959 669.230876901403 594.139811678102 692.210901275159 751.890648275387 589.481627609639 661.345632127402 627.111098433064 644.875362815055 617.101541387144 478.954246718007 502.943256309413 554.222606003027 546.432808891828 633.63031388627 664.116388592859 580.193941837714 505.624756841655 569.007501329627 648.366562135246 642.134334747106 635.926077576406 582.694507055665 528.711834186191 560.609907693921 542.060702641056 540.589788513053
