rcp4.5models/MPi_ESM_LR/sc1gr9.28
NCOLS 261 
NROWS 433 
XLLCORNER 336357.134 
YLLCORNER 654653.479 
CELLSIZE 1000 
NODATA_value -3.4e+38 
[rows 198 to 219 of 433, columns 147 to 195 of 261]
402.876953125 396.802886962891 390.818145751953 -3.4e+38 -3.4e+38 -3.4e+38 372.303985595703 366.752746582031 364.287933349609 362.389007568359 358.386627197266 353.935546875 350.644744873047 348.104248046875 345.937255859375 344.459777832031 342.526977539062 340.296508789062 338.601989746094 322.369018554688 306.490295410156 333.502838134766 302.327301025391 327.963806152344 325.567810058594 324.039916992188 291.612518310547 231.571258544922 243.945281982422 285.050994873047 315.134155273438 313.744995117188 312.256011962891 279.967864990234 239.394500732422 268.366088867188 280.673248291016 275.917510986328 235.40559387207 272.259124755859 285.652282714844 271.612487792969 270.011932373047 220.024795532227 233.003707885742 240.978225708008 229.253234863281 239.566223144531 213.765289306641
403.947479248047 398.325469970703 -3.4e+38 -3.4e+38 -3.4e+38 376.432830810547 371.943969726562 369.128234863281 366.564849853516 363.756561279297 360.359558105469 337.954010009766 315.568328857422 350.363525390625 348.850677490234 346.866149902344 344.566741943359 343.484313964844 342.653594970703 341.183868408203 339.143798828125 336.282867431641 316.034851074219 280.054138183594 295.130523681641 309.996704101562 277.406768798828 265.654266357422 232.35871887207 261.07080078125 317.860198974609 316.421966552734 315.024810791016 283.131561279297 239.131713867188 262.986236572266 278.445129394531 278.144989013672 240.269577026367 280.767395019531 276.637573242188 251.891891479492 273.025146484375 221.699600219727 246.427383422852 278.725769042969 253.241058349609 236.398468017578 215.767013549805
406.518615722656 -3.4e+38 -3.4e+38 -3.4e+38 -3.4e+38 381.717407226562 375.737915039062 374.512268066406 355.49609375 327.720397949219 363.787872314453 343.222259521484 324.393524169922 353.408294677734 351.822113037109 331.887084960938 310.979370117188 347.475677490234 346.595245361328 344.716339111328 342.518432617188 340.47314453125 320.905151367188 273.576171875 268.829071044922 314.808044433594 282.64599609375 262.580596923828 234.750381469727 247.550506591797 289.415252685547 320.349060058594 317.749877929688 255.39616394043 244.857696533203 273.719360351562 285.911468505859 280.72998046875 255.447265625 307.687744140625 294.082305908203 267.102844238281 248.202743530273 224.10986328125 233.664169311523 292.706207275391 279.429931640625 243.583938598633 217.391311645508
411.711486816406 -3.4e+38 -3.4e+38 -3.4e+38 396.562866210938 394.630920410156 383.959014892578 381.949645996094 368.119842529297 338.749114990234 368.266815185547 362.019561767578 359.402221679688 357.160949707031 355.975524902344 339.464996337891 321.214263916016 351.336456298828 350.135864257812 347.538787841797 345.160980224609 343.116577148438 338.039459228516 321.548522949219 305.622467041016 332.071472167969 299.615509033203 237.959869384766 254.026733398438 285.208801269531 297.938812255859 323.374328613281 321.258514404297 231.600738525391 260.648345947266 315.098999023438 312.495758056641 282.903411865234 241.935150146484 281.100677490234 294.214080810547 252.463119506836 242.480728149414 -3.4e+38 251.075286865234 295.376007080078 279.315155029297 241.450119018555 219.743408203125
418.269866943359 410.666229248047 -3.4e+38 -3.4e+38 400.441619873047 399.008392333984 390.420135498047 386.727111816406 386.495971679688 356.343231201172 332.117156982422 366.168182373047 363.531066894531 361.573455810547 360.997650146484 359.340759277344 356.255615234375 354.786834716797 352.592071533203 349.457000732422 347.081390380859 345.072784423828 306.833374023438 339.636383056641 337.804931640625 335.560272216797 302.596496582031 257.556488037109 303.438751220703 329.412933349609 327.978454589844 326.898162841797 325.793395996094 -3.4e+38 262.872894287109 318.091186523438 315.969055175781 301.330688476562 260.484222412109 258.280151367188 299.095733642578 274.671752929688 270.294799804688 262.598419189453 248.411575317383 298.627349853516 284.991302490234 249.119918823242 221.335052490234
423.980743408203 417.099945068359 410.517303466797 -3.4e+38 405.538604736328 401.744537353516 -3.4e+38 -3.4e+38 386.227813720703 343.026580810547 301.453826904297 370.531036376953 368.621520996094 366.205871582031 364.08349609375 361.549530029297 359.266540527344 357.368133544922 355.01416015625 352.737823486328 350.728057861328 349.506225585938 315.508056640625 342.462982177734 340.744110107422 338.890594482422 323.206420898438 307.868927001953 334.892272949219 333.722900390625 331.972015380859 -3.4e+38 328.461883544922 262.912109375 249.770736694336 290.941589355469 320.183197021484 317.468719482422 302.942565917969 274.909942626953 284.915771484375 312.181671142578 299.063293457031 258.957427978516 243.507919311523 301.689086914062 300.274871826172 286.817016601562 249.150299072266
429.070190429688 421.969116210938 416.098571777344 -3.4e+38 410.790710449219 408.384155273438 403.0146484375 -3.4e+38 389.405059814453 366.226745605469 345.692413330078 375.796813964844 373.753509521484 370.676055908203 366.948638916016 364.537689208984 363.330383300781 360.709594726562 358.346069335938 356.782379150391 355.222900390625 353.762939453125 348.287139892578 345.955535888672 327.443634033203 291.090454101562 307.427276611328 339.988464355469 339.171630859375 337.340606689453 335.400604248047 333.641937255859 331.470581054688 286.843872070312 286.380279541016 299.295684814453 323.225341796875 321.007659912109 319.257019042969 290.045196533203 248.002868652344 285.778411865234 313.23779296875 284.630554199219 258.555328369141 263.340789794922 276.742858886719 301.367401123047 288.105529785156
434.769439697266 427.202972412109 421.132476806641 417.817413330078 418.724212646484 416.025726318359 -3.4e+38 401.013732910156 396.892181396484 389.949310302734 387.121063232422 381.183410644531 377.56298828125 355.239715576172 331.574615478516 369.295837402344 367.965545654297 366.278625488281 362.895690917969 361.068603515625 359.869750976562 357.550720214844 352.671112060547 350.475738525391 334.073608398438 286.035583496094 282.158721923828 343.474365234375 341.995574951172 340.276336669922 338.338134765625 -3.4e+38 335.085876464844 329.706726074219 312.209564208984 296.485870361328 326.575958251953 325.513153076172 323.758605957031 309.285552978516 282.608245849609 294.592193603516 316.86572265625 303.116729736328 275.889831542969 246.815505981445 283.937072753906 288.781372070312 275.42138671875
440.734405517578 433.322265625 427.268829345703 425.914398193359 427.892883300781 424.271270751953 420.316070556641 416.751556396484 408.577178955078 398.607238769531 394.272918701172 385.357604980469 381.776336669922 362.160247802734 341.921813964844 374.783477783203 373.739318847656 371.329711914062 368.005126953125 366.158203125 364.875579833984 362.452362060547 357.612518310547 336.602691650391 316.527526855469 336.936676025391 301.8125 311.62939453125 345.489410400391 344.344818115234 342.122314453125 340.388702392578 338.366088867188 334.010009765625 301.982177734375 273.096343994141 329.271697998047 328.483734130859 327.331604003906 326.317321777344 324.375 307.003021240234 291.172546386719 318.853576660156 289.349792480469 287.938995361328 308.395385742188 293.619537353516 281.217712402344
447.332763671875 440.537628173828 435.400756835938 433.438720703125 432.820281982422 429.061401367188 424.321563720703 422.989105224609 414.718933105469 405.219482421875 399.657562255859 390.046508789062 387.242584228516 384.527313232422 382.356994628906 381.080139160156 380.077301025391 376.214019775391 372.405456542969 370.919189453125 369.244720458984 367.221496582031 361.699615478516 344.608032226562 327.380004882812 355.620086669922 319.688201904297 285.858245849609 349.995330810547 348.0556640625 345.69384765625 343.650787353516 342.209747314453 306.011108398438 305.601959228516 259.608428955078 300.551177978516 331.416046142578 330.532836914062 330.100006103516 327.589965820312 296.184173583984 268.090942382812 320.335845947266 305.726196289062 312.861267089844 295.621826171875 280.588134765625 305.463714599609
462.024627685547 454.340026855469 451.407653808594 448.95654296875 444.045440673828 439.097290039062 439.681549072266 442.424621582031 430.529083251953 419.229522705078 410.585601806641 380.745452880859 354.724090576172 393.248413085938 389.977508544922 389.510192871094 388.456573486328 385.207855224609 381.482360839844 377.24755859375 375.611267089844 373.898773193359 353.411743164062 336.464447021484 365.573638916016 347.581146240234 314.933929443359 329.585083007812 343.371276855469 326.181182861328 353.422546386719 351.325408935547 349.565704345703 345.260955810547 344.465240478516 342.422546386719 339.843078613281 338.146575927734 336.982421875 335.499969482422 332.515411376953 317.449432373047 275.365325927734 272.357727050781 322.776763916016 302.705993652344 260.930755615234 263.212646484375 310.798797607422
469.268280029297 463.510589599609 460.556304931641 457.604919433594 453.551574707031 447.668060302734 448.837799072266 450.597900390625 432.148101806641 423.771942138672 416.057922363281 389.570343017578 367.669982910156 399.172027587891 -3.4e+38 396.066558837891 392.999694824219 388.2451171875 385.331176757812 362.826416015625 340.594177246094 377.615539550781 372.417938232422 371.460418701172 369.601470947266 366.840393066406 364.666076660156 364.013336181641 361.842468261719 341.889343261719 321.600189208984 354.386016845703 -3.4e+38 316.091918945312 348.324340820312 346.455200195312 344.202392578125 325.656372070312 309.152130126953 338.178009033203 319.016052246094 286.81982421875 273.254272460938 259.811248779297 296.362182617188 279.493194580078 268.874359130859 251.61506652832 271.918487548828
477.657775878906 472.220764160156 467.972137451172 464.028442382812 460.066589355469 454.986511230469 455.992279052734 454.310424804688 435.095123291016 427.280456542969 419.721832275391 412.043731689453 410.303375244141 406.401519775391 403.640075683594 -3.4e+38 396.700744628906 392.581665039062 389.969604492188 351.275817871094 311.832672119141 382.733642578125 377.474487304688 376.239288330078 373.284484863281 370.634124755859 369.479187011719 368.117980957031 365.433807373047 347.882965087891 330.971740722656 -3.4e+38 -3.4e+38 324.894165039062 351.332092285156 350.142608642578 349.303100585938 333.101745605469 317.097503662109 341.05419921875 324.583892822266 297.418334960938 296.356750488281 278.843994140625 275.756591796875 284.834197998047 266.925537109375 242.46061706543 240.328491210938
485.226745605469 478.922027587891 474.458679199219 469.823669433594 465.785827636719 461.882568359375 461.178405761719 453.032318115234 439.875152587891 432.683776855469 425.774261474609 417.12890625 414.552520751953 411.041290283203 409.26318359375 -3.4e+38 402.648345947266 399.0859375 396.3388671875 376.488494873047 336.792999267578 348.505035400391 382.247283935547 380.197509765625 377.482238769531 375.085144042969 374.030853271484 -3.4e+38 369.243560791016 366.822204589844 365.601379394531 -3.4e+38 360.815582275391 357.114898681641 354.690032958984 353.702728271484 352.440155029297 350.512512207031 346.747863769531 344.254302978516 341.801147460938 323.351043701172 290.735107421875 275.885223388672 277.767150878906 314.609527587891 274.474914550781 244.728591918945 258.003936767578
491.213806152344 484.621459960938 480.453979492188 476.746551513672 472.656280517578 468.644073486328 465.928314208984 456.031646728516 447.354309082031 439.67626953125 433.726379394531 422.466247558594 -3.4e+38 -3.4e+38 -3.4e+38 -3.4e+38 409.0908203125 406.175689697266 402.605773925781 399.114868164062 378.965179443359 359.772491455078 387.122253417969 384.428649902344 382.174407958984 380.068023681641 -3.4e+38 375.720916748047 373.811889648438 -3.4e+38 370.496124267578 367.227447509766 364.248168945312 361.856323242188 358.815887451172 357.901947021484 356.347534179688 353.926971435547 350.409912109375 347.244323730469 344.961395263672 329.569152832031 286.018127441406 254.197738647461 -3.4e+38 -3.4e+38 300.500427246094 262.046173095703 301.7294921875
-3.4e+38 492.263305664062 486.867797851562 483.368072509766 478.963226318359 475.827453613281 472.637359619141 464.364135742188 455.667907714844 447.03173828125 440.791168212891 430.545043945312 -3.4e+38 -3.4e+38 -3.4e+38 -3.4e+38 414.961456298828 412.220123291016 408.023468017578 404.430419921875 400.824401855469 398.975311279297 392.812683105469 390.486511230469 387.375305175781 366.163940429688 -3.4e+38 380.317993164062 379.007171630859 376.984802246094 375.250366210938 371.762634277344 369.156646728516 366.186279296875 363.663787841797 363.036010742188 361.123352050781 357.215728759766 354.370178222656 350.753387451172 347.727294921875 345.424926757812 314.404266357422 272.564666748047 -3.4e+38 334.841613769531 319.335357666016 306.321044921875 313.746856689453
505.294891357422 501.099060058594 495.948089599609 491.630126953125 486.31982421875 484.428619384766 481.118103027344 473.591339111328 463.725341796875 456.244995117188 450.097595214844 -3.4e+38 -3.4e+38 -3.4e+38 -3.4e+38 -3.4e+38 398.736480712891 373.605407714844 413.481323242188 409.797119140625 385.547882080078 362.464050292969 398.489654541016 396.400817871094 392.913269042969 355.67041015625 317.634063720703 385.352233886719 383.735137939453 381.238647460938 379.993499755859 376.820037841797 373.426605224609 371.111541748047 369.452880859375 367.259460449219 364.136932373047 360.678985595703 358.432098388672 354.831024169922 351.403839111328 348.855316162109 334.105529785156 319.515594482422 -3.4e+38 338.667053222656 335.246765136719 333.282440185547 320.264282226562
512.462768554688 508.740081787109 505.018249511719 500.681915283203 495.482208251953 493.800506591797 490.626770019531 481.626739501953 472.982299804688 466.100891113281 459.93408203125 446.805999755859 442.151672363281 -3.4e+38 -3.4e+38 427.618408203125 405.844482421875 362.965972900391 376.725952148438 415.270721435547 394.188781738281 374.118133544922 403.456024169922 401.170959472656 398.070129394531 360.320739746094 321.750671386719 389.913879394531 387.188873291016 385.043640136719 383.717956542969 381.860504150391 378.474487304688 376.516540527344 357.264678955078 336.870971679688 367.649108886719 364.387298583984 361.853637695312 359.023040771484 355.651428222656 353.182952880859 351.350280761719 348.997100830078 -3.4e+38 313.056610107422 339.626373291016 323.06103515625 307.450897216797
521.567749023438 517.673583984375 513.658264160156 508.847778320312 505.124725341797 503.01318359375 501.0849609375 490.442047119141 482.608703613281 474.584106445312 467.808288574219 -3.4e+38 -3.4e+38 -3.4e+38 437.817932128906 433.759094238281 430.078643798828 388.431121826172 324.277893066406 378.496704101562 418.151702880859 415.345184326172 408.521148681641 406.121887207031 402.779113769531 383.280670166016 365.327728271484 395.845672607422 392.084442138672 389.791961669922 387.509185791016 386.030792236328 384.613220214844 381.640197753906 364.735260009766 329.340057373047 338.349487304688 368.877868652344 366.612762451172 363.329315185547 360.049896240234 357.237274169922 355.458648681641 336.921356201172 319.980590820312 277.108428955078 300.423309326172 301.633056640625 315.958526611328
529.195495605469 525.651489257812 521.723205566406 517.927673339844 515.084777832031 511.459991455078 508.862762451172 500.783355712891 492.910003662109 484.058715820312 -3.4e+38 462.034790039062 456.911376953125 430.175476074219 400.156555175781 441.073486328125 437.148620605469 416.110168457031 353.748077392578 347.003143310547 424.387115478516 420.882049560547 413.912719726562 -3.4e+38 407.907897949219 404.555328369141 403.877288818359 402.063751220703 398.094451904297 395.237548828125 394.6318359375 376.074798583984 353.397216796875 385.917205810547 384.226409912109 348.460845947266 313.906494140625 374.206604003906 371.826812744141 366.629028320312 363.382202148438 360.933471679688 358.695709228516 343.228057861328 328.444152832031 268.795440673828 267.622589111328 293.805236816406 343.246429443359
536.096435546875 532.26953125 529.699829101562 527.021911621094 524.621704101562 520.886169433594 516.216735839844 508.903045654297 501.419555664062 491.438690185547 481.972290039062 469.830688476562 464.038116455078 439.340698242188 413.510803222656 448.542846679688 445.748168945312 442.049682617188 419.084869384766 396.120056152344 -3.4e+38 426.343658447266 419.354675292969 416.701477050781 413.218597412109 409.269073486328 -3.4e+38 367.114166259766 403.719299316406 406.296569824219 418.682556152344 414.546722412109 389.203125 390.291198730469 388.533355712891 370.066833496094 352.469848632812 379.024688720703 375.625305175781 369.801910400391 366.891540527344 348.474639892578 330.639587402344 360.695953369141 358.226226806641 287.393463134766 315.964416503906 311.698852539062 318.910308837891
542.432495117188 539.833862304688 537.572875976562 534.128173828125 532.525939941406 530.170043945312 524.780395507812 515.945129394531 507.679168701172 497.399108886719 490.548004150391 476.850067138672 470.895721435547 465.640045166016 438.128173828125 410.202545166016 453.082122802734 448.948608398438 444.644744873047 439.825653076172 414.422119140625 388.987121582031 424.217712402344 422.167022705078 418.988494873047 414.977905273438 394.072357177734 376.580627441406 408.610992431641 410.145721435547 420.043609619141 434.219207763672 432.861083984375 395.102081298828 392.850555419922 389.441802978516 386.624206542969 366.438446044922 345.490478515625 374.166320800781 371.046844482422 339.001342773438 308.125213623047 364.743865966797 362.280029296875 333.182647705078 341.704132080078 314.036346435547 329.487854003906
