rcp4.5models/MPi_ESM_LR/sc1gr1.19
NCOLS 261 
NROWS 433 
XLLCORNER 336357.134 
YLLCORNER 654653.479 
CELLSIZE 1000 
NODATA_value -3.4e+38 
[rows 330 to 351 of 433, columns 98 to 146 of 261]
62.3782958984375 63.0460357666016 63.1231117248535 62.9608955383301 63.0088081359863 63.1797027587891 63.005973815918 61.3787307739258 60.0795631408691 60.582878112793 60.7566528320312 60.7072601318359 60.9742813110352 60.9611663818359 -3.4e+38 -3.4e+38 62.3486289978027 62.0505561828613 62.4105224609375 63.0802612304688 -3.4e+38 -3.4e+38 63.1316909790039 62.4947090148926 62.1888809204102 62.1777801513672 60.4607543945312 58.344066619873 58.3346748352051 60.0889015197754 60.439094543457 59.7097587585449 59.3757209777832 59.5222396850586 60.0288429260254 60.4464073181152 60.2281494140625 60.3536529541016 60.7982521057129 60.5754737854004 59.3675994873047 57.8541603088379 56.6825065612793 56.2222290039062 56.1844711303711 56.4740943908691 56.7517585754395 56.5129203796387 59.0882110595703
61.9519844055176 62.452693939209 62.9429397583008 63.0314521789551 62.706901550293 62.8323669433594 63.0010185241699 62.1164970397949 60.6446647644043 59.6315612792969 59.1204071044922 59.0856781005859 59.8460693359375 60.2466697692871 62.7607231140137 -3.4e+38 63.037670135498 62.8014106750488 62.6199684143066 62.3062324523926 62.2490005493164 62.9745864868164 63.1687088012695 62.9072151184082 62.577564239502 62.3407173156738 61.0119934082031 59.3160514831543 58.1432991027832 57.9315032958984 58.4565620422363 58.5795478820801 58.4344139099121 58.8861503601074 59.6001052856445 60.0419960021973 59.8434448242188 59.2639999389648 59.3427352905273 59.7491073608398 59.6683311462402 58.3669662475586 57.1493759155273 56.0955772399902 55.6847229003906 55.8956260681152 56.3024826049805 56.4003486633301 59.4245643615723
62.2297973632812 62.0066986083984 62.2826156616211 63.0457572937012 62.7904281616211 62.5779418945312 62.7532196044922 62.4240837097168 61.040828704834 59.3059387207031 58.5748710632324 59.0972785949707 60.3812484741211 61.3559608459473 62.8850860595703 63.1652984619141 -3.4e+38 -3.4e+38 62.7511177062988 62.3202209472656 61.854621887207 62.014274597168 62.7186813354492 63.2363243103027 63.1777305603027 62.712345123291 61.6600341796875 60.6666946411133 59.2289505004883 57.4321022033691 56.9519462585449 57.675537109375 58.2232246398926 58.8569793701172 59.3957328796387 60.0068092346191 60.0211639404297 59.0801773071289 58.3078155517578 57.9771766662598 57.9624786376953 57.322883605957 56.667594909668 55.9929237365723 55.6106834411621 55.5677528381348 55.811279296875 56.1719856262207 58.6520843505859
62.16162109375 61.7497177124023 62.091480255127 63.0815620422363 62.8879852294922 62.6790733337402 62.6876373291016 62.4254684448242 61.2256011962891 59.763355255127 59.6719398498535 60.816089630127 61.7453002929688 62.230052947998 -3.4e+38 -3.4e+38 -3.4e+38 -3.4e+38 62.7637252807617 62.5393981933594 62.107780456543 61.9802780151367 62.3070640563965 62.8115463256836 63.1125450134277 62.8446655273438 61.988899230957 61.5295295715332 60.461009979248 59.0305328369141 57.6768913269043 57.5171127319336 58.5273551940918 59.2910499572754 59.3269424438477 59.477466583252 59.5122947692871 58.7238883972168 57.7861557006836 56.8893852233887 56.4362258911133 56.3481636047363 56.1497650146484 55.8474807739258 55.6562385559082 55.6501960754395 55.841552734375 56.3835830688477 57.5782012939453
62.1486511230469 61.8745651245117 62.1501579284668 63.2042808532715 62.8313102722168 62.4781303405762 62.3687362670898 62.1168556213379 60.9583168029785 59.4382400512695 59.3888359069824 60.331298828125 60.9538764953613 61.5567932128906 62.1402626037598 62.8689651489258 -3.4e+38 -3.4e+38 62.9500198364258 62.7655143737793 62.4174461364746 62.1492347717285 61.9192008972168 61.893913269043 62.2676391601562 62.3940544128418 62.0422058105469 62.013484954834 61.6184005737305 60.7686042785645 59.5817756652832 58.7525024414062 59.1250915527344 59.6219596862793 59.4355354309082 58.9952545166016 58.9140892028809 57.8433113098145 56.8511085510254 56.284538269043 56.0418853759766 55.8730621337891 55.8716278076172 55.823169708252 55.7102165222168 55.5648307800293 55.6458778381348 56.1177558898926 57.5821151733398
62.70947265625 62.6899871826172 62.4536819458008 63.0444793701172 63.0371971130371 62.8298301696777 62.753978729248 61.6800994873047 59.8935356140137 58.6108169555664 58.3678550720215 58.8902168273926 59.1517028808594 59.8945503234863 61.9773445129395 63.0118675231934 62.8263206481934 62.6578025817871 62.687255859375 62.4944725036621 62.4694747924805 62.3213996887207 61.937068939209 61.5525360107422 61.2821235656738 61.3590660095215 61.6807479858398 61.9023780822754 62.0881042480469 62.026798248291 61.3970909118652 60.3214874267578 59.592700958252 58.988899230957 58.9845504760742 58.7600975036621 58.2171211242676 57.27197265625 56.446174621582 55.9336929321289 55.9313659667969 55.7065963745117 55.6697731018066 55.9269599914551 55.8667411804199 55.5417861938477 55.4630699157715 55.7241134643555 56.5846672058105
62.2852058410645 62.5006637573242 62.5881423950195 62.2365226745605 62.721363067627 62.933666229248 63.0035285949707 62.8159790039062 61.0480690002441 59.249641418457 59.1984214782715 59.4760055541992 60.0758666992188 60.7058181762695 61.4904098510742 61.4828453063965 60.5948600769043 58.6911392211914 58.4328842163086 60.0351867675781 61.3313407897949 61.8857879638672 62.2065467834473 62.0432052612305 61.570240020752 60.2582893371582 59.6197547912598 60.6484642028809 61.4635238647461 61.9137916564941 62.0861206054688 61.7757110595703 60.8093185424805 59.2464637756348 58.4824028015137 58.005802154541 57.2838897705078 56.3091201782227 56.1511116027832 56.0288200378418 55.8423500061035 55.8947944641113 56.0240707397461 56.0433769226074 55.960262298584 55.9429244995117 56.3946571350098 56.906436920166 58.9148750305176
62.1648864746094 62.0547904968262 61.871940612793 62.042293548584 62.3204002380371 62.2923889160156 62.7291450500488 63.0392189025879 61.4851875305176 59.789966583252 59.5918807983398 59.451229095459 59.7684707641602 60.0877494812012 59.6305503845215 59.4565124511719 59.0954399108887 58.2190437316895 57.7396583557129 59.2259368896484 61.3976173400879 61.9763031005859 62.0367126464844 61.8171157836914 61.6301422119141 60.5950965881348 58.7260627746582 59.3395118713379 60.0309867858887 60.6775932312012 61.126579284668 61.3144416809082 61.0393562316895 60.2036743164062 59.7713737487793 59.2080688476562 58.1292762756348 56.3130989074707 56.3498229980469 56.2615394592285 56.092830657959 56.0743865966797 56.2898025512695 56.8288383483887 56.922981262207 56.7042007446289 58.4299087524414 59.8711814880371 62.0495376586914
62.1794776916504 62.0983695983887 62.0157737731934 61.8329620361328 61.974178314209 61.9628715515137 62.5289154052734 63.0940284729004 62.5378570556641 61.7666931152344 61.3094482421875 60.2993278503418 60.0075187683105 59.9406547546387 59.1548271179199 58.2481460571289 58.1735305786133 58.1459655761719 57.8974685668945 59.2209091186523 61.0709609985352 61.2789344787598 61.3027648925781 61.2126998901367 61.4947624206543 60.8513679504395 58.1188354492188 57.8058204650879 58.3990669250488 59.4408416748047 60.1348457336426 60.3797340393066 60.414493560791 60.1689682006836 59.9197998046875 59.4584884643555 58.5734481811523 56.7223587036133 56.3545837402344 56.1770362854004 56.2922019958496 56.2563629150391 57.3380966186523 59.0647430419922 58.4256134033203 58.7131233215332 61.5385704040527 63.0449600219727 64.7165985107422
61.9677543640137 62.0816383361816 62.0938034057617 61.5881233215332 61.8489646911621 61.9974479675293 62.0234527587891 62.7179946899414 63.4508743286133 63.5867347717285 63.0685729980469 62.2060241699219 61.6667366027832 61.5311470031738 61.5476455688477 59.813663482666 58.7594451904297 58.6125030517578 58.4737777709961 58.7132034301758 59.068489074707 59.2572746276855 60.1194534301758 60.7832565307617 60.8447647094727 60.2758865356445 58.1206703186035 57.2356567382812 57.4939613342285 58.310375213623 59.4086532592773 60.0630378723145 59.7474174499512 59.4687423706055 59.0638313293457 58.4647407531738 58.0917167663574 57.2028732299805 57.3169212341309 57.4300384521484 56.835334777832 57.7338333129883 60.0834197998047 61.187801361084 58.9012145996094 58.9761238098145 62.0585327148438 63.7193450927734 65.9919281005859
61.7801361083984 61.8234939575195 61.790958404541 61.5806350708008 61.8062057495117 61.8665428161621 61.6816558837891 62.3301315307617 63.0153923034668 63.290412902832 63.2044486999512 63.2228088378906 63.2092514038086 63.3996315002441 63.4409103393555 62.0599327087402 60.9954566955566 60.9471435546875 60.9172172546387 60.2285461425781 59.7340393066406 60.0528984069824 60.5405197143555 60.9074859619141 60.2935943603516 59.6294021606445 58.0491333007812 57.4886703491211 57.5213661193848 58.351448059082 59.994312286377 60.6747932434082 59.8863830566406 59.4168510437012 59.4078140258789 59.4438896179199 59.4820594787598 59.4733924865723 60.4485511779785 59.9643707275391 57.8958892822266 59.6673049926758 62.7129020690918 61.1918640136719 58.3464050292969 58.8478317260742 61.9083518981934 63.5634880065918 66.182487487793
61.9091491699219 61.6638641357422 61.5387649536133 61.7530937194824 61.9041862487793 61.7559547424316 61.7954559326172 62.2897720336914 62.5787124633789 62.7868576049805 63.1194610595703 63.6052551269531 63.6558952331543 63.4931411743164 63.6847915649414 62.9100914001465 62.5312118530273 62.9272384643555 63.1026878356934 62.6784286499023 62.5933456420898 62.7674331665039 62.2568511962891 61.6890830993652 60.7968444824219 59.6872901916504 58.4601173400879 59.4065322875977 59.751537322998 59.356517791748 60.7622375488281 61.8839302062988 61.5792427062988 61.2561912536621 61.5397987365723 61.8694190979004 62.0955963134766 62.7081489562988 63.0685501098633 61.7239112854004 60.4156036376953 61.8996315002441 63.3510818481445 60.8828086853027 59.7130546569824 61.9019317626953 63.5930290222168 64.7451934814453 65.9271011352539
62.1326065063477 61.7567939758301 61.5199890136719 61.8003349304199 61.9140625 61.9425506591797 62.3697891235352 62.5699806213379 62.391414642334 62.5372619628906 63.0940551757812 63.4822616577148 63.6485824584961 63.4466667175293 63.8281021118164 63.3763427734375 62.9605140686035 63.4131011962891 63.7818069458008 63.7386245727539 63.9116859436035 64.0268783569336 63.5143127441406 62.9032325744629 62.044994354248 61.2089767456055 60.950382232666 62.327091217041 62.5716285705566 61.5686912536621 62.3352737426758 63.4191513061523 63.4666137695312 63.1175270080566 63.1207542419434 63.1925315856934 63.5032920837402 64.4525985717773 64.4252777099609 63.3860168457031 63.285083770752 64.080207824707 63.7784652709961 62.8488464355469 63.2426681518555 64.5487213134766 65.0163269042969 65.8136749267578 65.8074951171875
62.3693656921387 62.3341369628906 61.9103851318359 61.6323852539062 61.5649108886719 62.0133514404297 62.569278717041 62.5921401977539 62.6151351928711 62.6884880065918 62.9803695678711 63.0868377685547 63.3418998718262 63.517333984375 63.7846336364746 63.7569618225098 63.5687484741211 63.5961036682129 63.459415435791 63.559627532959 64.0661163330078 64.3594970703125 64.3921661376953 64.043212890625 63.3266105651855 62.9882049560547 63.1164855957031 63.417854309082 63.709400177002 63.8934631347656 64.253288269043 64.3743209838867 64.2954788208008 63.8203506469727 63.5863075256348 63.3659477233887 63.5943298339844 64.7861099243164 65.3408813476562 65.0907669067383 64.8765258789062 65.0107498168945 65.0317993164062 64.9922485351562 65.3140640258789 65.5874176025391 65.7255706787109 65.9568634033203 65.3490829467773
62.3880958557129 62.6130599975586 62.2169532775879 61.6242790222168 61.4781112670898 61.9277648925781 62.1184768676758 62.231201171875 62.6232833862305 62.5866928100586 62.5740737915039 62.6598472595215 62.8610076904297 63.0007629394531 63.6550674438477 63.5983238220215 63.5475425720215 63.6318626403809 63.3682441711426 63.387767791748 63.5808029174805 63.8855285644531 64.3396759033203 64.3422088623047 64.0427169799805 63.9351272583008 63.808780670166 63.9075202941895 64.2398223876953 64.5689315795898 64.5668411254883 64.5831298828125 64.7673568725586 64.4607772827148 64.3889541625977 64.1519088745117 63.8273010253906 64.0411071777344 65.2685317993164 65.5252532958984 65.33056640625 65.3067932128906 65.5678329467773 65.5525436401367 65.5629501342773 65.8513031005859 65.7124633789062 65.4440612792969 64.6697006225586
62.2221145629883 62.4139518737793 62.359935760498 61.5988578796387 61.681510925293 62.1564292907715 62.1563186645508 62.2369079589844 62.4462776184082 62.1914482116699 62.1283912658691 62.3782920837402 62.4738845825195 62.4827194213867 62.8045883178711 63.0612258911133 63.4080848693848 63.7761383056641 63.8636016845703 63.761531829834 63.5704345703125 63.5839614868164 63.8144035339355 63.9950790405273 64.2376022338867 64.2195205688477 64.3012237548828 64.4010620117188 64.5047149658203 64.6554336547852 64.4695358276367 64.3591766357422 64.4474029541016 64.3996887207031 64.8192138671875 65.0344085693359 64.6798934936523 64.1776504516602 65.0992050170898 65.1359786987305 65.0488052368164 65.3733367919922 65.3306503295898 65.2835159301758 65.2556228637695 65.2447814941406 65.2473220825195 64.8654861450195 64.2736968994141
62.0977325439453 62.2047462463379 62.0140113830566 61.752799987793 61.7200050354004 62.0976371765137 62.159797668457 62.1316070556641 62.1058387756348 61.8692169189453 61.7304306030273 61.8831596374512 61.9517478942871 61.9150199890137 62.0957984924316 62.6784896850586 63.0173301696777 63.0679512023926 63.5077705383301 63.8377723693848 63.8369674682617 63.8993301391602 63.8554458618164 63.9893569946289 64.0719375610352 63.8629760742188 64.4241638183594 64.2646102905273 64.1006317138672 64.2339553833008 64.2543334960938 64.171516418457 64.3721542358398 64.4532470703125 64.3592071533203 64.5579376220703 64.7548446655273 64.9989852905273 65.0068740844727 64.6461944580078 -3.4e+38 65.0372161865234 65.1078643798828 64.9699554443359 64.8802185058594 64.6711044311523 64.64208984375 64.3653259277344 64.3169555664062
61.9221687316895 61.7690162658691 61.5714416503906 61.955436706543 61.9582901000977 62.0433883666992 62.0616226196289 61.8335800170898 61.7629051208496 61.6382522583008 61.7665176391602 61.919303894043 61.7639961242676 61.8933982849121 62.1065979003906 62.2928428649902 62.5408821105957 62.6990814208984 63.199031829834 63.5689735412598 63.856330871582 64.0389633178711 63.9312362670898 64.095703125 63.9663963317871 63.6269302368164 63.797737121582 63.6428527832031 63.6165924072266 64.1037368774414 64.2687454223633 64.312629699707 64.5641098022461 64.8114700317383 64.3935089111328 64.0950241088867 64.2593536376953 64.5767822265625 64.2793579101562 64.0838012695312 64.4698028564453 64.6389846801758 64.7986221313477 64.8450927734375 64.9198379516602 64.6878890991211 64.6500930786133 64.9435272216797 65.0724639892578
61.7757339477539 61.9477577209473 61.8290977478027 62.038646697998 61.6986808776855 61.5731430053711 61.5900115966797 61.6810455322266 61.9290657043457 62.0099487304688 62.0250396728516 61.9687194824219 62.4487571716309 63.0494422912598 62.4602355957031 62.2129249572754 62.4264221191406 62.8084678649902 62.8973579406738 63.1760902404785 63.618049621582 63.7592697143555 63.7720985412598 63.6848526000977 63.9338073730469 63.8285675048828 64.0631713867188 63.8010063171387 63.8015327453613 63.9534683227539 64.1474227905273 64.1080551147461 64.3969955444336 64.4715194702148 64.5950622558594 64.8707733154297 64.7545318603516 64.5006713867188 64.2361679077148 63.9406318664551 -3.4e+38 -3.4e+38 64.2314147949219 64.2915649414062 64.5239028930664 64.8754196166992 64.7011337280273 64.3667297363281 65.1569366455078
61.6989135742188 61.6498947143555 61.7018890380859 61.8134994506836 61.5633583068848 61.6545944213867 61.6755447387695 61.5147094726562 61.6508445739746 61.8438758850098 62.0450401306152 62.1668510437012 62.5784797668457 63.1693916320801 62.8002281188965 62.8107604980469 62.9819450378418 63.3689804077148 63.7585678100586 63.8389129638672 63.7558174133301 63.6958503723145 63.786190032959 63.8516426086426 64.1780624389648 64.171501159668 64.3609848022461 64.1113815307617 63.9999160766602 64.0849304199219 64.2244338989258 64.0087738037109 64.0648574829102 64.1718521118164 64.2218322753906 64.4030609130859 64.9015579223633 64.5426788330078 64.5606307983398 64.4701766967773 64.484504699707 -3.4e+38 64.120002746582 63.9576301574707 64.037109375 64.2228622436523 64.2459869384766 63.9169731140137 64.3285751342773
61.820930480957 61.9039878845215 61.9431381225586 61.5625228881836 61.570369720459 61.7710380554199 61.7150115966797 61.6928787231445 61.6730995178223 61.5993881225586 61.8395347595215 62.2052955627441 62.3510589599609 62.6376457214355 63.3803062438965 63.299388885498 63.5819244384766 63.9293403625488 63.9413299560547 63.8178672790527 63.7908325195312 63.8271865844727 63.7491188049316 63.8896751403809 63.9873809814453 64.1274337768555 64.4970245361328 64.4350509643555 64.3982467651367 64.1395874023438 64.0579528808594 63.9334602355957 63.8907928466797 63.8294868469238 64.0937194824219 64.3711013793945 64.8049545288086 64.4312438964844 64.5275497436523 64.7610397338867 64.8055114746094 64.6187210083008 -3.4e+38 63.8588981628418 64.2050399780273 64.7095336914062 64.6095275878906 64.0160675048828 63.2655754089355
61.9807014465332 62.1159324645996 61.8987159729004 61.5763206481934 61.7956428527832 62.0221290588379 61.9273300170898 61.9254608154297 61.8744125366211 61.5311698913574 61.5939140319824 61.8924026489258 61.8881683349609 62.0293731689453 63.031494140625 63.4810752868652 63.7531089782715 63.9190406799316 63.822452545166 63.5275421142578 63.7605094909668 63.9104270935059 63.2162704467773 62.9605407714844 62.8068962097168 62.7554969787598 63.9359664916992 64.4244003295898 64.4793472290039 64.0513458251953 64.0201263427734 64.1878051757812 63.9890441894531 63.8695640563965 64.1736907958984 64.4654388427734 64.5774078369141 64.4427032470703 64.624397277832 64.8760147094727 64.9965667724609 64.8592224121094 -3.4e+38 -3.4e+38 -3.4e+38 65.1725234985352 64.9156112670898 64.3346328735352 63.4692230224609
