rcp4.5models/MPi_ESM_LR/sc1gr1.5
NCOLS 261 
NROWS 433 
XLLCORNER 336357.134 
YLLCORNER 654653.479 
CELLSIZE 1000 
NODATA_value -9999 
[rows 286 to 307 of 433, columns 150 to 199 of 261]
62.6128431623234 62.8324735179418 62.6605717630092 62.1088205465723 62.4256932935173 62.7609357039008 62.8714206316775 63.1630038213985 61.7142479551305 61.9086326469219 62.0953705843935 60.7807306378193 60.5129091177356 60.0145469733757 59.810364166861 59.6707390619416 59.9849540803011 59.7294043431103 -9999 59.7477237659191 59.8664713018665 59.7281057687449 59.5145044388645 59.645915052861 59.4721216549952 59.2395084203318 59.0051301788845 59.545105813845 60.1302001619941 59.4867474489924 59.0276868227147 58.8926959825774 59.0031656207996 59.1665190715152 58.9737110414303 58.7860129640194 58.8853335170068 58.9687223724923 58.2119444885209 58.0068643769196 58.0180815405755 58.5637649344873 58.3538243592411 58.8402319038984 58.4295719314456 58.0345177765245 58.1307428020312 57.9411410134232 58.2529627142123 57.953955535763
62.9745198218455 63.151055534941 62.936488279978 62.458484426127 62.4826195907445 62.6336243032785 62.9446218974013 62.8011040488365 61.5114772689233 61.7477699606792 61.8816799422753 61.0561525772543 60.8202324370996 60.2273894231938 60.121956012264 59.9069987087269 60.0581394810589 60.0573972511198 -9999 59.8987488165731 59.845455889717 60.1151277854962 60.2211438962325 60.5433431354265 60.272632382668 59.4989332648978 59.0701883448051 59.7142693960527 61.1411493482368 60.4844904872899 59.2895566040906 59.2437504953032 58.8784427357583 58.7186352897433 59.2132412038314 59.0923900641646 59.0879758734599 59.1137607980591 58.5099171014188 58.0734004284609 58.007618782798 58.2135921048593 58.4348529586318 58.6101083221327 58.5819935365221 58.3716746769844 57.9445080405441 57.9259504639795 57.9762484487601 57.4120108427134
63.7242948312093 63.1777995882268 62.6339778843311 62.4506164336224 62.5249254865334 62.9847125629246 62.9165354861585 62.365101312962 61.6999929747516 62.0225526892149 61.5118233997654 60.862448463665 60.6431760169822 60.5001255379753 60.2482457129214 59.9092456775903 59.9346136100954 60.0495834612853 59.9576151628753 59.8850828875429 59.8458146001388 59.9812387330537 60.681570788294 61.3662096474922 61.0753375564606 59.9251273252936 59.3318910217371 59.5592315059068 60.8819146441555 61.2860311415122 59.724629380733 59.2865829231318 58.5853921146475 58.6300250904129 59.6003933353916 59.7852039538073 59.4570357452652 59.264949694474 58.5320934075238 58.4141453266758 58.6044629825783 58.5341438181515 58.5623249259777 58.5915785449071 58.5193152724855 58.0920485827919 57.8260233586287 57.8553055986923 58.0998327348284 57.617104496702
63.4615560542903 62.5272777847485 -9999 62.317502607712 62.6647715559221 63.3876112046376 62.9604740827673 62.1760421624304 62.0126277602986 61.8421229822756 60.9338498442129 60.396733019853 -9999 60.7612577511494 -9999 60.0796612604275 59.9021536799619 59.9169821890635 60.2272695345423 60.1293390756376 60.0520626335151 60.3688321686914 61.0365511203167 61.1893105284024 61.0901813965817 60.3865135101853 59.6845958183292 59.6481718730499 60.4901713788368 61.0732200383915 59.9977865531144 59.3969868342308 59.1404423313711 58.8246566133305 59.7012679319148 60.3865323010488 59.8531006172657 58.9364617034508 58.5113836982269 58.7170705983924 58.8126672922697 58.7328030590438 58.8542851842623 58.5293106910418 58.2222684296832 58.1017018436977 58.1061691436091 58.0863871711472 57.9285697164327 57.770341951875
62.2654653814452 62.3583511403046 -9999 61.8924537440252 62.2371354651162 62.656048964627 62.2235066020977 61.5947895062841 61.3751436031681 61.5803405221061 61.5055239356097 61.0142146622235 61.0741045861507 60.8959664166592 60.4745005923364 -9999 -9999 -9999 60.0801001115043 -9999 60.516832680943 60.5083190512478 61.1114235097406 61.0215488113982 61.1250522361784 61.1140322494457 60.6844149859622 60.0889083673839 60.0780116831805 60.5930299589881 60.2961363630757 59.9376929978022 59.5576207324056 59.8711300532338 59.9949386282119 59.9008642124115 59.6424223735411 59.2277036066902 59.692360936527 59.5830557363577 59.2467888707118 58.9071974448844 59.3769948794673 59.0041428132715 58.6597952136518 58.4245596643214 58.5165982080736 58.5206932542369 57.7651605014745 58.2506387552173
62.0764978835253 -9999 -9999 -9999 -9999 62.0094548232647 -9999 -9999 61.3297396277613 61.4947991903045 61.5612635191073 61.5140913908616 61.8435045296948 61.4247356412747 60.8952910080253 60.6875380620266 -9999 -9999 -9999 60.3855488081856 60.5040490973292 60.7025902862101 61.0294198251767 60.9671801800774 61.4367811598547 61.6248381126525 61.588399430537 60.7864045324691 59.9865861345933 60.3599707431554 60.5060317253116 60.0479020830974 59.8088586494287 61.2268690622735 60.7953066729719 60.1457985113629 59.6083735400375 59.2934989685058 59.295290972801 59.4067366071675 59.3580610194834 59.3019276197973 59.4818213858611 59.2879727579847 58.7712951243056 58.7508243722747 58.8369881989181 58.4527986001014 57.7668937664281 58.0372723835735
-9999 -9999 -9999 -9999 -9999 62.5843381911941 62.7471302452297 62.2476010156023 62.2159845581496 61.7655288896076 61.7811805687815 62.3542006403398 62.1399253900858 61.2901881829366 61.1789002419745 61.2794001748298 60.9645020103365 60.5146545580075 60.6276451581075 60.3777197281079 60.3855527041296 60.6043254349225 61.0127105866874 61.1243085523855 62.0539356559952 62.6145821599777 62.2301993873825 61.9179286607931 60.7200092120697 60.439708732931 60.8649749894538 60.40199162189 60.2671557359908 61.1452313067836 60.9705388024636 60.3852923635152 60.0174917980997 59.3805266206691 59.1882584106307 59.2819738610064 59.2759454741145 59.4448670044304 59.3924664933193 59.0184323893306 58.843215840681 59.1225461422081 59.0790826839192 58.53906082893 58.3792375864663 58.1435740959089
-9999 -9999 -9999 -9999 63.0670735735994 63.7221409414697 63.8992685275181 63.1052665518613 62.767104554071 62.5010100758196 62.4570037115197 63.0215964666553 62.3917159219699 61.2991737106364 61.2808947270327 61.3251866621725 61.0472220908997 61.0607114719113 61.3907498740257 60.4075355349343 60.3908527043779 60.4174090542625 61.0056073145652 61.5764937910075 62.4885323480061 62.9137653149323 62.6473422223129 62.4708858208705 61.6630432861528 61.1155951116316 60.6375642819379 60.5292311897959 60.4715049761293 60.1559932987093 60.2898984534986 60.2487607043639 60.003752525886 59.4749676066158 59.4127738814848 59.3314529627717 59.2672494510819 59.3712457746689 59.3964151504495 58.9839132327884 58.9089861154141 59.2517222594262 59.1672834671585 58.8183104034643 58.7380847761719 58.345260777897
-9999 -9999 -9999 62.9592496098425 63.6789188734088 64.0858452705807 64.0503298762445 63.6098630029698 62.7704945439546 62.864111228904 63.5825450539057 63.3164967871928 62.5380584034983 61.4862493946796 61.518953015382 61.421059655604 61.3163787478288 61.3944068801431 62.2198257498894 60.6383721397873 60.3851129302642 60.4838510855242 61.081777173571 62.1912864939106 62.7481042858439 62.6582497043889 62.9508151508779 62.9467716461836 62.3176214509692 61.8771763168998 60.4154518144912 60.3715945968091 60.5562689656922 59.8325379810389 59.7764699569123 60.0130286178979 59.9920165550195 59.9354348705273 59.6512540171722 59.7182894633363 59.6958825798941 59.2779632449758 59.32957017657 59.1949731262581 58.8138815571163 58.9401462177122 58.9700880056803 59.0037508278161 58.9574723775949 58.5124335259424
-9999 -9999 -9999 63.269200627652 64.0491295522329 64.1498600205758 64.0317947189254 63.8693146869024 62.6999137385516 62.5810241577894 63.6198429704902 63.4306228047897 62.292992400409 61.4632038792607 61.6679042404163 61.4267436900131 61.7338505674513 62.0786145760145 63.1258064544418 61.0234491086412 60.8717306864308 61.052068889887 61.7507007500917 62.3102727491113 63.2545073194413 63.0643604346288 63.0968054621115 62.9592854222169 62.7673447500226 62.3275723588356 60.5803012221202 60.6866383442723 60.5760652218577 60.1255218142398 59.8061476523454 59.9098839564368 59.9962773529784 60.0991519425119 59.6492220947457 59.6503404785741 59.7643846620488 59.3871133225372 59.0912658471045 59.0800116079125 58.9506395294032 59.0187436205537 59.0541550082139 59.2910335109146 59.3983965487688 58.6172718842077
63.4321246133003 -9999 63.0769475392014 63.7985937273151 64.4709492676722 64.2034713401322 64.1560242124335 64.2963085331216 63.1423112931785 62.8218613245039 63.6615588431546 63.5197917653767 62.2237568696478 61.5836925317847 61.7737473710106 61.7447476311359 62.0244299018069 63.4094716863664 63.6762583096316 61.2147683367927 61.2592887965021 61.1421758869869 61.7664117314241 62.2571595296336 63.1461845113739 63.1714591738432 62.6278238487251 62.1925879866079 63.3107206601708 62.712747753493 60.8864443767367 60.8659008944903 60.9054640470407 60.8387582941381 60.5912240609735 60.3810928993403 59.9410144834142 59.9931515991321 59.6967351828129 59.4886449739459 59.5480386314067 59.3632412708676 59.0345846827291 59.0101293396002 58.9998690089888 59.2664768887682 58.9743211685886 58.9907583923412 59.0576553701783 58.1732782536642
64.084783253194 63.8938292593831 64.1684398733851 64.4613633718825 64.6618325065124 64.4909423081266 64.7247198191421 64.5582620756916 63.3535993576056 63.4103296174169 64.1450202544334 63.7928462012711 62.4823241809667 61.8916756404424 62.3458418252408 62.1719644815359 62.7651290035298 64.2872413397293 63.8508435071213 61.2577318403481 61.0384927084044 61.0050809971227 62.046613525186 62.7517158811273 63.171946524311 63.1873588837816 62.1291327018635 61.6138613279327 63.4677265918846 63.3165991899897 61.5106182865067 61.0893157013933 61.3671098401193 60.7912541150129 60.9729099627233 60.8407053039652 60.1568143577463 60.2942350285564 59.8109862214959 59.441801573427 59.4669297900316 59.5245127457833 58.9726256612531 58.8004190289562 58.7542990388071 58.949854828315 58.585724202174 58.7901287585813 58.732095914177 58.3677160127926
64.2243942190766 64.5475188032257 64.7073176314846 64.7054779532486 64.6295123340734 64.4230579521921 64.4120822191818 64.4767482711484 63.1523697444622 63.673287902054 64.2476215343408 64.1028078030428 62.3571884908894 62.2914391572179 62.8736141723994 62.2824840266892 63.1041283985619 64.3434682980381 63.931661891902 61.9643303479222 61.2841638115327 61.2937333228879 61.7381874767853 62.4351150790912 63.2565158700322 63.6842170653015 62.4499317419801 62.0497454321825 63.0553282003278 63.2368598909141 62.1590027966031 61.5819357713395 61.3211852238029 60.602611077757 60.8090190131169 60.8220055398047 60.3283624539185 60.3120541901128 60.1769182796316 59.7371340097459 59.5521305176011 59.8028648807881 59.1818787570425 58.7068853910975 58.7070969640008 58.5692001904378 58.7366920385933 59.0081712665393 58.9999001165379 58.8669127348111
64.21553149172 64.204871663294 63.9595709172832 64.7809840557651 64.9831816182207 64.5502282803209 64.3674186910557 64.6762806876191 63.2479361820414 64.0064739096594 64.5932252206584 64.5477265968485 62.7762154322236 62.6240687096664 63.0907644042413 62.2856897596001 62.6732325245527 63.9489797075064 63.9132981210083 62.4885013331039 61.6261887471984 61.3523839465706 60.9739238147071 61.8153387461798 63.0768793757232 63.9424210475248 62.7349835889668 62.4797810223752 62.8782743970891 62.8251250563441 62.7575353870975 62.3022609519632 61.6440811361533 61.1609209676106 61.3231266594022 61.1784137494185 60.6937866282856 60.0866481839975 59.9875732518046 59.7912928678077 59.5461247885116 59.881211441257 59.5154225937286 59.0361955597763 58.8805919392374 58.9124820846554 59.0867294598782 58.9810885649079 59.0873186492681 58.7045580103479
64.6888818673394 64.4821717706334 63.9008376870578 64.1235748775228 64.8934253190222 65.1677582074083 65.1192522166396 64.915234129878 63.659016730508 64.0630161449524 64.5413224389919 64.5394031036152 63.3953693998847 63.1965128138939 63.352036621009 62.7161636185975 62.8419175040779 63.5885926208082 63.6057714186803 62.6140362349736 62.2416250319698 61.756362977003 61.1678702497958 62.060063370394 63.6685470755339 63.9095209419695 62.9852758260189 62.6876937951276 63.1126023032343 62.4016159266354 62.8806074213379 62.9415014047756 62.3880858403845 61.6237483392123 61.5802385965453 61.492708439438 61.2005667319842 60.1478427606602 59.6951694992644 59.5982023292986 59.7238601096495 59.7735838599612 59.7118969337573 59.1646782988513 59.4065312565587 59.8392385137122 59.6588386436331 59.05850292204 58.8834414862772 58.4672750929848
65.2993091231253 65.528462627491 64.5261443262535 63.4304222960095 63.4987576336876 64.6057116953933 64.7197946082094 64.7614144546345 64.1809806768494 64.3121537684393 64.4065580236456 63.9786334626151 63.5579157249769 63.9546740828832 63.3721639714153 63.2582965050725 64.1133210699032 64.5285816666707 63.4919771252308 64.4635380028699 64.4083512670322 64.2743825632783 63.464293604123 62.3787945351723 62.3635348236317 63.4067032892728 63.8173132069926 62.9473644090438 63.3370777853549 62.6796468415476 61.8611920492351 62.8435377723531 63.548343998062 63.648524079456 62.8915695246065 62.3267816130742 61.8495531085984 61.358470867432 61.2826130633149 60.2151088943679 59.9882234322778 59.9437658010187 59.8372100779993 59.2521541869794 59.3014567232697 58.9214487304009 59.0605362517709 58.9561859235576 59.2830598781603 58.9626063795858
65.5506345151544 65.3638465596051 64.1916042128657 62.5039060517977 62.4861715395867 64.9440535777716 65.4328966146873 65.2941953448839 64.6112835793499 65.1058162728835 64.5826531860824 64.1822705231592 63.9715237616879 63.7154632799969 63.3012337424639 63.4126389907545 64.0452852302507 64.8241810958195 64.1557336629406 64.2255390840729 64.5345455424627 64.2500592845432 64.2103441795835 62.8686937471574 61.9008426148485 63.5352979345606 64.143578797225 63.7135171274302 63.5150142754166 63.0932969779819 61.2804938519637 61.6500667641417 63.4813454896891 63.4989343536762 63.0735148046168 63.1896955574875 62.7651486613236 62.392116897475 62.1173007210447 60.9878516889939 60.4101855963693 60.0030665306334 59.9108925757259 59.5325277423255 59.299143250331 59.130706854407 59.4643915610665 59.5145695957342 59.8020841526787 59.8650654635197
64.7742274364201 64.6830741048244 63.5315226632485 61.4700404786393 62.4353840294797 65.2933187487369 65.9416343573799 65.7449450727279 64.6077458636071 65.2969227720799 64.7982936007131 64.8094257688662 64.9495546382987 64.3274160068536 64.0325250953293 63.4084848827462 64.0020630165204 65.2023347532608 64.6263871117543 63.7926288723726 64.4047087936846 64.2579745684311 64.5903169929763 63.4397930816809 62.2680381081584 63.3352003829176 63.8525212084368 63.7285728476358 63.725207283788 63.4597071430572 62.0439460585352 61.7723610798426 63.1764048585207 63.1546455191637 63.0916852184279 63.5388938835414 63.3183978943981 62.8871273134748 62.5268991441232 61.8881638072731 60.8306964196692 60.2102410088731 59.8785279274704 59.6571486209897 59.4592310069174 59.2445216066277 59.44832659587 59.9195572543089 60.3807873725595 60.3928584031637
63.8404062140043 63.7165359557566 63.3174964404868 62.9234490896112 63.533008588716 65.2646507821749 65.6779384546333 65.2934679023 64.6859291722094 64.9319258234451 64.7678271509695 65.0405042412247 65.1410585897819 64.896236897148 65.0846893658012 64.3050044993808 64.4538737417199 65.1524773230858 64.5523271209497 63.6712078211366 65.0661073285337 65.0245964400232 64.6532238218247 64.5480912251887 63.4972380588852 62.5931460375049 63.3497418429073 63.3424798796457 63.5265733111642 64.2396910457428 63.0852367251969 62.6585797677115 62.7624456719435 62.8553145132576 63.1005465054879 63.513563707556 63.3208523749751 62.8680950435653 62.549403309875 62.2160595139879 61.110844544297 60.2230949047066 60.0917386452712 59.7275149017899 59.6119653875617 59.1159712270764 59.3666672774367 60.8422691725913 61.1571019128621 60.1828605278319
63.0289932537579 63.6961372971104 64.6479304519685 65.1359790617785 64.9546406178209 65.5242566136205 65.8548266415254 65.5680903847709 65.1337621433539 65.1048634882625 64.5425570873256 65.1227173493977 65.4665102836034 65.270576607628 65.5358256117547 65.1490144440071 64.978260546413 65.3336866567926 64.8848952608991 63.7428409438645 65.0057841681064 65.2563465889343 64.4576431898268 64.603924412574 64.4837916324507 62.9417257060116 62.6878514714259 63.1190497548576 63.5990155844396 64.3182220687046 63.5445136215182 62.673319386214 62.7213131602394 62.8698072397231 62.890659941383 63.3950960654678 63.4576242664715 62.9137014090564 62.6911237396994 62.213044947603 61.5188497542461 60.4727273185201 60.2356628667431 59.8577150580452 59.4482167295214 59.0808437049888 59.3476597557344 60.8177389593546 60.9670051569821 60.6571335987862
62.274740180178 64.4840190823496 66.0273638661881 65.7416424341046 65.8681544644587 65.7848251758676 65.7556830040405 65.9012292007161 65.5120791494712 65.5466697165726 65.2120599143643 65.5066124454045 65.9070355128178 65.4217718312053 65.7388096792239 65.6308466832623 65.2456132489571 65.4955018000333 65.2190378937923 64.2569490372031 64.3876950691101 65.3701406227696 64.7099176977125 63.9092626863483 64.3162134159557 64.0359386271634 62.9939741028787 63.4537104466151 64.1957171924508 64.1323091213502 63.5389761856308 62.8061943118994 63.1964102240148 63.3155935829504 63.1375213579615 63.2432981303086 63.3228557116861 62.9763723699366 62.819480445828 62.6111555555613 62.051806616225 60.9560263208015 60.3242118227663 60.0840195239477 59.8029241100396 59.4637841017694 59.1916111467407 59.9076438919328 60.0977073515655 61.1790239718692
61.7962593956049 64.7346390893507 65.9377397267496 65.740591309724 65.9640318345065 65.9021033303906 65.8111358574491 65.6250443380657 65.3500665291367 65.3181459535021 65.6399624403798 65.7689942684494 65.5813938666594 64.8521632840702 65.1491917629154 65.1078480154688 64.942582961581 65.1372712298052 65.2528110451993 64.6511527544499 64.6944059330301 65.6795708400967 65.1293736090614 64.2191471727831 64.2888244535765 64.9979326633467 64.3184749972342 64.0217630938453 64.30725074725 63.7853838864439 63.1942248652037 62.609081024414 63.0695404243201 63.6572598588895 63.7131108045617 63.4895586557992 63.3538371408889 62.9483697569226 62.925659526352 63.2170574421 62.7420646430622 61.1649122371192 60.6930149718276 60.4230296203666 60.1674271724321 59.6197300569906 59.4720093560979 59.6897861117358 60.5899133486614 61.3199052534553
