rcp4.5models/MPi_ESM_LR/sc1gr1.38
NCOLS 261 
NROWS 433 
XLLCORNER 336357.134 
YLLCORNER 654653.479 
CELLSIZE 1000 
NODATA_value -3.4e+38 
[rows 242 to 263 of 433, columns 196 to 244 of 261]
60.6567611694336 60.6157417297363 60.1913299560547 60.2189903259277 59.9254608154297 59.9927940368652 60.0053672790527 59.654125213623 59.9027976989746 59.793643951416 59.5406723022461 59.4922027587891 59.4313316345215 58.9955940246582 59.294734954834 59.3339500427246 59.249324798584 59.3894386291504 58.9897003173828 -3.4e+38 -3.4e+38 58.5287170410156 58.4343757629395 58.3414497375488 58.0720672607422 58.1822738647461 57.7919883728027 57.7940826416016 57.5911865234375 57.8296127319336 57.3847236633301 57.293212890625 57.2323760986328 57.3137130737305 56.9412536621094 56.6625328063965 56.7917556762695 56.8266525268555 56.7055053710938 56.682918548584 56.6174850463867 56.6222229003906 56.5024795532227 56.286792755127 -3.4e+38 -3.4e+38 -3.4e+38 -3.4e+38 55.4081954956055
60.7888221740723 60.0774841308594 60.2594146728516 60.3196105957031 60.3402862548828 60.4480171203613 60.3138618469238 60.353271484375 60.2021064758301 59.7128143310547 59.6982345581055 59.7390480041504 59.6912879943848 59.6973686218262 59.643741607666 59.6179809570312 59.4980583190918 59.434986114502 59.2743911743164 -3.4e+38 -3.4e+38 58.7785873413086 58.8570327758789 58.6286315917969 58.2123069763184 58.0192756652832 58.0831642150879 58.2307243347168 58.560604095459 58.3361549377441 57.4898223876953 57.3724594116211 57.3199081420898 57.7116889953613 57.5016746520996 56.9063301086426 56.9187355041504 57.1275367736816 56.7695159912109 56.6085510253906 56.5720710754395 56.6272583007812 56.3500938415527 56.469783782959 -3.4e+38 -3.4e+38 56.3029899597168 -3.4e+38 -3.4e+38
60.6459083557129 60.2240180969238 60.5934562683105 60.2827529907227 60.2453422546387 60.6187324523926 60.3758010864258 60.3032684326172 60.217472076416 59.6372718811035 59.8192443847656 59.9794425964355 59.9029846191406 59.7998962402344 59.6514358520508 59.6016502380371 59.7684745788574 59.7212104797363 59.5317802429199 59.2690582275391 -3.4e+38 -3.4e+38 58.774543762207 58.7015686035156 58.6561431884766 58.5598831176758 58.4335975646973 58.2453193664551 58.7056312561035 58.5873413085938 57.7836151123047 57.8683090209961 57.4382247924805 57.616283416748 57.6229438781738 56.9992752075195 57.0396385192871 57.274543762207 56.9497909545898 56.7801399230957 56.6915626525879 56.8613166809082 56.7791366577148 56.6790618896484 -3.4e+38 56.1479911804199 55.96435546875 56.0524940490723 -3.4e+38
60.6136932373047 60.1763801574707 60.6262130737305 60.6492614746094 60.5146980285645 60.6774101257324 60.3187484741211 60.0507888793945 59.9608955383301 59.5912399291992 59.8752098083496 59.963737487793 59.786979675293 59.8316612243652 59.6300010681152 59.587100982666 59.680118560791 59.3904991149902 59.7917404174805 59.4204063415527 59.0368499755859 58.9350662231445 58.8593406677246 58.7572746276855 58.748851776123 58.6523666381836 -3.4e+38 -3.4e+38 58.2542762756348 58.6426811218262 58.1409187316895 58.4711380004883 58.0925559997559 57.9099082946777 57.7829322814941 57.2568283081055 57.0789375305176 57.4005355834961 57.1974601745605 57.0374641418457 56.8427619934082 57.0820388793945 56.7363815307617 56.7495994567871 -3.4e+38 56.422119140625 55.9422264099121 56.2347602844238 56.0626678466797
60.7468147277832 60.4822387695312 60.8238525390625 60.7269630432129 60.6960830688477 60.9680480957031 60.4295768737793 59.7134590148926 59.7137184143066 59.8825340270996 59.9086418151855 59.9282989501953 59.8957824707031 59.9150276184082 59.8487548828125 59.8286323547363 59.5448760986328 59.5572280883789 59.8573532104492 59.4996566772461 59.336612701416 59.0429954528809 59.0042953491211 58.8993148803711 58.7187004089355 58.500560760498 -3.4e+38 -3.4e+38 57.8971900939941 58.4125022888184 58.3993988037109 58.2600860595703 58.1898498535156 58.2204093933105 57.899845123291 57.5737419128418 57.2401657104492 57.1294746398926 57.1505699157715 57.3508911132812 57.4305648803711 56.9674835205078 56.5822372436523 56.7464141845703 57.1870498657227 56.7097358703613 56.5191650390625 56.5712432861328 56.252368927002
60.7606811523438 60.6312141418457 60.6375999450684 60.5419120788574 60.7378616333008 60.7951240539551 60.1597747802734 60.074878692627 59.9377822875977 60.0284538269043 59.908504486084 59.8477897644043 59.7634315490723 59.7593460083008 -3.4e+38 59.6785545349121 59.5832252502441 59.7231636047363 59.7193794250488 59.552417755127 59.7136268615723 59.2768745422363 59.0422248840332 59.0166320800781 58.8720893859863 58.7796401977539 -3.4e+38 -3.4e+38 58.2374420166016 58.0916595458984 58.5439987182617 58.0344543457031 58.015495300293 58.4484176635742 58.080150604248 57.8458480834961 57.6881942749023 57.3142127990723 57.2175903320312 57.2326774597168 57.4349975585938 57.1148223876953 56.6257820129395 56.6282234191895 56.8613510131836 56.8128242492676 57.254566192627 57.1492042541504 56.9177856445312
60.5572052001953 60.5448379516602 60.4211883544922 60.6812133789062 60.6520042419434 60.1931686401367 59.8373336791992 60.1465797424316 60.091480255127 60.1394195556641 59.866039276123 59.6981239318848 59.721549987793 60.0006980895996 59.8935203552246 59.7785911560059 59.5516357421875 59.3457374572754 59.7076950073242 59.7036628723145 59.598804473877 59.3510437011719 59.1266136169434 59.1649627685547 58.9146766662598 58.5189628601074 58.4376564025879 -3.4e+38 58.7316207885742 58.5309143066406 58.295036315918 58.2390213012695 58.2405891418457 58.2711181640625 57.8254356384277 57.7035102844238 57.7735137939453 57.7044563293457 57.382453918457 57.2567901611328 57.159782409668 57.3301811218262 57.0643463134766 56.5837020874023 56.5089340209961 56.6347198486328 57.0443572998047 57.2071189880371 57.0604553222656
60.5198097229004 60.5366821289062 60.6756401062012 60.6204032897949 60.3680267333984 60.1032333374023 60.4130516052246 60.5106353759766 60.2630729675293 60.2094116210938 59.9582633972168 59.9262657165527 60.1029052734375 60.0644798278809 60.2489395141602 59.9918060302734 59.5683517456055 59.6623039245605 59.9773902893066 59.912425994873 59.7082557678223 59.5605506896973 59.3763732910156 59.2545776367188 58.9392509460449 58.6076431274414 58.6314506530762 58.3785820007324 58.7503890991211 58.9992828369141 58.1908569335938 -3.4e+38 58.5790939331055 58.5752143859863 58.309700012207 57.9819641113281 57.6944694519043 57.8257217407227 57.7756729125977 57.6038627624512 57.384033203125 57.3368797302246 57.3725090026855 56.6996726989746 56.6039390563965 56.5644149780273 56.7084884643555 57.0391502380371 56.8784828186035
61.0950164794922 60.8317337036133 60.9595718383789 61.0299987792969 60.5840759277344 60.5868186950684 60.906192779541 60.6317253112793 60.5792045593262 60.5123443603516 60.335506439209 60.2871513366699 60.4247741699219 60.0777702331543 60.3336067199707 59.9127388000488 59.8016738891602 59.9823532104492 60.0053024291992 60.1240768432617 60.1119117736816 59.9662818908691 59.579402923584 59.3437728881836 59.1818351745605 59.1001319885254 59.0199966430664 58.6465110778809 58.6213684082031 58.5865325927734 58.435718536377 58.5776290893555 58.8090209960938 58.8627738952637 58.4914817810059 58.2917976379395 58.1367530822754 58.1113395690918 58.1021728515625 57.7999114990234 57.5107574462891 57.3643226623535 57.5885620117188 57.3427619934082 57.3235206604004 57.2494621276855 57.1326332092285 57.1531677246094 56.9960289001465
61.3098907470703 61.0189628601074 60.8306770324707 61.1461982727051 60.6228332519531 60.6605529785156 60.8309364318848 60.2970657348633 60.4354286193848 60.5945434570312 60.4946136474609 60.5540962219238 60.4866180419922 60.2649116516113 60.3626289367676 60.2978591918945 59.9815483093262 59.8696632385254 -3.4e+38 60.0777282714844 60.3259429931641 60.2277030944824 59.8557167053223 59.435359954834 59.3120956420898 59.2414703369141 59.2197227478027 59.066822052002 58.8187255859375 58.5879058837891 58.6800880432129 58.674488067627 58.8026695251465 58.9526176452637 58.8235931396484 58.470832824707 58.125316619873 57.9924278259277 58.1149940490723 57.5859222412109 57.5119171142578 57.6155281066895 57.5608215332031 57.6188125610352 57.3327255249023 57.3604278564453 57.4241714477539 57.2551956176758 57.1528053283691
61.4432907104492 61.1830825805664 60.655216217041 60.7513961791992 60.4594612121582 60.630184173584 60.8827362060547 60.501049041748 60.6958351135254 60.9294853210449 60.7040519714355 60.6505432128906 60.3320999145508 60.3208274841309 60.4247016906738 60.593994140625 60.481689453125 60.3462905883789 60.1228866577148 60.2063827514648 60.4063339233398 60.2142372131348 60.0401039123535 59.8772239685059 59.4632606506348 59.2839698791504 59.4161376953125 59.5927391052246 59.3909568786621 58.897159576416 58.7039031982422 58.7238845825195 58.8419189453125 58.911003112793 58.918399810791 58.4220237731934 58.1573257446289 58.2927703857422 58.221134185791 57.772102355957 57.6955375671387 57.8797340393066 57.3498992919922 57.2706604003906 57.1746826171875 57.338005065918 57.6001586914062 57.4114952087402 57.2447853088379
61.6905937194824 61.3392295837402 61.1955299377441 61.0326080322266 60.8483657836914 60.8783836364746 61.0642585754395 60.9068756103516 60.8509559631348 61.0371742248535 61.0932884216309 60.9324188232422 60.6946258544922 60.7639503479004 60.6130981445312 60.6281509399414 60.8512001037598 60.5243606567383 60.3084831237793 60.2603416442871 60.051628112793 59.7216949462891 59.9349555969238 60.1297874450684 59.5799140930176 59.5209617614746 59.6633453369141 59.5311126708984 59.7268600463867 59.4013633728027 58.8387451171875 58.7333450317383 58.9488983154297 58.9033889770508 58.7956428527832 58.7348442077637 58.6770172119141 58.5559425354004 58.0321197509766 58.1813201904297 57.955696105957 57.6531982421875 57.4096870422363 57.5594520568848 57.2094535827637 57.4106483459473 57.663158416748 57.5821952819824 57.4991149902344
61.5777130126953 61.2778930664062 61.2147979736328 61.3566436767578 61.1764335632324 61.3104019165039 61.2201385498047 60.8362159729004 60.7729072570801 60.8582000732422 61.0783462524414 61.026439666748 61.1262741088867 60.9977149963379 60.7854194641113 60.9610023498535 60.8455352783203 60.3558044433594 60.1746292114258 60.1302452087402 59.7234687805176 59.846809387207 59.9674110412598 60.1083641052246 59.8020248413086 59.7680816650391 59.9731063842773 59.8840408325195 60.0456733703613 59.539909362793 59.2774391174316 58.8622779846191 58.8258972167969 59.0317573547363 58.8323287963867 58.8701515197754 58.984302520752 58.7416458129883 58.300895690918 58.4295463562012 58.2109794616699 57.4997787475586 57.844669342041 57.9398231506348 57.1491889953613 57.3663787841797 57.4886589050293 57.7102546691895 57.6552047729492
61.6389389038086 61.1373443603516 60.6532249450684 61.2239379882812 61.3408241271973 61.325496673584 61.1232070922852 60.8654136657715 60.8739547729492 61.0649490356445 61.1455116271973 61.2359046936035 61.2465476989746 61.3217887878418 61.5014610290527 61.5648918151855 61.5356903076172 61.6479835510254 60.534969329834 60.1706275939941 60.1042251586914 60.1687660217285 60.5140609741211 60.2990646362305 59.9321441650391 59.8774757385254 59.9089698791504 59.8132476806641 59.8925361633301 59.9259185791016 58.7671585083008 58.7389984130859 58.9381523132324 58.9454727172852 58.9431915283203 58.920238494873 58.858814239502 58.733512878418 58.5595512390137 58.603931427002 58.3988571166992 57.8792495727539 57.8290252685547 58.0229835510254 57.5537452697754 57.3216819763184 57.7367782592773 57.836727142334 57.7130584716797
61.8014068603516 61.5218505859375 61.2285537719727 61.2858200073242 61.611701965332 61.3328170776367 61.0387573242188 61.0291442871094 61.2933349609375 61.0066223144531 61.0890731811523 61.4639587402344 61.3990898132324 61.422908782959 61.5986099243164 61.5570831298828 61.3283004760742 61.7571449279785 60.7054252624512 60.4192733764648 60.3195686340332 60.2000579833984 60.2760162353516 60.6894912719727 60.602912902832 60.4416198730469 60.0469665527344 60.1584091186523 60.2666282653809 60.0624122619629 59.0005645751953 58.966609954834 59.3797073364258 59.1494369506836 58.7161903381348 58.7417755126953 58.9660949707031 58.917179107666 58.9639472961426 58.7518653869629 58.4409332275391 58.1572113037109 58.0473594665527 57.9556350708008 57.8333396911621 57.7053375244141 57.6607284545898 57.5778694152832 57.5329742431641
61.7738265991211 61.9118270874023 61.8222808837891 61.8394317626953 61.7707176208496 61.318546295166 61.1305999755859 61.2630844116211 61.4308891296387 61.042121887207 61.1743774414062 61.4686737060547 61.4643745422363 61.8969802856445 61.7505416870117 61.1829147338867 61.0229072570801 61.2781600952148 60.7273254394531 60.6813316345215 60.4664306640625 60.4853935241699 60.4273452758789 61.1605377197266 61.1593322753906 60.3029937744141 60.3645210266113 60.4025039672852 60.3444900512695 60.2124519348145 59.3299903869629 59.2378120422363 59.3961448669434 59.3999214172363 58.8331604003906 59.2696838378906 59.5750198364258 59.3123588562012 59.1438484191895 58.9297866821289 58.5140113830566 58.2839202880859 58.0501976013184 57.7279205322266 57.6318702697754 57.4592056274414 57.6665649414062 57.5291633605957 57.532470703125
61.9736213684082 62.2040481567383 61.9823608398438 62.0181579589844 61.2946128845215 60.9036140441895 61.3777275085449 61.7717933654785 61.398365020752 61.3039703369141 61.3597793579102 61.2819175720215 61.4183464050293 61.7347602844238 61.7770729064941 61.8266258239746 61.640510559082 61.3071365356445 60.7187538146973 60.8332939147949 60.6524353027344 60.5385932922363 -3.4e+38 61.6388626098633 60.7742576599121 60.143497467041 60.3623924255371 60.348804473877 60.4745712280273 60.4598007202148 59.4682884216309 59.2925758361816 59.0647087097168 59.323486328125 59.6292953491211 60.1951904296875 60.3419342041016 59.4322357177734 58.9522972106934 59.0263137817383 58.6029357910156 58.3237571716309 58.2455024719238 57.9801826477051 57.5521926879883 57.0898971557617 57.5562744140625 58.0082397460938 57.8373603820801
62.3401679992676 62.2697868347168 62.3064613342285 62.1258125305176 61.4370269775391 61.2151832580566 61.6663856506348 61.8371467590332 61.5038146972656 61.4848976135254 61.6391220092773 61.6280174255371 62.2628211975098 62.021614074707 61.355884552002 61.8001289367676 62.0446166992188 61.6697845458984 61.8540534973145 61.2062797546387 60.7733917236328 60.6482887268066 60.5904998779297 61.1168670654297 60.5452919006348 60.3021469116211 59.9373207092285 60.2875022888184 60.6465682983398 60.5924530029297 59.5248680114746 59.3108139038086 59.0146408081055 59.6250915527344 60.1208648681641 60.8375968933105 60.7570762634277 59.3713912963867 59.1142082214355 59.1447448730469 58.8553924560547 58.468376159668 58.4188270568848 58.2201080322266 57.9087448120117 57.5237922668457 57.5562591552734 57.9069938659668 57.6381492614746
62.4298973083496 62.3244132995605 62.5474014282227 62.2444534301758 61.8357467651367 61.6622314453125 61.9690628051758 61.6729278564453 61.632152557373 61.5609588623047 61.5443878173828 61.8867416381836 62.971305847168 62.2697372436523 61.1660270690918 61.6690521240234 62.4070053100586 62.2170639038086 62.776798248291 61.1210746765137 60.6261825561523 60.6658363342285 60.7217597961426 60.5564384460449 60.630241394043 60.7016563415527 60.1697883605957 60.3668975830078 60.553165435791 60.4827423095703 59.5612945556641 59.4598121643066 59.3397674560547 59.7143974304199 59.9243850708008 60.6238708496094 60.0148849487305 58.8894882202148 59.051887512207 59.2120094299316 59.1128463745117 58.7545318603516 58.5205726623535 58.3188362121582 58.0722694396973 57.8852767944336 57.7676963806152 57.6605567932129 57.5683975219727
62.5778427124023 62.8648681640625 62.6340408325195 62.2798652648926 62.1237983703613 61.898796081543 61.9613761901855 61.7219581604004 61.4990272521973 61.6655616760254 61.6453742980957 61.8652648925781 62.8484230041504 62.1689949035645 61.6308784484863 62.9747772216797 62.7285614013672 62.2818756103516 62.4526519775391 61.274040222168 60.7378540039062 60.5868034362793 60.8423652648926 60.7458000183105 60.9644165039062 61.0568161010742 60.422664642334 60.5638046264648 60.5867958068848 60.3196067810059 59.7547035217285 59.8086929321289 59.2720031738281 59.4884643554688 60.0859870910645 59.5661506652832 59.4028053283691 58.9787368774414 59.0516395568848 59.4234428405762 59.1064186096191 58.7433700561523 58.6044731140137 58.4263076782227 58.1455268859863 57.9893264770508 57.8734893798828 57.7136039733887 57.6560287475586
62.4764251708984 63.0455932617188 62.6535682678223 62.415283203125 62.3939018249512 61.9941558837891 62.0376968383789 62.038200378418 61.7091026306152 61.5759391784668 61.5992698669434 61.7488212585449 62.2398300170898 62.6232872009277 62.9912948608398 64.2205657958984 63.1717567443848 62.3869285583496 61.8536186218262 61.3803443908691 60.7880706787109 60.6776466369629 60.954174041748 60.9613761901855 61.1255645751953 61.0170478820801 60.6006965637207 60.6760749816895 60.8322486877441 60.4919166564941 60.5534820556641 60.2952117919922 59.4348030090332 -3.4e+38 -3.4e+38 -3.4e+38 59.0050659179688 59.0677604675293 59.2490882873535 59.7936248779297 59.4348640441895 58.7343482971191 58.6172637939453 58.5731163024902 58.4319381713867 58.1768608093262 57.9239387512207 57.8123092651367 57.8055534362793
62.7281265258789 62.9720764160156 62.7896270751953 62.7676773071289 62.6646919250488 62.121395111084 61.9589996337891 62.088134765625 62.1826934814453 61.9454956054688 61.8000068664551 61.7444648742676 61.6839065551758 62.5259094238281 63.9206886291504 64.762580871582 64.0398941040039 62.9655418395996 61.5504112243652 61.2597579956055 60.9289665222168 60.9837455749512 61.280517578125 61.6823616027832 61.1391944885254 60.6357803344727 60.6060218811035 60.8509483337402 60.6904029846191 -3.4e+38 61.1295852661133 60.623706817627 59.7103118896484 -3.4e+38 -3.4e+38 58.8197631835938 59.051872253418 59.0657539367676 59.3976707458496 60.0370788574219 59.7434616088867 59.0278625488281 59.0063552856445 58.7610092163086 58.5368003845215 58.1935005187988 58.0142402648926 57.9945793151855 58.0621032714844
