rcp4.5models/MPi_ESM_LR/sc1gr1.36
NCOLS 261 
NROWS 433 
XLLCORNER 336357.134 
YLLCORNER 654653.479 
CELLSIZE 1000 
NODATA_value -3.4e+38 
[rows 110 to 131 of 433, columns 49 to 97 of 261]
51.2370223999023 51.6896171569824 51.3150329589844 50.8889045715332 50.8428077697754 51.1934394836426 51.4451904296875 52.1242828369141 51.8729438781738 52.3923187255859 52.443286895752 52.6211013793945 52.5644874572754 52.7854156494141 52.9473114013672 52.7305793762207 53.4583511352539 53.231616973877 53.8118591308594 53.8279800415039 54.0894165039062 54.3904418945312 54.4396553039551 54.7628479003906 54.5963249206543 54.8179588317871 55.3323669433594 55.4818153381348 55.2982749938965 55.5686912536621 55.6163063049316 55.720027923584 56.198558807373 56.6797027587891 56.5391960144043 56.7898864746094 56.8506851196289 56.9769859313965 57.2083625793457 57.597354888916 57.0143852233887 57.7101898193359 57.8040313720703 57.7861747741699 58.1649360656738 58.0997047424316 57.9593658447266 58.2612075805664 58.4037628173828
51.6794395446777 51.1275596618652 50.9677047729492 50.7872085571289 51.1900520324707 51.5235977172852 52.0357933044434 51.8110542297363 51.4054718017578 51.8321418762207 52.2457695007324 52.3779487609863 52.8674964904785 52.7730903625488 52.7069816589355 52.7025566101074 53.434684753418 53.5986137390137 53.7625732421875 53.8789901733398 54.0032958984375 54.5160598754883 54.853630065918 54.8304061889648 55.0471611022949 55.0260772705078 55.236759185791 55.6917991638184 55.3168182373047 55.509693145752 55.9863815307617 56.3958511352539 56.3525238037109 56.3486480712891 56.7041511535645 56.9245300292969 57.1543579101562 57.2196578979492 57.3317604064941 57.711669921875 57.0986022949219 57.3825225830078 57.662899017334 57.6700592041016 58.040168762207 58.6368942260742 58.6579055786133 58.3004264831543 58.3789024353027
51.1076469421387 50.8889503479004 50.9647331237793 51.3529663085938 51.7161483764648 52.2606544494629 51.9865455627441 51.2586822509766 51.5903129577637 51.8298416137695 52.3503646850586 52.4916381835938 52.5076217651367 53.0318832397461 52.7387542724609 53.042896270752 53.5243034362793 53.3348846435547 53.8957405090332 54.1346817016602 53.9920425415039 54.4042205810547 54.8091697692871 54.8566932678223 55.1868476867676 55.300708770752 55.2255249023438 55.2977447509766 55.2112922668457 55.7323722839355 55.8229866027832 56.2810478210449 56.098991394043 55.7460746765137 56.3210906982422 57.0206146240234 56.9070892333984 57.008358001709 56.9675102233887 57.0612831115723 57.6039085388184 57.5475921630859 58.0719261169434 58.2309722900391 58.3529777526855 58.437915802002 58.3606872558594 58.4973526000977 58.6476058959961
50.5904121398926 51.349796295166 51.5566139221191 51.7835998535156 51.7672080993652 52.2364616394043 51.7884101867676 51.4395294189453 51.8903274536133 52.2207870483398 52.6306610107422 52.4863700866699 52.7535247802734 53.2634086608887 53.208309173584 53.5049934387207 53.710563659668 53.3642044067383 53.7684745788574 54.5704689025879 54.3874740600586 54.6584663391113 54.7443161010742 54.8431549072266 55.2872276306152 55.243236541748 55.5211524963379 55.210075378418 55.3859786987305 56.0285034179688 55.8515129089355 56.2119750976562 56.2847137451172 55.9522438049316 56.7642097473145 57.2076225280762 57.1476898193359 57.3336715698242 57.2382659912109 56.8756332397461 57.6105613708496 57.8061752319336 57.9586410522461 58.1422576904297 58.3000297546387 58.0906181335449 58.3815689086914 58.54296875 59.0016899108887
50.6970024108887 51.8013954162598 52.1207695007324 52.0502662658691 52.0122413635254 51.8791580200195 51.9067878723145 51.9416542053223 52.4065093994141 52.6308860778809 52.0866241455078 52.3507270812988 52.686466217041 53.0700149536133 53.7386932373047 54.06689453125 53.9595222473145 53.8104782104492 53.7245635986328 54.436107635498 54.7867889404297 54.4845848083496 54.7823295593262 55.025520324707 55.1783218383789 55.1926536560059 55.6205062866211 55.5769271850586 55.5309257507324 56.4938507080078 -3.4e+38 56.128116607666 56.1674613952637 56.6455345153809 57.107177734375 57.184196472168 57.0380058288574 57.3259391784668 57.2260513305664 57.2548637390137 57.629825592041 58.0908012390137 57.8447341918945 57.7752647399902 58.0012741088867 58.2173042297363 58.6745223999023 58.9927597045898 58.9605941772461
51.4537773132324 51.9978866577148 52.1524429321289 52.0142211914062 52.3225364685059 52.2466011047363 52.469295501709 52.8369216918945 52.6120300292969 52.1899681091309 52.5095176696777 52.8717460632324 53.2042427062988 53.1249008178711 53.6992683410645 53.8445739746094 53.6701278686523 53.9225540161133 54.3394622802734 54.5455055236816 54.688793182373 54.6291007995605 54.9445419311523 55.0033493041992 55.3703765869141 55.293327331543 55.5885963439941 55.6364440917969 56.3641510009766 56.0543327331543 56.261058807373 55.992618560791 56.5171508789062 56.7442855834961 57.0597229003906 57.0265235900879 56.5964889526367 57.1110572814941 57.4016532897949 57.544361114502 57.8880348205566 58.1519546508789 -3.4e+38 58.1297340393066 58.4004287719727 58.5648574829102 58.7801284790039 59.0745391845703 59.0470199584961
51.147045135498 51.4058265686035 52.2949638366699 52.3589973449707 52.3688430786133 52.3013648986816 52.7613716125488 52.9869194030762 52.3810043334961 52.5781059265137 52.951602935791 53.141674041748 53.0505409240723 53.1559677124023 52.8234405517578 53.6424789428711 53.6477355957031 53.9665222167969 54.559741973877 54.5375289916992 54.8287010192871 54.6720161437988 54.7384300231934 55.2911224365234 55.1909637451172 55.1337814331055 55.5120658874512 55.3682441711426 56.3687858581543 56.011791229248 56.2271347045898 56.7087249755859 57.065258026123 56.6647644042969 -3.4e+38 56.6585273742676 57.1466026306152 57.5560722351074 57.3931770324707 57.785270690918 57.9709510803223 57.8448715209961 58.1170692443848 58.3893623352051 58.6706085205078 58.2736701965332 58.9199905395508 58.929256439209 59.0194549560547
51.2878646850586 51.5567398071289 52.0628929138184 52.8304634094238 52.9850997924805 51.8788414001465 52.2550430297852 52.7631034851074 52.5456504821777 53.0727157592773 -3.4e+38 -3.4e+38 52.9999122619629 53.13427734375 52.7355461120605 53.3849067687988 53.9849014282227 54.3737449645996 54.7618637084961 54.7346420288086 54.8778343200684 54.983570098877 54.6866493225098 55.5601959228516 55.3159141540527 55.1172294616699 55.4664268493652 55.3468933105469 56.2636604309082 56.177303314209 56.5702209472656 56.8098602294922 57.0502815246582 56.6565055847168 57.2714805603027 57.1605072021484 57.7107124328613 57.9260330200195 57.4386901855469 57.7511901855469 57.7052001953125 58.0770835876465 58.3128700256348 58.8386878967285 58.6233978271484 58.5098838806152 59.1511001586914 58.9406509399414 59.0123405456543
51.6761131286621 51.7578582763672 -3.4e+38 52.6062889099121 52.7180137634277 51.876766204834 52.3850250244141 52.4296684265137 53.0826568603516 53.4494590759277 53.9113845825195 53.7103309631348 53.2419929504395 53.5006790161133 53.3685417175293 53.5613059997559 54.0915832519531 53.9995307922363 54.8488731384277 54.8719520568848 54.5703811645508 54.6606750488281 54.9466438293457 55.3023872375488 55.7285118103027 55.4058494567871 55.7445983886719 55.8405075073242 56.0330581665039 56.1941146850586 56.8721046447754 56.3403434753418 56.5877151489258 56.7995681762695 57.013557434082 57.310302734375 57.5447463989258 57.4170036315918 57.3664855957031 57.7097930908203 57.5585060119629 58.2530364990234 58.4539794921875 58.6638679504395 58.547492980957 58.6711044311523 58.8716468811035 58.9985809326172 59.1960792541504
51.9023284912109 51.9299125671387 -3.4e+38 -3.4e+38 -3.4e+38 52.2446060180664 52.7623977661133 52.6411590576172 53.5622749328613 53.825309753418 53.7365455627441 53.5322608947754 53.6958427429199 54.0331497192383 53.7354583740234 53.5784759521484 53.9508666992188 54.0909729003906 54.3392219543457 54.6107864379883 54.5504379272461 54.9709129333496 55.2647094726562 55.4823913574219 55.420337677002 55.4827079772949 55.9544677734375 55.8372573852539 55.8777084350586 56.220100402832 56.7211952209473 56.354434967041 56.6568489074707 -3.4e+38 57.3513793945312 57.054573059082 57.6925582885742 57.1105728149414 57.2312049865723 57.5734329223633 57.7959136962891 58.3279876708984 58.397819519043 58.4959907531738 58.5163497924805 58.3427581787109 58.497631072998 58.9121131896973 59.348388671875
51.6632652282715 51.8860855102539 51.9905128479004 -3.4e+38 -3.4e+38 52.3527946472168 53.2883491516113 52.5884780883789 53.3445167541504 53.5233268737793 53.6220779418945 53.6878623962402 53.7468452453613 54.0908088684082 54.0102462768555 53.8795509338379 54.1585731506348 54.3610382080078 54.4281997680664 54.5922012329102 54.8654937744141 55.2785186767578 55.4319877624512 55.6800498962402 55.4216079711914 55.6251678466797 55.7741241455078 55.542724609375 56.1318969726562 56.4478416442871 56.7188415527344 56.8038520812988 56.4876289367676 56.6482696533203 57.3127822875977 56.9218101501465 57.4129867553711 57.186149597168 57.3514175415039 57.6821136474609 57.8793487548828 58.4207191467285 58.608211517334 58.5615501403809 58.3869285583496 58.424877166748 58.8529510498047 59.0796508789062 59.4997482299805
51.7257385253906 52.0138092041016 52.1611785888672 51.9774894714355 52.62060546875 53.1986694335938 53.3639106750488 52.9435348510742 52.8866729736328 53.2611274719238 53.6118278503418 54.2613792419434 53.7061920166016 53.9786376953125 53.8625411987305 53.7524948120117 54.4940490722656 54.775318145752 54.7573928833008 54.4975090026855 55.1057968139648 55.1998596191406 55.2276840209961 55.4331245422363 55.3920478820801 55.4984550476074 55.742359161377 55.704906463623 56.4898262023926 56.2588539123535 56.528881072998 56.6380310058594 56.499267578125 57.2073364257812 57.2772445678711 57.0887451171875 57.4386711120605 57.2969207763672 57.5537261962891 57.7501449584961 57.8784713745117 58.4450836181641 58.7218780517578 58.6637191772461 58.5560989379883 58.7911071777344 58.9560470581055 59.3212585449219 59.6900177001953
52.0037460327148 52.3905944824219 52.5575218200684 52.0415458679199 53.4390525817871 53.3404426574707 53.1197128295898 53.0280456542969 53.1261749267578 53.6342086791992 53.3570671081543 53.8505477905273 53.6129989624023 53.9144859313965 53.6742324829102 53.7584609985352 54.4177055358887 54.7009620666504 54.7884979248047 55.0626983642578 54.7413902282715 55.3272399902344 55.0184936523438 55.239372253418 55.4085273742676 55.662181854248 56.0732307434082 55.755687713623 56.3500366210938 56.2486343383789 56.5636596679688 56.3735084533691 56.7340507507324 57.2599830627441 57.0629959106445 57.3495788574219 57.5467376708984 57.4184608459473 57.857479095459 58.0604476928711 58.0742034912109 58.6511497497559 58.3219299316406 58.3847618103027 58.6853790283203 58.8672409057617 59.1096992492676 59.4458465576172 59.7163391113281
52.5119552612305 52.6962814331055 52.5622634887695 52.4510154724121 52.6283912658691 53.1119575500488 53.378360748291 53.2243270874023 53.6162567138672 53.4960250854492 53.1678352355957 53.6866149902344 53.9778442382812 53.8908500671387 54.0122566223145 54.63525390625 54.3920364379883 54.2750701904297 54.7191619873047 55.124683380127 54.9981002807617 55.7122344970703 54.8712005615234 55.0611991882324 55.4715385437012 55.7337265014648 55.9749984741211 56.0193214416504 56.3183860778809 56.4181022644043 56.5167846679688 56.5037498474121 56.8765525817871 57.206169128418 56.9935989379883 57.1718940734863 57.3908042907715 57.4904975891113 57.717887878418 57.9913520812988 58.0785255432129 58.2820739746094 58.4065856933594 58.2729873657227 58.8463706970215 58.941577911377 59.2147827148438 59.0986824035645 59.3242225646973
52.777702331543 52.6322250366211 52.3070068359375 52.7334136962891 52.2508010864258 53.2731819152832 53.6764106750488 53.5409049987793 53.9944190979004 53.2207183837891 53.2849426269531 53.9944152832031 54.0676956176758 54.1612434387207 54.2939147949219 54.6999702453613 54.3887748718262 54.1850624084473 54.7646179199219 55.0397987365723 55.370002746582 55.525218963623 54.970344543457 55.2615280151367 55.1742134094238 55.8266716003418 55.8629608154297 56.1506996154785 56.1110191345215 56.6533508300781 56.5890617370605 56.8412322998047 57.1035614013672 57.0080223083496 57.161205291748 57.1530914306641 57.4336738586426 57.6025619506836 57.8945999145508 58.0341377258301 58.2707633972168 58.260498046875 58.3083839416504 58.3023147583008 58.4443778991699 58.7453804016113 59.0150718688965 59.0126800537109 59.5924758911133
53.0067672729492 52.4901542663574 52.177921295166 52.7102699279785 52.7039947509766 53.613094329834 53.8452072143555 53.6216659545898 53.8061637878418 53.6871376037598 53.7818870544434 54.0171661376953 54.1134300231934 54.433666229248 54.6658020019531 54.4016342163086 54.1754951477051 54.4297676086426 55.1042900085449 55.0028839111328 55.2212181091309 55.2491455078125 55.4047889709473 55.4802665710449 55.3291130065918 56.0202255249023 55.9939041137695 56.0609588623047 56.1076240539551 56.6255645751953 56.9033851623535 57.1100883483887 56.9608345031738 56.9250793457031 57.0814628601074 57.1388854980469 57.1827239990234 57.4430541992188 57.8719673156738 58.0334358215332 58.3059043884277 58.3609886169434 58.4772529602051 58.5420532226562 58.5278739929199 58.8558082580566 59.0342292785645 59.1187782287598 59.7400398254395
52.4264907836914 52.912223815918 53.1877098083496 53.2143440246582 53.1619720458984 53.6374397277832 53.0575561523438 53.1632843017578 53.4450416564941 53.8594360351562 54.2025985717773 54.5267715454102 53.9561080932617 54.1884155273438 54.1189994812012 53.8972816467285 54.5978851318359 54.9975128173828 55.266529083252 54.9897880554199 55.1578521728516 55.6955223083496 55.4510231018066 55.5293121337891 56.1943435668945 56.0888481140137 56.2059516906738 55.6631927490234 56.1931838989258 56.4663848876953 56.6501426696777 56.7042198181152 56.8749084472656 56.972095489502 57.5411338806152 57.5448532104492 57.4518852233887 57.8242797851562 57.9430923461914 58.0801239013672 58.258975982666 58.5573692321777 58.6437110900879 59.0007514953613 59.0679054260254 59.1953735351562 59.2095718383789 58.8456344604492 58.9832992553711
52.7092018127441 53.2360496520996 53.3155746459961 52.9244613647461 52.9063186645508 53.1127777099609 52.9278793334961 53.5952186584473 53.7542724609375 54.1270027160645 54.0050659179688 54.0445709228516 53.4629592895508 53.988353729248 54.4768028259277 54.4968757629395 54.8437995910645 55.0700149536133 54.9517936706543 55.325611114502 55.5835151672363 55.7554130554199 55.8570747375488 55.4429054260254 55.5081787109375 56.0057411193848 56.2800331115723 56.1689834594727 56.4469680786133 56.5628318786621 57.0488777160645 56.823917388916 56.6396102905273 56.7876014709473 57.3637962341309 57.6453552246094 57.6327743530273 57.9577522277832 57.8532524108887 58.1658744812012 58.4164695739746 58.0460662841797 58.7369232177734 58.9821929931641 59.1176681518555 59.2835121154785 59.3664894104004 58.9502487182617 58.5826110839844
52.7924385070801 53.4302558898926 52.7978706359863 52.8977241516113 52.9674110412598 53.1366157531738 53.3897247314453 53.9238967895508 54.1048316955566 53.9213676452637 54.1659660339355 53.8846778869629 53.8653450012207 54.4669532775879 54.8038787841797 54.8735961914062 54.898494720459 54.950626373291 54.8393707275391 55.4825973510742 55.2317085266113 55.6593780517578 55.8703727722168 55.9656829833984 55.8002281188965 55.689868927002 56.3709030151367 56.3492469787598 56.6603736877441 56.6342506408691 57.0151481628418 56.2916297912598 56.2713851928711 56.9870643615723 57.571834564209 57.595272064209 57.5468254089355 57.8861961364746 58.0984992980957 58.1914558410645 58.3198432922363 58.0936126708984 58.6316528320312 58.8368911743164 59.1203575134277 59.0637321472168 58.7000198364258 58.8732109069824 58.8531112670898
53.2564010620117 52.8614387512207 52.7357749938965 52.6775360107422 53.3964996337891 53.4936294555664 53.7053909301758 54.2865180969238 53.3565902709961 54.0115814208984 53.553897857666 53.4900512695312 54.4725799560547 54.2617034912109 54.915153503418 54.6084060668945 54.691780090332 54.8181991577148 54.6967086791992 55.1421279907227 55.5442771911621 55.9398002624512 55.888786315918 55.6288146972656 55.9089851379395 56.3139495849609 56.1518096923828 56.3461570739746 56.5008201599121 56.7900314331055 56.6874885559082 56.4957809448242 56.5262298583984 57.2995529174805 57.5671157836914 57.3626747131348 57.5508804321289 57.8357048034668 57.8028030395508 57.7560043334961 58.5193862915039 58.5793609619141 58.662425994873 58.9797477722168 59.0440483093262 58.8994026184082 59.0850982666016 58.6468620300293 59.4204177856445
53.0534744262695 52.9497566223145 53.2936782836914 52.6293525695801 53.0510063171387 53.9213218688965 54.3254127502441 53.8994255065918 53.3374214172363 54.0281867980957 53.4623527526855 53.4880065917969 54.4090766906738 54.4876251220703 55.0195083618164 54.6649589538574 55.0706405639648 54.8356704711914 55.2889137268066 55.4128723144531 55.4187316894531 55.4334602355957 55.8062705993652 55.6850967407227 56.1838188171387 56.3407440185547 56.232593536377 56.1399002075195 56.3812484741211 56.5683860778809 56.3844909667969 56.6834144592285 57.1482734680176 57.39111328125 57.6536979675293 57.8248291015625 58.1355018615723 57.9021530151367 57.623664855957 57.7328987121582 58.461597442627 58.4142112731934 58.6966323852539 58.9434394836426 59.1412925720215 58.9716529846191 59.6875152587891 59.3355522155762 59.5648460388184
53.1926155090332 52.8502388000488 53.7129096984863 52.8841400146484 53.1953582763672 53.5701713562012 54.2356452941895 53.5497589111328 53.5398292541504 53.9272727966309 53.8583755493164 54.2479820251465 54.8910942077637 54.5607757568359 54.7119369506836 54.2586708068848 54.5022315979004 54.8380889892578 55.2331962585449 55.7443046569824 55.3169555664062 55.2449417114258 55.7671813964844 55.8678550720215 55.9403610229492 56.1480903625488 56.4164924621582 56.1848030090332 56.3845367431641 56.5538711547852 56.3461761474609 56.7104949951172 57.4514656066895 57.5232467651367 57.5818023681641 58.124755859375 57.4879341125488 57.8046684265137 57.3255615234375 57.6380233764648 58.1088256835938 58.4094276428223 58.7859344482422 59.0876655578613 59.0991287231445 59.0386581420898 59.6887550354004 59.4671516418457 59.127628326416
