rcp4.5models/MPi_ESM_LR/sc1gr8.10
NCOLS 261 
NROWS 433 
XLLCORNER 336357.134 
YLLCORNER 654653.479 
CELLSIZE 1000 
NODATA_value -3.4e+38 
[rows 220 to 241 of 433, columns 196 to 244 of 261]
102.276252746582 101.628112792969 101.175872802734 100.530387878418 99.8654479980469 99.0115127563477 98.4476470947266 97.4105911254883 96.446533203125 95.795166015625 95.8448867797852 94.8133697509766 93.9802703857422 93.7884826660156 93.7006988525391 93.0625152587891 92.5222930908203 92.08203125 90.3994293212891 89.822624206543 89.8012084960938 89.0900039672852 88.4511184692383 88.1399688720703 87.9434432983398 87.2917938232422 86.6734848022461 -3.4e+38 85.3227844238281 84.8509063720703 83.3045806884766 83.0937576293945 -3.4e+38 -3.4e+38 -3.4e+38 -3.4e+38 -3.4e+38 -3.4e+38 -3.4e+38 -3.4e+38 -3.4e+38 -3.4e+38 -3.4e+38 -3.4e+38 -3.4e+38 -3.4e+38 -3.4e+38 -3.4e+38 -3.4e+38
103.059265136719 102.430793762207 102.161743164062 101.153839111328 100.446220397949 99.4756546020508 99.1518096923828 97.4912719726562 96.9581451416016 96.4606094360352 96.5114212036133 95.5615386962891 94.6162414550781 94.5589141845703 94.57666015625 93.8143997192383 93.1629104614258 92.797966003418 90.9101028442383 90.2615509033203 89.8811111450195 89.3559875488281 88.7489929199219 88.4441757202148 87.8707427978516 87.1796417236328 86.736686706543 -3.4e+38 85.7315063476562 85.4208450317383 83.6382446289062 83.6213302612305 -3.4e+38 -3.4e+38 -3.4e+38 -3.4e+38 -3.4e+38 -3.4e+38 -3.4e+38 -3.4e+38 -3.4e+38 -3.4e+38 -3.4e+38 -3.4e+38 -3.4e+38 -3.4e+38 -3.4e+38 -3.4e+38 -3.4e+38
103.848167419434 103.15177154541 102.545166015625 101.665214538574 100.925476074219 100.024772644043 99.5679168701172 98.3139266967773 97.7804107666016 97.3637008666992 96.8169021606445 96.300910949707 95.5904083251953 95.3524169921875 95.0231094360352 94.4077987670898 93.4350662231445 92.7479934692383 91.3303985595703 90.4737701416016 89.8855056762695 89.4016342163086 88.8498916625977 88.665885925293 -3.4e+38 -3.4e+38 -3.4e+38 -3.4e+38 85.8462600708008 85.653450012207 84.2174758911133 83.9946212768555 83.6113586425781 -3.4e+38 -3.4e+38 -3.4e+38 -3.4e+38 -3.4e+38 -3.4e+38 -3.4e+38 -3.4e+38 -3.4e+38 -3.4e+38 -3.4e+38 -3.4e+38 -3.4e+38 -3.4e+38 -3.4e+38 -3.4e+38
103.959968566895 103.48998260498 102.676292419434 102.167098999023 101.381553649902 100.858345031738 100.355834960938 98.8538513183594 98.0425796508789 97.6823806762695 97.0422210693359 97.1907348632812 96.3909378051758 95.5432510375977 94.8233947753906 94.2174682617188 93.6362533569336 92.6998291015625 91.5408477783203 90.60693359375 90.3120498657227 89.6208953857422 88.8177871704102 88.6376113891602 -3.4e+38 -3.4e+38 -3.4e+38 -3.4e+38 85.8285827636719 85.5328598022461 84.4533843994141 83.9859771728516 83.6070327758789 82.793083190918 82.5948638916016 -3.4e+38 -3.4e+38 -3.4e+38 -3.4e+38 -3.4e+38 -3.4e+38 -3.4e+38 -3.4e+38 -3.4e+38 -3.4e+38 -3.4e+38 -3.4e+38 -3.4e+38 -3.4e+38
104.234680175781 103.535614013672 102.778160095215 102.559349060059 101.506713867188 101.178749084473 100.814971923828 98.9352874755859 98.2800140380859 97.6066131591797 96.9346313476562 97.1876907348633 96.6829071044922 95.6794128417969 94.7188949584961 94.0745544433594 93.584342956543 92.8230285644531 91.4994659423828 90.699592590332 90.5277633666992 89.7625350952148 89.1174392700195 -3.4e+38 -3.4e+38 87.4434509277344 86.8031158447266 86.2714080810547 85.812255859375 85.4427261352539 84.443977355957 83.871452331543 83.4006042480469 82.7885818481445 82.4860076904297 81.6464462280273 81.1391677856445 -3.4e+38 -3.4e+38 -3.4e+38 -3.4e+38 -3.4e+38 -3.4e+38 -3.4e+38 -3.4e+38 -3.4e+38 -3.4e+38 -3.4e+38 -3.4e+38
104.452758789062 103.655883789062 102.890518188477 102.651161193848 101.697769165039 -3.4e+38 -3.4e+38 99.7195739746094 98.8204650878906 98.1163101196289 97.2484817504883 96.9561233520508 97.1407775878906 96.5424880981445 95.5015258789062 94.7608489990234 93.9926071166992 93.5263366699219 91.9310607910156 91.2925186157227 90.9728851318359 90.5034103393555 89.545036315918 88.758674621582 88.2819061279297 87.5966415405273 87.1178131103516 86.4298706054688 86.1328964233398 85.4311981201172 84.6145935058594 84.1288909912109 83.4320983886719 83.1278457641602 82.4102478027344 81.5935668945312 81.3990936279297 80.7436218261719 -3.4e+38 -3.4e+38 -3.4e+38 -3.4e+38 -3.4e+38 -3.4e+38 -3.4e+38 -3.4e+38 -3.4e+38 -3.4e+38 -3.4e+38
104.708992004395 104.308654785156 103.42391204834 102.80940246582 102.504402160645 102.231979370117 101.670959472656 101.591339111328 100.443222045898 98.9387664794922 98.3423538208008 97.4595947265625 97.1598892211914 96.5685806274414 96.0034942626953 95.257568359375 94.6227722167969 93.9622955322266 92.6844787597656 92.1121826171875 91.6316909790039 91.2363128662109 90.4852066040039 89.5134582519531 89.0054244995117 88.3645858764648 87.5651702880859 86.5419845581055 86.3657073974609 85.5968399047852 84.7350387573242 84.3683471679688 83.55517578125 83.3691024780273 82.5917510986328 81.9384689331055 81.4025497436523 80.7480850219727 -3.4e+38 -3.4e+38 -3.4e+38 -3.4e+38 -3.4e+38 -3.4e+38 -3.4e+38 -3.4e+38 -3.4e+38 -3.4e+38 -3.4e+38
105.360305786133 104.827041625977 104.207908630371 103.232192993164 103.28279876709 103.405235290527 102.932678222656 102.345054626465 100.98754119873 99.2088241577148 98.8729858398438 97.9525146484375 97.3654937744141 96.4145965576172 95.9494476318359 95.3375396728516 94.8263397216797 94.0842666625977 93.1447143554688 92.6861114501953 91.8486251831055 91.3102645874023 91.0386962890625 90.478157043457 89.6857299804688 88.837287902832 87.9972457885742 87.1938018798828 86.6919174194336 85.9399719238281 84.7271194458008 84.3636932373047 83.5501403808594 83.3672637939453 82.7196426391602 82.1822814941406 81.5877456665039 81.1006240844727 80.5224075317383 -3.4e+38 -3.4e+38 -3.4e+38 -3.4e+38 -3.4e+38 -3.4e+38 -3.4e+38 -3.4e+38 -3.4e+38 -3.4e+38
106.007453918457 105.746139526367 105.44652557373 105.017807006836 104.672698974609 104.157997131348 104.0859375 101.534339904785 100.652755737305 99.4496536254883 99.0692138671875 98.5351943969727 97.7907562255859 96.8140716552734 96.0597381591797 95.6068496704102 94.779655456543 94.1703491210938 93.2356262207031 92.9016799926758 91.8168716430664 91.2014236450195 90.983642578125 90.8299331665039 89.9130477905273 88.8187026977539 88.1943206787109 87.6741333007812 87.1030960083008 86.5484390258789 84.9511337280273 84.3603134155273 83.5463333129883 83.2594528198242 82.513313293457 82.1841506958008 81.6101913452148 81.1409606933594 80.5270614624023 80.1566619873047 -3.4e+38 -3.4e+38 -3.4e+38 -3.4e+38 -3.4e+38 -3.4e+38 -3.4e+38 -3.4e+38 -3.4e+38
106.784957885742 106.946464538574 106.643844604492 106.754745483398 106.617866516113 104.018173217773 103.641410827637 103.827209472656 102.52368927002 101.30322265625 100.625717163086 99.4248504638672 98.7709426879883 97.6784591674805 96.7372817993164 96.2603607177734 95.407585144043 94.8156204223633 93.5197677612305 92.8688430786133 91.9522018432617 91.4982452392578 90.9556503295898 90.8055953979492 89.8935623168945 88.9703750610352 88.5094451904297 87.6606979370117 87.2193756103516 86.8727569580078 85.4638061523438 84.3841018676758 -3.4e+38 -3.4e+38 -3.4e+38 -3.4e+38 81.5394744873047 81.0019607543945 80.5335006713867 80.1650619506836 79.3411483764648 77.9824295043945 -3.4e+38 -3.4e+38 -3.4e+38 -3.4e+38 -3.4e+38 -3.4e+38 -3.4e+38
107.844039916992 107.608116149902 106.962448120117 106.412727355957 106.128440856934 104.375839233398 104.146423339844 105.849334716797 105.226318359375 103.087173461914 103.52661895752 101.427314758301 99.6358413696289 98.6987152099609 97.6367416381836 96.8837509155273 96.1518783569336 95.5580368041992 94.0377197265625 93.3091735839844 92.6829376220703 91.9288330078125 90.929573059082 90.7831115722656 89.8758697509766 89.0798416137695 88.7422866821289 87.8174667358398 87.5410614013672 87.0363922119141 85.7150497436523 84.694953918457 -3.4e+38 -3.4e+38 -3.4e+38 -3.4e+38 -3.4e+38 81.0082550048828 80.5409698486328 80.175537109375 79.3491821289062 78.1074295043945 77.5708465576172 -3.4e+38 -3.4e+38 -3.4e+38 -3.4e+38 -3.4e+38 -3.4e+38
109.026779174805 109.01099395752 109.742546081543 110.889251708984 109.089851379395 107.414184570312 106.898460388184 104.852851867676 103.476539611816 102.230621337891 101.417785644531 101.184837341309 99.9302444458008 98.8778991699219 99.0055618286133 97.3564682006836 95.9861526489258 95.5841751098633 94.3702163696289 93.9344100952148 93.1161880493164 92.5185928344727 92.0166397094727 91.3709335327148 90.8230895996094 90.118522644043 89.3434066772461 88.718376159668 87.6639556884766 86.9380416870117 85.7121505737305 -3.4e+38 -3.4e+38 -3.4e+38 -3.4e+38 -3.4e+38 -3.4e+38 -3.4e+38 -3.4e+38 -3.4e+38 79.370735168457 78.1772079467773 77.9032440185547 76.9315872192383 -3.4e+38 -3.4e+38 -3.4e+38 -3.4e+38 -3.4e+38
109.659912109375 110.531143188477 111.845329284668 112.327018737793 110.715087890625 108.066879272461 107.671485900879 105.714500427246 103.774719238281 102.620384216309 101.124870300293 100.631195068359 99.8533096313477 98.9230117797852 99.368896484375 97.7550201416016 96.1047973632812 95.757926940918 94.7807388305664 94.1552352905273 93.2517852783203 92.8167877197266 92.1572952270508 91.7196197509766 90.8942260742188 90.3533477783203 89.9099349975586 89.1549530029297 88.3011093139648 87.1067886352539 85.6676635742188 85.237907409668 -3.4e+38 -3.4e+38 -3.4e+38 -3.4e+38 -3.4e+38 -3.4e+38 -3.4e+38 -3.4e+38 -3.4e+38 78.1909637451172 78.010124206543 77.1275787353516 76.1351470947266 75.5419692993164 -3.4e+38 -3.4e+38 -3.4e+38
110.052543640137 111.994720458984 113.290603637695 109.945098876953 109.235221862793 108.052764892578 107.50366973877 106.667793273926 103.832786560059 103.286506652832 102.260314941406 -3.4e+38 100.029777526855 99.1888961791992 98.8765258789062 97.8102493286133 96.7973175048828 96.3433609008789 95.3047256469727 94.4946441650391 93.6687698364258 93.2016296386719 92.5802612304688 91.948616027832 91.0403060913086 90.7880249023438 90.1460800170898 89.1903305053711 88.6186676025391 87.6925811767578 85.6333618164062 -3.4e+38 -3.4e+38 -3.4e+38 -3.4e+38 -3.4e+38 82.3467025756836 -3.4e+38 -3.4e+38 -3.4e+38 -3.4e+38 78.2056427001953 -3.4e+38 77.0644302368164 76.422981262207 -3.4e+38 -3.4e+38 -3.4e+38 -3.4e+38
110.416923522949 111.244743347168 111.496017456055 109.252883911133 108.464500427246 108.019470214844 107.425140380859 106.242118835449 104.37255859375 103.405059814453 103.743278503418 103.34886932373 100.179039001465 99.4881973266602 98.7576293945312 98.0352096557617 97.3949890136719 96.9794998168945 95.6727828979492 95.172966003418 94.3631134033203 93.939323425293 93.1283950805664 92.3094711303711 91.4691772460938 90.9154357910156 89.9240646362305 89.2241287231445 88.7825393676758 87.9455490112305 86.3184661865234 85.7230453491211 84.8599243164062 84.3374328613281 -3.4e+38 82.9420700073242 82.444580078125 81.7201690673828 80.8855133056641 -3.4e+38 -3.4e+38 78.2212448120117 77.8655853271484 -3.4e+38 76.6231842041016 -3.4e+38 74.9610214233398 -3.4e+38 -3.4e+38
110.448425292969 110.390602111816 110.093978881836 109.934295654297 108.994346618652 107.720993041992 107.236892700195 106.281791687012 105.514923095703 103.793548583984 103.6630859375 103.725898742676 100.989456176758 99.8731994628906 99.2365188598633 98.7051696777344 97.7908325195312 97.1940155029297 96.0816421508789 95.6317825317383 95.0209579467773 -3.4e+38 93.515251159668 93.0103073120117 92.0298004150391 91.0483856201172 89.9150619506836 89.6642379760742 89.0237274169922 88.1059112548828 86.8220596313477 86.0782318115234 85.2239990234375 84.3427581787109 83.7157135009766 83.1914215087891 82.6230316162109 82.1622619628906 -3.4e+38 -3.4e+38 -3.4e+38 78.1304931640625 77.6662521362305 77.0443267822266 76.6711654663086 -3.4e+38 74.9816741943359 74.3156051635742 -3.4e+38
110.646659851074 110.731803894043 111.069442749023 110.41682434082 109.402816772461 107.721900939941 107.070686340332 106.825248718262 105.988761901855 104.865257263184 103.403274536133 102.520782470703 101.512336730957 100.511123657227 99.9104766845703 99.3271560668945 98.2001190185547 97.3166351318359 96.455192565918 96.0433502197266 95.244873046875 94.549072265625 93.9364929199219 93.3244247436523 -3.4e+38 91.9052886962891 90.9045257568359 90.0253982543945 88.9648361206055 88.5511093139648 86.9862365722656 86.5428085327148 85.610107421875 84.6522750854492 83.8418273925781 83.1997909545898 82.6452178955078 82.1973876953125 -3.4e+38 80.4512786865234 -3.4e+38 -3.4e+38 77.5365829467773 -3.4e+38 -3.4e+38 -3.4e+38 75.1727752685547 74.1165924072266 -3.4e+38
111.681625366211 111.027198791504 110.852615356445 110.335304260254 109.515731811523 108.42854309082 107.664939880371 106.875030517578 106.112716674805 104.982635498047 103.89884185791 -3.4e+38 102.037643432617 101.376693725586 100.868804931641 99.5258560180664 98.5743179321289 98.0164184570312 96.7530364990234 96.3608856201172 95.6949005126953 95.1813354492188 94.1652603149414 -3.4e+38 92.85302734375 92.5810012817383 92.0398712158203 90.7083435058594 89.4751281738281 88.6869125366211 87.4362487792969 86.7900161743164 85.7024612426758 84.9992980957031 84.1826095581055 83.3736953735352 82.9196166992188 82.0549468994141 81.3792114257812 80.7181625366211 79.7545318603516 -3.4e+38 -3.4e+38 -3.4e+38 -3.4e+38 -3.4e+38 -3.4e+38 74.6342010498047 73.9265518188477
112.623886108398 111.110977172852 110.2041015625 109.862014770508 109.224670410156 108.519905090332 108.033058166504 107.211517333984 106.842651367188 104.662956237793 104.033294677734 103.181266784668 102.316101074219 101.532127380371 100.877388000488 99.9472045898438 99.0468521118164 98.4712295532227 97.1992263793945 96.5653991699219 96.3535842895508 95.8343048095703 94.9435653686523 94.1122970581055 93.2404937744141 92.9044342041016 92.17724609375 91.1510925292969 90.0027618408203 89.1159362792969 87.5749664306641 86.575569152832 85.8700942993164 85.4277954101562 84.6532745361328 83.9819107055664 82.9515991210938 82.0671844482422 81.4353332519531 80.907958984375 79.9741134643555 -3.4e+38 -3.4e+38 -3.4e+38 -3.4e+38 -3.4e+38 -3.4e+38 75.1078262329102 74.0083923339844
113.15266418457 111.800155639648 110.897666931152 109.988502502441 109.218139648438 108.484222412109 108.016143798828 107.365928649902 107.020408630371 105.286201477051 104.195724487305 103.537567138672 102.380073547363 101.723327636719 101.133163452148 100.474952697754 99.4091262817383 98.9005355834961 97.5717926025391 96.9732894897461 96.7309646606445 96.5894622802734 96.2272720336914 95.0903625488281 94.1498794555664 93.9734878540039 92.7748413085938 91.1488037109375 90.2425231933594 89.8187484741211 87.7412948608398 86.5784530639648 86.2183380126953 85.6170883178711 85.199462890625 84.4601440429688 83.0598220825195 82.1373519897461 81.5686416625977 80.9226150512695 80.0065307617188 -3.4e+38 77.3615493774414 76.923454284668 -3.4e+38 -3.4e+38 -3.4e+38 -3.4e+38 74.206169128418
113.522819519043 112.655822753906 111.572662353516 110.36548614502 109.498008728027 108.992774963379 108.22412109375 106.91478729248 106.352958679199 105.544723510742 104.363708496094 103.82258605957 103.234375 102.335876464844 101.720100402832 101.254501342773 100.321479797363 99.5381774902344 97.9765548706055 97.3458023071289 -3.4e+38 96.910530090332 96.5229721069336 95.5227127075195 94.6010589599609 94.0853424072266 92.8142547607422 91.302116394043 90.6804046630859 90.0627822875977 88.1978759765625 87.271598815918 86.3899765014648 85.5790405273438 85.4493789672852 84.7190780639648 83.8746185302734 82.787483215332 81.6663131713867 80.8320083618164 79.9654006958008 78.7687377929688 77.6134185791016 77.0764999389648 -3.4e+38 -3.4e+38 -3.4e+38 -3.4e+38 74.2106323242188
114.091575622559 113.469650268555 111.92943572998 110.726081848145 109.84008026123 109.293502807617 108.376876831055 107.340393066406 106.827453613281 105.837532043457 105.25560760498 104.36311340332 103.657035827637 103.187240600586 102.666915893555 101.940788269043 100.729965209961 -3.4e+38 98.5103759765625 97.7580795288086 -3.4e+38 96.808952331543 96.4887313842773 95.8274307250977 94.3714294433594 93.5706939697266 92.983512878418 92.0814361572266 91.1572494506836 90.0658416748047 88.5073547363281 87.8154296875 86.6449584960938 85.5858764648438 85.6169815063477 85.179931640625 84.2230224609375 83.1238250732422 82.1021347045898 81.2791366577148 80.2842025756836 78.8164443969727 78.0623550415039 -3.4e+38 -3.4e+38 -3.4e+38 -3.4e+38 74.7161407470703 73.9368591308594
