rcp4.5models/MPi_ESM_LR/sc1gr6.11
NCOLS 261 
NROWS 433 
XLLCORNER 336357.134 
YLLCORNER 654653.479 
CELLSIZE 1000 
NODATA_value -3.4e+38 
[rows 220 to 241 of 433, columns 49 to 97 of 261]
1278.60522460938 1280.947265625 1280.87109375 1278.17419433594 1279.03588867188 1278.58618164062 1276.71032714844 1273.22631835938 1272.92712402344 1270.90991210938 1267.03845214844 1265.14392089844 1267.16809082031 1267.60864257812 1266.29089355469 1266.13525390625 1266.93481445312 1265.59606933594 1261.3720703125 1262.21984863281 1264.85571289062 1266.17553710938 1270.25329589844 1268.8173828125 1268.03759765625 1268.490234375 1270.12487792969 1268.69519042969 1267.54821777344 1269.11389160156 1267.20678710938 1267.27917480469 1268.09045410156 1270.93493652344 1271.46484375 1270.26416015625 1271.42761230469 1275.6865234375 1282.12817382812 1290.51708984375 1295.068359375 1301.85998535156 1303.99035644531 1308.45336914062 1309.95654296875 1310.66857910156 1313.60168457031 1317.46374511719 1322.18005371094
1291.9814453125 1290.99072265625 1290.40405273438 1289.00451660156 1290.970703125 1292.35119628906 1287.37219238281 1283.39013671875 1280.99841308594 1276.68981933594 1274.56494140625 1273.51354980469 1273.63256835938 1273.3359375 1272.46020507812 1275.31140136719 1275.66674804688 1271.46545410156 1265.76232910156 1267.68420410156 1270.88122558594 1272.21923828125 1274.99377441406 1273.15563964844 1273.81774902344 1276.92602539062 1279.21044921875 1275.56335449219 1273.98413085938 1278.67590332031 1278.7734375 1277.298828125 1276.69653320312 1276.36157226562 1278.06823730469 1277.79638671875 1279.52893066406 1283.63757324219 1290.28796386719 1296.69885253906 1300.4736328125 1318.21936035156 1318.78552246094 1316.98217773438 1319.62451171875 1320.64147949219 1324.35314941406 1326.52001953125 1330.28979492188
1304.71948242188 1305.45910644531 1304.77014160156 1303.66870117188 1301.91418457031 1303.52612304688 1299.83764648438 1292.02160644531 1287.71240234375 1286.05834960938 1287.31066894531 1285.80224609375 1284.64953613281 1284.91198730469 1283.47839355469 1283.26940917969 1280.34985351562 1275.24926757812 1272.5419921875 1274.47131347656 1277.37536621094 1280.27099609375 1280.30444335938 1277.59020996094 1280.36462402344 1284.72399902344 1286.38793945312 1284.57067871094 1282.73107910156 1287.30725097656 1287.61865234375 1285.43005371094 1284.447265625 1283.84912109375 1285.41735839844 1285.40161132812 1289.05737304688 1294.3203125 1298.73559570312 1302.95715332031 1305.96081542969 1327.2119140625 1332.43359375 1328.04602050781 1326.94775390625 1334.73767089844 1351.61633300781 1337.9599609375 1341.57104492188
1319.66101074219 1320.46691894531 1318.79748535156 1318.14575195312 1316.53186035156 1314.09423828125 1312.3798828125 1300.26428222656 1297.40014648438 1298.33410644531 1298.10888671875 1296.29455566406 1296.04211425781 1296.09265136719 1293.54064941406 1291.14868164062 1286.48095703125 1282.83728027344 1281.77697753906 1282.43078613281 1286.30346679688 1287.6259765625 1286.31469726562 1286.43615722656 1290.88891601562 1293.29125976562 1294.73388671875 1293.63269042969 1291.08911132812 1296.86413574219 1293.337890625 1292.56713867188 1292.27587890625 1292.947265625 1295.1318359375 1294.63330078125 1300.10229492188 1303.65661621094 1306.71789550781 1311.63586425781 1313.84948730469 1329.16748046875 1334.0029296875 1337.05798339844 1334.45983886719 1351.92724609375 1387.16088867188 1355.97119140625 1352.23901367188
1337.41931152344 1334.66149902344 1334.33178710938 1331.54321289062 1327.5673828125 1324.32312011719 1320.39306640625 1310.19323730469 1309.40441894531 1308.98132324219 1306.21118164062 1303.96057128906 1304.45751953125 1303.58752441406 1299.74389648438 1297.02685546875 1293.70971679688 1289.63696289062 1288.62438964844 1290.302734375 1293.68103027344 1293.86511230469 1294.32763671875 1297.05310058594 1299.27111816406 1300.42907714844 1301.07849121094 1299.85632324219 1300.20483398438 1307.10827636719 1302.5712890625 1301.62121582031 1301.56506347656 1302.43933105469 1304.95129394531 1304.81909179688 1308.41687011719 1311.81750488281 1316.25073242188 1319.70764160156 1322.65747070312 1334.8408203125 1335.39965820312 1339.95935058594 1341.38269042969 1352.92749023438 1372.85827636719 1357.87365722656 1358.72399902344
1355.34204101562 1350.53881835938 1347.54296875 1343.693359375 1339.0830078125 1334.01416015625 1328.06323242188 1323.49755859375 1321.65991210938 1320.56176757812 1318.53283691406 1316.94421386719 1313.12268066406 1309.59997558594 1306.42907714844 1303.31872558594 1300.84155273438 1296.02062988281 1297.78125 1298.82702636719 1299.29858398438 1299.85290527344 1303.17749023438 1306.10375976562 1309.01647949219 1308.806640625 1308.29797363281 1308.19836425781 1312.32458496094 1317.19958496094 1313.39599609375 1309.38415527344 1309.9609375 1312.05603027344 1314.0283203125 1315.638671875 1317.837890625 1322.26953125 1325.74291992188 1328.80261230469 1332.37939453125 1341.03442382812 1342.44775390625 1346.32739257812 1348.32299804688 1351.64501953125 1355.53881835938 -3.4e+38 1366.22900390625
1369.45056152344 1362.85656738281 1358.63903808594 1354.90966796875 1350.25329589844 1343.10595703125 1338.58129882812 1335.29272460938 1334.53845214844 1332.80847167969 1329.87365722656 1326.87426757812 1320.19250488281 1315.86010742188 1314.43286132812 1309.7099609375 1306.54223632812 1304.23669433594 1306.74755859375 1306.4150390625 1308.01342773438 1310.19982910156 1313.146484375 1315.84448242188 1320.19055175781 1317.52978515625 1316.9326171875 1319.3740234375 1323.58032226562 1326.03259277344 1322.15234375 1319.53149414062 1320.15661621094 1323.791015625 1322.94470214844 1326.66442871094 1329.84899902344 1332.13305664062 1335.91857910156 1339.47375488281 1341.27087402344 1350.15966796875 1351.576171875 1353.82482910156 1355.62841796875 1359.421875 1363.35632324219 1366.61083984375 1370.98352050781
1382.41613769531 1374.29370117188 1368.91918945312 1365.83361816406 1358.8271484375 1351.34875488281 1348.34545898438 1346.56213378906 1342.26611328125 1342.56201171875 1341.51892089844 1337.67126464844 1326.63269042969 1324.10241699219 1321.8984375 1315.697265625 1313.92236328125 1317.2451171875 1318.68005371094 1318.47082519531 1321.26708984375 1323.37060546875 1324.06945800781 1325.28930664062 1328.23046875 1326.34692382812 1328.1708984375 1329.50671386719 1331.85864257812 1334.08581542969 1331.4580078125 1331.35815429688 1331.74523925781 1335.47021484375 1334.30017089844 1337.12194824219 1340.40734863281 1343.16235351562 1347.10717773438 1348.15075683594 1352.55883789062 1358.87438964844 1361.46276855469 1362.62817382812 1377.18078613281 1397.59155273438 1374.78637695312 1375.556640625 1377.98803710938
1395.03930664062 1384.50122070312 1379.33813476562 1376.11291503906 1366.5654296875 1361.52038574219 1360.23962402344 1353.61499023438 1351.95812988281 1351.74731445312 1352.61877441406 1346.17553710938 1333.91320800781 1333.65051269531 1331.03674316406 1324.64611816406 1324.31274414062 1332.12316894531 1331.60131835938 1329.6640625 1332.26550292969 1333.34741210938 1332.09777832031 1334.26330566406 1334.78381347656 1335.60388183594 1337.88232421875 1338.49609375 1340.4970703125 1344.57604980469 1343.40905761719 1341.01025390625 1341.98449707031 1345.57641601562 1346.86828613281 1349.86413574219 1351.91955566406 1354.06372070312 1357.62280273438 1358.93176269531 1363.25915527344 1368.26806640625 1373.41833496094 1374.0908203125 1384.05981445312 1399.82641601562 1384.72241210938 1386.35424804688 1387.75756835938
1402.81396484375 1390.83044433594 1386.72314453125 1381.74096679688 1375.62976074219 1375.29809570312 1374.05432128906 1365.65844726562 1361.73071289062 1360.33862304688 1361.17346191406 1355.33374023438 1342.91650390625 1340.18896484375 1339.05322265625 1331.4873046875 1331.78430175781 1339.62536621094 1339.44299316406 1338.025390625 1342.10876464844 1342.21374511719 1341.35498046875 1342.45471191406 1343.69958496094 1346.36572265625 1347.36474609375 1348.73547363281 1350.88159179688 1353.89599609375 1355.16101074219 1352.60327148438 1352.72253417969 1356.28967285156 1357.72900390625 1361.59289550781 1364.65454101562 1363.89831542969 1367.29321289062 1369.74450683594 1372.77905273438 1378.23071289062 1383.95666503906 1383.42297363281 1384.84777832031 1391.19934082031 1393.29504394531 1395.48132324219 1397.16967773438
1408.98486328125 1397.16711425781 1394.33544921875 1391.03845214844 1387.17919921875 1387.84851074219 1385.83227539062 1379.29382324219 1371.50634765625 1365.58532714844 1363.619140625 1359.74182128906 1351.35119628906 1346.69860839844 1345.70910644531 1339.26733398438 1341.11511230469 1347.32836914062 1345.15075683594 1346.84716796875 1350.59631347656 1350.67944335938 1352.041015625 1352.37622070312 1355.00439453125 1356.85827636719 1357.42199707031 1359.70983886719 1361.58288574219 1363.38244628906 1365.01672363281 1365.8232421875 1364.17150878906 1367.4248046875 1369.22399902344 1371.419921875 1373.78527832031 1375.63000488281 1379.77099609375 1382.26171875 1383.91516113281 1389.25561523438 1391.48425292969 1391.79406738281 1394.72045898438 1400.15161132812 1401.53247070312 1404.43688964844 1407.42102050781
1417.47790527344 1416.84973144531 1415.83251953125 1414.21276855469 1408.47863769531 1401.64196777344 1400.78784179688 1392.66516113281 1384.07202148438 1376.95349121094 1373.19006347656 1371.1728515625 1369.61206054688 1365.90405273438 1361.05908203125 1358.85034179688 1360.34765625 1363.64208984375 -3.4e+38 -3.4e+38 1368.498046875 1371.29760742188 1373.79931640625 1375.30981445312 1373.85119628906 1374.10192871094 1375.69775390625 1378.20532226562 1379.44616699219 1383.00170898438 1384.03991699219 1385.46508789062 1388.80871582031 1391.90747070312 1394.43981933594 1396.09020996094 1399.787109375 1403.45764160156 1405.97216796875 1407.68359375 1409.93774414062 1413.52368164062 1412.47082519531 1416.42224121094 1419.47131347656 1421.20812988281 1422.52990722656 1425.15319824219 1427.70483398438
1423.72827148438 1426.40673828125 1425.54125976562 1420.90869140625 1415.11779785156 1407.11047363281 1402.99951171875 1396.24584960938 1389.234375 1384.82995605469 1381.45959472656 1382.50085449219 1381.80517578125 1376.43823242188 1372.73559570312 1369.57238769531 1370.91796875 1375.47058105469 1375.30114746094 1375.48059082031 1376.43090820312 1379.13635253906 1383.3564453125 1384.18994140625 1382.02709960938 1384.23779296875 1386.279296875 1388.94226074219 1389.86950683594 1395.18481445312 1398.08447265625 1397.50524902344 1400.529296875 1403.42761230469 1406.16796875 1408.85375976562 1412.1591796875 1414.22875976562 1416.17065429688 1418.37963867188 1422.11108398438 1423.43798828125 1424.7734375 1429.50756835938 1432.31811523438 1433.97778320312 1436.23388671875 1438.22766113281 1439.33020019531
1433.25805664062 1430.97595214844 1430.84533691406 1427.59143066406 1419.26794433594 1412.35266113281 1407.08276367188 1401.29113769531 1398.57348632812 1395.22143554688 1391.86804199219 1391.54943847656 1389.04797363281 1386.17077636719 1384.18298339844 1382.14892578125 1380.83288574219 1383.162109375 1386.32568359375 1385.67199707031 1386.42407226562 1388.84191894531 1393.20031738281 1396.57885742188 1397.39587402344 1398.6279296875 1401.56457519531 1404.71313476562 1404.97619628906 1409.25598144531 1413.28759765625 1412.37182617188 1412.45043945312 1415.69287109375 1416.86901855469 1419.76452636719 1423.79479980469 1425.80749511719 1428.73608398438 1430.93725585938 1433.99523925781 1434.37219238281 1436.55517578125 1440.34362792969 1442.6650390625 1444.47277832031 1448.20483398438 1451.48364257812 1453.55847167969
1439.32287597656 1436.42578125 1430.42504882812 1425.75598144531 1423.21374511719 1418.10803222656 1415.22583007812 1409.35205078125 1406.95239257812 1405.04272460938 1402.85400390625 1399.29821777344 1398.23779296875 1397.61254882812 1397.76025390625 1395.9716796875 1394.76916503906 1395.26135253906 1397.8193359375 1399.59167480469 1400.484375 1401.18933105469 1404.18664550781 1408.48999023438 1413.36853027344 1415.76049804688 1418.03540039062 1420.63562011719 1417.96142578125 1423.30932617188 1426.05126953125 1429.49731445312 1430.03479003906 1431.21862792969 1431.1572265625 -3.4e+38 1435.49755859375 1439.56555175781 1442.20251464844 1443.63879394531 1445.29235839844 1445.96252441406 1448.75671386719 1450.68029785156 1452.48254394531 1455.85876464844 1458.57189941406 1462.7568359375 1465.60400390625
1442.70886230469 1441.06176757812 1433.61962890625 1430.08801269531 1429.19384765625 1425.68774414062 1423.87658691406 1423.22302246094 1419.0576171875 1414.24462890625 1416.51684570312 1417.66052246094 1416.48474121094 1416.49353027344 1415.22399902344 1412.23376464844 1411.83752441406 1414.30810546875 1416.38879394531 1417.07153320312 1416.59045410156 1417.49768066406 1419.892578125 1422.93029785156 1427.98034667969 1431.451171875 1433.44116210938 1435.58471679688 1433.19055175781 1438.45239257812 1439.67517089844 1442.60534667969 1447.56945800781 1449.79504394531 1445.9267578125 -3.4e+38 -3.4e+38 1450.48620605469 1452.66857910156 1454.38208007812 1456.12219238281 1458.04028320312 1460.58349609375 1462.10974121094 1465.77709960938 1468.55346679688 1469.92602539062 1475.11486816406 1476.94201660156
1446.41931152344 1442.14196777344 1437.15075683594 1437.75256347656 1436.37524414062 1433.84045410156 1434.75256347656 1435.0400390625 1432.8955078125 1426.42370605469 1426.52270507812 1430.841796875 1428.77270507812 1428.60412597656 1428.16589355469 1426.30676269531 1425.2197265625 1425.03527832031 1427.09436035156 1427.52075195312 1428.3583984375 1430.4609375 1433.36535644531 1435.75756835938 1441.00341796875 1444.70190429688 1446.94909667969 1450.35729980469 1451.49267578125 1453.63793945312 1455.98828125 1457.27038574219 1460.82897949219 1462.63049316406 -3.4e+38 -3.4e+38 1461.30700683594 -3.4e+38 -3.4e+38 1466.58959960938 1468.35205078125 1471.81103515625 1473.28588867188 1475.43115234375 1479.26708984375 1481.95532226562 1483.15893554688 1484.6767578125 1487.16967773438
1446.60424804688 1444.19921875 1442.71228027344 1443.66076660156 1447.01928710938 1449.50170898438 1449.9384765625 1446.69128417969 1446.611328125 1440.35717773438 1435.24291992188 1437.18212890625 1437.05444335938 1435.962890625 1436.41613769531 1434.84216308594 1435.92785644531 1437.54064941406 1437.07568359375 1437.59753417969 1439.73120117188 1444.48547363281 1447.91271972656 1449.30798339844 1451.02490234375 1456.14819335938 1459.01623535156 1462.82116699219 1466.59069824219 1470.43823242188 1472.15393066406 1473.95080566406 1473.46411132812 1476.44091796875 -3.4e+38 -3.4e+38 -3.4e+38 1478.67651367188 1481.24938964844 1483.37060546875 1483.60485839844 1485.93420410156 1486.87524414062 1488.92602539062 1491.69970703125 1494.69812011719 1495.36291503906 1495.232421875 1498.71472167969
1448.25012207031 1448.92785644531 1449.85803222656 1452.23999023438 1455.78100585938 1458.99047851562 1460.11853027344 1458.34985351562 1457.11828613281 1453.60375976562 1450.6796875 1449.62768554688 1447.81848144531 1449.11584472656 1446.68127441406 1446.11730957031 1449.91967773438 1452.66162109375 1454.14758300781 1453.67395019531 1455.41577148438 1459.64379882812 1462.45959472656 1464.00610351562 1462.73657226562 1467.94812011719 1472.65026855469 1477.34729003906 1480.75598144531 1486.41125488281 1487.86499023438 1489.27392578125 1488.84680175781 1491.49279785156 -3.4e+38 -3.4e+38 1491.67663574219 1492.57470703125 1494.24060058594 1498.35986328125 1500.60241699219 1500.87829589844 1501.74499511719 1503.05590820312 1503.65124511719 1505.11767578125 1507.06994628906 1508.32836914062 1511.18151855469
1453.765625 1454.61730957031 1457.203125 1462.56530761719 1464.47668457031 1464.35070800781 1465.13122558594 1466.00854492188 1464.00366210938 1461.89428710938 1460.71911621094 1460.41345214844 1460.72302246094 1463.45007324219 1462.55871582031 1462.62219238281 1466.61706542969 1468.90673828125 1470.85632324219 1471.13818359375 1471.69897460938 1475.51257324219 1477.94995117188 1479.43469238281 1478.12036132812 1479.64013671875 1483.7578125 1487.89392089844 1493.53747558594 1501.28283691406 1506.52197265625 1507.86450195312 1506.34875488281 1506.65856933594 1503.17248535156 -3.4e+38 1505.78735351562 1508.63671875 1507.31262207031 1509.21398925781 1514.42944335938 1515.44970703125 1516.3779296875 1518.39770507812 1517.630859375 1518.79077148438 1519.74914550781 1520.45495605469 1522.90686035156
1458.73742675781 1461.56665039062 1465.81787109375 1470.82958984375 1471.64245605469 1473.25451660156 1471.87268066406 1469.50109863281 1469.48022460938 1471.27722167969 1472.68249511719 1470.85119628906 1471.36315917969 1474.72192382812 1476.5078125 1477.31384277344 1480.6689453125 1482.01330566406 1484.43103027344 1486.40844726562 1488.05590820312 1492.32885742188 1494.88110351562 1495.79077148438 1494.98889160156 1496.72802734375 1497.09973144531 1498.10778808594 1502.86120605469 1514.78784179688 1521.02697753906 1524.53015136719 1523.3212890625 1522.4228515625 1520.07299804688 1517.74389648438 -3.4e+38 1523.85571289062 1524.03234863281 1523.26354980469 1526.95971679688 1530.71313476562 1529.75854492188 1531.62536621094 1532.87854003906 1533.08728027344 1534.94738769531 1536.19982910156 1535.33654785156
1468.60656738281 1471.86242675781 1475.2431640625 1479.04272460938 1480.75927734375 1480.1904296875 1477.32507324219 1478.75341796875 1479.74133300781 1481.79418945312 1483.27978515625 1483.7216796875 1484.94067382812 1485.63317871094 1484.30224609375 1486.03088378906 1488.9208984375 1489.85217285156 1496.88305664062 1501.20141601562 1502.30737304688 1504.603515625 1508.86865234375 1511.54211425781 1512.45373535156 1513.4794921875 1515.4833984375 1516.23254394531 1519.36450195312 1527.77514648438 1534.20727539062 1537.06103515625 1538.96240234375 1538.04821777344 1536.51440429688 1534.78881835938 1533.88122558594 1540.01000976562 1540.74853515625 1538.58020019531 1539.98010253906 1546.49108886719 1546.27294921875 1545.74169921875 1547.20886230469 1547.81164550781 1550.34411621094 1552.11596679688 1548.67431640625
