rcp4.5models/MPi_ESM_LR/sc1gr4.27
NCOLS 261 
NROWS 433 
XLLCORNER 336357.134 
YLLCORNER 654653.479 
CELLSIZE 1000 
NODATA_value -3.4e+38 
[rows 66 to 87 of 433, columns 98 to 146 of 261]
269.641784667969 269.318328857422 269.784301757812 270.050201416016 269.996826171875 270.319885253906 270.329864501953 270.162872314453 269.917114257812 269.595947265625 269.66650390625 269.617370605469 269.467651367188 268.975463867188 268.969543457031 268.718475341797 268.832885742188 268.827575683594 268.970550537109 268.788146972656 268.231048583984 268.969177246094 270.720672607422 282.880767822266 283.240142822266 283.739166259766 283.277313232422 283.041229248047 283.388793945312 284.190704345703 284.687683105469 285.267883300781 285.427398681641 285.416015625 285.230926513672 284.135192871094 282.400939941406 283.108917236328 283.200378417969 283.836242675781 283.816375732422 284.173858642578 284.960998535156 -3.4e+38 -3.4e+38 284.969177246094 284.834167480469 284.693542480469 -3.4e+38
269.300659179688 269.433837890625 269.694396972656 269.798950195312 269.986480712891 270.278656005859 270.286010742188 270.081604003906 269.715637207031 269.460876464844 269.345672607422 268.982330322266 269.002044677734 269.037567138672 268.674438476562 268.897521972656 268.977111816406 268.939147949219 268.853851318359 267.813354492188 267.844390869141 268.190093994141 268.882171630859 275.186096191406 283.740356445312 283.751831054688 283.17138671875 283.363830566406 284.438110351562 285.066223144531 285.221649169922 285.443359375 285.448608398438 285.357208251953 285.164672851562 284.185150146484 282.961364746094 283.221221923828 283.782318115234 284.2880859375 284.441284179688 284.357940673828 284.809906005859 284.421936035156 -3.4e+38 -3.4e+38 284.740600585938 284.537322998047 -3.4e+38
269.250274658203 269.399658203125 269.595520019531 269.662078857422 269.909729003906 270.257385253906 270.246459960938 269.853698730469 269.756927490234 269.662414550781 269.057952880859 268.755737304688 268.704528808594 268.146606445312 267.834259033203 268.840423583984 268.96337890625 268.873229980469 268.171875 268.261260986328 268.935211181641 268.913299560547 268.851745605469 269.566864013672 272.128875732422 284.386260986328 284.917022705078 285.037719726562 284.931854248047 284.999206542969 285.196502685547 285.178070068359 284.977386474609 284.806854248047 284.144195556641 283.698852539062 282.899353027344 283.212860107422 283.388641357422 283.423522949219 283.927978515625 283.858520507812 283.746398925781 284.046478271484 284.79150390625 -3.4e+38 284.557373046875 284.268951416016 284.351470947266
269.477386474609 269.110778808594 269.354125976562 269.835845947266 270.06103515625 269.944061279297 269.944488525391 269.709167480469 269.817169189453 269.665100097656 268.909942626953 268.7763671875 268.705413818359 267.962219238281 267.857482910156 268.560974121094 268.767303466797 268.768463134766 268.198822021484 268.974395751953 268.977111816406 269.494781494141 269.46337890625 269.91064453125 -3.4e+38 284.53955078125 284.799621582031 284.950988769531 284.863342285156 284.887817382812 285.127288818359 285.066802978516 284.864929199219 284.525634765625 284.069061279297 283.047424316406 281.947052001953 282.614685058594 283.054962158203 283.078399658203 283.264099121094 283.601104736328 283.929290771484 284.442962646484 284.552276611328 284.140533447266 284.470458984375 284.193542480469 284.126129150391
269.430053710938 268.953979492188 269.403259277344 269.5927734375 269.779968261719 269.888000488281 269.913940429688 269.954345703125 269.736145019531 269.632507324219 268.963195800781 268.724670410156 268.621124267578 268.382629394531 268.4365234375 268.618041992188 268.606567382812 268.331207275391 268.518463134766 268.906524658203 269.6064453125 269.857299804688 -3.4e+38 -3.4e+38 271.679931640625 284.451385498047 284.715545654297 284.755645751953 284.806427001953 284.848937988281 285.134399414062 284.878082275391 284.577453613281 284.407989501953 283.984313964844 282.9951171875 281.908782958984 282.315765380859 282.866058349609 282.555053710938 282.783111572266 283.080993652344 283.783081054688 284.068817138672 284.305603027344 283.69140625 284.218048095703 283.741973876953 -3.4e+38
269.088317871094 268.984222412109 269.575561523438 269.676177978516 269.666534423828 269.802398681641 269.830139160156 269.874298095703 269.534149169922 269.520812988281 269.197174072266 268.927001953125 268.274505615234 268.592102050781 268.568786621094 268.718688964844 268.408355712891 268.48486328125 268.626586914062 268.801544189453 269.778533935547 269.290283203125 269.731109619141 269.182037353516 270.005706787109 275.531921386719 284.479736328125 284.593200683594 284.482635498047 284.668060302734 284.818298339844 284.472778320312 284.210327148438 283.915313720703 283.760284423828 282.838470458984 282.018402099609 281.860321044922 282.045166015625 281.912963867188 282.718200683594 282.815612792969 283.600646972656 -3.4e+38 283.675201416016 283.282043457031 283.718414306641 283.436462402344 -3.4e+38
268.767425537109 268.747924804688 269.591430664062 269.709533691406 269.677825927734 269.701171875 269.723541259766 269.725006103516 269.489074707031 269.035949707031 269.087280273438 268.971832275391 268.296875 268.129730224609 268.184936523438 268.336120605469 268.578735351562 268.850463867188 268.879089355469 268.831237792969 269.011169433594 268.829254150391 269.110260009766 268.794036865234 268.888732910156 269.180236816406 276.915893554688 284.436767578125 284.3525390625 284.604888916016 284.599639892578 284.379974365234 283.871185302734 283.258178710938 283.230438232422 282.395812988281 282.09033203125 281.885375976562 281.618255615234 281.810241699219 282.508239746094 282.850372314453 283.870422363281 283.364868164062 283.188385009766 282.781677246094 283.302947998047 282.90625 283.378845214844
268.456634521484 268.477569580078 269.252258300781 269.589935302734 269.344299316406 269.660858154297 269.683135986328 269.6708984375 269.319396972656 269.033630371094 268.813446044922 268.70654296875 268.434234619141 268.178344726562 267.729064941406 268.095825195312 268.686370849609 268.710693359375 269.034637451172 268.926849365234 268.582000732422 268.731506347656 268.722015380859 268.656219482422 268.736511230469 268.845886230469 270.670349121094 277.055847167969 284.428100585938 284.502746582031 284.430725097656 284.106231689453 283.3876953125 282.808929443359 282.839721679688 282.219665527344 282.295562744141 282.321563720703 281.777313232422 282.259796142578 282.701507568359 283.520812988281 283.824829101562 282.792694091797 282.709014892578 282.403686523438 282.781555175781 283.049774169922 283.323425292969
268.314819335938 268.585876464844 269.258514404297 269.617919921875 268.933471679688 269.523681640625 269.642761230469 269.628295898438 269.279083251953 269.143981933594 268.599670410156 268.493347167969 268.686950683594 268.267791748047 267.599761962891 267.965057373047 268.654968261719 268.723602294922 268.885345458984 268.778167724609 268.555145263672 268.150268554688 267.973541259766 267.934539794922 268.091339111328 268.671173095703 269.21240234375 272.243499755859 284.314727783203 284.280487060547 284.202331542969 283.812896728516 283.021148681641 282.793731689453 282.849334716797 282.829376220703 283.019622802734 282.775512695312 282.421844482422 283.036834716797 283.358337402344 283.465972900391 282.888519287109 282.420928955078 282.442779541016 282.525268554688 283.076232910156 283.959686279297 283.802429199219
268.470794677734 268.452911376953 269.125946044922 269.459869384766 269.183990478516 269.621124267578 269.593170166016 269.516784667969 269.504028320312 269.284912109375 268.50732421875 268.487976074219 268.666900634766 268.573364257812 267.6572265625 268.216949462891 268.540649414062 268.798583984375 268.873321533203 268.722747802734 268.507202148438 267.708923339844 267.690612792969 267.726776123047 267.948211669922 268.246520996094 269.178558349609 270.677215576172 276.995483398438 284.177124023438 284.155792236328 283.631713867188 282.783843994141 282.883544921875 283.4326171875 283.541778564453 283.593200683594 283.352630615234 283.244140625 -3.4e+38 283.000579833984 282.771514892578 282.230346679688 282.460693359375 282.889923095703 282.971771240234 283.432922363281 -3.4e+38 -3.4e+38
268.655700683594 268.586486816406 268.837341308594 269.334930419922 269.483673095703 269.80712890625 269.7578125 269.622528076172 269.587005615234 269.417877197266 269.033782958984 268.512329101562 268.6923828125 268.477386474609 267.765777587891 267.940673828125 268.417510986328 268.547119140625 268.631164550781 268.736541748047 268.470123291016 267.687896728516 267.560302734375 267.531860351562 267.791381835938 267.803894042969 269.021942138672 269.617340087891 270.582458496094 277.017059326172 284.086364746094 283.285278320312 282.80078125 283.095031738281 283.673278808594 283.378112792969 283.618072509766 283.201324462891 283.147644042969 282.980194091797 282.625793457031 282.477569580078 282.700134277344 283.051086425781 283.826019287109 283.714447021484 -3.4e+38 -3.4e+38 -3.4e+38
268.483154296875 268.710174560547 268.732025146484 269.397399902344 269.504943847656 269.833312988281 269.849639892578 269.808654785156 269.704315185547 269.080139160156 268.871795654297 268.566986083984 268.637756347656 268.162658691406 267.847961425781 267.981689453125 268.319244384766 268.103179931641 268.395568847656 268.447082519531 268.016998291016 267.768524169922 267.409912109375 267.465972900391 267.569915771484 267.594451904297 268.558410644531 268.931335449219 269.194244384766 270.509185791016 276.549163818359 283.02392578125 282.617553710938 283.183715820312 283.067047119141 282.579528808594 282.991912841797 282.369079589844 282.662292480469 282.789001464844 283.144897460938 283.483673095703 283.745544433594 283.948791503906 284.234954833984 -3.4e+38 284.053894042969 284.095672607422 -3.4e+38
268.2255859375 268.563659667969 268.574249267578 269.430419921875 269.658599853516 269.793090820312 269.814971923828 269.835876464844 269.735046386719 268.674377441406 268.744873046875 268.575347900391 268.569183349609 268.339599609375 267.813171386719 267.957550048828 268.074249267578 267.854278564453 268.072692871094 268.307037353516 268.011383056641 267.522857666016 267.310211181641 267.108306884766 267.571929931641 267.828765869141 268.570892333984 269.041656494141 269.198852539062 268.771301269531 271.360900878906 282.712005615234 282.097106933594 282.678955078125 282.12060546875 281.819702148438 282.378662109375 281.478759765625 283.038452148438 283.058197021484 283.512512207031 284.169555664062 284.147613525391 284.162292480469 284.108764648438 284.020751953125 283.985321044922 283.818786621094 283.461395263672
268.111999511719 268.265930175781 268.464538574219 269.224487304688 268.825561523438 269.283935546875 268.898071289062 269.585845947266 269.555847167969 269.074249267578 268.652435302734 268.719268798828 268.550140380859 268.526641845703 267.846313476562 267.775787353516 267.833099365234 267.786865234375 267.822631835938 268.041290283203 268.252044677734 267.832977294922 267.281005859375 267.165679931641 267.787414550781 268.293731689453 269.130218505859 268.754211425781 268.72802734375 268.454803466797 269.915618896484 275.669647216797 281.851837158203 282.110931396484 281.891632080078 281.977386474609 281.841705322266 281.458038330078 283.30810546875 283.419952392578 283.916381835938 284.170684814453 283.981842041016 283.991790771484 284.104309082031 284.019592285156 283.713714599609 283.157897949219 282.806671142578
268.412963867188 268.074401855469 268.336029052734 267.950714111328 268.341247558594 268.172027587891 268.217742919922 268.437561035156 268.275573730469 268.606170654297 268.270568847656 268.286926269531 268.289886474609 268.126678466797 267.442230224609 267.397155761719 267.188842773438 267.66357421875 267.809631347656 267.820770263672 267.955718994141 267.546264648438 267.633270263672 267.628692626953 267.779602050781 268.151428222656 268.025115966797 268.017181396484 268.039764404297 268.362548828125 268.293395996094 268.021209716797 268.881866455078 275.559936523438 282.592437744141 282.833892822266 283.015563964844 283.009979248047 283.798400878906 284.259582519531 284.2216796875 284.14501953125 283.807495117188 283.167694091797 283.124359130859 283.501739501953 283.202758789062 282.672119140625 282.005157470703
268.790161132812 268.244995117188 268.501556396484 268.301452636719 268.536254882812 268.416931152344 268.153259277344 268.195404052734 268.393707275391 268.323791503906 268.229949951172 268.246276855469 268.266265869141 268.186981201172 267.347412109375 267.188598632812 266.893463134766 267.409240722656 267.741790771484 267.794830322266 267.878143310547 267.765899658203 267.302459716797 267.692474365234 267.680725097656 267.815582275391 267.507202148438 267.983428955078 268.283752441406 268.345092773438 268.067718505859 267.860290527344 268.181030273438 271.510009765625 283.364013671875 283.389251708984 283.547729492188 284.012634277344 284.096008300781 284.044036865234 283.80126953125 283.731689453125 283.244201660156 282.894744873047 283.060821533203 283.575958251953 283.217224121094 282.760437011719 282.003814697266
269.201324462891 268.307525634766 268.397735595703 268.256011962891 268.548461914062 268.383056640625 268.416534423828 268.355377197266 268.461944580078 268.298889160156 268.489013671875 268.388427734375 268.253356933594 268.449035644531 267.629608154297 267.290985107422 266.826171875 267.178894042969 267.537933349609 267.530517578125 267.244689941406 267.791229248047 267.440765380859 267.206573486328 267.509857177734 267.594696044922 267.674926757812 268.139862060547 268.252014160156 268.248748779297 268.17236328125 268.023559570312 268.302703857422 269.701568603516 275.021759033203 276.642944335938 283.62548828125 -3.4e+38 283.494201660156 283.280548095703 283.200286865234 283.204284667969 282.906646728516 282.92138671875 283.074310302734 283.637542724609 282.935852050781 282.624816894531 282.208587646484
269.011413574219 268.891296386719 268.787292480469 268.154541015625 267.647705078125 268.333587646484 268.450012207031 268.321319580078 268.345886230469 268.415679931641 268.537353515625 268.470672607422 268.323944091797 268.617065429688 268.215301513672 267.653839111328 267.356018066406 267.405700683594 267.494323730469 267.243072509766 266.914367675781 267.705444335938 267.585021972656 267.156188964844 267.51611328125 267.590698242188 268.029174804688 268.141754150391 268.163696289062 268.2607421875 268.375671386719 268.638916015625 268.628021240234 268.422271728516 269.041809082031 272.034942626953 283.57568359375 -3.4e+38 283.248840332031 282.870300292969 282.826324462891 282.872680664062 282.974060058594 283.000762939453 282.866912841797 283.057800292969 282.773223876953 282.540161132812 281.961212158203
268.977630615234 269.092437744141 268.810974121094 268.14501953125 267.759399414062 268.132171630859 268.169677734375 268.322570800781 268.337554931641 268.331115722656 268.428649902344 268.370819091797 268.514831542969 268.528198242188 268.215240478516 267.654479980469 267.615783691406 267.175689697266 267.411468505859 267.099578857422 266.485229492188 266.813415527344 266.842895507812 267.217956542969 267.166412353516 267.600738525391 267.979339599609 267.956329345703 268.254669189453 268.531494140625 268.795928955078 268.933380126953 269.095520019531 268.897155761719 268.991790771484 270.389312744141 275.030731201172 283.297271728516 283.102203369141 282.5419921875 282.416290283203 282.789337158203 282.921966552734 283.006805419922 282.695770263672 282.612609863281 282.670104980469 282.456787109375 281.633148193359
268.987182617188 269.002990722656 268.895874023438 268.318267822266 268.484771728516 268.008697509766 267.468109130859 267.575988769531 268.136535644531 268.014831542969 268.105651855469 268.264556884766 268.383056640625 268.346588134766 268.11962890625 267.385803222656 267.332427978516 266.744995117188 267.416229248047 267.128753662109 266.288604736328 266.31103515625 266.482543945312 266.86962890625 266.766510009766 267.133331298828 267.750549316406 268.064605712891 268.256622314453 268.407562255859 268.638763427734 268.935394287109 268.986724853516 268.786407470703 268.932830810547 268.941253662109 268.685119628906 283.065765380859 282.924652099609 282.417602539062 282.379089355469 282.704742431641 282.801055908203 282.911651611328 282.707916259766 282.517211914062 282.485046386719 281.950103759766 281.597900390625
268.626586914062 268.689422607422 269.083984375 268.666748046875 268.375823974609 267.928039550781 267.399291992188 267.240997314453 267.738159179688 -3.4e+38 267.496063232422 267.935821533203 268.222686767578 268.244659423828 268.193603515625 267.710571289062 267.190032958984 266.762176513672 267.352813720703 267.166656494141 266.397613525391 266.26416015625 265.997589111328 266.160827636719 266.669128417969 266.714477539062 267.583190917969 267.943206787109 268.153778076172 268.015289306641 268.249725341797 268.869506835938 268.81201171875 268.596343994141 268.72412109375 268.735443115234 268.175872802734 276.106597900391 282.588989257812 282.448577880859 282.422882080078 282.658874511719 282.618621826172 282.589019775391 282.422271728516 282.449981689453 282.356506347656 281.883361816406 281.745391845703
268.386199951172 268.275482177734 268.899047851562 268.582458496094 268.118438720703 267.473602294922 267.536590576172 267.273956298828 267.372131347656 267.193420410156 267.690612792969 267.896453857422 268.091125488281 268.167572021484 267.757263183594 267.417633056641 267.21044921875 267.081878662109 267.271148681641 267.329925537109 267.023010253906 266.319244384766 265.953369140625 265.757568359375 266.444244384766 266.521087646484 267.524841308594 267.747192382812 267.802947998047 268.111480712891 268.497741699219 268.492919921875 268.345245361328 268.442810058594 268.777069091797 268.844573974609 268.094543457031 269.184539794922 275.889068603516 282.334411621094 282.416931152344 282.603912353516 282.364929199219 282.496215820312 282.246704101562 282.196533203125 282.389312744141 282.057556152344 281.972137451172
