rcp4.5models/MPi_ESM_LR/sc1gr8.24
NCOLS 261 
NROWS 433 
XLLCORNER 336357.134 
YLLCORNER 654653.479 
CELLSIZE 1000 
NODATA_value -3.4e+38 
[rows 220 to 241 of 433, columns 49 to 97 of 261]
90.8244018554688 90.9222412109375 90.5347213745117 89.8302230834961 89.0691528320312 88.1507720947266 87.3877716064453 85.1163787841797 84.4271926879883 83.0790939331055 81.6159286499023 80.749626159668 80.1335601806641 79.5508193969727 78.7639923095703 78.0606079101562 77.3210601806641 76.6377334594727 74.7496490478516 74.2336349487305 73.9484176635742 73.6254272460938 73.753547668457 72.9506759643555 72.4085845947266 72.1355056762695 71.586181640625 70.8886642456055 70.3589477539062 69.307487487793 68.5987930297852 68.1389312744141 67.5487213134766 67.3671646118164 67.1744003295898 66.2598190307617 65.713005065918 65.474983215332 65.3097610473633 65.6419067382812 65.7011413574219 65.1295547485352 64.7334365844727 64.397575378418 63.6861763000488 63.1376419067383 62.7982368469238 62.3434219360352 62.2174415588379
94.0740661621094 93.7160873413086 93.1537704467773 92.3881759643555 92.0325012207031 91.6995620727539 89.9228897094727 87.7107925415039 86.2150115966797 84.4160079956055 83.3913650512695 82.3395614624023 81.7782821655273 81.1841201782227 80.230842590332 80.0312728881836 79.3400344848633 78.0240173339844 75.5706939697266 75.2881774902344 75.5474472045898 75.109748840332 75.01806640625 74.320556640625 73.7925796508789 73.7473983764648 73.3856964111328 72.0880737304688 71.5553741455078 71.1319961547852 70.7314605712891 70.1725158691406 69.319206237793 68.5902633666992 68.6008911132812 67.8898239135742 67.2805480957031 66.8684539794922 66.7075653076172 67.0275192260742 66.7787246704102 67.1810302734375 66.6217575073242 65.885871887207 65.1671676635742 64.6126174926758 64.2662811279297 63.7109603881836 63.3618049621582
97.3794860839844 97.2949371337891 96.6265716552734 95.6345596313477 94.6050567626953 94.4661865234375 92.9353408813477 89.6364898681641 87.8535308837891 86.7505035400391 86.3752288818359 85.1382141113281 84.1380844116211 83.5090484619141 82.5500183105469 81.6376037597656 80.4428253173828 78.8531036376953 77.032112121582 76.6426315307617 76.849967956543 76.6585922241211 76.0231628417969 75.215576171875 75.0220489501953 75.2154312133789 74.8167419433594 73.8931045532227 73.1067428588867 72.7925720214844 72.2294845581055 71.5158767700195 70.6333160400391 69.7937393188477 69.6793594360352 69.1073226928711 68.9622421264648 68.8030395507812 68.3442459106445 68.2198715209961 67.8734970092773 68.4198837280273 68.2970733642578 67.3168563842773 66.2794189453125 66.3576965332031 67.0360870361328 65.465087890625 64.8899002075195
101.610153198242 101.168632507324 100.399955749512 99.6151580810547 98.4109649658203 97.1277847290039 95.9119033813477 91.5684509277344 90.1432418823242 89.4684295654297 88.8218765258789 87.49169921875 86.6144180297852 86.0290298461914 84.4231796264648 83.3146743774414 81.7849044799805 80.4442291259766 78.6798400878906 78.0533905029297 78.3312911987305 78.1357879638672 77.3829040527344 76.8049774169922 76.9455947875977 77.0414276123047 76.6401824951172 75.7781753540039 74.683464050293 74.4058303833008 73.5067672729492 72.7867126464844 72.0170974731445 71.3554077148438 71.022834777832 70.6397323608398 70.8024826049805 70.444091796875 70.092399597168 69.7138061523438 69.2808074951172 69.5191879272461 69.2519760131836 68.7471923828125 67.922477722168 68.5528106689453 70.4467697143555 67.5419998168945 66.6842575073242
103.544013977051 103.22566986084 103.283149719238 102.687980651855 101.62198638916 99.6995315551758 97.973030090332 93.5903396606445 92.7254333496094 91.8824234008789 90.5753173828125 89.2773132324219 88.5069961547852 87.3960266113281 85.6314468383789 84.6924209594727 83.1272659301758 81.6336898803711 79.9406890869141 79.8593139648438 79.6760025024414 79.3694839477539 78.9250793457031 78.9262619018555 78.5563049316406 78.2201538085938 77.9005737304688 77.0424270629883 76.4028625488281 76.2009429931641 75.1845703125 74.4571762084961 73.7292022705078 73.1737442016602 72.8342361450195 72.3692779541016 72.236442565918 71.8191146850586 71.8414306640625 71.3390731811523 70.9227142333984 70.8717956542969 70.3003692626953 70.0054626464844 69.4481887817383 69.6962356567383 70.3899230957031 68.295051574707 67.7838668823242
104.036499023438 103.645523071289 103.627655029297 103.436103820801 103.125450134277 101.977195739746 99.9656829833984 96.8893280029297 95.5598831176758 94.5385284423828 92.9983673095703 91.8333969116211 90.2083511352539 88.5819473266602 87.1254730224609 85.890022277832 84.4157562255859 82.7576293945312 81.6747360229492 81.3123550415039 80.6677093505859 80.3712997436523 80.5281600952148 80.6793518066406 80.5557327270508 79.8966903686523 79.3195953369141 78.7028961181641 78.5296096801758 78.2227478027344 77.1206436157227 75.8132934570312 75.3348541259766 75.2348861694336 74.7556762695312 74.3218612670898 73.8398818969727 73.6395416259766 73.5802459716797 73.0087966918945 72.6476211547852 72.0156936645508 71.5794372558594 71.518913269043 70.9381942749023 70.6831893920898 70.0787200927734 -3.4e+38 69.2332000732422
103.918525695801 103.506484985352 103.441665649414 103.274688720703 103.128601074219 102.729530334473 102.167045593262 99.6510009765625 98.5256118774414 97.274658203125 95.5417556762695 93.5830612182617 91.5379409790039 89.9180603027344 88.7132797241211 87.0571746826172 85.6293716430664 84.0804290771484 83.4893798828125 82.6953125 82.5888824462891 82.2954025268555 82.5903930664062 82.4373397827148 82.5037536621094 81.4316482543945 80.8552169799805 80.6410140991211 80.6567840576172 80.0342254638672 78.8006744384766 77.7009048461914 77.3767547607422 77.3739318847656 76.4714431762695 76.3946838378906 75.9512176513672 75.5944747924805 75.4782257080078 75.0267562866211 74.5308837890625 73.5761337280273 73.2118682861328 72.8212738037109 72.3750305175781 72.3989105224609 71.8585586547852 71.2369689941406 70.88232421875
103.764488220215 103.335342407227 103.217651367188 102.882942199707 102.581466674805 102.573669433594 102.534278869629 101.654411315918 100.137107849121 99.4977035522461 98.4195938110352 96.3119201660156 93.1053619384766 91.6494674682617 90.2630920410156 87.9939727783203 87.0326843261719 86.6900787353516 85.8527984619141 85.2032775878906 85.0818862915039 84.6709289550781 84.6398086547852 84.1815185546875 83.9601135253906 83.2892990112305 83.0791168212891 82.4260025024414 82.3329391479492 81.4652328491211 80.512321472168 79.6855621337891 79.2631301879883 79.4144821166992 78.3450698852539 78.0335464477539 77.7459945678711 77.5067825317383 77.5019683837891 76.9092636108398 76.6153030395508 75.4166641235352 75.1359100341797 74.5944519042969 75.1740036010742 76.4714965820312 73.815315246582 73.0450286865234 72.4453353881836
103.513511657715 102.956687927246 102.81079864502 102.983222961426 102.492813110352 102.307456970215 102.389854431152 102.158897399902 101.665245056152 101.600234985352 100.882057189941 98.3598098754883 94.7658767700195 93.4556198120117 91.9712524414062 89.3845748901367 88.9659652709961 90.1514739990234 88.4800262451172 87.4411087036133 87.3267364501953 86.8262405395508 86.1577224731445 85.8995971679688 85.6528396606445 85.1867446899414 84.9533767700195 84.2514419555664 84.0450210571289 83.2316360473633 82.5297088623047 81.3084716796875 80.9181137084961 81.1465377807617 80.3854675292969 80.0399551391602 79.7168502807617 79.3759765625 79.3461608886719 78.8200378417969 78.3166961669922 77.3595809936523 77.2013168334961 76.5803375244141 76.8708648681641 77.7545623779297 75.6542282104492 75.093620300293 74.3839111328125
102.989936828613 102.445732116699 102.290924072266 102.380004882812 101.971702575684 102.138885498047 102.502487182617 102.329627990723 102.38011932373 102.367095947266 102.353805541992 100.172866821289 96.5069808959961 94.7093124389648 93.6998443603516 90.71630859375 90.092903137207 91.498405456543 89.815071105957 88.8254623413086 89.5703582763672 88.9130554199219 88.0949325561523 87.5943756103516 87.3266448974609 87.2386779785156 86.6384735107422 86.2497711181641 86.1993103027344 84.9920349121094 84.6011276245117 83.4030609130859 82.9561233520508 82.9863510131836 82.5280914306641 82.2407455444336 82.0308227539062 81.1836853027344 81.114372253418 80.7249755859375 80.05419921875 79.2554321289062 79.0544509887695 78.1095275878906 77.8156204223633 78.08251953125 77.4685745239258 77.0542526245117 76.2642059326172
102.262504577637 102.003776550293 102.229187011719 101.868438720703 101.75463104248 102.20442199707 102.318511962891 102.535888671875 102.193557739258 102.000587463379 102.1162109375 100.946868896484 98.3173828125 96.1727294921875 95.1546630859375 92.4015884399414 91.9315490722656 92.9000396728516 90.7954483032227 90.5756072998047 91.1337890625 90.5553817749023 90.1571273803711 89.5273513793945 89.4650115966797 89.5358428955078 88.6466522216797 88.4556884765625 88.4468002319336 86.9165115356445 86.6255569458008 86.050666809082 85.0728759765625 85.1417083740234 84.6310348510742 84.2599029541016 83.8952560424805 83.429084777832 83.2690811157227 82.8707046508789 82.1561279296875 81.1941452026367 80.6186370849609 79.8213500976562 79.6926498413086 79.9411544799805 79.4373245239258 78.8962326049805 78.3148422241211
102.138542175293 101.988243103027 101.94359588623 101.882209777832 101.640327453613 101.517150878906 101.802459716797 101.644416809082 101.746589660645 101.502502441406 101.446411132812 101.459335327148 101.01195526123 100.021820068359 97.9849472045898 96.6548385620117 96.0282821655273 96.0426559448242 -3.4e+38 -3.4e+38 94.9469299316406 94.635871887207 94.3631210327148 94.0627670288086 93.1386871337891 92.6706619262695 92.3268051147461 92.1955184936523 91.6384353637695 90.8860549926758 90.3485260009766 89.9051361083984 89.9329833984375 89.6877288818359 89.6073532104492 88.9833068847656 88.6611633300781 88.2821655273438 87.9436645507812 87.4438400268555 87.1572799682617 86.0369644165039 85.0417327880859 84.7113189697266 84.2883605957031 83.9795455932617 83.5032272338867 82.9448623657227 82.3438949584961
102.030967712402 101.910781860352 102.080101013184 101.80101776123 101.283401489258 101.121208190918 101.469841003418 101.225639343262 101.303192138672 101.068504333496 101.185554504395 101.553649902344 101.723014831543 101.57999420166 100.367523193359 98.8156051635742 98.4261779785156 98.7377471923828 97.1917343139648 96.6649780273438 96.0768280029297 95.8169784545898 96.4138259887695 96.1301956176758 94.9984817504883 94.6567001342773 94.6331176757812 94.2098846435547 93.8027877807617 93.3565902709961 93.2876892089844 92.6658630371094 92.2314529418945 91.7220840454102 91.6759262084961 91.305793762207 90.8120956420898 90.3473434448242 90.0773544311523 89.7871780395508 89.4878768920898 88.1206665039062 87.6039276123047 87.0473556518555 86.5992126464844 86.246223449707 85.7511672973633 84.9962158203125 84.4268646240234
101.875854492188 101.598701477051 101.766479492188 101.565231323242 101.137771606445 101.011199951172 100.899848937988 101.05298614502 101.043212890625 100.891189575195 101.159049987793 101.195495605469 101.360893249512 101.616554260254 101.478622436523 101.058547973633 100.729629516602 100.40421295166 99.4091796875 98.8592681884766 98.0725173950195 97.9671401977539 98.615608215332 98.7455368041992 98.1988754272461 97.7069549560547 97.8025894165039 97.5932159423828 96.8884201049805 96.3379211425781 96.3115158081055 95.4288330078125 94.7260284423828 94.5532760620117 93.9981231689453 93.5831604003906 93.3129653930664 92.9976348876953 92.6681518554688 92.2422103881836 91.8071212768555 90.2314682006836 89.6698608398438 89.2503814697266 88.9276809692383 88.4335098266602 87.8598403930664 87.3476943969727 86.8005752563477
101.821884155273 101.601127624512 101.222541809082 100.947280883789 100.924072265625 100.886497497559 100.629127502441 100.835472106934 100.796607971191 100.71508026123 101.119590759277 101.045234680176 101.383766174316 101.345710754395 101.553031921387 101.782363891602 101.793128967285 101.697105407715 101.867729187012 101.790657043457 101.241554260254 100.97534942627 101.214179992676 101.166961669922 101.454460144043 101.321556091309 101.131072998047 100.986587524414 99.5639724731445 99.0473861694336 98.6894989013672 98.679069519043 98.0894241333008 97.4663009643555 96.6507415771484 -3.4e+38 95.923095703125 95.6170196533203 95.0601348876953 94.5401382446289 93.8662185668945 92.5400009155273 91.888916015625 91.5094146728516 91.0620269775391 90.7063522338867 90.0421371459961 89.647102355957 88.9523391723633
101.632316589355 101.485069274902 100.933738708496 100.795845031738 100.9599609375 100.632225036621 100.55640411377 100.664093017578 100.644165039062 100.742774963379 101.171455383301 101.442123413086 101.438018798828 101.50316619873 101.72681427002 101.827041625977 101.797897338867 102.206192016602 102.962799072266 102.955307006836 102.860969543457 102.952705383301 103.348709106445 103.698173522949 104.142303466797 104.419311523438 104.444793701172 104.074935913086 102.740951538086 102.198867797852 101.62646484375 101.383346557617 101.613693237305 101.203506469727 99.7395553588867 -3.4e+38 -3.4e+38 97.7388229370117 97.2153015136719 96.6490478515625 96.042106628418 94.8507614135742 94.464111328125 93.8043365478516 93.8711776733398 93.3605041503906 92.3905334472656 92.0172576904297 91.2669677734375
101.702308654785 101.223281860352 100.700584411621 100.668685913086 100.90502166748 100.581123352051 100.61385345459 100.652191162109 100.912292480469 100.727111816406 100.939666748047 101.272010803223 101.215148925781 101.49520111084 101.769149780273 101.735313415527 101.598289489746 101.880088806152 102.59977722168 102.657066345215 102.907608032227 103.360633850098 103.93920135498 104.345848083496 104.871612548828 105.234176635742 105.680633544922 106.091285705566 106.062126159668 105.283195495605 105.101791381836 104.297286987305 104.35368347168 104.142181396484 -3.4e+38 -3.4e+38 100.937828063965 -3.4e+38 -3.4e+38 99.2601318359375 98.6820068359375 97.498779296875 97.1345596313477 96.486213684082 96.6677093505859 96.0807037353516 95.0783309936523 94.4067153930664 93.6155853271484
101.606620788574 101.03638458252 100.733680725098 100.790786743164 100.899192810059 100.84024810791 100.904472351074 100.677642822266 100.97518157959 100.696235656738 100.606307983398 100.943405151367 100.950729370117 101.049934387207 101.44303894043 101.284278869629 101.551666259766 101.995910644531 102.206993103027 102.386825561523 102.71395111084 103.366081237793 103.794876098633 103.99634552002 104.363265991211 105.015266418457 105.699501037598 106.276382446289 106.893524169922 107.623947143555 107.938262939453 107.799049377441 107.078971862793 106.658744812012 -3.4e+38 -3.4e+38 -3.4e+38 103.396171569824 103.045867919922 102.728340148926 101.795043945312 100.345428466797 99.7139358520508 99.2430419921875 99.0521850585938 98.558723449707 97.7536315917969 97.1056594848633 96.4416275024414
101.433441162109 100.954681396484 100.730346679688 100.925071716309 100.815116882324 100.901748657227 100.860229492188 100.92945098877 100.817443847656 100.850509643555 100.894187927246 101.001388549805 100.977386474609 101.24600982666 101.10440826416 100.894874572754 101.367904663086 102.023025512695 102.226524353027 102.333084106445 102.906143188477 103.371520996094 103.696907043457 103.838638305664 103.974021911621 104.835227966309 105.515563964844 105.942665100098 106.637641906738 108.270965576172 108.782562255859 109.434150695801 109.686134338379 109.627487182617 -3.4e+38 -3.4e+38 107.288635253906 106.552093505859 105.866432189941 105.561042785645 105.0947265625 103.448623657227 102.892723083496 102.276901245117 101.333534240723 100.79362487793 100.332427978516 99.7355346679688 99.2187194824219
101.365295410156 100.946258544922 100.923881530762 100.90941619873 100.667106628418 100.836845397949 100.611396789551 100.887878417969 100.497245788574 100.577308654785 100.833366394043 100.713180541992 100.867851257324 101.345817565918 101.096092224121 101.198570251465 101.796798706055 102.061485290527 102.377937316895 102.691360473633 102.85668182373 103.169525146484 103.492362976074 103.863250732422 104.210258483887 104.479301452637 104.942405700684 105.604965209961 106.633628845215 108.055511474609 109.262023925781 109.934394836426 110.507858276367 111.120742797852 111.008911132812 -3.4e+38 110.354431152344 109.97631072998 108.689743041992 108.065299987793 108.032348632812 106.396018981934 105.81022644043 105.201690673828 104.287536621094 103.75138092041 102.934593200684 102.406326293945 101.9150390625
101.208206176758 100.870559692383 101.009063720703 100.74267578125 100.570045471191 100.856269836426 100.437561035156 100.455772399902 100.297004699707 100.479125976562 100.744606018066 100.541969299316 100.611518859863 101.208160400391 101.157440185547 101.255950927734 101.833000183105 101.835868835449 102.259567260742 102.780120849609 102.741516113281 103.050720214844 103.437789916992 103.972763061523 104.368934631348 104.544296264648 104.877288818359 105.360145568848 106.134704589844 107.651626586914 109.057441711426 109.874046325684 110.515800476074 111.423858642578 112.129951477051 112.410339355469 -3.4e+38 112.979637145996 112.007232666016 111.086616516113 110.890144348145 109.733184814453 108.763610839844 107.915634155273 107.522941589355 106.963836669922 106.406730651855 105.665214538574 104.603332519531
101.232322692871 101.234191894531 101.052505493164 100.74951171875 100.826530456543 100.727058410645 100.243583679199 100.376327514648 100.3818359375 100.653633117676 100.616920471191 100.599899291992 100.820457458496 101.034187316895 100.825569152832 101.00235748291 101.52271270752 101.450210571289 102.248336791992 102.630508422852 102.738754272461 103.002243041992 103.60237121582 104.004081726074 104.27897644043 104.631988525391 105.118522644043 105.370750427246 105.872085571289 107.535552978516 108.538604736328 109.367965698242 110.425857543945 111.20874786377 112.078735351562 113.164855957031 114.036811828613 115.40811920166 115.369964599609 114.095191955566 113.709243774414 112.923637390137 112.290802001953 111.303611755371 110.694412231445 110.103820800781 109.937767028809 109.237365722656 107.809700012207
