rcp4.5models/MPi_ESM_LR/sc1gr1.0
NCOLS 261 
NROWS 433 
XLLCORNER 336357.134 
YLLCORNER 654653.479 
CELLSIZE 1000 
NODATA_value -9999 
[rows 132 to 153 of 433, columns 150 to 199 of 261]
-9999 55.2652791452608 55.3170601048124 55.4112856383053 55.5192609081686 55.4915929555488 54.9239008076193 54.5918408461106 54.9507290739397 54.8387010937225 54.7259159595923 54.4192132612918 54.6464878609567 54.6582202885775 54.6077727305666 54.684679264635 54.8255066645947 54.6711585696582 54.3823234425675 54.1495291721176 53.2700649247872 53.5244741970867 53.9809460381556 53.5130188551904 53.2923168895884 53.5673284881272 53.4756199993142 53.4037491581968 53.5406037700664 53.4305761393997 52.8539679488828 52.4058501607145 52.2099798841946 52.5774128605876 52.7394590645051 52.5239651644042 52.2519410158816 52.3562213044678 -9999 -9999 -9999 -9999 -9999 -9999 -9999 -9999 -9999 -9999 -9999 -9999
55.8903380974889 55.3944973271556 55.2419228863056 55.3020131095673 55.6727906960367 55.5735881070112 54.9766241856838 54.7670941201168 55.0361150519592 55.1036306983501 54.5542432831424 54.4793262858796 54.8846002929126 54.6140739863706 54.4901351717208 54.3777250574171 54.2032111445824 54.0816171388579 54.7486334721033 54.0345509214553 53.3902277113905 53.7248722435459 53.9836014685427 53.5361386952622 53.3518093822249 53.3688487305873 53.126816256407 53.5632508748985 53.4684123104793 53.4095900002324 53.0020518776254 52.9158557595374 52.7469576475409 52.7182527929503 52.271918710986 52.5381280348343 52.2795973989769 52.1828309175287 -9999 -9999 -9999 -9999 -9999 -9999 -9999 -9999 -9999 -9999 -9999 -9999
55.4899626909987 55.461589183433 55.2527040090763 55.2310456387442 55.3455061692452 55.4840816701943 54.9999234878814 55.0311803063958 55.0166563010732 55.0221841907298 54.4248145927205 54.2674779545578 54.6316337577214 54.5571454060372 54.1903010560734 53.9623514434439 53.708822268364 53.6848816204186 54.3066334072648 54.0689250234968 53.8558470646296 54.0716238739889 53.9372480933261 53.6478642452139 53.3434109446673 53.3310971989785 53.0156285597776 53.334098469755 53.2402607080097 53.2963534376865 53.2765316220535 53.0521955661233 53.0160808903632 52.9332887989823 52.2323972619462 52.3597854038263 -9999 51.8888861669374 -9999 -9999 -9999 -9999 -9999 -9999 -9999 -9999 -9999 -9999 -9999 -9999
55.5547334507362 55.3562715900946 55.1556337651994 55.3011541377315 54.9193725484267 55.1859432169727 55.0349435784806 -9999 -9999 54.6950681173486 54.3190762129252 54.1286949557721 54.4422212834796 54.5551198340216 54.3141704343081 54.213431418245 53.9685744781406 53.9204337302242 53.8403012526918 54.1014240698081 53.8345417080979 53.9382841463927 54.1320894132785 54.0358902406158 53.2493002720503 53.4368040758344 53.4213934529499 52.9016979363392 52.9961839439411 53.3234734474097 53.3327511075139 52.8184551822541 52.7180715128747 52.6601989223156 52.4660114740467 52.2909118326147 -9999 -9999 -9999 -9999 -9999 -9999 -9999 -9999 -9999 -9999 -9999 -9999 -9999 -9999
55.8043402263499 55.3006065728387 55.0101288596251 55.3223446512829 55.382303020769 55.2616512171322 54.8721387083733 54.6704366058835 -9999 54.7004984257668 54.4328697148838 54.1383304421873 54.3628812811553 54.8144727583964 54.4008443805547 54.3128348059461 54.161625553138 54.378898936994 54.1269439911804 54.1979326864177 53.8482987296087 53.7076042990112 54.0288960595988 53.949218173543 53.3970945333501 53.450477743334 53.7752791039584 53.5176436792071 53.2258054585324 52.8992162853803 53.1761420448663 53.0528367018331 52.5107974995904 52.1832386185139 52.5081349395171 52.4347200109714 52.0726019543131 51.9748717361439 -9999 -9999 -9999 -9999 -9999 -9999 -9999 -9999 -9999 -9999 -9999 -9999
55.7618707782435 55.537779546021 55.1371778395543 55.1610759971332 55.4543503796571 55.5346685841692 54.986643740167 54.9061477788928 -9999 54.773167408937 54.5638224014629 54.3790185547105 54.6799904979373 54.7023276261041 54.583959628016 -9999 53.9465907533528 54.1555417491955 54.1953496320011 54.3381453365613 53.7474667625794 53.6644907511697 54.0387327931351 53.7486558529589 53.2847771544772 52.9597622611609 53.3204664245378 53.8803508577729 53.0525516501291 52.6328313945982 53.2477546225597 53.1746960086296 52.8291050599187 52.4803189017434 52.4952503623001 52.4680841364258 52.1151345358246 51.9463527488622 -9999 -9999 -9999 -9999 -9999 -9999 -9999 -9999 -9999 -9999 -9999 -9999
56.1053365611473 55.5250363212033 54.8091393379159 55.1065542222926 54.9454376896365 54.7668513004412 55.2004351686423 -9999 -9999 54.7619707720238 54.7066163956448 54.3480525046157 54.1080386223855 54.3665269464852 -9999 54.3392198316224 54.3101777732309 53.9449139272224 54.2434089191027 54.1281979764534 53.5279671669067 53.4310682473821 53.7224787093681 53.4172180699052 53.3471051567845 53.0362764203604 53.1692741383369 53.5793381609984 52.9631786810749 52.5594503535776 53.2395095924254 53.0144343813056 52.4624469135083 52.1334230880671 52.5755838601073 52.7473510253211 52.0780503846867 51.6200014521507 -9999 -9999 -9999 -9999 -9999 -9999 -9999 -9999 -9999 -9999 -9999 -9999
55.9149526333853 -9999 54.7067518987753 54.8251703646168 55.1030417639314 54.9838055383999 55.2721481233444 54.9435456460822 -9999 54.8114929060803 54.3876553823593 54.1952037187295 53.966162543569 53.9565816090368 -9999 -9999 54.1699898855934 54.0584782104713 54.3286967666787 53.752073801864 53.5680474945778 53.5349201435499 53.6448193776285 53.3658681355731 53.3826205953304 52.9169304868531 53.0433296290372 53.664601982673 52.9626569609109 52.5991335186655 52.9145980945691 52.9513869371909 52.5925927983788 52.2269790031796 52.4568875493998 -9999 52.2311009693425 -9999 51.8975743308803 -9999 -9999 -9999 -9999 -9999 -9999 -9999 -9999 -9999 -9999 -9999
55.1976622583815 54.9194311079704 54.9896811853883 54.8658898126576 55.0824252652914 54.9632109653959 55.3662032710637 54.9620976887902 54.5883728287325 54.7189624867892 54.5503863905405 54.6128047463673 53.8784904669466 53.8440827093606 54.0363365657105 54.2865021590969 54.0789715903201 54.4369931422629 54.3912311630292 53.6894665571954 53.4944324764732 53.3816458875116 53.5885511997761 53.4637402886684 53.2759985281597 52.902787793948 53.0464063272569 53.4333869981063 52.9835611001438 52.6555131858906 52.717591060631 52.8344905298676 52.6306927053057 52.1408587773158 52.2973366705559 -9999 -9999 -9999 -9999 51.9655098059974 -9999 -9999 -9999 -9999 -9999 -9999 -9999 -9999 -9999 -9999
54.9045278246979 55.3964951629156 55.3716397209587 55.2041478100209 55.0102194871629 55.1570683937777 55.2956781171744 55.0530113951138 54.4253891230427 54.6060742534754 54.9359909917507 54.7064844141421 54.5270453457969 54.2094073723136 54.2911385604702 54.5851618327611 53.9346902420822 54.3857744069206 54.2950849067419 54.1756749985101 53.977144774397 53.5994117580381 53.5706967256574 53.8060847203852 53.4583830922617 53.5406423656635 53.6115708761396 53.2305826671913 52.917655553556 52.4902795318925 52.6431454161355 52.7995638427131 52.6724015815775 52.147932397313 51.7532657462758 -9999 -9999 -9999 -9999 51.5650190562393 -9999 -9999 -9999 -9999 -9999 -9999 -9999 -9999 -9999 -9999
54.9540938192149 55.6792722426826 55.6325748305759 55.4088748621648 55.0247353175423 55.0914654775716 55.0986952584124 55.1307274271866 54.355973240752 54.5975201648551 54.3612163432592 54.491382466695 55.1737735543402 54.6403070317809 54.1354584903549 54.669229096428 54.0662102277783 54.1391409589537 -9999 54.1309598328985 54.007760331857 53.7495850999679 54.0551290060558 53.8681956567 53.3731850223202 53.3634359539719 53.5057464134115 53.531990313908 53.164355889269 52.6081300008654 52.6960767190218 52.49441652012 52.6944672467104 52.6633786309582 52.2782311102143 -9999 -9999 -9999 -9999 51.9722713468266 51.9078413283935 -9999 -9999 -9999 -9999 -9999 -9999 -9999 -9999 -9999
54.8502329488123 55.4322620777968 55.609731040956 55.3929152220861 55.1067978911026 55.2555182012868 54.9214316801776 54.9302213060903 54.4340961742017 54.6788527800522 54.1892975057802 54.4367237524879 55.1236909477279 54.6358872273757 54.0716014912011 54.069115725765 54.3348029325307 54.0102439734316 53.7678667301527 53.8526758151154 53.6795539997342 53.9422511143103 54.4573042841903 53.6529493253918 52.9772652445599 52.8383373406223 52.5984584678153 53.1527841284945 53.1001877997173 52.5659755251392 -9999 -9999 52.584729609928 52.5813977295921 52.190022515403 51.7419008546949 -9999 -9999 -9999 51.9677360362848 -9999 -9999 -9999 -9999 -9999 -9999 -9999 -9999 -9999 -9999
55.0414027053051 55.1994079503681 55.435136569232 55.1946317270081 55.1524492284977 55.3632607471621 54.7991885553124 54.7996187958047 54.4303084864603 54.8371338146226 54.718267319775 54.1954927169459 54.639546273834 54.5069056153959 53.8828452579274 53.3914791198126 54.2617911525025 54.0883527560589 53.8374428896954 53.6316503586743 53.9278897593227 54.0464448191183 54.4186153599565 53.7809222144238 53.1382018475926 52.7178995830501 52.47576614419 52.9469269826038 52.7713531559339 52.6216989978252 -9999 -9999 -9999 52.3855412971515 51.9285203053399 52.2660473386614 -9999 -9999 -9999 -9999 -9999 -9999 -9999 -9999 -9999 -9999 -9999 -9999 -9999 -9999
55.219495164261 55.1799969146332 55.3019093698304 55.3270978854587 55.2663054551906 55.0728297951519 54.8373661776168 54.992640222221 54.8389001119406 54.7767080739881 54.5615028923203 54.7231140739103 54.7791803052389 54.5175636896349 53.8940250448186 53.3904314664258 54.1477800126724 54.406658741024 54.3226669767814 53.6968990862577 54.249155866619 53.8826291512164 53.8497494991888 53.9517182019134 53.2590597172466 52.510049246049 52.6210604470522 53.0131980859485 -9999 -9999 -9999 -9999 -9999 -9999 52.0642880893419 51.9341609167176 52.0043438550591 -9999 -9999 -9999 -9999 -9999 -9999 -9999 -9999 -9999 -9999 -9999 -9999 -9999
55.2006242169553 55.2678238622684 55.2442071290194 55.2351575254597 55.2527320847904 54.877119021086 54.974292061352 54.8416712308392 55.0671494113825 54.503688412586 54.1890216700953 54.6227534256573 54.4216148202755 54.4472280235145 54.1710455601225 53.8112954533766 54.1484830954983 54.4450648295898 54.5452168122563 54.2242203125148 54.5376686908637 54.0602540335233 53.4628180667762 53.8145596931227 52.8873063134463 52.6647087841611 -9999 -9999 -9999 -9999 -9999 -9999 -9999 -9999 52.0455096734957 51.8040257386321 51.9931481818795 -9999 -9999 -9999 -9999 -9999 -9999 -9999 -9999 -9999 -9999 -9999 -9999 -9999
55.1395836493977 55.1598593944751 55.2596182792527 55.0321313409331 55.1093296507734 54.7940096180833 54.7790533246598 54.6024474202304 54.7824119222192 54.5523341083368 54.2044197368434 54.1016946703848 54.4007788732855 54.4354230203997 54.1793637564158 53.8792491874801 53.9967253688084 54.1409737634743 54.1384424551568 54.0811346443289 54.315274721818 54.3211478100182 -9999 53.8675336118692 53.1836359506581 52.9724133851155 -9999 -9999 -9999 -9999 -9999 53.0366511314217 53.0006577047604 52.780603911781 52.3680381034967 -9999 -9999 -9999 -9999 -9999 -9999 -9999 -9999 -9999 -9999 -9999 -9999 -9999 -9999 52.109723291545
-9999 55.1516295790359 55.1350875967767 55.1618897172997 55.2201308269103 54.8883057027034 54.7423452078515 54.7175461494038 54.9424091954911 54.8335590747527 54.4994224497384 54.3756554314902 54.762790869897 54.6674553430694 54.302515190543 53.989131362401 53.8594464493153 53.8948111574567 53.7858500933907 54.2129311735233 53.9775088623527 53.4893035169567 53.3311846585535 53.5453732651776 53.140348064879 52.7833199555123 -9999 -9999 -9999 -9999 52.4975787241982 53.0222597697585 53.1399211160417 52.9948465788051 53.2068086882623 -9999 -9999 -9999 -9999 -9999 -9999 -9999 -9999 -9999 -9999 51.6248473189915 51.6067711953606 51.7090985062692 51.5673003228914 51.5357378503232
55.1551913693885 55.2000762787703 55.1455691046248 55.2806756879116 55.4161790943891 54.9782748252511 54.9399026039864 55.1747841428038 55.0935841357016 54.7221529360474 54.1697609809663 53.9585619050591 54.1067059764624 54.4411659598009 54.3898597847571 54.275013373643 53.788492483904 53.903173311701 54.1021331710981 -9999 54.0733702577296 53.1434034123227 52.8640414792946 53.1441875783476 52.7251724138229 52.8636827490454 52.7902723719844 -9999 -9999 -9999 52.3799079556423 52.6109615146955 53.0293350453431 53.0528339218828 53.1353844656955 -9999 -9999 -9999 -9999 -9999 -9999 -9999 -9999 -9999 -9999 51.6221359737282 51.5495842227547 51.4574757920207 51.1368493362824 51.3951269118384
55.2826461519092 55.0164591906023 55.0824244309124 54.9467085908145 55.1459988056902 54.9401525639058 54.7269057884228 54.4174264332393 54.8094094983057 54.6235624903228 54.0998566095614 54.3793788354261 54.3868627884224 54.2302506573629 54.2904451116633 54.3757495779135 54.5081132749177 54.466334912468 53.979678581081 53.41869203242 -9999 53.3435782377818 53.0031803194517 52.8801011001514 53.1195784101511 53.1223236400706 52.881070543711 52.5282496872445 -9999 -9999 -9999 -9999 53.1993573862797 53.3694811515886 -9999 -9999 -9999 -9999 -9999 -9999 -9999 -9999 -9999 -9999 -9999 -9999 51.6773000847342 51.6667580892808 51.3622259578615 51.3942037964975
55.1864808228781 54.9868845247328 54.9949684825061 54.9149960968705 54.8249558403353 55.0365832206983 54.8879054427143 54.5377798048724 54.7141407640995 54.6540109099588 54.4354811516151 54.4917149343878 54.5843641899941 54.2090074344887 54.2051796161877 54.1986329820864 54.0340108757745 53.8001360753043 53.9441325806082 53.3851782205759 53.9395492886309 53.5515575433662 52.7495703438492 52.720815828773 53.2571725517379 53.1958897626612 52.9151555992822 52.6152127567322 52.5826770453379 53.0585513874927 52.8061814975232 52.5240331561431 -9999 53.2832001655968 -9999 -9999 -9999 -9999 -9999 -9999 -9999 -9999 -9999 -9999 -9999 52.2588466917417 52.3653728724256 52.0251626385686 51.3216414193846 51.3285265571821
54.9650710550344 54.9404367845713 54.9432471066713 54.8936866192648 54.9758863057487 54.9638236722726 54.7164640469306 54.4830492814305 54.7926562600126 54.78345782375 54.6613169675732 54.8143082927524 54.6646262917823 54.1765664142649 54.1503783497986 54.2112272667989 53.8601818034227 53.4342247253775 53.7621011670038 53.9100847250361 54.1679895988909 53.6945113457229 52.9724992523205 52.4778379791537 52.9703967671839 53.1358388711818 53.0110930621487 52.6511728769104 52.6565747081646 52.82861587187 52.9350873925929 52.7812929472914 52.7928138779583 53.1616504411025 53.0228373381984 -9999 -9999 -9999 -9999 -9999 -9999 -9999 -9999 -9999 -9999 52.6689831186135 -9999 52.0205941109398 51.3733559546444 51.2810347433493
55.0554608448334 55.0333648223822 54.9770033012182 54.9666944115887 55.089910303402 54.9739686548407 54.6156505326118 54.3382658482557 54.8936404316819 54.7586713418741 54.8616103608452 55.0540775126117 54.705384661525 54.1472150313164 54.123497326097 54.2203044071961 53.7167872266472 53.668890663174 54.1698377053763 53.6626643804059 53.6814006552715 53.7631834329344 53.0637499477042 52.4325130924846 52.5932501866932 52.8680480059355 53.1437548099841 52.6909462675067 52.5587104549838 52.5369443162818 52.6156272438507 52.8545207262335 52.9703359848666 53.1463387575796 52.9043819060266 52.8304176338873 52.7312867549533 52.5919453311517 52.3794078087102 52.1775852474857 -9999 -9999 51.9589799958624 -9999 -9999 52.275434615058 -9999 51.4998146199239 51.4282252281601 51.4448861699415
