rcp4.5models/MPi_ESM_LR/sc1gr7.31
NCOLS 261 
NROWS 433 
XLLCORNER 336357.134 
YLLCORNER 654653.479 
CELLSIZE 1000 
NODATA_value -3.4e+38 
[rows 286 to 307 of 433, columns 49 to 97 of 261]
49.4002685546875 49.3981399536133 49.5222396850586 49.6274757385254 49.6442031860352 49.6851387023926 49.805793762207 50.2219696044922 50.4579391479492 50.7823524475098 51.0461273193359 51.1934585571289 51.3207740783691 51.9052429199219 52.5514373779297 52.5255165100098 52.603084564209 52.8551826477051 53.0703125 53.7625579833984 54.066349029541 53.8912734985352 54.4024124145508 54.8627052307129 54.977668762207 55.8662376403809 56.1887893676758 55.6507568359375 56.2151069641113 57.955192565918 60.1013221740723 60.3797454833984 58.3229446411133 59.3112640380859 61.3630065917969 62.7975006103516 63.4311027526855 62.9228057861328 63.9943428039551 65.7309799194336 65.9355545043945 66.7082977294922 66.7991714477539 66.873893737793 66.2202529907227 65.7745590209961 66.1485290527344 67.6692047119141 68.3666229248047
49.4006118774414 49.4207649230957 49.5197601318359 49.5902290344238 49.6148719787598 49.6872825622559 49.8603286743164 50.2538833618164 50.4260559082031 50.7734642028809 51.0890197753906 51.3183937072754 51.4040069580078 51.7859153747559 52.3031959533691 52.5075225830078 52.7008209228516 52.9158973693848 53.2825584411621 54.0639190673828 54.6238327026367 54.299991607666 54.8777313232422 55.8571434020996 56.3749809265137 57.0111122131348 56.5616874694824 55.9103393554688 56.8779067993164 58.1620826721191 60.2880058288574 61.0761795043945 59.1771926879883 60.5279159545898 62.7314529418945 62.7648429870605 62.758228302002 63.2021331787109 64.7741012573242 66.4846649169922 67.6389465332031 67.8169860839844 67.6384506225586 68.1685180664062 68.3983917236328 68.9534683227539 70.0423965454102 71.1538848876953 71.6398086547852
49.3925819396973 49.3382911682129 49.366024017334 49.5021362304688 49.6205558776855 49.6835098266602 49.8840560913086 50.2793846130371 50.3875846862793 50.6996383666992 51.1575813293457 51.4604454040527 51.6227874755859 51.9339332580566 52.4042816162109 52.7092399597168 52.6854782104492 52.7758865356445 53.6537742614746 54.201904296875 54.7707748413086 54.6775512695312 55.4505386352539 57.03857421875 57.6053619384766 57.1313438415527 56.6811981201172 56.8690071105957 57.0742797851562 58.7759437561035 59.9545516967773 60.6987419128418 60.0248413085938 60.6740226745605 62.1169929504395 62.7522850036621 63.7293395996094 64.2458419799805 65.5381622314453 67.1277542114258 68.6771011352539 69.2710571289062 68.9231185913086 69.1062698364258 69.592170715332 70.8039245605469 72.2755355834961 73.0739669799805 73.2202301025391
49.2906379699707 49.3073959350586 49.3616409301758 49.415657043457 49.5076904296875 49.6145286560059 49.8216972351074 50.3491096496582 50.483814239502 50.7117195129395 51.0953216552734 51.4812393188477 51.8139991760254 52.0594482421875 52.4255027770996 52.7234230041504 52.6338119506836 52.7111740112305 54.2487564086914 54.6275253295898 54.9944229125977 54.7495079040527 55.419361114502 57.2957344055176 57.5467147827148 56.431827545166 56.6307716369629 57.9196586608887 58.5695915222168 59.5301361083984 60.2644577026367 61.3665962219238 61.2026901245117 60.4582366943359 61.9992828369141 64.0053329467773 65.1711807250977 65.2072143554688 66.6114959716797 68.4812850952148 69.6184692382812 70.3399353027344 69.9634780883789 69.905647277832 70.4642105102539 71.0813903808594 71.9111404418945 72.7440643310547 73.3354263305664
49.1618194580078 49.1929931640625 49.1819839477539 49.2653121948242 49.4517250061035 49.6366310119629 49.761360168457 50.222770690918 50.5478782653809 50.9175872802734 51.1590614318848 51.3720817565918 51.6848678588867 51.8691596984863 51.9813919067383 52.2346076965332 52.5827445983887 53.4356498718262 54.5398483276367 54.809886932373 54.8795471191406 55.154125213623 55.5534019470215 56.02001953125 57.3151054382324 57.8641548156738 58.1020774841309 58.297420501709 59.1664924621582 61.1429328918457 61.8641929626465 61.0170936584473 60.3576431274414 60.2784690856934 61.5108222961426 63.0907554626465 65.0760650634766 66.3710479736328 67.9173126220703 69.1150512695312 69.6583251953125 72.1320419311523 72.1612396240234 71.7014617919922 71.2160415649414 71.8210906982422 73.9331359863281 75.5662231445312 76.4061660766602
49.1036071777344 49.0805473327637 49.1125030517578 49.2982444763184 49.4404144287109 49.5589256286621 49.7346229553223 50.168155670166 50.5528602600098 50.8699684143066 51.0601387023926 51.2323112487793 51.5734519958496 51.8213958740234 52.0131797790527 52.4197807312012 52.7009391784668 53.2550811767578 54.4811515808105 54.797061920166 54.9301414489746 55.3169937133789 55.5982360839844 56.533576965332 58.5251197814941 58.6913223266602 58.2557525634766 58.962532043457 58.9623794555664 62.1611022949219 62.1804733276367 61.5453796386719 60.7981910705566 60.8475227355957 62.0339393615723 62.379093170166 63.1497764587402 63.6957778930664 66.2406005859375 67.9320220947266 68.0996017456055 73.6493911743164 73.3234710693359 72.4657821655273 71.4813079833984 72.1474380493164 74.6037139892578 77.4486770629883 78.314453125
48.9588432312012 48.9814224243164 49.070068359375 49.2417526245117 49.3197860717773 49.4092025756836 49.5966720581055 50.1259956359863 50.4955444335938 50.7816886901855 51.0148277282715 51.2230033874512 51.5004119873047 51.707878112793 52.0710105895996 52.6262702941895 52.910945892334 53.1805572509766 54.125415802002 54.4728584289551 54.9384460449219 55.7603073120117 56.1313018798828 56.8661193847656 58.643180847168 59.0334129333496 58.571475982666 58.7986373901367 58.8919715881348 61.4385147094727 61.4187164306641 60.45263671875 60.3232421875 60.4990043640137 61.3457183837891 61.9941291809082 62.3479690551758 62.8276748657227 64.6840438842773 65.0124282836914 66.5632934570312 75.0536346435547 74.7708053588867 73.6986694335938 73.4466323852539 73.0277557373047 74.0166015625 78.6764373779297 79.4768142700195
48.7670097351074 48.8508682250977 48.9808044433594 49.1059226989746 49.2070388793945 49.2577590942383 49.4591674804688 49.971752166748 50.3540000915527 50.7160224914551 51.0182075500488 51.166202545166 51.3750228881836 51.6959915161133 52.1144943237305 52.6021575927734 52.9962539672852 53.2011985778809 54.4276008605957 54.6680679321289 54.9240188598633 55.9126777648926 56.5527687072754 57.0123558044434 58.5357551574707 59.9509811401367 59.8495063781738 59.4368553161621 60.5423393249512 62.1054153442383 63.4367866516113 61.268310546875 61.8437347412109 62.4207954406738 62.725284576416 63.994026184082 64.4277496337891 65.1426239013672 66.9346466064453 66.9609832763672 67.3414459228516 73.8893890380859 75.087516784668 73.4100952148438 73.4921112060547 74.0895462036133 74.1266250610352 78.1947555541992 79.8467712402344
48.5683822631836 48.6792602539062 48.8217010498047 48.9504470825195 49.0437088012695 49.1341171264648 49.4102439880371 49.9558906555176 50.2913093566895 50.6266212463379 50.8833312988281 51.0450096130371 51.2811813354492 51.6835823059082 52.0620155334473 52.4553146362305 53.0090789794922 53.4210586547852 54.437873840332 54.6957626342773 55.0257606506348 55.8949203491211 57.0349273681641 57.4649963378906 58.2205848693848 60.0475692749023 61.0369529724121 61.3778457641602 61.706184387207 62.5334091186523 63.7057037353516 63.6140480041504 63.7713775634766 63.5755043029785 64.1189575195312 64.8330841064453 64.4690628051758 66.2512817382812 69.661376953125 71.7284088134766 70.1411666870117 72.9989166259766 73.0902404785156 72.7222290039062 71.5915069580078 73.4202041625977 74.4218444824219 75.1901550292969 76.1193618774414
48.3579902648926 48.4567031860352 48.6675872802734 48.8280220031738 48.8398857116699 48.9469680786133 49.2933654785156 49.944709777832 50.1842193603516 50.4116592407227 50.6588172912598 50.9946784973145 51.316291809082 51.6627960205078 52.1910400390625 52.6328773498535 53.0999526977539 53.5058250427246 54.855712890625 55.2292976379395 55.2178421020508 56.1737442016602 56.8993110656738 56.9997367858887 58.2753982543945 60.0029716491699 61.1938858032227 62.5096855163574 62.6463241577148 64.0604782104492 63.6149406433105 64.1852874755859 63.5961265563965 63.2396545410156 65.0206985473633 65.4632797241211 63.9706687927246 67.0761260986328 71.6458282470703 74.4021759033203 72.6910934448242 75.5076217651367 75.1690139770508 74.0986480712891 72.9156799316406 75.239387512207 77.1927490234375 76.7801513671875 76.7472381591797
48.1596832275391 48.2578392028809 48.3346099853516 48.479061126709 48.6583480834961 48.8836059570312 49.1501960754395 49.8313522338867 50.0996055603027 50.3319931030273 50.5668487548828 50.8657264709473 51.2664604187012 51.716251373291 52.2021789550781 52.5920448303223 52.9680099487305 53.4656143188477 54.8554611206055 55.407398223877 55.4314308166504 55.9467506408691 56.2138938903809 56.9706840515137 58.8876457214355 60.0143928527832 60.6633110046387 62.7577438354492 64.5878829956055 66.1948471069336 64.6305389404297 64.4944610595703 63.9795799255371 63.9895248413086 65.0817108154297 65.5162048339844 64.5072860717773 67.9762649536133 73.4522018432617 74.8160781860352 74.8745269775391 78.2545471191406 79.0898132324219 77.2645492553711 76.2548980712891 77.8510131835938 79.8028335571289 80.9735412597656 81.446662902832
48.0123443603516 48.1623306274414 48.2647399902344 48.4260482788086 48.6516265869141 48.892765045166 49.1176567077637 49.7341995239258 49.9794731140137 50.1765899658203 50.4821968078613 50.8561058044434 51.2500534057617 51.6667747497559 52.0351066589355 52.5729141235352 53.0700492858887 53.5801200866699 54.5103569030762 54.9644737243652 55.4874839782715 56.1400947570801 56.7290306091309 57.7295532226562 58.7178153991699 59.3164672851562 60.3613090515137 62.4168891906738 64.4438858032227 66.2600784301758 64.9746780395508 64.6689682006836 65.111213684082 65.2599334716797 64.5598373413086 64.090202331543 65.1426849365234 70.3276519775391 75.9865112304688 75.9571075439453 74.7977676391602 79.3103103637695 80.5328674316406 80.5743942260742 79.1491241455078 78.4035797119141 79.9730453491211 82.0872497558594 83.2789001464844
47.9374465942383 48.074535369873 48.2467002868652 48.4258117675781 48.5979309082031 48.768856048584 49.042911529541 49.5560455322266 49.8001861572266 49.9564743041992 50.4299087524414 50.9677581787109 51.3985748291016 51.8315734863281 52.1998901367188 52.708610534668 53.2198181152344 53.6866569519043 54.5287971496582 54.8491897583008 55.3632965087891 56.5380249023438 57.9634284973145 59.0455780029297 59.6118965148926 59.8193893432617 61.0374336242676 62.5175628662109 62.9297523498535 65.2504501342773 65.826789855957 65.5251770019531 65.0353240966797 64.5213775634766 63.8001098632812 63.2022399902344 65.8537521362305 71.8088531494141 75.3709945678711 74.6205596923828 71.9520797729492 77.8859634399414 79.3915557861328 79.9476013183594 78.8908309936523 78.5776596069336 79.8610992431641 82.4247665405273 84.9363784790039
47.8598709106445 47.9339714050293 48.0696067810059 48.2565841674805 48.4323196411133 48.5245971679688 48.6736106872559 49.2187156677246 49.559513092041 49.8862419128418 50.3833084106445 50.9569931030273 51.441577911377 51.9092864990234 52.2936859130859 52.7275581359863 53.2359886169434 53.7313270568848 54.5739822387695 54.9390754699707 55.3763542175293 56.7152900695801 58.4345283508301 59.4384651184082 60.0420951843262 60.3105010986328 60.4470901489258 61.2206382751465 62.7172088623047 64.2556915283203 66.5183639526367 65.9144821166992 64.3022384643555 64.4677124023438 64.2215576171875 63.2661590576172 65.8711624145508 70.2242660522461 72.8628997802734 74.7551345825195 72.3511962890625 75.7084579467773 77.8544082641602 80.2041320800781 80.7412185668945 81.0443954467773 81.7945556640625 82.2637176513672 83.4064559936523
47.650821685791 47.6576881408691 47.6940002441406 47.8561248779297 48.1879615783691 48.367259979248 48.4287261962891 49.319766998291 49.6714248657227 50.0948600769043 50.5178184509277 50.9409294128418 51.3539543151855 51.6590118408203 52.1592063903809 52.8050079345703 53.2893257141113 53.785400390625 54.5013389587402 54.9586410522461 55.4356079101562 56.9147262573242 58.309928894043 58.5824241638184 58.704891204834 59.5468444824219 60.6911697387695 61.5574760437012 63.7089462280273 63.4430618286133 65.95068359375 67.5708999633789 66.6701889038086 65.3827514648438 64.5832061767578 63.7237663269043 65.7107162475586 70.3224182128906 73.6705322265625 74.8922271728516 72.7996826171875 76.8754730224609 79.1615905761719 81.7946319580078 84.079833984375 84.9362640380859 86.2253265380859 85.3145523071289 84.9023666381836
47.1314582824707 47.190299987793 47.3351898193359 47.4816474914551 47.6114959716797 47.8964080810547 48.170841217041 48.9972801208496 49.5319862365723 49.9653015136719 50.2964668273926 50.7543067932129 51.2189788818359 51.6597099304199 52.2385368347168 52.8130149841309 53.3482971191406 53.776683807373 54.4837989807129 55.088020324707 55.6732749938965 56.4047966003418 57.3028221130371 58.0519866943359 58.4955558776855 59.8751792907715 60.8193359375 60.8138313293457 62.0416259765625 63.3835601806641 63.9184188842773 66.4182434082031 68.5833511352539 67.1738662719727 64.2065277099609 64.1484603881836 67.5609664916992 72.8544769287109 74.6959762573242 74.099365234375 74.1359405517578 73.9766159057617 78.9074096679688 79.5274047851562 78.835578918457 81.7700271606445 86.8724670410156 88.5933837890625 88.5328903198242
46.7546005249023 46.8283157348633 47.0475883483887 47.248104095459 47.4336242675781 47.7996444702148 48.218620300293 48.8450317382812 49.350040435791 49.8329238891602 50.3102226257324 50.9165878295898 51.416748046875 51.8532333374023 52.3208084106445 52.8063278198242 53.2705574035645 53.6258583068848 54.7770843505859 55.3909492492676 56.2344169616699 57.2963638305664 58.6443176269531 59.5064239501953 59.3365097045898 59.6930885314941 60.6301116943359 61.2461891174316 62.8952674865723 65.2779998779297 64.5704193115234 65.5802688598633 67.3086166381836 65.3175659179688 63.8916816711426 64.7264556884766 66.5614776611328 72.266471862793 76.1109161376953 72.0029144287109 70.154670715332 70.4523162841797 73.4783325195312 75.2915115356445 75.1480560302734 75.9528503417969 82.0421295166016 86.4363861083984 90.2758483886719
46.5115852355957 46.6295509338379 46.9044609069824 47.1873016357422 47.4771156311035 47.8704223632812 48.3061065673828 48.8886566162109 49.3589286804199 49.892707824707 50.4208374023438 50.961971282959 51.4283752441406 51.9476928710938 52.4200439453125 52.8362350463867 53.336296081543 53.8572006225586 55.0268096923828 55.6291542053223 56.4931030273438 58.1144561767578 59.7879600524902 60.3543548583984 60.1537818908691 60.1105995178223 62.8879776000977 65.1289138793945 64.7440185546875 65.4622268676758 64.3864059448242 65.3518524169922 66.7010040283203 64.6209182739258 64.5476913452148 65.7558746337891 67.1978759765625 69.7176361083984 71.2801818847656 70.6303939819336 71.5833129882812 71.9931335449219 74.672607421875 81.6406097412109 84.1479568481445 83.7179107666016 85.7788314819336 87.9400863647461 91.2881164550781
46.373161315918 46.504322052002 46.7023582458496 46.9654731750488 47.2371826171875 47.6573219299316 48.131778717041 49.0740623474121 49.5837707519531 50.0138473510742 50.8805198669434 51.3605003356934 51.4072227478027 52.0523681640625 52.6006164550781 53.0323257446289 53.5554428100586 54.1585922241211 55.271728515625 55.990364074707 56.6867408752441 58.2546005249023 60.0848770141602 60.8475189208984 60.719898223877 60.5952758789062 62.8426055908203 64.703125 64.3277130126953 63.9008255004883 63.172924041748 64.3012771606445 65.0921173095703 64.3296508789062 65.0139617919922 66.3430633544922 67.0429306030273 67.0348739624023 69.1125869750977 74.1735687255859 76.3772888183594 78.9616775512695 81.1330108642578 88.2330703735352 88.9085388183594 88.8456954956055 91.3732528686523 91.035041809082 89.9568252563477
46.3237228393555 46.3690071105957 46.6849708557129 47.0613670349121 47.3195266723633 47.5131797790527 47.8276023864746 49.0463218688965 49.7153739929199 50.2829780578613 51.3185043334961 51.7412986755371 51.6122055053711 52.333797454834 52.9272994995117 53.3014907836914 53.7310905456543 54.2937545776367 55.3946075439453 56.2737693786621 57.1717376708984 57.8782577514648 59.3998374938965 60.7847442626953 60.9587326049805 61.371955871582 62.291690826416 63.5270690917969 65.3533706665039 64.3429870605469 63.380542755127 63.5836753845215 64.0443878173828 64.1602935791016 65.0583038330078 65.9883728027344 66.4430313110352 67.7275924682617 72.4734344482422 78.1643524169922 79.2450408935547 83.3938751220703 85.650634765625 89.8282470703125 89.5966720581055 89.21923828125 92.7039184570312 92.6380920410156 91.3268356323242
46.3921661376953 46.5430641174316 46.9750785827637 47.3658218383789 47.5191345214844 47.5165901184082 47.8270797729492 48.9671592712402 49.6913108825684 50.4780158996582 51.0541458129883 51.3039321899414 51.6979370117188 52.248664855957 52.9286003112793 53.4592094421387 53.7302017211914 54.2657432556152 55.4360198974609 56.3284492492676 57.2288932800293 57.7544136047363 59.0792922973633 60.7221069335938 61.6083030700684 62.3831024169922 62.6040458679199 64.6288375854492 68.0569000244141 66.0690536499023 64.4000625610352 63.6495666503906 64.2047958374023 64.4599685668945 65.1809387207031 65.9956207275391 67.126579284668 69.5894622802734 74.1452407836914 78.953727722168 78.313232421875 79.4145660400391 81.96484375 84.0949554443359 87.8369140625 90.7135696411133 93.4744644165039 94.6106491088867 94.6546173095703
46.4159889221191 46.6177520751953 47.0357093811035 47.3891906738281 47.4407386779785 47.5537948608398 48.100212097168 48.9195137023926 49.331958770752 49.9376449584961 50.5427169799805 51.103816986084 51.7159843444824 52.2857513427734 52.926456451416 53.5030479431152 53.7751502990723 54.2911987304688 55.4653930664062 56.3196563720703 57.0463256835938 57.8571128845215 58.9925727844238 61.0449714660645 62.474365234375 62.9530830383301 64.1606750488281 65.5793762207031 66.824577331543 65.7287445068359 64.5682754516602 63.8771095275879 64.6571044921875 65.7810821533203 66.5743713378906 68.3153762817383 69.9690475463867 71.0512313842773 73.3688430786133 75.8283004760742 75.3984222412109 76.8198776245117 77.0300979614258 80.0190505981445 87.6830520629883 91.1924667358398 90.5106048583984 92.5404815673828 92.7658462524414
