rcp4.5models/MPi_ESM_LR/sc1gr10.3
NCOLS 261 
NROWS 433 
XLLCORNER 336357.134 
YLLCORNER 654653.479 
CELLSIZE 1000 
NODATA_value -9999 
[rows 220 to 241 of 433, columns 200 to 249 of 261]
676.976329415021 678.98605343653 683.061057002234 689.421327726554 690.607175829373 692.908394259369 698.293951006962 699.939962047255 701.681008498996 706.225413746475 711.707368367569 714.392511413213 715.981228945524 719.461119391062 721.456582049813 725.870357811238 731.162736368828 733.521513799942 735.701189596679 739.188493676788 742.431612229141 745.509108222849 748.204100603571 -9999 753.8789572249 756.60839100208 762.623603699407 766.024788370111 -9999 -9999 -9999 -9999 -9999 -9999 -9999 -9999 -9999 -9999 -9999 -9999 -9999 -9999 -9999 -9999 -9999 -9999 -9999 -9999 -9999 -9999
677.823781095441 679.734369307396 684.040586684783 688.931326057602 690.86895297167 694.46786440803 699.834862156691 702.011533603096 702.893046730159 708.363539935031 713.970135593652 714.722641105924 716.33772398306 718.69180033155 722.172710085771 726.607569490824 729.480749419468 732.801799710475 735.862336699329 737.334127575094 740.350955866603 744.373591924587 747.022154369536 -9999 752.904336503314 755.953631521411 762.177808068288 765.295527163862 -9999 -9999 -9999 -9999 -9999 -9999 -9999 -9999 -9999 -9999 -9999 -9999 -9999 -9999 -9999 -9999 -9999 -9999 -9999 -9999 -9999 -9999
679.30583644005 680.722659126539 684.947207788569 689.095204705092 691.900698167817 695.601248627693 699.102250864472 702.540251297031 704.720903780119 709.098261903134 713.58613673224 715.697259554441 716.959274149409 719.127538905443 722.798526222796 725.834107369351 727.722228474379 730.503554994025 734.075101423114 737.043346668218 -9999 -9999 -9999 -9999 752.297202457748 755.704674214162 761.089621472792 764.609332615675 767.617078460902 -9999 -9999 -9999 -9999 -9999 -9999 -9999 -9999 -9999 -9999 -9999 -9999 -9999 -9999 -9999 -9999 -9999 -9999 -9999 -9999 -9999
679.734459407459 682.726545740276 686.456864809598 688.873341819615 691.519268533907 694.880349622096 699.528983562167 704.450244320028 705.501850273582 707.657914684386 709.99751584915 713.124451013604 715.335093472247 717.966139628869 722.282137893227 724.352957572073 726.927355733788 729.600697260218 732.690590056795 736.138744782838 -9999 -9999 -9999 -9999 750.982411847236 754.413342532386 760.293776686288 763.857583084711 767.341811877754 770.078908386772 773.213511065872 -9999 -9999 -9999 -9999 -9999 -9999 -9999 -9999 -9999 -9999 -9999 -9999 -9999 -9999 -9999 -9999 -9999 -9999 -9999
677.74395964319 681.289303503587 684.382611472803 688.091798270819 690.920696110592 694.137538618474 698.957152868101 704.941476891237 707.405969998761 707.992317969845 709.024844461283 710.889083589338 712.961471151643 715.903177479561 721.475471997804 724.513888851959 727.835309876386 729.507755188572 731.923075250549 -9999 -9999 740.945681817473 743.966314605053 746.748167679292 749.782899024792 752.930559496729 760.13612858095 762.809842648864 766.210695170297 769.527913997389 772.466712594572 775.261986270823 778.24491688616 -9999 -9999 -9999 -9999 -9999 -9999 -9999 -9999 -9999 -9999 -9999 -9999 -9999 -9999 -9999 -9999 -9999
676.394463657683 -9999 -9999 690.328102217476 692.424806949939 695.174674999462 697.544831714385 701.372143334858 706.355320307148 709.043608679659 710.353412064311 711.670179551744 712.982047454682 715.564386535357 720.677917331971 724.370168571221 728.961255595324 731.016548332123 732.452957699716 734.652718616609 737.64174540628 740.787305047846 743.728762650521 746.921340576832 749.756171295202 752.377842562017 759.584844878848 762.86872690389 765.575232672605 768.783658371291 771.704268706294 774.326069994694 777.07541101935 780.689288898668 -9999 -9999 -9999 -9999 -9999 -9999 -9999 -9999 -9999 -9999 -9999 -9999 -9999 -9999 -9999 -9999
677.719606077947 681.489032295114 684.851029438651 697.656332548951 698.985097225102 696.256874097547 697.212262845489 698.988572021777 703.089182680655 706.68467190913 709.40839146292 712.186720786007 713.31286556216 715.40698587138 721.269211687845 725.317614724015 729.419323748479 732.505009205665 734.643785690957 735.601933893416 737.620213639483 740.685414697695 743.820037744291 746.558244507921 749.344026041411 752.241780142863 758.371551960104 761.989686756493 765.145923212177 768.061516660542 771.221807906518 774.293992281683 776.597999884059 779.675230800827 -9999 -9999 -9999 -9999 -9999 -9999 -9999 -9999 -9999 -9999 -9999 -9999 -9999 -9999 -9999 -9999
679.247975917729 684.787504893427 690.084955472616 698.933888821162 698.694049725171 695.153923822451 696.534001727863 699.055597964092 702.352081695063 704.22928481574 707.391722886323 710.908241133519 712.802147665071 715.171611149153 721.893823461265 725.717708772888 728.470368072391 730.973808939543 734.86859647582 738.021536111301 738.170991500629 740.752021136592 743.758350629355 746.116324281516 748.581682731491 751.775255546704 757.657612848655 760.394701367443 763.885170900966 767.237689170523 770.568368406666 773.960750633115 776.186478859416 779.034033619545 781.916509862048 -9999 -9999 -9999 -9999 -9999 -9999 -9999 -9999 -9999 -9999 -9999 -9999 -9999 -9999 -9999
682.846025881234 685.602590272235 693.042786472295 693.802314912785 693.886798199397 694.249466534633 696.768321141416 700.006139007478 702.802261553619 704.454837583881 707.1153907596 709.931451702086 712.369968931399 715.092672675813 721.646455953265 724.353943956764 726.096459546422 728.768100418172 733.484271105666 738.542558871587 739.025973484115 740.556395272576 743.127707014279 745.784024998471 748.388424932119 751.459484556111 757.19422578383 759.507565248486 762.581564731008 765.866436262576 769.468517302427 773.220374898861 775.619785530251 778.625942298735 781.333811334487 783.68450157157 -9999 -9999 -9999 -9999 -9999 -9999 -9999 -9999 -9999 -9999 -9999 -9999 -9999 -9999
689.375566571845 684.328810774097 690.009695461203 702.936692617537 700.995081633068 700.326580834885 703.095420489806 702.66289362899 706.219604746753 706.74698930155 708.347788310436 710.951989927343 713.649608714513 715.643713559566 720.875355960821 722.965863117194 724.885720214568 727.702114614925 732.026525128271 736.305504761456 738.146445649795 740.020122488775 742.275478386375 745.317813142605 748.446345995069 751.149399278503 756.509655450335 758.834056262964 -9999 -9999 -9999 -9999 775.002892331608 777.84008950437 780.391838617807 783.188903374927 785.85612703916 789.986694335938 -9999 -9999 -9999 -9999 -9999 -9999 -9999 -9999 -9999 -9999 -9999 -9999
686.726995245422 684.989051744144 689.514919382204 709.074021867267 712.0376395868 707.450591605313 714.595854754748 711.027337577097 707.623946663446 708.852365283172 709.808563930421 711.742293481016 714.144287450223 716.366658993649 721.043305224125 723.168265104418 725.540431351865 727.841955649799 730.933895968933 733.936814578222 736.816514526368 739.441764470841 741.972976233033 744.792585096887 747.707960871208 751.247263584242 756.99187262296 759.119752660513 -9999 -9999 -9999 -9999 -9999 776.219478168007 779.454513875255 782.326484337485 784.908592986516 791.06026804339 793.735473632812 -9999 -9999 -9999 -9999 -9999 -9999 -9999 -9999 -9999 -9999 -9999
697.469708844487 693.997891558937 697.023305043069 699.827975434073 700.022660743423 700.304934053731 701.575785459287 706.459780001237 705.964100724626 706.397956423355 712.610975626327 711.495844422162 710.774214730257 714.258485619741 719.299187877327 721.899882329376 724.659843702633 727.600764512636 730.483527803631 733.584189014194 736.305205771539 738.946325903076 741.688907713684 744.89478302989 747.451097307658 749.369579669979 754.392756843221 -9999 -9999 -9999 -9999 -9999 -9999 -9999 -9999 -9999 782.455368080983 789.878451672737 791.849508250184 794.973122739955 -9999 -9999 -9999 -9999 -9999 -9999 -9999 -9999 -9999 -9999
703.268119586818 695.608575704169 698.317760161241 699.910405713026 697.504566942361 699.006176326847 698.033619539042 700.474593824223 702.993299986592 704.510825123428 710.118603750186 710.330213968584 710.096242499419 713.318474939918 719.009915718459 721.689611898424 724.531397570028 727.670935362961 731.065310595271 733.644819414399 735.983556809799 738.431850369122 741.46450339361 744.800296489613 747.035810591245 748.239767852831 753.556273092292 756.508745464951 -9999 -9999 -9999 -9999 -9999 -9999 -9999 -9999 -9999 788.81546420384 791.562380146075 794.743411615727 797.057999625449 800.233079063667 -9999 -9999 -9999 -9999 -9999 -9999 -9999 -9999
693.732855892841 693.599277062934 695.686830179425 703.154347774977 695.98140432259 699.399730560555 700.602585723634 -9999 701.420933724602 704.443466291915 707.036055241368 708.270126787079 709.980120783384 712.77306103929 719.045301916713 722.076164908835 724.68566797828 727.633762443456 731.146568373525 733.465344111746 735.772373698992 738.507129392599 741.710494188023 744.189060710326 745.7789551966 747.477156725347 752.810366692633 -9999 -9999 -9999 -9999 -9999 770.600875559824 -9999 -9999 -9999 -9999 787.558795086516 -9999 792.755497642663 796.220016800164 -9999 -9999 -9999 -9999 -9999 -9999 -9999 -9999 -9999
687.930563057673 691.224309136409 693.558315241299 700.659852217731 697.314880560954 698.113722476005 705.332193454708 709.888940535174 700.285322107303 703.463401321429 705.413318149268 707.705596237082 710.3262044562 712.957795522225 719.002008728954 722.28580698336 724.739476356319 727.751326419208 730.988123390486 733.274506796064 735.625536509199 738.077972900785 740.748260940122 742.906121023081 744.6081575061 746.923557010525 752.439469445818 756.301566467576 758.665324150192 760.899439661759 -9999 766.655142179564 770.880446458817 772.150916783076 774.648538307053 -9999 -9999 786.565311620204 789.133590728321 -9999 795.20840183762 -9999 801.930251706569 -9999 -9999 -9999 -9999 -9999 -9999 -9999
687.144624162746 688.258303556602 691.533172317897 698.593269996083 700.399732235709 698.091298155107 702.975918388564 709.091004392007 701.89014225614 702.674417817861 706.007496030254 709.328757936853 710.883903681595 712.946574563924 718.930153325472 722.364659072865 724.848877767591 -9999 730.425014065819 733.148052145132 735.307935321972 737.408171631196 739.819759722709 742.218304870079 744.563276449492 746.72598276036 752.382052572457 756.044516186327 758.17449699333 760.541137327174 763.150663817108 766.287698409176 770.124484283694 771.499870393901 -9999 -9999 -9999 785.209294379198 788.144074984432 790.554673306685 793.334706184038 -9999 800.82136082765 803.481771649573 -9999 -9999 -9999 -9999 -9999 -9999
686.985020145101 686.366870873632 690.173895767087 698.189885068441 700.348135052635 700.3908093348 699.70646036653 700.815553338799 702.462553008978 703.292388164338 706.760747666842 710.348174783771 710.682548345056 713.001209424787 718.758368018082 722.189743720036 724.899598904416 727.716558654403 730.800070140717 733.803545480029 -9999 738.072068340916 741.631813221529 742.958506010332 744.580496957649 746.961519761318 752.304288040847 755.696737132326 757.243095902768 759.999128255807 762.707648802619 765.718673378565 769.3913274033 771.020518004603 -9999 776.765459547209 -9999 -9999 787.194876588951 -9999 -9999 -9999 799.693271934072 802.679938989704 -9999 -9999 -9999 -9999 -9999 -9999
686.962626188398 687.519604514782 690.187134765616 696.603666060093 698.769833475457 700.121654751848 701.046282934756 -9999 702.183572024082 704.192925374683 707.892959006315 709.923448140681 710.886104280461 713.251555488996 718.792211355375 722.14641589199 725.160741463973 728.411512999344 730.900854497941 -9999 735.381612436416 739.325758858072 744.195037113524 744.214051909394 744.544184882375 746.851562610902 751.929031153368 754.750779627331 756.802424615572 759.672642754091 762.798508068342 765.771683141579 769.209348790667 770.692996353976 773.252984354594 776.21497282405 778.576430638142 -9999 -9999 -9999 -9999 -9999 -9999 802.618739742136 805.816744615983 -9999 -9999 -9999 -9999 -9999
683.917367172904 686.302674565376 689.887520554647 696.219243336481 699.864645076814 697.682055478479 700.19939605183 700.866398091564 702.409849376108 704.803960903988 707.222527095667 708.886429298672 710.896849423294 713.549943861896 719.051257408658 722.031903689374 725.222544649529 729.080403616492 731.379945826039 733.540487873847 737.283718032392 740.694633264038 743.839386335338 744.013887764809 744.332908032912 746.563422987174 752.223747824877 753.894144006268 756.635973221974 759.426763258121 763.056581274101 765.88616097588 768.651536398375 770.850082735349 773.222817066105 775.663049973958 777.78999577014 -9999 -9999 -9999 -9999 -9999 -9999 802.379766535152 805.672381405327 808.574125516942 -9999 -9999 -9999 -9999
682.725744676705 684.181106622309 688.940315931232 695.736475111417 699.605283531931 697.770202727511 698.009339418044 700.787677155852 702.161201627317 704.382818034204 706.138215567993 708.17984303727 710.786106383381 713.902849205476 719.004266763208 722.048210785397 725.541126160845 730.707174449318 734.179439163318 735.305621349613 738.592043122383 742.690109081041 743.566522670822 743.022004613782 744.78289448063 747.567615501977 752.946394956798 753.833362442044 756.413152216287 759.742330210528 763.947022834162 766.651729554534 768.555756592453 771.129319166855 773.49588419307 775.56026218626 777.883626505008 -9999 784.937822692702 787.306273754831 -9999 -9999 -9999 -9999 805.145953500217 807.839347954489 -9999 -9999 -9999 -9999
683.479967097113 684.760257398828 687.668269269046 693.039969596033 695.999048525247 697.301607162943 697.703310410243 700.330595448994 702.791754166417 704.151267598499 707.032681792666 710.723497101113 712.228657602531 713.989048630368 718.837433516276 721.981834685573 -9999 731.506792522132 735.340324610664 736.259616868425 737.111691942807 741.370001159561 742.650254151769 742.462429639628 745.114538361348 748.541169506891 751.544698805861 753.451356293775 756.508895994288 760.113581476627 765.073259732435 767.789960097272 769.454667925386 771.342094597321 773.611935751296 775.558347358582 777.43579647483 782.226229716679 784.951309194874 788.134617318698 -9999 -9999 -9999 -9999 804.041618355368 807.602412938409 810.654615964716 -9999 -9999 -9999
683.075813056082 685.322960176603 686.737285044888 692.730635611986 695.129381067704 696.639606096035 699.535943240912 701.10480083424 703.102035734006 705.753697329205 709.754189116057 712.74623376073 712.614900388229 -9999 718.70919764864 721.711040525559 -9999 729.547588401494 733.572773508309 736.49209629586 736.774645207058 738.7820463846 741.44572840322 743.670392324157 745.81891563733 747.831202648347 750.61811537054 753.052577567271 755.958933166006 759.831118303162 765.341070002795 768.190034801001 769.192440857631 771.069430901767 774.054037500637 775.916123186091 777.436648926643 781.747344123318 784.539779230092 -9999 -9999 -9999 -9999 799.439656031395 802.864912414388 806.798883407756 810.051397568493 -9999 -9999 -9999
