rcp4.5models/MPi_ESM_LR/sc1gr0.23
NCOLS 261 
NROWS 433 
XLLCORNER 336357.134 
YLLCORNER 654653.479 
CELLSIZE 1000 
NODATA_value -3.4e+38 
[rows 308 to 329 of 433, columns 98 to 146 of 261]
79.0493621826172 79.2297744750977 79.1496200561523 79.5342788696289 79.6173400878906 79.7368621826172 79.8382415771484 79.9385223388672 79.9197463989258 80.0956573486328 80.2192840576172 80.1428298950195 80.0210723876953 79.9658584594727 80.1208038330078 80.2879180908203 80.4204788208008 80.6070404052734 80.6007843017578 80.6672134399414 80.7530136108398 80.6099624633789 80.6207962036133 80.6531753540039 80.8765029907227 80.957275390625 80.9703903198242 81.050407409668 81.0898590087891 81.0278701782227 80.8776321411133 80.7919692993164 80.4546813964844 79.6922836303711 79.0321731567383 78.4507141113281 77.9585494995117 78.152473449707 79.0530166625977 79.6240921020508 79.9924163818359 79.6925506591797 78.6646347045898 78.1191101074219 77.9459991455078 77.6854400634766 77.6317672729492 77.5785827636719 77.1900253295898
79.120002746582 79.274284362793 79.1975860595703 79.5359954833984 79.8591918945312 79.8014984130859 79.8888244628906 80.0950622558594 80.1577529907227 80.2214584350586 80.1699981689453 79.9867782592773 79.8837509155273 79.9508285522461 80.2759323120117 80.4827270507812 80.6848602294922 80.7902755737305 80.7962341308594 80.7293014526367 80.7398452758789 80.6141891479492 80.5432586669922 80.4602279663086 80.5948333740234 80.7229461669922 81.0631942749023 81.0707550048828 80.792724609375 80.2399215698242 79.8319396972656 80.0292205810547 80.1861190795898 79.5654830932617 78.881477355957 78.3861465454102 78.0570755004883 78.0253753662109 78.5977478027344 78.9070663452148 79.505859375 79.6454544067383 78.6531677246094 77.875862121582 77.512077331543 77.5034637451172 77.6109085083008 77.4908294677734 76.9850387573242
78.5421371459961 78.7554626464844 78.9451370239258 79.400260925293 79.9109954833984 79.8638458251953 79.919189453125 80.1613922119141 80.2647399902344 80.3316345214844 80.1026458740234 80.0082168579102 80.1059341430664 80.2341384887695 80.5300674438477 80.6783981323242 80.8084564208984 81.014778137207 81.0408401489258 80.9522247314453 80.8123321533203 80.5338745117188 80.1986389160156 79.9331588745117 80.1530838012695 80.461311340332 81.2218399047852 81.0574645996094 80.4203567504883 79.6050720214844 79.0525894165039 79.1280059814453 79.4719924926758 79.2609558105469 78.8003768920898 78.1870803833008 77.6926193237305 78.0441436767578 78.1665725708008 78.2246170043945 78.8097381591797 79.472785949707 78.8589782714844 77.7796936035156 77.2145233154297 77.3928070068359 77.5086288452148 77.3388824462891 77.382698059082
77.6849212646484 77.5385284423828 77.9615631103516 79.0069427490234 79.6690292358398 79.9202651977539 79.9536895751953 80.1797332763672 80.2936019897461 80.3035354614258 80.077766418457 80.0229034423828 80.2354888916016 80.4676055908203 80.7475967407227 80.8592147827148 80.9186782836914 81.0612716674805 81.1141128540039 81.0758514404297 80.9531021118164 80.5586547851562 80.0397109985352 79.7286529541016 80.2570953369141 80.9165191650391 81.3564910888672 81.2134323120117 80.7337799072266 79.9594650268555 79.243034362793 78.8498611450195 78.8528747558594 79.0406875610352 78.9742584228516 78.5344314575195 77.7286987304688 76.8414001464844 77.0447235107422 77.5676040649414 78.3763732910156 78.8355026245117 78.5558929443359 77.5208206176758 76.7824554443359 77.1351699829102 77.3683166503906 77.3925857543945 77.7278671264648
76.9688491821289 76.5776519775391 77.4249114990234 78.8061752319336 79.6671142578125 80.033332824707 79.9613265991211 80.0811614990234 80.1658706665039 80.244140625 80.276481628418 80.240364074707 80.3559265136719 80.5789947509766 80.7567672729492 80.9996948242188 81.0883407592773 81.0363159179688 81.0577621459961 81.0138320922852 81.0200042724609 80.7015914916992 80.2369689941406 80.2306289672852 80.8060455322266 81.3395538330078 81.0648574829102 81.0411987304688 80.9253768920898 80.5296173095703 79.8720855712891 79.3661575317383 79.0726699829102 78.9927978515625 78.8990707397461 78.7680816650391 78.2764282226562 75.7362594604492 75.7741546630859 76.81982421875 77.7636032104492 77.4592666625977 77.0897674560547 76.5948257446289 76.3969497680664 76.8396530151367 77.2946243286133 77.7090148925781 77.9277191162109
76.2233047485352 76.4677734375 77.3314743041992 78.781982421875 78.9986877441406 79.5657043457031 79.7175979614258 79.5977401733398 79.9917144775391 80.3821487426758 80.5924301147461 80.7860412597656 80.9722518920898 80.9719390869141 81.0070037841797 81.1582260131836 81.0991744995117 81.0003509521484 80.8443222045898 80.6478500366211 80.6584701538086 80.5649719238281 80.3822860717773 80.5518951416016 81.2842712402344 81.4897918701172 80.7155075073242 80.1240692138672 80.1947402954102 79.9415969848633 79.9522552490234 79.9133987426758 79.4921264648438 79.1682281494141 78.8329238891602 78.5147247314453 78.3608474731445 76.7082061767578 75.6145706176758 74.6871566772461 74.1974258422852 74.2658233642578 75.2062683105469 76.4650192260742 77.0576553344727 77.285270690918 77.19677734375 77.3053665161133 78.0182266235352
76.11865234375 76.2372055053711 76.8327102661133 77.9245300292969 78.2194900512695 78.7412567138672 79.1078872680664 79.1298599243164 79.5589065551758 80.3723526000977 80.7588729858398 80.9205780029297 81.0412292480469 81.1941604614258 81.1029968261719 81.1253967285156 80.974494934082 80.9137878417969 80.5298919677734 80.2167358398438 80.3587188720703 80.3857269287109 80.2517700195312 80.3159790039062 81.0044250488281 81.4167175292969 80.6632995605469 80.1056823730469 79.6487808227539 79.4373931884766 79.5745239257812 79.5188827514648 79.2281188964844 79.1503677368164 78.9697418212891 78.7649993896484 78.2027587890625 76.8899536132812 76.734245300293 75.8786926269531 75.1727066040039 74.7354431152344 75.521354675293 76.7494583129883 77.3183746337891 77.2897872924805 76.8671951293945 76.7929840087891 77.6162109375
76.98974609375 76.9320983886719 77.0486831665039 78.2226638793945 77.8400344848633 78.1696090698242 78.9391784667969 78.8854751586914 79.1593246459961 80.1355590820312 80.8354034423828 81.0243148803711 81.1002883911133 81.1631240844727 81.2684097290039 81.1753005981445 81.0357055664062 80.7500762939453 80.1413116455078 79.942253112793 80.1866149902344 80.472526550293 80.4728698730469 80.4934387207031 81.070068359375 81.3820037841797 80.6667633056641 80.0925979614258 79.2240295410156 79.021110534668 79.2420883178711 78.9757919311523 78.7078170776367 78.8380966186523 78.5866546630859 78.4336929321289 77.6582641601562 77.1092910766602 77.6164169311523 77.3067626953125 76.4432830810547 75.7893371582031 76.0615463256836 76.9839096069336 77.4798202514648 77.112548828125 76.7280960083008 76.704963684082 77.5713577270508
78.0290908813477 78.2507247924805 78.0554122924805 79.3664321899414 78.5809020996094 78.2590789794922 79.199951171875 79.2665786743164 78.999641418457 79.8584442138672 80.7447052001953 81.0476989746094 81.1367797851562 81.1251907348633 81.156867980957 81.0984039306641 80.9924621582031 80.5080032348633 79.9530029296875 79.9218978881836 80.1472625732422 80.4682769775391 80.6876525878906 80.9037017822266 81.3473815917969 81.4052810668945 80.4558792114258 80.1625442504883 79.5091171264648 79.0214767456055 78.909049987793 78.4589080810547 78.1792831420898 78.2832260131836 78.0188369750977 77.7860488891602 77.2712860107422 77.2554092407227 77.6444778442383 78.1103973388672 77.6462707519531 77.3794784545898 77.3946304321289 77.667839050293 77.5270309448242 76.8163528442383 76.7775421142578 77.2647171020508 78.0442352294922
78.3396072387695 78.626220703125 78.6852340698242 79.7065734863281 79.4515686035156 78.6350402832031 79.140998840332 79.8787841796875 79.6041564941406 79.6669158935547 80.3387832641602 81.0417251586914 81.2789077758789 81.1962280273438 81.0104141235352 80.9861679077148 80.8150634765625 80.4471206665039 80.0639801025391 79.9696960449219 80.1557159423828 80.4596710205078 80.6463088989258 80.9062805175781 81.329460144043 81.3932876586914 80.5474624633789 80.44677734375 80.0842056274414 79.648323059082 79.2758712768555 78.5412063598633 78.0109176635742 78.2096481323242 77.8635711669922 77.1969985961914 77.2153472900391 77.6193237304688 77.5871429443359 78.277099609375 78.3303070068359 78.2445449829102 78.2288436889648 78.2297592163086 77.8730163574219 77.2563171386719 77.1257476806641 77.7166519165039 78.6895904541016
78.5187454223633 78.7562561035156 78.8896179199219 79.4949264526367 79.3992538452148 78.7590484619141 79.0354919433594 80.0729217529297 80.3384094238281 79.9570693969727 80.1757202148438 80.9167861938477 81.2423553466797 81.2031097412109 80.9951019287109 81.0226593017578 80.8907089233398 80.5988693237305 80.3534851074219 80.3048477172852 80.2964324951172 80.5227584838867 80.7521820068359 80.9058837890625 81.0881118774414 81.2492752075195 80.810920715332 80.6333999633789 80.4356155395508 80.26220703125 79.9780807495117 79.3760299682617 78.7932891845703 78.8072967529297 78.4747009277344 77.9154434204102 77.980224609375 78.4704208374023 78.1304168701172 78.1756286621094 78.3640518188477 78.1104431152344 78.0624160766602 78.1152496337891 78.0799407958984 77.9346542358398 77.935676574707 78.2318115234375 79.2032012939453
78.6411514282227 78.8849334716797 79.0421295166016 79.3525238037109 79.623893737793 79.2895812988281 79.2195205688477 80.0492706298828 80.7440567016602 80.6402435302734 80.5630187988281 80.9694137573242 81.1429138183594 81.1711730957031 81.1813125610352 81.1538619995117 81.0359420776367 80.740592956543 80.5870132446289 80.6353302001953 80.6514205932617 80.6670074462891 80.8207931518555 80.9239044189453 81.0082702636719 81.0354919433594 80.8357772827148 80.7568893432617 80.6442260742188 80.5510787963867 80.3559112548828 80.1694030761719 79.8305816650391 79.5512313842773 79.2820587158203 79.1469650268555 79.0150604248047 79.0182113647461 78.6129913330078 78.3270721435547 78.3900527954102 78.2093276977539 78.0952682495117 78.0938339233398 77.9907913208008 77.9755783081055 78.3009872436523 78.7873229980469 79.5297164916992
78.6014709472656 78.7366790771484 79.05908203125 79.4274673461914 79.9560089111328 79.9702301025391 79.5009078979492 79.8017349243164 80.6859359741211 81.0000991821289 80.939208984375 81.0272598266602 81.1293563842773 81.1941986083984 81.2874374389648 81.2756118774414 81.0587921142578 80.8181533813477 80.741325378418 80.788459777832 80.8975601196289 80.9505615234375 80.83349609375 80.8899307250977 81.0970764160156 81.0065383911133 80.7581939697266 80.8397827148438 80.7971801757812 80.6493911743164 80.4826583862305 80.4364242553711 80.2689437866211 80.0177764892578 79.8015365600586 79.7090606689453 79.4381790161133 79.0326309204102 78.5053939819336 78.1892852783203 78.3217544555664 78.2912979125977 78.2864074707031 78.3024063110352 78.0952453613281 77.9566040039062 78.1555404663086 78.7179107666016 79.8263473510742
78.3377914428711 78.4671401977539 78.9539184570312 79.3694686889648 80.0559005737305 80.430778503418 79.9277191162109 79.5845260620117 80.2743301391602 80.8982315063477 81.0998153686523 81.0739212036133 81.104377746582 81.2113342285156 81.1485595703125 81.1793441772461 81.0286483764648 80.8483276367188 80.8547286987305 80.8506317138672 80.9804458618164 81.0109176635742 80.9239654541016 80.9783172607422 80.9406433105469 80.8052520751953 80.7710800170898 80.9178695678711 80.8591232299805 80.6969146728516 80.5322875976562 80.4065933227539 80.2108306884766 80.0278854370117 80.0283508300781 80.055778503418 79.7219390869141 78.8509674072266 78.2872848510742 77.9114608764648 78.2932739257812 78.2662506103516 78.3309707641602 78.3091278076172 78.1500778198242 78.0676116943359 78.2589721679688 78.671745300293 79.8534851074219
78.4105682373047 78.4466171264648 78.847038269043 79.3579788208008 80.1619186401367 80.6515045166016 80.3615951538086 79.8027648925781 79.9947280883789 80.6065521240234 81.102897644043 81.2798919677734 81.3393630981445 81.3509750366211 81.0904541015625 81.0736389160156 81.1400299072266 81.100227355957 80.9786376953125 80.876106262207 80.9822311401367 81.0345077514648 81.0217590332031 81.0720291137695 80.8179779052734 80.4543762207031 80.6631164550781 80.8319091796875 80.7009887695312 80.5857238769531 80.4965667724609 80.3406829833984 80.1528015136719 80.0802230834961 80.073844909668 80.0962905883789 79.8043975830078 79.007209777832 78.4607391357422 78.0662307739258 78.2659072875977 78.1830825805664 78.1928558349609 78.1059646606445 77.7803802490234 77.7856674194336 78.3636932373047 78.8283615112305 79.7076263427734
78.9223022460938 78.7864685058594 78.8208618164062 79.45166015625 80.0806503295898 80.5948028564453 80.6288833618164 80.4181289672852 80.3184967041016 80.585563659668 81.0344009399414 81.3285217285156 81.5024108886719 81.5130081176758 81.0882415771484 81.097541809082 81.2621994018555 81.3610916137695 81.2182998657227 80.9238739013672 80.9216232299805 81.0884246826172 81.0608367919922 81.0502395629883 80.8679656982422 80.5410308837891 80.4283599853516 80.5962829589844 80.4979476928711 80.4844284057617 80.4852447509766 80.3853759765625 80.3051605224609 80.2616577148438 80.1229248046875 80.0977630615234 79.9224166870117 79.3189239501953 78.8266372680664 78.2906799316406 78.0808944702148 78.0802383422852 78.1120681762695 78.0356750488281 77.5817260742188 77.3557891845703 78.2352752685547 78.781379699707 79.6911926269531
78.9651031494141 78.9612274169922 78.8876113891602 79.5700073242188 79.9241409301758 80.5070343017578 80.7609405517578 80.8122024536133 80.8352203369141 80.86328125 81.1088104248047 81.268928527832 81.3951797485352 81.6109313964844 81.1430053710938 81.0343246459961 81.1101989746094 81.1916885375977 81.2356567382812 81.1427612304688 81.0468292236328 81.0913925170898 81.0354995727539 80.938720703125 80.7441101074219 80.5625610351562 80.3531112670898 80.5278015136719 80.5733489990234 80.5942077636719 80.6677322387695 80.608757019043 80.4264678955078 80.3073043823242 80.1185989379883 80.0596084594727 80.0178833007812 79.3434143066406 79.0751419067383 78.6382446289062 78.2806625366211 78.1790924072266 78.1470642089844 78.0751419067383 77.8711547851562 77.7528762817383 78.3513946533203 78.7039031982422 79.4367294311523
78.6406478881836 78.6283798217773 78.7328948974609 79.5283508300781 79.9380798339844 80.5047760009766 81.0328750610352 81.1663665771484 81.0914611816406 80.9088592529297 80.9770278930664 81.3122253417969 81.3088760375977 81.1647186279297 81.2967071533203 81.2725524902344 81.1943664550781 81.1211242675781 81.0538711547852 80.9882354736328 81.0146026611328 81.0732421875 80.9725189208984 80.6720352172852 80.580696105957 80.5188827514648 80.1351852416992 80.2760238647461 80.2813873291016 80.1953582763672 80.3412857055664 80.4548110961914 80.3885726928711 80.2916488647461 80.2754135131836 80.1646118164062 79.9833450317383 79.3883666992188 79.1387939453125 78.8988952636719 78.7452011108398 78.5793838500977 78.4395523071289 78.2876510620117 78.1409912109375 78.1574935913086 78.3721771240234 78.6622695922852 79.0411758422852
78.8019714355469 78.7870407104492 79.0105895996094 79.5135269165039 79.888916015625 80.4531173706055 80.9011917114258 81.0122451782227 81.0342559814453 80.8994903564453 80.9800567626953 81.2861938476562 81.3899917602539 81.2621459960938 81.129768371582 81.211311340332 81.3694076538086 81.1978530883789 80.9339828491211 80.9658355712891 81.077392578125 81.073486328125 81.027587890625 80.8947143554688 80.8415756225586 80.6622619628906 80.0032348632812 80.1419448852539 80.2129592895508 80.156982421875 80.3937530517578 80.4664611816406 80.3443145751953 80.1272048950195 80.0104522705078 79.821044921875 79.6967010498047 79.0809783935547 78.9343032836914 78.8731384277344 78.7809524536133 78.6591796875 78.4321670532227 78.2891387939453 78.1460494995117 78.1472244262695 78.2518157958984 78.6115570068359 79.5284118652344
78.9574356079102 78.94189453125 79.1746673583984 79.7517166137695 80.2342834472656 80.750732421875 80.8684844970703 80.9473266601562 80.9658126831055 80.8439636230469 80.8647079467773 81.0652923583984 81.2745819091797 81.3047561645508 81.1246643066406 81.0776519775391 81.3303833007812 81.2764358520508 81.057014465332 81.1119689941406 81.1303634643555 81.1106643676758 81.135498046875 81.0420074462891 80.9404907226562 80.7686767578125 80.2126846313477 80.1519088745117 80.2699890136719 80.3516006469727 80.5054244995117 80.453971862793 80.3364562988281 80.1941986083984 80.0014877319336 79.8176193237305 79.5939331054688 79.0758590698242 78.7334365844727 78.4788970947266 78.3798751831055 78.4305191040039 78.2272033691406 78.2304992675781 78.1110534667969 78.0517425537109 78.0673217773438 78.4234848022461 79.4486236572266
79.1150894165039 79.2563323974609 79.4072952270508 80.0060653686523 80.4621124267578 80.9601211547852 80.9363708496094 80.8859634399414 80.8541870117188 80.7529678344727 80.7533111572266 80.8401947021484 81.0068740844727 81.3088989257812 81.2935638427734 81.0302124023438 81.1279525756836 81.3259658813477 -3.4e+38 81.3770141601562 81.3199920654297 81.1957626342773 81.1521072387695 81.0646667480469 80.9600296020508 80.8793258666992 80.2960968017578 80.2520523071289 80.446418762207 80.4550704956055 80.4096298217773 80.3762588500977 80.3173065185547 80.18994140625 80.0618209838867 80.0353088378906 79.7534561157227 79.3362121582031 79.0348739624023 78.6188049316406 78.3139190673828 78.315788269043 77.9351577758789 77.9991989135742 78.0059432983398 77.9047775268555 77.8814010620117 78.1875610351562 78.9628295898438
79.2754592895508 79.7228622436523 79.9321517944336 80.3887481689453 80.6386184692383 80.9132308959961 80.9281387329102 80.6998596191406 80.5757751464844 80.6154556274414 80.7873077392578 80.8714599609375 80.8555221557617 81.2045745849609 81.4078903198242 81.1464157104492 80.9877166748047 81.1191558837891 81.3919906616211 -3.4e+38 -3.4e+38 81.421516418457 81.1984405517578 80.9463424682617 80.8568496704102 80.8561935424805 80.3473815917969 80.1280746459961 80.2825622558594 80.3908309936523 80.3061752319336 80.2075042724609 80.0742111206055 79.9368591308594 79.8962173461914 79.9698867797852 79.8194580078125 79.583625793457 79.525032043457 79.1444778442383 78.7266998291016 78.4281768798828 77.6916198730469 77.4424285888672 77.7547454833984 77.8366088867188 77.6818923950195 77.7163238525391 78.5630416870117
