rcp4.5models/MPi_ESM_LR/sc1gr3.25
NCOLS 261 
NROWS 433 
XLLCORNER 336357.134 
YLLCORNER 654653.479 
CELLSIZE 1000 
NODATA_value -3.4e+38 
[rows 176 to 197 of 433, columns 49 to 97 of 261]
273.086883544922 273.077362060547 272.745483398438 272.725341796875 272.549224853516 272.166625976562 272.099151611328 271.749664306641 271.992370605469 271.924255371094 272.051452636719 271.653900146484 270.845336914062 270.627410888672 271.089935302734 270.920379638672 270.676239013672 270.829467773438 270.973449707031 270.824981689453 270.236877441406 270.006896972656 269.588592529297 269.361511230469 269.785400390625 269.06982421875 268.900817871094 268.897094726562 269.023193359375 268.330932617188 268.21630859375 267.661834716797 267.270935058594 267.433563232422 267.389282226562 266.960083007812 267.029357910156 267.111145019531 266.631500244141 266.814361572266 267.209289550781 266.702392578125 266.980072021484 266.515838623047 266.46435546875 265.942352294922 265.83740234375 266.185302734375 266.485534667969
273.052581787109 273.069671630859 272.907562255859 272.643310546875 272.354614257812 272.484283447266 272.198059082031 272.112518310547 272.171447753906 272.033935546875 271.886749267578 272.018707275391 271.595977783203 271.604034423828 271.803009033203 271.466156005859 271.067077636719 271.118316650391 270.485900878906 270.578765869141 270.233825683594 269.914215087891 269.600799560547 269.729461669922 269.848022460938 269.207794189453 268.901947021484 268.964721679688 268.832641601562 268.130065917969 267.829071044922 267.816284179688 267.287750244141 267.60302734375 267.523712158203 267.282318115234 267.138000488281 267.074981689453 266.826690673828 266.522399902344 266.815795898438 266.441558837891 266.757598876953 266.631164550781 266.809814453125 266.190643310547 265.838836669922 265.878814697266 265.944641113281
272.909851074219 272.551971435547 273.095062255859 272.742980957031 272.050384521484 272.535705566406 272.553070068359 272.258331298828 272.115478515625 271.892669677734 271.763519287109 271.793060302734 271.797485351562 271.775299072266 271.471252441406 271.244873046875 271.456329345703 271.341796875 270.382843017578 270.267669677734 270.180267333984 270.067230224609 270.063690185547 270.022613525391 269.533721923828 269.289764404297 268.966735839844 268.931732177734 268.607513427734 268.134918212891 267.811889648438 268.110626220703 267.786834716797 267.783172607422 267.834838867188 267.529693603516 267.448364257812 267.050079345703 266.962341308594 266.321685791016 266.424957275391 266.361419677734 266.326995849609 266.2705078125 266.395385742188 266.221038818359 265.93603515625 265.786468505859 265.641815185547
272.695678710938 271.969207763672 272.205718994141 272.104034423828 271.87451171875 272.087341308594 271.890716552734 271.945404052734 271.92041015625 272.01220703125 271.992309570312 271.861663818359 271.463775634766 271.236328125 271.475891113281 271.419952392578 270.932708740234 271.141540527344 270.439422607422 270.242248535156 270.22265625 270.236267089844 270.280639648438 269.828338623047 269.190338134766 269.268676757812 269.026245117188 269.009735107422 268.359130859375 268.148590087891 268.301177978516 268.368469238281 268.266906738281 268.027221679688 268.0888671875 267.755035400391 267.601928710938 267.122589111328 267.126098632812 266.805969238281 266.887451171875 266.773651123047 266.424072265625 266.019775390625 265.879791259766 265.667663574219 265.878875732422 265.780090332031 265.624725341797
272.101409912109 271.691802978516 271.788116455078 271.787261962891 271.773132324219 271.732116699219 271.659118652344 271.395782470703 271.780303955078 271.814208984375 271.578948974609 271.434234619141 271.472473144531 271.029571533203 271.686004638672 271.651519775391 270.8017578125 270.72021484375 270.813385009766 270.441223144531 270.269836425781 270.325744628906 270.250946044922 270.092926025391 269.662933349609 269.235717773438 268.883056640625 268.539581298828 268.232604980469 268.205139160156 268.486755371094 268.436157226562 268.298980712891 268.187683105469 -3.4e+38 267.898590087891 267.246856689453 266.994506835938 267.238739013672 267.172973632812 267.190795898438 267.050048828125 266.677825927734 266.352600097656 266.088470458984 265.482208251953 265.520294189453 265.613006591797 265.589111328125
271.8095703125 271.835266113281 271.874847412109 271.829772949219 271.650695800781 271.741546630859 271.714202880859 270.994598388672 271.157775878906 271.153106689453 271.086029052734 270.917175292969 271.143096923828 270.426666259766 271.116424560547 271.539215087891 271.268951416016 271.017120361328 270.566101074219 270.283142089844 270.377655029297 270.109222412109 269.923858642578 269.811584472656 269.738128662109 269.033782958984 268.889068603516 268.783416748047 268.863311767578 268.754730224609 268.406524658203 268.824432373047 268.338165283203 268.309387207031 268.209899902344 267.830078125 267.328826904297 267.097442626953 267.484802246094 267.270812988281 267.160339355469 267.012573242188 266.926513671875 266.533081054688 266.327270507812 265.704772949219 265.490753173828 265.258270263672 265.339019775391
271.339538574219 271.190704345703 271.170867919922 271.080535888672 271.235137939453 271.713317871094 271.220611572266 270.756713867188 270.615936279297 270.204254150391 270.765228271484 270.678955078125 270.519927978516 269.911499023438 270.576629638672 270.919677734375 271.437408447266 271.284576416016 270.451080322266 270.290649414062 270.348449707031 270.093353271484 270.001647949219 269.911987304688 269.941253662109 269.699737548828 269.364654541016 269.124389648438 269.099304199219 269.061157226562 268.736724853516 268.962615966797 268.368865966797 268.387573242188 268.430786132812 267.961944580078 267.439086914062 267.368255615234 267.662780761719 267.495025634766 267.311462402344 266.961029052734 266.781829833984 266.634063720703 266.162658691406 265.469421386719 265.349975585938 264.959564208984 264.771453857422
270.849212646484 270.865600585938 270.877716064453 -3.4e+38 271.106506347656 271.081481933594 270.777282714844 270.673645019531 270.445648193359 269.675262451172 270.263366699219 270.491668701172 270.17919921875 269.671783447266 270.345886230469 270.626037597656 271.382965087891 271.2216796875 270.927093505859 270.752532958984 270.633728027344 270.590179443359 270.560638427734 270.174560546875 270.080200195312 270.041870117188 269.615539550781 268.936645507812 -3.4e+38 269.096649169922 269.094329833984 268.977386474609 268.733978271484 268.580596923828 268.377532958984 268.108703613281 267.644073486328 267.753967285156 267.566223144531 267.229278564453 267.213653564453 267.093627929688 266.822631835938 266.456329345703 266.156646728516 265.674621582031 265.347412109375 264.998840332031 264.604919433594
270.796936035156 270.836578369141 270.845275878906 270.871154785156 270.728515625 270.400085449219 270.563079833984 270.528747558594 270.333465576172 269.560150146484 269.690948486328 270.337646484375 269.800811767578 269.475982666016 270.159759521484 270.462768554688 271.164398193359 271.064636230469 271.1396484375 270.609375 270.530059814453 270.756500244141 270.576141357422 270.128021240234 270.120727539062 270.000640869141 269.851654052734 269.45166015625 269.096618652344 269.151794433594 269.076904296875 269.002288818359 268.960510253906 268.793762207031 268.435485839844 268.258392333984 -3.4e+38 267.553161621094 267.294342041016 266.847412109375 266.817596435547 266.689849853516 266.634704589844 266.180786132812 265.948425292969 266.152465820312 265.785095214844 265.471618652344 264.810760498047
270.158660888672 270.526428222656 270.645904541016 270.139190673828 270.178466796875 269.803558349609 269.628723144531 270.143859863281 270.21435546875 269.4091796875 269.227966308594 269.212860107422 269.11962890625 268.926696777344 269.549346923828 270.318206787109 270.925262451172 270.357879638672 270.165252685547 270.129211425781 269.997253417969 270.315704345703 270.194671630859 269.984771728516 269.95361328125 269.956695556641 269.570922851562 269.582366943359 269.564697265625 268.782318115234 268.764770507812 268.609283447266 268.369262695312 267.800964355469 268.190765380859 267.679412841797 267.333404541016 267.006469726562 266.85595703125 266.376953125 266.306365966797 266.358062744141 266.403686523438 266.475708007812 266.363647460938 266.499908447266 266.259918212891 266.028289794922 265.496032714844
270.084106445312 270.431182861328 270.709686279297 270.428009033203 269.930297851562 269.792755126953 269.685302734375 269.557464599609 269.9248046875 269.389007568359 268.939392089844 268.691345214844 268.936370849609 269.060089111328 269.749877929688 270.147735595703 270.8505859375 270.267639160156 -3.4e+38 270.177551269531 269.952453613281 269.649078369141 269.589935302734 269.739807128906 269.482818603516 269.907623291016 269.258850097656 269.347198486328 269.630310058594 269.011138916016 -3.4e+38 268.894775390625 268.691955566406 268.1611328125 268.311981201172 267.927825927734 267.320434570312 267.099761962891 266.965393066406 -3.4e+38 266.327056884766 266.752990722656 267.007232666016 266.840576171875 266.444183349609 266.649383544922 266.264984130859 266.041717529297 265.417816162109
270.733306884766 270.839019775391 270.907775878906 270.572692871094 270.092681884766 270.382385253906 270.021759033203 269.596282958984 269.373138427734 269.236083984375 268.903167724609 268.307098388672 268.427581787109 269.193420410156 269.699737548828 270.099243164062 270.429382324219 270.262145996094 270.131622314453 269.858276367188 269.885620117188 269.827117919922 269.178955078125 269.274444580078 269.093444824219 269.264831542969 269.084106445312 269.139068603516 269.406982421875 -3.4e+38 -3.4e+38 -3.4e+38 -3.4e+38 268.391754150391 268.363739013672 268.097320556641 267.291351318359 267.238403320312 267.246429443359 267.076965332031 266.971313476562 267.12109375 267.169860839844 267.084808349609 266.870574951172 266.945739746094 266.513580322266 265.921722412109 265.424926757812
270.845245361328 271.102294921875 271.356689453125 271.133758544922 270.59326171875 270.487213134766 270.155181884766 269.874938964844 269.633056640625 269.566680908203 268.868530273438 268.340606689453 268.613372802734 269.109680175781 269.628601074219 270.022918701172 270.127624511719 269.877960205078 269.820648193359 269.922393798828 269.412231445312 269.626281738281 269.181030273438 268.978332519531 268.611297607422 268.644805908203 268.888031005859 268.682403564453 268.833953857422 -3.4e+38 -3.4e+38 -3.4e+38 -3.4e+38 268.301055908203 268.272827148438 268.128601074219 267.731597900391 267.641418457031 267.409851074219 267.337127685547 267.320190429688 267.184753417969 267.145690917969 267.214477539062 267.006500244141 266.631744384766 266.392791748047 266.045196533203 265.771087646484
271.395751953125 271.477661132812 271.452667236328 271.199127197266 -3.4e+38 270.787628173828 270.510681152344 269.842987060547 269.780151367188 269.606292724609 268.972869873047 268.371612548828 268.909759521484 269.462646484375 269.545257568359 269.902435302734 269.900756835938 269.649566650391 269.543884277344 269.658538818359 269.229583740234 268.892395019531 268.947479248047 269.042907714844 268.854736328125 268.377960205078 268.45166015625 268.317626953125 -3.4e+38 -3.4e+38 268.568511962891 268.480041503906 -3.4e+38 -3.4e+38 268.170135498047 267.965728759766 268.099090576172 267.945037841797 267.769866943359 267.673034667969 267.429962158203 267.427947998047 267.260375976562 267.261932373047 267.089599609375 266.666259765625 266.309875488281 266.276458740234 265.893890380859
271.973052978516 271.670928955078 270.77392578125 270.315887451172 270.347503662109 270.531402587891 270.195251464844 269.586212158203 269.324676513672 269.266021728516 268.812377929688 268.519958496094 268.8203125 269.227355957031 269.511993408203 269.628082275391 269.625915527344 269.614562988281 269.401763916016 269.264831542969 269.322998046875 268.883392333984 268.493774414062 268.533935546875 268.604858398438 268.30859375 268.260498046875 268.105438232422 267.908782958984 268.436431884766 268.283905029297 268.257873535156 268.256469726562 268.293273925781 268.171966552734 268.045776367188 268.119659423828 267.863586425781 267.524566650391 267.489288330078 267.398162841797 267.33544921875 267.282958984375 267.226501464844 267.103393554688 266.853637695312 266.367248535156 266.408843994141 266.124847412109
271.911865234375 271.099884033203 270.821533203125 270.217590332031 269.9482421875 269.965972900391 269.914672851562 269.634216308594 269.348541259766 269.030426025391 268.55712890625 268.141265869141 268.832366943359 269.269989013672 269.144683837891 269.070770263672 269.155303955078 269.171600341797 269.128814697266 268.880889892578 268.989013671875 268.873931884766 268.016784667969 267.735290527344 268.089202880859 268.117645263672 268.218627929688 268.064025878906 267.887054443359 267.785217285156 267.76416015625 267.897552490234 267.835662841797 267.698852539062 267.798980712891 268.137084960938 267.811981201172 267.10302734375 267.03662109375 267.125183105469 267.383361816406 266.808197021484 267.080078125 267.108337402344 266.951385498047 266.602569580078 266.290466308594 266.106262207031 265.799713134766
272.010406494141 271.713592529297 271.592254638672 270.723083496094 270.083160400391 269.892852783203 269.954620361328 269.860290527344 269.383453369141 268.735076904297 268.418975830078 268.339508056641 268.705139160156 268.758270263672 268.519073486328 268.525970458984 268.675415039062 268.490875244141 268.490631103516 268.385101318359 268.394317626953 268.408905029297 267.99462890625 267.35400390625 267.666534423828 268.162658691406 268.064636230469 267.625885009766 267.898406982422 267.415130615234 267.361907958984 267.721343994141 267.406890869141 266.862762451172 267.35595703125 267.783660888672 267.661376953125 266.764495849609 266.651733398438 266.76416015625 267.380340576172 266.756500244141 266.787689208984 266.756866455078 266.750793457031 266.529083251953 266.305053710938 265.989349365234 265.692779541016
272.071075439453 271.890716552734 271.211242675781 270.978851318359 270.659942626953 270.379913330078 269.676147460938 270.268432617188 269.458374023438 269.06298828125 268.481719970703 268.560821533203 268.406066894531 268.414794921875 268.538879394531 268.192169189453 267.975372314453 268.178100585938 268.312133789062 268.242706298828 268.006622314453 267.912384033203 268.075775146484 267.548156738281 267.172058105469 267.587249755859 267.428314208984 267.154815673828 267.717498779297 267.122741699219 266.928894042969 267.391937255859 267.082885742188 266.410491943359 266.857177734375 267.542724609375 267.407623291016 267.033508300781 266.608428955078 266.144866943359 266.984588623047 266.910339355469 266.536407470703 266.375579833984 266.543731689453 266.495849609375 266.380920410156 266.250518798828 266.07080078125
271.955810546875 271.786895751953 270.986999511719 271.242492675781 270.722534179688 270.509338378906 270.114410400391 270.31689453125 269.492492675781 269.383666992188 268.91845703125 268.516448974609 268.633911132812 269.035400390625 268.913543701172 268.682922363281 268.521270751953 268.122131347656 267.580230712891 267.408813476562 266.964813232422 267.358489990234 267.870483398438 267.591094970703 266.944885253906 267.069091796875 266.910919189453 266.917877197266 267.602233886719 267.088653564453 266.79931640625 266.855895996094 266.648284912109 266.307403564453 266.612396240234 267.501281738281 267.222869873047 267.100158691406 266.637237548828 266.253387451172 266.630187988281 266.792083740234 266.607543945312 266.509307861328 266.300445556641 266.095428466797 265.991302490234 266.065612792969 266.197631835938
-3.4e+38 271.941467285156 271.498596191406 270.876159667969 270.686370849609 270.690856933594 270.540069580078 270.16064453125 269.441375732422 269.332427978516 269.062469482422 268.517578125 269.134368896484 269.103302001953 269.161712646484 269.181854248047 269.121063232422 268.181030273438 267.805023193359 267.146179199219 265.533966064453 266.998352050781 267.280700683594 267.381896972656 267.012237548828 267.075347900391 266.88525390625 266.809692382812 267.242736816406 266.902465820312 266.224334716797 264.825561523438 266.148864746094 265.427062988281 266.459777832031 267.064086914062 267.121185302734 267.120361328125 266.930419921875 -3.4e+38 266.537994384766 266.484802246094 266.524200439453 266.5361328125 266.052947998047 265.771209716797 265.284515380859 265.787170410156 265.807373046875
-3.4e+38 271.768035888672 271.845001220703 271.724609375 271.402618408203 271.252258300781 270.990081787109 270.140960693359 269.889190673828 269.866729736328 270.045196533203 269.854888916016 269.489196777344 269.503540039062 270.006469726562 269.559600830078 269.239929199219 268.901580810547 268.845825195312 267.972595214844 267.828094482422 267.888946533203 267.678070068359 267.543273925781 267.809753417969 267.667724609375 267.638793945312 267.142181396484 266.784149169922 266.689575195312 266.333251953125 265.532165527344 265.611877441406 266.211578369141 266.525390625 266.818176269531 266.989349365234 266.863616943359 266.526458740234 -3.4e+38 266.982360839844 266.580322265625 265.797668457031 266.021270751953 -3.4e+38 265.851135253906 265.820373535156 265.664459228516 265.286956787109
271.598205566406 271.746063232422 271.791870117188 271.760620117188 271.499908447266 271.288299560547 270.894836425781 270.286499023438 270.079559326172 270.174987792969 270.34765625 270.225341796875 270.076232910156 269.959136962891 270.076843261719 269.660430908203 269.197265625 269.20849609375 268.886749267578 268.221252441406 268.033660888672 267.965484619141 267.801300048828 267.837097167969 267.715026855469 267.61767578125 267.591186523438 267.259338378906 266.72509765625 266.406372070312 266.085998535156 265.865570068359 265.569213867188 266.142150878906 266.517730712891 266.566864013672 266.407928466797 266.864532470703 266.657928466797 266.606475830078 266.480285644531 266.925567626953 266.339324951172 266.159912109375 265.859069824219 265.668853759766 265.359222412109 265.580688476562 264.988555908203
