rcp4.5models/MPi_ESM_LR/sc1gr1.28
NCOLS 261 
NROWS 433 
XLLCORNER 336357.134 
YLLCORNER 654653.479 
CELLSIZE 1000 
NODATA_value -3.4e+38 
[rows 242 to 263 of 433, columns 49 to 97 of 261]
57.6154251098633 57.360523223877 57.3972930908203 57.2677955627441 57.3562393188477 57.264087677002 57.5882835388184 57.8492851257324 57.6925621032715 57.3002815246582 57.4535942077637 57.655590057373 57.7641067504883 57.8150596618652 57.9687461853027 57.9726486206055 58.1884346008301 58.4201316833496 57.732006072998 57.9791030883789 58.0239944458008 57.9015464782715 57.9353942871094 58.0246505737305 58.1713676452637 58.2406768798828 58.3089637756348 58.2977409362793 58.4978981018066 58.4774627685547 58.2222213745117 58.2883987426758 58.8518333435059 58.5401153564453 58.9831275939941 59.0741195678711 58.7378349304199 58.980094909668 58.941219329834 58.8695449829102 58.7132186889648 59.195499420166 59.1362533569336 59.0799674987793 59.0462989807129 59.0087051391602 59.2099380493164 59.3064727783203 59.2317008972168
57.191520690918 57.3845481872559 57.516960144043 57.6844253540039 57.6777954101562 57.6682586669922 57.8651084899902 57.7913551330566 57.586254119873 57.4315872192383 57.3535346984863 57.6313056945801 57.883602142334 58.0481834411621 58.2529449462891 58.3632774353027 58.3833770751953 58.2959938049316 58.0161476135254 57.7426109313965 57.8028030395508 57.9946365356445 58.138843536377 58.3099708557129 58.496639251709 58.2756423950195 58.2970657348633 58.4617385864258 58.7920455932617 58.3693046569824 58.4467811584473 58.6138877868652 58.5182304382324 58.6600379943848 58.7472152709961 58.8670654296875 58.7912292480469 58.7769165039062 59.0004615783691 58.9693641662598 58.9959182739258 59.0117225646973 58.9936943054199 59.1595458984375 59.4233856201172 59.4293060302734 59.397834777832 59.4484748840332 59.6186218261719
57.3060073852539 57.218807220459 57.4281311035156 57.6043510437012 57.4831962585449 57.6250114440918 57.757926940918 57.4224967956543 57.4764747619629 57.6586380004883 57.5795783996582 57.6771011352539 57.7556800842285 57.7825126647949 57.8481483459473 58.2064743041992 58.3692779541016 58.4865074157715 58.079460144043 58.0508270263672 58.1327171325684 58.1478385925293 58.1005096435547 58.4713554382324 58.5969581604004 58.5770454406738 58.4782943725586 58.5570602416992 58.8592872619629 58.4773826599121 58.7108154296875 58.7132148742676 58.6126136779785 58.6228866577148 58.6658973693848 58.9124717712402 58.8391876220703 58.8462066650391 58.9533882141113 58.9256629943848 59.0500068664551 59.2389106750488 58.963695526123 59.0579490661621 59.2983016967773 59.3872222900391 59.4438591003418 59.6628799438477 59.7470054626465
57.1183433532715 57.1620788574219 57.4460487365723 57.3505249023438 57.4447135925293 57.5733680725098 57.7373924255371 57.3870124816895 57.5919036865234 57.7208290100098 57.8046417236328 57.8255157470703 57.7432746887207 57.7402267456055 57.8746490478516 58.0368766784668 58.2476615905762 58.5520095825195 58.2796287536621 58.1236686706543 58.2316093444824 57.9750175476074 57.9876251220703 58.2560958862305 58.3049354553223 58.2541427612305 58.2643623352051 58.5915679931641 58.9215927124023 58.6410713195801 58.5270767211914 58.756217956543 58.6359405517578 58.6609954833984 58.7471313476562 58.5546569824219 58.7301063537598 58.9653015136719 58.9919662475586 59.0507125854492 59.2636337280273 59.3451042175293 59.2385520935059 59.1805839538574 59.2342758178711 59.3567504882812 59.6815528869629 59.7852592468262 59.7362747192383
57.6765213012695 57.6062240600586 57.7602424621582 57.7006492614746 57.770320892334 57.7075233459473 57.8358345031738 57.8728828430176 58.1001205444336 57.8709297180176 57.7745780944824 57.8998489379883 57.8796119689941 58.0186958312988 58.0866813659668 58.1203384399414 58.1999053955078 58.2902374267578 58.3282623291016 58.0013542175293 58.2221946716309 58.1249771118164 58.2054023742676 58.3501205444336 58.3127326965332 58.2112007141113 58.423957824707 58.5766181945801 58.9443435668945 58.645133972168 58.5798187255859 58.7326812744141 58.8055000305176 58.9794921875 59.0368309020996 58.7929725646973 58.9479904174805 59.0022888183594 58.8884048461914 59.044994354248 59.3388633728027 59.5070419311523 59.5993461608887 59.6880874633789 59.6203994750977 59.6156921386719 59.7435569763184 59.4723014831543 59.8819046020508
57.9108505249023 57.5889892578125 57.4668579101562 57.4931983947754 57.9667167663574 57.9476432800293 57.935001373291 58.183349609375 58.1900901794434 57.9365005493164 57.4642372131348 57.6127510070801 57.9551773071289 58.0403861999512 58.1001205444336 58.2858428955078 58.3448066711426 58.3215026855469 58.349048614502 58.4079208374023 58.3806838989258 58.4574394226074 58.7519683837891 58.7236747741699 58.4666290283203 58.4343948364258 58.8278961181641 58.6040992736816 58.8290138244629 58.7407417297363 58.7211227416992 58.7389373779297 58.8862533569336 59.020076751709 58.8961524963379 58.8617057800293 58.9622611999512 59.1378631591797 58.9580497741699 58.8218116760254 58.7853851318359 59.5415878295898 59.4914093017578 59.3707962036133 59.9157752990723 59.6285514831543 59.3390769958496 59.5753936767578 60.0085411071777
57.8615913391113 57.472484588623 57.4019927978516 57.6959686279297 57.9562797546387 58.1265602111816 58.265697479248 58.1148681640625 58.0487632751465 57.9691581726074 57.6976623535156 57.4542617797852 57.8276100158691 57.9992980957031 58.0734024047852 58.2876434326172 58.3008155822754 58.3261413574219 58.2238693237305 58.3809509277344 58.3019142150879 58.3702774047852 58.6400375366211 58.6884880065918 58.4031219482422 58.4882888793945 58.8114700317383 58.5851440429688 58.7325477600098 58.7511901855469 58.7869682312012 58.8681678771973 59.0281829833984 58.978401184082 58.8474235534668 59.1321563720703 59.0926094055176 59.1249694824219 58.8533630371094 58.7257690429688 58.9895133972168 59.3369026184082 59.3116188049316 59.1913261413574 59.9575538635254 59.6042671203613 59.1872138977051 59.6921730041504 59.8178825378418
57.4432907104492 57.368335723877 57.7350959777832 57.8778915405273 58.0194091796875 58.2930068969727 58.3032760620117 58.0793647766113 58.2866325378418 58.2855339050293 58.369255065918 58.0173950195312 57.7646446228027 57.9483451843262 58.0850677490234 58.2615242004395 58.3281898498535 58.4312057495117 58.3462409973145 58.3157730102539 58.4381332397461 58.4048080444336 58.4230422973633 58.5414962768555 58.4478302001953 58.2643585205078 58.5661888122559 58.7882690429688 58.920238494873 58.9393539428711 58.7359962463379 58.8965644836426 58.9241142272949 58.8968849182129 58.7915573120117 58.9862861633301 58.9163856506348 59.0731773376465 58.7445907592773 58.8642196655273 59.2742919921875 59.1707763671875 59.3287544250488 59.5611839294434 59.7038345336914 59.8491897583008 59.6499328613281 59.7600555419922 59.7135467529297
57.7252769470215 57.6037673950195 57.7886734008789 57.7511863708496 58.0015068054199 58.0856475830078 58.1940460205078 58.2904968261719 58.3506240844727 58.1436767578125 57.9982414245605 58.214916229248 58.0200004577637 57.8727760314941 57.9884567260742 58.2110061645508 58.4981536865234 58.6270523071289 58.2339057922363 58.3275756835938 58.600643157959 58.5887031555176 58.4175758361816 58.5792922973633 58.662181854248 58.4798011779785 58.4320526123047 58.6180038452148 58.8526954650879 58.8914070129395 58.8926887512207 59.1790885925293 59.1637992858887 59.0967407226562 58.8973731994629 58.9309463500977 58.9135093688965 59.160327911377 58.9258880615234 58.9548301696777 59.1509895324707 59.2472991943359 59.1252555847168 59.4219436645508 59.5428123474121 59.6350517272949 59.7048225402832 59.5613136291504 59.6862716674805
58.0638046264648 57.8638534545898 57.8908424377441 58.1435127258301 58.1163787841797 57.9699630737305 58.1695938110352 58.2935829162598 58.1880416870117 57.8740310668945 57.8366966247559 58.0698738098145 58.1865043640137 58.1355667114258 58.1830978393555 58.4417533874512 58.6002159118652 58.5939025878906 58.2332878112793 58.2030601501465 58.6021385192871 58.782054901123 58.5423049926758 58.5385398864746 58.5263786315918 58.6286811828613 58.4013633728027 58.6115837097168 58.8259162902832 58.7844352722168 58.9789733886719 59.0616188049316 58.8191909790039 58.8427848815918 59.0808029174805 58.9990310668945 59.0450477600098 59.0952033996582 59.0764045715332 59.0434646606445 59.2132186889648 59.3208541870117 59.2963981628418 59.3095817565918 59.4713401794434 59.430908203125 59.5398025512695 59.660083770752 59.7300796508789
58.2000045776367 57.9738502502441 58.1209869384766 58.1669540405273 57.9497528076172 58.002628326416 58.3725624084473 58.3528442382812 58.1707801818848 58.1400032043457 58.2663497924805 58.1778945922852 58.0761451721191 58.2055397033691 58.3539047241211 58.4537162780762 58.3288955688477 58.4136276245117 58.5379753112793 58.335319519043 58.7302932739258 58.8329772949219 58.6359176635742 58.6684989929199 58.555305480957 58.5478057861328 58.5544128417969 58.720947265625 58.7002716064453 58.8748245239258 59.116641998291 59.0223350524902 58.8605079650879 58.8307685852051 59.1134300231934 58.9672164916992 59.0228424072266 59.021110534668 59.0624198913574 59.1471252441406 59.261791229248 59.3296203613281 59.4248046875 59.4728813171387 59.3956069946289 59.4164657592773 59.6699829101562 59.8527412414551 59.7026176452637
58.0038070678711 57.9585914611816 58.058837890625 58.1939964294434 58.1002769470215 58.1412391662598 58.3795852661133 58.2160148620605 58.3286018371582 58.2544937133789 58.5681648254395 58.717700958252 58.3471298217773 58.3408851623535 58.4479713439941 58.3304061889648 58.2782440185547 58.5815963745117 58.7455253601074 58.3568840026855 58.6318702697754 58.8099250793457 58.6500091552734 58.6203460693359 58.7846412658691 58.6953392028809 58.4762077331543 58.5516548156738 58.8376274108887 58.9005012512207 59.0033226013184 59.0056991577148 59.0323219299316 59.0810050964355 58.9456405639648 58.8997077941895 59.0239028930664 58.9995765686035 58.9960708618164 59.2252883911133 59.4174842834473 59.3227195739746 59.5076332092285 59.6395606994629 59.4349174499512 59.5591697692871 59.7762985229492 59.778980255127 59.6895980834961
58.1168403625488 58.1117362976074 58.5566101074219 58.4507102966309 58.1907081604004 58.3270416259766 58.3712539672852 58.1573295593262 58.4639778137207 58.3453369140625 58.323486328125 58.3844108581543 58.506103515625 58.5896072387695 58.5496826171875 58.4095726013184 58.4738006591797 58.371223449707 58.581111907959 58.4143333435059 58.6070289611816 58.7264404296875 58.7592086791992 58.627857208252 58.6327819824219 58.651985168457 58.3198852539062 58.4920616149902 58.8894729614258 58.7858238220215 58.9043807983398 59.0342254638672 59.092658996582 59.153923034668 58.8826179504395 58.9267120361328 59.087718963623 58.9605674743652 58.9831428527832 59.2563285827637 59.4159355163574 59.4820785522461 59.5598983764648 59.7591781616211 59.6373863220215 59.5364875793457 59.7646408081055 59.7502250671387 59.8639640808105
58.2964820861816 58.3713912963867 58.4116401672363 58.3589401245117 58.3595161437988 58.2804794311523 58.5020599365234 58.5319404602051 58.5445556640625 58.487476348877 58.5014762878418 58.6158485412598 58.6585159301758 58.7113838195801 58.5753211975098 58.4486618041992 58.5371704101562 58.5344276428223 58.4807624816895 58.5886077880859 58.7658195495605 58.7413482666016 58.641674041748 58.8088722229004 58.8204498291016 58.6930313110352 58.7037200927734 58.6279106140137 58.6816787719727 58.8165740966797 58.9146308898926 58.8797798156738 59.1880493164062 59.1679039001465 59.1359901428223 59.1113700866699 59.1923561096191 59.2032356262207 59.0591773986816 59.3722724914551 59.5575866699219 59.2341575622559 59.2256278991699 59.2061996459961 59.1505393981934 59.273063659668 59.4887542724609 59.8147163391113 59.664665222168
58.4144668579102 58.4026222229004 58.212474822998 58.3330116271973 58.3621253967285 58.2069816589355 58.5326919555664 58.7171669006348 58.6142158508301 58.7979316711426 58.5482788085938 58.351921081543 58.6492958068848 58.6761436462402 58.7270317077637 58.7227439880371 58.5769081115723 58.6005668640137 58.5697746276855 58.4396209716797 58.7445297241211 58.8758506774902 58.5069046020508 58.7265243530273 58.9577140808105 58.876781463623 58.7636680603027 58.7970657348633 58.7353286743164 58.7961502075195 58.8403167724609 58.9467887878418 59.0738983154297 59.2200775146484 59.1404647827148 59.0709419250488 59.1684265136719 59.2163696289062 59.0014038085938 59.2751045227051 59.4056091308594 59.1678771972656 59.1795120239258 59.4237289428711 59.3298606872559 59.5703201293945 59.6079864501953 59.7179946899414 59.6210594177246
58.4533958435059 58.4445495605469 58.2746238708496 58.3127517700195 58.508861541748 58.5194282531738 58.5646324157715 58.7491455078125 58.6369819641113 58.5348052978516 58.4554862976074 58.4924087524414 58.6484451293945 58.7726631164551 58.8104515075684 58.6072044372559 58.5858612060547 58.7422904968262 58.6226844787598 58.3383483886719 58.4820861816406 58.6471252441406 58.6285400390625 58.7699127197266 58.842700958252 58.7903785705566 58.8838195800781 58.8776245117188 58.6902885437012 58.9276237487793 58.9765357971191 59.1009826660156 59.069278717041 59.1862297058105 59.1645278930664 59.0528717041016 58.9861335754395 59.2804336547852 59.2962188720703 59.3034286499023 59.513729095459 59.0378761291504 59.0398330688477 59.6346282958984 59.5809135437012 59.5554580688477 59.5077896118164 59.5583648681641 59.6531143188477
58.4887161254883 58.6316032409668 58.4798736572266 58.4569969177246 58.5824813842773 58.6464805603027 58.6573753356934 58.6720275878906 58.385555267334 58.3024024963379 58.3968276977539 58.5573616027832 58.6509475708008 58.7498207092285 58.7203521728516 58.6506767272949 58.5304641723633 58.5269546508789 58.5226287841797 58.4970626831055 58.4478530883789 58.6581153869629 58.8703765869141 58.9340133666992 58.9429931640625 58.8547744750977 58.9370994567871 58.9095878601074 58.7932090759277 58.6968460083008 58.9610366821289 59.1875877380371 59.0717964172363 59.1092224121094 59.037410736084 59.0192375183105 58.9927253723145 59.1779594421387 59.2575302124023 59.4420013427734 59.5896492004395 58.9917831420898 59.2268142700195 59.3758087158203 59.436637878418 59.3556365966797 59.3331527709961 59.4928092956543 59.7786026000977
58.7682037353516 58.6089744567871 58.6527900695801 58.7258148193359 58.7154121398926 58.611011505127 58.7435188293457 58.689136505127 58.3787841796875 58.3213043212891 58.4482574462891 58.623966217041 58.6846313476562 58.7199172973633 58.646614074707 58.6521682739258 58.464469909668 58.5347671508789 58.6443710327148 58.6466217041016 58.5396995544434 58.7152366638184 58.8719482421875 58.8796844482422 59.024097442627 58.9263000488281 58.881950378418 58.8401527404785 58.8209991455078 58.5459747314453 58.9356117248535 59.151969909668 59.0579147338867 59.0864448547363 58.9808807373047 59.0069236755371 59.1116256713867 59.1339874267578 59.1445121765137 59.4761352539062 59.3163871765137 58.9347114562988 59.1574058532715 59.1788482666016 59.4464874267578 59.5473785400391 59.3906631469727 59.5199279785156 59.7749938964844
58.7680282592773 58.6643218994141 58.5455894470215 58.387264251709 58.5977821350098 58.7677192687988 58.6365585327148 58.6406173706055 58.8179397583008 58.552547454834 58.5111389160156 58.6411514282227 58.5474166870117 58.6134757995605 58.910701751709 58.742862701416 58.7327423095703 58.740062713623 58.7016181945801 58.4775085449219 58.565975189209 58.8222770690918 58.909481048584 58.6750831604004 58.775390625 58.9047660827637 58.952522277832 58.8601989746094 58.844310760498 58.776496887207 58.8323364257812 58.9540138244629 58.9959754943848 59.2306900024414 59.2083053588867 59.2078170776367 59.281364440918 59.2306671142578 59.0726318359375 59.2296829223633 59.2050819396973 59.2338790893555 59.126033782959 59.1582183837891 59.3820266723633 59.561954498291 59.4210357666016 59.5264167785645 59.8236808776855
58.7993965148926 58.7054138183594 58.7671165466309 58.5347862243652 58.5048904418945 58.6324691772461 58.428035736084 58.6586952209473 58.6854667663574 58.6928672790527 58.6990356445312 58.6920394897461 58.5673980712891 58.6435127258301 58.8371658325195 58.7106475830078 58.7135887145996 58.9810676574707 58.8344612121582 58.5136451721191 58.8255577087402 59.0705947875977 58.9380722045898 58.6432952880859 58.8322067260742 58.9560279846191 59.0345344543457 58.8692054748535 59.0512466430664 58.8178825378418 58.8150825500488 58.9131813049316 59.058666229248 59.2307167053223 59.1676216125488 59.1398887634277 59.3942375183105 59.3078880310059 59.0902366638184 59.1310424804688 59.1162872314453 59.3220252990723 59.2934989929199 59.2956619262695 59.4568290710449 59.5807991027832 59.5527992248535 59.6132545471191 59.8246803283691
58.5920066833496 58.6274871826172 58.7589492797852 58.7381858825684 58.5330657958984 58.6429061889648 58.6910858154297 58.5635070800781 58.762767791748 58.7890357971191 58.6758689880371 58.4825096130371 58.6047592163086 58.6542892456055 58.5455856323242 58.7108612060547 58.8566703796387 59.0651397705078 59.0122680664062 58.8217735290527 58.9829864501953 58.9193954467773 58.6131820678711 58.6580581665039 58.8968658447266 58.9908409118652 58.9115333557129 58.7727546691895 58.9997520446777 59.0280265808105 58.9609832763672 58.9568557739258 59.1120796203613 59.1642456054688 59.0064086914062 58.8611030578613 59.0009231567383 59.1510810852051 59.1659889221191 59.2759971618652 58.9450836181641 59.2044334411621 59.3598823547363 59.4981422424316 59.4510765075684 59.2721328735352 59.4280090332031 59.6543617248535 59.6465759277344
58.3300628662109 58.4792175292969 58.6044921875 58.7964973449707 58.7609519958496 58.7597122192383 58.8317832946777 58.8501930236816 58.9980278015137 58.8696022033691 58.9035682678223 58.6412353515625 58.5078239440918 58.6145553588867 58.4171333312988 58.6828689575195 58.9547576904297 58.9496002197266 59.0204162597656 58.8931655883789 58.7305221557617 58.7869491577148 58.744327545166 58.9256019592285 59.0627365112305 58.9591369628906 58.8015937805176 58.8276748657227 58.9568367004395 58.8978652954102 58.9861679077148 59.1350898742676 59.2078819274902 59.1234588623047 58.9179382324219 58.9062080383301 59.0887451171875 59.2038688659668 59.1032867431641 59.3021965026855 59.0610885620117 59.4878349304199 59.4648132324219 59.5157814025879 59.3619613647461 59.2386512756348 59.4321022033691 59.6732177734375 59.8262214660645
