rcp4.5models/MPi_ESM_LR/sc1gr7.26
NCOLS 261 
NROWS 433 
XLLCORNER 336357.134 
YLLCORNER 654653.479 
CELLSIZE 1000 
NODATA_value -3.4e+38 
[rows 44 to 65 of 433, columns 98 to 146 of 261]
162.52033996582 162.047714233398 161.565246582031 160.607131958008 160.175857543945 159.693542480469 159.152191162109 158.689666748047 158.247680664062 157.914093017578 157.442047119141 157.11735534668 156.759124755859 156.294418334961 155.572265625 155.335876464844 154.97248840332 154.690155029297 154.48681640625 154.213073730469 153.898086547852 153.608505249023 153.372329711914 153.058746337891 -3.4e+38 -3.4e+38 -3.4e+38 -3.4e+38 -3.4e+38 -3.4e+38 -3.4e+38 -3.4e+38 -3.4e+38 -3.4e+38 -3.4e+38 -3.4e+38 -3.4e+38 -3.4e+38 -3.4e+38 -3.4e+38 -3.4e+38 -3.4e+38 -3.4e+38 -3.4e+38 -3.4e+38 -3.4e+38 -3.4e+38 -3.4e+38 -3.4e+38
162.810455322266 162.201873779297 161.811080932617 160.892044067383 160.49609375 160.100036621094 159.550735473633 159.196792602539 158.767486572266 158.406387329102 157.962539672852 157.580230712891 157.267623901367 156.746566772461 156.018737792969 155.635803222656 155.250274658203 155.005889892578 154.691360473633 154.328353881836 153.986740112305 153.580032348633 153.447311401367 153.094619750977 152.774169921875 -3.4e+38 -3.4e+38 -3.4e+38 -3.4e+38 -3.4e+38 -3.4e+38 -3.4e+38 -3.4e+38 -3.4e+38 -3.4e+38 -3.4e+38 -3.4e+38 -3.4e+38 -3.4e+38 -3.4e+38 -3.4e+38 -3.4e+38 -3.4e+38 -3.4e+38 -3.4e+38 -3.4e+38 -3.4e+38 -3.4e+38 -3.4e+38
162.956192016602 162.265426635742 161.891799926758 160.936279296875 160.551940917969 160.230667114258 159.611358642578 159.338653564453 158.878433227539 158.502395629883 158.107116699219 157.639358520508 157.251434326172 156.796478271484 156.107818603516 155.79817199707 155.470367431641 155.100479125977 154.789825439453 154.388549804688 154.192886352539 153.866287231445 153.61882019043 153.225387573242 152.92903137207 152.739974975586 151.99137878418 -3.4e+38 -3.4e+38 -3.4e+38 -3.4e+38 -3.4e+38 -3.4e+38 -3.4e+38 -3.4e+38 -3.4e+38 -3.4e+38 -3.4e+38 -3.4e+38 -3.4e+38 -3.4e+38 -3.4e+38 -3.4e+38 -3.4e+38 -3.4e+38 -3.4e+38 -3.4e+38 -3.4e+38 -3.4e+38
163.18212890625 162.609283447266 162.132919311523 161.173416137695 160.789947509766 160.452911376953 159.855697631836 159.484130859375 159.117279052734 158.613586425781 158.32844543457 157.862991333008 157.431381225586 156.99577331543 156.301834106445 155.983200073242 155.686569213867 155.274169921875 154.89875793457 154.505767822266 154.268127441406 153.905181884766 153.656173706055 153.356704711914 153.117324829102 152.770065307617 152.071868896484 -3.4e+38 151.612716674805 -3.4e+38 -3.4e+38 -3.4e+38 -3.4e+38 -3.4e+38 -3.4e+38 -3.4e+38 -3.4e+38 -3.4e+38 -3.4e+38 -3.4e+38 -3.4e+38 -3.4e+38 -3.4e+38 -3.4e+38 -3.4e+38 -3.4e+38 -3.4e+38 -3.4e+38 -3.4e+38
163.094345092773 162.688415527344 162.17057800293 161.369171142578 160.914688110352 160.444351196289 159.963287353516 159.559356689453 159.240463256836 158.666625976562 158.367401123047 157.927520751953 157.493301391602 157.138702392578 156.489410400391 156.101135253906 155.946914672852 155.493789672852 155.162124633789 154.729949951172 154.463500976562 154.054397583008 153.734878540039 153.450347900391 153.229156494141 152.974090576172 152.294158935547 152.069488525391 -3.4e+38 -3.4e+38 -3.4e+38 -3.4e+38 -3.4e+38 -3.4e+38 -3.4e+38 -3.4e+38 -3.4e+38 -3.4e+38 -3.4e+38 -3.4e+38 -3.4e+38 -3.4e+38 -3.4e+38 -3.4e+38 -3.4e+38 -3.4e+38 -3.4e+38 -3.4e+38 -3.4e+38
163.142303466797 162.794494628906 162.246566772461 161.540390014648 161.022171020508 160.536087036133 160.087478637695 159.772766113281 159.366134643555 158.824401855469 158.574142456055 158.220367431641 157.692047119141 157.364074707031 156.584579467773 156.162353515625 155.926422119141 155.561813354492 155.281219482422 -3.4e+38 154.533432006836 154.163116455078 153.930099487305 153.63932800293 153.264419555664 152.991607666016 152.499099731445 152.227249145508 151.854034423828 151.54638671875 151.391998291016 -3.4e+38 -3.4e+38 -3.4e+38 -3.4e+38 -3.4e+38 -3.4e+38 -3.4e+38 -3.4e+38 -3.4e+38 -3.4e+38 -3.4e+38 -3.4e+38 -3.4e+38 -3.4e+38 -3.4e+38 -3.4e+38 -3.4e+38 -3.4e+38
163.384155273438 162.820739746094 162.491333007812 161.514373779297 161.016876220703 160.715454101562 160.231475830078 159.845779418945 159.428741455078 159.070083618164 158.690475463867 158.392150878906 157.943420410156 157.611038208008 156.836364746094 156.408843994141 156.030731201172 155.692794799805 155.396347045898 -3.4e+38 154.606567382812 154.259887695312 154.02507019043 153.719131469727 153.373245239258 153.04377746582 152.518920898438 152.24284362793 152.035873413086 151.705108642578 151.434478759766 151.107391357422 -3.4e+38 -3.4e+38 -3.4e+38 -3.4e+38 -3.4e+38 -3.4e+38 -3.4e+38 -3.4e+38 -3.4e+38 -3.4e+38 -3.4e+38 -3.4e+38 -3.4e+38 -3.4e+38 -3.4e+38 -3.4e+38 -3.4e+38
163.419525146484 162.944442749023 162.467330932617 161.733764648438 161.212829589844 160.835311889648 160.413513183594 159.859603881836 159.512344360352 159.084045410156 158.732238769531 158.341888427734 157.987350463867 157.547439575195 156.796249389648 156.494155883789 156.207885742188 155.902908325195 155.501022338867 155.113922119141 154.79133605957 154.417388916016 154.195281982422 153.926345825195 153.621185302734 153.203796386719 152.673126220703 152.362548828125 152.122543334961 151.883438110352 151.570159912109 151.25439453125 -3.4e+38 -3.4e+38 -3.4e+38 -3.4e+38 -3.4e+38 -3.4e+38 -3.4e+38 -3.4e+38 -3.4e+38 -3.4e+38 -3.4e+38 -3.4e+38 -3.4e+38 -3.4e+38 -3.4e+38 -3.4e+38 -3.4e+38
163.52864074707 163.269714355469 162.780502319336 161.818405151367 161.489471435547 161.108367919922 160.615509033203 160.021209716797 159.767868041992 159.269760131836 158.88508605957 158.342895507812 157.984848022461 157.615249633789 156.838424682617 156.516906738281 156.254364013672 155.952255249023 155.46435546875 155.274826049805 154.915817260742 154.530822753906 154.311584472656 154.022247314453 153.68293762207 153.351013183594 152.740188598633 152.550079345703 152.19287109375 151.986541748047 151.658905029297 151.379653930664 151.197036743164 -3.4e+38 -3.4e+38 -3.4e+38 -3.4e+38 -3.4e+38 -3.4e+38 -3.4e+38 -3.4e+38 -3.4e+38 -3.4e+38 -3.4e+38 -3.4e+38 -3.4e+38 -3.4e+38 -3.4e+38 -3.4e+38
163.701416015625 163.318664550781 162.930862426758 161.968154907227 161.595825195312 161.170913696289 160.804275512695 160.281204223633 159.812210083008 159.524597167969 159.050811767578 158.596817016602 158.103469848633 157.820922851562 157.042984008789 156.735366821289 156.363189697266 156.059112548828 155.625823974609 155.4033203125 154.981201171875 154.755996704102 154.431091308594 154.033782958984 153.69677734375 153.456893920898 152.859146118164 152.554397583008 152.15202331543 152.054977416992 151.685989379883 151.427108764648 151.210266113281 150.994430541992 -3.4e+38 -3.4e+38 150.100143432617 -3.4e+38 -3.4e+38 -3.4e+38 -3.4e+38 -3.4e+38 -3.4e+38 -3.4e+38 -3.4e+38 -3.4e+38 -3.4e+38 -3.4e+38 -3.4e+38
163.815353393555 163.357192993164 163.069366455078 162.140106201172 161.844787597656 161.314956665039 160.815505981445 160.305282592773 159.974655151367 159.623870849609 159.234588623047 158.864349365234 158.257843017578 157.922836303711 157.203018188477 -3.4e+38 156.526733398438 156.272033691406 155.885040283203 155.633346557617 155.1572265625 154.853652954102 154.589508056641 -3.4e+38 153.948593139648 153.593872070312 152.969345092773 152.637954711914 152.211303710938 152.059448242188 151.763595581055 151.633407592773 151.240493774414 151.032287597656 150.762756347656 -3.4e+38 -3.4e+38 149.821731567383 -3.4e+38 -3.4e+38 -3.4e+38 -3.4e+38 -3.4e+38 -3.4e+38 -3.4e+38 -3.4e+38 -3.4e+38 -3.4e+38 -3.4e+38
163.85075378418 -3.4e+38 163.000137329102 162.16015625 161.892715454102 -3.4e+38 160.929443359375 160.378219604492 -3.4e+38 159.673751831055 159.24919128418 158.855453491211 -3.4e+38 158.15673828125 157.373397827148 -3.4e+38 156.687744140625 156.349105834961 155.935333251953 155.746917724609 155.267639160156 154.976821899414 154.565139770508 154.324890136719 153.988388061523 153.672729492188 153.152328491211 152.82307434082 152.44123840332 152.201553344727 151.83317565918 151.743469238281 151.425567626953 151.107040405273 150.757690429688 -3.4e+38 150.403182983398 -3.4e+38 149.625091552734 -3.4e+38 -3.4e+38 -3.4e+38 -3.4e+38 -3.4e+38 -3.4e+38 -3.4e+38 -3.4e+38 -3.4e+38 -3.4e+38
164.330902099609 163.63525390625 163.348510742188 162.523834228516 -3.4e+38 -3.4e+38 161.274200439453 160.674667358398 160.241394042969 159.946548461914 159.334106445312 159.096420288086 -3.4e+38 158.452209472656 157.725875854492 157.335006713867 156.85676574707 156.441009521484 156.048294067383 155.864410400391 155.608947753906 155.183135986328 154.756698608398 154.627655029297 154.172897338867 153.846939086914 153.210647583008 152.837921142578 152.56721496582 152.318161010742 152.008850097656 151.817840576172 151.340072631836 151.047332763672 150.909652709961 150.563110351562 150.303833007812 149.892105102539 -3.4e+38 -3.4e+38 -3.4e+38 -3.4e+38 -3.4e+38 -3.4e+38 -3.4e+38 -3.4e+38 -3.4e+38 -3.4e+38 -3.4e+38
164.392913818359 163.778411865234 163.480682373047 162.634658813477 -3.4e+38 -3.4e+38 161.238983154297 160.851684570312 160.388336181641 160.115081787109 159.623306274414 159.302047729492 159.074691772461 158.521255493164 157.761932373047 157.37922668457 156.930419921875 156.592422485352 156.229354858398 156.014099121094 -3.4e+38 155.262481689453 154.900054931641 154.770385742188 154.143310546875 153.916275024414 -3.4e+38 152.990203857422 152.570114135742 152.338836669922 152.034652709961 151.856643676758 151.415130615234 151.087127685547 150.957092285156 150.657119750977 -3.4e+38 -3.4e+38 -3.4e+38 -3.4e+38 -3.4e+38 -3.4e+38 -3.4e+38 -3.4e+38 -3.4e+38 -3.4e+38 -3.4e+38 -3.4e+38 -3.4e+38
164.542663574219 164.006820678711 163.555770874023 162.921493530273 -3.4e+38 161.990905761719 161.41845703125 161.05322265625 160.661056518555 160.302398681641 159.876037597656 159.417984008789 159.100433349609 158.745056152344 157.843780517578 157.537307739258 157.109481811523 156.750839233398 156.467895507812 -3.4e+38 -3.4e+38 155.241714477539 154.9775390625 154.664093017578 154.255554199219 153.985122680664 153.361236572266 153.099548339844 152.688507080078 152.275238037109 152.003890991211 151.87434387207 151.503112792969 151.172119140625 150.974014282227 150.675598144531 -3.4e+38 -3.4e+38 -3.4e+38 -3.4e+38 -3.4e+38 148.878143310547 148.597183227539 -3.4e+38 -3.4e+38 -3.4e+38 -3.4e+38 -3.4e+38 -3.4e+38
164.68879699707 164.058227539062 163.639373779297 163.021057128906 162.599014282227 162.121017456055 161.628173828125 161.26545715332 160.991760253906 160.456253051758 159.990417480469 159.603210449219 159.129516601562 158.804306030273 157.973922729492 157.630233764648 157.361221313477 156.920669555664 156.663223266602 156.305206298828 155.948120117188 155.392105102539 155.058456420898 154.663299560547 154.409545898438 154.186828613281 153.389633178711 153.086547851562 152.787155151367 152.365997314453 152.100112915039 151.814086914062 151.539810180664 151.296676635742 151.106170654297 150.804534912109 -3.4e+38 -3.4e+38 -3.4e+38 -3.4e+38 -3.4e+38 -3.4e+38 148.755462646484 148.417785644531 -3.4e+38 -3.4e+38 -3.4e+38 -3.4e+38 -3.4e+38
164.640502929688 164.024658203125 163.673797607422 163.123031616211 162.727661132812 162.235992431641 161.817337036133 161.349502563477 161.124282836914 160.557357788086 160.186538696289 159.936569213867 159.319351196289 158.945678710938 158.181045532227 157.752380371094 157.41862487793 157.018020629883 156.667587280273 156.367126464844 155.890548706055 155.605102539062 155.289291381836 154.910858154297 154.552673339844 154.335723876953 153.420883178711 153.183746337891 152.920562744141 152.577606201172 152.191116333008 151.893569946289 151.636795043945 151.403411865234 151.323379516602 151.011077880859 -3.4e+38 -3.4e+38 -3.4e+38 -3.4e+38 -3.4e+38 -3.4e+38 148.847564697266 148.542724609375 -3.4e+38 -3.4e+38 -3.4e+38 -3.4e+38 -3.4e+38
164.694046020508 164.175338745117 163.887237548828 163.101211547852 162.748916625977 162.339569091797 162.063858032227 161.579635620117 161.162078857422 160.578964233398 160.308670043945 159.979232788086 159.447555541992 159.122009277344 158.414993286133 157.873458862305 157.519485473633 157.091690063477 156.772171020508 156.536010742188 156.007415771484 155.622619628906 155.415817260742 155.041946411133 154.721954345703 154.460067749023 153.580520629883 153.274215698242 153.072219848633 152.729721069336 152.307388305664 152.092422485352 151.690979003906 151.594833374023 151.49560546875 151.179870605469 150.835876464844 -3.4e+38 -3.4e+38 -3.4e+38 -3.4e+38 -3.4e+38 -3.4e+38 148.597503662109 148.423248291016 -3.4e+38 -3.4e+38 -3.4e+38 -3.4e+38
164.723907470703 164.355484008789 163.911773681641 163.211288452148 162.876876831055 162.490539550781 162.016082763672 161.739654541016 161.169815063477 160.584823608398 160.341003417969 160.000701904297 159.597457885742 159.194976806641 158.504135131836 158.089370727539 157.592559814453 157.366394042969 156.992660522461 156.717422485352 156.313934326172 155.835845947266 155.422714233398 155.052856445312 154.815902709961 154.4267578125 153.750305175781 153.340698242188 153.168060302734 152.716125488281 152.289825439453 152.079498291016 151.866302490234 151.786834716797 151.465362548828 151.102340698242 150.876419067383 150.149078369141 149.893035888672 149.653610229492 -3.4e+38 -3.4e+38 -3.4e+38 -3.4e+38 148.366287231445 -3.4e+38 -3.4e+38 -3.4e+38 -3.4e+38
164.927963256836 164.601364135742 164.240203857422 163.382125854492 163.073028564453 162.757186889648 162.115051269531 161.797882080078 161.160171508789 160.985305786133 160.522216796875 160.195236206055 159.680557250977 159.244613647461 158.415008544922 158.17561340332 157.65901184082 157.558410644531 157.100723266602 156.721038818359 156.368133544922 156.007522583008 155.400482177734 154.963439941406 154.871429443359 154.475204467773 153.869537353516 153.512069702148 153.17643737793 152.735061645508 152.338806152344 152.139770507812 152.126342773438 151.878265380859 151.457458496094 151.139511108398 150.811630249023 150.084854125977 149.801788330078 149.583526611328 149.356536865234 -3.4e+38 -3.4e+38 -3.4e+38 148.360061645508 148.063735961914 -3.4e+38 -3.4e+38 -3.4e+38
165.251815795898 164.74186706543 164.340423583984 163.490524291992 163.14241027832 162.726959228516 162.186233520508 161.947738647461 161.38053894043 161.114654541016 160.653015136719 160.304550170898 159.799560546875 159.475524902344 158.549560546875 158.186065673828 157.738388061523 157.576751708984 157.143966674805 156.730041503906 156.367492675781 156.025009155273 155.644119262695 155.160415649414 154.871841430664 154.418319702148 153.960586547852 153.602188110352 153.09765625 152.780044555664 152.509902954102 152.349761962891 152.212738037109 151.919281005859 151.528015136719 151.101791381836 150.679565429688 150.153457641602 149.919296264648 149.634780883789 149.302368164062 149.157958984375 -3.4e+38 -3.4e+38 -3.4e+38 148.066314697266 -3.4e+38 -3.4e+38 -3.4e+38
165.154205322266 164.6474609375 164.426727294922 163.606079101562 163.180511474609 162.793548583984 162.388732910156 161.972534179688 161.657379150391 161.19123840332 160.8115234375 160.398498535156 159.943344116211 159.550842285156 158.824569702148 158.382278442383 157.92414855957 157.67594909668 157.330337524414 156.869247436523 156.413070678711 156.09309387207 155.850494384766 155.379592895508 154.977569580078 154.600982666016 153.99494934082 153.698760986328 153.207916259766 152.868133544922 152.665740966797 152.571701049805 152.276428222656 152.010635375977 151.646133422852 151.120819091797 150.646911621094 150.213333129883 149.986526489258 149.67658996582 149.418731689453 149.186447143555 -3.4e+38 -3.4e+38 -3.4e+38 148.194961547852 147.902587890625 -3.4e+38 -3.4e+38
