rcp4.5models/MPi_ESM_LR/sc1gr7.5
NCOLS 261 
NROWS 433 
XLLCORNER 336357.134 
YLLCORNER 654653.479 
CELLSIZE 1000 
NODATA_value -9999 
[rows 330 to 351 of 433, columns 150 to 199 of 261]
96.3910763044246 96.6554541173728 97.3398191884464 99.6314928893774 100.491045895037 101.448366691731 101.978055608443 102.828147164937 103.484087951773 103.194691974266 103.690388598985 104.157455539011 104.484028965904 105.445020329873 104.846915830069 103.386416043841 103.379553278699 104.171419478828 104.875023598844 103.566353338536 105.458525108982 105.329885883284 104.462239052222 103.282348067404 103.123422566265 103.418779516243 103.601440523774 102.902927669884 103.109403164624 105.05202316449 106.07249394039 106.646572572044 106.955634897122 106.953926886363 107.032512181531 107.062654813917 107.233824045091 107.53573803776 107.780127375363 108.001548478211 108.211318305137 108.126098607228 107.457879760907 107.180324981855 107.105383545256 107.411567948494 107.723513466905 107.562064510793 107.373465003246 107.20746699291
95.9068824063559 96.6873625204974 97.4946818998239 99.4592193867456 100.552916384634 101.531457899236 102.224416030943 102.479449376782 103.152107255438 103.989078073949 104.318325834314 105.205317150328 105.329220673773 105.512825853004 104.900519741536 103.895116584859 104.842149204029 105.035004517654 105.096607684802 103.202521865404 104.67564054434 105.783778601856 105.961688341254 105.6516457634 104.876164656252 103.423781820365 103.04204871817 102.998285142468 104.3749448685 106.012031868028 107.077343652112 107.036430544451 107.136904365078 106.937378973542 106.927765704554 107.051871549972 107.362782282872 107.642975384289 108.035282379485 108.3192843066 108.258247624005 108.179520675783 107.207678745827 106.865713140989 107.233363782955 107.522951002223 107.657673969697 107.523827280835 107.325277344043 107.215484690282
95.5264913539285 97.2091490018015 98.3935575980307 99.4995661662388 100.45658064562 100.816685329157 101.616889531336 102.439971365699 102.891160812853 104.68839560705 104.666369239692 104.877761221013 105.665702312444 105.738796641573 105.358507238393 104.906436512974 105.270616831556 105.825126853596 104.87683770905 102.628350542029 103.748678945252 105.963195024777 106.175757487975 106.2607381158 106.047563547385 105.383185355722 104.792387271368 104.898931722673 105.145410288511 106.607073794215 107.647115996171 107.734055839334 107.538008893256 107.309933259474 107.09961772437 107.214791723727 107.688798614102 107.952780326212 108.154102674345 108.405112182426 108.32097017038 108.256273594993 107.463182918178 107.294941106 107.656073871306 107.612101540153 107.512280493508 107.453493499791 107.253489650038 107.110352822803
94.5195990546275 96.922491069251 98.4328723542758 99.8951628154361 100.819497612812 100.836646018051 100.789883386031 102.41151277111 103.799905618876 104.354739818406 104.820143065243 104.340616578235 105.423210944174 104.978615634049 104.818996122185 104.743578115594 104.659054797655 105.323141657007 104.537856240537 102.593900378948 103.252628014218 105.572675043604 106.132772674004 106.409417222246 106.593719116274 106.483520011628 106.642056005085 106.361088585229 106.160307295169 106.728706674102 107.796064905675 108.311089182742 107.74249015934 107.735216492878 107.273554567042 107.660176096419 108.261017285334 108.274242397308 108.339836792415 108.329549045731 108.303601328233 108.204596888395 107.620275868797 107.768423680654 107.662690484271 107.578109387428 107.453813465669 107.463797210333 107.247334418808 107.030141240856
93.088991452533 96.2037860581031 98.485805760019 99.9813936615593 100.797052339548 100.944938121038 101.00446328345 102.445588801093 104.398826505737 104.345971327975 104.59070463155 104.78310750152 104.674961119695 103.684250526331 102.906642160014 101.975320348362 102.328206044207 104.88518391387 104.382700588964 104.192755774523 104.422540450922 105.614290517192 106.160639102592 106.673721569259 107.345065687366 107.010595632324 106.960727656677 106.924891150608 107.1729415978 107.356515254343 107.986241984294 108.490725847001 108.006915032173 107.830841001935 107.336537592815 108.029889669576 108.558063912233 108.340149034173 108.443105523151 108.369066785921 108.312449608987 108.157962517101 107.400448757098 107.75468856918 107.659535881902 107.600152534661 107.416543012131 107.392772449042 107.15046701745 106.972682044597
93.2332735740532 96.0405842520712 98.452743259754 99.9433428237234 100.514512090951 101.073305395437 101.982309760502 102.941245039586 103.697184863507 103.176071560659 103.442346467021 103.924278313583 103.243881526007 101.92635921856 99.5361753033037 97.4040059911412 100.470410251459 104.735957977945 104.722131539254 104.860419239505 105.072235700703 105.461224089773 106.188068596879 106.745750316608 107.510262159993 107.748440630921 107.707188297275 107.505687066057 107.794570853155 108.081000353141 108.219561956551 108.543033920399 108.376949656426 107.731335330196 107.500438052181 108.264659650405 108.534919597846 108.430724106821 108.394638187644 108.473350880352 108.314241427526 108.242578142167 107.370176962217 107.748283658183 107.720195193747 107.613994807893 107.365429382934 107.291176498574 107.147775942812 106.947421181265
87.4002134733744 92.145227181581 96.79141093568 99.2392908964662 99.9895046125388 100.630903131759 101.392279076993 102.531091839593 102.052886895287 100.28915153177 99.4461058528556 97.2573503354397 96.3863264972003 96.5287019067562 95.0433619676286 93.8769005633583 95.4424880547261 99.3151547602383 103.734370535243 104.965847592852 105.452949956954 106.126479366519 106.476396326536 107.413252633017 108.007702452 108.156596228811 108.396355925253 108.231006009231 108.184389024329 108.222652076929 108.647580009051 108.778100531814 108.741857920555 108.708871181758 108.813192559653 108.799315848597 108.682427142397 108.417617933548 108.338167412872 108.341565243114 108.154060631689 108.136590258683 107.121542417052 107.719094953013 107.595751654715 107.450477973632 107.284234484646 107.045136570932 107.004340680788 106.846469329329
86.4403151452629 90.7198392834678 95.9447788221198 97.1145948426478 97.9685653942487 99.1997232431266 100.385380259364 101.725327343716 101.764146267107 99.2269058274899 96.5588889047146 98.0700630405266 100.349671159886 100.812901737201 98.3830112051946 95.7031106353196 96.5380714696838 100.41616411922 103.998682963922 104.149991417729 104.453191847392 105.829095714784 106.568786632825 107.589436757759 108.262636716273 108.10482722012 108.448738017388 108.243214062554 108.151552740037 108.299095290745 108.634299660115 108.798817531474 108.798487978811 108.814988189985 108.761218337178 108.734592556213 108.683902012462 108.422400547228 108.335942482044 108.377364341008 108.228609921675 108.095595426103 107.434703932367 107.653816915552 107.612611293884 107.488660425183 107.243045016837 107.076913372927 106.901380342622 106.834617565265
91.6412332446295 94.3674592260977 97.1694188794998 96.6448278846295 95.8642978242925 95.7690682429295 97.3135528730987 100.181812932061 101.306713758713 98.4053494044178 96.4433600946976 100.859865156714 103.081822619963 102.616684903999 101.207570813782 99.4781450828835 100.170475490275 104.217606864584 104.894643509508 104.177908172894 103.899988338607 105.920364886799 106.63116119011 107.711946807447 108.326057736438 108.002588240951 108.447797706901 108.013935365278 107.942863466205 108.44548808135 108.733989694625 108.871196472793 108.860057984615 108.796880756197 108.727789643107 108.706589850943 108.679724646796 108.556394449542 108.447953716874 108.403772564198 108.313570880502 108.057158324288 107.736887802909 107.540077813815 107.602058791777 107.455458574547 107.173243289349 107.056648265765 106.892500046506 106.765702856939
95.9794394093128 96.7700512382478 97.4458696034675 97.4484384301794 96.5940912186135 96.4079780557945 97.6095659913384 99.3905552306799 101.475248785663 99.9291922152934 99.6508728808415 102.172127058019 103.02239360597 103.091082929227 102.814751083028 102.573255135908 102.190075019035 104.139598647386 104.912710560852 104.484124997166 104.001521519007 106.399166540108 106.935438475363 107.980793245808 108.538327134242 108.303219367387 108.551992877464 108.05968355043 108.100460557129 108.704599605692 108.937081415495 108.982675794604 108.945544147659 108.749604552333 108.721949704983 108.691714904287 108.653861311331 108.608009340086 108.501168657297 108.370360452041 108.278522849674 108.098999128245 107.710470032933 107.514728229503 107.523624391888 107.360546634064 107.186546119333 106.912438902811 106.822617256913 106.748076195349
95.9248074086846 97.0407331714007 97.7328503442976 98.3987077201815 98.9833819499605 99.6991083438266 100.170623019473 99.8554256971333 101.01332949207 100.85488131003 101.359651549417 102.651013821304 103.49567275761 104.066501425511 102.725112127029 103.15568094752 102.947766749223 102.882382341523 103.653149018768 104.223963060526 104.090797643438 106.410786331978 107.166037783088 108.295948124505 108.740529199914 108.823779284508 108.776565708589 108.528704580413 108.69551444905 108.953028205447 108.916839722413 109.044608046963 108.96742660233 108.821944352969 108.766475804853 108.823253990514 108.675272458867 108.60065969615 108.539146660094 108.427102915303 108.292160394268 108.136981171456 107.768753457662 107.595400680098 107.42166978556 107.313920234327 107.214066016981 106.896717361278 106.771383852211 106.679010567387
97.1145000517079 98.1051780919559 98.758999479154 99.3532244361598 99.8834864392798 100.14868212776 100.447013510802 100.805296999665 100.764938603592 102.078956634899 102.633734737723 103.455539983488 104.179086878324 104.222297260529 103.684575235909 103.994349955947 104.209600279804 103.173957890144 103.527668833239 103.978851640232 105.261977799092 106.399939303672 107.170791750218 108.342479482153 108.819865569155 108.976249161061 108.901332768475 108.689628974015 108.732840489303 109.086343519682 108.920020413915 109.02372793045 108.967656779933 108.927226701034 108.880850678892 108.911425558405 108.692920432771 108.54489645442 108.540714552058 108.38837802125 108.20622509626 108.048165275094 107.8218980367 107.667871650002 107.386687751719 107.285444185369 107.138007576211 106.950153218153 106.759993170093 106.535749717239
97.4665919632343 97.9886207371968 98.5835154433224 99.149152037838 99.6915758830871 100.210963639149 100.64639145959 101.296893047375 101.780462055901 103.115303479357 103.476570437409 103.645010608126 103.795972046861 104.212639766003 104.774641539179 105.037169877646 105.19236121101 104.965128416635 105.088278265836 105.070872120986 106.392597693542 106.716501450198 107.254402283192 108.321936365545 108.862890680963 108.986793451285 109.025751704677 108.782140582449 108.665828892408 109.153104872219 109.030274432014 109.005167949535 108.956996989139 109.005749717191 108.942825472934 108.871124690335 108.686542801519 108.583930462761 108.532309516595 108.296790915344 108.087607582185 107.959774927484 107.633390085943 107.628273016562 107.383956711132 107.226585729083 107.104220023112 106.955082602907 106.709942887875 106.468924323183
97.3308102575116 97.9501606409152 98.5853971605383 99.0808680454024 99.5592569951754 100.088532638055 100.645813682599 101.162926835862 102.066162413999 102.583403118207 103.108900964376 103.428908536582 103.681909362252 104.09734615876 104.506456632325 104.755736172546 105.083902377126 105.617956310788 105.862176031507 106.113718027561 106.351421083721 107.060537709205 107.611150002716 108.516147847278 108.901888982449 109.03759670702 109.169501356524 109.128887163106 109.006197559674 109.154816795147 109.124280968281 109.007259610153 108.963419889796 109.055592034874 109.004772113251 108.842550141785 108.673907158098 108.579598106412 108.481086542693 108.326681813121 108.087228487711 108.042286856519 107.636776126557 107.562445853153 107.418720742927 107.127215734498 106.977203399339 106.859775154417 106.713400927515 106.50909689033
97.4057529838807 98.0171085045022 98.7144978310361 99.3743109483844 99.8266442734417 100.359536664223 101.165307286579 102.085406149522 102.506819915451 102.768125354199 103.333234789399 103.744147752657 103.896470659846 104.042085855722 104.430093875195 104.748940991602 105.025941916223 105.229612409175 105.571532391735 106.135707718224 106.485868169339 107.213478301159 108.163122709218 108.880661605777 109.06308314237 109.101959747318 109.20248608961 109.221717379123 109.198926324932 109.163713961294 109.201587745276 109.047389355531 109.014448755766 109.049545695641 109.02143386108 108.756766291578 108.696844219625 108.564667888431 108.428457713592 108.323651477357 108.101517847853 108.041211402077 107.778525344233 107.590588094164 107.376019524622 107.142323483001 106.881600338647 106.763504456462 106.68457693057 106.534592565823
97.6359519076504 98.1044330025921 99.1200580104482 100.272627996872 100.536795822252 101.069398304954 101.979182909998 102.830407602189 102.55984150471 102.718828529833 103.229464912401 103.742254275975 103.956497490551 104.018746438729 104.295262039806 104.672277296211 105.119940616395 105.423240200906 105.60783028621 106.225096509328 106.789746514326 107.379429767998 108.212492248089 108.80923228101 109.173134185258 109.263902786604 109.304939365839 109.052626732734 108.792222665253 109.266740794876 109.240300507624 109.132591549483 109.135824822258 109.044329273414 108.984368220925 108.733625218537 108.7275907141 108.651264991439 108.436007955274 108.335053353173 108.122429357883 107.973179159239 107.757627879619 107.532849447503 107.344648347172 107.256226228153 107.028724603887 106.704194729507 106.561065776186 106.468199133987
98.427460588343 98.7660139507322 99.6795880409052 100.796400359091 101.189611506162 101.99979227285 102.589261756609 102.168416195197 102.181465120196 102.565356014767 103.018306985799 103.460137108239 103.808034927048 104.07886785964 104.318693077389 104.665341585667 105.054070277992 105.535906533725 105.887369678813 106.345661317792 106.800940088439 107.631808748643 108.197835218118 108.663098360188 109.195113532852 109.344745242623 109.375527438217 108.818924302649 108.265019584901 109.242175605273 109.324141750023 109.274213285072 109.186954046589 109.093620091589 109.048675766267 108.832759040033 108.668523189061 108.616629499619 108.499179881001 108.364264891163 108.18353935095 107.974656107046 107.619117654817 107.281321496587 107.353692359914 107.182080073969 107.027620445099 106.631707725191 106.39173368736 106.311806825249
98.408806097556 99.3640301516343 100.544156098979 101.093651949855 101.93698631639 102.700529368932 102.801321784862 102.048274265746 102.63235040211 102.848183435628 103.052690337292 103.501654789136 103.90659486707 104.345422185007 104.351612233207 104.679196236614 104.965566852872 105.396003774612 105.896019189313 106.67514798294 107.161392219378 107.800566051782 108.299811176454 108.816584216977 109.307726537233 109.385149682121 109.444739719162 108.865988897432 107.821010354243 108.772119766734 109.30447473493 109.303558430484 109.104111360693 109.037394596355 109.043742527935 108.872456976275 108.708037838412 108.610486301766 108.472763169425 108.354465401173 108.156345211729 107.957471217133 107.567428945447 107.258491565421 107.318359374986 107.075479992729 106.863746673153 106.624724885792 106.430017671529 106.102135723352
98.034121010925 98.897909611368 99.7017854019839 100.881714966887 102.703781289059 103.533598172409 103.163857355125 103.105962726732 103.463646576115 103.953721595255 103.92476338195 104.075301790987 104.818727488669 105.090963821619 104.85639262868 104.931251505435 104.965675370767 105.477079865987 106.358363969326 107.297898875206 108.106117516897 108.903792893717 109.232421085378 109.369934934995 109.563416180602 109.58775834943 109.600183942938 109.557024326319 109.451368074757 109.425535256271 109.469442202684 109.389681605184 109.250535275396 109.120992642527 109.043802164254 108.900756235122 108.695584331953 108.530232638255 108.436959786689 108.252704968318 108.180318836024 108.035228689571 107.645042825605 107.430276715056 107.180813447016 106.975090278059 106.933449730622 106.541108155743 106.328055630114 106.221099131865
99.0083762315792 99.3906469105936 100.095159004787 101.97115375543 103.357158571894 103.824392963164 103.428577733002 103.358935217391 103.388915466017 103.88002773194 104.050334701017 104.427069680394 105.279946707211 105.784638085546 105.835323063797 105.655556946223 105.666560708508 106.060591421778 106.703461088358 107.740739421769 108.415765969604 108.929798693138 109.417480245038 109.563956676193 109.620364450349 109.641671318748 109.624348794435 109.594213028078 109.498751146018 109.550570638373 109.481987997398 109.379686396998 109.245812088146 109.170992168069 109.02801810695 108.899196938159 108.752614839649 108.579611627414 108.389293862481 108.307363760944 108.163270551271 107.980773014614 107.605231270985 107.350981016734 107.234887288716 106.998588524001 106.855215830858 106.581551915029 106.327539187045 106.065598829136
100.708273398214 100.926492385285 101.603168176162 103.28131939529 104.031884371605 104.129298538273 104.0209458551 103.94487477643 103.296767095127 103.536417563386 104.102409337025 104.748403175199 105.514946296226 106.619229759492 107.153711854713 106.861500581572 106.130851786987 106.434173437884 107.024158453333 107.984898999921 107.983936607751 108.551722255616 109.561612447172 109.683773974531 109.727858900718 109.769398775983 109.683760106256 109.702800200623 109.634019496374 109.667901594264 109.516523490182 109.439330045501 109.241776346226 109.261174527814 109.125371573683 108.859798401641 108.76585079293 108.639752960629 108.43723801722 108.293402134117 108.129765585834 107.936143540549 107.503477553765 107.263506896898 107.193092215651 106.954333050966 106.718075836857 106.546829311334 106.344147559006 106.012094962512
101.724201072528 102.50350189991 103.138553507866 103.73833727394 104.057509894225 104.182162835768 104.621898177057 104.677573476995 103.029850123203 102.988708317496 103.531818649155 104.477324671269 105.626203951501 106.483012275793 107.253865842173 107.781017042705 107.109244240266 106.811954069368 107.742035810405 108.178829564261 107.41304419609 108.25835491348 109.708954875754 109.7420072235 109.805169531274 109.832687831729 109.797827607887 109.830172760045 109.808952430337 109.736704841475 -9999 109.47884081578 109.259683987611 109.227032061718 -9999 108.895743390096 108.798319743075 108.665477472522 108.480948781538 108.235800131848 107.979755399224 107.824558933264 107.452812626688 107.228181066793 107.039693727965 106.837212993192 106.584617080895 106.394913231516 106.328436528259 106.06686507566
