rcp4.5models/MPi_ESM_LR/sc1gr10.6
NCOLS 261 
NROWS 433 
XLLCORNER 336357.134 
YLLCORNER 654653.479 
CELLSIZE 1000 
NODATA_value -9999 
[rows 154 to 175 of 433, columns 150 to 199 of 261]
639.01982093392 642.333409154938 646.153594007711 649.88157781837 653.887350869805 654.976862160065 655.499179038637 658.526872249652 664.255927167489 664.381940013644 668.838756899597 676.114183366797 674.638017510061 672.693799261418 676.401715895397 681.213184131963 678.466691002993 -9999 689.548961067038 689.022648089142 692.296125213889 694.306794266037 696.147248006312 698.128102260843 700.554268817129 702.935889394393 705.154519815002 707.576899869603 710.586449026543 712.416622250907 714.011034867739 715.055297311731 716.680891349865 718.083368820149 719.183371126311 721.106369791224 723.267878295149 -9999 725.292904543678 726.770250590251 728.074038430493 729.495108408682 731.943048000666 733.991944875915 735.593187787068 736.939166905305 -9999 739.18827854374 741.471886310705 742.996933412655
638.048770139595 641.252560435621 645.266495297359 648.481209624989 652.195025450994 -9999 655.680308063676 658.933024030219 662.099478585055 660.796652594033 665.241787601855 672.324047237737 668.850305036551 669.933240701322 673.432140184047 -9999 678.904812400024 685.754571454844 686.494911938656 687.552804914509 689.892774515447 692.389988756528 694.637883519322 696.695230155708 699.093992121782 701.472730075673 703.831659344723 706.507993401492 709.310765282193 710.841078039614 712.972460483648 714.237932245498 715.577213564866 717.127427734742 718.791318699308 720.772643392939 722.528446693647 723.829872167371 724.619893618372 726.479790755359 727.948905729215 728.857944848385 731.584372064184 733.295406360982 735.66260636746 737.70626530256 737.680500688884 738.2652327321 741.047076380814 742.43773694066
638.073136938575 640.71869827135 644.254273920851 648.284515496982 650.579797668389 652.936482939807 655.923335064517 658.738667132833 659.836964120304 659.519684556846 662.881263007639 667.931352392889 666.421047957748 668.231781528063 672.463857817558 674.241214248917 -9999 687.443196079872 681.414857433937 686.292118626913 688.187653899217 690.412475057917 693.214119861311 695.629187432175 698.023912958627 700.398470571723 702.932625724559 705.739652033128 708.171838805853 709.698449211537 712.171753524935 713.225945455851 715.030382396673 -9999 718.405308530674 720.09943723949 721.746206630541 722.943093321985 724.205739296728 726.116279798998 727.285755090957 728.188871157899 731.493896862282 733.194367619204 735.278062279665 737.291464063674 737.7521526725 738.586167511811 740.263841306512 741.704288279218
638.54515256742 641.215690018633 643.947295329459 647.915082342509 649.290256973354 652.469683857357 655.925080970318 658.52554351772 658.075057932345 657.855622845059 660.113100824597 663.155857753348 664.86975986427 668.159472452424 670.556102834502 672.770478209198 677.828764919648 682.353396851844 679.174975981543 684.693874851649 686.651749889083 689.024443998687 691.99050308787 694.40118407818 696.79137402357 699.406777717917 702.531497495281 705.271447141878 707.006130052157 708.556689210156 711.010842767616 712.304212074072 714.518740514653 -9999 717.767401506807 719.487357372236 721.161433978312 722.677304198811 723.915345709111 725.415084681742 726.627603993193 727.527500264565 730.914698768481 732.670673136104 734.127362954929 735.562228562512 -9999 738.167688850285 739.653860369912 741.254524296342
637.747354822571 641.869578022314 644.511986619585 647.036778805093 648.933245541973 652.081414507083 657.163973329941 660.552525889361 657.844176353635 657.390902709602 657.729646242947 660.41064548891 663.578217214839 667.141935928481 668.109785850208 675.113221189148 682.50770855433 675.809320484345 677.582669313085 683.004449898262 685.213124188384 687.95777406963 690.94645618867 693.353539660634 695.739961873881 698.478267901385 701.654076094199 703.919382161888 705.442088207156 707.118937809856 709.721419052396 711.692785411509 713.716463554692 715.224091156469 716.778853587996 718.790134928681 720.489313993755 721.92995301643 723.028429936839 724.453970890172 726.22555223453 727.379724065071 730.414960934403 731.992341942278 733.100479582172 734.259585154393 735.431146676913 737.415619770356 739.260529254239 740.788205218113
636.491197874638 640.790491576672 644.086196824966 646.681499188233 648.983588265201 651.535787353353 656.878974092068 661.075563842682 657.121217384641 656.543917922775 656.750699736575 658.999161161187 662.144193665385 665.011907582714 -9999 673.960010587255 678.855298645549 673.934563398821 676.493118593725 681.694827680598 684.099180515996 686.768760680304 689.853759201303 692.497465131144 695.332035660273 697.836492520467 700.372058749988 702.2485335159 703.965666067992 705.867082720715 709.611844817308 711.32756789414 713.062768586003 714.635707751201 716.185809261805 718.153124435863 719.820610204758 721.340641585513 722.426991518378 723.800609351536 725.684609602979 726.908041898456 730.154843396604 731.751272383329 732.72200578449 734.000775520289 735.532391672907 737.186844315597 739.064621886669 740.393997993478
635.335266097644 638.743941288996 642.388085297854 647.284025483087 649.68411079781 652.847496620898 657.401805528067 658.39450975696 657.487040258695 655.623558151497 656.364969041722 -9999 -9999 663.66148735861 -9999 668.868077915293 670.422537542508 673.321338731813 675.727918948928 680.600815324787 683.206480091888 686.073633111341 688.960980439775 691.879535246748 694.86157428635 697.605027773444 699.589253398636 701.341143547078 703.201060268578 705.010940136648 709.508732772397 711.071950222954 712.383406866768 714.085461133066 715.776187741057 717.431367337732 719.314212356244 721.093060806484 722.006400689623 723.065879237222 724.989886850398 726.642491663437 729.403662779215 731.267443850782 732.659817863586 734.08340676466 735.914092954737 737.226897321133 738.755513952924 740.296951373993
633.292205591639 634.436932585522 638.897830992243 642.867213385933 648.86128185421 652.983272370707 655.261159162562 652.72583717481 651.417705187962 652.149698132816 654.559565606145 -9999 -9999 662.107844485966 664.723005954436 666.606447706597 668.643404778249 671.092902885817 673.556324305903 679.082928419459 681.908347414626 684.80641705713 687.534945318721 690.16632220989 692.973099830458 695.455799135576 697.30608705751 699.018847790008 700.804251818401 703.397281649798 706.530713072073 708.485080532498 710.750117319536 712.979427561839 714.705272305125 716.191384185406 717.835017057575 719.348907356934 721.193195966546 722.922057941502 724.196610724194 725.758160160882 728.851660714585 730.370874180912 731.858528695565 733.486474545982 734.716331182878 736.070325383905 738.039344020063 739.895704306111
630.319866913849 631.740113555175 634.686095894834 640.541577086735 645.958051046824 647.310333063022 649.379900994832 650.439906032899 649.674103712053 651.405893816041 -9999 -9999 -9999 660.997138199962 663.834385316028 665.468700769691 667.740520654789 670.540698653661 673.012991050157 678.511679568242 681.427412247179 684.292156007151 686.85795578877 -9999 691.688482230655 694.043181005141 696.591343444338 698.495665443004 700.909957891343 703.633122259855 705.462703681495 707.529396623478 710.097293091596 712.127150462372 713.860038738359 715.896414038995 717.435290818559 718.654586059723 720.425852670619 722.352702887318 723.799918486395 725.243980816374 728.827493539233 730.341529112303 731.442009752933 733.071561867075 734.113036015244 735.661846601714 737.97198003856 739.674291490648
629.763815034197 631.373725446342 632.937054675245 636.571629462086 640.746883803075 641.80049483733 643.421838050777 646.72266683519 648.003435280522 650.541263087539 -9999 -9999 -9999 659.745719938309 662.512372696996 664.750524925639 667.156273290661 669.904299724177 672.361412278913 677.510498506854 680.716113424352 683.799700671391 686.936612723 689.411387642302 691.463997177899 693.661855578226 696.14987134812 698.449892260906 700.926312765373 702.990200356401 704.713472818746 706.875557882987 709.441881426851 711.463839882241 713.3604233036 715.30837264509 716.945922714043 718.424103099711 719.915267181971 721.798233304174 723.377759170016 725.145713044973 728.738541025523 730.363058449612 731.449474811766 732.628930953056 733.990827247955 735.371613443224 737.687242118906 739.674966035591
629.003410586673 631.464885570077 632.679787317523 635.227503927656 637.33905890093 638.836817784105 641.085126533199 643.282826701044 647.180176170115 649.635409122956 -9999 -9999 656.024695160527 658.595574812564 661.358778375199 663.8464295442 666.348523492183 668.766310314076 671.397122917355 677.452583602619 680.621428100509 683.633263273741 686.67796909038 688.907218913768 691.133166060306 693.840696095084 695.885121605404 697.860104021585 699.891215929784 701.238241582336 -9999 706.688948374776 708.907466014646 710.396834510053 712.542621245175 714.525175253509 716.460058919138 718.525998405282 719.870342450741 721.075081197593 723.009008314382 725.041788137452 727.973517387185 729.412523033904 730.88460246293 732.028738821005 733.641176697045 735.315303799911 737.662006123907 739.363273162443
628.443159056497 631.386153155378 632.703004694542 635.24714341656 638.249589618594 638.438674018446 639.666307059795 641.976663796017 646.360714790825 648.861616645565 651.667839931052 654.158025782628 655.770406451543 658.096685224479 660.807719294537 663.269798711196 665.780843367782 668.157367739897 670.907072456596 677.329795204154 680.359080512951 683.254642169067 686.255533276373 688.223887601508 691.041698224472 693.465232787775 695.078542466851 696.492691332341 698.246648832869 699.751740335417 703.558138784491 706.019029091967 708.144589486932 709.566219376628 711.53883025428 713.799086760973 715.833361700066 718.159874634958 719.552598210882 721.13211834255 723.130935496255 724.506766059189 727.283622510704 728.504053515466 730.211919574248 731.844658838104 733.008033495489 734.939403688598 737.355686599085 739.284025684368
628.133620746344 632.019758163717 632.608334775331 635.32572243603 639.726905488435 639.308494123217 639.791214695058 642.232995759215 645.819092093374 648.47331768863 651.561894719744 654.205440736168 656.047672797653 657.69079366991 660.125976197706 662.548346487537 665.14526423474 667.951996583709 670.710011948964 676.480614307898 679.184060847132 681.875187660077 684.65634441121 687.272583818092 690.744047553994 692.719094083618 693.571084511662 695.11917189321 -9999 698.730941908746 702.861346806125 -9999 707.318991098975 709.130345758925 711.068290402237 713.539923398165 715.189818140217 717.384838721423 719.021546276157 721.011690607347 722.862874600581 723.718399642552 727.147347592468 728.206578775032 729.760631184123 731.669172455345 732.726347275019 734.230125090797 736.793316502871 739.246254680813
628.815650119481 632.172235143764 634.450662245162 638.694666357693 639.173465269583 638.905077188472 639.991666493694 641.966308168943 645.835670876902 647.901874601317 651.07853063118 653.379261454956 655.479870502611 657.58861727839 660.03426627126 662.443674694954 665.031323943877 667.824804986138 670.853360563716 676.47928187446 678.534111116236 680.826335742623 683.218199586446 685.880681644182 689.15624746794 691.512567724102 692.562136914094 -9999 696.060375025403 698.102693648841 702.165712016258 704.349138322179 -9999 708.518050494223 710.852644912244 713.607556162315 715.247911869792 716.813387347591 718.389894143988 720.344470102364 722.329026922747 723.842320525331 726.661358044972 728.248238205344 729.762914318826 731.398890660088 733.049520647666 734.248428771067 736.13103150446 738.684154828583
631.1148565365 634.131635355847 639.152347013876 642.312890013685 636.795436646027 637.914562210825 639.274791900857 641.031121115779 645.16992530956 647.601257740455 650.391694923705 652.596455896379 654.342530518975 656.689398459816 659.400655436422 662.200907869027 664.915362136099 667.705074541735 670.6281215392 676.352107634489 678.41342289794 680.436421837688 682.439534513701 684.679975027872 687.211371503922 689.76376902324 691.827729481179 -9999 695.520950499866 697.797404024541 701.724099368893 704.346883897554 706.30879486733 708.098674056131 710.428599522014 712.711050310136 714.600317439226 716.640275644057 718.1025548657 719.884903204459 721.865007940295 723.763679210487 726.878222871878 728.019821286777 729.522223178304 731.023327543446 732.842692815276 734.599578428818 735.733081292321 737.611500218299
632.912948713051 637.893583570833 644.430368306344 646.23359267135 638.573041416295 638.275357404089 639.04664202646 639.655137296944 645.126055517189 647.984553622443 649.695510552959 652.048987119789 654.052628835536 655.980790196844 658.267218235988 661.261442235442 664.262591928357 667.161329577421 670.229030846136 675.844811181433 678.225773818367 680.399676882976 682.407966714139 684.351020042234 686.150852030398 688.200821992738 690.594109120275 692.672707720983 695.002099250179 697.595012658061 701.396275440895 703.924867304382 705.992065399135 707.974454927453 710.278287786513 712.175236189364 713.550482893778 715.920432105354 717.721392438581 719.555706071753 721.416644064111 723.123145712394 727.071157722153 728.000187600785 729.075572134476 730.801181037304 732.391777095199 734.22593029413 735.761190095529 737.227891927068
631.151380836688 638.474033092973 649.667008600394 651.826549900443 640.440249470582 637.255447619286 638.106408615887 639.320485692245 645.611989725219 647.702843063599 649.557195647185 652.073533553642 654.211139179606 655.796949740465 657.855209508875 -9999 663.243901347579 665.898007971946 668.949718723516 674.617763872781 677.363422368427 679.830834325221 682.447939066637 684.633805294554 686.091220318556 687.975199625848 690.116594299398 692.873130157139 695.63219923256 698.09004905916 700.520554758018 702.866299179115 705.462275598699 707.824343686746 709.834568337004 711.440981620469 713.050191904444 715.033089067691 716.774806409727 718.818180159785 720.74785654726 722.392290169485 726.126975537941 727.930518203218 729.109066278518 730.621457983608 732.506550142992 734.292993050183 736.020243993743 737.25611734263
628.9762530963 636.344672580876 644.920444954906 645.343604917475 638.460261022543 635.390513953583 636.729788103874 638.91845598512 644.912655587989 646.610296337212 649.359766143892 651.903209102358 653.347076475501 655.34658920951 657.893317710257 660.405438814941 662.792050390586 -9999 667.188923092784 672.816869914106 675.725424396876 -9999 681.227833257727 683.817464627806 685.939005025488 687.791803723131 690.126663148478 693.34016835787 696.042017059313 697.706089613753 -9999 702.589657126492 704.690792267084 707.172046823558 709.528898281412 711.274811156633 713.219691869665 714.901832872755 716.88924944382 718.858456780532 720.223792367092 722.078171331815 725.65847979269 727.476730453466 729.355144848663 731.013577706531 732.858510288145 734.46335009051 736.039555360223 736.949963933007
626.773212649562 633.98625360646 639.470020510508 634.585333911819 635.371201577222 634.582068529915 635.894422738599 637.985727558986 643.484852336655 645.235035492151 648.052168609483 650.655636865058 652.567969599869 654.878695067545 657.167954789659 659.926991492493 662.597876905262 664.919320334285 -9999 672.362273504206 674.648578914364 677.565031835927 680.252370112922 683.132429471314 686.10321915904 687.775019490071 690.486004401325 693.510817875134 695.545913761629 696.590418238712 -9999 702.098720393123 704.08035984394 706.583028583874 709.43381489435 711.454775973635 713.038299041014 714.852053671459 717.047284254154 719.027596413916 720.528378221373 722.336153160137 725.62977504985 726.880625421239 728.876728503363 731.278171437236 733.065792587374 734.343913922442 735.472483563853 736.649351120924
624.750224390959 630.003009768943 635.927601730851 632.435051734037 632.639265696815 634.570387925238 638.785619515231 637.154170419601 642.30957345282 643.795610705173 -9999 648.234557898112 650.797553644324 654.114544054619 656.775528547319 658.957477809724 661.594036152199 664.49258846698 667.519850480779 672.272090298975 674.684876654395 677.008932834662 679.248776285196 681.55640624281 683.849358659844 686.21106013101 688.481952751949 690.922630823783 693.50715501031 695.211714570248 -9999 701.26991935571 704.198704407808 706.259099710605 708.115394130832 709.949166654507 712.220397006089 714.39761991607 716.183832417469 718.645084720294 720.773565700467 722.247293810159 724.693067912156 726.006395233737 727.964616072047 729.753280450478 731.286555473143 732.770004389357 733.995123811983 734.980889549834
624.877609729753 625.807260929774 629.887783186824 631.957073926935 631.361037409913 633.492416745192 635.831897419449 635.628546281984 641.101300846138 643.020667056984 645.815173316657 648.849899549346 651.59056097026 653.918008703487 656.609154103932 658.738758744273 661.512788948521 664.547938729747 667.263303869774 672.222726417497 674.255058743415 676.586352691433 679.007788445971 681.356763043611 683.125585600234 685.701297415629 688.171742645878 689.977871101265 692.003898323717 -9999 -9999 700.897226857631 703.938396085814 706.155952403162 707.830727855107 710.226048829607 712.092616508921 713.851366637298 716.064992845403 718.362387159618 720.463629963161 721.842790476727 724.411992031245 725.473330165947 726.962625019358 729.222057918718 730.999634760709 732.269799520821 733.390250095059 734.90045398745
623.116002079517 623.908855464488 626.116575226705 630.209748256681 629.664003515377 631.779307476801 632.80358041598 634.250931705654 640.532750539269 642.985685824627 645.926713175152 648.738356433474 651.614184327834 653.661550283379 656.460225947935 658.734142391185 661.015415845141 663.939676775621 666.73607381798 671.464763919224 673.561055505355 675.939655339071 678.426645253043 681.042105483206 683.045521902788 684.999887705158 687.740456606368 689.623265736857 691.512805448066 693.101494846883 -9999 -9999 702.571115337668 704.891952500524 707.119569042973 709.886954170512 711.78887072039 713.80745239713 716.341715338513 718.264752349906 719.744342731425 721.00991600553 -9999 -9999 -9999 728.747355692337 730.531358465588 732.272483223379 733.373379006611 735.076718686018
