rcp4.5models/MPi_ESM_LR/sc1gr2.13
NCOLS 261 
NROWS 433 
XLLCORNER 336357.134 
YLLCORNER 654653.479 
CELLSIZE 1000 
NODATA_value -3.4e+38 
[rows 66 to 87 of 433, columns 49 to 97 of 261]
-3.4e+38 -3.4e+38 -3.4e+38 -3.4e+38 -3.4e+38 -3.4e+38 -3.4e+38 -3.4e+38 -3.4e+38 -3.4e+38 -3.4e+38 -3.4e+38 -3.4e+38 -3.4e+38 -3.4e+38 -3.4e+38 -3.4e+38 -3.4e+38 306.094451904297 306.770904541016 -3.4e+38 308.050994873047 308.261077880859 307.761810302734 307.59375 307.730010986328 307.882415771484 307.081634521484 307.180603027344 308.795867919922 308.619781494141 309.001373291016 309.551116943359 309.69091796875 310.134338378906 310.264373779297 310.385040283203 309.875427246094 309.951049804688 310.056884765625 -3.4e+38 310.681915283203 310.775482177734 311.194274902344 -3.4e+38 -3.4e+38 310.962280273438 310.814971923828 310.829559326172
-3.4e+38 -3.4e+38 -3.4e+38 -3.4e+38 -3.4e+38 -3.4e+38 -3.4e+38 -3.4e+38 -3.4e+38 -3.4e+38 -3.4e+38 -3.4e+38 -3.4e+38 -3.4e+38 -3.4e+38 -3.4e+38 -3.4e+38 -3.4e+38 307.191040039062 307.557678222656 307.724334716797 -3.4e+38 307.667816162109 307.500640869141 307.636505126953 307.789001464844 307.939483642578 307.795440673828 307.924957275391 308.529754638672 308.6572265625 309.575378417969 309.256500244141 309.376800537109 309.505096435547 310.296173095703 -3.4e+38 -3.4e+38 310.320648193359 310.424560546875 310.856994628906 311.040649414062 310.480316162109 310.580444335938 311.293273925781 311.145721435547 311.276794433594 311.04736328125 311.039459228516
-3.4e+38 -3.4e+38 -3.4e+38 -3.4e+38 -3.4e+38 -3.4e+38 -3.4e+38 -3.4e+38 -3.4e+38 -3.4e+38 -3.4e+38 -3.4e+38 -3.4e+38 -3.4e+38 -3.4e+38 -3.4e+38 -3.4e+38 -3.4e+38 307.895294189453 307.390319824219 308.097137451172 307.63720703125 307.469360351562 307.603424072266 308.415466308594 308.225311279297 308.063232421875 308.193695068359 308.335998535156 308.613555908203 308.748474121094 309.857604980469 310.009979248047 309.151611328125 309.259307861328 309.378997802734 310.491302490234 310.607543945312 310.716033935547 310.820465087891 310.920532226562 311.098663330078 310.746215820312 310.280517578125 310.6220703125 311.291717529297 310.856964111328 311.525573730469 311.239440917969
-3.4e+38 -3.4e+38 -3.4e+38 -3.4e+38 -3.4e+38 -3.4e+38 -3.4e+38 -3.4e+38 -3.4e+38 -3.4e+38 -3.4e+38 -3.4e+38 -3.4e+38 -3.4e+38 -3.4e+38 -3.4e+38 -3.4e+38 -3.4e+38 308.031127929688 307.217956542969 308.145538330078 307.427124023438 307.511688232422 307.661651611328 308.758728027344 308.667694091797 308.131927490234 308.244140625 308.384613037109 309.324279785156 308.80859375 309.901214599609 310.049774169922 310.523651123047 309.977203369141 310.086944580078 310.528106689453 310.639678955078 310.746795654297 310.849884033203 310.939758300781 -3.4e+38 -3.4e+38 310.953155517578 311.037078857422 311.427856445312 311.168212890625 311.560577392578 311.611236572266
-3.4e+38 -3.4e+38 -3.4e+38 -3.4e+38 -3.4e+38 -3.4e+38 -3.4e+38 -3.4e+38 -3.4e+38 -3.4e+38 -3.4e+38 -3.4e+38 -3.4e+38 -3.4e+38 -3.4e+38 -3.4e+38 -3.4e+38 -3.4e+38 308.108551025391 307.288604736328 307.589965820312 307.455139160156 307.570739746094 308.381622314453 308.849853515625 308.344940185547 308.164855957031 308.292846679688 308.431457519531 309.008453369141 308.840301513672 310.610931396484 310.766448974609 311.207183837891 310.338165283203 310.447387695312 310.560577392578 310.670135498047 310.770721435547 310.220733642578 310.970062255859 311.157043457031 -3.4e+38 311.319519042969 311.392974853516 311.4609375 311.523101806641 311.579315185547 311.629272460938
-3.4e+38 -3.4e+38 -3.4e+38 -3.4e+38 -3.4e+38 -3.4e+38 -3.4e+38 -3.4e+38 -3.4e+38 -3.4e+38 -3.4e+38 -3.4e+38 -3.4e+38 -3.4e+38 -3.4e+38 -3.4e+38 -3.4e+38 307.959777832031 308.181335449219 307.944976806641 307.440826416016 307.509246826172 308.292205810547 308.757568359375 308.252197265625 308.073181152344 308.200897216797 308.339721679688 309.143371582031 309.410980224609 309.555084228516 310.308837890625 -3.4e+38 310.575561523438 310.365570068359 310.478942871094 310.590667724609 310.698852539062 310.793518066406 309.917266845703 311.000122070312 311.179626464844 311.262390136719 311.340148925781 311.412689208984 311.453674316406 310.913299560547 311.451721191406 311.635650634766
-3.4e+38 -3.4e+38 -3.4e+38 -3.4e+38 -3.4e+38 -3.4e+38 -3.4e+38 -3.4e+38 -3.4e+38 -3.4e+38 -3.4e+38 -3.4e+38 -3.4e+38 -3.4e+38 -3.4e+38 -3.4e+38 -3.4e+38 308.032470703125 308.143249511719 308.241302490234 307.52490234375 308.213745117188 308.666076660156 308.825408935547 308.012512207031 308.108795166016 308.247711181641 308.384643554688 308.821899414062 309.091491699219 309.897918701172 310.035797119141 -3.4e+38 310.280548095703 310.39501953125 310.508666992188 310.618927001953 310.725738525391 310.824920654297 310.597076416016 311.023223876953 311.200531005859 311.282287597656 311.359100341797 311.405944824219 310.8544921875 311.123687744141 311.533843994141 311.655364990234
-3.4e+38 -3.4e+38 -3.4e+38 -3.4e+38 -3.4e+38 -3.4e+38 -3.4e+38 -3.4e+38 -3.4e+38 -3.4e+38 -3.4e+38 -3.4e+38 -3.4e+38 -3.4e+38 -3.4e+38 -3.4e+38 308.009460449219 308.098419189453 308.152099609375 308.296936035156 307.591766357422 308.541442871094 308.733642578125 308.208953857422 308.029449462891 308.155487060547 308.292510986328 308.427551269531 309.229675292969 308.819976806641 309.929931640625 310.06982421875 310.190795898438 310.309020996094 310.424285888672 310.536437988281 310.649444580078 311.41796875 311.508758544922 -3.4e+38 311.044525146484 311.219696044922 311.300476074219 311.376373291016 311.433349609375 311.176239013672 311.521118164062 311.626892089844 311.674987792969
-3.4e+38 -3.4e+38 -3.4e+38 -3.4e+38 -3.4e+38 -3.4e+38 -3.4e+38 -3.4e+38 -3.4e+38 -3.4e+38 -3.4e+38 -3.4e+38 -3.4e+38 -3.4e+38 -3.4e+38 -3.4e+38 308.059295654297 308.167938232422 308.206604003906 309.020111083984 308.363342285156 308.68408203125 308.8125 308.637481689453 308.759552001953 308.225219726562 308.335144042969 309.138122558594 308.921417236328 309.538513183594 309.975311279297 310.773712158203 310.225677490234 310.337799072266 310.451538085938 310.565185546875 311.341186523438 311.765838623047 311.204162597656 310.971069335938 311.063903808594 311.236999511719 311.316833496094 311.392120361328 311.468170166016 311.556213378906 312.202667236328 311.639617919922 311.687225341797
-3.4e+38 -3.4e+38 -3.4e+38 -3.4e+38 -3.4e+38 -3.4e+38 -3.4e+38 -3.4e+38 -3.4e+38 -3.4e+38 -3.4e+38 -3.4e+38 -3.4e+38 -3.4e+38 -3.4e+38 -3.4e+38 308.129516601562 308.057739257812 308.972686767578 309.390991210938 308.722381591797 308.783294677734 308.885711669922 308.985931396484 309.107879638672 308.946502685547 309.067047119141 309.498596191406 310.001770019531 309.899200439453 310.683776855469 -3.4e+38 310.250885009766 310.364471435547 310.476684570312 -3.4e+38 311.692016601562 311.780914306641 310.894012451172 310.989624023438 311.081329345703 311.255249023438 311.439880371094 312.033020019531 311.478485107422 311.563293457031 311.931671142578 311.650695800781 311.697814941406
-3.4e+38 -3.4e+38 -3.4e+38 -3.4e+38 -3.4e+38 -3.4e+38 -3.4e+38 -3.4e+38 -3.4e+38 -3.4e+38 -3.4e+38 -3.4e+38 -3.4e+38 -3.4e+38 -3.4e+38 308.1025390625 308.193054199219 308.714569091797 309.316253662109 308.789642333984 308.750915527344 308.84912109375 308.950897216797 309.050415039062 309.153106689453 309.282440185547 310.085327148438 310.231964111328 310.664154052734 310.606079101562 311.037414550781 310.839324951172 310.951446533203 311.062927246094 311.171630859375 311.280242919922 311.712219238281 311.808380126953 311.562805175781 311.006103515625 311.114440917969 311.901458740234 311.401611328125 311.749908447266 311.485992431641 311.553527832031 311.607421875 311.660003662109 311.706726074219
-3.4e+38 -3.4e+38 -3.4e+38 -3.4e+38 -3.4e+38 -3.4e+38 -3.4e+38 -3.4e+38 -3.4e+38 -3.4e+38 -3.4e+38 -3.4e+38 -3.4e+38 -3.4e+38 -3.4e+38 -3.4e+38 308.711303710938 309.068908691406 309.367370605469 309.229858398438 308.834533691406 308.913757324219 309.014953613281 309.113861083984 309.21044921875 309.320526123047 310.423583984375 310.577026367188 310.702758789062 310.948089599609 311.067504882812 311.1845703125 311.299163818359 311.411193847656 311.520446777344 311.626861572266 311.730224609375 311.818572998047 311.270599365234 311.665618896484 311.138732910156 312.264770507812 312.008636474609 312.079467773438 312.115020751953 311.557708740234 311.615325927734 311.667449951172 311.753479003906
-3.4e+38 -3.4e+38 -3.4e+38 -3.4e+38 -3.4e+38 -3.4e+38 -3.4e+38 -3.4e+38 -3.4e+38 -3.4e+38 -3.4e+38 -3.4e+38 -3.4e+38 -3.4e+38 308.1201171875 308.635986328125 308.978179931641 309.133361816406 309.415832519531 309.5546875 308.909881591797 308.977233886719 309.077819824219 309.176116943359 309.909637451172 310.047637939453 310.475341796875 310.608459472656 310.057891845703 310.968078613281 311.092071533203 311.883453369141 311.995758056641 312.104217529297 312.204071044922 311.643951416016 311.745971679688 311.838256835938 311.627075195312 312.666961669922 311.790985107422 312.286376953125 312.362731933594 312.434631347656 312.484802246094 312.182464599609 311.724029541016 312.318176269531 312.385101318359
-3.4e+38 -3.4e+38 -3.4e+38 -3.4e+38 -3.4e+38 -3.4e+38 -3.4e+38 -3.4e+38 -3.4e+38 -3.4e+38 -3.4e+38 -3.4e+38 -3.4e+38 308.067108154297 308.557922363281 308.886688232422 309.041137695312 309.182952880859 309.461578369141 309.598510742188 309.503051757812 309.615417480469 309.735778808594 309.854187011719 310.252044677734 310.387512207031 309.845703125 309.949981689453 309.764007568359 310.314819335938 311.111877441406 312.227966308594 311.667388916016 312.443695068359 311.880767822266 311.668365478516 312.414031982422 311.857055664062 311.976806640625 313.032745361328 312.767578125 312.293426513672 312.368988037109 312.440155029297 312.473907470703 311.938446044922 312.328338623047 312.676544189453 312.722320556641
-3.4e+38 -3.4e+38 -3.4e+38 -3.4e+38 -3.4e+38 -3.4e+38 -3.4e+38 -3.4e+38 -3.4e+38 -3.4e+38 -3.4e+38 -3.4e+38 -3.4e+38 308.718658447266 308.853668212891 308.995452880859 309.135314941406 308.598266601562 309.531280517578 309.677581787109 310.095397949219 309.949645996094 310.067901611328 310.194946289062 310.320465087891 309.838897705078 310.556243896484 310.380218505859 310.802917480469 311.037872314453 311.150817871094 311.261566162109 311.370086669922 311.476226806641 311.594818115234 312.680816650391 312.778991699219 312.874267578125 312.966400146484 313.03369140625 312.494049072266 312.329010009766 312.996673583984 312.494995117188 313.490905761719 313.218017578125 313.293884277344 313.635559082031 313.080352783203
-3.4e+38 -3.4e+38 -3.4e+38 -3.4e+38 -3.4e+38 -3.4e+38 -3.4e+38 -3.4e+38 -3.4e+38 -3.4e+38 -3.4e+38 -3.4e+38 -3.4e+38 -3.4e+38 308.897766113281 308.363647460938 308.463653564453 309.004699707031 309.581359863281 309.712646484375 309.842437744141 309.970703125 310.097473144531 310.222717285156 310.346435546875 310.196899414062 310.585052490234 310.7080078125 310.825103759766 311.053771972656 311.165161132812 311.2744140625 311.381469726562 311.495239257812 312.263458251953 312.688110351562 312.785064697266 312.879119873047 312.970153808594 313.046203613281 312.813293457031 312.940795898438 312.736541748047 313.145904541016 314.120483398438 313.568298339844 313.623809814453 313.650573730469 313.361328125
-3.4e+38 -3.4e+38 -3.4e+38 -3.4e+38 -3.4e+38 -3.4e+38 -3.4e+38 -3.4e+38 -3.4e+38 -3.4e+38 -3.4e+38 -3.4e+38 -3.4e+38 -3.4e+38 308.20849609375 308.096099853516 308.894592285156 309.337799072266 309.615112304688 309.744598388672 309.87255859375 310.191833496094 310.129241943359 310.247528076172 310.369506835938 310.489929199219 310.608764648438 310.046325683594 310.157867431641 311.066925048828 311.180206298828 311.959655761719 312.063201904297 312.169616699219 312.581726074219 312.040863037109 312.788543701172 312.881439208984 312.971374511719 313.058197021484 313.141693115234 313.281921386719 -3.4e+38 -3.4e+38 313.835113525391 313.563537597656 313.618682861328 313.668914794922 313.713958740234
-3.4e+38 -3.4e+38 -3.4e+38 -3.4e+38 -3.4e+38 -3.4e+38 -3.4e+38 -3.4e+38 -3.4e+38 -3.4e+38 -3.4e+38 -3.4e+38 -3.4e+38 307.851135253906 307.981994628906 308.797241210938 309.239044189453 309.385437011719 309.645629882812 309.773315429688 310.130615234375 310.328125 310.154846191406 310.269256591797 310.389526367188 310.50830078125 310.625457763672 310.428436279297 310.538024902344 311.113922119141 311.207092285156 312.291961669922 312.386688232422 311.827575683594 311.936279296875 312.353240966797 312.143402099609 312.881134033203 312.970001220703 313.081115722656 313.795318603516 313.914520263672 -3.4e+38 313.433044433594 313.496856689453 313.556274414062 313.611114501953 313.706024169922 314.347106933594
-3.4e+38 -3.4e+38 -3.4e+38 -3.4e+38 -3.4e+38 -3.4e+38 -3.4e+38 -3.4e+38 -3.4e+38 -3.4e+38 -3.4e+38 -3.4e+38 -3.4e+38 307.881622314453 308.697937011719 309.138580322266 309.285186767578 309.416076660156 309.672760009766 309.798736572266 310.275115966797 310.147979736328 310.850891113281 310.300537109375 310.406524658203 310.523620605469 310.63916015625 310.753112792969 310.865447998047 311.780517578125 311.877777099609 312.296569824219 312.394073486328 312.156982421875 311.621368408203 312.685363769531 312.441864013672 312.238067626953 312.965972900391 313.091094970703 314.132415771484 314.234893798828 313.356842041016 313.424163818359 313.487457275391 313.546478271484 313.600982666016 313.722351074219 314.695587158203
-3.4e+38 -3.4e+38 -3.4e+38 -3.4e+38 -3.4e+38 -3.4e+38 -3.4e+38 -3.4e+38 -3.4e+38 -3.4e+38 -3.4e+38 -3.4e+38 307.784851074219 308.596313476562 309.035919189453 309.182983398438 309.313995361328 309.443145751953 309.696472167969 310.112060546875 310.336151123047 310.073944091797 310.483367919922 310.308197021484 310.420318603516 310.535827636719 310.649810791016 310.76220703125 310.873748779297 312.089324951172 312.194793701172 312.298309326172 312.399749755859 312.491912841797 312.288879394531 313.337524414062 312.772186279297 312.546234130859 312.959197998047 313.057495117188 313.467681884766 313.604705810547 -3.4e+38 313.412658691406 313.475463867188 313.576873779297 314.231872558594 314.306030273438 314.682525634766
-3.4e+38 -3.4e+38 -3.4e+38 -3.4e+38 -3.4e+38 -3.4e+38 -3.4e+38 -3.4e+38 -3.4e+38 -3.4e+38 -3.4e+38 -3.4e+38 -3.4e+38 308.930633544922 309.078338623047 309.209686279297 309.339050292969 309.466583251953 310.045745849609 310.287506103516 310.390869140625 310.772369384766 310.893829345703 311.008392333984 311.12158203125 311.233276367188 311.343505859375 311.452209472656 311.562591552734 312.090942382812 312.194976806641 312.297119140625 312.410858154297 313.16455078125 313.267364501953 313.674346923828 313.438873291016 313.525390625 313.582336425781 313.032592773438 313.112426757812 313.297912597656 313.982513427734 314.007202148438 313.460723876953 313.543090820312 313.929565429688 314.028686523438 314.616607666016
-3.4e+38 -3.4e+38 -3.4e+38 -3.4e+38 -3.4e+38 -3.4e+38 -3.4e+38 -3.4e+38 -3.4e+38 -3.4e+38 -3.4e+38 -3.4e+38 308.836944580078 308.970855712891 309.102752685547 309.232513427734 309.3603515625 309.486297607422 310.236206054688 310.341766357422 310.798461914062 311.089233398438 311.209045410156 311.324401855469 311.438293457031 311.550720214844 311.661682128906 312.453216552734 311.880645751953 312.089538574219 312.192199707031 312.292999267578 312.414154052734 313.488555908203 313.583160400391 313.675445556641 313.765350341797 313.852722167969 313.922882080078 313.646240234375 313.098297119141 313.302978515625 314.277191162109 313.752105712891 314.046600341797 313.501037597656 313.554595947266 313.680389404297 314.568176269531
