rcp4.5models/MPi_ESM_LR/sc1gr9.7
NCOLS 261 
NROWS 433 
XLLCORNER 336357.134 
YLLCORNER 654653.479 
CELLSIZE 1000 
NODATA_value -9999 
[rows 198 to 219 of 433, columns 100 to 149 of 261]
229.549186613661 228.994440594384 228.078637538654 226.308230598297 225.11141679142 224.499146396798 223.231594381799 222.116581751669 221.060907309778 220.714809386411 219.87932713702 218.946823614371 217.229827900737 216.676149009729 215.022588012971 213.443976649904 212.096160492294 210.410197524802 209.095623729993 207.322415326249 206.348593685725 205.360792598587 204.077678059861 201.800146215242 199.071889690104 197.725987487428 196.252103641539 194.401925710376 192.487618775671 191.365891326908 190.166123270044 188.939315454462 187.487142966927 186.256517243767 184.269741118365 179.567248439292 178.662208338955 177.095840004383 175.495209492776 172.451911419972 168.926063714962 166.577260177313 167.28006581256 164.563561193677 158.212259515775 159.066614856022 152.155383286766 149.043575733787 146.540946337158 144.38983796993
230.290368178237 229.512263613543 228.692506656984 227.703941116131 226.456788116391 225.808280887927 224.072047230049 222.867530502662 221.667437996122 220.958777168238 219.997540222778 219.17637974169 217.703509251536 216.709340223724 215.270211284531 213.33295347611 212.176091105868 210.865130783832 209.379490077982 207.716931936967 206.41236617387 205.423979162601 204.745181594448 202.807131269725 200.122988127351 198.8323732616 197.329805356957 195.355497405384 193.335960924599 191.724814099695 190.823557999304 190.076798503551 188.882005967396 187.658575163456 185.296314692341 180.71923285582 179.992512178983 178.159742111093 176.542957867584 173.309097773156 169.292621141087 166.145310919147 165.376420514185 162.908232776437 158.521401538913 158.48901892011 151.786907153315 148.260416634237 146.158956973252 -9999
231.250725071395 -9999 229.176890070161 228.686170500902 227.47099006048 226.675815697094 225.429521788307 223.778155796357 222.488683764302 221.309541772838 220.364782942179 219.498003943547 217.630949776005 -9999 215.348514311729 -9999 212.118446199579 210.888623642662 209.54042970144 208.331311899645 206.591572710417 205.690365404044 204.898562794019 203.469173392272 200.481441914374 199.503571273317 198.306700513179 196.013554903591 193.879613601109 192.303078066085 191.195091474161 190.433850563427 189.378521026212 187.911605619031 185.26288035782 181.549544285521 180.507747307231 179.177173628022 177.693152002615 174.348316311949 169.562872381037 166.172762197245 163.911596314365 161.679112548611 158.56082662836 156.945366818112 151.900230042858 148.53689142489 -9999 -9999
232.216098179065 230.083536933106 229.786267930818 229.029041155361 228.122052870812 227.230355822685 226.2017412415 224.593356553576 223.532639628841 222.241219923204 220.902267697062 219.643119961501 217.986723032846 -9999 -9999 -9999 -9999 211.004609921769 210.202426033013 208.890325969528 207.053148884981 206.04571475407 204.778690443394 203.6986758718 201.730127330281 200.099070918598 199.350366385878 197.010160940218 194.750860691988 193.343169270394 192.13990592823 191.004424061375 189.775246048694 188.273720569782 185.710367582203 182.450191876891 181.271272805651 180.075246118015 178.475722664652 175.848514124791 171.163510345093 167.02759571333 164.307083434396 161.909965409764 159.02994764365 157.195894600567 153.013369845559 149.960282038907 -9999 -9999
233.421827333968 230.809435600761 230.438631311683 229.651740014378 229.06107120976 227.878558608536 226.817535737029 225.526640775345 224.346309277068 223.208535348466 221.687640620922 220.458030370808 -9999 -9999 -9999 -9999 213.244537408093 -9999 210.591535055149 209.18968148862 207.574192566274 206.135633073313 204.992103046512 204.231859558369 202.468071538304 200.773686828435 199.705793570219 197.772808130231 -9999 194.50837178925 193.321888697839 192.407602320904 190.841073801683 189.420890812319 186.965372751102 183.207051036055 182.528404215963 181.284186961474 179.563110012786 177.27276389942 173.048696829028 168.109472409736 165.105270269236 162.236522882211 160.436565526345 160.143523641814 154.855000930167 151.883017506912 148.834913897692 -9999
234.630296298283 231.766131479323 231.353630265423 230.716987581775 229.698807935437 228.973610423807 228.035285033372 226.494458800821 225.092200553393 223.879033710718 222.258545872699 221.152047582536 219.391023046572 -9999 216.978493620927 -9999 -9999 212.478551706857 211.073686253479 210.074132751326 208.894407901688 206.897136936937 205.584207273936 204.579517555323 202.900095244175 202.00716922077 200.442593171566 198.734873900961 197.228439054675 196.082072800396 195.286251322857 194.032867289717 191.858672737398 190.44986160318 188.13156103839 183.9231284479 183.539027951763 182.437961124518 180.97078172172 178.560012592332 174.939684002139 170.753351985571 166.724209176999 163.816807353868 163.125994593474 164.564365039364 156.044633352695 153.370644692024 150.830200560315 148.142669102927
234.905080844436 232.987266968194 231.925236610877 231.398187780999 230.747810436537 230.198027208659 228.671244072149 227.325723714808 226.104991812736 224.717135947009 223.20561024102 221.703917501317 219.997984304868 -9999 217.864028312484 215.906782838086 214.329494413033 213.195678028999 211.995791737841 210.93700863351 209.950464807168 208.251492931911 206.638035045563 205.201760893524 203.886320802619 203.376125987003 201.88885258262 200.028992563736 198.112886055172 197.167850874658 196.39484211698 195.200792987596 193.843810137547 192.135214044399 189.25599233417 185.090495089092 183.993786959423 182.786849289123 181.617293202929 179.637992878158 176.532178325055 172.829216342405 168.332871122719 165.644653140706 165.107491479705 166.710884190614 156.992124988073 154.451288838274 151.868424477598 149.664879140963
235.682331969799 234.433793980385 233.017525960265 232.546975817707 231.755894017513 230.789167460123 229.289661586522 228.123278257918 226.906078940797 225.445471481583 224.453599744268 222.86639257566 -9999 -9999 218.174553973559 217.140672639253 215.092234300419 213.519169898995 212.547283149734 211.731630640152 210.389424133384 209.011044199553 207.988724902658 206.537213183254 204.889355072517 204.462004223866 203.651836175965 201.874702806571 199.710003494871 198.559328930266 197.156817127002 195.849656351134 194.798867209275 192.514271010556 189.932240923573 186.313417063294 184.980379060117 183.800384628307 182.638100887645 180.901765181863 178.356093150638 175.748057876581 172.160172926388 166.921383091216 166.403742419281 166.362637197067 158.304154744597 155.791187778134 152.839272064299 150.60870722356
236.248386182976 235.499024301704 234.542382316589 233.792538126707 232.420241261793 230.980592122423 230.401564441246 229.430037302535 227.743107134314 226.347916959386 225.018879645335 223.736932136993 -9999 -9999 -9999 217.623568076192 216.065361390852 214.403820091848 212.957450338103 212.120932367397 210.798119622452 209.447889161923 208.586698834222 207.634732434318 207.542133059012 208.165781010037 205.659940022578 203.156874188934 201.714258243492 200.661767173719 198.673850626147 197.069955341818 195.078462565887 192.713149724719 190.656430370169 187.821452036913 186.412123050882 185.367476535098 184.224879482109 182.592676914745 180.262551767925 179.052467849039 176.964015069571 169.219951687449 168.447569413061 167.404056585483 162.909957774789 157.222903375366 154.208157765928 152.078664995471
236.981680880228 235.797261156034 235.359633681615 234.697374314969 233.715374177561 232.15225581628 231.538763456172 230.431529164504 229.162561567242 227.475310090135 225.884250967932 224.441035610531 222.189470461424 -9999 -9999 217.961081482778 217.057102811614 215.672136837471 213.845502390057 212.563589207436 211.430625834023 210.071938949845 208.677508036275 208.312650828923 209.534005246785 211.98001904528 208.062423450051 204.479689178783 203.19577030434 201.975832876213 200.4601959446 198.390300963158 196.229857294568 194.27067720486 192.685460899237 189.120140529503 187.808970875081 187.246642043667 185.323910068829 183.92808301151 181.706616454303 180.529604120916 178.242375316764 170.820311066401 171.399047046465 172.874604738346 168.251721683439 159.078136096952 156.448410546662 154.252472064846
238.320421027223 237.132473572749 236.475925907488 235.983063708071 234.838548572745 234.172775376056 233.552353558776 233.256128450874 233.055668477532 230.414366112341 228.219401112103 226.707550471792 223.21884758225 222.621836469545 221.469913362264 219.665435334077 218.658473321381 216.953672927545 215.742622684772 213.933135733932 212.332170791023 211.086407562832 210.037302157603 209.240038193747 209.892167441199 210.664316166377 207.586496376137 205.034480474897 203.574214491909 202.964598681119 201.069115513949 198.831850128992 196.965198242236 195.598511599579 194.664937229475 192.02433100873 190.213768283021 189.276293618812 187.721659699539 185.41699758647 182.332599376723 179.523285392958 177.255293251461 177.707307325262 179.660766715888 177.015818120688 165.654327907243 162.842910705629 159.975526398123 159.059446829936
239.570983523346 238.476083672074 238.123711340358 237.283344006545 -9999 235.060006140914 234.240303573094 234.318766771672 234.405371168641 231.463379689465 229.15657362489 227.65305130531 224.070610709463 223.06527946376 222.347544350318 220.507956975635 219.129962387147 217.896491333786 216.832398929361 215.167736068432 213.653095914762 212.126557187499 210.977281763315 209.890188234929 209.205540965085 209.637081462031 207.154702725416 204.764489967858 203.437742469293 202.648253100714 201.53838865587 199.156220971423 197.145477347701 196.074644894877 195.007434453761 192.648522708905 191.069979970653 190.119548437684 189.193855997496 187.008925642241 183.564559187881 181.517124460485 180.587492043605 182.031866149678 184.108831135955 178.823173412614 166.994184957972 164.42347080522 162.356410997087 161.364394182764
241.03298793917 239.5556994984 239.12533005059 238.86110893669 237.73060715443 235.898130057564 235.025231473975 235.036995551112 235.117525153345 233.302375319466 229.929474708823 228.750781312079 225.335774304161 223.859251918884 222.829773339626 221.768415170971 220.097563963498 218.647627587671 217.834992169138 216.457244705901 214.675455534306 213.264555504578 211.602910051013 210.697683130573 210.182061757077 210.002712880431 206.902017576985 204.796588849037 203.695608745776 203.177138496405 201.728850799326 199.631324430716 197.595455109254 196.160175176473 195.091164463781 193.485304598226 192.426630125946 191.371858750005 190.158722785026 187.934179808774 184.796827358771 182.948599767736 182.060889258027 182.091947995468 180.438131829059 176.412368616652 169.265688188556 166.959151124795 165.031202002927 163.18757926708
242.59636422811 240.604129463982 240.516457325446 240.852082179764 239.503849865088 237.162821718262 235.920493998927 236.400391697401 238.559504963742 237.631948028888 230.999441301042 230.03491479465 226.40032528491 225.103939535492 223.989432057221 223.376865193314 221.862127109381 219.881941375092 218.694150819851 217.856428126062 216.169219563716 214.474304323414 212.47340802396 211.694524984784 211.195169644848 210.691136902612 207.258424171573 205.857490126439 -9999 203.726131274817 201.57069955816 200.093927479983 198.857001600682 196.999505943713 195.654501879057 194.705615046063 193.931083716663 193.215547502583 191.074464368851 188.645031888025 186.360261929477 184.714934072769 184.656814304849 182.518952278735 177.307881506639 174.985474935972 171.29141258372 169.108347911956 166.720516048457 164.8410164657
243.746371636561 242.162156368396 -9999 241.77238207468 240.785649740141 238.52821539 237.138323123067 237.386600304001 239.445044567952 237.586548181381 232.266660031837 230.911573864344 227.328816519277 226.110787641323 225.034717873735 224.340184791725 223.90440432201 222.835030298178 -9999 219.078140376278 217.40815703784 215.22598250775 213.973569960054 213.228828754651 211.780283970153 211.105940546583 207.925776804061 207.310998452527 205.914913085422 204.105466554374 202.019625929824 201.463114352796 200.742731469133 198.74148568419 197.081816986332 195.729848957361 195.262581797741 194.558988402368 192.417563805408 189.632291210975 187.993108387883 187.133434094017 188.492763557832 186.487545493501 178.687362010297 175.912049152668 172.32729321765 170.362980299064 167.785527866372 166.306422902722
244.725828702028 243.709705564816 242.851658460164 242.697882710692 242.265539954916 240.810633707259 238.659709009407 237.901117395434 238.783641721086 237.319441189557 233.555179786478 231.738832395894 228.649907983712 227.202111767101 226.272741044957 225.074895290256 225.166480717001 224.780762808235 221.459849476914 220.016042047174 218.301741368894 215.720111123876 214.363777238438 213.64807667425 211.439652770818 210.199880590723 208.362169664097 207.682975150929 206.289844737312 204.799051506363 203.121467337052 202.703788285766 201.601177927154 200.364793180821 199.148705430342 196.620857533726 195.853001072705 195.015728490704 193.906005960205 191.328530895144 190.130098182566 190.973427277372 192.287869035181 190.335145223432 181.197052031595 177.798585562019 173.287977838814 -9999 169.593997732018 167.612811128082
245.785695924646 244.738376143951 244.537854970876 244.362716495857 243.598921584838 242.28054809645 240.047192605849 238.808521972459 238.857830666286 237.957917320238 234.428706905157 232.5802555967 229.64905670957 228.645698666103 227.637607994168 226.230974155284 225.329968214171 224.720575109323 222.529270309281 220.575189930652 219.187705870664 216.66601618598 215.071878313257 213.735196155163 211.307663364638 210.25418343652 209.224457006737 207.992624322698 206.970521686666 205.102118970122 204.011472735658 203.47967881114 202.244955383599 201.264392483446 200.043472282137 198.166484640984 196.627129349131 195.700604574903 194.638780340657 192.59068934543 191.547033254604 194.600502361529 199.043664446669 193.908797002723 182.633574493956 179.706841823327 175.256489002606 173.547729946771 171.7557868695 169.711120137531
-9999 246.028525607956 246.441471475204 246.713848129633 245.4442495614 243.488512038868 241.483504706868 239.951760404099 239.269769939929 238.458728696326 235.542313976977 233.327284980959 230.633051869589 229.478811011847 228.763889771581 227.621514157314 226.054953214247 224.891091513473 223.087864388627 221.558363268605 220.297161849972 218.086529471505 216.425558792001 214.903054544607 212.22797893426 210.982781073939 209.634305608014 208.368092731261 207.329636415075 205.588207331876 204.51855505476 204.086102735171 202.998887528932 201.81281336945 200.835308718575 199.459855544968 198.069200534352 197.03348481771 195.402319333415 193.559316186111 192.408850892835 195.98050026565 205.720783189522 200.857112853036 183.0970142866 181.068207527338 177.281973437973 175.325296790637 173.790689041468 172.309432559794
248.777647509134 247.846840403635 247.716361825227 247.827577665051 246.877683480505 245.43565014041 243.264394851675 241.535292383607 240.584717466249 239.568723698897 236.382369298819 234.515484429736 232.172174218747 230.497610627495 229.654965556595 228.585977375809 227.199059916583 225.842113486792 224.235480520338 222.617193849171 220.77201793431 218.916524864599 217.319452496174 215.915197259519 213.486911143749 211.869168076428 210.535999032429 209.304384563143 207.92593449394 206.818061486883 -9999 -9999 203.778607466758 203.074262034646 203.042322790345 201.747425345937 199.39688745558 198.354077783535 196.835182070399 195.443388436743 194.90437967225 198.784110335978 207.152695278743 199.390171959131 185.330739592315 183.156957496769 178.961054726906 177.644930307521 176.251849190378 174.724172248461
250.79429255357 248.937707517796 248.344917371144 248.00517645024 247.447075276945 246.873099635371 245.018331615726 242.791992416446 241.911943554948 240.870583516714 237.954268654894 235.878485778785 233.543261819314 231.709184770661 230.849531008534 230.267310080156 228.490524223729 226.893018108823 225.425224558692 223.384090484866 221.452954056533 219.906336142728 218.24317736186 217.01436105929 214.401179713061 213.03366271896 211.855278100358 210.645129092419 209.48074425443 208.527203379461 -9999 206.114496377287 205.157647001219 205.00300033423 207.99275050076 202.989890204832 200.531755192137 199.587080068298 198.712732045527 197.691409675835 197.383670749049 200.825672997976 204.891776196734 194.510929096163 187.276489496107 185.076314593721 180.850404695856 179.697959742434 177.908663132626 176.39983826104
251.694459741536 250.026960377288 249.807324375301 249.968623431821 249.292282095464 247.923376161495 246.274239932658 244.276949870916 243.520245877164 242.89816778721 240.845921229066 237.427880116742 234.438453517666 232.664224695757 232.04348759496 231.801267878038 229.703522560692 227.971799810451 226.731003508002 224.47628097463 222.837248667031 221.270876490933 219.668923612987 218.393297498765 215.7124610722 214.094263738265 213.165653750578 211.779075129683 210.805570499995 209.75927604337 -9999 206.942567577114 206.503248994377 210.461446983948 217.848330785878 203.101867188466 201.597400261394 200.794973756207 201.283086433821 201.685636355194 199.198470529411 201.260553490248 205.575661562843 197.503926371868 188.624675621728 186.643593445062 182.546757941948 181.320023723829 179.45865955162 178.141031586467
252.913149232687 251.822093763115 251.519719697833 250.936894848996 250.19281853403 249.133755388094 247.854068388052 246.194999464437 245.416604923998 245.470054795527 243.782544475667 239.07050048486 235.868085765532 234.017989436519 232.800040354558 232.491155800471 231.063027186933 229.298872205364 228.036661338523 226.080203235428 223.696216845481 -9999 220.803884676077 219.909324251148 217.392393162293 215.397493125522 214.295283574655 213.167619532692 211.931168224708 210.550484756051 209.24846525447 208.113571297974 210.689548127124 216.871804693793 214.871872684171 203.706093169488 202.458591061184 201.882678395267 203.680558029356 205.725346636514 202.593862529471 203.315935847923 205.308983092509 195.818774462811 190.124571407039 188.930488410235 183.726458005482 182.434161024956 181.27940833432 180.150108887447
