rcp4.5models/MPi_ESM_LR/sc1gr10.24
NCOLS 261 
NROWS 433 
XLLCORNER 336357.134 
YLLCORNER 654653.479 
CELLSIZE 1000 
NODATA_value -3.4e+38 
[rows 176 to 197 of 433, columns 147 to 195 of 261]
524.362365722656 526.080871582031 529.346069335938 533.3017578125 535.362365722656 537.645935058594 540.981872558594 542.923278808594 545.175476074219 545.728149414062 548.04931640625 554.230529785156 556.663879394531 559.911376953125 562.568115234375 565.714721679688 568.055847167969 570.532897949219 573.147094726562 575.777893066406 579.126281738281 582.91357421875 588.812683105469 591.605895996094 594.374816894531 597.482604980469 600.128845214844 602.688415527344 605.549072265625 609.185424804688 612.226989746094 614.989440917969 617.513366699219 624.254577636719 627.347717285156 630.590148925781 633.707824707031 637.249694824219 641.127624511719 644.089904785156 647.197265625 650.862060546875 653.8935546875 656.514282226562 658.754577636719 664.373901367188 667.395141601562 -3.4e+38 673.551391601562
522.538818359375 524.275695800781 526.800903320312 529.977355957031 532.790161132812 535.08056640625 538.259826660156 542.665161132812 546.350769042969 544.824584960938 547.762451171875 553.002746582031 555.974914550781 559.227233886719 561.944152832031 565.011779785156 567.022888183594 569.309631347656 572.346374511719 575.38916015625 578.542114257812 581.556274414062 587.477478027344 590.561828613281 593.380126953125 596.478576660156 598.808837890625 600.916748046875 604.252197265625 608.084899902344 611.327026367188 614.060424804688 617.267333984375 624.408386230469 627.188354492188 630.303649902344 633.299072265625 636.378845214844 640.090576171875 643.512573242188 646.495422363281 649.856506347656 652.988891601562 655.797912597656 658.561462402344 664.381103515625 667.360412597656 670.13232421875 673.149597167969
521.6181640625 523.834167480469 526.020874023438 528.555297851562 530.2744140625 532.566101074219 -3.4e+38 541.25244140625 544.02294921875 544.165405273438 546.9638671875 551.791564941406 555.388610839844 558.179809570312 560.285888671875 563.09423828125 565.741943359375 568.578125 571.093078613281 573.874633789062 577.026123046875 579.9697265625 585.490539550781 588.344787597656 591.470947265625 594.728759765625 597.58056640625 600.288024902344 603.651916503906 607.486938476562 610.71044921875 613.592346191406 616.923156738281 623.890808105469 626.646850585938 629.3310546875 632.772888183594 635.544982910156 638.652526855469 642.460632324219 645.898803710938 649.229125976562 652.553894042969 655.247314453125 658.043151855469 663.813415527344 -3.4e+38 669.871398925781 672.806335449219
522.187683105469 524.2890625 527.996520996094 529.680419921875 528.594604492188 530.464721679688 534.117248535156 538.26416015625 540.779235839844 543.843505859375 546.721313476562 551.207092285156 554.512939453125 556.70654296875 558.650390625 561.254821777344 563.903442382812 566.798583984375 569.22216796875 571.953186035156 574.936645507812 577.989135742188 584.073547363281 586.92138671875 590.487731933594 593.905822753906 596.8173828125 600.388000488281 603.574096679688 606.965148925781 610.204467773438 613.262573242188 616.513916015625 623.364440917969 625.922912597656 628.275634765625 632.059692382812 635.191223144531 638.069396972656 641.842041015625 645.547485351562 648.987731933594 652.175415039062 655.008483886719 657.664184570312 663.418762207031 666.67529296875 669.947143554688 673.217834472656
521.502075195312 524.283203125 527.569702148438 527.991027832031 527.798522949219 529.412841796875 532.252990722656 535.233459472656 538.702392578125 542.248962402344 545.654479980469 550.590026855469 552.91162109375 555.595947265625 557.993896484375 560.344909667969 562.650695800781 565.204956054688 568.091430664062 570.9443359375 573.763305664062 576.558471679688 583.297546386719 586.816772460938 590.625061035156 592.96240234375 596.072448730469 600.42724609375 603.617797851562 606.69970703125 609.927001953125 613.040222167969 616.159484863281 622.431030273438 625.345581054688 628.141906738281 631.558959960938 634.649719238281 637.425170898438 641.133666992188 645.002807617188 648.447265625 651.717407226562 654.668395996094 657.40234375 663.400512695312 666.397827148438 669.904113769531 673.366821289062
518.402709960938 522.406127929688 525.654724121094 524.901306152344 527.169921875 528.640258789062 530.964233398438 533.2080078125 536.559936523438 540.027221679688 544.021301269531 549.316772460938 551.258422851562 553.686157226562 556.298034667969 558.862365722656 561.583679199219 564.359191894531 567.192016601562 569.998718261719 573.236267089844 576.29443359375 582.784240722656 586.194213867188 589.9658203125 592.185852050781 595.515686035156 600.232299804688 603.84619140625 606.952819824219 609.891845703125 612.683837890625 615.675720214844 621.554809570312 625.197875976562 628.325866699219 631.18408203125 634.103088378906 636.9384765625 640.681823730469 644.636840820312 647.946105957031 650.592956542969 653.802856445312 656.979736328125 662.926818847656 666.001342773438 669.328247070312 672.694213867188
516.10107421875 521.500183105469 526.985290527344 524.512634277344 527.176452636719 528.398986816406 529.768920898438 532.177856445312 534.4658203125 537.939880371094 542.264404296875 548.10498046875 549.518676757812 551.860961914062 554.756530761719 557.743957519531 560.228820800781 563.08349609375 566.051452636719 568.980224609375 572.666931152344 575.435791015625 582.395263671875 -3.4e+38 589.054626464844 591.843200683594 594.782958984375 599.273681640625 603.539672851562 606.56689453125 609.424987792969 612.050842285156 615.205810546875 621.515380859375 625.030944824219 627.94873046875 630.643432617188 633.568359375 636.374145507812 639.974609375 644.06689453125 647.740051269531 649.821411132812 652.937561035156 656.529479980469 662.487182617188 665.860595703125 668.859130859375 672.228088378906
513.574279785156 520.915466308594 -3.4e+38 523.976196289062 526.37841796875 527.781494140625 527.669799804688 530.168518066406 532.740478515625 -3.4e+38 540.219299316406 547.247436523438 548.484252929688 551.209899902344 553.684875488281 556.39990234375 559.193420410156 561.869445800781 564.744873046875 568.1259765625 571.518493652344 574.481689453125 582.524475097656 585.421020507812 588.638732910156 591.238708496094 594.361450195312 598.645141601562 602.8466796875 606.033142089844 609.190185546875 611.730529785156 614.563903808594 621.386962890625 624.703186035156 627.1669921875 629.544799804688 632.787536621094 635.760192871094 639.314331054688 643.636352539062 647.241088867188 649.309326171875 652.50732421875 656.114929199219 662.042663574219 665.66064453125 669.15771484375 672.159423828125
510.250152587891 515.974426269531 522.161376953125 521.850463867188 524.929443359375 525.931274414062 525.899169921875 -3.4e+38 -3.4e+38 535.149658203125 538.422119140625 545.556762695312 548.024230957031 550.936157226562 552.814270019531 555.276245117188 558.249877929688 560.845581054688 564.124267578125 567.816101074219 570.8193359375 574.31494140625 581.70361328125 585.041625976562 588.221252441406 591.11572265625 594.745727539062 598.879089355469 602.457153320312 605.296142578125 608.215759277344 611.044982910156 613.954284667969 621.273193359375 624.271545410156 626.400146484375 629.112121582031 632.580810546875 635.816467285156 639.068054199219 642.967041015625 646.146179199219 649.188598632812 652.552124023438 655.672912597656 661.692138671875 665.957092285156 670.475891113281 672.930786132812
506.800628662109 510.74267578125 513.543090820312 516.16259765625 518.412658691406 520.60791015625 523.26123046875 -3.4e+38 -3.4e+38 531.829833984375 534.105834960938 541.573608398438 544.815002441406 548.263305664062 550.829467773438 553.421508789062 557.056579589844 560.619567871094 564.230163574219 567.341125488281 569.480346679688 572.866760253906 579.945922851562 583.486145019531 586.96435546875 590.570190429688 594.3046875 597.552734375 600.213806152344 602.84619140625 606.135925292969 609.802307128906 612.7001953125 619.680236816406 622.53125 625.685119628906 628.269226074219 631.835266113281 635.174377441406 638.271240234375 641.434265136719 644.577819824219 648.286804199219 651.815551757812 654.944763183594 662.543701171875 666.505615234375 669.592163085938 671.809875488281
504.815490722656 508.493255615234 511.473907470703 514.660217285156 516.966491699219 519.205322265625 521.461059570312 -3.4e+38 -3.4e+38 530.858154296875 532.668823242188 539.721374511719 543.112670898438 546.138061523438 549.525024414062 552.32470703125 555.642517089844 559.305419921875 563.330261230469 566.561706542969 568.990051269531 572.602478027344 578.445373535156 581.766723632812 585.413696289062 589.010803222656 592.9755859375 596.552978515625 599.170593261719 601.783935546875 604.880920410156 608.138122558594 610.915161132812 618.556335449219 621.506103515625 624.783813476562 627.887390136719 631.136169433594 634.822326660156 637.869201660156 641.291381835938 644.589660644531 647.772216796875 651.566467285156 655.07373046875 662.7880859375 666.625061035156 669.280151367188 672.244750976562
503.456420898438 506.318298339844 509.423156738281 512.653869628906 515.461181640625 518.391357421875 520.604614257812 -3.4e+38 -3.4e+38 529.785827636719 532.068908691406 538.196472167969 541.70654296875 544.61279296875 547.97509765625 551.162963867188 554.054138183594 557.319152832031 561.682006835938 565.585632324219 568.407653808594 571.7998046875 577.595031738281 580.583618164062 583.658630371094 587.356201171875 591.205871582031 594.947265625 597.838745117188 600.82421875 603.7060546875 606.790161132812 610.030212402344 617.525756835938 621.036315917969 624.227905273438 627.467407226562 630.971923828125 634.730285644531 637.863464355469 641.344543457031 644.609252929688 647.647521972656 651.435424804688 655.124938964844 662.016967773438 666.017700195312 668.986145019531 671.840698242188
504.286682128906 505.473876953125 -3.4e+38 510.694152832031 513.664245605469 516.960083007812 519.704833984375 -3.4e+38 -3.4e+38 528.614379882812 531.285522460938 536.710021972656 540.507019042969 543.76513671875 546.521545410156 549.626831054688 553.024597167969 556.388000488281 559.82373046875 563.753479003906 566.861755371094 570.355773925781 576.892883300781 579.678344726562 582.586547851562 586.413269042969 589.768371582031 592.636413574219 596.180419921875 599.817504882812 603.03564453125 606.171630859375 610.044311523438 616.946594238281 620.482360839844 623.707763671875 627.312255859375 631.089233398438 634.180541992188 637.455627441406 641.02978515625 644.405883789062 647.693603515625 650.987976074219 654.373596191406 661.600219726562 665.337829589844 668.291076660156 671.232055664062
504.581420898438 507.197265625 508.257476806641 508.954681396484 511.980438232422 515.192260742188 518.666809082031 -3.4e+38 -3.4e+38 528.377197265625 530.836181640625 535.859619140625 539.013916015625 542.4296875 545.323547363281 548.522277832031 551.659912109375 555.026550292969 558.418334960938 562.086975097656 565.574035644531 569.116271972656 575.489135742188 578.808471679688 582.112731933594 586.018737792969 589.0810546875 592.015563964844 595.229248046875 598.826965332031 -3.4e+38 605.740844726562 609.76904296875 616.558227539062 619.999389648438 623.352722167969 626.917419433594 630.43701171875 633.735046386719 637.573608398438 640.898803710938 643.819152832031 647.127075195312 650.7978515625 654.448791503906 661.575561523438 665.010375976562 668.204528808594 671.237731933594
503.661834716797 506.287170410156 507.415161132812 508.142639160156 511.036834716797 513.528564453125 517.379333496094 520.653198242188 524.076049804688 527.580688476562 529.637084960938 536.006591796875 538.85986328125 541.655151367188 544.42041015625 547.402038574219 550.413269042969 553.956298828125 557.306884765625 560.539245605469 564.255981445312 567.846801757812 574.440490722656 577.950744628906 580.999938964844 584.753967285156 588.421264648438 592.1240234375 594.758056640625 597.869995117188 601.661376953125 605.461853027344 609.226928710938 616.224426269531 619.5322265625 -3.4e+38 626.576599121094 630.26220703125 633.788146972656 637.157958984375 640.402648925781 643.51708984375 647.086364746094 650.781616210938 654.391662597656 661.832702636719 665.474548339844 668.531921386719 670.872863769531
504.718597412109 505.549072265625 505.810638427734 508.061309814453 510.688629150391 512.490600585938 516.8466796875 521.350280761719 523.536315917969 526.257629394531 529.16357421875 535.886962890625 538.419982910156 540.702331542969 543.3857421875 546.417297363281 549.755126953125 553.2978515625 556.110473632812 559.485412597656 563.114868164062 566.916809082031 573.53955078125 576.897399902344 580.189697265625 583.864685058594 587.660034179688 591.08544921875 594.146545410156 597.497009277344 601.782470703125 605.722290039062 609.059326171875 615.676452636719 619.211975097656 623.087829589844 626.646911621094 630.264892578125 633.51025390625 637.03076171875 640.664184570312 644.561157226562 647.721618652344 650.603698730469 654.675842285156 662.210510253906 665.026672363281 667.779052734375 670.812194824219
505.007690429688 506.647399902344 505.689056396484 507.685607910156 510.192230224609 512.310424804688 517.235290527344 522.176574707031 523.200744628906 525.696472167969 529.26953125 534.406982421875 537.163818359375 539.647399902344 542.879089355469 546.124633789062 549.305419921875 552.544677734375 555.658325195312 559.424621582031 562.588500976562 565.947875976562 572.755798339844 576.193664550781 579.8212890625 583.034240722656 586.613403320312 590.14794921875 593.687744140625 597.33349609375 601.520080566406 605.395935058594 609.024291992188 615.640686035156 619.329345703125 623.233947753906 626.897277832031 629.93359375 633.325805664062 637.356506347656 641.289367675781 645.16015625 648.046813964844 651.078125 655.590148925781 661.840026855469 664.461608886719 667.457580566406 671.055236816406
507.030975341797 504.320526123047 505.203399658203 507.135955810547 509.772644042969 512.290161132812 517.436157226562 522.150695800781 523.338500976562 525.124633789062 528.620239257812 533.328247070312 536.271057128906 539.050231933594 542.830505371094 545.938171386719 549.544372558594 552.167663574219 555.346740722656 559.123352050781 562.176574707031 565.282165527344 572.330505371094 575.821411132812 579.091247558594 582.369812011719 586.148986816406 589.939758300781 593.478698730469 596.751342773438 600.598754882812 604.711669921875 608.7548828125 615.721252441406 619.202697753906 622.921630859375 626.494934082031 629.628845214844 633.025756835938 636.729309082031 641.051086425781 645.120300292969 648.506713867188 651.966186523438 656.099853515625 661.508666992188 664.742980957031 667.944946289062 671.39794921875
508.428070068359 502.813537597656 504.743804931641 506.713226318359 509.352508544922 512.285217285156 518.057006835938 523.776977539062 524.14892578125 524.6904296875 528.087036132812 533.160827636719 535.869018554688 538.575317382812 541.789672851562 544.767395019531 548.643981933594 551.50390625 555.097473144531 558.603698730469 561.366821289062 564.918273925781 572.143310546875 575.503112792969 578.711303710938 582.52099609375 586.246765136719 589.413635253906 593.017639160156 596.748718261719 600.701782226562 604.681091308594 608.558227539062 615.405090332031 619.05712890625 622.908935546875 626.486145019531 629.734008789062 632.840087890625 636.605651855469 640.890930175781 645.0859375 648.985534667969 652.579528808594 656.0234375 661.869934082031 664.987426757812 668.397033691406 672.187561035156
503.377777099609 502.622497558594 504.865753173828 506.644714355469 509.383087158203 513.220275878906 518.861694335938 524.500122070312 523.406433105469 524.828491210938 528.17578125 532.514526367188 535.178344726562 537.7578125 540.278625488281 543.589172363281 547.301879882812 550.534240722656 554.186645507812 557.633239746094 560.753784179688 564.389770507812 571.718444824219 575.195556640625 578.767883300781 582.73681640625 586.274475097656 588.798767089844 592.619201660156 596.925903320312 601.080078125 604.847961425781 608.200988769531 615.298889160156 619.25390625 623.218078613281 626.833068847656 629.874450683594 633.619140625 637.823974609375 641.153747558594 644.54248046875 648.528686523438 652.745788574219 656.351684570312 661.706298828125 665.211364746094 668.761413574219 -3.4e+38
497.595703125 499.183258056641 501.488372802734 504.409393310547 -3.4e+38 512.254638671875 518.805419921875 522.919738769531 520.634826660156 523.727844238281 525.3701171875 530.519287109375 533.320739746094 536.446899414062 539.538330078125 542.774780273438 545.926818847656 549.155700683594 553.085632324219 557.127258300781 560.76416015625 564.090698242188 571.577331542969 575.404968261719 578.599487304688 582.027099609375 585.102172851562 588.911376953125 592.531616210938 596.638549804688 600.554809570312 604.13720703125 608.089233398438 615.321716308594 618.868347167969 622.586730957031 626.410461425781 630.692138671875 634.868774414062 638.210632324219 -3.4e+38 645.358947753906 649.164489746094 652.984008789062 656.417907714844 662.69775390625 665.837280273438 668.192321777344 671.373596191406
496.429351806641 498.526733398438 500.636962890625 -3.4e+38 -3.4e+38 -3.4e+38 517.04345703125 519.430908203125 519.400939941406 522.548400878906 524.143737792969 530.420471191406 533.045288085938 535.713012695312 538.791564941406 542.043701171875 545.446472167969 549.236328125 553.187866210938 556.726989746094 560.25146484375 564.078308105469 571.979675292969 575.4736328125 578.0703125 582.177368164062 585.248168945312 588.540283203125 592.188232421875 596.240783691406 600.15625 604.160034179688 608.070495605469 615.045654296875 618.657043457031 -3.4e+38 626.29931640625 630.985168457031 -3.4e+38 638.751586914062 643.2333984375 -3.4e+38 650.334777832031 654.243469238281 656.900573730469 662.4609375 665.806762695312 668.998901367188 672.258850097656
