rcp4.5models/MPi_ESM_LR/sc1gr9.25
NCOLS 261 
NROWS 433 
XLLCORNER 336357.134 
YLLCORNER 654653.479 
CELLSIZE 1000 
NODATA_value -3.4e+38 
[rows 242 to 263 of 433, columns 147 to 195 of 261]
191.060699462891 197.092697143555 206.574295043945 205.121063232422 193.13037109375 187.858184814453 186.331954956055 184.921737670898 183.201171875 181.848968505859 180.832153320312 179.255035400391 179.432495117188 179.259155273438 178.607116699219 177.794952392578 177.127304077148 177.078628540039 176.837020874023 176.904113769531 176.207672119141 176.231140136719 175.634033203125 175.237930297852 175.59846496582 176.286773681641 176.814346313477 177.110885620117 177.768127441406 178.40852355957 177.656555175781 176.557647705078 176.089111328125 174.592147827148 173.981536865234 174.821228027344 175.935501098633 176.415817260742 -3.4e+38 -3.4e+38 174.754837036133 173.218978881836 173.680648803711 173.613372802734 174.329574584961 175.134704589844 175.432739257812 175.718215942383 176.464599609375
192.260101318359 198.141647338867 205.509536743164 199.792297363281 191.342895507812 188.052444458008 185.967880249023 184.671035766602 183.686111450195 182.823318481445 181.388778686523 179.591796875 178.42707824707 178.280136108398 177.929016113281 177.713470458984 177.480072021484 177.33528137207 177.759124755859 178.072677612305 178.178497314453 178.291137695312 176.697296142578 176.655319213867 176.51188659668 176.509658813477 177.355239868164 177.969696044922 178.697631835938 179.492904663086 179.380264282227 178.958084106445 178.190124511719 176.740463256836 176.983810424805 177.798309326172 177.60920715332 176.581298828125 176.753860473633 -3.4e+38 -3.4e+38 177.086364746094 176.204925537109 176.552444458008 177.635131835938 184.445724487305 184.090209960938 181.016845703125 179.70361328125
193.845855712891 201.040908813477 207.756362915039 198.482238769531 191.505218505859 187.999481201172 185.84455871582 184.024780273438 183.304412841797 182.776443481445 181.524032592773 179.700546264648 178.796829223633 178.306564331055 -3.4e+38 177.858169555664 178.285659790039 178.228179931641 177.830123901367 178.08056640625 178.212707519531 178.268768310547 177.454025268555 177.861785888672 177.833343505859 177.315994262695 178.420837402344 179.913131713867 182.831268310547 182.570343017578 180.119171142578 179.367889404297 178.705871582031 177.634323120117 177.602478027344 178.596542358398 177.913726806641 -3.4e+38 -3.4e+38 -3.4e+38 -3.4e+38 177.665267944336 177.375137329102 177.768325805664 178.81477355957 180.691268920898 181.035202026367 180.587341308594 179.570861816406
217.671020507812 249.69157409668 213.853378295898 199.090744018555 191.430389404297 188.1552734375 186.588638305664 184.330230712891 182.846527099609 182.153701782227 181.277084350586 179.146728515625 178.675659179688 178.334289550781 -3.4e+38 177.849319458008 178.047134399414 178.228500366211 177.666305541992 177.577285766602 177.373901367188 177.373031616211 177.771286010742 179.08332824707 179.107650756836 178.446228027344 179.146209716797 184.207122802734 193.095840454102 189.599258422852 183.46875 180.244552612305 179.402709960938 178.68180847168 179.035781860352 178.92333984375 177.826110839844 -3.4e+38 -3.4e+38 -3.4e+38 178.424438476562 178.840484619141 179.531860351562 180.073364257812 180.681411743164 180.919448852539 179.950408935547 180.210876464844 180.555023193359
237.25227355957 288.781768798828 239.762023925781 249.008087158203 191.503067016602 188.233795166016 186.984420776367 185.213592529297 183.076019287109 181.816482543945 181.10774230957 179.103271484375 178.607421875 178.157379150391 178.008285522461 177.66828918457 177.596420288086 177.600463867188 177.16780090332 176.887603759766 176.881729125977 177.034271240234 177.27604675293 178.495132446289 178.399154663086 178.513336181641 179.809722900391 184.883361816406 192.940795898438 192.877517700195 186.155136108398 180.991134643555 179.693481445312 179.076156616211 179.583969116211 179.046752929688 178.402816772461 -3.4e+38 -3.4e+38 -3.4e+38 -3.4e+38 179.572463989258 184.644805908203 189.990341186523 181.946365356445 181.265274047852 180.126388549805 180.009643554688 180.684234619141
214.88688659668 242.179290771484 231.636215209961 239.49528503418 190.449569702148 187.400894165039 186.039016723633 184.675064086914 183.284088134766 -3.4e+38 181.174270629883 179.654541015625 179.177551269531 178.43913269043 177.690612792969 177.402633666992 177.255798339844 176.97492980957 176.93815612793 176.725021362305 176.62467956543 176.787673950195 176.784088134766 177.582336425781 177.704315185547 178.910217285156 180.649291992188 183.027755737305 184.917327880859 186.520034790039 183.507339477539 181.15185546875 180.227767944336 178.724517822266 178.618942260742 178.638168334961 178.949859619141 178.988830566406 -3.4e+38 -3.4e+38 -3.4e+38 -3.4e+38 184.046646118164 188.927398681641 180.970764160156 181.853424072266 180.951934814453 179.771636962891 179.44270324707
195.794952392578 222.374465942383 246.962097167969 193.958572387695 188.858032226562 187.498153686523 185.783340454102 184.180236816406 183.604034423828 183.213226318359 181.746826171875 180.362258911133 179.473205566406 178.522171020508 178.179611206055 177.684524536133 177.578765869141 177.363403320312 177.042938232422 177.086685180664 176.765518188477 177.076751708984 176.569183349609 176.774490356445 177.557769775391 179.104537963867 180.671615600586 182.831253051758 182.948654174805 182.392318725586 182.891510009766 182.423965454102 180.896575927734 179.351776123047 178.856033325195 -3.4e+38 179.119735717773 -3.4e+38 -3.4e+38 -3.4e+38 180.115478515625 180.213119506836 180.735214233398 181.968521118164 180.759185791016 181.728134155273 181.928573608398 180.433959960938 178.838134765625
261.770477294922 285.592651367188 289.453002929688 202.359786987305 189.288818359375 187.943511962891 186.260238647461 184.891311645508 183.889892578125 183.077529907227 182.141036987305 180.357574462891 179.275085449219 178.250854492188 178.099990844727 177.919097900391 178.171722412109 177.814529418945 176.922500610352 177.246765136719 177.503158569336 177.631256103516 176.83952331543 176.682723999023 177.390090942383 -3.4e+38 -3.4e+38 181.014312744141 182.20751953125 183.687225341797 185.147018432617 182.618423461914 181.34489440918 180.813278198242 180.431503295898 179.563201904297 -3.4e+38 -3.4e+38 -3.4e+38 179.677047729492 180.606735229492 181.852752685547 182.280349731445 182.612609863281 181.368453979492 181.252853393555 182.362762451172 181.839797973633 180.046859741211
256.504119873047 260.567413330078 274.471771240234 258.753967285156 190.207412719727 188.648284912109 186.994277954102 185.907958984375 184.640686035156 183.028762817383 181.898132324219 179.502822875977 178.867691040039 -3.4e+38 -3.4e+38 178.575317382812 178.899536132812 178.160110473633 176.715896606445 177.192153930664 177.945129394531 178.105392456055 177.163879394531 177.499298095703 178.832305908203 178.546020507812 -3.4e+38 -3.4e+38 181.480621337891 183.507858276367 184.5419921875 183.224761962891 184.205932617188 180.197113037109 179.983703613281 179.916275024414 -3.4e+38 -3.4e+38 -3.4e+38 180.812484741211 182.843215942383 184.33122253418 185.263153076172 184.490646362305 181.902160644531 181.207214355469 181.703430175781 183.004577636719 183.183990478516
199.581634521484 221.887832641602 274.746551513672 257.43212890625 190.267562866211 188.69189453125 187.116958618164 186.186721801758 184.969650268555 183.496551513672 182.008560180664 179.319229125977 178.670288085938 -3.4e+38 177.858245849609 178.819931030273 178.608047485352 177.808654785156 176.746566772461 177.182968139648 177.380981445312 178.091415405273 177.569183349609 178.130783081055 179.70263671875 179.64469909668 181.179763793945 182.621475219727 181.778945922852 182.848861694336 183.220031738281 183.641784667969 183.629608154297 179.156173706055 178.822128295898 179.34033203125 179.595764160156 -3.4e+38 -3.4e+38 181.201690673828 183.63151550293 184.41047668457 185.816665649414 185.38606262207 183.537750244141 182.030487060547 181.389938354492 182.748474121094 184.591201782227
221.591339111328 284.804962158203 294.225891113281 219.583419799805 197.650894165039 189.425750732422 187.421615600586 185.304351806641 184.104583740234 183.387832641602 182.355590820312 179.064224243164 178.494354248047 -3.4e+38 177.860137939453 178.032638549805 177.448928833008 177.259124755859 176.80712890625 176.796920776367 176.896087646484 177.422836303711 178.378082275391 178.77897644043 180.4423828125 181.895614624023 188.953735351562 194.184173583984 183.29313659668 183.541015625 183.515563964844 182.237289428711 180.760467529297 179.184280395508 179.695098876953 179.825119018555 179.748641967773 179.81867980957 179.669738769531 -3.4e+38 182.153671264648 183.780181884766 185.808578491211 186.471206665039 184.852127075195 184.242538452148 182.372039794922 182.403305053711 184.244445800781
243.867050170898 324.524353027344 318.033416748047 289.793334960938 246.790832519531 192.115386962891 189.790710449219 184.732971191406 183.47265625 183.944396972656 183.217422485352 178.958908081055 178.279800415039 -3.4e+38 177.712036132812 177.582336425781 177.548736572266 177.699264526367 176.883178710938 176.515563964844 176.529556274414 176.461517333984 178.159301757812 178.630447387695 181.043304443359 183.789154052734 193.293823242188 200.891555786133 183.716537475586 183.918838500977 184.524780273438 182.345626831055 181.083602905273 179.54345703125 180.644439697266 180.153854370117 179.590286254883 179.741607666016 180.076644897461 -3.4e+38 181.369171142578 183.573272705078 186.368804931641 187.57585144043 185.332321166992 185.337753295898 183.544479370117 182.340240478516 183.775665283203
244.636215209961 323.343231201172 310.390533447266 274.713653564453 237.883880615234 190.299774169922 188.292114257812 184.317153930664 182.984664916992 183.157409667969 182.603057861328 179.363037109375 178.406311035156 -3.4e+38 177.876876831055 178.17497253418 178.266784667969 177.729675292969 177.17497253418 176.143707275391 176.176025390625 176.908004760742 178.222595214844 179.285705566406 181.431655883789 183.861022949219 187.687805175781 190.770263671875 183.511459350586 186.014343261719 187.743301391602 185.025024414062 181.491928100586 180.155822753906 180.954513549805 179.797805786133 179.455383300781 180.265594482422 180.659210205078 -3.4e+38 181.564804077148 183.980773925781 185.322128295898 185.915390014648 185.338775634766 184.660934448242 183.731674194336 183.700180053711 183.586807250977
313.82080078125 294.534606933594 319.923645019531 286.678527832031 241.037887573242 187.168670654297 185.469573974609 184.24983215332 182.652404785156 181.611770629883 180.399108886719 178.229934692383 177.499725341797 177.052703857422 176.769165039062 176.624389648438 176.282241821289 176.545669555664 176.874633789062 175.88264465332 175.559219360352 175.575607299805 178.869491577148 178.620452880859 179.754013061523 181.063491821289 179.228561401367 180.756713867188 182.64567565918 183.80387878418 185.843612670898 184.156814575195 180.660690307617 180.14729309082 181.620376586914 181.216049194336 181.149017333984 181.485229492188 181.100555419922 180.86393737793 181.981948852539 182.915542602539 182.232925415039 183.179565429688 184.954177856445 184.237121582031 184.661026000977 184.510299682617 184.479843139648
338.543762207031 333.011932373047 342.556762695312 330.391693115234 243.458969116211 187.293655395508 185.815795898438 185.162200927734 183.727340698242 182.147247314453 180.661468505859 177.910415649414 177.325271606445 -3.4e+38 176.449188232422 176.4072265625 176.046279907227 176.649124145508 177.141799926758 175.955795288086 175.21696472168 175.317459106445 177.083709716797 -3.4e+38 -3.4e+38 178.182434082031 -3.4e+38 178.877471923828 181.239898681641 184.461364746094 189.266296386719 185.778472900391 181.302108764648 180.47673034668 181.790130615234 182.089492797852 181.659332275391 180.978607177734 180.090744018555 180.279373168945 181.926452636719 182.992401123047 182.147415161133 182.081115722656 183.758392333984 184.00764465332 184.045837402344 183.946243286133 184.585479736328
346.521545410156 342.809143066406 343.075439453125 306.876953125 228.367263793945 235.22412109375 188.952102661133 187.027694702148 183.279312133789 181.27311706543 180.632904052734 177.497589111328 176.778900146484 -3.4e+38 176.28923034668 176.222747802734 175.717041015625 175.794845581055 176.356994628906 176.039596557617 174.840148925781 174.636489868164 175.365280151367 -3.4e+38 -3.4e+38 -3.4e+38 178.298690795898 -3.4e+38 182.083908081055 188.927200317383 195.761138916016 184.897888183594 180.858123779297 180.778869628906 181.176834106445 181.906860351562 181.23796081543 180.206466674805 179.761596679688 180.253494262695 182.485885620117 183.439575195312 182.845001220703 182.113891601562 182.403991699219 182.959411621094 183.120407104492 184.269500732422 185.008712768555
355.929992675781 348.584197998047 343.859100341797 328.15576171875 273.481475830078 263.516815185547 273.604919433594 242.850280761719 182.780853271484 180.804351806641 180.455902099609 177.339294433594 176.549514770508 175.803024291992 176.023025512695 176.228546142578 175.487670898438 175.329238891602 176.026336669922 176.146118164062 174.587432861328 174.238189697266 175.336685180664 -3.4e+38 177.605972290039 178.639602661133 181.412170410156 183.499618530273 183.607177734375 194.533599853516 205.700347900391 181.413269042969 180.778778076172 180.928161621094 180.744262695312 180.347137451172 180.612121582031 180.276733398438 179.650253295898 180.97444152832 183.045974731445 183.411651611328 183.044418334961 182.077087402344 181.683639526367 182.203384399414 183.303833007812 184.684478759766 184.903198242188
368.598327636719 356.406707763672 352.658874511719 356.891571044922 304.23193359375 253.614212036133 340.842529296875 314.283233642578 230.324981689453 180.280670166016 179.373306274414 176.896957397461 176.108154296875 175.244827270508 175.252212524414 175.826614379883 175.578659057617 174.978103637695 175.132553100586 175.262542724609 174.511672973633 173.824691772461 175.519515991211 176.689712524414 177.476867675781 180.126205444336 188.282989501953 206.015426635742 219.253479003906 209.786315917969 196.461059570312 181.793563842773 181.421112060547 180.797653198242 180.376159667969 179.465454101562 179.562728881836 179.580505371094 179.655548095703 181.662414550781 183.372085571289 182.456161499023 181.878616333008 180.949829101562 180.674530029297 182.361999511719 184.008041381836 184.380462646484 184.939422607422
350.217224121094 375.312744140625 364.942626953125 357.618347167969 326.522552490234 274.876892089844 285.843780517578 333.273284912109 273.224639892578 179.673446655273 178.565658569336 176.292144775391 175.063781738281 174.411331176758 174.570663452148 175.142700195312 175.743286132812 174.278244018555 173.95686340332 174.743560791016 174.67253112793 173.278839111328 -3.4e+38 -3.4e+38 -3.4e+38 183.947494506836 206.221206665039 233.952041625977 234.130920410156 201.089050292969 183.625289916992 182.884628295898 181.7431640625 180.365173339844 179.896209716797 178.55517578125 178.383605957031 179.003646850586 179.315902709961 181.141738891602 183.524795532227 182.52197265625 180.789093017578 180.617828369141 180.56330871582 183.327865600586 184.453659057617 184.837265014648 186.239196777344
329.932098388672 386.762390136719 336.938201904297 295.777923583984 331.873565673828 309.055206298828 263.748107910156 284.141784667969 273.004699707031 180.001983642578 179.189102172852 176.185577392578 174.675643920898 -3.4e+38 174.068237304688 175.119155883789 175.946640014648 174.37158203125 173.865646362305 174.070831298828 173.663009643555 172.584655761719 -3.4e+38 -3.4e+38 -3.4e+38 183.429489135742 203.086318969727 210.403198242188 196.963684082031 180.711486816406 182.918518066406 182.763168334961 180.673919677734 179.844757080078 178.584182739258 177.834625244141 178.449783325195 179.090179443359 178.971298217773 180.359329223633 181.986801147461 181.843994140625 180.784164428711 181.162704467773 180.781326293945 184.058639526367 185.501739501953 185.608306884766 186.480560302734
358.562133789062 372.328186035156 322.260009765625 294.575622558594 335.510375976562 330.902801513672 280.883087158203 238.235275268555 303.439208984375 233.691558837891 179.199111938477 175.767425537109 174.907211303711 -3.4e+38 173.657638549805 174.534606933594 175.297332763672 174.438903808594 174.269515991211 173.743453979492 173.025085449219 172.184005737305 -3.4e+38 -3.4e+38 -3.4e+38 -3.4e+38 181.502792358398 178.110473632812 176.566497802734 178.560409545898 181.132995605469 181.499923706055 179.930679321289 178.645263671875 177.686309814453 178.107757568359 179.384872436523 179.455657958984 178.915969848633 179.795928955078 179.921310424805 181.3271484375 183.01220703125 181.85285949707 180.689483642578 184.812240600586 187.209243774414 186.601486206055 186.26318359375
381.363800048828 352.614593505859 340.667358398438 356.0595703125 364.698181152344 347.768707275391 278.731597900391 212.128646850586 257.345123291016 229.017013549805 178.436828613281 174.551361083984 174.020889282227 173.238693237305 172.93147277832 173.091339111328 173.686813354492 173.423904418945 173.884140014648 173.805786132812 173.422164916992 172.005508422852 -3.4e+38 -3.4e+38 -3.4e+38 173.060928344727 174.159729003906 175.579833984375 176.31201171875 178.210830688477 180.226150512695 180.961868286133 180.229827880859 177.465270996094 178.264007568359 178.368728637695 178.715194702148 178.298126220703 178.22688293457 180.170364379883 180.489074707031 181.591323852539 183.215301513672 181.64826965332 180.142929077148 184.101608276367 186.415634155273 186.987808227539 186.965255737305
