rcp4.5models/MPi_ESM_LR/sc1gr5.2
NCOLS 261 
NROWS 433 
XLLCORNER 336357.134 
YLLCORNER 654653.479 
CELLSIZE 1000 
NODATA_value -9999 
[rows 286 to 307 of 433, columns 200 to 249 of 261]
274.263331828678 275.83316517 275.642194912941 273.39681291987 271.303760089257 263.691132893316 267.079163610595 260.231879065675 262.541397353319 273.23184816227 282.869328987165 283.399234364787 283.592887284277 284.346131371594 -9999 281.753296240026 279.522436773405 284.207323930724 285.004168009463 286.115476775837 286.990953342972 287.258662947197 287.222154435328 287.208919846955 287.629304889839 288.741337006726 289.007684510023 288.671670930377 289.260683187072 289.442975977437 289.957819639776 290.259785054 290.191270681059 290.701250350666 290.732605543832 290.916929445364 291.117835282677 291.159414467188 291.596107927438 292.105851148456 292.089959203134 291.872589303265 291.921136142942 292.127972693701 -9999 -9999 292.33472052308 292.07017796656 293.273950835663 293.589534035195
274.996300465102 275.641976298159 276.146446545411 275.380854281545 271.603089917153 261.197333531854 260.63121825357 256.627153706181 260.351316520274 272.927865908342 282.591834064784 283.686794364209 283.972624502131 284.730786029453 -9999 282.229723904831 278.233112795762 283.608842728397 284.614224796795 286.034846901666 286.816633797088 287.227994066978 287.514833463674 287.95737309941 287.920962368004 288.452664214782 -9999 289.211789935446 289.407750165725 289.498571054647 289.828446086928 290.213876473939 290.53697033622 290.539815249828 290.164414181174 290.729907333595 290.81720457311 291.333174475905 291.575405396969 291.816666958568 291.653226845154 291.665187920552 291.804729458405 -9999 -9999 -9999 292.165111304464 292.039940292766 292.912931028603 293.153937094037
274.185330788227 275.367862301556 276.497007759549 276.522696739839 272.438427408774 262.092655640729 259.352146068797 257.365428555871 259.135965777001 267.581882928838 282.292230090296 283.318968249613 284.09664523266 284.929490967921 -9999 282.16187021423 276.214171681212 283.119139853975 284.949698560374 285.871861822721 286.413628096725 286.81978320356 287.463560461281 288.160893366416 288.467375576296 288.459948989999 289.261296250065 289.448139375024 289.68499534017 289.634335252605 289.740736912027 289.941915345876 290.130719997323 289.865538168464 289.830201403503 290.672617211083 290.821305784934 291.45072061717 291.29554238107 291.599774844192 291.192841235665 291.002497552461 291.447360364452 291.983078096058 292.011560033289 -9999 292.30951044515 292.201320919639 292.471761509624 292.753222980458
273.552591557007 275.591756367457 276.748737090681 276.787701557766 275.022790789966 271.365009390581 267.28954895567 260.963498774615 259.680234638567 262.306595086706 282.673827389874 283.399220751103 283.921550108125 284.509630448805 285.473659623236 282.045346235395 276.987108339871 283.368457279727 -9999 -9999 285.687477868195 -9999 -9999 288.023797655989 288.751089605435 288.676254033154 289.112299561552 289.487546033855 289.487382466817 289.607086003529 289.695218866647 289.776998797382 289.75148446929 289.636618138197 290.171324453122 290.80667074815 290.854128174224 291.032747416405 291.134424236244 291.427289416418 291.102997143976 290.666492990453 291.047768685043 291.766665168219 291.724283370784 292.160254890608 292.238533551333 292.260407820584 292.379160183421 292.921916328928
266.970396060888 270.28633610371 275.574617037106 276.965521675252 276.692168309256 277.251428595611 275.038327164163 272.090030894466 265.164751818103 258.92311111711 276.040387150379 283.817986606484 284.326578145998 284.944889858336 -9999 283.863279434328 281.718101527465 -9999 -9999 -9999 -9999 -9999 -9999 286.711091238656 287.118699841876 287.397491845211 288.555066102005 289.068823152807 289.100699275168 289.008696557498 288.77401131165 288.519490230077 288.721799571859 288.110367985515 289.212217956708 290.037611236814 290.125303605425 290.062605104876 290.344534378989 290.051939608045 290.228931945787 289.962080884833 290.701364772449 291.25873115979 291.683324229549 291.946237267913 292.014592194063 292.224319956148 292.897333153426 293.431319857733
270.622618530726 270.960292140227 276.02285680071 277.080042804481 277.067078234575 278.176341668784 278.547083817806 277.290652513985 272.181850952119 267.782161861889 274.602630740431 284.446282983475 284.632833040428 285.300271247084 -9999 -9999 -9999 -9999 -9999 -9999 -9999 -9999 -9999 285.62389519291 285.632357519972 286.201559060302 288.191080913202 288.777676991354 288.607518599821 288.688888931334 288.48371595999 287.971822123513 288.173765188895 287.955459632983 288.720726250157 289.584028655334 289.413108801053 289.302051298393 289.503322971424 -9999 290.315629001125 290.32455054777 290.801507513665 291.416981286129 291.524424835775 291.824824103162 292.071860041005 292.205684347515 292.635917724125 293.05022957703
275.205971229538 275.098422903292 276.471386300347 277.025738992214 277.924684683405 278.726524480013 279.258645273807 279.570850699953 279.992057575567 279.598998415203 279.86674946323 284.153674836089 284.487885764349 284.528661415265 285.008581950763 285.015196733403 285.347365515078 -9999 -9999 285.667724261931 -9999 -9999 -9999 285.577351689136 285.973388498083 286.327710858425 288.353655524185 288.650986694506 288.500758421518 288.298539269408 288.008023720866 287.609505492826 287.993948959268 288.465913177018 289.212810245624 -9999 289.04099509798 289.021752151279 289.553604816555 -9999 290.103424145042 290.377036032695 290.63614383819 291.38115960479 291.397120906466 291.5691983354 292.090600670006 292.271727138648 292.355059424952 292.574763378434
275.267960819206 275.94094259394 276.519388512607 277.056591001013 277.978459059256 278.993686091335 279.851887396435 280.652205839951 281.712172552329 281.191600496621 280.932256916338 282.380444851149 283.285906587014 283.879621220774 284.980129978424 284.820861602753 -9999 -9999 -9999 -9999 -9999 -9999 285.994229449759 285.11330989706 286.028939314513 286.327039474328 288.492518198153 288.434674851909 288.152453550271 287.278936076826 286.864885603895 286.3517199297 288.421138411938 288.821352774319 289.378682743349 289.337954254092 288.678081365877 288.87983988899 289.63065383484 289.893176124275 289.606872342547 290.274885149631 290.31317970023 290.756546608733 291.063172183983 291.352515370165 292.111258855711 292.244648404326 292.413458152861 292.607692447322
275.146001337435 276.20723856996 276.425022627737 275.474462648496 274.997092995961 278.226240437486 280.091328930042 280.831672690302 281.323350179258 280.668942664547 280.196540535175 282.159081619126 283.264799671229 283.449533832366 284.462229058047 285.277812573033 -9999 -9999 -9999 -9999 -9999 -9999 285.111564879464 284.829901811707 286.247532250375 286.923979658557 288.373467883578 287.993975443373 287.752726607334 287.247518911759 286.703559215423 -9999 288.752339447593 288.773971885743 289.000173821287 288.698854762336 288.545185855684 288.839513888512 289.461468369006 290.008655673628 289.77951211251 290.147141046001 290.220158288083 290.580888429008 291.082625788293 291.445299006559 292.06990516217 292.18034115512 292.794851487964 293.095515310727
275.406659521127 276.159705592905 276.105716755617 275.347434784957 275.074643625453 277.416920608599 279.218719679879 280.044192520182 279.856806060298 280.097551026152 279.709909819668 282.426624692655 283.022889931812 283.289699955281 283.910988757306 285.214238613402 -9999 -9999 -9999 -9999 -9999 284.547072666739 284.181128880832 284.86620660031 286.703064040286 287.660923911298 287.83120885619 287.470217913353 287.016120079614 287.089516544604 287.393682074333 -9999 288.426748486959 288.588882896699 288.287937303622 288.224392841215 288.456318231074 289.229320459122 289.722412519824 -9999 -9999 290.531372298876 290.572900115667 291.042041435589 291.188131671891 291.579307523466 292.043747919321 292.132700412462 293.002103368258 293.335458417874
275.867163428486 275.988867382522 275.14317380513 276.564880211913 276.959273732854 277.893619852425 278.485762049844 277.970524750707 278.432695813257 278.208981507423 278.964288792456 281.261460556758 282.045718478317 283.449581075325 284.509653964167 -9999 283.994208220033 284.27829803911 -9999 -9999 -9999 285.069537410119 284.292934415402 285.311256339515 286.743386683228 287.727511341619 287.292394752657 286.647328016366 286.078216250134 286.647904826271 -9999 -9999 287.916057278116 287.776970144281 287.768538900427 287.794954447091 288.355895566957 289.409089093667 -9999 289.903278754999 -9999 290.959008822997 291.050320919842 291.238177746347 291.140004844283 291.399782709787 292.017498723073 292.091680051538 292.581473269878 292.998510487723
275.825125353041 275.492849785095 274.662356065728 275.89275652718 276.652318010972 278.154983678451 278.281832810832 276.517897993421 278.734420380401 277.725412737144 277.362640366955 279.358221973658 281.950197443942 283.059985442866 285.030468614356 284.666332713451 283.383499761912 283.875913609593 -9999 284.926116647358 284.682750727561 284.31915725528 282.598291767461 282.508053673528 286.285364998177 287.722971500733 286.788886733211 286.262248030572 286.194274025612 286.206362926846 285.362965337554 286.796704631435 287.214445827157 287.194833488553 287.739731443459 287.725094558041 288.259826222922 288.96135915481 289.354905027515 -9999 -9999 290.49687630755 290.745965579004 290.957644978725 290.857796670013 290.742777559282 291.676914787972 291.694639338702 292.63515518123 292.85169880564
275.752006499078 275.304360500518 274.67063696482 275.430668364006 276.971445341149 277.18892849097 275.840074874455 277.422192439373 279.528437137387 277.32497221199 276.252957050663 279.268437094111 282.225082868373 283.207072911314 283.923978172326 283.763536498094 282.981001139114 283.213194652352 -9999 282.724634180311 281.761717697625 283.65064006613 282.767981619735 282.438224974548 285.909026431273 287.418455617619 286.392014374725 286.144156948189 286.631362475354 285.527813418285 284.492342076637 285.996144032922 286.437659939217 287.078219981768 287.340938952303 287.452990015236 288.131369795322 288.410892619853 289.067320124652 -9999 -9999 289.817926311977 290.314427544368 290.328247354687 290.400035606976 290.836459580634 291.359350127949 291.778977064895 292.578191344229 292.754907270659
275.497256320938 275.074437822821 274.085618732014 275.930326957568 277.240778173628 274.484788148026 268.135137054205 275.003614456188 279.281742316305 276.895486216653 277.159367651159 280.522468292927 282.89087497304 283.951464521977 282.564347160256 281.661369637811 282.132081237172 282.109901307746 282.883563792522 278.954769919773 277.249214545924 283.474961640484 284.614087049723 284.798954490611 -9999 286.691058026046 285.54272895826 285.792101921248 286.03004699286 285.671281404917 285.260832426583 285.009176652028 283.579204216969 284.631477187428 286.714640812397 287.242279574256 287.411421397677 288.269145626742 288.814566666059 289.22470736196 289.303970399488 289.52803912976 290.075297865605 290.175029496594 290.814021691219 291.202193462749 291.435942696592 292.012970400679 292.361734981802 292.635348704955
274.718416546557 274.678823135304 273.750669328929 275.859382313393 274.691588626588 269.233077619218 262.352969064815 271.362380420935 277.994378145677 279.951421648412 279.76090874664 281.871683508 283.640051242291 283.350869681448 280.962163353518 275.81327903659 278.537407868112 282.10042025083 281.374992041478 274.708490913807 274.686124558529 283.10939467852 -9999 -9999 -9999 285.918695100506 284.779943706011 284.623584125457 283.41843804536 285.178469238657 284.533689960184 283.631057025768 280.428779546854 277.096282184741 283.354212576796 287.12955321436 287.063684750111 288.206240883739 288.620412011805 288.701037890729 288.911662816757 289.565326174891 290.139531735523 290.722928165769 291.099700964524 290.352441887598 289.972990353904 291.677426023467 292.081062275815 292.591458331791
271.47034787705 270.657588330502 272.306653172352 275.288967411015 275.856988833007 274.69126017809 275.711492593259 277.59895102786 281.131967641766 282.201886637868 283.004495017966 282.810757949431 280.916415848659 280.515162426065 278.877532259129 270.669204827214 270.10559823444 279.964868132892 278.243525155968 264.631095045115 263.972194045371 276.382652121057 -9999 -9999 284.730520516537 284.110049124431 283.843374371429 284.098000668605 284.317424365615 284.342768652687 284.192983161844 284.237447537522 283.923367238473 282.73272225378 281.219878788059 286.991166890188 287.498843597693 288.519028173641 289.215895041215 289.275666963131 289.427280374213 289.393515676462 289.549945745916 288.580722110547 289.34029166927 290.311555774912 290.562948771089 290.921135466727 291.2396323837 291.907748441729
267.883566821003 267.841487603966 270.997436441328 275.084064175009 278.947928177896 278.987186750397 277.351327353479 279.431932893174 281.520431512962 282.393769516897 282.853261937618 282.516918248034 280.947078549331 280.765409748431 280.068805762195 273.379398640687 269.959279724324 275.728612561824 275.52907333434 266.952951649647 261.092965608105 271.964108357597 -9999 285.301139798986 284.521091963066 283.739358143432 282.811988580614 282.865858577881 282.671697914778 283.128206836639 284.416057370516 285.01201147518 284.972769438733 284.129861728863 282.888574639184 287.080459094547 287.884987805741 288.233182628306 288.490125752512 288.526136613492 289.196809812819 289.192494895226 286.972968267569 287.375880703639 289.47034503955 290.659689110226 291.179406505857 291.166980216405 290.783879901102 291.379282555056
266.472617686972 266.646793027004 269.205799102947 274.443247100701 279.137105705932 279.56254918301 278.700172253347 280.449427573385 281.83936607839 282.170906876283 282.31093779387 282.334023930544 281.626054959744 280.5370814527 282.359568081379 279.693780658224 276.726757086718 271.458208020011 272.742976416265 266.591845346821 264.575506440554 278.470388654033 285.139698746084 285.466679810938 284.779948560084 284.164796212294 282.819452711694 282.398384506785 282.225730777302 282.093170782085 281.832659665756 284.331833972709 -9999 285.127099460084 284.587864615665 287.33985306613 287.709458412244 287.556141384714 288.030214762497 288.231989878749 288.667013438831 288.795306051863 286.832019165049 288.48973937072 289.84195918396 290.50639580962 290.786613964483 290.55808052799 291.02631219237 291.497771297658
265.953728170622 267.622098896241 269.529668926644 277.170809100157 279.555537227183 279.885868028862 280.239312467126 280.659978411109 281.24911955018 281.210852240223 281.809240208026 282.013046662231 281.288463507151 280.21281931244 282.983041653699 281.881951695328 277.031108227729 268.736156832461 272.546412947219 273.721457432682 275.784708825433 284.397743575071 285.506195527991 285.150984042426 284.49138129583 284.288565951749 283.392529967745 283.481176195684 283.28313486785 282.292971330523 280.014848140972 284.049169926287 284.137326728885 -9999 -9999 286.34488479773 287.494715394337 286.974793970771 287.487205839207 287.562700181489 286.870299514716 288.023148932075 288.385255514014 289.272138302917 289.585692170056 289.864469899571 290.452269806473 290.3044557214 291.389805739175 -9999
266.347220938926 270.482645024 272.099564687354 279.018503261504 278.902438879242 279.650060741454 280.663476928982 280.406053868757 280.003247762664 279.012358466787 280.68088741025 280.273265228282 281.129648507987 280.127338043887 282.509534305971 281.96422040243 276.569444737114 267.677452520016 274.958148549783 281.869216621833 283.549519999072 284.207184069175 283.71634022392 284.173060751677 283.685262555488 283.65735415099 283.507365891491 284.18962654656 284.368832613199 283.808943375873 282.901943236509 285.299159185202 -9999 -9999 285.485452844687 284.403197012663 286.947520786969 286.361647098063 286.720656968385 286.9109319677 285.924767074926 288.162376961591 288.732236135565 289.06752826095 288.763462495326 289.252338358144 289.625662025928 289.483292242803 290.84814406335 290.911305404681
265.200218180348 272.360262177148 274.321150963667 278.499796053417 278.053332792631 279.406150684705 280.590293789918 280.118727753026 279.078953886659 275.925511092728 274.692581400184 274.049428438881 278.101906409604 277.46230979157 281.712738296774 282.151152920014 278.609668214868 271.377844889168 277.672227621592 282.783211000118 284.0251321045 283.427955884759 281.613746486529 283.892252738661 283.142994970771 282.863058655096 282.895087431145 283.566389880145 284.086208525811 284.313667685957 285.010949647189 285.592137044211 285.093414254993 284.74688806675 285.108949499024 284.745682602579 286.041958584346 285.612704400068 286.191135054496 286.914016271359 286.77948099813 288.380644204767 288.54756474427 288.919898570452 288.834832534889 289.014914383219 289.077465277743 288.77379789976 290.41000265881 290.876868026324
260.189824433526 270.995587457172 276.668512475372 277.239228308002 278.782342878206 279.772357504086 279.844799471037 280.069260643455 278.915717981757 273.448228921472 266.655893547544 266.197972042903 269.870621675463 270.495624790728 280.385118393266 281.409305759741 280.709684919373 278.154334462522 280.022992592712 283.067408514387 284.292428204473 282.295778379966 278.11774912661 280.472338403968 282.696793846867 282.295131538826 282.423204230498 282.704075366367 283.069918820626 283.711859291661 284.017794342976 284.884882532273 284.60147346449 284.173022957819 285.433448649216 285.979168945856 286.056206409346 284.830755252142 285.106659229989 286.428038150875 286.829882537973 287.971669156534 288.590889972201 288.961449810786 289.009004204472 289.471875731253 289.647408304433 289.621875997395 290.395376415087 290.801183361433
