rcp4.5models/MPi_ESM_LR/sc1gr21.18
NCOLS 261 
NROWS 433 
XLLCORNER 336357.134 
YLLCORNER 654653.479 
CELLSIZE 1000 
NODATA_value -9999 
[rows 184 to 206 of 433, columns 100 to 149 of 261]
134.809371948242 134.257659912109 148.480072021484 148.071273803711 123.332946777344 86.7867431640625 74.8552932739258 80.9669570922852 98.4306564331055 110.90306854248 124.335563659668 117.856033325195 98.1498565673828 87.7978210449219 97.1343841552734 116.456382751465 127.463790893555 103.180038452148 73.5017929077148 108.955513000488 123.001861572266 -9999 130.465072631836 -9999 101.291297912598 92.1071090698242 98.6429672241211 101.846725463867 94.8653182983398 72.7151794433594 41.6875305175781 27.0639495849609 39.3899917602539 51.6258506774902 51.589958190918 48.4203071594238 48.5449714660645 44.2467079162598 31.4362201690674 16.9231777191162 11.782151222229 11.664662361145 11.6516237258911 11.620717048645 11.598217010498 11.6120748519897 11.6387500762939 11.6534519195557 11.6520261764526 11.6285753250122
-9999 258.538055419922 240.525650024414 184.222549438477 112.062461853027 82.77001953125 75.1133422851562 81.1271057128906 93.3775787353516 90.7914657592773 87.7153549194336 85.9734268188477 86.6416015625 96.3337707519531 -9999 159.040878295898 165.947280883789 120.948364257812 70.1540069580078 101.682884216309 165.861755371094 203.277603149414 177.180374145508 134.977386474609 106.405975341797 98.6410751342773 86.6870346069336 72.1690902709961 58.5421981811523 42.0812911987305 29.8263053894043 22.7347984313965 26.2382068634033 38.5788955688477 57.2507972717285 66.9178237915039 61.1943092346191 41.9993934631348 19.4136180877686 11.7805099487305 11.6646633148193 11.6646633148193 11.6646642684937 11.6646642684937 11.6646642684937 11.6646642684937 11.6646642684937 11.6646642684937 11.6646633148193 11.7741594314575
420.567260742188 353.671264648438 297.140777587891 215.401351928711 120.945114135742 92.0571594238281 97.7538833618164 97.985954284668 83.5986633300781 77.9900588989258 76.8996276855469 80.8718643188477 92.3783416748047 123.453323364258 172.8193359375 199.300476074219 170.870422363281 110.934310913086 67.4940719604492 98.4040832519531 175.904632568359 215.045837402344 178.616546630859 133.548355102539 104.877975463867 91.2433700561523 63.7958641052246 40.4292335510254 33.3356246948242 27.0314521789551 24.2554244995117 23.0050830841064 28.8418712615967 46.8297424316406 68.3721237182617 75.4914169311523 66.9875183105469 41.726936340332 16.664134979248 11.6646642684937 11.6646633148193 11.6646642684937 11.6646642684937 11.6646642684937 11.6646642684937 11.6646642684937 11.6646642684937 11.6647787094116 11.6958351135254 12.3545379638672
436.286560058594 368.433990478516 319.251708984375 292.9560546875 228.490829467773 161.838897705078 153.996627807617 142.603561401367 78.1511764526367 69.2512435913086 70.3066177368164 77.16357421875 96.9220809936523 152.547180175781 243.671401977539 285.899810791016 219.178573608398 121.012092590332 71.5372848510742 97.3253326416016 156.947387695312 178.750762939453 150.922058105469 123.382301330566 103.62281036377 82.7475357055664 48.7007331848145 26.506664276123 25.3765449523926 24.35302734375 23.4189434051514 23.2758674621582 30.2825679779053 50.1933326721191 71.4791564941406 75.9879608154297 65.1398468017578 37.8623237609863 14.3922500610352 11.6646642684937 11.6646633148193 11.6646642684937 11.6646642684937 11.6646642684937 11.6646642684937 11.6646633148193 11.6646633148193 11.6703205108643 12.2196521759033 17.1188583374023
399.872589111328 351.734558105469 336.242614746094 375.980743408203 327.041046142578 203.793258666992 190.97314453125 192.483139038086 114.580261230469 70.2996215820312 68.7977981567383 74.2948532104492 92.8493576049805 159.80419921875 300.022338867188 382.392272949219 277.319061279297 135.784484863281 81.1594314575195 108.468200683594 162.074523925781 194.773788452148 189.334854125977 158.079360961914 117.222221374512 84.116096496582 45.793586730957 24.6019878387451 24.531810760498 24.2001438140869 23.465238571167 26.3622741699219 36.2883796691895 55.4467544555664 72.3604125976562 74.6982040405273 61.997386932373 34.5874366760254 13.6191720962524 11.8912830352783 11.6933364868164 11.6646642684937 11.6646642684937 11.6646642684937 11.6646642684937 -9999 11.6646642684937 11.7261571884155 13.8487339019775 -9999
386.070037841797 364.142669677734 370.500823974609 435.016265869141 414.301666259766 286.283142089844 221.528747558594 224.789443969727 170.495315551758 95.4488677978516 78.5519638061523 76.0399703979492 86.8535919189453 136.436294555664 261.839660644531 376.73486328125 323.208953857422 175.196899414062 97.1232528686523 98.5513000488281 137.674896240234 183.662445068359 203.234481811523 184.260162353516 143.930999755859 -9999 40.6490287780762 24.8056144714355 24.6610202789307 24.6701335906982 26.5232810974121 43.2607841491699 52.4325065612793 61.998722076416 69.7125778198242 70.4123458862305 59.7788543701172 38.0087356567383 20.4691772460938 15.3108100891113 12.4300765991211 11.7554006576538 11.5718536376953 11.5716352462769 11.570460319519 11.570520401001 11.57057762146 11.6819972991943 14.9107942581177 36.6316299438477
398.024749755859 394.163269042969 387.6806640625 391.849060058594 350.833129882812 288.245056152344 299.410827636719 346.028259277344 259.686126708984 214.168884277344 189.73664855957 152.150436401367 108.38272857666 107.831855773926 187.824737548828 318.184112548828 344.253509521484 207.260208129883 108.550834655762 83.3275985717773 101.850662231445 141.630615234375 172.328384399414 164.263168334961 134.200057983398 -9999 42.1184959411621 28.0499496459961 26.5889358520508 28.5474967956543 36.8210372924805 58.2794723510742 62.4106903076172 64.6613540649414 66.2200393676758 65.2314834594727 56.7139167785645 41.1046562194824 29.3242301940918 24.582311630249 19.0323638916016 14.6962890625 11.8163642883301 11.6470336914062 11.5456171035767 11.5131759643555 11.5131797790527 11.6945571899414 15.6193695068359 39.8818130493164
373.359191894531 341.094696044922 302.558441162109 278.786682128906 254.79914855957 277.846343994141 413.623229980469 561.198059082031 364.643890380859 298.614929199219 290.455871582031 258.161376953125 194.45849609375 138.871459960938 153.589981079102 256.724700927734 322.983367919922 224.983993530273 113.347846984863 88.0300445556641 108.54549407959 152.107772827148 188.650863647461 167.023986816406 108.925231933594 -9999 56.9406242370605 42.1345100402832 33.6572494506836 33.711540222168 39.7176933288574 55.7104339599609 64.0067825317383 70.2200469970703 70.788688659668 68.7248992919922 59.0105361938477 42.8494529724121 33.2265167236328 31.6482486724854 28.2732696533203 23.7633876800537 16.1171531677246 13.8192405700684 12.4736948013306 11.7910356521606 11.5866374969482 11.6196565628052 14.9260969161987 37.5799903869629
319.388977050781 281.149749755859 251.262481689453 238.959197998047 253.745498657227 330.038665771484 455.431610107422 533.548095703125 345.718780517578 318.379547119141 366.565124511719 392.772369384766 350.539611816406 250.572525024414 178.03141784668 205.493377685547 258.916900634766 240.760238647461 188.390823364258 167.329162597656 175.060180664062 213.089538574219 247.632888793945 214.348037719727 112.216102600098 74.3176498413086 67.9353332519531 55.5577125549316 41.5633354187012 36.4344596862793 38.3250465393066 54.9618453979492 74.6985473632812 88.2848510742188 88.6661911010742 84.4623947143555 68.6144409179688 45.538215637207 33.8558959960938 33.6626052856445 32.9234428405762 31.2731971740723 26.2440624237061 23.2978343963623 19.6686096191406 15.7904977798462 12.8248805999756 11.7030534744263 13.8140029907227 32.0268363952637
286.982177734375 272.617065429688 274.119354248047 279.786834716797 282.769592285156 329.336212158203 417.973693847656 453.678100585938 321.331390380859 346.361694335938 432.140258789062 472.394653320312 452.959594726562 370.847106933594 248.098358154297 183.220550537109 208.600357055664 250.591720581055 260.256378173828 201.751892089844 202.271240234375 256.048889160156 308.788208007812 264.059020996094 135.477905273438 73.2714538574219 68.1753158569336 55.6224937438965 44.5595092773438 45.7202415466309 51.0778503417969 69.1835632324219 84.7810897827148 97.658935546875 101.835426330566 98.0206680297852 78.349967956543 48.898193359375 33.8828659057617 33.8777656555176 33.8239860534668 33.6129875183105 32.5888748168945 31.2398719787598 28.0424423217773 -9999 17.1558017730713 14.8039064407349 14.7356872558594 26.9220161437988
365.707244873047 371.186218261719 342.034301757812 286.318145751953 238.93132019043 255.417221069336 360.332092285156 468.827362060547 341.420684814453 354.388549804688 433.281433105469 452.728790283203 451.890716552734 425.496185302734 304.878692626953 186.246673583984 179.278457641602 221.509918212891 229.326919555664 172.588317871094 182.933792114258 229.343246459961 275.047088623047 -9999 136.387054443359 72.1499633789062 64.5689392089844 53.0248794555664 52.7226028442383 64.6055526733398 70.6992416381836 79.2982025146484 86.8327789306641 99.0686798095703 109.196144104004 106.439682006836 84.5016326904297 51.9488334655762 35.0811805725098 34.539478302002 33.8822593688965 33.877758026123 33.822681427002 33.597900390625 32.6708717346191 30.5772571563721 28.5189151763916 27.3969459533691 26.4803256988525 31.5740947723389
417.124328613281 454.024780273438 443.341003417969 372.609619140625 284.885314941406 258.766326904297 368.227142333984 512.144897460938 386.550231933594 338.581573486328 377.4677734375 402.401031494141 433.965057373047 443.430419921875 333.787872314453 196.376815795898 161.886688232422 190.136642456055 203.670013427734 141.548858642578 142.807647705078 160.35139465332 174.989212036133 154.89990234375 105.474258422852 74.1868667602539 69.0226898193359 62.1073799133301 66.1681137084961 77.8810577392578 79.9406509399414 77.9110260009766 81.5145034790039 94.4886093139648 111.177307128906 116.333000183105 102.89013671875 77.3359222412109 58.2669677734375 45.1054763793945 33.8828659057617 33.8828659057617 33.8828659057617 33.9010238647461 34.0788879394531 34.695613861084 35.5590667724609 35.8325386047363 35.4979705810547 36.8359603881836
426.481201171875 494.012634277344 521.3603515625 469.605773925781 406.931976318359 374.9677734375 417.693328857422 487.083740234375 372.833068847656 314.156585693359 337.902191162109 367.162200927734 400.095977783203 407.510040283203 318.020141601562 206.097198486328 168.029235839844 225.113876342773 321.433654785156 207.670974731445 141.355422973633 122.045669555664 124.432342529297 116.426734924316 99.6814498901367 87.4730529785156 85.2372436523438 84.902946472168 86.6431655883789 90.3034973144531 87.5078353881836 74.2752685546875 74.6229782104492 88.1138153076172 126.447769165039 187.047409057617 236.082534790039 232.19987487793 163.664627075195 75.0258255004883 33.8761596679688 33.8380393981934 33.7510070800781 33.8073616027832 33.9687843322754 34.7647476196289 36.2532005310059 37.270923614502 37.9006881713867 40.0475158691406
421.445281982422 539.412719726562 678.839050292969 656.14013671875 515.567565917969 471.785217285156 449.764129638672 400.898559570312 291.825775146484 307.323120117188 356.992553710938 374.053466796875 300.223999023438 203.49821472168 151.281723022461 153.280380249023 203.247299194336 352.864776611328 610.6484375 835.060241699219 555.897766113281 280.021514892578 169.663558959961 89.3194885253906 76.275032043457 76.7505264282227 85.7434539794922 96.0512924194336 97.4918746948242 94.6259918212891 88.5952453613281 70.1664047241211 72.7792282104492 100.145324707031 194.467025756836 326.592559814453 351.273681640625 227.426651000977 93.4535140991211 38.9131011962891 31.9525165557861 26.9466075897217 21.2130565643311 22.9802894592285 24.8837471008301 26.6624946594238 31.4830627441406 38.2841110229492 44.9200172424316 60.6855773925781
341.234558105469 445.313354492188 545.253967285156 547.641174316406 499.719146728516 488.833862304688 490.201110839844 446.050476074219 389.516052246094 419.314208984375 389.834808349609 380.516387939453 370.154571533203 271.638641357422 162.340347290039 164.079025268555 224.193099975586 362.739837646484 707.472229003906 1174.63354492188 714.668823242188 435.123779296875 236.250762939453 92.4311904907227 75.1110458374023 78.3603591918945 84.6076736450195 85.7486801147461 75.6843338012695 63.5719566345215 58.4388694763184 61.7616920471191 73.5196380615234 120.891677856445 257.10595703125 419.594390869141 386.81396484375 170.060989379883 43.716136932373 33.7606010437012 30.8901348114014 23.3538799285889 14.2520389556885 15.7809143066406 18.4427433013916 21.4990768432617 29.0803661346436 43.6679000854492 63.3397254943848 87.8618469238281
229.554702758789 324.967956542969 391.040740966797 401.790130615234 449.467407226562 520.098510742188 554.167236328125 479.257568359375 424.765655517578 437.509490966797 434.5498046875 538.565063476562 583.669982910156 421.706665039062 249.172775268555 192.092803955078 258.795166015625 359.58056640625 594.089294433594 999.809204101562 696.210571289062 456.454650878906 266.815093994141 141.813247680664 102.086051940918 86.4715576171875 81.6006927490234 64.7665557861328 46.2626037597656 38.478588104248 36.5351715087891 46.3340072631836 69.0637283325195 143.70166015625 317.927185058594 502.8662109375 400.161895751953 108.676834106445 34.2774353027344 33.1619834899902 30.4595108032227 23.8876419067383 12.9580307006836 13.476583480835 14.9752979278564 19.4578819274902 33.4079895019531 59.1421852111816 86.3472137451172 -9999
151.515289306641 -9999 247.09846496582 271.831726074219 349.024353027344 441.728210449219 465.483459472656 401.101654052734 410.533813476562 523.520141601562 742.833374023438 947.821411132812 810.034545898438 -9999 210.927093505859 -9999 290.880615234375 372.907104492188 469.982116699219 724.77880859375 624.583618164062 391.556732177734 241.828384399414 180.975051879883 121.515930175781 90.8185119628906 78.8603973388672 54.1497383117676 36.4318237304688 36.3738098144531 35.9418334960938 43.6245727539062 71.8043060302734 126.635246276855 219.477111816406 310.087768554688 228.84538269043 54.344654083252 32.0055656433105 29.0121021270752 23.6634063720703 18.3171100616455 12.8641586303711 12.9993524551392 14.1317377090454 19.8995590209961 39.1787338256836 74.5503540039062 -9999 -9999
114.542251586914 123.008026123047 147.939071655273 188.264144897461 235.596054077148 279.744750976562 303.96142578125 312.299438476562 403.445983886719 529.157592773438 715.701110839844 814.87841796875 646.185852050781 -9999 -9999 -9999 -9999 399.47412109375 430.476867675781 460.895385742188 378.894134521484 255.771514892578 202.368667602539 171.333145141602 114.359710693359 94.5805740356445 87.9151458740234 75.2241668701172 66.4172439575195 68.5370864868164 65.3427124023438 58.2600631713867 85.7802658081055 111.732948303223 128.765548706055 137.814697265625 98.1238784790039 37.1034545898438 23.4733715057373 19.8800926208496 16.1234397888184 13.6267890930176 12.8506889343262 12.9010467529297 13.4432210922241 16.9358425140381 32.0155258178711 64.2951889038086 -9999 -9999
95.6525497436523 79.5504379272461 93.1400680541992 145.799438476562 182.9951171875 191.516220092773 221.518112182617 275.870910644531 419.388275146484 488.609161376953 521.941650390625 515.920349121094 -9999 -9999 -9999 -9999 250.385101318359 -9999 342.084106445312 316.083099365234 245.514419555664 183.763275146484 165.745147705078 141.056762695312 106.336456298828 99.3427886962891 97.4119720458984 95.5239715576172 -9999 90.033317565918 78.7945404052734 70.4359664916992 97.5339202880859 116.892463684082 119.845207214355 112.652526855469 85.6104431152344 47.254280090332 21.9150867462158 15.5306272506714 13.462363243103 12.8542318344116 12.8499135971069 12.8572397232056 12.9324417114258 14.0180768966675 21.1964378356934 40.2932357788086 63.5511207580566 -9999
69.8909454345703 61.283519744873 79.1905517578125 128.969879150391 167.540771484375 183.042922973633 221.428085327148 280.068420410156 454.4189453125 479.077575683594 458.613342285156 431.913452148438 367.283477783203 -9999 137.204895019531 -9999 -9999 195.879959106445 236.530746459961 315.952789306641 309.356384277344 261.748962402344 215.753295898438 155.764831542969 104.831184387207 103.118301391602 102.12296295166 99.998649597168 92.9898910522461 80.1547393798828 67.6467895507812 89.8125381469727 128.164733886719 147.825180053711 141.70458984375 129.671081542969 107.821022033691 83.5901412963867 57.6961975097656 32.5405044555664 15.4833984375 12.9256439208984 12.9255342483521 12.9254817962646 12.9254312515259 13.156379699707 15.2159233093262 22.296573638916 37.638484954834 66.570198059082
59.2146759033203 69.1756896972656 91.7984313964844 124.22484588623 181.349090576172 256.322601318359 288.07421875 281.708801269531 439.838897705078 460.797515869141 436.442474365234 438.779846191406 405.180419921875 -9999 162.879272460938 132.616622924805 136.288925170898 155.930084228516 190.823150634766 337.283325195312 386.048858642578 360.793243408203 269.803344726562 158.832458496094 104.463203430176 103.765563964844 100.535301208496 90.8992385864258 75.5625305175781 64.2998733520508 71.4818496704102 153.656631469727 176.140014648438 175.274993896484 163.650894165039 153.4951171875 131.271606445312 107.831039428711 88.2128372192383 50.0057830810547 17.6890392303467 13.3085460662842 14.5566701889038 13.9072093963623 12.9974174499512 12.9928045272827 13.2692937850952 14.8983364105225 22.4578666687012 46.395923614502
58.902961730957 74.9785995483398 97.5909118652344 125.151420593262 201.632873535156 305.116119384766 306.813781738281 232.22444152832 299.138092041016 345.533843994141 360.257293701172 408.345397949219 -9999 -9999 191.481506347656 136.221649169922 132.734130859375 148.278686523438 179.927947998047 350.61669921875 425.344177246094 408.274627685547 300.338104248047 162.916030883789 111.800514221191 103.015312194824 91.5973129272461 75.3927612304688 61.5332641601562 60.0587005615234 82.8451156616211 187.921630859375 196.197952270508 186.331161499023 179.341293334961 172.326858520508 147.044403076172 112.833618164062 90.0587539672852 51.1353302001953 17.1858062744141 18.1461601257324 35.5969619750977 26.3815746307373 13.8585681915283 13.1264209747314 13.4769277572632 16.1469345092773 26.1393413543701 47.6375350952148
55.1222610473633 60.6512908935547 72.6464920043945 93.3195037841797 161.091186523438 255.021331787109 239.411560058594 148.713073730469 163.024063110352 225.747512817383 290.6513671875 345.163177490234 -9999 -9999 -9999 139.226654052734 137.308364868164 152.210144042969 184.850326538086 355.758911132812 402.316223144531 396.889038085938 373.419189453125 295.386016845703 204.013259887695 123.644668579102 80.7622756958008 61.5478553771973 57.4518280029297 64.4270629882812 88.4648513793945 172.924819946289 196.472625732422 198.625198364258 196.636535644531 186.411117553711 156.86181640625 116.714149475098 86.4718627929688 49.9790573120117 19.9862232208252 29.0075569152832 64.5631484985352 43.5321884155273 20.2992057800293 15.7334442138672 19.8616065979004 40.132625579834 85.502326965332 120.891777038574
