rcp4.5models/MPi_ESM_LR/sc1gr1.23
NCOLS 261 
NROWS 433 
XLLCORNER 336357.134 
YLLCORNER 654653.479 
CELLSIZE 1000 
NODATA_value -3.4e+38 
[rows 264 to 285 of 433, columns 196 to 244 of 261]
45.7786178588867 45.8835182189941 45.7014770507812 45.656665802002 45.2676849365234 45.1924324035645 45.1448669433594 45.2248687744141 45.5467796325684 45.6671485900879 45.551685333252 45.4897270202637 45.1794738769531 45.8945426940918 47.4053535461426 47.2954177856445 46.3574256896973 45.861141204834 45.3706512451172 45.2612571716309 45.2160148620605 45.5416069030762 46.0249519348145 46.6698265075684 46.0867881774902 45.2366638183594 45.4157524108887 45.4686508178711 45.3124046325684 45.2577285766602 45.5060691833496 45.3864212036133 -3.4e+38 -3.4e+38 45.1251487731934 44.9830780029297 45.1369667053223 45.2434921264648 45.205738067627 45.192195892334 45.2174911499023 44.9026794433594 45.0235023498535 45.1865921020508 45.1195678710938 44.9858665466309 45.2352066040039 45.4135208129883 45.2811393737793
45.6582679748535 45.8243446350098 45.9253807067871 45.8218421936035 45.5465850830078 45.1719856262207 45.004768371582 45.2020530700684 45.4755210876465 45.376838684082 45.3233222961426 45.4069633483887 45.463752746582 45.894401550293 46.9161720275879 47.1696968078613 45.750301361084 45.5712852478027 45.4169425964355 45.3882141113281 45.4012832641602 45.6405487060547 45.9858932495117 46.2353439331055 45.9627723693848 45.4040985107422 45.4467887878418 45.3415222167969 45.3308639526367 45.551139831543 45.1727180480957 45.1086082458496 45.1101150512695 45.2350578308105 45.261302947998 45.1771240234375 45.4279403686523 45.2092132568359 45.3282699584961 45.3999328613281 45.1941375732422 45.0610313415527 45.4123497009277 45.5398330688477 45.2897834777832 45.2290153503418 45.615665435791 45.8019981384277 45.4964370727539
45.8300552368164 45.7632217407227 45.8530311584473 45.4560966491699 45.2730484008789 45.153923034668 45.5355682373047 46.1028137207031 46.6294593811035 45.9192848205566 45.5825233459473 45.9028053283691 45.7783164978027 45.9409484863281 46.272087097168 46.0873832702637 46.0150871276855 45.6608047485352 45.6693649291992 45.5637397766113 45.8529014587402 45.9307136535645 45.7273139953613 45.504810333252 45.4748153686523 45.5121765136719 45.5168037414551 45.8897819519043 45.8816566467285 45.6677207946777 45.5528869628906 45.6589050292969 45.5028800964355 45.5097389221191 45.4249649047852 45.3753089904785 45.6974563598633 45.7888679504395 45.4901542663574 45.8689155578613 45.7552604675293 45.7949256896973 45.9095115661621 45.7503852844238 45.5015449523926 45.6437606811523 45.4090614318848 45.474494934082 45.5207977294922
45.6916999816895 45.7118797302246 45.7475700378418 45.5669975280762 45.5996322631836 45.3145370483398 45.6982307434082 46.1848487854004 46.8099212646484 46.3028831481934 45.7992706298828 45.8353157043457 45.9786071777344 46.4781150817871 47.4311790466309 47.0599555969238 46.5627593994141 45.6622047424316 46.709285736084 46.7025527954102 46.6624031066895 46.4667549133301 45.9395141601562 45.9648704528809 46.0552558898926 45.7550239562988 45.929874420166 46.1177711486816 45.8587608337402 45.6513214111328 45.9499664306641 45.9884605407715 45.8336524963379 45.5444259643555 45.3471145629883 45.4801445007324 45.8218269348145 45.6347961425781 45.4095001220703 45.7154693603516 45.8438758850098 45.7665786743164 45.7882461547852 45.5110168457031 45.4201927185059 45.8294906616211 45.5885696411133 45.5727310180664 45.8217315673828
45.8206443786621 45.6390914916992 45.7338218688965 45.8663520812988 45.9036331176758 45.7570381164551 46.0388031005859 46.4591674804688 46.7672309875488 46.3119506835938 45.8106956481934 45.8556671142578 45.9257011413574 46.5913047790527 47.7812576293945 47.6049613952637 46.6544380187988 45.7285690307617 48.0481033325195 47.7834854125977 47.1940040588379 46.5401458740234 46.1229515075684 46.2629508972168 46.3108520507812 45.9287033081055 45.851390838623 45.8950958251953 45.8680953979492 45.8949241638184 46.2621307373047 45.8934745788574 46.1250648498535 45.5368423461914 45.5067939758301 45.734992980957 45.5452461242676 45.371711730957 45.4722633361816 45.8417587280273 45.9438819885254 45.7383613586426 45.780387878418 45.3869895935059 45.4099197387695 45.5712242126465 45.6754188537598 45.7328262329102 45.6805419921875
45.9367370605469 45.7545318603516 45.9082565307617 45.8943786621094 45.7973403930664 45.9204559326172 46.1462440490723 46.7705001831055 46.9631881713867 46.5974998474121 45.8813667297363 45.9840278625488 45.9204483032227 46.21044921875 46.7726898193359 46.9384994506836 46.3846702575684 45.9146842956543 47.8539886474609 47.8282279968262 47.7258071899414 47.0170097351074 46.0717620849609 46.2384071350098 46.2113342285156 45.9766235351562 45.7860412597656 45.9485816955566 46.3293571472168 46.0693855285645 46.163459777832 46.1933059692383 46.5231285095215 45.8724517822266 45.7069320678711 46.0851593017578 45.7468070983887 45.4525718688965 45.5857582092285 45.9478416442871 46.0491752624512 45.8080368041992 45.9706420898438 45.5753440856934 45.5405197143555 45.6342010498047 45.5587158203125 45.7932586669922 45.5340042114258
45.803638458252 46.0151824951172 46.0533905029297 45.861686706543 45.8396301269531 46.0017852783203 46.079776763916 47.0766258239746 47.1292572021484 47.040885925293 45.9141998291016 45.9444541931152 46.0811386108398 46.1529579162598 46.2321434020996 46.3912658691406 46.328182220459 46.1586456298828 47.4834594726562 47.9663314819336 48.2377738952637 48.0576324462891 46.9893798828125 46.5406684875488 46.4098663330078 46.4169502258301 46.3359069824219 46.2953033447266 46.4105606079102 46.1642074584961 46.6271324157715 46.5919799804688 46.2410316467285 45.9128799438477 45.8439598083496 45.7769966125488 45.6276741027832 45.5165672302246 45.7302436828613 46.136100769043 46.1657104492188 45.793270111084 46.0671882629395 45.8348579406738 45.8453559875488 46.0151596069336 45.9697418212891 46.1332855224609 45.8315734863281
46.0214233398438 46.1486854553223 45.9586181640625 45.8056983947754 45.8556861877441 46.0612602233887 46.2821350097656 46.9038391113281 47.1534080505371 47.1667900085449 45.992862701416 46.0217514038086 46.144474029541 46.262638092041 46.3388214111328 46.4373435974121 46.3972129821777 46.4648361206055 47.989574432373 48.5836715698242 48.7912254333496 48.6668167114258 48.2674026489258 47.6174774169922 46.7529220581055 46.7294502258301 46.4771461486816 46.1217193603516 46.0709037780762 46.0409317016602 46.8089141845703 46.474781036377 46.127571105957 46.1160316467285 45.9629249572754 45.524787902832 45.3942718505859 45.460334777832 45.7146987915039 45.939811706543 45.9237289428711 46.0145225524902 46.0771980285645 46.0202178955078 46.0857696533203 46.1067886352539 45.9523010253906 46.1655921936035 45.9169731140137
46.4125175476074 46.2650985717773 46.2908020019531 46.0211334228516 46.038932800293 46.3476638793945 46.9121513366699 47.0382614135742 46.7254867553711 46.7620735168457 46.6233749389648 46.293270111084 46.1375122070312 46.3886260986328 46.5532150268555 46.5418472290039 46.4241371154785 46.8253211975098 47.7738265991211 48.4137077331543 48.3685531616211 48.7690277099609 48.7296028137207 48.2366676330566 47.0017509460449 46.5989151000977 46.1928482055664 45.9286689758301 45.879825592041 45.9068336486816 46.222843170166 46.0658988952637 46.2606010437012 46.3768844604492 46.0564575195312 45.8184509277344 45.9594688415527 45.6147499084473 46.0482330322266 46.108829498291 46.1577033996582 46.202709197998 46.3947944641113 46.1367301940918 46.2513427734375 46.0955085754395 45.7604637145996 -3.4e+38 46.0191040039062
46.69775390625 46.4017906188965 46.274715423584 46.1447792053223 46.5332298278809 47.1469459533691 47.2813415527344 47.817268371582 46.4782752990723 46.6992568969727 46.7932205200195 46.4351806640625 46.2637557983398 46.5214881896973 46.6971588134766 46.6787109375 46.6978073120117 46.8973770141602 47.3067626953125 47.6941184997559 47.3310661315918 47.8320617675781 47.7381896972656 47.3492050170898 46.7887763977051 46.5425758361816 46.3493995666504 46.0693397521973 46.0538177490234 46.2902565002441 46.425724029541 46.1775817871094 46.1423683166504 46.4882011413574 46.197566986084 45.9595108032227 46.199535369873 46.1002998352051 46.1161575317383 46.213752746582 46.1779098510742 46.435230255127 46.5171966552734 46.3615837097168 46.339282989502 46.3382530212402 46.0720825195312 45.8933753967285 46.2249794006348
46.6739234924316 46.4162673950195 46.1876182556152 46.2624893188477 47.0207290649414 47.9629821777344 47.688102722168 48.2860221862793 46.8968505859375 46.9623336791992 46.653678894043 46.379451751709 46.3706741333008 46.5090141296387 46.5865211486816 46.7844924926758 46.8094635009766 46.7095031738281 47.6682815551758 48.2995758056641 47.6483688354492 47.7902297973633 47.9828224182129 47.7067375183105 47.5294342041016 47.4890975952148 47.3397674560547 46.3574295043945 46.1806678771973 46.5234184265137 46.4925117492676 46.6578483581543 46.3417091369629 46.4853935241699 46.4390182495117 45.9934234619141 46.1559524536133 46.6030769348145 46.2306671142578 46.0736312866211 46.4068183898926 46.6052284240723 46.4911613464355 46.4642372131348 46.4908676147461 46.4114265441895 46.3601913452148 46.2718391418457 46.2336921691895
46.5762901306152 46.5119781494141 46.4689750671387 46.4294929504395 46.8080749511719 47.5614776611328 48.1813316345215 48.5637245178223 47.4829139709473 47.3720092773438 46.8623580932617 46.5309562683105 46.3473510742188 46.3756675720215 46.5437316894531 46.7065010070801 46.6618881225586 46.7643737792969 47.6865844726562 48.7396354675293 48.5563507080078 48.7581672668457 48.897834777832 48.7060394287109 48.5928039550781 48.5552368164062 48.3711929321289 47.532772064209 47.5789337158203 47.1307945251465 46.5054969787598 46.5106391906738 46.6389999389648 46.5746879577637 46.659610748291 46.1788597106934 46.4043159484863 46.6802177429199 46.5899200439453 46.2210350036621 46.374137878418 46.5715942382812 46.5733604431152 46.6632499694824 46.8474922180176 46.5492172241211 46.5163192749023 46.2944793701172 46.3919486999512
46.6537551879883 46.4852142333984 46.4331817626953 46.4841804504395 46.5943641662598 47.004322052002 48.1640815734863 48.6841583251953 47.5973510742188 47.4327545166016 47.1059684753418 46.6650314331055 46.4807815551758 46.6794929504395 46.8259124755859 46.8249092102051 46.9751853942871 47.0057830810547 47.2375030517578 47.8881378173828 48.1764488220215 48.1581916809082 48.0882720947266 48.5575828552246 48.4581031799316 48.3213958740234 48.541690826416 48.2820358276367 48.6552696228027 47.1678428649902 46.6856231689453 46.4110565185547 46.8072242736816 46.5863723754883 46.911018371582 46.7011566162109 46.7343635559082 46.4483680725098 46.7033462524414 46.6145248413086 46.4867706298828 46.7160491943359 46.8115844726562 46.7804679870605 46.7267723083496 46.7699890136719 46.4482498168945 46.285831451416 46.5102767944336
46.5759353637695 46.5515518188477 46.5280914306641 46.5049362182617 46.7136573791504 47.1133728027344 48.1186027526855 47.8505592346191 47.1835479736328 47.0757331848145 47.0572166442871 46.7264633178711 46.7612800598145 47.1174049377441 46.9078636169434 46.9430160522461 46.9727096557617 46.8925361633301 47.1115837097168 47.1921691894531 47.4821090698242 47.563606262207 47.8295021057129 48.3191986083984 48.1449203491211 47.569091796875 48.2612648010254 48.7678833007812 48.8531150817871 47.3856544494629 46.7590370178223 46.636173248291 46.6564788818359 46.5011367797852 47.1050148010254 47.0368843078613 46.942066192627 46.5856399536133 46.8084983825684 46.7926368713379 46.6749496459961 46.8266334533691 46.9525909423828 46.9068145751953 46.6288795471191 46.6264114379883 46.4382705688477 46.5039482116699 46.5560874938965
46.9106674194336 46.9001083374023 46.9392890930176 46.9646110534668 47.0856895446777 47.5685615539551 48.6368827819824 47.1752891540527 47.2023010253906 47.0319480895996 47.2297630310059 47.1703643798828 47.4702339172363 47.6664009094238 47.5073394775391 47.379322052002 47.2239837646484 47.0494766235352 47.5291137695312 47.5923309326172 47.0555992126465 47.1967277526855 47.6461067199707 47.8308944702148 48.122802734375 47.7810211181641 48.3769149780273 48.4555740356445 47.5115852355957 46.7276725769043 46.713623046875 47.0736045837402 46.8793411254883 46.8031387329102 46.6633682250977 46.7760124206543 -3.4e+38 46.8121795654297 46.9043502807617 46.8686294555664 46.8203430175781 46.8321647644043 46.7590827941895 46.9549522399902 46.9556503295898 46.9862442016602 46.8854103088379 46.8127975463867 46.777099609375
47.0660095214844 47.3514747619629 47.0129051208496 47.1741905212402 47.3551979064941 47.1938438415527 48.2253684997559 47.7486953735352 47.4218978881836 47.1477432250977 47.3812065124512 47.4982872009277 48.0751266479492 48.4393043518066 48.3667068481445 47.3693046569824 47.3474655151367 47.4671211242676 47.6759338378906 47.7993583679199 47.6021919250488 47.3598937988281 47.3022346496582 47.2127151489258 47.7956123352051 -3.4e+38 48.4806365966797 48.4928512573242 47.1020545959473 46.9537620544434 46.8606147766113 47.2040023803711 47.1822052001953 46.9233169555664 46.8077278137207 47.0415077209473 47.0026245117188 46.9177398681641 46.8967475891113 46.987476348877 46.8458213806152 47.0325698852539 46.9142036437988 46.9784126281738 46.826358795166 46.972957611084 47.0863456726074 46.9769096374512 46.8458137512207
47.2435264587402 47.5247344970703 47.3143692016602 47.3490219116211 47.6606597900391 47.3269920349121 47.8231544494629 48.9228591918945 48.1730880737305 47.2607231140137 47.4824752807617 47.5556259155273 48.1977577209473 48.880241394043 48.9744720458984 47.8494644165039 47.1902770996094 47.4013328552246 47.7851753234863 47.7417297363281 48.2184753417969 47.5073280334473 47.220947265625 -3.4e+38 47.051097869873 -3.4e+38 48.7088088989258 48.2728042602539 46.8897171020508 47.0469398498535 47.1258544921875 47.1203193664551 47.3402366638184 47.0770721435547 46.9580726623535 47.0910797119141 46.9447860717773 47.0639190673828 46.9585342407227 47.0024223327637 47.129077911377 47.1455421447754 46.9606399536133 46.9675712585449 46.9007606506348 47.1109008789062 47.2348861694336 47.0886116027832 46.9587745666504
47.2970504760742 47.3374176025391 47.7447319030762 48.2146644592285 47.7307395935059 47.9891319274902 48.0633354187012 49.422290802002 49.0723686218262 47.7665519714355 47.4430809020996 47.8517837524414 48.0676689147949 48.5705108642578 49.4207572937012 48.5859832763672 47.112377166748 47.351001739502 47.9814567565918 47.8519439697266 48.1378974914551 47.6576652526855 47.2932472229004 47.1621398925781 -3.4e+38 -3.4e+38 48.1055335998535 47.664478302002 47.2302131652832 47.2334251403809 47.3424453735352 46.9923439025879 47.381462097168 47.1396026611328 -3.4e+38 47.0462760925293 47.0193405151367 -3.4e+38 47.0616989135742 47.1535873413086 47.3950691223145 47.2117347717285 46.9963836669922 46.9722213745117 47.015983581543 47.2467880249023 47.2824249267578 47.1631813049316 47.0768280029297
47.3779144287109 47.8546676635742 48.7448654174805 49.2949485778809 48.2084693908691 47.9573936462402 47.9911231994629 49.7405052185059 49.3700523376465 47.8507118225098 48.0258827209473 49.1126899719238 49.2418670654297 48.7784309387207 48.4426040649414 48.3651580810547 47.9938278198242 47.7370414733887 47.9967918395996 48.2304763793945 48.2232360839844 48.2279930114746 47.7934989929199 47.369758605957 -3.4e+38 -3.4e+38 47.3127822875977 47.3891258239746 47.4795265197754 47.251895904541 47.2743301391602 47.2588081359863 47.4793663024902 47.2969207763672 -3.4e+38 47.2122573852539 47.2813110351562 -3.4e+38 -3.4e+38 47.1270027160645 -3.4e+38 47.375804901123 47.2134208679199 47.0650100708008 47.1980667114258 47.5732574462891 47.5229644775391 47.2922782897949 47.1452713012695
47.8934631347656 48.6526718139648 49.2931175231934 49.5272407531738 48.9853630065918 48.0091171264648 47.8663558959961 49.4966125488281 49.0403137207031 47.9844627380371 48.9882583618164 50.1693153381348 50.5856666564941 49.7938690185547 48.1336250305176 47.9118194580078 48.1870460510254 47.7873764038086 47.5872497558594 47.858283996582 48.316219329834 48.6823616027832 48.4370498657227 47.4570693969727 47.4401435852051 47.5052757263184 47.1787071228027 47.4359092712402 47.4149475097656 47.3138999938965 47.3938331604004 47.4604835510254 47.6156730651855 47.3805885314941 47.4746513366699 47.4883003234863 47.3450050354004 47.242057800293 47.2547264099121 47.2212333679199 47.5314064025879 47.4804992675781 47.3764762878418 47.3090934753418 47.4328384399414 47.3960838317871 47.3853416442871 47.3184280395508 47.3463172912598
48.4175987243652 49.2451553344727 49.6816368103027 49.8400268554688 49.2817993164062 48.4357986450195 48.2863082885742 48.8651275634766 48.6374244689941 48.3465042114258 49.5733375549316 50.4474868774414 50.6217231750488 49.9791564941406 48.61181640625 47.9822769165039 47.8746452331543 47.8210563659668 47.7927093505859 47.9912452697754 48.8428802490234 48.5757369995117 48.155200958252 47.4694900512695 47.474739074707 47.4846076965332 47.211669921875 47.628173828125 47.4722099304199 47.6151275634766 47.6476287841797 47.647632598877 47.7204742431641 47.5199317932129 47.5400009155273 47.5973052978516 47.4524040222168 47.0976448059082 47.1854057312012 47.4085311889648 47.591251373291 47.5188179016113 47.562686920166 47.7199440002441 47.609790802002 47.176815032959 47.1898422241211 47.3487091064453 47.6403045654297
48.7287979125977 49.1754684448242 49.8526039123535 50.0521659851074 49.044132232666 48.545726776123 48.5398864746094 48.7825736999512 48.7272682189941 49.2545738220215 49.564769744873 50.3253555297852 50.2742118835449 49.1928215026855 48.2419395446777 48.0278205871582 47.9913749694824 47.9390754699707 47.9359550476074 48.337329864502 48.7795066833496 48.0702667236328 47.8267478942871 47.6810264587402 47.5471839904785 47.5489311218262 47.3042984008789 47.589527130127 47.5542907714844 47.676097869873 47.8665008544922 47.8282356262207 47.7712287902832 47.6914100646973 47.5112838745117 47.5057182312012 47.6128807067871 47.2573356628418 47.2059516906738 47.4400177001953 47.5393257141113 47.6993637084961 47.6754264831543 47.7334327697754 47.5902214050293 47.3963851928711 47.3312492370605 47.5018920898438 -3.4e+38
