rcp4.5models/MPi_ESM_LR/sc1gr2.14
NCOLS 261 
NROWS 433 
XLLCORNER 336357.134 
YLLCORNER 654653.479 
CELLSIZE 1000 
NODATA_value -3.4e+38 
[rows 374 to 395 of 433, columns 49 to 97 of 261]
-3.4e+38 -3.4e+38 -3.4e+38 298.701110839844 298.786376953125 298.871398925781 298.956146240234 299.265716552734 299.464477539062 300.459503173828 300.338165283203 300.567291259766 301.323059082031 301.62548828125 301.338714599609 301.468536376953 300.936218261719 300.328033447266 301.536926269531 299.039367675781 298.728820800781 301.150177001953 302.470855712891 301.886566162109 303.088592529297 304.916320800781 305.8515625 306.607269287109 303.584106445312 294.823211669922 293.830535888672 300.103668212891 306.225921630859 307.806488037109 308.301025390625 307.755889892578 306.051300048828 304.936126708984 305.714935302734 306.322052001953 304.634613037109 296.405456542969 296.607757568359 293.986511230469 287.029602050781 285.662109375 284.379913330078 282.158538818359 286.616607666016
-3.4e+38 -3.4e+38 -3.4e+38 298.769317626953 298.872222900391 298.957092285156 299.041687011719 299.42333984375 299.681060791016 300.490264892578 300.606384277344 300.922393798828 301.101715087891 301.48974609375 301.534698486328 301.718566894531 301.698181152344 300.384399414062 301.751037597656 300.041351318359 300.553497314453 302.431488037109 300.880798339844 299.282867431641 302.343780517578 304.58203125 305.302429199219 306.152465820312 306.009521484375 293.516204833984 295.97998046875 300.237945556641 304.470275878906 307.235015869141 308.075592041016 307.519104003906 306.318878173828 303.229766845703 303.57470703125 305.304412841797 304.171447753906 295.343780517578 292.998870849609 292.202117919922 286.248077392578 281.522521972656 284.413757324219 284.863922119141 285.611968994141
-3.4e+38 -3.4e+38 -3.4e+38 298.897583007812 298.956878662109 299.041564941406 299.1259765625 300.036560058594 300.236236572266 300.4609375 300.544006347656 300.884429931641 300.857879638672 301.049072265625 300.711273193359 300.290466308594 300.275817871094 299.771331787109 298.443176269531 300.324249267578 300.382110595703 300.992797851562 299.288604736328 298.035583496094 302.235473632812 304.416534423828 305.127502441406 305.952514648438 306.136169433594 297.484313964844 298.564361572266 299.923400878906 303.415161132812 307.025756835938 306.937805175781 306.244445800781 306.202575683594 304.315368652344 304.076477050781 305.243713378906 304.587524414062 296.208251953125 288.552673339844 288.218444824219 287.889373779297 281.623809814453 281.248748779297 285.257507324219 286.445159912109
-3.4e+38 -3.4e+38 -3.4e+38 -3.4e+38 299.023223876953 299.124847412109 299.209075927734 300.376678466797 300.460052490234 300.543151855469 300.242797851562 300.493499755859 300.790649414062 300.872497558594 300.555480957031 299.010131835938 299.041137695312 298.925689697266 298.419494628906 298.951568603516 298.647552490234 299.935943603516 299.261199951172 297.228668212891 300.331115722656 303.689849853516 304.902130126953 305.773132324219 306.187469482422 304.110534667969 303.070526123047 302.815460205078 304.755462646484 306.817413330078 305.963958740234 306.220489501953 306.425811767578 305.600280761719 304.042846679688 304.496398925781 305.328948974609 300.825134277344 294.679656982422 291.582000732422 288.397186279297 284.117645263672 278.982391357422 280.082641601562 283.174163818359
-3.4e+38 -3.4e+38 -3.4e+38 -3.4e+38 298.575225830078 299.000732421875 298.892181396484 -3.4e+38 300.541259765625 -3.4e+38 -3.4e+38 300.643280029297 300.870697021484 300.952209472656 300.82080078125 300.095977783203 299.819488525391 299.903137207031 300.799346923828 297.974884033203 295.989196777344 298.687347412109 300.828399658203 298.680480957031 300.136505126953 303.372009277344 304.643524169922 305.648193359375 306.237060546875 306.229797363281 306.515350341797 304.242248535156 304.696716308594 306.223266601562 305.900726318359 306.173065185547 306.485198974609 305.623443603516 303.479797363281 302.137329101562 303.636474609375 304.161987304688 299.367523193359 295.044158935547 287.868286132812 284.606781005859 282.763336181641 277.789367675781 281.028991699219
-3.4e+38 -3.4e+38 -3.4e+38 -3.4e+38 298.229156494141 298.547943115234 -3.4e+38 299.936431884766 300.021179199219 299.717803955078 300.363098144531 300.867950439453 300.949462890625 301.030639648438 300.962860107422 301.104888916016 300.920135498047 300.347747802734 301.008758544922 298.291198730469 296.580810546875 297.379821777344 300.413818359375 301.627227783203 301.414489746094 302.885040283203 304.181915283203 305.132843017578 306.053985595703 306.078155517578 305.928253173828 303.108215332031 300.555572509766 302.510131835938 304.638763427734 305.686309814453 306.622711181641 306.160247802734 304.86767578125 302.760406494141 303.176818847656 303.466064453125 296.836181640625 292.641387939453 292.411285400391 294.652221679688 293.566192626953 285.289947509766 280.354370117188
-3.4e+38 -3.4e+38 -3.4e+38 -3.4e+38 -3.4e+38 298.351470947266 298.712371826172 -3.4e+38 299.699981689453 299.132141113281 299.772888183594 300.734436035156 301.026977539062 301.107757568359 301.188140869141 301.26806640625 301.347503662109 300.8046875 299.885711669922 299.007781982422 297.345977783203 295.269470214844 296.869018554688 301.167388916016 302.949401855469 303.844390869141 304.540069580078 304.976928710938 305.589294433594 305.451232910156 304.945831298828 303.69970703125 298.941833496094 298.924407958984 302.581390380859 303.196380615234 304.553833007812 305.6533203125 305.666381835938 304.741577148438 303.952880859375 304.977600097656 299.293640136719 294.335235595703 299.03173828125 305.207672119141 303.835021972656 296.879516601562 287.261413574219
-3.4e+38 -3.4e+38 -3.4e+38 -3.4e+38 -3.4e+38 298.471435546875 298.529541015625 299.489471435547 299.777496337891 299.20751953125 299.203552246094 299.714782714844 300.313049316406 300.319976806641 300.520751953125 301.128631591797 301.422088623047 300.695831298828 298.546752929688 296.987426757812 295.513732910156 293.880462646484 295.477325439453 298.611450195312 302.39990234375 304.271362304688 304.452880859375 304.970550537109 305.375640869141 304.752258300781 304.494232177734 303.416778564453 301.71044921875 299.689819335938 302.258148193359 301.598114013672 303.110137939453 305.82470703125 306.298706054688 305.152404785156 303.075958251953 304.961181640625 304.093444824219 302.143585205078 304.333343505859 307.388061523438 308.390899658203 302.915985107422 295.883270263672
-3.4e+38 -3.4e+38 -3.4e+38 -3.4e+38 -3.4e+38 298.548706054688 298.204284667969 299.035125732422 299.254852294922 299.074981689453 299.016815185547 299.498596191406 299.660583496094 299.856597900391 299.854370117188 300.466674804688 300.75732421875 300.630554199219 298.343872070312 296.164245605469 294.897674560547 295.123291015625 297.033355712891 298.445465087891 301.451019287109 303.661743164062 303.724639892578 304.275939941406 304.854888916016 304.915405273438 303.595458984375 301.914398193359 302.229705810547 300.263153076172 302.622619628906 301.115905761719 302.365509033203 306.332397460938 307.016754150391 304.810668945312 302.451538085938 304.179473876953 306.698089599609 306.832366943359 307.164825439453 307.8251953125 307.822021484375 305.238891601562 301.184173583984
-3.4e+38 -3.4e+38 -3.4e+38 -3.4e+38 -3.4e+38 -3.4e+38 297.669158935547 298.719543457031 299.002899169922 299.083923339844 299.164520263672 299.509979248047 299.505187988281 299.689147949219 299.629760742188 299.825531005859 300.145446777344 300.607757568359 301.103759765625 301.343627929688 301.859039306641 302.258331298828 300.769134521484 299.902038574219 301.126098632812 302.845184326172 303.665252685547 303.813079833984 304.273284912109 304.840362548828 301.140106201172 301.030700683594 302.049041748047 300.05908203125 300.898406982422 300.379516601562 300.094421386719 302.981750488281 305.548889160156 306.404174804688 305.523071289062 305.719116210938 306.374633789062 306.018615722656 304.666961669922 305.645080566406 306.657836914062 305.942443847656 306.370666503906
-3.4e+38 -3.4e+38 -3.4e+38 -3.4e+38 -3.4e+38 -3.4e+38 297.425476074219 297.6611328125 298.671844482422 298.370300292969 298.828094482422 299.316345214844 299.395660400391 299.474456787109 299.552734375 299.254974365234 299.643463134766 300.043701171875 300.935180664062 300.993133544922 301.389282226562 301.375305175781 301.429626464844 302.014038085938 302.409759521484 302.847930908203 303.455200195312 303.878723144531 304.024749755859 304.648376464844 302.553436279297 302.293365478516 302.457092285156 298.030212402344 298.326690673828 300.492218017578 295.492797851562 298.004486083984 303.506256103516 305.473510742188 306.5615234375 304.473724365234 304.760284423828 306.383026123047 305.298370361328 304.85205078125 304.976470947266 305.031127929688 306.184417724609
-3.4e+38 -3.4e+38 -3.4e+38 -3.4e+38 -3.4e+38 -3.4e+38 -3.4e+38 298.065856933594 298.480072021484 298.097229003906 298.044952392578 298.202575683594 298.670013427734 298.649627685547 299.248046875 299.432281494141 299.445953369141 299.750152587891 301.001800537109 301.047149658203 300.451629638672 299.937957763672 300.576263427734 301.752349853516 300.570190429688 300.347747802734 301.999786376953 303.443786621094 303.748016357422 304.171539306641 302.999877929688 300.482543945312 299.966186523438 297.132141113281 295.837585449219 298.132873535156 293.322784423828 296.524841308594 302.301300048828 304.088165283203 306.102081298828 305.364532470703 304.100524902344 303.677551269531 303.802093505859 304.067260742188 303.041625976562 303.279083251953 304.4833984375
-3.4e+38 -3.4e+38 -3.4e+38 -3.4e+38 -3.4e+38 -3.4e+38 -3.4e+38 297.806549072266 297.755004882812 298.096923828125 298.108795166016 297.659027099609 298.188446044922 298.085052490234 298.402191162109 299.034210205078 299.318115234375 299.740600585938 300.940612792969 300.724792480469 300.122985839844 299.609161376953 299.482360839844 300.577758789062 299.677093505859 300.020141601562 301.758392333984 302.703765869141 303.046325683594 303.607238769531 303.089599609375 300.307037353516 299.102630615234 299.767791748047 297.274322509766 294.302947998047 292.396911621094 296.735504150391 301.614898681641 303.282867431641 304.869964599609 306.593200683594 304.889678955078 302.260894775391 301.713165283203 302.788208007812 302.880950927734 301.105072021484 297.654907226562
-3.4e+38 -3.4e+38 -3.4e+38 -3.4e+38 -3.4e+38 -3.4e+38 -3.4e+38 297.404052734375 297.685546875 298.230712890625 298.445526123047 297.865356445312 298.257843017578 298.459899902344 298.446807861328 298.728363037109 298.848968505859 299.066192626953 300.177185058594 300.289825439453 300.284820556641 300.165405273438 299.560394287109 299.537017822266 300.258819580078 300.189300537109 299.700256347656 301.026275634766 302.41943359375 303.148559570312 303.39697265625 303.013763427734 301.424591064453 301.173187255859 297.568054199219 293.558319091797 291.472076416016 290.840270996094 297.542236328125 303.350646972656 303.791381835938 305.430084228516 305.264465332031 302.698211669922 300.857391357422 300.791595458984 301.602020263672 299.819213867188 293.5400390625
-3.4e+38 -3.4e+38 -3.4e+38 -3.4e+38 -3.4e+38 -3.4e+38 -3.4e+38 298.005310058594 298.221801757812 298.434204101562 298.512847900391 298.320861816406 298.527893066406 298.74560546875 298.822052001953 298.897857666016 298.833557128906 298.698699951172 299.409484863281 299.982971191406 299.951751708984 299.903015136719 299.812438964844 298.143280029297 299.583526611328 299.671752929688 298.291046142578 300.506011962891 302.500427246094 302.330169677734 303.160705566406 303.582855224609 300.509613037109 298.698425292969 297.609466552734 295.657348632812 294.081390380859 291.615539550781 298.168334960938 304.327606201172 303.173675537109 302.848571777344 304.941192626953 302.665618896484 299.479705810547 298.499298095703 299.396850585938 298.892059326172 294.932800292969
-3.4e+38 -3.4e+38 -3.4e+38 -3.4e+38 -3.4e+38 -3.4e+38 -3.4e+38 -3.4e+38 297.425598144531 298.106689453125 298.578979492188 -3.4e+38 298.733825683594 298.810394287109 298.886352539062 298.961639404297 299.036254882812 298.826293945312 299.183868408203 299.883026123047 299.720153808594 299.52197265625 299.688812255859 297.016448974609 297.509338378906 299.10205078125 299.103912353516 300.856048583984 302.483001708984 301.164794921875 303.1865234375 302.020538330078 298.183013916016 296.077972412109 297.054565429688 297.114654541016 296.676147460938 296.828369140625 301.804534912109 304.925231933594 302.920715332031 299.084228515625 302.541137695312 303.844635009766 299.989135742188 295.840911865234 296.714385986328 298.513122558594 298.1875
-3.4e+38 -3.4e+38 -3.4e+38 -3.4e+38 -3.4e+38 -3.4e+38 -3.4e+38 -3.4e+38 297.021118164062 297.704467773438 -3.4e+38 298.522918701172 298.024536132812 298.088897705078 298.747528076172 299.024230957031 298.882354736328 298.557922363281 299.188110351562 299.565246582031 299.905670166016 299.76806640625 299.725006103516 298.194763183594 297.872528076172 298.903472900391 300.096221923828 300.884246826172 301.779907226562 301.442230224609 302.988220214844 301.309661865234 298.619476318359 296.591613769531 297.417419433594 297.587493896484 296.424560546875 297.04248046875 301.860443115234 304.701690673828 303.234527587891 298.763427734375 298.544403076172 302.750640869141 302.228912353516 297.230743408203 296.357971191406 298.883148193359 300.373260498047
-3.4e+38 -3.4e+38 -3.4e+38 -3.4e+38 -3.4e+38 -3.4e+38 -3.4e+38 -3.4e+38 296.825805664062 297.036865234375 297.511932373047 297.664703369141 297.531768798828 297.410522460938 297.776580810547 298.341278076172 298.422027587891 298.295379638672 298.74365234375 298.8291015625 299.51416015625 299.745941162109 300.118041992188 300.227905273438 298.820465087891 298.136016845703 298.843231201172 299.424224853516 300.9326171875 301.519836425781 302.278839111328 301.701385498047 300.889404296875 298.729705810547 298.178314208984 298.142608642578 296.856719970703 296.871765136719 301.425476074219 304.203460693359 303.576568603516 299.727386474609 296.928497314453 298.977508544922 301.966583251953 300.671325683594 298.418365478516 299.084259033203 300.335632324219
-3.4e+38 -3.4e+38 -3.4e+38 -3.4e+38 -3.4e+38 -3.4e+38 -3.4e+38 -3.4e+38 296.616271972656 296.693664550781 297.044586181641 297.376922607422 297.393646240234 297.137786865234 297.127197265625 297.557556152344 297.843353271484 298.167022705078 298.116546630859 298.368957519531 299.114929199219 299.62255859375 300.064270019531 300.393920898438 299.480102539062 297.586456298828 297.245147705078 297.892639160156 300.059997558594 300.424713134766 301.0810546875 301.917999267578 302.376708984375 300.718170166016 298.199279785156 297.706207275391 296.864349365234 294.900939941406 299.435394287109 303.798706054688 303.258514404297 297.852081298828 297.104583740234 295.117370605469 296.344268798828 300.146179199219 301.48388671875 301.695068359375 301.61083984375
-3.4e+38 -3.4e+38 -3.4e+38 -3.4e+38 -3.4e+38 -3.4e+38 -3.4e+38 -3.4e+38 296.678802490234 296.755737304688 296.832153320312 297.182891845703 297.120819091797 297.057800292969 297.131683349609 297.385681152344 297.479461669922 297.680297851562 297.594757080078 297.885681152344 298.596038818359 298.722076416016 298.686126708984 299.214080810547 299.238311767578 298.109558105469 297.185791015625 297.086883544922 298.401611328125 300.364379882812 300.922760009766 301.693481445312 302.021087646484 301.634155273438 300.020874023438 298.873260498047 296.967681884766 295.07763671875 299.468078613281 303.598907470703 300.523895263672 296.358184814453 294.003753662109 290.138549804688 290.238220214844 295.466583251953 301.240081787109 303.440185546875 303.015777587891
-3.4e+38 -3.4e+38 -3.4e+38 -3.4e+38 -3.4e+38 -3.4e+38 -3.4e+38 -3.4e+38 296.740203857422 296.816711425781 296.892608642578 296.967956542969 297.042694091797 297.116760253906 297.190124511719 297.336364746094 297.373321533203 297.40576171875 297.354736328125 297.543823242188 297.874145507812 296.752960205078 297.229461669922 298.651733398438 297.138946533203 295.740966796875 296.203857421875 296.325225830078 297.230010986328 300.410766601562 300.401184082031 301.002075195312 301.257934570312 301.510986328125 301.607452392578 301.294616699219 298.572113037109 294.541931152344 295.90869140625 300.614562988281 298.954162597656 292.320831298828 292.381591796875 289.555725097656 290.575988769531 293.167205810547 298.827697753906 302.967895507812 303.331115722656
-3.4e+38 -3.4e+38 -3.4e+38 -3.4e+38 -3.4e+38 -3.4e+38 -3.4e+38 -3.4e+38 296.442474365234 296.343444824219 296.820220947266 297.084594726562 297.104888916016 297.205993652344 296.573974609375 296.316070556641 296.906219482422 297.418487548828 297.310974121094 297.482421875 297.661834716797 297.404846191406 295.793487548828 295.623748779297 297.724426269531 297.739288330078 296.191040039062 295.564758300781 296.744079589844 299.226867675781 299.987213134766 300.523681640625 301.063598632812 300.607025146484 300.67333984375 300.973937988281 301.392303466797 299.663269042969 293.651947021484 297.469573974609 302.126281738281 293.781951904297 294.007904052734 294.489410400391 294.443206787109 293.919921875 295.062316894531 297.762939453125 298.798095703125
