rcp4.5models/MPi_ESM_LR/sc1gr8.8
NCOLS 261 
NROWS 433 
XLLCORNER 336357.134 
YLLCORNER 654653.479 
CELLSIZE 1000 
NODATA_value -3.4e+38 
[rows 44 to 65 of 433, columns 98 to 146 of 261]
84.4310836791992 84.4324798583984 84.4373168945312 84.9719390869141 84.990478515625 85.1239013671875 85.1495132446289 85.1791610717773 85.2129745483398 85.2250747680664 84.7680206298828 84.8132553100586 84.852912902832 84.7579956054688 85.3317947387695 84.7134780883789 84.9744644165039 85.0364608764648 84.9718017578125 85.0548248291016 85.1410064697266 85.2196960449219 85.225212097168 85.3007507324219 -3.4e+38 -3.4e+38 -3.4e+38 -3.4e+38 -3.4e+38 -3.4e+38 -3.4e+38 -3.4e+38 -3.4e+38 -3.4e+38 -3.4e+38 -3.4e+38 -3.4e+38 -3.4e+38 -3.4e+38 -3.4e+38 -3.4e+38 -3.4e+38 -3.4e+38 -3.4e+38 -3.4e+38 -3.4e+38 -3.4e+38 -3.4e+38 -3.4e+38
84.9346389770508 84.9391784667969 85.2141571044922 85.0763244628906 85.0947875976562 85.1171340942383 85.1434707641602 85.1700439453125 85.1194381713867 85.158203125 85.2217178344727 85.6031188964844 85.6746978759766 86.0060424804688 86.1274108886719 86.1127090454102 86.1863403320312 86.2489929199219 86.1876373291016 86.3237762451172 86.8678283691406 86.8971557617188 86.5373916625977 86.9061508178711 86.8924789428711 -3.4e+38 -3.4e+38 -3.4e+38 -3.4e+38 -3.4e+38 -3.4e+38 -3.4e+38 -3.4e+38 -3.4e+38 -3.4e+38 -3.4e+38 -3.4e+38 -3.4e+38 -3.4e+38 -3.4e+38 -3.4e+38 -3.4e+38 -3.4e+38 -3.4e+38 -3.4e+38 -3.4e+38 -3.4e+38 -3.4e+38 -3.4e+38
85.1578979492188 85.1615295410156 85.1687240600586 85.106689453125 85.1249465942383 85.1471633911133 85.1669769287109 85.045783996582 85.106575012207 85.632438659668 85.68798828125 85.9260635375977 85.9799575805664 86.0381927490234 86.0116348266602 86.0822830200195 86.1567459106445 86.2261123657227 86.2735824584961 86.8480758666992 87.1936264038086 87.1465072631836 87.2416381835938 87.3397445678711 87.3711853027344 87.0286483764648 87.0436096191406 -3.4e+38 -3.4e+38 -3.4e+38 -3.4e+38 -3.4e+38 -3.4e+38 -3.4e+38 -3.4e+38 -3.4e+38 -3.4e+38 -3.4e+38 -3.4e+38 -3.4e+38 -3.4e+38 -3.4e+38 -3.4e+38 -3.4e+38 -3.4e+38 -3.4e+38 -3.4e+38 -3.4e+38 -3.4e+38
85.1869888305664 85.1901473999023 85.1936874389648 85.0622863769531 85.081298828125 85.1043014526367 85.1494216918945 85.5867080688477 85.636474609375 85.9408874511719 85.8394546508789 85.8897552490234 85.9444351196289 86.0034484863281 86.0431900024414 86.1141204833984 86.2213134765625 86.6218566894531 86.734130859375 87.0942153930664 87.1739959716797 87.1829071044922 87.260368347168 87.2218551635742 87.323371887207 87.4149017333984 87.9591217041016 -3.4e+38 88.1517791748047 -3.4e+38 -3.4e+38 -3.4e+38 -3.4e+38 -3.4e+38 -3.4e+38 -3.4e+38 -3.4e+38 -3.4e+38 -3.4e+38 -3.4e+38 -3.4e+38 -3.4e+38 -3.4e+38 -3.4e+38 -3.4e+38 -3.4e+38 -3.4e+38 -3.4e+38 -3.4e+38
85.9284896850586 85.9299850463867 85.9161376953125 85.0888671875 85.1257247924805 85.6366195678711 85.5256652832031 85.8300933837891 85.8676910400391 85.9045944213867 85.8675689697266 85.9179992675781 85.9728240966797 86.0320129394531 86.0522766113281 86.5905227661133 86.6853332519531 86.9558486938477 87.0395889282227 87.1105422973633 87.0635604858398 87.1573257446289 87.2429428100586 87.2588119506836 87.3412628173828 87.3780059814453 88.2922973632812 88.0950088500977 -3.4e+38 -3.4e+38 -3.4e+38 -3.4e+38 -3.4e+38 -3.4e+38 -3.4e+38 -3.4e+38 -3.4e+38 -3.4e+38 -3.4e+38 -3.4e+38 -3.4e+38 -3.4e+38 -3.4e+38 -3.4e+38 -3.4e+38 -3.4e+38 -3.4e+38 -3.4e+38 -3.4e+38
86.3701477050781 86.3829574584961 86.8670883178711 86.3353576660156 86.3628234863281 86.6524276733398 86.5612945556641 85.8553161621094 85.8929595947266 85.9259796142578 85.8280181884766 85.879264831543 85.9348907470703 86.0337524414062 86.5721206665039 86.9185791015625 86.9815063476562 86.9244079589844 87.0090789794922 -3.4e+38 87.0958480834961 87.1725006103516 87.1954956054688 87.7417068481445 87.8326034545898 87.8967590332031 88.3684158325195 88.3496246337891 88.4516220092773 88.4616622924805 88.449592590332 -3.4e+38 -3.4e+38 -3.4e+38 -3.4e+38 -3.4e+38 -3.4e+38 -3.4e+38 -3.4e+38 -3.4e+38 -3.4e+38 -3.4e+38 -3.4e+38 -3.4e+38 -3.4e+38 -3.4e+38 -3.4e+38 -3.4e+38 -3.4e+38
86.8312759399414 86.8402862548828 87.1078643798828 87.0609283447266 87.0815200805664 87.0996475219727 86.9608001708984 86.5828094482422 86.6192398071289 86.608772277832 85.9017486572266 86.6499786376953 86.4692153930664 86.5403289794922 86.8092880249023 86.8834457397461 86.9529418945312 86.9525375366211 87.0219421386719 -3.4e+38 87.7087936401367 87.6583023071289 87.7115249633789 88.0864410400391 88.1718902587891 88.1467056274414 88.3572082519531 88.3664855957031 88.35205078125 88.4565277099609 88.4943695068359 88.5923080444336 -3.4e+38 -3.4e+38 -3.4e+38 -3.4e+38 -3.4e+38 -3.4e+38 -3.4e+38 -3.4e+38 -3.4e+38 -3.4e+38 -3.4e+38 -3.4e+38 -3.4e+38 -3.4e+38 -3.4e+38 -3.4e+38 -3.4e+38
87.1236190795898 87.1283645629883 87.136962890625 87.011116027832 87.0324554443359 87.0541687011719 87.0018844604492 87.0356597900391 87.1030426025391 87.5996170043945 87.2648773193359 87.7142028808594 87.6231918334961 87.5371246337891 87.5887680053711 87.6614303588867 87.6512908935547 86.9187469482422 87.1271286010742 88.2997589111328 88.6518325805664 87.9897232055664 87.9567565917969 88.0602798461914 88.1544189453125 88.1810760498047 88.254020690918 88.3563461303711 88.39208984375 88.4888458251953 88.5628662109375 89.0939636230469 -3.4e+38 -3.4e+38 -3.4e+38 -3.4e+38 -3.4e+38 -3.4e+38 -3.4e+38 -3.4e+38 -3.4e+38 -3.4e+38 -3.4e+38 -3.4e+38 -3.4e+38 -3.4e+38 -3.4e+38 -3.4e+38 -3.4e+38
87.2229309082031 87.0744400024414 87.0836944580078 87.0238800048828 86.8976593017578 86.9540557861328 87.6163940429688 87.6419677734375 87.5543975830078 87.8704681396484 87.9197082519531 87.973388671875 88.0248870849609 88.0063781738281 88.1302642822266 88.0691452026367 88.1452941894531 88.1993255615234 88.3483123779297 88.9806900024414 89.0231475830078 88.6197509765625 87.9860763549805 88.0710601806641 88.0466766357422 88.1568374633789 88.2894668579102 88.3844528198242 88.4521026611328 88.9854354858398 89.078987121582 89.4498596191406 89.4321975708008 -3.4e+38 -3.4e+38 -3.4e+38 -3.4e+38 -3.4e+38 -3.4e+38 -3.4e+38 -3.4e+38 -3.4e+38 -3.4e+38 -3.4e+38 -3.4e+38 -3.4e+38 -3.4e+38 -3.4e+38 -3.4e+38
87.9369888305664 87.0869827270508 86.9504089355469 86.9740600585938 86.9148941040039 86.9824600219727 87.8511810302734 87.8827514648438 87.8428497314453 87.8877563476562 87.937141418457 87.9910125732422 88.0378570556641 87.9636688232422 88.6022262573242 88.5971145629883 88.6915130615234 88.9150924682617 88.9937133789062 89.004753112793 89.0825119018555 88.9945983886719 88.69580078125 88.7876205444336 88.8129119873047 88.8005676269531 88.7716293334961 88.9859924316406 89.5566558837891 89.2061386108398 89.3328323364258 89.4450912475586 89.4658203125 89.4693832397461 -3.4e+38 -3.4e+38 89.7849731445312 -3.4e+38 -3.4e+38 -3.4e+38 -3.4e+38 -3.4e+38 -3.4e+38 -3.4e+38 -3.4e+38 -3.4e+38 -3.4e+38 -3.4e+38 -3.4e+38
88.2234954833984 87.7939300537109 86.9798355102539 87.4964981079102 87.3732452392578 87.4209060668945 87.865592956543 87.8934020996094 87.8031463623047 87.9881591796875 88.0634078979492 88.4150695800781 88.0370941162109 88.4885025024414 88.9140167236328 -3.4e+38 88.9302825927734 88.935546875 89.0083541870117 88.9693374633789 89.054801940918 89.0737075805664 89.157470703125 -3.4e+38 89.3097839355469 89.7814254760742 89.8294219970703 89.8902893066406 90.3178634643555 89.9694290161133 89.9515075683594 89.3475875854492 89.4622344970703 89.5129470825195 89.6201400756836 -3.4e+38 -3.4e+38 90.5484390258789 -3.4e+38 -3.4e+38 -3.4e+38 -3.4e+38 -3.4e+38 -3.4e+38 -3.4e+38 -3.4e+38 -3.4e+38 -3.4e+38 -3.4e+38
88.2457885742188 -3.4e+38 88.3567581176758 88.611686706543 87.6685256958008 -3.4e+38 88.5823287963867 88.5673141479492 -3.4e+38 89.2097015380859 89.2730407714844 89.4286346435547 -3.4e+38 88.7401275634766 88.8758850097656 -3.4e+38 88.9417724609375 88.896240234375 89.0319366455078 89.4376907348633 89.0693588256836 89.1019821166992 89.6366500854492 89.6627883911133 89.8148193359375 90.1793518066406 90.2730407714844 90.2905426025391 90.2868499755859 90.4131774902344 90.4489364624023 90.0828094482422 90.0872955322266 90.310546875 90.7092361450195 -3.4e+38 90.223258972168 -3.4e+38 90.8488922119141 -3.4e+38 -3.4e+38 -3.4e+38 -3.4e+38 -3.4e+38 -3.4e+38 -3.4e+38 -3.4e+38 -3.4e+38 -3.4e+38
88.9787521362305 88.9854278564453 88.9962463378906 88.8822937011719 -3.4e+38 -3.4e+38 89.0142974853516 89.802131652832 89.8401641845703 89.8157958984375 89.9402236938477 89.8135604858398 -3.4e+38 88.7318954467773 88.8857650756836 90.0986404418945 90.1800231933594 90.2829284667969 90.4337387084961 89.8438034057617 89.7543716430664 89.9853820800781 90.0617370605469 89.9653244018555 90.0781707763672 90.2657241821289 90.3634262084961 90.9003219604492 90.9228820800781 90.9786987304688 91.3642425537109 91.4174880981445 91.5273513793945 91.5224304199219 91.5519180297852 91.5678176879883 91.6910858154297 91.7417449951172 -3.4e+38 -3.4e+38 -3.4e+38 -3.4e+38 -3.4e+38 -3.4e+38 -3.4e+38 -3.4e+38 -3.4e+38 -3.4e+38 -3.4e+38
88.9161911010742 88.9285888671875 89.0778274536133 88.8888092041016 -3.4e+38 -3.4e+38 89.4912109375 89.663330078125 89.707405090332 89.7560272216797 89.809211730957 89.8249816894531 89.4030151367188 89.5520401000977 90.0460662841797 90.8016891479492 90.8868408203125 90.9665451049805 90.8297424316406 89.7314376831055 -3.4e+38 90.6837997436523 90.6638336181641 90.1169052124023 91.4050598144531 91.3361663818359 -3.4e+38 91.1128005981445 91.226676940918 91.2777709960938 91.3863220214844 91.3976287841797 91.5183258056641 91.5493469238281 91.547607421875 91.5792922973633 -3.4e+38 -3.4e+38 -3.4e+38 -3.4e+38 -3.4e+38 -3.4e+38 -3.4e+38 -3.4e+38 -3.4e+38 -3.4e+38 -3.4e+38 -3.4e+38 -3.4e+38
88.9210891723633 88.9492645263672 89.526123046875 88.8284378051758 -3.4e+38 89.3295974731445 89.7060165405273 89.6684951782227 89.7126846313477 89.7986297607422 90.2711029052734 89.730094909668 89.8363189697266 90.3927917480469 90.7294006347656 90.8108139038086 90.8965072631836 90.9705657958984 90.8756942749023 -3.4e+38 -3.4e+38 91.5741271972656 91.1122741699219 91.3014831542969 92.1498489379883 92.1241683959961 91.7050170898438 91.1377792358398 91.4649810791016 92.6000137329102 92.4719924926758 91.9300003051758 92.0426254272461 92.042121887207 92.1036987304688 92.1050109863281 -3.4e+38 -3.4e+38 -3.4e+38 -3.4e+38 -3.4e+38 92.9604644775391 93.1065979003906 -3.4e+38 -3.4e+38 -3.4e+38 -3.4e+38 -3.4e+38 -3.4e+38
89.8012008666992 90.3080062866211 90.5458602905273 89.3321304321289 89.234748840332 89.5426025390625 89.7135314941406 89.7440032958984 89.6554718017578 89.7647857666016 90.5294036865234 90.2407531738281 90.3294830322266 90.6694869995117 90.6795501708984 90.7619323730469 90.8486022949219 90.9297943115234 90.9309616088867 90.8994827270508 91.0729141235352 91.8750152587891 91.6765060424805 92.0615921020508 92.1584930419922 92.155143737793 92.7429351806641 92.4566802978516 92.5908050537109 93.3681869506836 93.3467178344727 93.0731887817383 92.9459228515625 92.3925247192383 92.2932586669922 91.8285064697266 -3.4e+38 -3.4e+38 -3.4e+38 -3.4e+38 -3.4e+38 -3.4e+38 93.0096588134766 93.3485107421875 -3.4e+38 -3.4e+38 -3.4e+38 -3.4e+38 -3.4e+38
90.6555557250977 90.9290924072266 90.8865203857422 89.5539398193359 89.5043487548828 89.5404815673828 89.6527404785156 89.722412109375 90.1633224487305 90.2351226806641 90.5496292114258 90.4806213378906 90.5459442138672 90.615837097168 90.6846618652344 90.7675628662109 90.894416809082 91.3090515136719 91.3941497802734 91.4540023803711 91.8117828369141 91.7957611083984 91.9071273803711 92.0221099853516 92.1073455810547 92.0279235839844 93.2217712402344 93.2160491943359 93.2472457885742 93.2610015869141 93.3995132446289 93.5237197875977 93.4766540527344 92.9385223388672 92.2182769775391 91.9882888793945 -3.4e+38 -3.4e+38 -3.4e+38 -3.4e+38 -3.4e+38 -3.4e+38 93.0150985717773 93.6371841430664 -3.4e+38 -3.4e+38 -3.4e+38 -3.4e+38 -3.4e+38
90.9183502197266 90.9206085205078 90.7757034301758 89.5570449829102 89.5758285522461 89.4735870361328 89.5102081298828 89.6067504882812 90.4497451782227 91.1440811157227 90.4959869384766 90.4816436767578 90.5473022460938 90.6175842285156 90.6838455200195 91.2197952270508 91.3320388793945 91.6208343505859 91.7015991210938 91.6794662475586 91.7736053466797 91.8058090209961 91.918083190918 92.0840148925781 92.4280395507812 92.1170272827148 93.1948318481445 93.2264251708984 93.2009353637695 93.1623687744141 93.3980941772461 93.4188766479492 93.5190277099609 93.2007141113281 92.1819000244141 92.311408996582 92.3810501098633 -3.4e+38 -3.4e+38 -3.4e+38 -3.4e+38 -3.4e+38 -3.4e+38 93.9133071899414 93.9422302246094 -3.4e+38 -3.4e+38 -3.4e+38 -3.4e+38
90.8481750488281 90.8535842895508 90.7908782958984 90.2599716186523 90.2357559204102 89.5193252563477 90.3038635253906 90.8353958129883 91.182373046875 91.6034545898438 91.2547454833984 91.3023300170898 91.2401504516602 91.3574981689453 91.8359375 91.6049575805664 92.2578048706055 91.5707778930664 91.6589736938477 91.6681976318359 91.6518936157227 91.8277816772461 92.3763580322266 92.5249328613281 92.7743301391602 92.5529708862305 93.08154296875 93.1774368286133 93.0995788574219 93.2595977783203 93.8777770996094 93.8281173706055 93.2687377929688 92.5269546508789 92.3483200073242 92.9084320068359 92.6342391967773 93.7787399291992 93.9020080566406 93.764778137207 -3.4e+38 -3.4e+38 -3.4e+38 -3.4e+38 93.9686050415039 -3.4e+38 -3.4e+38 -3.4e+38 -3.4e+38
90.8422927856445 90.8444290161133 90.7214584350586 90.6830673217773 90.6757507324219 90.2303771972656 91.1641159057617 91.4854583740234 91.6512603759766 91.5757293701172 91.6330413818359 91.7325592041016 92.1836929321289 92.2835006713867 92.6514282226562 92.2613983154297 92.6915130615234 92.20849609375 91.5339508056641 91.6263427734375 91.7224807739258 92.4081878662109 93.4266662597656 93.4218521118164 92.7860946655273 92.8351440429688 93.073356628418 93.1540756225586 93.6323394775391 93.8268966674805 94.2139129638672 94.0506134033203 93.191535949707 92.7565841674805 92.9939346313477 93.5117645263672 93.7851791381836 94.6900329589844 94.7069396972656 94.6843795776367 94.4165649414062 -3.4e+38 -3.4e+38 -3.4e+38 94.1464004516602 95.0271224975586 -3.4e+38 -3.4e+38 -3.4e+38
90.7697448730469 90.7751846313477 90.7392349243164 91.1202621459961 91.1428756713867 91.11962890625 91.4255676269531 91.4746170043945 91.5904998779297 91.5694046020508 91.6585311889648 92.0825805664062 92.4209518432617 92.5077133178711 92.6461791992188 92.6588592529297 92.7344512939453 92.6454086303711 92.3322906494141 92.8569564819336 92.8831253051758 93.326171875 93.837272644043 93.8795776367188 93.6060333251953 93.9531021118164 93.2367630004883 94.3733062744141 94.7571487426758 94.7793502807617 94.7567443847656 94.0153198242188 93.5887451171875 93.3445281982422 93.9000091552734 94.2140884399414 95.0364685058594 95.0801773071289 94.7338485717773 94.7755889892578 94.8819046020508 94.7141952514648 -3.4e+38 -3.4e+38 -3.4e+38 95.7927093505859 -3.4e+38 -3.4e+38 -3.4e+38
92.0413131713867 92.0040588378906 91.1624374389648 91.3939971923828 91.4231719970703 91.4477920532227 91.3583450317383 91.4022674560547 91.4910583496094 92.0081558227539 92.085075378418 92.3452224731445 92.4142303466797 92.4961166381836 92.6890487670898 93.1033020019531 93.1856918334961 93.1915283203125 93.2097778320312 93.5752258300781 93.6101989746094 93.7234878540039 93.9103927612305 94.4414901733398 94.4939117431641 94.740364074707 94.2720108032227 95.0678634643555 95.1932601928711 95.1126937866211 94.4252853393555 93.9757232666016 93.9603424072266 93.7864303588867 94.2061767578125 94.6906051635742 96.1723098754883 95.3511123657227 95.2276763916016 95.277473449707 95.2992095947266 95.2371063232422 -3.4e+38 -3.4e+38 -3.4e+38 95.9695739746094 96.2660293579102 -3.4e+38 -3.4e+38
