rcp4.5models/MPi_ESM_LR/sc1gr0.37
NCOLS 261 
NROWS 433 
XLLCORNER 336357.134 
YLLCORNER 654653.479 
CELLSIZE 1000 
NODATA_value -3.4e+38 
[rows 44 to 65 of 433, columns 98 to 146 of 261]
39.0446739196777 39.0415802001953 39.3123512268066 39.6765251159668 39.713809967041 39.6811752319336 39.9291076660156 39.9703903198242 40.1085624694824 40.1568946838379 40.1797065734863 40.1046905517578 40.2300338745117 40.3873252868652 40.623908996582 40.6230697631836 40.5819473266602 40.8376083374023 40.8200721740723 40.8369750976562 40.7604484558105 40.7797431945801 40.7569770812988 40.7853012084961 -3.4e+38 -3.4e+38 -3.4e+38 -3.4e+38 -3.4e+38 -3.4e+38 -3.4e+38 -3.4e+38 -3.4e+38 -3.4e+38 -3.4e+38 -3.4e+38 -3.4e+38 -3.4e+38 -3.4e+38 -3.4e+38 -3.4e+38 -3.4e+38 -3.4e+38 -3.4e+38 -3.4e+38 -3.4e+38 -3.4e+38 -3.4e+38 -3.4e+38
39.1733589172363 39.3057861328125 39.4901847839355 39.8559417724609 39.9769058227539 40.0769996643066 40.3224105834961 40.3559608459473 40.4723358154297 40.5744400024414 40.5799827575684 40.7088775634766 40.7774963378906 40.7523460388184 40.8737106323242 40.9065704345703 40.9049530029297 40.8815155029297 41.0338706970215 41.0666732788086 41.1369438171387 41.1437644958496 41.1723327636719 41.1667976379395 41.111759185791 -3.4e+38 -3.4e+38 -3.4e+38 -3.4e+38 -3.4e+38 -3.4e+38 -3.4e+38 -3.4e+38 -3.4e+38 -3.4e+38 -3.4e+38 -3.4e+38 -3.4e+38 -3.4e+38 -3.4e+38 -3.4e+38 -3.4e+38 -3.4e+38 -3.4e+38 -3.4e+38 -3.4e+38 -3.4e+38 -3.4e+38 -3.4e+38
39.2358207702637 39.4508666992188 39.6905212402344 39.9985160827637 40.1479568481445 40.2674560546875 40.4190368652344 40.5786056518555 40.5853652954102 40.6659240722656 40.6933059692383 40.8164863586426 40.8137321472168 40.881721496582 40.9854507446289 41.0206832885742 41.0434265136719 40.9860076904297 41.1709747314453 41.2535591125488 41.3501129150391 41.3585662841797 41.4546585083008 41.2508163452148 41.1823921203613 41.2991638183594 41.2425003051758 -3.4e+38 -3.4e+38 -3.4e+38 -3.4e+38 -3.4e+38 -3.4e+38 -3.4e+38 -3.4e+38 -3.4e+38 -3.4e+38 -3.4e+38 -3.4e+38 -3.4e+38 -3.4e+38 -3.4e+38 -3.4e+38 -3.4e+38 -3.4e+38 -3.4e+38 -3.4e+38 -3.4e+38 -3.4e+38
39.4891128540039 39.6769523620605 39.8622055053711 40.1688575744629 40.3149528503418 40.3591117858887 40.5260810852051 40.6401100158691 40.6674919128418 40.7175979614258 40.7291297912598 40.9494934082031 40.9147529602051 40.9438858032227 41.1710586547852 41.1966323852539 41.1354179382324 41.1962203979492 41.3313255310059 41.3948707580566 41.5002174377441 41.555778503418 41.4591293334961 41.4099349975586 41.4091415405273 41.4757041931152 41.4128036499023 -3.4e+38 41.4452438354492 -3.4e+38 -3.4e+38 -3.4e+38 -3.4e+38 -3.4e+38 -3.4e+38 -3.4e+38 -3.4e+38 -3.4e+38 -3.4e+38 -3.4e+38 -3.4e+38 -3.4e+38 -3.4e+38 -3.4e+38 -3.4e+38 -3.4e+38 -3.4e+38 -3.4e+38 -3.4e+38
39.7178573608398 39.8226013183594 39.9801063537598 40.2304916381836 40.3739471435547 40.3589706420898 40.481315612793 40.6418075561523 40.6999282836914 40.8012619018555 40.8314208984375 41.0185203552246 41.1275749206543 41.1041793823242 41.4174613952637 41.4417457580566 41.3725051879883 41.4387626647949 41.5368423461914 41.5196495056152 41.5815277099609 41.661994934082 41.5575904846191 41.6054611206055 41.6110000610352 41.527717590332 41.5297622680664 41.4909858703613 -3.4e+38 -3.4e+38 -3.4e+38 -3.4e+38 -3.4e+38 -3.4e+38 -3.4e+38 -3.4e+38 -3.4e+38 -3.4e+38 -3.4e+38 -3.4e+38 -3.4e+38 -3.4e+38 -3.4e+38 -3.4e+38 -3.4e+38 -3.4e+38 -3.4e+38 -3.4e+38 -3.4e+38
40.0485496520996 39.8611145019531 40.2798271179199 40.2311630249023 40.3354034423828 40.68212890625 40.7929267883301 40.8553695678711 40.9169807434082 41.0945625305176 41.095272064209 41.1776351928711 41.3177528381348 41.2414283752441 41.5537452697754 41.5372505187988 41.5411338806152 41.5741348266602 41.6324234008789 -3.4e+38 41.8030014038086 41.7917938232422 41.6810722351074 41.6228942871094 41.7168807983398 41.6294746398926 41.7599449157715 41.7176780700684 41.6441993713379 41.548999786377 41.4555511474609 -3.4e+38 -3.4e+38 -3.4e+38 -3.4e+38 -3.4e+38 -3.4e+38 -3.4e+38 -3.4e+38 -3.4e+38 -3.4e+38 -3.4e+38 -3.4e+38 -3.4e+38 -3.4e+38 -3.4e+38 -3.4e+38 -3.4e+38 -3.4e+38
40.3047637939453 40.0846252441406 40.5891876220703 40.2858047485352 40.3670234680176 40.8660697937012 41.1087913513184 41.1876640319824 41.2446212768555 41.3475608825684 41.3178558349609 41.3695983886719 41.4900245666504 41.517204284668 41.7690200805664 41.5587539672852 41.8232460021973 41.8104248046875 41.8824996948242 -3.4e+38 41.9668197631836 41.9078826904297 41.8651428222656 41.8365592956543 41.8924255371094 41.7988014221191 41.910888671875 41.7608032226562 41.7287330627441 41.6406517028809 41.6291236877441 41.5678749084473 -3.4e+38 -3.4e+38 -3.4e+38 -3.4e+38 -3.4e+38 -3.4e+38 -3.4e+38 -3.4e+38 -3.4e+38 -3.4e+38 -3.4e+38 -3.4e+38 -3.4e+38 -3.4e+38 -3.4e+38 -3.4e+38 -3.4e+38
40.423999786377 40.4159812927246 40.6823387145996 40.5857734680176 40.6653594970703 41.1203994750977 41.0685234069824 41.3085975646973 41.4156341552734 41.5114326477051 41.4883193969727 41.6348266601562 41.7043075561523 41.7153015136719 41.9081268310547 41.9005355834961 41.9745750427246 41.9789123535156 42.025634765625 41.9652633666992 41.9167518615723 42.0822830200195 42.0115242004395 42.0306015014648 42.0332221984863 41.9538650512695 41.9898147583008 41.869083404541 41.8329887390137 41.8142395019531 41.7825889587402 41.6394271850586 -3.4e+38 -3.4e+38 -3.4e+38 -3.4e+38 -3.4e+38 -3.4e+38 -3.4e+38 -3.4e+38 -3.4e+38 -3.4e+38 -3.4e+38 -3.4e+38 -3.4e+38 -3.4e+38 -3.4e+38 -3.4e+38 -3.4e+38
40.7295455932617 40.799373626709 40.7924766540527 40.9487800598145 41.0151710510254 41.165714263916 41.2220077514648 41.4625473022461 41.5012741088867 41.678092956543 41.7084808349609 41.9126472473145 41.9897003173828 41.852783203125 42.0217247009277 42.1531982421875 42.1175804138184 42.0576133728027 42.1279792785645 42.1237182617188 42.1394691467285 42.1859703063965 42.2476539611816 42.2980804443359 42.2075805664062 42.0996589660645 42.0721054077148 42.0013580322266 41.942569732666 41.9487380981445 41.9297065734863 41.9052238464355 41.7766914367676 -3.4e+38 -3.4e+38 -3.4e+38 -3.4e+38 -3.4e+38 -3.4e+38 -3.4e+38 -3.4e+38 -3.4e+38 -3.4e+38 -3.4e+38 -3.4e+38 -3.4e+38 -3.4e+38 -3.4e+38 -3.4e+38
40.8728637695312 40.788143157959 40.9609260559082 41.1761589050293 41.2909507751465 41.3761215209961 41.4957160949707 41.6560974121094 41.686637878418 41.846321105957 41.947135925293 42.042896270752 42.0086288452148 41.9680023193359 42.231803894043 42.3352890014648 42.3175163269043 42.3452186584473 42.4350471496582 42.3761940002441 42.4477195739746 42.2773399353027 42.3179817199707 42.4145812988281 42.4434776306152 42.2961082458496 42.1958122253418 42.1399993896484 42.1595344543457 42.1191024780273 42.0917625427246 42.1005859375 41.9453964233398 41.8277282714844 -3.4e+38 -3.4e+38 41.9003601074219 -3.4e+38 -3.4e+38 -3.4e+38 -3.4e+38 -3.4e+38 -3.4e+38 -3.4e+38 -3.4e+38 -3.4e+38 -3.4e+38 -3.4e+38 -3.4e+38
40.7167663574219 40.8658256530762 41.0783233642578 41.3948669433594 41.486026763916 41.584041595459 41.8427772521973 41.8775672912598 41.9875984191895 42.1629371643066 42.1918640136719 42.2843551635742 42.3012275695801 42.1486968994141 42.3227233886719 -3.4e+38 42.4755401611328 42.4937705993652 42.593677520752 42.6001663208008 42.5357055664062 42.3904876708984 42.4766502380371 -3.4e+38 42.542781829834 42.4939308166504 42.3662567138672 42.3915176391602 42.3897819519043 42.3861427307129 42.2237701416016 42.1286239624023 42.0265464782715 41.9601173400879 41.956184387207 -3.4e+38 -3.4e+38 41.6959037780762 -3.4e+38 -3.4e+38 -3.4e+38 -3.4e+38 -3.4e+38 -3.4e+38 -3.4e+38 -3.4e+38 -3.4e+38 -3.4e+38 -3.4e+38
40.8499717712402 -3.4e+38 41.3168182373047 41.5368690490723 41.6468353271484 -3.4e+38 41.9470481872559 42.1725997924805 -3.4e+38 42.4150848388672 42.4425735473633 42.6067810058594 -3.4e+38 42.2673263549805 42.4852142333984 -3.4e+38 42.7683181762695 42.584098815918 42.6644096374512 42.8643112182617 42.6122741699219 42.7023773193359 42.641357421875 42.6481628417969 42.6060600280762 42.709774017334 42.4797630310059 42.5421333312988 42.4524383544922 42.5254669189453 42.468074798584 42.2976837158203 42.1224746704102 42.1687889099121 42.0991859436035 -3.4e+38 42.0412330627441 -3.4e+38 41.8535232543945 -3.4e+38 -3.4e+38 -3.4e+38 -3.4e+38 -3.4e+38 -3.4e+38 -3.4e+38 -3.4e+38 -3.4e+38 -3.4e+38
41.436710357666 41.6147422790527 41.7862739562988 42.0185279846191 -3.4e+38 -3.4e+38 42.2434234619141 42.4904327392578 42.752498626709 42.511344909668 42.9370727539062 42.7948341369629 -3.4e+38 42.791130065918 42.9718856811523 42.9947204589844 43.1868896484375 43.0899505615234 43.1595458984375 43.0777359008789 43.0014152526855 43.0462303161621 43.0454597473145 42.9228668212891 43.0430374145508 43.0564498901367 42.7824401855469 43.0654754638672 42.9048118591309 42.6926727294922 42.7876052856445 42.7118873596191 42.6293907165527 42.5268325805664 42.4583625793457 42.3510131835938 42.2532768249512 42.1219253540039 -3.4e+38 -3.4e+38 -3.4e+38 -3.4e+38 -3.4e+38 -3.4e+38 -3.4e+38 -3.4e+38 -3.4e+38 -3.4e+38 -3.4e+38
41.5753479003906 41.8120384216309 42.0576438903809 42.1331329345703 -3.4e+38 -3.4e+38 42.4461975097656 42.5888328552246 42.7139282226562 42.6434440612793 42.9129028320312 43.0954475402832 42.9214935302734 42.9659004211426 43.2742691040039 43.1752624511719 43.3093948364258 43.3774185180664 43.5502548217773 43.2656402587891 -3.4e+38 43.3283996582031 43.2588424682617 43.260440826416 43.3428421020508 43.2501068115234 -3.4e+38 43.193733215332 43.193244934082 43.0564079284668 43.0052146911621 42.920597076416 42.7996940612793 42.7070922851562 42.6061363220215 42.5004272460938 -3.4e+38 -3.4e+38 -3.4e+38 -3.4e+38 -3.4e+38 -3.4e+38 -3.4e+38 -3.4e+38 -3.4e+38 -3.4e+38 -3.4e+38 -3.4e+38 -3.4e+38
41.740795135498 41.975154876709 42.1755065917969 42.2393493652344 -3.4e+38 42.3724822998047 42.6654586791992 42.7634048461914 42.7716865539551 42.9460258483887 43.0990447998047 43.1682243347168 43.0320167541504 43.2091598510742 43.2904472351074 43.4228210449219 43.452579498291 43.6257705688477 43.4621429443359 -3.4e+38 -3.4e+38 43.5471076965332 43.430248260498 43.4537048339844 43.5372467041016 43.6430282592773 43.3990249633789 43.3165283203125 43.3535995483398 43.3379936218262 43.2164154052734 43.1764640808105 43.0513687133789 42.8797988891602 42.8384666442871 42.802188873291 -3.4e+38 -3.4e+38 -3.4e+38 -3.4e+38 -3.4e+38 41.9098472595215 42.0078125 -3.4e+38 -3.4e+38 -3.4e+38 -3.4e+38 -3.4e+38 -3.4e+38
42.1149826049805 42.1371536254883 42.2891654968262 42.3023223876953 42.4326820373535 42.4900817871094 42.9313049316406 43.0084075927734 43.0387115478516 43.2329177856445 43.4300079345703 43.2138710021973 43.1983489990234 43.4577903747559 43.5381240844727 43.5474510192871 43.6678047180176 43.8552665710449 43.4038124084473 43.5266418457031 43.4936676025391 43.606689453125 43.7959671020508 43.7060279846191 43.6482582092285 43.7980499267578 43.7047271728516 43.4989128112793 43.4144096374512 43.3834915161133 43.3977317810059 43.3660354614258 43.3278465270996 43.0692138671875 43.0814743041992 42.876293182373 -3.4e+38 -3.4e+38 -3.4e+38 -3.4e+38 -3.4e+38 -3.4e+38 42.1347541809082 42.081226348877 -3.4e+38 -3.4e+38 -3.4e+38 -3.4e+38 -3.4e+38
42.3429946899414 42.4128379821777 42.6551132202148 42.457389831543 42.5728950500488 42.6674041748047 43.0004692077637 43.2076034545898 43.3604393005371 43.4862403869629 43.5473594665527 43.3894882202148 43.5569152832031 43.7156829833984 43.8284072875977 43.6564674377441 43.8902740478516 43.9636688232422 43.7048797607422 43.7449989318848 43.6409759521484 43.8499794006348 44.0873832702637 43.8497161865234 43.7751617431641 43.9777374267578 43.9442901611328 43.7668304443359 43.5709419250488 43.4976501464844 43.6273460388184 43.495792388916 43.5021514892578 43.1990852355957 43.1536026000977 42.814037322998 -3.4e+38 -3.4e+38 -3.4e+38 -3.4e+38 -3.4e+38 -3.4e+38 42.2869491577148 42.0987014770508 -3.4e+38 -3.4e+38 -3.4e+38 -3.4e+38 -3.4e+38
42.688663482666 42.6325759887695 42.8278160095215 42.7016296386719 42.817008972168 43.0040092468262 43.1290550231934 43.4168663024902 43.5155372619629 43.501407623291 43.6573104858398 43.6493301391602 43.7702827453613 43.796012878418 44.0521965026855 44.0182685852051 44.2053184509277 44.0674057006836 43.9000968933105 43.938102722168 43.9700889587402 44.159782409668 44.2389450073242 44.0059127807617 44.0179710388184 44.1634063720703 44.301685333252 44.0534057617188 43.944206237793 43.786506652832 43.8498077392578 43.7120590209961 43.5636672973633 43.3009796142578 43.2340965270996 43.085277557373 42.9662399291992 -3.4e+38 -3.4e+38 -3.4e+38 -3.4e+38 -3.4e+38 -3.4e+38 42.3501853942871 42.1898460388184 -3.4e+38 -3.4e+38 -3.4e+38 -3.4e+38
42.9697952270508 42.9449844360352 42.8869018554688 43.048397064209 43.0860214233398 43.2001762390137 43.3187637329102 43.6054267883301 43.7051696777344 43.7940521240234 43.8636512756348 43.8074951171875 43.8427658081055 43.8791732788086 44.2126617431641 44.3829383850098 44.3919982910156 44.1902923583984 44.1791801452637 44.226001739502 44.2260246276855 44.2451210021973 44.3588066101074 44.2465515136719 44.257625579834 44.2342834472656 44.5364074707031 44.1352195739746 44.0593223571777 44.0526695251465 43.996036529541 44.0294647216797 43.6413841247559 43.353385925293 43.3125 43.2230758666992 43.1939888000488 43.1658172607422 43.0582542419434 42.8704490661621 -3.4e+38 -3.4e+38 -3.4e+38 -3.4e+38 42.3120918273926 -3.4e+38 -3.4e+38 -3.4e+38 -3.4e+38
42.9774589538574 43.1401786804199 43.072509765625 43.401424407959 43.3786811828613 43.4376220703125 43.5730628967285 43.720588684082 43.9556121826172 44.147216796875 44.0985717773438 43.9996910095215 44.1803703308105 44.2323303222656 44.4288749694824 44.4976959228516 44.5439529418945 44.5620994567871 44.4696960449219 44.4480590820312 44.4540634155273 44.3077697753906 44.5906105041504 44.5190467834473 44.4771614074707 44.6015586853027 44.4356651306152 44.2351570129395 44.2334060668945 44.2505493164062 44.2529067993164 44.2099227905273 43.7286071777344 43.3740768432617 43.2845115661621 43.2742042541504 43.4761772155762 43.3658218383789 43.4461669921875 43.1824951171875 42.9270172119141 -3.4e+38 -3.4e+38 -3.4e+38 42.4219169616699 42.246208190918 -3.4e+38 -3.4e+38 -3.4e+38
43.3098678588867 43.2276077270508 43.365909576416 43.5197105407715 43.5976066589355 43.656494140625 43.7891273498535 43.9016799926758 44.1518173217773 44.4226875305176 44.1939315795898 44.2476272583008 44.5073547363281 44.5133323669434 44.6494903564453 44.7462387084961 44.8077850341797 44.846607208252 44.5666389465332 44.6413040161133 44.5752944946289 44.4654159545898 44.6675567626953 44.675106048584 44.5990333557129 44.8796730041504 44.6099548339844 44.5634574890137 44.4571990966797 44.5939064025879 44.5114669799805 44.2669906616211 43.7625541687012 43.5060348510742 43.5164527893066 43.6371459960938 43.7949829101562 43.4464416503906 43.4712524414062 43.2544250488281 43.0568389892578 42.9473991394043 -3.4e+38 -3.4e+38 -3.4e+38 42.3919906616211 -3.4e+38 -3.4e+38 -3.4e+38
43.5155639648438 43.5651359558105 43.5325012207031 43.6789321899414 43.862548828125 43.9173049926758 43.9905815124512 43.9933700561523 44.3414535522461 44.4014854431152 44.4494819641113 44.5297508239746 44.6856002807617 44.617301940918 44.9587211608887 45.0428848266602 45.039234161377 44.8161087036133 44.7068901062012 44.7949485778809 44.868278503418 44.742057800293 44.8927917480469 44.9768028259277 44.7197341918945 44.7861061096191 44.735481262207 44.8176460266113 44.5937652587891 44.7903327941895 44.5222473144531 44.2208938598633 43.9171485900879 43.7835159301758 43.8991584777832 43.9422798156738 44.0333633422852 43.7202033996582 43.6444358825684 43.393684387207 43.1963081359863 43.14501953125 -3.4e+38 -3.4e+38 -3.4e+38 42.5040245056152 42.5257759094238 -3.4e+38 -3.4e+38
