rcp4.5models/MPi_ESM_LR/sc1gr2.12
NCOLS 261 
NROWS 433 
XLLCORNER 336357.134 
YLLCORNER 654653.479 
CELLSIZE 1000 
NODATA_value -3.4e+38 
[rows 286 to 307 of 433, columns 196 to 244 of 261]
293.912780761719 293.980438232422 291.397827148438 290.97998046875 295.725494384766 296.414642333984 296.194610595703 294.232757568359 292.474090576172 286.345397949219 289.122314453125 283.618438720703 285.613220214844 293.752258300781 301.246246337891 301.707244873047 301.903961181641 302.579833984375 -3.4e+38 299.879730224609 298.194183349609 302.228210449219 302.773101806641 303.390380859375 303.863189697266 303.932312011719 303.883575439453 303.741668701172 304.399810791016 305.20654296875 305.228424072266 305.08349609375 305.220428466797 304.798522949219 305.609893798828 305.566345214844 305.418518066406 305.807464599609 305.872711181641 306.044097900391 306.323211669922 306.130401611328 306.438446044922 307.257293701172 307.179595947266 306.800628662109 306.761505126953 306.606353759766 -3.4e+38
294.938995361328 295.264709472656 294.379455566406 295.353668212891 296.551361083984 296.207489013672 296.593688964844 295.830474853516 292.934020996094 284.693389892578 283.632141113281 280.5791015625 283.940185546875 293.714752197266 300.840148925781 301.780456542969 302.389770507812 302.977813720703 -3.4e+38 300.370086669922 297.394165039062 301.802581787109 302.394226074219 303.059661865234 303.863006591797 303.931823730469 304.145751953125 304.623657226562 304.664154052734 304.792877197266 -3.4e+38 305.40869140625 305.3642578125 305.217041015625 305.609527587891 305.675933837891 305.742065429688 305.665985107422 305.444854736328 305.938598632812 306.003479003906 306.567749023438 306.298950195312 306.681030273438 306.641845703125 306.386260986328 306.448944091797 -3.4e+38 -3.4e+38
295.811492919922 295.779174804688 294.796051025391 295.129241943359 295.725616455078 296.025634765625 296.947540283203 297.02880859375 293.821228027344 285.681121826172 282.845825195312 281.173858642578 282.790069580078 289.725830078125 300.77734375 301.452911376953 302.371887207031 302.919891357422 -3.4e+38 300.645904541016 295.837921142578 300.974609375 302.32275390625 302.913391113281 303.312042236328 303.524261474609 304.116668701172 304.658172607422 305.021392822266 304.875732421875 305.197326660156 304.990203857422 305.332824707031 305.121520996094 305.609283447266 305.675903320312 305.600982666016 305.273864746094 305.550231933594 305.939666748047 306.0048828125 306.891845703125 306.337982177734 306.702209472656 306.187561035156 305.946472167969 306.452697753906 306.515441894531 306.577819824219
295.645843505859 295.719879150391 295.667205810547 295.198822021484 295.185150146484 296.423187255859 297.269317626953 297.379638671875 295.809387207031 292.993957519531 289.536224365234 284.154479980469 283.065765380859 285.446075439453 301.266326904297 301.850952148438 302.252075195312 302.590393066406 302.828521728516 300.313842773438 296.214965820312 301.138641357422 -3.4e+38 -3.4e+38 302.718505859375 -3.4e+38 -3.4e+38 304.326629638672 305.135803222656 305.203887939453 305.227386474609 305.078948974609 305.364166259766 305.214660644531 305.609161376953 305.535278320312 305.068481445312 305.0556640625 305.875030517578 305.940826416016 306.00634765625 306.458862304688 306.302673339844 306.586486816406 306.091827392578 305.4921875 306.010864257812 306.519622802734 306.582397460938
296.074645996094 296.058868408203 296.715209960938 294.394104003906 289.955688476562 292.623443603516 296.517913818359 297.412200927734 296.902893066406 297.110260009766 296.039215087891 293.858551025391 287.695434570312 281.986877441406 295.975158691406 302.198059082031 302.409362792969 302.993743896484 -3.4e+38 301.438323974609 299.851348876953 -3.4e+38 -3.4e+38 -3.4e+38 -3.4e+38 -3.4e+38 -3.4e+38 303.548522949219 304.025543212891 304.232482910156 304.921081542969 305.406555175781 305.334259033203 304.979766845703 304.798522949219 304.111877441406 304.071258544922 303.916107177734 304.551086425781 305.373321533203 305.335052490234 305.242462158203 305.529937744141 305.271423339844 305.336120605469 305.498382568359 305.920562744141 306.208282470703 306.591796875
295.215881347656 295.731018066406 296.699188232422 295.476898193359 292.762390136719 293.119354248047 296.871612548828 297.577331542969 297.431335449219 298.106170654297 298.890228271484 297.911163330078 293.310913085938 289.405181884766 295.226776123047 302.744110107422 302.93310546875 303.188568115234 -3.4e+38 -3.4e+38 -3.4e+38 -3.4e+38 -3.4e+38 -3.4e+38 -3.4e+38 -3.4e+38 -3.4e+38 302.592681884766 302.580230712891 303.040649414062 304.589233398438 305.266845703125 304.804595947266 304.542114257812 304.363677978516 303.67724609375 303.744567871094 303.811706542969 304.119964599609 304.945281982422 304.875152587891 304.569427490234 304.769104003906 -3.4e+38 305.339660644531 305.404388427734 305.699462890625 306.532897949219 306.463134765625
293.890411376953 294.414276123047 294.802825927734 295.305969238281 296.211883544922 295.98291015625 297.121276855469 297.339721679688 297.930389404297 298.504638671875 298.902160644531 299.129180908203 299.506805419922 298.963409423828 299.321838378906 302.278564453125 302.734832763672 302.530609130859 302.588836669922 302.868774414062 302.598571777344 -3.4e+38 -3.4e+38 302.391143798828 -3.4e+38 -3.4e+38 -3.4e+38 302.540740966797 302.688537597656 302.981719970703 304.448822021484 304.738037109375 304.474548339844 304.54248046875 304.365570068359 303.678039550781 303.882659912109 304.3798828125 304.552032470703 -3.4e+38 304.640594482422 304.281463623047 304.88720703125 -3.4e+38 305.343383789062 305.408447265625 305.569030761719 306.087371826172 306.507598876953
293.832977294922 293.733703613281 293.559814453125 294.542083740234 296.152923583984 296.745483398438 296.963928222656 297.401062011719 297.926086425781 298.615692138672 299.448516845703 299.909301757812 300.888244628906 300.287078857422 299.888214111328 300.948089599609 301.885406494141 302.221710205078 302.471527099609 302.536071777344 -3.4e+38 -3.4e+38 -3.4e+38 -3.4e+38 -3.4e+38 -3.4e+38 302.745178222656 302.18017578125 302.720367431641 303.063446044922 304.338684082031 304.406829833984 304.337341308594 303.981872558594 303.531311035156 302.533721923828 304.416870117188 304.814483642578 304.881927490234 304.814056396484 304.107940673828 304.383117675781 305.215667724609 305.148315429688 304.902130126953 305.412658691406 305.477722167969 305.636901855469 306.022552490234
294.557464599609 293.420166015625 292.662811279297 294.010528564453 295.951446533203 297.077026367188 297.02587890625 296.249328613281 295.736694335938 297.884613037109 299.538238525391 300.111450195312 300.38232421875 299.68896484375 299.184509277344 301.031524658203 301.805480957031 301.808807373047 302.218048095703 302.940582275391 -3.4e+38 -3.4e+38 -3.4e+38 -3.4e+38 -3.4e+38 -3.4e+38 302.335296630859 302.206481933594 302.939178466797 303.784851074219 304.339141845703 304.270172119141 303.945220947266 303.831939697266 303.004241943359 -3.4e+38 304.613006591797 304.384979248047 304.749328613281 304.28076171875 303.91796875 304.384857177734 305.219177246094 305.188110351562 305.025695800781 305.417083740234 305.482482910156 305.547546386719 305.6123046875
295.087829589844 293.140594482422 290.756805419922 293.881042480469 296.366729736328 297.121948242188 297.001098632812 296.059844970703 295.854766845703 297.283447265625 298.67724609375 299.316009521484 299.127716064453 299.1826171875 298.976013183594 301.212158203125 301.235717773438 301.354766845703 301.861053466797 302.880493164062 -3.4e+38 -3.4e+38 -3.4e+38 -3.4e+38 -3.4e+38 301.794769287109 301.588775634766 302.318786621094 303.385131835938 304.314147949219 304.339874267578 304.163726806641 303.447814941406 303.346862792969 303.386413574219 -3.4e+38 304.081817626953 303.921173095703 304.216918945312 303.954040527344 304.021636962891 304.82763671875 305.222930908203 -3.4e+38 -3.4e+38 305.421752929688 305.617736816406 306.005065917969 305.617889404297
295.535034179688 294.715911865234 292.755950927734 295.888336181641 296.710083007812 296.820343017578 296.150421142578 296.914978027344 297.471435546875 298.087890625 298.32080078125 297.956848144531 297.900970458984 297.532958984375 298.301025390625 300.041137695312 300.167907714844 301.502563476562 302.14501953125 -3.4e+38 302.065612792969 302.2685546875 -3.4e+38 -3.4e+38 -3.4e+38 302.232513427734 301.665130615234 302.318572998047 303.384857177734 304.204437255859 304.204833984375 303.608367919922 302.812194824219 302.787261962891 -3.4e+38 -3.4e+38 303.618560791016 303.388244628906 303.755950927734 303.520965576172 304.156860351562 305.159790039062 -3.4e+38 305.293762207031 -3.4e+38 305.426635742188 305.586181640625 306.012756347656 306.078582763672
296.446655273438 296.187103271484 295.807556152344 296.5107421875 296.59814453125 296.369049072266 295.697937011719 296.416412353516 297.256042480469 298.520782470703 298.276275634766 297.042144775391 298.359741210938 297.433410644531 297.041473388672 298.599060058594 300.088287353516 301.23046875 302.488128662109 302.1513671875 301.209014892578 301.932220458984 -3.4e+38 302.25830078125 302.184478759766 301.587554931641 300.490692138672 300.109405517578 302.968811035156 304.205657958984 303.678039550781 303.303741455078 303.038269042969 302.811462402344 302.200500488281 303.123260498047 303.087951660156 302.925079345703 303.224060058594 303.191741943359 304.127349853516 304.591339111328 304.787261962891 -3.4e+38 -3.4e+38 305.431793212891 305.498077392578 305.656127929688 305.828002929688
296.251617431641 295.954650878906 295.865570068359 295.8515625 296.618469238281 296.388885498047 295.715850830078 296.236389160156 297.528106689453 297.470855712891 296.507781982422 297.760589599609 299.190277099609 297.413177490234 296.352874755859 298.837890625 300.454711914062 301.434295654297 301.951477050781 301.776184082031 301.137481689453 301.389739990234 -3.4e+38 300.847106933594 299.980773925781 300.825744628906 300.219329833984 299.967254638672 302.631072998047 304.07177734375 303.209350585938 302.989562988281 303.347778320312 302.542938232422 301.521240234375 302.688446044922 302.757385253906 302.826232910156 302.894958496094 303.193817138672 303.901580810547 304.168029785156 304.460754394531 -3.4e+38 -3.4e+38 305.437194824219 305.376403808594 304.988891601562 305.089202880859
295.085601806641 295.504058837891 295.695526123047 296.251647949219 296.638702392578 296.262390136719 295.205017089844 296.764495849609 297.883544921875 295.557250976562 290.557556152344 295.700439453125 298.903289794922 297.0458984375 297.588500976562 300.063049316406 301.120147705078 302.157745361328 301.079376220703 300.0712890625 300.417327880859 300.530364990234 301.080291748047 298.142944335938 296.571685791016 301.076873779297 301.556457519531 301.870544433594 -3.4e+38 303.547119140625 302.261474609375 302.520874023438 302.820434570312 302.448608398438 302.154266357422 301.734436035156 300.506958007812 301.093658447266 303.028869628906 303.503936767578 303.368988037109 304.172637939453 304.335998535156 304.733581542969 304.926788330078 305.316070556641 304.965087890625 305.157135009766 305.31494140625
291.612701416016 295.298370361328 296.228851318359 296.467224121094 296.131805419922 295.770172119141 294.89697265625 296.687683105469 295.730133056641 291.437255859375 285.832458496094 292.762969970703 297.966125488281 299.282073974609 299.672698974609 301.069946289062 301.845855712891 301.846466064453 299.760986328125 295.164337158203 297.332702636719 300.598052978516 300.058135986328 294.37841796875 294.456939697266 301.190399169922 -3.4e+38 -3.4e+38 -3.4e+38 303.077392578125 301.454864501953 301.463043212891 300.651519775391 301.865020751953 301.401428222656 300.695922851562 298.023498535156 295.063812255859 300.383819580078 303.305908203125 303.040435791016 304.177581787109 304.245819091797 304.313812255859 304.474517822266 304.905242919922 305.186218261719 305.582855224609 305.524841308594
295.65625 295.881683349609 295.614776611328 295.218475341797 293.566986083984 292.725494384766 293.98583984375 296.225738525391 296.542602539062 295.443420410156 296.214965820312 297.388580322266 299.999725341797 301.1806640625 301.355377197266 301.352142333984 299.770385742188 299.151702880859 298.013946533203 291.687713623047 291.363952636719 298.701782226562 297.471069335938 286.693298339844 285.477813720703 295.382720947266 -3.4e+38 -3.4e+38 301.938537597656 301.424957275391 300.799743652344 300.998779296875 301.362640380859 301.031616210938 301.192443847656 301.134399414062 300.800811767578 300.130035400391 298.604431152344 302.883758544922 302.841735839844 304.188598632812 304.351043701172 304.784149169922 304.969268798828 305.129669189453 305.159027099609 303.891204833984 304.415802001953
295.1318359375 293.913360595703 292.661437988281 290.609649658203 290.733978271484 290.674133300781 292.860717773438 296.276947021484 299.085083007812 298.844787597656 297.322113037109 298.683258056641 300.452056884766 301.191162109375 301.243621826172 300.917602539062 299.769012451172 299.719512939453 298.891815185547 293.831359863281 290.958129882812 295.411895751953 294.981109619141 288.2373046875 283.355804443359 292.307647705078 -3.4e+38 302.317962646484 301.571136474609 300.981994628906 299.803802490234 299.976104736328 300.280120849609 300.240509033203 301.206359863281 301.606506347656 301.310882568359 300.7900390625 300.016693115234 303.112976074219 303.719696044922 304.194702148438 304.263641357422 304.424591064453 304.949371337891 304.853759765625 302.62353515625 302.937042236328 304.549591064453
294.353271484375 291.72265625 288.914184570312 287.942932128906 289.608093261719 289.680297851562 291.460266113281 295.644500732422 299.083648681641 299.098754882812 298.363830566406 299.488555908203 300.618133544922 300.66796875 300.857604980469 301.048004150391 300.221954345703 299.327239990234 300.925018310547 298.724334716797 295.883636474609 292.207214355469 293.142639160156 288.10595703125 286.482086181641 297.427703857422 302.154632568359 302.50634765625 301.917663574219 301.118194580078 299.786682128906 299.432037353516 299.630828857422 299.717498779297 299.01806640625 301.279113769531 -3.4e+38 301.725708007812 301.369049072266 303.214294433594 303.937133789062 303.630981445312 303.822296142578 304.339294433594 304.498718261719 304.329010009766 302.576812744141 303.946594238281 304.887329101562
293.937164306641 287.270202636719 282.971069335938 287.563323974609 289.282745361328 290.722442626953 292.177825927734 297.690521240234 299.360870361328 299.159790039062 299.597137451172 299.769073486328 300.1630859375 300.213012695312 300.522613525391 301.058502197266 300.112762451172 298.95166015625 301.417633056641 300.475158691406 296.212371826172 290.001251220703 292.879699707031 293.643737792969 295.184143066406 301.6171875 302.135284423828 302.305267333984 301.503814697266 301.229187011719 300.392456054688 300.547180175781 300.593658447266 299.660827636719 297.685119628906 301.123931884766 301.142181396484 -3.4e+38 -3.4e+38 302.212646484375 303.282623291016 302.761413574219 303.369567871094 303.529479980469 302.935913085938 303.819061279297 303.761352539062 304.620422363281 304.774597167969
294.034729003906 287.705780029297 285.146270751953 286.051727294922 289.539733886719 292.869659423828 294.250091552734 298.928527832031 298.945159912109 299.298217773438 299.939788818359 299.59521484375 299.226226806641 298.505432128906 299.584777832031 299.477233886719 300.122955322266 299.022583007812 301.001770019531 300.464263916016 295.970672607422 288.924987792969 294.642303466797 300.148254394531 301.143188476562 301.702606201172 301.067260742188 301.311676025391 300.615997314453 300.683166503906 300.604797363281 301.442474365234 301.410797119141 300.736877441406 300.072326660156 302.085815429688 -3.4e+38 -3.4e+38 301.930206298828 301.002258300781 302.858093261719 302.307922363281 302.835815429688 302.930816650391 301.964874267578 304.067779541016 304.225555419922 304.509857177734 304.116821289062
295.087677001953 292.830963134766 291.190185546875 284.137878417969 288.631713867188 293.978485107422 295.481719970703 298.305786132812 298.268890380859 299.31201171875 299.970245361328 299.53271484375 298.546630859375 296.4423828125 295.033294677734 294.767456054688 297.989868164062 297.077331542969 300.144378662109 300.490539550781 297.795471191406 291.812530517578 297.066070556641 300.975250244141 301.429992675781 300.81494140625 299.441131591797 300.8671875 300.171600341797 300.111267089844 300.481781005859 300.894073486328 300.963073730469 301.158386230469 301.884857177734 302.605377197266 302.018127441406 301.43359375 301.751129150391 301.427032470703 302.300567626953 301.654083251953 301.934173583984 302.730804443359 302.846313476562 303.925689697266 304.111602783203 304.551788330078 304.168243408203
295.511138916016 293.932037353516 288.133850097656 282.025909423828 285.163330078125 293.017333984375 296.982574462891 297.341766357422 298.812286376953 299.437347412109 299.185760498047 299.500244140625 298.407104492188 294.483673095703 289.116027832031 288.655975341797 291.323760986328 291.951965332031 298.728576660156 299.666839599609 299.338500976562 297.313598632812 298.992034912109 301.090972900391 301.672821044922 299.871368408203 296.723937988281 298.359924316406 300.177856445312 300.013824462891 299.832275390625 299.901123046875 300.096130371094 300.570709228516 300.899475097656 302.080474853516 301.587799072266 301.0986328125 301.950103759766 302.020721435547 301.998016357422 301.111145019531 301.061462402344 302.460662841797 302.986206054688 303.628173828125 304.241668701172 304.530090332031 304.168121337891
