rcp4.5models/MPi_ESM_LR/sc1gr3.30
NCOLS 261 
NROWS 433 
XLLCORNER 336357.134 
YLLCORNER 654653.479 
CELLSIZE 1000 
NODATA_value -3.4e+38 
[rows 374 to 395 of 433, columns 49 to 97 of 261]
-3.4e+38 -3.4e+38 -3.4e+38 274.658630371094 274.8232421875 275.065063476562 275.188598632812 275.064788818359 274.816619873047 274.758026123047 274.636291503906 274.590576171875 274.782592773438 275.102661132812 274.607635498047 274.720367431641 274.023986816406 273.113403320312 273.311798095703 269.958221435547 268.875549316406 270.978149414062 272.699737548828 271.592651367188 272.057983398438 273.962097167969 274.768981933594 274.675750732422 270.963317871094 262.037994384766 260.684326171875 266.496490478516 272.330444335938 273.507385253906 273.357055664062 272.100036621094 270.254913330078 268.907562255859 269.295074462891 269.771911621094 267.546081542969 260.3935546875 260.172393798828 257.949890136719 251.400787353516 251.220993041992 249.847747802734 247.828628540039 252.796035766602
-3.4e+38 -3.4e+38 -3.4e+38 274.632904052734 274.625518798828 274.765441894531 275.084014892578 275.170074462891 275.033813476562 275.285095214844 275.176330566406 274.917144775391 275.175231933594 275.311981201172 274.756195068359 274.83935546875 274.867126464844 273.135681152344 274.263275146484 271.359466552734 271.132080078125 272.756256103516 271.026611328125 269.087615966797 271.438720703125 273.882843017578 274.781524658203 274.799255371094 274.099822998047 260.96533203125 262.700897216797 266.735015869141 270.537353515625 273.010345458984 273.733947753906 272.571838378906 270.934753417969 267.523895263672 267.393829345703 268.900909423828 267.305633544922 259.585205078125 257.871307373047 257.461730957031 251.340209960938 246.189712524414 249.928421020508 251.499038696289 252.100784301758
-3.4e+38 -3.4e+38 -3.4e+38 274.830169677734 274.680480957031 274.651824951172 274.755981445312 275.203674316406 275.274291992188 275.524993896484 275.462585449219 275.456237792969 275.548797607422 275.294677734375 274.476348876953 273.401519775391 273.025024414062 272.189636230469 270.198547363281 271.965423583984 271.185272216797 271.40625 269.331176757812 267.716217041016 271.814117431641 273.670928955078 274.141479492188 274.863189697266 274.726043701172 265.153503417969 265.347045898438 266.697875976562 269.924255371094 273.212738037109 272.750366210938 271.505432128906 271.431823730469 269.076416015625 267.953125 268.704864501953 268.125549316406 260.60888671875 253.172515869141 253.759048461914 254.82698059082 246.285308837891 244.62092590332 250.712448120117 253.234512329102
-3.4e+38 -3.4e+38 -3.4e+38 -3.4e+38 274.736389160156 274.685974121094 274.69677734375 275.155670166016 275.385223388672 275.607086181641 275.295684814453 275.469421386719 275.68701171875 275.278350830078 274.5537109375 272.551788330078 271.925476074219 271.490936279297 270.3369140625 270.587493896484 269.457580566406 270.494171142578 269.321624755859 267.04052734375 269.983612060547 273.196716308594 274.137878417969 274.662811279297 274.742126464844 272.164886474609 270.685821533203 270.076049804688 271.478942871094 272.897674560547 271.737579345703 271.857757568359 271.945281982422 270.497161865234 268.583526611328 268.792755126953 269.423583984375 265.121276855469 258.669067382812 256.351715087891 255.385009765625 250.463973999023 242.759826660156 243.649169921875 249.24462890625
-3.4e+38 -3.4e+38 -3.4e+38 -3.4e+38 274.967163085938 274.713562011719 274.849548339844 -3.4e+38 275.423553466797 -3.4e+38 -3.4e+38 275.597076416016 275.606323242188 275.313079833984 274.96044921875 274.054504394531 273.165466308594 272.832550048828 273.297454833984 269.019500732422 266.867797851562 270.071411132812 271.890747070312 269.064239501953 270.049072265625 273.335479736328 274.400726318359 274.661651611328 274.789825439453 274.549102783203 274.723358154297 271.634857177734 271.484527587891 272.858306884766 272.213928222656 271.914794921875 272.013702392578 270.997833251953 268.883697509766 267.356475830078 268.534912109375 268.340637207031 264.451049804688 260.126556396484 252.72216796875 251.012557983398 249.068511962891 241.688461303711 246.126220703125
-3.4e+38 -3.4e+38 -3.4e+38 -3.4e+38 275.106567382812 274.892944335938 -3.4e+38 275.228363037109 275.427398681641 275.208526611328 275.321044921875 275.593536376953 275.591796875 275.387023925781 275.173065185547 275.380950927734 274.968322753906 273.873168945312 273.944030761719 269.986968994141 267.795379638672 268.621032714844 271.585510253906 272.553039550781 272.227386474609 273.270080566406 274.455230712891 274.986480712891 274.982177734375 274.745544433594 274.3134765625 270.704498291016 267.554870605469 269.662200927734 271.435424804688 271.624816894531 272.506469726562 272.205810546875 270.325439453125 268.001434326172 268.447967529297 267.751892089844 262.063507080078 258.403991699219 256.964141845703 259.185943603516 259.906097412109 251.362915039062 245.393051147461
-3.4e+38 -3.4e+38 -3.4e+38 -3.4e+38 -3.4e+38 275.082244873047 275.207855224609 -3.4e+38 274.994506835938 275.001678466797 275.187316894531 275.395385742188 275.457977294922 275.510314941406 275.419250488281 275.675903320312 275.827087402344 274.749572753906 272.753387451172 271.519348144531 269.236328125 266.540588378906 268.012390136719 272.164978027344 273.889343261719 274.279937744141 274.714080810547 275.219085693359 275.104553222656 274.766296386719 273.354370117188 271.491821289062 266.336273193359 265.853088378906 269.410064697266 269.975555419922 271.214935302734 272.265502929688 271.553039550781 270.218597412109 269.076904296875 269.730926513672 264.126831054688 259.736358642578 263.933868408203 269.244781494141 269.445190429688 263.659790039062 253.079620361328
-3.4e+38 -3.4e+38 -3.4e+38 -3.4e+38 -3.4e+38 274.955078125 274.975402832031 275.115325927734 275.148956298828 275.113891601562 274.987030029297 275.084625244141 275.295989990234 275.403961181641 275.343536376953 275.374847412109 275.550231933594 274.576721191406 271.145843505859 269.371429443359 267.590759277344 265.526916503906 266.727661132812 269.33203125 273.225616455078 274.727447509766 274.66015625 275.038452148438 274.970916748047 274.390167236328 272.902465820312 271.168853759766 269.291320800781 266.844268798828 269.257598876953 268.676971435547 270.043395996094 272.607238769531 272.79052734375 271.004241943359 268.547821044922 270.15625 268.71728515625 266.614440917969 268.814666748047 271.759796142578 274.122283935547 269.489685058594 262.499816894531
-3.4e+38 -3.4e+38 -3.4e+38 -3.4e+38 -3.4e+38 274.880493164062 274.675567626953 275.0341796875 275.161163330078 275.038391113281 274.797271728516 274.945953369141 275.03759765625 275.175598144531 275.143707275391 275.165649414062 275.186553955078 274.729766845703 271.298400878906 268.649749755859 266.920227050781 266.804718017578 268.480072021484 269.517395019531 272.503692626953 274.446258544922 274.775482177734 274.902282714844 274.865386962891 274.468414306641 272.02099609375 270.034942626953 270.049133300781 267.681060791016 269.830657958984 268.16943359375 269.558258056641 273.297882080078 273.616943359375 270.998901367188 268.486968994141 269.473449707031 271.564575195312 271.649780273438 272.288818359375 272.511077880859 273.51025390625 272.129699707031 268.127075195312
-3.4e+38 -3.4e+38 -3.4e+38 -3.4e+38 -3.4e+38 -3.4e+38 274.419982910156 274.731536865234 275.027191162109 274.890930175781 274.932495117188 275.082916259766 275.089385986328 275.078582763672 274.939727783203 274.955352783203 274.928100585938 275.037475585938 275.467529296875 275.265106201172 275.123291015625 275.093322753906 273.121429443359 271.696411132812 272.466003417969 274.239562988281 275.203033447266 275.141510009766 275.064910888672 274.955322265625 270.805419921875 270.021728515625 270.704681396484 268.317779541016 269.012817382812 268.273651123047 267.882476806641 270.771453857422 273.465118408203 274.263427734375 272.712066650391 271.486022949219 271.985809326172 271.722503662109 270.338043212891 271.980834960938 273.936462402344 273.592468261719 273.900268554688
-3.4e+38 -3.4e+38 -3.4e+38 -3.4e+38 -3.4e+38 -3.4e+38 274.576629638672 274.454193115234 274.847412109375 274.691253662109 274.897552490234 275.05029296875 274.976196289062 274.70068359375 274.783660888672 274.534210205078 274.709320068359 274.727935791016 275.473846435547 275.230590820312 275.119689941406 274.89794921875 274.671691894531 274.503112792969 274.458709716797 274.843780517578 275.257446289062 275.311889648438 275.158447265625 275.294921875 272.974273681641 271.680908203125 271.165863037109 266.869293212891 266.896514892578 268.654174804688 262.566223144531 265.250671386719 271.365142822266 273.293365478516 273.988708496094 270.786071777344 271.03955078125 272.854949951172 271.375091552734 272.052795410156 271.726104736328 270.211944580078 271.367797851562
-3.4e+38 -3.4e+38 -3.4e+38 -3.4e+38 -3.4e+38 -3.4e+38 -3.4e+38 274.741638183594 274.736419677734 274.433166503906 274.533020019531 274.674713134766 274.644775390625 274.392852783203 274.768127441406 274.657287597656 274.466522216797 274.680603027344 275.35791015625 275.207946777344 274.485260009766 273.829956054688 274.321807861328 274.954956054688 273.149658203125 272.424621582031 273.60400390625 274.762115478516 275.180572509766 275.302825927734 273.629516601562 269.861450195312 269.011871337891 266.475006103516 264.651458740234 266.394653320312 260.926849365234 264.228973388672 270.1162109375 271.702514648438 273.70751953125 272.433502197266 270.99072265625 270.413330078125 270.185241699219 270.221740722656 267.691497802734 266.579437255859 267.831726074219
-3.4e+38 -3.4e+38 -3.4e+38 -3.4e+38 -3.4e+38 -3.4e+38 -3.4e+38 274.650665283203 274.53515625 274.691009521484 274.869079589844 274.614318847656 274.45849609375 274.426422119141 274.637329101562 274.681701660156 274.402740478516 274.669128417969 275.364624023438 275.000396728516 274.3046875 273.488067626953 273.196533203125 274.244964599609 272.860687255859 272.673248291016 273.612457275391 274.518096923828 275.086059570312 275.168426513672 274.027618408203 270.251007080078 268.749786376953 269.271667480469 266.048645019531 262.851745605469 261.130950927734 265.329254150391 269.607086181641 271.281158447266 272.837158203125 274.289672851562 272.207946777344 269.273223876953 267.849670410156 267.359100341797 266.656890869141 264.956481933594 261.369781494141
-3.4e+38 -3.4e+38 -3.4e+38 -3.4e+38 -3.4e+38 -3.4e+38 -3.4e+38 274.489929199219 274.676208496094 274.925567626953 275.117950439453 274.673034667969 274.724395751953 274.968841552734 274.759368896484 274.759216308594 274.417785644531 274.285003662109 275.232635498047 274.919219970703 274.812133789062 274.224182128906 273.331573486328 273.283294677734 273.792266845703 273.047943115234 271.740478515625 272.928955078125 274.723602294922 275.190338134766 275.092254638672 273.877380371094 271.384307861328 271.039794921875 266.903900146484 262.542633056641 260.403350830078 258.849487304688 265.461059570312 272.208251953125 272.389953613281 273.110961914062 273.024566650391 269.312438964844 266.004608154297 265.088623046875 265.757385253906 263.902862548828 257.413360595703
-3.4e+38 -3.4e+38 -3.4e+38 -3.4e+38 -3.4e+38 -3.4e+38 -3.4e+38 274.843688964844 274.941467285156 274.845916748047 274.970855712891 275.002197265625 275.125213623047 275.394409179688 274.999389648438 275.086303710938 274.698974609375 274.325225830078 275.070159912109 275.111633300781 275.101501464844 274.730529785156 274.494934082031 272.063140869141 272.817657470703 272.564544677734 270.6533203125 272.697296142578 274.943664550781 274.228759765625 275.053161621094 274.730743408203 270.87890625 268.9541015625 267.649139404297 265.132690429688 263.158752441406 259.846740722656 266.462524414062 273.514038085938 272.451049804688 270.736785888672 273.104949951172 268.8046875 264.035339355469 262.851287841797 263.736602783203 263.086639404297 258.840454101562
-3.4e+38 -3.4e+38 -3.4e+38 -3.4e+38 -3.4e+38 -3.4e+38 -3.4e+38 -3.4e+38 274.828277587891 274.952331542969 275.044250488281 -3.4e+38 275.208801269531 275.254943847656 275.15283203125 275.25732421875 274.825714111328 274.496246337891 274.983764648438 275.248596191406 275.263916015625 275.014892578125 274.824920654297 270.890411376953 270.523468017578 272.11328125 271.832214355469 273.517456054688 275.137451171875 272.975677490234 275.148742675781 273.619262695312 268.797637939453 266.285308837891 267.359130859375 266.894561767578 266.163543701172 266.023345947266 270.816009521484 274.227569580078 272.407409667969 266.316680908203 270.331878662109 270.583862304688 264.856384277344 260.328918457031 261.168853759766 262.960815429688 262.188995361328
-3.4e+38 -3.4e+38 -3.4e+38 -3.4e+38 -3.4e+38 -3.4e+38 -3.4e+38 -3.4e+38 274.803924560547 275.084228515625 -3.4e+38 275.156921386719 274.823547363281 274.647766113281 275.089233398438 275.199096679688 274.790100097656 274.483795166016 274.708953857422 274.924987792969 275.235137939453 275.230743408203 274.773986816406 272.332214355469 271.585510253906 272.179077148438 272.972991943359 274.058563232422 274.758056640625 273.887817382812 275.254028320312 273.263702392578 269.90869140625 267.212951660156 268.181945800781 267.912384033203 266.435852050781 266.798187255859 271.611846923828 274.749908447266 273.025299072266 265.670501708984 265.158111572266 269.350738525391 267.574371337891 261.801147460938 261.071044921875 263.939270019531 264.914031982422
-3.4e+38 -3.4e+38 -3.4e+38 -3.4e+38 -3.4e+38 -3.4e+38 -3.4e+38 -3.4e+38 274.756408691406 274.894195556641 275.139495849609 275.054290771484 274.806762695312 274.541687011719 274.661712646484 274.628967285156 274.467803955078 274.338409423828 274.403594970703 274.40283203125 274.668579101562 274.864288330078 274.9970703125 274.709136962891 273.067932128906 271.823944091797 272.360626220703 272.946350097656 274.212585449219 274.4873046875 274.967742919922 273.895904541016 272.991455078125 270.080017089844 269.279083251953 269.182708740234 267.275726318359 266.865478515625 271.470489501953 274.725402832031 273.921142578125 267.217437744141 262.978424072266 264.999481201172 267.643005371094 265.680633544922 263.551971435547 264.604553222656 265.485534667969
-3.4e+38 -3.4e+38 -3.4e+38 -3.4e+38 -3.4e+38 -3.4e+38 -3.4e+38 -3.4e+38 274.806427001953 274.975311279297 275.180267333984 275.189971923828 274.951538085938 274.654296875 274.388671875 274.327453613281 274.472900390625 274.360595703125 274.233551025391 274.288940429688 274.524627685547 274.695892333984 274.832916259766 274.900726318359 273.894989013672 271.614715576172 271.243835449219 271.629547119141 273.535308837891 273.735382080078 274.106109619141 274.5859375 274.917816162109 272.270751953125 269.360656738281 269.092651367188 267.483489990234 263.860443115234 268.948394775391 274.312774658203 273.732360839844 264.681793212891 262.978942871094 260.970916748047 262.236022949219 266.008972167969 267.418853759766 267.400909423828 266.973297119141
-3.4e+38 -3.4e+38 -3.4e+38 -3.4e+38 -3.4e+38 -3.4e+38 -3.4e+38 -3.4e+38 274.917144775391 275.151611328125 275.219757080078 275.015960693359 274.739715576172 274.614471435547 274.510986328125 274.519561767578 274.517822265625 274.372161865234 274.160308837891 274.375823974609 274.428894042969 274.089752197266 274.277618408203 274.745697021484 274.388000488281 272.755523681641 271.547485351562 271.03076171875 271.969024658203 273.718353271484 274.017730712891 274.604064941406 274.943481445312 273.861541748047 271.917449951172 270.53515625 267.665618896484 264.646026611328 269.614227294922 274.445648193359 270.178985595703 262.732421875 259.930908203125 256.036651611328 256.202514648438 261.449279785156 267.467346191406 269.410339355469 268.598449707031
-3.4e+38 -3.4e+38 -3.4e+38 -3.4e+38 -3.4e+38 -3.4e+38 -3.4e+38 -3.4e+38 275.021240234375 274.991302490234 274.831604003906 274.730133056641 274.716949462891 274.728546142578 274.739440917969 274.685729980469 274.570678710938 274.405090332031 274.088470458984 274.160614013672 273.886199951172 272.426940917969 273.498779296875 274.787994384766 272.349090576172 270.264038085938 270.396881103516 270.150848388672 271.014465332031 274.244384765625 273.817626953125 274.007171630859 274.171691894531 274.285552978516 274.0166015625 273.33154296875 269.850341796875 264.472930908203 265.073333740234 271.180511474609 268.182281494141 259.002563476562 258.745086669922 255.824844360352 256.72802734375 259.214202880859 265.212310791016 269.333465576172 269.461120605469
-3.4e+38 -3.4e+38 -3.4e+38 -3.4e+38 -3.4e+38 -3.4e+38 -3.4e+38 -3.4e+38 274.707885742188 274.604064941406 274.564300537109 274.871917724609 275.2783203125 274.990478515625 274.549926757812 274.532623291016 274.827911376953 274.868072509766 274.301971435547 274.292144775391 274.118865966797 273.494934082031 271.563323974609 271.668823242188 273.653411865234 273.019500732422 270.929626464844 270.349365234375 271.251190185547 273.406616210938 274.055114746094 274.366668701172 274.554870605469 274.167663574219 273.795440673828 273.683471679688 274.151550292969 271.860595703125 263.326721191406 267.698425292969 274.053375244141 261.008117675781 261.083526611328 261.591644287109 261.235473632812 260.677764892578 261.670623779297 264.361511230469 265.528076171875
