rcp4.5models/MPi_ESM_LR/sc1gr6.24
NCOLS 261 
NROWS 433 
XLLCORNER 336357.134 
YLLCORNER 654653.479 
CELLSIZE 1000 
NODATA_value -3.4e+38 
[rows 286 to 307 of 433, columns 49 to 97 of 261]
1665.708984375 1676.18579101562 1687.55346679688 1701.40502929688 1711.79553222656 1723.18579101562 1736.02697753906 1771.41931152344 1789.04028320312 1811.26220703125 1827.34301757812 1834.12585449219 1841.0732421875 1875.37768554688 1908.52783203125 1904.201171875 1905.05126953125 1912.92602539062 1917.20373535156 1941.78662109375 1950.29211425781 1938.82043457031 1948.20178222656 1959.04077148438 1957.95581054688 1968.50219726562 1967.93212890625 1956.31848144531 1959.13928222656 1970.08520507812 1978.49401855469 1974.73474121094 1958.82727050781 1956.26525878906 1951.69604492188 1943.71044921875 1935.77416992188 1929.73852539062 1929.31616210938 1920.09741210938 1909.0673828125 1892.50415039062 1890.96838378906 1890.10693359375 1889.2783203125 1889.88317871094 1888.78308105469 1886.52673339844 1884.32751464844
1671.30358886719 1685.02551269531 1698.3388671875 1713.20349121094 1726.68591308594 1742.71594238281 1757.29968261719 1785.83618164062 1801.17395019531 1823.16296386719 1841.06665039062 1853.90246582031 1857.93139648438 1879.79931640625 1905.02770996094 1912.41723632812 1922.24975585938 1928.435546875 1942.63452148438 1967.73181152344 1983.29846191406 1968.48596191406 1977.93322753906 1998.96411132812 2001.59692382812 2007.76977539062 1996.83630371094 1980.34790039062 1989.05017089844 1995.51916503906 2004.55456542969 2003.201171875 1987.81811523438 1982.28894042969 1977.18957519531 1970.86462402344 1966.22924804688 1958.71313476562 1951.36706542969 1942.35461425781 1943.10327148438 1923.62084960938 1911.36828613281 1912.9130859375 1913.02307128906 1913.76489257812 1917.69104003906 1917.97143554688 1912.83947753906
1678.80859375 1686.08776855469 1699.71887207031 1720.09338378906 1737.48120117188 1753.87780761719 1769.41467285156 1805.18542480469 1813.39672851562 1832.91650390625 1856.693359375 1873.73547363281 1884.8720703125 1898.80822753906 1921.93786621094 1938.52233886719 1937.44592285156 1937.01025390625 1973.37255859375 1989.54711914062 2004.59875488281 1997.08825683594 2009.35656738281 2037.57043457031 2040.7412109375 2030.923828125 2021.32568359375 2018.79736328125 2015.17028808594 2024.15393066406 2027.60437011719 2025.09301757812 2016.60803222656 2010.95922851562 2007.63159179688 2000.29736328125 1991.15466308594 1982.06115722656 1967.85070800781 1960.02209472656 1975.05603027344 1960.26806640625 1934.92846679688 1936.45947265625 1937.40368652344 1945.68310546875 1957.53015136719 1954.83410644531 1945.11853027344
1681.42834472656 1697.47644042969 1711.15454101562 1727.51672363281 1745.01062011719 1758.53955078125 1775.0419921875 1821.50036621094 1834.14453125 1847.46752929688 1868.9375 1891.05651855469 1907.56396484375 1918.10314941406 1936.0625 1951.47802734375 1946.95947265625 1947.8271484375 2012.3486328125 2020.984375 2029.13073730469 2018.51684570312 2027.75598144531 2062.1884765625 2061.13989257812 2040.72937011719 2040.80187988281 2052.63916015625 2055.60668945312 2055.43310546875 2054.64453125 2052.25 2046.16479492188 2039.46752929688 2036.43334960938 2026.89147949219 2016.63500976562 2008.30090332031 1995.44299316406 1996.1552734375 2012.04260253906 1994.7041015625 1967.06506347656 1963.15124511719 1966.38586425781 1969.55224609375 1973.99060058594 1972.03674316406 1968.65991210938
1702.78210449219 1721.52209472656 1738.12707519531 1753.33520507812 1769.82116699219 1787.22583007812 1803.67272949219 1845.09521484375 1865.57470703125 1884.20776367188 1897.48779296875 1910.5537109375 1927.30969238281 1937.01586914062 1943.02502441406 1953.66015625 1968.43505859375 2010.00170898438 2056.07299804688 2062.8779296875 2062.26611328125 2066.06762695312 2073.86181640625 2078.638671875 2104.10986328125 2108.61962890625 2110.11791992188 2109.89770507812 2112.97729492188 2119.59765625 2118.22778320312 2109.70239257812 2098.03295898438 2089.515625 2092.95141601562 2091.81079101562 2083.93530273438 2072.74194335938 2067.64477539062 2064.74267578125 2064.09008789062 2068.314453125 2050.51245117188 2032.45788574219 2030.50659179688 2032.8828125 2040.07568359375 2045.86071777344 2038.12927246094
1720.8935546875 1733.7490234375 1749.57299804688 1767.68225097656 1784.87548828125 1801.16137695312 1816.78869628906 1852.85034179688 1876.66223144531 1897.85974121094 1909.96044921875 1917.88208007812 1935.25036621094 1947.31005859375 1957.49951171875 1979.64025878906 1989.27990722656 2014.99792480469 2071.31762695312 2080.27294921875 2079.275390625 2088.77270507812 2093.986328125 2111.92114257812 2147.43969726562 2145.1767578125 2137.22900390625 2144.13232421875 2138.86987304688 2156.103515625 2150.33935546875 2141.74658203125 2127.45825195312 2120.5986328125 2125.79223632812 2116.72045898438 2109.67236328125 2103.66088867188 2100.109375 2097.91015625 2091.0947265625 2117.2138671875 2097.2841796875 2075.51879882812 2064.73706054688 2064.72436523438 2072.96997070312 2085.34594726562 2092.96313476562
1726.84729003906 1741.54235839844 1760.22021484375 1780.3193359375 1794.93200683594 1808.09411621094 1824.85473632812 1865.95043945312 1887.48376464844 1907.14599609375 1922.89282226562 1932.72131347656 1945.3193359375 1956.54235839844 1975.07836914062 2003.36987304688 2015.67785644531 2027.04382324219 2070.50024414062 2081.84155273438 2094.97705078125 2121.5732421875 2130.21240234375 2143.48510742188 2175.13818359375 2177.59497070312 2168.7197265625 2167.77661132812 2164.25122070312 2177.35498046875 2172.45703125 2154.58618164062 2145.57470703125 2141.49609375 2145.53247070312 2146.17529296875 2142.32397460938 2136.72607421875 2134.63598632812 2126.59228515625 2126.16748046875 2165.98071289062 2146.81005859375 2119.69799804688 2109.31176757812 2107.07373046875 2107.50415039062 2121.58984375 2128.82421875
1734.06677246094 1749.90539550781 1767.73205566406 1787.8349609375 1802.07922363281 1810.34265136719 1830.681640625 1872.01794433594 1897.49047851562 1919.54675292969 1934.71179199219 1944.47778320312 1955.89453125 1971.85693359375 1993.42834472656 2016.55676269531 2036.25561523438 2046.33557128906 2100.81640625 2108.52465820312 2111.73388671875 2144.54663085938 2163.63330078125 2171.33056640625 2199.87719726562 2216.65625 2211.73559570312 2204.65893554688 2210.77612304688 2211.11450195312 2219.81396484375 2195.97485351562 2192.1328125 2190.71557617188 2188.705078125 2191.59985351562 2187.55078125 2181.31640625 2177.26684570312 2166.47924804688 2164.322265625 2184.84130859375 2181.02026367188 2155.78295898438 2150.25268554688 2148.50854492188 2141.59594726562 2152.244140625 2151.43432617188
1738.61279296875 1760.04626464844 1779.21447753906 1797.42004394531 1811.44128417969 1822.32238769531 1842.53063964844 1885.57385253906 1909.81628417969 1928.70056152344 1942.43786621094 1956.69567871094 1968.41186523438 1986.31494140625 2006.70764160156 2025.58337402344 2054.46264648438 2072.74560546875 2116.98095703125 2125.10791015625 2133.9423828125 2163.4794921875 2197.32690429688 2206.01928710938 2218.77294921875 2246.69750976562 2254.13671875 2254.56494140625 2254.26611328125 2251.02783203125 2256.52001953125 2251.451171875 2245.80224609375 2238.17797851562 2234.0732421875 2229.35522460938 2219.7490234375 2221.18896484375 2225.30053710938 2228.00512695312 2217.39965820312 2212.92626953125 2202.33447265625 2190.298828125 2182.04028320312 2179.36474609375 2173.44409179688 2171.20263671875 2167.55151367188
1746.08020019531 1766.45751953125 1788.51940917969 1805.70043945312 1815.48498535156 1831.12573242188 1857.34729003906 1904.39123535156 1920.59802246094 1935.40051269531 1949.40808105469 1966.37194824219 1983.60876464844 2003.10473632812 2028.65283203125 2049.84716796875 2075.2646484375 2093.23608398438 2148.9462890625 2162.55541992188 2158.5859375 2193.15869140625 2212.32861328125 2209.25341796875 2242.37109375 2275.30224609375 2285.73608398438 2295.15283203125 2293.42724609375 2296.1728515625 2289.61303710938 2288.63061523438 2278.61206054688 2268.72485351562 2272.4775390625 2265.72119140625 2249.79663085938 2260.81127929688 2276.5 2287.56494140625 2271.96044921875 2268.80395507812 2254.40185546875 2236.06811523438 2222.7431640625 2226.13134765625 2226.939453125 2215.44384765625 2206.82080078125
1748.40661621094 1766.50952148438 1782.54724121094 1800.71008300781 1819.330078125 1843.69372558594 1869.939453125 1916.31774902344 1933.08703613281 1945.87487792969 1957.41394042969 1973.86328125 1997.27355957031 2023.17321777344 2047.04797363281 2062.77294921875 2083.390625 2110.26123046875 2166.6083984375 2188.9912109375 2184.2236328125 2200.30541992188 2205.59545898438 2228.8974609375 2284.73217773438 2305.9345703125 2312.15600585938 2328.01318359375 2338.8291015625 2343.08911132812 2331.69775390625 2326.13598632812 2317.26123046875 2310.61865234375 2310.39526367188 2304.04760742188 2285.65649414062 2296.70336914062 2326.50244140625 2327.5693359375 2320.84350585938 2322.31616210938 2316.16064453125 2295.05834960938 2277.39038085938 2276.97143554688 2279.58984375 2270.70776367188 2260.31274414062
1760.47082519531 1786.12585449219 1801.41296386719 1817.16931152344 1840.37646484375 1865.04565429688 1886.29809570312 1925.71472167969 1942.17016601562 1953.56970214844 1971.98876953125 1996.46252441406 2017.80212402344 2037.64758300781 2055.8125 2080.34228515625 2105.11474609375 2131.890625 2168.49267578125 2184.23120117188 2204.60400390625 2232.16772460938 2251.48828125 2283.81494140625 2310.216796875 2320.27709960938 2338.041015625 2359.74072265625 2372.59838867188 2379.37744140625 2370.1787109375 2365.34692382812 2363.8603515625 2358.17504882812 2339.2294921875 2316.52587890625 2318.18774414062 2353.02416992188 2379.55126953125 2370.61547851562 2358.02734375 2365.39282226562 2361.2412109375 2350.796875 2332.9326171875 2318.8798828125 2317.93872070312 2315.14721679688 2305.45239257812
1784.17529296875 1805.05590820312 1823.29943847656 1841.12280273438 1862.77307128906 1877.83386230469 1895.58166503906 1932.02392578125 1948.05908203125 1957.537109375 1985.427734375 2016.59240722656 2041.03247070312 2064.67358398438 2082.08447265625 2105.93701171875 2131.22216796875 2155.25732421875 2187.65551757812 2196.64770507812 2216.11279296875 2267.95727539062 2319.28295898438 2346.39453125 2356.169921875 2359.35498046875 2375.4658203125 2395.00048828125 2398.43676757812 2410.85424804688 2412.9248046875 2409.21411132812 2397.73120117188 2378.65087890625 2350.43725585938 2322.28344726562 2351.10888671875 2408.40576171875 2417.8447265625 2405.296875 2380.5576171875 2398.06274414062 2396.576171875 2388.38330078125 2372.33740234375 2362.01245117188 2358.75390625 2356.80395507812 2344.34497070312
1800.56909179688 1812.32739257812 1827.94775390625 1848.560546875 1869.81750488281 1878.90649414062 1889.96862792969 1930.62524414062 1952.26916503906 1969.95764160156 1998.0234375 2031.53771972656 2058.21508789062 2082.83081054688 2102.26586914062 2123.36059570312 2147.71215820312 2174.32788085938 2207.02465820312 2217.6279296875 2232.91748046875 2295.21411132812 2360.3046875 2384.60620117188 2397.89111328125 2401.06323242188 2388.78442382812 2397.75219726562 2429.23095703125 2437.15161132812 2455.06518554688 2445.31567382812 2422.73510742188 2415.24609375 2388.4375 2347.30322265625 2382.7294921875 2439.22998046875 2447.20751953125 2450.43188476562 2420.21313476562 2428.13793945312 2431.76220703125 2432.24829101562 2421.73559570312 2415.578125 2408.45532226562 2397.05810546875 2382.93701171875
1807.48217773438 1816.59155273438 1827.43969726562 1846.95678710938 1872.02966308594 1886.04431152344 1893.68212890625 1954.49206542969 1977.13781738281 2000.73010253906 2025.47229003906 2050.31591796875 2072.53515625 2087.39477539062 2111.14697265625 2145.38598632812 2168.30859375 2191.84301757812 2216.76684570312 2233.83959960938 2252.0078125 2324.54736328125 2383.70703125 2381.83764648438 2373.98852539062 2399.90234375 2430.52856445312 2442.88989257812 2472.31298828125 2467.18432617188 2488.4033203125 2493.70922851562 2480.5537109375 2466.6796875 2426.88720703125 2384.98461914062 2420.07983398438 2476.91552734375 2494.76220703125 2495.94897460938 2459.59033203125 2477.34887695312 2481.70947265625 2480.93994140625 2473.2421875 2460.23413085938 2437.93994140625 2402.93139648438 2390.43627929688
1819.4423828125 1835.21374511719 1850.15612792969 1864.65893554688 1878.1103515625 1899.69494628906 1922.31811523438 1969.06481933594 2001.33325195312 2028.33630371094 2047.51831054688 2071.44799804688 2095.42724609375 2117.41674804688 2147.66064453125 2179.13305664062 2204.29736328125 2221.46850585938 2247.173828125 2269.64526367188 2294.74560546875 2329.35180664062 2373.939453125 2404.41259765625 2412.4130859375 2460.19506835938 2492.06494140625 2480.44384765625 2512.81811523438 2532.76342773438 2525.00561523438 2559.36083984375 2585.81274414062 2541.39184570312 2463.74755859375 2443.265625 2503.48852539062 2583.24731445312 2590.98364257812 2576.02661132812 2561.00537109375 2519.95043945312 2569.81665039062 2551.21630859375 2508.82055664062 2507.01733398438 2535.41088867188 2496.41284179688 2423.02270507812
1816.03100585938 1832.90405273438 1850.32666015625 1867.37658691406 1886.15966796875 1915.45910644531 1943.58837890625 1980.43823242188 2008.79248046875 2036.90734863281 2062.86157226562 2094.533203125 2122.95849609375 2147.15234375 2169.11938476562 2194.17309570312 2217.67163085938 2229.0419921875 2283.88256835938 2306.92651367188 2347.96362304688 2402.07885742188 2461.67846679688 2493.60717773438 2475.876953125 2481.76611328125 2514.39770507812 2526.80834960938 2560.45434570312 2596.89038085938 2574.28784179688 2583.14721679688 2606.54638671875 2535.96557617188 2474.46899414062 2486.31982421875 2528.00732421875 2600.40942382812 2638.38671875 2582.59155273438 2543.31005859375 2496.1435546875 2534.19262695312 2549.79931640625 2539.04638671875 2527.06616210938 2578.0791015625 2571.03466796875 2524.66381835938
1818.84448242188 1836.44580078125 1858.82397460938 1882.1708984375 1906.314453125 1935.41906738281 1963.91259765625 2002.63684082031 2029.64599609375 2059.59155273438 2086.24096679688 2114.23461914062 2140.4951171875 2169.9345703125 2191.99731445312 2209.91796875 2237.23681640625 2261.28466796875 2316.576171875 2341.42260742188 2382.32153320312 2457.91821289062 2532.22973632812 2552.96948242188 2536.44555664062 2526.7509765625 2574.24365234375 2613.35864257812 2627.07885742188 2637.521484375 2591.06372070312 2597.32177734375 2630.80322265625 2553.458984375 2522.98364257812 2550.91455078125 2582.18969726562 2592.75952148438 2595.21240234375 2602.9404296875 2608.89575195312 2574.49096679688 2579.74169921875 2612.36059570312 2572.65405273438 2545.61547851562 2608.2646484375 2594.9970703125 2536.03735351562
1829.09655761719 1846.19580078125 1866.00012207031 1885.80151367188 1908.26379394531 1938.80981445312 1970.27514648438 2027.95849609375 2058.28857421875 2083.60766601562 2132.95239257812 2158.67993164062 2157.01123046875 2191.9248046875 2220.07739257812 2239.31274414062 2266.03857421875 2296.35131835938 2345.96044921875 2382.63671875 2413.44946289062 2485.3828125 2568.28759765625 2592.5029296875 2583.57104492188 2574.35375976562 2616.24438476562 2651.58447265625 2659.95825195312 2624.7119140625 2571.42919921875 2592.98315429688 2603.01440429688 2558.6708984375 2566.2275390625 2600.05834960938 2598.29467773438 2569.42456054688 2602.31372070312 2696.31494140625 2717.20434570312 2700.17895507812 2693.55224609375 2652.37377929688 2529.93017578125 2506.25122070312 2588.59301757812 2563.810546875 2477.38818359375
1847.75085449219 1857.06909179688 1880.95715332031 1907.34936523438 1930.05810546875 1948.76550292969 1969.92858886719 2043.78369140625 2081.78173828125 2114.4140625 2174.45458984375 2198.10717773438 2186.69995117188 2224.3583984375 2255.60546875 2272.9541015625 2291.25854492188 2319.34008789062 2368.88012695312 2415.9140625 2460.13647460938 2486.58154296875 2554.03466796875 2615.68774414062 2620.87670898438 2633.56616210938 2661.02734375 2686.318359375 2704.69409179688 2672.7509765625 2607.3876953125 2593.79760742188 2591.43823242188 2567.69384765625 2586.7978515625 2605.22583007812 2595.31616210938 2619.39233398438 2712.70751953125 2786.1044921875 2785.54370117188 2777.732421875 2756.68139648438 2686.8515625 2557.19677734375 2540.42211914062 2630.89379882812 2620.50903320312 2581.03125
1870.0849609375 1882.4150390625 1913.1318359375 1941.0947265625 1959.47863769531 1967.22607421875 1986.11010742188 2048.89379882812 2092.14624023438 2139.33325195312 2172.4794921875 2185.81469726562 2206.11572265625 2236.57861328125 2271.07202148438 2294.88842773438 2305.6103515625 2331.84375 2387.96923828125 2434.50830078125 2479.40649414062 2499.00756835938 2560.06103515625 2639.16528320312 2665.56884765625 2690.17309570312 2696.10546875 2717.90795898438 2756.25732421875 2753.03735351562 2675.7373046875 2615.42797851562 2617.2734375 2600.69262695312 2609.896484375 2623.27392578125 2649.33837890625 2716.30322265625 2798.7763671875 2836.54931640625 2800.63037109375 2787.20556640625 2786.39501953125 2760.11181640625 2724.40966796875 2702.36889648438 2706.45654296875 2667.37182617188 2646.59887695312
1890.82885742188 1905.71252441406 1936.19482421875 1960.26025390625 1968.44018554688 1980.6435546875 2013.45263671875 2061.4365234375 2084.88720703125 2122.84033203125 2157.296875 2188.70556640625 2222.54125976562 2253.92041015625 2286.79125976562 2314.4541015625 2326.0322265625 2348.34350585938 2402.59375 2448.33666992188 2482.61767578125 2520.97436523438 2575.24633789062 2656.80810546875 2710.21630859375 2728.64477539062 2744.00390625 2761.87329101562 2786.18701171875 2772.6318359375 2708.14916992188 2645.8857421875 2660.37158203125 2691.958984375 2702.03051757812 2736.95874023438 2777.830078125 2797.27612304688 2831.42407226562 2844.00463867188 2808.7431640625 2816.546875 2801.638671875 2822.10961914062 2816.767578125 2690.3271484375 2586.7001953125 2557.0908203125 2539.7744140625
