rcp4.5models/MPi_ESM_LR/sc1gr3.36
NCOLS 261 
NROWS 433 
XLLCORNER 336357.134 
YLLCORNER 654653.479 
CELLSIZE 1000 
NODATA_value -3.4e+38 
[rows 330 to 351 of 433, columns 98 to 146 of 261]
245.253890991211 233.337677001953 227.237121582031 222.105056762695 219.392272949219 223.338043212891 214.811889648438 194.029052734375 180.940536499023 183.19775390625 185.186050415039 185.96076965332 188.090454101562 187.880844116211 -3.4e+38 -3.4e+38 199.213424682617 195.17057800293 200.159149169922 207.523544311523 -3.4e+38 -3.4e+38 208.297119140625 202.121215820312 199.302978515625 197.833740234375 185.969909667969 169.925048828125 168.906509399414 182.619277954102 185.857177734375 182.597915649414 180.113311767578 179.882461547852 183.409317016602 185.918548583984 184.576232910156 187.320571899414 192.899169921875 190.688369750977 179.687210083008 169.47004699707 158.896286010742 152.101837158203 151.819931030273 157.859771728516 159.712448120117 160.987945556641 182.923049926758
253.457458496094 240.293792724609 229.226455688477 216.569183349609 206.979019165039 213.196762084961 214.625900268555 199.987396240234 184.065689086914 176.221618652344 172.948013305664 173.614898681641 179.753234863281 181.495040893555 204.165771484375 -3.4e+38 205.816986083984 203.384887695312 201.879104614258 199.916229248047 201.286865234375 206.758361816406 209.237731933594 208.192886352539 204.184234619141 199.695922851562 189.984237670898 177.916885375977 169.179382324219 167.020980834961 170.781661987305 173.86865234375 172.293609619141 175.347213745117 181.124008178711 184.067520141602 181.737762451172 179.799270629883 180.898834228516 183.221221923828 181.049224853516 172.596740722656 163.442230224609 153.432342529297 148.784545898438 153.709243774414 156.879669189453 163.762847900391 182.545227050781
257.826965332031 251.116607666016 241.327056884766 222.635177612305 208.971740722656 206.874877929688 207.165954589844 201.871719360352 190.074432373047 174.102767944336 167.541625976562 171.946426391602 183.212249755859 191.140182495117 204.911499023438 209.033264160156 -3.4e+38 -3.4e+38 205.494277954102 200.316329956055 195.8515625 198.455032348633 205.500869750977 210.364654541016 208.972305297852 203.33772277832 195.284164428711 188.117980957031 178.739334106445 163.952621459961 158.822174072266 166.597610473633 170.880615234375 175.216369628906 179.461608886719 183.478637695312 182.991424560547 178.572845458984 173.541229248047 170.397689819336 170.052139282227 165.247268676758 158.201202392578 150.037170410156 147.966491699219 153.492858886719 156.909408569336 165.829177856445 179.378631591797
253.847274780273 253.953750610352 246.710205078125 224.074371337891 215.421813964844 208.731582641602 203.199478149414 200.393478393555 192.040878295898 178.43717956543 176.049255371094 185.163543701172 194.989593505859 199.816101074219 -3.4e+38 -3.4e+38 -3.4e+38 -3.4e+38 204.872207641602 203.027740478516 198.916809082031 196.127029418945 199.004974365234 204.730834960938 207.81201171875 205.127197265625 197.836624145508 193.863525390625 187.053207397461 176.189880371094 165.828720092773 166.261383056641 174.575988769531 179.027770996094 179.564422607422 179.618774414062 180.136901855469 175.705368041992 168.973114013672 162.524871826172 157.661117553711 155.181991577148 151.483245849609 149.257217407227 152.046447753906 155.517349243164 159.493362426758 168.219955444336 178.900634765625
246.497817993164 249.516128540039 245.757186889648 218.255767822266 208.989837646484 205.848236083984 201.878997802734 197.08903503418 187.408630371094 174.853744506836 173.777481079102 182.955352783203 189.226608276367 193.568634033203 200.691986083984 208.862380981445 -3.4e+38 -3.4e+38 205.704833984375 203.381439208984 201.067291259766 198.381378173828 196.672775268555 196.867462158203 200.203811645508 201.911209106445 199.675399780273 198.59831237793 195.407623291016 188.957321166992 180.569152832031 174.893096923828 178.109100341797 181.387344360352 179.93717956543 176.458129882812 176.138168334961 169.603424072266 161.074310302734 155.717056274414 149.336288452148 145.876556396484 147.773681640625 151.32502746582 157.094284057617 156.830795288086 158.433898925781 163.160552978516 178.667999267578
236.679824829102 241.06721496582 242.771148681641 229.298751831055 216.940795898438 211.09211730957 206.248046875 193.417129516602 179.144058227539 167.675857543945 166.544494628906 173.121704101562 175.653945922852 180.748016357422 198.785293579102 208.095901489258 207.07405090332 205.741180419922 204.136856079102 201.363723754883 200.134399414062 199.706085205078 197.763458251953 193.947448730469 192.052093505859 193.004837036133 197.216354370117 198.534713745117 200.135025024414 198.46858215332 192.560562133789 184.678024291992 179.806884765625 177.072402954102 177.621444702148 175.797836303711 171.67041015625 164.417526245117 154.913879394531 147.972595214844 144.375762939453 142.692459106445 145.309631347656 150.503723144531 157.618347167969 157.385437011719 156.85807800293 157.077270507812 170.554702758789
238.413543701172 242.512145996094 248.556518554688 251.323974609375 248.53564453125 241.329360961914 226.404327392578 213.366561889648 193.322891235352 173.443283081055 174.721420288086 177.391571044922 181.799118041992 186.743606567383 191.990005493164 192.470367431641 185.577880859375 170.997497558594 168.98893737793 182.143188476562 192.562850952148 195.93864440918 197.947723388672 196.952407836914 192.772109985352 184.135650634766 180.379241943359 187.069793701172 192.701675415039 196.878677368164 198.01481628418 195.701141357422 189.829940795898 180.128402709961 173.778167724609 170.363006591797 163.908569335938 151.230453491211 148.008575439453 142.961837768555 142.329498291016 144.837936401367 151.133773803711 158.893402099609 159.600677490234 159.637954711914 163.631118774414 168.915664672852 182.702713012695
247.815307617188 251.893768310547 255.681106567383 256.327667236328 254.282318115234 247.75 235.060562133789 224.65771484375 202.240188598633 178.820373535156 177.74577331543 176.462356567383 178.956253051758 182.564971923828 178.594299316406 176.366470336914 174.460556030273 167.941772460938 163.808044433594 175.63655090332 192.518020629883 195.857513427734 195.060745239258 195.007537841797 195.040466308594 187.592132568359 173.524841308594 178.158996582031 183.272705078125 189.410186767578 192.331878662109 192.93603515625 193.433883666992 187.65007019043 182.47932434082 179.055389404297 170.255462646484 151.615783691406 150.114669799805 147.657531738281 145.379211425781 146.361450195312 151.930084228516 164.152908325195 169.428482055664 168.542495727539 178.719604492188 186.057327270508 196.351547241211
254.678665161133 259.288146972656 260.620452880859 260.955718994141 259.164886474609 253.877593994141 244.881469726562 232.525573730469 211.241348266602 195.850311279297 190.982040405273 183.354293823242 181.328338623047 181.673965454102 173.883636474609 166.978363037109 167.665008544922 166.67301940918 164.623123168945 174.378494262695 189.194427490234 191.186676025391 190.738433837891 191.130584716797 194.405227661133 189.993728637695 167.925003051758 166.218826293945 171.819747924805 180.112228393555 184.629592895508 186.54524230957 189.008209228516 186.581909179688 183.229766845703 180.690658569336 173.908172607422 155.623336791992 148.85595703125 147.147354125977 148.621871948242 149.445327758789 161.370544433594 181.099060058594 181.59553527832 181.666290283203 193.534057617188 200.341445922852 211.339447021484
258.948791503906 263.730529785156 265.242797851562 264.628967285156 260.509918212891 257.434722900391 253.726333618164 243.639022827148 229.861129760742 219.781677246094 212.236221313477 205.047607421875 197.768142700195 194.725570678711 194.785461425781 180.758178710938 172.104705810547 170.841674804688 170.098358154297 170.746307373047 174.726547241211 176.501617431641 182.535858154297 187.978500366211 188.90104675293 185.453811645508 167.91194152832 160.690811157227 162.767333984375 169.758941650391 178.31623840332 183.609344482422 182.353530883789 180.509078979492 177.661468505859 173.793579101562 171.019180297852 161.367874145508 161.434387207031 162.636688232422 156.870986938477 165.149230957031 184.940673828125 194.980102539062 183.993515014648 182.720977783203 196.331954956055 204.839385986328 221.169967651367
259.933959960938 264.993927001953 267.610076904297 266.640930175781 259.56640625 256.117401123047 255.951248168945 250.672378540039 243.254470825195 237.59635925293 231.411590576172 223.097961425781 215.052185058594 214.173355102539 213.823150634766 199.27360534668 189.25553894043 190.609893798828 190.137741088867 184.385269165039 180.903854370117 182.742279052734 185.601013183594 188.916900634766 184.797119140625 179.865325927734 167.401382446289 161.994216918945 162.201644897461 170.921325683594 185.805953979492 190.337493896484 184.775924682617 179.930526733398 180.665802001953 183.081268310547 183.089157104492 181.56201171875 189.521286010742 188.196914672852 171.2607421875 182.344146728516 204.721832275391 195.274795532227 180.704284667969 181.664199829102 196.984634399414 205.415145874023 225.521545410156
258.035919189453 263.286895751953 267.389373779297 268.763397216797 262.554626464844 257.690795898438 256.610717773438 252.817306518555 248.563674926758 246.236602783203 241.451843261719 233.381607055664 227.655288696289 225.960266113281 220.338989257812 208.410003662109 204.517395019531 208.920700073242 209.297897338867 206.302932739258 204.669662475586 202.877334594727 198.93994140625 195.630615234375 187.490585327148 179.720932006836 170.629409790039 177.591812133789 180.815017700195 179.144989013672 192.309356689453 200.76123046875 197.177658081055 193.180480957031 197.240753173828 202.798492431641 204.927825927734 209.099685668945 211.336761474609 202.500793457031 192.091567993164 201.43717956543 212.199737548828 195.667709350586 187.099899291992 196.125350952148 206.646133422852 215.730499267578 226.951873779297
254.804077148438 260.045959472656 266.9814453125 269.744079589844 265.539733886719 260.278167724609 256.752349853516 253.906234741211 251.657592773438 249.233871459961 245.014770507812 239.728088378906 235.134994506836 231.682739257812 225.095718383789 216.239715576172 212.300720214844 215.333068847656 218.086639404297 219.793197631836 220.791915893555 218.120223999023 215.193954467773 209.563430786133 199.700500488281 192.442825317383 189.624420166016 199.981521606445 202.628036499023 194.683212280273 200.794830322266 210.476226806641 211.294250488281 209.559036254883 210.228912353516 211.925537109375 216.346527099609 223.623947143555 223.322006225586 215.409332275391 213.912704467773 220.214584350586 213.939041137695 203.07698059082 205.271377563477 211.068222045898 217.018020629883 225.833999633789 233.675201416016
253.020568847656 254.859390258789 262.961029052734 268.741180419922 265.482177734375 260.168609619141 253.640838623047 251.065887451172 249.076446533203 247.173492431641 245.331848144531 242.374420166016 237.541381835938 233.309020996094 228.512313842773 223.837921142578 220.032913208008 218.428512573242 217.188049316406 220.321701049805 227.300872802734 230.211837768555 229.695404052734 224.784454345703 217.592636108398 213.135848999023 208.898849487305 213.223052978516 218.241714477539 219.639663696289 218.686828613281 219.723648071289 219.839813232422 215.725860595703 213.327255249023 211.955291748047 214.715209960938 225.993774414062 230.876907348633 229.931991577148 229.335586547852 228.513748168945 222.367767333984 220.385208129883 223.279312133789 222.627716064453 226.607788085938 233.100662231445 240.32731628418
254.855743408203 251.914901733398 256.543365478516 268.432495117188 265.444976806641 257.913635253906 250.959594726562 249.025924682617 247.301956176758 244.340682983398 244.360229492188 244.835433959961 241.292358398438 237.869689941406 235.301818847656 231.198989868164 225.597396850586 221.16569519043 217.46076965332 216.841979980469 221.493865966797 226.303009033203 231.584686279297 235.079833984375 233.661270141602 228.846496582031 218.852340698242 223.723678588867 230.46516418457 233.862243652344 231.876205444336 231.109725952148 231.840667724609 227.293273925781 222.309707641602 220.345153808594 216.010360717773 218.836227416992 230.737731933594 237.451202392578 238.249649047852 236.425827026367 235.528213500977 236.567123413086 236.724517822266 235.281448364258 235.05517578125 238.675933837891 242.817565917969
258.350067138672 254.207015991211 255.61833190918 268.724639892578 263.808166503906 256.943206787109 253.536209106445 251.728866577148 250.770797729492 249.793441772461 251.062805175781 251.358459472656 248.728851318359 247.742263793945 244.549087524414 237.440093994141 230.877883911133 228.51042175293 226.955612182617 223.492340087891 219.516067504883 218.995178222656 223.574142456055 229.659469604492 237.350570678711 239.516128540039 233.114028930664 236.277404785156 238.628448486328 240.378677368164 241.823654174805 242.867919921875 243.2529296875 241.121627807617 236.353561401367 233.25244140625 226.907287597656 220.370895385742 231.529541015625 240.713653564453 243.042984008789 242.405151367188 242.603805541992 243.101898193359 243.809280395508 243.754974365234 241.612823486328 242.623352050781 246.8876953125
261.243103027344 257.967926025391 261.589660644531 269.299560546875 265.459686279297 261.497009277344 259.502014160156 258.613677978516 258.415771484375 258.996185302734 260.891906738281 260.574645996094 258.281005859375 257.960845947266 252.934692382812 246.201583862305 242.012908935547 240.839767456055 237.880920410156 233.86262512207 229.632232666016 225.528900146484 223.358963012695 227.066543579102 237.359481811523 243.109237670898 244.315216064453 244.723724365234 244.929168701172 245.432510375977 246.083145141602 246.166351318359 244.460922241211 244.739410400391 245.636734008789 242.373107910156 239.894424438477 236.111770629883 239.517654418945 244.677459716797 -3.4e+38 245.277374267578 244.789474487305 245.309524536133 245.615417480469 248.161376953125 248.315155029297 245.741790771484 245.789215087891
265.924774169922 262.340240478516 265.606170654297 266.269927978516 266.17919921875 265.370941162109 264.389495849609 264.468414306641 264.458404541016 264.749786376953 264.49755859375 263.416625976562 260.493438720703 256.854705810547 257.686553955078 255.382766723633 250.96989440918 246.763061523438 242.995178222656 240.9677734375 238.802810668945 232.587585449219 228.455993652344 231.95458984375 239.926620483398 243.726623535156 246.364624023438 246.531051635742 246.910903930664 247.262710571289 246.777725219727 245.394454956055 242.549880981445 242.308868408203 245.13981628418 245.588088989258 246.536605834961 247.458145141602 247.509536743164 248.760650634766 247.463104248047 246.69221496582 246.8359375 247.121475219727 245.842742919922 248.370849609375 248.870300292969 244.235321044922 242.371566772461
270.854248046875 270.455810546875 265.883636474609 254.481018066406 259.203796386719 262.572937011719 262.443145751953 262.352569580078 263.767028808594 263.302673339844 259.976715087891 255.502944946289 249.547805786133 244.631118774414 249.117065429688 252.014633178711 250.694427490234 249.917358398438 249.948287963867 248.373870849609 243.318801879883 236.158813476562 226.458358764648 221.65901184082 228.100036621094 235.070587158203 238.713317871094 242.302825927734 245.342346191406 246.958480834961 248.063507080078 247.190811157227 246.425827026367 246.037994384766 245.340072631836 244.585067749023 245.394195556641 248.357147216797 248.692626953125 249.714416503906 -3.4e+38 -3.4e+38 251.16845703125 250.926742553711 250.007766723633 248.440032958984 246.615463256836 243.963119506836 241.172286987305
270.897308349609 270.973083496094 268.8671875 256.772155761719 262.168823242188 265.195617675781 262.240936279297 259.744873046875 261.444396972656 262.251586914062 260.541015625 256.864105224609 248.232818603516 243.508514404297 245.230728149414 246.518783569336 247.014984130859 246.613327026367 245.178375244141 243.60627746582 241.069229125977 236.850708007812 229.111831665039 222.37060546875 223.061065673828 225.326934814453 230.418273925781 235.624786376953 241.473083496094 245.488967895508 247.158920288086 247.394683837891 247.285202026367 246.814163208008 246.495498657227 245.689331054688 244.914611816406 247.346176147461 246.875366210938 246.06591796875 248.042633056641 -3.4e+38 251.637969970703 252.167541503906 252.464263916016 251.560302734375 249.701034545898 248.086151123047 245.31526184082
270.276702880859 271.537048339844 271.524169921875 263.419281005859 264.721588134766 266.049896240234 263.91748046875 262.726104736328 263.654632568359 262.952239990234 261.173767089844 258.7275390625 253.785369873047 249.17741394043 238.834045410156 239.820755004883 243.801223754883 238.940536499023 233.039733886719 230.364181518555 227.150039672852 225.327133178711 225.738647460938 223.867080688477 219.167022705078 218.488922119141 228.674652099609 231.575241088867 237.67155456543 244.178833007812 245.706771850586 246.769683837891 247.60041809082 247.157821655273 247.497711181641 245.977127075195 244.042785644531 246.408020019531 245.231384277344 244.894287109375 247.16748046875 249.183471679688 -3.4e+38 251.493957519531 250.912124633789 249.911254882812 248.19921875 247.671829223633 251.892333984375
268.537231445312 269.607574462891 270.385223388672 267.375915527344 263.850616455078 261.026550292969 261.168548583984 263.478729248047 264.801513671875 264.895355224609 262.540649414062 260.004547119141 259.798095703125 258.204040527344 243.842315673828 240.808456420898 242.651458740234 238.040451049805 232.929748535156 230.832794189453 222.873748779297 215.046508789062 213.609008789062 213.121200561523 209.156829833984 207.327697753906 222.406768798828 227.997650146484 235.408233642578 243.052536010742 246.096954345703 246.504516601562 246.975616455078 247.311492919922 248.115692138672 246.773590087891 245.526565551758 246.231887817383 244.482559204102 245.079193115234 246.845840454102 247.491638183594 -3.4e+38 -3.4e+38 -3.4e+38 245.953643798828 245.081954956055 245.616073608398 251.16438293457
