rcp4.5models/MPi_ESM_LR/sc1gr5.6
NCOLS 261 
NROWS 433 
XLLCORNER 336357.134 
YLLCORNER 654653.479 
CELLSIZE 1000 
NODATA_value -9999 
[rows 352 to 373 of 433, columns 50 to 99 of 261]
278.201790076873 278.778055125906 278.787025785685 278.950067599595 279.048034591664 278.988084931083 278.630925676409 278.806283342647 278.960151888082 278.830750344295 279.185384851885 279.190242175786 279.113283586933 279.3731301701 279.387777874657 279.368486647738 279.331069649073 277.969140508052 278.889556599268 279.415312143604 279.212828337076 279.349079898646 279.492955651804 279.520388429298 277.456259305419 277.86186174466 276.419622459958 274.347587293821 275.084515618463 274.21541442104 273.036056932912 269.533769050256 265.650723339802 265.288733733768 269.937046522057 275.845341900305 276.486152550248 276.484177359754 271.616445042988 260.224502399861 273.433697998612 279.410525200951 279.876969661738 280.02918835182 280.240237983807 280.941025580217 280.074144020472 277.88880354001 277.020274703349 277.399842273178
278.280366148525 278.755265523413 278.757573055481 278.901391986471 279.13209517889 279.186507826421 278.562411829803 278.514586217556 278.683566479657 278.97889988967 279.164993262197 279.250667516174 279.197601272276 279.20346905886 279.230122676178 279.242461984361 279.292242894509 278.798016637144 279.589115595804 279.501102491695 279.350988807033 278.801957828159 279.04665146742 279.611708516902 279.258440119435 279.219164894759 279.574754401715 279.449446247246 275.637641929927 274.021087732285 274.212053992085 274.188651657364 269.13709413204 264.483135369559 265.992033406367 271.888969738338 276.662635955409 278.285262306138 274.558560235412 262.268910734363 267.086758172232 275.885302828303 279.399605419068 278.992721023209 278.623142196057 280.252675647913 280.981180277084 277.933850092753 276.118676277868 275.947343787848
278.400435413352 278.802591969755 278.866803261374 278.911738014426 279.051625319832 279.107357841146 278.936029783367 278.895304825877 278.960327651632 279.126274132473 279.034583146806 279.144773760585 279.302135147724 279.055850608284 279.050502644688 279.167690388915 279.508646007749 278.838420427259 279.224113800129 279.461084425732 279.454100101113 279.046441143409 278.252655352927 278.49347910901 279.336123140913 279.609321101664 279.356473246382 279.35766709421 275.070304433462 273.116352843574 274.871557221468 275.732913424206 270.386258286124 264.490003149724 263.186514718574 265.200512972323 271.311773462909 276.921356686332 275.9559437869 267.728389609181 255.326459930403 267.756904039501 277.675490761595 279.905323337321 276.87581474779 277.063026109727 280.191658402677 278.361931070487 276.504741680034 275.110334840085
278.271981863818 278.755387874132 278.864667644463 278.840835857013 278.869221077215 279.033135562272 279.189457908758 279.183583411894 279.1745868517 279.177730481979 278.948275247312 278.971934421437 279.369728352264 279.397207684221 279.091093128193 278.812928738196 279.274816214081 277.312897836027 278.076436236912 279.637334942546 279.48998035662 279.572624036358 278.630054485965 278.612880405949 279.486684772829 279.896018608308 279.446266717696 279.541440364102 278.185162922054 275.392088687683 276.55651307442 277.956545125518 274.94950514763 272.550790416376 265.691500121525 261.194287762894 264.610648861885 271.262998570865 276.165612291006 272.398151279851 249.831713586129 255.038005804246 268.821378455878 277.870414451832 276.522822377155 274.431440593797 276.608384909293 277.745578869455 278.234637333879 276.475497255504
278.349381750565 278.768705508631 278.76887701073 278.847593354752 278.537082157158 278.118233467957 279.276035544868 278.966728833825 278.925659846601 278.438435123285 278.699852268906 278.802728840992 279.006947180536 279.222464061339 278.523860913787 278.447323435645 278.742818530313 277.04159783912 277.907650759128 279.574914997911 278.46608099945 277.556973662886 278.063394433695 279.204555543966 279.133905176711 279.496998507111 279.818335343949 279.87594052542 279.524377221533 277.324692224111 275.977265824514 275.451602947306 274.465358139104 275.305296313356 272.22521414205 268.053708750452 267.14620429347 269.337808740933 275.17797962113 276.449000478451 256.394329228993 250.323681995996 259.01983675518 271.329268415149 274.996356807818 272.779499404838 272.262950365503 275.097265270979 278.555094822963 279.001705157156
278.618812411429 278.550740508211 278.634335034284 278.908942396194 278.409963947257 277.567107918699 279.245634719677 279.098604597394 278.975268846476 278.721255441635 279.058082930444 279.027699249502 277.22390387629 277.881637921825 278.309259955841 277.541506219948 278.281840706476 277.764404941772 277.984710072263 278.669018042144 278.749572395923 275.251782338869 276.180514301447 278.911933626565 276.435485498404 277.514511492229 279.920930571149 280.028929759933 280.239376909659 276.761059988276 272.337877881412 270.933448571529 269.843570802391 271.941645114281 273.698676448889 272.476512199036 270.168371511535 268.918385751738 271.690537523824 274.892060718972 267.786186223987 256.17587705448 253.053201564218 261.345636382056 270.025830829012 273.550533787445 272.643833030383 273.612730966687 277.010781785553 278.540407734744
278.527511948461 278.210474544061 278.184179303514 278.720497927559 278.517253501004 277.965462670295 278.740118600819 278.809112656984 278.985460591955 279.34239322107 278.618143900373 277.927722319944 277.225552179955 275.885662104523 275.922072784649 275.304913282985 275.647679271197 277.109459311685 278.798549857563 277.688828667451 278.540943068619 274.806921400052 275.856965040919 278.389418673548 275.813989148988 277.446470355758 279.898152373788 280.037173723836 280.375424148558 278.207813565032 271.136564729196 268.031618003653 268.518928111605 270.115719501625 271.320415316029 271.383088516176 270.022435557827 267.128616763367 267.361066123009 267.481296982778 272.802979316179 263.265843987845 250.99762576118 252.410791849471 262.427918147624 271.97258297323 275.34742867994 274.039144951681 275.047491313105 277.612435187915
278.113830530983 278.045198157874 278.420476505613 278.254963428384 278.274012706778 277.577778221902 278.492081488238 278.698767188458 279.183483287516 279.350631150817 276.618260852731 274.05839564908 276.964376180494 275.202272395459 272.738280960282 273.207032759805 273.990190702553 278.333842678657 279.528430842744 278.664606486492 278.842585232083 277.688570581699 278.018033227494 278.554800988096 275.702619744701 274.834933917002 278.074748430885 280.031645541446 280.184843720739 280.334889324299 274.924892067057 268.847726168333 268.369192644191 269.342883289949 269.556143603106 271.157498508168 270.046412262677 264.241405414194 264.371767089656 264.619761869695 269.075030160963 268.317538898432 258.57682029287 254.442930883859 255.939282717237 263.537221109338 273.145086884024 275.692521635417 275.017692832068 276.210558548026
278.358536351976 278.659675151896 278.520574316957 277.854581617345 278.126294340564 278.175608054974 278.975183912762 278.874434776278 277.583031884384 275.847196380816 274.500873896039 274.120396139876 274.430787468456 274.594750905687 272.443092457136 272.220190198557 274.002232740102 274.46641301552 277.509863928456 278.527668917628 278.843713915623 276.7140516752 277.099083403229 275.000460931307 273.386567057016 274.124814314435 275.662850045875 278.142672325603 279.419895896579 279.770147149073 278.559088909983 274.955598745713 271.949957834727 271.893916591857 269.613340983437 269.11036201924 269.978757767824 265.72664550548 262.399509196196 264.929579636008 264.989385211595 268.402391344782 269.221679170073 267.806146354711 264.232551519586 261.033995291251 259.408848078799 260.685086336158 266.4909563382 272.157222590587
278.56957410042 278.700228227084 278.425703260688 277.828167973099 278.04026053657 278.173579077881 278.841146533564 278.795201291414 278.041952394889 276.129286535591 274.855324878859 274.844749176866 275.141441241124 273.628309633704 275.036948350477 275.622069107487 272.901642869131 275.248931474394 276.683951214304 278.167476945742 278.655135294988 276.880328805643 277.386302433285 275.974189486736 275.468821356333 275.088071824378 274.451500501543 277.557908910547 279.462745518081 279.457426816296 279.485066630696 278.631163467441 275.4368964345 273.388668367508 271.478427521539 268.421354860609 266.97773735587 263.943563307164 261.028498634696 261.951155298202 264.99112167941 266.094348416738 267.150541445638 265.987590623873 264.277603337796 263.56813567647 262.686949068064 258.858640443762 258.047755120755 264.341059207198
278.418485280138 278.448873896914 278.339258021998 278.224818747277 278.302365684857 278.395101275106 278.655260635752 278.563959161842 278.145987465073 276.908226025036 275.509784899142 273.4504736113 273.523997309887 273.413795750157 276.065888870576 276.867484143987 274.706610444717 277.614531537983 277.617612747713 278.404573830934 279.082839749593 278.906609987643 277.90750448106 277.728753643739 277.504057602853 274.733810632114 274.723724023287 277.115508842558 279.631022966999 279.047518048357 279.634597224481 280.023707957561 276.759656461266 272.928076663802 270.451595429939 268.04130577493 265.86577921722 264.152581728158 262.742026788401 261.1525047121 266.512650635003 265.473938428611 266.518119518992 265.741059669846 263.3045779916 263.210990917183 264.822900067856 263.608998211986 260.260817284465 258.312045596774
278.233527134553 278.697952032733 278.980308464663 279.069401673031 278.692947653369 278.277823631749 278.617768927224 278.247776669084 277.51689613986 277.133045924433 275.832789660164 273.012044300454 272.310047201821 273.526555914343 275.247014300012 276.476722360428 275.991440381117 278.409440635196 279.180644340272 279.081574207466 279.484422679651 278.235887506225 276.449725929173 277.882929139211 277.407052495252 274.14430439684 276.028831689255 277.915171413776 280.014640107735 279.305217568613 278.726247217915 279.316545833749 278.730258943252 276.87142046423 272.99733310121 270.119520655044 266.716424175363 265.000551194263 264.081064743539 261.98830747302 266.598146991812 267.452818133643 267.000307517437 266.365452042163 263.961532886008 260.990416829906 262.754244841274 266.460225786468 265.4114357961 260.991635342473
278.081679280668 278.649626922017 279.205375756615 279.13413197905 278.729469503102 278.438053843348 278.397411567619 278.431358465694 277.14565375827 276.747537772887 275.206110462803 274.386517188848 273.895180397177 275.151822148814 275.391453710316 277.098345651535 276.462361348052 277.578088447952 278.58632861357 278.795556014654 279.443709681971 278.233914995299 276.389204784953 277.068911495123 276.017523972648 274.104582065308 277.063145729121 279.25662337571 279.434783445908 279.844710936891 278.722339408025 278.99789047158 279.884620866936 277.465605598517 275.457287087614 273.940333381358 269.721847455124 266.593006947393 265.44787161429 263.983747675085 265.924407341395 269.227154761875 268.704107008123 267.846133164238 266.212069736135 263.00227250581 263.345804470413 266.883873801405 267.469415987389 265.518871048645
278.03430004822 278.063297895337 278.550868045444 278.632222674273 278.578494332534 278.515152405376 278.230746709737 278.150670662672 277.768205774386 276.883256453069 274.688774362553 274.54068825906 276.403030744014 278.089480307838 277.761151457611 278.054900119721 276.996352669603 278.34954549304 278.61544216528 278.715739755223 277.836743221265 278.267479771904 278.642917570648 278.426400803299 275.023585443067 273.467610835157 276.508461738534 278.94510070599 276.812683396138 278.466338679332 279.573645989515 278.669767081981 279.219163605054 277.274766868796 274.326978267836 273.003776972743 271.526424099648 268.678124361894 266.466519052605 265.940087301571 266.642702451996 268.612930107493 269.284350472073 267.860532459655 266.805235722603 266.556968434867 266.381037399934 267.405649122191 267.97437490825 266.078023742218
-9999 278.092455187189 278.274854941116 278.177536754863 278.230414772614 278.298490643876 278.580180049685 278.085963184912 278.068035941978 277.69339183274 276.748618739018 275.848334420758 276.993690120716 278.739040030669 279.123165590268 278.774203840928 278.257493922364 278.904423900836 278.664095214976 278.858466088628 277.448863554259 278.301203406416 279.420244908902 278.227780216395 276.586856675876 275.331661012391 276.230155931629 278.118094742449 277.543400906791 278.538687935857 279.77826293736 278.422707584875 277.688740489595 278.220838479986 273.953826983087 269.778320917266 271.698022137461 268.967898526146 264.093743105402 263.501295349583 264.618566832281 264.576208021327 268.288700233848 268.641678863763 267.901522536916 268.06233160563 268.073008348968 267.935977683045 267.202951868743 265.761353054367
-9999 278.093181763883 278.301226702627 278.33022431266 278.13885188751 278.319858754313 278.789775727196 278.248918444517 278.340779979817 278.077390333985 278.030472845072 277.609144037324 277.756483170656 278.804287612086 279.230974361755 278.973076121428 278.903419336511 278.063885517307 276.584632302229 277.141485502448 277.414721886642 277.085608500844 278.326936298009 275.750640668513 275.836388989951 275.643739415492 274.532342417862 277.126515304926 279.527005458721 279.57236219207 279.787008568726 279.186777879575 277.878562384843 277.372296265257 274.782393896498 269.247874561253 268.383553340813 267.72564636879 263.874618276612 260.570099184253 263.676187660691 262.382123580043 265.600428386161 268.012133305488 268.10944940606 267.823315414437 268.137616068528 267.626603530706 267.15626440905 266.320901074487
-9999 278.127470044903 278.131957157509 277.916119950685 278.365755420671 278.771981571595 278.695100459636 278.287946585307 278.589999056713 278.387777326668 278.097696450838 278.270247398136 278.542087926361 278.794967680501 278.924509239133 279.033706014075 279.209963381297 277.014231318464 274.7148653713 274.881218481704 275.353169528194 274.632987091267 277.217143628316 275.958932010575 274.45806004801 275.001551443343 273.58664550987 275.430997642542 279.515136195639 279.606416598458 279.792644574149 279.656265559956 277.99958971 273.840583328386 271.132683807346 268.293547142603 266.701828302345 266.40818362959 265.135098880067 260.564653900704 263.013689304947 262.498601385492 264.238848822011 265.308895681093 265.842807839084 267.707193255282 267.832741675153 265.958245001993 264.4295358779 260.847652164389
-9999 278.513273684431 277.742355757897 277.940187648781 278.554553116283 279.251224608099 278.674489375774 278.543207286613 278.655598077895 278.809321802525 276.635086853748 277.577538327974 278.921961420225 278.885076792434 278.33964533802 278.511404405065 279.025031048127 276.826399663385 273.485932964745 273.311740462549 273.754233859648 273.669515134137 275.619121245192 276.646119618412 274.531814908034 274.273229954706 273.8967339688 273.021444995587 278.622314539 279.515263504614 279.618964463102 279.662235172318 277.497001266413 272.917520562881 269.687865566805 269.237339408081 269.346955289667 266.438292044714 265.704559994097 264.021887544827 261.223266760803 263.734814668155 264.048443659045 263.112787385713 262.465078129926 264.392239538402 267.054694202524 267.189913293662 263.924801438211 254.98754861742
-9999 278.328688846677 278.052221450982 278.480272136265 278.632795567134 279.105654142806 278.822413062405 278.761940677345 278.710926601736 278.840961979446 277.639529111506 277.944554457184 278.956694424881 279.200419356047 278.582650571924 278.037492372282 278.05605260446 278.020038241649 275.04586447998 273.092238236648 272.724069582379 274.533419504456 276.131449786779 276.877695326469 275.766327991866 275.75551933201 274.79488906156 270.439489097514 276.005019230139 279.573487684227 279.259944574239 279.518107887535 277.143874814508 274.021677190485 272.18434280127 270.420430954275 269.533860685737 267.876782484029 266.975818992471 266.676039818358 262.831166517287 263.444287154746 260.537029784844 260.369032651528 261.174431528388 260.439049590912 265.124174249925 268.336401405055 265.5199089191 255.573681438412
-9999 278.558728317103 278.60733060752 278.660103169593 278.975271906312 278.948784564657 278.883330234901 278.497264710317 278.585249757585 278.802666740023 278.910449807534 278.763258367367 278.610848198663 279.256271590992 279.298264144252 279.31848971813 278.658663718353 279.09333825683 278.233105430229 277.72290448217 277.088911254184 276.410279359646 274.368368506839 273.430672740223 277.178031726692 279.853837093312 276.612398848621 272.05898247709 271.723778274221 276.772063729483 278.697363735805 278.899416405426 278.630240844682 276.317200740788 274.455612037719 272.911037428563 272.094040003674 271.71632339704 269.942675720863 268.81460974293 263.523114830725 257.268662722025 257.126255328678 257.925175618064 258.395253707021 261.850799117444 260.723774942446 258.879309689152 262.214303395888 263.201537404515
278.45894085935 278.489933605384 278.610954701283 278.765476382063 278.690906327595 278.61916143796 278.683685355764 278.400722766705 278.369766741685 278.525181000829 278.829800514398 278.663631167839 278.835522265504 279.002268614712 279.240490553115 279.554331484881 279.377839039168 277.788418423096 277.426334146526 278.385155295708 278.427836627342 276.118016803189 274.892487666213 276.001237918457 278.326648029631 279.644609437642 276.709426245963 272.472891115988 268.216270785503 271.781801392853 276.014033995207 278.021384646816 277.865166650347 276.580180209433 275.651340666053 274.296620590947 273.126499394789 273.137347151563 273.324152248846 272.469343808295 264.093700577636 260.598834681838 258.674147084959 259.55102994771 257.005967071423 258.588491462338 261.848934974104 260.536351736351 260.97727002561 263.103026722322
278.523575294507 278.63489049049 278.764995629658 278.881657814847 278.743905727165 278.698509540174 278.83293800272 278.435457132827 278.244743577453 278.574533294804 279.041789510292 278.897242895017 279.245126252359 279.333165234755 279.108252767543 278.296605491108 278.816268964854 276.550128707899 275.019400878707 274.919711588287 275.998221462886 276.266639511872 276.296534642713 278.219122788324 279.422277478213 279.478453695084 278.081410455823 272.653252204717 266.208706292165 267.377339992874 273.673631161054 278.55515088076 278.810888827889 277.488670878357 275.799950804475 274.729356183407 274.157117779579 274.586359975012 274.430626265374 273.250044461321 264.591248837114 264.614988856755 261.339421764639 259.48469796211 258.087312412451 253.977459784629 255.918037862727 261.280457094884 261.593829276089 260.23053089507
