rcp4.5models/MPi_ESM_LR/sc1gr1.15
NCOLS 261 
NROWS 433 
XLLCORNER 336357.134 
YLLCORNER 654653.479 
CELLSIZE 1000 
NODATA_value -3.4e+38 
[rows 154 to 175 of 433, columns 49 to 97 of 261]
54.7340507507324 54.8425331115723 54.9742813110352 54.7832565307617 55.1565551757812 55.0714111328125 55.111701965332 55.9316940307617 55.658260345459 56.220157623291 55.8496170043945 55.9495506286621 56.1169357299805 56.2261695861816 55.9564361572266 56.2652740478516 56.259895324707 55.5017127990723 56.0078239440918 56.172046661377 56.2264442443848 56.8037605285645 56.3548927307129 56.3977127075195 55.9306449890137 56.2199211120605 56.4745445251465 56.5197563171387 56.4651756286621 56.3629264831543 56.6797294616699 56.8629989624023 56.9303207397461 56.8240737915039 56.9097709655762 56.8936233520508 57.4022941589355 56.9578399658203 57.0919189453125 57.1037330627441 57.0453948974609 57.1578063964844 56.8444023132324 56.866813659668 56.6363525390625 56.8930511474609 57.1592407226562 57.3219032287598 57.0545539855957
54.717414855957 55.1518249511719 55.333927154541 55.2820243835449 55.1865463256836 55.2658843994141 55.408390045166 55.9402122497559 55.6161193847656 56.1278953552246 55.997745513916 56.0939598083496 56.2740898132324 56.4234085083008 56.287036895752 56.3738098144531 56.3945960998535 55.146656036377 56.3637428283691 56.2831268310547 55.9122619628906 56.8067169189453 56.5881156921387 56.1748962402344 56.3779067993164 56.2316398620605 56.414234161377 56.6319580078125 56.7081108093262 56.6111602783203 56.7902412414551 56.881534576416 56.9303131103516 56.7806587219238 57.1017456054688 57.2377014160156 57.4225921630859 56.9039001464844 56.8171310424805 57.1632537841797 56.8548316955566 57.2641487121582 57.0171012878418 56.777416229248 56.9220962524414 56.858039855957 57.2860336303711 57.3321762084961 57.1806182861328
54.9609527587891 55.1892471313477 55.5591239929199 55.2037620544434 55.3204002380371 55.4208183288574 55.6055793762207 55.6341857910156 56.0223655700684 55.8470039367676 56.0671691894531 56.3354606628418 55.9837646484375 55.8277740478516 56.3188743591309 56.4967002868652 55.7684745788574 55.6795539855957 56.0262107849121 55.8043441772461 55.7197341918945 56.8901977539062 56.6381034851074 56.2030639648438 56.6671829223633 56.2604866027832 56.4405746459961 56.5418357849121 -3.4e+38 57.1123580932617 56.9107971191406 56.9062156677246 56.9278755187988 56.6595840454102 57.019401550293 57.097728729248 57.0217208862305 56.7625274658203 57.2404556274414 57.2720909118652 57.1253356933594 57.3814735412598 57.2526092529297 56.7729415893555 57.2440872192383 56.7535285949707 57.0354461669922 57.0364303588867 57.0730247497559
55.4769821166992 55.7260208129883 55.7913093566895 55.2844047546387 55.5798835754395 55.5616264343262 55.7766151428223 55.5588417053223 56.0019454956055 55.8592910766602 56.2748260498047 55.9222221374512 56.1038284301758 55.9036865234375 55.9640884399414 56.3604736328125 55.8490104675293 55.7651214599609 56.1909255981445 56.2343788146973 56.296688079834 56.575798034668 56.3406143188477 56.273323059082 56.9190406799316 56.3614234924316 56.6208000183105 56.6135292053223 56.7015571594238 56.9925270080566 56.8130378723145 57.0003356933594 56.989574432373 56.6898078918457 56.6842422485352 57.200366973877 56.7730369567871 56.6430358886719 57.5827941894531 57.3186416625977 57.2690124511719 57.2790985107422 56.8488082885742 57.2297439575195 57.3480110168457 56.6721839904785 56.6988754272461 56.8074226379395 56.8418960571289
55.7606163024902 55.4896430969238 56.1418647766113 56.1054954528809 56.192195892334 55.8766975402832 55.8568229675293 55.6841621398926 55.9090118408203 55.739803314209 55.8743629455566 55.7979927062988 56.2178230285645 56.0164260864258 56.0260353088379 56.2081298828125 56.1655349731445 55.786865234375 56.4352798461914 56.7119903564453 56.6048355102539 56.1142501831055 56.1126327514648 56.2201461791992 57.0472183227539 56.5213737487793 56.6357574462891 56.8085098266602 56.7052116394043 56.5833549499512 56.4738883972168 56.7898979187012 56.9999351501465 56.6574287414551 56.6534233093262 56.9086303710938 57.1972236633301 56.5220031738281 56.893440246582 56.7508544921875 56.5600471496582 57.1501579284668 56.5731811523438 57.3604469299316 57.1563262939453 57.2893218994141 56.624828338623 56.7572059631348 56.8583450317383
55.6087265014648 55.3751411437988 56.0732688903809 55.9187507629395 56.4269104003906 56.1014366149902 56.1593132019043 56.0239028930664 56.0070381164551 55.6343803405762 55.7756614685059 55.853931427002 55.9341697692871 56.1144485473633 56.2286834716797 56.245231628418 56.3326644897461 55.8872299194336 56.6904945373535 56.9203987121582 56.7917098999023 56.0870361328125 56.237247467041 56.2969398498535 56.6839256286621 57.0661430358887 56.6296730041504 56.5456733703613 56.5923538208008 56.6673011779785 56.4820976257324 56.7731895446777 57.0016059875488 56.6838340759277 56.6209945678711 56.8575096130371 57.1856994628906 56.847095489502 56.553840637207 56.6831321716309 56.8447456359863 56.677978515625 56.7873077392578 56.7566947937012 57.0402755737305 57.424129486084 56.675464630127 57.2805061340332 57.3469429016113
55.6828155517578 55.5959014892578 55.8393821716309 55.5573577880859 55.8710784912109 55.8377342224121 55.9413909912109 56.052318572998 55.7763214111328 55.8733978271484 56.4223213195801 56.1429862976074 56.577392578125 56.1652755737305 56.2415657043457 56.3491897583008 56.5643272399902 56.4304084777832 -3.4e+38 56.6123466491699 56.9490814208984 56.373779296875 56.7779235839844 56.5803337097168 56.8273391723633 56.7155494689941 56.9015007019043 56.7743530273438 56.8500213623047 57.1149139404297 56.7112121582031 56.8602523803711 56.8899459838867 56.7866172790527 56.7124443054199 56.9424819946289 57.0522270202637 57.0554733276367 56.8335647583008 56.4986381530762 57.3837051391602 56.8778419494629 56.621021270752 56.778995513916 57.4132995605469 57.4339408874512 57.1844825744629 57.2649307250977 57.4546127319336
55.7534103393555 55.7587585449219 55.6286125183105 55.6500396728516 55.6238594055176 56.0560073852539 56.2140655517578 55.8343505859375 56.1849708557129 56.2561836242676 56.4319305419922 56.4213409423828 56.2993240356445 56.5394821166992 56.6961860656738 56.8115005493164 56.9622230529785 56.8879737854004 57.0225296020508 57.2695579528809 57.1355285644531 56.6722106933594 57.2522125244141 56.9593467712402 57.1249046325684 57.1417427062988 57.0302047729492 56.9547462463379 56.8396263122559 56.7415504455566 56.7055244445801 56.7120246887207 56.5040702819824 56.9593544006348 56.9803924560547 56.6530952453613 56.6421356201172 56.8633575439453 56.9060745239258 56.5100975036621 56.7148780822754 56.7968597412109 56.9871788024902 56.6774864196777 57.3734474182129 56.8470230102539 56.6171875 57.0396003723145 56.8799705505371
55.8178520202637 55.8639717102051 55.8760681152344 55.8074951171875 55.5014877319336 55.8999137878418 56.2008247375488 56.0336952209473 56.2300186157227 56.4196472167969 56.6368751525879 56.461856842041 56.5517425537109 56.7178802490234 57.1248321533203 56.9568710327148 56.9165534973145 56.9349899291992 57.1659202575684 57.4072418212891 57.3636779785156 56.8667297363281 57.358341217041 56.8504104614258 56.9090690612793 57.0744743347168 57.2809410095215 56.9436912536621 56.984676361084 56.9290885925293 56.322696685791 56.5652694702148 56.6844291687012 57.017879486084 57.0841064453125 56.8797798156738 56.69873046875 56.7209663391113 56.8637466430664 56.5267677307129 56.4267425537109 56.7177810668945 56.7840690612793 57.0550918579102 56.8605270385742 56.5957984924316 56.7485504150391 57.13525390625 57.0311279296875
55.9295234680176 56.1912612915039 56.0549621582031 55.7596588134766 55.7462387084961 55.7793655395508 56.2930526733398 56.5722999572754 56.4451484680176 56.742259979248 56.571174621582 56.4699745178223 56.7206230163574 56.8803596496582 57.387523651123 56.6028747558594 56.7227554321289 57.0546836853027 57.0800514221191 56.4770050048828 57.4349136352539 56.5997657775879 56.7450675964355 57.1339263916016 56.6829643249512 56.902660369873 57.2826499938965 56.8221626281738 56.8434982299805 57.0204048156738 56.8159828186035 56.8698654174805 56.8577308654785 57.4285774230957 57.3615417480469 56.7928581237793 56.7786903381348 56.8486213684082 57.1068572998047 56.7564468383789 56.6754264831543 56.6808319091797 56.9226341247559 56.9490051269531 56.6057319641113 56.678092956543 56.6908798217773 57.0016822814941 57.017578125
56.1785850524902 55.8309288024902 55.8297348022461 56.082592010498 56.1357727050781 56.2330436706543 56.6569595336914 56.8836975097656 56.9006996154785 56.9884452819824 56.5861167907715 56.6288566589355 57.0308876037598 56.9663887023926 56.8842124938965 56.6659927368164 56.6680679321289 56.8270263671875 57.154354095459 56.3056602478027 57.2234802246094 56.753963470459 56.3644332885742 57.1424827575684 56.8669548034668 56.8137741088867 56.8801651000977 56.8233108520508 56.7699279785156 57.1352005004883 57.1487579345703 56.9056396484375 56.8041114807129 57.0602569580078 57.4759407043457 56.669189453125 56.7558860778809 56.8166122436523 57.0610275268555 57.1964530944824 56.872371673584 56.4681816101074 56.6985855102539 56.9706802368164 56.693286895752 57.2212333679199 56.8249702453613 57.0144882202148 56.6102485656738
55.8594245910645 55.8115882873535 55.68896484375 56.0200119018555 56.1142692565918 56.1924934387207 56.4866523742676 56.6436500549316 56.7862396240234 56.849853515625 56.6122512817383 56.4937438964844 57.1359748840332 57.3223190307617 56.5227355957031 56.7339324951172 56.5878562927246 56.4670257568359 56.6717529296875 56.49267578125 56.7536430358887 56.8034057617188 56.6175651550293 56.8611259460449 56.9838638305664 56.8705024719238 56.7068328857422 56.8767585754395 57.0426063537598 57.1681671142578 57.2156524658203 57.0086364746094 56.8177146911621 56.8437271118164 57.4627876281738 56.7335624694824 57.1566314697266 56.912223815918 57.2077713012695 57.1298408508301 56.992244720459 56.8145027160645 56.8469009399414 57.0648193359375 56.9559555053711 57.2075157165527 56.9786415100098 57.0284652709961 56.958122253418
55.5698471069336 55.9613571166992 55.8416748046875 56.242790222168 56.0342254638672 56.1977348327637 56.3873481750488 56.8899841308594 56.7273254394531 56.828296661377 56.7182083129883 56.6308479309082 56.4502944946289 57.2058486938477 56.3493423461914 56.7881851196289 56.6969032287598 56.3483963012695 56.7675971984863 56.4908447265625 56.7327880859375 56.8214797973633 56.697021484375 56.8572959899902 57.0288200378418 57.1019439697266 56.8310661315918 -3.4e+38 56.981689453125 57.2097854614258 57.2601699829102 57.2375373840332 56.9205055236816 56.7069892883301 56.9407539367676 56.6641464233398 57.0954666137695 57.0432891845703 57.1790733337402 56.9612693786621 57.0164947509766 57.0738677978516 57.1655311584473 57.3092498779297 57.239574432373 56.9886512756348 56.9447555541992 56.9366111755371 57.2765655517578
55.9833793640137 55.890022277832 56.1497955322266 56.4962959289551 56.4606246948242 56.6666793823242 56.6030082702637 56.7148056030273 57.0656585693359 56.5646820068359 56.8556175231934 57.2651519775391 56.6871566772461 56.7700309753418 56.9247817993164 56.6248435974121 56.9476165771484 56.531120300293 56.845344543457 56.6164360046387 56.7797775268555 56.9459800720215 56.8716087341309 57.0450019836426 57.0607681274414 57.3056869506836 57.1519927978516 57.1254539489746 57.1039543151855 57.2628936767578 57.4007949829102 57.263671875 56.8753395080566 56.7963066101074 56.6772842407227 56.7445259094238 56.9250221252441 57.2817459106445 56.9832153320312 57.0342903137207 57.0208358764648 56.9495391845703 57.1895179748535 57.378963470459 57.4217376708984 57.08447265625 57.2002868652344 57.1953468322754 57.3039474487305
56.351676940918 56.2649726867676 56.4389610290527 56.4005813598633 56.856388092041 56.549186706543 57.0530967712402 56.6103820800781 56.9253158569336 56.7269172668457 56.1900177001953 56.9062423706055 57.1214256286621 56.4085311889648 56.8173828125 56.6293869018555 57.1549377441406 57.2676467895508 56.8249473571777 56.867488861084 56.9409980773926 56.9749183654785 57.1298942565918 57.1847915649414 57.1587944030762 57.3675231933594 57.3513565063477 57.2650756835938 57.1093788146973 57.4004173278809 57.4386787414551 57.3060455322266 56.9024658203125 56.8822135925293 56.8219413757324 57.1862373352051 56.9321823120117 57.1002349853516 57.0157585144043 57.0750694274902 57.0722312927246 57.0575485229492 57.1098175048828 57.2063064575195 57.2289581298828 57.0432815551758 57.0999870300293 57.3324356079102 57.0217666625977
56.3785400390625 56.4156837463379 56.4496383666992 56.703239440918 56.5867881774902 56.3302955627441 56.6167488098145 56.3504905700684 56.5354957580566 56.4615249633789 55.9233703613281 56.7797546386719 56.6836280822754 56.4269638061523 57.0617141723633 57.1246032714844 56.9524574279785 57.1381072998047 56.900936126709 56.9893493652344 -3.4e+38 57.0777931213379 57.0395050048828 57.0329475402832 56.988410949707 57.3941841125488 57.421012878418 57.0954704284668 57.255802154541 57.3280944824219 57.5805511474609 57.4693756103516 56.9732322692871 57.0289039611816 56.9474029541016 57.0436859130859 57.3529014587402 57.0257148742676 57.3558158874512 57.1153945922852 57.0268516540527 57.4177513122559 57.1199913024902 57.2909088134766 57.5207061767578 57.0602569580078 57.0018653869629 57.3148994445801 56.8507766723633
56.6396865844727 56.7486305236816 56.698558807373 56.6017227172852 56.569091796875 57.005241394043 56.6755867004395 56.5278358459473 56.9151649475098 56.5494575500488 56.2654876708984 56.8929901123047 56.494327545166 56.9153747558594 56.9094200134277 56.9592399597168 56.8480262756348 57.0268135070801 57.3688735961914 57.2937049865723 56.9883232116699 57.1357383728027 56.9836502075195 57.1225776672363 57.0926246643066 57.4062614440918 57.4309196472168 56.9757499694824 57.4199867248535 57.4632377624512 57.6707305908203 57.5503311157227 56.998779296875 56.9848709106445 57.0684013366699 57.2245903015137 57.0469932556152 57.1948738098145 57.6751441955566 57.3762397766113 56.9801368713379 57.7433815002441 57.6004905700684 57.5781021118164 57.2023162841797 57.1171989440918 57.1603317260742 57.2571029663086 57.0922470092773
56.6386299133301 56.5362281799316 56.8742980957031 56.4964561462402 56.5144844055176 56.861701965332 56.4834861755371 56.5064125061035 56.8345527648926 56.6551818847656 56.5765266418457 56.9878730773926 56.6451530456543 57.2417335510254 56.8473854064941 56.8380165100098 56.9727935791016 57.3767204284668 57.2040100097656 57.1862297058105 -3.4e+38 57.0510368347168 57.2328109741211 57.2125968933105 57.1547813415527 57.2892723083496 57.2104759216309 57.3581886291504 57.4769439697266 57.6474494934082 57.671314239502 57.2014465332031 57.0870170593262 57.5043258666992 57.507999420166 57.6374244689941 57.351146697998 57.4983901977539 57.6407928466797 57.0985565185547 57.1390533447266 57.7297325134277 57.6001510620117 57.7655181884766 57.0088729858398 56.7879753112793 57.002799987793 57.1007194519043 57.3170700073242
56.7906799316406 56.788200378418 56.782039642334 56.9636421203613 56.6259727478027 56.4943237304688 56.742431640625 56.9500999450684 56.7141418457031 56.7228775024414 56.7384643554688 56.9871635437012 56.7484321594238 57.3267059326172 57.2508392333984 56.9307746887207 56.9981346130371 57.1480140686035 57.5020599365234 57.1636123657227 57.1899185180664 57.2332572937012 57.6601333618164 56.9962539672852 57.4072418212891 57.5468139648438 57.4508666992188 57.3812217712402 57.4415664672852 57.5893020629883 57.6799240112305 57.3198013305664 57.4939422607422 57.6328048706055 -3.4e+38 57.4747734069824 57.329647064209 57.6823539733887 57.5405654907227 56.6822204589844 57.0571327209473 57.2668380737305 57.1741561889648 57.3055839538574 57.4896659851074 56.8057518005371 57.0832290649414 57.2201652526855 57.1135101318359
56.5921020507812 56.7680130004883 56.487377166748 56.591236114502 56.6526870727539 56.5386428833008 56.8647575378418 57.0324440002441 57.0810508728027 57.2398986816406 56.899787902832 57.2161483764648 57.1686630249023 57.5597915649414 57.4851875305176 57.5756034851074 57.2219352722168 56.8675804138184 57.4858894348145 57.6659202575684 57.362232208252 57.6564407348633 56.888111114502 57.0870399475098 57.3184127807617 57.4164924621582 57.7526588439941 57.6701583862305 57.6313095092773 57.4267387390137 57.283805847168 57.6146087646484 57.4797439575195 57.2035217285156 57.5425071716309 57.114875793457 57.5365982055664 57.1758613586426 57.1931648254395 -3.4e+38 57.1635665893555 57.1642990112305 57.226188659668 57.357593536377 56.8441352844238 56.6394653320312 56.8290672302246 57.2664489746094 57.4287376403809
56.4950752258301 56.5457344055176 56.6081695556641 57.0033569335938 56.5964851379395 56.9036064147949 57.005786895752 57.0726203918457 56.949592590332 57.0683097839355 57.0681381225586 57.4076080322266 57.5714721679688 57.6854858398438 57.2059173583984 57.3598365783691 57.6151008605957 57.3578071594238 57.7521438598633 57.3524703979492 57.0887413024902 57.4056625366211 57.6430549621582 57.2403526306152 57.1236991882324 57.4949569702148 57.3287887573242 57.4662551879883 57.6121063232422 57.3991966247559 57.1661758422852 57.0919380187988 57.3265647888184 57.2650909423828 57.0479202270508 57.157413482666 57.6110382080078 57.2581367492676 56.9839096069336 57.0019569396973 57.0406723022461 56.9591064453125 57.5717124938965 57.2144203186035 57.2232818603516 56.7867050170898 57.1274375915527 57.7531280517578 57.7129821777344
56.8536491394043 56.551872253418 56.6207122802734 56.7727508544922 56.7230911254883 57.0281677246094 57.003833770752 57.082447052002 57.0941543579102 57.1389350891113 57.2688598632812 57.5248107910156 57.384822845459 57.7302589416504 57.4369964599609 57.6161155700684 57.7569847106934 57.2935600280762 57.0831642150879 57.0524711608887 57.7077903747559 57.6226196289062 57.364315032959 57.3131103515625 57.5719909667969 57.6581344604492 57.1980895996094 57.2909049987793 57.3856315612793 57.2187919616699 57.4021644592285 57.2134552001953 57.4443778991699 57.5321083068848 57.2948417663574 56.9927024841309 57.1791763305664 57.4724159240723 57.2729606628418 57.1646995544434 56.8550109863281 56.8455848693848 57.2309455871582 57.276180267334 57.0013771057129 56.8701858520508 57.2950401306152 57.4669952392578 58.0191421508789
