rcp4.5models/MPi_ESM_LR/sc1gr8.7
NCOLS 261 
NROWS 433 
XLLCORNER 336357.134 
YLLCORNER 654653.479 
CELLSIZE 1000 
NODATA_value -9999 
[rows 330 to 351 of 433, columns 100 to 149 of 261]
434.932872826526 406.16123100334 386.451248968412 406.179416300148 366.77017129238 315.262916160861 313.383105983516 313.677106375231 313.061751417106 312.065251601925 310.828382575861 307.10301778134 -9999 -9999 304.702791121214 309.272457595558 306.091007070806 299.957579095373 -9999 -9999 302.180582559568 304.547550639199 309.228085177057 315.051947177968 305.289828346919 283.359592581757 280.432714016954 294.631542842095 296.222287525205 290.676130085381 286.59060973101 285.144682512942 286.57935543593 285.706591887471 279.98615246404 272.200138749098 266.344672945402 264.476659698419 266.224510805551 257.5978033426 242.604179399698 233.792503055632 232.117706228363 235.377567603238 235.180382363123 232.657825467535 233.631075546144 218.033739375126 208.378355741466 201.071882524034
437.058454592224 382.198588248132 334.211811302485 362.753060790406 355.069948655177 315.820181528982 310.818602765562 310.318839636511 309.978348168809 309.504608066947 310.277654042519 310.770719795982 300.67493896644 -9999 298.469737627868 300.273810382167 300.842037709241 302.60551879162 306.589433208364 302.9991026585 300.668011816732 302.765670912807 305.089308131939 309.536620324237 308.121147199175 291.323881697225 279.674256273445 276.21196743335 278.65550771986 280.647010595509 277.77551383303 279.559824033921 283.083318259662 282.755335987447 278.3324651351 274.937207714457 269.46220298402 263.729415249889 263.837865712847 260.31609077713 247.495062107785 234.630443419878 228.409756044251 229.402863559232 230.992004588098 229.591520477701 230.804256227167 220.277802099101 209.00459184051 202.663541806056
444.688717353092 403.160730592227 345.519746781106 328.774686274702 327.436310919605 312.351803165152 309.539402564953 309.102322495699 308.511533875992 309.543601996345 311.168863732362 309.307840253246 299.967107879854 299.322273324879 -9999 -9999 296.479136222895 300.604501186823 308.265246310969 306.141048137424 300.475146172919 301.733930189137 302.741739922081 303.498627465346 311.619908404361 302.498326033083 288.73951302318 272.061452635259 266.186204015408 272.945506861627 275.54057923388 277.959110213709 279.316014760479 278.583001796161 275.764384972431 273.834005744973 268.862625725797 260.867740865072 255.834130995476 250.5800934735 240.748714837129 231.822707102664 226.83172299841 225.850089552817 226.876095862612 228.338808854735 228.218873110757 223.014436249451 212.073569291814 206.08018936904
447.408012638274 408.170989654863 364.186619441208 328.682917634386 314.026654432134 309.670708589967 309.631098076229 309.652111536983 309.089829240166 308.697574292066 305.899882426294 302.406411767432 -9999 -9999 -9999 -9999 294.940561231372 295.268310552121 301.486374487568 307.392249453613 305.149082281322 302.404615630121 300.376961370728 300.985942025429 312.132689322873 308.858242822761 297.2210636345 282.943017500773 271.896620063777 271.584924783255 277.494195916401 278.721559407814 276.904681202083 274.954208577206 272.541349354041 270.161659804402 261.730085360385 250.546970965059 242.179990815146 238.067360954754 233.336631064772 229.196511143624 226.509462604557 225.460631335618 226.03291960916 229.614920034777 231.974677732424 229.984743419711 223.220306031987 214.765715963582
448.844609875524 390.190927496201 337.532929322904 323.565768466191 312.87593715727 310.909535925391 310.590112518547 309.460868437012 309.12007412591 306.751119033237 304.232978640158 304.992556424182 303.166675560646 299.222043659267 -9999 -9999 294.941752342361 293.920964033266 296.650928685663 301.689119815717 307.054529961971 309.922949177441 305.777109958376 302.997031650169 308.74378753426 309.654007561687 304.869128070034 295.650272961945 283.67886957917 277.427063524993 278.477302249539 278.648384174929 275.913414799784 273.407026641785 271.322343943705 263.006942215864 250.215956988286 241.553546003525 234.61938064667 231.145316276605 230.685962674178 228.791401427132 226.59546655072 225.587830644436 225.288578567288 226.929193136751 231.832983705915 230.645913336997 226.193418040823 218.806561081062
449.676679004819 419.058907405077 373.219182427246 351.830916277568 331.249072685284 311.288032952461 309.655826510068 308.622644819477 308.473240839925 305.995595019684 306.49361690894 308.28745669801 305.320149195463 298.77343225851 296.60985678476 294.790807497816 294.590053622857 295.605580297776 297.100467881644 298.123298529243 303.763650405901 311.857234118816 310.052132533822 303.75766573776 307.777140942028 309.36318466135 309.554737915453 305.80240352998 294.177451383078 282.74546954529 278.750987013426 275.650036357358 274.083916041718 272.145153292605 268.595214726756 255.407056824093 242.096116278748 234.819899676161 231.376705316643 229.196960016583 229.048457017002 228.0808303578 226.523237334058 225.525191970605 224.468872065434 223.574532797359 226.995226338824 228.032757940572 224.925658086754 217.0372710498
458.094075797754 455.541985654717 451.831988032199 446.559277994037 408.059310070205 365.711227348963 338.079369400857 306.859285358521 306.307810507528 306.675549946591 307.266784286204 308.729966528644 306.846619496841 305.215457891005 304.231076555347 298.550005830184 295.127255110679 303.779505645648 308.708070787008 304.444769531207 301.645471251468 305.073179557486 306.078218121096 297.278051853601 288.123450498321 291.008154517762 294.784853247704 298.827655260328 295.677173463689 286.888778872309 277.136730394755 270.024565040971 269.125264704571 266.901756728509 256.854770034158 238.695850136076 235.407766310875 231.39436895042 229.594242595997 229.302497111201 228.821843866333 227.586865941523 226.952724681595 225.967329770824 226.969123458792 228.702482782782 224.544521838907 226.939246798578 224.509323610775 224.882590039665
462.465631630859 459.566744121177 457.514605797593 452.26464344653 436.508298775718 412.118983594255 357.306167401299 307.642564855982 306.894787428244 306.233567763267 306.90542207673 307.875093077914 305.72306271207 304.652495154309 302.990943659233 296.549683840499 290.450034172753 299.041517295367 308.237356789857 304.522696565402 305.141580632659 305.458434699336 306.135055891838 300.262911579807 282.001922888514 281.592959785193 282.452404997254 285.563720375568 281.587529668541 276.548731533819 271.241269313841 264.966149982963 265.118986375143 263.444534591872 256.581445115168 238.591181769048 236.065102938742 233.008342059705 230.399761411501 229.72583348739 230.431278599289 232.64106107882 232.200499533124 229.690565276894 229.088462886027 225.741091835832 216.281498230174 220.105313829568 215.694077270447 218.570365527327
460.119067117713 454.513996759385 455.254448991511 454.67807400013 451.420297096942 432.257792820883 369.143151144343 314.579072885818 309.085718985671 306.828406892511 307.267243796697 307.087131067785 303.786422936283 300.035382275088 298.618421909597 295.300627003546 290.946793661581 297.672125541608 306.475154621065 306.019889778088 308.681690210933 305.124371754345 306.081718332641 302.127084090455 277.206138976509 273.995194256548 276.714187401491 278.386816113791 274.062064545934 268.956718795039 266.420851516859 263.038100255333 261.607188496181 261.361431184322 258.480595211118 241.65297079657 234.970182979417 232.588128266537 231.814453635046 231.105066876238 231.516859034667 234.680078960613 236.780674526812 231.638411565919 224.330808473272 221.21494088892 222.792622341731 219.757950482295 211.609500570327 208.178133790553
449.380649155242 447.084363166096 454.979320609274 457.631511149077 455.656424402175 448.447247962003 418.455484917993 379.174780339682 354.539522391805 330.980556475614 312.219367181809 306.880518085616 313.091559064875 300.328671873375 300.648523950656 298.639503747632 295.702644371235 294.836710679286 296.691228772025 296.800315661761 300.371478163516 301.560459586187 300.696540883139 295.610433955872 276.63523069146 269.197721409292 268.97045838589 272.656290136048 271.869868384151 266.088128538417 265.078720695845 264.820623018044 263.816877786983 262.46938942525 259.252423481436 246.053825631927 240.60048021068 237.802567039391 236.72058495361 234.933704204316 230.919963948602 231.076557655375 233.163712887632 228.73555297676 220.27368377465 221.782266956332 232.242821831534 227.419473164636 221.305194712476 212.817951589386
443.43879375379 441.550910496468 456.522799533501 460.754837654385 458.347041817619 455.439075018538 451.36235199104 441.374374671091 422.030025215164 387.912525311822 350.311470704171 345.155653681805 337.283771880755 304.362539296214 301.226403837807 299.992381300815 298.822938316563 298.158180160932 296.897061709271 295.446074169991 300.591180371453 300.328364670521 292.675616856738 288.48706739977 275.922760803239 270.050661857808 268.642271805236 268.339125452799 267.535258713118 264.680296522195 262.330173208545 262.964902874184 259.530769642307 256.785245090904 254.935583540379 246.304436284987 246.176054029025 243.204404036234 241.269880055304 239.610693079488 233.283670950004 230.745920332874 232.799577824007 227.846931087927 220.333700171783 222.504940459742 231.862971899238 228.235324064325 225.561487435386 222.472029635933
444.193752322494 435.20050888803 450.168883223132 459.951358463391 459.102309526638 458.009242561501 455.346508582521 452.491625411308 449.344476690082 434.858189220461 413.606029069685 408.154861540301 370.355233541653 315.099426675721 303.164906074132 309.653730774033 312.88292847617 313.767147058102 313.459148453634 304.604078004017 302.373223755699 301.465906224959 293.800747525919 285.894547846737 275.691199270845 278.318737011586 280.764663631081 269.425191742837 271.576638743397 276.959357130778 271.112530448538 265.791219040389 262.620772223273 261.124652522087 261.370039909847 257.369075144079 254.251338373847 243.039757865169 239.496563549452 243.056845202156 238.680566878202 229.456713253603 231.715170777263 228.057781826736 226.456312410253 231.756804765957 230.40865573846 226.888133525216 224.919451139322 222.490548685185
446.174221811899 432.251736698838 443.608077126294 456.384316048805 460.504180199757 459.975401631454 457.90097560861 455.501505207455 452.558353013087 449.194586073907 444.700241593463 437.353474922127 400.749420912758 349.098918744993 324.439010123646 334.708545764293 350.05873970412 358.38166038178 363.053057050233 352.174072915386 342.117031817397 325.230709272721 301.934616210378 292.267005657376 290.478915950914 295.289533063724 297.26238036813 285.830008244247 289.658164627779 296.62469377743 292.177668728979 280.718922240293 273.452234532823 270.948560348359 273.958383771199 273.841413062092 267.661426738649 254.41219561814 248.831893238505 250.670977176479 242.089384880787 232.377796781864 235.767207009128 233.728963028618 235.221064342977 235.40496872792 227.529100310457 224.606139599941 222.277810086931 219.270750465132
457.804116595498 436.450267455203 446.051583349175 455.421773639134 464.228543825085 462.420692172649 460.057225103141 457.750648083806 455.257478669911 452.408111084889 448.432865506258 442.131826858526 422.77798563017 394.440756787467 367.752895723539 354.8092853213 347.147112089242 366.455341281836 396.057905439066 393.954361070092 384.461254545413 363.031740056928 339.295339246414 330.929553956569 314.778147482874 318.508967323734 320.581997684375 315.081565014956 312.77106031982 311.009510193203 305.180729714168 291.63439778751 277.122742353093 269.741290177825 269.851580779306 275.214676503194 272.149555386064 265.533821920229 260.538975269035 256.990957306377 248.370314399663 243.125500319237 243.939613430047 239.67695371751 236.385839330968 231.522077344302 224.381617884529 221.719412963482 219.144053546105 216.450588710716
470.957476580009 437.493948248795 446.073907462122 460.440685206334 467.089008921492 464.816166842153 462.30928913443 459.858797447873 457.597887217575 455.18823232419 452.134761915079 447.924072573961 439.205976668629 425.188693633692 401.506282947486 375.509595487261 349.389657365586 344.877633166501 362.244504227598 374.547048467227 382.971376335073 376.302834922081 368.178360831144 359.722053512111 335.552154947238 335.821706516417 333.480217319115 326.282724181263 319.776755089633 313.281064751353 304.779322037206 295.206180241884 287.166474878629 278.896119942692 270.046295167984 264.96027119298 269.004356881017 262.254964040549 256.848204350408 253.584020723848 249.679898375787 245.46681568856 241.111553701318 236.76844295534 232.720869064568 228.254901533627 222.666843385932 220.01329278136 217.343398795108 214.922779084599
473.054467651632 436.566582924779 450.544261079095 465.506152692809 466.710540432075 465.827799038818 464.112087812752 461.151110949092 457.606764611934 455.697639555101 454.58233430092 452.005772855193 447.518192260077 437.714382813556 417.427592489117 402.372917150447 388.909581115552 370.973900055205 354.533873508241 353.541027594762 362.63022343554 360.790676601575 363.892013386796 355.81352642396 339.56033387827 332.901407912459 325.547710775096 317.707542809042 310.582193732195 303.897011697446 296.054853362955 290.770748490749 289.523412080338 287.124171268632 280.076109704253 265.436663889794 266.351126187015 257.028867059575 250.472719305526 247.190678374425 243.335894747585 239.716598911317 235.893527553709 232.248494802813 229.243290550561 226.146729498962 220.809465092375 217.54891200618 214.326696551888 211.366055101944
460.28510002889 434.811951098407 445.525854131353 455.892954392929 459.379951015239 457.199006628362 454.370648523166 452.83334874245 447.121056276858 444.443275385088 447.282497581594 445.353172118445 445.867638972121 443.159370821959 435.720028181136 428.370701240866 414.354498312056 398.439155685714 380.820743801194 365.243449843012 358.770797792067 355.991661730308 358.694683535997 350.068808312181 331.979236849806 323.509076640081 316.128657045278 308.567189956729 301.185631060213 295.32235614106 290.475773184524 284.713713791722 280.365558567886 277.725942629763 274.239418346424 264.662032017132 259.722168411864 251.341609098236 -9999 242.733570964553 239.442393631544 236.037948166958 232.743867125861 229.871155794259 227.820178851265 224.906788668345 218.773674320565 215.538955719131 211.347115462621 206.172540949009
450.565733674862 446.413931151311 445.222517675203 446.311518294151 447.231232439081 444.724929837982 442.735103172197 439.979134364494 439.302633252108 440.469875381342 445.218534109051 448.002603547782 442.97026475406 443.499634685437 445.537298341842 438.530646181746 418.608175043078 400.656258135243 388.615543250864 376.958766747072 368.526501427147 362.018202445532 354.128637421981 344.453475195599 326.3146828724 317.917471829376 309.699293306158 302.358334153171 294.85508235912 289.752491410637 288.097920013994 284.613604009977 277.274460876915 269.613791527642 263.940258145942 256.22084496411 253.242705194364 248.332048293399 242.994565694677 239.519814593684 236.922215212867 233.856703711813 230.384845553579 227.855047368801 225.688892416849 222.692435127767 216.853415500324 214.198451885101 210.597304471636 206.297026917347
450.05917701096 478.774304427126 468.569331162294 458.375978558385 456.065776254663 453.205627887821 446.144690280489 446.223942524993 453.381186569317 459.269109551403 462.743004613336 460.265952185365 454.539134944098 447.504168179981 441.689732505291 433.168602202787 426.90363328397 408.429614748408 380.133349015564 368.48426139362 358.968228923532 351.748982480751 347.575756700045 339.56964114972 323.656308403362 312.970062057926 301.05203682527 292.632571562019 285.016441403666 277.687295640477 271.968345157123 267.326946441133 263.869260806609 260.64033385336 256.487923245986 248.134875406264 245.166762562467 243.158265040053 -9999 -9999 234.182140842304 230.736409191237 227.066631360249 223.462650495956 220.999252316784 219.029492681719 213.402441400246 210.741556884731 207.659733231702 205.638696941066
439.878265824204 475.555242333932 460.528968121815 449.060458862678 456.614406503637 462.038089222837 454.440904788905 450.168012481879 453.340307502981 457.986769047892 462.67814205486 460.811076590252 449.672821434655 440.690549074341 427.789237097979 415.07702732976 404.718745019151 392.887061583029 373.967367912809 364.197574280403 356.163901721677 348.546642374254 342.596562789378 337.672506527168 326.770364044485 317.537655563936 301.956673374586 287.890177460114 279.794041603289 273.21847876531 268.326084686821 262.115235494444 258.156328006702 255.097433175188 252.442441191227 243.911737093436 241.686453808974 239.19872569778 236.467945776604 -9999 232.731135465874 229.894521625589 226.803451661426 222.76892659555 219.993313575295 217.557010397975 211.39486777442 208.610125857713 203.603972989473 198.907130908614
431.366280999468 457.638545115247 452.501113494859 445.973049631183 450.519527749798 452.855579392959 448.650393108458 449.096239859221 452.254051300065 455.58205151835 458.246742735487 460.576935247184 425.745809189613 413.792049154143 407.437101146715 393.487900939456 379.006161058638 370.029062762895 359.214435085053 350.707166226909 348.673364283957 344.665298550053 335.480203068645 327.900330399351 324.069903697639 318.009731848547 304.118748694387 284.587993037179 273.641017071859 268.435957399382 263.484778738189 258.02802593806 254.814321498617 253.559467380829 251.334459960569 240.806442388081 238.949867240904 236.901717200975 233.133191826682 231.005470522456 -9999 227.499523269809 224.026554555635 220.827719591148 218.234374757843 215.434226370468 207.064264001942 203.359129730331 198.486722862636 190.703843202291
436.481428767277 443.457516712943 456.205387077574 462.836522474905 459.44165277102 452.135200134198 447.005811518276 443.944424886407 448.3026002658 453.64976933111 451.49374634933 449.511324063224 428.604109197897 408.402119227601 398.857399331804 386.212827447477 373.967291040318 366.044546756753 353.113673734295 336.974343022871 323.268575463272 314.584232900662 306.08888997147 298.161520887322 312.759908842945 315.111244792063 304.966199088135 283.98512264345 267.602438563614 262.219406412558 257.110196297716 253.971439577915 251.483560572255 250.159886857199 247.513626628848 238.795562365732 237.103684952564 234.315081561608 230.432698687328 227.829217270391 -9999 -9999 -9999 218.2600310292 215.989615967546 213.612911758092 205.280492870386 200.373260820944 197.519004881106 187.175438420247
