rcp4.5models/MPi_ESM_LR/sc1gr5.20
NCOLS 261 
NROWS 433 
XLLCORNER 336357.134 
YLLCORNER 654653.479 
CELLSIZE 1000 
NODATA_value -3.4e+38 
[rows 264 to 285 of 433, columns 196 to 244 of 261]
271.570953369141 272.029083251953 273.398132324219 273.010192871094 274.561737060547 275.814147949219 276.603118896484 275.892456054688 276.278839111328 275.742034912109 275.675811767578 276.372924804688 277.112182617188 272.087860107422 259.535217285156 257.890106201172 265.557220458984 270.537506103516 276.973663330078 277.730010986328 277.991577148438 276.681365966797 271.587432861328 265.790863037109 271.146575927734 278.224914550781 277.992645263672 278.019927978516 279.496704101562 280.020874023438 276.36962890625 277.277557373047 -3.4e+38 -3.4e+38 280.860900878906 281.390563964844 281.597259521484 281.621978759766 281.516784667969 281.672302246094 281.565765380859 281.881469726562 282.039154052734 282.404937744141 282.869842529297 282.886322021484 282.870971679688 283.017639160156 282.988494873047
272.561401367188 272.351837158203 271.844635009766 272.957122802734 274.585632324219 276.196594238281 276.293701171875 275.263031005859 275.720703125 275.483612060547 274.8623046875 275.490631103516 276.844299316406 273.507904052734 264.433197021484 262.639862060547 272.659790039062 274.334106445312 277.091430664062 277.834014892578 277.441864013672 276.601470947266 273.306121826172 270.539978027344 273.126129150391 278.507751464844 278.3779296875 279.339477539062 279.698547363281 279.918731689453 280.268432617188 280.320770263672 280.405822753906 280.372406005859 280.709655761719 280.744201660156 281.208709716797 281.356109619141 280.998046875 281.308776855469 281.653869628906 281.864379882812 281.994934082031 282.398315429688 282.838073730469 282.881530761719 282.648345947266 282.651672363281 282.911315917969
273.991424560547 274.188079833984 274.169555664062 274.833587646484 275.622344970703 276.208526611328 275.479248046875 271.889587402344 269.005096435547 271.853881835938 274.751312255859 275.674102783203 276.427154541016 275.126770019531 272.794769287109 272.659210205078 272.448547363281 275.267303466797 276.840942382812 276.209899902344 274.943420410156 274.399505615234 277.564147949219 277.938659667969 277.549133300781 277.531372070312 277.829895019531 276.453094482422 278.247802734375 278.720947265625 279.685943603516 279.370697021484 279.453948974609 279.635650634766 280.147430419922 280.178283691406 280.311187744141 280.696350097656 280.736785888672 280.79833984375 281.104400634766 281.919219970703 282.024230957031 282.095092773438 282.309173583984 282.516052246094 282.276428222656 282.169799804688 282.073791503906
274.068450927734 274.698028564453 274.791137695312 275.229583740234 275.749603271484 275.944946289062 274.864654541016 271.655395507812 267.7041015625 270.661376953125 274.771850585938 275.454650878906 275.806030273438 271.265808105469 262.858123779297 264.623718261719 267.445526123047 275.534881591797 269.520294189453 268.400970458984 269.478698730469 271.043029785156 277.071533203125 275.470275878906 274.925567626953 277.595855712891 277.808349609375 276.897277832031 277.292816162109 278.003448486328 278.92724609375 278.152069091797 278.528839111328 279.078643798828 280.079833984375 280.199279785156 280.423065185547 281.013092041016 281.290466308594 281.334411621094 281.542877197266 281.998321533203 281.916961669922 281.910583496094 282.034881591797 282.047027587891 281.717102050781 281.595184326172 281.733245849609
274.137084960938 274.585174560547 274.410797119141 274.731109619141 275.400024414062 275.697448730469 273.924133300781 268.846313476562 267.801879882812 271.326568603516 274.811889648438 275.638641357422 275.712646484375 271.025512695312 260.497863769531 260.465606689453 266.845184326172 276.114990234375 258.673248291016 260.357452392578 265.966979980469 271.227783203125 276.372955322266 274.989959716797 274.611907958984 277.359710693359 277.955780029297 277.090606689453 276.985443115234 277.749755859375 278.180267333984 277.487731933594 277.729461669922 278.850921630859 280.002136230469 280.131164550781 280.349151611328 280.879577636719 281.535034179688 281.653533935547 281.758850097656 281.781372070312 281.543151855469 281.962280273438 282.014770507812 282.016723632812 281.674652099609 281.397064208984 282.062225341797
273.727844238281 273.570648193359 273.722076416016 274.462005615234 275.383972167969 275.375274658203 272.915313720703 265.503631591797 266.274810791016 270.563140869141 274.202301025391 275.215759277344 275.624389648438 274.806030273438 270.158660888672 267.796875 271.895324707031 276.046478271484 259.438323974609 259.507385253906 262.733520507812 267.672271728516 275.585601806641 276.061553955078 275.904937744141 276.997192382812 277.337188720703 276.879547119141 276.296417236328 277.092224121094 276.501678466797 275.265014648438 276.569030761719 279.175598144531 280.146118164062 280.148742675781 280.383056640625 280.889984130859 281.254547119141 281.424865722656 281.657897949219 281.458801269531 281.031463623047 281.537048339844 281.894836425781 281.744537353516 281.827423095703 281.451965332031 282.304107666016
273.366088867188 273.053527832031 273.649353027344 274.558868408203 275.172668457031 274.867645263672 273.886077880859 265.622741699219 264.592010498047 268.408843994141 274.074401855469 274.913818359375 275.667938232422 276.055755615234 275.291748046875 274.198669433594 274.761383056641 275.461029052734 263.100677490234 257.698333740234 257.451599121094 259.795776367188 270.244842529297 275.787200927734 275.463195800781 275.139709472656 275.096740722656 276.583312988281 276.415313720703 276.376068115234 271.570648193359 273.225463867188 277.88134765625 279.531646728516 280.279846191406 280.538848876953 280.852783203125 281.210357666016 281.201599121094 281.296508789062 281.456695556641 281.288635253906 280.919250488281 281.076538085938 281.383087158203 281.384216308594 281.444213867188 281.379302978516 282.306030273438
273.152984619141 273.036437988281 273.468017578125 274.554992675781 275.010009765625 274.340606689453 273.486083984375 269.093963623047 264.819366455078 267.576354980469 274.147216796875 275.006958007812 275.885955810547 275.744049072266 274.747985839844 274.829864501953 274.791137695312 274.696197509766 259.073913574219 253.632080078125 250.819122314453 252.705383300781 259.761779785156 266.896606445312 272.538208007812 273.374084472656 274.273376464844 277.109527587891 277.536346435547 277.077911376953 274.324859619141 276.649139404297 279.550140380859 279.888549804688 280.286651611328 280.791870117188 281.103759765625 281.179016113281 281.165100097656 281.225006103516 281.222778320312 281.000701904297 280.796752929688 280.770690917969 280.956329345703 281.474243164062 281.563629150391 281.374786376953 282.235046386719
272.469696044922 272.679168701172 272.144317626953 274.262390136719 274.562957763672 272.510314941406 266.550872802734 268.1591796875 269.191925048828 269.509613037109 271.115356445312 274.446716308594 275.708129882812 275.539733886719 274.454254150391 274.769622802734 274.774322509766 271.910217285156 262.465484619141 257.577331542969 255.639358520508 251.386505126953 255.129699707031 262.159881591797 272.619262695312 273.668579101562 276.386901855469 277.827758789062 278.068023681641 278.2568359375 279.025451660156 279.394805908203 279.638549804688 280.164733886719 280.285491943359 280.660888671875 280.737030029297 280.984680175781 280.652404785156 280.784393310547 280.939666748047 280.487182617188 280.353515625 280.710571289062 281.018127441406 281.421630859375 281.991241455078 -3.4e+38 282.284942626953
271.845886230469 272.683563232422 273.024017333984 274.095001220703 271.830200195312 267.3564453125 263.593505859375 262.332733154297 270.996978759766 270.828063964844 270.845184326172 273.98291015625 275.430511474609 275.480407714844 274.318878173828 273.975708007812 274.408905029297 272.512664794922 269.2236328125 265.112854003906 267.066986083984 263.147247314453 266.666564941406 270.683319091797 275.351440429688 275.498382568359 277.537536621094 278.037963867188 278.163391113281 278.501129150391 278.284423828125 278.732879638672 279.646820068359 280.173492431641 280.197723388672 280.121917724609 280.277374267578 280.5595703125 280.401397705078 280.628601074219 280.728363037109 280.053985595703 280.194885253906 280.837127685547 281.134399414062 281.216583251953 281.811126708984 282.162017822266 282.255310058594
272.456329345703 273.515594482422 274.194030761719 273.116180419922 268.429412841797 262.424652099609 263.741638183594 257.887512207031 268.375762939453 270.899688720703 272.814788818359 274.298736572266 275.027709960938 275.279876708984 274.261383056641 273.184234619141 273.959747314453 274.787841796875 268.058776855469 262.114074707031 265.172973632812 265.655395507812 267.184020996094 267.72998046875 268.891265869141 269.359039306641 270.068115234375 276.288665771484 277.908538818359 277.575500488281 278.035766601562 278.498870849609 279.437255859375 279.838531494141 280.063262939453 279.788665771484 280.127685546875 280.27392578125 280.29150390625 280.315063476562 279.946563720703 279.892913818359 280.192199707031 280.836608886719 280.939971923828 280.948486328125 281.309936523438 281.555084228516 281.749877929688
273.196136474609 274.019317626953 273.978851318359 272.984741210938 270.295837402344 265.926971435547 262.312683105469 254.025299072266 265.476440429688 267.554565429688 272.419067382812 273.755706787109 274.764526367188 274.8916015625 274.457275390625 273.442901611328 273.628967285156 274.558532714844 267.935485839844 257.890228271484 257.531951904297 257.757659912109 258.464996337891 259.948425292969 260.937957763672 261.075897216797 261.255065917969 267.143157958984 268.987396240234 274.042175292969 278.584777832031 279.078125 279.251708984375 279.453308105469 279.595458984375 279.684814453125 279.720001220703 279.955718994141 280.220031738281 279.727478027344 279.350677490234 279.899597167969 280.083740234375 280.263214111328 280.221557617188 280.593475341797 281.202972412109 281.588989257812 281.70751953125
273.139678955078 273.953643798828 273.936553955078 273.726348876953 273.072723388672 270.041107177734 261.009216308594 254.409973144531 266.462524414062 268.217590332031 271.641571044922 273.521331787109 274.468383789062 273.923706054688 274.326324462891 273.414184570312 272.685638427734 274.083374023438 271.628265380859 266.124267578125 264.149108886719 265.151336669922 264.085052490234 260.824432373047 261.595764160156 262.305114746094 259.835296630859 261.903472900391 261.722747802734 275.050109863281 278.59912109375 279.017303466797 278.974914550781 279.335083007812 279.074951171875 278.974395751953 279.255584716797 279.718322753906 279.801849365234 279.296539306641 279.015350341797 279.698760986328 279.702301025391 279.520416259766 279.808349609375 280.540008544922 281.564056396484 281.897796630859 282.092163085938
273.355804443359 273.659271240234 273.510131835938 273.740875244141 273.224517822266 270.19970703125 261.505767822266 264.267791748047 270.373291015625 272.011749267578 272.320922851562 273.904266357422 273.891967773438 272.346862792969 274.019897460938 273.586669921875 272.671112060547 273.622619628906 273.266387939453 273.242858886719 272.719390869141 272.310607910156 268.249755859375 263.707275390625 266.395629882812 268.170623779297 262.942016601562 259.201690673828 258.138885498047 271.630859375 278.415954589844 278.374969482422 278.427520751953 278.912384033203 278.762481689453 278.684539794922 279.223266601562 279.517547607422 279.202209472656 278.8046875 278.789215087891 279.539672851562 279.557250976562 279.625244140625 280.124389648438 280.848815917969 281.622589111328 281.897369384766 282.231689453125
272.443542480469 271.757141113281 272.397674560547 272.269256591797 271.963470458984 268.987030029297 260.632965087891 271.177429199219 271.605560302734 272.507019042969 273.070068359375 273.20751953125 272.125366210938 270.062957763672 269.873504638672 272.300750732422 272.393188476562 273.1865234375 272.187225341797 271.428802490234 273.921997070312 272.926055908203 271.149963378906 269.328369140625 269.361083984375 273.1826171875 265.921417236328 262.767425537109 271.899810791016 278.163818359375 277.589050292969 277.931060791016 277.783569335938 278.191223144531 279.268280029297 279.716430664062 -3.4e+38 279.240386962891 279.088348388672 279.659454345703 279.999114990234 280.072296142578 280.104370117188 280.30908203125 280.687469482422 281.370697021484 281.802459716797 281.949340820312 281.992706298828
271.082550048828 268.971466064453 272.223754882812 271.141021728516 269.993591308594 270.799835205078 264.041229248047 267.606658935547 271.4619140625 272.348754882812 272.957550048828 272.557281494141 269.495819091797 263.936737060547 262.662017822266 272.129455566406 272.784820556641 273.501251220703 271.410522460938 269.091705322266 272.716339111328 274.210693359375 273.884643554688 274.145233154297 272.613037109375 -3.4e+38 265.547180175781 265.474975585938 276.726196289062 278.041473388672 277.0712890625 277.204772949219 277.666778564453 278.192626953125 279.070159912109 279.239410400391 279.653717041016 279.698760986328 279.491882324219 279.681304931641 280.174499511719 280.246612548828 280.057067871094 280.537628173828 280.889312744141 281.228759765625 281.351776123047 281.4443359375 281.855621337891
270.5322265625 268.713836669922 271.439239501953 271.030853271484 269.049896240234 270.144500732422 266.770446777344 258.548858642578 265.272308349609 272.135375976562 272.71142578125 272.220855712891 268.142700195312 259.501129150391 258.464141845703 269.804473876953 273.560333251953 273.938812255859 272.099212646484 269.523284912109 270.209259033203 274.103271484375 274.952087402344 -3.4e+38 275.558502197266 -3.4e+38 264.402038574219 268.954010009766 277.842102050781 277.749633789062 276.845977783203 277.137359619141 277.671783447266 278.345062255859 279.062591552734 279.330841064453 279.632934570312 279.790008544922 279.803497314453 279.858276367188 280.281066894531 280.351043701172 280.032012939453 280.153533935547 280.864074707031 281.273498535156 281.155578613281 281.430419921875 281.658813476562
270.049652099609 269.854095458984 267.953063964844 264.700500488281 269.975158691406 268.375305175781 266.332000732422 253.193603515625 256.895538330078 268.650299072266 271.729248046875 269.190307617188 267.204467773438 262.426330566406 256.678375244141 264.701599121094 273.923614501953 273.959045410156 271.725372314453 268.321350097656 268.96142578125 273.375274658203 274.512512207031 275.235931396484 -3.4e+38 -3.4e+38 270.564453125 274.560485839844 277.306427001953 277.283538818359 276.839263916016 277.886779785156 278.116180419922 278.725524902344 -3.4e+38 279.636108398438 279.596313476562 -3.4e+38 280.050933837891 280.016082763672 280.437286376953 280.516021728516 280.422821044922 280.296600341797 280.806243896484 281.428680419922 281.442962646484 281.626586914062 281.595184326172
269.182525634766 265.794464111328 258.202362060547 256.055450439453 267.199951171875 269.382202148438 267.793243408203 252.76823425293 256.116333007812 268.311248779297 266.833953857422 257.792755126953 256.243011474609 261.684204101562 264.957611083984 266.170959472656 269.71484375 274.100494384766 271.572052001953 267.614624023438 269.226104736328 269.698120117188 273.412994384766 275.208374023438 -3.4e+38 -3.4e+38 275.863250732422 276.260284423828 276.508605957031 277.344390869141 276.955596923828 277.764739990234 278.004516601562 278.532562255859 -3.4e+38 279.029235839844 279.064697265625 -3.4e+38 -3.4e+38 280.440704345703 -3.4e+38 280.532196044922 280.579711914062 280.626708984375 280.790557861328 281.208374023438 281.377288818359 281.642700195312 281.670349121094
267.723205566406 260.496826171875 255.303909301758 255.051254272461 261.4833984375 269.163848876953 268.124145507812 256.82177734375 260.91748046875 269.288879394531 259.821716308594 248.981155395508 243.841934204102 252.858825683594 267.491546630859 270.873596191406 269.97802734375 274.207183837891 273.07763671875 270.158843994141 267.673919677734 265.303771972656 270.04150390625 275.193206787109 275.896636962891 276.256866455078 275.829010009766 275.851928710938 276.675720214844 277.838317871094 277.214538574219 277.758575439453 277.694396972656 278.327880859375 278.457611083984 278.12744140625 278.810913085938 279.911041259766 280.388549804688 280.543609619141 280.475433349609 280.530426025391 280.626068115234 280.770629882812 280.753997802734 281.098876953125 281.366241455078 281.641662597656 281.686187744141
265.183868408203 257.676513671875 254.003662109375 252.458786010742 258.929077148438 267.135223388672 266.481597900391 262.338134765625 265.109954833984 267.760192871094 256.33203125 245.970703125 239.760879516602 251.207244873047 264.560729980469 271.909301757812 272.702026367188 274.12939453125 273.704467773438 270.707305908203 266.241790771484 266.941864013672 270.899444580078 275.149475097656 275.971893310547 276.384155273438 275.846588134766 275.768280029297 276.748901367188 278.041625976562 277.334777832031 278.295776367188 278.156646728516 278.46435546875 278.495269775391 278.162628173828 278.553802490234 279.764831542969 280.094329833984 280.310424804688 280.449096679688 280.432373046875 280.538482666016 280.729034423828 280.751953125 281.154815673828 281.542907714844 281.593170166016 281.536499023438
262.908203125 259.144653320312 252.680068969727 250.446411132812 261.165313720703 266.170745849609 265.95751953125 263.038208007812 263.267059326172 259.017883300781 257.449279785156 248.854751586914 246.031951904297 259.481719970703 269.561584472656 272.382934570312 272.797485351562 274.214752197266 273.825225830078 270.161193847656 267.069183349609 272.289276123047 274.500244140625 275.683502197266 276.335235595703 276.529418945312 276.295959472656 275.911895751953 276.8134765625 278.063537597656 277.584991455078 277.905883789062 278.539611816406 278.711578369141 278.953399658203 278.887451171875 278.528137207031 279.630035400391 279.794036865234 280.135345458984 280.429412841797 280.263702392578 280.423400878906 280.814880371094 280.896209716797 281.098754882812 281.231201171875 281.1611328125 -3.4e+38
