rcp4.5models/MPi_ESM_LR/sc1gr6.20
NCOLS 261 
NROWS 433 
XLLCORNER 336357.134 
YLLCORNER 654653.479 
CELLSIZE 1000 
NODATA_value -3.4e+38 
[rows 44 to 65 of 433, columns 98 to 146 of 261]
1300.08959960938 1305.39184570312 1310.65161132812 1322.7763671875 1327.51977539062 1333.44140625 1337.76342773438 1343.13317871094 1349.04296875 1354.55334472656 1359.52075195312 1365.03271484375 1370.29907226562 1376.25244140625 1388.23181152344 1392.30688476562 1398.16284179688 1403.89233398438 1408.0439453125 1415.37634277344 1420.95190429688 1426.35144042969 1431.91845703125 1437.35974121094 -3.4e+38 -3.4e+38 -3.4e+38 -3.4e+38 -3.4e+38 -3.4e+38 -3.4e+38 -3.4e+38 -3.4e+38 -3.4e+38 -3.4e+38 -3.4e+38 -3.4e+38 -3.4e+38 -3.4e+38 -3.4e+38 -3.4e+38 -3.4e+38 -3.4e+38 -3.4e+38 -3.4e+38 -3.4e+38 -3.4e+38 -3.4e+38 -3.4e+38
1296.00390625 1302.44213867188 1306.85827636719 1318.15869140625 1323.12451171875 1328.33679199219 1334.74536132812 1339.68786621094 1344.81591796875 1350.61181640625 1355.9228515625 1361.78332519531 1366.86547851562 1373.33374023438 1385.22155761719 1390.83093261719 1396.30700683594 1401.79138183594 1407.20043945312 1413.37365722656 1419.18835449219 1425.79162597656 1430.18774414062 1436.10046386719 1442.00610351562 -3.4e+38 -3.4e+38 -3.4e+38 -3.4e+38 -3.4e+38 -3.4e+38 -3.4e+38 -3.4e+38 -3.4e+38 -3.4e+38 -3.4e+38 -3.4e+38 -3.4e+38 -3.4e+38 -3.4e+38 -3.4e+38 -3.4e+38 -3.4e+38 -3.4e+38 -3.4e+38 -3.4e+38 -3.4e+38 -3.4e+38 -3.4e+38
1293.87634277344 1300.1318359375 1305.11645507812 1316.11206054688 1321.64660644531 1325.83557128906 1332.86059570312 1336.85424804688 1342.80981445312 1348.29504394531 1353.55224609375 1359.99243164062 1365.72351074219 1371.79858398438 1382.80444335938 1387.56774902344 1393.4521484375 1399.4814453125 1405.17614746094 1411.935546875 1417.91528320312 1424.25756835938 1429.73571777344 1435.5712890625 1442.12341308594 1446.0888671875 1456.62182617188 -3.4e+38 -3.4e+38 -3.4e+38 -3.4e+38 -3.4e+38 -3.4e+38 -3.4e+38 -3.4e+38 -3.4e+38 -3.4e+38 -3.4e+38 -3.4e+38 -3.4e+38 -3.4e+38 -3.4e+38 -3.4e+38 -3.4e+38 -3.4e+38 -3.4e+38 -3.4e+38 -3.4e+38 -3.4e+38
1291.70849609375 1297.45568847656 1302.93347167969 1313.33923339844 1318.99230957031 1323.85241699219 1330.06066894531 1335.57824707031 1340.70031738281 1346.90734863281 1351.27124023438 1357.70007324219 1363.60546875 1369.90942382812 1380.35144042969 1385.78186035156 1391.38903808594 1397.38244628906 1403.81384277344 1409.8798828125 1416.02978515625 1422.55078125 1427.5703125 1432.97717285156 1438.62854003906 1444.59033203125 1455.95385742188 -3.4e+38 1467.96228027344 -3.4e+38 -3.4e+38 -3.4e+38 -3.4e+38 -3.4e+38 -3.4e+38 -3.4e+38 -3.4e+38 -3.4e+38 -3.4e+38 -3.4e+38 -3.4e+38 -3.4e+38 -3.4e+38 -3.4e+38 -3.4e+38 -3.4e+38 -3.4e+38 -3.4e+38 -3.4e+38
1290.84240722656 1296.16088867188 1301.90234375 1311.00817871094 1316.21069335938 1322.80541992188 1327.82202148438 1333.66882324219 1338.56201171875 1345.00695800781 1349.99658203125 1355.72668457031 1362.08544921875 1367.43249511719 1377.57788085938 1383.71704101562 1390.20776367188 1396.17370605469 1402.04284667969 1408.73461914062 1413.59912109375 1420.07019042969 1426.42150878906 1431.58337402344 1436.49194335938 1442.13684082031 1454.51147460938 1459.92736816406 -3.4e+38 -3.4e+38 -3.4e+38 -3.4e+38 -3.4e+38 -3.4e+38 -3.4e+38 -3.4e+38 -3.4e+38 -3.4e+38 -3.4e+38 -3.4e+38 -3.4e+38 -3.4e+38 -3.4e+38 -3.4e+38 -3.4e+38 -3.4e+38 -3.4e+38 -3.4e+38 -3.4e+38
1290.78942871094 1295.55676269531 1301.46142578125 1309.83325195312 1315.96057128906 1321.59899902344 1327.25329589844 1331.93505859375 1337.36999511719 1343.58044433594 1347.57360839844 1352.4697265625 1359.71557617188 1364.78198242188 1376.37634277344 1383.15856933594 1388.736328125 1393.9267578125 1399.78942871094 -3.4e+38 1411.33215332031 1417.92590332031 1423.39453125 1429.89074707031 1435.15844726562 1441.08093261719 1453.79846191406 1459.27624511719 1465.3427734375 1469.88623046875 1476.65124511719 -3.4e+38 -3.4e+38 -3.4e+38 -3.4e+38 -3.4e+38 -3.4e+38 -3.4e+38 -3.4e+38 -3.4e+38 -3.4e+38 -3.4e+38 -3.4e+38 -3.4e+38 -3.4e+38 -3.4e+38 -3.4e+38 -3.4e+38 -3.4e+38
1289.63684082031 1293.98608398438 1300.51281738281 1309.49633789062 1315.13256835938 1321.560546875 1324.93420410156 1330.17651367188 1335.55810546875 1342.45532226562 1345.11096191406 1352.56103515625 1358.21826171875 1363.86352539062 1375.38500976562 1381.54125976562 1386.95690917969 1392.64770507812 1398.333984375 -3.4e+38 1410.84045410156 1416.74353027344 1422.15295410156 1428.21179199219 1433.70715332031 1439.27502441406 1452.3388671875 1457.44360351562 1461.76574707031 1468.16735839844 1474.91418457031 1479.814453125 -3.4e+38 -3.4e+38 -3.4e+38 -3.4e+38 -3.4e+38 -3.4e+38 -3.4e+38 -3.4e+38 -3.4e+38 -3.4e+38 -3.4e+38 -3.4e+38 -3.4e+38 -3.4e+38 -3.4e+38 -3.4e+38 -3.4e+38
1288.45861816406 1292.50317382812 1299.11791992188 1307.03234863281 1313.14636230469 1319.14025878906 1323.40979003906 1329.69250488281 1334.87768554688 1341.6435546875 1347.55578613281 1354.51184082031 1359.75207519531 1363.30627441406 1375.27514648438 1381.70141601562 1386.90185546875 1389.51245117188 1396.75390625 1404.90148925781 1410.68371582031 1416.45007324219 1421.05676269531 1426.31640625 1432.49755859375 1438.58410644531 1449.69750976562 1456.00842285156 1461.06457519531 1467.01574707031 1472.52392578125 1479.55004882812 -3.4e+38 -3.4e+38 -3.4e+38 -3.4e+38 -3.4e+38 -3.4e+38 -3.4e+38 -3.4e+38 -3.4e+38 -3.4e+38 -3.4e+38 -3.4e+38 -3.4e+38 -3.4e+38 -3.4e+38 -3.4e+38 -3.4e+38
1287.52026367188 1290.79675292969 1295.60681152344 1305.12963867188 1309.53869628906 1316.42749023438 1322.96166992188 1329.62023925781 1333.65368652344 1340.11083984375 1346.29248046875 1353.52404785156 1358.45849609375 1362.70837402344 1374.4443359375 1380.57653808594 1385.48828125 1389.62890625 1396.92224121094 1402.07678222656 1408.67395019531 1414.51525878906 1418.30102539062 1424.52844238281 1430.078125 1435.88159179688 1447.90954589844 1454.85632324219 1459.24877929688 1466.12170410156 1473.00805664062 1479.32531738281 1483.61853027344 -3.4e+38 -3.4e+38 -3.4e+38 -3.4e+38 -3.4e+38 -3.4e+38 -3.4e+38 -3.4e+38 -3.4e+38 -3.4e+38 -3.4e+38 -3.4e+38 -3.4e+38 -3.4e+38 -3.4e+38 -3.4e+38
1287.65185546875 1288.92321777344 1293.32153320312 1303.63537597656 1308.484375 1314.56823730469 1322.28967285156 1327.97497558594 1332.47717285156 1338.68969726562 1345.0341796875 1351.32421875 1357.5068359375 1359.88012695312 1373.58374023438 1378.48608398438 1384.56164550781 1389.74645996094 1395.86474609375 1401.06042480469 1407.2412109375 1411.56958007812 1417.58483886719 1424.03332519531 1429.36938476562 1435.36291503906 1446.07238769531 1453.3369140625 1459.56628417969 1464.26904296875 1471.43420410156 1476.81884765625 1481.65966796875 1487.43859863281 -3.4e+38 -3.4e+38 1505.43811035156 -3.4e+38 -3.4e+38 -3.4e+38 -3.4e+38 -3.4e+38 -3.4e+38 -3.4e+38 -3.4e+38 -3.4e+38 -3.4e+38 -3.4e+38 -3.4e+38
1285.24914550781 1288.9208984375 1291.93957519531 1302.60461425781 1306.82214355469 1313.36145019531 1320.767578125 1327.1865234375 1330.73071289062 1339.22509765625 1344.63720703125 1349.42578125 1354.85681152344 1358.654296875 1372.89294433594 -3.4e+38 1383.81823730469 1388.25952148438 1394.61071777344 1399.81042480469 1405.619140625 1409.76062011719 1417.28784179688 -3.4e+38 1428.65075683594 1435.42529296875 1446.193359375 1452.78308105469 1459.83850097656 1464.18969726562 1470.03149414062 1474.39501953125 1480.9296875 1486.67700195312 1492.05883789062 -3.4e+38 -3.4e+38 1514.62829589844 -3.4e+38 -3.4e+38 -3.4e+38 -3.4e+38 -3.4e+38 -3.4e+38 -3.4e+38 -3.4e+38 -3.4e+38 -3.4e+38 -3.4e+38
1282.91320800781 -3.4e+38 1292.22106933594 1304.26342773438 1305.53918457031 -3.4e+38 1320.37744140625 1326.93151855469 -3.4e+38 1338.19604492188 1343.55712890625 1348.94763183594 -3.4e+38 1357.51501464844 1370.21643066406 -3.4e+38 1382.67419433594 1386.427734375 1393.20056152344 1398.81140136719 1403.58349609375 1408.12121582031 1415.646484375 1421.11254882812 1427.41381835938 1435.02709960938 1445.96740722656 1452.0029296875 1457.90258789062 1463.41650390625 1470.63293457031 1474.51953125 1480.10876464844 1486.57775878906 1492.79504394531 -3.4e+38 1502.91430664062 -3.4e+38 1519.93090820312 -3.4e+38 -3.4e+38 -3.4e+38 -3.4e+38 -3.4e+38 -3.4e+38 -3.4e+38 -3.4e+38 -3.4e+38 -3.4e+38
1278.94519042969 1284.42932128906 1290.66442871094 1300.14172363281 -3.4e+38 -3.4e+38 1316.71472167969 1324.07897949219 1329.64770507812 1334.17041015625 1341.31677246094 1345.287109375 -3.4e+38 1353.58422851562 1365.83557128906 1374.0947265625 1380.84423828125 1387.32556152344 1393.25732421875 1396.70324707031 1399.91662597656 1408.517578125 1415.01135253906 1419.06018066406 1425.7822265625 1432.17907714844 1443.83190917969 1451.28149414062 1455.54919433594 1460.8037109375 1468.88110351562 1474.33923339844 1481.06518554688 1486.79663085938 1490.86462402344 1496.02587890625 1502.03540039062 1514.07873535156 -3.4e+38 -3.4e+38 -3.4e+38 -3.4e+38 -3.4e+38 -3.4e+38 -3.4e+38 -3.4e+38 -3.4e+38 -3.4e+38 -3.4e+38
1277.41137695312 1282.69116210938 1290.78942871094 1297.75524902344 -3.4e+38 -3.4e+38 1314.88977050781 1319.87072753906 1325.90991210938 1332.439453125 1338.6455078125 1343.31372070312 1347.16235351562 1354.20349121094 1365.74597167969 1372.68981933594 1379.80822753906 1387.01916503906 1392.240234375 1394.04699707031 -3.4e+38 1408.92517089844 1414.892578125 1418.40490722656 1427.82141113281 1432.12158203125 -3.4e+38 1449.27709960938 1455.9111328125 1461.21789550781 1468.56970214844 1472.81909179688 1479.54772949219 1485.32666015625 1489.49621582031 1495.4169921875 -3.4e+38 -3.4e+38 -3.4e+38 -3.4e+38 -3.4e+38 -3.4e+38 -3.4e+38 -3.4e+38 -3.4e+38 -3.4e+38 -3.4e+38 -3.4e+38 -3.4e+38
1275.95178222656 1281.89184570312 1288.49206542969 1295.2431640625 -3.4e+38 1306.40734863281 1313.23327636719 1317.94946289062 1323.53967285156 1331.89929199219 1337.62744140625 1341.12426757812 1346.27587890625 1353.78601074219 1365.84106445312 1371.27221679688 1377.59143066406 1384.14831542969 1389.35974121094 -3.4e+38 -3.4e+38 1408.67785644531 1413.07336425781 1418.59313964844 1427.388671875 1433.25256347656 1443.97583007812 1448.43774414062 1456.04309082031 1463.48754882812 1468.90600585938 1472.70556640625 1479.09362792969 1484.74230957031 1490.71618652344 1496.09130859375 -3.4e+38 -3.4e+38 -3.4e+38 -3.4e+38 -3.4e+38 1537.37536621094 1544.08227539062 -3.4e+38 -3.4e+38 -3.4e+38 -3.4e+38 -3.4e+38 -3.4e+38
1276.62292480469 1283.16662597656 1288.27001953125 1293.40698242188 1298.25366210938 1303.81115722656 1312.45239257812 1317.1650390625 1321.68835449219 1329.00659179688 1335.66101074219 1339.42761230469 1345.75622558594 1352.36755371094 1363.72326660156 1369.31872558594 1375.63623046875 1382.56372070312 1387.5390625 1392.72692871094 1398.20007324219 1406.78491210938 1412.10412597656 1419.28735351562 1426.9951171875 1431.98303222656 1444.85668945312 1450.63049316406 1456.53601074219 1463.62744140625 1468.85766601562 1474.27575683594 1479.42590332031 1484.79479980469 1489.78625488281 1493.16040039062 -3.4e+38 -3.4e+38 -3.4e+38 -3.4e+38 -3.4e+38 -3.4e+38 1542.39245605469 1548.96423339844 -3.4e+38 -3.4e+38 -3.4e+38 -3.4e+38 -3.4e+38
1276.28552246094 1282.58801269531 1286.78625488281 1292.61975097656 1296.88012695312 1302.91076660156 1309.68420410156 1315.55212402344 1321.25329589844 1327.86791992188 1333.79052734375 1337.88049316406 1344.89758300781 1350.4345703125 1361.56726074219 1368.01110839844 1374.24609375 1380.21765136719 1386.24243164062 1391.20178222656 1398.28161621094 1404.91040039062 1411.25927734375 1417.54052734375 1424.59826660156 1428.70971679688 1445.93188476562 1450.79565429688 1456.02844238281 1461.88208007812 1468.29846191406 1474.90637207031 1479.68725585938 1482.98474121094 1485.36181640625 1490.25524902344 -3.4e+38 -3.4e+38 -3.4e+38 -3.4e+38 -3.4e+38 -3.4e+38 1539.72204589844 1547.28173828125 -3.4e+38 -3.4e+38 -3.4e+38 -3.4e+38 -3.4e+38
1275.1806640625 1280.96398925781 1284.85363769531 1291.23034667969 1295.71069335938 1300.67150878906 1307.16369628906 1312.88171386719 1319.68383789062 1327.17651367188 1331.53576660156 1335.93737792969 1342.43786621094 1349.8447265625 1360.56530761719 1367.61059570312 1373.06372070312 1379.14477539062 1384.71069335938 1389.10693359375 1396.70129394531 1404.02014160156 1410.69409179688 1416.35034179688 1422.32250976562 1427.48669433594 1445.0576171875 1450.44116210938 1454.88439941406 1459.45593261719 1468.33178710938 1473.33825683594 1478.01354980469 1480.22485351562 1483.49157714844 1489.90515136719 1495.93188476562 -3.4e+38 -3.4e+38 -3.4e+38 -3.4e+38 -3.4e+38 -3.4e+38 1546.17797851562 1553.05041503906 -3.4e+38 -3.4e+38 -3.4e+38 -3.4e+38
1273.5361328125 1277.6552734375 1283.42102050781 1289.8798828125 1294.87353515625 1299.16955566406 1306.95751953125 1313.70068359375 1320.14709472656 1326.91564941406 1331.15612792969 1335.76586914062 1341.38024902344 1348.64624023438 1361.1064453125 1366.71411132812 1374.05529785156 1377.57287597656 1383.42456054688 1388.83239746094 1394.30798339844 1401.65283203125 1408.82360839844 1415.61193847656 1422.119140625 1426.22583007812 1441.45690917969 1448.05834960938 1452.77111816406 1458.86486816406 1467.25573730469 1471.69274902344 1474.74047851562 1476.42858886719 1482.80578613281 1489.94885253906 1496.3447265625 1510.41479492188 1516.91662597656 1520.77587890625 -3.4e+38 -3.4e+38 -3.4e+38 -3.4e+38 1551.87048339844 -3.4e+38 -3.4e+38 -3.4e+38 -3.4e+38
1271.60595703125 1275.88952636719 1280.5556640625 1290.20751953125 1294.29309082031 1298.47180175781 1306.28686523438 1312.29406738281 1319.35534667969 1324.61608886719 1330.50573730469 1335.63635253906 1341.77709960938 1348.64990234375 1360.9267578125 1365.54174804688 1372.45715332031 1376.99829101562 1381.2392578125 1387.16662597656 1392.4521484375 1401.35986328125 1409.74865722656 1416.5439453125 1420.08837890625 1425.05737304688 1439.86376953125 1444.21862792969 1452.36682128906 1459.25134277344 1465.95935058594 1470.35681152344 1472.80078125 1474.76135253906 1481.95983886719 1488.94213867188 1498.423828125 1513.34020996094 1518.04663085938 1523.18371582031 1528.75256347656 -3.4e+38 -3.4e+38 -3.4e+38 1550.42114257812 1556.927734375 -3.4e+38 -3.4e+38 -3.4e+38
1270.09399414062 1273.28039550781 1278.14624023438 1288.11120605469 1292.75646972656 1297.56359863281 1304.31298828125 1309.87829589844 1316.97399902344 1322.24682617188 1328.61303710938 1333.21301269531 1340.12280273438 1347.39208984375 1359.6083984375 1365.13684082031 1371.17346191406 1376.33752441406 1380.974609375 1386.82763671875 1393.04528808594 1400.62927246094 1408.669921875 1415.43188476562 1420.01513671875 1426.96801757812 1438.20849609375 1445.77746582031 1454.06689453125 1459.64001464844 1465.28662109375 1468.92333984375 1470.9140625 1475.00061035156 1482.47473144531 1491.5849609375 1500.85815429688 1512.90344238281 1516.99133300781 1523.17333984375 1529.43200683594 1533.52355957031 -3.4e+38 -3.4e+38 -3.4e+38 1557.06079101562 -3.4e+38 -3.4e+38 -3.4e+38
1270.484375 1274.63940429688 1276.87060546875 1287.18090820312 1292.31201171875 1297.19799804688 1301.77758789062 1308.75524902344 1315.21850585938 1321.48156738281 1327.02282714844 1332.36279296875 1338.61877441406 1345.33117675781 1358.16906738281 1363.86633300781 1370.7666015625 1375.28125 1380.28259277344 1387.34826660156 1393.76086425781 1399.59289550781 1407.12634277344 1414.26098632812 1420.48547363281 1426.77404785156 1437.52465820312 1446.70922851562 1453.744140625 1459.91662597656 1462.12451171875 1465.19323730469 1469.34191894531 1474.76806640625 1482.36413574219 1492.54248046875 1503.61877441406 1511.74267578125 1517.19592285156 1523.02026367188 1528.31115722656 1533.28173828125 -3.4e+38 -3.4e+38 -3.4e+38 1556.77856445312 1563.142578125 -3.4e+38 -3.4e+38
