rcp4.5models/MPi_ESM_LR/sc1gr8.31
NCOLS 261 
NROWS 433 
XLLCORNER 336357.134 
YLLCORNER 654653.479 
CELLSIZE 1000 
NODATA_value -3.4e+38 
[rows 88 to 109 of 433, columns 49 to 97 of 261]
-3.4e+38 -3.4e+38 -3.4e+38 -3.4e+38 -3.4e+38 -3.4e+38 -3.4e+38 -3.4e+38 -3.4e+38 -3.4e+38 35.1628532409668 -3.4e+38 35.1100273132324 35.6325836181641 35.6379280090332 35.6191101074219 35.6021499633789 36.136531829834 36.6241226196289 37.0031547546387 37.0029449462891 37.1643600463867 37.1626052856445 37.5039215087891 37.8924980163574 38.0503349304199 38.229793548584 38.2344093322754 38.2405395507812 38.6468505859375 39.3164978027344 39.695140838623 -3.4e+38 40.8691139221191 41.2536315917969 41.4512100219727 41.4688491821289 41.5019340515137 41.8787727355957 42.432991027832 42.6392059326172 42.730152130127 43.4493408203125 43.8374633789062 43.8667678833008 43.8967933654785 43.9274940490723 43.9588356018066 44.0194053649902
-3.4e+38 -3.4e+38 -3.4e+38 -3.4e+38 -3.4e+38 -3.4e+38 -3.4e+38 -3.4e+38 -3.4e+38 -3.4e+38 35.1762924194336 35.1523704528809 35.521297454834 35.6707191467285 35.6571197509766 35.6384696960449 36.0123405456543 36.5097007751465 36.6458015441895 37.1919403076172 37.1955909729004 37.1896781921387 37.1854858398438 37.6822967529297 38.2483596801758 38.2520484924316 38.2554016113281 38.2628173828125 38.653148651123 39.2096252441406 40.2020645141602 40.3952484130859 41.2487449645996 41.2675666809082 41.4638290405273 41.4806671142578 41.5125465393066 41.8730659484863 42.0917205810547 42.6485710144043 42.6723709106445 43.4582328796387 43.8451957702637 43.8741798400879 43.903938293457 43.9344215393066 43.9924697875977 44.3759078979492 44.75341796875
-3.4e+38 -3.4e+38 -3.4e+38 -3.4e+38 -3.4e+38 -3.4e+38 -3.4e+38 -3.4e+38 -3.4e+38 -3.4e+38 35.1978454589844 35.5661926269531 35.713191986084 35.6978988647461 35.6775207519531 35.659049987793 36.5345611572266 36.6877593994141 36.6687812805176 37.2167282104492 37.2192916870117 37.2136344909668 37.5559425354004 38.099536895752 38.276538848877 38.2787895202637 38.2824516296387 38.2925758361816 38.8635215759277 39.416374206543 40.8847389221191 41.2707405090332 41.4638671875 41.478572845459 41.5068244934082 41.8598899841309 41.8858261108398 42.0938377380371 42.4774703979492 42.6830940246582 42.7073135375977 43.1854057312012 43.8833465576172 43.9127883911133 43.9430084228516 44.0273208618164 44.7303314208984 44.9597206115723 45.1792068481445
-3.4e+38 -3.4e+38 -3.4e+38 -3.4e+38 -3.4e+38 -3.4e+38 -3.4e+38 -3.4e+38 -3.4e+38 35.2678985595703 35.7881011962891 35.7880363464355 35.7640686035156 35.7420845031738 35.7220611572266 36.6006889343262 36.7509002685547 36.7407684326172 37.1107864379883 37.2754936218262 37.2707901000977 37.6142425537109 37.7675743103027 38.3330230712891 38.3340187072754 38.3366928100586 38.344783782959 38.7401580810547 39.4320526123047 39.462516784668 39.8978614807129 41.869270324707 42.0693359375 42.6233367919922 42.4674263000488 42.6678161621094 42.6885528564453 42.7104568481445 42.733470916748 42.7575492858887 42.8033065795898 43.9358596801758 43.9654197692871 43.9958190917969 44.1102561950684 45.1661987304688 45.2006454467773 45.3304100036621 46.3842163085938
-3.4e+38 -3.4e+38 -3.4e+38 -3.4e+38 -3.4e+38 -3.4e+38 -3.4e+38 -3.4e+38 35.3198356628418 35.6890144348145 35.8307762145996 35.8116989135742 35.7878913879395 35.7660827636719 36.0905838012695 36.7775650024414 36.7809448242188 36.7673263549805 37.3059272766113 37.3052597045898 37.648021697998 37.7991714477539 37.7980537414551 38.3635864257812 38.3649024963379 38.3679122924805 38.3835639953613 39.295955657959 39.4661865234375 39.8732261657715 40.1211929321289 42.0833587646484 42.4701080322266 42.6674423217773 42.6861114501953 42.7060585021973 42.7272262573242 42.7495613098145 42.7730178833008 42.8177719116211 43.2081642150879 43.9793548583984 44.0598487854004 44.7547798156738 44.8160552978516 45.2139015197754 45.3084335327148 46.031005859375 46.4358444213867
-3.4e+38 -3.4e+38 -3.4e+38 -3.4e+38 -3.4e+38 34.1787223815918 35.3734817504883 35.3751411437988 -3.4e+38 35.8652496337891 35.8623199462891 35.8366470336914 35.8130073547363 35.7913780212402 36.2566452026367 36.8102569580078 36.808650970459 -3.4e+38 -3.4e+38 37.3342628479004 37.8317260742188 37.8309860229492 37.8303604125977 38.3956756591797 -3.4e+38 38.4049415588379 38.8011054992676 39.492618560791 39.5019683837891 40.0982437133789 40.4734573364258 41.1323204040527 41.3831481933594 42.7066535949707 42.7409706115723 43.1150970458984 43.4721603393555 43.1620407104492 43.5352058410645 43.5702590942383 43.7836418151855 44.0248527526855 44.1354064941406 45.194896697998 45.2289199829102 45.3223114013672 46.0466995239258 46.4509239196777 46.4897117614746
-3.4e+38 -3.4e+38 -3.4e+38 -3.4e+38 33.8782844543457 -3.4e+38 34.3257217407227 35.3486709594727 35.3697052001953 35.8926963806152 35.8884162902832 35.8628997802734 35.8394355773926 35.8179931640625 36.2862548828125 36.8405418395996 36.8377685546875 36.8246459960938 37.3675231933594 37.3647117614746 37.8652992248535 37.8637008666992 37.8647041320801 38.4293212890625 -3.4e+38 -3.4e+38 39.360595703125 39.5296859741211 39.5394248962402 40.4845771789551 40.6653060913086 40.7306480407715 42.0809135437012 42.7477111816406 42.8081436157227 43.7019844055176 43.8968925476074 43.7700309753418 44.3049278259277 43.9848136901855 44.013011932373 44.1232872009277 44.849781036377 45.2457695007324 45.280345916748 45.4090461730957 46.4677429199219 46.5064544677734 46.6125030517578
-3.4e+38 -3.4e+38 -3.4e+38 -3.4e+38 33.9825248718262 34.0064392089844 33.9720687866211 34.3014678955078 35.351375579834 35.9214630126953 35.9158363342285 35.8904876708984 35.8672027587891 36.1950416564941 36.7232933044434 36.8800048828125 36.8683166503906 36.8554534912109 37.4005126953125 37.7504768371582 37.9005241394043 37.899097442627 38.289794921875 38.4645538330078 38.4712753295898 38.8359375 -3.4e+38 39.5684509277344 39.5785865783691 40.6917762756348 40.7208518981934 41.1277236938477 41.835132598877 42.8227043151855 43.5550498962402 43.9291610717773 43.9533081054688 43.9895935058594 44.1873474121094 44.0328559875488 44.0615615844727 44.869556427002 45.2645072937012 45.2988014221191 45.3929481506348 46.1203117370605 46.5249481201172 46.5971374511719 47.0342483520508
-3.4e+38 31.9507427215576 32.4620475769043 33.0007171630859 33.2597808837891 33.9953880310059 34.0013236999512 33.9389495849609 34.3086700439453 35.5106468200684 35.9312477111816 35.9194259643555 35.8963279724121 36.3662300109863 36.920280456543 36.9149322509766 36.9003257751465 36.8877334594727 37.7898979187012 37.9400596618652 37.9360847473145 37.9367637634277 38.5004463195801 38.5054664611816 38.8670043945312 39.4169464111328 39.6000213623047 39.6089363098145 39.6194763183594 40.393138885498 40.7727661132812 41.3339958190918 41.4157257080078 42.8859748840332 43.9538764953613 43.9772415161133 44.0018920898438 44.0702934265137 44.7339515686035 44.1299591064453 44.8342666625977 45.2852020263672 45.3191680908203 45.4121627807617 46.1413650512695 46.5452537536621 46.5844650268555 46.7104797363281 47.6050033569336
30.9386520385742 31.9097480773926 32.4848594665527 32.6212463378906 33.0020866394043 33.6070861816406 33.6062774658203 33.9697074890137 33.9417419433594 34.3194885253906 35.5229339599609 35.9387969970703 36.2791519165039 36.4072265625 36.5546913146973 36.9424171447754 36.9338226318359 36.9215087890625 37.9808006286621 37.9770050048828 37.9749336242676 38.3656387329102 38.542350769043 38.9035453796387 39.4530754089355 39.6341972351074 39.641845703125 39.6511764526367 39.6733169555664 40.615047454834 40.8201713562012 41.3810005187988 41.4821281433105 43.2736854553223 44.0035018920898 44.0273704528809 44.0738067626953 44.4933013916016 45.1890411376953 44.885009765625 45.2753410339355 45.3415031433105 45.4048614501953 45.8361358642578 46.5674438476562 46.6064796447754 46.6793479919434 47.1182518005371 47.8907089233398
30.4781360626221 31.5040111541748 32.0809669494629 32.486629486084 32.6163482666016 33.1238784790039 33.4685363769531 33.986572265625 33.9739685058594 33.9482192993164 34.3339958190918 35.9418258666992 36.4532279968262 36.4440803527832 36.4265213012695 36.9762001037598 36.9688262939453 36.9567985534668 38.0208015441895 38.0154037475586 38.0157699584961 38.5784759521484 38.5850296020508 39.1021041870117 39.2901268005371 39.6773834228516 39.6854476928711 39.695198059082 39.7355651855469 40.8291130065918 40.8694801330566 41.429931640625 41.4980545043945 42.575855255127 44.0551910400391 44.0795707702637 44.1599426269531 45.0648422241211 45.2696495056152 45.3006324768066 45.3327255249023 45.7923812866211 46.1733894348145 46.4099807739258 46.6303901672363 46.7353363037109 47.4488296508789 47.7294654846191 48.3016891479492
30.3698921203613 31.03639793396 31.9447917938232 32.0997505187988 32.4831657409668 32.6148147583008 33.4803237915039 33.6089134216309 33.9947891235352 33.9819679260254 33.9584617614746 34.5110015869141 36.4624328613281 36.4795112609863 36.4622077941895 36.6125602722168 37.002872467041 36.9936370849609 38.0605010986328 38.0554466247559 38.0574989318848 38.6195602416992 38.6277084350586 39.1501998901367 39.5405349731445 39.7223587036133 39.7308502197266 39.7410316467285 39.7896270751953 40.8786888122559 40.9207153320312 41.4972648620605 41.8681221008301 42.1171722412109 43.1983795166016 44.1338806152344 44.2280960083008 45.2977523803711 45.3530006408691 45.7526626586914 46.1180839538574 46.3997840881348 46.6177139282227 46.687427520752 47.0892066955566 47.4947166442871 47.9060821533203 48.0054397583008 48.5946846008301
30.4006538391113 30.533805847168 31.5379390716553 31.968225479126 32.0982055664062 32.4830703735352 32.7458763122559 33.4915504455566 33.6192321777344 34.0067558288574 33.9937858581543 33.9725456237793 36.4948196411133 36.5164642333984 36.4994239807129 36.4844856262207 37.0413246154785 37.3933067321777 38.1018600463867 38.0971641540527 38.1009140014648 38.667552947998 39.0255470275879 39.1923637390137 39.3828315734863 39.769157409668 39.7780838012695 39.8004684448242 40.1863861083984 40.9460830688477 41.3353843688965 41.559497833252 42.1132774353027 42.5553741455078 43.7410659790039 44.9220771789551 44.9718780517578 45.3824272155762 45.796199798584 46.3594055175781 46.5725212097168 46.6756706237793 47.047492980957 47.1351928710938 47.7403907775879 48.2944869995117 48.3373107910156 48.4379768371582 49.0165328979492
29.9929065704346 30.4020347595215 31.0664978027344 31.5660381317139 31.9681186676025 32.1000823974609 32.4864311218262 33.5155982971191 33.5009384155273 33.633358001709 34.0225486755371 34.0094985961914 36.1343650817871 36.5507583618164 36.538200378418 36.5235481262207 37.0824127197266 37.5880928039551 38.1449127197266 38.1405868530273 38.1460380554199 38.7156295776367 39.231819152832 39.2361526489258 39.256950378418 -3.4e+38 39.8509178161621 40.5884704589844 40.773567199707 41.0085601806641 41.5853843688965 41.9579238891602 42.2329902648926 43.7544174194336 44.6279678344727 45.3610305786133 45.3900527954102 45.4588623046875 46.0560493469238 46.6311111450195 47.0060539245605 47.1255989074707 47.6799850463867 47.770622253418 48.3444366455078 48.6414413452148 49.3044204711914 49.0839195251465 49.6401023864746
29.8783588409424 30.4279251098633 30.5611896514893 31.4333305358887 31.5839595794678 31.9714317321777 32.1054801940918 33.13037109375 33.5289688110352 33.5141906738281 33.6513748168945 34.0422515869141 36.0169486999512 36.5905723571777 36.5785598754883 36.564208984375 36.7223892211914 37.6318054199219 38.1896820068359 38.1857376098633 38.1987342834473 39.1186714172363 39.2806701660156 39.2951774597168 39.685359954834 39.879581451416 40.264949798584 40.9906921386719 41.0052375793457 41.0819625854492 41.9952621459961 42.1876411437988 42.2695198059082 43.3609809875488 44.5254516601562 45.4246025085449 45.5034828186035 46.2312698364258 46.4591751098633 46.7155914306641 47.3026542663574 47.7614707946777 48.3174629211426 48.3773765563965 48.6390571594238 49.0889663696289 49.8110809326172 49.7330055236816 50.2947845458984
29.5106792449951 29.9170837402344 30.0437507629395 30.5613346099854 31.477897644043 31.6268119812012 32.0165863037109 33.0450286865234 33.0387725830078 33.174919128418 33.5674209594727 33.7151985168457 36.1084671020508 36.1048774719238 36.2574119567871 36.6504135131836 36.6429824829102 37.3266792297363 37.7214088439941 38.2813377380371 38.2947654724121 38.9966049194336 39.3840026855469 39.4064559936523 39.9835205078125 40.5103225708008 40.529712677002 40.7367553710938 41.1203956604004 41.9190483093262 42.2890701293945 42.4191360473633 44.2735595703125 44.9579849243164 45.3489875793457 45.5587348937988 45.6692886352539 46.7458381652832 46.8527641296387 47.7942771911621 48.3985862731934 49.3643417358398 49.4064178466797 49.4882850646973 49.9403419494629 50.3774528503418 51.1308135986328 52.8363304138184 52.8856582641602
29.3810634613037 29.5269355773926 29.918062210083 30.4650917053223 31.0971279144287 31.5030117034912 31.6372394561768 32.3053321838379 33.0686531066895 33.0574913024902 33.6093559265137 33.5951766967773 35.7490272521973 36.1493530273438 36.1360816955566 36.6960105895996 36.6891937255859 37.2068557739258 37.7656707763672 37.9510040283203 38.7015800476074 38.8786010742188 39.4385452270508 39.4744148254395 40.3939323425293 40.5690803527832 40.5819625854492 40.6212959289551 41.1810836791992 42.3317832946777 42.4489898681641 44.1392440795898 44.9993667602539 45.3908195495605 45.5992965698242 45.6811027526855 46.4269638061523 46.8207359313965 46.9456825256348 48.070972442627 48.7103538513184 49.8517646789551 49.8972816467285 50.0145950317383 50.7430152893066 51.0007743835449 51.5095558166504 53.877067565918 54.0133323669434
29.4138298034668 29.418212890625 29.9506740570068 30.0837879180908 30.9763622283936 31.122428894043 31.5148849487305 32.0442314147949 -3.4e+38 -3.4e+38 33.2427444458008 33.6378364562988 34.5730400085449 36.1957244873047 36.1820106506348 36.3416213989258 36.738151550293 37.2585983276367 37.8142356872559 37.8371505737305 38.9163436889648 38.9355621337891 39.4950485229492 39.5393371582031 40.6183319091797 40.6299095153809 40.643310546875 -3.4e+38 41.2803268432617 -3.4e+38 42.4924774169922 43.7898101806641 45.4585876464844 46.0101470947266 46.065315246582 46.4706649780273 46.8907165527344 47.2970504760742 -3.4e+38 48.1539688110352 48.8126678466797 50.0074615478516 50.7195434570312 50.8066635131836 51.2276763916016 51.3554763793945 52.3004150390625 54.3753814697266 54.8500328063965
29.0296497344971 29.441276550293 29.5679264068604 29.9611778259277 30.6444969177246 31.0028057098389 31.55419921875 -3.4e+38 -3.4e+38 -3.4e+38 33.1237373352051 33.2722053527832 34.1950645446777 35.8369102478027 36.2294387817383 36.2233810424805 36.7888565063477 37.3056793212891 37.8676338195801 37.8936309814453 38.9734802246094 38.9944877624512 39.553539276123 39.6009101867676 40.6807441711426 40.6928443908691 40.7067756652832 40.7673263549805 41.7155113220215 42.4677391052246 42.6044692993164 44.4963188171387 45.7246551513672 46.3006553649902 46.694408416748 46.9077377319336 47.0142631530762 47.9606704711914 48.5199241638184 48.6079788208008 49.2386741638184 50.804615020752 51.2224655151367 51.3089141845703 -3.4e+38 52.2509002685547 53.6551246643066 55.0816459655762 55.7168388366699
28.5369358062744 29.0408420562744 29.446985244751 29.997709274292 30.1313648223877 31.0354156494141 -3.4e+38 -3.4e+38 -3.4e+38 -3.4e+38 33.1711959838867 33.1552543640137 33.8754959106445 35.7178840637207 35.8767204284668 36.2747764587402 36.8113212585449 37.3569145202637 37.9229125976562 37.9520149230957 39.032600402832 39.0554122924805 39.6272926330566 40.0058441162109 40.372932434082 40.7579193115234 40.772388458252 40.8445243835449 41.956298828125 42.5608787536621 43.0693511962891 45.2048263549805 45.8020286560059 46.3943977355957 46.9551963806152 47.0454177856445 47.8271217346191 48.5840110778809 48.8051376342773 48.9284858703613 49.8486480712891 51.270133972168 51.3929977416992 52.2219924926758 53.3417320251465 53.9627914428711 54.5731048583984 55.4479827880859 56.4110832214355
28.4437484741211 28.9307136535645 29.4843997955322 29.6164016723633 30.0118560791016 30.6577911376953 -3.4e+38 -3.4e+38 -3.4e+38 -3.4e+38 32.8059997558594 33.2032852172852 33.3710670471191 35.7676773071289 35.7620277404785 36.3280868530273 36.8543891906738 37.4128074645996 37.5927238464355 38.0006904602051 38.7118034362793 39.1045989990234 39.3205871582031 40.2293548583984 40.2658424377441 40.8251609802246 40.8591499328613 41.2795867919922 42.0296249389648 43.6406593322754 44.5848236083984 45.3082313537598 46.2544555664062 46.8256492614746 47.0943336486816 47.8487930297852 48.2928199768066 48.8857536315918 49.2684707641602 49.379207611084 50.1941757202148 51.5326843261719 53.1233520507812 53.6372337341309 54.5037727355957 54.8238677978516 55.5606536865234 55.9454765319824 57.1483268737793
28.0555553436279 28.962381362915 29.1015586853027 29.498571395874 29.6290798187256 30.1647701263428 30.6814575195312 -3.4e+38 31.6210651397705 -3.4e+38 32.690860748291 32.8427619934082 33.2581939697266 35.4166412353516 35.8105049133301 35.9855346679688 36.9044456481934 37.0785255432129 37.4818954467773 38.0564384460449 38.6037101745605 39.1620140075684 39.2140350341797 40.2972526550293 40.3355712890625 40.8946075439453 40.9587745666504 41.8815307617188 42.1052742004395 44.5645141601562 45.2983665466309 45.4032211303711 46.5295486450195 47.1182861328125 47.5572662353516 48.3288803100586 48.7565650939941 49.3384780883789 49.5969924926758 50.0297737121582 50.6719436645508 52.0596580505371 54.1562919616699 54.597541809082 55.2132911682129 55.6389961242676 56.158992767334 56.9235877990723 57.5061531066895
