rcp4.5models/MPi_ESM_LR/sc1gr5.25
NCOLS 261 
NROWS 433 
XLLCORNER 336357.134 
YLLCORNER 654653.479 
CELLSIZE 1000 
NODATA_value -3.4e+38 
[rows 176 to 197 of 433, columns 49 to 97 of 261]
282.600860595703 282.418151855469 282.241577148438 282.210235595703 281.923553466797 281.598907470703 281.489837646484 281.090118408203 281.438385009766 281.302124023438 281.346160888672 280.60595703125 280.078552246094 280.139984130859 280.362731933594 280.230987548828 279.877166748047 280.088073730469 279.929443359375 279.659088134766 279.111389160156 278.442749023438 278.188110351562 278.198455810547 278.658782958984 278.154357910156 278.078735351562 278.033172607422 277.662200927734 276.965301513672 276.635284423828 276.244110107422 276.108825683594 276.358428955078 276.244781494141 276.0244140625 275.593811035156 275.528106689453 275.282257080078 275.273681640625 275.548980712891 275.305999755859 275.556335449219 275.47119140625 275.198852539062 274.873565673828 274.793243408203 275.160308837891 275.37109375
282.497222900391 282.500518798828 282.418060302734 282.260559082031 281.929138183594 281.953063964844 281.531921386719 281.588897705078 281.75439453125 281.640777587891 281.387145996094 280.969665527344 280.666809082031 280.709289550781 280.84423828125 280.724334716797 280.352294921875 280.313598632812 279.645141601562 279.420379638672 278.892974853516 278.370971679688 278.39453125 278.402313232422 278.650848388672 278.196624755859 278.197906494141 278.240173339844 277.630126953125 276.849243164062 276.362182617188 276.3857421875 276.278106689453 276.332458496094 276.339111328125 276.197875976562 275.996185302734 275.869415283203 275.371673583984 275.137176513672 275.202056884766 274.903747558594 275.26953125 275.356201171875 275.425872802734 275.106292724609 274.9267578125 274.871643066406 274.748992919922
282.389221191406 282.256744384766 282.460876464844 282.286102294922 281.678863525391 281.996276855469 281.845367431641 281.739624023438 281.712310791016 281.50048828125 281.337982177734 281.31494140625 281.148132324219 281.061767578125 280.599090576172 280.406188964844 280.666137695312 280.509643554688 279.448822021484 279.046752929688 278.926116943359 278.653137207031 278.778930664062 278.738006591797 278.623168945312 278.188262939453 278.328887939453 278.113342285156 277.641418457031 276.777496337891 276.512908935547 276.80859375 276.438262939453 276.388549804688 276.455322265625 276.330596923828 276.557342529297 276.079193115234 275.465515136719 275.150115966797 275.09228515625 274.81005859375 274.853576660156 274.683868408203 275.129333496094 275.161651611328 274.828369140625 274.537109375 274.372802734375
282.387542724609 281.785308837891 281.983093261719 281.927673339844 281.568389892578 281.404754638672 281.374664306641 281.513458251953 281.494964599609 280.952331542969 280.934936523438 280.982727050781 280.844818115234 280.526824951172 280.922729492188 280.395294189453 280.269287109375 280.369903564453 279.220703125 278.883056640625 278.912506103516 278.90576171875 279.104705810547 278.621490478516 278.427001953125 278.479583740234 278.335113525391 277.958099365234 277.477264404297 276.691162109375 276.930969238281 277.032745361328 276.803344726562 276.588012695312 276.803497314453 276.524505615234 276.43896484375 276.215637207031 275.776824951172 275.487457275391 275.336059570312 275.094146728516 274.819427490234 274.313171386719 274.759063720703 274.581909179688 274.641448974609 274.684112548828 274.579437255859
281.78076171875 281.473510742188 281.533508300781 281.543518066406 281.493011474609 281.312103271484 280.968719482422 280.828735351562 281.018218994141 281.123382568359 280.707916259766 280.214599609375 280.633575439453 280.239105224609 280.897338867188 280.554748535156 280.186737060547 280.085784912109 279.663452148438 279.381408691406 279.2998046875 279.273040771484 279.097045898438 278.824188232422 278.663330078125 278.650451660156 278.274108886719 277.748657226562 277.393920898438 276.715606689453 277.248901367188 277.141479492188 277.016387939453 276.90966796875 -3.4e+38 276.543975830078 276.209777832031 275.893676757812 275.95458984375 275.746246337891 275.913177490234 275.294403076172 275.066650390625 274.817657470703 274.826965332031 274.243835449219 274.300201416016 274.516387939453 274.582611083984
281.558715820312 281.633514404297 281.608001708984 281.348602294922 280.945098876953 280.834747314453 280.986053466797 280.529663085938 280.60595703125 280.581237792969 280.008636474609 279.783233642578 280.243347167969 279.718963623047 280.524505615234 280.804595947266 280.547058105469 280.066802978516 279.315002441406 279.199951171875 279.053741455078 278.962097167969 278.871978759766 278.717071533203 278.680206298828 278.358428955078 278.217895507812 278.006683349609 277.820678710938 277.1572265625 277.120178222656 277.258178710938 277.091064453125 277.204528808594 276.903076171875 276.393127441406 276.1884765625 276.029235839844 276.252410888672 276.055725097656 276.156707763672 275.283935546875 275.171203613281 275.215484619141 274.930419921875 274.268493652344 274.200836181641 274.209747314453 274.327758789062
281.097900390625 280.820617675781 280.969879150391 280.681976318359 280.629150390625 280.938720703125 280.543670654297 280.483795166016 279.915191650391 279.800933837891 279.883850097656 280.056060791016 279.590942382812 279.005737304688 279.840179443359 280.088104248047 280.597198486328 280.183410644531 279.376922607422 279.1982421875 279.101684570312 278.970703125 279.162322998047 278.768707275391 278.889251708984 278.767944335938 278.424468994141 278.137817382812 278.207580566406 277.764801025391 277.190124511719 277.456573486328 277.106964111328 277.335418701172 277.108459472656 276.583587646484 276.265747070312 276.257232666016 276.431579589844 276.183654785156 276.079803466797 275.516143798828 275.182250976562 275.156219482422 274.736114501953 274.240966796875 274.113220214844 273.91455078125 273.878112792969
280.445220947266 280.168029785156 280.632446289062 -3.4e+38 280.491790771484 280.726898193359 280.435577392578 280.456390380859 279.522796630859 279.10546875 279.783325195312 279.8955078125 279.603759765625 279.042022705078 279.549072265625 279.621795654297 280.360717773438 280.259338378906 279.83056640625 279.747680664062 279.729614257812 279.634490966797 279.532897949219 279.281402587891 279.297454833984 279.140350341797 278.811584472656 278.175018310547 -3.4e+38 278.049530029297 277.898162841797 277.738708496094 277.501922607422 277.304565429688 277.074310302734 276.778930664062 276.510711669922 276.358581542969 276.190734863281 275.898620605469 275.932556152344 275.417846679688 275.123321533203 275.017364501953 274.799591064453 274.378875732422 274.13720703125 273.955413818359 273.829559326172
280.474334716797 280.188049316406 280.511993408203 280.230560302734 280.1630859375 279.677001953125 279.894409179688 280.438232421875 279.475402832031 278.7998046875 279.027557373047 279.571411132812 279.368713378906 278.845458984375 279.379486083984 279.674133300781 280.211242675781 279.954315185547 279.907257080078 279.696868896484 279.603851318359 279.843811035156 279.629425048828 279.142242431641 279.061920166016 279.058715820312 278.936889648438 278.459014892578 278.304840087891 278.178741455078 277.963226318359 277.715301513672 277.5673828125 277.312805175781 277.199401855469 277.060760498047 -3.4e+38 276.281799316406 276.093139648438 275.576995849609 275.599517822266 275.178649902344 275.06396484375 274.759216308594 274.526184082031 274.847900390625 274.677978515625 274.44482421875 274.202819824219
279.855834960938 280.264221191406 280.252319335938 279.291931152344 279.509216308594 279.484466552734 279.362426757812 279.5830078125 279.730865478516 278.849639892578 278.663879394531 278.686248779297 278.392669677734 277.907958984375 278.679351806641 279.359558105469 279.683319091797 279.097534179688 279.421783447266 279.174163818359 279.057342529297 279.218414306641 279.140716552734 279.141296386719 279.108520507812 278.9091796875 278.667419433594 278.660095214844 278.594543457031 277.380157470703 277.165863037109 276.990112304688 276.829803466797 276.435272216797 276.794464111328 276.441925048828 276.202911376953 275.950805664062 275.396148681641 275.181365966797 275.046783447266 274.776336669922 275.134948730469 275.062072753906 275.152252197266 275.180908203125 275.191589355469 274.856140136719 274.280059814453
280.015319824219 279.954986572266 280.249572753906 280.011688232422 279.215240478516 279.327239990234 279.373626708984 279.086486816406 279.471466064453 279.07275390625 278.44970703125 277.788696289062 277.906188964844 277.958801269531 278.6650390625 279.17333984375 279.787139892578 279.387481689453 -3.4e+38 279.105529785156 278.947967529297 278.698516845703 278.372619628906 278.725402832031 278.458862304688 278.843780517578 278.410491943359 278.492279052734 278.890991210938 277.824890136719 -3.4e+38 277.456451416016 277.133941650391 276.702239990234 276.925354003906 276.515899658203 276.129272460938 275.892028808594 275.668731689453 -3.4e+38 275.088134765625 275.007751464844 275.197784423828 275.418762207031 275.217468261719 275.337310791016 275.337554931641 275.106292724609 274.466033935547
280.169403076172 280.048675537109 280.476531982422 280.357421875 279.299774169922 279.666076660156 279.290191650391 279.127807617188 278.8369140625 278.732238769531 278.343292236328 277.377532958984 277.772979736328 278.271148681641 278.541320800781 279.003509521484 279.454711914062 279.1748046875 278.964904785156 278.7958984375 278.807678222656 278.744415283203 278.050079345703 278.337829589844 278.029022216797 278.268035888672 278.111572265625 278.249237060547 278.758483886719 -3.4e+38 -3.4e+38 -3.4e+38 -3.4e+38 277.009826660156 277.056579589844 276.705657958984 276.320739746094 276.087951660156 276.127349853516 275.971710205078 275.778076171875 275.582977294922 275.562164306641 275.688812255859 275.530609130859 275.513854980469 275.113555908203 274.981719970703 274.660552978516
280.582305908203 280.611328125 281.194244384766 280.94482421875 279.962799072266 280.118621826172 279.214874267578 279.279052734375 279.228912353516 278.928894042969 278.061584472656 277.389923095703 277.897430419922 278.409057617188 278.492034912109 279.129791259766 279.224975585938 278.821960449219 278.849639892578 278.797302246094 278.482269287109 278.548431396484 278.45361328125 277.999053955078 277.831237792969 277.899780273438 278.017395019531 277.799102783203 278.037536621094 -3.4e+38 -3.4e+38 -3.4e+38 -3.4e+38 277.032104492188 276.890167236328 276.762298583984 276.632568359375 276.497406005859 276.304290771484 276.103240966797 276.241058349609 275.962463378906 275.821044921875 275.998779296875 275.838928222656 275.45556640625 275.158660888672 275.134246826172 274.985137939453
281.279907226562 281.171173095703 281.352874755859 280.459716796875 -3.4e+38 280.304138183594 279.823028564453 279.382354736328 279.412994384766 278.761352539062 278.209930419922 277.503173828125 278.0048828125 278.352996826172 278.482086181641 279.046173095703 278.893127441406 278.534271240234 278.690643310547 278.593597412109 278.371978759766 277.969360351562 278.104064941406 277.909240722656 277.845123291016 277.795837402344 277.738616943359 277.259765625 -3.4e+38 -3.4e+38 277.338714599609 277.216705322266 -3.4e+38 -3.4e+38 276.970153808594 276.914215087891 276.964630126953 276.826904296875 276.642059326172 276.557495117188 276.318664550781 276.081237792969 276.096008300781 276.202911376953 276.007171630859 275.542449951172 275.318511962891 275.195831298828 275.069793701172
281.319763183594 281.182037353516 280.595825195312 279.442321777344 279.623413085938 279.974700927734 279.463653564453 278.704986572266 278.695617675781 278.338226318359 277.806243896484 277.5966796875 278.249114990234 278.472625732422 278.361694335938 278.536285400391 278.468414306641 278.374603271484 278.360290527344 278.007598876953 278.189239501953 277.882720947266 277.296844482422 277.392761230469 277.774444580078 277.677642822266 277.608856201172 277.052856445312 276.952117919922 277.249359130859 276.954223632812 277.115142822266 277.090484619141 277.036376953125 277.09912109375 277.039764404297 276.969055175781 276.804626464844 276.633361816406 276.476257324219 276.268981933594 276.029327392578 276.129272460938 276.085113525391 276.042327880859 275.836395263672 275.529205322266 275.256134033203 275.065521240234
281.415191650391 281.032135009766 280.178192138672 279.819305419922 279.455749511719 279.442596435547 279.240844726562 279.012573242188 278.469818115234 278.16357421875 277.244201660156 277.033508300781 277.777709960938 278.374389648438 278.302154541016 278.240264892578 277.971649169922 277.899627685547 277.871917724609 277.7314453125 277.919128417969 278.028137207031 277.274200439453 277.024627685547 277.359924316406 277.29736328125 277.599792480469 277.066558837891 276.902160644531 276.579376220703 276.405364990234 276.798431396484 276.468414306641 276.550079345703 276.98583984375 277.040924072266 276.668975830078 276.166381835938 276.157104492188 276.108093261719 276.215515136719 275.557464599609 276.010986328125 276.052673339844 276.004669189453 275.818664550781 275.216674804688 275.185363769531 275.113159179688
281.27978515625 281.071105957031 280.761901855469 280.111267089844 279.465301513672 279.187622070312 279.243316650391 279.249237060547 278.966644287109 278.239837646484 277.300476074219 277.171661376953 277.339050292969 277.610778808594 277.626708984375 277.603790283203 277.474761962891 277.444030761719 277.493072509766 277.587615966797 277.613006591797 277.644989013672 277.349822998047 276.66015625 276.668548583984 277.007415771484 277.140258789062 276.611389160156 276.740753173828 276.177551269531 276.216064453125 276.709014892578 276.371673583984 276.001434326172 276.328948974609 276.552856445312 276.544647216797 275.859375 275.728851318359 275.573547363281 276.084259033203 275.642608642578 275.592163085938 275.854858398438 275.983489990234 275.842712402344 275.267822265625 274.991363525391 274.937438964844
281.253784179688 281.270080566406 280.639007568359 280.097290039062 279.932281494141 279.784515380859 279.284729003906 279.088989257812 278.684631347656 278.284088134766 278.001953125 277.395324707031 277.392822265625 277.64501953125 277.967987060547 277.170104980469 276.759002685547 276.823913574219 277.081909179688 277.253601074219 277.084533691406 277.114929199219 277.199462890625 276.642028808594 276.237091064453 276.355102539062 276.451446533203 276.009124755859 276.597900390625 275.883270263672 275.997955322266 276.371978759766 276.287139892578 275.797760009766 275.913024902344 276.263458251953 276.606170654297 276.066192626953 275.674224853516 275.267059326172 275.823822021484 275.96337890625 275.519592285156 275.221160888672 275.359771728516 275.356292724609 275.203186035156 274.995544433594 274.941162109375
281.477172851562 281.435302734375 281.000213623047 280.793151855469 280.434783935547 280.203857421875 279.634582519531 279.1728515625 278.968688964844 278.277374267578 278.284454345703 277.552917480469 278.070648193359 278.142333984375 278.318054199219 277.640319824219 277.170257568359 276.694580078125 276.646697998047 276.462799072266 275.789306640625 276.622924804688 276.884246826172 276.750457763672 276.277679443359 276.052337646484 275.799926757812 275.716644287109 276.213500976562 275.847198486328 275.507293701172 275.663696289062 275.902770996094 275.718719482422 275.709411621094 276.273406982422 276.688385009766 276.224609375 275.686798095703 275.206604003906 275.863861083984 275.844909667969 275.783142089844 275.355682373047 274.916625976562 274.870056152344 274.923889160156 275.025238037109 275.008941650391
-3.4e+38 281.303955078125 281.046966552734 280.390716552734 280.289978027344 280.334503173828 280.044403076172 279.211364746094 279.170257568359 278.443664550781 278.299652099609 277.708526611328 278.3935546875 278.352447509766 278.285125732422 278.130462646484 277.792694091797 277.09423828125 277.042633056641 276.292175292969 274.3916015625 276.143676757812 276.502899169922 276.513946533203 276.294097900391 275.980865478516 275.807098388672 275.601379394531 275.780487060547 275.648651123047 274.466003417969 273.603881835938 275.289245605469 274.743774414062 275.547424316406 276.008331298828 276.345092773438 276.194641113281 275.896240234375 -3.4e+38 275.784362792969 275.226013183594 275.360443115234 275.408294677734 274.886260986328 274.675140380859 274.360961914062 274.701812744141 274.576934814453
-3.4e+38 281.40380859375 281.213745117188 281.147888183594 280.919769287109 280.830993652344 280.04638671875 279.272491455078 279.342437744141 279.32421875 279.141632080078 279.3125 279.139556884766 278.830535888672 279.152496337891 278.554931640625 278.000579833984 277.454040527344 277.794189453125 277.048950195312 276.661010742188 276.972747802734 276.574005126953 276.761047363281 276.878997802734 276.479522705078 276.119384765625 275.641540527344 275.048767089844 275.216430664062 275.145599365234 274.449249267578 274.597564697266 275.031585693359 275.409210205078 275.631683349609 275.898223876953 275.980255126953 275.732666015625 -3.4e+38 275.922149658203 275.273254394531 274.885498046875 274.886260986328 -3.4e+38 274.977661132812 274.941192626953 274.737884521484 274.127868652344
281.268951416016 281.280883789062 281.207611083984 281.223999023438 281.279235839844 281.112976074219 280.080505371094 280.013458251953 280.113952636719 280.127655029297 279.994445800781 279.552093505859 279.517150878906 279.249145507812 279.119720458984 278.475006103516 278.196014404297 278.031524658203 277.68505859375 277.197601318359 277.072448730469 277.181243896484 276.776275634766 277.041809082031 276.794952392578 276.3134765625 276.081451416016 275.816833496094 275.211059570312 274.887237548828 274.787017822266 274.618774414062 274.548736572266 274.900787353516 275.452026367188 275.536804199219 275.43798828125 275.898223876953 275.579162597656 275.334777832031 275.343017578125 275.603729248047 275.200073242188 274.886474609375 274.835571289062 274.705352783203 274.37841796875 274.401611328125 273.961578369141
