rcp4.5models/MPi_ESM_LR/sc1gr6.3
NCOLS 261 
NROWS 433 
XLLCORNER 336357.134 
YLLCORNER 654653.479 
CELLSIZE 1000 
NODATA_value -9999 
[rows 396 to 417 of 433, columns 50 to 99 of 261]
-9999 -9999 -9999 -9999 -9999 -9999 -9999 -9999 2944.63484880142 2955.91042648356 2958.78432089018 2977.88137005803 3001.15422269858 3031.58574650142 3047.90464859386 3060.33235245894 3068.61307619688 3101.04112993969 3106.59865213339 3116.8030997225 3138.97186303 3180.61418485749 3205.19674520532 3161.18655601973 3151.17894104206 3188.46024863598 3203.7391151124 3183.7827214441 3182.37831968853 3176.18506444921 3160.57356161805 3161.53422140987 3160.75729505145 3161.36156857858 3179.72221003824 3172.54206938407 3141.90601024054 3232.1305630716 3215.84753705437 3136.15542190598 3272.40980948205 3280.91584798263 3280.46556182515 3275.56394216138 3265.12600052071 3256.51069535301 3247.93386470854 3235.42211580687 3201.56212400837 3141.47953409888
-9999 -9999 -9999 -9999 -9999 -9999 -9999 -9999 2925.99734721433 2931.86407083137 2940.07634354235 2966.25647123523 2979.47772043625 3007.09686432156 3024.31592389433 3040.39720250319 3051.6018956196 3082.48141809484 3088.21537898785 3093.18827798081 3098.73346193045 3117.65317272955 3148.20119958273 3132.20462121066 3131.22905425965 3139.77790793677 3131.559947125 3132.60325748441 3153.50025857226 3157.78176275409 3140.70187532139 3133.55107633771 3131.12562456039 3127.45482985456 3131.07520082182 3121.58286758598 3107.51405114931 3178.58203012395 3169.87923221948 3134.465502756 3240.9140753117 3246.80363476458 3248.80894087435 3244.58902311451 3236.83961562264 3229.67339192708 3218.53496227081 3204.25807290736 3186.41275315638 3134.64954573904
-9999 -9999 -9999 -9999 -9999 -9999 -9999 -9999 -9999 2916.45481713478 2923.87619748025 2944.3608430027 2953.32331526975 2977.06087058812 3000.36930109847 3016.14095407901 3032.69982491236 3056.53847137553 3062.12154302125 3060.01993603615 3065.74165028523 3077.78758221087 3099.8358498236 3098.9432923099 3095.70549858879 3113.60363166458 3140.26654341004 3119.72463803085 3111.52570654788 3134.13540097048 3112.26324513756 3096.2958116829 3093.94307899665 3088.74318729521 3081.15093176394 3076.04049137275 3079.6826824729 3100.87935486855 3095.90457204918 3097.83975671341 3188.30949274979 3224.42685334935 3219.7929981688 3214.14429803651 3207.10644165096 3201.26060886666 3191.97008891148 3178.12260008836 3169.04595392353 3122.61324637218
-9999 -9999 -9999 -9999 -9999 -9999 -9999 -9999 -9999 2900.20972198123 2908.03784760708 2920.74343015625 2930.93847213975 2948.64636787261 2973.98336069764 2990.47512072232 3006.4714959654 3031.62543908356 3034.54906408696 3032.94397501062 3037.38556837541 3052.11078593542 3072.02207213478 3064.64406956403 3060.95668425359 3075.07396482582 3095.0121491886 3073.67644622145 3076.57462490054 3084.02338746486 3069.9826074822 3067.49191696306 3073.23650507516 3063.40366504703 3052.17087744729 3059.95927925047 3060.04590985255 3053.66119282791 3071.66737823875 3063.78528203752 3151.97722254727 3195.81269384916 3189.86403811316 3186.4527415705 3180.25871179405 3172.99941301346 3161.73401208889 3146.57670344723 3136.19642814973 3107.70830021438
-9999 -9999 -9999 -9999 -9999 -9999 -9999 -9999 -9999 -9999 2893.50877904284 2900.84671798615 2909.18380596705 2921.56732640381 2946.19115165347 2965.11309698784 2981.57081334128 3008.93802130934 3012.53703750089 3018.07830706743 3016.70158193982 3019.00136357306 3035.07110590227 3036.82541220589 3046.37181690552 3035.45666314043 3027.85672700732 3028.06500528555 3034.89401911166 3044.78606931171 3041.21265155153 3044.4227717024 3055.28699979044 3041.37009119483 3038.59022310409 3039.03684345194 3030.55749874795 3028.0489501449 3042.34496613433 3030.43329110955 3085.3242847746 3134.8953710381 3156.05853650961 3158.68444697338 3151.39730555214 3145.03785922705 3135.78375173076 3116.75400235856 3099.9253904589 3088.2817633397
-9999 -9999 -9999 -9999 -9999 -9999 -9999 -9999 -9999 -9999 2872.0105681312 2885.43220779872 2897.04214937638 2903.59908813642 2917.83569527729 2939.78050768418 2961.87767990105 2982.84009244809 2990.82684644433 2994.90078512732 2995.21190073275 2994.04903940494 3007.96494901714 3009.77101888126 3026.63202549786 3038.40135871391 3013.66243475175 2999.38658291257 3000.93282636517 3016.52367439751 3016.11910551183 3020.98276273708 3042.34181453795 3019.51709724624 3016.90707815058 3009.2615438116 2996.60557086249 3000.46705385182 3019.41052311393 3017.76529405855 3003.36774973811 3076.36129562462 3125.20452364614 3127.32831407396 3117.20844893881 3105.75781376875 3104.42586210245 3092.84476270185 3077.91103569367 3061.03936983623
-9999 -9999 -9999 -9999 -9999 -9999 -9999 -9999 -9999 -9999 2843.62703840007 2863.11235426875 2880.99814898808 2888.61711457016 2900.39486430344 2919.63043234403 2939.57062616764 2959.20749837404 2969.75421548261 2976.33333839694 2972.82270273557 2971.89195929914 2979.011664066 2976.73754743427 2981.77448393043 2997.67795841636 2980.34389521953 2987.68744631259 2972.00517261808 2974.05161114043 2977.42454986859 2987.76191589189 3000.59110950783 2981.19716768152 2973.53701578182 2976.59290375448 2986.456972207 2986.02267236289 2994.85948577165 3002.14700618379 3021.20429091282 3031.97511573928 3070.36182500042 3095.46222031548 3088.49699791555 3075.83857008587 3071.67889502097 3063.55099246238 3049.51541004168 3030.51240297193
-9999 -9999 -9999 -9999 -9999 -9999 -9999 -9999 -9999 -9999 -9999 2843.35175731839 2861.34919499503 2870.19693063521 2884.46234206037 2900.42464278975 2913.0629477496 2936.46277788727 2946.69765425426 2954.57346243791 2950.1498624365 2949.87492451049 2949.26056299702 2952.23070077295 2954.9146552918 2948.22272931065 2943.22728419212 2958.17851623933 2939.63063550459 2957.49664587566 2952.63436350062 2944.86439643606 2944.12062918372 2941.64786589617 2953.10059044179 2977.95885009415 2984.88466700103 2984.0716960323 2983.64958561971 2995.88051847136 3052.71275806933 3031.95007938347 3005.89213163249 3031.43596019389 3054.17063700872 3051.6183565698 3041.79273270121 3034.31341558175 3021.82191007878 3002.8900547676
-9999 -9999 -9999 -9999 -9999 -9999 -9999 -9999 -9999 -9999 -9999 -9999 2834.61245303918 2847.80164764362 2863.29165814975 2875.41739134796 2888.80043690866 2908.80020650726 2921.18972596839 2927.86339867586 2928.65859782899 2928.53329801639 2926.95983435687 2927.30915385116 2927.89361262058 2917.33961220838 2917.82291752648 2916.84981211282 2908.99752785412 2924.05398478337 2918.1833176307 2906.65760714383 2919.89540126081 2935.99129444624 2946.40403870849 2949.58286993761 2951.61163570741 2974.86750170744 2989.34276690685 2995.31058246925 3029.54420281265 3032.17568670841 3000.78144930441 2972.52213194679 2999.40030683237 3019.73163269775 3011.04845456747 3005.26094034255 2993.15687386845 2980.66873055067
-9999 -9999 -9999 -9999 -9999 -9999 -9999 -9999 -9999 -9999 -9999 -9999 -9999 2821.67768583233 2837.54813811236 2846.78195925416 2862.88329425457 2884.56852724515 2897.16803685873 2903.5027688261 2904.23244432599 2902.79123276874 2898.9205941296 2893.47965186318 2889.80997750215 2883.47049783051 2882.97767455773 2887.56806659921 2879.2563411427 2883.29110894509 2892.63171561625 2880.999571833 2900.94249546452 2918.84407871956 2905.56508319847 2906.76627450672 2915.12911679214 2937.60177896857 2957.95587021957 2957.07877345411 2989.54156123005 2991.92232823924 2994.47763057802 2968.35369927374 2956.30940685701 2974.19777918338 2977.64779752365 2971.76976123957 2958.40098007507 2920.83195561251
-9999 -9999 -9999 -9999 -9999 -9999 -9999 -9999 -9999 -9999 -9999 -9999 -9999 2779.63329683071 2786.15095652852 2795.33009881402 2804.98066449908 2837.23066053959 2849.19870600998 2855.29139345486 2850.5999552665 2843.46915522437 2836.01406344375 2829.28815052908 2825.00602845936 2821.70162635923 2818.11844163357 2813.84999636873 2814.03708844153 2808.98068735777 2806.5506902093 2814.75028777836 2818.83456440416 2816.18131867568 2823.5389577118 2846.31472704791 2861.65887864352 2870.2636303837 2867.12757310552 2869.92643510778 2902.3706476708 2908.63223748779 2901.13241828208 2912.9979643271 2910.26556074405 2874.69449998162 2862.29157864985 2869.77246156617 2886.24719788636 2855.03567489352
-9999 -9999 -9999 -9999 -9999 -9999 -9999 -9999 -9999 -9999 -9999 -9999 -9999 -9999 2756.33956068822 2767.79168946933 2778.50613934188 2800.13814519868 2817.49398809136 2824.33463542083 2820.58245336743 2813.0163532682 2803.37699512886 2795.77465062862 2789.56277020463 2785.77077270849 2782.59232342005 2780.82668535212 2774.79816417219 2776.6258418951 2775.62142380893 2777.48958324097 2781.95612776779 2789.39906193924 2789.9622140294 2808.24358456334 2830.2269182606 2850.97268848519 2851.18576342462 2833.59054995239 2858.72451260643 2868.38410443459 2873.46710126186 2885.44010690466 2884.92006629823 2870.13542999985 2853.41931974167 2841.52123850772 2819.65398078665 2793.67355065957
-9999 -9999 -9999 -9999 -9999 -9999 -9999 -9999 -9999 -9999 -9999 -9999 -9999 -9999 2730.38025692985 2739.39543853769 2748.87813208307 2766.75654849712 2781.27734985884 2786.53894191263 2783.04395762807 2776.38014009616 2767.459205422 2761.36293128198 2755.56904982271 2749.24431178227 2745.76242549649 2744.22567997729 2736.02623826448 2736.27766331213 2736.13895073105 2738.0775267245 2742.97868747747 2752.11746313555 2752.57824261901 2763.12325822109 2788.56105953116 2807.79549276329 2823.24786082079 2817.84129428755 2816.01676926153 2824.99042583861 2846.26465053001 2854.99191679238 2847.45958668142 2844.6309190584 2843.70364242636 2837.03785428751 2771.18751970893 2721.36792748245
-9999 -9999 -9999 -9999 -9999 -9999 -9999 -9999 -9999 -9999 -9999 -9999 -9999 -9999 2701.65098183456 2709.29514266969 2718.60696751303 2734.77398170232 2742.9185986604 2744.90337932981 2740.59812282123 2736.2953151407 2729.95340625249 2723.70929055601 2717.4654513104 2711.27397455817 2707.55196417974 2703.9023813551 2698.76901327779 2696.16384804275 2694.96986485939 2699.35732770552 2702.71495481817 2708.38329501056 2712.14113561737 2720.04423078623 2734.5102813635 2749.87235413809 2759.26998544808 2770.56918541426 2771.06672406576 2781.10424618639 2797.90317068863 2810.79343541365 2798.67662608771 2799.8111815679 2809.19423005658 2801.49791630462 2766.97012424503 2710.81448171175
-9999 -9999 -9999 -9999 -9999 -9999 -9999 -9999 -9999 -9999 -9999 -9999 -9999 -9999 -9999 2681.40140283249 2685.20943993587 2697.18770815953 2702.57513005851 2703.83518833222 2699.31949604174 2695.08632763407 2691.20715190103 2684.8087071823 2678.13954541859 2671.65358569555 2667.09181700332 2661.11643517627 2655.47757246729 2655.68929092756 2656.54331874519 2658.18923599442 2658.75527040439 2664.84823851386 2670.99430794918 2684.38885663619 2700.8116277438 2705.09024256879 2704.78914914655 2705.06354536756 2712.86417173225 2724.16700804043 2740.03588078097 2757.01251242128 2760.688266411 2757.54646529489 2766.67339989068 2766.16872882763 2757.61286810436 2691.99967783238
-9999 -9999 -9999 -9999 -9999 -9999 -9999 -9999 -9999 -9999 -9999 -9999 -9999 -9999 -9999 -9999 -9999 2658.98757236519 2662.2732036594 2663.1053536416 2659.03765185705 2654.19847057969 2651.07783270684 2644.95966051573 2638.81934170563 2631.44732469672 2626.41729947769 2620.49717193968 2612.16291294852 2613.74856480228 2614.99348014223 2616.42050758097 2620.230330226 2624.05444532257 2630.14727432317 2643.25773771497 2661.25323186483 2660.66550327181 2658.28256964968 2662.72575730688 2663.08524007374 2669.73845341604 2707.20892367674 2730.98098013178 2737.63211601832 2719.10886559341 2722.36716228919 2730.09154140388 2701.85755247903 2643.35399249347
-9999 -9999 -9999 -9999 -9999 -9999 -9999 -9999 -9999 -9999 -9999 -9999 -9999 -9999 -9999 -9999 -9999 2621.55973662279 2622.10238128878 2619.12513686837 2616.1238826139 2613.46044548626 2610.96547169893 2605.90094429737 2599.79696050468 2593.65113641233 2588.40923879237 2582.10832888783 2569.08607253449 2568.82846180989 2570.97968847058 2574.65392114099 2578.9374482517 2586.54577641908 2594.49652042143 2604.38534524708 2615.93239201799 2619.32819525466 2616.78357431329 2626.79277322069 2623.90473689785 2625.09955498756 2677.50761726765 2712.37309941105 2692.89133129325 2671.97238617675 2662.24922654436 2654.9046570276 2642.95468399824 2630.95360389673
-9999 -9999 -9999 -9999 -9999 -9999 -9999 -9999 -9999 -9999 -9999 -9999 -9999 -9999 -9999 -9999 -9999 -9999 2583.25088938287 2578.81328461726 2575.41117501467 2574.52490797471 2572.62710835905 2566.63833050924 2561.2275408173 2555.59053380524 2550.36495051402 2544.89026877837 2530.35010726667 2525.93431179672 2524.55161427248 2526.41106899418 2534.41079031561 2544.61881734788 2555.59922955309 2567.91410973365 2579.39075767807 2584.90585577128 2598.3997914765 2614.31290935365 2616.34055509607 2597.89689496101 2612.70215628366 2634.85568479603 2617.14296984732 2616.37559551726 2611.20747810225 2602.75468351447 2613.54068974951 2621.2520463563
-9999 -9999 -9999 -9999 -9999 -9999 -9999 -9999 -9999 -9999 -9999 -9999 -9999 -9999 -9999 -9999 -9999 -9999 -9999 2541.03740387817 2537.25146511738 2536.79708470101 2534.46772095794 2528.59829649724 2520.21468296633 2515.4229866439 2509.9551802667 2505.99553024443 2492.91697937312 2487.86839998501 2485.35796806174 2479.70063302395 2486.18277209975 2496.3483942199 2508.5459572244 2521.27851939226 2534.66692183754 2561.39441383916 2590.6623336227 2587.75812647847 2588.95738151819 2571.4593848975 2559.49936193038 2561.62307652088 2569.00916130904 2583.26996686011 2591.17233067224 2592.05495494892 2590.84250647011 2590.79261271975
-9999 -9999 -9999 -9999 -9999 -9999 -9999 -9999 -9999 -9999 -9999 -9999 -9999 -9999 -9999 -9999 -9999 -9999 -9999 -9999 2501.72759876826 2500.0457573576 2496.26049110818 2490.72670744977 2472.64155325885 2459.25760651994 2459.56805452476 2462.03341320189 2457.58083154323 2450.68523411935 2449.42343924589 2443.96340730393 2440.29229607592 2447.59429923557 2462.00517015157 2474.65851988564 2491.02010505063 2518.04034771753 2548.74159362242 2558.19815171347 2556.52868501583 2548.57534620721 2540.46900857583 2530.1453701713 2542.23080650078 2569.38812656765 2580.87327631399 2580.49011745248 2578.77064821449 2574.31491632559
-9999 -9999 -9999 -9999 -9999 -9999 -9999 -9999 -9999 -9999 -9999 -9999 -9999 -9999 -9999 -9999 -9999 -9999 -9999 -9999 -9999 2463.19184762416 2457.20395615398 2453.30727310872 2433.77443007696 2409.13853294068 2410.03276868757 2417.08084236201 2415.1743418626 2412.66985757909 2412.0178549934 2410.20025717694 2400.72539825101 2405.17811039369 2419.31243207917 2432.10477699387 2448.35125964261 2463.49847616891 2496.63719811942 2536.83332988517 2549.24451205783 2545.2297787282 2524.38453175917 2502.29893338647 2504.42302758265 2541.10178646232 2546.74439348466 2551.34021595727 2563.88923433552 2553.64866310665
-9999 -9999 -9999 -9999 -9999 -9999 -9999 -9999 -9999 -9999 -9999 -9999 -9999 -9999 -9999 -9999 -9999 -9999 -9999 -9999 -9999 -9999 2425.84971634006 2417.21106854691 2399.9723518078 2381.57644247668 2380.78061238033 2380.34900912407 2365.26113002799 2369.43054084459 2375.36462380908 2370.62192205683 2362.82471993424 2365.52249917541 2375.17125532639 2398.6354156117 2409.50471534246 2439.53450880682 2474.45984848074 2501.8332758177 2522.7523584264 2527.39884553604 2500.64332648207 2478.6196353041 2478.93121458339 2489.01408229218 2484.32000397412 2504.25092473179 2521.05328693812 2508.65056734143
