rcp4.5models/MPi_ESM_LR/sc1gr6.10
NCOLS 261 
NROWS 433 
XLLCORNER 336357.134 
YLLCORNER 654653.479 
CELLSIZE 1000 
NODATA_value -3.4e+38 
[rows 176 to 197 of 433, columns 98 to 146 of 261]
2143.2763671875 2147.96215820312 2159.673828125 2176.22094726562 2182.3974609375 2187.85473632812 2191.71899414062 -3.4e+38 -3.4e+38 -3.4e+38 2211.53247070312 2214.77856445312 2215.78393554688 2222.19970703125 2225.04565429688 2227.71411132812 2231.6826171875 2236.4912109375 2239.18920898438 2242.00170898438 2241.48828125 2242.72338867188 2243.30053710938 2244.20288085938 2249.66796875 2251.32836914062 2252.8505859375 2254.42822265625 2257.81713867188 2260.36743164062 2261.47192382812 2256.35815429688 2253.6943359375 2250.7880859375 2246.70458984375 2243.67797851562 2243.73413085938 2252.17431640625 2253.68212890625 2259.12963867188 2265.90502929688 2260.18920898438 2264.42846679688 2270.32055664062 2264.15087890625 2262.66845703125 2260.7265625 2262.40185546875 2260.07299804688
2147.0966796875 2151.18212890625 2162.49462890625 2179.21240234375 2186.25610351562 2193.79736328125 2197.61791992188 2200.6640625 2206.11499023438 2213.81982421875 2218.2587890625 2219.3857421875 2220.18872070312 2227.6220703125 2226.91479492188 2231.43237304688 2229.796875 2233.28295898438 2235.77783203125 -3.4e+38 2241.30883789062 2243.67797851562 2247.06567382812 2245.97387695312 2250.28735351562 2253.93505859375 2256.81811523438 2257.537109375 2257.88061523438 2259.03881835938 2260.70654296875 2258.92309570312 2255.98559570312 2250.8935546875 2249.46801757812 2245.37109375 2242.94580078125 2250.48974609375 2256.18139648438 2261.55810546875 2265.80541992188 2265.2216796875 2269.36328125 2269.431640625 2259.84204101562 2258.19262695312 2255.9921875 2256.06518554688 2255.9111328125
2150.68530273438 2156.60180664062 -3.4e+38 -3.4e+38 2188.56103515625 2199.72119140625 2202.63549804688 2205.19262695312 2210.97143554688 2213.66235351562 2218.97290039062 2222.77807617188 2224.81567382812 2229.63696289062 2231.3076171875 2235.90185546875 2234.390625 2235.33349609375 2233.93017578125 2238.3037109375 2241.62158203125 2246.25341796875 2247.46923828125 2245.79248046875 2248.16723632812 2251.33959960938 2257.86328125 2260.18969726562 2259.94506835938 2259.43701171875 2258.03735351562 2259.01977539062 2256.859375 2252.26245117188 2248.29077148438 -3.4e+38 2247.94287109375 2252.42651367188 2257.66064453125 2263.34350585938 2270.98608398438 2279.61938476562 2285.27124023438 2265.65698242188 2257.10083007812 2254.41015625 2255.015625 2251.109375 2253.02319335938
2156.75659179688 2162.12280273438 2166.01953125 -3.4e+38 2187.126953125 2199.66674804688 2204.25903320312 -3.4e+38 2215.2119140625 2214.70434570312 2217.72583007812 2222.9541015625 2226.75244140625 2229.53540039062 2233.36181640625 2237.19873046875 2239.66748046875 2237.73266601562 2236.9521484375 2241.41918945312 2242.82934570312 2248.22338867188 2250.38452148438 2249.1591796875 2248.52416992188 -3.4e+38 2254.67114257812 2256.65747070312 -3.4e+38 2260.7919921875 2260.73950195312 2260.453125 2256.34912109375 2252.97924804688 -3.4e+38 -3.4e+38 -3.4e+38 2255.40112304688 2258.95947265625 2262.58618164062 2272.92333984375 2283.99243164062 2282.02221679688 2261.82958984375 2255.37622070312 2250.5615234375 2250.7919921875 2250.60791015625 2258.08325195312
2160.79223632812 2164.67993164062 2167.60668945312 2181.76586914062 2193.5703125 2199.82006835938 2206.1318359375 2212.587890625 2217.48461914062 2216.36401367188 2218.17944335938 2223.21875 2228.16040039062 2229.40014648438 2234.22827148438 2237.294921875 2239.4072265625 2238.89624023438 2240.36401367188 2244.2216796875 2245.83544921875 2250.9296875 2254.15209960938 2254.70581054688 2254.29614257812 2252.02880859375 2253.14379882812 2254.6845703125 -3.4e+38 2259.66748046875 2261.32373046875 2261.42797851562 2259.28686523438 2253.34716796875 2251.19165039062 -3.4e+38 2247.58813476562 2256.3115234375 2255.02490234375 2259.44873046875 2269.56616210938 2277.20751953125 2269.52465820312 2257.31518554688 2252.10375976562 2245.56127929688 2244.21435546875 2249.146484375 2260.51611328125
2162.423828125 2169.4033203125 2173.287109375 2184.82177734375 2197.92065429688 2204.81591796875 2211.03466796875 2219.18090820312 2218.09423828125 2217.84228515625 2220.455078125 2228.16943359375 2229.08227539062 2235.38305664062 2234.3564453125 2237.62426757812 2239.93994140625 2241.08276367188 2240.69946289062 2242.72290039062 2246.302734375 2251.6005859375 2253.42407226562 2255.05053710938 2257.64721679688 2257.2890625 2257.03002929688 2257.88403320312 2256.82739257812 2255.97314453125 2257.48706054688 2260.22827148438 2262.82250976562 2257.19018554688 2249.95947265625 -3.4e+38 2248.5927734375 2253.13110351562 2252.5439453125 2259.91455078125 2266.11474609375 2270.38305664062 2268.74462890625 2254.69091796875 2249.27685546875 2243.2373046875 2241.84008789062 2246.45458984375 2256.42358398438
2164.70434570312 2171.88793945312 2175.06909179688 2187.5751953125 2196.76879882812 2205.8466796875 2212.08276367188 2223.08837890625 2223.26147460938 2223.23095703125 2225.62084960938 2231.75854492188 2235.193359375 2240.12060546875 2239.505859375 2240.755859375 2244.33032226562 2245.45458984375 2240.84912109375 2242.21801757812 2245.02294921875 2249.654296875 2252.11645507812 2253.79663085938 2258.78637695312 2259.56298828125 2261.53125 2262.30322265625 2260.12451171875 2256.7099609375 2259.75512695312 2263.3251953125 2263.828125 2261.05004882812 2255.6728515625 2250.22900390625 2248.95263671875 2251.89331054688 2254.75756835938 2259.61743164062 2261.28369140625 2260.63647460938 2261.50732421875 2251.43334960938 2245.67333984375 2240.89819335938 2238.05834960938 2244.69482421875 2256.61669921875
2167.60961914062 2176.24462890625 2182.90258789062 2191.83422851562 2197.27807617188 2206.74731445312 2216.7265625 2225.1630859375 2228.49462890625 2227.79125976562 2229.99731445312 2234.48681640625 2240.4912109375 2240.021484375 2244.806640625 2243.64038085938 2247.734375 2250.43725585938 2245.50634765625 2244.93896484375 2248.8544921875 2253.55859375 2255.05102539062 2256.4453125 2260.87817382812 2262.02661132812 2267.9013671875 2266.25732421875 2260.9873046875 2260.224609375 2262.23193359375 2264.16259765625 2264.013671875 2262.40234375 2257.47338867188 2250.83081054688 2251.66015625 2256.66796875 2259.04516601562 2257.96630859375 2258.46752929688 2253.77734375 2251.95092773438 2247.67578125 2243.46484375 2237.52905273438 2236.93310546875 2244.6357421875 2253.23681640625
2167.51977539062 2176.48486328125 2186.75659179688 2196.25341796875 2202.09619140625 2214.06811523438 2222.38842773438 2230.93432617188 2232.17626953125 2228.94213867188 2231.05322265625 2237.84985351562 2242.72827148438 2242.07299804688 2245.91967773438 2244.220703125 2249.4853515625 2252.32495117188 2247.55395507812 2247.23046875 2250.75561523438 2254.55346679688 2254.94287109375 -3.4e+38 2260.59326171875 -3.4e+38 2279.19018554688 2269.22680664062 2265.69555664062 2263.892578125 2261.34692382812 2261.67138671875 2264.39526367188 2261.75268554688 2254.57763671875 2250.38720703125 2253.607421875 2258.47680664062 2261.85620117188 2261.83715820312 2259.48974609375 2251.12939453125 2244.7626953125 2244.80810546875 2242.23315429688 2234.62280273438 2236.74877929688 2242.42260742188 2242.96337890625
2163.69287109375 -3.4e+38 -3.4e+38 2204.513671875 2213.47900390625 2218.00610351562 2227.45922851562 2231.77978515625 2232.73510742188 2232.76245117188 2237.07763671875 2247.75805664062 2249.841796875 2251.3251953125 2249.98901367188 2249.66625976562 -3.4e+38 2258.0322265625 2252.78442382812 2247.86010742188 2249.41625976562 2254.3095703125 2258.30590820312 2258.89575195312 2264.4775390625 2268.3349609375 2278.41723632812 2278.36840820312 2275.12890625 2272.80737304688 2268.7861328125 2268.03466796875 2268.54223632812 2262.27587890625 2258.64721679688 2260.1572265625 2257.39477539062 2261.7421875 2266.43603515625 2270.92944335938 2262.58618164062 2254.27392578125 2247.6640625 2241.9384765625 2236.71606445312 2235.1123046875 2230.4501953125 2229.62915039062 2230.15869140625
2160.80932617188 2168.64282226562 2180.02270507812 2203.26147460938 2212.77319335938 2218.01928710938 2226.35693359375 2234.90673828125 2238.146484375 2238.37915039062 2241.61938476562 2247.53173828125 2252.53784179688 2256.7099609375 2254.62841796875 2254.66796875 2257.13232421875 2263.69702148438 2267.93676757812 2252.90478515625 2252.88012695312 2256.58374023438 2260.19458007812 2260.74731445312 2265.68823242188 2267.04150390625 2277.16479492188 2288.0244140625 2282.28198242188 2278.66552734375 2273.60986328125 2270.5703125 2268.3857421875 2264.75830078125 2263.8203125 2267.29443359375 2257.68212890625 2260.16748046875 2266.93017578125 2273.73999023438 2262.97827148438 2253.6484375 2246.31518554688 2240.3330078125 2239.42333984375 2236.73803710938 2231.87719726562 2229.45190429688 2227.89575195312
2158.77294921875 2168.5576171875 2182.95068359375 2200.42211914062 2210.72705078125 2218.96557617188 2226.3671875 2239.39331054688 2240.01733398438 2240.63793945312 2245.10571289062 2248.73510742188 2253.59790039062 2256.79321289062 2256.69409179688 2255.92504882812 2258.67236328125 2264.39624023438 2269.50366210938 2256.626953125 2255.61303710938 2258.10009765625 2260.94482421875 2263.818359375 2264.22924804688 2266.09350585938 2300.453125 2347.84594726562 2304.33642578125 2281.98266601562 2276.03393554688 2272.44287109375 2269.91137695312 2269.27124023438 2267.11181640625 2271.25732421875 2259.49829101562 2265.14794921875 2271.17944335938 2277.17114257812 2268.65893554688 2252.11279296875 2244.80786132812 2243.38842773438 2241.65600585938 2238.93432617188 2236.5517578125 2232.60815429688 2231.14135742188
2158.65380859375 2171.13940429688 2184.65771484375 2197.0849609375 2207.82983398438 2219.06811523438 2230.87255859375 2238.78540039062 2238.39868164062 2240.51025390625 2244.19287109375 2249.03271484375 2252.07666015625 2254.19213867188 2268.04638671875 2263.12451171875 2264.8271484375 2266.0107421875 2265.55786132812 2256.1748046875 2255.33471679688 2256.13330078125 2258.4951171875 2260.67236328125 2261.78540039062 2264.33642578125 2347.58935546875 2450.9892578125 2369.77490234375 2284.54321289062 2279.81005859375 2275.42749023438 2277.35180664062 2273.43090820312 2270.19873046875 2272.294921875 2262.54150390625 2268.37036132812 2275.43823242188 2280.63671875 2271.29565429688 2251.14306640625 2243.31518554688 2246.08984375 2243.189453125 2242.50439453125 2241.44384765625 -3.4e+38 2252.83251953125
2161.08129882812 2170.548828125 2184.23388671875 2194.64135742188 2208.10107421875 2219.72216796875 2232.71508789062 2237.41455078125 2237.75024414062 2240.68920898438 2245.15185546875 2247.05639648438 2250.26879882812 2251.97509765625 2272.50610351562 2268.7578125 2269.13891601562 2267.72265625 2268.40014648438 2261.5068359375 2259.3330078125 2258.6123046875 2259.99780273438 2261.24853515625 2263.38256835938 2268.37915039062 2373.97241210938 -3.4e+38 2374.53588867188 2290.28002929688 2283.55346679688 2280.47290039062 2283.87841796875 2280.86108398438 2275.6640625 2276.62939453125 2265.50122070312 2270.80444335938 2278.96484375 2282.53491210938 2264.74194335938 2251.31225585938 2246.96142578125 2249.1220703125 2246.8740234375 2246.62841796875 2243.7265625 2237.2216796875 2255.30517578125
2159.09228515625 2167.23779296875 2180.5419921875 2194.36254882812 2208.32177734375 2218.7177734375 2231.4189453125 2235.0009765625 2236.20776367188 2242.140625 2246.53393554688 2247.12158203125 2254.97680664062 2256.6826171875 2267.68383789062 2270.8310546875 2268.86181640625 2268.82983398438 2270.13452148438 2266.076171875 2263.24926757812 2263.56762695312 2263.52514648438 2265.37890625 2264.59814453125 2269.0498046875 2417.89794921875 -3.4e+38 2362.1767578125 2295.61499023438 2287.03515625 2284.83447265625 2289.37963867188 2288.3056640625 2280.72924804688 2279.265625 2269.14672851562 2273.1943359375 2278.4580078125 2277.67651367188 2261.27124023438 2253.04150390625 2253.10693359375 2257.29760742188 2251.72436523438 2249.14453125 2244.45556640625 2243.03759765625 2246.85693359375
-3.4e+38 2165.42504882812 2177.28466796875 2197.09130859375 2206.3359375 2215.93041992188 2227.56982421875 2233.13842773438 2235.26904296875 2240.52001953125 2244.70458984375 2246.87622070312 2257.33959960938 2258.52685546875 2268.89282226562 2275.30126953125 2271.50439453125 2275.48950195312 2274.33471679688 2266.80078125 2264.86376953125 2263.86303710938 2264.43359375 2266.43408203125 2263.97119140625 2265.72216796875 2434.25415039062 -3.4e+38 2473.31909179688 2295.10522460938 2288.57958984375 2289.77563476562 2293.63842773438 2291.60473632812 2280.55126953125 2277.09057617188 2272.01147460938 2275.99731445312 2276.3544921875 2271.19970703125 2262.65991210938 2254.35229492188 2259.27490234375 2263.10180664062 2259.95141601562 2254.21997070312 2248.55590820312 2247.95556640625 2252.53491210938
2159.27587890625 2170.87768554688 2182.30395507812 2201.33911132812 2209.5078125 2219.20849609375 2225.63598632812 2233.48828125 2240.884765625 2242.26342773438 2242.74340820312 2248.00756835938 2255.78955078125 2258.76342773438 2268.38037109375 2272.70043945312 2275.6640625 2278.52319335938 2278.13842773438 2271.38671875 2270.86547851562 2268.96020507812 2267.97778320312 2270.32788085938 2269.31127929688 2270.58813476562 2349.94018554688 2425.42260742188 2419.28588867188 2288.31127929688 2287.6044921875 2291.59741210938 2292.91381835938 2291.58447265625 2283.04345703125 2279.75024414062 2274.48754882812 2278.98950195312 2278.876953125 2271.29223632812 2264.09936523438 2259.94775390625 2265.47412109375 2269.11083984375 2279.86889648438 2286.498046875 2260.57080078125 2265.24072265625 2259.9208984375
2158.39184570312 2172.12133789062 2181.30029296875 2201.09765625 2209.50952148438 2217.1181640625 2227.54150390625 2237.37622070312 2246.73364257812 2249.21118164062 2249.04760742188 2252.26904296875 2255.33666992188 2260.212890625 2265.4951171875 2269.36010742188 2272.53271484375 2276.77758789062 2280.4111328125 2275.63989257812 2274.0009765625 2271.59008789062 2270.32446289062 2273.32397460938 2272.57934570312 2272.0927734375 2281.21752929688 2283.76000976562 2296.03735351562 2284.78002929688 2285.5322265625 2291.025390625 2293.07641601562 2293.85522460938 2290.20874023438 2285.572265625 2277.97998046875 2282.15478515625 2283.57250976562 2274.33764648438 2274.38305664062 2282.26953125 2271.44409179688 2278.17236328125 2286.30151367188 2293.404296875 2271.84228515625 -3.4e+38 2296.12768554688
2155.58642578125 2168.9091796875 2177.38671875 2197.32055664062 2205.0087890625 2212.6982421875 2225.39965820312 2232.0771484375 2241.0517578125 2251.396484375 2253.0361328125 2255.09350585938 2255.7822265625 2261.97998046875 2266.33935546875 2268.84936523438 2269.55493164062 2275.21899414062 2279.11401367188 2277.48364257812 2273.73022460938 2270.97583007812 2270.41381835938 2275.58276367188 2278.62915039062 -3.4e+38 2271.9169921875 2275.81860351562 2280.32080078125 2282.56640625 2282.75341796875 2288.01831054688 2292.17407226562 2297.1005859375 2292.8935546875 2287.1416015625 2281.15063476562 2284.0859375 2286.32202148438 2279.65649414062 2282.3681640625 2288.41577148438 2281.31079101562 2294.62084960938 2297.34887695312 2298.27685546875 2275.4599609375 2291.32666015625 2330.96630859375
2160.82690429688 2171.95922851562 2183.779296875 2197.44580078125 2204.18237304688 2214.21411132812 2221.1796875 2225.88427734375 2234.6416015625 2247.30224609375 2253.38818359375 2254.33129882812 2256.36840820312 2263.81787109375 2270.57763671875 2271.109375 2269.78198242188 2273.69702148438 2277.16479492188 2281.61743164062 2278.58984375 2276.97387695312 2275.68017578125 2278.17504882812 2283.9755859375 2279.88256835938 2275.23217773438 2277.6005859375 2279.74243164062 2281.45849609375 2285.06225585938 2288.15673828125 2290.15747070312 2293.41333007812 2293.00317382812 2289.849609375 2286.76000976562 2286.642578125 2290.72607421875 2288.4990234375 2283.40258789062 2282.81420898438 2286.65063476562 2293.2197265625 2293.1552734375 2291.9130859375 2271.38916015625 2282.9013671875 2311.779296875
2167.72973632812 2176.97778320312 2189.85205078125 2203.75830078125 2215.92211914062 2218.85791015625 2221.40454101562 2226.72973632812 2237.68139648438 2244.09790039062 2247.140625 2249.83618164062 2257.20141601562 2263.45971679688 2275.28930664062 2280.11059570312 2282.17504882812 2280.50561523438 2281.1591796875 2283.09765625 2282.544921875 2280.36791992188 2284.08959960938 2283.89135742188 2286.7353515625 2289.83129882812 2283.07373046875 2281.6201171875 2284.181640625 2285.8408203125 2287.00952148438 2289.8173828125 2291.40478515625 2293.01196289062 2295.63159179688 2301.03833007812 2305.22021484375 2294.21459960938 2297.24877929688 2300.21020507812 2299.71044921875 2297.69384765625 2294.58911132812 2304.66552734375 2324.0595703125 2282.06396484375 2268.46362304688 2288.34326171875 2271.23461914062
2172.51635742188 -3.4e+38 2188.88916015625 2208.07299804688 2216.85107421875 2218.7373046875 2222.95947265625 2230.48315429688 2236.7001953125 2241.92529296875 2245.00463867188 2253.05981445312 2260.91040039062 2264.01196289062 2277.423828125 2282.76635742188 2280.67993164062 2278.62158203125 2278.78393554688 2278.42749023438 2282.23413085938 2281.138671875 2286.46557617188 2286.2802734375 2288.44848632812 2290.73413085938 2287.66162109375 2289.20336914062 2289.86987304688 2290.55517578125 2289.36962890625 2291.54931640625 2294.30786132812 2297.55004882812 2299.48486328125 2304.98315429688 2308.89428710938 2297.29516601562 2302.20874023438 2307.33544921875 2306.927734375 2301.24780273438 2291.12548828125 2297.03955078125 2319.77001953125 2299.89990234375 2271.39111328125 2291.6240234375 2262.876953125
