rcp4.5models/MPi_ESM_LR/sc1gr8.3
NCOLS 261 
NROWS 433 
XLLCORNER 336357.134 
YLLCORNER 654653.479 
CELLSIZE 1000 
NODATA_value -9999 
[rows 198 to 219 of 433, columns 50 to 99 of 261]
92.7416092526204 92.5338348565545 92.4638621499932 92.5590614269291 92.6783424344153 92.2524202578837 92.4941644731515 92.8870014867849 92.9111182167261 93.254721773853 93.2123505063079 93.3801683960564 93.5692781816374 93.8202014349549 93.7771702403135 94.0166433363231 94.5131771489607 95.273395350756 95.688493251926 95.7345901799516 96.265965860473 96.648534995467 96.7516711006207 97.4724031946179 97.6591254239033 97.3772996434544 98.142108650387 97.9509308110856 98.258578904375 97.4063359361143 97.231601615514 97.3538242741978 96.714199234483 95.4036088199896 95.4238633646716 94.2347704433718 93.2348672773321 92.6773090883708 93.5851187637166 92.8549257747721 91.4519236924181 92.2744376076292 91.5851231862436 91.4671799236051 91.619021624489 91.2530006782999 90.7946360517149 90.8958539535947 90.9092053723623 90.0348086065597
92.8657354416593 92.7319418190043 92.5431868472317 92.3809943847514 92.305087368303 92.1290612880161 92.0536615266984 92.4778764950825 92.6348731514324 93.0940852709012 92.9792391667861 92.8679142623151 92.8160337701356 93.1064650091306 93.7065667576266 93.7661389161576 94.052643963209 94.3967195980014 94.6029573636555 95.0927320118747 95.6878253874855 96.060918635217 96.1259947289135 96.6656764525621 96.9687133972548 97.5989231494951 97.9636269168388 97.9885990692435 98.7457562196776 98.5955372171711 98.2299782879839 98.1022836638217 98.5067856479354 97.4709560303925 96.2585561670306 95.2386734037073 94.3824839205057 94.7673457308922 94.8018332805153 93.6457293892817 93.1444420319827 93.2933472916748 92.3287352935216 91.7018820448347 92.4208345629231 92.462168229773 91.7794344519937 91.1925201966646 91.6136135396053 90.695343598654
92.3254855356756 92.236568154336 92.3734080168461 92.1526336141917 91.9547879779962 91.8325105429767 91.5286655070531 91.7255557208962 92.1521117591299 92.3109087844167 92.6410684476633 92.8707219029142 92.7844651632278 92.8764279621085 93.2354042398523 93.5086573026474 93.560961472316 94.384649331736 94.3326251921736 94.6007661779998 95.0276862848631 95.2097456996765 95.7741315488045 96.4874436328431 96.5886336166599 97.2079713201444 97.1491919655906 97.2600779360009 98.4954098712944 98.7253412381033 98.8303411797803 98.8275627357878 98.8069364956611 98.4639136377452 97.8209688536787 96.6089938618813 95.9853301812195 96.0778548245625 95.6096947356665 94.7461059983838 94.7567424377322 94.2138094620221 93.0912442418496 92.8223571422175 93.6225251667767 92.9475510594721 92.696594195216 92.6181366420295 92.4492590809287 91.5393988126819
91.8076620861427 91.6015762659128 91.5247959819238 91.5284543554288 92.0694111744669 91.9861738226337 91.6686325896903 91.7103710788449 92.1432048575623 92.0655358355245 92.1923040192909 92.4510819303956 92.6871977511525 92.6132455066489 92.5491528864659 92.8224095320968 93.4447565593384 94.190014787741 94.0535514540362 94.0841635588767 94.4734730069245 94.7100605411236 95.5369816639064 95.8378530830924 96.0950320019633 96.2428540843546 96.2732136581735 96.8953344512037 98.03075036836 97.9815581358857 98.4543997871871 98.8243920253196 98.6309619586778 98.8528115559225 99.0055940523338 98.154759034632 97.598322820139 97.3052145754339 97.120748057657 96.2243017213284 96.140055737463 94.9934947261339 94.1476720151648 93.9817660180637 94.6308061683367 93.6636345353106 92.8647756668303 93.1139568970049 93.3108678562228 92.8421048719294
91.9451804522197 91.6778660695005 91.4243568684055 91.2953159642717 91.5781392374576 91.898259114109 91.5752988564383 91.4842271462262 91.6289739692609 91.8714148372603 91.9598767580822 92.3769081750034 92.7570518338812 92.6256251481535 92.4939023516252 92.6204653700538 93.2705869403495 93.389624203668 93.5699227323737 93.6208577465142 94.1761401917607 94.5054216952026 94.8003069271705 95.0351341852305 95.1436835009342 95.2247296463613 95.8727604204846 96.5505138605486 97.0921665756612 97.3296985399 97.6810106263457 97.8630345024609 97.9618985346626 98.1965214858109 98.9120484188464 98.9820002708096 99.0241147437979 98.933288694299 98.4768399889154 98.3486476283063 97.0798660537167 96.453684314057 95.5930833594617 95.4895699266729 94.8720770927018 94.4140471691206 94.0181022366599 94.4872156555083 94.2443636357492 94.4372784502833
91.3474988345314 91.2005791830938 91.3110170860172 91.0729311279664 90.9635827188831 91.0869178066021 91.2239315114918 91.182642049856 91.4250040397541 91.6135613868698 92.0113437038329 92.0953574477117 92.2755328190528 92.5665650346705 92.4281615393019 92.4735323011946 92.9849616842631 93.2164097992068 93.6488908446498 93.5656142367197 93.6850377537119 93.8024440271087 94.0336306353161 -9999 94.8277213351233 94.8939161454604 95.6040587803005 95.9501608269804 96.0374434868555 96.7177225773561 96.7719524384847 97.0262503358926 97.2236052624384 97.2360411909532 97.9067450223939 -9999 98.7655031372939 99.2799643024737 99.1742262405682 99.5591698942367 98.5123516304443 97.595253875039 96.9019298545893 96.6021259894868 95.8550194336386 95.4475592082764 95.2941125508927 95.9222754065366 95.3583379935565 95.0894267212095
90.8397023422747 90.6230574266738 90.5303569751106 90.556627819575 91.1486153737592 90.9988121771199 90.874524301078 90.9185426065086 91.3646426454593 91.2885682969821 91.4735510622637 91.7762072163967 92.062058158253 92.2286687931298 92.1963792006382 92.4327036629918 92.6213453950173 93.0053401951468 93.1776646841259 93.3266757708241 93.2628523187146 93.5943038931707 93.9997586333692 94.0897117782239 94.5747878729618 94.645770114224 95.0206641719891 95.0800771757848 95.4830498521136 95.8332003688436 95.9276548611922 96.0049597336062 96.3255215791707 96.6040947450619 96.9863238334201 97.4333810712413 98.1850220256334 98.7333132778592 99.1839836679149 99.8626693847869 99.5757295786843 98.5431561876056 97.6961834114017 97.9176730936558 97.7253859887722 96.6870290766589 96.5154276616987 96.7942791927378 95.8577444799478 95.3920125604773
90.1929734496754 90.3865016206743 90.52047051253 90.4960861682698 90.6411087369871 90.4438809886391 90.2091732275156 90.4926937589545 90.7540520845958 91.0424971389664 91.2820025074007 91.3869934230449 91.5107145157909 91.5227104163148 91.7562584474181 91.8853995395589 92.1416965218018 92.3672681140343 92.8829352352439 93.0215536412204 93.3002044326688 93.4716659247779 93.8063488752574 93.8075212027597 94.1802996596655 94.0780118404016 94.2428080290847 94.6627043131147 94.7422837462085 94.9755855078142 94.9872749777673 95.2980902933208 95.9225165367735 96.1579569451983 96.8256571282891 97.3463596029839 98.0754344233141 98.1437660963122 98.9109220841235 99.6033715798666 99.9366968460638 99.5983561745656 99.6787695200364 99.7656391891413 98.8593202063702 98.0362991921075 97.6946398654131 97.5493766994683 96.5572489762656 95.6244043160015
90.1144279248149 90.0496605100169 89.9694782169133 89.8063304042579 89.6819728218298 89.5990577964199 89.7802983369356 90.3293059205539 90.6016959817015 90.6580099536115 90.6666453057537 90.674813495704 90.9858370966549 90.8876541511762 91.1228049928969 91.6885664098824 91.9127082820642 92.0541246283662 92.3263173008635 92.5641963042739 92.7960186861888 92.9673532146109 93.1869168970148 93.7459941502228 93.750533219548 93.6329620221189 93.8183562596103 94.0285482003757 94.1155969939582 94.4587519832637 94.6634559449066 95.0696748364347 95.2772247577615 95.7321137928231 96.8811272991704 97.1753672475981 97.4995941496278 97.8854979870757 98.4013852145636 98.9303604162512 99.8230828882654 99.9287847549636 100.412225329055 100.49043102592 100.230113703591 100.09439744134 98.757907506022 97.9409499524712 97.8246201474894 96.8296971715099
89.5398403429155 89.2717982122177 89.1712034303116 89.3927280843566 89.3255766217345 89.5026850054544 89.5069175552281 90.021991492712 90.0155829000576 89.849923735231 89.8356420371487 90.2802734479084 90.6475985494368 90.5979502102638 90.8699614569475 91.1966090225588 91.5396660657279 91.4664132045929 91.9055595460137 92.600671302522 92.5127697872145 92.5878562866482 92.8505373143659 93.2198595162332 93.2890522453349 93.1186475815291 93.1552040450865 93.2885700793084 93.6471537318794 94.1249138935672 94.7399791406932 94.6710562267767 94.5315958922528 95.1064567221744 96.173565826542 96.471877114809 96.6760091316214 97.1018266446899 97.3707437919814 97.9181855447669 99.6435552465702 99.8106113711298 99.8479969535718 -9999 101.190881925121 102.101733324776 100.425136650831 99.3817058044457 99.0610504212613 98.1281208892067
89.3738502525744 89.2637222662594 89.1971254696476 88.9505754423197 88.775390840819 88.9887064349194 89.3971899428498 89.3196769002396 89.606593952889 89.9204737994334 90.0653532730037 90.3192201246141 90.4937208894104 90.5355070395174 90.7752438265078 90.8150782106847 90.8852479850119 91.4139128616894 -9999 -9999 91.5978653711872 92.2756738108349 92.1104826461327 92.1523551669668 92.3391092776187 92.5226265755937 92.5550303352917 92.6811253773046 93.4353008120549 93.6298378468881 93.3882811596383 93.3754266484879 93.6933591987298 94.2473280894674 94.4585598965969 94.7622131788669 95.0202332642292 95.7728975566401 96.3129882469771 97.2438662371855 98.1874992099358 98.7546170776185 99.6507445373041 99.9587111858231 100.5696271922 103.137649150154 106.51884548987 101.520463488442 101.557598779761 101.489388913998
89.0362626911367 89.3750785933092 89.4403995330203 89.1888672152741 88.9839682810936 88.9798733206856 89.8461940073362 89.7380456156046 89.6195659512768 89.7569723366532 89.9848718079946 90.2250101274934 90.5383253132201 90.5719215102264 91.0036902623066 91.211262172561 91.0327442295703 91.0793874803033 -9999 91.3558707292221 -9999 91.8388103742308 -9999 91.8587944254674 92.2289768656963 92.294517040419 92.3722048939053 92.4012592692038 93.0255241516721 93.2956669930004 93.2389875580004 92.929347658519 93.4830023474178 93.6110996477894 93.7830840406733 -9999 94.7506736905572 95.4805714967869 96.3011221324581 96.5398904442125 97.5122233285052 98.1341687622361 98.9353824426563 99.6904740969628 106.758947858762 -9999 103.335235310829 101.904846587151 102.255603760708 102.420007397334
89.1076665082873 89.0919725168488 89.1064234659074 89.2350551047035 89.2193597558392 -9999 89.523591314814 89.9014645976773 90.016434700591 90.0314910943724 90.4271472044211 90.4560567434337 90.7408934839076 90.6047421986245 90.6805574139778 90.897128373662 91.0026998056451 91.1830590422383 -9999 -9999 -9999 -9999 91.4737451152204 91.8830874346745 91.947716857977 92.1321994510984 92.3315591431644 92.3195005806 92.6363195130477 93.0274061430841 93.1259277859479 92.8540496937389 93.139259689507 93.057022545399 93.3258812019415 93.7345719876476 94.468745707229 94.9832934723349 95.8132512651495 95.9362105661405 97.0230657857869 97.7100836679633 98.4533643424509 99.2584485619137 110.753883953836 128.069114970447 100.996502386945 101.624758361587 101.843209165234 102.405662608161
88.7656638540805 88.9672177324534 89.1199040698334 89.1338863252112 89.1144284042257 89.521526979951 89.5613412566044 89.7342052631577 90.0427120989495 90.2419776574838 90.8767118769765 90.768610696081 90.8185893017534 90.7343039148812 -9999 90.9073774714933 91.2518557306241 91.222315496569 91.2952916881771 91.3016965049226 91.655365328337 91.3514511027182 91.3864513619017 91.851838983592 91.9625334631191 92.1059028104459 92.2808159589292 92.2074565460723 92.2490460440569 92.6562662749241 92.7492987532758 92.606943167248 92.7786337522126 92.7436616862273 93.2510465509609 93.6094166011156 94.0070571517552 94.3939883374125 95.1127695760674 95.5635162525526 96.7342383197012 97.2685891269451 98.0277913002495 98.8514539100024 -9999 118.269263804513 100.575573992161 100.870221437105 101.637990516003 102.288099176979
88.7599849389022 88.8667374313187 89.3254240492157 89.4316129819689 89.4032023527877 89.8230434871755 89.5641030469954 89.5590940156174 90.0463690027053 90.3218954263206 90.5849254124889 90.7998513917174 90.6383319479519 90.6099332279592 90.8703900813133 90.8848670751017 91.3785287385243 91.4397760839867 91.8634864105035 91.977800553106 91.9123859722151 91.7087022517028 91.6562362169049 92.0905701773672 92.2752143587948 92.2106534851882 92.3863291479188 92.226985477745 91.9352758680089 92.2795183179442 92.4435217600966 92.1803145552468 92.1368481763827 92.3616278137232 93.0480731472429 -9999 -9999 94.2402877515431 94.7354754841891 95.5799124268432 96.87495862059 97.3673264168956 97.8744593452043 98.6630417855162 101.753952530045 105.4621961306 100.195035686834 100.464227165144 101.389602026928 101.693515088202
89.2261569856433 89.1210074945257 89.3621916478067 89.9465766926681 89.9884293456745 90.2815366639068 89.9368470515718 89.905139944753 90.3750744193632 90.6723916026605 90.7435328559171 91.0484349846036 90.8327139135655 90.7121406862078 90.860722320927 91.0233193198563 91.1836930417187 91.4972534434517 92.0499914269894 92.4328011460701 91.922852888828 91.7488473355576 91.6761368380526 91.9567779542074 91.945997134998 92.1342831385642 92.3698870025693 92.2138711876736 91.8913207582373 91.9351772360931 92.2418010491811 92.1418765123823 91.9748421433944 92.3189737854134 92.6891000885531 93.04520867695 93.6307365364612 94.1277234374289 94.7743182114256 95.5310759754339 96.711052391447 97.5028020973363 98.1853170343934 98.5618190756659 99.227702107884 100.023096895522 99.5848372005279 100.303170171889 100.86988246689 101.483570216515
89.8309542853852 89.8853688020992 90.4836345386862 90.5416057622881 90.5514721253441 90.8852169592094 90.4652539188185 90.2936531791003 90.5577677724198 91.2231563051284 91.2615524454109 91.5994490053094 91.3757970695265 91.169709260818 91.0532503159835 91.1389409543438 91.3565427669674 91.7279379643245 92.2576462328075 92.5503125349574 92.1449827662547 92.0360396181137 92.1047364685995 91.9827071358309 91.8981634287857 92.3055699916803 92.4753332251182 92.3600082694248 91.9227083020864 91.9212808299892 91.9426837831423 92.1241162048421 92.1666224498496 92.1550667384148 92.3234844133177 -9999 93.413166217267 93.7669490615982 94.5024295597939 94.9166751655842 96.2695381926683 97.117308223859 97.9239209115769 98.2404351332546 98.4408960818825 98.9381196203152 99.5896443381987 100.317763053674 100.824769561767 101.467906477328
90.5020285887847 90.4801046809262 90.7508916923325 90.4627471480688 91.0219143374179 90.9721714203348 90.5248216266154 90.5051620430496 90.7339726197226 91.2608852814872 92.1290028074857 92.1019627902186 91.8713644243546 91.6406067614208 91.4425153601957 91.4928197886309 91.7598211884707 92.1329066539495 92.5226704613025 92.5351444153041 92.696730155287 92.8477131731037 92.7227394499817 92.5409010602605 92.4856501762449 92.1720938803679 92.15811469801 92.37168602979 92.3573645387557 92.161645447386 91.9993953861939 92.3004405896636 92.2640014098683 91.7712206927892 92.0709663557259 92.6481910229289 93.1373407488601 93.6821962261746 94.142701495689 94.8558829041838 95.9294267505279 96.850480046271 97.3553105579736 97.9100202749262 -9999 98.9644800650536 99.8194029033598 100.394119025359 101.434005009782 102.914464733574
90.5849750620351 90.5032465585396 90.667313911711 90.427963067941 90.8587312364163 91.2811863348955 91.0200754052586 91.2079446752871 91.1635648148436 91.4603894762938 92.478158548206 92.3468716330451 91.7142415993242 91.7847621219071 91.565182858435 91.553409616135 91.8010962134961 92.0977490541124 92.2743866890547 92.7896658695819 93.2350489725814 93.3234395041588 92.7508009590818 92.6275701830226 92.7199115978643 92.3239129297979 92.1930238840491 92.5018225787825 92.9212084137467 92.4498839836492 91.9995488210933 92.2406933424292 92.2179061265684 91.9949098696408 92.3716826288942 -9999 93.6111106096998 94.129255998982 94.3603640498654 95.2988963779016 96.106764684699 96.6721146438976 97.2421532617928 97.8583409141478 98.4980053560087 99.0257980599943 99.7992818524205 100.41233251582 101.908745429268 103.273016077026
90.8806689903317 90.7045774813773 90.6840113850936 90.570931899643 91.097562285737 91.8877876989998 91.6537050996807 91.9756128447413 91.7487191190815 91.8343314190434 92.3677740092774 92.1802806708208 91.735125951628 91.7754735383355 91.9874638005197 92.1848733017553 92.1095543456494 92.3024635216045 92.361592488921 92.8887232671259 93.1590056398642 93.1095841495956 93.1201956294873 93.1495675738954 93.0113854117873 92.8453256555176 92.9832965490767 93.3106925124539 92.919611612871 92.4847177933702 92.1436578304367 92.5045663223597 92.8672843278032 93.1150846370251 93.4677511592149 93.200075014017 94.0014131478204 94.358814355858 94.9305101585056 95.732647004344 96.5754526656007 96.9450213313602 97.4685028054399 98.1576203593818 98.4281150714955 99.1705740572006 99.7658836615632 100.503766861304 101.535272151077 102.582284346841
91.5264108740297 91.2675849086248 91.2965988101435 91.649041569715 91.5856688882864 91.9771535346598 92.2589665274437 92.531170454459 92.3162070350007 92.2360262361003 92.3192898734518 92.3831979750249 92.1703003945505 92.1931726321488 92.6064036583843 92.8525316536344 92.5922880142438 92.5383985181006 92.7785903010302 93.1535182230602 93.4985511294983 93.5605050396072 93.6354695845233 93.7501351015389 93.5697870797616 93.536237617155 93.273470934872 93.5607229474028 93.151443988555 93.1044802789862 92.9051661809855 93.1855031073432 93.4220076185242 93.5884289697444 94.0286135457884 93.9319845812001 94.3935126755372 94.9280276183271 95.5324344734802 95.8292048778895 97.2230636912022 97.7312467996188 98.0263094829773 98.6526117375137 98.6603258172657 99.2585451811039 100.066674054438 100.875487776377 101.566078808318 102.11977852423
91.6231079805913 91.4902200518045 91.7195042215438 91.8011910659723 91.7519121197799 92.3044866506808 92.6798916379583 92.6199208387367 92.4715589227103 92.393540118649 92.5213761700826 92.5906466780387 92.7464383730934 92.7246210398229 93.026155529163 93.1284497045069 93.1569772683069 93.1472746014589 93.2405949515053 93.5593451942393 93.6488136085427 -9999 93.9545455807902 93.9835139817406 94.1171873323904 94.0667006995037 93.4603932508196 93.7236759061499 93.9109686435765 93.7269664742067 93.4999172964161 93.691242684618 93.8693416865863 93.9578569506632 94.2510222939211 94.658270457197 95.3841518611688 95.7768032969948 96.2350201592621 96.5867025762693 97.5701892357864 98.0981261029639 98.7162173452879 99.0636272913302 99.3695243350336 99.5387383582857 100.226800858334 101.102902814962 101.79698918257 102.140096267532
