rcp4.5models/MPi_ESM_LR/sc1gr9.13
NCOLS 261 
NROWS 433 
XLLCORNER 336357.134 
YLLCORNER 654653.479 
CELLSIZE 1000 
NODATA_value -3.4e+38 
[rows 264 to 285 of 433, columns 98 to 146 of 261]
350.482147216797 356.955078125 380.121276855469 373.384185791016 371.769348144531 368.9931640625 366.385925292969 362.211853027344 351.605834960938 324.619873046875 301.129852294922 312.205627441406 338.345367431641 335.465087890625 313.672607421875 342.950653076172 346.688629150391 341.309020996094 338.442718505859 336.002593994141 301.074859619141 281.662048339844 273.811950683594 274.361694335938 275.261444091797 276.572814941406 283.471710205078 303.179870605469 338.751678466797 361.927154541016 382.696929931641 389.505249023438 415.358489990234 436.254364013672 384.110229492188 372.960601806641 344.824615478516 299.440124511719 312.307861328125 332.088592529297 380.958709716797 425.056243896484 370.167663574219 354.556030273438 357.822662353516 376.218383789062 375.431457519531 371.593963623047 353.29736328125
338.970916748047 346.608276367188 377.55810546875 370.886047363281 371.963592529297 370.132873535156 368.082824707031 364.552917480469 355.186767578125 327.266326904297 299.742492675781 312.848083496094 336.539245605469 335.319549560547 310.480590820312 329.676910400391 352.827209472656 344.789611816406 337.672027587891 333.494049072266 287.446807861328 274.740966796875 274.444641113281 274.684234619141 275.399780273438 278.075317382812 283.226531982422 293.425079345703 317.444885253906 356.872009277344 384.448913574219 393.375549316406 411.507354736328 426.446136474609 387.899353027344 386.600982666016 366.201324462891 314.674133300781 311.64111328125 310.922943115234 327.452392578125 336.754821777344 342.697814941406 334.777862548828 345.150543212891 373.184173583984 379.815246582031 373.828002929688 338.484283447266
336.903289794922 355.079833984375 378.222778320312 367.451934814453 369.905609130859 371.158905029297 367.870727539062 366.041381835938 363.755645751953 359.493225097656 337.007965087891 302.897094726562 305.377746582031 320.043060302734 315.758392333984 311.272552490234 341.022064208984 354.717010498047 346.165222167969 339.834045410156 355.773040771484 348.015472412109 319.052581787109 283.919311523438 277.236541748047 278.850067138672 284.171997070312 293.205871582031 306.874664306641 330.797790527344 368.443695068359 390.447723388672 384.210388183594 354.775390625 362.13916015625 394.081268310547 394.357727050781 368.308349609375 354.552673339844 344.786682128906 329.832122802734 313.141265869141 307.1982421875 320.103057861328 348.231750488281 376.016906738281 380.358062744141 373.651489257812 346.439208984375
334.356353759766 344.785766601562 371.042327880859 359.512969970703 359.545318603516 371.831390380859 369.042663574219 366.867736816406 365.008850097656 361.161315917969 349.724945068359 321.676635742188 301.785552978516 312.676025390625 303.013610839844 301.886505126953 332.187164306641 359.389038085938 347.530364990234 338.573394775391 346.050231933594 328.920806884766 310.324157714844 303.132843017578 284.297576904297 279.041107177734 282.290069580078 288.863861083984 309.311584472656 343.182434082031 377.196258544922 390.213073730469 412.389617919922 420.530731201172 361.235382080078 388.280914306641 395.06494140625 386.1240234375 374.267822265625 373.288391113281 354.360961914062 334.459350585938 331.351745605469 325.09033203125 327.369995117188 359.420196533203 382.563323974609 376.013732910156 354.660095214844
347.222351074219 353.588531494141 370.6201171875 368.007293701172 365.36474609375 371.139617919922 370.250854492188 359.95068359375 343.261413574219 347.575958251953 358.384552001953 344.595245361328 322.646881103516 318.404510498047 304.011810302734 298.525665283203 317.915924072266 334.889526367188 340.802551269531 336.079833984375 328.900451660156 326.215301513672 318.165802001953 316.809356689453 304.842498779297 295.459106445312 282.861083984375 286.504730224609 304.456268310547 345.401000976562 384.290252685547 394.3486328125 411.495758056641 414.659210205078 363.970367431641 388.938385009766 394.38232421875 390.06298828125 388.701110839844 390.782257080078 381.363464355469 370.002410888672 360.93408203125 333.259246826172 314.643707275391 323.368896484375 348.541900634766 365.679962158203 371.356048583984
354.357604980469 369.782867431641 381.574462890625 381.159851074219 376.137603759766 369.394317626953 367.941345214844 360.896667480469 336.135101318359 321.766265869141 339.639007568359 354.352966308594 345.932708740234 325.247406005859 313.706481933594 310.617584228516 322.573852539062 324.4189453125 336.418395996094 328.170471191406 314.702819824219 328.950103759766 323.999908447266 317.486541748047 318.750305175781 322.765014648438 304.195617675781 285.696990966797 294.443420410156 330.763366699219 382.197082519531 399.045135498047 380.964752197266 347.287200927734 364.170501708984 395.495208740234 396.634307861328 384.364959716797 390.388610839844 392.075988769531 392.691986083984 385.008453369141 358.787414550781 326.300048828125 306.239379882812 304.951141357422 338.263458251953 367.754150390625 382.539245605469
349.264953613281 373.939880371094 393.580871582031 385.891723632812 377.321380615234 364.563293457031 360.733337402344 364.011749267578 350.223846435547 319.513092041016 313.871337890625 333.048370361328 340.403472900391 324.649993896484 308.777618408203 309.008209228516 318.181182861328 326.987518310547 332.478515625 325.521118164062 311.534637451172 316.810119628906 320.183929443359 318.261383056641 314.072570800781 320.915710449219 336.853210449219 303.859161376953 296.886749267578 337.998321533203 387.647674560547 393.567962646484 371.119506835938 362.534820556641 367.452606201172 389.767120361328 397.279632568359 374.026977539062 386.288299560547 392.044738769531 391.851287841797 373.624053955078 339.787811279297 321.713775634766 309.416961669922 315.717315673828 355.810485839844 383.392028808594 384.402221679688
359.702056884766 379.116577148438 388.661376953125 381.272430419922 371.410125732422 358.862854003906 354.971740722656 355.887603759766 347.230590820312 336.898376464844 320.480224609375 318.010620117188 333.267486572266 325.177124023438 303.171630859375 304.894714355469 307.475433349609 315.00830078125 316.673156738281 313.700897216797 305.600341796875 301.69921875 312.215240478516 315.935516357422 303.702789306641 306.515625 337.867034912109 318.224365234375 298.404632568359 343.644378662109 394.380615234375 397.034088134766 387.97607421875 390.469451904297 376.099212646484 383.565734863281 391.205688476562 371.330078125 386.526092529297 393.505889892578 393.638427734375 379.951934814453 352.624694824219 339.340576171875 332.373352050781 319.948852539062 333.459350585938 360.204315185547 386.508361816406
370.749755859375 391.919708251953 376.645843505859 369.265960693359 359.451507568359 353.830200195312 355.091949462891 349.116851806641 338.293334960938 335.688659667969 334.176666259766 331.282836914062 333.049682617188 329.195922851562 302.458557128906 306.190856933594 302.209625244141 303.460510253906 301.23779296875 301.276916503906 300.093139648438 294.112121582031 297.457458496094 302.225372314453 295.537750244141 301.297668457031 321.612670898438 315.628082275391 298.402069091797 326.379516601562 381.679473876953 393.883636474609 395.717163085938 395.006164550781 388.264251708984 386.955444335938 378.140869140625 364.667785644531 385.761962890625 393.973419189453 395.026092529297 392.058319091797 384.703063964844 367.371276855469 343.013061523438 316.767456054688 308.459686279297 326.067169189453 383.061859130859
380.664245605469 398.805572509766 376.798309326172 358.280395507812 348.535003662109 343.041961669922 348.688903808594 349.205413818359 340.018920898438 329.181365966797 329.389404296875 335.531066894531 332.090637207031 329.601348876953 301.95556640625 307.354614257812 303.576049804688 302.783508300781 295.717132568359 295.673004150391 294.276245117188 288.410095214844 287.085723876953 289.271484375 296.133117675781 310.318572998047 313.535827636719 317.261596679688 309.697845458984 310.313201904297 353.540649414062 378.864685058594 378.483947753906 387.933380126953 393.544769287109 385.474151611328 364.418334960938 363.291870117188 382.827758789062 390.179382324219 393.176727294922 393.362518310547 385.835540771484 356.870056152344 325.398651123047 317.759979248047 321.092895507812 323.77685546875 380.409027099609
400.307098388672 403.991027832031 390.839447021484 359.3701171875 346.978332519531 339.817901611328 351.412353515625 353.855834960938 346.942169189453 343.458312988281 327.457733154297 322.207305908203 325.907135009766 326.370147705078 301.988189697266 308.887420654297 305.784423828125 306.927856445312 298.511566162109 294.494415283203 291.032684326172 288.367126464844 286.387054443359 284.800476074219 294.555541992188 310.798919677734 304.230194091797 312.773681640625 315.388671875 307.762908935547 329.117706298828 363.497833251953 367.527435302734 379.738037109375 388.587799072266 381.7841796875 363.384368896484 373.298553466797 383.846069335938 392.169982910156 395.055541992188 394.104675292969 379.835357666016 351.515960693359 332.428344726562 331.933258056641 344.627593994141 342.219146728516 384.396545410156
411.462005615234 402.891418457031 393.984100341797 376.048675537109 358.889068603516 347.666595458984 360.517242431641 362.981567382812 361.015289306641 356.45849609375 333.053833007812 316.19921875 314.113800048828 318.738616943359 307.480621337891 307.505493164062 305.917907714844 306.929962158203 301.298400878906 297.039398193359 290.771301269531 288.662780761719 285.810302734375 284.260009765625 288.686584472656 296.340576171875 298.318145751953 302.468902587891 307.869201660156 308.760650634766 315.753112792969 345.812347412109 364.672241210938 374.211456298828 382.978912353516 377.71533203125 357.915832519531 378.747741699219 386.494537353516 394.192596435547 397.827117919922 392.624908447266 384.225677490234 374.104705810547 353.106414794922 373.582458496094 408.400054931641 342.119537353516 383.421569824219
415.421478271484 407.870056152344 397.039611816406 386.457458496094 380.698181152344 371.159027099609 374.294158935547 376.53955078125 370.611755371094 357.179016113281 339.020629882812 320.588287353516 316.536193847656 322.571929931641 312.774353027344 312.732727050781 307.123779296875 305.147247314453 304.891632080078 301.040313720703 293.366760253906 292.280334472656 288.927093505859 284.184204101562 285.62060546875 287.420104980469 294.992950439453 296.502563476562 299.649932861328 306.870269775391 314.813262939453 333.878845214844 356.647399902344 379.600128173828 388.145141601562 380.062225341797 360.587371826172 380.716644287109 388.229064941406 393.220367431641 397.906097412109 395.119659423828 392.183258056641 389.628295898438 374.285125732422 427.696044921875 475.649322509766 333.335784912109 375.827026367188
417.490600585938 412.905670166016 404.413848876953 385.53857421875 388.816192626953 384.292938232422 385.666473388672 384.117797851562 375.973724365234 363.398651123047 350.323669433594 332.049774169922 320.348052978516 314.788848876953 317.614837646484 322.4794921875 315.038330078125 313.43798828125 314.792388916016 311.621978759766 303.800933837891 299.371673583984 293.718322753906 285.138427734375 283.435638427734 283.271118164062 291.008087158203 292.7314453125 297.844085693359 304.565521240234 314.465759277344 327.424591064453 344.752899169922 372.082000732422 389.324981689453 387.828308105469 374.843017578125 372.962005615234 386.328186035156 393.740783691406 396.573272705078 396.448303222656 396.199279785156 394.33740234375 393.203796386719 419.642395019531 432.619384765625 351.818206787109 351.562255859375
418.804565429688 408.009887695312 407.195556640625 373.670928955078 359.333374023438 351.61083984375 352.386779785156 357.291595458984 354.827453613281 344.073608398438 340.221160888672 348.066436767578 357.447967529297 346.206420898438 318.755615234375 346.318420410156 338.324310302734 335.51318359375 340.907043457031 348.424926757812 337.18798828125 308.197814941406 297.761871337891 286.120056152344 284.197845458984 284.912353515625 286.583831787109 292.646209716797 300.848175048828 308.327362060547 309.878967285156 316.226104736328 323.810821533203 332.181701660156 350.278106689453 370.4248046875 362.366119384766 349.511108398438 366.987701416016 383.825805664062 391.900909423828 393.790283203125 395.445953369141 398.606018066406 399.255554199219 396.015838623047 389.607666015625 368.090454101562 323.675567626953
420.146270751953 411.970672607422 414.154632568359 398.326568603516 373.912567138672 353.443176269531 366.971130371094 350.768493652344 342.940155029297 344.7275390625 345.2080078125 339.2236328125 332.980499267578 333.600280761719 346.742156982422 366.506652832031 351.679840087891 331.9609375 330.746185302734 349.623199462891 344.297302246094 310.238159179688 291.809387207031 289.146362304688 291.990295410156 301.136474609375 286.703552246094 292.5146484375 301.320587158203 307.246032714844 306.962188720703 311.452362060547 321.198425292969 331.559143066406 346.2578125 358.196929931641 357.430267333984 351.621063232422 360.96484375 374.229461669922 388.291900634766 395.039978027344 397.3212890625 401.110229492188 -3.4e+38 399.202545166016 390.169799804688 373.714233398438 354.167266845703
426.163879394531 421.644226074219 416.459808349609 402.108154296875 398.859558105469 374.686431884766 374.597534179688 369.86572265625 349.117370605469 353.764739990234 355.453491210938 347.995941162109 338.182189941406 336.76171875 367.217376708984 351.993011474609 335.365631103516 323.463226318359 322.384887695312 333.064605712891 339.652709960938 317.279357910156 287.041076660156 296.099060058594 309.030548095703 315.449371337891 302.720672607422 293.691711425781 301.987609863281 300.868438720703 305.824798583984 311.121459960938 318.191101074219 327.576202392578 339.676788330078 349.834625244141 358.812744140625 356.046905517578 360.899780273438 -3.4e+38 386.749847412109 397.490325927734 398.404937744141 402.915313720703 412.708190917969 410.980499267578 398.854248046875 389.557891845703 386.063354492188
433.239929199219 431.763031005859 423.633819580078 408.179290771484 411.552368164062 399.365020751953 374.185241699219 359.833526611328 349.600738525391 346.678649902344 344.145568847656 343.159301757812 341.906921386719 335.559509277344 343.275604248047 325.360748291016 316.688659667969 322.060638427734 332.720947265625 327.270446777344 328.071990966797 326.115112304688 288.129364013672 299.347839355469 312.516784667969 305.789459228516 323.061553955078 316.999176025391 298.052734375 296.105712890625 306.43408203125 313.772430419922 316.558990478516 322.058929443359 332.673065185547 344.220458984375 359.863525390625 366.248504638672 370.524017333984 377.703582763672 -3.4e+38 396.447479248047 401.490356445312 407.313049316406 420.365539550781 419.688018798828 403.013275146484 392.157745361328 386.103759765625
432.966064453125 431.567535400391 430.189819335938 419.544525146484 414.296844482422 414.63037109375 400.132019042969 363.846405029297 345.047546386719 349.478179931641 342.933929443359 335.344512939453 329.152435302734 326.673950195312 323.70068359375 321.694732666016 316.261901855469 317.738708496094 326.824920654297 320.71728515625 301.797576904297 308.587341308594 290.920501708984 295.769226074219 308.49267578125 324.984771728516 352.122833251953 347.481231689453 316.678161621094 296.63134765625 306.678649902344 315.834930419922 319.084899902344 323.110931396484 331.677917480469 343.395263671875 360.806091308594 372.5205078125 379.743682861328 386.104705810547 389.148620605469 398.674926757812 410.5068359375 416.976287841797 428.881164550781 424.797637939453 403.632293701172 391.429748535156 385.728240966797
433.953857421875 428.410186767578 423.650756835938 418.631439208984 409.831359863281 409.742858886719 411.892395019531 379.673492431641 343.391723632812 348.693298339844 347.263427734375 339.998504638672 333.911895751953 327.761627197266 322.531219482422 319.849334716797 316.283599853516 313.530364990234 316.72216796875 318.256103515625 297.952789306641 291.684234619141 292.992736816406 307.345947265625 342.272094726562 373.227966308594 386.941741943359 360.365509033203 334.746765136719 315.182830810547 318.221069335938 313.372802734375 319.786285400391 325.656860351562 332.956695556641 343.623352050781 360.561309814453 374.987731933594 -3.4e+38 391.909057617188 397.774322509766 -3.4e+38 -3.4e+38 417.293121337891 431.78662109375 429.617797851562 403.529937744141 391.668487548828 387.428283691406
436.175964355469 423.17822265625 412.124084472656 417.187835693359 411.344360351562 407.037811279297 405.024810791016 387.124298095703 362.105560302734 346.037109375 351.763000488281 361.761657714844 355.643890380859 340.997344970703 322.543121337891 320.146423339844 318.910675048828 316.237243652344 315.203857421875 316.5654296875 303.465179443359 303.399322509766 319.220031738281 341.016235351562 383.533142089844 405.008239746094 404.632263183594 376.044769287109 349.252166748047 335.935363769531 327.163177490234 321.872009277344 332.794769287109 336.040740966797 338.301971435547 345.850219726562 358.592895507812 377.715087890625 384.512298583984 -3.4e+38 405.048461914062 410.287872314453 413.584014892578 416.427215576172 430.329742431641 423.606811523438 402.190490722656 385.798034667969 386.285369873047
444.092071533203 431.155456542969 419.460784912109 422.905120849609 419.531433105469 412.226226806641 399.667114257812 393.733764648438 392.665466308594 363.793670654297 347.163391113281 355.369750976562 356.093719482422 356.737762451172 327.416198730469 326.689544677734 323.36279296875 320.332550048828 314.758605957031 308.6796875 300.490325927734 313.302734375 347.895324707031 374.087738037109 400.751342773438 414.4091796875 392.393920898438 368.957153320312 347.942535400391 340.466979980469 335.234680175781 334.822631835938 351.7109375 357.525909423828 361.346008300781 364.455932617188 -3.4e+38 378.067291259766 -3.4e+38 -3.4e+38 -3.4e+38 413.778747558594 -3.4e+38 -3.4e+38 434.242340087891 412.5283203125 399.992980957031 388.068542480469 395.375610351562
