rcp4.5models/MPi_ESM_LR/sc1gr6.30
NCOLS 261 
NROWS 433 
XLLCORNER 336357.134 
YLLCORNER 654653.479 
CELLSIZE 1000 
NODATA_value -3.4e+38 
[rows 242 to 263 of 433, columns 49 to 97 of 261]
1343.14465332031 1347.05517578125 1349.39636230469 1352.68884277344 1355.03137207031 1349.62231445312 1348.85327148438 1350.77600097656 1350.57739257812 1350.32434082031 1348.88098144531 1350.74243164062 1352.93981933594 1352.25622558594 1351.09020996094 1352.74340820312 1353.81042480469 1353.19445800781 1353.125 1354.84460449219 1355.02136230469 1356.82250976562 1358.8623046875 1358.77294921875 1359.67431640625 1359.85876464844 1360.06213378906 1357.59252929688 1358.85656738281 1359.63171386719 1360.71826171875 1363.54919433594 1363.7919921875 1361.60302734375 1359.12475585938 1356.06115722656 1351.47595214844 1352.93969726562 1355.375 1351.22521972656 1349.20300292969 1354.31518554688 1357.49169921875 1357.16137695312 1357.11889648438 1357.68701171875 1362.01220703125 1373.31787109375 1380.74133300781
1361.14245605469 1365.32177734375 1366.46215820312 1369.91015625 1367.52917480469 1363.82836914062 1367.82556152344 1370.29833984375 1371.61694335938 1372.1513671875 1371.02185058594 1370.16821289062 1374.4228515625 1374.0322265625 1374.57507324219 1374.80358886719 1376.4296875 1377.927734375 1379.7626953125 1380.89331054688 1382.01977539062 1385.00024414062 1385.66223144531 1387.384765625 1388.46032714844 1388.8427734375 1388.69592285156 1388.43371582031 1389.95861816406 1391.0908203125 1392.74011230469 1393.51489257812 1393.94799804688 1392.52612304688 1390.20886230469 1387.1123046875 1383.08654785156 1379.93530273438 1382.71606445312 1382.919921875 1380.80358886719 1380.09606933594 1382.181640625 1384.37536621094 1386.56359863281 1387.49853515625 1390.00085449219 1393.52087402344 1399.32702636719
1368.21630859375 1369.95788574219 1371.59899902344 1374.93005371094 1373.51635742188 1374.00439453125 1379.3544921875 1381.27490234375 1384.81323242188 1386.01538085938 1385.06579589844 1383.41040039062 1382.98315429688 1382.93310546875 1382.69665527344 1383.84887695312 1386.35876464844 1388.60766601562 1391.11376953125 1391.87536621094 1394.74670410156 1396.404296875 1394.76159667969 1397.18701171875 1399.15905761719 1400.11279296875 1402.16357421875 1404.33569335938 1405.50695800781 1408.17541503906 1407.40026855469 1410.00244140625 1408.9697265625 1408.21142578125 1407.06567382812 1401.58142089844 1395.9296875 1396.34252929688 1406.30749511719 1415.70422363281 1401.74255371094 1395.95373535156 1397.65295410156 1398.71899414062 1399.66369628906 1401.8828125 1404.51208496094 1406.91625976562 1413.36779785156
1372.56286621094 1375.67272949219 1379.24389648438 1380.95751953125 1379.92138671875 1381.93713378906 1387.11389160156 1393.74597167969 1396.25903320312 1397.08056640625 1397.29565429688 1396.36706542969 1391.77172851562 1393.4521484375 1395.62817382812 1394.84130859375 1396.10791015625 1399.93017578125 1402.30749511719 1402.6630859375 1406.32934570312 1406.3681640625 1405.11694335938 1408.68908691406 1409.75109863281 1411.41015625 1414.93041992188 1418.701171875 1420.79040527344 1420.90075683594 1422.51000976562 1423.78430175781 1422.58728027344 1423.5751953125 1420.34948730469 1416.00012207031 1413.27795410156 1414.04174804688 1428.77368164062 1440.56384277344 1418.40173339844 1412.95129394531 1414.27355957031 1416.71618652344 1418.95324707031 1420.81506347656 1422.09423828125 1422.32373046875 1425.99633789062
1377.06506347656 1381.50500488281 1386.3310546875 1389.40954589844 1395.0947265625 1399.505859375 1399.12036132812 1404.09143066406 1405.45971679688 1408.46276855469 1409.75390625 1411.13146972656 1406.76147460938 1407.4033203125 1409.57104492188 1407.34912109375 1407.77355957031 1409.5244140625 1411.15576171875 1414.50622558594 1415.64331054688 1415.41735839844 1416.30493164062 1420.69812011719 1422.59240722656 1423.8740234375 1428.80322265625 1431.68701171875 1432.08776855469 1432.52954101562 1435.12109375 1436.18286132812 1437.17236328125 1438.50634765625 1436.27490234375 1432.44921875 1429.88891601562 1430.95483398438 1441.75329589844 1448.1650390625 1434.11840820312 1430.46960449219 1430.69201660156 1432.94995117188 1434.79125976562 1437.91516113281 1438.99975585938 1438.98681640625 1439.68737792969
1386.5693359375 1393.3447265625 1396.0244140625 1399.11364746094 1406.82019042969 1413.25854492188 1414.67895507812 1414.10168457031 1417.14086914062 1420.37719726562 1424.73864746094 1425.75219726562 1424.30249023438 1424.21240234375 1423.55334472656 1423.72790527344 1424.41760253906 1423.1904296875 1422.8154296875 1424.39599609375 1425.79858398438 1429.07092285156 1431.34509277344 1432.69995117188 1435.06628417969 1438.07092285156 1442.16528320312 1442.58276367188 1440.8203125 1445.39526367188 1445.02734375 1446.83837890625 1450.4111328125 1452.07788085938 1453.49377441406 1449.98107910156 1446.59594726562 1446.50622558594 1453.42687988281 1456.412109375 1451.29064941406 1450.81884765625 1449.43920898438 1450.89831542969 1451.00451660156 1453.73217773438 1455.23718261719 1456.43994140625 1455.68969726562
1402.12487792969 1409.07666015625 1410.34631347656 1411.26940917969 1416.00524902344 1422.55041503906 1425.4931640625 1428.66320800781 1429.96032714844 1432.63208007812 1434.38159179688 1433.35876464844 1435.19494628906 1438.36694335938 1436.345703125 1439.67700195312 1442.88635253906 1441.17993164062 1439.54431152344 1437.65661621094 1436.07348632812 1441.09948730469 1444.59423828125 1443.5361328125 1445.71020507812 1451.08349609375 1454.57214355469 1453.45556640625 1451.55651855469 1457.40844726562 1459.65576171875 1462.28002929688 1464.88122558594 1466.93090820312 1468.92211914062 1467.63793945312 1463.66223144531 1463.48266601562 1467.46997070312 1479.47082519531 1488.32604980469 1468.81018066406 1468.44543457031 1471.48022460938 1470.37683105469 1469.57165527344 1471.44946289062 1473.18835449219 1473.49645996094
1417.95825195312 1422.81274414062 1424.30065917969 1425.15600585938 1429.37219238281 1433.49279785156 1436.10095214844 1439.36596679688 1439.54333496094 1442.34069824219 1441.58117675781 1440.67822265625 1444.82641601562 1447.76171875 1447.42504882812 1450.39709472656 1454.70141601562 1455.70153808594 1456.52160644531 1453.17004394531 1453.17724609375 1455.57373046875 1453.72497558594 1454.82592773438 1460.41284179688 1463.40441894531 1464.95190429688 1464.94152832031 1466.21691894531 1472.61804199219 1475.89099121094 1482.2880859375 1488.52917480469 1487.60559082031 1483.82238769531 1484.52746582031 1481.33508300781 1480.05346679688 1482.98413085938 1493.87683105469 1506.21850585938 1487.24279785156 1487.88391113281 1492.04931640625 1491.07897949219 1488.29467773438 1489.62072753906 1490.349609375 1493.28149414062
1429.62768554688 1435.90454101562 1440.77490234375 1439.12292480469 1439.44763183594 1440.65844726562 1445.97497558594 1448.51953125 1450.47802734375 1450.69348144531 1450.90588378906 1452.564453125 1457.04614257812 1457.97143554688 1458.29614257812 1459.54382324219 1465.32470703125 1468.91455078125 1481.32080078125 1468.71179199219 1469.95678710938 1469.58825683594 1466.69116210938 1467.74194335938 1474.02062988281 1476.16967773438 1477.15881347656 1475.82348632812 1481.03271484375 1489.74243164062 1491.14990234375 1495.68627929688 1503.49523925781 1502.98669433594 1508.41198730469 1515.71520996094 1499.15344238281 1496.88061523438 1498.27160644531 1503.87426757812 1508.89379882812 1515.44519042969 1506.36694335938 1509.93322753906 1511.328125 1510.74877929688 1510.10339355469 1509.75671386719 1509.61682128906
1438.68286132812 1442.71313476562 1450.43713378906 1448.46276855469 1447.06604003906 1448.73974609375 1454.95385742188 1455.94177246094 1460.51049804688 1458.87536621094 1460.46057128906 1462.98303222656 1466.78393554688 1467.33801269531 1467.396484375 1472.39526367188 1476.89770507812 1479.52038574219 1487.69567871094 1484.63879394531 1485.51403808594 1483.71862792969 1484.07653808594 1483.37976074219 1485.07800292969 1488.62133789062 1489.57421875 1489.06042480469 1494.923828125 1505.79321289062 1505.21752929688 1508.04821777344 1512.70861816406 1516.08520507812 1523.79077148438 1529.00329589844 1518.169921875 1516.52673339844 1515.16467285156 1521.31689453125 1525.95288085938 1537.35632324219 1531.138671875 1528.26867675781 1531.48071289062 1532.83996582031 1532.63635253906 1531.3759765625 1527.54504394531
1445.1904296875 1451.69421386719 1457.21398925781 1455.36657714844 1455.60888671875 1460.50012207031 1462.095703125 1465.46740722656 1466.81567382812 1467.26403808594 1470.66015625 1472.53198242188 1474.32067871094 1475.88110351562 1479.29577636719 1484.86254882812 1487.22399902344 1488.45544433594 1489.92712402344 1494.24865722656 1497.62573242188 1498.81359863281 1501.57751464844 1503.15832519531 1501.86120605469 1500.66662597656 1500.82897949219 1502.98815917969 1509.88720703125 1516.63073730469 1517.07153320312 1522.18359375 1524.92395019531 1528.595703125 1531.82836914062 1535.20141601562 1536.40173339844 1534.88513183594 1534.37719726562 1540.28491210938 1544.12756347656 1549.90454101562 1551.55834960938 1549.12365722656 1550.896484375 1552.57897949219 1554.412109375 1552.60546875 1549.5029296875
1455.88159179688 1461.9140625 1463.98217773438 1463.14685058594 1462.98352050781 1466.64294433594 1468.16784667969 1475.51452636719 1478.22717285156 1480.13146972656 1481.96252441406 1485.38879394531 1487.353515625 1489.31335449219 1492.16772460938 1495.73205566406 1499.90405273438 1500.80432128906 1501.84631347656 1504.375 1510.0947265625 1515.02722167969 1513.15405273438 1517.65368652344 1517.20520019531 1515.58349609375 1517.29553222656 1519.92102050781 1522.8212890625 1528.44482421875 1532.14001464844 1534.7861328125 1538.63098144531 1542.25805664062 1543.65478515625 1549.86706542969 1553.36682128906 1552.18005371094 1551.66979980469 1556.48229980469 1559.31396484375 1565.30493164062 1570.83349609375 1572.84899902344 1571.70776367188 1572.3505859375 1574.57092285156 1574.43591308594 1572.26745605469
1466.09436035156 1469.22900390625 1470.90270996094 1472.74072265625 1473.53845214844 1475.99011230469 1480.96557617188 1487.85668945312 1495.31579589844 1497.55261230469 1495.16162109375 1495.396484375 1497.84973144531 1500.11926269531 1501.72241210938 1505.787109375 1508.5615234375 1509.79650878906 1511.50610351562 1514.97119140625 1519.52038574219 1523.67834472656 1524.83386230469 1526.21057128906 1527.87744140625 1532.0087890625 1534.08728027344 1535.66394042969 1535.02661132812 1543.91320800781 1547.41809082031 1547.20458984375 1550.03649902344 1555.09106445312 1558.82189941406 1565.748046875 1573.21179199219 1569.58264160156 1569.81213378906 1575.50451660156 1580.66577148438 1584.6044921875 1591.90466308594 1593.94873046875 1589.42126464844 1593.42993164062 1596.29382324219 1596.43566894531 1594.11596679688
1482.92102050781 1484.18591308594 1485.80065917969 1493.98522949219 1500.50720214844 1504.3662109375 1508.3173828125 1516.71728515625 1525.04479980469 1528.29248046875 1523.59436035156 1523.90515136719 1525.16577148438 1524.45129394531 1529.30981445312 1534.91577148438 1537.46057128906 1536.72680664062 1541.63818359375 1540.73205566406 1542.59118652344 1544.70129394531 1546.30859375 1551.96008300781 1554.99987792969 1558.08435058594 1563.20666503906 1566.28686523438 1565.7490234375 1567.49719238281 1572.81799316406 1577.67834472656 1580.03466796875 1586.62414550781 1590.77478027344 1598.46228027344 1607.18481445312 1609.826171875 1607.61633300781 1611.25769042969 1618.04541015625 1630.93310546875 1632.98083496094 1636.21606445312 1639.58728027344 1639.92419433594 1642.26745605469 1642.64575195312 1639.92578125
1492.00915527344 1492.8974609375 1499.94555664062 1506.93420410156 1514.48889160156 1519.65856933594 1522.02685546875 1532.16870117188 1540.23449707031 1544.76379394531 1548.44189453125 1543.4619140625 1542.91174316406 1542.61877441406 1543.10717773438 1547.63793945312 1553.76281738281 1555.17761230469 1556.96154785156 1558.42028808594 1561.17590332031 1558.58935546875 1557.74230957031 1562.52001953125 1563.25183105469 1567.142578125 1573.25048828125 1578.44274902344 1582.34802246094 1585.34448242188 1587.50476074219 1591.41137695312 1598.45397949219 1603.05224609375 1605.73083496094 1611.79028320312 1620.87109375 1626.96936035156 1625.01013183594 1628.59716796875 1634.90881347656 1649.22680664062 1652.15307617188 1655.42553710938 1652.99755859375 1650.58129882812 1663.42370605469 1661.36962890625 1657.88903808594
1498.27978515625 1502.43420410156 1513.54431152344 1522.44348144531 1526.12219238281 1532.02038574219 1537.25366210938 1545.95922851562 1550.01245117188 1552.83020019531 1557.99487304688 1556.69079589844 1558.3642578125 1561.2734375 1559.88061523438 1560.65148925781 1564.97119140625 1569.29553222656 1572.21057128906 1573.88525390625 1577.45727539062 1574.66772460938 1574.38464355469 1575.4921875 1575.27868652344 1579.04931640625 1583.16345214844 1589.49816894531 1595.46496582031 1601.92858886719 1602.71899414062 1607.69201660156 1614.84228515625 1620.30078125 1624.89038085938 1629.27258300781 1636.404296875 1643.68408203125 1644.0380859375 1647.49987792969 1652.80432128906 1666.05151367188 1671.47875976562 1675.63012695312 1674.62219238281 1674.44250488281 1684.55163574219 1679.69995117188 1669.40856933594
1509.55236816406 1518.58679199219 1523.51489257812 1528.63220214844 1537.11486816406 1542.01159667969 1548.02868652344 1556.00610351562 1559.68029785156 1563.25415039062 1564.29272460938 1566.333984375 1570.24670410156 1577.05505371094 1578.21545410156 1577.861328125 1577.05578613281 1578.62072753906 1583.88305664062 1586.35827636719 1589.79248046875 1589.50073242188 1591.26928710938 1591.673828125 1591.26525878906 1597.56164550781 1597.53137207031 1600.78930664062 1608.76013183594 1616.9853515625 1618.396484375 1624.33190917969 1632.31237792969 1638.04553222656 1645.23315429688 1649.29577636719 1654.01989746094 1661.43859863281 1663.32727050781 1665.46533203125 1670.71228027344 1684.45434570312 1691.20617675781 1694.75390625 1698.7705078125 1701.66137695312 1704.29382324219 1698.1015625 1688.12463378906
1531.42114257812 1534.27478027344 1535.50610351562 1538.50720214844 1545.3330078125 1553.19299316406 1558.25891113281 1566.7177734375 1571.18273925781 1574.1357421875 1572.60034179688 1576.69384765625 1583.14611816406 1591.31823730469 1596.12854003906 1595.31750488281 1591.28759765625 1590.65747070312 1599.30505371094 1598.74084472656 1603.47937011719 1605.53015136719 1610.58251953125 1608.87805175781 1606.31530761719 1613.22155761719 1612.62329101562 1614.3984375 1623.60473632812 1643.36694335938 1634.193359375 1638.99926757812 1646.88293457031 1653.31811523438 1662.34912109375 1668.24072265625 1672.57189941406 1678.478515625 1681.07043457031 1682.67004394531 1688.34802246094 1702.208984375 1707.97119140625 1712.0625 1708.75463867188 1705.82360839844 1721.44702148438 1716.09411621094 1707.41162109375
1547.75598144531 1546.68273925781 1548.42321777344 1551.92224121094 1554.67395019531 1559.44860839844 1564.84130859375 1576.16711425781 1578.95178222656 1584.42565917969 1587.82348632812 1592.5400390625 1596.38195800781 1602.43981933594 1610.09240722656 1611.27722167969 1608.04211425781 1609.111328125 1617.58312988281 1614.97265625 1618.0771484375 1622.56140136719 1626.376953125 1623.93505859375 1621.79956054688 1627.99304199219 1628.02075195312 1631.58557128906 1638.49914550781 1656.69543457031 1651.41931152344 1654.47106933594 1658.6904296875 1668.02514648438 1676.48950195312 1683.06176757812 1689.3759765625 1695.26831054688 1698.39379882812 1700.12231445312 1707.07836914062 1720.76904296875 1725.70483398438 1731.01318359375 1728.9296875 1725.00207519531 1735.36376953125 1729.9111328125 1719.29711914062
1555.66162109375 1557.47216796875 1563.07202148438 1566.24426269531 1570.29846191406 1574.86962890625 1577.43566894531 1586.5224609375 1589.69091796875 1595.52233886719 1602.14892578125 1604.51635742188 1608.32983398438 1618.39086914062 1625.47534179688 1625.61608886719 1624.22766113281 1631.88757324219 1636.33972167969 1629.82849121094 1631.37719726562 1636.63134765625 1641.32836914062 1639.35559082031 1638.32446289062 1642.3505859375 1642.29553222656 1649.72814941406 1654.79345703125 1664.85729980469 1670.4072265625 1672.95849609375 1673.4345703125 1681.44482421875 1689.30725097656 1694.71765136719 1703.00915527344 1710.91040039062 1715.16772460938 1717.89526367188 1723.49145507812 1738.82250976562 1743.10266113281 1746.45751953125 1750.24853515625 1747.14514160156 1743.35034179688 1742.26306152344 1728.92077636719
1566.50427246094 1572.22314453125 1577.87231445312 1581.46228027344 1586.62329101562 1592.24670410156 1598.0830078125 1598.15490722656 1602.73901367188 1609.36206054688 1611.31579589844 1615.26379394531 1619.28955078125 1627.54064941406 1634.12268066406 1637.14660644531 1639.78979492188 1648.70471191406 1652.39855957031 1644.08190917969 1644.15502929688 1648.63195800781 1655.923828125 1653.57385253906 1653.61572265625 1657.73291015625 1657.95068359375 1665.95983886719 1669.98254394531 1675.69189453125 1688.71069335938 1690.61694335938 1690.41430664062 1693.86987304688 1700.76977539062 1709.30822753906 1719.275390625 1727.01452636719 1729.02221679688 1733.24255371094 1740.39685058594 1754.47082519531 1757.62585449219 1758.97888183594 1762.6171875 1761.60534667969 1757.27355957031 1755.607421875 1741.90698242188
1577.82092285156 1585.65051269531 1590.66394042969 1595.2734375 1597.98559570312 1602.26770019531 1612.55383300781 1614.271484375 1618.21813964844 1625.95495605469 1627.25134277344 1630.63989257812 1631.10754394531 1638.029296875 1645.86413574219 1649.57629394531 1654.25866699219 1658.39331054688 1665.95483398438 1663.30224609375 1660.59069824219 1662.92456054688 1669.07104492188 1668.87451171875 1669.0849609375 1674.03283691406 1675.85791015625 1678.32971191406 1678.25964355469 1686.9248046875 1703.52136230469 1709.162109375 1711.45788574219 1711.07763671875 1713.88452148438 1724.00915527344 1736.41650390625 1744.00720214844 1745.73767089844 1750.39453125 1757.19152832031 1768.23046875 1769.13793945312 1770.07360839844 1773.06127929688 1774.27392578125 1770.93933105469 1765.88610839844 1748.24353027344
