rcp4.5models/MPi_ESM_LR/sc1gr3.22
NCOLS 261 
NROWS 433 
XLLCORNER 336357.134 
YLLCORNER 654653.479 
CELLSIZE 1000 
NODATA_value -3.4e+38 
[rows 154 to 175 of 433, columns 147 to 195 of 261]
281.016265869141 280.954010009766 280.790924072266 280.933044433594 280.604553222656 280.180480957031 279.610931396484 279.48779296875 278.608093261719 275.226348876953 271.720245361328 271.479949951172 272.152465820312 271.634307861328 270.244873046875 271.239410400391 272.726226806641 272.426971435547 272.160034179688 274.428680419922 -3.4e+38 273.151214599609 276.384460449219 276.984802246094 277.221313476562 277.449615478516 277.381469726562 277.333587646484 277.379333496094 275.549530029297 269.4248046875 264.612579345703 264.68603515625 264.847259521484 265.511199951172 265.623352050781 265.703247070312 265.748168945312 265.70166015625 265.741668701172 -3.4e+38 265.914520263672 265.886993408203 265.909698486328 265.980072021484 266.078948974609 266.043151855469 265.771728515625 265.618011474609
280.696075439453 280.722076416016 280.720123291016 280.791107177734 280.553588867188 280.242309570312 279.762908935547 279.449523925781 -3.4e+38 278.798461914062 274.317901611328 271.678619384766 272.75390625 272.072326660156 270.767883300781 272.252532958984 273.057586669922 273.00634765625 -3.4e+38 273.992950439453 272.821228027344 273.905578613281 276.330261230469 277.072143554688 277.331573486328 277.465972900391 277.388549804688 277.232727050781 277.304931640625 274.886169433594 268.221343994141 264.499450683594 264.538818359375 265.171295166016 265.485076904297 265.584991455078 265.638427734375 265.518676757812 265.42431640625 265.656158447266 265.690307617188 265.906707763672 265.933013916016 265.906005859375 265.901672363281 266.0009765625 265.965759277344 265.651763916016 265.315093994141
280.668273925781 280.69482421875 280.520599365234 280.236145019531 280.203491210938 280.021087646484 279.459655761719 279.556335449219 279.589416503906 279.110778808594 276.301818847656 272.177032470703 272.997344970703 272.466522216797 271.545745849609 272.704772949219 273.37744140625 273.228698730469 273.773406982422 -3.4e+38 271.739410400391 275.344055175781 276.103576660156 276.607696533203 277.186187744141 277.450103759766 277.472869873047 277.325500488281 277.310211181641 275.250701904297 268.736755371094 264.291229248047 264.357421875 265.107391357422 265.398864746094 265.452697753906 -3.4e+38 265.518859863281 265.478668212891 265.672912597656 265.561401367188 265.695434570312 265.92529296875 265.952056884766 265.925628662109 265.766296386719 265.550659179688 265.464660644531 265.139678955078
280.452972412109 280.452209472656 280.006469726562 279.272369384766 279.435302734375 279.527252197266 279.144836425781 279.596923828125 279.228271484375 278.663940429688 276.020629882812 272.308410644531 273.409942626953 273.188385009766 272.695495605469 273.356414794922 273.375915527344 273.675079345703 273.937438964844 273.333404541016 273.196868896484 275.770324707031 276.152069091797 276.588134765625 277.017913818359 277.218627929688 277.434600830078 277.457763671875 277.199859619141 274.100891113281 267.304138183594 264.241821289062 264.394775390625 265.043640136719 265.285461425781 265.339904785156 -3.4e+38 265.556701660156 265.635589599609 265.639068603516 265.546875 265.416870117188 265.714294433594 265.944427490234 265.971710205078 265.861389160156 265.664611816406 265.708251953125 265.712768554688
280.340606689453 280.196929931641 279.654968261719 278.998992919922 278.759429931641 278.844696044922 279.002624511719 279.245147705078 278.967620849609 278.238250732422 276.898254394531 271.978057861328 272.947357177734 273.662506103516 273.496185302734 273.602203369141 273.343322753906 274.107513427734 273.112579345703 271.828552246094 275.297302246094 275.804321289062 276.307250976562 276.824035644531 276.935791015625 277.001586914062 277.138732910156 277.201812744141 276.872253417969 274.182769775391 268.227630615234 264.344390869141 264.599548339844 265.164123535156 265.304138183594 265.299835205078 265.354888916016 265.368103027344 265.35888671875 265.523773193359 265.660583496094 265.579193115234 265.681884765625 265.850372314453 265.964202880859 266.011108398438 265.964050292969 266.01953125 266.10302734375
280.202331542969 280.000305175781 279.446899414062 279.152618408203 278.813659667969 278.628265380859 278.575347900391 278.670806884766 278.788726806641 278.246459960938 277.925262451172 271.801910400391 272.859436035156 273.838073730469 274.0146484375 273.922088623047 274.172607421875 -3.4e+38 272.973876953125 272.688690185547 275.46044921875 275.844207763672 276.22998046875 276.738006591797 276.964660644531 276.919097900391 276.773406982422 276.518859863281 276.465087890625 276.241424560547 272.013275146484 264.374572753906 264.556732177734 264.789001464844 265.038635253906 265.097930908203 265.034912109375 265.001983642578 265.002288818359 265.345794677734 265.680938720703 265.819122314453 265.753692626953 265.7333984375 265.870269775391 265.904296875 265.741271972656 265.797058105469 265.852783203125
279.848754882812 279.871612548828 279.239044189453 278.970336914062 278.882659912109 278.583923339844 278.022033691406 278.003356933594 278.004455566406 277.77587890625 278.236724853516 271.463256835938 273.139251708984 273.681030273438 -3.4e+38 -3.4e+38 274.419769287109 -3.4e+38 274.628692626953 275.394195556641 275.497741699219 275.809295654297 276.090942382812 276.5498046875 276.830413818359 276.851745605469 276.432281494141 276.079406738281 276.083618164062 273.757904052734 267.583648681641 264.171447753906 264.288299560547 264.499298095703 264.782775878906 265.065704345703 265.113067626953 264.911834716797 264.680877685547 264.918426513672 265.354309082031 265.768432617188 265.751861572266 265.763092041016 265.811676025391 265.864227294922 265.845153808594 265.792541503906 265.675262451172
278.708557128906 279.470672607422 278.863250732422 278.870422363281 279.533477783203 278.95556640625 278.511871337891 277.528686523438 277.16455078125 277.432037353516 279.015106201172 272.744262695312 273.610870361328 273.920959472656 -3.4e+38 -3.4e+38 274.062530517578 274.156097412109 274.920715332031 275.482086181641 275.64013671875 275.577758789062 275.770812988281 275.749725341797 275.731689453125 275.757415771484 275.717590332031 275.888031005859 275.985443115234 274.183654785156 268.407836914062 264.055480957031 264.052764892578 264.658172607422 264.816070556641 264.819458007812 264.719970703125 264.947875976562 264.970947265625 264.943542480469 265.010711669922 265.378356933594 265.676086425781 265.507720947266 265.448455810547 265.579467773438 265.664733886719 265.683135986328 265.62451171875
278.166442871094 279.036895751953 278.870422363281 279.332702636719 280.1083984375 280.107666015625 279.018859863281 278.120452880859 278.619323730469 278.957092285156 279.758605957031 273.119171142578 273.6513671875 -3.4e+38 -3.4e+38 -3.4e+38 274.193908691406 274.326904296875 274.919708251953 275.567260742188 275.658721923828 275.589324951172 275.672393798828 275.516937255859 275.550964355469 275.672393798828 -3.4e+38 275.941436767578 276.046844482422 276.157135009766 271.87548828125 263.942504882812 263.95263671875 264.749389648438 264.799530029297 264.685150146484 264.797729492188 265.087249755859 264.914733886719 264.753021240234 265.07177734375 265.375518798828 265.536193847656 265.51611328125 265.561553955078 265.326354980469 265.268005371094 265.398498535156 265.628509521484
278.084838867188 278.913330078125 278.917510986328 279.336853027344 280.067962646484 280.636260986328 280.096893310547 279.736267089844 280.291900634766 280.629333496094 280.673553466797 273.516937255859 273.941436767578 -3.4e+38 -3.4e+38 -3.4e+38 274.320648193359 274.597564697266 275.016082763672 275.505157470703 275.645782470703 275.582305908203 275.463806152344 275.446533203125 275.542083740234 275.424560546875 275.550750732422 275.892150878906 275.906890869141 276.084106445312 271.722625732422 263.922454833984 263.980865478516 264.802673339844 264.609649658203 264.488830566406 264.728088378906 264.896423339844 264.799468994141 264.950103759766 265.086669921875 265.119934082031 265.186126708984 265.28515625 265.326507568359 265.059844970703 265.158782958984 265.389709472656 265.537750244141
277.861206054688 278.644653320312 278.653411865234 279.187652587891 279.578002929688 280.159210205078 280.148132324219 280.401031494141 280.776397705078 280.965270996094 281.36767578125 273.544036865234 274.128356933594 -3.4e+38 -3.4e+38 274.447601318359 274.532470703125 274.791442871094 275.126312255859 275.366973876953 275.607391357422 275.631530761719 275.480163574219 275.305755615234 275.187438964844 274.915313720703 275.403625488281 275.686157226562 275.660583496094 275.783203125 271.593048095703 263.941253662109 264.152954101562 -3.4e+38 264.525146484375 264.423675537109 264.524169921875 264.630249023438 264.655334472656 264.795043945312 264.799865722656 264.801574707031 264.877197265625 264.970306396484 265.177856445312 265.392913818359 265.562438964844 265.501190185547 265.502380371094
277.40478515625 278.241149902344 278.715942382812 278.98486328125 279.23583984375 279.761108398438 279.774536132812 279.740203857422 280.434906005859 281.0634765625 281.641510009766 273.413330078125 273.839721679688 273.831146240234 273.921173095703 274.499694824219 274.714019775391 275.0546875 275.178527832031 275.358276367188 275.507171630859 275.550201416016 275.382415771484 275.143768310547 274.908843994141 274.664611816406 275.033142089844 274.908386230469 275.218444824219 275.773681640625 271.591400146484 264.038848876953 264.373168945312 264.50732421875 264.540435791016 264.559936523438 264.665924072266 264.710296630859 264.681030273438 264.709686279297 264.593048095703 264.714935302734 264.755523681641 264.688659667969 264.991271972656 265.688171386719 265.85888671875 265.495910644531 265.350555419922
277.149139404297 278.015960693359 278.809967041016 278.675384521484 278.647735595703 279.421508789062 279.387268066406 279.062561035156 280.221374511719 281.006530761719 281.374053955078 276.503784179688 273.508728027344 273.380737304688 273.508087158203 274.186004638672 274.5810546875 274.953430175781 275.151672363281 275.189758300781 275.295227050781 275.220916748047 275.014434814453 275.1064453125 275.024078369141 275.020355224609 275.138031005859 274.658264160156 274.920745849609 275.623931884766 273.997772216797 -3.4e+38 264.459686279297 264.520904541016 -3.4e+38 264.549591064453 264.810577392578 264.8203125 264.557800292969 264.664611816406 264.610290527344 264.673919677734 264.750152587891 264.660339355469 264.768249511719 265.439910888672 265.674743652344 265.592590332031 265.385192871094
277.449676513672 278.156463623047 278.612396240234 278.230865478516 278.157135009766 278.314117431641 277.951904296875 278.889404296875 280.113159179688 280.908020019531 281.209716796875 279.118591308594 273.364044189453 273.214050292969 273.674652099609 274.190856933594 274.435668945312 274.5791015625 274.723815917969 274.718292236328 274.818420410156 274.762115478516 274.706634521484 275.194213867188 275.394317626953 275.370574951172 275.434936523438 275.145385742188 275.117156982422 275.478759765625 -3.4e+38 272.432739257812 264.519561767578 264.522094726562 264.449462890625 -3.4e+38 264.558807373047 264.6064453125 264.446075439453 264.475280761719 264.658935546875 264.774169921875 264.712829589844 264.682189941406 264.540161132812 265.144317626953 265.313903808594 265.406707763672 265.203979492188
277.588775634766 278.278045654297 278.386688232422 277.247528076172 277.322113037109 276.595825195312 276.717895507812 279.346221923828 279.998168945312 280.758453369141 281.102691650391 280.563720703125 276.327392578125 273.163330078125 273.728363037109 274.133666992188 274.337524414062 274.450408935547 274.469665527344 274.55126953125 274.473663330078 274.46240234375 274.414642333984 274.887145996094 275.240234375 275.405456542969 275.458557128906 275.488830566406 275.46533203125 275.616790771484 -3.4e+38 272.270141601562 264.313446044922 264.508422851562 264.4892578125 264.46484375 264.412170410156 264.389190673828 264.551025390625 264.58203125 264.548309326172 264.702362060547 264.676818847656 264.679016113281 264.557006835938 264.701019287109 265.013549804688 265.240264892578 265.112579345703
277.599884033203 278.037048339844 277.726165771484 276.112579345703 275.714508056641 274.899841308594 275.444549560547 278.640899658203 279.845703125 280.438171386719 281.321166992188 281.474884033203 278.558135986328 273.095672607422 273.531951904297 273.883758544922 274.361297607422 274.550231933594 274.538879394531 274.640228271484 274.499755859375 274.433532714844 274.463531494141 274.60888671875 274.844573974609 275.278503417969 275.507446289062 275.546447753906 275.572784423828 275.870758056641 276.1572265625 271.729736328125 263.849151611328 264.580230712891 264.516357421875 264.319519042969 264.235412597656 264.170928955078 264.401702880859 264.560882568359 264.424285888672 264.513946533203 264.630126953125 264.697814941406 264.700561523438 264.412902832031 264.661254882812 264.976013183594 265.018463134766
277.42626953125 277.443756103516 277.431884765625 276.351928710938 275.185333251953 273.144470214844 273.635711669922 277.698852539062 279.824127197266 280.497863769531 281.258026123047 281.073059082031 278.274688720703 272.776214599609 273.278167724609 273.664428710938 273.994232177734 274.397827148438 -3.4e+38 274.653991699219 274.655822753906 274.626129150391 274.597106933594 274.618835449219 274.691802978516 274.889068603516 275.121826171875 275.303009033203 275.513610839844 275.858367919922 275.938903808594 273.768463134766 267.902160644531 264.606719970703 264.490539550781 264.205871582031 264.127868652344 264.092407226562 264.361419677734 264.516662597656 264.440002441406 264.444274902344 264.534606933594 264.720703125 264.871704101562 264.574676513672 264.50732421875 264.719573974609 264.738708496094
276.936431884766 276.953338623047 277.216064453125 276.765716552734 275.644409179688 274.128540039062 275.163482666016 277.966186523438 279.9677734375 280.627105712891 280.932495117188 280.993408203125 278.680236816406 272.788055419922 273.020935058594 273.558441162109 273.749237060547 274.174163818359 274.442718505859 274.63671875 -3.4e+38 274.612457275391 274.740600585938 274.762878417969 -3.4e+38 274.624237060547 274.698669433594 274.998779296875 275.444580078125 275.625823974609 275.46240234375 272.955200195312 267.011444091797 -3.4e+38 264.443328857422 264.152496337891 264.103332519531 264.092346191406 264.150482177734 264.217468261719 264.384216308594 264.367095947266 264.475189208984 264.727966308594 264.792907714844 264.687835693359 264.688751220703 264.645629882812 264.631164550781
276.490417480469 276.816375732422 277.020172119141 276.9716796875 275.971771240234 275.395202636719 277.945587158203 278.843627929688 280.031219482422 280.594757080078 281.016662597656 281.263702392578 280.541259765625 276.289215087891 273.081848144531 273.441558837891 273.773254394531 274.351043701172 274.472351074219 274.594146728516 274.590972900391 -3.4e+38 274.667266845703 274.934692382812 275.027923583984 274.921295166016 274.821197509766 274.955047607422 275.249542236328 274.961975097656 274.888305664062 273.131713867188 267.809295654297 -3.4e+38 264.243927001953 264.085845947266 264.154632568359 264.006683349609 263.851715087891 263.868896484375 264.082824707031 264.203796386719 264.244079589844 264.427581787109 264.4853515625 264.603363037109 264.727569580078 264.614715576172 264.661193847656
276.68798828125 277.100891113281 277.234649658203 277.184234619141 276.677642822266 275.923309326172 277.900604248047 278.785705566406 279.480743408203 279.073455810547 280.694519042969 280.993927001953 281.723175048828 -3.4e+38 273.329223632812 273.503845214844 273.424621582031 273.581298828125 274.078674316406 274.507843017578 274.530548095703 274.37451171875 274.468841552734 274.382354736328 274.502807617188 274.864624023438 275.114410400391 275.143798828125 275.336120605469 275.241455078125 275.302337646484 275.303192138672 273.231750488281 -3.4e+38 263.90673828125 263.662445068359 263.915374755859 263.960235595703 264.006164550781 263.899688720703 263.898193359375 263.949737548828 263.978088378906 264.154388427734 264.234924316406 264.509185791016 264.842834472656 264.958892822266 264.745788574219
277.171783447266 277.924468994141 277.341003417969 276.822296142578 277.655883789062 277.533325195312 278.045257568359 279.185516357422 279.675537109375 279.752166748047 280.903167724609 281.458740234375 281.728973388672 280.444274902344 276.332580566406 273.116119384766 273.168243408203 273.331817626953 273.671051025391 273.975555419922 273.998687744141 274.141204833984 274.501892089844 274.415832519531 274.414825439453 274.524322509766 274.795166015625 274.988372802734 275.215972900391 275.1015625 275.544372558594 275.788269042969 -3.4e+38 -3.4e+38 264.042755126953 263.666778564453 263.775909423828 263.927337646484 263.880767822266 263.818969726562 263.826263427734 263.865661621094 263.973541259766 264.165008544922 264.150543212891 264.465881347656 264.706237792969 264.889862060547 264.797668457031
277.51513671875 278.010711669922 277.477233886719 277.292510986328 277.927917480469 278.267059326172 278.234130859375 279.6044921875 279.954345703125 280.504730224609 281.174774169922 281.520233154297 281.653656005859 281.619140625 278.777099609375 272.687591552734 273.042572021484 273.140441894531 273.359924316406 273.714263916016 273.921264648438 274.267852783203 274.428649902344 274.3134765625 274.399078369141 274.450103759766 274.442138671875 274.591094970703 275.022827148438 275.030883789062 275.566131591797 275.750885009766 275.746459960938 -3.4e+38 -3.4e+38 263.964080810547 263.751190185547 263.820190429688 263.721099853516 263.761138916016 263.814636230469 263.906860351562 263.942016601562 264.021514892578 264.105499267578 -3.4e+38 -3.4e+38 -3.4e+38 264.664733886719
