rcp4.5models/MPi_ESM_LR/sc1gr0.19
NCOLS 261 
NROWS 433 
XLLCORNER 336357.134 
YLLCORNER 654653.479 
CELLSIZE 1000 
NODATA_value -3.4e+38 
[rows 286 to 307 of 433, columns 196 to 244 of 261]
62.6627998352051 62.2897605895996 63.0898666381836 63.357967376709 61.5032081604004 60.9041175842285 60.8068428039551 61.1511344909668 61.7528038024902 64.092643737793 63.078914642334 65.0336074829102 64.2591934204102 60.9669303894043 57.9565353393555 57.8372230529785 57.7340545654297 57.3651008605957 -3.4e+38 57.8642730712891 58.4630889892578 57.1100616455078 56.8328437805176 56.429012298584 56.0253028869629 55.9246864318848 55.9192008972168 55.788890838623 55.7360038757324 55.3856239318848 55.2164115905762 55.3323593139648 54.982421875 54.8025665283203 54.544303894043 54.524242401123 54.5844650268555 54.3227653503418 54.2124977111816 54.099494934082 54.0724334716797 53.9710159301758 53.8306465148926 53.7283973693848 53.6794166564941 53.6610717773438 53.532470703125 53.3229713439941 -3.4e+38
62.3637199401855 62.0181465148926 62.2092552185059 61.8003311157227 61.3217163085938 61.0965576171875 60.766242980957 60.8024940490723 61.7693786621094 64.9295272827148 64.8056030273438 65.9162521362305 64.9032897949219 61.1390495300293 58.04443359375 57.7486686706543 57.6093254089355 57.3405838012695 -3.4e+38 57.8579063415527 59.025936126709 57.3410224914551 57.003101348877 56.4999542236328 56.0820808410645 55.9678535461426 55.8100929260254 55.6740760803223 55.6838226318359 55.5025978088379 -3.4e+38 55.1490020751953 54.9982757568359 54.8370742797852 54.6999664306641 54.5105209350586 54.5248756408691 54.4385681152344 54.4455223083496 54.2767219543457 54.1220626831055 53.9362144470215 53.8470916748047 53.740047454834 53.7473831176758 53.6139907836914 53.5637664794922 -3.4e+38 -3.4e+38
61.8719902038574 61.961971282959 62.274600982666 61.922966003418 61.6681098937988 61.1960220336914 60.8308486938477 60.6699600219727 61.8176651000977 64.7424240112305 65.1789321899414 65.7263870239258 65.2022857666016 62.6463966369629 58.2057952880859 57.8537788391113 57.6016616821289 57.269847869873 -3.4e+38 57.9956512451172 59.5823249816895 57.4311103820801 56.8563461303711 56.6755409240723 56.3871879577637 56.2011528015137 55.8862419128418 55.7395133972168 55.6526374816895 55.5100631713867 55.039794921875 55.119026184082 55.1035652160645 54.9622611999512 54.7296714782715 54.5203132629395 54.521354675293 54.711669921875 54.5318603515625 54.3079261779785 54.2108154296875 53.9142074584961 53.9149017333984 53.8615188598633 53.8203353881836 53.7858123779297 53.6011734008789 53.435115814209 53.4189338684082
62.0891151428223 61.9974212646484 62.0244750976562 61.9543800354004 61.9004096984863 61.0062217712402 60.8284606933594 60.7071266174316 61.1529121398926 61.9757537841797 63.1244850158691 64.8400039672852 65.0543212890625 64.0594253540039 58.0977325439453 57.8532104492188 57.7625885009766 57.4382781982422 57.0786895751953 58.0532188415527 59.383358001709 57.3254432678223 -3.4e+38 -3.4e+38 56.6231231689453 -3.4e+38 -3.4e+38 55.7726402282715 55.7750434875488 55.5791511535645 55.0774536132812 55.1347541809082 55.0529022216797 54.8332443237305 54.6441268920898 54.6583404541016 54.7053184509277 54.7482070922852 54.4411544799805 54.316162109375 54.2125625610352 54.0120086669922 54.0191421508789 53.9118614196777 53.9262199401855 53.9504280090332 53.7691993713379 53.5517616271973 53.6164627075195
62.1566734313965 61.9780158996582 61.613094329834 62.2901420593262 63.9662857055664 62.7862510681152 60.9331932067871 60.5211143493652 60.5440063476562 60.3191947937012 60.9909934997559 61.8269081115723 63.6339874267578 65.1140747070312 60.2449645996094 57.7580604553223 57.572998046875 57.3263206481934 -3.4e+38 57.3492050170898 58.1918869018555 -3.4e+38 -3.4e+38 -3.4e+38 -3.4e+38 -3.4e+38 -3.4e+38 56.2332344055176 56.0930099487305 56.0374221801758 55.3981246948242 55.2148628234863 55.1014556884766 55.0206031799316 55.0197105407715 55.0057792663574 55.1303329467773 55.167366027832 54.7964935302734 54.4838104248047 54.538631439209 54.3880195617676 54.1686210632324 54.1122894287109 54.1360778808594 54.2055053710938 53.9885025024414 53.7961120605469 53.6654663085938
62.6251907348633 62.2450523376465 61.8249282836914 61.9057197570801 62.9735908508301 62.7179107666016 60.9673271179199 60.4724235534668 60.4342613220215 60.0972023010254 59.9781379699707 60.2683219909668 61.5991592407227 62.5880584716797 60.6595687866211 57.5806159973145 57.4028244018555 57.3193168640137 -3.4e+38 -3.4e+38 -3.4e+38 -3.4e+38 -3.4e+38 -3.4e+38 -3.4e+38 -3.4e+38 -3.4e+38 56.4546127319336 56.3714256286621 56.2158241271973 55.3614730834961 55.2510948181152 55.2902603149414 55.1487922668457 55.1799049377441 55.2040901184082 55.372673034668 55.2644691467285 54.8333358764648 54.5927276611328 54.6323852539062 54.6472854614258 54.555591583252 -3.4e+38 54.2074851989746 53.9844512939453 53.9395065307617 53.7898216247559 53.6412010192871
63.0281562805176 62.7484016418457 62.5602035522461 62.0901679992676 61.5449638366699 61.4785766601562 61.0270538330078 60.6146812438965 60.260684967041 60.0218544006348 59.7568817138672 59.5544815063477 59.2887191772461 59.1967086791992 59.1420249938965 57.8142623901367 57.586483001709 57.5613136291504 57.2564735412598 57.2068214416504 56.9294013977051 -3.4e+38 -3.4e+38 56.703052520752 -3.4e+38 -3.4e+38 -3.4e+38 56.4230308532715 56.2705345153809 56.0742645263672 55.4221649169922 55.3068466186523 55.6167678833008 55.4682350158691 55.2558059692383 55.3329162597656 55.3016700744629 55.2142715454102 54.7635307312012 -3.4e+38 54.7449111938477 54.7525024414062 54.5041656494141 -3.4e+38 54.2447395324707 54.124095916748 54.0281028747559 53.7943153381348 53.695240020752
63.1576690673828 63.0522651672363 63.0235939025879 62.4193687438965 61.4949264526367 61.2936210632324 61.1190452575684 60.7597732543945 60.1861991882324 59.8661346435547 59.554370880127 59.2667808532715 58.8548126220703 58.8350448608398 58.9239120483398 58.3324317932129 57.956241607666 57.7079849243164 57.2917175292969 57.2172164916992 -3.4e+38 -3.4e+38 -3.4e+38 -3.4e+38 -3.4e+38 -3.4e+38 56.5271949768066 56.5954513549805 56.2898216247559 56.089672088623 55.4088745117188 55.3029289245605 55.6263160705566 55.690803527832 55.5713729858398 55.7300682067871 54.9812126159668 55.0373306274414 54.8655738830566 54.8114204406738 54.896240234375 54.6911010742188 54.3911781311035 54.3935012817383 54.4429969787598 54.399829864502 54.2060775756836 53.9441032409668 53.7895584106445
63.1711730957031 63.3481140136719 63.4883651733398 62.5267066955566 61.5706481933594 61.2791595458984 61.1388244628906 61.2919960021973 61.2636070251465 60.009521484375 59.4241027832031 59.2339668273926 59.0622825622559 59.1163635253906 59.1718597412109 58.3025817871094 57.9695930480957 57.8496284484863 57.4234008789062 57.1211090087891 -3.4e+38 -3.4e+38 -3.4e+38 -3.4e+38 -3.4e+38 -3.4e+38 56.7367515563965 56.6934814453125 56.2538757324219 56.1143836975098 55.4492111206055 55.499439239502 55.6348686218262 55.7532653808594 55.8107452392578 -3.4e+38 55.2106094360352 55.1403045654297 55.0025901794434 54.879825592041 54.9115982055664 54.7149467468262 54.450325012207 54.5046997070312 54.3985633850098 54.2766227722168 54.1275215148926 53.9674949645996 53.7945861816406
62.8736953735352 63.384635925293 64.3876953125 62.7360000610352 61.702033996582 61.342586517334 61.2324447631836 61.2499237060547 61.2868995666504 60.2777328491211 59.775562286377 59.5262031555176 59.5659828186035 59.3173904418945 59.3480606079102 58.3023452758789 58.113639831543 58.0396347045898 57.5915603637695 57.1492576599121 -3.4e+38 -3.4e+38 -3.4e+38 -3.4e+38 -3.4e+38 56.9311408996582 56.9764862060547 56.7979469299316 56.2649574279785 55.9713478088379 55.8237342834473 55.8816413879395 55.8644409179688 55.8274612426758 55.5995788574219 -3.4e+38 55.4518966674805 55.2586441040039 55.1022682189941 55.0039863586426 54.8940048217773 54.6897888183594 54.5548057556152 -3.4e+38 -3.4e+38 54.1416397094727 54.0062942504883 53.8526229858398 53.8887062072754
62.5363731384277 62.7255706787109 63.5788650512695 62.280818939209 61.5808219909668 61.4022789001465 61.542896270752 60.9444274902344 60.6366233825684 60.2939376831055 60.076171875 60.2148666381836 59.9607963562012 59.8128929138184 59.5659408569336 58.7380752563477 58.4149589538574 58.0029525756836 57.3610992431641 -3.4e+38 57.4256286621094 57.3179473876953 -3.4e+38 -3.4e+38 -3.4e+38 56.8489799499512 57.0159454345703 56.6263465881348 56.1725692749023 55.8400802612305 56.0820426940918 56.1512565612793 56.0806770324707 55.8171424865723 -3.4e+38 -3.4e+38 55.5045471191406 55.4058990478516 55.1410064697266 55.2096786499023 54.9981651306152 54.6772422790527 -3.4e+38 54.4490852355957 -3.4e+38 54.0911865234375 53.9511604309082 53.8192749023438 53.9830169677734
62.3638534545898 62.182689666748 62.2506561279297 61.969352722168 61.5427207946777 61.5806579589844 61.7617530822754 61.2340469360352 60.8941764831543 60.364933013916 60.2282257080078 60.6314506530762 59.8115196228027 60.0026245117188 60.1989288330078 59.4804458618164 58.5224571228027 58.1686630249023 57.2752571105957 57.367301940918 57.647102355957 57.4812278747559 -3.4e+38 57.0476303100586 57.0997009277344 57.1327819824219 57.5378952026367 57.561580657959 56.3804969787598 55.8593597412109 56.0539932250977 56.1927337646484 56.1342887878418 55.9899368286133 56.0846862792969 55.8029861450195 55.6694679260254 55.5422859191895 55.291919708252 55.33837890625 55.0387725830078 54.7842826843262 54.699764251709 -3.4e+38 -3.4e+38 54.3113822937012 54.0781669616699 53.979061126709 54.030029296875
62.5207824707031 62.3616714477539 62.1804237365723 62.0954780578613 61.6980628967285 61.6861343383789 61.7661094665527 61.3366317749023 60.903636932373 60.6983413696289 61.0299301147461 60.3519821166992 59.5937461853027 60.1715126037598 60.5391082763672 59.4764671325684 58.4033126831055 58.114631652832 57.6457252502441 57.6245460510254 57.7719688415527 57.6484909057617 -3.4e+38 57.628849029541 57.9364433288574 57.2557373046875 57.3799209594727 57.544017791748 56.5201301574707 56.0650405883789 56.1634750366211 56.2435188293457 56.0122680664062 56.2032775878906 56.3101577758789 55.9718246459961 55.8507118225098 55.5909194946289 55.5434761047363 55.3445663452148 55.1516418457031 54.8900871276855 54.632495880127 -3.4e+38 -3.4e+38 54.4228973388672 54.211067199707 54.1806831359863 54.0595512390137
63.0849304199219 62.7693710327148 62.2812156677246 62.0272331237793 61.7895774841309 61.7281608581543 61.9189720153809 61.2816925048828 60.9014129638672 61.5385818481445 63.3312530517578 61.0876770019531 59.6680679321289 60.3156509399414 60.193302154541 58.9222259521484 58.2141380310059 57.8384284973145 57.9784660339355 58.2234115600586 57.9730491638184 57.8688201904297 57.6391105651855 58.7474670410156 59.2866821289062 57.2875480651855 56.804500579834 56.7204933166504 -3.4e+38 56.2395782470703 56.3919219970703 56.2770347595215 56.0826835632324 56.1545333862305 56.1236953735352 56.2357063293457 56.5408935546875 56.2020721435547 55.6564598083496 55.3881187438965 55.2599143981934 54.9871673583984 54.7041091918945 54.7680206298828 54.621150970459 54.3887825012207 54.3011360168457 54.2213897705078 53.9910049438477
64.7923431396484 62.8410873413086 62.1718902587891 62.0957260131836 62.066722869873 61.882682800293 62.0757484436035 61.3657684326172 61.6222534179688 63.1511726379395 65.2325210571289 62.2388877868652 60.1204719543457 59.4218597412109 59.3689842224121 58.5730361938477 58.097900390625 58.0213813781738 58.445240020752 60.0071144104004 59.0471839904785 57.9505195617676 58.0581550598145 59.9583053588867 60.0435218811035 57.4299201965332 -3.4e+38 -3.4e+38 -3.4e+38 56.3815956115723 56.5312690734863 56.5941581726074 56.8832893371582 56.3798675537109 56.3342552185059 56.5893325805664 57.3878860473633 58.2850761413574 56.5590019226074 55.5076904296875 55.3453254699707 54.9940643310547 54.7454147338867 54.7691459655762 54.8071327209473 54.420711517334 54.2803764343262 54.2065544128418 53.9960327148438
62.8430290222168 62.7582855224609 62.6001243591309 62.6317367553711 63.0819625854492 63.2287864685059 62.6645278930664 61.471061706543 61.2184638977051 61.4494781494141 60.8708534240723 60.3503341674805 59.0291938781738 58.707836151123 58.3189964294434 58.2396202087402 58.7028350830078 58.9051628112793 59.1506004333496 61.4909934997559 61.6686706542969 58.7815704345703 59.0833587646484 63.0117111206055 63.0484237670898 59.329532623291 -3.4e+38 -3.4e+38 56.7502632141113 56.9710426330566 56.8057479858398 56.6379508972168 56.6089477539062 56.6299705505371 56.4629859924316 56.525993347168 56.5647239685059 56.777027130127 57.1386947631836 55.467155456543 55.3577117919922 54.8666305541992 54.6062545776367 54.6688804626465 54.6199378967285 54.6065635681152 54.4854774475098 54.7362937927246 54.4629364013672
62.8726348876953 63.54248046875 63.9391899108887 64.6197738647461 64.3906326293945 64.3007659912109 63.1428298950195 61.657585144043 60.2450332641602 60.1923789978027 60.3398895263672 59.7543029785156 58.9292449951172 58.6223182678223 58.405330657959 58.4906845092773 58.7860679626465 58.8657417297363 58.8541412353516 60.7214126586914 61.8032302856445 60.0469970703125 59.8742408752441 62.3455657958984 63.897590637207 60.7938346862793 -3.4e+38 56.7670059204102 56.8966217041016 57.0117263793945 57.0409812927246 56.9824447631836 57.1496467590332 56.9534797668457 56.4921035766602 56.2984657287598 56.2216911315918 56.2944641113281 56.6249198913574 55.3614158630371 55.1947479248047 54.910400390625 54.7957229614258 54.8314323425293 54.6760673522949 54.6949195861816 55.1638145446777 55.037052154541 54.5140914916992
63.4821586608887 64.738166809082 65.5644760131836 65.6493606567383 64.8627319335938 64.6773071289062 63.6714172363281 61.7893943786621 60.1908950805664 59.9154853820801 60.0045852661133 59.3888740539551 58.8358268737793 58.670295715332 58.5532836914062 58.462043762207 58.5860290527344 58.8740158081055 58.1476745605469 58.7978134155273 59.664192199707 61.3321495056152 60.7540054321289 62.4123611450195 62.9202079772949 58.8908462524414 56.9102172851562 56.8690948486328 56.9896965026855 56.7229652404785 57.1551704406738 57.089298248291 57.1198921203613 57.109317779541 57.3229026794434 56.4429626464844 -3.4e+38 55.9724464416504 56.1447448730469 55.3855323791504 55.2740592956543 55.113452911377 54.9971656799316 54.9056358337402 54.7669715881348 54.7011070251465 55.1841926574707 54.732666015625 54.2519416809082
63.9882164001465 66.5822830200195 67.6975021362305 65.9951629638672 65.0048980712891 64.393798828125 63.7430229187012 60.861930847168 60.0241851806641 59.6906661987305 59.5237312316895 59.3269653320312 59.066722869873 58.9792938232422 58.7078475952148 58.5808944702148 58.7200355529785 58.9056510925293 57.9864044189453 58.1960525512695 59.5371742248535 62.0024566650391 60.8215980529785 60.3979110717773 59.5805892944336 57.085765838623 56.9335899353027 56.9675903320312 56.7839317321777 56.6072425842285 56.9942283630371 56.9159889221191 56.7868576049805 56.9850578308105 57.80712890625 56.5349349975586 56.4122886657715 -3.4e+38 -3.4e+38 55.7165489196777 55.320182800293 55.2649002075195 55.1642761230469 55.1199226379395 55.1682739257812 54.8661918640137 54.7918319702148 54.5581665039062 54.3388519287109
64.0592498779297 66.3994522094727 66.6833038330078 66.8130569458008 64.8951110839844 63.4422836303711 62.9164123535156 60.3689270019531 60.165943145752 59.7705421447754 59.4347190856934 59.3940124511719 59.5224342346191 59.7360992431641 59.0163307189941 59.1897239685059 58.8320579528809 58.9021301269531 58.1383094787598 58.1921348571777 59.8674736022949 62.2969169616699 60.0429763793945 58.0598068237305 57.2844123840332 56.9997749328613 57.3188743591309 56.9764213562012 56.8861885070801 56.8969116210938 56.8391914367676 56.7497978210449 56.6211090087891 56.6512756347656 56.8909378051758 56.1373596191406 -3.4e+38 -3.4e+38 55.9315376281738 56.1645889282227 55.474235534668 55.3790245056152 55.3194274902344 55.2682800292969 55.4387245178223 54.8783264160156 54.7676658630371 54.6151809692383 54.5719146728516
63.6429061889648 64.2981414794922 64.5478363037109 67.4994659423828 65.2017364501953 62.7707138061523 62.0137367248535 60.439998626709 60.4489326477051 59.9574737548828 59.4757919311523 59.4366836547852 59.8078117370605 60.768180847168 61.0154418945312 61.0963706970215 59.7479629516602 59.7769889831543 58.337459564209 58.2174110412598 59.2413940429688 61.2098503112793 59.2460899353027 57.6799125671387 57.1450119018555 57.2298469543457 57.7823905944824 57.0548973083496 57.1908836364746 57.2402229309082 57.1111145019531 56.9413986206055 56.7395629882812 56.5278244018555 56.3039093017578 56.0643539428711 56.1322746276855 56.229866027832 56.0451126098633 56.0756034851074 55.5680541992188 55.6721343994141 55.5053596496582 55.2764320373535 55.2632064819336 54.7984352111816 54.7536087036133 54.7029724121094 54.611255645752
63.2502136230469 63.8030853271484 66.1314086914062 68.524787902832 66.7971954345703 63.2260665893555 61.2530326843262 60.7657814025879 60.3242797851562 59.827392578125 59.7487297058105 59.5000305175781 59.8526306152344 61.524112701416 63.5781478881836 63.4408340454102 62.2050399780273 61.9459075927734 58.7942771911621 58.4046173095703 58.5236740112305 59.1802215576172 58.446361541748 57.4751129150391 57.1469306945801 57.6648063659668 58.7846260070801 58.1317176818848 57.3380279541016 57.4274406433105 57.1923141479492 57.1707305908203 56.9136238098145 56.5779075622559 56.5573539733887 56.2876052856445 56.3775215148926 56.3600845336914 55.9907112121582 55.7480773925781 55.6314964294434 56.0413703918457 55.8183097839355 55.405590057373 55.2887001037598 54.9861030578613 54.7632827758789 54.6771087646484 54.6068077087402
