rcp4.5models/MPi_ESM_LR/sc1gr3.3
NCOLS 261 
NROWS 433 
XLLCORNER 336357.134 
YLLCORNER 654653.479 
CELLSIZE 1000 
NODATA_value -9999 
[rows 352 to 373 of 433, columns 150 to 199 of 261]
263.310625619462 266.206992863744 269.360153330066 269.216401826995 268.291855978777 267.149988788206 267.493845231854 265.814425361078 256.412878213371 250.027830776312 246.31822696004 253.342782485949 260.536732211857 260.790685546676 257.619695833848 257.363876082725 260.25691213139 261.079693651103 263.062757758103 259.448737735426 255.55962823633 257.086960100669 263.187842660952 265.92930203507 266.254194120511 266.869557446117 267.412006807843 267.632711740966 267.405010758653 267.307173047041 268.164963971818 267.669855705934 267.41120918729 267.521695804324 267.834624761868 263.874480152576 252.796602935524 253.120912682269 253.38855368752 253.590789001954 253.564213861736 253.570889033087 253.388910952262 252.704740033134 252.1231296847 251.831825539729 252.359116405587 252.0916885333 251.753807735324 251.747514828594
264.026280756548 266.520319388376 269.438550946101 269.10234377925 268.708220485343 268.207341643763 267.707409256168 266.66195753571 262.606141216452 258.266816512014 255.249971009746 259.42687496932 264.495722566276 264.414135898711 258.620704023039 251.917315170516 256.966529514553 265.581565555997 266.583830336171 262.465783843316 260.978078793479 260.704385290155 263.775581341525 266.248214424759 266.547493155015 266.699339556054 267.317782096009 267.716246620539 267.588712724365 267.752194797291 268.35306187357 268.027836325587 267.521257433647 267.476721621147 267.808096641905 265.990444748165 258.70126992065 253.278269163883 253.750708223495 253.989748356406 253.947768333831 254.009192981587 253.54382265948 253.024768542676 252.42214815438 252.238621336509 252.715840984096 252.491734603529 252.122055867953 252.167469691633
265.825637100593 268.074390722397 269.302024154236 269.105903098525 268.841532784392 268.342999335446 267.891708617857 267.253328767033 266.448254641674 265.511182545159 265.078745801958 265.362582485013 265.400590700151 265.601678818774 264.131627616287 259.460428781904 260.816960267597 265.226732712728 267.265088251948 266.654590168046 266.176454378983 265.924150415987 266.816927102294 266.62448388504 266.966280176676 266.895570483725 267.300119349974 267.588634357356 267.90319003603 268.22890753251 268.670110047483 268.191251108578 267.565659607187 267.802500411941 268.073472719933 268.331426519972 264.522933441576 253.585602275267 253.749212168959 254.057218548886 254.177589308467 254.135018716306 253.736710260636 253.278319671277 252.740768249084 252.657096849506 252.847312441961 252.576524655574 252.536403314908 252.749415222229
266.817288411534 269.577106028351 269.081835125232 268.937239272879 268.817626135024 268.469988332116 267.915933498445 267.551173623179 266.826318017263 265.235803395138 263.398583988291 262.46131167185 261.82524796014 266.113466817835 266.630669422411 266.787228040217 265.332825800091 263.842290118623 267.415719258116 265.601421080268 265.132607287167 266.042940940573 267.249728253688 267.090964849348 267.401885664247 267.341147063815 267.507237270095 267.57852909761 268.119594995787 268.444135413826 268.772408862353 267.929434053402 267.176621666483 268.221896070885 268.232418040249 268.524402986569 264.961555317953 253.940676239364 253.837730417819 253.985061230578 254.263466008538 254.081990296882 254.078940435974 253.536324620687 252.509173616341 252.021607735139 253.023811116658 252.520768389471 252.540459902175 252.896913496504
266.828461791097 269.585477034512 269.069474000037 268.512785779156 268.318200112746 268.276421218784 267.903917815648 267.403320054591 266.787401142747 264.764699758411 261.101567049614 260.436964731661 262.009885288371 265.850337329681 266.108655949714 266.903918792661 266.561070760848 265.834148143708 265.41663767201 263.473463531702 264.974232742717 265.638421757223 266.667568239148 267.640825147701 267.845169990502 267.644834502741 267.729700037477 267.744024248055 268.238382933137 268.447157032318 268.612385971625 267.866749271421 267.356871358824 268.331435064863 268.208839836924 268.622632693078 265.062495650655 254.047442211301 254.048531957203 254.281042953742 254.434999995241 254.234348670055 254.266338000554 253.600507133933 252.824431959777 252.391829447968 253.090210555362 252.528391851523 252.529490740097 252.955818103519
268.047348369187 269.283920249622 268.759794204912 268.093641311932 267.779239823023 267.578728454891 267.399947782827 267.14588461113 266.887705146601 265.727826498244 263.292178453572 263.8591304431 265.819986168262 265.274961068387 265.697551824138 266.881890640106 267.578405593792 267.522303989547 264.412879209022 262.006294929295 265.838326734653 266.522997853694 266.139825733741 266.564482376529 267.906379653089 268.006768540174 267.902673620871 267.791699651953 268.357090535427 268.47390281769 268.596039033711 268.051180647244 267.942208172026 268.399537438836 268.642972197316 268.853195751588 264.772444496378 253.824914324325 254.066333170662 254.719417038537 254.779415686107 254.651506876054 254.231981450638 253.633335534427 253.57119434048 253.173460423483 252.609389293204 252.467311447317 252.748934937877 253.069427140067
269.330672287053 268.945381654223 268.348124637556 267.899772582898 267.661182276436 267.287079290625 267.006124615431 266.968773609903 267.317405427493 267.258736506057 267.037503490757 266.792820922066 266.384289861271 265.752696197881 266.071931956985 266.642572447714 267.280900766604 267.418247981136 266.147666191536 262.761410546036 265.920832348871 267.166942735657 266.366495560845 265.457725960663 267.857866407564 268.202467449312 267.983087129797 267.824656199335 268.274200246128 268.537490345816 268.745152111333 268.16565282639 268.025028998275 268.452145241464 269.214733232992 269.254320342432 266.897748345152 259.424450041204 254.102474340975 254.539318869474 255.075544233619 255.051154801798 254.301332792201 253.845821278992 253.638698875666 253.105171510241 252.333172921483 252.51218045529 253.307340168451 253.219580451856
269.243659956868 268.81694680405 268.490219494447 268.028582676516 267.720741951522 267.613860877983 267.15677148222 266.906909554716 267.552402474412 267.108114652056 266.858858929344 266.832711262577 266.646088668543 266.291695132521 266.530201592316 266.625565332964 267.122472224138 267.317726606774 267.159867701449 265.501579449165 267.108241305004 267.271070481326 266.789002114553 266.51047781309 268.026571425092 268.172843711469 267.92158984462 267.750001610837 268.097428124491 268.611808221461 268.727618260529 268.09028681249 268.021310171781 268.584518403058 269.227783663419 269.314526743684 268.993689114638 264.733552563529 253.892089382665 254.050483807675 254.915567469173 255.116359458207 254.412780904372 253.998736953375 253.793335454347 253.507866993962 252.867073888103 252.894123372569 253.809462367492 253.676166540115
269.168315832712 268.738278759551 268.348145124442 267.774893060633 267.492157521524 267.289468340419 266.703232856129 266.634334766769 267.475099689823 267.353694988258 266.850899506959 266.35164050063 265.970365704136 265.952029471411 266.350717310069 -9999 266.977652516422 267.197484165255 -9999 268.052350772768 268.066429281027 267.896933266123 267.695843188139 267.999140362861 268.404232367985 268.832797617763 268.122353392209 268.198583660039 268.383319149496 268.734724195409 268.595250507174 268.322176225587 268.142026903502 269.005301053324 269.12528601036 269.095211266721 268.867603967751 264.861634651245 254.206677625703 254.804815304662 255.091620458819 255.194981665776 254.903466927262 254.909276348654 254.494326132716 -9999 253.486837213866 252.535056377396 252.994096626323 254.217624586696
268.884736534627 268.299893680892 268.073541248387 267.694973862407 267.542191777226 267.400371245883 267.056821478796 266.897001950584 267.433735465724 267.20056521338 266.867595097844 266.863994302876 266.202383237996 265.821253789745 266.05780969548 266.356420063696 266.519571857797 266.790181733885 267.350253218539 268.206983875632 268.273505759613 268.246289498564 267.953710113313 268.187709373136 268.959381957797 268.795444903098 268.277194664479 268.482322578427 268.502343303691 268.737379122718 268.624851073502 268.366644424104 268.067409114991 268.955849739236 269.160303074549 269.169898459843 266.896125941949 259.410659805946 254.083281152363 254.622417059132 255.097736770344 255.180534594461 254.975497622637 255.036984306177 254.371120308047 254.23017927217 254.102991223859 253.259625393215 252.98470560367 254.008911301817
268.813118967735 268.385591673715 268.217732822619 268.03231713169 267.979410795925 267.729045744249 267.414848654327 267.305827932748 267.560671426227 267.297576565478 267.018022259324 267.071803302718 266.465995517352 265.890582643121 265.848156739208 265.894533662598 266.002061798636 266.379656119991 267.167966326964 268.004255869213 268.144049529341 268.430261970605 268.244427280588 268.44473234148 268.821080017202 268.74059008755 268.642075201478 268.732076325657 268.681013713964 268.739686978032 268.476987243653 268.111114294014 267.969964832325 268.776952743871 269.036502006074 269.442289261663 267.388672920468 259.863665930462 254.395293216341 254.446019263553 255.103324592227 -9999 255.083305597289 254.899928702757 254.211078623536 254.613155836128 254.72317456933 254.313002620335 254.060829340604 254.322277802914
268.803569636508 268.54891908295 268.249522453657 268.206219465892 268.165744350183 267.70256148337 267.463416951693 267.415783774663 267.442305719123 267.428855469645 267.254979713069 266.809220421261 265.926014582224 265.568667843981 265.776045178797 265.502307691004 265.146707422614 266.199929111033 266.911582395311 267.291878385241 267.743412857413 268.269147345595 268.566284678633 268.815111644231 268.949411768015 269.011343705928 268.925969652716 268.850424152118 268.731233037378 268.861718733888 268.139050068796 267.722327446894 267.992958474023 268.667241721114 269.071882302766 267.589818611323 262.355027564233 260.548906017154 255.044241059664 254.862612052539 255.02580424886 -9999 -9999 254.991098641952 254.554602043481 254.929857962297 254.941666544623 254.501886432339 254.541263472144 254.747815526349
268.582461749612 268.251422934877 268.122084198528 268.141153911513 267.890271865214 267.677748259019 267.737458243411 267.596867315487 -9999 -9999 266.882409157744 266.268669135255 265.986827649256 265.85587075105 265.870929496453 265.220005030419 263.751493514321 264.840204658364 266.51240645878 266.557350000078 266.942683364433 267.411832157763 268.278349686661 268.694625396831 269.096587165315 269.460504956973 269.183895657137 268.958569583137 268.923293405985 269.090600741857 268.132823887486 267.803638856634 267.881592158572 268.700945406023 269.144611159431 267.572510539168 260.327052582519 255.24431718409 255.343780889835 255.175635648909 255.054473026679 255.348554233793 -9999 255.205097353279 255.020281912991 255.020153600866 255.029488566665 254.591849492569 254.691417376743 255.184339580716
268.248025749762 267.785574462387 267.888540312203 268.107734838806 267.846011607161 267.951487385708 267.960628053922 267.955560874897 267.226833449269 266.99284150564 266.535417881134 266.089226769883 266.616379844915 266.623802170586 266.328697627242 265.755576875442 263.812362935 263.613437818968 266.027062560185 266.577170390214 266.793626214875 267.098524112287 267.932885807691 268.524199630226 268.804111620299 269.077004291323 269.366922753015 269.375625313854 269.294603422301 269.249823549447 268.519267766249 268.102511453474 267.663952192552 268.522324938152 268.884143738086 269.255299689126 265.502087438241 255.172016347525 255.582028913654 255.579019644816 255.287679073507 255.3114328614 255.731137280322 255.167321892247 255.169955048039 255.282138951884 255.139734194219 255.00151246843 254.974449055846 255.328914209254
268.1180125166 267.827269458723 268.050825723454 268.080078275871 267.824121189169 268.064484283603 268.066963991462 268.068830279843 267.194698992498 266.902527147893 266.667369941016 266.521186028072 266.771560148414 266.781740093778 266.460936993456 266.156895100698 264.861575697089 264.01563678611 265.369110839875 266.843323376398 267.393872364652 267.723437924901 268.017389638833 268.388110457627 268.402444616922 268.398973825621 269.015549626144 269.4287510311 269.46487275856 269.396128303803 268.969671140132 268.310854988513 267.91987365094 268.162483191243 268.624252792421 268.981844957989 267.274510274678 260.372310704118 255.696778351002 256.022332412099 255.774169467517 255.633535247843 256.008953039164 255.472561074022 255.427558866351 255.749765357048 255.440320901225 255.206993631144 255.235911551653 255.298755795974
268.314718112684 268.008709132905 268.361039122292 268.332707966814 268.044447784337 268.318854798901 268.30840554641 267.841521964551 267.382219626603 267.060743167909 266.858150377597 267.098377865688 267.069312314762 266.550142111408 266.36397350262 266.309682422138 265.588630561118 -9999 265.102663703212 266.512940405107 267.048282964008 267.723921910335 267.917796741262 267.979942027838 267.895158485342 267.99277498487 268.409917272118 268.958685055989 269.492982151489 269.557184566692 268.751693182432 268.33900102589 268.29223670786 268.128077652252 268.628231910347 269.345465170686 267.405620634405 260.41921702219 255.888727517276 256.071851889783 256.052124460521 256.136031891081 256.118494291401 255.912764294233 255.893598177176 256.088661984242 255.742044185011 255.348609355058 255.22131029812 255.2019503961
268.385744080002 268.032185803016 268.17894035797 268.494419527272 268.573219511833 268.53464349759 268.146752448721 267.730238522427 267.688563051172 267.225300627828 266.967079009879 267.344870864727 267.094492315002 266.513220338177 266.550168090483 266.748205327863 266.245225997055 265.078394849708 263.441528646713 266.40210694303 266.657398201858 267.120955372826 267.084726414182 267.222522963519 267.38571846394 267.733575443003 268.398638724734 269.077696470302 269.473631961675 269.431859079089 268.542574175275 268.45425738234 268.560940661293 268.525734470685 268.746681269115 267.646341199961 260.654105862346 255.691969559795 256.07988150177 256.079076964126 -9999 256.143195704753 256.105494898449 255.897941007683 256.044551693367 256.219133012063 256.118932145311 255.89039937349 255.102243833517 255.310268414941
268.31184278142 267.898165588137 267.875931381753 268.263840941021 268.693666534329 268.587212477496 268.008552566369 267.824239403319 267.579781782913 267.336584930289 267.241705735732 267.371215373149 267.033633143001 266.924068151191 266.964719966939 266.831504337056 266.303717479405 265.043055334391 263.249778370326 266.621225817281 266.835120713852 266.849035189934 266.506573907788 266.64757102052 267.195745008897 267.757192781275 268.995802326673 269.355249447735 269.419868981877 269.319404009043 268.62142401953 268.736998826054 268.928141638359 268.863674628107 268.707909203126 267.35910550888 260.746444709758 255.816559617202 255.90154807234 256.107715170975 256.17149512662 256.318101824956 256.278906239316 256.557481180759 256.499752673109 256.346820106764 256.567753390004 256.126096706926 255.357946155337 255.780380081572
268.149247514736 267.57500318233 267.582241101077 267.961741677601 268.432409763804 268.739826293957 268.458400661578 268.323290467206 267.472881230342 267.285839283477 267.111003740157 267.373116846228 267.284519353304 267.29021213625 267.004801892476 266.444862827865 266.076583536428 265.840603707806 265.310268187324 266.312170846328 266.755842295243 266.819849629896 266.464431618985 266.366611272044 267.057170436576 267.678276547853 268.775191211907 268.948744129812 269.401766645202 269.243121228328 268.484464412619 269.056992555451 269.143566513911 269.027519717807 268.919119484633 269.016479043234 265.501131949831 255.516750982413 255.909701866889 256.115192768518 256.306139734931 256.80533424424 256.324174376985 257.035733275087 257.130480196484 256.857808757384 256.897022757636 255.999791031418 255.669982180845 256.210594172622
268.083292225398 267.89895567998 267.581966276474 267.5998428333 268.223351554601 268.571630237498 268.647390794146 268.617868198884 267.538253414487 267.299387696643 267.339766198882 267.664403805735 268.022811800663 267.667704033601 267.016177537461 266.500350643512 266.477865317626 266.311439426785 266.299865964232 266.222563272525 266.377353501757 267.050405395163 266.740967482554 266.722973892258 267.241448020367 267.806076430217 268.024716503646 268.741839552457 269.155858057296 269.176702293189 268.563726516563 269.195181870176 269.675915811407 269.712692282359 267.529058218266 262.518388680256 260.488274599481 255.466826798008 255.717826794976 256.068968499886 256.236145291886 256.631043997833 257.013957465852 256.782238533723 257.20206745547 257.150318897858 256.609941301081 256.316571789351 256.533216182459 256.733889444354
268.368430155019 268.019315134858 267.593708160403 267.493201801717 267.93341751785 268.361453409148 268.577991510342 268.595159523543 267.985236673025 267.723281484586 267.846126249118 267.923362260288 268.033753266742 267.568493235146 267.189793118457 266.930266194422 266.737395233246 266.595716090241 266.615011235108 266.727958645521 266.803134998968 267.206154141289 266.790619158705 266.963528489672 267.147644938834 267.624659664611 268.2528634548 269.014829878144 269.222568024799 269.209480527401 268.444618567244 268.97972181794 269.567289017981 268.078217364688 261.424719141781 256.281818467595 255.841636569818 255.431539071723 255.580557731679 255.993454175278 256.076888378398 256.307289819655 257.12309582944 257.063439035638 257.083510974134 257.161334277492 256.724806007262 256.6050371296 256.466384828885 256.944605244404
268.67113321353 268.041094662831 267.773310995418 267.521549433238 267.604985066785 268.051630018568 268.560713853162 268.581347378616 268.311077467173 268.156055548977 268.250830870833 268.131771067525 267.745924701498 267.027196908635 267.14751420007 267.08376111595 266.806544247896 266.661905219688 266.97431959871 267.340159734346 267.389785643417 267.315383614976 267.028857787144 266.873912274884 266.875210354915 267.444944237884 267.937316167829 268.717144188805 269.399646667414 269.409613699798 268.574843674727 269.036630177358 267.922128612383 261.612671626415 256.793683609691 256.457420358984 256.038735215656 255.60304723183 255.484144758746 255.856672832659 256.023075210986 256.189884359855 257.048445990566 257.008546150071 257.052580207806 257.158449559057 257.228558141748 257.078036817015 256.777689318251 257.070394311403
