rcp4.5models/MPi_ESM_LR/sc1gr5.39
NCOLS 261 
NROWS 433 
XLLCORNER 336357.134 
YLLCORNER 654653.479 
CELLSIZE 1000 
NODATA_value -3.4e+38 
[rows 66 to 87 of 433, columns 98 to 146 of 261]
287.85791015625 287.738159179688 288.533264160156 288.594818115234 288.882965087891 289.272552490234 289.608337402344 288.950866699219 288.76611328125 288.57666015625 288.774749755859 288.802062988281 288.654357910156 288.411712646484 287.822082519531 287.763275146484 288.252655029297 288.659515380859 288.674224853516 288.464111328125 287.8955078125 288.355834960938 288.103576660156 287.176116943359 287.875823974609 288.288330078125 287.859436035156 287.251708984375 287.883911132812 288.773071289062 289.410583496094 289.939819335938 290.247711181641 290.214904785156 290.253784179688 289.385406494141 287.481018066406 288.443969726562 288.515533447266 289.366943359375 289.724395751953 290.185394287109 290.563354492188 -3.4e+38 -3.4e+38 290.743469238281 290.104034423828 290.215515136719 -3.4e+38
287.739959716797 287.708190917969 288.217651367188 288.606201171875 288.591827392578 289.124786376953 289.515747070312 289.207550048828 288.836212158203 288.705200195312 288.611541748047 288.213134765625 288.178894042969 287.987976074219 287.75341796875 288.10107421875 288.545227050781 288.561096191406 288.265777587891 287.037353515625 287.260437011719 287.759460449219 287.604309082031 287.445709228516 287.972961425781 288.192962646484 287.966613769531 287.890747070312 288.972930908203 289.938995361328 289.976776123047 290.153900146484 290.531127929688 290.170532226562 290.0849609375 289.373687744141 287.913391113281 288.680541992188 289.232208251953 289.717712402344 290.006622314453 290.190338134766 290.292419433594 290.078338623047 -3.4e+38 -3.4e+38 290.056274414062 290.100341796875 -3.4e+38
287.771942138672 287.9794921875 287.915679931641 288.794006347656 288.677612304688 289.297027587891 289.321624755859 288.565093994141 288.620819091797 288.278991699219 287.99462890625 287.601806640625 287.551452636719 287.293975830078 287.400482177734 287.821868896484 288.175506591797 287.650543212891 287.265319824219 287.117462158203 288.287811279297 288.270172119141 288.389099121094 288.802673339844 289.154052734375 289.149932861328 289.209197998047 289.59423828125 289.277374267578 289.975830078125 290.180328369141 290.236785888672 290.173370361328 290.083679199219 289.240753173828 288.901123046875 287.979431152344 288.401916503906 288.667175292969 288.898010253906 289.269958496094 289.23583984375 289.325714111328 289.759826660156 290.106689453125 -3.4e+38 290.130004882812 290.022521972656 290.350524902344
287.806762695312 287.848846435547 287.662322998047 288.678619384766 288.655303955078 289.172058105469 289.164733886719 288.537902832031 288.639495849609 288.188659667969 287.807373046875 287.733337402344 287.684143066406 287.405670166016 287.054382324219 287.758514404297 287.770935058594 287.456817626953 287.433654785156 287.895141601562 288.431274414062 288.761047363281 288.844268798828 289.173889160156 -3.4e+38 289.155578613281 289.684783935547 289.835662841797 289.580108642578 289.889984130859 290.208099365234 290.168090820312 290.140167236328 290.025970458984 289.276611328125 288.279296875 287.163299560547 287.747375488281 288.254364013672 288.463165283203 288.771148681641 289.175659179688 289.516693115234 290.080932617188 290.021911621094 289.828277587891 290.013214111328 289.974334716797 290.313934326172
287.787384033203 287.782409667969 287.734222412109 288.309112548828 288.597076416016 288.601837158203 289.040618896484 288.583435058594 288.688323974609 288.273284912109 287.859405517578 287.841949462891 287.827362060547 287.808197021484 287.410675048828 287.622009277344 287.527618408203 287.436157226562 287.687744140625 288.426574707031 289.073822021484 289.263214111328 -3.4e+38 -3.4e+38 288.865936279297 289.108917236328 289.750762939453 289.894226074219 289.771911621094 289.803558349609 290.092926025391 289.99755859375 289.768981933594 289.889038085938 289.315155029297 288.249938964844 287.013702392578 287.447052001953 287.820983886719 287.871002197266 288.339233398438 288.803497314453 289.4501953125 289.915283203125 289.987091064453 289.534576416016 290.049163818359 289.861907958984 -3.4e+38
287.669250488281 287.769226074219 287.779846191406 288.406829833984 288.369659423828 288.387390136719 288.855773925781 288.847473144531 288.581512451172 288.342041015625 288.137023925781 287.898834228516 287.627288818359 287.802032470703 287.631042480469 287.550628662109 287.516815185547 287.502685546875 288.026519775391 288.66357421875 289.323120117188 288.851898193359 289.254058837891 288.645172119141 288.444305419922 289.158569335938 289.262969970703 289.547302246094 289.524932861328 289.877990722656 290.03955078125 289.634399414062 289.393890380859 289.171936035156 288.880157470703 287.98291015625 287.279876708984 286.97900390625 287.306945800781 287.588287353516 288.341918945312 288.558532714844 289.336517333984 -3.4e+38 289.841918945312 289.3388671875 289.651489257812 289.411407470703 -3.4e+38
287.691711425781 287.664733886719 287.977813720703 288.564544677734 288.441650390625 288.417907714844 288.742706298828 288.993255615234 288.480224609375 288.038696289062 288.095642089844 287.863891601562 287.739288330078 287.427093505859 287.455932617188 287.46923828125 287.79248046875 288.310882568359 288.364532470703 288.620422363281 288.725372314453 288.402587890625 288.572998046875 288.284942626953 288.313507080078 288.958770751953 289.124603271484 289.280426025391 289.358764648438 289.893646240234 289.914855957031 289.545959472656 288.871215820312 288.300964355469 288.458404541016 287.648284912109 287.475280761719 287.126220703125 287.046783447266 287.620727539062 288.303833007812 288.68798828125 289.748870849609 289.47802734375 289.37744140625 289.086212158203 289.249694824219 288.970092773438 289.716094970703
287.714050292969 287.385498046875 287.877319335938 288.631164550781 288.243225097656 288.401611328125 288.699584960938 288.669586181641 288.294219970703 288.231475830078 288.055023193359 287.778564453125 287.602600097656 287.363189697266 287.036926269531 287.581939697266 287.771789550781 288.143615722656 288.548797607422 288.509429931641 288.013000488281 287.71142578125 288.125640869141 288.021118164062 288.291351318359 288.619659423828 289.147338867188 289.199279785156 289.40966796875 289.754699707031 289.641998291016 289.088195800781 288.153289794922 287.853546142578 288.083099365234 287.620819091797 287.633178710938 287.681457519531 287.048492431641 287.681030273438 288.141571044922 289.127990722656 289.53564453125 288.676177978516 288.750061035156 288.833221435547 288.895751953125 289.255065917969 289.720703125
287.399169921875 287.442779541016 287.649230957031 288.352905273438 287.95263671875 288.279327392578 288.579559326172 288.587951660156 288.37890625 288.433898925781 287.978881835938 287.566650390625 287.529266357422 287.434112548828 286.814086914062 287.669403076172 287.656799316406 287.837341308594 288.560607910156 288.275787353516 287.678863525391 287.220245361328 287.500671386719 287.403228759766 287.727264404297 288.345031738281 288.768768310547 289.040557861328 289.301696777344 289.372375488281 289.266296386719 288.759063720703 287.975524902344 287.9072265625 287.987243652344 288.072692871094 288.260711669922 288.2333984375 287.72119140625 288.717620849609 288.828643798828 289.214752197266 288.712371826172 288.24755859375 288.33251953125 288.585998535156 288.989166259766 289.827758789062 289.976623535156
287.221221923828 287.525695800781 287.447662353516 287.966400146484 287.866333007812 288.104736328125 288.530395507812 288.857452392578 288.748321533203 288.305603027344 287.820678710938 287.619995117188 287.471405029297 287.424957275391 287.355834960938 287.756164550781 287.738464355469 287.877716064453 288.512725830078 288.051452636719 287.606994628906 287.117309570312 286.911468505859 286.967224121094 287.478607177734 287.844512939453 288.708709716797 289.042907714844 289.197204589844 289.140502929688 289.007232666016 288.7373046875 287.940612792969 288.037841796875 288.604614257812 288.771026611328 288.789947509766 288.996429443359 288.86279296875 -3.4e+38 288.724914550781 288.530181884766 288.212280273438 288.260467529297 288.758331298828 289.060821533203 289.4033203125 -3.4e+38 -3.4e+38
286.868347167969 287.012115478516 287.448547363281 287.853210449219 288.037994384766 288.022796630859 288.419097900391 288.834411621094 288.533660888672 288.434783935547 287.947418212891 287.730102539062 287.611145019531 287.697326660156 287.306549072266 287.713287353516 287.750854492188 287.588470458984 287.869079589844 287.950561523438 287.415893554688 287.081756591797 286.750061035156 286.697540283203 287.057312011719 287.340942382812 288.295806884766 288.981781005859 289.099609375 289.113403320312 288.86376953125 288.385162353516 287.898040771484 288.229339599609 289.038879394531 288.979156494141 288.97802734375 288.838165283203 288.892364501953 288.475219726562 288.235321044922 288.355041503906 288.722869873047 288.816619873047 289.713470458984 289.802734375 -3.4e+38 -3.4e+38 -3.4e+38
286.970306396484 286.789611816406 287.078430175781 287.933898925781 288.052154541016 288.2109375 288.541412353516 288.851989746094 288.4423828125 288.050415039062 287.854919433594 287.737823486328 287.819000244141 287.782318115234 287.163269042969 287.704620361328 287.55224609375 287.489471435547 287.436920166016 287.754577636719 287.405670166016 287.268646240234 286.895751953125 286.623596191406 286.990447998047 287.106048583984 288.123260498047 288.533782958984 288.847503662109 288.979675292969 288.636108398438 288.135131835938 287.829345703125 288.198394775391 288.368133544922 288.229949951172 288.447357177734 287.964050292969 288.386169433594 288.392272949219 288.396575927734 289.073883056641 289.693725585938 289.67919921875 290.03857421875 -3.4e+38 290.045440673828 290.056854248047 -3.4e+38
287.214172363281 286.7255859375 287.045196533203 287.974792480469 288.085113525391 288.287384033203 288.315887451172 288.481414794922 288.138153076172 287.83447265625 287.725708007812 287.727478027344 287.833709716797 287.524810791016 286.721130371094 287.484344482422 287.529235839844 287.011077880859 287.490692138672 287.665649414062 287.577026367188 287.005737304688 286.817596435547 286.622985839844 287.119873046875 287.401153564453 288.12939453125 288.626281738281 288.776092529297 288.822509765625 288.53759765625 287.769500732422 287.321228027344 287.832489013672 287.366516113281 287.251800537109 287.927276611328 287.10498046875 288.450347900391 288.606018066406 288.910430908203 289.45458984375 290.054351806641 290.014404296875 289.974761962891 289.935485839844 289.896636962891 289.793487548828 289.486145019531
287.16748046875 286.948638916016 287.040405273438 288.049163818359 288.016693115234 288.146759033203 287.992401123047 288.026336669922 287.913513183594 287.976409912109 287.81201171875 287.802276611328 287.825317382812 287.643707275391 286.736907958984 287.044982910156 286.948791503906 286.600891113281 287.076202392578 287.565673828125 287.620422363281 287.164215087891 286.652618408203 286.868347167969 287.176635742188 287.71630859375 288.479675292969 288.456726074219 288.484283447266 288.439178466797 288.595092773438 287.789245605469 286.994659423828 287.225463867188 287.044799804688 287.253265380859 287.008056640625 286.807861328125 288.474456787109 288.721130371094 289.372039794922 289.896179199219 290.065521240234 290.053619384766 289.888793945312 289.899658203125 289.71337890625 289.285400390625 288.823394775391
287.305633544922 287.045196533203 286.587280273438 286.857727050781 286.871612548828 287.652923583984 287.909851074219 287.737731933594 287.965728759766 287.915130615234 287.875213623047 287.640716552734 287.506286621094 287.380432128906 286.788513183594 286.653411865234 286.614044189453 286.5654296875 286.946746826172 286.983764648438 287.190338134766 286.819885253906 286.732238769531 287.194122314453 287.428375244141 287.664398193359 287.665161132812 287.527282714844 287.44384765625 288.150024414062 287.992767333984 287.752838134766 287.531829833984 287.466583251953 287.743865966797 288.196929931641 288.294158935547 288.630340576172 289.027557373047 289.417999267578 289.796295166016 289.907836914062 289.811889648438 289.100372314453 289.115447998047 289.326080322266 289.207916259766 288.747863769531 288.438323974609
287.374481201172 287.236328125 286.776672363281 286.730041503906 286.858489990234 287.2841796875 287.832763671875 287.913024902344 287.995635986328 287.822418212891 287.708374023438 287.636627197266 287.623779296875 287.562164306641 286.977996826172 286.610656738281 286.651489257812 286.575622558594 287.122039794922 287.139495849609 287.300872802734 287.014892578125 286.589904785156 287.087249755859 287.350006103516 287.359954833984 287.247314453125 287.366363525391 287.731292724609 287.970397949219 287.659515380859 287.477569580078 287.945648193359 288.330810546875 288.360534667969 288.589111328125 288.6484375 289.501770019531 289.332244873047 289.361572265625 289.533630371094 289.381774902344 289.157012939453 288.987976074219 289.225891113281 289.327270507812 289.303253173828 288.795623779297 288.510375976562
287.709289550781 287.155364990234 287.072509765625 286.926055908203 287.078002929688 287.150756835938 287.420532226562 287.921752929688 288.002105712891 287.206024169922 287.369476318359 287.709259033203 287.620483398438 287.724060058594 287.206268310547 286.509429931641 286.456970214844 286.514831542969 286.890258789062 287.301055908203 286.791564941406 287.397796630859 287.040374755859 286.77001953125 286.858459472656 286.846466064453 287.413391113281 287.727264404297 287.908630371094 287.865509033203 287.761871337891 287.626892089844 287.938934326172 288.34521484375 288.781372070312 288.804870605469 289.121429443359 -3.4e+38 289.187469482422 288.840484619141 289.180358886719 288.778656005859 288.817504882812 288.563537597656 289.310852050781 289.359832763672 288.965881347656 288.583801269531 288.556427001953
287.935394287109 287.635803222656 287.377471923828 287.084869384766 286.782867431641 287.062927246094 287.070068359375 287.247741699219 287.646728515625 287.063659667969 287.546569824219 287.654205322266 287.601684570312 287.715942382812 287.372100830078 286.822875976562 286.855743408203 286.454559326172 286.575500488281 286.970092773438 286.406921386719 287.038116455078 287.161407470703 286.699981689453 287.154998779297 287.036773681641 287.489776611328 288.011016845703 287.911804199219 287.96923828125 287.986511230469 288.047119140625 288.269134521484 287.919403076172 288.835357666016 288.923248291016 289.443176269531 -3.4e+38 288.898620605469 288.559906005859 288.712371826172 288.387268066406 288.779693603516 288.917327880859 289.260040283203 289.222351074219 288.969940185547 288.588287353516 288.134857177734
287.987640380859 287.866577148438 287.560180664062 287.124786376953 286.879821777344 287.536773681641 286.851013183594 286.719421386719 286.987609863281 287.425079345703 287.466888427734 287.591552734375 287.660247802734 287.611694335938 287.419738769531 286.850250244141 286.656036376953 286.514007568359 286.473876953125 286.780151367188 286.26123046875 286.389129638672 286.610168457031 286.631591796875 286.936492919922 287.350311279297 287.341644287109 287.640960693359 287.927581787109 288.088989257812 288.068359375 288.537750244141 288.834594726562 288.509307861328 288.863189697266 288.997192382812 289.067565917969 288.994262695312 288.736907958984 288.470672607422 288.347564697266 288.427734375 288.974212646484 289.271484375 289.209411621094 289.098175048828 288.944244384766 288.407745361328 287.719360351562
287.976654052734 288.014129638672 287.926940917969 287.656158447266 287.559173583984 287.117248535156 286.172515869141 286.341644287109 286.74560546875 287.06591796875 287.097717285156 287.579498291016 287.675079345703 287.4287109375 287.451812744141 286.559967041016 286.343841552734 286.216888427734 286.542358398438 286.766571044922 286.258850097656 286.158325195312 285.879119873047 286.453552246094 286.433959960938 286.83544921875 287.192169189453 287.798431396484 288.068206787109 288.085388183594 288.201995849609 288.501098632812 288.949798583984 288.605133056641 288.915252685547 288.877746582031 288.747741699219 288.7470703125 288.709930419922 288.375579833984 288.22509765625 288.413879394531 288.859436035156 288.624633789062 288.74267578125 288.800994873047 288.739379882812 287.952087402344 287.713500976562
287.209655761719 287.331237792969 288.005218505859 287.875213623047 287.163604736328 286.742553710938 286.430786132812 285.986785888672 286.802398681641 -3.4e+38 286.851043701172 287.352661132812 287.492492675781 287.516021728516 287.375915527344 287.009399414062 286.619323730469 286.058807373047 286.446624755859 286.499664306641 286.257720947266 285.903564453125 285.578155517578 285.978820800781 286.432434082031 286.385986328125 287.073547363281 287.834869384766 288.167266845703 288.122436523438 288.262237548828 288.351379394531 288.846893310547 288.21826171875 288.770782470703 288.589630126953 287.931274414062 287.939178466797 288.220306396484 288.311859130859 288.296905517578 288.301116943359 288.308746337891 288.022094726562 288.082122802734 288.248016357422 288.630340576172 287.845062255859 287.881561279297
286.864807128906 286.957641601562 287.926055908203 287.714111328125 286.720458984375 286.493835449219 286.875579833984 285.781463623047 286.204864501953 286.570526123047 286.9296875 287.102294921875 287.248077392578 287.324462890625 287.181396484375 287.186889648438 286.905303955078 286.375762939453 286.546051025391 286.518188476562 286.361694335938 285.645843505859 285.577453613281 285.680450439453 285.918273925781 285.962799072266 287.230041503906 287.400756835938 287.741363525391 288.081176757812 288.260559082031 288.272369384766 288.284149169922 287.92919921875 288.827697753906 288.537811279297 287.418029785156 287.346710205078 287.582550048828 287.992889404297 288.182403564453 288.227294921875 288.1484375 287.886932373047 287.832214355469 288.110260009766 288.321044921875 287.770111083984 288.206146240234
