rcp4.5models/MPi_ESM_LR/sc1gr8.18
NCOLS 261 
NROWS 433 
XLLCORNER 336357.134 
YLLCORNER 654653.479 
CELLSIZE 1000 
NODATA_value -3.4e+38 
[rows 352 to 373 of 433, columns 49 to 97 of 261]
298.390350341797 299.486968994141 301.594268798828 304.565277099609 307.845855712891 311.105255126953 314.118743896484 320.996704101562 324.313446044922 328.272705078125 332.046875 335.163726806641 339.192047119141 342.84375 345.964874267578 350.001586914062 353.267150878906 356.001068115234 361.875183105469 362.148956298828 363.646148681641 366.141845703125 367.798797607422 369.643096923828 371.377685546875 376.832000732422 377.4287109375 379.457946777344 384.188323974609 387.395294189453 390.762725830078 395.943176269531 399.622955322266 401.458251953125 402.652923583984 402.531890869141 397.739349365234 397.667907714844 398.942443847656 400.677062988281 400.18994140625 402.230743408203 396.261932373047 394.834594726562 394.489471435547 393.911224365234 391.853851318359 394.060943603516 399.561462402344
299.643402099609 301.494995117188 303.519317626953 306.788757324219 310.447174072266 312.9794921875 315.805023193359 323.647155761719 327.296020507812 330.771728515625 334.116119384766 337.9599609375 341.577087402344 345.006011962891 348.993438720703 353.484466552734 356.380828857422 358.482421875 364.347686767578 364.289215087891 366.999359130859 369.362518310547 372.564788818359 373.983032226562 374.086578369141 376.993804931641 379.647430419922 380.224731445312 381.797027587891 393.321899414062 397.180755615234 400.288909912109 401.991668701172 406.117919921875 408.569152832031 408.679992675781 407.142913818359 403.428497314453 401.322235107422 406.900939941406 407.647155761719 409.143463134766 406.780944824219 400.614807128906 402.065979003906 403.581512451172 399.184509277344 397.164825439453 404.059295654297
301.553619384766 303.604766845703 305.635192871094 308.361114501953 312.132598876953 315.091125488281 318.463348388672 325.739593505859 329.269592285156 332.653930664062 336.020874023438 340.097473144531 343.890747070312 346.989776611328 351.744659423828 355.964416503906 359.199920654297 361.201934814453 367.530395507812 368.651306152344 370.627960205078 372.992950439453 375.795257568359 379.765014648438 381.264831542969 381.28564453125 382.160095214844 384.701385498047 386.562622070312 399.438232421875 405.326995849609 404.044860839844 404.601348876953 410.574462890625 414.165100097656 414.179412841797 414.756927490234 413.641510009766 409.455627441406 411.755615234375 415.557098388672 411.344543457031 415.89111328125 409.905059814453 405.246551513672 411.339935302734 411.043518066406 404.549621582031 408.753875732422
304.219573974609 306.259826660156 308.201263427734 310.447601318359 314.445068359375 317.809722900391 320.440093994141 327.541473388672 331.169616699219 335.268707275391 338.493011474609 342.377990722656 346.849700927734 349.644470214844 353.534149169922 357.949279785156 362.171997070312 364.544799804688 372.884002685547 373.606964111328 373.116455078125 376.393615722656 377.716186523438 382.269927978516 385.681396484375 384.854431152344 384.525787353516 388.508728027344 390.638031005859 397.686920166016 407.056060791016 405.739807128906 403.742309570312 410.603881835938 413.870727539062 416.209320068359 420.502471923828 421.582458496094 419.676544189453 417.109466552734 420.841217041016 415.209259033203 416.965637207031 419.577270507812 414.790130615234 418.623779296875 424.205596923828 419.884704589844 417.574249267578
305.536346435547 307.486785888672 310.337677001953 313.070159912109 315.997650146484 320.185577392578 324.385498046875 329.955749511719 333.885070800781 338.395141601562 342.928924560547 345.318481445312 349.487884521484 353.216064453125 356.526153564453 362.268981933594 365.57763671875 367.905853271484 377.116516113281 377.093139648438 376.078125 382.077362060547 386.656219482422 387.687896728516 387.352203369141 389.324554443359 389.722229003906 390.942626953125 393.626800537109 398.418640136719 406.684356689453 412.177734375 413.526550292969 417.489624023438 418.464691162109 418.655792236328 424.4609375 427.881042480469 428.707885742188 423.827392578125 421.970947265625 424.992553710938 421.305450439453 426.49755859375 428.608825683594 429.518646240234 433.141418457031 433.223052978516 429.034057617188
306.759704589844 308.986328125 312.043579101562 315.417785644531 318.033966064453 322.556793212891 328.147979736328 332.140563964844 336.708251953125 340.594665527344 344.984741210938 347.469543457031 351.363128662109 359.469818115234 362.486419677734 365.723083496094 370.550079345703 371.787841796875 379.378082275391 381.171966552734 382.221130371094 384.79052734375 395.383026123047 396.258850097656 391.953765869141 399.267791748047 398.332000732422 394.241027832031 396.503082275391 400.783630371094 411.970855712891 423.506652832031 427.335998535156 429.623809814453 428.445892333984 427.303588867188 430.379119873047 433.783874511719 435.941497802734 434.050872802734 431.283355712891 433.821746826172 431.542572021484 430.314239501953 434.718170166016 438.028137207031 437.786346435547 438.184844970703 437.613983154297
307.453674316406 311.165679931641 314.374664306641 318.274719238281 320.197692871094 323.795227050781 329.286468505859 335.008209228516 338.98779296875 342.536560058594 345.767456054688 351.899871826172 357.103790283203 362.129943847656 369.664459228516 373.83349609375 377.879669189453 379.949096679688 383.3642578125 382.358795166016 388.585632324219 389.161376953125 400.012847900391 400.034088134766 397.323455810547 405.700653076172 402.992218017578 398.644165039062 400.209442138672 404.145568847656 412.219177246094 427.073760986328 434.957275390625 436.355651855469 436.451354980469 436.804565429688 437.962249755859 440.131805419922 442.308807373047 442.933074951172 442.082092285156 441.374481201172 440.21875 436.132904052734 437.020874023438 441.823181152344 441.969421386719 441.215545654297 443.808746337891
309.141540527344 313.601013183594 316.989074707031 319.767425537109 323.160736083984 326.401123046875 332.554962158203 338.168212890625 341.316802978516 344.149780273438 347.697448730469 359.015930175781 368.749145507812 365.558441162109 373.908447265625 383.166656494141 385.062286376953 386.810150146484 382.912536621094 382.431365966797 388.265167236328 391.411102294922 396.776641845703 398.347839355469 399.848175048828 409.928375244141 414.206146240234 407.698699951172 404.415313720703 408.142547607422 410.515655517578 424.53857421875 438.371337890625 441.779205322266 443.363189697266 444.702178955078 443.8046875 445.230682373047 447.395080566406 448.540435791016 449.068115234375 448.335418701172 448.736206054688 447.447662353516 445.071716308594 445.823577880859 447.690246582031 447.204925537109 447.305450439453
312.653015136719 316.444519042969 319.350280761719 322.679321289062 327.265899658203 331.092559814453 334.661346435547 340.358184814453 345.154296875 353.487884521484 363.256774902344 370.35986328125 375.544860839844 378.185699462891 382.173645019531 391.386077880859 395.480407714844 394.625427246094 399.561828613281 395.218383789062 395.021575927734 397.503387451172 406.491485595703 408.678955078125 417.133666992188 424.025695800781 425.203186035156 423.844329833984 418.144104003906 420.757843017578 421.101776123047 426.907684326172 439.114105224609 446.928405761719 447.061096191406 452.369842529297 457.128784179688 457.755279541016 459.892944335938 461.461059570312 462.662780761719 464.406707763672 465.231018066406 464.994018554688 465.698150634766 465.7353515625 463.643005371094 462.386566162109 462.685638427734
313.689605712891 317.439178466797 321.195343017578 324.756866455078 329.699920654297 333.49853515625 337.219085693359 342.696258544922 347.429565429688 353.865295410156 364.801849365234 373.480560302734 377.127227783203 379.353546142578 387.632629394531 388.093963623047 389.574096679688 400.064880371094 402.142547607422 401.168884277344 399.057464599609 401.570922851562 409.707489013672 411.518737792969 419.030334472656 423.438812255859 427.335510253906 432.407043457031 424.933898925781 424.171203613281 425.797027587891 427.998565673828 433.283081054688 444.832336425781 452.221130371094 456.694915771484 463.593353271484 466.045776367188 466.934692382812 467.916290283203 468.533325195312 471.30078125 472.282440185547 472.232177734375 472.766632080078 472.955657958984 471.671997070312 471.113647460938 469.770111083984
317.52392578125 319.341278076172 322.730682373047 326.963836669922 331.083648681641 334.751831054688 338.629791259766 345.238372802734 349.938171386719 355.564239501953 364.766143798828 374.976196289062 384.720611572266 387.291381835938 391.907287597656 388.478485107422 389.256530761719 399.05517578125 398.001007080078 401.395660400391 402.153869628906 404.204376220703 408.173126220703 414.191589355469 417.984466552734 422.034057617188 432.480621337891 435.810760498047 431.136840820312 427.188140869141 431.811859130859 431.922515869141 432.306365966797 445.278198242188 459.172088623047 464.940826416016 469.571472167969 472.359191894531 473.248687744141 474.677001953125 475.980926513672 477.506042480469 478.494598388672 478.994079589844 479.555389404297 479.572875976562 478.936492919922 479.393890380859 479.437103271484
-3.4e+38 321.908905029297 324.495452880859 327.817352294922 330.772491455078 335.210632324219 340.369354248047 347.913879394531 353.366363525391 360.110443115234 366.080322265625 375.758483886719 388.567535400391 394.847717285156 395.621917724609 394.273345947266 393.801239013672 398.569488525391 398.947998046875 399.993286132812 403.581207275391 406.280700683594 413.473022460938 422.266632080078 421.549346923828 426.611114501953 439.212585449219 435.963012695312 432.348266601562 429.190979003906 435.261901855469 440.057495117188 439.648406982422 443.405548095703 452.544799804688 464.654571533203 472.918914794922 476.769897460938 479.476043701172 481.092254638672 482.985534667969 483.035186767578 484.476806640625 485.882873535156 486.324584960938 486.092071533203 485.140197753906 485.477294921875 486.554473876953
-3.4e+38 324.457733154297 327.011413574219 329.590148925781 332.19189453125 337.003875732422 342.624877929688 350.884674072266 355.285552978516 363.953247070312 370.542999267578 381.073059082031 388.144378662109 394.163696289062 393.839630126953 397.740295410156 395.187225341797 400.044281005859 405.105285644531 404.948394775391 407.954772949219 409.515777587891 417.280181884766 427.364227294922 429.392150878906 435.033447265625 443.915313720703 437.026763916016 432.004547119141 435.738891601562 436.730987548828 444.085968017578 445.665802001953 444.285736083984 455.389526367188 465.147583007812 471.006866455078 479.086029052734 484.180572509766 486.694549560547 488.82958984375 488.746337890625 489.716278076172 491.31884765625 491.94140625 492.683288574219 492.9013671875 493.216003417969 493.651306152344
-3.4e+38 326.557586669922 329.993316650391 332.651611328125 335.199371337891 338.744537353516 343.725067138672 353.765106201172 358.824645996094 364.606872558594 372.867706298828 386.456451416016 392.404266357422 389.556488037109 386.929992675781 392.453918457031 394.795654296875 401.812713623047 405.356994628906 407.99462890625 411.284149169922 418.526763916016 420.660430908203 422.929840087891 428.928039550781 442.484497070312 450.103729248047 443.121520996094 437.132690429688 449.670013427734 446.495422363281 446.314575195312 451.9013671875 451.47509765625 461.085754394531 473.050323486328 478.184997558594 483.512023925781 488.505889892578 492.238922119141 494.526489257812 495.509796142578 496.028564453125 496.651641845703 497.811798095703 499.474182128906 500.456726074219 500.590026855469 500.625762939453
-3.4e+38 -3.4e+38 331.280456542969 333.957153320312 337.598419189453 341.164672851562 345.725738525391 355.359649658203 361.710388183594 367.100189208984 372.644012451172 381.171234130859 389.440093994141 389.482025146484 387.241760253906 390.198699951172 395.875854492188 401.400543212891 407.130554199219 411.526062011719 413.920806884766 423.473266601562 424.310150146484 423.508666992188 432.196533203125 440.623809814453 447.476959228516 448.002471923828 444.108154296875 450.966461181641 450.601470947266 449.586700439453 457.690582275391 462.596557617188 462.849304199219 477.315612792969 490.080383300781 487.484283447266 491.726257324219 499.596008300781 501.661224365234 502.590026855469 503.963500976562 503.254547119141 503.234710693359 505.1884765625 506.549041748047 506.737609863281 506.888549804688
-3.4e+38 -3.4e+38 333.393432617188 336.291381835938 339.938873291016 344.064758300781 348.171081542969 356.744781494141 363.009490966797 368.772308349609 374.693420410156 379.389984130859 384.509094238281 388.867218017578 390.050933837891 393.235321044922 398.026550292969 402.177368164062 414.862854003906 423.568756103516 423.98828125 427.79833984375 432.977264404297 431.204986572266 442.896789550781 447.539184570312 451.124176025391 457.89990234375 452.001953125 448.060638427734 450.547119140625 452.600677490234 458.945953369141 466.976104736328 470.133850097656 480.154174804688 494.468109130859 497.135314941406 499.924255371094 506.218109130859 509.149230957031 509.055297851562 511.266021728516 511.037506103516 510.415374755859 511.596221923828 512.559387207031 512.543273925781 513.044860839844
-3.4e+38 -3.4e+38 337.509155273438 339.665283203125 343.546722412109 346.206787109375 349.207183837891 359.973480224609 366.177001953125 370.065399169922 376.260223388672 382.341491699219 385.28271484375 389.319641113281 392.691619873047 397.0380859375 400.809020996094 403.872375488281 422.015167236328 434.140106201172 436.739501953125 439.598876953125 445.798919677734 438.822418212891 446.504455566406 456.682464599609 458.27490234375 465.574920654297 462.181213378906 452.86669921875 455.315765380859 457.482177734375 461.024719238281 470.30029296875 485.267883300781 495.284729003906 501.640197753906 506.455627441406 509.13720703125 511.493255615234 515.143798828125 516.048217773438 517.797607421875 517.960144042969 518.148864746094 519.0927734375 518.622680664062 518.7119140625 520.385864257812
-3.4e+38 -3.4e+38 339.446472167969 343.680023193359 345.738433837891 348.173370361328 351.122039794922 362.624877929688 368.630065917969 373.139099121094 377.652770996094 391.66455078125 392.499450683594 391.011047363281 395.208282470703 402.336608886719 406.42919921875 408.297241210938 425.554107666016 441.093597412109 446.032196044922 448.571319580078 452.696411132812 449.823028564453 450.222229003906 460.910491943359 464.783996582031 469.810882568359 475.733337402344 460.995086669922 460.543579101562 462.905426025391 464.664154052734 476.588165283203 494.518676757812 504.761688232422 507.010223388672 509.382995605469 514.893798828125 516.928833007812 519.205810546875 523.991027832031 523.740234375 524.314636230469 525.888366699219 527.804016113281 527.133850097656 525.351684570312 525.583190917969
-3.4e+38 -3.4e+38 341.945892333984 346.445037841797 348.295623779297 351.148498535156 354.844207763672 364.987121582031 370.908477783203 376.305236816406 381.236114501953 391.167236328125 394.1259765625 394.067993164062 398.018524169922 405.085388183594 411.889190673828 415.797180175781 424.353485107422 439.747497558594 451.425567626953 455.925689697266 453.170623779297 451.657806396484 453.278961181641 460.943725585938 463.189636230469 471.393951416016 486.734771728516 473.614440917969 465.275207519531 468.891143798828 469.549468994141 482.984283447266 498.019561767578 504.829772949219 510.491577148438 514.9951171875 518.920043945312 521.189514160156 523.5263671875 529.403747558594 530.4775390625 532.986755371094 534.622314453125 535.398010253906 536.262756347656 533.061218261719 530.802429199219
-3.4e+38 -3.4e+38 350.502197265625 352.593383789062 355.648376464844 359.152984619141 363.759765625 371.981903076172 377.785522460938 382.721466064453 387.046661376953 391.520660400391 398.024963378906 402.711151123047 405.379058837891 410.302124023438 414.013946533203 419.895385742188 426.989013671875 434.528045654297 440.793121337891 447.728393554688 454.551696777344 465.912506103516 472.433166503906 461.429870605469 454.9365234375 471.188018798828 490.166320800781 497.092132568359 483.490844726562 480.477661132812 481.943511962891 485.252319335938 497.933959960938 508.316253662109 514.841430664062 519.136779785156 522.514099121094 526.511413574219 530.6572265625 540.599853515625 547.739013671875 549.633666992188 550.171936035156 550.899475097656 548.105224609375 550.107727050781 552.512512207031
-3.4e+38 351.749298095703 353.824859619141 356.679382324219 359.716857910156 363.992980957031 369.578338623047 376.084625244141 381.894165039062 387.294616699219 391.677185058594 395.036315917969 401.788482666016 405.445953369141 409.643829345703 414.288024902344 417.236389160156 421.969329833984 437.579620361328 442.976989746094 442.243041992188 446.024444580078 460.200653076172 468.881988525391 467.971649169922 462.622131347656 460.716491699219 476.252410888672 494.814880371094 511.582489013672 504.019744873047 494.804656982422 490.235229492188 493.912445068359 502.314025878906 508.980041503906 516.185302734375 522.35009765625 524.229553222656 525.800476074219 529.512817382812 546.550537109375 551.722045898438 555.132385253906 554.94384765625 558.603210449219 557.960876464844 555.001220703125 557.2373046875
-3.4e+38 356.141967773438 358.219268798828 361.206726074219 364.220916748047 368.041198730469 373.379730224609 380.227569580078 386.451293945312 391.797241210938 395.100494384766 397.768157958984 403.531616210938 406.589660644531 411.567413330078 417.489959716797 425.055511474609 428.042236328125 446.467193603516 457.361389160156 461.2646484375 460.370147705078 463.703796386719 467.72314453125 463.464813232422 461.995788574219 465.569305419922 475.354309082031 497.064025878906 519.066833496094 519.994995117188 505.476745605469 492.656555175781 494.289001464844 503.356475830078 513.513122558594 519.463012695312 523.525024414062 525.06201171875 527.911376953125 533.982238769531 551.888854980469 553.615234375 558.209167480469 561.629455566406 564.462463378906 548.7705078125 549.715270996094 562.794555664062
