rcp4.5models/MPi_ESM_LR/sc1gr5.15
NCOLS 261 
NROWS 433 
XLLCORNER 336357.134 
YLLCORNER 654653.479 
CELLSIZE 1000 
NODATA_value -3.4e+38 
[rows 308 to 329 of 433, columns 98 to 146 of 261]
219.620468139648 222.67301940918 231.628326416016 231.432846069336 228.894409179688 227.366744995117 227.544738769531 225.440872192383 222.721771240234 227.665557861328 233.918395996094 237.842193603516 240.462509155273 243.612487792969 243.56819152832 240.236755371094 238.950347900391 234.109100341797 225.867462158203 223.786972045898 224.559753417969 225.719909667969 225.968475341797 227.872116088867 229.931594848633 231.231246948242 230.974029541016 235.077026367188 235.012084960938 229.501571655273 225.508514404297 223.580718994141 217.579742431641 206.051147460938 195.732284545898 185.319625854492 175.594543457031 183.350952148438 199.47819519043 207.473342895508 212.698669433594 209.717819213867 195.408111572266 186.626327514648 185.115341186523 181.544555664062 180.980499267578 180.963012695312 177.22216796875
225.517913818359 227.518890380859 235.156509399414 233.975234985352 224.225982666016 221.728881835938 225.98796081543 230.958969116211 230.474533081055 231.947677612305 238.8720703125 243.909118652344 244.978622436523 245.344573974609 241.76823425293 236.838821411133 234.85823059082 231.857070922852 222.219116210938 219.495758056641 218.827362060547 216.174377441406 214.243408203125 212.549652099609 213.957458496094 218.062591552734 230.301177978516 231.279708862305 222.656280517578 211.383575439453 203.077774047852 209.186340332031 212.054122924805 201.858367919922 190.674468994141 182.710800170898 176.394378662109 178.180679321289 189.921203613281 196.838272094727 205.783996582031 207.35368347168 193.496932983398 181.80989074707 176.347900390625 176.771926879883 178.783874511719 178.903503417969 172.280944824219
244.625335693359 243.024276733398 244.267807006836 241.410217285156 228.368377685547 219.375991821289 218.966354370117 230.616287231445 232.980392456055 232.954788208008 241.285018920898 244.546188354492 244.209396362305 243.984436035156 239.390716552734 232.621780395508 228.738250732422 230.143188476562 227.407257080078 224.949035644531 219.736557006836 211.349304199219 206.252227783203 202.942916870117 204.898284912109 211.497894287109 231.090362548828 227.116485595703 212.689926147461 198.820785522461 189.604690551758 193.708923339844 199.099792480469 195.416580200195 187.286041259766 177.579040527344 171.451278686523 173.956085205078 178.266571044922 183.298706054688 193.715240478516 204.820861816406 196.127029418945 179.962112426758 171.506713867188 174.9951171875 177.513519287109 175.887191772461 177.654251098633
259.30419921875 260.663024902344 258.0126953125 249.728897094727 235.939270019531 220.317535400391 217.957717895508 230.635009765625 236.996612548828 237.955337524414 243.317596435547 244.60466003418 243.458877563477 242.035736083984 239.606262207031 234.037353515625 226.822616577148 225.627731323242 228.168716430664 227.36360168457 221.379043579102 211.060043334961 200.765213012695 198.380676269531 208.933990478516 221.31169128418 228.834289550781 226.237564086914 215.977432250977 202.779434204102 192.440567016602 187.982116699219 187.690704345703 188.612899780273 187.692184448242 180.351135253906 170.708602905273 163.036727905273 166.155960083008 172.802291870117 185.155319213867 193.815856933594 187.559051513672 173.721923828125 166.957870483398 170.541534423828 174.029769897461 175.014617919922 184.331756591797
266.315307617188 270.091827392578 265.249816894531 253.97819519043 238.274749755859 221.747116088867 223.537170410156 234.751220703125 240.363983154297 242.669647216797 243.415344238281 242.836318969727 240.824478149414 238.810256958008 238.115753173828 233.227203369141 226.062286376953 221.312072753906 222.419326782227 222.621520996094 221.231704711914 213.951065063477 203.538925170898 203.062026977539 216.078002929688 228.19938659668 221.403228759766 221.30078125 219.024063110352 211.7333984375 201.679275512695 194.334487915039 189.819534301758 186.908386230469 184.931838989258 182.124267578125 175.879028320312 155.106719970703 156.178131103516 165.892669677734 176.207778930664 174.051681518555 169.230926513672 163.8271484375 162.997787475586 166.120559692383 171.247055053711 178.237396240234 188.220672607422
272.520141601562 271.92578125 267.500671386719 255.067153930664 252.65837097168 244.115783691406 244.395278930664 248.277755737305 243.948211669922 240.948974609375 237.963317871094 233.277496337891 231.673217773438 234.938735961914 231.426345825195 223.13166809082 219.142547607422 216.568984985352 213.733154296875 210.308364868164 209.972564697266 210.392150878906 204.781677246094 207.20442199707 220.392532348633 225.663009643555 212.917343139648 202.449768066406 203.792098999023 202.36181640625 202.34294128418 200.618423461914 195.787704467773 190.162048339844 182.273391723633 177.234603881836 173.855087280273 161.482437133789 153.897720336914 148.023406982422 144.785232543945 145.055450439453 153.283996582031 162.795257568359 166.136947631836 167.585723876953 169.245849609375 170.834091186523 184.523391723633
273.142883300781 273.335205078125 270.625518798828 264.493011474609 263.086822509766 258.628784179688 256.797668457031 257.75341796875 252.55859375 242.799758911133 236.541061401367 229.702102661133 227.612106323242 232.538375854492 231.149536132812 221.006546020508 216.412109375 212.93049621582 204.654724121094 198.900100708008 201.250839233398 204.83251953125 202.169418334961 203.110290527344 215.00129699707 222.999969482422 210.631301879883 201.004135131836 192.934310913086 188.131103515625 191.166778564453 191.09765625 187.261184692383 186.459716796875 182.647430419922 177.559310913086 170.383026123047 162.95539855957 161.507141113281 155.73371887207 151.056884765625 148.645156860352 154.969161987305 163.920913696289 167.537384033203 167.849044799805 167.205810546875 166.474166870117 177.598251342773
267.794342041016 268.802734375 270.012664794922 261.5654296875 266.979187011719 265.213928222656 259.708068847656 260.809844970703 258.877105712891 247.291107177734 237.027938842773 228.737487792969 223.079940795898 226.26350402832 228.539932250977 221.020584106445 215.68782043457 208.021347045898 194.955291748047 190.846267700195 196.321228027344 202.186447143555 204.210723876953 206.067993164062 215.665832519531 221.417724609375 210.224945068359 200.668899536133 184.170364379883 176.685928344727 180.566680908203 178.626541137695 175.229217529297 176.830917358398 174.19694519043 172.557083129883 166.232788085938 163.387023925781 167.049255371094 165.709213256836 159.751007080078 155.828109741211 158.809936523438 164.771926879883 168.472229003906 167.686904907227 165.780258178711 166.237518310547 173.052642822266
260.499237060547 259.825103759766 263.349090576172 249.34504699707 258.999176025391 265.813873291016 256.863891601562 256.169006347656 261.927368164062 251.170318603516 238.462158203125 230.286575317383 223.931106567383 220.961151123047 222.320190429688 219.260879516602 213.370239257812 202.392150878906 189.941818237305 187.643905639648 190.744400024414 197.963485717773 205.817108154297 212.835647583008 219.81982421875 218.480758666992 204.757766723633 200.987991333008 188.838851928711 177.02360534668 174.079452514648 169.611572265625 167.908248901367 169.313034057617 166.993606567383 166.152282714844 162.975433349609 163.638687133789 166.591217041016 170.492416381836 167.543060302734 165.783340454102 167.175888061523 169.121871948242 169.309341430664 166.211151123047 165.791030883789 171.036224365234 181.657150268555
257.920654296875 257.177520751953 258.147338867188 245.608322143555 249.699951171875 263.216705322266 258.461120605469 250.308959960938 255.43310546875 255.540451049805 246.124359130859 234.65641784668 226.483245849609 221.246124267578 215.185409545898 215.981033325195 211.138290405273 201.317153930664 191.580627441406 187.248611450195 189.422180175781 197.582565307617 204.781921386719 212.065628051758 218.039810180664 217.495559692383 204.375671386719 203.377639770508 198.331726074219 190.69743347168 182.465927124023 171.725723266602 165.943817138672 168.066604614258 165.823822021484 161.787857055664 162.173904418945 165.584213256836 165.779647827148 170.768188476562 172.026977539062 171.957855224609 171.85676574707 172.69807434082 171.892959594727 167.890182495117 167.690826416016 175.878936767578 194.912963867188
256.997833251953 255.265853881836 255.878952026367 249.951889038086 252.715850830078 262.895141601562 260.424530029297 248.383529663086 245.830429077148 252.804061889648 250.114456176758 237.146957397461 224.982757568359 221.057281494141 213.03190612793 213.82861328125 211.170455932617 202.856597900391 195.704788208008 193.483551025391 194.421920776367 201.518127441406 207.238510131836 210.342422485352 213.473526000977 217.012298583984 209.356719970703 206.552185058594 203.836166381836 202.126663208008 196.302459716797 185.739120483398 177.460708618164 177.172927856445 172.895706176758 167.547912597656 167.385772705078 170.966949462891 169.155151367188 169.833770751953 172.103698730469 171.753997802734 171.196548461914 172.073287963867 172.94953918457 173.610168457031 175.686325073242 182.083541870117 201.422302246094
256.631256103516 253.425598144531 254.008850097656 253.005798339844 250.325393676758 257.182861328125 259.490386962891 249.208206176758 239.995422363281 243.590377807617 246.285247802734 234.822677612305 222.33283996582 218.505477905273 217.470245361328 216.009384155273 211.234909057617 204.286270141602 199.334259033203 199.720733642578 200.118286132812 202.448318481445 206.299865722656 208.12841796875 209.733642578125 212.237518310547 210.738845825195 208.949264526367 206.863510131836 205.848785400391 203.675308227539 199.654327392578 195.534637451172 190.936676025391 185.098739624023 180.961685180664 178.225692749023 178.6904296875 174.494049072266 171.765594482422 172.369140625 171.682418823242 171.507034301758 171.218658447266 171.072647094727 174.105712890625 181.706604003906 192.120803833008 204.861801147461
259.007934570312 257.398254394531 255.555908203125 253.732070922852 244.795455932617 246.321563720703 255.727874755859 253.622604370117 240.960220336914 236.005065917969 238.927429199219 230.419235229492 217.901580810547 216.038284301758 219.717391967773 217.596374511719 211.130950927734 205.802154541016 202.196533203125 202.888076782227 204.7880859375 205.044418334961 205.283996582031 206.142562866211 208.395935058594 208.025802612305 207.563262939453 208.806564331055 208.802764892578 206.11393737793 203.94758605957 202.658920288086 202.860610961914 200.853439331055 196.261245727539 191.805618286133 188.116317749023 181.316467285156 173.7080078125 170.599914550781 171.728485107422 172.253540039062 173.061157226562 173.336410522461 172.167678833008 172.040771484375 178.120422363281 191.465026855469 209.445388793945
263.258422851562 262.248718261719 258.828521728516 255.092758178711 244.628570556641 237.80583190918 247.507476806641 257.334747314453 247.998092651367 237.385772705078 235.728912353516 230.126098632812 217.536499023438 214.451644897461 216.101516723633 214.892974853516 211.829071044922 206.082672119141 203.795806884766 204.111633300781 206.707427978516 207.778274536133 207.244766235352 207.474380493164 207.09700012207 204.340408325195 204.667587280273 206.58219909668 207.886825561523 205.824371337891 204.59944152832 202.979553222656 200.412292480469 200.528945922852 200.996063232422 198.845703125 193.530258178711 177.918472290039 170.475769042969 167.693771362305 170.526641845703 171.421035766602 172.935180664062 175.02458190918 175.779113769531 175.160415649414 178.478378295898 188.342788696289 210.984771728516
262.669769287109 263.32958984375 259.195190429688 254.761123657227 244.441390991211 234.595336914062 240.882232666016 255.097808837891 253.196136474609 245.041946411133 237.38298034668 231.34260559082 224.091827392578 217.190124511719 211.727966308594 212.085601806641 213.54524230957 210.814254760742 206.304748535156 203.493637084961 206.020660400391 208.059524536133 208.039398193359 208.406295776367 204.660110473633 199.6279296875 202.285705566406 203.248947143555 203.339126586914 203.473403930664 205.164413452148 204.26953125 199.685806274414 198.504516601562 200.255004882812 200.625396728516 196.100814819336 179.936813354492 173.383514404297 169.326446533203 170.476928710938 170.163162231445 171.034362792969 172.749801635742 172.412368774414 172.877807617188 180.661666870117 191.319717407227 208.507110595703
254.08854675293 257.991943359375 258.647247314453 254.312255859375 245.770446777344 237.340316772461 239.383026123047 246.804336547852 249.911895751953 247.168334960938 238.223831176758 227.268371582031 224.642227172852 222.287750244141 209.286880493164 209.802322387695 211.377365112305 213.799453735352 210.958099365234 205.616622924805 205.239685058594 206.65478515625 206.915557861328 206.317581176758 204.164779663086 199.319869995117 198.25309753418 200.238494873047 200.862045288086 201.949127197266 203.508056640625 202.936416625977 200.714248657227 200.111907958984 198.91731262207 198.825561523438 197.345230102539 186.352508544922 178.130508422852 171.589752197266 169.070205688477 169.558578491211 170.857467651367 171.481323242188 168.474899291992 167.042266845703 178.312606811523 191.611343383789 207.359771728516
253.613235473633 256.192779541016 258.793304443359 253.198928833008 248.367568969727 239.599960327148 236.320892333984 236.50341796875 239.059127807617 241.339294433594 236.056579589844 223.699996948242 219.061096191406 223.716979980469 211.117523193359 208.136306762695 206.875 208.419387817383 210.193618774414 208.946334838867 206.274536132812 205.305770874023 205.490447998047 204.013565063477 201.680755615234 197.900680541992 198.697662353516 200.385360717773 202.251953125 203.716400146484 204.594848632812 204.116912841797 202.023452758789 200.874038696289 198.709487915039 198.635971069336 198.278518676758 188.139587402344 182.20475769043 175.760559082031 170.88102722168 170.801162719727 171.338790893555 171.54638671875 171.232421875 171.639633178711 179.469787597656 189.596771240234 205.377227783203
262.132781982422 263.541015625 263.587463378906 256.762603759766 249.750015258789 238.225494384766 229.955352783203 225.356231689453 219.339248657227 215.385498046875 219.827926635742 227.50439453125 222.838897705078 212.608657836914 215.338150024414 212.891693115234 208.349548339844 204.918960571289 205.439239501953 206.319702148438 206.772506713867 206.920074462891 204.190948486328 198.415878295898 197.887771606445 196.681732177734 187.105209350586 192.809768676758 194.425231933594 195.397079467773 198.980026245117 200.562728881836 201.32829284668 201.191467285156 201.313766479492 199.561935424805 197.993835449219 188.612380981445 185.270462036133 182.643295288086 178.51008605957 174.556427001953 173.572601318359 172.906234741211 172.865692138672 174.870727539062 182.716690063477 191.988021850586 198.958862304688
259.035217285156 261.2275390625 259.7861328125 255.839538574219 249.755722045898 241.360656738281 231.353057861328 222.523818969727 217.360107421875 209.132278442383 209.564971923828 223.038619995117 225.991027832031 218.118606567383 208.202545166016 212.098739624023 213.553985595703 208.507827758789 204.486129760742 204.894500732422 206.150436401367 207.290924072266 207.0341796875 204.488052368164 203.210845947266 199.254257202148 183.411987304688 187.445877075195 190.293411254883 192.972106933594 199.35578918457 200.53466796875 200.997940063477 199.375930786133 197.551940917969 194.734222412109 191.437393188477 180.545196533203 180.868026733398 180.36296081543 177.250350952148 175.054336547852 174.758605957031 173.944305419922 173.417938232422 174.140213012695 179.425415039062 190.468032836914 207.186187744141
256.126068115234 260.442779541016 258.571075439453 249.825332641602 243.0595703125 233.806930541992 224.214218139648 214.745254516602 212.084518432617 206.796295166016 203.945938110352 211.089492797852 219.386093139648 220.145492553711 205.241470336914 204.890472412109 212.183563232422 212.856948852539 208.867721557617 206.831390380859 206.710311889648 208.261001586914 208.883377075195 207.073867797852 205.029266357422 201.574020385742 189.701141357422 189.633163452148 193.406600952148 196.056076049805 201.06575012207 201.55598449707 201.161804199219 199.352828979492 197.254150390625 194.260055541992 188.749465942383 178.761428833008 174.393844604492 172.929611206055 171.713134765625 172.926406860352 173.282028198242 174.007049560547 174.047744750977 173.608810424805 175.578170776367 185.956985473633 207.84294128418
252.566986083984 253.183822631836 254.10368347168 245.424880981445 239.67707824707 230.332580566406 218.37663269043 205.790267944336 205.377868652344 205.42366027832 200.792297363281 202.051849365234 210.724349975586 219.121185302734 209.342056274414 203.009094238281 204.846389770508 210.854934692383 -3.4e+38 213.820037841797 211.875122070312 210.246047973633 208.15966796875 206.808090209961 205.680419921875 202.806945800781 191.633575439453 191.661010742188 196.285385131836 198.669692993164 200.345581054688 200.992065429688 200.951797485352 199.671096801758 198.711624145508 197.121307373047 192.890472412109 185.747650146484 181.151641845703 177.579040527344 172.54557800293 171.642059326172 170.30436706543 172.247787475586 173.873321533203 173.153915405273 172.943466186523 180.525833129883 200.164688110352
248.015274047852 241.636993408203 241.331192016602 236.922378540039 234.856994628906 230.616851806641 216.411880493164 199.220474243164 195.980880737305 199.44856262207 199.269714355469 200.464584350586 204.872039794922 212.581588745117 211.936096191406 206.575607299805 200.925964355469 202.565017700195 211.159683227539 -3.4e+38 -3.4e+38 213.620178222656 208.960861206055 205.332336425781 204.579010009766 202.922821044922 192.17839050293 184.718475341797 189.064239501953 196.779006958008 197.948181152344 197.058853149414 195.888946533203 195.517913818359 195.293594360352 196.463104248047 195.572845458984 193.97395324707 193.014114379883 188.119415283203 179.937652587891 173.849197387695 168.107864379883 167.327575683594 170.749069213867 172.813949584961 172.106338500977 174.030410766602 192.507995605469
