rcp4.5models/MPi_ESM_LR/sc1gr5.5
NCOLS 261 
NROWS 433 
XLLCORNER 336357.134 
YLLCORNER 654653.479 
CELLSIZE 1000 
NODATA_value -9999 
[rows 0 to 21 of 433, columns 50 to 99 of 261]
-9999 -9999 -9999 -9999 -9999 -9999 -9999 -9999 -9999 -9999 -9999 -9999 -9999 -9999 -9999 -9999 -9999 -9999 -9999 -9999 -9999 -9999 -9999 -9999 -9999 -9999 -9999 -9999 -9999 -9999 -9999 -9999 -9999 -9999 -9999 -9999 -9999 -9999 -9999 -9999 -9999 -9999 -9999 -9999 -9999 -9999 -9999 -9999 -9999 -9999
-9999 -9999 -9999 -9999 -9999 -9999 -9999 -9999 -9999 -9999 -9999 -9999 -9999 -9999 -9999 -9999 -9999 -9999 -9999 -9999 293.448059082031 293.320641035535 293.279682880258 293.149630203066 292.980227746824 292.940902320635 292.918028988543 293.138649931924 293.278957743588 293.254886155652 293.24907082589 -9999 -9999 -9999 -9999 -9999 -9999 -9999 -9999 -9999 -9999 -9999 -9999 -9999 -9999 -9999 -9999 -9999 -9999 -9999
-9999 -9999 -9999 -9999 -9999 -9999 -9999 -9999 -9999 -9999 -9999 -9999 -9999 -9999 -9999 -9999 -9999 -9999 -9999 292.970052163894 293.311443009598 293.21261413106 293.238120050052 292.947362903326 292.72415679643 292.781872820621 292.482871108384 292.94959597455 292.890947682121 292.887450542252 293.175674624227 293.368870628808 -9999 -9999 -9999 -9999 -9999 -9999 -9999 -9999 -9999 -9999 -9999 -9999 -9999 -9999 -9999 -9999 -9999 -9999
-9999 -9999 294.072448730469 294.070809083017 293.958441947731 293.678026111465 293.618214939472 293.563856249851 293.734329380341 293.408763158626 -9999 -9999 293.539334727821 293.494909242824 293.160946624373 292.948229374794 293.270282821904 293.789525294013 293.320042261381 293.048271944055 292.949438642764 293.044746998999 293.116031227703 292.832757711233 292.998128196983 293.100876519844 292.998705663157 293.054136653264 292.976344200729 293.166221370828 293.223827611017 293.262386712824 -9999 -9999 -9999 -9999 -9999 -9999 -9999 -9999 -9999 -9999 -9999 -9999 -9999 -9999 -9999 -9999 -9999 -9999
293.548049118732 293.544878089168 293.613406650085 293.650603926991 293.626952928513 293.566966802663 293.553762740632 293.186853069958 293.052286280375 292.987271109182 293.035759800384 293.053576365733 293.068697885142 293.115078892539 293.072410228379 293.022179387996 293.103676907283 293.278035519562 293.122874848496 292.967366788599 292.790424635872 292.801015611586 292.914189530473 292.682997418457 293.002240072205 293.20559892711 293.230078629712 293.191507214627 292.526292541009 293.120292942959 293.224618853291 293.211254903344 293.202904207128 -9999 -9999 -9999 -9999 -9999 -9999 -9999 -9999 -9999 -9999 -9999 -9999 -9999 -9999 -9999 -9999 -9999
293.685599884845 293.572541782008 293.385035981075 293.296622621081 293.164144403878 293.121055390202 293.123774238425 293.023114009043 292.887672782358 292.939343845691 292.979090687669 293.008307945562 292.993414315744 292.927428173438 292.994256226376 293.029057601244 293.031659643303 293.047403472416 -9999 293.038409966318 -9999 292.871330124063 292.680310883513 292.281553811678 292.768992141937 292.675842116251 292.900734106748 292.780316483658 292.948231099944 293.178183514935 293.204417819819 293.200061693894 293.293674930049 -9999 -9999 -9999 -9999 -9999 -9999 -9999 -9999 -9999 -9999 -9999 -9999 -9999 -9999 -9999 -9999 -9999
293.484803705986 293.414364838053 293.145319568278 293.031634229747 292.995944711745 292.983996205656 292.984917272029 292.986041348541 292.816880534859 292.606577585331 292.56680943265 292.59187105217 292.434177162656 292.360957557308 292.678948210145 292.767141513028 292.75917135118 292.79268570243 -9999 -9999 -9999 -9999 292.91584939059 -9999 292.722485404257 292.829395669892 292.47740693847 292.795797011392 293.0767788278 293.085146121115 293.057249794781 292.86517403935 292.877546295702 292.989862167084 -9999 -9999 -9999 -9999 -9999 -9999 -9999 -9999 -9999 -9999 -9999 -9999 -9999 -9999 -9999 -9999
293.04719205157 293.036241751902 292.978582324851 292.954475192379 292.777781433453 292.781781252699 292.576619676162 292.482619849124 292.465962863367 292.42319340758 292.431114111963 292.552721605098 292.469772148493 292.441389756325 292.559603470642 292.606495572033 292.718595021963 292.463004110844 -9999 -9999 -9999 -9999 -9999 -9999 292.692933994589 292.661538353377 292.375785337355 292.68893653946 -9999 292.66011356196 292.553523535921 292.461188770537 292.461132585962 292.620898955594 -9999 -9999 -9999 -9999 -9999 -9999 -9999 -9999 -9999 -9999 -9999 -9999 -9999 -9999 -9999 -9999
292.446458865334 292.420986622099 292.447218129986 292.561614720735 292.582588308558 292.875560848895 292.419431640366 292.336728823583 292.367881517205 292.217473766734 292.356756919198 292.306226124348 292.248934302453 292.361534697529 292.333885094342 292.331363339897 292.392908131436 -9999 292.564433211708 292.697576924729 292.787399846709 292.500860088612 292.418006570575 292.421931811133 -9999 292.295095492335 292.226986183844 292.392359858849 -9999 -9999 292.470318911395 292.475348412084 292.361136318551 292.412088622027 292.33339989498 -9999 -9999 -9999 -9999 -9999 -9999 -9999 -9999 -9999 -9999 -9999 -9999 -9999 -9999 -9999
292.395770357223 292.413385751509 292.444074771831 292.410060307526 292.588271078845 292.777668880124 292.444078487229 292.153681762627 292.108791136402 292.086452002415 292.151489138883 291.965394790212 291.904666781453 291.966113450499 292.164521022959 292.063948336093 292.030492706649 -9999 292.440402889197 292.473490922673 -9999 -9999 292.33629402336 292.315904865144 -9999 -9999 292.180883995622 292.197381525711 -9999 292.374937673297 292.49438343336 292.532789308755 292.495575642241 292.41401561886 292.324550215377 292.304557249911 -9999 -9999 -9999 -9999 -9999 -9999 -9999 -9999 -9999 -9999 -9999 -9999 -9999 -9999
292.19973143687 292.362303367438 292.044987061961 292.392966190618 291.975452104197 291.750309157576 291.768848316425 291.707695376158 291.786993173609 291.764395977602 291.668466690172 291.758071872403 291.795491719598 291.816222774966 291.754097817837 291.877927969588 291.982519742532 -9999 292.113336344678 292.080839756594 292.13410057788 -9999 291.620529831292 291.711756825518 291.847482776177 291.892264401423 292.009885334796 291.920081869119 291.645305384282 291.721770214085 -9999 -9999 292.451850089517 292.398703724288 292.341168000095 292.296004763692 292.285028939317 -9999 -9999 -9999 -9999 -9999 -9999 -9999 -9999 -9999 -9999 -9999 -9999 -9999
292.377285646826 292.543129978712 292.489886385996 292.059543455788 291.739443468338 291.692952468838 291.757537770472 291.789924260522 291.941334325524 291.993513227234 291.524558672334 291.493565399489 291.572100234697 291.605396706158 291.795118414443 291.817188326771 291.82837260459 292.047869349971 292.055145131413 292.075067117728 -9999 -9999 -9999 291.545745112234 -9999 291.619642458661 291.780733412789 291.897813543731 291.656240886492 291.343209462614 291.907632749041 -9999 292.412799751505 292.039414911393 292.143895840433 292.278883728434 292.178093478191 -9999 -9999 -9999 -9999 -9999 -9999 -9999 -9999 -9999 -9999 -9999 -9999 -9999
292.09733390029 292.155708582498 292.143229867013 291.809961402304 291.512750406966 291.465855985573 291.53414308428 291.751535479301 291.702842348759 291.491313800524 291.220145821611 291.194595165324 291.145957418921 291.334250410059 291.493683045225 291.516740635682 291.633989798117 291.646965848434 291.965679475561 -9999 -9999 -9999 291.666335131696 291.657631051441 -9999 -9999 291.741932486042 -9999 291.803114456935 291.496487301117 291.817808500844 -9999 -9999 -9999 291.908373469287 292.050119685553 292.133569738269 292.102942971537 -9999 -9999 -9999 -9999 -9999 -9999 -9999 -9999 -9999 -9999 -9999 -9999
292.091762019795 291.853397162936 291.61493787435 291.277060980676 291.207901239735 291.168751388762 291.236206549664 291.287696080328 291.38187382449 291.281383827884 290.951085399995 291.058448672153 291.222753495797 291.338393102066 291.203884626786 -9999 291.489770961841 291.358761648439 -9999 -9999 291.76300542005 -9999 -9999 -9999 291.727510850027 291.618371708203 291.651408819084 291.783711331713 291.85155517487 291.593260398799 291.843132353811 -9999 -9999 -9999 -9999 291.652869296377 291.745475685698 291.645229846587 292.18216698048 -9999 -9999 -9999 -9999 -9999 -9999 -9999 -9999 -9999 -9999 -9999
292.108039333924 291.846549433912 291.636358717671 291.361834719173 291.305704746064 291.141840677216 290.874130590462 290.898401646041 290.961451285001 290.793668909321 290.662670189301 290.911637152414 291.063477671382 291.202757603843 -9999 -9999 -9999 291.344391762146 -9999 291.499691003593 291.408812010409 291.139456297678 291.029130158836 291.186666814861 291.251391100544 291.242123924354 291.359520444669 291.643642942614 291.564986712542 291.36488850467 291.61737545309 291.688919118784 -9999 -9999 -9999 -9999 291.632972062778 291.445838980979 291.745061023842 291.89131229789 -9999 -9999 -9999 -9999 -9999 -9999 -9999 -9999 -9999 -9999
291.923593131646 291.680260185056 291.535734488511 291.468431146897 291.297636853462 291.110536986099 290.914810531205 290.856427003592 290.855141247887 290.832640195222 290.65834970386 290.872776744382 290.899544721098 -9999 -9999 290.915806736225 -9999 -9999 291.436964098801 291.161989540596 291.05493672587 290.908185357196 290.99321826121 291.046111362299 291.074350657227 291.101769940341 291.265730269047 291.399019513066 291.256447897475 291.240187492191 291.731050985257 291.634778307544 291.620327167766 291.638637089647 -9999 -9999 -9999 291.546511874391 291.466278443781 291.752050052461 -9999 -9999 -9999 -9999 -9999 -9999 -9999 -9999 -9999 -9999
-9999 -9999 -9999 -9999 291.071172067977 290.782947135825 290.415486005939 290.594509355318 290.633031492378 290.727804069443 290.457500036688 290.621012792418 -9999 -9999 290.938767345212 290.814086318931 291.022833053838 291.032389476744 291.1679087961 290.896336624113 290.839901102921 290.835244443746 290.990790752278 291.052601658748 290.884486788246 291.066232787461 291.273890089143 291.328844282701 291.422384487519 291.270598313857 291.624110902379 291.423252956869 291.194251775942 291.587928013976 291.507309772877 -9999 -9999 -9999 291.420239705661 291.696054912442 -9999 -9999 -9999 -9999 -9999 -9999 -9999 -9999 -9999 -9999
-9999 -9999 -9999 -9999 290.827215545282 290.430374780839 290.183158222381 290.327574431401 290.402419478817 290.738226806296 290.608015188932 -9999 -9999 -9999 290.428687041224 290.403247601506 -9999 290.360696604525 290.209000449105 290.465858016268 290.556537640897 290.784143977294 290.70332855788 290.59830760331 290.530826495464 290.817746588616 290.943577795093 291.178277998426 291.372567719778 291.276291739843 291.349969153008 291.301462348009 291.019406223302 291.065936998465 291.415670843731 291.362079892048 -9999 -9999 -9999 291.50462570531 291.660510265379 -9999 -9999 -9999 -9999 -9999 -9999 -9999 -9999 -9999
-9999 -9999 -9999 -9999 290.102002896384 289.981774884755 289.995584426872 289.769247442155 289.713706649899 290.403673200554 290.800283115078 -9999 290.401624815025 -9999 290.178351758503 290.433017792743 290.814195561707 289.939000812065 289.907301226078 290.045943831653 290.399799925378 290.577227245199 290.454636520927 290.30921062584 290.407315331071 290.534659402567 290.579444202364 290.487016132073 291.229064608816 290.775074411243 291.192207479744 291.196702549436 290.912224129117 290.945856363441 291.047000908584 291.293132821541 -9999 -9999 -9999 -9999 291.695194715863 291.602967910659 291.521330086567 -9999 -9999 -9999 -9999 -9999 -9999 -9999
-9999 -9999 -9999 -9999 -9999 289.78128033669 289.559814959595 289.419216488894 289.296699553831 290.042277488697 290.20852118562 -9999 289.868507556499 289.961646168642 -9999 290.492261590888 290.771156887032 -9999 290.090079895053 289.945532248139 290.08620622785 290.440700148425 290.406625204261 290.368607251503 290.427966956734 290.465239231659 290.493422816064 290.440910014398 291.193166527205 290.457397045008 291.354717543402 291.499977245935 290.714737198301 291.06725761636 291.003230308243 291.135016787711 291.317461605795 -9999 -9999 -9999 -9999 291.534028481836 291.596271843929 291.50734325422 -9999 -9999 -9999 -9999 -9999 -9999
-9999 -9999 -9999 -9999 -9999 -9999 289.385227838194 289.324548124351 289.227976384335 289.587628475823 289.881979514429 289.836622976434 -9999 289.734516631619 289.909588273865 290.082970764269 290.375916249706 290.62491695589 290.347936137641 290.611193889981 290.518955181732 290.711005493812 -9999 -9999 290.30243163131 290.452807242085 290.301892906201 290.591602201042 290.594303887809 290.314675483216 291.445105208563 291.042349854533 290.667830380239 290.716703932598 290.702605232631 290.817865724818 291.0994940038 291.237592558065 291.526474050254 -9999 -9999 -9999 291.648392539505 291.717610340302 291.824290757522 -9999 -9999 -9999 -9999 -9999
-9999 -9999 -9999 -9999 -9999 -9999 -9999 -9999 -9999 -9999 -9999 289.551493819622 289.669602041716 -9999 -9999 290.030593689253 289.95705948645 290.179910269915 290.111436711773 289.860181743876 290.011832720263 -9999 290.589004507611 -9999 -9999 -9999 290.571480278162 290.56652097792 290.291049344407 290.376495881568 290.329592513325 291.500987371783 290.701298495076 290.699362314159 290.586578143914 290.585663714656 290.843971309604 290.898180143307 290.950670572474 290.920299277159 -9999 -9999 -9999 291.684376506968 291.687664472628 291.847199732155 -9999 -9999 -9999 -9999
