rcp4.5models/MPi_ESM_LR/sc1gr10.29
NCOLS 261 
NROWS 433 
XLLCORNER 336357.134 
YLLCORNER 654653.479 
CELLSIZE 1000 
NODATA_value -3.4e+38 
[rows 176 to 197 of 433, columns 98 to 146 of 261]
529.201965332031 531.7001953125 534.374206542969 540.550964355469 543.204772949219 546.595642089844 548.824340820312 -3.4e+38 -3.4e+38 -3.4e+38 559.863525390625 562.395935058594 565.568603515625 569.994873046875 576.604431152344 580.807495117188 585.005310058594 589.3466796875 593.916442871094 598.224792480469 601.121704101562 605.591918945312 610.361145019531 613.644836425781 619.472473144531 624.191223144531 633.888793945312 638.510131835938 644.847229003906 649.64599609375 654.986572265625 658.003479003906 659.9091796875 663.436401367188 666.750427246094 668.463928222656 672.750793457031 685.656005859375 692.158020019531 698.039367675781 704.587768554688 707.373229980469 712.986755371094 719.08349609375 721.118591308594 724.520874023438 727.753479003906 731.013427734375 737.6923828125
528.532165527344 530.036926269531 532.093688964844 539.639038085938 542.179626464844 544.987487792969 547.576049804688 549.020690917969 552.731079101562 555.243041992188 558.272766113281 561.500122070312 564.688232421875 569.211059570312 574.499816894531 578.492004394531 582.509826660156 586.587280273438 590.938110351562 -3.4e+38 599.334533691406 605.0009765625 609.620361328125 612.755615234375 618.650634765625 624.749389648438 634.140869140625 638.963500976562 644.232299804688 648.901672363281 654.361389160156 658.520812988281 660.464599609375 664.404663085938 667.719604492188 669.289978027344 673.788879394531 685.96630859375 693.260009765625 700.25830078125 706.358703613281 711.167297363281 717.542114257812 719.352111816406 720.211608886719 722.803405761719 725.756286621094 729.17236328125 735.920227050781
527.259643554688 528.117309570312 -3.4e+38 -3.4e+38 540.044616699219 544.147216796875 545.599426269531 546.981079101562 550.800354003906 552.916931152344 556.169677734375 560.886657714844 563.152038574219 567.277221679688 573.689147949219 577.84375 581.61328125 585.141540527344 588.142822265625 592.805908203125 598.91552734375 605.231079101562 609.240783691406 612.760864257812 616.458801269531 622.94970703125 633.558715820312 638.958557128906 643.265258789062 648.011962890625 653.742797851562 658.363586425781 661.013061523438 664.79150390625 667.205993652344 -3.4e+38 676.614501953125 686.613037109375 693.75439453125 701.067321777344 709.78466796875 719.263061523438 726.171325683594 718.960876464844 720.310913085938 721.495727539062 725.993530273438 728.353576660156 735.853515625
525.361206054688 526.314331054688 528.964538574219 -3.4e+38 536.333374023438 541.094848632812 543.904846191406 -3.4e+38 550.290893554688 551.239624023438 553.415588378906 558.482849121094 562.236755371094 564.921264648438 572.571044921875 576.981201171875 580.572143554688 583.90576171875 587.215515136719 591.873413085938 597.450439453125 603.866333007812 608.290710449219 612.272766113281 615.845886230469 -3.4e+38 631.898803710938 636.966430664062 -3.4e+38 648.723876953125 654.215637207031 658.416442871094 661.405578613281 663.887268066406 -3.4e+38 -3.4e+38 -3.4e+38 687.854553222656 694.4892578125 700.341552734375 710.299560546875 721.938171386719 725.276489257812 717.996459960938 719.225463867188 720.244262695312 723.950988769531 727.678405761719 739.472534179688
523.530029296875 525.476745605469 526.877746582031 532.157775878906 535.6669921875 538.973266601562 541.751647949219 545.757568359375 548.638427734375 549.296264648438 552.166931152344 556.606384277344 561.050415039062 563.104248046875 570.944580078125 575.956481933594 579.866943359375 583.165649414062 586.703369140625 591.822326660156 596.9169921875 603.257751464844 608.017395019531 612.866455078125 617.573059082031 621.735473632812 631.222534179688 636.245544433594 -3.4e+38 648.339599609375 653.036254882812 657.827270507812 662.571166992188 664.836547851562 667.911987304688 -3.4e+38 675.765563964844 688.270141601562 693.803466796875 700.375732421875 709.524047851562 719.035339355469 720.07568359375 716.378234863281 717.129638671875 718.830932617188 721.843383789062 727.116394042969 742.76708984375
521.531066894531 524.85791015625 526.901428222656 530.389221191406 534.455749511719 538.261840820312 541.119140625 544.964050292969 546.684020996094 548.668090820312 551.012512207031 555.333068847656 559.020080566406 562.931884765625 569.869445800781 574.686828613281 579.031372070312 582.511474609375 585.657958984375 590.612365722656 596.109375 602.376159667969 607.1533203125 613.12158203125 617.995544433594 622.099792480469 632.178405761719 636.722900390625 640.96484375 646.461975097656 652.211059570312 657.639038085938 663.968627929688 666.719360351562 668.424011230469 -3.4e+38 676.3154296875 687.29638671875 693.368469238281 700.403198242188 707.516357421875 715.737487792969 719.360656738281 715.678039550781 716.577087402344 718.309692382812 722.378234863281 727.833251953125 742.097229003906
521.096130371094 523.765563964844 524.462036132812 527.84033203125 531.757751464844 535.907348632812 539.795288085938 543.153930664062 544.8681640625 547.447326660156 548.819946289062 553.333557128906 558.094665527344 561.690490722656 568.351501464844 572.179260253906 577.249816894531 582.019592285156 584.193542480469 589.050842285156 594.680908203125 600.373718261719 606.359741210938 612.286926269531 618.087768554688 623.187561035156 633.781677246094 639.212036132812 642.48291015625 645.978332519531 651.736083984375 658.454528808594 664.475402832031 668.729064941406 671.986755371094 673.309875488281 677.143676757812 688.299194335938 694.047485351562 700.057006835938 705.877014160156 711.471862792969 715.90966796875 714.726623535156 716.027893066406 718.338928222656 721.857177734375 729.001708984375 742.548095703125
520.242309570312 523.184448242188 523.603271484375 527.106811523438 529.531860351562 533.571166992188 537.645141601562 541.248168945312 544.0205078125 545.764465332031 548.319519042969 552.603149414062 557.369384765625 560.468566894531 503.415313720703 570.384460449219 576.870849609375 582.375305175781 583.684692382812 588.06884765625 594.107360839844 601.245666503906 606.608947753906 611.704040527344 618.278503417969 623.599914550781 636.430786132812 640.999816894531 643.670288085938 648.121643066406 652.545104980469 659.008117675781 664.714599609375 668.703735351562 672.962829589844 672.860778808594 678.255676269531 690.728820800781 696.327758789062 701.729614257812 706.733825683594 707.924987792969 712.093872070312 714.040344238281 715.150695800781 717.480407714844 721.599426269531 729.374267578125 741.835571289062
517.221740722656 519.901123046875 522.380249023438 526.53515625 529.223815917969 533.087768554688 536.252014160156 541.28955078125 542.842346191406 543.4345703125 547.036010742188 551.8916015625 557.003479003906 559.833068847656 520.126403808594 570.222778320312 577.510620117188 582.531677246094 582.824890136719 588.147583007812 593.226623535156 599.652160644531 605.22705078125 -3.4e+38 617.402160644531 -3.4e+38 641.602661132812 642.112854003906 645.304931640625 650.345153808594 654.152465820312 659.588256835938 665.648498535156 668.252685546875 670.999938964844 673.875366210938 679.249877929688 692.190185546875 699.102233886719 704.869445800781 708.207946777344 707.766174316406 709.703369140625 713.488403320312 715.607116699219 717.412536621094 722.712097167969 728.875305175781 738.004028320312
512.193176269531 -3.4e+38 -3.4e+38 524.029357910156 526.229675292969 529.895812988281 534.411987304688 537.629211425781 538.513549804688 540.269348144531 543.470764160156 549.959350585938 554.087341308594 558.726440429688 564.7568359375 567.987670898438 -3.4e+38 579.91845703125 582.647399902344 586.433959960938 591.450073242188 598.12548828125 604.079833984375 611.532836914062 616.7998046875 624.250427246094 639.978149414062 646.098815917969 650.480163574219 653.814453125 656.451354980469 661.753662109375 667.676025390625 669.796264648438 673.718322753906 679.814147949219 682.238891601562 694.666870117188 702.223388671875 709.933715820312 710.568420410156 711.330444335938 712.738830566406 714.171569824219 715.557800292969 720.02197265625 722.241271972656 725.43603515625 733.221496582031
508.76611328125 510.826354980469 514.199401855469 521.96435546875 523.854064941406 527.136047363281 530.408630371094 534.937072753906 536.415222167969 539.326782226562 542.421508789062 547.771545410156 553.492248535156 559.235534667969 564.516235351562 568.171936035156 573.617736816406 582.251892089844 589.8388671875 587.396484375 591.804870605469 597.837707519531 604.320251464844 610.792724609375 616.824096679688 622.808410644531 640.404357910156 651.279541015625 654.940673828125 657.960266113281 659.465209960938 663.889831542969 668.902709960938 672.083312988281 677.538940429688 685.301879882812 684.478637695312 695.51611328125 703.389282226562 712.219116210938 711.650024414062 712.108459472656 712.870239257812 714.510070800781 718.039123535156 721.707824707031 723.320739746094 726.390625 733.436889648438
506.138122558594 508.625762939453 512.114807128906 518.061096191406 521.143859863281 524.928100585938 528.189208984375 532.802551269531 534.196105957031 537.515502929688 541.535766601562 546.788208007812 552.156921386719 557.167236328125 565.260009765625 568.993286132812 574.269714355469 582.980041503906 590.702026367188 588.169921875 592.203796386719 597.64599609375 604.827453613281 611.409362792969 616.581848144531 623.617919921875 656.174438476562 694.478576660156 669.796020507812 660.124633789062 661.564758300781 665.560729980469 669.986572265625 674.551879882812 679.299377441406 686.590209960938 685.504455566406 699.461547851562 706.987243652344 715.714599609375 716.330200195312 712.083618164062 712.715026855469 717.144287109375 720.980407714844 723.31494140625 726.65966796875 730.000183105469 737.099487304688
505.511444091797 508.203308105469 511.020721435547 515.468933105469 518.284606933594 522.434509277344 526.627624511719 530.005859375 531.906066894531 536.430786132812 539.61669921875 545.300720214844 549.361694335938 554.082824707031 569.784240722656 570.930908203125 576.026672363281 580.992248535156 586.45751953125 587.166687011719 591.7919921875 597.54052734375 603.756652832031 610.469360351562 615.925720214844 623.287780761719 690.8857421875 774.601318359375 719.001953125 661.318969726562 663.924011230469 667.257019042969 672.901916503906 677.074462890625 681.204223632812 686.884399414062 687.362670898438 702.313598632812 710.416564941406 718.48095703125 718.751403808594 712.867431640625 714.031555175781 719.556640625 723.390319824219 726.510314941406 730.348999023438 -3.4e+38 751.732788085938
504.629638671875 507.3642578125 509.763000488281 514.046752929688 517.314453125 520.401000976562 524.2919921875 527.71826171875 530.708740234375 535.083984375 538.471252441406 542.621948242188 547.028991699219 552.430419921875 570.414001464844 571.999633789062 576.263061523438 580.098266601562 586.194458007812 588.130310058594 591.800354003906 597.64013671875 603.135620117188 609.716247558594 615.891723632812 624.54150390625 714.665344238281 -3.4e+38 721.988220214844 664.4677734375 666.729431152344 670.514282226562 677.551330566406 681.678405761719 684.601013183594 690.373657226562 689.892150878906 703.510131835938 712.575378417969 720.231140136719 716.018188476562 714.465942382812 716.647705078125 722.35546875 726.676452636719 730.741088867188 733.741516113281 735.476440429688 755.17724609375
503.586120605469 505.667205810547 508.360321044922 513.275512695312 516.343383789062 519.539855957031 523.137878417969 525.550659179688 529.494018554688 534.665161132812 538.625122070312 541.716796875 546.792602539062 552.786071777344 566.21240234375 573.626892089844 576.151123046875 581.033386230469 587.17041015625 590.607177734375 593.981384277344 598.986572265625 604.076110839844 610.720153808594 616.121704101562 624.5693359375 747.426025390625 -3.4e+38 712.532531738281 668.476013183594 669.429504394531 673.394836425781 681.603942871094 686.180114746094 688.672729492188 693.176086425781 693.073669433594 704.7216796875 713.0634765625 718.822509765625 714.898864746094 715.696105957031 720.64599609375 727.954711914062 730.287780761719 733.067687988281 736.445373535156 740.072509765625 751.178771972656
-3.4e+38 504.556793212891 506.871826171875 512.095336914062 515.41015625 518.914184570312 521.505004882812 524.753723144531 528.735107421875 533.376525878906 537.164306640625 541.099365234375 547.011291503906 552.341430664062 566.004272460938 574.371154785156 577.527526855469 583.607666015625 588.56689453125 592.036499023438 595.714721679688 599.863220214844 605.559265136719 612.816467285156 616.348083496094 623.710144042969 757.792663574219 -3.4e+38 807.241027832031 669.066528320312 670.295471191406 676.130187988281 684.356689453125 689.125366210938 689.789855957031 693.157775878906 695.365844726562 707.405090332031 713.768188476562 716.559265136719 716.901733398438 717.534423828125 725.038330078125 732.492492675781 736.035827636719 737.595764160156 740.755981445312 744.554077148438 755.971496582031
502.177490234375 505.059539794922 507.200408935547 511.981292724609 516.160339355469 519.125305175781 520.895080566406 525.263854980469 529.185668945312 532.664306640625 536.236328125 540.337646484375 546.073974609375 552.153930664062 566.951232910156 572.551879882812 578.319580078125 584.652648925781 590.891418457031 593.108642578125 596.957275390625 601.013305664062 606.429565429688 613.998107910156 618.748718261719 625.924621582031 693.139282226562 763.753295898438 764.390747070312 665.51611328125 670.518981933594 678.186767578125 685.6826171875 691.051635742188 691.618835449219 695.566650390625 696.747009277344 710.242919921875 716.826171875 717.716430664062 719.045532226562 721.204833984375 729.392395019531 737.740173339844 748.884399414062 758.022827148438 748.988647460938 755.696655273438 762.300231933594
502.058410644531 504.202056884766 507.099456787109 512.639953613281 516.515869140625 518.451049804688 521.745910644531 526.155883789062 530.582092285156 535.5703125 539.196044921875 542.318603515625 545.80712890625 552.914489746094 565.462768554688 571.106262207031 576.755615234375 584.48681640625 592.695861816406 594.591674804688 599.262817382812 602.623962402344 608.393249511719 615.6025390625 620.900024414062 626.654479980469 644.427062988281 652.673767089844 666.193237304688 663.485107421875 669.980895996094 677.508666992188 685.432983398438 692.690063476562 695.728271484375 698.967407226562 699.074584960938 713.243103027344 720.2568359375 720.222045898438 726.449035644531 736.184875488281 735.400024414062 744.515625 753.906494140625 762.568176269531 755.60205078125 -3.4e+38 784.231262207031
500.505554199219 503.719543457031 506.768463134766 512.835144042969 516.019897460938 517.913757324219 521.994873046875 526.192626953125 531.290466308594 537.884765625 541.540832519531 544.838745117188 547.995422363281 554.087036132812 564.368408203125 570.119812011719 576.256713867188 584.760498046875 592.424743652344 597.250427246094 601.650268554688 604.854614257812 610.445129394531 618.679443359375 624.962890625 -3.4e+38 640.882019042969 646.912536621094 655.228271484375 662.151672363281 668.894165039062 676.531311035156 685.643310546875 695.340881347656 697.763549804688 700.278686523438 702.632446289062 715.664489746094 722.766479492188 723.537719726562 731.314697265625 741.368103027344 742.660888671875 754.462097167969 760.013916015625 766.462341308594 758.72900390625 773.255554199219 807.4365234375
501.881896972656 504.703308105469 507.986877441406 513.3564453125 516.293640136719 518.466735839844 522.143432617188 526.201293945312 531.082458496094 536.878845214844 542.241760253906 545.849548339844 550.118225097656 556.087341308594 567.519165039062 572.942321777344 577.47900390625 584.864074707031 591.319641113281 599.549499511719 603.419372558594 607.12109375 612.073181152344 620.149719238281 628.80859375 632.340759277344 642.462829589844 649.002075195312 655.594482421875 662.419189453125 671.571716308594 679.210144042969 686.867309570312 694.719421386719 699.443237304688 703.950073242188 707.772827148438 718.385070800781 726.557250976562 729.737915039062 733.91748046875 738.894592285156 746.004455566406 755.659057617188 760.254821777344 764.733764648438 758.289733886719 770.392211914062 798.676025390625
412.703765869141 440.023864746094 510.615417480469 515.421936035156 519.5107421875 522.519836425781 524.872131347656 503.182525634766 467.842712402344 538.533325195312 542.685546875 546.605163574219 551.706359863281 559.355651855469 572.072692871094 580.319091796875 585.443908691406 589.455322265625 594.79052734375 601.442016601562 607.208374023438 612.978332519531 618.734924316406 624.025512695312 633.032958984375 639.118530273438 648.19384765625 653.723876953125 660.067260742188 667.114990234375 674.406372070312 682.053344726562 688.732482910156 694.681884765625 703.68115234375 713.058715820312 720.628051757812 725.809204101562 733.872863769531 741.806823730469 746.502075195312 749.864318847656 754.397216796875 766.085815429688 782.574279785156 761.893310546875 761.354125976562 776.929138183594 776.715637207031
418.351440429688 -3.4e+38 486.594573974609 493.451049804688 455.909912109375 523.978393554688 527.295043945312 512.766540527344 487.902313232422 539.075988769531 543.236145019531 547.998596191406 554.14892578125 560.228393554688 573.670104980469 582.513305664062 586.20654296875 590.1484375 594.987609863281 600.241027832031 606.368408203125 612.748779296875 621.014465332031 626.27978515625 634.93701171875 642.671447753906 652.259887695312 658.261474609375 664.084167480469 670.086059570312 677.087280273438 684.682495117188 692.103576660156 698.906921386719 707.221435546875 717.476623535156 724.301086425781 729.325256347656 736.807800292969 746.252624511719 752.707702636719 755.098876953125 754.159973144531 762.435913085938 780.938354492188 774.063781738281 763.673583984375 780.214172363281 772.896057128906
