rcp4.5models/MPi_ESM_LR/sc1gr9.38
NCOLS 261 
NROWS 433 
XLLCORNER 336357.134 
YLLCORNER 654653.479 
CELLSIZE 1000 
NODATA_value -3.4e+38 
[rows 0 to 21 of 433, columns 49 to 97 of 261]
-3.4e+38 -3.4e+38 -3.4e+38 -3.4e+38 -3.4e+38 -3.4e+38 -3.4e+38 -3.4e+38 -3.4e+38 -3.4e+38 -3.4e+38 -3.4e+38 -3.4e+38 -3.4e+38 -3.4e+38 -3.4e+38 -3.4e+38 -3.4e+38 -3.4e+38 -3.4e+38 -3.4e+38 -3.4e+38 -3.4e+38 -3.4e+38 -3.4e+38 -3.4e+38 -3.4e+38 -3.4e+38 -3.4e+38 -3.4e+38 -3.4e+38 -3.4e+38 -3.4e+38 -3.4e+38 -3.4e+38 -3.4e+38 -3.4e+38 -3.4e+38 -3.4e+38 -3.4e+38 -3.4e+38 -3.4e+38 -3.4e+38 -3.4e+38 -3.4e+38 -3.4e+38 -3.4e+38 -3.4e+38 -3.4e+38
-3.4e+38 -3.4e+38 -3.4e+38 -3.4e+38 -3.4e+38 -3.4e+38 -3.4e+38 -3.4e+38 -3.4e+38 -3.4e+38 -3.4e+38 -3.4e+38 -3.4e+38 -3.4e+38 -3.4e+38 -3.4e+38 -3.4e+38 -3.4e+38 -3.4e+38 -3.4e+38 -3.4e+38 90.4859924316406 90.5077667236328 90.5374908447266 90.5684432983398 90.6006546020508 90.6341094970703 90.6818084716797 90.7214431762695 90.7838897705078 91.2841415405273 91.4324645996094 -3.4e+38 -3.4e+38 -3.4e+38 -3.4e+38 -3.4e+38 -3.4e+38 -3.4e+38 -3.4e+38 -3.4e+38 -3.4e+38 -3.4e+38 -3.4e+38 -3.4e+38 -3.4e+38 -3.4e+38 -3.4e+38 -3.4e+38
-3.4e+38 -3.4e+38 -3.4e+38 -3.4e+38 -3.4e+38 -3.4e+38 -3.4e+38 -3.4e+38 -3.4e+38 -3.4e+38 -3.4e+38 -3.4e+38 -3.4e+38 -3.4e+38 -3.4e+38 -3.4e+38 -3.4e+38 -3.4e+38 -3.4e+38 -3.4e+38 91.0321197509766 90.9443740844727 90.9340438842773 90.9614639282227 90.9901504516602 91.0200958251953 90.6894378662109 90.6251907348633 90.6612091064453 91.0694198608398 91.3183822631836 91.3888931274414 91.4158325195312 -3.4e+38 -3.4e+38 -3.4e+38 -3.4e+38 -3.4e+38 -3.4e+38 -3.4e+38 -3.4e+38 -3.4e+38 -3.4e+38 -3.4e+38 -3.4e+38 -3.4e+38 -3.4e+38 -3.4e+38 -3.4e+38
-3.4e+38 -3.4e+38 -3.4e+38 95.1274032592773 94.3045425415039 93.8720550537109 93.8735504150391 92.6330032348633 92.2345733642578 91.6165542602539 91.4193954467773 -3.4e+38 -3.4e+38 89.9748001098633 90.2364654541016 90.2548980712891 90.7004699707031 90.8805999755859 90.9351348876953 90.962646484375 90.9875183105469 91.0136032104492 91.0409240722656 91.0694808959961 91.0992813110352 91.1303405761719 91.0268249511719 90.6595840454102 90.6008071899414 91.1400451660156 91.2876663208008 91.3277435302734 91.3691177368164 -3.4e+38 -3.4e+38 -3.4e+38 -3.4e+38 -3.4e+38 -3.4e+38 -3.4e+38 -3.4e+38 -3.4e+38 -3.4e+38 -3.4e+38 -3.4e+38 -3.4e+38 -3.4e+38 -3.4e+38 -3.4e+38
96.339469909668 96.3348007202148 95.5149230957031 95.0756072998047 94.5940399169922 93.9981536865234 93.8260116577148 92.5864486694336 92.1864242553711 91.5597076416016 91.3696899414062 91.0445098876953 90.5883407592773 90.6094589233398 90.3298110961914 90.5321197509766 90.7770919799805 90.8358688354492 90.8791961669922 90.9026565551758 90.9273376464844 90.9532470703125 90.9803848266602 91.0087585449219 91.0383911132812 91.0692749023438 91.1014175415039 90.9966354370117 90.9946212768555 91.5230102539062 91.3081130981445 91.2664260864258 91.3076705932617 91.3352127075195 -3.4e+38 -3.4e+38 -3.4e+38 -3.4e+38 -3.4e+38 -3.4e+38 -3.4e+38 -3.4e+38 -3.4e+38 -3.4e+38 -3.4e+38 -3.4e+38 -3.4e+38 -3.4e+38 -3.4e+38
96.7429656982422 96.2851791381836 95.8020553588867 95.1980361938477 94.9335403442383 94.1390838623047 93.7654724121094 92.6874542236328 92.4418640136719 91.9868011474609 91.4606246948242 91.3222503662109 91.2367935180664 91.2092590332031 91.1114349365234 91.1853256225586 90.8862838745117 90.7763290405273 90.8192672729492 -3.4e+38 90.8670349121094 -3.4e+38 90.9197082519531 90.9478988647461 90.9773406982422 91.0080490112305 91.0400238037109 91.0732727050781 91.4407119750977 91.3542938232422 91.1972274780273 91.2049331665039 91.2460479736328 91.2884674072266 -3.4e+38 -3.4e+38 -3.4e+38 -3.4e+38 -3.4e+38 -3.4e+38 -3.4e+38 -3.4e+38 -3.4e+38 -3.4e+38 -3.4e+38 -3.4e+38 -3.4e+38 -3.4e+38 -3.4e+38
97.0199432373047 96.4079666137695 96.1366424560547 95.3432235717773 94.954704284668 94.460563659668 93.8710174560547 92.6710052490234 92.4731216430664 92.0680694580078 91.7933807373047 91.4076843261719 91.2754592895508 91.2892761230469 91.3042373657227 91.3203659057617 91.2217025756836 91.1968536376953 90.7592086791992 -3.4e+38 -3.4e+38 -3.4e+38 -3.4e+38 90.8868942260742 -3.4e+38 90.9466857910156 90.9784774780273 91.3444519042969 91.5886917114258 91.5457077026367 91.5494537353516 91.5870056152344 91.6258850097656 91.6661224365234 91.3227996826172 -3.4e+38 -3.4e+38 -3.4e+38 -3.4e+38 -3.4e+38 -3.4e+38 -3.4e+38 -3.4e+38 -3.4e+38 -3.4e+38 -3.4e+38 -3.4e+38 -3.4e+38 -3.4e+38
97.3496475219727 96.8980407714844 96.3330917358398 95.6626129150391 95.064811706543 94.490119934082 93.8537368774414 92.9562759399414 92.5665817260742 92.0061569213867 91.8374252319336 91.3899917602539 91.2156829833984 91.2293090820312 91.2440719604492 91.2599945068359 91.2770919799805 91.2953643798828 90.8158645629883 -3.4e+38 -3.4e+38 -3.4e+38 -3.4e+38 -3.4e+38 -3.4e+38 90.8851699829102 90.9167861938477 91.4109039306641 91.5575103759766 -3.4e+38 91.665168762207 91.7036819458008 91.7435302734375 91.7847061157227 91.6725082397461 -3.4e+38 -3.4e+38 -3.4e+38 -3.4e+38 -3.4e+38 -3.4e+38 -3.4e+38 -3.4e+38 -3.4e+38 -3.4e+38 -3.4e+38 -3.4e+38 -3.4e+38 -3.4e+38
97.5478744506836 96.9609298706055 96.314338684082 95.6879653930664 95.0466232299805 94.4266738891602 93.7906723022461 92.9944076538086 92.5487442016602 91.9441528320312 91.776969909668 91.6798095703125 91.2939376831055 91.1692276000977 91.1837921142578 91.1995162963867 91.2164154052734 91.2344818115234 -3.4e+38 91.1322708129883 90.7944259643555 90.7104568481445 90.7368316650391 90.7644653320312 90.7933502197266 -3.4e+38 91.272087097168 91.4309997558594 91.4951324462891 -3.4e+38 -3.4e+38 91.6406555175781 91.6803665161133 91.7213973999023 91.7637786865234 91.7913055419922 -3.4e+38 -3.4e+38 -3.4e+38 -3.4e+38 -3.4e+38 -3.4e+38 -3.4e+38 -3.4e+38 -3.4e+38 -3.4e+38 -3.4e+38 -3.4e+38 -3.4e+38
98.0371170043945 97.3889846801758 96.7537078857422 95.7950592041016 95.3279266357422 94.5273361206055 93.7275314331055 92.9332885742188 92.4862518310547 92.203857421875 91.8478851318359 91.7263717651367 91.6277236938477 91.2421951293945 91.1234130859375 91.1389312744141 91.1556243896484 91.1734848022461 -3.4e+38 91.234260559082 91.1299438476562 -3.4e+38 -3.4e+38 91.1635208129883 91.5229339599609 -3.4e+38 -3.4e+38 91.3996658325195 91.4325866699219 -3.4e+38 91.5392532348633 91.5774612426758 91.6170120239258 91.6579132080078 91.7001571655273 91.7437591552734 92.2589950561523 -3.4e+38 -3.4e+38 -3.4e+38 -3.4e+38 -3.4e+38 -3.4e+38 -3.4e+38 -3.4e+38 -3.4e+38 -3.4e+38 -3.4e+38 -3.4e+38
98.5256423950195 97.8872985839844 96.9242935180664 96.1092834472656 96.251953125 95.5665969848633 95.1742630004883 94.4440536499023 94.2775650024414 93.5930786132812 93.2207489013672 92.8652267456055 91.9243621826172 91.6270446777344 91.5254440307617 91.4972763061523 91.1539840698242 91.051155090332 -3.4e+38 91.1106719970703 91.132942199707 91.1564483642578 -3.4e+38 91.7521743774414 91.81103515625 91.8386611938477 91.8675918579102 91.8978118896484 91.9293518066406 91.9963912963867 91.8831558227539 -3.4e+38 -3.4e+38 92.3051528930664 92.5470428466797 92.6117782592773 92.2824783325195 92.2702331542969 -3.4e+38 -3.4e+38 -3.4e+38 -3.4e+38 -3.4e+38 -3.4e+38 -3.4e+38 -3.4e+38 -3.4e+38 -3.4e+38 -3.4e+38
98.7451477050781 97.9496841430664 96.9009704589844 96.8060455322266 96.7541351318359 95.8096466064453 95.4268493652344 94.3812637329102 94.2163391113281 94.123161315918 93.7394866943359 93.190299987793 92.7857666015625 92.7031784057617 91.8729476928711 91.5922012329102 91.4883880615234 91.1054382324219 91.0278778076172 91.0487060546875 91.4034576416016 -3.4e+38 -3.4e+38 -3.4e+38 91.7478332519531 -3.4e+38 91.8039855957031 91.8340072631836 91.8653564453125 91.9320220947266 92.3064727783203 92.4077682495117 -3.4e+38 92.6240463256836 92.6887054443359 92.7299957275391 92.6123352050781 92.6310806274414 -3.4e+38 -3.4e+38 -3.4e+38 -3.4e+38 -3.4e+38 -3.4e+38 -3.4e+38 -3.4e+38 -3.4e+38 -3.4e+38 -3.4e+38
99.0619888305664 98.0540237426758 96.8330383300781 96.9475402832031 96.7859344482422 95.7439498901367 95.3649978637695 94.4648361206055 94.1550216674805 94.1671142578125 94.0724792480469 93.5880279541016 93.4321441650391 93.1201782226562 92.7494049072266 91.816032409668 91.5450439453125 91.439811706543 91.7663040161133 91.8820266723633 -3.4e+38 -3.4e+38 -3.4e+38 91.658561706543 91.6845016479492 -3.4e+38 -3.4e+38 91.7700576782227 -3.4e+38 92.2066421508789 92.4458312988281 92.508056640625 -3.4e+38 -3.4e+38 -3.4e+38 92.6642990112305 92.7068405151367 92.7507934570312 92.7961578369141 -3.4e+38 -3.4e+38 -3.4e+38 -3.4e+38 -3.4e+38 -3.4e+38 -3.4e+38 -3.4e+38 -3.4e+38 -3.4e+38
99.2539596557617 98.0289764404297 97.5266723632812 97.5899658203125 96.8798217773438 95.6781768798828 95.3030624389648 94.4422836303711 94.0936126708984 94.1054840087891 94.1185302734375 94.0224609375 93.6396484375 93.4237442016602 93.4043045043945 93.1411437988281 -3.4e+38 91.9343948364258 92.080940246582 -3.4e+38 -3.4e+38 92.0076446533203 -3.4e+38 -3.4e+38 -3.4e+38 92.0988922119141 92.1249771118164 92.1523895263672 92.5198364257812 92.7862854003906 92.8452072143555 92.5099945068359 -3.4e+38 -3.4e+38 -3.4e+38 -3.4e+38 92.6408157348633 92.6846389770508 92.7298812866211 92.7765426635742 -3.4e+38 -3.4e+38 -3.4e+38 -3.4e+38 -3.4e+38 -3.4e+38 -3.4e+38 -3.4e+38 -3.4e+38
99.2276000976562 97.9599227905273 97.662956237793 97.0423049926758 96.5548477172852 95.6123352050781 95.2410354614258 94.3770980834961 94.0321044921875 94.0437698364258 94.0565948486328 94.0706024169922 93.6166687011719 93.4673614501953 93.4859848022461 -3.4e+38 -3.4e+38 -3.4e+38 92.0519332885742 -3.4e+38 92.0896072387695 92.1102905273438 92.1322174072266 92.1554183959961 92.1798858642578 92.2056503295898 92.2327117919922 92.5998840332031 92.8349609375 92.9245758056641 92.9574356079102 92.8394241333008 92.8467102050781 -3.4e+38 -3.4e+38 -3.4e+38 -3.4e+38 91.4232330322266 91.8101425170898 91.8966369628906 91.590217590332 -3.4e+38 -3.4e+38 -3.4e+38 -3.4e+38 -3.4e+38 -3.4e+38 -3.4e+38 -3.4e+38
-3.4e+38 97.9076385498047 97.5993881225586 96.7953109741211 96.4097366333008 96.3335494995117 96.3038635253906 95.4390335083008 94.285270690918 93.9819641113281 93.9945755004883 94.0083618164062 93.9101486206055 93.5275497436523 -3.4e+38 -3.4e+38 93.1728668212891 -3.4e+38 -3.4e+38 92.006591796875 92.0258102416992 92.0462646484375 92.0679702758789 92.0909423828125 92.1151809692383 92.4791259765625 92.5814590454102 92.7403030395508 92.7972106933594 92.8584136962891 92.8910675048828 92.9250946044922 91.9497985839844 91.8144836425781 91.8499450683594 -3.4e+38 -3.4e+38 -3.4e+38 91.8304061889648 91.8840026855469 91.9195175170898 -3.4e+38 -3.4e+38 -3.4e+38 -3.4e+38 -3.4e+38 -3.4e+38 -3.4e+38 -3.4e+38
-3.4e+38 -3.4e+38 -3.4e+38 -3.4e+38 -3.4e+38 96.4911727905273 96.5605621337891 96.0582504272461 95.265869140625 94.2259979248047 93.9324645996094 93.9460296630859 93.9607620239258 -3.4e+38 -3.4e+38 93.8549118041992 93.8730850219727 92.7133331298828 91.9251480102539 91.9429092407227 91.9618988037109 92.345458984375 92.7957382202148 92.1958236694336 92.3889236450195 92.9864044189453 92.7555770874023 92.7029495239258 92.7313079833984 92.7920837402344 91.8285827636719 91.6816024780273 91.2903366088867 91.5915832519531 91.6731643676758 91.7016143798828 -3.4e+38 -3.4e+38 -3.4e+38 92.0031356811523 92.0394439697266 -3.4e+38 -3.4e+38 -3.4e+38 -3.4e+38 -3.4e+38 -3.4e+38 -3.4e+38 -3.4e+38
-3.4e+38 -3.4e+38 -3.4e+38 -3.4e+38 -3.4e+38 96.4441223144531 96.4986343383789 96.0984954833984 95.4866638183594 94.252685546875 93.8702774047852 93.8836059570312 -3.4e+38 -3.4e+38 -3.4e+38 93.9488372802734 93.9681777954102 -3.4e+38 92.3245086669922 92.3396835327148 92.6933288574219 92.9301605224609 93.1071090698242 92.8947601318359 92.9802322387695 93.1721649169922 93.0854263305664 93.0795440673828 93.1055145263672 92.1718139648438 91.608512878418 91.9021682739258 91.982536315918 92.1518402099609 91.8298950195312 91.8039398193359 91.8345184326172 -3.4e+38 -3.4e+38 -3.4e+38 91.970832824707 92.0474548339844 -3.4e+38 -3.4e+38 -3.4e+38 -3.4e+38 -3.4e+38 -3.4e+38 -3.4e+38
-3.4e+38 -3.4e+38 -3.4e+38 -3.4e+38 -3.4e+38 96.8804168701172 96.5792007446289 96.3647613525391 95.9026412963867 94.6730422973633 93.9345016479492 93.8211059570312 -3.4e+38 93.8508529663086 -3.4e+38 93.8853988647461 93.0272445678711 92.4814987182617 92.7597122192383 92.8662185668945 93.0037536621094 93.0530395507812 93.0720825195312 93.0923919677734 93.1139831542969 93.1368637084961 93.1610641479492 93.1865997314453 92.2378311157227 92.0401458740234 92.0498352050781 92.2143936157227 92.2621536254883 92.2874221801758 92.1547775268555 92.1585540771484 92.1869964599609 -3.4e+38 -3.4e+38 -3.4e+38 -3.4e+38 91.9784240722656 92.3675308227539 92.5823287963867 -3.4e+38 -3.4e+38 -3.4e+38 -3.4e+38 -3.4e+38
-3.4e+38 -3.4e+38 -3.4e+38 -3.4e+38 -3.4e+38 -3.4e+38 96.5696640014648 96.3998260498047 96.3143310546875 94.8735046386719 94.2673721313477 93.8803024291992 -3.4e+38 93.7878036499023 93.8042297363281 -3.4e+38 92.6627426147461 92.3296127319336 -3.4e+38 92.9535751342773 92.9698867797852 92.987434387207 93.006233215332 93.0262985229492 93.0476455688477 93.0702896118164 92.1323318481445 91.9573974609375 91.9339904785156 92.1014862060547 92.1474380493164 92.1697998046875 92.1935119628906 92.2185745239258 92.2450256347656 92.2728576660156 92.3020935058594 92.3327407836914 -3.4e+38 -3.4e+38 -3.4e+38 -3.4e+38 92.8986129760742 92.9515991210938 92.5955963134766 -3.4e+38 -3.4e+38 -3.4e+38 -3.4e+38
-3.4e+38 -3.4e+38 -3.4e+38 -3.4e+38 -3.4e+38 -3.4e+38 -3.4e+38 96.3372116088867 95.5236892700195 94.8817443847656 94.7640609741211 94.3251647949219 94.1865005493164 -3.4e+38 94.6522750854492 93.7897033691406 93.2418365478516 92.8005294799805 92.8735122680664 92.8883666992188 92.9044342041016 92.9217300415039 92.9402847290039 -3.4e+38 -3.4e+38 92.4911193847656 92.2752151489258 92.2810440063477 92.0641937255859 92.0582733154297 92.0790786743164 92.1012268066406 92.1247177124023 92.1495819091797 92.1758346557617 92.2034759521484 92.5792999267578 92.6520767211914 92.6821975708008 92.7137832641602 -3.4e+38 -3.4e+38 -3.4e+38 93.0723495483398 92.9340438842773 93.122688293457 -3.4e+38 -3.4e+38 -3.4e+38
-3.4e+38 -3.4e+38 -3.4e+38 -3.4e+38 -3.4e+38 -3.4e+38 -3.4e+38 -3.4e+38 -3.4e+38 -3.4e+38 -3.4e+38 -3.4e+38 94.8097839355469 93.9441146850586 -3.4e+38 -3.4e+38 93.3314666748047 93.3412322998047 93.3642578125 93.3775634765625 93.3920822143555 93.407829284668 -3.4e+38 92.3509140014648 -3.4e+38 -3.4e+38 -3.4e+38 92.4800033569336 92.4953689575195 92.5300140380859 92.54931640625 92.5699768066406 92.938232421875 93.0110321044922 93.1842346191406 93.2297973632812 93.2565307617188 93.1185989379883 93.296012878418 93.1758117675781 93.1900405883789 -3.4e+38 -3.4e+38 -3.4e+38 92.9710922241211 93.0136413574219 93.4094696044922 -3.4e+38 -3.4e+38
