rcp4.5models/MPi_ESM_LR/sc1gr3.40
NCOLS 261 
NROWS 433 
XLLCORNER 336357.134 
YLLCORNER 654653.479 
CELLSIZE 1000 
NODATA_value -9999 
[rows 264 to 285 of 433, columns 200 to 249 of 261]
259.623291015625 260.464569091797 261.153839111328 260.300598144531 261.226654052734 260.514190673828 260.312316894531 260.931732177734 261.510284423828 256.471099853516 244.147048950195 242.431198120117 249.842269897461 254.614395141602 261.191986083984 261.917510986328 262.090087890625 260.689849853516 255.599472045898 249.838272094727 254.869567871094 261.665893554688 261.683044433594 262.037231445312 263.537200927734 264.157318115234 259.872009277344 260.898010253906 -9999 -9999 264.504577636719 264.925018310547 265.228942871094 265.435150146484 265.458618164062 265.723724365234 265.372680664062 265.383483886719 266.021179199219 266.089080810547 266.271942138672 266.282836914062 266.332611083984 266.477233886719 266.413604736328 266.602081298828 266.737274169922 266.827606201172 266.997924804688 267.430206298828
259.656860351562 260.926513671875 260.838287353516 259.730560302734 260.553924560547 259.79052734375 259.194671630859 260.128173828125 261.420043945312 257.958679199219 249.060806274414 247.27490234375 256.8818359375 258.249206542969 261.361114501953 262.092681884766 261.750610351562 260.776000976562 257.442626953125 254.793411254883 257.046539306641 262.222442626953 262.283203125 263.208618164062 263.707214355469 264.178314208984 264.067657470703 264.091735839844 263.884796142578 264.023681640625 264.339324951172 264.332855224609 264.819213867188 264.822631835938 264.823150634766 265.179351806641 265.162933349609 265.482421875 266.319763183594 266.313079833984 266.207794189453 266.331298828125 266.456451416016 266.563568115234 266.426940917969 266.393341064453 266.578063964844 266.623291015625 266.772644042969 267.313537597656
260.580078125 261.002960205078 260.355194091797 256.707336425781 253.87451171875 256.505126953125 259.269592285156 260.235656738281 261.005401611328 259.649169921875 257.399780273438 257.260162353516 256.721038818359 259.428924560547 261.103515625 260.379638671875 259.329864501953 258.774993896484 261.724670410156 261.892150878906 261.491577148438 261.095794677734 261.469879150391 260.604309082031 262.128601074219 262.642211914062 263.815185546875 263.279052734375 263.174682617188 263.435791015625 263.692596435547 263.697448730469 264.470794677734 264.609375 264.466217041016 264.970092773438 265.154602050781 266.104675292969 266.152740478516 266.115814208984 266.0673828125 266.0615234375 265.819793701172 265.974853515625 265.851593017578 266.269134521484 266.640838623047 266.549499511719 266.781890869141 266.888519287109
260.680206298828 260.834655761719 259.924682617188 256.516845703125 252.577743530273 255.329605102539 259.565155029297 260.273529052734 260.477325439453 255.829605102539 247.661392211914 249.228393554688 251.807815551758 259.717651367188 254.08869934082 253.041320800781 254.125 255.361267089844 261.178131103516 259.654266357422 259.037017822266 261.522796630859 261.905303955078 261.088073730469 260.870758056641 261.641418457031 263.252990722656 262.432464599609 262.530456542969 262.880676269531 263.387634277344 263.780487060547 264.521362304688 264.655975341797 264.901306152344 265.36572265625 265.62841796875 266.079956054688 266.066864013672 265.936676025391 266.063659667969 265.906921386719 265.309051513672 265.526550292969 265.560089111328 265.791320800781 266.216766357422 266.471923828125 266.777618408203 267.041534423828
260.415771484375 260.716979980469 259.319458007812 253.66584777832 252.695358276367 255.880493164062 259.542175292969 260.419372558594 260.442657470703 255.852874755859 245.429916381836 245.054168701172 251.038497924805 260.357299804688 243.329544067383 245.106262207031 250.575042724609 255.571136474609 260.656036376953 259.337738037109 258.945739746094 261.496246337891 261.878570556641 261.193054199219 260.605621337891 261.214813232422 262.314392089844 261.569427490234 261.897491455078 262.614898681641 263.516662597656 264.017333984375 264.079162597656 264.501037597656 265.141143798828 265.749755859375 265.939270019531 265.755004882812 265.561706542969 265.753692626953 265.991302490234 265.945495605469 265.624603271484 265.532348632812 265.920440673828 266.267517089844 266.337066650391 266.511535644531 266.7041015625 266.969146728516
260.397399902344 260.626770019531 258.214202880859 250.243103027344 251.154495239258 255.465530395508 258.930053710938 259.932342529297 260.347045898438 259.508392333984 254.939682006836 252.622207641602 256.300109863281 260.408966064453 243.965789794922 244.134841918945 247.418884277344 252.109512329102 259.654235839844 260.589599609375 260.450134277344 261.063659667969 260.98193359375 260.772918701172 260.586181640625 260.877014160156 260.429321289062 259.594329833984 261.037353515625 263.253051757812 263.934875488281 264.284637451172 264.183563232422 264.555419921875 265.032592773438 265.687927246094 265.895904541016 265.375213623047 265.102233886719 265.275665283203 265.578521728516 265.598510742188 265.661437988281 265.581695556641 266.000061035156 266.633575439453 266.650390625 266.545104980469 266.771575927734 266.890472412109
260.484741210938 260.28076171875 258.988189697266 250.594711303711 249.343154907227 253.40234375 258.835388183594 259.720733642578 260.461303710938 260.686828613281 259.974273681641 259.007690429688 259.538726806641 259.939605712891 247.555297851562 242.195083618164 241.769882202148 244.142044067383 254.673812866211 260.574981689453 260.112426757812 259.609924316406 259.35205078125 260.737121582031 260.918579101562 260.539276123047 255.424118041992 257.393127441406 262.208282470703 263.812896728516 264.307037353516 264.386627197266 264.545227050781 264.7451171875 265.179534912109 265.701477050781 265.688140869141 265.179840087891 264.984558105469 264.863952636719 265.141418457031 265.363800048828 265.381439208984 265.584014892578 266.292572021484 266.551635742188 266.603363037109 266.564971923828 266.831451416016 266.982543945312
260.411712646484 259.566680908203 258.742828369141 254.116897583008 249.674072265625 252.520919799805 258.788513183594 259.786254882812 260.684051513672 260.451110839844 259.442565917969 259.450714111328 259.576812744141 259.305572509766 243.574676513672 238.160888671875 235.195907592773 237.076248168945 244.614608764648 251.565383911133 256.616302490234 257.574249267578 258.585906982422 261.242553710938 261.51123046875 260.894287109375 258.588623046875 261.013061523438 264.046508789062 264.223876953125 264.387908935547 264.409240722656 264.642913818359 264.779632568359 265.217468261719 265.299682617188 265.233367919922 265.053497314453 264.819366455078 264.732208251953 264.815032958984 265.300445556641 265.297424316406 265.561309814453 266.350311279297 266.484069824219 266.483337402344 266.579925537109 266.685485839844 267.146087646484
259.931335449219 257.887512207031 251.841552734375 253.088806152344 254.206619262695 254.557342529297 256.105041503906 259.319732666016 260.478179931641 260.441162109375 259.467071533203 259.598083496094 259.327606201172 256.572540283203 246.936141967773 242.216705322266 240.382080078125 235.876525878906 239.894241333008 246.82780456543 256.730590820312 257.5751953125 260.473571777344 261.592224121094 261.814056396484 261.934234619141 263.274475097656 263.962493896484 264.231658935547 264.461761474609 264.417633056641 264.517974853516 264.602630615234 264.651977539062 264.767028808594 264.731842041016 264.799468994141 264.464202880859 264.409759521484 264.776031494141 264.957855224609 265.304382324219 265.638427734375 -9999 266.347869873047 266.542144775391 266.501037597656 266.623046875 266.802581787109 267.222869873047
257.215240478516 252.873062133789 248.764511108398 247.446166992188 256.071136474609 255.969970703125 256.001647949219 259.043334960938 260.174438476562 260.561431884766 259.614379882812 259.027252197266 259.110229492188 257.304473876953 253.896987915039 249.550674438477 251.660858154297 247.64485168457 251.421432495117 255.282272338867 259.777557373047 259.724029541016 261.896148681641 261.925109863281 262.123046875 262.576568603516 262.508331298828 262.962677001953 263.846710205078 264.465789794922 264.39990234375 264.27734375 264.432952880859 264.405059814453 264.263763427734 264.497711181641 264.584381103516 263.892211914062 264.162109375 264.917846679688 264.994049072266 265.28369140625 265.686157226562 266.138641357422 266.442657470703 266.561370849609 266.428649902344 266.53515625 266.901824951172 266.970825195312
253.985214233398 248.06916809082 249.000778198242 243.07194519043 253.372817993164 255.988983154297 257.827941894531 259.221527099609 259.947479248047 260.291961669922 259.389831542969 258.231628417969 258.844970703125 259.638305664062 252.940979003906 246.764190673828 249.774078369141 250.182083129883 251.977874755859 252.10905456543 253.364440917969 253.990280151367 254.558410644531 260.672576904297 261.942199707031 261.844268798828 262.141387939453 262.893951416016 263.932220458984 264.257202148438 264.326965332031 263.957702636719 264.365203857422 264.4208984375 264.174041748047 263.988037109375 263.998474121094 263.651672363281 264.000885009766 264.868804931641 264.961700439453 265.054443359375 265.394226074219 265.667785644531 265.857269287109 266.425903320312 266.485595703125 266.444885253906 266.685638427734 266.422241210938
255.906875610352 251.462524414062 247.626556396484 238.942764282227 250.413635253906 252.621734619141 257.652130126953 258.626220703125 259.639221191406 259.870086669922 259.526275634766 258.474731445312 258.502258300781 259.482727050781 252.736297607422 242.429000854492 242.078414916992 242.367889404297 243.215087890625 244.494598388672 245.526550292969 245.73014831543 245.860626220703 251.650634765625 253.384811401367 258.812225341797 262.710205078125 263.491790771484 264.191741943359 264.105194091797 263.828399658203 263.875732421875 264.025512695312 264.1845703125 264.328460693359 263.665069580078 263.322357177734 263.70703125 264.001525878906 264.365905761719 264.569061279297 264.720092773438 265.390350341797 265.692932128906 265.855224609375 265.992736816406 266.416473388672 266.396789550781 266.622192382812 266.426879882812
258.697570800781 255.452926635742 246.167770385742 239.174423217773 251.680923461914 253.565658569336 257.000854492188 258.409759521484 259.165283203125 258.935180664062 259.498840332031 258.431060791016 257.590850830078 259.176177978516 256.503936767578 250.691818237305 249.098663330078 249.95686340332 248.568969726562 245.395111083984 246.283996582031 246.774459838867 244.281143188477 246.304107666016 246.50227355957 259.846221923828 262.842498779297 263.175598144531 263.569610595703 263.623413085938 263.407745361328 263.6845703125 263.732696533203 263.93310546875 264.027526855469 263.557037353516 262.973114013672 263.812042236328 263.791076660156 263.612274169922 264.045745849609 264.709259033203 265.697418212891 265.968048095703 266.244354248047 266.100463867188 266.293548583984 266.357360839844 266.675720214844 266.763549804688
258.898254394531 255.766738891602 246.617858886719 249.555526733398 255.869094848633 257.452056884766 257.526275634766 258.750640869141 258.638549804688 257.287780761719 259.03857421875 258.615020751953 257.569946289062 258.585357666016 258.348205566406 258.341430664062 258.053497314453 257.466339111328 253.058441162109 248.292266845703 251.224197387695 252.460784912109 247.213302612305 243.743026733398 242.793579101562 256.103302001953 262.690032958984 262.678497314453 262.621734619141 263.026489257812 263.322631835938 263.469696044922 263.671569824219 263.851867675781 263.593872070312 263.038818359375 262.752868652344 263.830688476562 263.748291015625 263.691619873047 264.323333740234 265.007507324219 265.896392822266 266.142669677734 266.284606933594 266.258209228516 266.271575927734 266.335357666016 266.645324707031 266.758026123047
257.737243652344 254.950927734375 246.617248535156 256.807098388672 257.304168701172 258.011260986328 258.716766357422 258.935607910156 257.684692382812 255.248458862305 255.046890258789 257.812103271484 257.445526123047 258.178100585938 257.391723632812 256.510009765625 258.731903076172 257.618682861328 256.027862548828 254.080764770508 254.306488037109 258.151214599609 250.780242919922 247.346176147461 256.268493652344 262.429718017578 261.876403808594 262.295379638672 262.016143798828 262.428070068359 263.640502929688 264.085998535156 -9999 263.790069580078 263.558380126953 263.932525634766 264.318725585938 264.301483154297 264.354705810547 264.632568359375 265.261840820312 265.882232666016 266.188110351562 266.201721191406 266.266479492188 266.313934326172 266.327239990234 266.366729736328 266.435302734375 266.572875976562
255.745330810547 256.607818603516 249.964889526367 253.311996459961 257.097839355469 257.868041992188 258.623046875 258.319702148438 255.383407592773 249.390411376953 247.536682128906 257.242706298828 258.031463623047 258.788208007812 256.648986816406 254.126190185547 257.884246826172 259.055084228516 258.936614990234 258.854949951172 257.520050048828 -9999 250.250335693359 250.184555053711 261.317047119141 262.575439453125 261.492065429688 261.508270263672 261.981872558594 262.470458984375 263.446502685547 263.867340087891 264.272399902344 264.150268554688 263.840209960938 264.213439941406 264.67626953125 264.529846191406 264.297912597656 264.908782958984 265.239074707031 265.587554931641 265.724761962891 265.886810302734 266.245361328125 266.309814453125 266.373901367188 266.396636962891 266.397644042969 266.501068115234
254.697509765625 255.773056030273 252.447784423828 244.064727783203 250.818023681641 257.79541015625 258.385314941406 257.717102050781 253.642456054688 244.624450683594 243.320663452148 254.773513793945 258.567565917969 259.241821289062 257.571929931641 254.447967529297 255.322998046875 258.940155029297 259.844940185547 -9999 260.398376464844 -9999 249.217681884766 253.804550170898 262.325256347656 262.222473144531 261.303649902344 261.227142333984 261.992553710938 262.725677490234 263.43310546875 263.834503173828 264.191345214844 264.449340820312 264.251007080078 264.337341308594 264.887817382812 264.652679443359 264.323272705078 264.577911376953 265.252593994141 265.651550292969 265.672088623047 265.953094482422 266.224517822266 266.288940429688 266.35302734375 266.400238037109 266.376739501953 266.479858398438
255.925201416016 254.196105957031 251.824890136719 238.328094482422 242.227645874023 254.186004638672 257.287780761719 254.549133300781 252.367218017578 247.479446411133 241.67741394043 249.94563293457 259.06298828125 259.482086181641 257.240844726562 253.309204101562 253.992034912109 258.403228759766 259.189270019531 260.118225097656 -9999 -9999 255.500503540039 259.39697265625 261.817260742188 261.855926513672 261.439880371094 262.090118408203 262.554779052734 263.258972167969 -9999 264.136199951172 264.323120117188 -9999 264.658996582031 264.63720703125 265.050659179688 264.996643066406 264.91162109375 264.77880859375 265.463989257812 265.974456787109 265.970367431641 266.139282226562 266.203948974609 266.268341064453 266.332427978516 266.396179199219 266.356109619141 266.434967041016
253.323257446289 255.240249633789 253.405227661133 238.048294067383 241.530410766602 254.093460083008 252.530380249023 243.119995117188 241.119216918945 246.581893920898 249.746780395508 251.39404296875 255.3271484375 259.82470703125 256.834075927734 252.824295043945 254.233184814453 254.819793701172 258.553039550781 260.124053955078 -9999 -9999 260.768981933594 261.304046630859 261.504028320312 262.108459472656 261.658142089844 262.383544921875 262.641632080078 263.219451904297 -9999 263.510681152344 263.952331542969 -9999 -9999 265.060729980469 -9999 265.100280761719 265.256286621094 265.228424072266 265.450531005859 265.915649414062 266.054107666016 266.119049072266 266.183685302734 266.248046875 266.312103271484 266.375854492188 266.335723876953 266.398559570312
247.378982543945 255.137268066406 253.888931274414 242.315002441406 246.538269042969 255.192962646484 245.645935058594 234.402709960938 228.819427490234 237.713226318359 252.523727416992 256.415618896484 255.737319946289 259.859313964844 258.222015380859 255.324752807617 252.686767578125 250.141891479492 255.185882568359 260.179992675781 260.826385498047 261.382415771484 260.887329101562 261.038299560547 261.726989746094 262.484710693359 262.019134521484 262.498077392578 262.463562011719 263.063201904297 263.061126708984 262.727691650391 263.393371582031 264.421112060547 264.932189941406 265.040191650391 265.078399658203 265.224792480469 265.319793701172 265.513854980469 265.555450439453 265.722198486328 265.839263916016 265.951293945312 266.163726806641 266.22802734375 266.292053222656 266.261047363281 266.4150390625 266.454559326172
244.863098144531 253.192184448242 252.383499145508 247.985137939453 250.803756713867 253.71614074707 242.052093505859 231.313369750977 224.734329223633 236.272842407227 249.923950195312 257.614593505859 258.547210693359 259.883941650391 259.117553710938 255.913146972656 251.497268676758 251.685745239258 255.821533203125 260.134948730469 260.845489501953 261.503570556641 260.916381835938 260.815216064453 261.644775390625 262.708435058594 262.307464599609 263.054626464844 262.959259033203 263.149963378906 263.055389404297 262.838287353516 263.225524902344 264.429473876953 264.681243896484 264.861450195312 265.118835449219 265.190887451172 265.407470703125 265.651733398438 265.676513671875 265.616149902344 265.681304931641 265.80322265625 266.069702148438 266.184753417969 266.197357177734 266.106872558594 265.889953613281 266.12841796875
247.243026733398 252.167846679688 252.129867553711 248.876602172852 248.832412719727 244.682952880859 242.83186340332 234.138320922852 231.083267211914 244.763641357422 255.147232055664 258.049926757812 258.652221679688 259.976959228516 259.416381835938 255.679626464844 252.195678710938 257.203979492188 259.584381103516 260.780242919922 261.238616943359 261.600189208984 261.177703857422 260.792663574219 261.573547363281 262.832061767578 262.734771728516 262.843170166016 263.405517578125 263.656402587891 263.577453613281 263.448852539062 263.470794677734 264.5 264.609100341797 264.818756103516 264.950378417969 265.10791015625 265.319488525391 265.705596923828 265.681243896484 265.670471191406 265.662017822266 265.743438720703 -9999 -9999 266.107360839844 265.785949707031 266.054351806641 266.225158691406
