rcp4.5models/MPi_ESM_LR/sc1gr7.40
NCOLS 261 
NROWS 433 
XLLCORNER 336357.134 
YLLCORNER 654653.479 
CELLSIZE 1000 
NODATA_value -9999 
[rows 176 to 197 of 433, columns 150 to 199 of 261]
72.3910598754883 72.2785568237305 72.2525253295898 72.276496887207 72.207649230957 72.1560363769531 72.0834197998047 72.1329803466797 72.3241500854492 72.3665313720703 72.4442672729492 72.5287628173828 72.6763076782227 72.8063201904297 73.0325393676758 73.1643142700195 73.3508377075195 73.5128707885742 73.7216033935547 74.2852554321289 74.4842758178711 74.6838989257812 74.8955993652344 75.2218246459961 75.5108795166016 75.783332824707 76.0955123901367 76.3654861450195 76.6847457885742 76.9833145141602 77.7721939086914 78.089714050293 78.3165283203125 78.6332931518555 79.0725173950195 79.4535140991211 79.8568344116211 80.283073425293 80.6515426635742 81.0068893432617 81.3211364746094 81.6585235595703 82.4977416992188 82.9776382446289 -9999 83.7135467529297 84.0186157226562 84.4359283447266 84.8880462646484 85.2194137573242
72.5358123779297 72.472526550293 72.4209136962891 72.4465942382812 72.4204864501953 72.3955764770508 72.301383972168 72.3639144897461 72.5458984375 72.6004409790039 72.6780700683594 72.7727661132812 72.8350219726562 72.9723968505859 73.1616134643555 73.3372268676758 73.5180892944336 73.6783828735352 73.8001098632812 74.4186019897461 74.6015548706055 74.855598449707 75.1024856567383 75.306266784668 75.6383743286133 75.916015625 76.2224502563477 76.5739898681641 76.8356552124023 77.0814361572266 77.8460159301758 78.199333190918 78.4589309692383 78.7962188720703 79.2356643676758 79.5844802856445 79.9411392211914 80.3494567871094 80.7159729003906 81.1131744384766 81.4401931762695 81.7547988891602 82.5934982299805 82.9952545166016 83.4195327758789 83.812370300293 84.1552886962891 84.5964660644531 84.9961853027344 85.3247985839844
72.7415924072266 72.6481475830078 72.5376586914062 -9999 72.6543579101562 72.5792236328125 72.5223007202148 72.5834121704102 72.7026062011719 72.7986907958984 72.8971633911133 72.9954605102539 73.0013885498047 73.0865249633789 73.3362045288086 73.4849853515625 73.6625900268555 73.8520050048828 73.9318237304688 74.5083618164062 74.6848068237305 74.9770736694336 75.2365951538086 75.4353103637695 75.7639007568359 76.0512924194336 76.3258285522461 76.7035446166992 76.9934692382812 77.2311935424805 77.9091033935547 78.2593536376953 78.593132019043 78.9965286254883 79.397590637207 79.7146530151367 80.0538711547852 80.3911895751953 80.751350402832 81.1756973266602 81.5555877685547 81.9240112304688 82.6784515380859 -9999 83.4339370727539 83.8946990966797 84.3061294555664 84.6965026855469 85.0523910522461 85.452278137207
73.0544128417969 72.8590393066406 72.6490020751953 72.7419204711914 72.7924194335938 72.7715148925781 72.7777404785156 72.7812957763672 72.8461685180664 72.9279479980469 72.9915313720703 73.1279602050781 73.2088012695312 73.2460632324219 73.437629699707 73.6208572387695 73.7974243164062 73.9873275756836 74.1210784912109 74.6144638061523 74.745246887207 75.0627365112305 75.3977355957031 75.6277084350586 75.9508209228516 76.1824645996094 76.4323348999023 76.7418441772461 77.0753326416016 77.4282989501953 77.9934844970703 78.3708114624023 78.7630233764648 79.1257553100586 79.4855346679688 79.8409652709961 80.1819915771484 80.4546508789062 80.7971496582031 81.2278594970703 81.6333236694336 82.0507888793945 82.7879486083984 83.1564865112305 83.4959335327148 83.9202346801758 84.3579025268555 84.7266845703125 85.1159515380859 85.5399856567383
73.2538299560547 73.0487365722656 72.8701934814453 72.8556823730469 72.8469619750977 72.9145050048828 72.9458312988281 72.9435043334961 73.0368423461914 73.0548858642578 73.1452407836914 73.2938079833984 73.3928146362305 73.4168853759766 73.6167068481445 73.7706680297852 73.8754806518555 74.0981140136719 74.2593688964844 74.751335144043 74.8576049804688 75.2026748657227 75.4851455688477 75.7937850952148 76.1065902709961 76.325309753418 76.5790939331055 76.855712890625 77.2047271728516 77.5641708374023 78.139518737793 78.4794769287109 78.8215484619141 79.1894226074219 79.5155792236328 79.8904724121094 80.2857284545898 80.6049652099609 80.8823089599609 81.3218231201172 81.7610092163086 82.1546630859375 82.8972549438477 83.2241821289062 83.5329666137695 83.9661636352539 84.3502502441406 84.7721939086914 85.2423782348633 85.6394348144531
73.2827682495117 73.1963958740234 73.0584411621094 73.0334167480469 72.9887161254883 72.9651107788086 73.0318298339844 73.0993347167969 73.2551422119141 73.2242813110352 73.2962417602539 73.3991012573242 73.4855270385742 73.5613327026367 73.8389434814453 73.9924087524414 74.0394515991211 74.2756042480469 74.4290390014648 74.9011306762695 75.0889129638672 75.3662033081055 75.5640411376953 75.9036178588867 76.2295837402344 76.5439300537109 76.7564697265625 77.0208435058594 77.3100738525391 77.5997848510742 78.3020324707031 78.6102981567383 78.8758926391602 79.2391967773438 79.5784759521484 79.9508743286133 80.3454360961914 80.7324371337891 80.9514083862305 81.3712005615234 81.8205642700195 82.2350234985352 82.9901733398438 83.3744125366211 83.6790771484375 84.0523910522461 84.4253845214844 84.8733673095703 85.2984619140625 85.724967956543
73.4782485961914 73.4278182983398 73.2399826049805 73.2172164916992 73.2192459106445 73.0887069702148 73.186149597168 73.2261581420898 73.4268035888672 73.4261932373047 73.4480972290039 73.4839782714844 73.6107788085938 73.7121429443359 73.9690322875977 74.1391296386719 74.2417144775391 74.4820938110352 74.5860595703125 75.0670471191406 -9999 75.5480117797852 75.6647491455078 75.9510192871094 76.3189239501953 76.6379776000977 76.8720626831055 77.1655349731445 77.4303894042969 77.6931228637695 78.4886474609375 78.7827682495117 79.0032730102539 79.3176651000977 79.7041168212891 80.0537643432617 80.4740371704102 80.8976440429688 81.0981597900391 81.400276184082 81.8405990600586 82.312614440918 83.0712661743164 83.4629211425781 83.8130569458008 84.1252746582031 84.5482559204102 84.9347457885742 85.3521957397461 85.777214050293
73.7324523925781 73.6730117797852 73.5000152587891 73.3981475830078 73.3974990844727 73.2475433349609 -9999 73.3545074462891 73.5726699829102 73.5813827514648 73.6792373657227 73.7070159912109 73.7895660400391 73.8838272094727 74.0595245361328 74.2207717895508 74.3991394042969 74.6383056640625 74.765510559082 75.1998901367188 75.4281692504883 75.6830978393555 75.7965850830078 76.0424041748047 76.3781585693359 76.7049789428711 77.0177536010742 77.3227157592773 77.6077728271484 77.7936859130859 78.5325088500977 78.8437042236328 79.1528244018555 79.4257965087891 79.7901153564453 80.1546630859375 80.5969848632812 80.9626693725586 81.252082824707 81.514404296875 81.9318542480469 82.3747406005859 83.1520919799805 83.5249328613281 83.924430847168 84.2758712768555 84.6032867431641 85.0014038085938 85.4258728027344 85.843505859375
73.9181823730469 73.8645324707031 73.7163848876953 73.5631561279297 -9999 -9999 73.4866561889648 73.4990844726562 73.6770401000977 73.7414627075195 73.8737945556641 73.92529296875 73.9945983886719 74.0572814941406 74.1522216796875 74.3005523681641 74.566276550293 74.8012771606445 74.952880859375 75.2819595336914 75.5371170043945 75.7749938964844 75.9989852905273 76.2710494995117 76.5170211791992 76.8043823242188 77.1223754882812 77.4010848999023 77.7225646972656 77.9585571289062 78.5632095336914 78.8449478149414 79.2526168823242 79.5333404541016 79.853401184082 80.2873687744141 80.6532363891602 80.9322967529297 81.3537979125977 81.7256393432617 82.0736618041992 82.4136199951172 83.2185363769531 83.6141510009766 84.0135726928711 84.4307098388672 84.7400360107422 85.0331726074219 85.4506149291992 85.8614349365234
74.0796508789062 73.9514999389648 73.8185806274414 73.8707885742188 -9999 -9999 73.8522872924805 73.8353576660156 73.9055557250977 73.9959030151367 74.1197891235352 74.2097625732422 74.2650756835938 74.378547668457 74.6162033081055 74.7109375 74.8480529785156 74.9957580566406 75.2352981567383 75.5320587158203 75.7655868530273 75.9992141723633 76.2451400756836 76.5542526245117 76.7864761352539 76.9620590209961 77.3413925170898 77.6660232543945 77.8930511474609 78.2134399414062 78.7531280517578 79.0801086425781 79.4573745727539 79.8371124267578 80.1634292602539 80.4876937866211 80.7887420654297 81.1545257568359 81.5066528320312 81.9414825439453 82.3054428100586 82.6291046142578 83.3246688842773 83.7112808227539 84.0393295288086 84.4859008789062 84.901985168457 85.224494934082 85.5264282226562 85.9258422851562
74.123908996582 74.0538024902344 73.9680404663086 73.9272308349609 -9999 -9999 73.9776077270508 73.9351348876953 74.085563659668 74.1101455688477 74.1896057128906 74.3566970825195 74.3833923339844 74.5106506347656 74.7673645019531 74.9245758056641 74.9728393554688 75.0798797607422 75.3631820678711 75.7238464355469 75.9067840576172 76.0589141845703 76.3351593017578 76.6756362915039 76.9063186645508 77.1420440673828 77.4112319946289 77.6843795776367 77.9789505004883 78.3327407836914 78.8468551635742 79.1857604980469 79.5141983032227 79.9302215576172 80.2761306762695 80.5828628540039 80.8312530517578 81.2453536987305 81.6114883422852 81.9712982177734 82.4273986816406 82.8253402709961 83.3535842895508 83.7393112182617 84.0987930297852 84.5561599731445 85.0112380981445 85.3613052368164 85.6148071289062 85.9809036254883
74.2275924682617 74.2010345458984 74.1528015136719 74.0815963745117 -9999 -9999 74.0585708618164 74.1200714111328 74.2190093994141 74.2916793823242 74.2928009033203 74.4271392822266 74.4836730957031 74.6092529296875 74.8001937866211 75.0322570800781 75.1774826049805 75.21630859375 75.4630661010742 75.859619140625 76.0220718383789 76.1005325317383 76.4071884155273 76.7451400756836 77.0546722412109 77.2915954589844 77.5013580322266 77.7521743774414 78.0510559082031 78.3610153198242 78.9895782470703 79.295166015625 79.6026992797852 79.9880142211914 80.3218460083008 80.6501235961914 80.9270095825195 81.3456802368164 81.7173767089844 82.0807037353516 82.5295639038086 82.9373626708984 83.4598922729492 83.8755950927734 84.2638168334961 84.6537399291992 85.0638580322266 85.4392776489258 85.7393646240234 86.0926284790039
74.4381637573242 74.3499450683594 74.3595809936523 74.2770843505859 -9999 -9999 74.1803894042969 74.2425308227539 74.3493423461914 74.4545059204102 74.510498046875 74.612174987793 74.5871887207031 74.6927871704102 74.8813629150391 75.0792846679688 75.2665481567383 75.3344497680664 75.5384902954102 75.9613494873047 76.1180114746094 76.2670669555664 76.5373001098633 76.8012084960938 77.1181869506836 77.4067611694336 77.5948333740234 77.8751678466797 78.2296829223633 78.4741134643555 79.0908050537109 79.4138259887695 79.7420654296875 80.0465927124023 80.3958740234375 80.7616271972656 81.0890045166016 81.4475021362305 81.8053970336914 82.2392425537109 82.6079177856445 82.9361953735352 83.5534515380859 84.0310516357422 84.3693923950195 84.7264785766602 85.1372299194336 85.5248565673828 -9999 -9999
74.5832138061523 74.479736328125 74.4941253662109 74.4393692016602 -9999 -9999 74.4493179321289 74.4050979614258 74.4607849121094 74.5196990966797 74.6376495361328 74.6970901489258 74.6886749267578 74.8605651855469 75.0120315551758 75.1433181762695 75.2905731201172 75.4693450927734 75.6103134155273 75.9930648803711 76.2087707519531 76.4873733520508 76.6509170532227 76.8867645263672 77.1709899902344 77.5066070556641 77.6769866943359 -9999 78.2979888916016 78.5337600708008 79.2462310791016 79.5417404174805 79.8639221191406 80.1427383422852 80.5057373046875 80.9043731689453 81.2557220458984 81.5328750610352 81.8440704345703 82.2652206420898 82.6600189208984 83.0079727172852 83.6440658569336 84.1099548339844 84.433967590332 84.79833984375 85.2365875244141 -9999 -9999 86.3232879638672
74.6809616088867 74.6213073730469 74.6184158325195 74.5625686645508 74.5801315307617 74.6408462524414 74.6670837402344 74.5532913208008 74.6419448852539 74.6722030639648 74.736930847168 74.7634506225586 74.8552932739258 74.9443893432617 75.0940322875977 75.2024307250977 75.4082412719727 75.6276092529297 75.7257690429688 76.0434494018555 76.2995071411133 76.6369323730469 76.7548599243164 76.9795074462891 77.2786026000977 77.5690612792969 77.8296890258789 78.0556945800781 78.3068695068359 78.625846862793 79.3976974487305 79.6253433227539 -9999 80.2615356445312 80.6018905639648 81.01953125 81.3516464233398 81.6214294433594 81.9169235229492 82.3466491699219 82.7327117919922 83.0982360839844 83.7554473876953 84.1782913208008 84.5603561401367 84.8711776733398 85.3074798583984 85.6963043212891 86.0630798339844 86.4048919677734
74.8435516357422 74.8293838500977 74.7843933105469 74.71484375 74.8263931274414 74.7594680786133 74.8235702514648 74.7775039672852 74.7724914550781 74.8237762451172 74.908088684082 74.9214019775391 75.0510101318359 75.0858764648438 75.1955413818359 75.2814102172852 75.5450973510742 75.7036437988281 75.8198471069336 76.1454086303711 76.4158706665039 76.7167739868164 76.9131546020508 77.0981826782227 77.3474426269531 77.6391906738281 77.9217376708984 78.2035522460938 78.4441604614258 78.7640762329102 79.4314498901367 79.7159729003906 80.0325393676758 80.3779067993164 80.7469711303711 81.1336441040039 81.4192276000977 81.7239074707031 82.0711059570312 82.4542541503906 82.7619857788086 83.1680755615234 83.8924865722656 84.2666473388672 84.6295700073242 84.9523162841797 85.4116363525391 85.7852783203125 86.1501312255859 86.4372253417969
75.0220947265625 74.9435272216797 74.8927001953125 74.946418762207 75.0578002929688 74.9087829589844 74.9337768554688 74.9363708496094 74.9031677246094 74.9480819702148 74.986572265625 75.0199966430664 75.1417083740234 75.2145767211914 75.28369140625 75.4320297241211 75.6258926391602 75.7827682495117 75.9073867797852 76.2877655029297 76.5316925048828 76.7726287841797 76.9743270874023 77.1465072631836 77.408447265625 77.7385559082031 77.959831237793 78.2851486206055 78.6020278930664 78.8863220214844 79.5037231445312 79.8346481323242 80.1341323852539 80.5208053588867 80.8471221923828 81.2254180908203 81.5692291259766 81.8574600219727 82.1720886230469 82.5528030395508 82.9094390869141 83.310920715332 84.0485916137695 84.3778610229492 84.7015914916992 85.0746917724609 85.5656204223633 85.8679733276367 86.2232437133789 86.5522842407227
75.1255264282227 75.070068359375 75.0322341918945 75.1102905273438 75.10595703125 75.0713806152344 75.0428237915039 75.0693283081055 75.0552673339844 75.0367889404297 75.0550308227539 75.1581954956055 75.2286987304688 75.399543762207 75.4725036621094 75.5761566162109 75.7190399169922 75.891975402832 75.9950942993164 76.3917465209961 76.6496200561523 76.8993759155273 77.0345611572266 77.2145538330078 77.5385894775391 77.8568649291992 78.1090927124023 78.4301681518555 78.7361831665039 78.9560089111328 79.6621398925781 79.968635559082 80.3000946044922 80.600471496582 80.8940353393555 81.2889709472656 81.6993942260742 82.0256881713867 82.3193359375 82.6994552612305 83.0724182128906 83.4430389404297 84.1260757446289 84.4014282226562 84.7285232543945 85.1300277709961 85.5840301513672 85.9669647216797 86.3325042724609 86.6761322021484
75.3000946044922 75.2275466918945 75.2192611694336 75.2707977294922 75.3134384155273 75.2446517944336 75.1806640625 75.2243347167969 75.1764984130859 75.1261901855469 75.1482849121094 75.2194976806641 75.3247451782227 75.5135040283203 75.6017913818359 75.6507949829102 75.8166198730469 75.9909286499023 76.1600952148438 76.4680862426758 76.7589950561523 76.9872817993164 77.2465591430664 77.4256210327148 77.5947952270508 77.9103317260742 78.2366943359375 78.5778961181641 78.8444442749023 79.0875549316406 79.7780685424805 80.0877914428711 80.4028549194336 80.7110748291016 81.0454940795898 81.4112091064453 81.7631759643555 82.104621887207 82.4049758911133 82.7755889892578 83.1065979003906 83.4377288818359 84.1898345947266 84.405158996582 84.828727722168 85.2440948486328 85.6003494262695 85.9858932495117 86.4039840698242 86.7452239990234
75.4950332641602 75.4101486206055 75.4529418945312 75.4624633789062 75.5299682617188 75.3833312988281 75.2695083618164 75.3083114624023 75.2375411987305 75.2411575317383 75.196174621582 75.2382736206055 75.3988189697266 75.5852279663086 75.6357727050781 75.7177124023438 75.886474609375 76.0845794677734 76.3118515014648 76.5561141967773 76.8068466186523 77.0770111083984 77.3515167236328 77.5579833984375 77.6978073120117 78.0158538818359 78.3426666259766 78.667121887207 78.981819152832 79.2460327148438 79.8649063110352 80.2041778564453 80.5186614990234 80.8072738647461 81.1661376953125 81.5155944824219 81.8609161376953 82.1579360961914 82.4220733642578 82.8009948730469 83.1830825805664 83.54833984375 84.2735595703125 84.5011138916016 84.9499664306641 -9999 85.7043228149414 86.0347747802734 86.4589309692383 86.7721328735352
75.6393661499023 -9999 75.6818466186523 75.7850494384766 75.7155609130859 75.5957412719727 75.479362487793 75.340217590332 75.3930282592773 75.3758087158203 75.3921203613281 75.4797592163086 75.5624313354492 75.7121887207031 75.8216705322266 75.9403381347656 76.1361236572266 76.328254699707 76.5019226074219 76.7640075683594 77.0340881347656 77.2411727905273 77.5046539306641 77.7716827392578 77.9596328735352 78.2250900268555 78.5781631469727 78.9416732788086 79.1973190307617 79.4195938110352 80.099967956543 80.3933029174805 80.756706237793 81.0232086181641 81.3759078979492 81.7365493774414 82.1205749511719 -9999 82.7201461791992 83.1448364257812 83.4710464477539 83.8526992797852 84.5437088012695 84.8005447387695 85.1127777099609 85.5303268432617 85.8862686157227 86.3082504272461 86.6965789794922 87.0142211914062
-9999 -9999 -9999 75.8225555419922 75.7117614746094 75.6326065063477 75.5845260620117 75.4418411254883 75.5053482055664 75.5085296630859 75.4762725830078 75.515998840332 75.6295623779297 75.7781066894531 75.9134063720703 75.9869003295898 76.1472015380859 76.3351211547852 76.5553131103516 76.8578262329102 77.1352767944336 77.3078231811523 77.5785369873047 77.8751220703125 78.1006469726562 78.3505249023438 78.644416809082 78.9799957275391 79.2882995605469 79.5529174804688 80.2066116333008 80.5117034912109 -9999 81.1092376708984 81.5037460327148 -9999 82.2572555541992 82.5546035766602 -9999 83.1560211181641 83.5378646850586 83.9568710327148 84.6021118164062 84.8627090454102 85.2177352905273 85.598876953125 86.0146865844727 86.4550170898438 86.7567596435547 87.0766143798828
