rcp4.5models/MPi_ESM_LR/sc1gr0.20
NCOLS 261 
NROWS 433 
XLLCORNER 336357.134 
YLLCORNER 654653.479 
CELLSIZE 1000 
NODATA_value -3.4e+38 
[rows 396 to 417 of 433, columns 98 to 146 of 261]
55.4567451477051 54.4482727050781 55.0601196289062 56.4894981384277 56.8883819580078 56.450813293457 55.8847122192383 56.1283073425293 55.997615814209 55.4958152770996 55.5756568908691 56.1493988037109 56.8843269348145 57.9389724731445 59.2162399291992 58.8294830322266 58.8539543151855 58.6459846496582 57.6269912719727 56.9053115844727 56.9788627624512 57.1548957824707 57.2997894287109 57.7876358032227 59.5729827880859 62.0485649108887 57.8258018493652 55.4954071044922 55.0723075866699 54.9413108825684 54.7599182128906 54.5687065124512 54.5800590515137 54.460506439209 54.2747840881348 54.1189613342285 54.0700798034668 53.7644538879395 53.7041893005371 53.5384178161621 53.5984344482422 53.581729888916 53.2115364074707 52.8598136901855 52.6273155212402 52.4369583129883 52.2870864868164 52.0196151733398 51.505199432373
56.0053062438965 54.7220001220703 54.4779052734375 55.3122940063477 56.1599960327148 56.3691825866699 55.9663887023926 56.1010894775391 55.9418792724609 55.1647987365723 55.2496223449707 56.067138671875 56.7521476745605 57.2926445007324 58.640796661377 58.7749176025391 58.0393333435059 57.2736549377441 56.5415954589844 56.3110427856445 56.9219436645508 57.1464500427246 57.1523246765137 58.3420829772949 60.5885238647461 61.188289642334 55.9774780273438 55.0525283813477 54.9409637451172 54.7618675231934 54.5396499633789 54.2743530273438 54.1132354736328 54.0768737792969 53.9928398132324 53.8001556396484 53.837474822998 53.6989631652832 53.6495323181152 53.3416786193848 53.0306053161621 52.9527854919434 52.8246994018555 52.6809577941895 52.4140205383301 52.1654930114746 52.1838874816895 51.9841690063477 51.430721282959
55.9302139282227 54.6406593322754 53.905891418457 54.4610633850098 55.6691513061523 56.1377182006836 55.8031463623047 55.2147560119629 54.6613960266113 54.3598136901855 54.7160301208496 55.8682518005371 56.682991027832 56.7532958984375 57.4982490539551 57.152961730957 56.3227157592773 56.0780906677246 55.9379577636719 56.0227012634277 56.8205833435059 57.0006790161133 57.1970367431641 58.7477493286133 60.2132453918457 58.9779090881348 54.7698783874512 54.7949066162109 54.7525291442871 54.5881729125977 54.4861679077148 54.1836090087891 53.8234977722168 53.921875 53.9082832336426 53.4146728515625 53.4273719787598 53.4672966003418 53.476188659668 53.2150268554688 52.7812347412109 52.5325012207031 52.4736785888672 52.4292030334473 52.1628341674805 51.8805694580078 51.8017692565918 51.5616188049316 50.9586143493652
55.9003448486328 55.1807518005371 54.5237236022949 54.021068572998 54.8203544616699 55.3459396362305 55.2167129516602 54.325927734375 53.7596778869629 53.7475318908691 53.9574737548828 55.0446243286133 56.1886711120605 56.3810119628906 55.9049644470215 55.7379913330078 55.6012306213379 55.447021484375 55.4103164672852 56.2977447509766 57.2405853271484 56.9779663085938 57.4648208618164 58.7957077026367 58.6084747314453 56.3450889587402 54.5022964477539 54.6701011657715 54.5079345703125 54.4400444030762 54.6225204467773 54.2402114868164 53.585075378418 -3.4e+38 53.4918022155762 53.102668762207 52.9152145385742 52.8319816589355 52.9592094421387 52.9161911010742 52.6351890563965 52.2418441772461 52.0629348754883 52.0097274780273 51.998908996582 51.9563293457031 51.2990531921387 50.9795722961426 50.4744338989258
56.0554542541504 55.9099235534668 55.5470581054688 53.5934448242188 53.7728271484375 54.1873168945312 54.3435821533203 53.734016418457 53.5269355773926 53.9546127319336 53.9122505187988 54.1837730407715 55.2469482421875 55.6437339782715 54.8919906616211 54.8964195251465 54.6949081420898 54.7634506225586 55.7235336303711 57.0843200683594 57.5327568054199 57.624885559082 59.0207405090332 59.7701301574707 57.7035827636719 54.9631271362305 53.8694953918457 54.0306510925293 53.9819984436035 54.281681060791 54.5972518920898 54.0895843505859 53.2309188842773 53.002311706543 -3.4e+38 52.6488571166992 52.5811805725098 52.5462341308594 52.6414413452148 52.5257568359375 52.3770980834961 52.0310592651367 51.7493934631348 51.5320091247559 51.8182983398438 51.9881324768066 50.9214286804199 50.6510009765625 50.0627250671387
55.2227668762207 55.5781173706055 55.8887519836426 53.7359924316406 53.3258590698242 53.3661155700684 53.4565734863281 53.0859451293945 53.0101280212402 53.7950248718262 53.9866409301758 53.780345916748 54.4102325439453 55.171028137207 54.6352920532227 54.7343559265137 55.040153503418 55.8901557922363 56.998649597168 57.2420692443848 57.0159683227539 58.050708770752 60.0311737060547 59.7039680480957 56.5106163024902 54.2536315917969 53.7572555541992 53.6231384277344 53.4196243286133 53.7716102600098 53.9167900085449 53.2909965515137 52.8517417907715 52.905647277832 52.8104248046875 52.3980827331543 52.1542434692383 52.2086219787598 52.1490821838379 51.9820022583008 51.8684692382812 51.6576499938965 51.3967399597168 51.1132316589355 51.1935768127441 51.1817588806152 50.6347961425781 50.4075698852539 49.7739944458008
54.4211311340332 55.4067115783691 55.5945434570312 53.7542915344238 53.0188026428223 52.9056015014648 52.913516998291 52.8211631774902 52.9901237487793 53.3698120117188 53.378303527832 53.4563064575195 53.856502532959 54.5327110290527 55.3808555603027 55.9925651550293 56.0209655761719 56.4846839904785 56.9251289367676 56.6210670471191 56.5970649719238 57.8041725158691 58.7724571228027 57.4669609069824 54.788402557373 53.499210357666 53.686653137207 53.52001953125 53.2767105102539 53.1228637695312 52.9830780029297 52.6032409667969 52.5945281982422 52.768726348877 52.6943664550781 52.2070121765137 51.9135704040527 51.6697006225586 51.6125679016113 51.502815246582 51.3651123046875 51.1892890930176 50.9439697265625 50.7133407592773 50.5872688293457 50.381534576416 50.3429985046387 50.116584777832 49.6002540588379
53.9573783874512 54.9179763793945 54.7622566223145 53.1148681640625 52.4895324707031 52.3650398254395 52.4325675964355 52.6468391418457 53.3394317626953 53.8507461547852 53.4686851501465 53.6271858215332 54.3332595825195 55.0428886413574 56.4623489379883 56.4701118469238 55.8755798339844 55.6243667602539 55.902660369873 56.3439025878906 56.7207069396973 57.1665077209473 56.7943420410156 55.0477027893066 53.3776779174805 53.260627746582 53.422477722168 53.357967376709 53.0811347961426 52.7312927246094 52.4959297180176 52.3732490539551 52.2684020996094 52.2776870727539 52.2006492614746 51.9183578491211 51.7435722351074 51.3208618164062 51.3259429931641 51.1325531005859 50.9466209411621 50.7707786560059 50.5587387084961 50.3437042236328 50.20263671875 50.012638092041 49.894115447998 49.7462844848633 49.426197052002
53.315502166748 53.4983596801758 53.8803176879883 53.1010437011719 52.3599433898926 51.9782524108887 51.9894676208496 52.2321586608887 53.1065063476562 54.3807067871094 54.7296142578125 54.5635452270508 54.9976654052734 55.8621292114258 56.6079902648926 56.1850624084473 56.1966705322266 56.2693099975586 55.6303100585938 55.619255065918 56.2166557312012 56.0353012084961 55.3095169067383 54.0177917480469 52.906608581543 53.1311492919922 53.44091796875 53.5743255615234 53.0286712646484 52.5015754699707 52.3189964294434 52.139045715332 51.9048309326172 51.7986450195312 51.6711616516113 51.6259002685547 51.3805351257324 50.9399185180664 50.8433227539062 50.6909217834473 50.5623474121094 50.3841285705566 50.1850318908691 50.0752716064453 49.9580421447754 49.7449760437012 49.4908065795898 49.4036903381348 49.1752700805664
52.5081253051758 52.1841468811035 52.6429977416992 52.7996101379395 52.0459594726562 51.6563911437988 51.7057037353516 51.8310089111328 52.3284873962402 53.4438667297363 54.2601127624512 54.7495574951172 55.6631355285645 56.4702987670898 56.8791999816895 56.8451881408691 56.8826675415039 56.8745498657227 55.7428855895996 54.5089454650879 54.7074279785156 54.5591354370117 53.6381301879883 52.9956169128418 52.7508316040039 52.9708251953125 53.2526626586914 53.4782562255859 52.9344520568848 52.3057670593262 52.0224723815918 51.7112503051758 51.5875549316406 51.5049514770508 51.2680358886719 51.1364707946777 50.9772071838379 50.6627082824707 50.4397430419922 50.3469085693359 50.3027763366699 50.104549407959 49.8586235046387 49.7913818359375 49.6115264892578 49.4210166931152 49.2242202758789 49.0790557861328 48.8208885192871
52.1007347106934 51.705493927002 51.2492523193359 52.226936340332 52.1371841430664 52.0093803405762 51.6487197875977 51.3959808349609 51.4041137695312 51.5908889770508 51.9811782836914 52.503978729248 52.6640319824219 52.6009407043457 52.8890647888184 53.1645126342773 53.0875015258789 52.8908348083496 52.5991668701172 51.905834197998 51.7036437988281 51.6499099731445 51.6479911804199 51.8753509521484 52.0232429504395 52.1558494567871 52.4442558288574 52.7495918273926 52.3905296325684 51.6606788635254 51.2904319763184 51.0680770874023 51.119270324707 51.1183738708496 50.8378028869629 50.4995079040527 50.3870086669922 50.1073608398438 49.9433212280273 49.7518196105957 49.6191291809082 49.4981117248535 49.3467597961426 49.2394943237305 49.0908813476562 48.8287582397461 48.5928993225098 48.4169006347656 48.3148384094238
51.0596504211426 50.9566688537598 51.4388046264648 52.0455856323242 53.1846618652344 52.8888206481934 51.4803276062012 51.0124435424805 50.965576171875 51.219108581543 51.4098358154297 51.6738548278809 51.9628524780273 52.1605949401855 51.7198066711426 51.5996971130371 51.6865081787109 51.9310302734375 51.7446479797363 51.5286407470703 51.5796127319336 51.4043273925781 51.3506927490234 51.7236137390137 51.8577346801758 51.9038200378418 52.1173706054688 52.1736946105957 51.9667167663574 51.5746040344238 51.1287574768066 50.8163452148438 50.9619674682617 51.0586585998535 50.6974906921387 50.4319458007812 50.3798637390137 49.9780197143555 49.8341369628906 49.5602226257324 49.3001823425293 49.3086929321289 49.2707214355469 49.0979385375977 48.8744888305664 48.5697441101074 48.3158149719238 48.1045532226562 48.0600433349609
50.5200004577637 50.0955505371094 50.8001289367676 51.206241607666 52.1082229614258 51.831413269043 50.8457984924316 50.7196578979492 50.6088218688965 50.7665405273438 51.0424842834473 51.0644111633301 51.1724281311035 51.610668182373 51.298038482666 51.0995063781738 51.1447792053223 51.2489128112793 51.2857093811035 51.3176002502441 51.4503517150879 51.2978248596191 51.1251945495605 51.288688659668 51.3331832885742 51.5001487731934 51.5735778808594 51.6488189697266 51.5978393554688 51.3834495544434 51.0164375305176 50.6030158996582 50.4511528015137 50.5070037841797 50.4218254089355 50.4274597167969 50.441764831543 49.9668464660645 49.78515625 49.5417594909668 49.2904930114746 49.2624244689941 49.1393890380859 48.9969329833984 48.7973861694336 48.5176696777344 48.2247200012207 48.014591217041 47.8678207397461
51.1007537841797 50.0563850402832 50.1423492431641 50.4087829589844 50.5579986572266 50.5354232788086 50.4453163146973 50.482967376709 50.3363952636719 50.366943359375 50.6042785644531 50.6696739196777 50.7027206420898 51.0404853820801 51.0292282104492 50.835334777832 50.9402961730957 50.9565086364746 51.0135841369629 51.108943939209 51.1592330932617 51.2057151794434 51.130126953125 50.9388160705566 51.210578918457 51.5739936828613 51.2573776245117 51.3933525085449 51.3298301696777 50.9336776733398 50.6022987365723 50.3557777404785 50.1182289123535 50.1088409423828 50.0945358276367 50.1633338928223 50.1079063415527 49.7055816650391 49.5674247741699 49.3230972290039 49.2041130065918 49.2054748535156 48.9704284667969 48.7606925964355 48.6532402038574 48.3490371704102 48.0772857666016 47.9020767211914 47.8268928527832
51.5796699523926 50.0598945617676 49.734016418457 50.161018371582 50.1522254943848 50.0858421325684 49.9582557678223 50.0587882995605 50.1386528015137 50.1599006652832 50.413516998291 50.7306022644043 50.8065528869629 50.8648567199707 50.8829879760742 50.8348045349121 50.8737907409668 50.7270088195801 50.7830810546875 50.8570365905762 50.8646202087402 51.2996063232422 51.588695526123 51.2167549133301 51.3307304382324 51.6976013183594 51.2991638183594 51.1780815124512 50.8118171691895 50.3859710693359 50.0991287231445 50.0035018920898 49.9690933227539 49.9641265869141 49.8527412414551 49.901294708252 49.9550476074219 49.5409851074219 49.286018371582 49.0333137512207 48.966438293457 48.9434089660645 48.7373466491699 48.4597320556641 48.4181900024414 48.1865272521973 47.927806854248 47.6722259521484 47.6016464233398
50.3819236755371 49.4729270935059 49.4132537841797 50.2054901123047 49.9579048156738 49.7102317810059 49.5227012634277 49.7848930358887 50.0590286254883 50.0506324768066 50.3503189086914 50.8071594238281 50.8176803588867 50.6108474731445 50.5708198547363 50.5800514221191 50.5795936584473 50.5381088256836 50.4686088562012 50.4576568603516 50.6753044128418 51.7037086486816 52.4631614685059 51.8238945007324 51.3671569824219 51.4389228820801 50.869140625 50.6315689086914 50.4235687255859 50.2267646789551 49.9403038024902 49.7282791137695 49.6431694030762 49.5659561157227 49.5141487121582 49.5550117492676 49.615550994873 49.4064407348633 49.0954971313477 48.884449005127 48.6871566772461 48.4976539611816 48.3810539245605 48.1812591552734 48.2803573608398 48.199348449707 47.8635406494141 47.4631004333496 47.2676315307617
49.2509880065918 49.3476066589355 49.7617797851562 50.6076278686523 49.9881706237793 49.6081848144531 49.5317497253418 49.6785163879395 49.7521018981934 49.6502380371094 49.8845520019531 50.1922416687012 50.3406524658203 50.3601913452148 50.451343536377 50.3931541442871 50.2238540649414 50.3501930236816 50.3448867797852 50.3324394226074 50.9629592895508 51.7108955383301 52.1339416503906 51.797290802002 51.323673248291 51.0553092956543 50.3160705566406 50.4235916137695 50.6345329284668 50.6017417907715 50.1180953979492 49.8550415039062 49.6855583190918 49.2373809814453 49.1869583129883 49.2159080505371 49.1109046936035 49.1664276123047 48.9801406860352 48.7372131347656 48.4623222351074 48.3320388793945 48.187068939209 47.944652557373 47.9350166320801 47.8979187011719 47.7096862792969 47.3980484008789 47.0227928161621
49.0819320678711 49.3735466003418 49.9828109741211 51.114917755127 50.625171661377 50.0165557861328 49.7159805297852 49.5412063598633 49.4408836364746 49.3047561645508 49.5582389831543 49.8507995605469 49.951042175293 50.0073509216309 50.3010673522949 50.2408752441406 49.9938354492188 50.0549812316895 50.1297607421875 50.2446060180664 50.8306541442871 50.9492950439453 51.0827217102051 51.3674011230469 51.1358909606934 50.6433410644531 49.99755859375 50.541187286377 51.0391082763672 50.8884506225586 50.5619316101074 50.4168395996094 50.0017585754395 49.1656112670898 48.9408721923828 48.9783058166504 48.889102935791 48.8358879089355 48.757022857666 48.6533241271973 48.4150505065918 48.2862396240234 48.1504287719727 47.8763847351074 47.5916366577148 47.4982528686523 47.4539642333984 47.2708549499512 46.9621353149414
48.9734230041504 49.1983070373535 49.6529083251953 51.4118003845215 51.4890899658203 50.5757446289062 49.6669387817383 49.298755645752 49.2188415527344 49.3126564025879 49.6226844787598 49.752498626709 49.7162475585938 49.8472938537598 50.0280990600586 49.8420906066895 49.6778907775879 49.6344757080078 49.6911964416504 49.9928283691406 50.292423248291 50.4829254150391 50.7135848999023 50.9796409606934 50.948787689209 50.4075508117676 49.5823974609375 50.0012435913086 50.3228569030762 50.3407020568848 50.4546737670898 50.2476119995117 49.7633399963379 49.094482421875 48.8266639709473 48.7631950378418 48.7386703491211 48.3997077941895 48.3167304992676 48.3652992248535 48.2233085632324 47.9954261779785 47.8813934326172 47.6821937561035 47.4179039001465 47.2173652648926 47.1581039428711 47.0729103088379 46.9149284362793
49.6830863952637 49.3840484619141 49.7144012451172 51.4169998168945 51.6940765380859 50.3348007202148 49.1448364257812 48.9192276000977 48.9337005615234 49.1179084777832 49.3097038269043 49.2214279174805 49.4204063415527 49.8448944091797 49.709659576416 49.5074195861816 49.3439636230469 49.341739654541 49.480770111084 49.7395248413086 49.9341735839844 50.123477935791 50.2739944458008 50.3938522338867 50.2996635437012 49.8366813659668 49.3731918334961 49.3386993408203 49.2494125366211 49.3754005432129 49.536693572998 49.3470802307129 49.1117706298828 48.8501014709473 48.7254409790039 48.5642318725586 48.4676208496094 48.1306114196777 47.9706764221191 47.9297065734863 47.8546867370605 47.6445960998535 47.3674011230469 47.3148727416992 47.2948455810547 47.0592269897461 46.9501914978027 46.8534774780273 46.6428070068359
49.9541473388672 49.5741691589355 49.719539642334 51.3086967468262 51.5257720947266 49.8732261657715 48.710620880127 48.7285308837891 48.7609405517578 48.7349128723145 48.7928886413574 48.8158340454102 49.0358390808105 49.2878494262695 49.3583755493164 49.3408126831055 49.2583961486816 49.234619140625 49.3100624084473 49.3610992431641 49.5131759643555 49.6445846557617 49.6855049133301 49.9718132019043 49.9826278686523 49.6998825073242 49.588264465332 49.197322845459 48.9537696838379 48.8297843933105 48.7745628356934 48.6953735351562 48.5770225524902 48.431713104248 48.3094062805176 48.1309509277344 48.0263748168945 47.8349914550781 47.7036781311035 47.6213073730469 47.5382232666016 47.4197387695312 47.1675796508789 47.106861114502 47.2308921813965 46.9716644287109 46.7407150268555 46.5660552978516 46.4141731262207
48.8727989196777 48.9007263183594 48.8134841918945 50.1769256591797 50.4103546142578 49.5122337341309 48.6524505615234 48.6220321655273 48.6722297668457 48.5431213378906 48.586296081543 48.7145309448242 48.7339057922363 48.8642463684082 49.1305618286133 49.1671371459961 49.1090278625488 49.146369934082 49.0971946716309 49.1500434875488 49.4061584472656 49.4752883911133 49.3091354370117 49.6091995239258 49.7898788452148 49.7094573974609 49.6432075500488 49.3020248413086 49.0100212097168 48.926025390625 48.7401885986328 48.5384140014648 48.376636505127 48.0588111877441 47.962589263916 47.8925819396973 47.7607955932617 47.664608001709 47.4831695556641 47.3305854797363 47.2670288085938 47.2110137939453 47.027759552002 46.9041633605957 46.924144744873 46.7036781311035 46.4759750366211 46.3273658752441 46.212230682373
