rcp4.5models/MPi_ESM_LR/sc1gr4.20
NCOLS 261 
NROWS 433 
XLLCORNER 336357.134 
YLLCORNER 654653.479 
CELLSIZE 1000 
NODATA_value -3.4e+38 
[rows 264 to 285 of 433, columns 49 to 97 of 261]
259.355834960938 259.245819091797 259.063995361328 259.324035644531 259.391967773438 259.265014648438 259.398651123047 259.274353027344 259.630828857422 259.756164550781 259.468719482422 259.218780517578 259.543548583984 259.495574951172 259.045532226562 258.600433349609 258.357940673828 258.504821777344 257.70166015625 257.705902099609 258.269592285156 258.481018066406 258.252258300781 257.873687744141 257.5322265625 257.035614013672 257.048248291016 258.226806640625 258.767974853516 258.428405761719 257.543518066406 256.777252197266 256.596923828125 256.918701171875 257.227325439453 257.125183105469 256.528015136719 256.112182617188 256.540405273438 256.616882324219 256.422271728516 255.933013916016 255.386734008789 254.26921081543 254.058944702148 254.941390991211 252.560165405273 251.349838256836 251.001190185547
259.564208984375 259.420227050781 259.080413818359 259.022155761719 259.15673828125 259.321624755859 259.44970703125 258.947387695312 259.035888671875 259.653747558594 259.889221191406 259.482238769531 259.097381591797 259.134460449219 259.282165527344 259.030548095703 258.735076904297 258.810852050781 257.380462646484 257.541473388672 258.120788574219 258.349975585938 258.228820800781 257.737152099609 257.42724609375 257.127532958984 256.914733886719 258.018981933594 259.028137207031 258.502136230469 258.35302734375 257.723266601562 256.979370117188 256.875030517578 257.041687011719 257.052520751953 256.359527587891 256.102386474609 256.533966064453 256.497650146484 256.261169433594 256.238189697266 255.438735961914 254.453598022461 253.613967895508 253.546463012695 252.321990966797 251.365051269531 249.288604736328
259.293395996094 259.120300292969 258.927490234375 258.865356445312 258.9716796875 259.154937744141 259.231018066406 258.772308349609 258.757843017578 258.641754150391 258.871459960938 259.397918701172 259.226196289062 259.366088867188 259.463562011719 259.61572265625 259.404876708984 258.883056640625 258.032073974609 258.059173583984 258.416137695312 258.349884033203 258.759033203125 258.768157958984 257.860107421875 257.301513671875 257.902038574219 258.325927734375 259.092224121094 258.731872558594 258.176544189453 257.475921630859 257.113037109375 256.561676025391 256.106414794922 256.064788818359 256.560852050781 256.325927734375 256.51904296875 256.483306884766 256.034301757812 256.255920410156 255.671249389648 254.334533691406 251.650131225586 248.90251159668 250.484390258789 252.352066040039 243.776565551758
259.091674804688 258.899658203125 258.862640380859 258.887847900391 259.019653320312 259.260711669922 259.335083007812 258.530731201172 258.7470703125 258.658843994141 258.392852783203 258.815155029297 258.535583496094 258.737548828125 259.308807373047 259.668609619141 259.586944580078 259.076751708984 258.577209472656 258.75048828125 258.472473144531 258.10107421875 258.548797607422 259.017211914062 257.867431640625 257.295227050781 258.672546386719 259.072509765625 259.399871826172 259.106872558594 257.959045410156 256.713775634766 256.786529541016 256.838775634766 256.638458251953 256.530456542969 256.682189941406 256.528869628906 256.522644042969 256.516937255859 256.208770751953 256.341125488281 255.966491699219 255.071853637695 253.656051635742 252.466049194336 252.409439086914 252.093994140625 244.851287841797
259.546813964844 259.353332519531 259.157287597656 258.865966796875 259.008666992188 259.557525634766 259.654754638672 258.373718261719 258.870361328125 259.061065673828 258.978057861328 258.8681640625 258.3193359375 258.110229492188 258.499725341797 259.275634765625 259.5537109375 259.381805419922 258.992858886719 258.771545410156 258.40380859375 258.377349853516 258.79296875 259.070404052734 257.875946044922 257.447143554688 259.1376953125 259.541931152344 259.363494873047 258.884246826172 257.650482177734 255.416717529297 255.852188110352 257.514465332031 257.087615966797 257.476593017578 257.246795654297 257.070159912109 256.811798095703 256.484680175781 256.209533691406 255.827163696289 256.312469482422 256.029052734375 255.197418212891 253.89274597168 253.268020629883 252.050094604492 241.78564453125
259.805877685547 259.531616210938 259.128509521484 259.021240234375 259.266265869141 259.742126464844 259.998168945312 258.573486328125 259.156188964844 259.275909423828 259.355285644531 259.212768554688 258.858795166016 258.539245605469 258.429565429688 258.608215332031 259.089416503906 259.441680908203 258.987823486328 258.653625488281 258.669281005859 258.706207275391 259.109771728516 259.218780517578 258.158386230469 257.994262695312 259.407135009766 259.295013427734 258.815734863281 258.652923583984 258.029907226562 255.805297851562 256.409332275391 258.011505126953 257.619964599609 257.892181396484 257.637359619141 257.527557373047 257.088684082031 256.381744384766 256.134674072266 254.736907958984 254.802139282227 255.106231689453 253.742431640625 252.359390258789 251.845626831055 252.976272583008 244.390655517578
259.819519042969 259.637390136719 259.383453369141 259.407104492188 259.735931396484 259.781127929688 259.691314697266 258.867340087891 259.512817382812 259.585632324219 259.427642822266 259.565277099609 259.072174072266 258.734313964844 258.343231201172 257.949035644531 258.397613525391 259.221801757812 258.681640625 258.503112792969 258.712066650391 258.928527832031 259.087219238281 259.522399902344 258.991973876953 258.70166015625 259.436401367188 259.250366210938 258.793640136719 259.292694091797 259.181945800781 257.705749511719 257.267700195312 258.010589599609 258.196533203125 258.267639160156 257.821166992188 257.391448974609 257.181854248047 256.899169921875 256.6015625 253.638671875 251.762542724609 252.002593994141 251.084442138672 250.999252319336 251.789779663086 252.995071411133 247.101058959961
260.545166015625 260.356109619141 259.962158203125 259.762451171875 260.008514404297 260.051391601562 259.671447753906 259.360229492188 259.621246337891 259.461151123047 259.447296142578 259.480621337891 259.315887451172 258.938842773438 258.498809814453 257.791656494141 257.198913574219 258.06494140625 258.478759765625 258.3681640625 258.532775878906 258.945648193359 259.496826171875 259.646667480469 259.146850585938 259.078582763672 259.750549316406 259.551483154297 258.990539550781 259.494506835938 259.73046875 257.993835449219 255.741821289062 256.578002929688 257.147674560547 257.590911865234 257.786163330078 257.555969238281 257.601257324219 257.851745605469 257.873748779297 253.420654296875 250.956268310547 251.160430908203 251.97053527832 253.301895141602 254.27961730957 254.059936523438 248.74072265625
260.666687011719 260.835052490234 260.557281494141 260.317230224609 260.374450683594 260.364410400391 260.008453369141 259.8623046875 260.001434326172 259.599792480469 259.238311767578 259.078216552734 259.327728271484 259.395324707031 258.935577392578 258.105529785156 257.021606445312 257.155670166016 258.694549560547 259.017028808594 258.876922607422 258.782470703125 259.493438720703 259.841033935547 259.391479492188 259.489440917969 259.623382568359 259.174163818359 258.868957519531 258.969146728516 259.639495849609 257.466033935547 253.251846313477 252.984970092773 253.314956665039 254.16780090332 257.653991699219 257.841766357422 258.378662109375 258.678894042969 258.548767089844 253.151596069336 251.177459716797 251.843460083008 255.156051635742 256.525970458984 255.85856628418 254.481369018555 249.335693359375
260.429840087891 260.625030517578 260.7060546875 260.564575195312 260.550994873047 260.512542724609 260.390533447266 260.060333251953 259.796447753906 259.639709472656 259.382568359375 259.401794433594 259.57275390625 259.551239013672 258.870971679688 258.257598876953 257.273620605469 256.323455810547 258.617004394531 259.476257324219 259.059234619141 259.16845703125 259.512878417969 260.245483398438 260.207122802734 260.009063720703 259.46142578125 258.323486328125 257.611083984375 258.532562255859 258.959228515625 257.801910400391 252.71159362793 250.81413269043 251.985885620117 252.45442199707 256.986999511719 258.103637695312 258.951019287109 259.024108886719 258.488647460938 255.677597045898 254.35905456543 254.845001220703 255.403121948242 255.212875366211 256.751556396484 255.067016601562 250.150131225586
260.257049560547 260.206726074219 260.080627441406 260.177795410156 260.353240966797 260.248260498047 259.835510253906 259.783843994141 259.483093261719 259.371704101562 259.286834716797 259.511596679688 259.689208984375 259.474822998047 259.040496826172 258.360076904297 257.77734375 257.819488525391 259.162109375 259.559631347656 259.131866455078 259.340606689453 259.701354980469 260.144104003906 260.669128417969 260.271911621094 259.423431396484 257.979705810547 256.736724853516 258.313629150391 257.726684570312 257.982452392578 255.039642333984 251.457656860352 252.800582885742 253.95344543457 256.641906738281 258.015411376953 259.221496582031 259.18408203125 258.860565185547 256.889190673828 255.962127685547 256.652709960938 255.814208984375 255.58935546875 257.300537109375 256.444732666016 254.443603515625
260.211761474609 260.173706054688 259.955017089844 259.954467773438 259.666900634766 259.064849853516 259.054565429688 259.63720703125 259.502960205078 259.339019775391 259.167877197266 259.25634765625 259.376922607422 259.353485107422 259.393737792969 259.183532714844 258.485443115234 257.985443115234 259.741607666016 259.341766357422 259.094055175781 259.539306640625 260.055633544922 260.458984375 260.742614746094 260.385009765625 259.834686279297 259.031494140625 258.212982177734 258.921142578125 257.134155273438 256.852233886719 257.268371582031 254.560256958008 252.866302490234 253.172348022461 256.1015625 257.810943603516 259.380676269531 259.324890136719 258.665893554688 254.47087097168 254.841445922852 255.255905151367 255.612075805664 257.486907958984 257.121307373047 257.039245605469 257.426818847656
260.293548583984 260.289855957031 260.079071044922 260.038726806641 259.839324951172 259.508605957031 259.887481689453 259.646484375 259.661254882812 259.779022216797 259.623504638672 259.182708740234 259.240081787109 259.456207275391 259.657867431641 259.330810546875 258.648162841797 258.520538330078 260.189880371094 259.458374023438 259.148223876953 259.485198974609 260.105194091797 260.462158203125 260.127044677734 260.056182861328 259.891540527344 259.782897949219 259.672241210938 258.6357421875 255.427383422852 255.183486938477 258.301330566406 257.555053710938 254.105895996094 250.229339599609 252.037246704102 256.515991210938 259.710113525391 259.4345703125 258.632598876953 255.4619140625 255.661468505859 256.242950439453 256.648590087891 258.246520996094 257.637298583984 257.700103759766 258.271453857422
260.345245361328 260.431121826172 260.469024658203 260.507507324219 260.514953613281 260.333984375 260.441711425781 260.261993408203 260.098968505859 260.082550048828 259.938018798828 259.273101806641 259.405731201172 259.614410400391 259.767547607422 259.808685302734 259.605194091797 259.781890869141 260.280792236328 259.358703613281 258.837860107422 259.431274414062 260.454528808594 260.543334960938 260.115661621094 259.799713134766 259.698120117188 259.271850585938 258.999176025391 258.250885009766 254.879898071289 254.895767211914 258.335632324219 258.976196289062 257.682922363281 255.139724731445 255.26008605957 257.788116455078 259.752288818359 259.744812011719 259.147155761719 256.684692382812 256.919189453125 257.9794921875 258.492126464844 258.777465820312 258.560699462891 258.215972900391 258.060577392578
260.054016113281 260.045257568359 260.134979248047 260.350250244141 260.419952392578 260.445526123047 260.4599609375 260.239929199219 259.913177490234 259.926452636719 259.741271972656 259.404083251953 259.570831298828 259.809814453125 260.199096679688 260.392822265625 260.514068603516 260.530548095703 260.357696533203 260.597778320312 260.49951171875 260.333862304688 259.461242675781 258.526885986328 259.496307373047 260.021087646484 260.180145263672 259.773681640625 258.350280761719 257.920959472656 256.128204345703 255.957489013672 259.391723632812 259.834777832031 260.020874023438 259.950653076172 259.48779296875 259.564880371094 260.012329101562 259.711334228516 259.203094482422 256.974639892578 256.699066162109 259.088287353516 259.03955078125 258.718231201172 259.098571777344 258.600708007812 257.77880859375
260.137298583984 260.068145751953 260.085357666016 260.327392578125 260.472503662109 260.1708984375 260.197875976562 260.271942138672 260.120056152344 260.294952392578 260.022735595703 259.700775146484 260.088684082031 260.228271484375 260.293823242188 260.236633300781 260.4560546875 260.403259277344 260.077087402344 260.418182373047 260.510681152344 260.38720703125 258.846893310547 257.617218017578 258.570587158203 259.793487548828 260.054534912109 259.610656738281 258.844787597656 258.876159667969 258.853363037109 258.33154296875 259.352386474609 258.763946533203 258.996917724609 259.072937011719 258.539642333984 258.730194091797 259.740509033203 259.657409667969 258.361694335938 253.308334350586 253.957885742188 257.431304931641 256.583831787109 256.999877929688 259.208465576172 258.75927734375 257.470916748047
260.191284179688 260.091766357422 260.084320068359 260.227783203125 260.310852050781 260.027465820312 260.148162841797 260.491912841797 260.363891601562 260.38232421875 260.296295166016 260.24658203125 260.402404785156 260.455352783203 260.202880859375 259.450439453125 259.742248535156 260.166839599609 259.984405517578 260.330230712891 260.4921875 260.260101318359 259.615478515625 258.452178955078 258.230377197266 259.340972900391 259.943511962891 259.484222412109 259.002288818359 259.647705078125 260.229217529297 259.775482177734 258.671112060547 257.198028564453 256.100677490234 255.952255249023 256.542602539062 257.418853759766 259.1552734375 259.013488769531 257.395477294922 252.502090454102 252.524795532227 255.091400146484 255.731414794922 256.487884521484 258.643188476562 258.649841308594 257.458282470703
260.362731933594 260.346557617188 260.218597412109 260.2373046875 260.236663818359 260.027221679688 260.150939941406 260.339813232422 260.109130859375 260.328369140625 260.407623291016 260.435119628906 260.428405761719 260.330474853516 260.116424560547 259.478118896484 259.497131347656 260.073394775391 260.115173339844 260.212158203125 260.392700195312 260.252990722656 260.184722900391 259.571441650391 259.371856689453 259.083282470703 259.202819824219 259.569030761719 259.270324707031 259.839599609375 259.925689697266 258.944427490234 257.364776611328 256.545623779297 253.800506591797 253.584747314453 256.264038085938 257.706665039062 258.743896484375 259.163024902344 258.282043457031 252.611053466797 252.07209777832 254.184173583984 255.734802246094 256.203704833984 257.351531982422 258.183319091797 257.405151367188
260.056762695312 260.267303466797 260.689300537109 260.378387451172 260.121734619141 260.049285888672 260.017059326172 260.074584960938 259.971130371094 260.090057373047 260.461395263672 260.468078613281 259.8505859375 258.810302734375 258.822174072266 259.538635253906 259.804595947266 259.957580566406 260.022308349609 260.373779296875 259.760040283203 259.666259765625 260.167022705078 260.279388427734 259.654296875 258.598175048828 258.942138671875 259.660064697266 259.961395263672 257.956481933594 256.881774902344 258.925750732422 258.539855957031 257.930480957031 254.853988647461 254.251892089844 256.317077636719 257.250915527344 257.93115234375 258.818084716797 258.394714355469 250.819671630859 250.762252807617 253.339935302734 254.694686889648 255.73258972168 257.136993408203 258.262542724609 257.022644042969
259.979309082031 260.041259765625 260.483703613281 260.306915283203 260.130249023438 260.012054443359 260.070739746094 259.830047607422 259.759857177734 259.755096435547 260.368041992188 260.714599609375 259.883728027344 258.7294921875 258.679962158203 259.532409667969 259.856079101562 260.055114746094 259.708862304688 259.231689453125 258.664245605469 258.955169677734 259.807189941406 260.432037353516 259.131652832031 258.264892578125 259.157562255859 259.755706787109 260.155334472656 256.899597167969 255.033294677734 258.897399902344 259.786834716797 259.138580322266 257.280914306641 255.628784179688 255.807418823242 256.308563232422 257.340423583984 257.217681884766 255.574905395508 250.530624389648 248.891021728516 250.286376953125 252.460037231445 255.993286132812 257.938385009766 257.796569824219 256.520874023438
259.902648925781 260.235137939453 260.329467773438 260.319519042969 260.294128417969 260.225006103516 260.176605224609 259.991638183594 259.659362792969 259.608154296875 259.836090087891 260.417175292969 260.458221435547 259.768951416016 259.426635742188 259.632385253906 259.892669677734 260.210876464844 259.902038574219 258.708312988281 258.865661621094 259.792999267578 260.221466064453 260.033172607422 259.577514648438 259.436981201172 259.807434082031 260.185241699219 260.012634277344 257.609741210938 256.371429443359 258.956237792969 260.158935546875 259.657897949219 258.48291015625 257.500305175781 257.756317138672 256.254730224609 254.544998168945 254.716293334961 253.942138671875 249.566879272461 247.963745117188 248.158584594727 251.024673461914 256.932952880859 258.120208740234 256.645202636719 255.830963134766
259.785278320312 259.981475830078 260.274658203125 260.32080078125 260.376434326172 260.470581054688 260.579498291016 260.085784912109 259.752075195312 259.378875732422 259.302459716797 259.875701904297 260.291870117188 258.846801757812 256.617797851562 257.824432373047 259.678588867188 259.836639404297 260.381134033203 259.105194091797 259.043395996094 260.187316894531 260.204284667969 259.872283935547 259.647521972656 259.635681152344 259.751007080078 259.814361572266 259.941436767578 258.074859619141 255.440414428711 257.076385498047 260.35400390625 259.650543212891 257.879272460938 256.438354492188 256.181365966797 256.749725341797 255.384048461914 253.892471313477 254.233245849609 250.639953613281 250.277877807617 250.597274780273 253.422912597656 257.589141845703 258.307464599609 256.683410644531 256.148406982422
