rcp4.5models/MPi_ESM_LR/sc1gr10.23
NCOLS 261 
NROWS 433 
XLLCORNER 336357.134 
YLLCORNER 654653.479 
CELLSIZE 1000 
NODATA_value -3.4e+38 
[rows 264 to 285 of 433, columns 49 to 97 of 261]
214.722625732422 213.910369873047 212.605865478516 211.350173950195 210.247131347656 209.123077392578 207.755447387695 205.792831420898 204.707000732422 203.694458007812 202.720413208008 201.791580200195 200.639846801758 199.732955932617 199.067428588867 198.233108520508 197.484802246094 196.3515625 194.923431396484 193.859664916992 192.307144165039 191.033676147461 190.120361328125 189.158813476562 188.304306030273 187.606384277344 186.45832824707 184.562637329102 183.352462768555 181.511474609375 180.662506103516 180.011688232422 179.100891113281 177.776733398438 176.607406616211 175.656967163086 175.033599853516 174.05061340332 172.719284057617 171.72639465332 170.823684692383 169.099639892578 168.462173461914 167.753234863281 166.828079223633 165.697860717773 165.856689453125 165.485137939453 164.93473815918
214.626617431641 213.7080078125 212.710266113281 211.649154663086 210.496856689453 208.973983764648 207.781753540039 206.06233215332 204.885482788086 203.398574829102 202.336135864258 201.460800170898 200.771514892578 199.781265258789 198.512100219727 197.690124511719 196.940353393555 195.919692993164 194.893264770508 193.871002197266 192.175201416016 190.921142578125 189.919250488281 188.861450195312 188.005783081055 187.228530883789 186.019622802734 184.251922607422 182.856872558594 181.10205078125 179.959625244141 179.065093994141 178.314315795898 177.344924926758 176.165924072266 175.207412719727 174.437042236328 173.263412475586 171.977127075195 171.0556640625 170.294860839844 168.192428588867 167.443786621094 166.845336914062 166.122940063477 165.240447998047 164.858535766602 164.453048706055 165.26838684082
214.750610351562 213.767578125 212.881698608398 211.711853027344 210.570861816406 209.223648071289 207.996307373047 206.420303344727 205.566345214844 204.697479248047 203.370498657227 201.547912597656 200.617797851562 199.569396972656 198.382705688477 197.163879394531 196.310363769531 195.731628417969 194.028701782227 192.839080810547 191.498321533203 190.618499755859 189.217987060547 188.116195678711 187.492446899414 186.601928710938 185.045181274414 183.583694458008 182.034851074219 180.16032409668 179.248947143555 178.243026733398 177.259246826172 176.352279663086 175.553680419922 174.513793945312 172.978790283203 171.998657226562 170.868667602539 169.654159545898 168.814178466797 166.643859863281 165.886199951172 165.365005493164 165.482788085938 165.75959777832 164.212890625 162.503509521484 145.050186157227
214.887817382812 213.882690429688 212.93196105957 211.823791503906 210.687622070312 209.161865234375 207.852523803711 206.549652099609 205.454803466797 204.747817993164 203.962707519531 202.145904541016 201.144821166992 199.992980957031 198.507888793945 197.289199829102 196.181823730469 195.464920043945 193.543579101562 192.402191162109 191.293167114258 190.535400390625 189.095565795898 187.762344360352 187.368194580078 186.260223388672 184.250793457031 182.886810302734 181.582382202148 179.665466308594 178.955108642578 178.111129760742 177.035568237305 175.754837036133 174.726577758789 173.756591796875 172.475082397461 171.35627746582 170.178344726562 168.955062866211 168.126815795898 166.120346069336 165.154571533203 164.412567138672 163.901794433594 163.467300415039 162.436141967773 161.678253173828 166.302444458008
214.491027832031 213.453475952148 212.7333984375 211.987747192383 210.822463989258 209.042343139648 207.737258911133 207.04948425293 205.456085205078 204.373077392578 203.332641601562 202.098678588867 201.461669921875 200.569625854492 199.009994506836 197.471496582031 196.221343994141 195.136337280273 193.276641845703 192.27165222168 191.396713256836 190.346557617188 188.901702880859 187.3994140625 186.961227416992 185.980270385742 183.677719116211 182.481552124023 181.58203125 179.201751708984 178.526672363281 178.448516845703 177.241607666016 174.984069824219 173.922302246094 172.800842285156 171.85774230957 170.861343383789 169.665802001953 168.492568969727 167.587478637695 165.550933837891 164.269134521484 163.369201660156 162.616928100586 161.931503295898 161.274856567383 161.115753173828 169.948669433594
214.360992431641 213.311614990234 212.716918945312 211.898941040039 210.642150878906 208.90202331543 207.504379272461 206.70524597168 205.152404785156 204.178665161133 202.921295166016 201.747650146484 200.988952636719 200.378005981445 199.325042724609 197.897018432617 196.419784545898 195.095550537109 193.33854675293 192.462463378906 191.389175415039 189.987640380859 188.453125 187.220413208008 186.674865722656 185.490615844727 183.338409423828 182.309875488281 181.479949951172 179.037231445312 178.090530395508 177.950439453125 176.607391357422 174.540054321289 173.621475219727 172.373825073242 171.197082519531 170.127212524414 169.069549560547 168.09521484375 167.026870727539 165.116455078125 164.08528137207 162.829803466797 162.232421875 161.83073425293 161.214096069336 160.0859375 167.162231445312
214.159866333008 213.203872680664 212.308120727539 211.393753051758 210.068618774414 208.806442260742 207.701309204102 206.17919921875 204.770767211914 203.86344909668 202.736480712891 201.375152587891 200.70866394043 200.178207397461 199.54345703125 198.739135742188 197.253982543945 195.394882202148 193.606170654297 192.657485961914 191.283172607422 189.622497558594 188.328079223633 187.093521118164 186.339889526367 184.993301391602 183.252548217773 182.177276611328 181.403717041016 178.728912353516 177.633529663086 176.979217529297 175.808486938477 174.407318115234 173.309188842773 172.060974121094 170.770843505859 169.505126953125 168.404006958008 167.367034912109 166.237976074219 164.901504516602 164.643814086914 163.255813598633 162.386596679688 161.637786865234 160.427749633789 159.037002563477 163.172317504883
213.413070678711 212.406631469727 211.892852783203 211.244262695312 209.657379150391 208.537170410156 208.11848449707 206.084396362305 204.727264404297 203.772659301758 202.857498168945 201.705352783203 200.926406860352 200.13232421875 199.57795715332 199.193252563477 198.388549804688 196.454895019531 193.795181274414 192.706726074219 191.275817871094 189.748840332031 188.048950195312 186.885269165039 186.015197753906 184.698043823242 183.285827636719 182.222717285156 181.266036987305 178.668090820312 177.461715698242 176.716720581055 175.912307739258 174.449737548828 173.066589355469 171.661178588867 170.463363647461 169.203475952148 168.006393432617 166.823928833008 165.678787231445 164.356140136719 164.132125854492 163.08088684082 161.686157226562 160.395874023438 159.146118164062 158.294708251953 161.158020019531
213.148986816406 212.107223510742 211.385711669922 210.527542114258 209.313827514648 208.280746459961 207.864822387695 205.639343261719 204.545669555664 203.848846435547 203.185775756836 202.276473999023 201.107650756836 200.097259521484 199.525650024414 199.055847167969 198.698516845703 197.517776489258 193.891342163086 192.378631591797 191.192337036133 190.100112915039 188.318786621094 186.909240722656 185.799285888672 184.467391967773 183.319396972656 182.377059936523 181.140686035156 178.766540527344 177.302810668945 176.699249267578 176.835021972656 175.665573120117 174.340454101562 173.021896362305 170.127471923828 168.898849487305 167.731430053711 166.58740234375 165.407241821289 163.778671264648 163.457702636719 162.384246826172 160.278076171875 159.158065795898 158.337677001953 157.591247558594 159.540435791016
213.505889892578 212.520172119141 211.22200012207 209.964096069336 209.001495361328 208.244918823242 207.422698974609 205.605758666992 204.892700195312 204.140380859375 203.266555786133 202.339279174805 201.072280883789 200.072998046875 199.700042724609 199.196166992188 198.908889770508 198.447219848633 194.080657958984 192.292282104492 191.326507568359 190.129501342773 188.518997192383 186.827545166016 185.547637939453 184.400512695312 183.531723022461 182.717910766602 181.59245300293 178.748809814453 177.306579589844 176.432479858398 177.066177368164 176.60774230957 174.421005249023 173.280349731445 169.922515869141 168.58268737793 167.450057983398 166.284408569336 165.093444824219 163.08283996582 162.287780761719 161.171676635742 159.805847167969 158.985900878906 157.747192382812 156.929397583008 158.277938842773
213.476608276367 212.96858215332 211.885040283203 210.508422851562 209.459182739258 208.847229003906 208.118072509766 206.048049926758 205.205093383789 204.505294799805 203.56526184082 202.359313964844 201.253723144531 200.357070922852 199.581100463867 199.233703613281 198.663177490234 197.444229125977 194.040603637695 192.521179199219 191.518905639648 190.201354980469 188.543823242188 187.085632324219 185.741790771484 184.653350830078 183.738967895508 182.899749755859 182.102554321289 178.726196289062 177.533264160156 176.196350097656 176.010055541992 175.736145019531 173.42155456543 171.913558959961 169.738739013672 168.269805908203 167.139526367188 165.962448120117 164.809982299805 162.428726196289 161.249420166016 160.199813842773 159.412628173828 158.558670043945 157.334701538086 156.383575439453 156.046615600586
213.242919921875 212.763320922852 212.012542724609 211.079956054688 210.557220458984 210.222854614258 209.156219482422 206.465179443359 205.530166625977 204.662353515625 203.772308349609 202.648040771484 201.875793457031 200.983108520508 199.559051513672 198.533340454102 198.064849853516 197.408706665039 193.621719360352 192.712585449219 191.713287353516 190.353805541992 188.693634033203 187.160766601562 185.832901000977 184.698135375977 183.710174560547 182.582534790039 181.637191772461 178.603988647461 177.764678955078 176.469055175781 175.054779052734 174.181625366211 173.185806274414 171.784973144531 169.413803100586 167.951354980469 166.841613769531 165.693939208984 164.492782592773 162.198455810547 160.878952026367 159.936538696289 159.071197509766 157.986663818359 156.977752685547 156.04850769043 155.227661132812
213.318969726562 212.665008544922 211.965866088867 211.128005981445 210.38444519043 209.667495727539 208.48828125 206.670715332031 205.753845214844 204.512710571289 203.697860717773 203.227874755859 202.414428710938 201.04084777832 199.539764404297 198.814529418945 198.359420776367 197.314712524414 193.361450195312 192.86930847168 192.112503051758 190.541610717773 188.819976806641 187.489074707031 186.387573242188 184.943878173828 183.688110351562 182.59944152832 181.320434570312 178.833053588867 178.502471923828 177.185546875 174.689453125 173.399993896484 173.096054077148 173.383712768555 171.246505737305 168.045486450195 166.596557617188 165.407333374023 164.179229736328 161.862289428711 160.599792480469 159.684616088867 158.771682739258 157.736785888672 156.718551635742 155.824859619141 155.009582519531
213.480392456055 212.573593139648 211.619033813477 210.827438354492 210.057662963867 209.295379638672 208.065536499023 206.417510986328 205.740325927734 204.586196899414 203.88703918457 203.452178955078 202.531646728516 201.077362060547 199.742462158203 198.92903137207 198.098556518555 196.799865722656 193.873397827148 193.537490844727 192.666748046875 190.839111328125 188.790100097656 187.529907226562 186.487319946289 185.196792602539 183.95719909668 183.127212524414 181.80158996582 179.108688354492 178.500839233398 177.033340454102 174.612838745117 173.141723632812 172.286758422852 172.098220825195 170.658966064453 168.077453613281 166.671325683594 165.485641479492 164.118774414062 161.431427001953 160.370559692383 159.397766113281 158.416061401367 157.481674194336 156.531066894531 155.610763549805 154.704956054688
213.985702514648 213.123291015625 212.08349609375 211.015472412109 210.310943603516 209.457565307617 208.624145507812 207.041488647461 206.422576904297 205.496780395508 204.883102416992 204.070404052734 203.025527954102 201.798950195312 200.230422973633 199.144989013672 198.103912353516 196.886001586914 194.733810424805 193.612503051758 192.393081665039 190.954559326172 190.211059570312 189.408294677734 187.596099853516 185.863586425781 184.455932617188 183.330917358398 182.363891601562 179.468765258789 178.320098876953 176.950469970703 174.862091064453 173.354705810547 172.024444580078 170.649826049805 169.226028442383 167.94172668457 166.632629394531 165.202514648438 163.967880249023 161.185150146484 160.156982421875 159.278961181641 158.107330322266 157.046401977539 156.265472412109 155.162338256836 154.049575805664
214.012832641602 213.266693115234 212.268402099609 211.170288085938 210.410186767578 209.947067260742 209.340103149414 206.982711791992 206.325729370117 205.312118530273 204.633163452148 204.136260986328 203.058547973633 201.789474487305 200.617523193359 199.828628540039 198.770401000977 197.639297485352 195.432907104492 194.042953491211 192.895629882812 191.597396850586 191.153854370117 190.408203125 188.441253662109 186.267150878906 184.757431030273 183.655410766602 182.531127929688 179.754516601562 178.235076904297 176.808364868164 175.052032470703 173.566696166992 172.068206787109 170.647735595703 169.113677978516 167.870986938477 166.631896972656 165.246765136719 163.702621459961 160.802047729492 159.965255737305 158.796081542969 157.484771728516 156.561660766602 156.244873046875 155.169509887695 153.926666259766
213.909896850586 213.264129638672 212.240875244141 211.561645507812 211.028244018555 210.474349975586 209.623001098633 207.390380859375 206.500747680664 205.450378417969 204.738143920898 204.188278198242 203.155578613281 201.931823730469 201.134567260742 200.918106079102 199.813247680664 198.239151000977 196.129470825195 194.721405029297 193.331192016602 192.21076965332 191.29133605957 190.581329345703 189.224136352539 187.115936279297 185.413940429688 184.093887329102 182.744537353516 179.887603759766 178.187759399414 176.827941894531 175.396377563477 173.752090454102 172.238174438477 170.563278198242 168.715225219727 167.678588867188 166.630340576172 165.202880859375 163.486633300781 160.414642333984 159.541549682617 157.982147216797 157.058990478516 156.31916809082 155.944152832031 155.02424621582 153.913330078125
213.800415039062 213.101745605469 212.431442260742 211.875274658203 211.226959228516 210.775863647461 209.724639892578 207.974884033203 207.200073242188 206.058334350586 205.090621948242 204.167510986328 203.5517578125 202.948699951172 202.106948852539 201.628875732422 200.585433959961 198.854751586914 196.717315673828 195.525573730469 193.972732543945 192.657684326172 191.486999511719 190.517547607422 189.249816894531 187.910415649414 186.411239624023 184.539184570312 183.11506652832 180.23469543457 178.578643798828 177.174682617188 175.748123168945 173.822875976562 172.313995361328 170.713912963867 168.826019287109 167.764892578125 166.653518676758 165.353317260742 163.795791625977 159.966766357422 159.064437866211 157.57731628418 156.911346435547 156.057464599609 155.544692993164 154.924240112305 153.776840209961
214.378265380859 213.500366210938 212.263336181641 212.045181274414 211.562713623047 210.92951965332 210.014358520508 208.728927612305 207.774780273438 206.637512207031 205.46223449707 204.651016235352 204.707595825195 205.117523193359 204.153854370117 202.468002319336 201.099716186523 199.773315429688 197.341552734375 195.950164794922 195.035675048828 193.68620300293 191.873397827148 190.491439819336 189.490264892578 188.716217041016 186.943786621094 185.031021118164 183.627380371094 181.089920043945 179.712966918945 177.749130249023 176.208389282227 174.230621337891 172.337631225586 170.602340698242 168.91569519043 167.694244384766 166.518417358398 165.351303100586 163.763488769531 161.065948486328 160.072845458984 157.405609130859 156.484268188477 155.822463989258 155.461883544922 154.844314575195 153.493957519531
214.66813659668 213.876220703125 212.529113769531 212.260299682617 211.874176025391 211.06266784668 210.290756225586 209.359176635742 208.459259033203 207.56217956543 206.170532226562 205.125213623047 205.271453857422 205.753631591797 205.056838989258 203.049346923828 201.516754150391 200.317718505859 198.112319946289 197.340301513672 196.470031738281 194.851959228516 192.733276367188 190.979751586914 190.320159912109 189.379028320312 187.473480224609 185.769165039062 184.117752075195 181.6123046875 180.327102661133 178.169189453125 176.537261962891 174.89094543457 172.867401123047 170.681640625 168.932235717773 167.450988769531 166.416015625 164.864593505859 162.582321166992 161.517044067383 162.112701416016 159.53303527832 157.354202270508 155.987121582031 155.800262451172 154.708526611328 153.407836914062
215.097106933594 214.123001098633 212.929977416992 212.264343261719 211.778015136719 211.248397827148 210.497360229492 209.34733581543 208.866012573242 208.275909423828 207.459320068359 205.856506347656 205.021026611328 205.354476928711 204.905517578125 203.529891967773 202.012588500977 200.812072753906 198.562194824219 198.38117980957 197.082550048828 195.097106933594 193.291519165039 191.993270874023 190.908966064453 189.51985168457 187.990707397461 186.214416503906 184.718673706055 182.038284301758 180.472137451172 178.676666259766 177.10302734375 175.464599609375 173.654251098633 171.70344543457 170.169342041016 168.078750610352 165.788604736328 163.840728759766 161.716033935547 162.779510498047 163.469833374023 161.517562866211 159.087265014648 156.408477783203 155.854568481445 154.501968383789 153.440948486328
215.521850585938 214.404220581055 213.410598754883 212.637191772461 211.865081787109 211.285247802734 210.433029174805 209.857650756836 209.657836914062 209.430145263672 208.630096435547 206.933929443359 205.691802978516 206.632293701172 207.961715698242 205.871932983398 203.278594970703 202.079284667969 199.04443359375 198.798400878906 197.656127929688 195.502212524414 194.085235595703 193.018539428711 191.673583984375 190.195907592773 188.714660644531 187.136322021484 185.556304931641 182.725967407227 181.367965698242 179.727432250977 177.827102661133 176.076553344727 174.019897460938 171.952377319336 170.265838623047 168.67121887207 166.198135375977 163.242324829102 161.775894165039 161.45768737793 160.92024230957 159.624710083008 158.052474975586 156.835159301758 156.111938476562 154.675567626953 153.61767578125
