rcp4.5models/MPi_ESM_LR/sc1gr0.27
NCOLS 261 
NROWS 433 
XLLCORNER 336357.134 
YLLCORNER 654653.479 
CELLSIZE 1000 
NODATA_value -3.4e+38 
[rows 0 to 21 of 433, columns 49 to 97 of 261]
-3.4e+38 -3.4e+38 -3.4e+38 -3.4e+38 -3.4e+38 -3.4e+38 -3.4e+38 -3.4e+38 -3.4e+38 -3.4e+38 -3.4e+38 -3.4e+38 -3.4e+38 -3.4e+38 -3.4e+38 -3.4e+38 -3.4e+38 -3.4e+38 -3.4e+38 -3.4e+38 -3.4e+38 -3.4e+38 -3.4e+38 -3.4e+38 -3.4e+38 -3.4e+38 -3.4e+38 -3.4e+38 -3.4e+38 -3.4e+38 -3.4e+38 -3.4e+38 -3.4e+38 -3.4e+38 -3.4e+38 -3.4e+38 -3.4e+38 -3.4e+38 -3.4e+38 -3.4e+38 -3.4e+38 -3.4e+38 -3.4e+38 -3.4e+38 -3.4e+38 -3.4e+38 -3.4e+38 -3.4e+38 -3.4e+38
-3.4e+38 -3.4e+38 -3.4e+38 -3.4e+38 -3.4e+38 -3.4e+38 -3.4e+38 -3.4e+38 -3.4e+38 -3.4e+38 -3.4e+38 -3.4e+38 -3.4e+38 -3.4e+38 -3.4e+38 -3.4e+38 -3.4e+38 -3.4e+38 -3.4e+38 -3.4e+38 -3.4e+38 38.4573936462402 38.5632743835449 38.7026596069336 38.9698295593262 39.1454811096191 39.216869354248 39.4193305969238 39.4328956604004 39.8016510009766 39.9484481811523 40.1459655761719 -3.4e+38 -3.4e+38 -3.4e+38 -3.4e+38 -3.4e+38 -3.4e+38 -3.4e+38 -3.4e+38 -3.4e+38 -3.4e+38 -3.4e+38 -3.4e+38 -3.4e+38 -3.4e+38 -3.4e+38 -3.4e+38 -3.4e+38
-3.4e+38 -3.4e+38 -3.4e+38 -3.4e+38 -3.4e+38 -3.4e+38 -3.4e+38 -3.4e+38 -3.4e+38 -3.4e+38 -3.4e+38 -3.4e+38 -3.4e+38 -3.4e+38 -3.4e+38 -3.4e+38 -3.4e+38 -3.4e+38 -3.4e+38 -3.4e+38 38.0626220703125 38.3076820373535 38.5888748168945 38.710693359375 38.9174346923828 39.1271705627441 39.1646919250488 39.3361015319824 39.2415962219238 39.5945320129395 39.8052444458008 40.0261268615723 40.0616035461426 -3.4e+38 -3.4e+38 -3.4e+38 -3.4e+38 -3.4e+38 -3.4e+38 -3.4e+38 -3.4e+38 -3.4e+38 -3.4e+38 -3.4e+38 -3.4e+38 -3.4e+38 -3.4e+38 -3.4e+38 -3.4e+38
-3.4e+38 -3.4e+38 -3.4e+38 36.2189559936523 36.3678359985352 36.4312934875488 36.4643135070801 36.5849189758301 36.6230239868164 36.8867416381836 36.8516273498535 -3.4e+38 -3.4e+38 37.1860160827637 37.2721786499023 37.4542579650879 37.6834526062012 37.6681976318359 37.7786674499512 37.95947265625 38.085865020752 38.1098289489746 38.4870758056641 38.6460876464844 38.7370986938477 38.9332885742188 39.006519317627 39.0916175842285 39.0985450744629 39.4770278930664 39.6501693725586 39.8584060668945 39.9340286254883 -3.4e+38 -3.4e+38 -3.4e+38 -3.4e+38 -3.4e+38 -3.4e+38 -3.4e+38 -3.4e+38 -3.4e+38 -3.4e+38 -3.4e+38 -3.4e+38 -3.4e+38 -3.4e+38 -3.4e+38 -3.4e+38
35.8459053039551 35.8310966491699 36.0777931213379 36.1621208190918 36.2398452758789 36.2810325622559 36.3153419494629 36.3957633972168 36.6106567382812 36.7547798156738 36.6863899230957 36.7204246520996 36.9311294555664 37.0642127990723 37.1330184936523 37.2252388000488 37.3293647766113 37.4655075073242 37.7200927734375 37.8285446166992 37.9626960754395 38.0096130371094 38.1590347290039 38.295970916748 38.5579414367676 38.7988433837891 38.889949798584 38.9921722412109 39.0573196411133 39.4127502441406 39.5013847351074 39.6909484863281 39.8651390075684 39.9300994873047 -3.4e+38 -3.4e+38 -3.4e+38 -3.4e+38 -3.4e+38 -3.4e+38 -3.4e+38 -3.4e+38 -3.4e+38 -3.4e+38 -3.4e+38 -3.4e+38 -3.4e+38 -3.4e+38 -3.4e+38
35.7758827209473 35.7631340026855 35.9293403625488 35.9726142883301 36.0554847717285 36.0470275878906 36.1045265197754 36.1719398498535 36.3086776733398 36.2894439697266 36.3976860046387 36.5081596374512 36.7045288085938 36.7772521972656 36.9149322509766 37.1057014465332 37.2032737731934 37.2503890991211 37.5941162109375 -3.4e+38 37.847728729248 -3.4e+38 37.9405899047852 38.097770690918 38.3533782958984 38.4447174072266 38.7384338378906 38.9708213806152 39.0534019470215 39.342716217041 39.4458808898926 39.5935020446777 39.7977867126465 39.8714179992676 -3.4e+38 -3.4e+38 -3.4e+38 -3.4e+38 -3.4e+38 -3.4e+38 -3.4e+38 -3.4e+38 -3.4e+38 -3.4e+38 -3.4e+38 -3.4e+38 -3.4e+38 -3.4e+38 -3.4e+38
35.5675468444824 35.6165199279785 35.6523590087891 35.7740936279297 35.8000717163086 35.8896064758301 35.9081611633301 36.0008239746094 36.0977210998535 36.1542167663574 36.2413597106934 36.3685302734375 36.4798164367676 36.4506187438965 36.5951843261719 36.919792175293 37.1095314025879 37.2210426330566 37.3280067443848 -3.4e+38 -3.4e+38 -3.4e+38 -3.4e+38 37.9547653198242 -3.4e+38 38.2439918518066 38.531135559082 38.732967376709 38.7608489990234 39.1960945129395 39.4298324584961 39.5732307434082 39.6753845214844 39.8287963867188 39.8925361633301 -3.4e+38 -3.4e+38 -3.4e+38 -3.4e+38 -3.4e+38 -3.4e+38 -3.4e+38 -3.4e+38 -3.4e+38 -3.4e+38 -3.4e+38 -3.4e+38 -3.4e+38 -3.4e+38
35.301685333252 35.3643188476562 35.5032196044922 35.6283721923828 35.6801147460938 35.711540222168 35.697380065918 35.7147254943848 35.8522911071777 35.8531837463379 35.9258995056152 36.0246505737305 36.2333755493164 36.4161376953125 36.4883499145508 36.6529541015625 36.9113502502441 37.0465087890625 37.0871849060059 -3.4e+38 -3.4e+38 -3.4e+38 -3.4e+38 -3.4e+38 -3.4e+38 38.0896224975586 38.2503662109375 38.4005012512207 38.5511512756348 -3.4e+38 39.2954406738281 39.5036163330078 39.5762405395508 39.763313293457 39.9345283508301 -3.4e+38 -3.4e+38 -3.4e+38 -3.4e+38 -3.4e+38 -3.4e+38 -3.4e+38 -3.4e+38 -3.4e+38 -3.4e+38 -3.4e+38 -3.4e+38 -3.4e+38 -3.4e+38
35.1603660583496 35.1794090270996 35.2857971191406 35.3399047851562 35.426342010498 35.4563407897949 35.3930854797363 35.5825729370117 35.6668586730957 35.6214332580566 35.6970405578613 35.7877197265625 35.896614074707 36.1010437011719 36.245475769043 36.5236473083496 36.7071533203125 36.8824310302734 -3.4e+38 37.1523284912109 37.3316497802734 37.5997734069824 37.7786331176758 37.9062919616699 37.9797325134277 -3.4e+38 38.1154975891113 38.244457244873 38.4518814086914 -3.4e+38 -3.4e+38 39.406566619873 39.4934959411621 39.532527923584 39.8185691833496 39.8641662597656 -3.4e+38 -3.4e+38 -3.4e+38 -3.4e+38 -3.4e+38 -3.4e+38 -3.4e+38 -3.4e+38 -3.4e+38 -3.4e+38 -3.4e+38 -3.4e+38 -3.4e+38
35.0088882446289 35.037841796875 35.150691986084 35.2310523986816 35.2568855285645 35.2050857543945 35.1981010437012 35.4199256896973 35.4863471984863 35.5715408325195 35.6591987609863 35.7771224975586 35.7699928283691 35.8306159973145 35.969970703125 36.1662445068359 36.2719535827637 36.557689666748 -3.4e+38 36.9242362976074 37.2412300109863 -3.4e+38 -3.4e+38 37.8340950012207 37.8650398254395 -3.4e+38 -3.4e+38 38.1579246520996 38.3175010681152 -3.4e+38 39.0950241088867 39.3297538757324 39.4110374450684 39.5380935668945 39.732307434082 39.8506393432617 39.9746017456055 -3.4e+38 -3.4e+38 -3.4e+38 -3.4e+38 -3.4e+38 -3.4e+38 -3.4e+38 -3.4e+38 -3.4e+38 -3.4e+38 -3.4e+38 -3.4e+38
34.4564476013184 34.490608215332 34.5162620544434 34.5245094299316 34.4804458618164 34.6558570861816 34.8056373596191 34.8861122131348 34.9483375549316 35.0621452331543 35.2224731445312 35.2742462158203 35.3717155456543 35.5652923583984 35.6731605529785 35.7569313049316 36.0492172241211 36.2691268920898 -3.4e+38 36.7749099731445 37.0680160522461 37.2066497802734 -3.4e+38 37.5902404785156 37.6753730773926 37.8344192504883 37.9375076293945 38.0503349304199 38.2368774414062 38.8442039489746 38.9685897827148 -3.4e+38 -3.4e+38 39.3089179992676 39.5079002380371 39.746654510498 39.9188041687012 39.9547271728516 -3.4e+38 -3.4e+38 -3.4e+38 -3.4e+38 -3.4e+38 -3.4e+38 -3.4e+38 -3.4e+38 -3.4e+38 -3.4e+38 -3.4e+38
34.1608467102051 34.2842292785645 34.2983932495117 34.2934036254883 34.3234252929688 34.5119285583496 34.6423454284668 34.7138786315918 34.7632102966309 34.8915863037109 35.0445518493652 35.169303894043 35.3114051818848 35.4326972961426 35.5130271911621 35.6762809753418 35.9335517883301 36.1175727844238 36.3697891235352 36.5764999389648 36.8762474060059 -3.4e+38 -3.4e+38 -3.4e+38 37.6132392883301 -3.4e+38 37.8440208435059 37.9836959838867 38.1948509216309 38.8146705627441 38.9432563781738 39.0468521118164 -3.4e+38 39.336597442627 39.4736709594727 39.6289138793945 39.7826805114746 40.0428886413574 -3.4e+38 -3.4e+38 -3.4e+38 -3.4e+38 -3.4e+38 -3.4e+38 -3.4e+38 -3.4e+38 -3.4e+38 -3.4e+38 -3.4e+38
34.1689109802246 34.2055854797363 34.0137672424316 34.0007209777832 34.2233657836914 34.3767929077148 34.4103660583496 34.5147895812988 34.6242713928223 34.7259864807129 34.8154220581055 34.9981803894043 35.1697158813477 35.3091354370117 35.3960037231445 35.5439987182617 35.7189064025879 35.9253196716309 36.1825942993164 36.3803863525391 -3.4e+38 -3.4e+38 -3.4e+38 37.4081878662109 37.5439605712891 -3.4e+38 -3.4e+38 37.9585914611816 -3.4e+38 38.6782417297363 38.921085357666 38.9077606201172 -3.4e+38 -3.4e+38 -3.4e+38 39.5608711242676 39.783390045166 39.9410552978516 40.1768379211426 -3.4e+38 -3.4e+38 -3.4e+38 -3.4e+38 -3.4e+38 -3.4e+38 -3.4e+38 -3.4e+38 -3.4e+38 -3.4e+38
34.1019630432129 34.0663719177246 33.8903121948242 33.8765449523926 33.9857063293457 34.1157913208008 34.1460952758789 34.3054962158203 34.36181640625 34.5119132995605 34.7111129760742 34.7991371154785 34.9719505310059 35.0035095214844 35.1888236999512 35.3706893920898 -3.4e+38 35.7585182189941 36.1168594360352 -3.4e+38 -3.4e+38 36.7614593505859 -3.4e+38 -3.4e+38 -3.4e+38 37.5188751220703 37.7318267822266 37.8971138000488 38.2968978881836 38.5455436706543 38.7964553833008 38.8999176025391 -3.4e+38 -3.4e+38 -3.4e+38 -3.4e+38 39.7997283935547 39.8827896118164 40.1679382324219 40.4393653869629 -3.4e+38 -3.4e+38 -3.4e+38 -3.4e+38 -3.4e+38 -3.4e+38 -3.4e+38 -3.4e+38 -3.4e+38
33.797908782959 33.8169250488281 33.8388137817383 33.8192138671875 33.7547264099121 33.795352935791 33.857307434082 34.051197052002 34.1784515380859 34.3362197875977 34.5574645996094 34.6601600646973 34.7094459533691 34.792797088623 35.0106582641602 -3.4e+38 -3.4e+38 -3.4e+38 35.9803085327148 -3.4e+38 36.397388458252 36.6945762634277 37.0491561889648 37.3405914306641 37.4471054077148 37.5117607116699 37.6622543334961 37.9112930297852 38.2046012878418 38.5900917053223 38.718879699707 38.8561592102051 39.1650543212891 -3.4e+38 -3.4e+38 -3.4e+38 -3.4e+38 39.758358001709 40.1384925842285 40.3920478820801 40.5047874450684 -3.4e+38 -3.4e+38 -3.4e+38 -3.4e+38 -3.4e+38 -3.4e+38 -3.4e+38 -3.4e+38
-3.4e+38 33.7044334411621 33.6573333740234 33.6399803161621 33.6063232421875 33.5526733398438 33.5373954772949 33.7379417419434 33.9213600158691 34.0487327575684 34.2019348144531 34.3964309692383 34.4882354736328 34.6182136535645 -3.4e+38 -3.4e+38 35.3451118469238 -3.4e+38 -3.4e+38 36.0878028869629 36.4222297668457 36.6540298461914 36.8028106689453 37.1343460083008 37.11572265625 37.343921661377 37.6694068908691 37.8377723693848 38.0503921508789 38.6144256591797 38.7078132629395 38.7841796875 39.0769348144531 39.219612121582 39.3506164550781 -3.4e+38 -3.4e+38 -3.4e+38 40.0370979309082 40.3122520446777 40.4499397277832 -3.4e+38 -3.4e+38 -3.4e+38 -3.4e+38 -3.4e+38 -3.4e+38 -3.4e+38 -3.4e+38
-3.4e+38 -3.4e+38 -3.4e+38 -3.4e+38 -3.4e+38 33.2749252319336 33.3018951416016 33.6970138549805 33.7213821411133 33.8623466491699 33.8908500671387 34.1527900695801 34.350284576416 -3.4e+38 -3.4e+38 34.9963607788086 35.2832984924316 35.3365821838379 35.7503471374512 36.0467376708984 36.2847518920898 36.4530944824219 36.686206817627 37.010612487793 37.1734390258789 37.3239440917969 37.5315818786621 37.7716445922852 37.9044189453125 38.6219444274902 38.7098541259766 38.7158279418945 38.9259834289551 39.1288108825684 39.3224983215332 39.4850654602051 -3.4e+38 -3.4e+38 -3.4e+38 40.2394790649414 40.4255790710449 -3.4e+38 -3.4e+38 -3.4e+38 -3.4e+38 -3.4e+38 -3.4e+38 -3.4e+38 -3.4e+38
-3.4e+38 -3.4e+38 -3.4e+38 -3.4e+38 -3.4e+38 33.200626373291 33.0114326477051 33.3544311523438 33.4412460327148 33.6260871887207 33.6691436767578 33.869197845459 -3.4e+38 -3.4e+38 -3.4e+38 34.9920120239258 35.2106246948242 -3.4e+38 35.857852935791 36.1242828369141 36.2402305603027 36.3821716308594 36.5720520019531 36.7707939147949 37.1473007202148 37.2792129516602 37.4631271362305 37.8095550537109 38.0247917175293 38.4685363769531 38.6856231689453 38.7984962463379 38.7995986938477 39.0893135070801 39.324146270752 39.4174118041992 39.6951484680176 -3.4e+38 -3.4e+38 -3.4e+38 40.3272590637207 40.7356071472168 -3.4e+38 -3.4e+38 -3.4e+38 -3.4e+38 -3.4e+38 -3.4e+38 -3.4e+38
-3.4e+38 -3.4e+38 -3.4e+38 -3.4e+38 -3.4e+38 32.8844909667969 32.8343887329102 33.0813789367676 33.2122497558594 33.3791389465332 33.560791015625 33.6930847167969 -3.4e+38 34.3246154785156 -3.4e+38 34.8152770996094 34.951229095459 35.1277809143066 35.8334770202637 36.0759239196777 36.1789474487305 36.3663368225098 36.5330009460449 36.7847633361816 36.9853248596191 37.2228164672852 37.5086708068848 37.740795135498 37.9701347351074 38.396900177002 38.4767723083496 38.7092514038086 38.8526153564453 39.2046737670898 39.1915054321289 39.3794059753418 39.692081451416 -3.4e+38 -3.4e+38 -3.4e+38 -3.4e+38 40.7703666687012 40.9637870788574 41.087589263916 -3.4e+38 -3.4e+38 -3.4e+38 -3.4e+38 -3.4e+38
-3.4e+38 -3.4e+38 -3.4e+38 -3.4e+38 -3.4e+38 -3.4e+38 32.7948989868164 32.9375495910645 33.0900001525879 33.2483367919922 33.5162086486816 33.6983604431152 -3.4e+38 34.0264053344727 34.4031677246094 -3.4e+38 34.849552154541 35.0205726623535 -3.4e+38 35.9813613891602 36.1527252197266 36.3100051879883 36.4698486328125 36.710563659668 36.9638786315918 37.1715507507324 37.3196754455566 37.6170234680176 37.8648681640625 38.2775497436523 38.5812835693359 38.6905326843262 38.842170715332 39.2520980834961 39.289867401123 39.4994354248047 39.638240814209 39.7966346740723 -3.4e+38 -3.4e+38 -3.4e+38 -3.4e+38 40.9728240966797 41.1465644836426 41.2907218933105 -3.4e+38 -3.4e+38 -3.4e+38 -3.4e+38
-3.4e+38 -3.4e+38 -3.4e+38 -3.4e+38 -3.4e+38 -3.4e+38 -3.4e+38 32.7059440612793 32.864803314209 33.165828704834 33.3099975585938 33.590877532959 33.831298828125 -3.4e+38 34.2257919311523 34.5667419433594 34.72705078125 34.9219207763672 35.4969367980957 35.8833503723145 36.0758590698242 36.2285308837891 36.4831161499023 -3.4e+38 -3.4e+38 37.0469436645508 37.2185134887695 37.5337371826172 37.8338203430176 38.1819839477539 38.5522537231445 38.6918144226074 38.9270095825195 39.1168479919434 39.2884674072266 39.5522651672363 39.7818984985352 39.842227935791 39.9381332397461 40.1322135925293 -3.4e+38 -3.4e+38 -3.4e+38 41.1807670593262 41.3519668579102 41.4157600402832 -3.4e+38 -3.4e+38 -3.4e+38
-3.4e+38 -3.4e+38 -3.4e+38 -3.4e+38 -3.4e+38 -3.4e+38 -3.4e+38 -3.4e+38 -3.4e+38 -3.4e+38 -3.4e+38 -3.4e+38 33.7800369262695 33.9939918518066 -3.4e+38 -3.4e+38 34.7202682495117 34.9303741455078 35.4792213439941 35.7219009399414 35.9448165893555 36.088264465332 -3.4e+38 36.767406463623 -3.4e+38 -3.4e+38 -3.4e+38 37.5955772399902 37.794921875 38.1563339233398 38.372917175293 38.735969543457 38.7725791931152 39.140022277832 39.2832298278809 39.3410758972168 39.7851676940918 40.0130958557129 40.2471008300781 40.2289047241211 40.4422874450684 -3.4e+38 -3.4e+38 -3.4e+38 41.2333946228027 41.3457870483398 41.5326919555664 -3.4e+38 -3.4e+38
