rcp4.5models/MPi_ESM_LR/sc1gr9.32
NCOLS 261 
NROWS 433 
XLLCORNER 336357.134 
YLLCORNER 654653.479 
CELLSIZE 1000 
NODATA_value -3.4e+38 
[rows 176 to 197 of 433, columns 98 to 146 of 261]
158.104217529297 156.521102905273 156.377365112305 155.704238891602 155.125137329102 154.448013305664 153.672515869141 -3.4e+38 -3.4e+38 -3.4e+38 150.307067871094 149.154861450195 148.458389282227 147.8193359375 146.199737548828 145.449829101562 144.754135131836 143.995635986328 143.269470214844 142.515594482422 141.521347045898 140.571746826172 139.259643554688 137.947616577148 137.309646606445 136.529296875 134.71110534668 134.088073730469 133.418106079102 132.421798706055 131.662200927734 130.476028442383 129.436645507812 128.151184082031 126.889747619629 125.660423278809 124.272674560547 122.87915802002 122.22176361084 121.834030151367 121.644950866699 119.93229675293 119.673461914062 119.045280456543 117.438468933105 116.599166870117 115.375633239746 114.541107177734 112.494476318359
158.406631469727 157.145706176758 156.526397705078 155.754348754883 155.244567871094 154.461395263672 153.611633300781 152.826202392578 152.237564086914 151.742706298828 151.093902587891 149.695053100586 148.553146362305 147.850341796875 146.305221557617 145.677337646484 144.442321777344 143.649200439453 142.89094543457 -3.4e+38 141.587707519531 140.69873046875 139.6123046875 137.845031738281 137.089202880859 136.653518676758 135.090545654297 134.352691650391 133.324447631836 132.232437133789 131.654937744141 130.508331298828 129.315780639648 127.918998718262 126.738975524902 125.078742980957 123.876586914062 122.225479125977 121.848838806152 121.311965942383 120.971000671387 119.860466003418 119.520164489746 118.193901062012 116.503440856934 115.449295043945 114.439514160156 113.392669677734 111.623291015625
158.541839599609 157.663681030273 -3.4e+38 -3.4e+38 155.290710449219 154.608184814453 153.755172729492 153.041061401367 152.599914550781 151.843963623047 151.302154541016 150.552062988281 149.309692382812 148.045211791992 146.386352539062 145.698745727539 144.545684814453 143.725067138672 142.892303466797 142.368087768555 141.679183959961 141.089904785156 139.88362121582 137.833343505859 137.13786315918 136.600891113281 135.060501098633 134.320785522461 133.29150390625 132.077713012695 131.304290771484 130.349700927734 128.989440917969 127.79549407959 126.227828979492 -3.4e+38 124.24161529541 122.212631225586 121.721405029297 121.177589416504 120.847526550293 120.715530395508 120.453948974609 117.448173522949 116.026290893555 114.801055908203 113.962631225586 112.746109008789 111.201225280762
158.726150512695 157.851364135742 157.214874267578 -3.4e+38 155.495346069336 154.617523193359 153.87043762207 -3.4e+38 153.014389038086 151.77214050293 151.079055786133 150.650512695312 149.598266601562 148.149520874023 146.377883911133 145.791732788086 144.841323852539 143.711669921875 142.905960083008 142.314514160156 141.345504760742 141.067031860352 139.942428588867 138.148391723633 137.323593139648 -3.4e+38 134.684265136719 133.886611938477 -3.4e+38 132.10546875 131.286651611328 130.372283935547 128.792694091797 127.245826721191 -3.4e+38 -3.4e+38 -3.4e+38 122.170425415039 121.575996398926 120.917869567871 120.957092285156 120.819755554199 119.787406921387 116.980522155762 115.582496643066 114.29418182373 113.245658874512 112.35945892334 110.978034973145
159.165542602539 157.900985717773 157.265258789062 156.344268798828 155.955963134766 154.849807739258 153.975814819336 153.533386230469 153.109802246094 151.898956298828 151.094924926758 150.454772949219 149.822280883789 148.689193725586 146.430099487305 145.714965820312 144.85578918457 143.804473876953 142.967300415039 142.297561645508 141.361587524414 141.143768310547 140.097259521484 138.526596069336 137.581085205078 136.239105224609 134.425796508789 133.76252746582 -3.4e+38 131.97737121582 131.24755859375 130.444290161133 128.944229125977 126.940490722656 125.775390625 -3.4e+38 123.598609924316 122.074501037598 121.281784057617 120.804008483887 120.446517944336 119.969787597656 118.609954833984 116.596168518066 115.156639099121 113.817138671875 112.600074768066 111.979957580566 110.961631774902
159.407852172852 158.580093383789 157.730331420898 156.353332519531 156.119155883789 155.574523925781 154.886001586914 153.968887329102 152.885299682617 151.898010253906 151.123825073242 150.540466308594 149.893936157227 149.040740966797 146.447662353516 145.811965942383 144.996978759766 144.000778198242 142.866119384766 142.160354614258 141.636093139648 141.115417480469 140.06575012207 138.494979858398 137.632080078125 136.540679931641 134.456512451172 133.749404907227 132.674346923828 131.558013916016 130.895843505859 130.178634643555 129.013580322266 127.205764770508 125.794143676758 -3.4e+38 123.336502075195 121.874618530273 121.075462341309 120.639625549316 119.891738891602 119.315574645996 118.252777099609 116.243270874023 114.766105651855 113.49348449707 112.485633850098 111.659049987793 110.802597045898
159.620239257812 159.027984619141 158.216598510742 156.063858032227 155.920883178711 155.733520507812 155.269607543945 154.287170410156 153.0087890625 152.018692016602 151.209777832031 150.564788818359 150.002487182617 149.224822998047 146.916564941406 145.794830322266 145.063293457031 144.244323730469 142.916793823242 142.12385559082 141.526062011719 140.856475830078 139.933074951172 138.265014648438 137.775924682617 136.794509887695 134.731384277344 133.88508605957 132.94367980957 131.604431152344 130.939437866211 130.219680786133 129.028213500977 127.273460388184 125.941535949707 124.377265930176 123.375694274902 121.815711975098 120.9033203125 120.191696166992 119.418792724609 118.52791595459 117.490043640137 115.639251708984 113.854232788086 112.518844604492 111.525947570801 110.805366516113 110.563354492188
159.66471862793 159.162902832031 158.454254150391 156.096969604492 155.627151489258 155.436767578125 155.078170776367 154.518127441406 153.411849975586 152.012893676758 151.233703613281 150.752838134766 150.299377441406 149.211822509766 147.523315429688 145.885055541992 145.230056762695 144.62873840332 143.165878295898 142.059051513672 141.597045898438 140.87174987793 139.857208251953 138.299194335938 137.736282348633 136.779525756836 135.086791992188 134.12712097168 133.009185791016 131.84358215332 130.857574462891 129.931655883789 128.511276245117 127.004371643066 125.881645202637 124.300552368164 123.330993652344 121.793754577637 120.906227111816 120.036331176758 118.929351806641 117.734115600586 116.648941040039 114.71361541748 113.075386047363 111.646087646484 110.646980285645 110.299575805664 109.548439025879
159.450317382812 159.094848632812 158.358779907227 156.869247436523 155.761184692383 155.566101074219 155.279067993164 154.958724975586 153.955688476562 152.532684326172 151.422058105469 151.050674438477 150.31413269043 149.310974121094 147.861663818359 146.368835449219 145.505508422852 144.599899291992 143.164276123047 142.103713989258 141.563278198242 140.752593994141 139.596710205078 -3.4e+38 137.301696777344 -3.4e+38 135.612228393555 134.104064941406 133.023696899414 131.819320678711 130.603240966797 129.117752075195 128.246810913086 126.924163818359 125.582710266113 124.205871582031 123.249626159668 121.526084899902 120.896575927734 120.10179901123 118.928344726562 117.303169250488 115.52326965332 114.061210632324 112.723419189453 111.257041931152 110.186309814453 109.743690490723 108.182434082031
159.288543701172 -3.4e+38 -3.4e+38 157.355728149414 156.831878662109 155.717544555664 155.113174438477 154.640518188477 153.842697143555 153.157196044922 152.448089599609 151.823516845703 150.578964233398 149.908767700195 148.070953369141 147.208541870117 -3.4e+38 145.141036987305 143.576599121094 142.355667114258 141.554733276367 140.684509277344 139.867767333984 139.064239501953 137.911392211914 136.711959838867 135.555603027344 134.456970214844 133.335174560547 132.079879760742 130.5732421875 129.078109741211 128.156112670898 126.652290344238 125.515525817871 124.614974975586 123.225563049316 121.502136230469 121.015335083008 120.41822052002 118.620002746582 116.396064758301 114.781883239746 113.281288146973 111.971809387207 110.90983581543 109.588256835938 108.581657409668 106.461036682129
159.305114746094 158.304397583008 157.605453491211 157.113220214844 156.624923706055 155.836959838867 155.211227416992 154.439208984375 153.917984008789 153.249603271484 152.736587524414 151.975601196289 151.182022094727 150.389541625977 148.449737548828 147.583358764648 146.631134033203 145.835235595703 144.542617797852 142.415832519531 141.586380004883 140.672698974609 139.91667175293 139.047454833984 137.794921875 136.551803588867 135.43571472168 135.09831237793 133.730422973633 132.412521362305 130.94499206543 129.396697998047 128.096939086914 126.594787597656 125.684753417969 125.105728149414 123.193008422852 121.409614562988 120.742088317871 120.205444335938 118.083038330078 115.983978271484 114.42342376709 113.041893005371 111.981330871582 110.871658325195 109.457405090332 108.255302429199 106.117393493652
159.140228271484 158.640899658203 158.114532470703 156.809722900391 156.428359985352 155.94221496582 155.466262817383 155.002456665039 153.821929931641 153.010971069336 152.745330810547 152.139801025391 151.5771484375 150.984405517578 148.713577270508 147.546524047852 146.592407226562 145.984741210938 145.116714477539 142.663223266602 141.540145874023 140.624786376953 139.976943969727 139.231399536133 137.611740112305 136.496276855469 136.668899536133 138.738479614258 135.186920166016 132.349868774414 131.026016235352 129.600875854492 127.875762939453 126.700317382812 125.658218383789 125.011344909668 123.189552307129 121.75952911377 121.029914855957 120.365600585938 118.347183227539 115.635162353516 114.092430114746 113.047004699707 111.844329833984 110.635208129883 109.489761352539 108.10782623291 105.632194519043
158.918045043945 158.730529785156 158.452331542969 156.419952392578 156.196914672852 155.960205078125 155.663436889648 155.247528076172 153.614028930664 152.998168945312 152.501754760742 152.143112182617 151.629806518555 151.057357788086 149.477416992188 147.612335205078 146.654556274414 145.932540893555 144.848419189453 142.642578125 141.477783203125 140.271896362305 139.59504699707 138.918670654297 137.544540405273 136.134490966797 139.861709594727 145.176162719727 139.173904418945 132.368270874023 131.019927978516 129.671600341797 128.283355712891 127.090324401855 125.801666259766 124.784629821777 123.151435852051 121.790603637695 121.300712585449 120.520469665527 118.168006896973 115.459129333496 113.756225585938 112.906044006348 111.604682922363 110.758178710938 109.554916381836 -3.4e+38 107.172805786133
158.941116333008 158.429351806641 158.245040893555 156.054626464844 155.887115478516 155.724487304688 155.566375732422 155.071060180664 153.772567749023 153.00439453125 152.480346679688 151.895065307617 151.626495361328 150.991119384766 149.809982299805 147.973205566406 146.901763916016 145.912460327148 145.043594360352 143.048767089844 141.451599121094 140.313583374023 139.54850769043 138.734878540039 137.575271606445 136.1630859375 141.41862487793 -3.4e+38 139.603866577148 132.771133422852 131.284942626953 129.987030029297 128.917282104492 127.407241821289 126.119873046875 125.011497497559 123.141716003418 121.801727294922 121.402633666992 120.296806335449 117.018981933594 115.247695922852 113.863395690918 112.965065002441 111.809913635254 110.818305969238 109.040267944336 107.330947875977 107.115417480469
158.945755004883 158.125900268555 157.828079223633 156.293350219727 155.978454589844 155.409591674805 155.248550415039 154.851364135742 153.908615112305 153.239334106445 152.369903564453 151.675872802734 151.671371459961 150.958984375 149.741592407227 148.607666015625 146.880081176758 145.934204101562 145.209411621094 143.597610473633 141.575149536133 140.541107177734 139.599670410156 138.955413818359 137.511520385742 136.0986328125 144.147705078125 -3.4e+38 138.935470581055 133.150039672852 131.625564575195 130.399459838867 129.308212280273 127.719161987305 126.320518493652 125.054321289062 123.366806030273 121.664337158203 120.699043273926 119.52613067627 116.700531005859 115.12166595459 114.260498046875 113.324150085449 112.095687866211 110.545387268066 108.484710693359 107.426986694336 105.76700592041
-3.4e+38 158.227294921875 157.553863525391 156.672332763672 155.943389892578 155.092330932617 154.92839050293 154.527557373047 153.678771972656 153.317596435547 152.434310913086 151.42448425293 151.550674438477 150.700042724609 149.877624511719 149.018402099609 147.398422241211 146.195495605469 145.221801757812 143.796279907227 142.183090209961 140.505767822266 139.603240966797 138.914962768555 137.573791503906 136.218887329102 145.298858642578 -3.4e+38 145.181777954102 133.072418212891 131.661254882812 130.7421875 129.852325439453 128.284469604492 126.15731048584 124.766632080078 123.297370910645 121.23078918457 119.695594787598 118.46703338623 116.546577453613 114.964172363281 114.505096435547 113.470344543457 112.364868164062 110.687690734863 108.593360900879 107.483963012695 106.048835754395
159.279586791992 158.765426635742 158.292541503906 156.795211791992 156.271408081055 155.624130249023 154.974258422852 154.230194091797 153.773620605469 153.415756225586 152.641525268555 151.780960083008 151.321105957031 150.794036865234 149.743103027344 148.887084960938 147.710052490234 146.135604858398 145.186401367188 144.025192260742 142.749542236328 140.589218139648 139.562606811523 139.053527832031 138.005477905273 136.764663696289 139.823669433594 143.029693603516 141.685852050781 132.416854858398 131.367630004883 130.690185546875 129.806457519531 128.074523925781 125.972129821777 124.80233001709 123.382484436035 121.267921447754 119.689559936523 118.142143249512 116.326805114746 115.037933349609 114.497528076172 113.682418823242 113.728569030762 113.52131652832 109.737182617188 108.87621307373 106.366874694824
159.045471191406 158.842468261719 158.534118652344 156.60139465332 156.319564819336 156.009017944336 155.498489379883 154.814315795898 154.171722412109 153.766418457031 152.900283813477 152.385177612305 151.450042724609 150.767715454102 149.389495849609 148.522323608398 147.329193115234 145.884750366211 145.221710205078 144.038955688477 142.853042602539 140.988189697266 139.557769775391 139.005294799805 137.993408203125 136.544784545898 134.956756591797 133.994659423828 133.791656494141 131.819152832031 130.984191894531 130.305374145508 129.451904296875 127.903343200684 126.159881591797 125.101509094238 123.486587524414 121.49308013916 120.313056945801 118.094413757324 117.217704772949 117.117149353027 114.796203613281 114.289001464844 114.101982116699 113.793182373047 110.168853759766 -3.4e+38 109.303276062012
159.137481689453 158.526824951172 158.249908447266 156.576431274414 155.937622070312 155.760147094727 155.445358276367 154.767715454102 154.22624206543 153.722991943359 152.886825561523 152.444946289062 151.536224365234 150.807235717773 149.033172607422 148.170745849609 147.246368408203 146.271926879883 145.202224731445 144.012725830078 142.705612182617 141.379989624023 139.788055419922 139.128387451172 138.278427124023 -3.4e+38 133.768188476562 132.904098510742 132.194442749023 131.434707641602 130.599273681641 129.919158935547 129.333511352539 128.359512329102 126.371673583984 125.107925415039 123.607063293457 121.593795776367 120.553337097168 118.22110748291 117.581001281738 117.39363861084 115.570037841797 115.648750305176 114.813766479492 113.888572692871 109.853302001953 110.356254577637 112.441543579102
159.66650390625 159.179489135742 158.715789794922 157.116821289062 156.311676025391 155.429870605469 155.01123046875 154.186309814453 153.961715698242 153.655044555664 153.252044677734 152.2685546875 151.618606567383 150.968063354492 148.865341186523 148.118011474609 147.136322021484 146.403762817383 144.914291381836 143.963119506836 142.806137084961 141.762573242188 140.166809082031 139.022430419922 138.387237548828 137.165084838867 133.768539428711 132.902770996094 132.190704345703 131.462341308594 130.672775268555 129.910140991211 129.060974121094 127.70337677002 126.308334350586 125.187042236328 123.817337036133 121.536880493164 120.671699523926 118.632133483887 117.342918395996 116.303092956543 115.629600524902 115.141342163086 113.918937683105 112.466445922852 109.206367492676 109.39656829834 110.634986877441
160.799728393555 159.906921386719 159.617309570312 157.84440612793 157.338012695312 156.504241943359 155.365249633789 154.6025390625 154.035339355469 153.696929931641 152.90461730957 151.953628540039 150.932907104492 150.421417236328 149.524307250977 148.644485473633 147.228729248047 146.16877746582 145.454238891602 144.410308837891 142.972549438477 141.657485961914 140.892669677734 139.305404663086 138.195587158203 137.487457275391 134.87614440918 132.948867797852 132.091567993164 131.386703491211 130.520858764648 129.4287109375 128.386611938477 126.914100646973 126.372772216797 125.557998657227 124.480667114258 121.755676269531 120.787292480469 119.789428710938 118.052871704102 116.899436950684 115.857727050781 115.645774841309 116.170791625977 110.837135314941 108.421806335449 109.243766784668 105.869972229004
161.148941040039 -3.4e+38 159.870986938477 158.555847167969 157.76904296875 156.556274414062 155.728805541992 154.979690551758 154.076477050781 153.26448059082 152.447830200195 152.110046386719 151.282363891602 150.37629699707 149.582778930664 148.907485961914 147.173751831055 146.18473815918 145.365310668945 144.034622192383 142.585372924805 141.356292724609 140.966613769531 139.800735473633 138.535049438477 137.416717529297 135.044357299805 133.635147094727 132.453399658203 131.556930541992 130.481369018555 129.488845825195 128.610473632812 127.496528625488 126.449104309082 125.705467224121 124.787712097168 121.82470703125 121.21785736084 120.369789123535 118.809349060059 117.02970123291 115.318656921387 114.691551208496 115.891380310059 112.419326782227 108.199211120605 109.24779510498 104.67057800293
