rcp4.5models/MPi_ESM_LR/sc1gr8.12
NCOLS 261 
NROWS 433 
XLLCORNER 336357.134 
YLLCORNER 654653.479 
CELLSIZE 1000 
NODATA_value -3.4e+38 
[rows 308 to 329 of 433, columns 49 to 97 of 261]
224.095748901367 225.157531738281 226.953018188477 227.926422119141 228.510681152344 229.525131225586 231.005920410156 233.804458618164 234.531188964844 235.923217773438 237.107833862305 238.910858154297 240.113327026367 241.765686035156 243.662139892578 244.389770507812 245.037719726562 245.676818847656 247.615921020508 249.229507446289 250.828002929688 251.848556518555 252.392776489258 252.175750732422 251.409225463867 251.071472167969 248.006561279297 247.28987121582 249.879013061523 248.833145141602 248.631210327148 247.56657409668 246.379760742188 243.62873840332 240.454940795898 237.427917480469 235.611450195312 235.65869140625 234.401931762695 231.77262878418 227.135650634766 218.665100097656 214.916366577148 206.231643676758 199.955062866211 213.135650634766 229.471908569336 222.949661254883 212.687530517578
226.304122924805 227.742706298828 229.308990478516 230.150085449219 230.936935424805 231.800277709961 232.950164794922 236.06608581543 237.703674316406 238.735778808594 239.278839111328 240.65087890625 242.293991088867 243.685348510742 245.261077880859 246.168548583984 246.44416809082 247.292922973633 249.795394897461 250.922576904297 252.744873046875 253.341110229492 254.113616943359 255.461807250977 255.013244628906 254.114166259766 250.865737915039 248.8623046875 252.020172119141 251.582153320312 251.244735717773 250.233489990234 248.754058837891 243.256576538086 239.456176757812 239.769653320312 239.080017089844 238.322036743164 236.962036132812 234.479721069336 229.259582519531 220.071395874023 208.803146362305 198.69140625 199.114944458008 213.136932373047 218.97900390625 212.172622680664 212.641036987305
228.606002807617 229.755599975586 231.028060913086 232.232147216797 233.556228637695 234.620376586914 235.422637939453 238.040634155273 239.605712890625 241.031234741211 241.889465332031 242.812561035156 244.848083496094 246.003921508789 247.105667114258 248.193130493164 248.06266784668 248.973922729492 251.799758911133 252.996597290039 255.000778198242 255.045562744141 255.949920654297 258.14453125 258.037048339844 257.161590576172 255.947814941406 254.439483642578 255.266387939453 256.453247070312 254.757293701172 252.898788452148 250.992874145508 245.149475097656 241.886337280273 244.059616088867 242.785720825195 240.851348876953 238.852569580078 236.301147460938 232.812271118164 218.597518920898 205.964706420898 197.846832275391 196.505966186523 200.638214111328 199.729751586914 196.199035644531 201.597503662109
230.42985534668 231.702713012695 232.668884277344 233.689804077148 235.33219909668 237.334075927734 238.363555908203 240.328903198242 241.645797729492 243.045562744141 244.078201293945 245.152008056641 247.152404785156 248.268661499023 249.515090942383 250.393737792969 249.952407836914 250.902755737305 253.331436157227 254.361938476562 257.034484863281 257.619659423828 258.269897460938 259.608642578125 259.846343994141 259.913055419922 257.654602050781 256.288421630859 258.628540039062 258.546905517578 254.333923339844 251.373504638672 252.521697998047 249.593353271484 247.571334838867 247.011001586914 244.615661621094 241.524291992188 236.959579467773 234.521118164062 233.564376831055 222.605529785156 215.2021484375 209.231292724609 200.818923950195 197.898498535156 194.769500732422 191.195175170898 191.690567016602
231.817367553711 233.293579101562 234.492080688477 235.487380981445 237.312210083008 239.142242431641 239.822082519531 242.609909057617 244.080703735352 245.520874023438 246.332015991211 247.238723754883 248.68620300293 249.600738525391 250.936218261719 252.01953125 251.622131347656 252.542251586914 255.321411132812 255.943618774414 259.039947509766 260.124298095703 260.616485595703 261.706817626953 261.981201171875 261.795257568359 259.354187011719 258.425598144531 260.207305908203 259.276947021484 256.12255859375 252.072265625 251.898849487305 251.098083496094 245.909576416016 243.483596801758 244.301712036133 242.808868408203 239.141616821289 237.282241821289 236.468032836914 231.302658081055 227.117950439453 223.032333374023 215.627258300781 210.593170166016 207.444717407227 204.510162353516 203.234115600586
235.306991577148 237.319107055664 238.281448364258 238.73893737793 240.338760375977 241.787628173828 242.691955566406 245.318588256836 248.082107543945 249.750503540039 250.278991699219 251.196243286133 252.2705078125 253.644592285156 254.701065063477 255.659225463867 256.581909179688 256.755004882812 258.282440185547 259.412780761719 261.989166259766 262.357666015625 261.72998046875 263.754730224609 264.913482666016 264.637969970703 264.230682373047 262.466033935547 262.066711425781 261.485015869141 258.086761474609 256.772583007812 257.231719970703 255.401290893555 253.461166381836 248.146102905273 243.986221313477 243.626403808594 242.051986694336 241.522979736328 239.396179199219 234.632690429688 229.737670898438 226.55126953125 228.074111938477 224.738540649414 222.866165161133 220.178634643555 216.681594848633
237.859298706055 239.505386352539 240.178558349609 240.601150512695 242.190185546875 243.259460449219 244.380081176758 248.209243774414 249.759460449219 251.020385742188 251.959197998047 253.023773193359 254.075180053711 255.2919921875 256.717346191406 257.645080566406 258.371795654297 258.425170898438 259.296722412109 260.721954345703 263.169952392578 264.49072265625 263.514434814453 264.103759765625 266.388641357422 266.632446289062 265.418395996094 263.899230957031 263.371032714844 263.256164550781 262.260375976562 260.927673339844 258.644683837891 257.242340087891 255.482299804688 251.301208496094 247.009201049805 243.313995361328 242.412887573242 243.16667175293 241.209136962891 236.116180419922 233.675521850586 231.200378417969 229.371704101562 223.274169921875 216.447830200195 216.656509399414 218.516067504883
239.717697143555 240.895660400391 241.922927856445 242.274597167969 242.95930480957 244.8330078125 247.063995361328 250.247283935547 251.436080932617 252.463958740234 253.554718017578 254.838348388672 256.377471923828 257.172149658203 257.836486816406 258.917205810547 260.181915283203 260.028991699219 261.120147705078 262.757171630859 264.987243652344 266.086700439453 265.233093261719 266.273376464844 268.75244140625 268.894561767578 267.137481689453 265.190979003906 265.361389160156 264.316741943359 263.046020507812 260.048767089844 257.673858642578 258.266754150391 256.463745117188 253.772689819336 248.794830322266 242.390777587891 241.106414794922 241.499176025391 240.458724975586 229.486312866211 227.164993286133 223.4189453125 217.621063232422 210.95068359375 208.329544067383 215.574371337891 217.75032043457
240.860229492188 242.089462280273 243.228317260742 243.620452880859 244.326675415039 246.894424438477 248.914001464844 251.627090454102 252.812530517578 253.731216430664 254.932342529297 256.253540039062 257.587249755859 258.942962646484 259.716735839844 260.714538574219 261.600067138672 261.429412841797 263.390594482422 264.4287109375 265.319396972656 265.982147216797 266.537811279297 268.92333984375 270.624938964844 269.833435058594 267.937591552734 266.583190917969 266.813140869141 265.972747802734 263.98779296875 260.260925292969 258.723754882812 260.059387207031 258.212066650391 255.621719360352 251.111068725586 245.850494384766 242.665420532227 238.096710205078 237.073944091797 221.935989379883 217.828125 210.890090942383 210.086395263672 211.889999389648 206.295959472656 208.153137207031 209.80436706543
242.044082641602 243.828231811523 245.165588378906 245.380142211914 246.601821899414 249.382965087891 250.741897583008 253.021087646484 253.852294921875 254.98112487793 257.879333496094 259.453063964844 259.577850341797 260.503723144531 261.339904785156 262.097808837891 262.808410644531 263.054260253906 265.837799072266 267.636627197266 267.924682617188 267.600189208984 268.501708984375 270.668823242188 271.661712646484 270.205322265625 269.002166748047 268.385620117188 267.763153076172 267.155456542969 264.674896240234 263.017639160156 262.243988037109 261.768798828125 259.534729003906 257.013397216797 254.296783447266 251.161895751953 248.218185424805 242.587326049805 239.67887878418 224.740997314453 214.304611206055 205.355194091797 209.08219909668 211.558990478516 201.440246582031 204.859756469727 208.133056640625
243.549926757812 245.222732543945 245.871887207031 246.979522705078 249.120834350586 251.007186889648 251.949417114258 254.262329101562 254.55387878418 255.746536254883 259.136291503906 260.891937255859 260.82470703125 261.727111816406 262.379302978516 263.061126708984 263.910339355469 264.757751464844 267.173767089844 270.480285644531 272.306762695312 271.841094970703 271.576263427734 271.105682373047 271.608489990234 271.811767578125 271.315887451172 270.467498779297 268.936126708984 268.154968261719 264.191558837891 262.795776367188 264.29833984375 262.404846191406 260.96533203125 258.159484863281 255.420257568359 252.962509155273 250.842559814453 248.054748535156 245.056915283203 232.512466430664 222.577774047852 213.148086547852 209.011138916016 207.8037109375 206.770736694336 213.237854003906 212.562072753906
245.074691772461 245.87744140625 246.858367919922 248.557769775391 250.444229125977 251.754364013672 252.749542236328 254.720825195312 255.863464355469 257.474029541016 259.808502197266 261.768615722656 262.385772705078 262.784545898438 263.479187011719 264.416107177734 265.884582519531 267.228332519531 268.374694824219 270.291046142578 272.407989501953 273.792846679688 273.681915283203 273.352142333984 274.131011962891 274.407836914062 273.982360839844 272.809478759766 270.801361083984 268.83251953125 262.490692138672 260.106872558594 265.103454589844 263.370880126953 261.7392578125 260.077880859375 256.608917236328 253.392044067383 251.114822387695 247.196929931641 245.412963867188 240.511215209961 234.831634521484 224.538269042969 215.54084777832 212.761123657227 215.468292236328 219.614608764648 214.9287109375
246.758865356445 247.369110107422 248.770904541016 250.482696533203 252.127685546875 253.411270141602 253.952667236328 256.876953125 258.2041015625 259.794586181641 261.828887939453 263.383850097656 263.659393310547 263.903472900391 265.203338623047 266.791046142578 268.323669433594 269.369049072266 270.593109130859 271.221282958984 272.145843505859 273.959777832031 274.426086425781 274.454956054688 275.165832519531 275.343597412109 275.538452148438 274.592376708984 272.200500488281 270.146514892578 267.090606689453 263.968994140625 265.268035888672 264.214019775391 261.65869140625 260.763946533203 258.062561035156 255.792663574219 253.953125 249.673095703125 247.856658935547 244.366607666016 236.097732543945 226.939361572266 223.507690429688 223.183456420898 225.572494506836 224.126052856445 215.647705078125
248.465087890625 249.74006652832 250.598281860352 252.002563476562 253.885452270508 255.231689453125 255.763702392578 258.993743896484 260.302001953125 261.989135742188 263.406097412109 264.532836914062 265.096649169922 265.821868896484 266.975402832031 268.385040283203 269.844696044922 270.563018798828 272.822875976562 274.118072509766 275.456695556641 276.490631103516 276.8408203125 276.80029296875 276.199371337891 275.977722167969 276.521301269531 275.853149414062 273.57763671875 270.585174560547 270.084838867188 267.181304931641 265.63427734375 265.862976074219 263.655456542969 262.021057128906 260.016937255859 258.817596435547 256.785461425781 253.64778137207 251.374160766602 245.770401000977 237.161285400391 229.463363647461 230.224411010742 233.250869750977 233.669448852539 228.913040161133 221.993865966797
249.897903442383 251.633071899414 252.333099365234 253.370239257812 255.199432373047 256.571929931641 257.639556884766 260.399047851562 261.595184326172 263.162811279297 264.167144775391 265.075225830078 266.703094482422 267.718902587891 268.388122558594 269.798767089844 271.011535644531 271.898742675781 274.808807373047 276.170532226562 277.91845703125 279.145599365234 278.866424560547 278.209930419922 278.026153564453 278.263671875 277.846313476562 276.874633789062 275.386901855469 271.858795166016 271.280548095703 269.618957519531 267.905822753906 267.323577880859 265.807586669922 263.506164550781 261.872436523438 260.697570800781 258.262176513672 252.715393066406 246.783508300781 247.983764648438 243.813537597656 238.038681030273 236.092391967773 237.339660644531 233.976348876953 223.598297119141 215.80094909668
251.195831298828 252.717239379883 253.25048828125 254.786911010742 256.616302490234 257.362060546875 258.682220458984 261.477813720703 262.627624511719 263.957611083984 265.149719238281 266.549560546875 267.854431152344 268.826507568359 269.704132080078 270.702575683594 271.431610107422 273.101165771484 275.720275878906 277.147003173828 278.273254394531 279.156372070312 279.444244384766 279.429321289062 279.870788574219 279.572021484375 278.293090820312 277.034271240234 275.998199462891 273.78857421875 273.496185302734 272.30224609375 269.397216796875 267.714294433594 267.032775878906 264.468353271484 262.836151123047 261.252197265625 258.375793457031 253.15559387207 245.871917724609 249.545440673828 247.127426147461 243.886688232422 241.027755737305 239.111526489258 235.40217590332 226.87614440918 211.965881347656
252.813339233398 253.662612915039 254.67887878418 256.754791259766 258.469024658203 259.594665527344 260.502014160156 263.2529296875 264.604187011719 265.853729248047 266.439453125 267.721221923828 268.572174072266 269.647033691406 271.388793945312 272.448791503906 272.826812744141 273.597106933594 276.756866455078 278.360961914062 279.170227050781 280.466735839844 281.203918457031 281.268005371094 281.100219726562 280.691223144531 279.193481445312 276.550964355469 275.437255859375 274.508941650391 274.590087890625 273.296447753906 270.268829345703 268.273590087891 267.431976318359 266.402862548828 261.582183837891 257.758514404297 256.455963134766 252.715316772461 250.550964355469 251.008636474609 248.717346191406 245.881484985352 243.244003295898 238.317535400391 234.983322143555 233.11018371582 217.382446289062
255.774475097656 256.773315429688 258.397766113281 259.958648681641 261.230865478516 261.928771972656 262.213714599609 266.750915527344 267.363342285156 268.202606201172 269.757232666016 270.492218017578 271.231842041016 272.646545410156 275.778076171875 277.231506347656 276.906402587891 277.247283935547 280.229156494141 280.412872314453 280.402770996094 282.417663574219 283.864501953125 283.651123046875 281.805297851562 280.593048095703 278.591888427734 278.398101806641 278.544281005859 275.442443847656 274.256408691406 273.683532714844 273.672332763672 270.943267822266 267.862426757812 266.972045898438 265.033508300781 262.710510253906 258.518402099609 254.066741943359 254.78857421875 252.54084777832 251.759506225586 246.98258972168 237.77995300293 223.695098876953 222.739013671875 229.54296875 225.780029296875
257.322937011719 258.177368164062 259.685516357422 261.443115234375 262.083709716797 263.058990478516 263.883636474609 268.215881347656 268.715515136719 269.705963134766 271.388275146484 271.670013427734 272.369873046875 274.089721679688 277.802032470703 279.592620849609 279.513122558594 279.265014648438 280.564910888672 280.530120849609 281.675018310547 283.82421875 284.707000732422 283.997924804688 281.535247802734 279.761138916016 278.555999755859 280.341583251953 281.352996826172 278.037445068359 276.078399658203 274.237091064453 274.993804931641 273.726043701172 270.694030761719 267.852020263672 266.730163574219 265.440551757812 263.381164550781 262.172912597656 259.634002685547 254.35041809082 250.564376831055 246.026733398438 242.724899291992 230.483413696289 221.190048217773 221.67741394043 218.508697509766
258.475769042969 259.056060791016 260.711120605469 262.510864257812 262.73974609375 263.972686767578 265.038909912109 269.076538085938 270.499877929688 271.610198974609 272.76025390625 272.952178955078 273.268402099609 275.080688476562 278.634338378906 281.262634277344 281.763549804688 281.058715820312 280.954223632812 281.349731445312 283.939056396484 285.787536621094 285.859283447266 285.414245605469 281.767181396484 281.160705566406 283.590637207031 284.490539550781 283.445831298828 279.422729492188 278.117889404297 276.136840820312 276.446929931641 276.314270019531 274.1083984375 271.481201171875 269.533233642578 266.189361572266 263.874572753906 263.099151611328 261.309173583984 253.740386962891 247.449279785156 240.468994140625 238.355056762695 235.582748413086 222.61181640625 216.157318115234 213.400482177734
259.791290283203 261.013305664062 262.592315673828 263.891357421875 264.184478759766 265.645751953125 266.87060546875 270.5185546875 272.361297607422 273.604278564453 274.346099853516 274.501342773438 274.261810302734 275.576354980469 279.120178222656 281.167510986328 280.770446777344 281.071044921875 282.602905273438 282.7998046875 283.279113769531 284.832305908203 286.478179931641 287.192016601562 282.923583984375 282.930816650391 -3.4e+38 285.406188964844 283.909576416016 281.720947265625 279.199554443359 275.871948242188 274.908905029297 274.332946777344 274.255920410156 274.077423095703 269.400329589844 264.821838378906 265.286529541016 264.615905761719 259.298706054688 254.509765625 248.278396606445 240.128234863281 237.320434570312 235.749496459961 223.26448059082 216.37126159668 212.441925048828
261.102111816406 262.345977783203 263.790344238281 264.909301757812 265.902618408203 267.407165527344 268.847259521484 271.847839355469 273.688629150391 274.783081054688 274.947265625 275.602355957031 276.074096679688 277.021759033203 279.553161621094 280.666931152344 280.610168457031 282.430633544922 286.282775878906 285.750396728516 285.076324462891 286.559539794922 288.497894287109 288.700378417969 286.861602783203 -3.4e+38 288.066589355469 286.8974609375 285.860290527344 284.514984130859 281.446166992188 277.234039306641 274.525390625 273.168243408203 274.876434326172 274.953887939453 268.293579101562 265.332733154297 267.931579589844 266.643676757812 261.109436035156 257.6884765625 251.979141235352 242.448547363281 235.485733032227 229.826293945312 221.030090332031 218.347290039062 216.112060546875
