rcp4.5models/MPi_ESM_LR/sc1gr5.13
NCOLS 261 
NROWS 433 
XLLCORNER 336357.134 
YLLCORNER 654653.479 
CELLSIZE 1000 
NODATA_value -3.4e+38 
[rows 286 to 307 of 433, columns 49 to 97 of 261]
270.976470947266 271.156768798828 271.298736572266 271.28857421875 271.542816162109 271.763488769531 272.0341796875 271.809783935547 271.403137207031 271.025268554688 271.17724609375 271.735717773438 272.322265625 270.686737060547 268.910491943359 270.437683105469 271.492065429688 271.566711425781 272.345489501953 270.720092773438 270.349731445312 272.103698730469 271.426391601562 270.706298828125 271.277191162109 269.959808349609 270.148315429688 272.604827880859 272.13916015625 270.050048828125 266.673309326172 267.019958496094 271.757507324219 271.178436279297 268.742004394531 267.179870605469 267.192108154297 269.020538330078 267.878479003906 265.804565429688 266.544830322266 266.621398925781 267.079162597656 267.3681640625 269.018524169922 269.78369140625 269.291381835938 267.295135498047 266.261383056641
271.114044189453 271.234741210938 271.193695068359 271.077575683594 271.214080810547 271.221130371094 271.343017578125 271.599243164062 271.608032226562 271.305206298828 271.446258544922 271.686401367188 272.248107910156 271.713897705078 271.007995605469 271.452484130859 271.584594726562 271.810211181641 271.860473632812 270.079498291016 269.123260498047 271.492156982422 270.905303955078 268.758514404297 268.296661376953 267.844299316406 269.938079833984 272.669677734375 271.501983642578 270.500549316406 267.181579589844 266.490844726562 270.911254882812 269.977966308594 267.300842285156 268.155120849609 268.978088378906 269.180419921875 267.679718017578 265.821502685547 264.582275390625 266.121948242188 267.374145507812 266.669891357422 267.010559082031 266.500152587891 264.520843505859 262.707550048828 262.088897705078
271.143249511719 271.476776123047 271.577209472656 271.311706542969 271.367492675781 271.178497314453 270.960205078125 271.268981933594 271.66943359375 271.785430908203 271.513305664062 271.588409423828 271.783538818359 271.831451416016 271.251556396484 271.075897216797 272.015411376953 272.547973632812 271.173645019531 270.196044921875 269.336730957031 270.851593017578 269.72021484375 266.253479003906 266 268.337341308594 270.308074951172 270.855590820312 271.502075195312 269.916320800781 268.639282226562 268.270385742188 270.404235839844 270.321685791016 268.885559082031 268.915405273438 268.381469726562 268.713317871094 268.139678955078 266.449829101562 263.955902099609 264.962158203125 266.924224853516 266.878173828125 266.613128662109 264.754974365234 261.836578369141 260.509918212891 260.565582275391
271.253967285156 271.167724609375 271.495086669922 271.595611572266 271.710418701172 271.741485595703 271.331695556641 271.095733642578 271.308624267578 271.550201416016 271.465545654297 271.37060546875 271.359649658203 271.773803710938 271.462341308594 271.338500976562 272.310424804688 272.907318115234 269.611785888672 269.409912109375 269.290100097656 271.037445068359 270.196624755859 266.252075195312 266.891479492188 270.705413818359 271.163757324219 269.388031005859 269.084197998047 269.044097900391 268.892181396484 268.022888183594 269.265075683594 271.251129150391 269.665008544922 267.820556640625 267.154388427734 268.122741699219 267.542175292969 265.466278076172 263.583435058594 264.472564697266 266.502960205078 267.0712890625 266.54052734375 265.717315673828 264.388305664062 263.118011474609 262.142608642578
271.044281005859 270.903503417969 270.945587158203 271.028594970703 271.214416503906 271.367248535156 271.470001220703 271.305084228516 270.967498779297 270.8427734375 271.268402099609 271.687561035156 271.860198974609 272.259429931641 272.594329833984 272.824737548828 272.781921386719 271.030487060547 269.745483398438 270.078887939453 270.789093017578 270.971862792969 270.928466796875 270.883361816406 268.617645263672 268.343627929688 269.001220703125 269.654724121094 268.996032714844 267.529754638672 267.255798339844 269.534393310547 271.396423339844 272.368316650391 271.538024902344 270.244537353516 268.438507080078 267.937164306641 266.896209716797 265.894592285156 265.826538085938 263.852752685547 265.073059082031 266.759185791016 267.55224609375 266.823425292969 263.991943359375 261.090850830078 259.828674316406
270.485046386719 270.585296630859 270.746643066406 270.794189453125 270.941467285156 271.219482421875 271.353179931641 271.621002197266 271.184204101562 270.823638916016 271.199279785156 271.781982421875 272.046417236328 272.459045410156 272.677398681641 272.383728027344 272.686767578125 272.131988525391 270.086975097656 270.339935302734 271.030090332031 270.976623535156 271.133941650391 269.935760498047 266.394500732422 267.13037109375 269.288604736328 268.951202392578 269.927978515625 266.306274414062 267.423065185547 269.402679443359 271.244842529297 272.098937988281 271.301605224609 271.808380126953 271.542572021484 271.524719238281 269.595245361328 268.275665283203 268.738800048828 262.286041259766 263.884704589844 266.112121582031 268.039031982422 267.501678466797 264.289001464844 258.452423095703 250.219985961914
270.453765869141 270.528442382812 270.579681396484 270.680419921875 270.942565917969 271.140808105469 271.342620849609 271.517272949219 271.395812988281 271.269348144531 271.444244384766 271.815002441406 271.970062255859 272.411468505859 272.539733886719 271.981292724609 272.121368408203 272.440887451172 271.588165283203 271.766632080078 271.533172607422 270.197265625 270.211090087891 269.598785400391 266.647186279297 267.041046142578 269.128509521484 269.682830810547 270.525085449219 267.952606201172 269.234954833984 271.955383300781 272.643859863281 273.091674804688 272.657531738281 272.734130859375 273.144195556641 273.223388671875 271.869903564453 272.192749023438 271.018981933594 260.967926025391 262.536682128906 265.301879882812 266.175811767578 266.859375 265.7490234375 258.199432373047 248.291809082031
270.682830810547 270.706146240234 270.748962402344 270.775848388672 270.97900390625 271.462158203125 271.565032958984 271.57568359375 271.519073486328 271.234069824219 271.398315429688 271.839050292969 271.9501953125 272.273895263672 272.271545410156 272.088531494141 272.098510742188 272.322692871094 270.955322265625 271.298706054688 271.756622314453 270.153350830078 269.687805175781 269.797729492188 267.423736572266 265.765228271484 267.0791015625 268.864044189453 268.071594238281 267.747039794922 266.696166992188 270.989349365234 270.897064208984 270.755950927734 271.271453857422 270.598449707031 270.983367919922 271.050476074219 269.704895019531 270.516784667969 270.724822998047 263.909423828125 263.257476806641 266.447174072266 266.750762939453 266.302612304688 266.607330322266 261.336822509766 256.193054199219
270.916168212891 270.851287841797 270.873229980469 270.765167236328 270.854949951172 271.251556396484 271.314544677734 271.511901855469 271.52978515625 271.580352783203 271.862762451172 272.065032958984 272.398468017578 272.46875 272.273376464844 272.440582275391 272.060729980469 271.816375732422 271.088470458984 271.437225341797 271.693054199219 270.633148193359 268.930603027344 269.062194824219 268.536346435547 265.835205078125 265.26171875 265.812408447266 266.246612548828 267.252075195312 266.568511962891 267.663543701172 268.593811035156 269.792816162109 270.016845703125 270.256103515625 271.627868652344 270.280242919922 266.910919189453 265.122467041016 267.791381835938 265.941802978516 266.846710205078 267.911987304688 269.380645751953 267.805023193359 267.298583984375 266.59765625 265.416015625
270.869323730469 270.942413330078 270.835083007812 270.812652587891 271.206665039062 271.308746337891 271.010437011719 271.056182861328 271.546539306641 272.046081542969 272.075225830078 272.057159423828 272.389587402344 272.389739990234 272.147186279297 272.019348144531 271.706970214844 271.821990966797 270.381927490234 270.447845458984 271.695587158203 270.429260253906 269.626892089844 270.561584472656 268.859344482422 266.340209960938 265.358612060547 264.330047607422 265.300720214844 265.417938232422 267.057312011719 267.262939453125 269.189544677734 270.871185302734 269.540252685547 269.950653076172 272.720153808594 269.679016113281 264.917114257812 262.231170654297 265.147766113281 263.152984619141 264.753936767578 266.91650390625 268.531982421875 266.304962158203 264.574127197266 265.530639648438 266.019317626953
271.122894287109 271.215881347656 271.430511474609 271.499816894531 271.495574951172 271.274383544922 271.193328857422 270.671173095703 271.238708496094 271.889862060547 271.994110107422 272.033935546875 272.229095458984 272.335540771484 272.245880126953 272.110107421875 272.073638916016 272.009124755859 270.543426513672 270.356719970703 271.604187011719 271.422698974609 271.885467529297 271.171325683594 267.768951416016 266.559753417969 266.498962402344 264.417388916016 263.02880859375 263.114196777344 266.186340332031 267.348815917969 269.162933349609 270.291809082031 270.008666992188 270.412933349609 272.44140625 269.041564941406 263.386962890625 262.460845947266 263.3818359375 260.404418945312 260.126251220703 263.562438964844 265.581481933594 264.228454589844 262.270080566406 260.985534667969 260.715362548828
270.898101806641 270.590911865234 270.887542724609 271.245819091797 270.92431640625 270.779541015625 271.007751464844 270.775970458984 271.256500244141 271.826019287109 271.827911376953 271.83642578125 272.112487792969 272.227111816406 272.3759765625 272.196838378906 271.864807128906 271.622589111328 271.547302246094 271.688507080078 271.678344726562 271.194702148438 270.857788085938 269.586700439453 268.521240234375 268.465545654297 267.486175537109 265.203247070312 263.515533447266 263.318786621094 266.238922119141 267.774444580078 268.241973876953 269.153137207031 271.285247802734 272.696655273438 272.033233642578 266.619018554688 260.816192626953 261.750244140625 264.204742431641 260.270751953125 259.226989746094 259.899749755859 262.746978759766 264.547210693359 263.042724609375 260.619171142578 259.478179931641
270.182464599609 270.106140136719 270.350738525391 270.52587890625 270.41015625 270.757843017578 271.031829833984 271.213043212891 271.413757324219 272.031677246094 271.932495117188 271.707214355469 271.728546142578 271.756256103516 271.946990966797 271.847564697266 271.582977294922 271.575347900391 271.680267333984 272.203125 272.159545898438 270.460784912109 268.366363525391 267.019775390625 267.026428222656 267.866790771484 266.89892578125 265.351440429688 265.785858154297 264.80419921875 265.315795898438 266.946655273438 268.730590820312 270.610931396484 272.685150146484 274.145141601562 271.699188232422 265.544982910156 262.353332519531 264.084564208984 267.884063720703 263.105773925781 261.85546875 261.645263671875 263.978485107422 265.208923339844 263.952819824219 261.345275878906 258.197967529297
269.952209472656 270.216827392578 270.520843505859 270.569091796875 270.514373779297 271.122985839844 271.560363769531 271.583587646484 271.754669189453 272.161468505859 272.041229248047 271.598571777344 271.421600341797 271.470825195312 271.680450439453 271.797180175781 271.660858154297 271.634460449219 271.705322265625 272.229461669922 272.436737060547 270.266906738281 267.50439453125 266.529724121094 266.298797607422 267.197113037109 268.665954589844 268.439819335938 266.640167236328 266.847503662109 264.810241699219 266.762420654297 270.190582275391 271.028839111328 272.305999755859 274.501708984375 272.131744384766 267.936096191406 266.039581298828 264.655639648438 267.914611816406 266.161590576172 264.381500244141 262.425079345703 262.523468017578 262.792388916016 262.4169921875 262.507537841797 261.145782470703
269.960876464844 270.4453125 270.942962646484 271.019561767578 270.885284423828 271.15625 271.616058349609 271.366119384766 271.509765625 271.654357910156 271.651306152344 271.465484619141 271.395385742188 271.772888183594 271.995574951172 271.843200683594 271.735534667969 271.641998291016 272.242553710938 272.326110839844 272.506683349609 270.214965820312 268.124267578125 268.813262939453 269.905517578125 269.429260253906 268.296173095703 267.927459716797 265.772552490234 268.382354736328 265.843811035156 265.086791992188 267.615783691406 270.130340576172 272.212646484375 274.314300537109 272.688659667969 268.29931640625 265.532684326172 264.960998535156 267.890258789062 265.343811035156 263.510040283203 261.351013183594 259.062286376953 258.392425537109 256.169281005859 253.20329284668 253.563613891602
270.307800292969 270.441284179688 270.551025390625 270.784545898438 271.302734375 271.544494628906 271.599487304688 271.659698486328 271.491577148438 271.391479492188 271.400054931641 271.681518554688 271.954345703125 271.901916503906 271.728973388672 271.727264404297 271.901763916016 272.211517333984 273.124053955078 273.091583251953 272.935699462891 272.338317871094 271.436584472656 271.038421630859 271.421508789062 269.320983886719 268.579681396484 270.557525634766 269.339874267578 269.620727539062 270.397552490234 267.871490478516 265.840667724609 268.747131347656 273.742614746094 274.781097412109 271.662048339844 266.416412353516 265.386108398438 266.864501953125 267.628631591797 269.567565917969 265.161041259766 264.841918945312 265.59375 262.562744140625 257.963470458984 252.811721801758 243.064163208008
270.750152587891 270.858489990234 270.938079833984 271.294952392578 271.611328125 271.239318847656 271.074432373047 271.721740722656 271.725372314453 271.416564941406 271.486785888672 271.603485107422 271.565826416016 271.523712158203 271.595886230469 271.767730712891 271.938995361328 272.44970703125 272.583312988281 272.401000976562 271.793212890625 270.470275878906 268.417694091797 267.858703613281 269.870300292969 270.344390869141 269.735778808594 270.074737548828 268.3359375 266.880828857422 269.496215820312 269.463500976562 267.888244628906 271.774475097656 274.772430419922 274.474060058594 273.010101318359 267.613891601562 264.424652099609 269.415710449219 272.074005126953 273.5048828125 270.905303955078 269.917358398438 270.642456054688 270.036437988281 264.690246582031 260.0888671875 252.404251098633
270.746826171875 270.93701171875 271.071472167969 271.081573486328 271.088043212891 270.878967285156 270.785736083984 271.247650146484 271.284271240234 271.211212158203 271.325775146484 271.51318359375 271.611053466797 271.449401855469 271.550537109375 271.842559814453 271.956359863281 272.24853515625 272.2646484375 272.099548339844 271.449951171875 268.936767578125 266.108428955078 265.838104248047 268.198577880859 270.206481933594 267.167388916016 264.617370605469 265.441070556641 266.801818847656 270.140808105469 270.272705078125 269.315307617188 273.410919189453 274.526702880859 273.826843261719 272.878509521484 270.959747314453 270.129516601562 271.490264892578 271.146942138672 272.257781982422 270.031036376953 263.210205078125 257.54248046875 257.48388671875 260.657958984375 257.377319335938 249.769241333008
270.664398193359 270.804656982422 270.96923828125 271.229888916016 271.410614013672 271.089569091797 270.821594238281 270.757354736328 270.651153564453 270.941680908203 270.371429443359 270.478454589844 271.483184814453 271.273223876953 271.193603515625 271.397857666016 271.633483886719 271.713043212891 271.950653076172 271.551147460938 271.366394042969 269.092864990234 266.060211181641 265.144958496094 267.121215820312 269.529968261719 267.094146728516 265.032165527344 266.335174560547 270.135559082031 272.906433105469 272.472930908203 272.276245117188 274.348358154297 274.398742675781 273.723968505859 273.651214599609 274.346649169922 272.866302490234 268.393951416016 267.070465087891 265.829528808594 263.970520019531 253.575897216797 242.770980834961 241.070602416992 249.600769042969 247.836532592773 240.16455078125
270.408508300781 270.809020996094 270.866363525391 270.829711914062 271.059051513672 271.091430664062 270.887298583984 270.692840576172 270.419647216797 270.418823242188 269.490753173828 269.741821289062 271.081695556641 270.743865966797 270.56201171875 270.940673828125 271.421508789062 271.549224853516 271.955993652344 271.141876220703 270.558319091797 270.545166015625 268.209442138672 265.988128662109 267.090942382812 267.928161621094 267.180999755859 266.24560546875 265.382293701172 269.959075927734 273.033752441406 274.05419921875 274.377410888672 274.911682128906 274.72314453125 274.538635253906 274.597869873047 273.882263183594 269.855590820312 264.990600585938 264.703338623047 262.028930664062 259.799652099609 252.325622558594 242.210037231445 241.311126708984 249.356414794922 248.878448486328 246.142562866211
269.972595214844 270.114959716797 270.012969970703 270.054931640625 270.170806884766 270.665832519531 271.005798339844 270.841705322266 270.507751464844 270.054962158203 270.015167236328 270.743988037109 271.065460205078 270.862884521484 270.790832519531 271.037994384766 271.609375 271.708465576172 272.053314208984 271.473419189453 270.802276611328 271.1748046875 269.478515625 266.753082275391 266.250457763672 266.030944824219 267.156982421875 266.04443359375 262.908935546875 267.52685546875 271.670989990234 274.326934814453 274.502288818359 274.99267578125 275.145965576172 274.8837890625 274.174438476562 272.327484130859 268.517700195312 264.655731201172 265.791168212891 266.405090332031 264.272338867188 261.781219482422 254.828186035156 251.615905761719 252.179016113281 249.732543945312 249.044876098633
269.592407226562 269.764678955078 269.765502929688 269.903686523438 270.204528808594 270.517517089844 270.519470214844 270.831909179688 271.077026367188 270.860931396484 270.888031005859 271.184661865234 271.147003173828 271.014251708984 270.965393066406 271.099609375 271.578277587891 271.602294921875 272.014465332031 271.671661376953 271.534820556641 271.252746582031 270.325714111328 267.289916992188 265.411743164062 265.678466796875 265.592193603516 265.367797851562 264.686981201172 268.915252685547 272.069641113281 274.291351318359 274.157501220703 273.670715332031 273.672210693359 272.512573242188 271.616577148438 271.344451904297 269.616119384766 267.935943603516 269.028228759766 269.416931152344 269.803131103516 267.671783447266 259.230102539062 247.689514160156 238.844085693359 234.422561645508 233.43327331543
