rcp4.5models/MPi_ESM_LR/sc1gr0.38
NCOLS 261 
NROWS 433 
XLLCORNER 336357.134 
YLLCORNER 654653.479 
CELLSIZE 1000 
NODATA_value -3.4e+38 
[rows 198 to 219 of 433, columns 147 to 195 of 261]
51.9518089294434 51.7323608398438 51.5925064086914 -3.4e+38 -3.4e+38 -3.4e+38 51.1062278747559 50.8549766540527 50.7398567199707 50.5942611694336 50.2775344848633 49.9778327941895 49.9013862609863 49.8352394104004 49.6205940246582 49.3728790283203 49.218879699707 49.1077041625977 49.1169853210449 49.0415916442871 48.881519317627 48.7097244262695 48.5923042297363 48.4755554199219 48.4781188964844 48.3744125366211 48.0845146179199 47.8975372314453 47.8354606628418 47.8412094116211 47.7290267944336 47.5566482543945 47.448600769043 47.2128982543945 47.1714477539062 47.0819206237793 47.1264038085938 47.1656112670898 47.0550003051758 46.9980545043945 47.1046714782715 47.0205078125 46.9532585144043 47.0029487609863 46.7925834655762 46.3647613525391 46.2958679199219 46.2919082641602 46.4504661560059
51.8739471435547 51.7429389953613 -3.4e+38 -3.4e+38 -3.4e+38 51.2178344726562 50.9103202819824 50.8048706054688 50.6920471191406 50.507999420166 50.3469543457031 50.0657958984375 49.9380912780762 49.8676605224609 49.7007293701172 49.5281105041504 49.3075942993164 49.234188079834 49.2070579528809 49.0692481994629 48.9569625854492 48.8460998535156 48.6543464660645 48.3970031738281 48.2897682189941 48.1737937927246 48.051830291748 47.8723411560059 47.8233375549316 47.8307418823242 47.8134918212891 47.7034072875977 47.5668640136719 47.3102416992188 47.2803573608398 47.2115478515625 47.2412300109863 47.2255439758301 47.1379623413086 47.1465759277344 47.1341972351074 47.091365814209 47.0500793457031 47.1135559082031 46.9729499816895 46.6248931884766 46.3611946105957 46.462329864502 46.7498092651367
51.8320198059082 -3.4e+38 -3.4e+38 -3.4e+38 -3.4e+38 51.1282577514648 50.9272880554199 50.9355010986328 50.8485527038574 50.4383773803711 50.3591957092285 50.1040802001953 49.9303855895996 49.8952217102051 49.7606925964355 49.6397171020508 49.4813919067383 49.4732360839844 49.3374328613281 49.1512336730957 49.0301322937012 48.9254722595215 48.791748046875 48.5186386108398 48.2373466491699 48.0165061950684 47.9879570007324 47.9101715087891 47.846622467041 47.8403205871582 47.8488883972168 47.7739334106445 47.7358894348145 47.4599151611328 47.3724937438965 47.2499580383301 47.2674827575684 47.2439727783203 47.1974678039551 47.2292556762695 47.1967697143555 47.1381645202637 47.0580978393555 47.0165252685547 47.0141525268555 46.8464851379395 46.6007423400879 46.6329154968262 46.7199363708496
51.8692092895508 -3.4e+38 -3.4e+38 -3.4e+38 51.5733528137207 51.503490447998 51.2804946899414 51.0669174194336 51.161003112793 50.5530662536621 50.4248085021973 50.0940856933594 49.8510246276855 49.8815307617188 49.8166809082031 49.6806182861328 49.5711097717285 49.5791931152344 49.3748741149902 49.2169227600098 49.0755157470703 48.8729934692383 48.7971076965332 48.6958503723145 48.4846115112305 48.1931838989258 48.040096282959 48.0083427429199 47.9779968261719 47.9595222473145 47.9084930419922 47.7793464660645 47.7480354309082 47.5429344177246 47.4684066772461 47.4523315429688 47.322021484375 47.3127479553223 47.3262901306152 47.3577194213867 47.2339553833008 47.2781639099121 47.2498474121094 -3.4e+38 46.9809646606445 46.9680709838867 46.8732414245605 46.7548141479492 46.722957611084
51.951732635498 51.8221549987793 -3.4e+38 -3.4e+38 51.4783630371094 51.5776824951172 51.4713172912598 51.0734634399414 51.1932945251465 50.6343002319336 50.4593391418457 50.1698036193848 49.9347915649414 49.8102951049805 49.8460807800293 49.7740020751953 49.5621719360352 49.4923324584961 49.3231544494629 49.1931648254395 49.0630760192871 48.7947769165039 48.6217918395996 48.6230087280273 48.4993705749512 48.2904319763184 48.1196594238281 48.112133026123 48.1353340148926 48.0870819091797 47.9712333679199 47.8179740905762 47.7946586608887 -3.4e+38 47.6089248657227 47.570728302002 47.390811920166 47.3527297973633 47.3431968688965 47.3916358947754 47.3465690612793 47.2871398925781 47.3115501403809 47.2585525512695 47.0588531494141 47.0051002502441 46.9386100769043 46.7375755310059 46.8409881591797
51.9491424560547 51.8235015869141 51.6061630249023 -3.4e+38 51.5616111755371 51.4562568664551 -3.4e+38 -3.4e+38 50.9541206359863 50.6330108642578 50.5104827880859 50.2187271118164 50.0721549987793 49.8516540527344 49.8321723937988 49.6875038146973 49.5204238891602 49.4487037658691 49.3465309143066 49.1994323730469 49.1470222473145 48.9419860839844 48.6439247131348 48.6008605957031 48.5253562927246 48.3741722106934 48.2719268798828 48.2375030517578 48.2286987304688 48.0955085754395 47.938533782959 -3.4e+38 47.8912239074707 47.7279243469238 47.6579093933105 47.5134391784668 47.5151519775391 47.4533882141113 47.3925819396973 47.3692779541016 47.3843841552734 47.3232307434082 47.261775970459 47.2036399841309 47.1191673278809 46.9646530151367 46.8545227050781 46.6314315795898 46.782096862793
51.9256858825684 51.8592376708984 51.5959892272949 -3.4e+38 51.611457824707 51.4633445739746 51.241943359375 -3.4e+38 50.9442825317383 50.772289276123 50.6369514465332 50.2970123291016 50.2326965332031 49.9760284423828 49.8254356384277 49.6084213256836 49.6495094299316 49.598201751709 49.4030914306641 49.2914657592773 49.2404747009277 49.1301727294922 48.6191596984863 48.6735763549805 48.5745162963867 48.4614219665527 48.4447746276855 48.3383026123047 48.2921295166016 48.1393051147461 48.0031318664551 47.9301376342773 47.9126434326172 47.7701568603516 47.6789855957031 47.6698341369629 47.6827087402344 47.6218948364258 47.5620422363281 47.4584426879883 47.405590057373 47.4690322875977 47.3127479553223 47.2215843200684 47.1627883911133 47.1029777526855 46.9798202514648 46.7888145446777 46.6954689025879
52.036205291748 51.9021911621094 51.5864410400391 51.5705261230469 51.6316947937012 51.5024948120117 -3.4e+38 51.2070045471191 50.960865020752 50.7961959838867 50.7051048278809 50.332649230957 50.1558265686035 49.9868621826172 49.8547859191895 49.736930847168 49.7484016418457 49.6429672241211 49.4501686096191 49.1940803527832 49.1997871398926 49.2054138183594 48.7033348083496 48.7379379272461 48.5761909484863 48.5271339416504 48.4873847961426 48.3903160095215 48.2851257324219 48.1741981506348 48.1062431335449 -3.4e+38 47.8708763122559 47.7827758789062 47.6632881164551 47.6930198669434 47.7214622497559 47.6302337646484 47.5587539672852 47.5481719970703 47.4799957275391 47.5443992614746 47.4717788696289 47.3985176086426 47.3037223815918 47.2398681640625 47.0457458496094 47.016056060791 46.8155517578125
52.0869102478027 51.8890037536621 51.6514129638672 51.6360206604004 51.8131713867188 51.7618217468262 51.7697448730469 51.5832443237305 51.2021827697754 50.8461112976074 50.6743927001953 50.3723754882812 50.1837959289551 50.069580078125 49.8990783691406 49.8933219909668 49.8339462280273 49.6390686035156 49.5694694519043 49.2673683166504 49.2262496948242 49.1285972595215 48.8925590515137 48.7378578186035 48.5770225524902 48.6032485961914 48.546257019043 48.4695510864258 48.2100448608398 48.1426963806152 48.1161613464355 48.0106391906738 47.9348754882812 47.8165588378906 47.7163200378418 47.6849403381348 47.7452812194824 47.6901016235352 47.6530685424805 47.7170829772949 47.649356842041 47.629150390625 47.5650291442871 47.4565849304199 47.4218902587891 47.1457405090332 46.986701965332 47.1021919250488 47.0227546691895
52.1312065124512 51.9081268310547 51.7973518371582 51.7175254821777 51.8606109619141 51.8184127807617 51.6139907836914 51.6049270629883 51.3382377624512 51.0410423278809 50.7284851074219 50.4244003295898 50.263111114502 50.2819938659668 50.0474853515625 50.017578125 49.9840545654297 49.7560768127441 49.6344566345215 49.3904838562012 49.3119506835938 49.1514282226562 48.9842376708984 48.8264427185059 48.7109985351562 48.6368560791016 48.6040000915527 48.5622901916504 48.2596015930176 48.1732749938965 48.1306800842285 48.0642013549805 47.9967079162598 47.9622955322266 47.8115730285645 47.7800025939941 47.8043899536133 47.7699851989746 47.726375579834 47.7936668395996 47.7243232727051 47.6707916259766 47.5494804382324 47.4559173583984 47.4316368103027 47.1389350891113 47.1564254760742 47.216911315918 47.0903739929199
52.12548828125 51.9526405334473 51.8111228942871 51.8908729553223 51.808162689209 51.732967376709 51.735034942627 51.7721366882324 51.3515205383301 51.0696868896484 50.7588844299316 50.5547561645508 50.390251159668 50.080322265625 49.9341697692871 50.0415267944336 49.9409446716309 49.7522926330566 49.6038398742676 49.3646965026855 49.3595695495605 49.2298583984375 48.9645805358887 48.8997116088867 48.729663848877 48.5317611694336 48.5126342773438 48.5379409790039 48.4674491882324 48.2899589538574 48.2429161071777 48.1146659851074 48.1901054382324 47.9604377746582 48.0059432983398 48.0036010742188 47.9836235046387 47.9206619262695 47.8666954040527 47.7350578308105 47.6830635070801 47.6540679931641 47.5213088989258 47.4497337341309 47.4206771850586 47.2891311645508 47.3522300720215 47.3563919067383 47.1986770629883
52.3195877075195 52.1730995178223 52.074047088623 51.9600830078125 51.807788848877 51.711841583252 51.833625793457 51.9253082275391 51.285774230957 51.0730476379395 50.9201583862305 50.4975509643555 50.4360160827637 50.1672477722168 -3.4e+38 50.1530914306641 49.9080696105957 49.7372741699219 49.5735168457031 49.3630065917969 49.2919464111328 49.1286277770996 48.9111976623535 48.879077911377 48.7780342102051 48.6085014343262 48.5643272399902 48.5176696777344 48.5089225769043 48.420539855957 48.239128112793 48.118839263916 -3.4e+38 48.1084938049316 48.0788078308105 48.0619659423828 48.0509986877441 48.0361671447754 47.9630317687988 47.850528717041 47.8436317443848 47.7592353820801 47.5786323547363 47.4929695129395 47.3976554870605 47.2986717224121 47.3625373840332 47.409839630127 47.2471084594727
52.3674697875977 52.2291297912598 52.1665267944336 51.9850540161133 51.8653564453125 51.792610168457 51.8644714355469 51.8380126953125 51.2213668823242 51.0608673095703 50.8357543945312 50.4504051208496 50.4492149353027 50.3309516906738 50.2233428955078 -3.4e+38 49.8643493652344 49.7801933288574 49.5716285705566 49.3592796325684 49.3056716918945 49.1834297180176 48.9265518188477 48.9035339355469 48.8138542175293 48.7325477600098 48.6740684509277 48.5768737792969 48.5606651306152 48.5944519042969 48.4223098754883 -3.4e+38 -3.4e+38 48.090747833252 48.118236541748 48.1335182189941 48.1184768676758 48.1337509155273 47.9207038879395 47.8826751708984 47.9444046020508 47.8650283813477 47.6378021240234 47.5405044555664 47.4539184570312 47.3918342590332 47.394962310791 47.3965759277344 47.3130645751953
52.3293838500977 52.100772857666 52.0566482543945 51.9234199523926 51.8439407348633 51.831169128418 51.8196296691895 51.5083389282227 51.200569152832 51.0416870117188 50.7461204528809 50.484790802002 50.4270896911621 50.2087898254395 50.1991271972656 -3.4e+38 49.9980621337891 49.7545776367188 49.6295547485352 49.4501533508301 49.3325958251953 49.2384071350098 48.9848175048828 48.9367218017578 48.8797760009766 48.8481140136719 48.79248046875 -3.4e+38 48.5691528320312 48.5826568603516 48.5224113464355 -3.4e+38 48.4277877807617 48.1275596618652 48.216968536377 48.2842407226562 48.1882438659668 48.2419052124023 48.0011978149414 47.9209976196289 47.9489288330078 47.9122085571289 47.7418403625488 47.6139335632324 47.5503234863281 47.4477844238281 47.3869018554688 47.4019813537598 47.4124984741211
52.305118560791 52.0913581848145 51.9608840942383 51.8774337768555 51.7462272644043 51.7831726074219 51.7000961303711 51.3707389831543 51.2087364196777 50.9562339782715 50.8021392822266 50.5477142333984 -3.4e+38 -3.4e+38 -3.4e+38 -3.4e+38 50.0668640136719 49.8390274047852 49.6621627807617 49.5223007202148 49.3129501342773 49.2465133666992 48.9772834777832 48.8697853088379 48.8817977905273 48.8828201293945 -3.4e+38 48.6890830993652 48.5676002502441 -3.4e+38 48.537971496582 48.4916496276855 48.474437713623 48.2884712219238 48.2874336242676 48.2367248535156 48.296688079834 48.3533935546875 48.1770210266113 47.9976463317871 47.9286956787109 47.818977355957 47.8379707336426 47.7797889709473 -3.4e+38 -3.4e+38 47.4704208374023 47.3996849060059 47.4077911376953
-3.4e+38 52.0831680297852 51.8933601379395 51.8453254699707 51.7131080627441 51.7051010131836 51.7043724060059 51.4238014221191 51.1712379455566 50.9291496276855 50.853946685791 50.5192031860352 -3.4e+38 -3.4e+38 -3.4e+38 -3.4e+38 49.9197120666504 49.8001251220703 49.6651153564453 49.6160430908203 49.3639259338379 49.3258171081543 49.0616264343262 49.0082321166992 48.9268760681152 48.9071655273438 -3.4e+38 48.7599143981934 48.6837959289551 48.671257019043 48.6535911560059 48.5608253479004 48.4819984436035 48.3301162719727 48.284538269043 48.2880249023438 48.434627532959 48.2995338439941 48.1958885192871 48.0146293640137 47.9687080383301 47.8597984313965 47.9314651489258 47.9407539367676 -3.4e+38 47.7067451477051 47.587963104248 47.5547752380371 47.5422134399414
52.3629302978516 52.1130867004395 52.025218963623 51.8440132141113 51.6362915039062 51.6920623779297 51.7610054016113 51.4720764160156 51.1387634277344 50.9902458190918 50.8986930847168 -3.4e+38 -3.4e+38 -3.4e+38 -3.4e+38 -3.4e+38 49.9509887695312 49.8541259765625 49.7928314208984 49.716667175293 49.439094543457 49.3843574523926 49.2511596679688 49.213550567627 49.0898094177246 49.0343589782715 48.8462142944336 48.777660369873 48.7548561096191 48.6176452636719 48.7139739990234 48.6299629211426 48.4285087585449 48.4815826416016 48.4296798706055 48.406421661377 48.3562698364258 48.1924667358398 48.1419486999512 48.0404891967773 48.0186958312988 48.0157432556152 47.9809074401855 47.9705352783203 -3.4e+38 47.7820014953613 47.6620254516602 47.696231842041 47.6772499084473
52.4130477905273 52.2058410644531 52.0953979492188 51.8105659484863 51.6231460571289 51.7881126403809 51.7587661743164 51.3906517028809 51.1456031799316 51.0716972351074 50.920711517334 50.6580085754395 50.4384231567383 -3.4e+38 -3.4e+38 50.0007972717285 49.9449348449707 49.9120674133301 49.8859634399414 49.7637062072754 49.5914764404297 49.4817085266113 49.2899208068848 49.2630500793457 49.206298828125 49.0447235107422 48.8891525268555 48.8851356506348 48.7863388061523 48.6005821228027 48.7025680541992 48.7600059509277 48.5984725952148 48.6883163452148 48.6327819824219 48.5593490600586 48.4120635986328 48.2420616149902 48.1642417907715 48.132251739502 48.0417251586914 48.0623626708984 48.0201530456543 48.003963470459 -3.4e+38 47.828239440918 47.7431945800781 47.7581825256348 47.6307830810547
52.5161170959473 52.2763404846191 52.0108985900879 51.7067451477051 51.6456451416016 51.8913841247559 51.9816093444824 51.3532066345215 51.1097106933594 51.0426063537598 50.8525772094727 -3.4e+38 -3.4e+38 -3.4e+38 50.1447906494141 50.0662422180176 49.9046020507812 49.8571701049805 49.8224754333496 49.8133773803711 49.7025337219238 49.4924621582031 49.3370170593262 49.3003158569336 49.2420120239258 49.0978240966797 48.9987144470215 49.0721168518066 48.9273948669434 48.7994918823242 48.7763290405273 48.837028503418 48.7676391601562 48.8741416931152 48.7489395141602 48.6785621643066 48.5583572387695 48.3341484069824 48.3665809631348 48.312427520752 48.1094436645508 48.0735855102539 48.0427284240723 48.0832214355469 48.0238723754883 48.0181617736816 47.9988098144531 48.0513801574707 47.8410301208496
52.5009727478027 52.3318214416504 52.046703338623 51.8052139282227 51.6766815185547 51.7927513122559 51.9019203186035 51.4037933349609 51.1860046386719 51.0652160644531 -3.4e+38 50.4674873352051 50.4828491210938 50.4286842346191 50.2190055847168 50.1423721313477 49.9828033447266 49.8932113647461 49.8063888549805 49.8619956970215 49.7558135986328 49.4964981079102 49.4534873962402 -3.4e+38 49.2972145080566 49.2565116882324 49.1214637756348 49.1209487915039 49.0474548339844 48.988410949707 49.0370483398438 49.1529083251953 48.8136672973633 48.9365844726562 48.8330421447754 48.6850624084473 48.6246032714844 48.5592460632324 48.5388450622559 48.2867012023926 48.1558456420898 48.0972290039062 48.0559501647949 48.166675567627 48.0963287353516 48.1910438537598 48.2177391052246 48.2085075378418 48.0611381530762
52.442024230957 52.2705039978027 52.0184707641602 51.8882751464844 51.7010116577148 51.7095146179199 51.6960182189941 51.3815650939941 51.2582664489746 51.0484199523926 50.7889060974121 50.4765701293945 50.4989433288574 50.431079864502 50.2407073974609 50.1466331481934 50.0590286254883 50.0487785339355 49.902645111084 49.8837852478027 -3.4e+38 49.6171798706055 49.4001312255859 49.2956886291504 49.317066192627 49.2917823791504 -3.4e+38 49.0464363098145 49.1016616821289 49.3688812255859 50.2212715148926 51.0101585388184 50.4220428466797 48.9017448425293 48.9252662658691 48.8091354370117 48.6992797851562 48.7200088500977 48.6060256958008 48.3333358764648 48.1813545227051 48.1076583862305 48.2027778625488 48.3507537841797 48.2066917419434 48.230037689209 48.2266578674316 48.1604804992676 48.1818580627441
52.4288368225098 52.1789970397949 51.960376739502 51.7913589477539 51.6868209838867 51.6910209655762 51.5721702575684 51.3104972839355 51.1708908081055 50.9240531921387 50.7815208435059 50.5164794921875 50.5007095336914 50.3864097595215 50.2798309326172 50.2189712524414 50.1834144592285 50.1443748474121 49.9763298034668 49.9529151916504 49.8277168273926 49.6337852478027 49.333740234375 49.1930198669434 49.2730598449707 49.3210220336914 49.1573219299316 49.070240020752 49.1584930419922 49.4438705444336 50.0939559936523 50.9388427734375 50.945613861084 49.0120887756348 49.0111312866211 48.9181594848633 48.7029418945312 48.7419815063477 48.7127113342285 48.5136642456055 48.2931632995605 48.195629119873 48.3449478149414 48.5085372924805 48.3474235534668 48.3068504333496 48.3372611999512 48.3178672790527 48.4411277770996
