rcp4.5models/MPi_ESM_LR/sc1gr8.19
NCOLS 261 
NROWS 433 
XLLCORNER 336357.134 
YLLCORNER 654653.479 
CELLSIZE 1000 
NODATA_value -3.4e+38 
[rows 330 to 351 of 433, columns 147 to 195 of 261]
150.250228881836 127.185241699219 116.443916320801 108.336990356445 104.638427734375 100.587844848633 93.0226440429688 89.2422256469727 85.6060028076172 82.5859832763672 78.7597198486328 76.3069305419922 76.3293685913086 74.9979553222656 73.6410903930664 72.5920486450195 68.9943771362305 71.1251754760742 77.6882400512695 77.6348419189453 73.0563583374023 70.3149108886719 81.0586853027344 77.1974029541016 76.3826446533203 77.4828262329102 80.998893737793 80.565299987793 76.1289138793945 73.422233581543 80.1741027832031 80.3489379882812 72.0648727416992 68.8684616088867 66.8096923828125 67.0657653808594 66.2453308105469 65.9255065917969 65.5068969726562 64.7734298706055 63.3989372253418 61.860221862793 60.0549850463867 58.5315208435059 57.857006072998 61.6113967895508 62.2642593383789 61.756519317627 58.3765525817871
158.611404418945 129.377670288086 118.618812561035 111.373550415039 106.419364929199 101.917251586914 95.0506210327148 90.6990509033203 87.2062759399414 84.0265579223633 81.4038925170898 77.9482727050781 76.3144378662109 74.4744720458984 72.3073806762695 71.5880432128906 70.5702438354492 72.8502426147461 76.266357421875 71.5208129882812 71.0934371948242 70.6878890991211 84.2611846923828 80.3593139648438 76.5611572265625 75.0496139526367 73.270133972168 75.7424774169922 79.5299758911133 80.5382461547852 81.542610168457 75.3223419189453 69.2705383300781 67.7463607788086 67.3813095092773 66.8272171020508 66.3304214477539 65.8849868774414 65.6632080078125 64.4694213867188 62.7146987915039 60.5673027038574 57.6932601928711 56.8656311035156 56.3778915405273 62.2914390563965 62.8862800598145 60.5669174194336 57.1461753845215
172.03630065918 139.186569213867 125.669914245605 113.844390869141 107.016983032227 101.580718994141 96.7842025756836 92.6194381713867 90.1279983520508 86.6897583007812 83.2689514160156 79.6381072998047 76.3770446777344 75.6161727905273 74.4812469482422 72.4383316040039 71.7806167602539 71.4939880371094 71.2052307128906 70.4223480224609 69.562141418457 73.1001663208008 84.5868377685547 81.7224578857422 74.6277923583984 76.4593963623047 74.7494506835938 73.9424438476562 73.607177734375 75.6027297973633 74.070442199707 72.7321548461914 68.0994262695312 66.2006912231445 64.638557434082 65.4608154296875 65.6217422485352 66.0074768066406 65.4455184936523 63.4759750366211 61.3478584289551 59.749828338623 56.5649948120117 55.8663635253906 54.9133071899414 60.5034065246582 59.8946876525879 57.0180168151855 55.351131439209
200.075897216797 180.809341430664 155.390182495117 119.768371582031 109.501670837402 103.227928161621 97.5271224975586 93.2565307617188 91.3889465332031 90.2534637451172 86.304801940918 80.4077377319336 78.2448120117188 76.8747863769531 76.7472915649414 73.9523315429688 72.9493408203125 71.880744934082 70.8470916748047 70.1814041137695 70.3603744506836 75.5971984863281 84.2844772338867 84.0941162109375 75.5221099853516 75.6292343139648 76.3555679321289 74.0884399414062 72.5741806030273 71.0135040283203 70.4046401977539 70.9951553344727 68.89306640625 65.540412902832 62.1912689208984 65.1238174438477 64.7233734130859 65.9359664916992 63.8607597351074 60.058177947998 59.0252380371094 58.0643577575684 56.0402908325195 55.1785736083984 54.2617416381836 59.3264465332031 55.784839630127 54.6274108886719 53.9096870422363
207.636184692383 194.340667724609 169.238784790039 129.499786376953 113.097518920898 104.890106201172 99.1377105712891 94.9706878662109 92.9544143676758 91.7348251342773 88.4879684448242 81.2514266967773 79.8349456787109 78.9032821655273 77.5359497070312 75.5317840576172 74.6127471923828 76.6424865722656 83.2509994506836 81.5553131103516 72.4258575439453 76.6742553710938 77.7607803344727 78.6974792480469 75.4907302856445 75.2611846923828 75.2712554931641 71.4924926757812 72.8899612426758 72.6252746582031 71.0453643798828 69.4865341186523 67.774658203125 64.8025817871094 61.3408699035645 63.9712562561035 64.602165222168 65.6062545776367 62.3650093078613 57.401439666748 57.3518295288086 55.8706893920898 54.6166534423828 53.8355560302734 53.5082015991211 60.049617767334 54.4965171813965 53.1072273254395 51.6919059753418
207.660385131836 190.156387329102 161.328399658203 129.843994140625 115.123603820801 106.657676696777 100.773948669434 97.1836929321289 94.4224624633789 91.2213745117188 87.9053192138672 83.5928192138672 82.3748245239258 80.912483215332 78.9252243041992 78.0307388305664 80.9920349121094 96.1943359375 113.067481994629 94.1660232543945 73.505615234375 75.3055572509766 72.2405242919922 75.5321426391602 77.3376388549805 76.9014892578125 75.708137512207 71.5350875854492 70.0534057617188 69.4714965820312 69.836051940918 67.639533996582 65.6996994018555 63.9804153442383 61.1442680358887 61.3598823547363 65.0048294067383 64.7850112915039 60.3876991271973 56.8631896972656 56.3293724060059 54.9477386474609 53.1949119567871 52.9872512817383 52.4288482666016 59.6986846923828 53.8646354675293 50.8189811706543 49.2379379272461
210.661865234375 207.979141235352 204.139953613281 185.758163452148 144.990539550781 114.437034606934 105.643943786621 101.894081115723 98.4739303588867 95.3278274536133 91.7398910522461 88.6621856689453 89.8962631225586 95.8407211303711 111.591415405273 119.650703430176 120.703399658203 135.344573974609 146.555999755859 133.95280456543 103.824768066406 74.7164306640625 76.8588409423828 79.4262466430664 77.5984115600586 78.3359527587891 73.5965881347656 69.2639694213867 68.1105270385742 66.2509384155273 67.1446380615234 66.7079391479492 65.9088287353516 61.3014259338379 59.9399909973145 58.887523651123 58.055778503418 56.2118492126465 55.4768180847168 54.4761657714844 54.3559036254883 54.3380584716797 52.0787239074707 51.2578773498535 51.2109985351562 58.761775970459 48.8265991210938 47.6975212097168 47.0327796936035
176.686447143555 172.567596435547 181.957092285156 194.697479248047 159.388854980469 118.638374328613 113.788856506348 108.975387573242 102.462905883789 98.3569412231445 94.4946136474609 90.3664779663086 100.412048339844 118.25212097168 107.727699279785 95.2215042114258 94.0912475585938 107.891265869141 130.628189086914 126.34496307373 99.3262557983398 75.5776443481445 81.9570693969727 83.5851058959961 79.1889495849609 78.3107147216797 73.0049209594727 68.6118698120117 69.0398788452148 66.0677108764648 67.4646759033203 67.3239669799805 66.1021957397461 61.8581695556641 59.7786254882812 58.0879669189453 56.4836235046387 55.5626449584961 54.8856163024902 53.5209121704102 53.5898323059082 53.5570220947266 51.3274002075195 50.5159301757812 50.4548301696777 54.635555267334 48.1680145263672 47.1883697509766 46.2231712341309
153.51887512207 141.944198608398 144.473770141602 159.05924987793 138.491912841797 117.0009765625 117.562957763672 119.841583251953 122.918823242188 114.680290222168 98.3196182250977 92.9246215820312 106.923919677734 121.019172668457 92.4589538574219 85.6930847167969 87.0687103271484 89.2434768676758 101.403587341309 100.290344238281 78.7982711791992 76.4463500976562 81.3568496704102 85.65478515625 79.8222045898438 78.3011856079102 72.7959823608398 68.8048095703125 70.0255966186523 66.3799133300781 69.1503677368164 69.0928039550781 65.5489349365234 61.2457275390625 58.7750129699707 56.8455467224121 55.5264549255371 54.6423034667969 53.7135734558105 52.6030883789062 51.8775978088379 51.2880592346191 50.1328277587891 49.7771759033203 49.2928924560547 51.4163513183594 50.3980369567871 46.7698287963867 45.7014122009277
162.553237915039 152.461944580078 140.511154174805 133.517639160156 128.016876220703 125.722343444824 123.906677246094 123.731307983398 125.288528442383 116.427810668945 100.948432922363 94.4487152099609 98.3929061889648 100.670532226562 90.1152648925781 92.1850204467773 91.099494934082 85.9247512817383 87.8699111938477 91.9920120239258 83.8670959472656 80.2510681152344 80.0002288818359 85.7233200073242 78.8137359619141 77.6147079467773 71.9390258789062 67.7977523803711 68.0008773803711 66.3671112060547 69.3446731567383 68.0377197265625 63.2625617980957 58.7655372619629 57.2738800048828 55.8639717102051 54.7002639770508 53.5197296142578 52.4328956604004 51.6226043701172 50.8927307128906 49.7968406677246 49.1571197509766 49.0400581359863 48.4789428710938 50.3691291809082 50.004768371582 46.0361862182617 44.9702682495117
166.495193481445 159.166168212891 152.45344543457 145.586227416992 139.566711425781 136.645980834961 131.959426879883 124.290420532227 116.868408203125 112.163284301758 109.460914611816 102.493606567383 99.6952438354492 97.9317474365234 96.6813659667969 96.1870040893555 93.5126953125 93.9252243041992 92.3266296386719 93.3857727050781 90.8376388549805 87.370979309082 83.095588684082 87.0542144775391 80.115348815918 76.9287643432617 70.239128112793 66.6502914428711 65.4871444702148 65.6394195556641 66.4046249389648 63.8520545959473 60.8513984680176 58.4985466003418 56.0934066772461 55.0363082885742 53.748348236084 52.684398651123 51.4549674987793 50.8888816833496 50.1523895263672 49.0692939758301 48.3320388793945 48.0595779418945 47.6634521484375 48.4858627319336 46.6630058288574 45.0540428161621 44.24072265625
167.134704589844 160.065902709961 154.021057128906 148.982894897461 144.535232543945 139.416625976562 134.589141845703 129.633453369141 125.841201782227 122.393371582031 117.925392150879 110.690399169922 105.304992675781 103.203590393066 100.972152709961 97.7637405395508 95.8278121948242 95.5346603393555 93.3309631347656 91.5046463012695 93.1841430664062 91.1431503295898 87.250114440918 84.7072906494141 81.4259719848633 77.4936218261719 70.2492218017578 66.2671737670898 64.7732772827148 64.455451965332 64.8733749389648 63.0286064147949 59.6010513305664 57.9083976745605 55.6195869445801 53.7827644348145 52.6796569824219 51.7091484069824 50.7222480773926 50.1501121520996 49.5033493041992 48.5426940917969 47.5232048034668 47.1214637756348 46.8464431762695 46.503360748291 45.5297088623047 43.8650588989258 43.515007019043
170.97102355957 164.558471679688 157.795593261719 152.731506347656 148.60627746582 143.405090332031 138.847152709961 134.647445678711 130.370407104492 126.883247375488 121.611541748047 113.367065429688 108.028282165527 105.327392578125 103.630935668945 101.417953491211 98.6763000488281 94.5553131103516 91.6844863891602 89.786003112793 89.4212341308594 88.1702041625977 85.9608612060547 81.636604309082 80.845100402832 77.3310699462891 70.4033432006836 65.7246551513672 63.7388229370117 62.607723236084 63.4846801757812 63.2365684509277 58.4645881652832 56.0867195129395 54.7919731140137 52.7475395202637 51.6227149963379 50.7642631530762 49.8921699523926 49.1796951293945 48.765983581543 47.8133087158203 46.7953681945801 46.3113136291504 45.8961219787598 47.9510917663574 46.2223052978516 43.1512413024902 42.8672332763672
175.311126708984 168.107559204102 161.700439453125 155.8193359375 150.213851928711 145.059341430664 140.97802734375 137.2705078125 133.019866943359 128.898345947266 124.483154296875 116.761535644531 112.994232177734 109.450439453125 106.734931945801 103.765884399414 100.779075622559 96.5546112060547 93.8668441772461 91.852783203125 88.4897689819336 86.1790008544922 82.7648468017578 81.9758987426758 78.8810272216797 74.5075378417969 68.3997573852539 64.6815338134766 62.6018371582031 60.7893753051758 60.3345146179199 60.171932220459 57.2303657531738 54.9588088989258 53.6142272949219 52.0094680786133 50.8101654052734 49.6467170715332 48.7185440063477 48.3704490661621 47.7465057373047 46.8735694885254 46.0695648193359 45.4189491271973 44.7110939025879 47.4605293273926 46.479305267334 42.6400451660156 42.143482208252
175.352600097656 167.840835571289 161.401489257812 155.662002563477 150.461608886719 145.123809814453 139.900848388672 136.554641723633 132.194030761719 126.196380615234 119.227264404297 115.436454772949 113.356346130371 109.268493652344 105.820121765137 103.69263458252 101.276176452637 97.754768371582 95.5980682373047 93.6486968994141 90.6622924804688 87.6434097290039 83.0710372924805 81.1004867553711 77.0593566894531 71.0175170898438 65.5807495117188 63.4091949462891 61.5670623779297 59.6590309143066 58.4388389587402 57.5549049377441 55.9703330993652 53.7869987487793 52.8836784362793 51.2790489196777 49.9024505615234 48.4792251586914 47.9966049194336 47.5612945556641 46.7153129577637 45.913272857666 45.347354888916 44.6993751525879 43.9973106384277 44.5830192565918 44.278507232666 42.3911094665527 41.4282302856445
173.899505615234 166.700714111328 159.313766479492 155.052734375 150.903854370117 143.135025024414 133.891540527344 132.010894775391 127.860832214355 121.101554870605 114.418647766113 115.116889953613 113.130645751953 109.352668762207 106.005302429199 103.557220458984 101.460845947266 98.5516128540039 95.6095428466797 92.9108352661133 89.9507904052734 87.7495880126953 82.6384048461914 78.8395538330078 75.1626892089844 69.9124450683594 65.5400390625 62.6657295227051 60.115779876709 58.1981925964355 58.5852355957031 59.3944931030273 55.0531425476074 52.6174125671387 52.1461143493652 50.4657936096191 48.9763031005859 47.7571792602539 47.2681503295898 46.7490577697754 45.7576293945312 45.1928672790527 44.7053031921387 44.1912307739258 43.2710571289062 43.8593711853027 43.6848258972168 41.9804878234863 41.0117721557617
172.600814819336 165.148147583008 155.990081787109 149.338088989258 146.538284301758 139.438354492188 130.335556030273 127.629676818848 121.280174255371 116.175918579102 118.950485229492 116.302093505859 112.281806945801 108.972114562988 105.938377380371 103.100769042969 99.7276992797852 96.6091384887695 93.1179656982422 90.8978271484375 88.5538940429688 85.7815551757812 80.926513671875 77.6325607299805 72.6503677368164 68.8911361694336 65.4097290039062 61.3027458190918 58.7570915222168 57.311466217041 59.7584114074707 62.0690765380859 55.3027648925781 51.3954544067383 50.6798210144043 49.5067825317383 48.2510643005371 47.0328483581543 46.4723281860352 45.8214149475098 45.0390357971191 44.4747695922852 43.9865570068359 43.4708251953125 42.474666595459 43.6827163696289 45.7869338989258 41.358283996582 40.5396118164062
172.487762451172 165.858139038086 157.507125854492 149.312164306641 141.647476196289 131.591033935547 127.530364990234 121.268836975098 115.132904052734 113.972885131836 119.67601776123 113.097152709961 110.114295959473 106.632553100586 102.978645324707 100.789993286133 96.7046890258789 94.7465362548828 91.3803939819336 89.1876907348633 87.3464889526367 84.3080825805664 78.3636703491211 74.7386779785156 70.7590026855469 67.6600112915039 63.5845527648926 59.2351112365723 57.3649940490723 56.3875541687012 58.7743988037109 62.8523368835449 57.1390914916992 50.4923439025879 49.5167121887207 48.8644332885742 47.7361907958984 46.3165588378906 45.6609115600586 44.8704490661621 44.3228530883789 43.7604064941406 43.1082649230957 42.3074150085449 41.7580261230469 42.7700271606445 44.5834426879883 40.939884185791 40.1632995605469
165.776153564453 160.085342407227 154.794219970703 150.186050415039 143.588455200195 136.951065063477 126.701652526855 111.928276062012 105.137840270996 108.458160400391 109.334396362305 105.925918579102 101.976196289062 101.004707336426 99.0727615356445 94.3282318115234 91.369140625 91.2768478393555 89.4670867919922 87.3746109008789 84.2710113525391 79.7851715087891 73.3281707763672 68.2654037475586 63.2044372558594 60.5348739624023 58.6411476135254 56.1329765319824 54.802188873291 53.5451698303223 52.448314666748 52.2083282470703 51.3368110656738 48.2374687194824 47.5520286560059 47.3760566711426 46.7706604003906 44.7987365722656 44.0033645629883 43.2822456359863 42.3706436157227 42.1001815795898 41.8557090759277 41.2597541809082 40.1066398620605 39.8311042785645 40.5223350524902 40.6932411193848 39.4916572570801
163.627014160156 155.988739013672 147.625900268555 140.652084350586 137.547439575195 131.454559326172 116.101860046387 105.037185668945 101.412376403809 105.565231323242 106.255264282227 104.730911254883 100.787223815918 98.640739440918 95.6903991699219 90.4643020629883 86.4465179443359 85.1840362548828 85.0414428710938 83.5243530273438 80.7490997314453 77.1003189086914 69.9892654418945 65.8748016357422 62.0892372131348 58.5874099731445 57.0647773742676 55.2162437438965 53.5494079589844 52.4137649536133 51.2068023681641 50.7248382568359 49.0650177001953 47.084358215332 46.7588539123535 46.2879028320312 45.6076583862305 44.0864295959473 43.2959403991699 42.5768852233887 41.6668128967285 41.3121376037598 40.9090881347656 40.6377410888672 39.7194137573242 39.1235237121582 39.6426734924316 39.4412155151367 38.6175918579102
156.996978759766 148.35871887207 137.278839111328 123.273429870605 121.720901489258 116.338897705078 103.001930236816 97.2794570922852 97.9259490966797 100.223892211914 100.722457885742 103.551399230957 101.383079528809 97.2492599487305 92.6103820800781 87.8196105957031 80.7605667114258 76.6354446411133 77.3002471923828 80.3554916381836 78.2235946655273 74.3251113891602 67.7896270751953 66.9838409423828 63.3282585144043 56.9595375061035 55.5141563415527 53.9755592346191 52.4204368591309 51.0959510803223 49.8903961181641 49.4901428222656 48.0289192199707 45.852725982666 45.816089630127 45.2359504699707 43.9371643066406 43.1489410400391 42.5106925964355 41.6461067199707 40.9307022094727 40.6080780029297 40.1279716491699 39.6996192932129 38.927791595459 38.2584953308105 38.3866348266602 38.5130233764648 38.0727767944336
152.685913085938 146.662094116211 133.536697387695 111.999809265137 106.434501647949 102.202606201172 97.9378356933594 96.0944061279297 97.0583953857422 94.172119140625 93.5745620727539 103.46720123291 102.120506286621 98.1967315673828 92.6421051025391 85.8642044067383 80.1872482299805 74.9187316894531 71.2400207519531 74.1157379150391 75.6253433227539 70.0934448242188 65.7509841918945 68.4249877929688 63.5467071533203 55.5211067199707 54.384204864502 52.6588668823242 51.0196380615234 49.662784576416 48.6877708435059 48.0557250976562 47.1830101013184 -3.4e+38 44.5896415710449 44.2990684509277 43.2364387512207 -3.4e+38 41.8883094787598 41.1548919677734 40.2340660095215 39.9885025024414 39.6327972412109 39.0848770141602 38.4619369506836 37.8478469848633 37.9729804992676 38.1022872924805 37.612361907959
