rcp4.5models/MPi_ESM_LR/sc1gr2.28
NCOLS 261 
NROWS 433 
XLLCORNER 336357.134 
YLLCORNER 654653.479 
CELLSIZE 1000 
NODATA_value -3.4e+38 
[rows 286 to 307 of 433, columns 49 to 97 of 261]
309.159576416016 309.686340332031 310.103454589844 310.445617675781 310.841125488281 311.044494628906 311.443420410156 311.660461425781 312.05419921875 311.933380126953 311.937652587891 312.464996337891 313.020263671875 312.047790527344 310.950744628906 312.303924560547 313.396118164062 313.438385009766 314.636962890625 313.730834960938 313.864471435547 315.301239013672 315.159759521484 315.038848876953 315.767547607422 314.681976318359 314.616363525391 316.828399658203 316.900939941406 314.955474853516 312.610595703125 312.853820800781 317.608428955078 316.987121582031 314.502807617188 313.715728759766 313.861053466797 315.008209228516 313.790222167969 312.213348388672 312.971984863281 313.492065429688 313.771820068359 314.063446044922 315.730926513672 316.663879394531 316.027862548828 313.778656005859 312.432769775391
309.555114746094 310.086181640625 310.480834960938 310.683990478516 310.917785644531 310.962768554688 311.007904052734 311.552307128906 312.144287109375 312.190032958984 312.235900878906 312.447448730469 312.980499267578 313.040802001953 313.282684326172 313.812194824219 313.787200927734 314.176940917969 314.750518798828 313.406433105469 312.659057617188 314.877410888672 314.694549560547 313.347015380859 312.978240966797 312.530181884766 314.616790771484 317.050445556641 316.15380859375 315.288482666016 312.925201416016 312.5751953125 317.156127929688 315.997161865234 313.303985595703 314.514495849609 315.406219482422 315.272552490234 313.789733886719 312.552398681641 311.595520019531 313.154510498047 314.331878662109 313.884582519531 313.958770751953 313.038879394531 310.948822021484 308.927581787109 308.138824462891
309.457275390625 310.319213867188 310.599975585938 310.599151611328 310.996215820312 311.043731689453 311.091491699219 311.700042724609 312.178375244141 312.631958007812 312.333801269531 312.382873535156 312.599090576172 313.135864257812 313.419128417969 313.444305419922 314.351165771484 315.023162841797 314.947875976562 313.821624755859 312.879638671875 314.534606933594 313.789916992188 311.111541748047 310.703033447266 313.058685302734 315.368316650391 315.937164306641 316.404479980469 315.593566894531 314.5380859375 314.203430175781 316.427093505859 316.420379638672 314.955322265625 315.185516357422 314.615509033203 315.074645996094 314.801818847656 313.43798828125 311.316314697266 312.082977294922 314.366668701172 314.250122070312 313.658721923828 311.505462646484 308.486999511719 306.946441650391 307.317932128906
309.696166992188 310.089477539062 310.163513183594 310.189300537109 310.728637695312 311.424224853516 311.523834228516 311.766906738281 312.007720947266 312.235107421875 312.433502197266 312.485687255859 312.5380859375 313.041381835938 313.193908691406 313.144622802734 314.6435546875 315.632171630859 313.064605712891 312.780700683594 313.114501953125 314.775665283203 314.238708496094 310.978851318359 311.326446533203 314.778045654297 315.384582519531 314.035491943359 314.063018798828 314.949829101562 315.00439453125 314.379730224609 315.555938720703 317.491943359375 315.825958251953 314.161560058594 313.583770751953 314.728302001953 314.364715576172 312.185943603516 310.537506103516 311.436645507812 313.818328857422 314.565277099609 313.938385009766 313.014129638672 311.618713378906 310.338226318359 309.550689697266
310.025817871094 309.915863037109 309.947814941406 310.655548095703 310.774658203125 310.296936035156 310.817230224609 311.632690429688 312.011871337891 311.922485351562 312.386108398438 313.326171875 313.382965087891 313.894836425781 314.497619628906 314.726531982422 314.993804931641 313.704559326172 312.906646728516 313.599670410156 314.253753662109 314.479431152344 315.010955810547 315.109527587891 313.582489013672 313.464508056641 314.126617431641 315.313232421875 314.7255859375 313.558288574219 313.600280761719 315.776763916016 317.371124267578 318.075500488281 317.545959472656 316.856628417969 315.418762207031 315.000457763672 313.797698974609 312.858001708984 312.902038574219 311.506896972656 312.658233642578 314.131866455078 314.825897216797 314.547637939453 311.719421386719 308.564025878906 307.221130371094
309.102325439453 309.813262939453 310.213195800781 310.435272216797 310.514678955078 310.384582519531 310.90966796875 311.561157226562 311.789978027344 311.879089355469 312.663818359375 313.515441894531 313.526489257812 314.385650634766 314.707916259766 314.433746337891 315.060302734375 315.002197265625 313.537841796875 313.946624755859 314.712554931641 315.209167480469 315.91357421875 314.770446777344 311.612091064453 312.681518554688 314.728729248047 314.689880371094 315.764038085938 312.712615966797 313.622711181641 315.177124023438 317.081726074219 318.094940185547 317.700622558594 318.314788818359 318.147674560547 318.29736328125 316.267883300781 315.453674316406 316.258941650391 309.868316650391 311.539886474609 313.816986083984 316.162231445312 315.558013916016 312.069274902344 305.551666259766 296.250030517578
309.652648925781 310.054229736328 310.294982910156 310.353942871094 310.413513183594 310.473754882812 310.702819824219 311.318511962891 311.721405029297 311.784942626953 312.190551757812 312.774993896484 313.150756835938 314.165374755859 314.653594970703 314.177734375 314.591522216797 315.464294433594 315.061157226562 315.127624511719 315.369659423828 315.013885498047 315.110870361328 314.501159667969 311.843963623047 312.724945068359 314.978942871094 315.181121826172 316.020904541016 314.084655761719 315.588256835938 317.528533935547 318.485931396484 319.803131103516 319.507507324219 319.473937988281 319.645690917969 319.621398925781 318.633422851562 319.202209472656 318.31884765625 308.705352783203 310.338256835938 313.130950927734 314.329254150391 315.043121337891 313.685729980469 305.680084228516 294.225524902344
309.575897216797 310.317596435547 310.378234863281 310.439575195312 310.501617431641 310.868225097656 310.966979980469 311.564270019531 311.823120117188 311.8896484375 312.249786376953 312.825317382812 313.093170166016 313.50830078125 314.099426269531 314.301910400391 314.372467041016 315.073760986328 314.696166992188 314.988952636719 315.731231689453 314.456207275391 313.678771972656 314.212158203125 312.644500732422 311.587280273438 313.195861816406 314.612915039062 313.704162597656 313.858520507812 312.7890625 316.763885498047 317.050109863281 317.780303955078 318.348602294922 317.765197753906 317.958679199219 317.840179443359 316.992706298828 317.810760498047 317.973571777344 311.798065185547 311.273986816406 314.060211181641 314.256439208984 314.073028564453 314.74072265625 309.684204101562 303.538482666016
309.324829101562 310.061187744141 310.462982177734 310.526641845703 310.591125488281 310.826019287109 310.911956787109 311.22119140625 311.589630126953 312.291595458984 312.868743896484 313.137023925781 313.499237060547 313.616302490234 314.102478027344 314.762268066406 314.501525878906 315.033630371094 314.216430664062 315.043365478516 315.603363037109 314.816528320312 313.603759765625 313.715270996094 313.447479248047 311.419830322266 311.39208984375 312.124420166016 312.565185546875 313.510589599609 312.714721679688 314.088043212891 315.066955566406 316.445281982422 317.152526855469 317.150390625 318.345428466797 317.618774414062 314.756927490234 312.95556640625 315.402404785156 313.792266845703 314.82568359375 315.623321533203 317.280487060547 315.781890869141 315.683074951172 315.167327880859 313.628753662109
309.419525146484 309.652099609375 310.212158203125 310.305084228516 310.65380859375 311.086029052734 310.818725585938 310.959136962891 311.800933837891 312.908081054688 313.176513671875 313.250640869141 313.5 313.6025390625 314.116149902344 314.758880615234 314.631866455078 314.886444091797 313.485656738281 314.406219482422 315.849487304688 315.1650390625 314.867980957031 315.549865722656 314.066375732422 311.924346923828 311.401885986328 310.780853271484 311.894866943359 311.815002441406 313.559234619141 314.309844970703 316.159301757812 317.731262207031 316.911407470703 317.019958496094 319.466796875 317.266967773438 312.936553955078 309.997619628906 312.693572998047 311.2646484375 312.580139160156 314.950103759766 316.952117919922 314.83447265625 313.124938964844 314.249176025391 314.814178466797
309.502563476562 309.884307861328 310.454833984375 310.534606933594 310.76025390625 311.031280517578 310.916107177734 311.062042236328 311.783508300781 312.580535888672 312.955230712891 313.660064697266 313.776275634766 313.522521972656 313.778350830078 314.637939453125 315.095123291016 314.845001220703 314.265441894531 314.357727050781 315.515747070312 315.903259277344 316.367370605469 316.162292480469 313.273773193359 312.053680419922 312.330078125 310.905120849609 309.860168457031 309.716094970703 312.758148193359 314.519104003906 316.352355957031 317.496673583984 317.444305419922 317.578033447266 319.285461425781 316.584289550781 311.61181640625 310.574188232422 311.136474609375 308.429016113281 307.878845214844 311.901428222656 314.186767578125 312.669860839844 310.784820556641 309.608123779297 309.166931152344
308.934448242188 309.175567626953 309.74365234375 310.150177001953 310.53466796875 310.940765380859 311.014770507812 311.166198730469 311.719116210938 312.321960449219 312.874176025391 313.657592773438 313.76171875 313.937072753906 314.058746337891 314.455261230469 315.10107421875 314.981140136719 315.153259277344 315.620727539062 315.953521728516 315.533508300781 315.476989746094 315.065032958984 314.194244384766 314.079803466797 313.253387451172 311.368316650391 310.236236572266 310.179962158203 312.967834472656 314.964233398438 315.446044921875 316.402893066406 318.663330078125 319.791198730469 319.191131591797 314.611968994141 308.82177734375 309.746490478516 312.447052001953 308.221008300781 307.162384033203 308.013793945312 311.313110351562 313.162384033203 311.712982177734 309.173767089844 307.390106201172
308.340301513672 308.743560791016 308.987182617188 309.242980957031 310.115692138672 310.728240966797 310.783538818359 311.602294921875 311.829437255859 312.433166503906 312.990447998047 313.599029541016 313.388580322266 313.323883056641 313.726989746094 314.409973144531 315.029815673828 314.832305908203 315.297515869141 316.029510498047 316.231658935547 314.835174560547 313.508209228516 312.677001953125 312.632080078125 313.584686279297 312.818908691406 311.299407958984 312.091644287109 311.853149414062 312.259002685547 314.059936523438 315.733154296875 317.385009765625 319.573547363281 321.031433105469 318.881286621094 313.672912597656 310.594665527344 312.407196044922 316.392547607422 311.381591796875 310.363739013672 310.310302734375 312.6875 314.038330078125 313.053680419922 310.037353515625 306.081573486328
307.931274414062 308.821044921875 309.554046630859 309.627166748047 310.049224853516 310.632415771484 311.029266357422 311.873046875 312.269897460938 312.545471191406 312.808227539062 313.389038085938 313.626831054688 313.515747070312 313.7822265625 314.252746582031 314.836944580078 315.076324462891 315.442596435547 315.999786376953 316.169952392578 314.528076171875 312.579132080078 312.013153076172 311.943725585938 312.806549072266 314.293823242188 314.036682128906 312.715728759766 313.962768554688 312.046691894531 313.683074951172 317.171142578125 318.286651611328 319.374359130859 321.50390625 319.557525634766 315.812469482422 314.49560546875 313.736480712891 316.586761474609 315.304809570312 313.441650390625 311.520385742188 311.473602294922 311.672332763672 311.664215087891 311.677886962891 310.013458251953
307.848022460938 308.589385986328 309.352416992188 309.748321533203 310.155822753906 310.723693847656 311.317993164062 311.3349609375 311.939758300781 312.029022216797 312.119506835938 312.987518310547 313.927642822266 314.314514160156 314.438507080078 314.205627441406 314.480804443359 315.069427490234 315.588470458984 316.151031494141 316.321044921875 314.497406005859 313.078430175781 314.298034667969 315.674011230469 315.149383544922 314.128723144531 313.646392822266 311.8720703125 315.216888427734 313.116821289062 312.426666259766 314.976379394531 317.642181396484 319.449005126953 321.651245117188 320.562805175781 316.635650634766 314.128631591797 313.937744140625 316.927947998047 314.967681884766 312.8701171875 310.307434082031 308.015930175781 307.105804443359 304.457458496094 301.051055908203 301.543395996094
308.202728271484 308.606689453125 309.009582519531 310.083251953125 311.171997070312 311.124267578125 311.200805664062 312.071014404297 312.164672851562 312.384887695312 312.790466308594 313.078887939453 313.175720214844 313.455078125 314.049072265625 314.472778320312 314.756317138672 315.352447509766 316.352264404297 316.986755371094 317.092102050781 316.9169921875 316.423461914062 316.212280273438 316.782867431641 315.492645263672 314.985717773438 316.396697998047 315.55419921875 316.567535400391 317.543609619141 315.353118896484 313.614593505859 316.579010009766 321.292510986328 322.639099121094 319.986694335938 315.238006591797 313.742279052734 315.802581787109 316.806579589844 318.127807617188 314.653533935547 314.325836181641 314.84326171875 311.820281982422 306.808502197266 300.767883300781 289.638671875
308.770233154297 309.025177001953 309.283905029297 310.361968994141 311.454040527344 311.047760009766 310.809875488281 311.815063476562 311.909454345703 312.491882324219 313.102630615234 313.201263427734 313.000915527344 313.378173828125 314.00927734375 314.285400390625 314.711730957031 315.291687011719 315.892669677734 316.530487060547 316.357055664062 315.681243896484 314.235656738281 313.456420898438 315.562042236328 316.678527832031 316.173919677734 316.386840820312 314.882629394531 313.896453857422 316.804138183594 317.174163818359 315.825775146484 319.869689941406 322.754241943359 322.664093017578 321.414398193359 316.133880615234 312.984283447266 318.297973632812 320.958435058594 321.442230224609 320.034759521484 319.835693359375 320.500396728516 319.939514160156 314.758361816406 309.664886474609 300.764068603516
308.890777587891 309.296325683594 309.381011962891 309.823669433594 310.273742675781 310.505767822266 310.737579345703 311.294342041016 311.393585205078 311.982971191406 312.596618652344 313.003387451172 313.244537353516 313.518280029297 313.834686279297 314.22265625 314.850311279297 315.143310546875 315.363433837891 315.968963623047 316.215362548828 314.232238769531 311.944061279297 311.929473876953 314.398498535156 316.422210693359 313.518371582031 311.507415771484 312.438018798828 314.059814453125 317.423126220703 317.870300292969 317.202362060547 320.895904541016 322.035339355469 321.718627929688 320.852111816406 319.187103271484 319.002105712891 320.640228271484 320.31787109375 320.966278076172 319.479064941406 312.831085205078 305.757751464844 305.402282714844 309.964782714844 306.383148193359 297.480163574219
308.484924316406 309.07177734375 309.479187011719 309.889862060547 310.298675537109 310.251068115234 310.524780273438 311.03955078125 311.139465332031 311.423583984375 311.412017822266 312.296875 313.554473876953 313.361083984375 313.450286865234 314.360687255859 314.989471435547 315.100891113281 315.616088867188 315.946502685547 315.951477050781 314.094665527344 311.614501953125 311.308227539062 313.483856201172 315.855987548828 313.528991699219 311.783233642578 313.441101074219 317.389862060547 319.719146728516 319.560516357422 319.848693847656 321.8857421875 322.038665771484 321.344024658203 321.569152832031 322.858673095703 321.960113525391 317.866668701172 316.542785644531 315.374633789062 313.981872558594 301.857482910156 288.830383300781 287.047149658203 297.062225341797 295.192108154297 286.408630371094
308.083709716797 308.668792724609 309.259460449219 309.849151611328 310.121612548828 310.675811767578 311.406799316406 311.153198242188 310.944732666016 310.732666015625 310.656707763672 311.737121582031 313.060729980469 312.686096191406 312.770874023438 313.883605957031 314.811248779297 314.949615478516 315.662689208984 315.79931640625 315.424591064453 315.234313964844 313.561462402344 312.234527587891 313.461334228516 314.037536621094 313.499542236328 313.164489746094 312.966522216797 317.343688964844 320.205322265625 321.033813476562 321.478973388672 322.927551269531 322.703369140625 322.263671875 323.153564453125 322.927795410156 319.311950683594 314.56396484375 314.513824462891 311.515960693359 309.248077392578 300.476287841797 288.784149169922 288.029937744141 297.245971679688 297.018432617188 293.844848632812
308.340667724609 308.576904296875 308.541931152344 309.129577636719 309.549041748047 310.327606201172 310.791778564453 311.584838867188 311.189208984375 311.107543945312 311.522583007812 312.316131591797 312.810821533203 312.737670898438 312.841430664062 313.339752197266 314.436737060547 315.199310302734 315.624633789062 315.7451171875 315.678009033203 315.968994140625 314.713897705078 312.931793212891 312.698150634766 312.387603759766 313.725402832031 313.182403564453 310.723358154297 315.617401123047 319.523223876953 321.438018798828 321.767974853516 323.129852294922 323.4296875 323.226409912109 323.063873291016 321.50048828125 318.119049072266 314.192932128906 315.439361572266 316.287628173828 313.922912597656 311.628479003906 304.076721191406 300.332183837891 301.001495361328 297.826782226562 296.817840576172
307.957977294922 308.034149169922 308.289611816406 308.874908447266 309.478088378906 310.0712890625 310.492553710938 311.88330078125 312.120269775391 312.228088378906 312.213928222656 312.202911376953 312.624755859375 313.055755615234 313.172637939453 313.290679931641 314.083770751953 315.215026855469 316.089019775391 315.897338867188 316.310455322266 316.462219238281 315.703735351562 313.305847167969 311.990844726562 312.479705810547 312.403472900391 312.550231933594 312.412963867188 316.662109375 319.934173583984 321.864044189453 322.240966796875 322.220581054688 322.542419433594 321.501312255859 320.435760498047 320.460754394531 319.269775390625 317.802764892578 318.869049072266 319.900543212891 320.162811279297 318.169982910156 309.023071289062 295.988952636719 286.279205322266 280.9267578125 279.988830566406
