rcp4.5models/MPi_ESM_LR/sc1gr5.0
NCOLS 261 
NROWS 433 
XLLCORNER 336357.134 
YLLCORNER 654653.479 
CELLSIZE 1000 
NODATA_value -9999 
[rows 286 to 307 of 433, columns 150 to 199 of 261]
242.832072597561 238.988003872285 243.546683215482 252.460128561364 250.304024803541 234.776737933089 231.815650423964 241.097682208693 256.911429349862 255.774171370636 253.752618250426 266.405023012442 271.137367471528 272.181319016289 272.846622409862 272.361365645988 270.597500524032 270.547459005408 -9999 270.954928132752 269.782154263896 269.074240045627 268.401957322687 267.948616819068 268.556863435408 268.92480501025 268.683549178173 263.851186112855 257.544467219795 265.174045397977 265.979865853204 267.066114365284 267.580291480389 266.049463228657 265.250950667555 265.968606145444 264.038476924499 262.33761755265 265.779382376589 267.145255773786 267.545240898612 266.861236442277 261.493021725149 256.780030005355 260.752891944724 264.400655480905 262.087278640038 262.552945927948 259.470676819769 258.445855233914
243.681637156341 243.714896532151 250.979756093552 253.304515228117 251.341596234392 237.58614473829 233.686565992343 246.227346371812 261.667299075718 259.508590419897 258.88582934908 268.881103543753 270.782008585633 271.98687546689 272.676772468756 272.98112832048 272.805301372673 272.24896136685 -9999 270.772261136431 269.448133878602 268.410160229899 265.860785689703 261.41985339753 262.703706224148 268.113752016307 268.621984538514 262.540230696961 252.906163777917 260.390554104638 265.270156661855 266.862345278329 267.527824408215 266.698349213231 264.471114870822 263.672034457838 263.41798242934 260.935308430466 264.880996186713 266.768916398573 267.329303298141 266.565863656375 261.842986399763 259.75907571404 262.385335295015 263.309232783517 263.476571630849 263.972820607503 263.219198758503 264.077837013058
242.529138600158 248.097593299131 255.739827522247 257.590648889867 253.865507251306 239.506270058147 236.557812242863 253.065168877949 261.906348433334 261.16556347182 264.146138771992 269.309084417052 270.77373338635 271.489638778243 272.321217957915 272.939477703014 272.69410230761 272.011176808366 271.657685547923 270.665279958051 269.564970711351 267.450381487389 262.937085201728 258.010893106852 259.399963387593 266.959938080748 267.791391460387 264.924852565307 256.640317667227 252.721159151432 265.096622873263 266.698720811018 267.343403659724 266.705350120231 263.581136777431 260.508959272794 260.244129411215 260.185920719164 265.86264961131 266.584722842644 266.018913793362 266.06911573454 262.293966908871 262.489750277261 263.507647865206 264.066251272067 264.646623726021 264.380226312513 263.453641224775 264.060391281589
248.532109709396 256.072187209099 -9999 261.9453211867 258.026650500453 244.529614896446 243.226482722396 258.183883691366 260.469838642329 263.683853149586 268.066542331004 270.155425788105 -9999 271.627563517389 -9999 272.959149862401 272.765015793061 271.607515164254 270.897742166046 270.412478062353 268.85815409519 264.779166886912 260.9502409084 259.403997967812 259.521864422073 263.575354370805 266.971621578963 266.220649382807 261.081813121995 253.983560125918 265.221041218706 266.350827627317 266.745751549861 266.615033113501 263.788175090984 258.635720372461 257.188287039354 261.787406956886 266.336254301393 265.555983777851 265.117764717409 265.708183031681 262.023738981012 263.409608154833 264.131442183674 264.205174459377 264.677079369207 264.904284025147 264.476741385956 264.35891970737
263.629610823972 262.284231894248 -9999 265.587103047256 263.560494680987 259.377823374385 261.444012248227 267.302703046624 267.673877880104 268.150221309368 268.178078076685 271.789210735867 272.064202488398 272.420200689608 272.087055244105 -9999 -9999 -9999 271.907129762579 -9999 268.407323610054 265.700879838045 263.384196576991 263.399043759067 259.380017890545 256.650534649367 261.933439925836 264.655631021109 265.020674894964 263.032779929485 262.464612473028 263.895955874775 263.891461644579 260.988949028774 261.516333942534 262.469664061707 262.112314889843 262.5420822661 259.720117661499 261.005750973405 262.577437566508 263.129663816784 262.149161055682 262.907185193856 264.434828446829 265.156409973372 265.305337747928 265.583641846574 265.799164918881 263.186502098306
265.408166691565 -9999 -9999 -9999 -9999 266.822247229143 -9999 -9999 270.095514924285 269.860244628717 269.585844595442 268.834047564937 269.888372053098 271.826405368575 271.104004932668 270.477658159837 -9999 -9999 -9999 270.72139014228 269.438701574356 267.405673575465 265.237976359822 264.069842047845 257.06904507125 255.095824641639 256.665552182003 261.841002934385 263.857110573808 264.183156135569 259.449422698825 262.805215295472 261.077161862847 252.513285747909 254.216085280868 260.552917427486 261.988972533241 262.384347113837 262.157221785483 261.913876021202 263.115964683083 263.409471625549 262.045561425526 262.530491615586 263.658010414719 264.19800481286 264.264593679941 264.89812284999 265.440642859997 264.570099029391
-9999 -9999 -9999 -9999 -9999 258.267290988081 258.494033797985 265.383097700783 267.020249700092 267.946783688494 266.713537595516 262.279957672365 264.422456344664 270.884127874791 270.988141155572 269.801948303627 269.689867859333 269.463791421446 269.983773427692 271.020842153751 270.192207406121 268.844872894656 267.008903255507 262.893469667165 251.476456974637 247.471276739028 251.195468887358 255.240592094022 262.66441980321 264.953109012848 258.701987691406 262.124950844833 260.892467161635 254.698268303753 255.566833803736 258.646299975361 260.683342302621 262.609151776362 262.980358053562 263.328710747314 264.194151923218 263.953648699137 261.748846541438 262.307897094929 263.080363280067 262.656104284286 262.665505667471 263.092196064117 263.239073745511 264.243062646709
-9999 -9999 -9999 -9999 259.804144779472 248.066509887399 246.636889910097 261.392908902742 262.52723819129 259.828334760478 259.556273055239 256.900976651254 262.093126177155 270.73633560268 271.057442101408 269.846225652267 269.013733021879 266.733400890967 265.256154450845 271.022165453194 270.364182824271 269.322473146608 266.590567790645 260.093648695884 245.401095272392 233.135481728577 236.381284137957 248.772082616994 258.154613070808 262.07171339581 261.441642341648 261.793233381712 261.980216362038 261.546858744009 261.199544615394 260.149777659536 261.171491700822 262.63885104299 262.603503730637 263.097044514324 263.939426199198 264.352306601401 261.906543289692 262.82341078436 263.543315795415 262.360073721826 262.382763469945 262.199741198029 261.883290261138 263.362016580418
-9999 -9999 -9999 261.130591092885 253.295584036402 240.045035462706 235.818473495115 250.315594095688 264.11556152857 257.301135528936 250.497428735261 253.728706862762 262.905234968329 271.076300375187 270.805117570515 269.957374625048 268.098890302435 263.998159344664 259.158150923278 270.791005776185 270.273902057376 268.018270155334 262.47296953474 254.808334042503 242.202402639366 225.087549094233 222.447630006709 239.026064858309 250.174613979207 256.560339242339 263.02928878856 261.515609591506 261.795662701669 262.457520516774 262.593953964688 262.535041669548 262.080817000188 261.397131034788 262.003314362595 262.339368316247 263.626199448401 264.399175185227 263.173461715954 263.827716226229 264.185524830932 263.137539323834 262.818958095309 261.616233087909 260.851869222997 263.051982616926
-9999 -9999 -9999 257.402205811599 245.377808098233 228.47951181701 225.435171693463 241.725045860202 263.238747687618 260.790368639611 250.477674809807 253.806095030083 265.745802696728 270.560367991836 269.067065881596 268.353392330434 266.622794750809 260.186333041132 253.351896628584 270.430661665035 270.184006760238 267.093843433294 260.758524300225 254.36544432301 242.548642306276 228.120453843036 219.38924209741 225.019622732539 241.118633011302 251.284740812893 261.880986040888 261.303641372954 261.606926522966 262.056448255524 262.727376045961 263.159141894398 262.334046938268 260.956029453571 262.221742892636 262.924858647431 263.879636122087 264.355119073219 264.641680509466 264.426682334294 264.329534432669 264.231615145568 263.924511485838 261.520396140075 258.439083585761 262.790705738652
260.52929108276 -9999 261.60037519936 255.346189294712 239.950974067475 223.170131117148 223.365778142307 238.330153865398 258.757420034661 261.559162117108 250.70239770264 250.994703947134 267.437380487882 269.591341937038 268.23306146159 266.803928177722 264.699641458936 251.13157222334 245.266873086274 269.745029590816 269.958909666773 267.33113050651 261.464727075475 255.896893515479 244.725651378552 229.416374837262 214.474726434178 212.456782088858 230.586864204143 247.543569241322 259.906543119109 260.490241713827 261.299304435225 261.576224217043 261.961686439121 262.74356281052 262.900620903962 261.760433119454 262.675113197227 263.719243553473 264.234592570807 264.838884043572 265.680239352657 264.964319481177 264.195490548522 263.924031188998 265.118416860559 263.623841684113 260.988722754689 264.603182690787
256.049852943752 257.78566796995 250.710362342553 248.094435678844 237.359084466059 224.494556266748 228.510933499612 242.631117283564 258.712801518006 261.005881675993 248.774280963114 246.969968856144 264.510578466953 267.929367575232 266.287544720403 264.937367889424 256.660714965976 241.579441396255 243.05357717558 268.070775359898 269.669350108833 267.891596704158 262.839975396346 255.40107885822 243.340777475044 227.455624658307 211.750094904377 206.784083399233 223.3214300421 240.766349748539 256.213724915361 259.586299882151 261.157397091058 261.885970474163 261.48617841983 262.109432427165 263.346228551883 262.890647643688 263.339777358608 264.605723845746 264.739735964918 264.729639446524 265.844482309713 265.797465237819 265.016512395226 264.754952934062 265.764963942787 265.691610606779 265.198320721026 265.721659513859
256.665411582094 248.041437690794 235.614069226519 237.611586477516 235.407640423996 222.753119256413 228.863022914768 248.46190662827 260.228731007142 257.540036008784 249.163764621256 246.975141932348 263.21401547156 266.445586851293 264.174195375791 264.426180167126 253.208621178952 240.597091702144 245.714152910539 265.865407384181 269.24509934426 268.859113151273 265.829578599248 257.517548081421 243.8126414932 226.626404690635 212.910378751795 207.22498783077 215.704489385934 227.388566915396 251.464014021227 257.544688324934 261.000517340826 261.484957689459 260.301669730843 261.141184927091 263.302275702087 263.485492832722 263.643435519901 264.455130858113 265.188827322785 264.909831369642 265.702343075703 266.18288386883 266.041255403714 265.942723414184 265.637510026732 265.578876042292 265.655371428287 265.498245472601
250.690857650386 234.895562554272 221.770605289292 226.12224151789 230.851729619175 225.108400992744 228.517890631229 249.223047853349 260.308518829657 253.829426965374 246.174242964931 246.54022422731 263.35163347171 265.676067757588 264.050547243564 265.858013477583 258.523690322125 248.828165131198 249.069665200565 264.261261287173 268.579648253322 269.122666160251 266.782880103009 260.446585777879 249.870463059489 228.783147595622 214.285695468113 208.406438680018 210.374163582757 214.827698380294 245.018779636962 252.073920575579 258.96974286298 260.633313219287 258.749679568769 258.294292450674 261.841226478859 263.374680073849 263.911054392687 264.153849075168 265.286666492821 265.478473619255 265.599533747117 265.858329031737 265.693360085444 264.964221664719 264.233020378413 264.709136755832 265.468359370772 265.613827790585
244.251610100075 228.954766459851 216.37573356119 217.983404151625 226.793637260949 231.209470431906 234.974208497381 249.154808058113 259.104530601841 255.133646775096 246.429300107052 248.816713938615 263.176961949488 265.182269925136 264.476916527398 265.098254248123 259.725431607854 256.812089357278 254.284209970769 262.102222645377 264.322570572945 266.669440715437 266.36781256326 261.287254454919 251.17317742661 233.887785813675 218.404242074742 211.361186945015 213.23714782823 208.596289698893 232.121663781721 241.183500975907 251.455716520287 258.451085527614 257.792998563285 256.661263050664 259.256516512758 263.15436143456 264.164837007204 263.907052622803 264.683723321835 265.342731821188 265.354070289168 265.410443048074 264.467823500278 261.339481277399 259.047778257976 264.397271244018 265.75824285774 265.602714182262
244.621771363275 235.809169461057 223.391792826353 215.131073893259 216.682912100077 224.941060651828 232.927031400353 246.136298181851 258.784644440783 255.117641487083 255.911934840849 258.386921882852 260.720381479045 257.702644561486 261.749455956319 261.579191203957 248.393725520885 243.110977402264 257.988790178181 251.55300592265 249.667190385849 247.388037730757 255.501715279573 262.438333844845 258.741816438022 244.830816064319 223.133973021656 215.142318197259 216.974998850767 210.374006038582 207.566092531107 222.499576128282 236.685733507694 235.951734535171 241.916240744042 248.702990005112 258.258060561283 258.58303987937 258.637548889601 263.054746299955 264.590240046734 264.847039752547 264.430909804432 264.837011189413 264.610374710662 264.873562896924 264.959321720107 264.708718413982 264.768270364796 264.178521206728
237.900500063556 230.56174323981 219.62507557012 211.302025055616 212.93841754689 225.865014728766 237.263195314026 246.988898600856 255.717500434414 250.280890111754 253.778376901379 258.060721774141 258.599323190042 259.24418377042 262.748634507146 261.883620205115 251.980490237682 242.057650302846 251.638160693063 254.294167192632 241.740891065432 230.730102972377 244.24539361528 259.78243646415 261.616899159065 243.805894313517 227.543463593086 224.458498182556 224.353628039063 216.836823993933 202.472277667329 210.344043228166 230.42525381584 230.672161701604 231.960624011865 240.807787578907 250.27210037801 250.804394810941 249.576652962422 258.009131831501 263.352542675723 264.108621303774 263.918300237282 264.841144929443 264.770122632814 265.238604652068 264.670877588792 262.43044280915 260.753562159818 258.125156146521
229.025288950951 224.005371272613 214.445862335888 206.126335235416 211.428663266358 226.99945462632 241.463110955833 247.136951133521 254.890440351155 249.78533974264 253.08768555202 254.665985291411 253.48091958134 257.226260546791 258.041807206674 260.435077722716 255.171749112024 243.812530527198 248.821083569423 256.883661341643 242.09924002281 228.045630857459 236.310885471923 252.960640044011 260.881838618745 251.583650601156 240.586187643017 241.448627517641 238.533756995951 224.909457488044 204.789307959536 206.369361988576 221.111328584049 221.736726078493 221.028740589798 232.553619818775 240.949204436325 244.359889806531 243.603994719338 249.447838675701 260.882522474537 263.4011463892 263.63631187577 264.521525176484 264.869570115412 265.167759131753 263.354002351565 259.279480419822 255.880211656253 255.097627290166
218.638845998627 216.973986026256 213.024210616286 211.293792531437 214.348669229262 226.605184880276 243.340933016187 246.193473364024 254.726564449217 253.606493369382 254.498373624772 251.815231145509 247.605788366281 251.971483624212 251.36273994862 255.715796000892 253.44656617982 245.902513795218 249.480804485459 255.661904087247 241.549689973496 232.351517935834 230.917924385274 242.42303943166 257.768808093393 260.978108612406 253.03240155045 255.10543046767 249.838857962378 234.171695443539 216.221665553916 209.129348638239 212.22808925522 214.820244244002 214.682383564979 228.098017403197 237.661693609202 241.863247141049 241.46645669185 245.738626552697 259.215592398343 262.912544657015 263.649039024699 264.586152102486 265.020982932097 265.191125735379 262.111175013178 253.623651772079 248.482919563635 254.02101259675
211.4402673148 215.673537512112 221.5577283891 226.014769942568 226.008374941684 231.560862656115 243.519954117611 241.567687205988 251.133270964163 252.962025528119 256.200353190843 250.65559267919 243.045721027002 245.269644489638 247.122362881971 250.21973487891 249.62130238697 244.099295503094 247.423178076643 254.895893424877 239.859661713064 232.10503953069 228.804664179508 232.435505298521 247.926417019065 257.909998812237 258.567712310766 256.982683308679 250.25084273987 239.689301990104 226.093484028768 214.337510431381 212.304286857556 218.43141535735 217.690123779148 228.403595836355 235.799026358671 237.721089255331 239.559339862359 246.943878797733 256.761529833618 262.747180939021 263.722923437367 264.38242018226 264.354470605919 265.027598227683 262.10268404517 254.254681674708 251.807735055495 251.798789959509
208.275659842786 219.160961412336 230.964580766781 235.326544672558 238.217258615535 239.1396042018 241.155968258813 233.668511367481 247.783536052586 249.759654130617 252.736241646905 249.698796019143 239.420336710718 233.952716192811 238.832186979398 243.037951031288 244.010728042837 235.409628740699 239.518573817331 255.341832498104 248.128282891669 235.729400126827 229.002681904801 223.159958472103 233.714755667713 249.712586473781 258.906842817968 254.532458751476 242.91644638711 234.378013610848 223.985025569118 216.132807618873 213.888670585192 222.401455729561 223.505267068151 230.066837269498 232.354461583833 231.440129018994 235.320845908865 245.30696687167 250.128802261121 260.420104136601 263.537623711115 263.696928072687 263.69422433307 264.661902263921 263.608255463006 261.040564700989 259.369975829161 249.594005112868
207.023924278267 219.629940548277 228.751019845348 231.771763772549 237.304130202065 242.559401964431 239.35310018532 230.984463869033 243.440944752106 250.180092240371 246.478508453836 243.545239709928 233.398024901491 223.892370948363 228.228778773717 231.645170335029 232.541849959886 225.795894786782 227.526378963835 255.236280953354 252.834332212319 241.204646546428 233.034790398791 221.860091790029 225.606842740576 242.294566536344 250.085577033565 249.871383179886 232.101846222052 221.745505539615 214.131077907996 209.640834658925 210.295562463808 223.070080073031 227.472294869669 231.090747381092 231.665459202358 227.893408170867 232.483938607071 242.924604960206 245.329976753776 258.413720910132 263.028981508297 263.143316840376 263.250095955925 264.56793254429 264.546541571184 262.273218717997 254.742676667069 246.5203903934
