rcp4.5models/MPi_ESM_LR/sc1gr0.26
NCOLS 261 
NROWS 433 
XLLCORNER 336357.134 
YLLCORNER 654653.479 
CELLSIZE 1000 
NODATA_value -3.4e+38 
[rows 264 to 285 of 433, columns 147 to 195 of 261]
65.4983215332031 63.9752960205078 64.7066268920898 65.7790069580078 66.0910568237305 64.9566268920898 62.8454437255859 62.0586738586426 61.7014923095703 60.9747009277344 60.3202667236328 59.8999176025391 59.6782264709473 59.514289855957 59.4373474121094 59.6764068603516 59.6822891235352 59.537784576416 59.4869995117188 59.6514663696289 59.6437492370605 59.4822044372559 59.5603141784668 -3.4e+38 -3.4e+38 -3.4e+38 59.3625755310059 59.437915802002 59.5367012023926 59.5645942687988 59.6589469909668 59.559268951416 59.3886337280273 59.079418182373 59.067024230957 58.9767799377441 58.6504096984863 58.5103607177734 59.0407028198242 59.6650238037109 58.4557037353516 58.2529258728027 58.1785583496094 57.9061851501465 57.6429138183594 57.695671081543 57.8302307128906 57.9232902526855 57.8438568115234
64.9260559082031 64.4243698120117 66.1126174926758 67.4229202270508 67.4006576538086 66.2749786376953 64.6037673950195 63.0203742980957 62.0185775756836 61.5559539794922 60.8431243896484 60.1634674072266 59.8681564331055 59.6637725830078 59.6609916687012 59.8523406982422 59.773365020752 59.6196517944336 59.7681312561035 59.8284301757812 59.7236442565918 59.6898803710938 59.605640411377 59.483268737793 -3.4e+38 59.3590774536133 59.4670219421387 59.5444526672363 59.6458358764648 59.8087501525879 59.8660125732422 59.6680717468262 59.5247650146484 59.265739440918 59.2330169677734 59.0704040527344 58.6902465820312 59.0769577026367 60.9428329467773 61.7932815551758 59.1979026794434 58.2609329223633 58.1617622375488 57.9669227600098 57.8004150390625 57.6012420654297 57.8451766967773 57.95654296875 57.9768447875977
65.6805953979492 66.9838562011719 68.2610626220703 68.4410858154297 68.4418716430664 67.8574600219727 66.6444244384766 64.6322021484375 62.7830429077148 61.9695663452148 61.7141647338867 60.4296913146973 60.257511138916 60.1365127563477 60.0587921142578 60.032039642334 59.8684272766113 59.8085060119629 59.6983299255371 59.6459007263184 59.7831001281738 59.7796897888184 59.9045104980469 59.8655395507812 -3.4e+38 59.7721977233887 59.9267997741699 59.9881591796875 60.044303894043 60.0915145874023 60.0486869812012 60.0907020568848 59.9659194946289 59.3786430358887 59.186767578125 58.9893684387207 59.0355796813965 58.9052391052246 59.9688682556152 62.7387847900391 62.1615371704102 59.3173980712891 58.5522422790527 58.6959915161133 58.2712097167969 57.8209609985352 57.8866844177246 58.0146293640137 57.7841987609863
66.6426315307617 67.2857208251953 68.6531066894531 68.7341232299805 68.5222549438477 68.6318740844727 67.9284515380859 66.1017837524414 64.3058929443359 62.8503532409668 62.1394920349121 60.6911201477051 60.3265914916992 60.2053718566895 60.1309356689453 60.1297607421875 60.0377922058105 59.9760589599609 59.8616561889648 59.9231643676758 60.039176940918 60.0682601928711 60.1908912658691 60.0532760620117 59.7791976928711 -3.4e+38 60.0065383911133 60.0576133728027 60.0902671813965 60.0863380432129 60.2486839294434 60.1960067749023 60.0575332641602 59.5659370422363 59.395076751709 59.1983795166016 59.3109169006348 59.0618629455566 60.0289916992188 63.1290588378906 63.4095306396484 60.1543159484863 58.8241767883301 58.9212265014648 58.3965110778809 58.0388412475586 58.1752090454102 58.4834403991699 58.0282096862793
68.0409164428711 68.3262252807617 68.7563018798828 68.7545166015625 68.6671600341797 68.989631652832 68.6170272827148 67.8086853027344 66.2866973876953 64.3555068969727 62.645565032959 60.7373733520508 60.4221992492676 -3.4e+38 60.2369079589844 60.2775726318359 60.6815414428711 60.9776878356934 60.1328392028809 60.199821472168 60.3172645568848 60.5386924743652 60.3362503051758 60.3156127929688 60.0312232971191 -3.4e+38 60.0832481384277 60.0668907165527 60.0350379943848 60.0195503234863 60.1121253967285 60.2340049743652 60.1600303649902 59.7767219543457 59.5636596679688 59.4010810852051 59.5027122497559 59.1856651306152 59.5606346130371 61.1018562316895 61.4822654724121 59.7630462646484 58.8869285583496 58.5799026489258 58.4251976013184 58.1873931884766 58.2792015075684 58.4811668395996 58.1401672363281
68.9256896972656 68.8829040527344 68.8776016235352 68.9103088378906 69.0209274291992 69.1075134277344 68.9028930664062 68.8109512329102 67.6539459228516 65.3719024658203 63.198558807373 60.9499969482422 60.6833534240723 60.530143737793 60.4415283203125 60.6210899353027 61.2801780700684 61.4023094177246 60.3222503662109 60.465576171875 60.693058013916 60.8040161132812 60.4964447021484 60.4110679626465 60.2431602478027 59.9058380126953 59.9606056213379 60.328182220459 60.6327514648438 60.2106781005859 60.0368003845215 60.3060607910156 60.2380676269531 59.876766204834 59.7335510253906 59.5599403381348 59.6645660400391 59.511474609375 59.3051948547363 59.3670539855957 59.4323234558105 59.2741355895996 59.0117263793945 58.6821441650391 58.606616973877 58.3397407531738 58.3760375976562 58.329029083252 58.1194458007812
68.8704833984375 68.4161911010742 68.6954956054688 69.1850357055664 69.0440139770508 68.7682495117188 68.6878814697266 68.8742904663086 68.4192276000977 66.3865661621094 63.8649864196777 61.0892181396484 60.8418388366699 60.637035369873 60.6012725830078 60.7147903442383 60.9964027404785 60.9756317138672 60.6039199829102 60.7035331726074 60.8261375427246 60.7597694396973 60.4872817993164 60.387939453125 60.3533706665039 60.0567474365234 60.054141998291 60.6228790283203 60.9317588806152 60.5755729675293 60.268196105957 60.4342079162598 60.2770690917969 60.0858154296875 59.9901466369629 59.8633689880371 59.8577575683594 59.7653121948242 59.4737396240234 59.3977432250977 59.5552825927734 59.6134262084961 59.4171447753906 59.1028137207031 58.710636138916 58.5460777282715 58.6430931091309 58.5450782775879 58.1398124694824
68.5622024536133 68.5586318969727 68.7661743164062 69.3889770507812 69.0087203979492 68.2320938110352 67.8745574951172 68.0775833129883 67.761344909668 66.252555847168 63.5596466064453 61.2962188720703 60.9993705749512 60.7484817504883 -3.4e+38 60.6219253540039 60.9739036560059 61.5530319213867 60.894832611084 60.7175064086914 60.7047119140625 60.6201019287109 60.3875427246094 60.3701972961426 60.4419975280762 60.3941993713379 60.3315582275391 60.4230728149414 60.4510459899902 60.6670913696289 60.5259590148926 60.4587821960449 60.3503074645996 60.3103523254395 60.2585296630859 60.0276145935059 59.8516540527344 59.7165336608887 59.5013198852539 59.584415435791 59.8084526062012 59.7772979736328 59.4951820373535 59.1982154846191 58.8494873046875 58.7292823791504 58.7528419494629 58.5865936279297 58.1058235168457
68.9822540283203 69.2758941650391 69.2384262084961 69.2100677490234 68.8435287475586 67.9576187133789 67.2379455566406 67.1446533203125 66.3452529907227 64.7581405639648 62.8618049621582 61.7111892700195 61.2063369750977 60.8737945556641 60.782527923584 60.706958770752 61.1769599914551 61.8232231140137 60.843936920166 60.7037353515625 60.6004791259766 60.5735168457031 60.3739776611328 60.424747467041 60.5009231567383 60.5852966308594 60.5073852539062 60.3296051025391 60.3085784912109 60.5161056518555 60.5540313720703 60.508056640625 60.4631843566895 60.3241920471191 60.4909934997559 60.2399291992188 60.0142059326172 59.7552375793457 59.5489692687988 59.6166343688965 59.8054885864258 59.8966865539551 59.7055320739746 59.4671363830566 59.2502098083496 58.9112319946289 58.8167381286621 58.4833106994629 58.3463897705078
69.591178894043 69.5872421264648 69.2551116943359 68.8575210571289 68.5931167602539 67.8829574584961 67.2254943847656 66.8862762451172 65.4534606933594 63.6949157714844 62.4834632873535 61.6287002563477 61.1891975402832 60.943962097168 60.8790969848633 60.7743148803711 61.0141563415527 -3.4e+38 -3.4e+38 -3.4e+38 -3.4e+38 60.7218704223633 60.4875831604004 60.6075401306152 60.6705780029297 60.7378273010254 60.6733932495117 60.6836967468262 60.5102081298828 60.5531387329102 60.5386619567871 60.4792633056641 60.4715232849121 60.4954414367676 60.8097877502441 60.5717124938965 60.4478340148926 60.1148529052734 59.732234954834 59.6651268005371 59.8891754150391 60.4147605895996 61.0443725585938 61.0318832397461 59.9013175964355 59.3226432800293 58.9876365661621 58.5601539611816 58.6608200073242
69.7978286743164 69.4088821411133 68.8626861572266 68.6133880615234 68.588752746582 68.4258346557617 68.1602020263672 67.1991729736328 64.7350616455078 62.9352760314941 62.0930671691895 61.5515556335449 61.3014526367188 61.1205825805664 60.9680557250977 60.906379699707 61.0249099731445 61.0517730712891 60.862865447998 60.823184967041 60.9553260803223 60.9951210021973 60.7142601013184 60.7711219787598 60.8393058776855 61.0264549255371 60.919548034668 61.0002899169922 60.9332847595215 60.8899002075195 60.6935501098633 60.4819526672363 60.477294921875 60.8845596313477 61.124195098877 60.8331565856934 60.6799087524414 60.4025268554688 59.9454803466797 59.8551750183105 60.039249420166 60.5724983215332 61.7526512145996 61.5817260742188 60.3697052001953 59.4736747741699 59.0210914611816 58.8389663696289 58.9196586608887
69.9595642089844 69.7716522216797 69.2875442504883 68.9046096801758 68.7981491088867 69.0608596801758 69.1993026733398 67.6468200683594 64.7871627807617 63.0472526550293 62.3851280212402 61.8646430969238 61.7263832092285 61.4179840087891 61.0393905639648 61.0589332580566 61.1806449890137 61.2485656738281 61.3692893981934 61.2582702636719 61.2438926696777 61.293514251709 60.9694938659668 60.8991966247559 60.9827919006348 61.2091293334961 61.1913604736328 61.0838394165039 60.9712944030762 60.9999771118164 60.9702796936035 60.7180824279785 60.5394439697266 61.0904922485352 61.2084808349609 60.9510345458984 60.6109237670898 60.4222679138184 60.2129249572754 60.0385551452637 60.0815086364746 60.4549026489258 61.2789573669434 61.0317230224609 60.1477394104004 59.2507476806641 59.117862701416 59.066333770752 58.9509353637695
69.9634323120117 70.1970291137695 70.0745544433594 69.6015853881836 69.3565979003906 69.7086486816406 69.7915802001953 68.4210891723633 66.078742980957 64.4772567749023 64.0229339599609 63.4031639099121 63.4493865966797 61.6737174987793 61.2909088134766 61.2641220092773 61.3239479064941 61.4266128540039 61.634952545166 61.3509330749512 61.4168434143066 61.5088233947754 61.2704696655273 61.0956115722656 61.1913642883301 61.3042335510254 61.350830078125 61.2802429199219 61.1667938232422 61.2073173522949 61.2869262695312 60.9951782226562 60.6613922119141 61.136157989502 61.4946632385254 61.7619132995605 60.8990249633789 60.5414085388184 60.520679473877 60.3147201538086 60.1756744384766 60.2886619567871 60.7174415588379 61.0357627868652 60.0454483032227 59.2970809936523 59.3227424621582 59.0594367980957 58.8411026000977
69.5789794921875 70.2222518920898 70.2798080444336 69.8912658691406 69.9314956665039 70.3706588745117 70.3273315429688 69.5322036743164 68.143684387207 67.0839996337891 66.0857620239258 64.6947479248047 64.8344268798828 62.1348342895508 61.6840896606445 61.5324172973633 61.4678497314453 61.4726028442383 61.5243339538574 -3.4e+38 61.4719352722168 61.5132522583008 61.4205474853516 61.3226699829102 61.3888549804688 61.5141830444336 61.6016883850098 61.601146697998 61.5612983703613 61.4111557006836 61.2425270080566 61.1067810058594 60.8950233459473 61.1753349304199 61.6434555053711 61.7734336853027 61.1358757019043 61.0964508056641 60.826717376709 60.6363410949707 60.3357162475586 60.2178916931152 60.4134368896484 60.8979072570801 60.8057479858398 59.6216011047363 59.5023384094238 59.1345863342285 58.7085609436035
69.7104797363281 70.5237426757812 70.6152877807617 70.6454315185547 70.7533187866211 70.7375030517578 70.7504653930664 70.8205337524414 70.7441940307617 70.5593109130859 69.7313690185547 66.6362075805664 64.6643981933594 62.571174621582 61.9463310241699 61.8958282470703 61.8172988891602 61.6839218139648 61.6460609436035 61.6136932373047 61.651237487793 61.6710777282715 61.4966087341309 61.7152786254883 61.6456718444824 61.6561279296875 61.803352355957 61.9532623291016 61.9386672973633 61.792366027832 61.6189002990723 61.6040802001953 61.4917068481445 61.2824401855469 61.6445159912109 61.3186683654785 61.3513717651367 61.7263107299805 61.3019104003906 60.9086074829102 60.6124229431152 60.4140243530273 60.3058547973633 60.5788536071777 62.2430191040039 66.5787734985352 64.0067367553711 59.7777290344238 58.8919143676758
70.3939208984375 70.6761322021484 70.6672286987305 70.5905914306641 70.7144012451172 70.8149948120117 70.903190612793 71.0153198242188 70.9714736938477 70.8316040039062 70.5766067504883 66.8601760864258 63.9439735412598 62.5706367492676 62.113826751709 62.0844268798828 61.945858001709 61.7816467285156 61.7773094177246 61.8329124450684 -3.4e+38 61.7781257629395 61.5308418273926 61.6711273193359 61.7555198669434 61.9447631835938 62.0634841918945 62.0970268249512 62.1512184143066 62.1659240722656 62.0041389465332 62.0557060241699 62.0926132202148 61.3847923278809 61.8238563537598 61.562255859375 61.4213333129883 61.7449989318848 61.9321060180664 61.4845352172852 60.8138732910156 60.6411666870117 60.6155815124512 60.8025207519531 62.0732803344727 67.8959655761719 64.9387359619141 59.7081909179688 58.9869422912598
70.9859619140625 70.8976669311523 70.5913543701172 70.3468475341797 70.6710662841797 70.905403137207 71.0275192260742 71.0797424316406 71.0151062011719 70.9261627197266 70.8500213623047 67.4065628051758 63.9486885070801 62.8108024597168 62.3453254699707 62.2479248046875 62.0700378417969 61.8927726745605 61.9058570861816 61.9676895141602 -3.4e+38 61.8907508850098 61.8942184448242 61.9030723571777 62.036750793457 62.0126876831055 62.1031036376953 62.1761169433594 62.3714256286621 62.3317947387695 62.4008522033691 62.4501457214355 62.193977355957 61.4526329040527 61.7739791870117 62.0517425537109 61.9219665527344 62.0217056274414 62.0207939147949 61.6125183105469 60.8159217834473 60.6978797912598 60.9041862487793 61.047721862793 61.6737174987793 66.908203125 65.232421875 59.9888458251953 59.2222518920898
71.0771942138672 70.7212677001953 70.0387344360352 70.1109924316406 70.6513214111328 71.0576400756836 71.0940246582031 70.7963027954102 70.9579391479492 71.1729431152344 71.1643676757812 68.0884246826172 64.8222198486328 63.2991256713867 62.5529975891113 62.3248252868652 62.1432609558105 62.0346374511719 62.0266227722168 62.0461578369141 62.0411643981934 62.0987586975098 62.2493324279785 62.1883163452148 62.1566123962402 61.9755325317383 62.1150169372559 62.4136047363281 62.5479469299316 62.406623840332 62.5759506225586 62.6118049621582 62.213077545166 61.5999374389648 61.7020454406738 62.1186904907227 62.183765411377 61.9076461791992 61.4966125488281 61.2327842712402 60.8743629455566 60.7716255187988 61.0061950683594 61.1986541748047 61.754940032959 65.0181274414062 64.8758239746094 60.3052101135254 59.4334564208984
70.9408645629883 69.9807434082031 69.5794525146484 70.1549377441406 70.7793426513672 71.3172378540039 71.1771697998047 70.6467590332031 71.1679000854492 71.3432846069336 71.3907699584961 68.4346618652344 65.6258544921875 64.1853866577148 62.8455123901367 62.4385566711426 62.1558303833008 62.1297569274902 62.1001777648926 62.1292724609375 62.2196655273438 62.2531852722168 62.3385238647461 62.4263191223145 62.7793235778809 62.2761039733887 62.1115226745605 62.5703163146973 62.772777557373 62.4579772949219 62.5878562927246 62.7845458984375 62.3478012084961 61.8429069519043 61.7073516845703 61.9613990783691 62.131763458252 61.8821830749512 61.4829864501953 61.4663887023926 61.1504707336426 61.0014572143555 61.1039733886719 61.9970741271973 64.1959075927734 63.8893852233887 62.5353507995605 60.1306114196777 59.6337776184082
71.0011138916016 69.6430435180664 69.4017715454102 70.4345626831055 71.2106781005859 71.4730453491211 70.9003982543945 70.5335159301758 71.5227813720703 71.482177734375 71.5119781494141 69.1589508056641 66.3607864379883 65.4675369262695 63.3508338928223 62.6155586242676 62.2640571594238 62.2484130859375 62.1951217651367 62.2797737121582 -3.4e+38 -3.4e+38 62.3977088928223 62.5097923278809 63.023120880127 62.5324897766113 62.2367744445801 62.4252815246582 62.6952743530273 62.6063232421875 62.8113136291504 62.9238471984863 62.4026641845703 62.0197639465332 61.8813591003418 62.2084159851074 62.5889549255371 62.0223007202148 61.7075843811035 61.7308959960938 61.4317474365234 61.2474174499512 61.0938186645508 62.6387786865234 65.8970642089844 62.7248725891113 61.733039855957 60.6985282897949 59.8431358337402
71.0032577514648 69.5701141357422 69.607536315918 70.8210525512695 71.5719757080078 71.4604873657227 70.3943099975586 70.2676773071289 71.7641143798828 71.5107727050781 71.3433227539062 70.0822525024414 67.3719177246094 66.25390625 63.9029502868652 62.9549713134766 62.4158821105957 62.2845306396484 62.677375793457 63.4129447937012 62.9739570617676 62.3332176208496 62.4004020690918 62.4326477050781 62.522346496582 62.5600891113281 62.5787315368652 -3.4e+38 62.4422454833984 62.7016410827637 62.977897644043 63.0187759399414 62.7749633789062 62.2644844055176 61.9866905212402 62.4452247619629 63.2534828186035 62.2516212463379 61.9429702758789 62.0140113830566 61.8436851501465 61.4805145263672 61.1015243530273 62.176872253418 64.1142349243164 62.2109069824219 63.5029716491699 62.6934967041016 60.2337341308594
70.359016418457 68.9373092651367 69.9056167602539 71.2047958374023 71.7797393798828 71.3839721679688 69.7189331054688 69.7520980834961 72.0016708374023 71.7432327270508 71.3567962646484 69.8472213745117 68.3341598510742 67.7403869628906 64.7217025756836 63.2796211242676 62.7242050170898 62.4096412658691 63.0146865844727 64.1625747680664 63.5787124633789 62.8854293823242 -3.4e+38 62.5919075012207 62.6343269348145 62.8330345153809 62.8713111877441 62.5553512573242 -3.4e+38 62.701587677002 63.0193901062012 63.4223976135254 63.1205368041992 62.8078384399414 62.2570190429688 62.3839569091797 63.1339950561523 62.6479682922363 62.0640182495117 62.4074096679688 62.4643707275391 61.7517318725586 61.2269515991211 61.5817565917969 62.0690422058105 62.5827751159668 64.4968414306641 63.5530700683594 60.7134399414062
