rcp4.5models/MPi_ESM_LR/sc1gr2.35
NCOLS 261 
NROWS 433 
XLLCORNER 336357.134 
YLLCORNER 654653.479 
CELLSIZE 1000 
NODATA_value -3.4e+38 
[rows 330 to 351 of 433, columns 196 to 244 of 261]
309.368835449219 309.490814208984 309.378845214844 309.039916992188 310.062774658203 310.971649169922 311.725341796875 307.368560791016 304.848876953125 302.301910400391 300.796325683594 308.425445556641 310.506225585938 310.251495361328 311.457061767578 311.476440429688 312.273071289062 311.907379150391 312.430938720703 312.992767333984 313.244537353516 313.974273681641 314.903259277344 315.034576416016 315.121337890625 315.168273925781 315.061981201172 315.7294921875 316.236907958984 316.379821777344 317.209320068359 317.351226806641 317.403930664062 317.056396484375 316.670471191406 316.806304931641 316.857208251953 316.546630859375 316.319366455078 316.453735351562 316.687683105469 317.388153076172 317.980560302734 318.109558105469 318.311492919922 318.797210693359 318.993316650391 319.662200927734 320.668182373047
309.786193847656 309.955993652344 309.712615966797 308.592071533203 308.974212646484 311.01953125 311.027954101562 309.750518798828 309.157348632812 308.775207519531 307.949462890625 310.347595214844 309.585479736328 309.595062255859 310.713653564453 311.780700683594 312.184509277344 311.970306396484 312.491333007812 313.416748046875 313.448028564453 313.39599609375 314.325225830078 314.372497558594 314.268676757812 314.727020263672 314.655090332031 315.592620849609 315.737396240234 315.881561279297 316.730316162109 317.202331542969 316.90283203125 316.7626953125 315.835113525391 316.420318603516 316.455902099609 316.142578125 316.278045654297 316.412445068359 316.624816894531 316.886169433594 317.474426269531 318.068664550781 318.292175292969 318.795562744141 318.449340820312 318.714477539062 319.555297851562
310.017364501953 310.636749267578 309.637115478516 308.304443359375 308.229461669922 310.858215332031 310.896575927734 310.830139160156 310.736267089844 311.364135742188 311.636779785156 310.675689697266 309.701446533203 309.729431152344 309.818176269531 311.22021484375 312.017181396484 -3.4e+38 312.977813720703 313.788208007812 313.419891357422 313.420715332031 314.353210449219 314.387786865234 314.209991455078 314.736755371094 314.928344726562 315.010070800781 315.15380859375 315.405944824219 316.215606689453 316.633117675781 316.303375244141 316.019195556641 316.219879150391 316.275817871094 316.329132080078 316.101135253906 316.135955810547 315.914398193359 316.603546142578 316.768249511719 317.070037841797 318.027709960938 318.323394775391 319.210998535156 318.976593017578 319.102905273438 319.136993408203
310.314117431641 310.569274902344 309.742889404297 309.156555175781 309.697723388672 310.928375244141 311.197235107422 311.898223876953 311.922698974609 311.678100585938 311.714691162109 311.266143798828 310.654327392578 310.57275390625 310.187957763672 311.216461181641 312.185272216797 -3.4e+38 313.401580810547 314.226867675781 313.8955078125 313.842346191406 314.889282226562 315.133941650391 314.1826171875 314.739105224609 314.729064941406 314.61865234375 315.195037841797 315.431823730469 316.084259033203 316.332122802734 316.722900390625 316.037872314453 316.116088867188 316.234222412109 315.923156738281 316.160461425781 316.470245361328 315.606842041016 317.000579833984 316.823547363281 317.398193359375 317.518218994141 318.187225341797 318.675933837891 318.800537109375 318.832855224609 318.407928466797
310.649017333984 310.531707763672 309.789886474609 309.700897216797 309.8193359375 309.321685791016 311.027099609375 311.934326171875 312.236724853516 311.504241943359 311.382049560547 311.819030761719 311.484161376953 311.001373291016 310.614440917969 311.535095214844 311.899230957031 312.672760009766 312.825653076172 313.869995117188 314.333709716797 314.21728515625 314.717315673828 314.725891113281 314.660797119141 315.078948974609 314.859649658203 315.099670410156 315.720092773438 316.190551757812 316.042449951172 316.377136230469 317.239379882812 316.722259521484 315.689636230469 316.110321044922 315.881622314453 316.098907470703 316.439971923828 315.903015136719 316.424652099609 316.856597900391 317.742340087891 317.581420898438 318.073974609375 318.293212890625 318.803436279297 318.384002685547 318.146636962891
310.564666748047 310.330871582031 309.244720458984 309.008850097656 308.664733886719 306.662658691406 306.032501220703 311.914520263672 312.187896728516 311.590759277344 311.766235351562 311.883422851562 311.8017578125 310.71240234375 309.635803222656 311.081939697266 311.521148681641 311.498321533203 312.310943603516 313.343353271484 313.858642578125 314.006774902344 314.055999755859 314.046447753906 314.984710693359 315.131805419922 315.2783203125 315.424194335938 315.660949707031 316.188446044922 -3.4e+38 316.229705810547 316.737213134766 316.809661865234 316.458618164062 315.904357910156 316.743347167969 315.976654052734 316.112274169922 316.169006347656 316.091125488281 316.719177246094 317.307861328125 317.904602050781 318.032958984375 318.321502685547 319.127380371094 318.322448730469 318.054412841797
309.305725097656 307.813873291016 308.506134033203 308.055694580078 306.081604003906 297.995178222656 296.536376953125 310.898010253906 311.693237304688 311.594818115234 312.122039794922 312.06494140625 311.304992675781 311.102661132812 311.055450439453 310.740081787109 311.745941162109 310.743286132812 311.886840820312 311.494171142578 311.175476074219 311.870483398438 313.984680175781 313.806030273438 314.008819580078 314.583343505859 314.824249267578 315.431182861328 316.051055908203 316.540100097656 316.725524902344 316.247924804688 317.013305664062 316.340789794922 316.480377197266 316.619018554688 316.676452636719 316.445892333984 316.486175537109 316.336578369141 317.221954345703 316.728546142578 317.692657470703 317.822265625 318.020874023438 318.602935791016 319.116363525391 318.762512207031 318.819885253906
309.4189453125 307.470703125 306.287414550781 308.6220703125 308.336547851562 302.455902099609 295.472778320312 311.154205322266 311.277740478516 311.554229736328 312.218078613281 312.271881103516 311.011169433594 311.556640625 311.4560546875 311.206115722656 312.278991699219 311.549560546875 310.566589355469 309.314910888672 309.291534423828 311.932373046875 313.7666015625 314.611297607422 314.486175537109 315.00341796875 315.150482177734 315.296844482422 315.532623291016 316.046112060547 316.684631347656 316.102416992188 316.528106689453 316.399444580078 316.887298583984 316.577270507812 316.714996337891 316.851776123047 316.910125732422 316.75341796875 317.256134033203 317.15234375 317.742706298828 318.342712402344 318.472808837891 318.581604003906 318.618316650391 318.770263671875 318.413970947266
309.978698730469 309.240905761719 306.472839355469 309.195159912109 310.34033203125 307.065643310547 299.336273193359 311.562927246094 311.746490478516 311.768402099609 311.613128662109 312.065216064453 311.757049560547 311.482238769531 311.673553466797 311.933776855469 312.233276367188 311.607574462891 310.352416992188 310.184631347656 311.059478759766 313.785522460938 313.721771240234 314.554107666016 314.168212890625 313.995330810547 314.570098876953 314.821655273438 315.399963378906 315.544952392578 316.202972412109 315.873229980469 315.570739746094 315.792877197266 316.416778564453 316.98681640625 316.673248291016 316.81005859375 316.945861816406 317.080718994141 317.214569091797 318.037750244141 318.241058349609 318.650177001953 318.305725097656 318.3642578125 318.189483642578 318.615936279297 318.373199462891
309.796264648438 309.570861816406 308.866241455078 309.888793945312 310.277740478516 308.864166259766 306.453216552734 311.530578613281 311.901947021484 312.501922607422 311.516448974609 311.628112792969 311.528350830078 311.173767089844 312.100830078125 312.254608154297 312.071166992188 311.033996582031 311.496490478516 312.018218994141 312.478637695312 313.801666259766 314.099975585938 314.306915283203 313.139953613281 313.117309570312 314.064758300781 314.301879882812 314.817901611328 314.961883544922 315.586547851562 314.860809326172 315.074310302734 315.214996337891 315.516815185547 316.412872314453 316.631408691406 316.768280029297 316.904174804688 317.0390625 317.265502929688 318.437683105469 318.568542480469 318.540252685547 317.827239990234 317.955047607422 318.081817626953 318.207580566406 318.332336425781
310.120269775391 309.767242431641 309.679443359375 310.196411132812 310.357971191406 310.655639648438 311.058715820312 311.853393554688 311.869903564453 312.645599365234 312.322052001953 311.879913330078 311.146697998047 311.124206542969 312.052703857422 312.20703125 312.037017822266 311.041717529297 311.933715820312 312.502899169922 312.753875732422 313.373046875 313.784393310547 313.427795410156 313.260467529297 313.502319335938 313.916015625 313.7353515625 314.314727783203 314.562957763672 315.034790039062 314.518402099609 315.032196044922 315.172973632812 315.507629394531 316.531982421875 316.589538574219 316.726440429688 316.862396240234 316.997314453125 317.296508789062 318.396148681641 318.527099609375 318.500244140625 317.785919189453 317.913818359375 318.040710449219 318.166595458984 318.291442871094
310.424713134766 309.832275390625 310.114624023438 310.654876708984 310.929260253906 311.449279785156 311.604400634766 311.915344238281 312.071044921875 312.226776123047 312.382507324219 312.308776855469 311.466430664062 311.074432373047 312.121307373047 312.568176269531 312.094879150391 311.582214355469 311.459075927734 312.509674072266 313.079925537109 313.231475830078 313.178161621094 312.626831054688 313.147430419922 313.295074462891 313.351226806641 313.215240478516 313.836303710938 314.606811523438 314.705535888672 314.848266601562 314.990020751953 315.130859375 315.527404785156 316.782379150391 316.547607421875 316.6845703125 316.820556640625 316.955535888672 317.162506103516 317.796875 317.926513671875 318.073883056641 318.306427001953 318.350738525391 317.99951171875 318.12548828125 318.332580566406
310.366149902344 309.644622802734 309.535614013672 310.308624267578 311.238372802734 311.268371582031 311.157775878906 311.071533203125 312.018585205078 312.175018310547 312.331420898438 312.378326416016 311.821350097656 311.141754150391 312.469024658203 312.481964111328 312.162994384766 311.936187744141 309.386688232422 312.399353027344 312.614654541016 313.186828613281 313.026733398438 311.955322265625 311.997711181641 312.032653808594 313.471923828125 313.516845703125 313.317047119141 314.023223876953 314.663146972656 314.904754638672 315.394409179688 315.185607910156 315.855041503906 316.367614746094 316.505615234375 316.642639160156 316.778656005859 316.913696289062 317.047760009766 317.312896728516 317.443969726562 317.641723632812 318.056335449219 317.808258056641 318.439514160156 318.084350585938 318.271362304688
310.307189941406 309.463958740234 308.486480712891 308.230560302734 310.666870117188 310.830169677734 311.003479003906 310.554534912109 311.325744628906 311.204650878906 311.879486083984 312.437133789062 312.378204345703 312.009460449219 312.569763183594 311.538726806641 311.8076171875 312.159118652344 310.448272705078 312.628173828125 311.977386474609 312.080108642578 312.148010253906 311.977569580078 312.142120361328 312.622161865234 313.892181396484 313.848266601562 313.288238525391 313.856750488281 314.7197265625 315.291015625 315.279907226562 315.126647949219 315.639831542969 315.777618408203 315.914428710938 316.050201416016 316.276336669922 316.871826171875 317.005920410156 316.714111328125 316.930236816406 317.532470703125 317.511291503906 317.002716064453 318.206848144531 317.640197753906 318.655151367188
310.377319335938 309.918395996094 308.83544921875 307.862884521484 308.969879150391 309.102508544922 310.538879394531 311.272766113281 311.197937011719 310.701141357422 311.457702636719 312.386291503906 312.426544189453 312.1787109375 311.893798828125 310.376220703125 310.564361572266 312.338073730469 313.054077148438 312.583465576172 311.847930908203 311.627990722656 311.768188476562 312.079650878906 313.176300048828 313.492004394531 312.983337402344 313.908447265625 313.667144775391 313.664276123047 314.316589355469 315.541595458984 314.863128662109 314.90869140625 314.6923828125 315.283325195312 315.421447753906 315.558563232422 315.858947753906 316.740264892578 316.49853515625 316.142822265625 315.955749511719 316.931274414062 316.993713378906 316.8125 317.330200195312 317.610443115234 317.932952880859
310.057342529297 310.474822998047 310.018951416016 308.926544189453 307.184936523438 306.802490234375 309.469970703125 311.579650878906 311.229461669922 311.018310546875 311.286468505859 311.932403564453 312.38623046875 312.057769775391 311.254821777344 309.452911376953 310.181091308594 312.492828369141 313.381896972656 312.538665771484 311.790924072266 311.629180908203 312.217254638672 312.606231689453 313.5068359375 313.476379394531 313.054534912109 313.953369140625 314.013885498047 313.785339355469 314.144653320312 314.705535888672 315.364318847656 315.427490234375 315.08447265625 314.693786621094 314.922485351562 315.516448974609 315.725769042969 316.163452148438 315.992797851562 316.033447265625 315.385986328125 315.889862060547 316.100463867188 316.788421630859 317.379516601562 317.413879394531 317.652465820312
309.245208740234 309.255218505859 310.18798828125 310.008941650391 308.582855224609 307.827697753906 310.222229003906 311.534027099609 311.324279785156 311.484344482422 311.526153564453 311.509338378906 312.326599121094 311.973937988281 311.217803955078 309.317749023438 309.680053710938 312.332946777344 312.589935302734 311.234985351562 311.650238037109 311.101867675781 311.827941894531 312.884460449219 313.462829589844 313.715759277344 314.29736328125 314.446563720703 314.494873046875 314.104461669922 313.869506835938 313.894195556641 315.329864501953 315.919372558594 315.718597412109 314.198791503906 314.412017822266 315.014739990234 315.610504150391 315.745727539062 315.792999267578 315.992889404297 315.193054199219 315.01416015625 316.161315917969 316.728210449219 317.167572021484 316.979827880859 317.556182861328
308.049224853516 306.437896728516 308.596374511719 310.280914306641 310.328643798828 310.375427246094 311.272766113281 311.592712402344 311.872406005859 312.431274414062 312.365264892578 311.860412597656 312.401458740234 312.480010986328 311.911010742188 310.484344482422 309.817932128906 312.598876953125 311.877075195312 310.171020507812 312.134643554688 311.385955810547 311.313415527344 312.46337890625 313.418762207031 313.760528564453 314.718414306641 314.766448974609 314.391265869141 314.076141357422 313.894439697266 313.769287109375 314.720642089844 314.788330078125 314.864624023438 314.611846923828 314.204376220703 314.045257568359 315.017700195312 315.238952636719 315.682037353516 315.952270507812 315.252136230469 315.530395507812 316.015960693359 316.623504638672 316.751098632812 317.033355712891 318.1171875
307.702667236328 307.9716796875 308.642456054688 309.426940917969 310.207427978516 309.876556396484 309.645538330078 309.740661621094 310.756011962891 311.406524658203 312.076477050781 312.609832763672 312.779022216797 312.753753662109 311.907623291016 311.146240234375 311.142333984375 312.089294433594 309.572509765625 306.271301269531 312.622375488281 312.401184082031 312.648132324219 313.178558349609 313.330444335938 313.670654296875 314.544067382812 314.302368164062 314.390838623047 314.536346435547 314.364349365234 314.5078125 314.571868896484 314.412506103516 314.780242919922 314.148590087891 314.209808349609 314.259429931641 314.020385742188 314.634979248047 314.927215576172 316.102020263672 316.626220703125 316.281616210938 316.473754882812 316.917846679688 316.667755126953 316.794586181641 317.053131103516
307.886932373047 307.669403076172 309.088714599609 309.494384765625 309.266876220703 309.434753417969 309.618957519531 310.428802490234 310.591125488281 310.980041503906 311.915588378906 311.962219238281 312.053436279297 313.069671630859 311.833892822266 311.244781494141 311.616485595703 312.565856933594 311.023681640625 310.250823974609 312.671203613281 312.826477050781 312.77392578125 312.071685791016 312.221832275391 312.559143066406 313.618194580078 314.017211914062 313.445129394531 314.031036376953 314.861267089844 314.912719726562 314.69970703125 315.201171875 314.799224853516 314.408782958984 314.255340576172 314.694396972656 314.061279296875 314.730773925781 315.711151123047 316.516082763672 316.488220214844 316.239593505859 316.290832519531 315.937561035156 316.063995361328 316.189483642578 316.445190429688
307.953125 307.987823486328 309.010711669922 309.441986083984 308.989685058594 308.486419677734 308.89794921875 309.857971191406 310.13818359375 310.692169189453 310.9423828125 311.400207519531 311.398468017578 312.213897705078 312.033355712891 312.195373535156 312.456939697266 312.993530273438 312.311187744141 312.46875 312.625427246094 312.781127929688 312.753295898438 311.947540283203 311.342712402344 312.113525390625 313.163818359375 313.607879638672 313.557434082031 314.429412841797 315.184722900391 314.802581787109 314.641967773438 315.086853027344 314.771759033203 314.443328857422 314.284362792969 315.104675292969 314.398620605469 314.686981201172 315.751831054688 316.789093017578 316.066711425781 316.276214599609 316.747161865234 316.016448974609 316.070404052734 315.785552978516 316.385192871094
308.397277832031 308.175506591797 308.456878662109 308.988739013672 308.918701171875 308.219757080078 307.877563476562 308.921691894531 309.710174560547 310.537933349609 310.551025390625 311.378051757812 311.250213623047 311.923583984375 312.461944580078 312.623748779297 312.785003662109 312.837219238281 312.264343261719 312.527740478516 313.0029296875 312.632446289062 312.565643310547 313.295043945312 312.34912109375 312.869750976562 312.966003417969 313.21142578125 313.784484863281 313.883453369141 315.155822753906 314.827545166016 314.612487792969 315.116302490234 314.715057373047 314.412628173828 314.700347900391 315.063293457031 314.440490722656 315.110137939453 315.693115234375 316.828216552734 316.501129150391 316.217224121094 316.665924072266 -3.4e+38 -3.4e+38 316.852172851562 317.159393310547
