rcp4.5models/MPi_ESM_LR/sc1gr1.24
NCOLS 261 
NROWS 433 
XLLCORNER 336357.134 
YLLCORNER 654653.479 
CELLSIZE 1000 
NODATA_value -3.4e+38 
[rows 330 to 351 of 433, columns 196 to 244 of 261]
67.3367080688477 66.713981628418 66.8103942871094 66.9810485839844 66.7600326538086 66.2482223510742 66.4661865234375 66.5380630493164 66.7058639526367 67.023811340332 67.1046676635742 66.1210861206055 65.8363723754883 65.7358169555664 65.7805709838867 65.74951171875 65.4798889160156 65.7565994262695 64.9927291870117 64.7050704956055 64.7348709106445 64.7956924438477 65.1279602050781 65.0845794677734 64.886962890625 64.5209197998047 64.0652847290039 64.1141357421875 64.1506500244141 64.1772079467773 63.9910545349121 63.866870880127 63.8534088134766 63.9052772521973 63.7071876525879 63.974048614502 63.8219299316406 64.2317047119141 63.415828704834 63.3324203491211 63.2969360351562 63.2790451049805 63.389461517334 63.028751373291 62.5513496398926 63.0232009887695 62.9656372070312 62.9914245605469 63.852409362793
67.3742904663086 66.7617416381836 67.0346832275391 66.5201416015625 66.5113067626953 66.2107315063477 66.4601593017578 65.9050750732422 65.8953170776367 66.1514739990234 66.4902954101562 66.0069198608398 65.8013381958008 65.8381729125977 65.9351501464844 65.647705078125 65.5886764526367 65.4622421264648 64.8117446899414 64.7104339599609 64.3561477661133 64.5636596679688 65.0100173950195 64.8600616455078 64.8433990478516 64.6130142211914 64.2762603759766 63.8250274658203 64.2119979858398 64.3288040161133 64.1912155151367 63.9512825012207 63.8603668212891 64.1930465698242 63.8828544616699 64.1648559570312 64.2272262573242 64.0249328613281 63.7315826416016 63.5078506469727 63.4550514221191 63.0872039794922 63.5812225341797 63.1271514892578 62.6004905700684 63.3035087585449 62.9885330200195 62.9509124755859 63.0220985412598
67.3219375610352 67.0261764526367 66.8940353393555 66.3506469726562 66.7254486083984 66.417854309082 66.2527084350586 65.4439315795898 65.6908111572266 66.1117706298828 66.2880325317383 66.2002563476562 65.7729721069336 65.9585494995117 65.9894943237305 65.9246292114258 65.3466033935547 -3.4e+38 65.2145004272461 64.6527252197266 64.4410400390625 65.0204467773438 65.1675338745117 65.1453094482422 64.6919860839844 64.5207901000977 64.2293243408203 63.8398551940918 64.0485153198242 64.2372131347656 64.1511459350586 63.9612464904785 63.8592376708984 64.2087020874023 64.0746231079102 63.6768798828125 64.1172866821289 64.1949844360352 63.9152374267578 63.7911796569824 63.5982360839844 63.711727142334 63.1922607421875 63.2954635620117 63.0727615356445 63.5342254638672 63.2310600280762 63.367244720459 63.4107513427734
67.0419692993164 66.7795867919922 66.5544662475586 66.4748458862305 66.4687042236328 66.4707107543945 66.5241546630859 65.7466201782227 65.8486785888672 66.1852645874023 66.3217697143555 66.0200271606445 65.8722915649414 65.9154968261719 65.9398498535156 66.152214050293 65.4045257568359 -3.4e+38 65.3584747314453 64.7143859863281 65.2607955932617 65.4287796020508 64.9874267578125 64.8949127197266 64.8169937133789 64.2321701049805 64.0070648193359 64.2923583984375 64.4857482910156 64.1816635131836 64.1194610595703 63.7490196228027 63.8503570556641 63.6727027893066 63.6460494995117 63.9172973632812 63.9694328308105 63.9378318786621 63.7675514221191 63.7395515441895 63.4543571472168 64.2746734619141 63.4228096008301 63.3572082519531 63.5285377502441 63.3460845947266 63.2614059448242 63.3106918334961 63.660587310791
66.9596862792969 66.752685546875 66.5129928588867 66.4859313964844 66.5225219726562 66.7507858276367 66.9751052856445 66.1067657470703 66.2107849121094 66.3531112670898 66.3406372070312 66.1558685302734 66.0515975952148 65.716178894043 65.6034393310547 65.8707656860352 65.3415451049805 65.2809829711914 65.3156890869141 65.1934661865234 65.3165817260742 65.4784088134766 65.0608520507812 64.2521514892578 64.3869552612305 64.2569351196289 64.1079025268555 64.0488891601562 64.8137741088867 64.353401184082 64.3634033203125 64.1110687255859 64.0409774780273 63.6213073730469 63.8637351989746 63.777961730957 64.1211471557617 63.6131401062012 63.9687995910645 63.6674728393555 63.7333221435547 64.3386306762695 63.8457679748535 63.2700843811035 63.5461082458496 63.7438545227051 63.2085456848145 63.3765335083008 63.4461898803711
67.0304718017578 66.7710952758789 66.9192504882812 66.7148742675781 66.893440246582 67.0163497924805 67.2212677001953 66.2316436767578 66.5273513793945 66.4901733398438 66.2239456176758 66.3051681518555 66.0211639404297 65.6220626831055 65.7422485351562 65.7738723754883 65.3332824707031 65.5346527099609 65.4208450317383 65.145637512207 64.7098922729492 65.3133087158203 65.0710296630859 64.3820495605469 64.1559295654297 64.8633499145508 64.3938903808594 64.2629852294922 64.7112579345703 64.5966339111328 -3.4e+38 64.3835220336914 64.0162048339844 63.7733688354492 64.461540222168 63.8537216186523 64.1044158935547 63.9756889343262 63.7688102722168 63.5206336975098 63.642765045166 63.7320442199707 64.1187057495117 63.5949058532715 63.5314254760742 63.7789001464844 63.4467811584473 63.853946685791 63.4695243835449
67.0336608886719 67.1138916015625 67.0882949829102 66.8536758422852 67.4682464599609 67.8855285644531 68.0244903564453 66.1566925048828 65.9694900512695 66.1857528686523 66.2773818969727 66.2280807495117 65.4404983520508 65.4571838378906 65.9947357177734 65.6496810913086 65.7681274414062 65.7442169189453 65.5762176513672 65.4599227905273 65.6397018432617 65.4738693237305 64.8638687133789 64.928352355957 64.6940155029297 64.4213333129883 64.1860885620117 64.3284301757812 64.2381896972656 64.3084869384766 64.4084548950195 64.3689956665039 64.0948638916016 63.9069595336914 63.7496299743652 63.6561660766602 63.5846900939941 64.0527420043945 63.8459625244141 63.6390838623047 63.5848693847656 64.1067886352539 64.2424774169922 63.6377944946289 63.7510643005371 63.7079620361328 63.2353401184082 63.0825500488281 62.9957160949707
67.3035278320312 67.3100280761719 67.4944915771484 67.0141525268555 67.0524063110352 67.3614044189453 68.4475479125977 65.8545379638672 65.5089874267578 65.8927841186523 66.1626129150391 66.1185073852539 65.6381912231445 65.576286315918 65.6276779174805 65.557373046875 65.9234237670898 65.7085189819336 65.5531158447266 65.4489669799805 66.1222305297852 65.4259490966797 64.9264602661133 64.9019546508789 64.4858474731445 64.936164855957 64.6497268676758 64.4971923828125 65.0772323608398 64.7422332763672 64.6321029663086 64.2014999389648 64.2328109741211 64.0311050415039 64.2370758056641 63.8585052490234 63.9085273742676 64.1265411376953 63.4697303771973 63.6792068481445 63.6485443115234 63.8632583618164 64.4369049072266 63.4887619018555 63.6005592346191 63.68798828125 63.3243026733398 63.1419563293457 63.6005706787109
66.9507446289062 67.0445404052734 67.4424438476562 66.9997634887695 66.7218856811523 67.1562118530273 68.3106155395508 66.0704727172852 65.7334518432617 65.8980560302734 65.8787231445312 65.8828582763672 66.172004699707 65.6727066040039 65.7458343505859 66.0576248168945 66.2384338378906 65.808464050293 65.8022766113281 65.6169967651367 65.7780075073242 65.4231948852539 65.1677932739258 64.8475494384766 64.3993682861328 64.8210220336914 64.7070236206055 64.8645706176758 64.6458129882812 64.7740707397461 64.4339218139648 64.3125991821289 63.946605682373 64.2932205200195 64.3044509887695 63.7646026611328 63.9102478027344 64.1016998291016 63.6399307250977 63.8583641052246 63.5871696472168 63.1757011413574 63.5404090881348 63.5347671508789 63.6557998657227 63.4930458068848 63.1288299560547 63.5863609313965 64.1898727416992
67.0221862792969 67.4076919555664 67.0695190429688 67.0160903930664 67.0216674804688 67.1325302124023 67.1546096801758 66.0219268798828 66.0771484375 66.2288970947266 65.9889068603516 65.4990463256836 65.4937438964844 65.4795761108398 66.0514373779297 66.0987854003906 66.0552368164062 66.1739883422852 66.0088348388672 65.7884063720703 65.0820465087891 65.1427993774414 65.8271713256836 65.3952713012695 64.6772155761719 64.5520324707031 64.8666305541992 65.3348541259766 64.7649154663086 64.4191665649414 64.5948791503906 64.3554458618164 63.9846038818359 64.4220733642578 64.2906799316406 63.885498046875 64.143180847168 64.2242889404297 64.1005554199219 64.0081481933594 63.6660079956055 63.3146667480469 63.0115814208984 63.6527938842773 63.8486404418945 63.5863494873047 63.4066009521484 64.0734405517578 64.2117462158203
67.0867691040039 67.5631103515625 67.0269165039062 66.8650970458984 66.9684600830078 66.3937911987305 66.1207656860352 65.8852005004883 66.2411270141602 66.3662872314453 66.1878967285156 65.8722152709961 65.5157699584961 65.8760375976562 65.5868606567383 65.5396347045898 65.5456695556641 66.0300903320312 65.6855545043945 65.7319869995117 65.0475921630859 64.7116622924805 65.7602386474609 65.3631210327148 65.0360641479492 64.9255065917969 65.2910461425781 65.1064376831055 64.7438354492188 64.4471588134766 64.4872665405273 64.10595703125 64.0890960693359 64.3484649658203 64.2037048339844 63.8391380310059 64.3864212036133 64.267951965332 64.0753707885742 63.892879486084 63.8237457275391 63.9668579101562 63.6672134399414 63.5613441467285 63.797248840332 63.559253692627 63.6461753845215 63.9120788574219 64.1720504760742
67.3257369995117 67.5118103027344 67.0126495361328 66.3901977539062 66.8145446777344 66.5527725219727 66.3761215209961 66.2796173095703 66.3653106689453 66.4539337158203 66.0680160522461 66.1824645996094 66.1519927978516 66.3919143676758 65.5256271362305 65.749153137207 65.662971496582 65.6381759643555 65.4852294921875 65.6351699829102 65.4642028808594 65.208625793457 65.495979309082 65.1754302978516 65.1884994506836 64.9815979003906 65.053108215332 65.1078720092773 64.5105209350586 64.8957061767578 64.4616317749023 64.1329803466797 64.4925537109375 64.2950210571289 64.0841751098633 63.8959770202637 64.8291931152344 64.1843566894531 63.9913024902344 63.8156929016113 63.8055458068848 64.4006042480469 64.3143157958984 63.7774963378906 63.5692558288574 63.3949661254883 63.5233345031738 63.4519195556641 63.2953491210938
67.4679794311523 67.5284271240234 67.1813125610352 66.5068206787109 66.8376007080078 66.8471908569336 66.6332397460938 66.2419891357422 66.5093994140625 66.6776123046875 66.2496719360352 66.1099395751953 66.2381057739258 66.2299880981445 65.8526077270508 65.6779022216797 65.586181640625 65.6919021606445 66.0751037597656 65.4853057861328 65.3817291259766 65.6396560668945 65.6516265869141 65.1835403442383 65.2768402099609 65.1796340942383 64.7774200439453 65.1341705322266 64.8662033081055 64.9365768432617 64.2870635986328 64.0827331542969 64.5529556274414 64.2512741088867 64.023811340332 64.0660934448242 64.758415222168 64.6632232666016 64.4812774658203 63.8705902099609 63.7780075073242 64.2929840087891 64.2415771484375 63.9419021606445 63.5943756103516 63.475959777832 63.1390495300293 62.9763336181641 63.1139907836914
66.7556076049805 67.0496520996094 67.4136276245117 67.0003509521484 66.985595703125 66.7041549682617 66.3228988647461 66.6600112915039 67.0566787719727 66.8572158813477 66.5439300537109 66.1952896118164 66.1639785766602 65.9405059814453 65.8878555297852 65.9392471313477 65.6651611328125 65.8264236450195 66.3069915771484 65.6639862060547 64.9386749267578 65.249885559082 65.4234924316406 65.339225769043 65.5239562988281 65.6011810302734 65.2183074951172 64.677864074707 64.7619323730469 64.9251251220703 63.9942169189453 64.3163833618164 64.5795822143555 64.4016342163086 64.5166091918945 64.3612060546875 64.5189514160156 64.7443923950195 64.5214614868164 64.0375518798828 63.9708709716797 64.063102722168 64.1721801757812 63.8620071411133 63.9774322509766 63.6821479797363 63.2883758544922 63.0859565734863 63.1910133361816
66.983528137207 67.0185852050781 67.3637237548828 67.1708374023438 67.1146087646484 67.0975875854492 66.6957321166992 66.760986328125 66.8578872680664 66.5750732421875 66.3003921508789 65.9519729614258 66.0493927001953 65.8743209838867 65.9021682739258 66.1725158691406 66.1726684570312 65.8442840576172 65.9934158325195 65.5526733398438 65.1134262084961 65.503288269043 65.5149765014648 65.5568923950195 65.3590316772461 65.3025360107422 65.3521041870117 64.9695892333984 64.5411605834961 65.2410583496094 64.2936782836914 64.4975280761719 64.8158340454102 64.6503143310547 64.685791015625 64.5894317626953 64.4583053588867 64.4398651123047 64.2950439453125 64.2949447631836 64.0582046508789 64.3024444580078 64.0839614868164 63.868350982666 64.0348892211914 63.7608261108398 63.706729888916 63.2529144287109 63.2747764587402
67.418327331543 67.316162109375 67.1675415039062 67.1968994140625 67.2695007324219 67.5345001220703 66.7619247436523 66.1636810302734 66.1438217163086 66.3531036376953 66.2455902099609 66.116096496582 66.2354965209961 65.8765716552734 65.7720947265625 65.9784927368164 66.3491744995117 66.0432662963867 65.9017562866211 65.4377899169922 65.7383193969727 65.79150390625 65.6166763305664 65.3601150512695 64.9783706665039 65.0584564208984 65.0608978271484 64.9157791137695 64.41357421875 65.151008605957 64.56982421875 64.1337890625 65.0097427368164 64.8574752807617 64.9723892211914 64.8796310424805 64.7402954101562 64.7057113647461 64.1491546630859 64.2322311401367 64.0891265869141 64.5630874633789 64.0775375366211 64.0365905761719 64.1767425537109 63.740306854248 63.5370674133301 63.3517646789551 63.1967086791992
67.2247924804688 66.9480667114258 66.9649887084961 67.0133590698242 67.2856369018555 67.1888885498047 66.346076965332 66.2190322875977 65.9911956787109 66.3888626098633 66.1898422241211 66.0784378051758 66.4455947875977 66.1267166137695 66.1034317016602 66.236198425293 66.5637588500977 66.1764373779297 65.7216720581055 65.7674026489258 65.7434005737305 65.9951858520508 66.0130844116211 65.5872573852539 65.0452880859375 64.995361328125 65.1079483032227 65.2102737426758 65.0022811889648 65.0307693481445 64.2418746948242 63.9561195373535 64.8515472412109 64.9887619018555 65.1184310913086 65.0685501098633 64.9022674560547 64.865119934082 64.4350128173828 64.0790100097656 64.1719741821289 64.1725769042969 64.4630279541016 64.4554748535156 64.2354965209961 63.7392463684082 63.4773635864258 63.4312133789062 63.0975761413574
67.4453506469727 66.9826202392578 67.0638275146484 66.6789093017578 66.7263870239258 66.6883163452148 66.2770156860352 66.784309387207 66.3383636474609 65.9669952392578 65.9445877075195 66.2599105834961 66.519905090332 66.2448043823242 66.4194869995117 66.4312515258789 66.508903503418 66.025146484375 66.0063629150391 66.0670318603516 65.7835693359375 66.0487976074219 66.4176483154297 65.5221557617188 65.0447235107422 65.0287475585938 65.1941604614258 65.5538864135742 65.228385925293 64.9762344360352 64.2647933959961 64.3073501586914 64.8798370361328 64.7421264648438 64.9892807006836 65.2407379150391 64.9716262817383 64.8754119873047 64.9449234008789 64.2579956054688 64.2734069824219 64.1346588134766 64.2453384399414 64.7428894042969 64.1523284912109 63.9068489074707 63.8815460205078 63.7458000183105 63.1585350036621
67.5727844238281 67.5123748779297 67.2282485961914 67.0115432739258 66.7041091918945 66.5652008056641 66.6097946166992 67.2060089111328 67.0248870849609 66.4876556396484 66.1810531616211 66.0921020507812 65.7051391601562 66.2800064086914 66.5572662353516 66.1981582641602 66.0075454711914 65.4718933105469 66.0746917724609 66.7200927734375 65.1312637329102 65.5108795166016 65.458610534668 65.5620574951172 65.3231964111328 65.1116409301758 65.5250396728516 65.065315246582 65.0661239624023 65.089111328125 65.0366516113281 64.7505874633789 64.6135025024414 64.856071472168 65.3105010986328 65.1030654907227 64.6640930175781 64.5546035766602 64.9981002807617 64.3907089233398 64.1284255981445 63.8369216918945 64.1292266845703 64.2168273925781 64.4545745849609 63.8505935668945 63.9957084655762 63.431209564209 63.7368431091309
67.6682662963867 67.7275619506836 67.3221435546875 66.8318557739258 66.8741455078125 66.5026702880859 66.6034088134766 67.1138534545898 66.9451370239258 66.4458236694336 65.7716445922852 66.1153335571289 65.9809112548828 66.1859664916992 66.1277084350586 65.7295379638672 65.5172958374023 65.4463653564453 65.655143737793 66.3310394287109 65.7406539916992 65.6195220947266 65.215202331543 65.5613098144531 65.25244140625 65.2113800048828 65.2901840209961 65.1581573486328 65.4235305786133 64.9220428466797 64.7540054321289 64.6450881958008 64.768440246582 65.2492065429688 65.3977279663086 65.2082138061523 64.4372787475586 64.6631927490234 64.6016998291016 63.9353790283203 63.7546424865723 64.3146667480469 64.3387298583984 64.1407623291016 64.2607803344727 64.0185089111328 64.3781280517578 63.7839126586914 63.939338684082
67.4679336547852 67.8520202636719 67.3557052612305 67.0828552246094 67.1157302856445 66.8636703491211 66.7263259887695 66.9920196533203 67.0647430419922 66.6836166381836 65.8318939208984 65.836311340332 66.0336303710938 66.3861465454102 65.8474502563477 65.7577590942383 65.2841186523438 65.190559387207 65.5385131835938 65.9511184692383 66.3201904296875 66.1045684814453 65.1531677246094 65.4025955200195 65.2583847045898 65.2642974853516 65.3683853149414 65.2922134399414 65.5275344848633 65.0672836303711 64.5546340942383 64.6356735229492 64.6420135498047 64.8282089233398 64.7222900390625 64.990608215332 64.4103317260742 64.6914672851562 63.9742736816406 63.929859161377 64.1205215454102 64.7636413574219 64.1564407348633 64.1540603637695 64.0516815185547 64.1238098144531 64.6318435668945 64.0219268798828 64.0989303588867
67.529411315918 67.4230728149414 67.1697998046875 67.3730850219727 67.1830825805664 67.341194152832 66.9803619384766 67.0248565673828 67.0840911865234 66.6440658569336 66.1970748901367 66.469841003418 66.2749938964844 66.5536193847656 66.3734664916992 66.2353591918945 65.4139099121094 65.4348678588867 66.2039108276367 66.0517807006836 65.7737045288086 65.7574691772461 65.5259475708008 65.4317169189453 65.2994232177734 65.7383575439453 65.9045104980469 65.7735290527344 65.417366027832 65.5082778930664 64.3238143920898 64.3726959228516 64.4967041015625 64.594108581543 64.3505096435547 64.9418869018555 64.6037902832031 64.6111068725586 64.4314193725586 64.3235702514648 64.7997589111328 64.7185211181641 64.6027297973633 64.1795349121094 64.5119018554688 -3.4e+38 -3.4e+38 64.6009902954102 64.4188537597656
