rcp4.5models/MPi_ESM_LR/sc1gr5.26
NCOLS 261 
NROWS 433 
XLLCORNER 336357.134 
YLLCORNER 654653.479 
CELLSIZE 1000 
NODATA_value -3.4e+38 
[rows 176 to 197 of 433, columns 147 to 195 of 261]
281.700042724609 282.320922851562 282.328582763672 282.366729736328 282.550628662109 282.896057128906 282.872711181641 283.423248291016 283.848999023438 284.826324462891 285.407562255859 285.598876953125 285.978332519531 285.797119140625 286.184509277344 286.2275390625 286.462951660156 286.922027587891 287.358459472656 287.494354248047 287.625305175781 287.803924560547 288.256072998047 288.300964355469 288.399353027344 288.606231689453 289.124908447266 289.225250244141 289.316619873047 289.492095947266 289.728057861328 290.127105712891 290.200958251953 290.246643066406 290.365997314453 290.501190185547 290.544372558594 290.428863525391 290.275115966797 290.551422119141 290.812316894531 290.570281982422 290.576690673828 290.876708984375 291.379333496094 291.706756591797 291.879455566406 -3.4e+38 291.740447998047
281.659576416016 282.392883300781 282.753570556641 282.843902587891 282.916656494141 283.398651123047 283.352935791016 282.840637207031 282.808654785156 284.646301269531 285.082733154297 285.379180908203 285.542358398438 285.540161132812 285.958099365234 286.231811523438 286.456726074219 286.845184326172 287.17333984375 287.306823730469 287.354339599609 287.716644287109 288.231994628906 288.120880126953 288.338256835938 288.681701660156 289.098663330078 289.290954589844 289.523620605469 289.407470703125 289.609985351562 289.968841552734 289.873168945312 289.928161621094 290.197692871094 290.387664794922 290.556610107422 290.479461669922 290.214721679688 290.213134765625 290.570495605469 290.486236572266 290.519927978516 290.738861083984 290.978424072266 291.529296875 291.658508300781 291.756286621094 291.750213623047
281.314331054688 281.887725830078 282.20849609375 282.548370361328 283.372039794922 283.738311767578 -3.4e+38 282.915557861328 283.027923583984 284.381103515625 284.660430908203 285.267913818359 285.336364746094 285.561645507812 286.058685302734 286.275451660156 286.390167236328 286.617370605469 286.977294921875 287.394958496094 287.487762451172 287.726898193359 288.540588378906 288.462707519531 288.756652832031 289.026092529297 289.129211425781 289.307678222656 289.421875 289.350311279297 289.445678710938 289.601318359375 289.542327880859 289.743896484375 290.014709472656 290.323028564453 290.496337890625 290.574005126953 290.559051513672 290.488616943359 290.461364746094 290.306396484375 290.420867919922 290.642425537109 290.825775146484 291.579040527344 -3.4e+38 291.611358642578 291.724212646484
280.853271484375 281.164398193359 280.994812011719 281.621276855469 283.290771484375 283.905883789062 283.856506347656 283.615325927734 284.060882568359 284.239196777344 284.249145507812 285.176391601562 285.107116699219 285.576110839844 286.203155517578 286.268218994141 286.514038085938 287.058319091797 287.357666015625 287.529113769531 287.7802734375 287.946166992188 288.648620605469 288.630096435547 288.861145019531 288.964050292969 289.122344970703 289.250213623047 289.360412597656 289.45751953125 289.483062744141 289.5 289.519470214844 289.575408935547 289.948455810547 290.381683349609 290.453338623047 290.445953369141 290.643737792969 290.645904541016 290.288421630859 290.227386474609 290.402221679688 290.536499023438 290.717590332031 291.266296386719 291.435668945312 291.507995605469 291.451141357422
280.439208984375 280.585754394531 280.725067138672 281.681518554688 282.993988037109 283.928283691406 284.04248046875 284.132720947266 284.317962646484 284.244354248047 284.165710449219 284.929443359375 285.141815185547 285.419464111328 285.857788085938 286.199310302734 286.595458984375 287.381195068359 287.719482421875 287.656066894531 287.814605712891 287.984222412109 288.483428955078 288.5380859375 288.448638916016 288.731597900391 288.907104492188 288.644958496094 288.894256591797 289.176971435547 289.19189453125 289.369079589844 289.603363037109 289.660095214844 289.854156494141 290.135955810547 290.235870361328 290.317626953125 290.675476074219 290.496612548828 290.128479003906 290.242706298828 290.410125732422 290.524780273438 290.69189453125 290.928497314453 291.137908935547 291.249176025391 291.200714111328
280.860656738281 280.662170410156 280.62255859375 282.163543701172 282.717742919922 283.465545654297 284.051818847656 284.350952148438 284.445495605469 284.492523193359 284.260925292969 284.700225830078 285.395721435547 285.589660644531 285.969940185547 286.202239990234 286.418640136719 286.908264160156 287.483306884766 287.648803710938 287.637145996094 287.707122802734 288.152282714844 288.301239013672 288.170318603516 288.51806640625 288.630706787109 288.167114257812 288.345153808594 288.622711181641 288.708984375 288.985260009766 289.410339355469 289.840240478516 289.805053710938 289.856262207031 290.108520507812 290.371490478516 290.635864257812 290.326995849609 290.045379638672 290.093780517578 290.333770751953 290.433319091797 290.561706542969 290.783813476562 290.875579833984 291.040710449219 291.098754882812
281.411254882812 280.764923095703 279.887329101562 281.915618896484 282.090148925781 282.835052490234 283.879547119141 284.272491455078 284.688934326172 284.759979248047 284.308990478516 284.516052246094 285.435333251953 285.800018310547 286.229461669922 286.274810791016 286.553009033203 287.086547851562 287.438781738281 287.395294189453 287.409210205078 287.632049560547 287.961303710938 -3.4e+38 288.077362060547 288.430816650391 288.474212646484 288.405731201172 288.27197265625 288.401916503906 288.4990234375 288.745758056641 289.093414306641 289.59326171875 289.618988037109 289.719207763672 290.10595703125 290.405914306641 290.469299316406 290.293853759766 290.126495361328 290.033905029297 290.28076171875 290.378143310547 290.481048583984 290.785369873047 290.782531738281 290.906463623047 291.063354492188
281.535888671875 280.492736816406 -3.4e+38 281.579742431641 281.753540039062 282.651580810547 284.123168945312 284.397583007812 284.645751953125 -3.4e+38 284.375915527344 284.56005859375 285.334686279297 285.556732177734 285.862823486328 286.261413574219 286.623504638672 287.299774169922 287.396240234375 287.105621337891 287.363403320312 287.712036132812 287.481231689453 287.789611816406 287.937744140625 288.248931884766 288.178466796875 288.209777832031 288.173400878906 288.335998535156 288.477630615234 288.570190429688 288.813079833984 289.062957763672 289.211791992188 289.712219238281 290.114562988281 290.238159179688 290.378173828125 290.352294921875 290.221069335938 290.032867431641 290.295104980469 290.411254882812 290.569641113281 290.775115966797 290.793853759766 290.941131591797 291.039154052734
282.123565673828 281.597290039062 280.781036376953 281.714935302734 281.855529785156 282.846160888672 284.168548583984 -3.4e+38 -3.4e+38 284.576599121094 284.575256347656 284.802520751953 285.160949707031 285.189270019531 285.599639892578 286.228179931641 286.395324707031 286.716552734375 286.786987304688 286.825866699219 287.407348632812 287.603698730469 287.153350830078 287.311889648438 287.639831542969 287.969055175781 287.880401611328 287.730834960938 287.859100341797 288.170654296875 288.471832275391 288.655700683594 288.965789794922 288.813415527344 289.019561767578 289.734832763672 290.069244384766 289.988037109375 290.106109619141 290.080444335938 290.088653564453 290.113739013672 290.315185546875 290.427795410156 290.603912353516 290.684967041016 290.630218505859 290.391998291016 290.610473632812
282.454193115234 282.510986328125 282.597045898438 282.775390625 283.164215087891 283.727874755859 284.129180908203 -3.4e+38 -3.4e+38 284.654235839844 285.198516845703 285.186767578125 285.505218505859 285.475128173828 285.703857421875 286.136138916016 286.002044677734 285.9990234375 286.25048828125 286.589935302734 286.767364501953 286.788604736328 287.037414550781 287.22607421875 287.200622558594 287.336212158203 287.437866210938 287.678131103516 288.063049316406 288.373077392578 288.571228027344 288.650177001953 288.914855957031 289.037628173828 289.516052246094 289.631408691406 289.880950927734 289.898895263672 289.948883056641 289.891723632812 290.039093017578 290.213745117188 290.423187255859 290.6201171875 290.891723632812 290.645568847656 290.320739746094 290.526611328125 290.994110107422
282.478210449219 282.815887451172 282.845825195312 282.837799072266 283.317169189453 283.820190429688 284.324615478516 -3.4e+38 -3.4e+38 284.618591308594 285.135894775391 285.339172363281 285.657409667969 285.929382324219 286.041320800781 286.231109619141 286.236877441406 286.077453613281 286.268737792969 286.481628417969 286.578674316406 286.681488037109 287.411651611328 287.740509033203 287.570465087891 287.665435791016 287.681793212891 287.841735839844 288.224426269531 288.633605957031 288.937438964844 289.256317138672 289.467132568359 289.398956298828 289.631622314453 289.741516113281 289.786041259766 289.927734375 290.032775878906 289.960601806641 290.011566162109 290.143127441406 290.398162841797 290.473083496094 290.632019042969 290.424957275391 290.109558105469 290.192535400391 290.554107666016
282.443878173828 282.760894775391 282.839721679688 282.905242919922 283.480743408203 283.711090087891 283.979339599609 -3.4e+38 -3.4e+38 284.606903076172 285.124420166016 285.313812255859 285.596649169922 285.917419433594 286.113006591797 286.246490478516 286.427978515625 286.498077392578 286.573974609375 286.655700683594 286.637145996094 286.614166259766 287.415435791016 287.972961425781 287.977874755859 288.061004638672 288.268646240234 288.341003417969 288.517761230469 288.899353027344 289.262390136719 289.571319580078 289.711486816406 289.535552978516 289.574768066406 289.661041259766 289.841735839844 289.74609375 289.910766601562 289.913665771484 289.944763183594 290.083618164062 290.262298583984 290.377227783203 290.462554931641 290.697937011719 290.389495849609 290.157592773438 290.521942138672
281.614868164062 282.382751464844 -3.4e+38 283.343322753906 283.604583740234 283.516448974609 283.626892089844 -3.4e+38 -3.4e+38 284.595062255859 285.054321289062 285.381195068359 285.680938720703 285.714752197266 286.060363769531 286.359100341797 286.418731689453 286.519195556641 286.616333007812 286.617370605469 286.674865722656 286.738159179688 287.44970703125 287.982299804688 287.993133544922 288.126159667969 288.355194091797 288.620849609375 288.855712890625 289.031127929688 289.293914794922 289.516693115234 289.400665283203 289.604583740234 289.617584228516 289.736663818359 289.709167480469 289.597961425781 289.822418212891 289.907135009766 289.9111328125 290.044311523438 290.156372070312 290.389190673828 290.685913085938 290.734405517578 290.5107421875 290.388885498047 290.939331054688
281.07177734375 281.4267578125 282.479095458984 283.635314941406 283.527862548828 283.389282226562 283.537231445312 -3.4e+38 -3.4e+38 284.281158447266 284.805511474609 285.335784912109 285.652587890625 285.875793457031 286.222045898438 286.421478271484 286.408020019531 286.656890869141 286.668334960938 286.759735107422 287.126129150391 287.306213378906 287.825866699219 288.112335205078 288.052612304688 288.126403808594 288.262390136719 288.370941162109 288.872863769531 289.137725830078 -3.4e+38 289.238037109375 288.996643066406 289.313323974609 289.567657470703 289.636566162109 289.564239501953 289.631500244141 289.877532958984 289.924987792969 289.962036132812 290.080505371094 290.192749023438 290.332855224609 290.648101806641 290.444946289062 290.203704833984 290.43896484375 290.897705078125
280.903930664062 281.224792480469 282.478454589844 283.626373291016 283.558471679688 283.419982910156 283.466949462891 283.875701904297 284.273834228516 284.228454589844 284.763214111328 285.032379150391 285.382202148438 285.784088134766 286.191589355469 286.416351318359 286.458251953125 286.749328613281 286.769653320312 287.124847412109 287.522521972656 287.6220703125 287.908966064453 288.036468505859 288.182830810547 288.237213134766 288.300994873047 288.199432373047 288.719543457031 289.185943603516 289.261596679688 289.009307861328 288.935974121094 289.471527099609 289.499664306641 -3.4e+38 289.473175048828 289.502502441406 289.722930908203 289.878631591797 289.997100830078 290.136444091797 290.184967041016 290.283325195312 290.278289794922 289.968994140625 289.971984863281 290.313873291016 290.750457763672
280.291290283203 281.412872314453 282.632873535156 283.123626708984 283.236968994141 283.605773925781 283.377014160156 283.398193359375 283.942260742188 284.093872070312 284.370239257812 284.695159912109 285.307708740234 285.805053710938 286.049255371094 286.399749755859 286.560272216797 286.769744873047 286.781463623047 286.975433349609 287.393096923828 287.588836669922 287.911956787109 287.988616943359 288.107482910156 288.305969238281 288.333282470703 288.364349365234 288.621795654297 288.908874511719 289.016326904297 288.887023925781 288.922576904297 289.509429931641 289.501770019531 289.048492431641 289.219879150391 289.375244140625 289.546081542969 289.788421630859 289.868621826172 289.950103759766 290.080841064453 290.155029296875 289.852935791016 289.657318115234 290.104827880859 290.562713623047 290.690521240234
280.123168945312 280.798461914062 282.159362792969 282.621612548828 282.856323242188 283.456878662109 282.863922119141 282.774169921875 283.633941650391 283.832489013672 283.893310546875 284.855682373047 285.34326171875 285.705108642578 285.832397460938 286.241302490234 286.541625976562 286.603759765625 286.626281738281 286.824005126953 287.404266357422 287.580688476562 287.925079345703 288.032196044922 288.0595703125 288.179779052734 288.379180908203 288.459075927734 288.539611816406 288.677795410156 288.874450683594 288.841552734375 288.748321533203 289.025421142578 289.189331054688 288.902923583984 289.132476806641 289.375396728516 289.520233154297 289.649932861328 289.623901367188 289.683288574219 289.824890136719 289.926910400391 289.520843505859 289.832275390625 290.3271484375 290.585144042969 290.454315185547
279.339508056641 281.021453857422 281.862396240234 282.584411621094 282.708557128906 282.903839111328 282.472198486328 282.212188720703 283.073608398438 283.91064453125 283.893615722656 285.073974609375 285.279663085938 285.429626464844 285.699188232422 286.011322021484 285.997314453125 286.198913574219 286.574981689453 286.836151123047 287.134124755859 287.451477050781 287.831787109375 288.025726318359 288.163482666016 288.193237304688 288.373352050781 288.422790527344 288.474792480469 288.704406738281 288.857238769531 288.646362304688 288.646240234375 288.925842285156 288.924957275391 288.987487792969 289.148651123047 289.315826416016 289.488250732422 289.570953369141 289.522857666016 289.421905517578 289.406768798828 289.559112548828 289.369293212891 290.030242919922 290.176391601562 290.303985595703 290.384094238281
278.534606933594 281.161834716797 281.676696777344 282.249572753906 282.693603515625 282.550445556641 282.041076660156 281.492950439453 282.474426269531 283.669372558594 283.838928222656 284.848937988281 285.152740478516 285.335510253906 285.744445800781 285.98974609375 286.003784179688 286.287567138672 286.706878662109 286.771942138672 286.88134765625 287.341552734375 287.773498535156 288.018341064453 288.207733154297 288.287170410156 288.398040771484 288.482208251953 288.510498046875 288.661041259766 288.559936523438 288.444091796875 288.642761230469 288.972747802734 288.94921875 289.035064697266 289.121337890625 289.266418457031 289.461822509766 289.549285888672 289.584167480469 289.424987792969 289.232666015625 289.218078613281 289.205718994141 289.864776611328 289.866241455078 290.240631103516 290.336029052734
279.632141113281 280.716644287109 281.145812988281 281.747741699219 282.17724609375 282.153533935547 281.469085693359 280.962371826172 282.463043212891 283.009887695312 283.440795898438 284.719329833984 285.123809814453 285.390167236328 285.698699951172 285.963409423828 286.166381835938 286.531555175781 286.803680419922 286.827301025391 286.923217773438 287.151611328125 287.614624023438 287.920104980469 288.109893798828 288.12841796875 288.206665039062 288.523101806641 288.640655517578 288.633453369141 288.447174072266 288.499694824219 288.576324462891 288.910461425781 288.946929931641 289.033233642578 289.119995117188 289.265441894531 289.236846923828 289.133636474609 289.637603759766 289.646759033203 289.368804931641 289.065704345703 289.230499267578 289.667144775391 289.893005371094 290.244750976562 -3.4e+38
280.572296142578 281.303466796875 281.600921630859 281.732391357422 -3.4e+38 281.579223632812 280.87646484375 280.909912109375 282.630615234375 282.918304443359 283.916473388672 284.702484130859 284.985046386719 285.21044921875 285.545349121094 285.757781982422 286.048614501953 286.394226074219 286.743988037109 286.661987304688 286.626647949219 286.728912353516 286.951446533203 286.913330078125 287.080505371094 287.714019775391 288.347503662109 288.429565429688 288.342254638672 288.095642089844 288.179626464844 288.316131591797 288.563323974609 288.995208740234 289.058654785156 289.137451171875 289.142547607422 288.968383789062 288.501983642578 288.733856201172 -3.4e+38 289.027069091797 289.010620117188 288.998229980469 289.255493164062 289.445220947266 289.542449951172 289.891754150391 290.128173828125
280.613830566406 281.066833496094 281.557159423828 -3.4e+38 -3.4e+38 -3.4e+38 281.028564453125 281.495574951172 282.567260742188 282.843780517578 283.874328613281 284.26708984375 284.852844238281 285.095916748047 285.529174804688 285.648101806641 285.825897216797 286.153564453125 286.389465332031 286.681915283203 286.707366943359 286.754516601562 286.800354003906 286.900268554688 286.9716796875 287.373657226562 288.010040283203 288.362976074219 288.305328369141 288.029998779297 288.174194335938 288.259216308594 288.396820068359 288.8984375 289.073333740234 -3.4e+38 288.923828125 288.549835205078 -3.4e+38 288.382507324219 288.3505859375 -3.4e+38 288.590789794922 288.480041503906 289.094024658203 289.525482177734 289.719116210938 289.947479248047 290.053375244141
