rcp4.5models/MPi_ESM_LR/sc1gr9.19
NCOLS 261 
NROWS 433 
XLLCORNER 336357.134 
YLLCORNER 654653.479 
CELLSIZE 1000 
NODATA_value -3.4e+38 
[rows 0 to 21 of 433, columns 49 to 97 of 261]
-3.4e+38 -3.4e+38 -3.4e+38 -3.4e+38 -3.4e+38 -3.4e+38 -3.4e+38 -3.4e+38 -3.4e+38 -3.4e+38 -3.4e+38 -3.4e+38 -3.4e+38 -3.4e+38 -3.4e+38 -3.4e+38 -3.4e+38 -3.4e+38 -3.4e+38 -3.4e+38 -3.4e+38 -3.4e+38 -3.4e+38 -3.4e+38 -3.4e+38 -3.4e+38 -3.4e+38 -3.4e+38 -3.4e+38 -3.4e+38 -3.4e+38 -3.4e+38 -3.4e+38 -3.4e+38 -3.4e+38 -3.4e+38 -3.4e+38 -3.4e+38 -3.4e+38 -3.4e+38 -3.4e+38 -3.4e+38 -3.4e+38 -3.4e+38 -3.4e+38 -3.4e+38 -3.4e+38 -3.4e+38 -3.4e+38
-3.4e+38 -3.4e+38 -3.4e+38 -3.4e+38 -3.4e+38 -3.4e+38 -3.4e+38 -3.4e+38 -3.4e+38 -3.4e+38 -3.4e+38 -3.4e+38 -3.4e+38 -3.4e+38 -3.4e+38 -3.4e+38 -3.4e+38 -3.4e+38 -3.4e+38 -3.4e+38 -3.4e+38 81.0802612304688 81.171501159668 81.2944793701172 81.420524597168 81.5496139526367 81.6817016601562 81.8217163085938 81.9608764648438 82.2404937744141 82.8532409667969 83.1110687255859 -3.4e+38 -3.4e+38 -3.4e+38 -3.4e+38 -3.4e+38 -3.4e+38 -3.4e+38 -3.4e+38 -3.4e+38 -3.4e+38 -3.4e+38 -3.4e+38 -3.4e+38 -3.4e+38 -3.4e+38 -3.4e+38 -3.4e+38
-3.4e+38 -3.4e+38 -3.4e+38 -3.4e+38 -3.4e+38 -3.4e+38 -3.4e+38 -3.4e+38 -3.4e+38 -3.4e+38 -3.4e+38 -3.4e+38 -3.4e+38 -3.4e+38 -3.4e+38 -3.4e+38 -3.4e+38 -3.4e+38 -3.4e+38 -3.4e+38 81.5401382446289 81.5399856567383 81.6223602294922 81.7460327148438 81.8728561401367 82.0027923583984 81.7669830322266 81.8024139404297 81.9411468505859 82.5621566772461 82.920539855957 83.1007919311523 83.2500381469727 -3.4e+38 -3.4e+38 -3.4e+38 -3.4e+38 -3.4e+38 -3.4e+38 -3.4e+38 -3.4e+38 -3.4e+38 -3.4e+38 -3.4e+38 -3.4e+38 -3.4e+38 -3.4e+38 -3.4e+38 -3.4e+38
-3.4e+38 -3.4e+38 -3.4e+38 84.0680236816406 83.3277130126953 82.9783020019531 83.0419235229492 81.9898452758789 81.6661605834961 81.1434860229492 81.0311584472656 -3.4e+38 -3.4e+38 79.984375 80.1871109008789 80.2839050292969 80.8067321777344 81.0690307617188 81.2908782958984 81.4060668945312 81.5229339599609 81.6430816650391 81.7664947509766 81.8931350708008 82.0229644775391 82.1559524536133 82.1536483764648 81.8811798095703 81.9243240356445 82.6798934936523 82.9375305175781 83.0883560180664 83.2419281005859 -3.4e+38 -3.4e+38 -3.4e+38 -3.4e+38 -3.4e+38 -3.4e+38 -3.4e+38 -3.4e+38 -3.4e+38 -3.4e+38 -3.4e+38 -3.4e+38 -3.4e+38 -3.4e+38 -3.4e+38 -3.4e+38
85.0738525390625 85.1037216186523 84.3854293823242 84.0240325927734 83.6159591674805 83.1158752441406 83.0195617675781 81.968132019043 81.6427383422852 81.1158752441406 81.0084075927734 80.8368377685547 80.49609375 80.5181427001953 80.2998886108398 80.5846710205078 80.9093399047852 81.051872253418 81.2701110839844 81.3843154907227 81.5018768310547 81.6227645874023 81.746940612793 81.874382019043 82.0050582885742 82.1389236450195 82.2759475708008 82.2743377685547 82.3791046142578 83.1290664672852 83.0121841430664 83.0788192749023 83.2335052490234 83.3893203735352 -3.4e+38 -3.4e+38 -3.4e+38 -3.4e+38 -3.4e+38 -3.4e+38 -3.4e+38 -3.4e+38 -3.4e+38 -3.4e+38 -3.4e+38 -3.4e+38 -3.4e+38 -3.4e+38 -3.4e+38
85.4626312255859 85.0829315185547 84.6729965209961 84.1640396118164 83.9758605957031 83.284065246582 82.9935455322266 82.0923080444336 81.9274673461914 81.5544128417969 81.1250991821289 81.0685958862305 81.0597305297852 81.1105117797852 81.0975799560547 81.2547454833984 81.0515747070312 81.03125 81.2506942749023 -3.4e+38 81.4838104248047 -3.4e+38 81.7303619384766 81.8586120605469 81.990119934082 82.1248626708984 82.2627868652344 82.4038772583008 82.8836288452148 83.0065536499023 82.9527740478516 83.0722122192383 83.2280044555664 83.3865585327148 -3.4e+38 -3.4e+38 -3.4e+38 -3.4e+38 -3.4e+38 -3.4e+38 -3.4e+38 -3.4e+38 -3.4e+38 -3.4e+38 -3.4e+38 -3.4e+38 -3.4e+38 -3.4e+38 -3.4e+38
85.7466735839844 85.2282867431641 85.0312881469727 84.339729309082 84.0332870483398 83.6167984008789 83.1244354248047 82.1103897094727 81.9951324462891 81.6667861938477 81.473747253418 81.1843719482422 81.1362609863281 81.228645324707 81.3246994018555 81.4244003295898 81.4155502319336 81.4800491333008 81.2342758178711 -3.4e+38 -3.4e+38 -3.4e+38 -3.4e+38 81.8458251953125 -3.4e+38 82.1137771606445 82.2526092529297 82.7301406860352 83.0871658325195 83.2658386230469 83.3837509155273 83.5383834838867 83.6959075927734 83.8562698364258 83.620735168457 -3.4e+38 -3.4e+38 -3.4e+38 -3.4e+38 -3.4e+38 -3.4e+38 -3.4e+38 -3.4e+38 -3.4e+38 -3.4e+38 -3.4e+38 -3.4e+38 -3.4e+38 -3.4e+38
86.1037521362305 85.7234954833984 85.2527465820312 84.6725158691406 84.1712188720703 83.6806716918945 83.14501953125 82.4138107299805 82.1196899414062 81.6460037231445 81.5533065795898 81.2060089111328 81.1186752319336 81.2114868164062 81.3080062866211 81.408203125 81.5120620727539 81.6195602416992 81.3351135253906 -3.4e+38 -3.4e+38 -3.4e+38 -3.4e+38 -3.4e+38 -3.4e+38 82.1056900024414 82.2454299926758 82.853515625 83.1134643554688 -3.4e+38 83.5693969726562 83.727424621582 83.8883972167969 84.0522537231445 84.0519332885742 -3.4e+38 -3.4e+38 -3.4e+38 -3.4e+38 -3.4e+38 -3.4e+38 -3.4e+38 -3.4e+38 -3.4e+38 -3.4e+38 -3.4e+38 -3.4e+38 -3.4e+38 -3.4e+38
86.3299789428711 85.823974609375 85.2759094238281 84.7359085083008 84.1944961547852 83.6618423461914 83.1265335083008 82.4896850585938 82.1435317993164 81.6283416748047 81.537467956543 81.522834777832 81.2352294921875 81.1974029541016 81.2943878173828 81.3950805664062 81.4994735717773 81.607536315918 -3.4e+38 81.7921600341797 81.5554656982422 81.571403503418 81.6986312866211 81.8292541503906 81.9632568359375 -3.4e+38 82.6619415283203 82.9335098266602 83.1115036010742 -3.4e+38 -3.4e+38 83.7296447753906 83.8917541503906 84.0567779541016 84.2246704101562 84.3973159790039 -3.4e+38 -3.4e+38 -3.4e+38 -3.4e+38 -3.4e+38 -3.4e+38 -3.4e+38 -3.4e+38 -3.4e+38 -3.4e+38 -3.4e+38 -3.4e+38 -3.4e+38
86.8317947387695 86.2795028686523 85.7330474853516 84.8775482177734 84.4977493286133 83.7978286743164 83.1112594604492 82.4761276245117 82.12890625 81.932731628418 81.6550445556641 81.6122665405273 81.59912109375 81.3133392333984 81.2838439941406 81.3850402832031 81.4899673461914 81.5985946655273 -3.4e+38 81.9464874267578 81.9435272216797 -3.4e+38 -3.4e+38 82.2903289794922 82.7610397338867 -3.4e+38 -3.4e+38 82.9648742675781 83.112548828125 -3.4e+38 83.5746307373047 83.7348556518555 83.8980941772461 84.0642929077148 84.2333908081055 84.4053268432617 85.079216003418 -3.4e+38 -3.4e+38 -3.4e+38 -3.4e+38 -3.4e+38 -3.4e+38 -3.4e+38 -3.4e+38 -3.4e+38 -3.4e+38 -3.4e+38 -3.4e+38
87.4017028808594 86.8511962890625 85.9905624389648 85.2898788452148 85.2776031494141 84.5829086303711 84.2719345092773 83.6171569824219 83.5192031860352 83.0097122192383 82.7540512084961 82.4757308959961 81.8942642211914 81.7853927612305 81.7752380371094 81.8380584716797 81.5966110229492 81.5899887084961 -3.4e+38 81.9416961669922 82.0663223266602 82.1945877075195 -3.4e+38 83.011604309082 83.1829299926758 83.3250198364258 83.4705810546875 83.6195678710938 83.7719345092773 84.0866622924805 84.0911254882812 -3.4e+38 -3.4e+38 84.9048461914062 85.2830505371094 85.4825897216797 85.2504653930664 85.3669967651367 -3.4e+38 -3.4e+38 -3.4e+38 -3.4e+38 -3.4e+38 -3.4e+38 -3.4e+38 -3.4e+38 -3.4e+38 -3.4e+38 -3.4e+38
87.6745223999023 86.9664535522461 86.0236892700195 85.8075256347656 85.6601943969727 84.7853927612305 84.4810791015625 83.6109619140625 83.514762878418 83.4977340698242 83.2076644897461 82.7408752441406 82.5007858276367 82.5318222045898 82.0775604248047 81.9884414672852 81.9813079833984 81.7028732299805 81.8223419189453 81.943962097168 82.4044647216797 -3.4e+38 -3.4e+38 -3.4e+38 83.1894760131836 -3.4e+38 83.4788970947266 83.6288146972656 83.7821655273438 84.0989303588867 84.6069869995117 84.839485168457 -3.4e+38 85.3240203857422 85.5246429443359 85.7030868530273 85.7074127197266 85.8624877929688 -3.4e+38 -3.4e+38 -3.4e+38 -3.4e+38 -3.4e+38 -3.4e+38 -3.4e+38 -3.4e+38 -3.4e+38 -3.4e+38 -3.4e+38
88.0269927978516 87.1208419799805 86.0193939208984 85.94677734375 85.7231826782227 84.7801513671875 84.4794311523438 83.7448348999023 83.5135345458984 83.5963287353516 83.5809860229492 83.1919860839844 83.1198043823242 82.8870391845703 82.692756652832 82.1774444580078 82.0995407104492 82.0938720703125 82.6240386962891 82.8448486328125 -3.4e+38 -3.4e+38 -3.4e+38 83.0588989257812 83.1991424560547 -3.4e+38 -3.4e+38 83.6411666870117 -3.4e+38 84.4591064453125 84.831184387207 85.0254058837891 -3.4e+38 -3.4e+38 -3.4e+38 85.725715637207 85.9083786010742 86.0939407348633 86.282341003418 -3.4e+38 -3.4e+38 -3.4e+38 -3.4e+38 -3.4e+38 -3.4e+38 -3.4e+38 -3.4e+38 -3.4e+38 -3.4e+38
88.2659912109375 87.1604385375977 86.5423812866211 86.5160446166992 85.8695831298828 84.778205871582 84.481071472168 83.7829666137695 83.5155334472656 83.5986404418945 83.6859130859375 83.6722717285156 83.3861846923828 83.2564468383789 83.3200073242188 83.2409515380859 -3.4e+38 82.6573944091797 83.0091323852539 -3.4e+38 -3.4e+38 83.2622299194336 -3.4e+38 -3.4e+38 -3.4e+38 83.8205261230469 83.9692535400391 84.1215744018555 84.62158203125 85.1525268554688 85.3456420898438 85.1181716918945 -3.4e+38 -3.4e+38 -3.4e+38 -3.4e+38 85.9353637695312 86.1222457885742 86.3119964599609 86.5045318603516 -3.4e+38 -3.4e+38 -3.4e+38 -3.4e+38 -3.4e+38 -3.4e+38 -3.4e+38 -3.4e+38 -3.4e+38
88.3091278076172 87.1632919311523 86.6849060058594 86.029899597168 85.6227874755859 84.7795639038086 84.4859924316406 83.7846145629883 83.5207824707031 83.6041946411133 83.6918106079102 83.7836227416992 83.4298934936523 83.3691711425781 83.4716186523438 -3.4e+38 -3.4e+38 -3.4e+38 83.0550384521484 -3.4e+38 83.3098678588867 83.4430618286133 83.5800704956055 83.7208633422852 83.8654098510742 84.0136642456055 84.1655960083008 84.6655197143555 85.0336303710938 85.3899612426758 85.5591125488281 85.5678787231445 85.7122268676758 -3.4e+38 -3.4e+38 -3.4e+38 -3.4e+38 85.4552993774414 86.0012054443359 86.2409057617188 86.3272018432617 -3.4e+38 -3.4e+38 -3.4e+38 -3.4e+38 -3.4e+38 -3.4e+38 -3.4e+38 -3.4e+38
-3.4e+38 87.166862487793 86.6932907104492 85.8625411987305 85.5525665283203 85.3184280395508 85.2555923461914 84.5464553833008 83.7404022216797 83.6129989624023 83.7009658813477 83.7931594848633 83.7810440063477 83.4967880249023 -3.4e+38 -3.4e+38 83.5119323730469 -3.4e+38 -3.4e+38 83.1958694458008 83.325927734375 83.4598617553711 83.5976486206055 83.7392578125 83.8846435546875 84.3776092529297 84.6073913574219 84.8970336914062 85.0854187011719 85.4153671264648 85.5856018066406 85.7592697143555 85.3328475952148 85.4132308959961 85.5984802246094 -3.4e+38 -3.4e+38 -3.4e+38 86.4071655273438 86.6222076416016 86.8200988769531 -3.4e+38 -3.4e+38 -3.4e+38 -3.4e+38 -3.4e+38 -3.4e+38 -3.4e+38 -3.4e+38
-3.4e+38 -3.4e+38 -3.4e+38 -3.4e+38 -3.4e+38 85.4776382446289 85.482177734375 85.1092224121094 84.4852447509766 83.8292541503906 83.7133865356445 83.8059692382812 83.9027862548828 -3.4e+38 -3.4e+38 84.065559387207 84.1770095825195 83.5339889526367 83.0876312255859 83.2144546508789 83.34521484375 83.8475341796875 84.4231567382812 83.9331283569336 84.251220703125 84.9901351928711 84.8769912719727 84.9513931274414 85.1119766235352 85.4439697265625 85.0157165527344 85.0844039916992 85.0111923217773 85.5014343261719 85.7395935058594 85.9252777099609 -3.4e+38 -3.4e+38 -3.4e+38 86.8774871826172 87.0793609619141 -3.4e+38 -3.4e+38 -3.4e+38 -3.4e+38 -3.4e+38 -3.4e+38 -3.4e+38 -3.4e+38
-3.4e+38 -3.4e+38 -3.4e+38 -3.4e+38 -3.4e+38 85.4877014160156 85.4962768554688 85.2194900512695 84.6987762451172 83.9035797119141 83.7290878295898 83.8220520019531 -3.4e+38 -3.4e+38 -3.4e+38 84.2364730834961 84.3506088256836 -3.4e+38 83.569709777832 83.6973724365234 84.171257019043 84.5292129516602 84.8302536010742 84.7379302978516 84.9507369995117 85.2771301269531 85.3178558349609 85.4447555541992 85.6069717407227 85.3445053100586 85.1627960205078 85.6460189819336 85.8833541870117 86.2137680053711 86.0121307373047 86.139404296875 86.3306121826172 -3.4e+38 -3.4e+38 -3.4e+38 87.126106262207 87.5410919189453 -3.4e+38 -3.4e+38 -3.4e+38 -3.4e+38 -3.4e+38 -3.4e+38 -3.4e+38
-3.4e+38 -3.4e+38 -3.4e+38 -3.4e+38 -3.4e+38 85.8797302246094 85.6467895507812 85.5667343139648 85.1759719848633 84.381591796875 83.8684463500977 83.841438293457 -3.4e+38 84.0410614013672 -3.4e+38 84.2577590942383 83.8069381713867 83.5639495849609 84.0979766845703 84.3203430175781 84.5771255493164 84.7472457885742 84.8894500732422 85.0356292724609 85.1857604980469 85.3398132324219 85.4977416992188 85.6595001220703 85.2308349609375 85.5671081542969 85.7606353759766 86.0846481323242 86.2914962768555 86.4774703979492 86.490364074707 86.6550598144531 86.8486480712891 -3.4e+38 -3.4e+38 -3.4e+38 -3.4e+38 87.5939865112305 88.1663818359375 88.5985412597656 -3.4e+38 -3.4e+38 -3.4e+38 -3.4e+38 -3.4e+38
-3.4e+38 -3.4e+38 -3.4e+38 -3.4e+38 -3.4e+38 -3.4e+38 85.6991882324219 85.6858062744141 85.6677932739258 84.6613540649414 84.2688751220703 83.9806518554688 -3.4e+38 84.0646438598633 84.1713638305664 -3.4e+38 83.6387786865234 83.5339508056641 -3.4e+38 84.5040588378906 84.6389083862305 84.77783203125 84.9208145141602 85.0678100585938 85.2187881469727 85.3737182617188 84.9419555664062 84.9843826293945 85.26513671875 85.769401550293 85.9712600708008 86.1512832641602 86.3349075317383 86.5220642089844 86.7127075195312 86.9067611694336 87.1041717529297 87.3048553466797 -3.4e+38 -3.4e+38 -3.4e+38 -3.4e+38 88.9067687988281 89.1391372680664 88.925422668457 -3.4e+38 -3.4e+38 -3.4e+38 -3.4e+38
-3.4e+38 -3.4e+38 -3.4e+38 -3.4e+38 -3.4e+38 -3.4e+38 -3.4e+38 85.7104110717773 85.2428207397461 84.8606796264648 84.8540420532227 84.50048828125 84.4492492675781 -3.4e+38 85.1043472290039 84.6483306884766 84.4022064208984 84.1044311523438 84.4051208496094 84.5365447998047 84.6721038818359 84.8117752075195 84.9555282592773 -3.4e+38 -3.4e+38 85.2850112915039 85.4415130615234 85.6274719238281 85.5416717529297 85.838264465332 86.0157089233398 86.1968460083008 86.3816070556641 86.569938659668 86.7617950439453 86.9571075439453 87.5122833251953 87.7579727172852 87.9616088867188 88.1684265136719 -3.4e+38 -3.4e+38 -3.4e+38 89.4311981201172 89.4395141601562 89.8895492553711 -3.4e+38 -3.4e+38 -3.4e+38
-3.4e+38 -3.4e+38 -3.4e+38 -3.4e+38 -3.4e+38 -3.4e+38 -3.4e+38 -3.4e+38 -3.4e+38 -3.4e+38 -3.4e+38 -3.4e+38 85.2487716674805 84.7967376708984 -3.4e+38 -3.4e+38 84.7228927612305 84.8451538085938 85.1027526855469 85.238037109375 85.3776092529297 85.5214309692383 -3.4e+38 85.3111419677734 -3.4e+38 -3.4e+38 -3.4e+38 86.0686645507812 86.2398910522461 86.5941772460938 86.7771453857422 86.9639205932617 87.5103302001953 87.7555160522461 88.1061401367188 88.327766418457 88.5321197509766 88.5497436523438 88.9301223754883 88.9685363769531 89.1634750366211 -3.4e+38 -3.4e+38 -3.4e+38 89.7961273193359 90.0267181396484 90.6237258911133 -3.4e+38 -3.4e+38
