rcp4.5models/MPi_ESM_LR/sc1gr6.13
NCOLS 261 
NROWS 433 
XLLCORNER 336357.134 
YLLCORNER 654653.479 
CELLSIZE 1000 
NODATA_value -3.4e+38 
[rows 198 to 219 of 433, columns 196 to 244 of 261]
1697.95483398438 1696.28637695312 1697.14929199219 1701.33203125 1705.94702148438 1709.37561035156 1712.57238769531 1713.65368652344 1713.63793945312 1714.56323242188 -3.4e+38 1717.32751464844 1718.26135253906 1719.0380859375 1719.83850097656 1720.35412597656 1721.61730957031 1723.30712890625 1726.3583984375 1726.61437988281 -3.4e+38 -3.4e+38 -3.4e+38 -3.4e+38 -3.4e+38 -3.4e+38 -3.4e+38 -3.4e+38 -3.4e+38 -3.4e+38 -3.4e+38 -3.4e+38 -3.4e+38 -3.4e+38 -3.4e+38 -3.4e+38 -3.4e+38 -3.4e+38 -3.4e+38 -3.4e+38 -3.4e+38 -3.4e+38 -3.4e+38 -3.4e+38 -3.4e+38 -3.4e+38 -3.4e+38 -3.4e+38 -3.4e+38
1705.09497070312 1704.52282714844 1704.79699707031 1707.994140625 1712.60607910156 1716.32177734375 1718.2890625 1717.56774902344 1717.57019042969 1717.98815917969 -3.4e+38 1722.93054199219 1722.64831542969 1723.96240234375 1724.75085449219 1724.9658203125 1726.53295898438 1727.75341796875 -3.4e+38 1732.03442382812 -3.4e+38 -3.4e+38 -3.4e+38 -3.4e+38 -3.4e+38 -3.4e+38 -3.4e+38 -3.4e+38 -3.4e+38 -3.4e+38 -3.4e+38 -3.4e+38 -3.4e+38 -3.4e+38 -3.4e+38 -3.4e+38 -3.4e+38 -3.4e+38 -3.4e+38 -3.4e+38 -3.4e+38 -3.4e+38 -3.4e+38 -3.4e+38 -3.4e+38 -3.4e+38 -3.4e+38 -3.4e+38 -3.4e+38
1710.7412109375 1712.96350097656 -3.4e+38 1714.5791015625 1718.97863769531 1723.427734375 1724.45727539062 1724.18786621094 -3.4e+38 1725.19091796875 1726.22741699219 1727.31018066406 1728.02307128906 1730.30529785156 1729.71069335938 1730.37194824219 1731.96423339844 1731.21801757812 1733.81616210938 1735.33190917969 1734.43139648438 -3.4e+38 -3.4e+38 -3.4e+38 -3.4e+38 -3.4e+38 -3.4e+38 -3.4e+38 -3.4e+38 -3.4e+38 -3.4e+38 -3.4e+38 -3.4e+38 -3.4e+38 -3.4e+38 -3.4e+38 -3.4e+38 -3.4e+38 -3.4e+38 -3.4e+38 -3.4e+38 -3.4e+38 -3.4e+38 -3.4e+38 -3.4e+38 -3.4e+38 -3.4e+38 -3.4e+38 -3.4e+38
1713.91809082031 1715.16528320312 1716.056640625 1720.30151367188 1726.11462402344 1728.54699707031 1728.16796875 1730.50512695312 1732.10217285156 1734.17578125 1732.75695800781 1732.36791992188 1734.24243164062 1734.78442382812 1734.15698242188 1735.43237304688 1736.0341796875 1735.15563964844 1736.49633789062 1738.10021972656 1739.32067871094 -3.4e+38 -3.4e+38 -3.4e+38 -3.4e+38 -3.4e+38 -3.4e+38 -3.4e+38 -3.4e+38 -3.4e+38 -3.4e+38 -3.4e+38 -3.4e+38 -3.4e+38 -3.4e+38 -3.4e+38 -3.4e+38 -3.4e+38 -3.4e+38 -3.4e+38 -3.4e+38 -3.4e+38 -3.4e+38 -3.4e+38 -3.4e+38 -3.4e+38 -3.4e+38 -3.4e+38 -3.4e+38
1717.31176757812 1717.91296386719 1721.26318359375 1726.01098632812 1731.72778320312 1733.34655761719 1734.0185546875 1741.84069824219 1743.65454101562 1743.06140136719 1741.65051269531 1741.42102050781 1739.36279296875 1738.9736328125 1739.66955566406 1739.86096191406 1740.23559570312 1739.79907226562 1739.29260253906 -3.4e+38 1743.962890625 1746.06726074219 -3.4e+38 -3.4e+38 -3.4e+38 -3.4e+38 -3.4e+38 -3.4e+38 -3.4e+38 -3.4e+38 -3.4e+38 -3.4e+38 -3.4e+38 -3.4e+38 -3.4e+38 -3.4e+38 -3.4e+38 -3.4e+38 -3.4e+38 -3.4e+38 -3.4e+38 -3.4e+38 -3.4e+38 -3.4e+38 -3.4e+38 -3.4e+38 -3.4e+38 -3.4e+38 -3.4e+38
1722.75170898438 1724.24108886719 1730.29895019531 1733.20190429688 1735.66491699219 1738.25183105469 1740.931640625 1749.81091308594 1749.73291015625 1747.71960449219 1747.71264648438 1747.69152832031 1745.12780761719 1744.61987304688 1746.65795898438 -3.4e+38 1747.79064941406 1746.80053710938 1744.23205566406 1746.65063476562 -3.4e+38 -3.4e+38 1751.41516113281 -3.4e+38 -3.4e+38 -3.4e+38 -3.4e+38 -3.4e+38 -3.4e+38 -3.4e+38 -3.4e+38 -3.4e+38 -3.4e+38 -3.4e+38 -3.4e+38 -3.4e+38 -3.4e+38 -3.4e+38 -3.4e+38 -3.4e+38 -3.4e+38 -3.4e+38 -3.4e+38 -3.4e+38 -3.4e+38 -3.4e+38 -3.4e+38 -3.4e+38 -3.4e+38
1730.94213867188 1733.072265625 1735.61633300781 1737.10815429688 1739.71240234375 1741.14221191406 1742.96826171875 1751.42797851562 1753.966796875 1752.57556152344 1752.9375 1751.64660644531 1752.3427734375 1752.58422851562 1755.58813476562 1754.69262695312 1755.29040527344 1751.97497558594 -3.4e+38 1754.97888183594 1757.29052734375 1755.26513671875 -3.4e+38 1756.744140625 1758.63049316406 -3.4e+38 -3.4e+38 -3.4e+38 -3.4e+38 -3.4e+38 -3.4e+38 -3.4e+38 -3.4e+38 -3.4e+38 -3.4e+38 -3.4e+38 -3.4e+38 -3.4e+38 -3.4e+38 -3.4e+38 -3.4e+38 -3.4e+38 -3.4e+38 -3.4e+38 -3.4e+38 -3.4e+38 -3.4e+38 -3.4e+38 -3.4e+38
1738.6728515625 1740.96850585938 1739.09912109375 1739.37268066406 1741.98779296875 1742.84106445312 1744.80456542969 1753.14221191406 1758.8759765625 1758.61682128906 1760.58410644531 1761.48413085938 1760.07470703125 1761.04553222656 1762.998046875 1759.89331054688 1760.19799804688 1756.26416015625 -3.4e+38 1761.36145019531 1763.47521972656 1760.18591308594 1759.16345214844 -3.4e+38 1761.1005859375 1762.83166503906 -3.4e+38 -3.4e+38 -3.4e+38 -3.4e+38 -3.4e+38 -3.4e+38 -3.4e+38 -3.4e+38 -3.4e+38 -3.4e+38 -3.4e+38 -3.4e+38 -3.4e+38 -3.4e+38 -3.4e+38 -3.4e+38 -3.4e+38 -3.4e+38 -3.4e+38 -3.4e+38 -3.4e+38 -3.4e+38 -3.4e+38
1740.87158203125 1743.92272949219 1744.39880371094 1743.38427734375 1745.05969238281 1746.35754394531 1748.28283691406 1756.9833984375 1761.1552734375 1760.24279785156 1764.31970214844 1767.91052246094 1766.67077636719 1765.73510742188 1764.69445800781 1762.68408203125 1762.00170898438 1762.74182128906 1764.50012207031 1766.26843261719 1766.49597167969 1764.20593261719 1763.802734375 -3.4e+38 1763.34411621094 1765.93518066406 -3.4e+38 -3.4e+38 -3.4e+38 -3.4e+38 -3.4e+38 -3.4e+38 -3.4e+38 -3.4e+38 -3.4e+38 -3.4e+38 -3.4e+38 -3.4e+38 -3.4e+38 -3.4e+38 -3.4e+38 -3.4e+38 -3.4e+38 -3.4e+38 -3.4e+38 -3.4e+38 -3.4e+38 -3.4e+38 -3.4e+38
1744.35632324219 1746.90588378906 1748.83996582031 1747.89904785156 1749.1865234375 1750.66223144531 1752.96435546875 1758.578125 1760.11804199219 1760.18701171875 1763.57507324219 1766.96630859375 1768.82800292969 1768.40344238281 1766.94519042969 1766.7177734375 1766.24523925781 1768.95520019531 1772.81127929688 1772.55444335938 1769.41918945312 1768.74365234375 1767.94763183594 1767.24841308594 1767.71997070312 -3.4e+38 1770.44543457031 -3.4e+38 -3.4e+38 -3.4e+38 -3.4e+38 -3.4e+38 -3.4e+38 -3.4e+38 -3.4e+38 -3.4e+38 -3.4e+38 -3.4e+38 -3.4e+38 -3.4e+38 -3.4e+38 -3.4e+38 -3.4e+38 -3.4e+38 -3.4e+38 -3.4e+38 -3.4e+38 -3.4e+38 -3.4e+38
1753.24975585938 1754.63024902344 1755.73168945312 1756.63513183594 1758.40307617188 1760.93029785156 1763.87036132812 1765.69738769531 1766.09167480469 1768.30859375 -3.4e+38 1771.98107910156 1775.45153808594 1778.34912109375 1777.7978515625 1777.189453125 1778.77429199219 1781.37585449219 1780.06274414062 1779.86877441406 1779.66857910156 1780.81079101562 1781.17919921875 1779.29284667969 1777.83459472656 1778.56457519531 1778.52990722656 -3.4e+38 -3.4e+38 -3.4e+38 -3.4e+38 -3.4e+38 -3.4e+38 -3.4e+38 -3.4e+38 -3.4e+38 -3.4e+38 -3.4e+38 -3.4e+38 -3.4e+38 -3.4e+38 -3.4e+38 -3.4e+38 -3.4e+38 -3.4e+38 -3.4e+38 -3.4e+38 -3.4e+38 -3.4e+38
1757.84765625 1759.45617675781 1761.93859863281 1762.64611816406 1765.64477539062 1767.08178710938 1768.92346191406 1771.33825683594 1771.66259765625 1772.62451171875 1773.32495117188 1776.19909667969 1780.73889160156 -3.4e+38 -3.4e+38 1781.67456054688 1782.05529785156 1781.83215332031 1782.47351074219 1783.25952148438 1784.03747558594 1784.54931640625 1785.33154296875 1783.80126953125 1782.33972167969 1782.66125488281 1782.17407226562 -3.4e+38 -3.4e+38 -3.4e+38 -3.4e+38 -3.4e+38 -3.4e+38 -3.4e+38 -3.4e+38 -3.4e+38 -3.4e+38 -3.4e+38 -3.4e+38 -3.4e+38 -3.4e+38 -3.4e+38 -3.4e+38 -3.4e+38 -3.4e+38 -3.4e+38 -3.4e+38 -3.4e+38 -3.4e+38
1763.61657714844 1765.00219726562 1767.17346191406 1769.73376464844 1772.64868164062 1772.77233886719 1775.24536132812 1778.43408203125 1777.8232421875 1777.46936035156 1778.89721679688 1780.92199707031 1783.78198242188 -3.4e+38 -3.4e+38 -3.4e+38 1787.359375 1784.42346191406 1785.31396484375 1785.48095703125 1785.24951171875 1786.62622070312 1787.36572265625 1788.06689453125 1786.61926269531 1786.60241699219 1786.91479492188 -3.4e+38 -3.4e+38 -3.4e+38 -3.4e+38 -3.4e+38 -3.4e+38 -3.4e+38 -3.4e+38 -3.4e+38 -3.4e+38 -3.4e+38 -3.4e+38 -3.4e+38 -3.4e+38 -3.4e+38 -3.4e+38 -3.4e+38 -3.4e+38 -3.4e+38 -3.4e+38 -3.4e+38 -3.4e+38
1771.51684570312 1773.19152832031 1775.09057617188 1777.25537109375 1780.26647949219 1780.26184082031 1781.5908203125 1786.52099609375 1785.33142089844 1784.9482421875 1785.70324707031 1786.18249511719 1787.86181640625 1787.35144042969 -3.4e+38 1791.02026367188 1792.73645019531 1789.93017578125 1788.51428222656 1788.81506347656 1788.80932617188 1789.38842773438 1789.7431640625 1791.13562011719 1791.66870117188 -3.4e+38 1793.42651367188 1794.31225585938 1793.9345703125 1794.189453125 -3.4e+38 -3.4e+38 -3.4e+38 -3.4e+38 -3.4e+38 -3.4e+38 -3.4e+38 -3.4e+38 -3.4e+38 -3.4e+38 -3.4e+38 -3.4e+38 -3.4e+38 -3.4e+38 -3.4e+38 -3.4e+38 -3.4e+38 -3.4e+38 -3.4e+38
1784.62841796875 1785.44567871094 1784.677734375 1786.56127929688 1788.87927246094 1788.79370117188 1789.16284179688 1790.34155273438 1791.00756835938 1790.78369140625 1790.63745117188 1791.96374511719 1793.5322265625 1792.41613769531 1792.98278808594 1794.3486328125 1795.99768066406 1795.46740722656 1793.83959960938 1793.5205078125 1793.88024902344 1793.12084960938 1793.48742675781 1794.97131347656 -3.4e+38 1799.12609863281 1799.64660644531 1799.009765625 1798.73168945312 1798.79675292969 -3.4e+38 -3.4e+38 -3.4e+38 -3.4e+38 -3.4e+38 -3.4e+38 -3.4e+38 -3.4e+38 -3.4e+38 -3.4e+38 -3.4e+38 -3.4e+38 -3.4e+38 -3.4e+38 -3.4e+38 -3.4e+38 -3.4e+38 -3.4e+38 -3.4e+38
1793.68395996094 1795.41040039062 1793.72204589844 1795.51123046875 1797.71166992188 1797.5712890625 1798.45031738281 1795.55297851562 1797.46215820312 1799.10693359375 1798.97216796875 1799.01342773438 1800.240234375 1797.267578125 1797.32434082031 1798.95288085938 1799.13427734375 1799.07421875 1799.66491699219 1800.07690429688 1799.05114746094 1798.97924804688 1799.92443847656 1800.6875 1801.42761230469 1803.87707519531 1804.08447265625 1802.81579589844 1803.36926269531 1802.72338867188 -3.4e+38 -3.4e+38 -3.4e+38 -3.4e+38 -3.4e+38 -3.4e+38 -3.4e+38 -3.4e+38 -3.4e+38 -3.4e+38 -3.4e+38 -3.4e+38 -3.4e+38 -3.4e+38 -3.4e+38 -3.4e+38 -3.4e+38 -3.4e+38 -3.4e+38
1800.8701171875 1802.59484863281 1803.00158691406 1802.99389648438 1803.29028320312 1803.88671875 1806.11315917969 1806.41088867188 1806.66967773438 1811.03674316406 1809.95080566406 1807.1064453125 1805.1240234375 1802.75769042969 1802.22814941406 1803.28295898438 1803.89233398438 1803.88806152344 1804.90417480469 1805.06958007812 1804.34777832031 1804.43395996094 1805.66687011719 1805.43286132812 1805.48083496094 1807.9501953125 1807.28735351562 1807.00598144531 1807.56665039062 1808.34375 -3.4e+38 -3.4e+38 -3.4e+38 -3.4e+38 -3.4e+38 -3.4e+38 -3.4e+38 -3.4e+38 -3.4e+38 -3.4e+38 -3.4e+38 -3.4e+38 -3.4e+38 -3.4e+38 -3.4e+38 -3.4e+38 -3.4e+38 -3.4e+38 -3.4e+38
1807.80737304688 1809.32482910156 1810.49865722656 1809.75500488281 1809.13598632812 1808.57385253906 1809.55505371094 1814.42236328125 1815.24926757812 1817.22485351562 1816.22521972656 1814.40966796875 1812.13891601562 1811.79602050781 1811.44641113281 1810.00268554688 1810.35205078125 1811.07922363281 1810.18615722656 1809.78149414062 1810.15783691406 1808.99597167969 1809.24206542969 1809.60424804688 1810.21606445312 1811.25390625 1811.34948730469 1811.89074707031 1812.20190429688 1813.14465332031 -3.4e+38 -3.4e+38 -3.4e+38 -3.4e+38 -3.4e+38 -3.4e+38 -3.4e+38 -3.4e+38 -3.4e+38 -3.4e+38 -3.4e+38 -3.4e+38 -3.4e+38 -3.4e+38 -3.4e+38 -3.4e+38 -3.4e+38 -3.4e+38 -3.4e+38
1815.15905761719 1815.27917480469 1816.13159179688 1816.44616699219 1815.61706542969 1813.90478515625 1814.37634277344 1816.16040039062 1817.86791992188 1818.98303222656 1819.70812988281 1820.48217773438 1820.71472167969 1820.02368164062 1818.25756835938 1815.8310546875 1815.78747558594 1815.67016601562 1815.203125 1815.37890625 1815.00805664062 1813.78894042969 1814.10485839844 1814.02087402344 1814.59545898438 1815.01196289062 1815.81103515625 1816.45825195312 1817.27111816406 1816.47009277344 -3.4e+38 -3.4e+38 -3.4e+38 -3.4e+38 -3.4e+38 -3.4e+38 -3.4e+38 -3.4e+38 -3.4e+38 -3.4e+38 -3.4e+38 -3.4e+38 -3.4e+38 -3.4e+38 -3.4e+38 -3.4e+38 -3.4e+38 -3.4e+38 -3.4e+38
1824.18603515625 1824.35412597656 1825.83154296875 1822.92199707031 1820.64489746094 1821.36901855469 1823.06127929688 1819.66528320312 1819.43176269531 1820.79772949219 1821.89892578125 1823.56005859375 1823.30297851562 1823.06359863281 1821.25390625 1819.92065429688 1820.06274414062 1820.14916992188 1820.03735351562 1819.78332519531 1819.22290039062 1819.23400878906 1819.08825683594 1818.62548828125 1818.65100097656 -3.4e+38 -3.4e+38 1820.78369140625 1821.17590332031 1820.86682128906 -3.4e+38 -3.4e+38 -3.4e+38 -3.4e+38 -3.4e+38 -3.4e+38 -3.4e+38 -3.4e+38 -3.4e+38 -3.4e+38 -3.4e+38 -3.4e+38 -3.4e+38 -3.4e+38 -3.4e+38 -3.4e+38 -3.4e+38 -3.4e+38 -3.4e+38
1837.79809570312 1833.57043457031 1835.13024902344 1831.26440429688 1828.55139160156 1830.47888183594 1831.15649414062 1825.19787597656 1825.73388671875 1825.61889648438 1825.97534179688 1826.80908203125 1825.71520996094 1825.48852539062 1826.41906738281 1825.39221191406 1824.83032226562 1825.41784667969 1824.38024902344 1824.45959472656 1823.80590820312 1823.65185546875 1823.39721679688 1823.3955078125 -3.4e+38 -3.4e+38 1824.27490234375 1825.9033203125 1824.70361328125 1825.37084960938 1824.57067871094 -3.4e+38 -3.4e+38 -3.4e+38 -3.4e+38 -3.4e+38 -3.4e+38 -3.4e+38 -3.4e+38 -3.4e+38 -3.4e+38 -3.4e+38 -3.4e+38 -3.4e+38 -3.4e+38 -3.4e+38 -3.4e+38 -3.4e+38 -3.4e+38
1853.71960449219 1847.98278808594 1843.509765625 1840.32336425781 1838.82897949219 1844.00280761719 1839.65270996094 1833.32238769531 1834.62841796875 1833.33569335938 1832.5859375 1832.44299316406 1831.75524902344 1831.02453613281 1832.04443359375 1831.06787109375 1829.79418945312 1830.515625 1829.48071289062 1829.708984375 1829.23828125 1829.53637695312 1831.17810058594 1831.47216796875 1828.32214355469 -3.4e+38 -3.4e+38 1830.50537109375 1828.99230957031 1829.45751953125 1829.37231445312 -3.4e+38 -3.4e+38 -3.4e+38 -3.4e+38 -3.4e+38 -3.4e+38 -3.4e+38 -3.4e+38 -3.4e+38 -3.4e+38 -3.4e+38 -3.4e+38 -3.4e+38 -3.4e+38 -3.4e+38 -3.4e+38 -3.4e+38 -3.4e+38
