rcp4.5models/MPi_ESM_LR/sc1gr1.29
NCOLS 261 
NROWS 433 
XLLCORNER 336357.134 
YLLCORNER 654653.479 
CELLSIZE 1000 
NODATA_value -3.4e+38 
[rows 220 to 241 of 433, columns 196 to 244 of 261]
60.4462547302246 60.7120399475098 60.3992042541504 60.4049339294434 60.0469932556152 60.2343978881836 60.2054710388184 60.2304191589355 60.2693901062012 60.2167510986328 60.2831916809082 60.120719909668 60.2229156494141 60.1648483276367 60.2203254699707 60.167121887207 59.6462554931641 59.3829536437988 59.5031890869141 59.5005645751953 59.9596977233887 59.8521575927734 59.4539985656738 59.2168235778809 59.024845123291 59.2796363830566 59.0805587768555 -3.4e+38 58.8658714294434 58.590877532959 58.5941505432129 58.4463157653809 -3.4e+38 -3.4e+38 -3.4e+38 -3.4e+38 -3.4e+38 -3.4e+38 -3.4e+38 -3.4e+38 -3.4e+38 -3.4e+38 -3.4e+38 -3.4e+38 -3.4e+38 -3.4e+38 -3.4e+38 -3.4e+38 -3.4e+38
60.5666351318359 60.3064765930176 60.4819793701172 60.8853721618652 60.3086242675781 60.2546615600586 60.4545478820801 60.3233108520508 60.3527412414551 60.3452072143555 60.448371887207 60.2758331298828 59.9207344055176 60.0441665649414 60.3446578979492 60.0662498474121 59.8342895507812 59.5897560119629 59.6192474365234 59.2940864562988 59.4650497436523 59.5767555236816 59.5611724853516 59.4103660583496 59.2964363098145 59.0602912902832 58.8140068054199 -3.4e+38 58.7225646972656 58.7741394042969 58.5738372802734 58.6341133117676 -3.4e+38 -3.4e+38 -3.4e+38 -3.4e+38 -3.4e+38 -3.4e+38 -3.4e+38 -3.4e+38 -3.4e+38 -3.4e+38 -3.4e+38 -3.4e+38 -3.4e+38 -3.4e+38 -3.4e+38 -3.4e+38 -3.4e+38
60.6550407409668 59.9261093139648 60.1227760314941 60.3839569091797 60.1946678161621 60.1243057250977 60.2698173522949 60.3577728271484 60.4383010864258 60.5253105163574 60.3664588928223 60.2950401306152 59.9744110107422 59.8306922912598 59.9313926696777 59.9305305480957 60.0589065551758 59.9914131164551 59.5996971130371 59.2893218994141 58.8597602844238 58.9988327026367 59.3790512084961 59.309886932373 -3.4e+38 -3.4e+38 -3.4e+38 -3.4e+38 58.5918464660645 58.9788551330566 58.5243682861328 58.6894149780273 58.9258499145508 -3.4e+38 -3.4e+38 -3.4e+38 -3.4e+38 -3.4e+38 -3.4e+38 -3.4e+38 -3.4e+38 -3.4e+38 -3.4e+38 -3.4e+38 -3.4e+38 -3.4e+38 -3.4e+38 -3.4e+38 -3.4e+38
60.5243835449219 60.1495742797852 60.0190658569336 60.2456207275391 60.5079612731934 60.7568054199219 60.6646118164062 60.0884399414062 60.1921806335449 60.3511085510254 60.3457641601562 60.5643005371094 60.4082069396973 59.7514419555664 59.5067329406738 59.6760940551758 59.9960784912109 59.9618072509766 59.4207534790039 59.411548614502 59.0139770507812 58.9511184692383 59.478816986084 59.5658264160156 -3.4e+38 -3.4e+38 -3.4e+38 -3.4e+38 58.616382598877 58.4464454650879 58.4696350097656 58.6447830200195 58.9142837524414 58.8748397827148 58.7127265930176 -3.4e+38 -3.4e+38 -3.4e+38 -3.4e+38 -3.4e+38 -3.4e+38 -3.4e+38 -3.4e+38 -3.4e+38 -3.4e+38 -3.4e+38 -3.4e+38 -3.4e+38 -3.4e+38
60.6642951965332 60.5485496520996 60.4656410217285 60.317455291748 60.2622528076172 60.8410491943359 60.6644668579102 60.3557357788086 60.0668144226074 60.195686340332 60.1883125305176 60.6602058410645 60.5816383361816 60.0573234558105 59.4495162963867 59.5454521179199 59.9053764343262 59.8398971557617 59.2866706848145 59.3461494445801 59.2405281066895 59.0407371520996 59.5246391296387 -3.4e+38 -3.4e+38 59.5805740356445 59.3969573974609 59.093132019043 58.7689056396484 58.3284034729004 58.8945083618164 58.8252258300781 58.9216384887695 58.8103904724121 58.6574287414551 58.5153884887695 58.5164909362793 -3.4e+38 -3.4e+38 -3.4e+38 -3.4e+38 -3.4e+38 -3.4e+38 -3.4e+38 -3.4e+38 -3.4e+38 -3.4e+38 -3.4e+38 -3.4e+38
60.810359954834 60.4764404296875 60.2981033325195 60.1951141357422 59.8743896484375 -3.4e+38 -3.4e+38 60.5865707397461 60.1230773925781 60.2103462219238 60.0013885498047 60.0089836120605 60.3908843994141 60.4010391235352 59.5475540161133 59.371639251709 59.5853652954102 59.8626441955566 59.3717460632324 59.3719100952148 59.6693878173828 59.6480026245117 59.6478691101074 59.1023216247559 59.5259246826172 59.347282409668 59.173900604248 59.2412796020508 59.0356559753418 58.8069839477539 58.6045722961426 58.632381439209 58.5513191223145 58.6498832702637 58.5277290344238 58.3926544189453 58.3109703063965 58.5263786315918 -3.4e+38 -3.4e+38 -3.4e+38 -3.4e+38 -3.4e+38 -3.4e+38 -3.4e+38 -3.4e+38 -3.4e+38 -3.4e+38 -3.4e+38
60.8185920715332 60.4991149902344 60.14794921875 60.1049957275391 60.2312889099121 59.9662551879883 60.4473419189453 60.4383010864258 60.2535591125488 60.2027587890625 60.2384490966797 60.027946472168 60.4849891662598 60.5426864624023 59.9026679992676 59.2727432250977 59.3646926879883 59.7782974243164 59.6565399169922 59.9791450500488 60.1187362670898 59.8129997253418 59.7402458190918 59.3736381530762 58.9800071716309 59.0068130493164 59.3321571350098 59.2087669372559 58.7681884765625 58.6001892089844 58.4697151184082 58.3852195739746 58.6610145568848 58.7396507263184 58.7668991088867 58.3874473571777 58.2699356079102 58.2878303527832 -3.4e+38 -3.4e+38 -3.4e+38 -3.4e+38 -3.4e+38 -3.4e+38 -3.4e+38 -3.4e+38 -3.4e+38 -3.4e+38 -3.4e+38
60.6708030700684 60.7980346679688 60.5775833129883 60.3090400695801 60.4131774902344 60.2611083984375 60.4232292175293 60.6201438903809 60.5287094116211 60.3584213256836 60.2444610595703 60.3785285949707 60.4988784790039 60.5976219177246 60.3808975219727 59.7466430664062 59.4912528991699 59.7680969238281 60.1631851196289 60.5632781982422 59.8898658752441 59.2122611999512 59.4477806091309 59.798526763916 59.277904510498 59.1225318908691 59.5588836669922 59.3050346374512 58.8524017333984 58.6417617797852 58.5266189575195 58.4922409057617 58.5699462890625 58.8752288818359 58.8823165893555 58.6666259765625 58.6642608642578 58.3713302612305 57.9295234680176 -3.4e+38 -3.4e+38 -3.4e+38 -3.4e+38 -3.4e+38 -3.4e+38 -3.4e+38 -3.4e+38 -3.4e+38 -3.4e+38
60.5337829589844 60.8297691345215 61.0315361022949 60.9562606811523 60.7635078430176 60.4491500854492 60.7038154602051 60.6835441589355 60.3798065185547 60.2865371704102 60.0078773498535 60.2490272521973 60.429817199707 60.5925483703613 60.5492935180664 60.2171478271484 59.7609481811523 59.7326507568359 60.0099258422852 60.125804901123 59.3087120056152 58.9015464782715 59.2225456237793 59.8562850952148 59.56396484375 59.1116981506348 59.3981552124023 59.3099746704102 59.1131782531738 59.0541610717773 58.5240669250488 58.5322532653809 58.3397026062012 58.6335830688477 58.4519996643066 58.7752380371094 58.7913398742676 58.6803512573242 58.3346786499023 58.2564659118652 -3.4e+38 -3.4e+38 -3.4e+38 -3.4e+38 -3.4e+38 -3.4e+38 -3.4e+38 -3.4e+38 -3.4e+38
60.7703018188477 61.0884704589844 61.3554801940918 61.2948684692383 61.0775451660156 60.4867324829102 60.5071334838867 61.0672569274902 60.646484375 60.5214805603027 60.4280700683594 60.3169250488281 60.4934120178223 60.6505508422852 60.2924766540527 60.2189788818359 59.8185195922852 59.9116630554199 59.5087661743164 59.3100318908691 59.0966873168945 58.8522186279297 59.0588188171387 59.4204521179199 59.0837745666504 58.8376846313477 59.0372581481934 59.2573280334473 59.1330833435059 59.0461196899414 58.6600036621094 58.6771545410156 -3.4e+38 -3.4e+38 -3.4e+38 -3.4e+38 58.8228759765625 58.762020111084 58.6199989318848 58.4297904968262 58.203800201416 57.6858329772949 -3.4e+38 -3.4e+38 -3.4e+38 -3.4e+38 -3.4e+38 -3.4e+38 -3.4e+38
61.1901206970215 61.0323677062988 61.0049819946289 61.099723815918 60.885009765625 60.5627403259277 60.4432563781738 61.0186309814453 61.0699691772461 60.8420219421387 61.0285568237305 60.6118659973145 60.2996101379395 60.6536064147949 60.2917823791504 60.0563354492188 59.8316841125488 59.579906463623 59.6579780578613 59.6293106079102 59.6179695129395 59.3913993835449 59.1993713378906 59.1056671142578 58.8554267883301 58.7989768981934 58.7519721984863 58.9892654418945 59.1247482299805 59.0627784729004 58.7417526245117 58.6803131103516 -3.4e+38 -3.4e+38 -3.4e+38 -3.4e+38 -3.4e+38 58.718448638916 58.602424621582 58.4635238647461 58.2592620849609 58.1162567138672 58.5282669067383 -3.4e+38 -3.4e+38 -3.4e+38 -3.4e+38 -3.4e+38 -3.4e+38
60.9400672912598 60.795654296875 61.0937881469727 61.9761619567871 61.510311126709 61.2431831359863 61.1051750183105 60.533088684082 60.7919540405273 60.9614677429199 60.746166229248 60.8328819274902 60.2090263366699 60.3036651611328 60.7895698547363 60.3561935424805 59.7921562194824 59.622615814209 59.243091583252 59.5022239685059 59.7301597595215 59.8709754943848 59.6480941772461 59.4279174804688 59.2841796875 59.0756645202637 58.9944725036621 59.0668869018555 59.1666984558105 58.9794960021973 59.5846557617188 -3.4e+38 -3.4e+38 -3.4e+38 -3.4e+38 -3.4e+38 -3.4e+38 -3.4e+38 -3.4e+38 -3.4e+38 58.3750228881836 57.874397277832 57.9941253662109 58.3858985900879 -3.4e+38 -3.4e+38 -3.4e+38 -3.4e+38 -3.4e+38
61.0201072692871 61.1831359863281 61.666576385498 61.8358840942383 61.850154876709 61.2894325256348 61.4952583312988 60.6884078979492 60.4248733520508 61.0611610412598 60.5558471679688 60.397762298584 60.193000793457 60.1726760864258 60.2115211486816 60.1393547058105 59.7033271789551 59.3629455566406 59.1791305541992 59.4016876220703 59.4075393676758 59.7090530395508 59.9967498779297 59.6270332336426 59.3885192871094 59.2006454467773 59.1351699829102 59.2549896240234 59.4518508911133 59.1419982910156 59.5756225585938 59.4252471923828 -3.4e+38 -3.4e+38 -3.4e+38 -3.4e+38 -3.4e+38 -3.4e+38 -3.4e+38 -3.4e+38 -3.4e+38 57.7731056213379 57.8670234680176 58.2332344055176 58.2821350097656 58.2482566833496 -3.4e+38 -3.4e+38 -3.4e+38
61.2559661865234 61.6908111572266 61.8696479797363 61.0580787658691 61.203052520752 61.2056503295898 61.3332328796387 60.672679901123 60.1695137023926 60.4756622314453 60.5923500061035 -3.4e+38 60.1539764404297 59.984203338623 59.9170188903809 59.98583984375 60.1198768615723 59.8626708984375 59.5413513183594 59.5584373474121 59.306209564209 59.4966812133789 60.1068420410156 60.0557861328125 59.841983795166 59.5979614257812 59.2812957763672 59.1924781799316 59.3634262084961 59.3403244018555 59.6469192504883 -3.4e+38 -3.4e+38 -3.4e+38 -3.4e+38 -3.4e+38 59.0268936157227 -3.4e+38 -3.4e+38 -3.4e+38 -3.4e+38 57.8230934143066 -3.4e+38 58.009090423584 58.2347412109375 -3.4e+38 -3.4e+38 -3.4e+38 -3.4e+38
61.3719482421875 61.1830215454102 61.2559280395508 61.0388221740723 60.7206573486328 60.8677711486816 60.9800262451172 60.6867942810059 60.2189979553223 60.3601951599121 60.8371887207031 61.0932731628418 60.3968048095703 60.0974655151367 59.8962821960449 59.9444847106934 60.2503204345703 60.2504768371582 60.0751533508301 59.8676490783691 59.5302467346191 59.6225204467773 60.0251197814941 60.0942993164062 60.0701370239258 59.569766998291 59.3578681945801 59.3867301940918 59.1995429992676 59.234016418457 59.5312423706055 59.0524063110352 59.0616989135742 59.1175422668457 -3.4e+38 58.7686882019043 58.629077911377 57.9257011413574 58.441162109375 -3.4e+38 -3.4e+38 57.9283485412598 57.8034553527832 -3.4e+38 57.7981147766113 -3.4e+38 58.2105102539062 -3.4e+38 -3.4e+38
61.0593872070312 61.2415542602539 61.2551345825195 61.0949974060059 60.7077331542969 60.7801132202148 60.9108352661133 61.0216941833496 60.583381652832 60.8115653991699 61.0328788757324 60.9031448364258 60.532413482666 60.3516578674316 60.1806945800781 60.3400955200195 60.1997756958008 59.9906196594238 60.1199645996094 59.9994163513184 59.75390625 -3.4e+38 59.7563171386719 59.8955841064453 59.8130416870117 59.3913497924805 59.3385543823242 59.2768058776855 59.1454277038574 59.1882553100586 59.0524368286133 58.753791809082 59.3764877319336 59.1967086791992 58.9649810791016 58.6478652954102 58.4390525817871 58.073974609375 -3.4e+38 -3.4e+38 -3.4e+38 57.9812088012695 57.8535499572754 57.6140327453613 57.530818939209 -3.4e+38 58.3356781005859 58.1824264526367 -3.4e+38
61.0209465026855 61.3742561340332 61.5320434570312 61.4068489074707 60.9826927185059 60.8185577392578 61.3072395324707 61.0023384094238 60.7934265136719 60.4541130065918 60.3187561035156 60.4801025390625 61.0355377197266 60.7022438049316 60.2936019897461 60.2852363586426 60.0277442932129 60.023006439209 60.1155242919922 60.0262184143066 59.8084411621094 59.6600074768066 59.8863410949707 59.943000793457 -3.4e+38 59.475212097168 59.5208015441895 59.5450706481934 59.2214660644531 58.891227722168 58.9190902709961 58.7962608337402 59.3515357971191 59.2107009887695 59.1309776306152 58.8969650268555 58.5172386169434 58.630859375 -3.4e+38 58.664794921875 -3.4e+38 -3.4e+38 57.892765045166 -3.4e+38 -3.4e+38 -3.4e+38 58.2184143066406 57.9127159118652 -3.4e+38
61.0542755126953 61.270393371582 61.555980682373 61.5372276306152 61.2369041442871 61.0696067810059 61.5288391113281 60.9888877868652 60.7588882446289 60.4608116149902 60.2800178527832 -3.4e+38 61.1261405944824 60.9348831176758 60.4609146118164 60.2660217285156 59.8963317871094 60.013973236084 60.0995178222656 59.8888244628906 59.8580017089844 60.0555801391602 59.9863471984863 -3.4e+38 60.1313514709473 59.8889999389648 59.8246536254883 60.0502967834473 59.3661231994629 58.6699905395508 58.7449226379395 58.5457954406738 58.8227310180664 59.0888290405273 58.7930526733398 58.8712844848633 58.5902404785156 58.6229629516602 58.5924301147461 58.356819152832 58.4420623779297 -3.4e+38 -3.4e+38 -3.4e+38 -3.4e+38 -3.4e+38 -3.4e+38 57.7241058349609 57.9425621032715
61.0112762451172 61.3533706665039 61.6122856140137 61.3810157775879 61.1873664855957 61.0188522338867 61.1783332824707 60.9525413513184 61.0172386169434 60.6500663757324 60.4578018188477 60.4190254211426 60.4803428649902 60.5997581481934 60.7120933532715 60.3180313110352 59.9474143981934 59.8214950561523 59.9561653137207 59.7511100769043 59.9173545837402 60.2674369812012 59.9212303161621 59.7893218994141 59.9388008117676 60.0363693237305 59.8994636535645 60.0967292785645 59.5131874084473 59.1852951049805 59.0895500183105 58.285701751709 58.3688545227051 58.9417457580566 58.9882774353027 58.9817924499512 58.7283821105957 58.5677185058594 58.3902893066406 58.2570114135742 58.2240791320801 -3.4e+38 -3.4e+38 -3.4e+38 -3.4e+38 -3.4e+38 -3.4e+38 57.9379348754883 57.8965225219727
61.0180778503418 61.0018844604492 61.1565055847168 61.1605567932129 61.0272369384766 60.7494087219238 60.8696479797363 61.0535583496094 61.1970138549805 60.7421836853027 60.4742279052734 60.7458686828613 60.5711441040039 60.670482635498 61.042781829834 60.5203018188477 60.2421798706055 60.103931427002 60.0501594543457 59.8445320129395 59.8967781066895 60.3082427978516 60.2440376281738 59.6667518615723 59.5819969177246 60.1055755615234 59.9813690185547 59.9995880126953 59.6387252807617 59.6123161315918 59.3761520385742 58.5848007202148 58.180419921875 58.6380310058594 59.3404541015625 59.1357803344727 58.9557991027832 58.8097648620605 58.5313453674316 58.3388175964355 58.3426513671875 -3.4e+38 58.4851875305176 58.3323783874512 -3.4e+38 -3.4e+38 -3.4e+38 -3.4e+38 57.9779472351074
60.9884872436523 60.8683395385742 60.9393577575684 61.0367088317871 61.1464080810547 60.9216690063477 60.7433052062988 61.0771369934082 61.0075035095215 60.7401733398438 60.5067749023438 60.6681251525879 60.6149368286133 60.9331855773926 61.2130508422852 60.6830215454102 60.3805541992188 60.3826103210449 60.2403144836426 60.0707969665527 -3.4e+38 60.3341636657715 60.4855880737305 59.7398567199707 59.8096733093262 59.6617851257324 59.6305961608887 60.0065383911133 59.7548980712891 59.7004814147949 59.3378639221191 59.0002746582031 58.5589714050293 58.658634185791 59.0436172485352 58.9974250793457 59.2264595031738 59.0059814453125 58.6228485107422 58.4717407226562 58.4615516662598 58.5058631896973 58.3213005065918 58.3806648254395 -3.4e+38 -3.4e+38 -3.4e+38 -3.4e+38 57.8914222717285
61.257999420166 61.3623695373535 61.1459770202637 61.1229095458984 61.207088470459 61.0365867614746 60.8046798706055 60.7575645446777 60.7028694152832 60.7388725280762 60.5598335266113 60.5617408752441 60.5303268432617 60.5804634094238 61.0378341674805 60.6850242614746 60.5721130371094 -3.4e+38 60.4824676513672 60.4850616455078 -3.4e+38 60.5007362365723 60.3745994567871 60.1008949279785 59.9843482971191 59.7629508972168 59.1853942871094 59.548526763916 59.786491394043 59.8863868713379 59.4998741149902 59.3670082092285 59.0499305725098 58.6821365356445 58.6670455932617 59.184700012207 59.1880989074707 59.0144500732422 58.8814010620117 58.7619667053223 58.5955390930176 58.0068092346191 58.2842063903809 -3.4e+38 -3.4e+38 -3.4e+38 -3.4e+38 58.223316192627 57.9212226867676
