rcp4.5models/MPi_ESM_LR/sc1gr9.24
NCOLS 261 
NROWS 433 
XLLCORNER 336357.134 
YLLCORNER 654653.479 
CELLSIZE 1000 
NODATA_value -3.4e+38 
[rows 198 to 219 of 433, columns 49 to 97 of 261]
62.6860122680664 62.4370307922363 62.4073715209961 62.4103775024414 62.3935356140137 62.1200714111328 62.118537902832 62.0951385498047 62.0605545043945 62.1250381469727 62.3162422180176 62.2371101379395 62.2418518066406 62.4151458740234 62.5793228149414 62.4244499206543 62.4532203674316 105.370429992676 151.983413696289 223.460968017578 176.647827148438 163.866683959961 110.103530883789 107.074653625488 238.884338378906 238.452072143555 222.544082641602 190.846786499023 239.109344482422 238.595291137695 238.393569946289 238.600372314453 239.187423706055 238.248260498047 236.578506469727 236.266860961914 235.673431396484 234.513458251953 234.410018920898 234.016647338867 233.444580078125 232.158676147461 231.272842407227 230.86051940918 230.899459838867 230.50129699707 230.247406005859 229.152801513672 228.364028930664
63.4049530029297 63.3467407226562 63.538990020752 63.3865699768066 62.9268569946289 62.8476905822754 63.0100784301758 62.6867599487305 62.9546508789062 63.1974029541016 63.2874412536621 63.2323608398438 63.1718864440918 63.1207847595215 62.9171485900879 62.9188346862793 63.279727935791 78.0044326782227 192.566604614258 210.590728759766 153.674285888672 223.691177368164 176.502624511719 192.172409057617 210.880065917969 127.494293212891 127.965888977051 156.496170043945 239.644515991211 238.801284790039 238.987030029297 239.364608764648 239.681457519531 239.158966064453 238.189498901367 237.332977294922 236.007568359375 235.19401550293 235.230560302734 235.447036743164 234.81526184082 232.681365966797 231.976547241211 231.49870300293 231.213958740234 231.014007568359 231.03547668457 230.166290283203 228.955307006836
64.294807434082 64.2904891967773 64.3576889038086 64.2399978637695 63.9274864196777 63.9372978210449 64.0208740234375 63.5541648864746 63.8929061889648 63.9021072387695 63.6928825378418 63.961051940918 64.1329116821289 64.0694732666016 63.8736572265625 63.9450302124023 64.026252746582 63.7608871459961 239.608123779297 224.076065063477 193.524017333984 239.833526611328 240.068466186523 240.602844238281 195.681106567383 64.5836410522461 92.756103515625 191.725372314453 239.758346557617 239.935516357422 239.852737426758 239.615509033203 239.823944091797 239.251617431641 238.864471435547 238.150985717773 237.113998413086 236.538650512695 236.106185913086 236.113922119141 235.532363891602 233.762649536133 232.973556518555 231.886688232422 231.54035949707 231.644058227539 231.352294921875 230.813903808594 229.994720458984
65.2067413330078 65.0306091308594 65.1305160522461 64.8068161010742 64.8233795166016 65.0876998901367 65.2101974487305 64.4668350219727 64.6310272216797 64.7710037231445 64.5922164916992 64.7957992553711 65.1056594848633 65.0055694580078 64.7057495117188 64.6190338134766 64.4444046020508 64.7841415405273 155.151245117188 211.706024169922 155.804443359375 211.792770385742 127.747047424316 157.444061279297 196.119262695312 93.7038726806641 193.110244750977 240.431396484375 240.931579589844 241.386001586914 240.760528564453 240.298965454102 239.961364746094 239.39404296875 238.817398071289 238.423522949219 237.84814453125 237.382080078125 237.345138549805 236.905197143555 236.264511108398 234.649230957031 233.779678344727 232.821441650391 232.162521362305 232.098175048828 231.606658935547 230.838470458984 230.62385559082
66.2374801635742 66.1400451660156 66.0720672607422 65.5615768432617 65.4310989379883 65.8265762329102 66.0800476074219 65.4816360473633 65.6281661987305 65.4353561401367 65.4652786254883 65.7743453979492 66.0766754150391 66.0991516113281 95.4736175537109 152.94856262207 95.0270462036133 152.246490478516 81.3765869140625 140.925704956055 195.438919067383 225.650390625 149.952728271484 111.19987487793 225.617416381836 194.214920043945 241.501266479492 241.854644775391 242.009918212891 241.92805480957 241.192977905273 240.258117675781 240.165283203125 239.533889770508 239.045303344727 238.783126831055 238.610427856445 238.216537475586 238.06770324707 237.592956542969 237.538146972656 235.418930053711 234.652359008789 233.514709472656 232.794570922852 232.244903564453 232.05126953125 231.774047851562 231.246017456055
66.9766693115234 67.0142364501953 67.0682067871094 66.5938491821289 66.5048980712891 66.6847457885742 66.9783020019531 66.4358215332031 66.5548934936523 66.5322189331055 66.3513031005859 96.6223831176758 155.448852539062 67.1595611572266 82.5939636230469 112.097732543945 82.2956771850586 112.25910949707 96.0933990478516 168.018142700195 158.12434387207 242.827270507812 226.41374206543 196.18132019043 -3.4e+38 243.232482910156 242.824432373047 243.379638671875 243.010787963867 241.906646728516 241.416244506836 240.660690307617 240.314437866211 239.738632202148 239.155532836914 239.029907226562 -3.4e+38 238.610168457031 238.197631835938 237.880676269531 238.099685668945 236.435409545898 235.226196289062 234.325897216797 233.671691894531 233.14421081543 232.790390014648 232.43994140625 231.878021240234
67.7722549438477 67.6336822509766 67.7843399047852 67.3418884277344 67.3881607055664 67.684196472168 67.9694137573242 67.2598571777344 67.6970367431641 67.6510620117188 67.3376617431641 112.807243347168 200.160125732422 67.7785568237305 68.0735473632812 97.9706726074219 154.355972290039 67.5622329711914 113.64183807373 229.472900390625 198.455749511719 244.494613647461 244.088500976562 244.653076171875 244.514831542969 244.727096557617 244.542877197266 244.405609130859 243.705368041992 242.08203125 241.567413330078 241.290924072266 240.529098510742 239.890258789062 239.479019165039 239.5283203125 239.522186279297 238.816070556641 238.572662353516 238.714630126953 238.701446533203 237.263381958008 236.124755859375 235.015960693359 234.926727294922 234.289916992188 233.194137573242 232.659683227539 232.18684387207
68.2139205932617 68.2728118896484 68.2322463989258 68.4299240112305 68.2308044433594 68.2443389892578 68.1086196899414 68.2347106933594 68.1442718505859 68.1620712280273 68.3329696655273 83.7022476196289 142.967422485352 156.038589477539 68.6170349121094 84.2274703979492 143.776885986328 154.375930786133 200.276840209961 246.699096679688 246.159042358398 216.158004760742 161.787521362305 246.460327148438 246.089065551758 245.682022094727 245.368576049805 244.733810424805 244.124008178711 242.503890991211 242.056716918945 241.693725585938 241.113067626953 240.994384765625 240.626266479492 240.914321899414 240.794143676758 240.499893188477 239.520141601562 239.610931396484 239.710601806641 238.156661987305 236.895431518555 236.065933227539 235.887664794922 235.042907714844 233.953216552734 233.344421386719 232.892471313477
-3.4e+38 68.9573669433594 68.9716110229492 69.3199081420898 69.1031188964844 68.753044128418 68.7078857421875 68.7002334594727 99.3891296386719 157.491714477539 99.8542404174805 156.880737304688 84.5899429321289 113.710571289062 99.7204132080078 186.285003662109 201.689498901367 200.475219726562 246.543334960938 247.206878662109 247.536102294922 200.285690307617 116.265525817871 247.397369384766 246.761566162109 246.194046020508 245.556655883789 244.98486328125 244.345642089844 243.157272338867 243.194534301758 242.548049926758 242.066284179688 241.705444335938 241.655807495117 242.57160949707 242.336517333984 241.67887878418 240.78157043457 240.286666870117 240.314682006836 239.420532226562 237.841720581055 237.23095703125 236.782836914062 236.195755004883 235.539535522461 234.459579467773 233.247482299805
69.696662902832 69.8824234008789 69.785400390625 69.5709915161133 69.5755844116211 69.63720703125 69.6506118774414 69.5050964355469 84.8181076049805 113.205101013184 85.237060546875 113.676162719727 100.923568725586 187.75048828125 203.310897827148 217.109725952148 161.839477539062 201.105087280273 247.647964477539 247.919311523438 248.383422851562 231.041305541992 201.361099243164 247.855484008789 247.285430908203 246.576400756836 245.816787719727 245.35270690918 245.252853393555 244.194641113281 244.189453125 244.333389282227 244.051742553711 242.657974243164 242.490768432617 242.8623046875 242.965942382812 242.24382019043 241.512817382812 240.877975463867 240.869232177734 240.435623168945 239.392837524414 238.284729003906 -3.4e+38 237.676681518555 237.715225219727 235.874435424805 234.27099609375
72.3079986572266 72.0805130004883 71.7970657348633 71.8194122314453 71.6705780029297 71.7064056396484 71.9305038452148 72.2523956298828 72.071647644043 119.314338684082 235.280197143555 191.31266784668 190.661041259766 174.89714050293 164.908737182617 235.004531860352 157.936569213867 103.029571533203 250.85139465332 -3.4e+38 -3.4e+38 249.994171142578 219.169387817383 135.472610473633 166.432174682617 248.536682128906 248.738983154297 248.513595581055 248.21614074707 247.671813964844 247.20524597168 247.087890625 245.312316894531 244.649230957031 244.150543212891 244.115478515625 244.138885498047 242.957672119141 242.848556518555 242.846649169922 242.919448852539 241.232360839844 241.036575317383 240.355224609375 239.80387878418 239.426849365234 240.641357421875 242.254867553711 236.898620605469
73.25341796875 105.723846435547 196.364776611328 163.430053710938 73.2050552368164 73.3601760864258 105.523956298828 73.731803894043 73.7346649169922 121.495712280273 220.77360534668 165.657363891602 252.903259277344 204.830993652344 122.031440734863 252.941528320312 236.289657592773 207.004974365234 251.629180908203 -3.4e+38 251.240768432617 -3.4e+38 233.52001953125 -3.4e+38 203.189666748047 250.145843505859 249.966842651367 250.103057861328 249.617492675781 249.113418579102 248.709701538086 248.146072387695 246.382064819336 245.624603271484 245.279312133789 245.084091186523 -3.4e+38 243.938934326172 243.868072509766 243.817184448242 243.22834777832 242.010787963867 241.842025756836 241.462631225586 241.158874511719 243.450057983398 -3.4e+38 240.877182006836 237.815887451172
74.4433898925781 89.1415328979492 163.084060668945 238.571395874023 196.974227905273 164.233520507812 -3.4e+38 75.0600814819336 108.030540466309 179.581848144531 151.401382446289 211.335845947266 255.354156494141 206.996398925781 91.6846084594727 168.453063964844 222.273147583008 169.020812988281 221.951019287109 -3.4e+38 -3.4e+38 -3.4e+38 -3.4e+38 252.025985717773 251.713104248047 251.238403320312 251.227935791016 250.845352172852 250.245223999023 250.109619140625 249.827285766602 249.32958984375 247.842010498047 246.807647705078 246.246246337891 245.912063598633 245.414566040039 245.328918457031 244.961135864258 244.454284667969 243.911575317383 242.704727172852 242.4755859375 242.528656005859 241.966033935547 246.872604370117 255.163360595703 240.025543212891 238.742080688477
75.3180770874023 75.5422058105469 91.2121963500977 165.598739624023 222.762481689453 118.619499206543 92.4808959960938 197.474197387695 213.235061645508 241.114410400391 180.970581054688 170.367309570312 257.763793945312 208.633316040039 108.652397155762 -3.4e+38 206.732635498047 125.790092468262 238.858383178711 209.43180847168 255.227844238281 254.825546264648 254.052673339844 253.278564453125 253.536315917969 253.520782470703 253.130020141602 252.453491210938 251.506683349609 250.855514526367 250.757278442383 250.312393188477 249.310012817383 248.518890380859 247.74951171875 247.21208190918 246.553848266602 246.357971191406 245.851852416992 245.74919128418 245.463623046875 244.013366699219 243.56233215332 242.988967895508 242.601898193359 -3.4e+38 252.518966674805 240.530426025391 239.600891113281
200.562133789062 167.35481262207 77.8263626098633 126.824195861816 209.940673828125 112.318634033203 168.208206176758 136.956741333008 137.450088500977 171.502426147461 209.37336730957 128.542373657227 260.147613525391 242.833511352539 180.586639404297 172.431976318359 240.89518737793 180.526153564453 258.531311035156 257.969024658203 257.952667236328 257.146423339844 256.243438720703 254.996047973633 255.318618774414 255.447204589844 255.160919189453 254.525985717773 253.319564819336 252.135925292969 251.832092285156 251.758590698242 250.710678100586 249.504486083984 248.701736450195 248.199432373047 -3.4e+38 -3.4e+38 246.897872924805 246.693542480469 246.240432739258 245.562072753906 244.819534301758 244.141494750977 243.752349853516 245.1982421875 247.034866333008 241.16780090332 240.350280761719
134.652236938477 120.17179107666 113.914306640625 219.759124755859 212.581237792969 97.3257064819336 157.426910400391 80.7734375 113.84139251709 218.175231933594 244.786865234375 217.728408813477 262.211364746094 261.706085205078 243.482330322266 215.472717285156 227.060745239258 157.590454101562 260.161743164062 260.454162597656 260.600769042969 259.526184082031 258.772918701172 257.467224121094 256.549102783203 256.904479980469 256.889129638672 256.318939208984 255.286590576172 253.981323242188 253.320373535156 253.246109008789 252.405883789062 250.8544921875 250.468444824219 249.354888916016 249.270492553711 248.934066772461 248.532440185547 248.151885986328 247.74153137207 247.227066040039 246.43669128418 246.017486572266 245.374435424805 244.449569702148 243.707244873047 242.170867919922 241.485992431641
82.4110565185547 82.8862457275391 133.886367797852 266.132110595703 250.411224365234 173.646896362305 100.271697998047 82.8590698242188 98.9899749755859 176.652526855469 264.52978515625 264.205657958984 264.495574951172 230.360198974609 177.601715087891 263.313293457031 244.667678833008 216.154937744141 262.241821289062 263.422943115234 263.044769287109 261.850921630859 261.071075439453 259.924621582031 258.604858398438 258.309661865234 258.068084716797 257.72265625 257.542816162109 255.871154785156 254.819580078125 254.244354248047 253.674530029297 252.616912841797 252.235092163086 251.003051757812 -3.4e+38 249.987075805664 249.490264892578 249.089599609375 249.043060302734 248.046478271484 247.479675292969 246.96794128418 246.124603271484 245.036026000977 244.171539306641 243.653305053711 242.877746582031
85.8764572143555 121.771812438965 228.537475585938 234.725311279297 144.739624023438 128.833145141602 120.43416595459 85.0063400268555 118.742874145508 189.161605834961 146.125228881836 180.742034912109 268.042724609375 249.571670532227 221.107528686523 265.098297119141 264.682861328125 230.363861083984 230.597290039062 180.499008178711 264.300628662109 264.011383056641 263.081024169922 262.137756347656 261.174163818359 260.298400878906 259.669830322266 259.429656982422 259.505859375 257.793029785156 256.383239746094 255.3310546875 255.232574462891 254.279083251953 253.408660888672 252.752746582031 251.992630004883 251.352935791016 250.787734985352 250.114044189453 250.010238647461 248.800170898438 248.713821411133 247.827301025391 246.674301147461 -3.4e+38 245.809127807617 245.049514770508 243.789611816406
88.6379013061523 104.734199523926 181.309097290039 254.61457824707 177.371368408203 88.7640228271484 104.86646270752 87.5446319580078 138.886444091797 252.549911499023 174.266860961914 104.581169128418 183.307998657227 269.072113037109 268.074340820312 233.645126342773 147.731414794922 129.206237792969 213.787841796875 135.334655761719 266.245635986328 266.571472167969 265.453033447266 264.531188964844 263.561462402344 262.442840576172 261.663208007812 261.230346679688 260.914215087891 259.762908935547 258.232666015625 257.012390136719 257.186889648438 256.219268798828 255.285552978516 254.64323425293 -3.4e+38 253.282409667969 252.711578369141 251.91569519043 251.734390258789 250.147201538086 249.652954101562 248.789535522461 247.918395996094 247.191558837891 246.842208862305 246.007537841797 245.308959960938
182.527282714844 91.9764099121094 143.114959716797 238.950103759766 132.629440307617 91.2246017456055 126.311553955078 213.930862426758 230.633514404297 273.295501708984 255.648773193359 176.776397705078 141.117813110352 271.725067138672 270.564208984375 252.259658813477 205.634521484375 204.514556884766 249.456619262695 221.182662963867 268.15087890625 267.689239501953 266.946075439453 266.8359375 265.997772216797 264.622589111328 263.660919189453 263.401275634766 263.333587646484 261.549835205078 259.746948242188 258.979461669922 259.431091308594 258.991729736328 257.911529541016 257.437683105469 256.015899658203 255.217422485352 254.64111328125 254.022033691406 254.150207519531 252.395965576172 251.177154541016 250.420989990234 250.073211669922 248.848114013672 248.255950927734 247.381378173828 246.810333251953
135.716796875 95.0970764160156 110.833351135254 136.13508605957 94.3433151245117 129.632904052734 200.055221557617 241.817459106445 189.402450561523 276.53369140625 240.554580688477 170.85075378418 195.106750488281 187.731643676758 273.020141601562 273.114044189453 272.237854003906 271.272735595703 269.751678466797 235.254974365234 185.979553222656 269.330718994141 269.387908935547 269.362182617188 268.771331787109 267.159637451172 266.088806152344 265.383728027344 265.291229248047 263.702575683594 262.136993408203 260.764007568359 260.942596435547 260.908966064453 259.774078369141 259.316253662109 257.960723876953 257.157928466797 256.576263427734 255.891510009766 255.654647827148 254.84114074707 253.842193603516 252.872863769531 252.261901855469 250.653533935547 249.861312866211 249.057373046875 248.436111450195
188.094680786133 97.8655624389648 133.481994628906 186.602569580078 132.57341003418 238.101715087891 263.530609130859 262.543518066406 236.382232666016 278.988861083984 259.972015380859 232.71028137207 258.228729248047 196.057754516602 189.935974121094 275.638214111328 274.624816894531 273.771270751953 272.637115478516 252.903747558594 224.77961730957 270.865570068359 -3.4e+38 271.197387695312 270.653167724609 269.719787597656 269.161834716797 267.519805908203 267.115936279297 266.109252929688 264.643920898438 262.863861083984 262.518249511719 262.619659423828 261.633514404297 260.952758789062 260.364807128906 260.054321289062 259.279113769531 258.219116210938 257.774322509766 256.042419433594 255.579299926758 255.073654174805 254.169891357422 252.516967773438 251.615539550781 250.83952331543 250.300582885742
