rcp4.5models/MPi_ESM_LR/sc1gr0.6
NCOLS 261 
NROWS 433 
XLLCORNER 336357.134 
YLLCORNER 654653.479 
CELLSIZE 1000 
NODATA_value -9999 
[rows 132 to 153 of 433, columns 150 to 199 of 261]
-9999 52.0211722543004 51.6979537483425 51.3141048099074 51.1316831506641 50.9796089100218 50.7162909811238 50.6214787925984 50.4891945235368 49.9512045420907 49.342550516421 48.9090497377523 48.5392055584992 48.1459180490269 47.7564412674052 47.4109020131638 47.2514597818306 46.9853377951095 46.750425625523 46.4206723765848 45.8453270103955 45.4826297417769 45.1491365788676 44.8100497513591 44.4671106845603 44.1761696291223 43.7993698688845 43.5291494410228 43.1965117057762 42.8584914061115 42.3396390210372 42.0387412615172 41.6930718853424 41.4359447804793 41.2102638798549 41.031884670281 40.8058330972144 40.5875327103958 -9999 -9999 -9999 -9999 -9999 -9999 -9999 -9999 -9999 -9999 -9999 -9999
52.4565251334079 52.149624936887 51.7989292101955 51.439196007535 51.1703002453676 51.1823900489686 50.8690536577766 50.6417779812204 50.474539671204 49.888817640316 49.2957232091709 48.8984455218957 48.5091156290223 48.2321462597635 47.8887211096734 47.5317844336243 47.3502461480147 47.158241497727 47.0114654925561 46.4095829350266 45.8892909528681 45.5411290542801 45.2514355316957 44.9268249400536 44.6105637420526 44.2960089975651 43.8273797480985 43.5508477141259 43.2664797686773 42.9840162254785 42.4271409809008 42.1973553898376 41.8125973264309 41.5717813981966 41.307027287394 40.9729943828575 40.7322263857864 40.5551238970939 -9999 -9999 -9999 -9999 -9999 -9999 -9999 -9999 -9999 -9999 -9999 -9999
52.5453497504953 52.1058323544792 51.8562789558889 51.5908480721715 51.4015119058831 51.2075046699322 50.9438506495837 50.7836647861039 50.0459103343732 49.7490803083632 49.281505809933 48.9196748143585 48.6081262753628 48.3621313985853 48.0071441315397 47.6822422143912 47.574732666718 47.4830152415118 47.2061081501313 46.4565113398098 46.0100419465898 45.6625252258264 45.5123966041496 45.1093795078346 44.7013850550074 44.3641631819948 43.8660341056568 43.5221242831901 43.2799573607904 43.0298069470352 42.44252685848 42.1597313374825 41.9552456921691 41.7603291205743 41.3087886865155 40.8945578542051 -9999 40.4369841030885 -9999 -9999 -9999 -9999 -9999 -9999 -9999 -9999 -9999 -9999 -9999 -9999
52.562479535432 52.1733316939462 51.9844304445712 51.7001571381738 51.5435972078062 51.227288999697 51.0049193381626 -9999 -9999 49.5690707004239 49.2848022201615 48.9759697027465 48.7100500354672 48.4559281583893 48.1798162166678 47.9115199797507 47.7330746769604 47.6063248136134 47.31638689823 46.5797103769852 46.2202121877302 46.0874073637122 45.9991999432026 45.3008385076769 44.8330085167668 44.730983584275 44.459002239082 43.7434833894971 43.3836661467067 43.0562899418228 42.4304086449078 42.0833125073618 41.945753351567 41.6713121371135 41.2600771040736 40.8901118036945 -9999 -9999 -9999 -9999 -9999 -9999 -9999 -9999 -9999 -9999 -9999 -9999 -9999 -9999
52.5002995147662 52.2606688292216 52.1870689307344 51.8146049355608 51.5541966713341 51.338979436272 51.0878965197735 50.7553985618857 -9999 49.6604891225729 49.4671115017824 49.1728454947668 48.8387628962516 48.5498354130424 48.3666442255895 48.1548399989117 47.9492365488377 47.7541318302426 47.3675586536521 46.751218200349 46.4913538541111 46.3941191831962 46.2992825073889 45.5704853781376 45.1221239647162 44.9836479271042 44.6805693189362 44.0285031400894 43.5999828835067 43.1673865887497 42.5965087470495 42.3404361876655 41.9724041863591 41.5607342722261 41.2906401466034 40.9386464005956 40.7101953226656 40.4800667984644 -9999 -9999 -9999 -9999 -9999 -9999 -9999 -9999 -9999 -9999 -9999 -9999
52.7440189957908 52.4338747903615 52.2173874146725 51.9550060911212 51.70888205075 51.4543237111004 51.1911511297272 51.0064240208846 -9999 50.0147155437704 49.6617572174014 49.3353360990283 49.0560816135812 48.700240779548 48.4794335022902 -9999 48.1290468540263 47.9731608534108 47.5593811536879 46.9549458790212 46.5058913066417 46.2404933049522 45.9590783358869 45.423812964866 45.1276981100068 44.8091222017951 44.4482516526207 44.1175330934669 43.7136259756426 43.2833067660772 43.1851662056172 42.7040039169352 42.1753174056662 41.6738558207656 41.3673856527447 41.0471287514784 40.8241614110837 40.5297578970581 -9999 -9999 -9999 -9999 -9999 -9999 -9999 -9999 -9999 -9999 -9999 -9999
52.9309510740638 52.6325389462472 52.2713738159639 52.089368839688 51.9400955141383 51.7899983571987 51.2769936471171 -9999 -9999 50.3316555599498 49.8694004363601 49.5184228682561 49.3546682325967 49.0718836527608 -9999 48.5077822609555 48.2423222379601 48.0649140397906 48.0399298979875 47.0764270986554 46.7117137709353 46.0744012890767 45.6157762715944 45.2876657914932 45.0513192173232 44.8267348922138 44.5783169965106 44.2632293559478 43.8192549425113 43.5341312026109 43.6596565934217 42.7153728746199 42.1920338851374 41.778127235595 41.5021745857656 41.2659434123861 40.962051980817 40.5769958153959 -9999 -9999 -9999 -9999 -9999 -9999 -9999 -9999 -9999 -9999 -9999 -9999
52.9120997340248 -9999 52.3333187056206 52.1408493309241 52.1148182059559 51.8789410779526 51.4063276257826 51.1693169230127 -9999 50.4358687778337 50.2744100031586 49.8434488237674 49.3781576044797 49.1364387397224 -9999 -9999 48.1952109404516 48.2000034336534 48.2770566427881 47.2400729118111 46.6818460558747 46.0465367422077 45.642452193355 45.2514096181713 44.9309137641779 44.6946930854904 44.5840383554876 44.343685886876 43.8357280136936 43.3591663299145 43.1867262630224 42.6075585374099 42.3678568182793 42.038150726418 41.6558026116017 -9999 40.9478140966709 -9999 40.1964920348531 -9999 -9999 -9999 -9999 -9999 -9999 -9999 -9999 -9999 -9999 -9999
52.8487745872886 52.5108176124067 52.3976710953895 52.1657735040224 52.110211500604 51.9236716370131 51.5519718482302 51.2531991252941 50.7034970118943 50.7430219024346 50.4827565171911 50.0149825601204 49.4074185396355 49.226186290371 49.0845056595845 48.6898340792091 48.3281431642282 48.4337235799361 48.4123686889929 47.1077173484409 46.5764909434129 46.158287066378 45.7724171528021 45.2147383579595 44.9328041071273 44.635865689694 44.4601675646389 44.2126529476851 43.8096736442605 43.3817663430696 42.8324269556162 42.7141696265879 42.6617764992081 42.1402110142761 41.6544943284919 -9999 -9999 -9999 -9999 40.0511703457533 -9999 -9999 -9999 -9999 -9999 -9999 -9999 -9999 -9999 -9999
52.8873668956668 52.7792371073483 52.7589773528813 52.3690223811855 52.1533766182992 52.1525370213799 51.5556203259455 51.2987515122971 50.9521041144721 50.7732931249712 50.2439403758048 49.9534405098789 49.7949886442737 49.5849151912255 49.2601037830559 48.775382976925 48.4505070094744 48.4745904319871 48.209963867892 46.9583974613746 46.70886294653 46.249723211585 45.908021156527 45.4045367179878 45.044970438798 44.7320681822322 44.4539385653392 44.1000237424957 43.8163228664708 43.4910305407799 43.1534344402393 42.9291076605495 42.7271954158252 42.2227805981557 41.9468593321124 -9999 -9999 -9999 -9999 40.4296588545761 -9999 -9999 -9999 -9999 -9999 -9999 -9999 -9999 -9999 -9999
52.9965226039613 53.1018067780722 52.9874619539209 52.6731581862348 52.3892799326442 52.2501795378736 51.6614363691426 51.3510880215192 50.8622793971578 50.7669956259946 50.4015171420514 50.343185986393 50.1671828689722 49.936325442915 49.3676474711046 48.8222641438941 48.435220863722 48.3546205624466 -9999 47.2661601997017 46.9006597468294 46.3179003965833 46.1772240118432 45.9233954086768 45.0813157909006 44.8486397978169 44.6016246412 44.2536913179125 43.9945609867497 43.7017663336255 43.1220240724095 42.8411287102168 42.5640255128571 42.2623632326088 41.8584189960167 -9999 -9999 -9999 -9999 41.0610245614022 40.485566840387 -9999 -9999 -9999 -9999 -9999 -9999 -9999 -9999 -9999
53.0217252775798 53.029482116726 52.8467022199854 52.7098183482174 52.4169380477396 52.3072596563612 51.8297686391138 51.4499254305256 50.916010748607 50.8748914655251 50.7656587566681 50.7897316513294 50.4074521320252 49.9082297109254 49.489773281354 48.9288935650973 48.5707766639776 48.3261316205787 47.9632617763688 47.5174216404866 47.0382010367358 46.9013520806484 46.6083930981119 45.8526917792988 45.1285338138765 44.947113983555 44.5856443214442 44.2355210230175 44.0215334300792 43.72059831159 -9999 -9999 42.5841928170167 42.2608929144255 41.8683241624005 41.8685768609578 -9999 -9999 -9999 40.9360626716879 -9999 -9999 -9999 -9999 -9999 -9999 -9999 -9999 -9999 -9999
53.014395974274 52.8692447751127 52.7410813446999 52.5856147524387 52.5272372398352 52.5950086090139 52.0653017890646 51.5597640165265 51.070816010782 51.2039324043722 51.1168582289198 50.8312827891464 50.4413990335032 49.7950474996279 49.4835530563898 49.0195812232295 48.7849741896013 48.4615210977967 48.1933560534585 47.6064827561828 47.4108316930205 47.5253678259064 46.9961939020841 45.6929861896907 45.2819437307184 44.903981132006 44.4999842394253 44.2188986622632 44.0367915659048 43.7518356845623 -9999 -9999 -9999 42.3447251684492 42.0509452203013 41.8028162880716 -9999 -9999 -9999 -9999 -9999 -9999 -9999 -9999 -9999 -9999 -9999 -9999 -9999 -9999
53.2577675698145 52.9865237825059 52.8836094613524 52.7454891162854 52.7481754912405 52.6354475897194 52.2187368728692 51.5674937850639 51.2444911343067 51.264148029538 51.1525560088762 51.0153097782392 50.3722019799549 49.8711424155187 49.5607990965258 49.1675319328393 48.9198251173296 48.6841925840107 48.5315801473829 47.9863573987311 48.0167237802363 47.9109104828204 47.1580705581745 45.8121188155846 45.3977386159732 44.9221436097168 44.5572877633662 44.3573451861936 -9999 -9999 -9999 -9999 -9999 -9999 42.2021165256329 41.9983171314892 41.7374837966662 -9999 -9999 -9999 -9999 -9999 -9999 -9999 -9999 -9999 -9999 -9999 -9999 -9999
53.4462131819939 53.1747974208816 53.1364344130602 52.9206645753792 52.7800148753144 52.4149132842657 52.193420321388 51.6298775164013 51.3478925629592 51.208248105775 50.9792487964778 50.9684330290289 50.5205381889219 50.0798107466592 49.7564059960609 49.3825655652527 49.0861503409144 48.8992950455951 48.6174923189824 48.3620787425469 48.4716971555113 48.077756694435 46.8337393106055 45.8776244274244 45.4519094917601 45.0413025502573 -9999 -9999 -9999 -9999 -9999 -9999 -9999 -9999 42.3840435859897 42.2604186442067 42.2401348147884 -9999 -9999 -9999 -9999 -9999 -9999 -9999 -9999 -9999 -9999 -9999 -9999 -9999
53.5181318596045 53.3298632410946 53.3548461529714 53.2591880024742 52.9093897423477 52.4051589207165 52.1884933204493 51.8090339870441 51.3441013508541 51.1602749689446 50.9372714027283 50.7227862655265 50.4116036183253 50.0853969241806 49.7446800351403 49.4418988452416 49.3012059956867 48.9739903014625 48.5514665066775 48.4537996131599 48.3412430346225 47.6830454311768 -9999 45.9596615842018 45.5980522636059 45.1980353080412 -9999 -9999 -9999 -9999 -9999 43.1474284722138 42.9513069237334 42.8115218005261 42.6286515176727 -9999 -9999 -9999 -9999 -9999 -9999 -9999 -9999 -9999 -9999 -9999 -9999 -9999 -9999 40.6983264528332
-9999 53.4017616965461 53.5676639789226 53.5566889137522 52.9977832047935 52.5063175640201 52.1529267971383 51.9296356456442 51.4045247352721 51.2054158166582 51.0536310656921 50.8282376158406 50.4117480875799 50.1697570355159 49.9005501759161 49.6667228837488 49.4007538164442 49.0109685868213 48.6789698249619 47.944721826844 47.8332069325298 47.3729363409803 46.5014193820483 45.9886834781936 45.6887102716423 45.322396612181 -9999 -9999 -9999 -9999 43.6787156334793 43.4126925650521 43.1850620441093 42.9894249165452 42.969731111221 -9999 -9999 -9999 -9999 -9999 -9999 -9999 -9999 -9999 -9999 40.6442779217919 40.6535787881429 40.743205304295 40.7949387566254 40.7728141674212
53.4970449696036 53.2854974829148 53.4684184628366 53.405115400385 53.0349452381153 52.6405425937061 52.3089967045731 51.9761680797299 51.4094649443114 51.2495629379124 51.040467584117 50.8336290110839 50.5693712038993 50.329700422504 50.2229739091306 49.9533105165609 49.4918841383803 49.1401707861373 48.7438858904 -9999 47.4336290924784 47.1139311524816 46.4245389703634 46.0735538310595 45.7434523988219 45.4014741350545 45.0422505679238 -9999 -9999 -9999 43.8448509896931 43.5872280933592 43.2884421097823 43.0525002586521 42.9808059354366 -9999 -9999 -9999 -9999 -9999 -9999 -9999 -9999 -9999 -9999 40.7956854379374 40.8378269699587 40.7463002991013 40.8157592060885 40.8370455283526
53.6057306235524 53.5775923258489 53.6049978233626 53.3971661807038 52.8979507637724 52.6479973645731 52.3146821889549 52.2050352527584 51.6117076397036 51.3139445602305 51.1189273182215 51.0450173930577 51.1011818886474 50.8337352148308 50.3792256330145 49.9384260432342 49.6317500244608 49.2780201743004 48.6223430836007 47.7137233702318 -9999 46.9040820888788 46.5145884242523 46.2118400516298 45.884353585594 45.558312325586 45.3883007885434 45.1321540085594 -9999 -9999 -9999 -9999 43.5903264609679 43.2574266759294 -9999 -9999 -9999 -9999 -9999 -9999 -9999 -9999 -9999 -9999 -9999 -9999 41.3942264810928 41.4212332836493 41.2360755784953 41.0868057763032
53.5865861119551 53.6463977735351 53.6251909518757 53.3325532302461 52.9810520797871 52.7779138839582 52.5459436423675 52.2856485796117 51.6565946317548 51.4799779942523 51.3284706591758 51.3756608353386 51.3001914210048 50.847076403659 50.3401638666578 49.9259216093655 49.6570745127292 49.2056612389191 48.6907756546629 47.5543698260362 47.3862217653937 47.0217800202939 46.576821209984 46.321789010054 46.0399858607186 45.6644389835606 45.4646403247715 45.2500157684382 44.8616181599843 44.5906590047547 44.1446680396792 43.9092557041943 -9999 43.4391461857749 -9999 -9999 -9999 -9999 -9999 -9999 -9999 -9999 -9999 -9999 -9999 41.7214613764816 41.6507938263265 41.5599502244602 41.2678109745313 41.2197442814019
53.5788616944918 53.5299842846924 53.4051008740447 53.3778804748571 53.1356539619436 52.8126476401391 52.5671191569073 52.2389022404181 51.7289147219411 51.5937949895453 51.5699221331502 51.6349690526454 51.3954269100619 50.8470341412428 50.3224922666296 49.9464760685484 49.583269067319 49.0941478909336 48.5985785780292 47.7360906082404 47.4518787541331 47.0966338313927 46.7248746207554 46.4272107741957 46.1554156275042 45.8554864313312 45.5860845757283 45.3257301989674 45.0747055350613 44.8241793139923 44.4972049280293 44.1759943372906 43.9273724955898 43.6613644133275 43.3266425003236 -9999 -9999 -9999 -9999 -9999 -9999 -9999 -9999 -9999 -9999 41.9237388829993 -9999 41.6619649336566 41.3652170781119 41.3340646452335
53.6736696730313 53.554242715247 53.2635605202459 53.4158927179383 53.2545823516181 52.8408265545314 52.518438381901 52.2513521226976 51.8573520673432 51.6168017955433 51.6432758801669 51.6994959300415 51.3547911533341 50.6431631616585 50.4248045385891 50.2039143536923 49.4334034227285 49.0175323276819 48.7417492313077 47.8183114506005 47.4912791396197 47.1897487594318 46.8369592604075 46.5146635799539 46.2381568139501 46.0301719975147 45.7333971273486 45.401839509656 45.2356177644812 45.0905062564101 44.623494241796 44.2377010052605 43.9665078712133 43.7879879887993 43.5480378899606 43.2635850244575 43.0324347840098 42.9583743494484 42.831079425503 42.7122350687172 -9999 -9999 42.1673949543206 -9999 -9999 41.9971899800348 -9999 41.6556360823235 41.4636757170842 41.5122911033742
