rcp4.5models/MPi_ESM_LR/sc1gr7.17
NCOLS 261 
NROWS 433 
XLLCORNER 336357.134 
YLLCORNER 654653.479 
CELLSIZE 1000 
NODATA_value -3.4e+38 
[rows 330 to 351 of 433, columns 98 to 146 of 261]
45.8959083557129 45.401683807373 44.3884048461914 45.6598968505859 47.2740097045898 46.9734001159668 46.8046531677246 45.2923622131348 43.1953201293945 43.1201324462891 43.0726661682129 43.1007614135742 43.1448516845703 43.8763084411621 -3.4e+38 -3.4e+38 43.8591156005859 42.9955749511719 44.7009315490723 47.1706962585449 -3.4e+38 -3.4e+38 45.5722351074219 43.6719055175781 43.6202812194824 43.6861038208008 43.5647735595703 43.6157455444336 44.1683959960938 43.8487129211426 44.2473526000977 43.7878837585449 43.5559577941895 44.0685234069824 45.0458145141602 46.8733711242676 47.3308296203613 50.0743827819824 52.8521270751953 52.8977546691895 50.0175590515137 50.2313804626465 53.3733215332031 56.0035667419434 56.6107139587402 55.6042594909668 55.9947204589844 57.1296501159668 62.1693992614746
45.0227890014648 45.5481986999512 44.6076545715332 45.5451774597168 46.6034774780273 47.3905296325684 48.7099952697754 46.2037658691406 42.9681053161621 42.5598564147949 42.2085914611816 42.352653503418 42.7255821228027 42.6792945861816 45.5197486877441 -3.4e+38 45.7124404907227 44.6819381713867 43.9363288879395 43.1497535705566 44.2608528137207 45.5108451843262 45.1920204162598 44.8420257568359 43.9929618835449 43.2764053344727 43.3916702270508 43.3800086975098 43.6655387878418 44.6932601928711 44.8050727844238 43.2528915405273 43.6975784301758 43.4680786132812 44.2093963623047 45.6388969421387 45.4851951599121 45.7306098937988 48.1367874145508 50.528621673584 49.7773246765137 48.8813781738281 51.4413604736328 55.1087379455566 57.4846000671387 57.2533149719238 56.671215057373 57.3992156982422 63.1921081542969
43.951789855957 44.5403213500977 45.3383903503418 45.3775939941406 45.9227180480957 46.7536926269531 46.7709617614746 44.5845069885254 42.9200248718262 42.0556373596191 41.4917106628418 41.7518348693848 42.2969703674316 42.490364074707 45.510555267334 47.9773406982422 -3.4e+38 -3.4e+38 44.4542045593262 42.9896545410156 42.4630889892578 42.7203178405762 43.8032989501953 44.897159576416 44.3141822814941 43.0909690856934 43.3905487060547 43.2945327758789 43.1511993408203 44.9956245422363 46.4442710876465 44.425609588623 43.6000556945801 43.0975952148438 43.3639221191406 45.3932304382324 46.498119354248 45.1881217956543 46.020076751709 47.9555892944336 49.1852836608887 50.0683746337891 52.7746772766113 55.689151763916 57.8393821716309 58.2754859924316 57.6153564453125 57.3538017272949 62.0668601989746
44.3928909301758 44.318489074707 45.5931930541992 46.1674537658691 48.0961647033691 47.3262138366699 44.5806884765625 43.2626724243164 42.7149887084961 42.0715713500977 41.7662582397461 41.9704627990723 42.6381530761719 43.2466506958008 -3.4e+38 -3.4e+38 -3.4e+38 -3.4e+38 43.5752944946289 42.8282508850098 42.3051223754883 42.078197479248 42.4068298339844 43.2101516723633 43.449592590332 42.877025604248 43.1822166442871 43.5351142883301 43.3741645812988 43.2554244995117 44.3978843688965 44.1170425415039 43.0366058349609 43.0666084289551 43.042049407959 44.1328926086426 45.6726531982422 45.2482109069824 46.8521728515625 49.3018836975098 51.401008605957 52.6250610351562 54.4169654846191 56.069034576416 57.3258514404297 57.8137435913086 57.4664916992188 56.4308662414551 57.4722328186035
45.2788619995117 44.8873596191406 45.4421653747559 44.9573097229004 46.215705871582 45.3892478942871 43.6977615356445 42.560375213623 41.9852905273438 41.5749244689941 41.4079704284668 41.7247161865234 42.3171653747559 42.7696952819824 43.8173522949219 46.8152961730957 -3.4e+38 -3.4e+38 43.7176094055176 42.3797912597656 42.0862731933594 41.8586044311523 41.9062461853027 42.2055931091309 42.4936904907227 42.556827545166 42.7890014648438 43.1934547424316 43.5073890686035 43.5949974060059 43.1777496337891 42.8195686340332 42.8542556762695 43.039134979248 43.0679969787598 43.2326469421387 44.1949424743652 46.0221748352051 48.7546195983887 51.0859489440918 53.250862121582 54.5904006958008 54.8204040527344 55.5764694213867 56.5655708312988 57.1670455932617 57.2529144287109 56.909969329834 56.6688003540039
43.9094429016113 44.4314270019531 45.4125213623047 44.5754623413086 44.7295799255371 45.1655044555664 44.1760292053223 42.2272834777832 41.2403907775879 40.7583885192871 40.7718849182129 41.159984588623 41.2853965759277 41.4657783508301 43.2997398376465 45.7303848266602 44.8719940185547 43.9249992370605 42.8822288513184 41.7911491394043 41.7349739074707 41.6678504943848 41.6061477661133 41.7874603271484 42.0843505859375 42.3698883056641 42.6780433654785 43.0283584594727 43.3181228637695 43.8845100402832 44.0735206604004 43.537540435791 42.7332878112793 42.673168182373 42.8563117980957 43.0658187866211 43.8897933959961 47.0532379150391 50.3194122314453 52.8602409362793 54.1173553466797 54.945499420166 54.9556694030762 55.4483032226562 56.0047264099121 56.5196266174316 57.1731224060059 57.6534729003906 56.7936820983887
43.2848968505859 43.8173484802246 43.9978294372559 43.9048690795898 44.3690910339355 44.2986679077148 45.0908203125 44.6803779602051 41.681941986084 40.503833770752 40.6450271606445 40.7435150146484 40.8098754882812 40.8334121704102 40.8549575805664 40.8862495422363 40.7158737182617 40.6223182678223 40.7076835632324 40.8587799072266 40.9168853759766 41.1308822631836 41.1950073242188 41.3124046325684 41.6348457336426 41.4143486022949 41.5374183654785 42.7416458129883 43.6441383361816 43.7588081359863 44.2349090576172 45.1362075805664 45.0609855651855 43.7211112976074 43.2528457641602 43.6084022521973 45.7439651489258 50.394947052002 51.7214546203613 53.2033767700195 53.7309799194336 53.7040786743164 53.8630447387695 54.4784545898438 54.7546195983887 55.2539176940918 55.133487701416 54.8136100769043 59.0230522155762
43.6236000061035 43.3043823242188 42.9961280822754 42.9651031494141 43.1332321166992 43.9353408813477 44.2130165100098 43.947395324707 42.6664276123047 40.4560470581055 40.3236846923828 40.332691192627 40.440486907959 40.4996871948242 40.3062019348145 40.293384552002 40.2901573181152 40.2684211730957 40.3498725891113 40.5840263366699 40.7275466918945 40.8376617431641 40.947265625 41.0987663269043 41.2862129211426 41.4938087463379 40.841136932373 41.6063537597656 42.5158195495605 43.323600769043 44.6313095092773 45.3005828857422 45.7934875488281 45.223934173584 44.2021408081055 44.3312377929688 45.3735580444336 49.8419876098633 50.6555252075195 51.7149505615234 52.6395034790039 52.9631004333496 52.7219581604004 52.0271949768066 52.3817939758301 53.3702621459961 54.9606170654297 57.9706382751465 61.5878067016602
42.6779289245605 42.644645690918 42.7018928527832 43.0024490356445 42.9725761413574 43.2370262145996 43.3908042907715 43.2498550415039 43.2677459716797 42.6802024841309 41.2315216064453 40.05517578125 40.0586891174316 40.1786003112793 39.8931312561035 39.8202934265137 39.9129066467285 39.9137153625488 40.0534133911133 40.3441429138184 40.5122413635254 40.630054473877 40.7652740478516 40.9672393798828 41.1897468566895 41.4578285217285 41.0613479614258 41.8049545288086 41.4483795166016 41.8936309814453 43.3256072998047 44.0195770263672 44.570125579834 44.6811447143555 44.4694442749023 44.1301460266113 44.3496246337891 48.236888885498 50.4878273010254 51.4175682067871 51.5219688415527 51.7546768188477 52.6835670471191 52.5270767211914 50.6711158752441 53.104564666748 57.4409027099609 59.7260971069336 59.5431861877441
42.2234115600586 42.6641235351562 43.0786666870117 43.3569450378418 42.866584777832 42.6379814147949 42.8750534057617 43.0427360534668 43.2359809875488 43.424633026123 42.9205131530762 42.7943649291992 41.9743232727051 41.508415222168 41.6798210144043 39.9697227478027 39.6929359436035 39.6512756347656 39.8075218200684 40.0577697753906 40.1584053039551 40.2444763183594 40.5364990234375 41.0111503601074 41.0473442077637 40.8011741638184 40.9760208129883 42.124439239502 42.0718727111816 41.5125846862793 42.1847724914551 43.2442665100098 42.9943885803223 42.7817993164062 42.8922996520996 42.8716239929199 43.4840393066406 46.4253234863281 48.18701171875 49.0783920288086 49.193603515625 50.7320022583008 54.064266204834 54.2874641418457 51.9031066894531 53.9947319030762 58.9682693481445 57.853458404541 59.5763397216797
41.9835052490234 42.5448760986328 43.2785415649414 43.647289276123 42.7323570251465 42.3857002258301 42.4653587341309 42.7611656188965 42.7765693664551 42.5662727355957 42.9418258666992 43.695972442627 43.5399131774902 43.0275382995605 43.2749519348145 41.1908912658691 39.938175201416 40.1775054931641 39.9944114685059 39.9071731567383 39.8894195556641 39.8785400390625 40.1871719360352 40.820140838623 40.7407875061035 40.1281623840332 40.7668342590332 41.6128845214844 41.863883972168 42.197940826416 43.4035415649414 44.1845283508301 43.237133026123 42.5373764038086 43.4939994812012 44.7791862487793 45.3543586730957 47.7188529968262 48.0861625671387 47.9719314575195 47.1383666992188 49.2950057983398 53.7325248718262 53.5074310302734 51.1115684509277 53.3436317443848 58.1057472229004 57.3439483642578 60.1916275024414
41.6377601623535 42.2760696411133 43.1455879211426 44.0262908935547 43.1219177246094 42.3737487792969 42.3350067138672 42.332592010498 42.4474639892578 42.5419731140137 42.2810974121094 42.0862083435059 42.3762321472168 42.2183837890625 42.8609237670898 42.2567939758301 40.9155616760254 41.8524703979492 41.7673034667969 41.4549446105957 41.1364288330078 40.5068054199219 39.9590377807617 40.3215751647949 40.544059753418 40.0251426696777 40.555606842041 41.3505592346191 41.1467247009277 41.7669906616211 42.985538482666 43.4383087158203 43.4176139831543 43.7355880737305 44.5368499755859 45.4770660400391 45.9398612976074 47.7762794494629 48.6119270324707 49.4765701293945 49.2241401672363 48.8831558227539 52.3107490539551 53.7885398864746 51.0669364929199 53.1811218261719 55.9377822875977 56.4871215820312 60.2355537414551
41.3505630493164 42.1013832092285 42.9545631408691 44.1630935668945 43.5264434814453 42.5331573486328 42.072021484375 41.9806213378906 42.0393943786621 42.0730323791504 42.0205039978027 41.7799377441406 41.4336357116699 41.2646903991699 41.9505958557129 42.2342834472656 42.2474136352539 42.6514511108398 42.2964668273926 42.0372657775879 41.8033790588379 41.2091064453125 40.6447677612305 40.5709648132324 40.4861259460449 40.096134185791 40.3218727111816 40.7898979187012 40.8030624389648 40.9998245239258 41.3879890441895 41.9848937988281 42.6579704284668 43.4008178710938 43.7727127075195 44.1785774230957 44.6350059509277 47.1689491271973 48.3768844604492 49.3332595825195 50.6225357055664 50.2266807556152 51.332332611084 53.0815887451172 52.7083587646484 53.5526351928711 55.381217956543 58.0812454223633 60.3411827087402
41.1572113037109 41.5890045166016 42.2040367126465 43.7370567321777 43.2814445495605 42.5442810058594 41.6991958618164 41.7093963623047 41.7484741210938 41.707405090332 41.7094230651855 41.6332092285156 41.3305969238281 41.1383628845215 41.159595489502 41.5168647766113 42.0080490112305 42.0109519958496 41.6231422424316 41.2282257080078 41.219913482666 41.4168548583984 41.5769538879395 41.4302215576172 41.0942611694336 40.6241035461426 40.4639625549316 40.7959175109863 41.7194671630859 42.2942810058594 42.1486625671387 42.435131072998 42.7552070617676 42.4779624938965 43.1419334411621 43.9770698547363 44.5170516967773 47.7263107299805 49.9880142211914 50.3361396789551 51.0994262695312 51.8388557434082 51.9070816040039 53.2298164367676 54.1709938049316 55.3189506530762 57.0624160766602 58.9976959228516 60.4767875671387
40.9294509887695 41.0294456481934 41.3435516357422 43.4780540466309 43.105827331543 42.0571556091309 41.3966026306152 41.4621353149414 41.4768371582031 41.4229393005371 41.4056358337402 41.4123802185059 41.2424049377441 41.0933609008789 40.9306564331055 40.9743728637695 41.0317153930664 41.2102279663086 41.2740097045898 41.0463752746582 41.0478401184082 41.2444686889648 41.5282173156738 41.8948249816895 42.045970916748 41.8346748352051 40.9350929260254 41.8616828918457 43.1859588623047 44.1122779846191 44.2412414550781 44.6244354248047 45.137279510498 44.6879386901855 44.6354866027832 45.3005485534668 44.9141159057617 46.9498405456543 49.7407455444336 52.3621788024902 53.1764907836914 53.6000328063965 54.2230186462402 55.3716011047363 56.3169364929199 57.3023529052734 58.2787055969238 59.2310333251953 60.6374282836914
40.7828140258789 40.8050651550293 41.1067848205566 43.3135375976562 42.5986328125 41.5369148254395 41.3238639831543 41.2652854919434 41.243091583252 41.335147857666 41.6040153503418 41.5949096679688 41.3263092041016 41.3396263122559 41.1199264526367 40.8304786682129 40.7792739868164 40.8121566772461 40.9166679382324 40.927417755127 40.7551231384277 40.6295356750488 40.7287635803223 41.3468704223633 42.1846237182617 42.7122917175293 42.7449417114258 43.6676559448242 44.3546180725098 45.1519737243652 45.9451866149902 46.7813720703125 47.6433944702148 47.7761116027832 47.4541931152344 47.5085182189941 46.7891883850098 47.2232284545898 49.855525970459 52.9274253845215 54.043514251709 54.7252502441406 55.5884017944336 56.3516616821289 57.1640777587891 57.8900032043457 58.5775413513184 59.3379173278809 60.9238739013672
40.8484115600586 40.7437553405762 41.595344543457 43.1774864196777 42.781364440918 42.253360748291 42.0027160644531 42.134765625 42.3296890258789 42.4150352478027 42.9940605163574 43.1954345703125 42.7694053649902 42.8488159179688 41.9564056396484 41.1942558288574 41.0499114990234 41.0830497741699 41.0621299743652 40.9782676696777 40.89111328125 40.8174057006836 40.8052444458008 41.3190307617188 42.2629470825195 43.0535163879395 44.246509552002 44.8866310119629 45.5101737976074 46.2129974365234 46.9450645446777 47.5548248291016 48.0684051513672 48.8065986633301 49.4054756164551 49.5452270507812 49.8160629272461 50.1812057495117 51.8774299621582 53.6266746520996 -3.4e+38 55.2937240600586 56.0068359375 56.6464462280273 57.4563255310059 58.1422424316406 58.708122253418 59.4727745056152 60.9380226135254
41.3128280639648 41.0152893066406 41.9052352905273 42.4783630371094 42.7840347290039 42.9058380126953 42.9181823730469 43.2047843933105 43.4868774414062 43.7825012207031 43.898738861084 43.818042755127 43.2097969055176 42.5218086242676 42.8265113830566 42.3296356201172 41.5837669372559 41.1815719604492 41.1491088867188 41.2017135620117 41.3239631652832 41.3260765075684 41.246395111084 41.7187080383301 42.6594467163086 43.4033355712891 44.7111892700195 45.421558380127 46.1753158569336 46.824535369873 47.5009880065918 47.958122253418 47.9968070983887 48.5418968200684 49.6581916809082 50.5827369689941 51.4628868103027 52.7843475341797 53.3742141723633 54.2135124206543 55.0163421630859 55.6414375305176 56.1928215026855 56.8296241760254 57.5908126831055 58.2960472106934 58.9052581787109 59.6246528625488 60.796215057373
41.5421943664551 41.8605461120605 41.4265022277832 40.1932945251465 40.9807815551758 41.8644065856934 42.1680946350098 42.3481941223145 43.0292053222656 43.1971206665039 42.351318359375 41.3063316345215 40.5277328491211 40.2742118835449 41.0389251708984 41.6091537475586 41.4454345703125 41.3826560974121 41.4449729919434 41.7347450256348 41.6884689331055 41.4176483154297 40.4877967834473 39.967845916748 41.1016387939453 42.3267631530762 43.7254180908203 45.0851211547852 46.624153137207 47.6807403564453 48.507152557373 49.3045043945312 49.9945983886719 50.4898109436035 50.9434967041016 51.4187774658203 52.1218605041504 53.6473007202148 54.2634696960449 54.8148231506348 -3.4e+38 -3.4e+38 56.4529876708984 57.1481170654297 57.9058647155762 58.6813201904297 59.2554397583008 59.7490463256836 61.1088905334473
41.1555519104004 41.5176963806152 41.4853401184082 40.3046684265137 41.3684387207031 42.3083457946777 41.8967514038086 41.4737205505371 42.2402687072754 42.7414894104004 42.4525108337402 41.6460304260254 40.435718536377 40.0706977844238 40.4791564941406 40.6470260620117 40.8512992858887 40.9936828613281 41.1835021972656 41.507080078125 41.5499572753906 41.4176788330078 40.7413177490234 39.9057922363281 40.0838241577148 40.6291465759277 42.0237731933594 43.8042106628418 45.9965057373047 47.8495750427246 48.8947677612305 49.7700843811035 50.3740043640137 51.1370658874512 51.7215232849121 52.1758422851562 52.4944458007812 54.1135635375977 54.5681800842285 55.0014190673828 55.726619720459 -3.4e+38 56.6144485473633 57.2338676452637 57.8775291442871 58.6302680969238 59.2441825866699 59.9215354919434 61.2543182373047
40.7938385009766 41.1766471862793 41.4739990234375 41.1981391906738 41.7293510437012 42.3460731506348 42.1860771179199 42.1215782165527 42.6278991699219 42.7612838745117 42.5646095275879 42.0195693969727 41.1664009094238 40.5566635131836 40.2430572509766 40.3444328308105 40.7185287475586 40.6687469482422 40.4452514648438 40.2794876098633 39.9119453430176 39.8619499206543 40.1333198547363 39.9239158630371 39.3605575561523 39.4687805175781 41.696605682373 42.8135452270508 45.0677642822266 48.0093231201172 49.3889465332031 50.2013854980469 50.9551315307617 51.6356391906738 52.2061309814453 52.3120956420898 52.4363861083984 54.3611030578613 54.7335395812988 55.1098022460938 56.0233688354492 56.5660095214844 -3.4e+38 57.3946380615234 58.125301361084 58.7528953552246 59.3265266418457 60.058464050293 61.8845062255859
40.3578147888184 40.794490814209 41.1793479919434 41.6959915161133 41.3979530334473 41.0242195129395 41.393383026123 42.1626853942871 42.7474250793457 43.0828742980957 42.7376556396484 42.2356338500977 42.3617057800293 42.503791809082 40.4754219055176 40.3074188232422 40.6834487915039 40.604606628418 40.463737487793 40.3477210998535 39.3289794921875 38.3636894226074 38.5439682006836 38.9030456542969 38.7705345153809 38.9142036437988 40.4191474914551 41.7388038635254 44.4608154296875 47.940013885498 50.1212120056152 50.9016265869141 51.5831985473633 52.0421104431152 52.6142654418945 52.7545852661133 53.0354461669922 54.5070190429688 54.7999649047852 55.3653907775879 56.2280387878418 56.8069725036621 -3.4e+38 -3.4e+38 -3.4e+38 59.0187797546387 59.497241973877 60.0909156799316 62.0672836303711
