rcp4.5models/MPi_ESM_LR/sc1gr10.35
NCOLS 261 
NROWS 433 
XLLCORNER 336357.134 
YLLCORNER 654653.479 
CELLSIZE 1000 
NODATA_value -3.4e+38 
[rows 176 to 197 of 433, columns 49 to 97 of 261]
442.440521240234 450.700836181641 487.635772705078 492.632354736328 508.295318603516 505.548858642578 485.162414550781 475.590728759766 507.155181884766 490.088623046875 485.535430908203 477.924621582031 513.318725585938 515.017272949219 514.295532226562 514.859619140625 514.079406738281 509.454681396484 507.785064697266 481.370147705078 504.951263427734 461.829742431641 498.019439697266 489.531219482422 468.123168945312 509.061737060547 466.096710205078 507.166107177734 515.240783691406 508.140838623047 499.850708007812 507.986419677734 526.240478515625 532.04052734375 555.662170410156 551.682556152344 518.801452636719 517.674926757812 573.339172363281 567.0458984375 538.343322753906 575.912475585938 556.335693359375 590.762145996094 593.089904785156 596.639709472656 600.335083007812 601.113647460938 603.8349609375
440.950012207031 443.639526367188 466.59765625 503.707855224609 504.181518554688 506.214874267578 502.100982666016 489.950286865234 507.950561523438 499.017791748047 459.694915771484 448.048370361328 474.821014404297 501.985504150391 466.352020263672 466.544616699219 468.115814208984 467.452911376953 465.999481201172 452.014862060547 466.471923828125 463.284545898438 516.191467285156 511.047424316406 490.512268066406 480.066101074219 502.261627197266 522.454528808594 511.876098632812 496.717102050781 505.525207519531 488.991180419922 544.8916015625 547.333801269531 549.664184570312 549.005737304688 534.321166992188 543.6826171875 567.456176757812 565.812561035156 548.005310058594 574.725769042969 562.101440429688 584.716186523438 585.930603027344 590.696350097656 594.850891113281 597.383850097656 599.102783203125
444.979064941406 476.17236328125 441.855194091797 464.793365478516 501.148376464844 493.458068847656 465.603210449219 502.98681640625 503.192810058594 499.354583740234 485.002655029297 484.083831787109 488.291656494141 492.597045898438 451.077941894531 476.612182617188 442.423248291016 450.46728515625 478.761077880859 446.183776855469 454.165588378906 485.104705810547 479.097900390625 503.580169677734 466.255401611328 454.500427246094 483.297668457031 519.968200683594 509.671508789062 511.678405761719 519.559265136719 473.715576171875 506.871368408203 533.751953125 511.947601318359 539.268371582031 521.389953613281 557.177185058594 561.504699707031 566.133056640625 568.73291015625 575.033020019531 578.434265136719 581.709289550781 582.023315429688 584.555358886719 589.124633789062 592.724670410156 594.093505859375
437.502319335938 450.937316894531 445.5537109375 476.544128417969 455.480010986328 451.339294433594 446.973083496094 465.878997802734 492.192077636719 457.023529052734 457.630126953125 457.414642333984 459.221771240234 463.254547119141 476.72021484375 463.540283203125 473.819183349609 443.241455078125 467.601226806641 484.616516113281 488.818389892578 503.988922119141 490.597076416016 503.915954589844 478.688018798828 445.985290527344 462.528137207031 516.055786132812 514.820861816406 526.867858886719 523.158325195312 506.404602050781 514.440063476562 531.948669433594 520.898376464844 528.0126953125 496.695281982422 551.252868652344 555.728881835938 559.656372070312 561.844604492188 559.441467285156 541.71435546875 577.763061523438 569.200988769531 551.61083984375 583.504333496094 586.651062011719 578.920288085938
432.957977294922 432.732086181641 436.666564941406 448.050872802734 432.556640625 434.421447753906 445.621765136719 472.664794921875 457.481018066406 476.210296630859 469.194030761719 434.039886474609 443.359649658203 475.271179199219 460.844360351562 473.445220947266 461.530700683594 480.123565673828 450.186889648438 501.525695800781 503.317291259766 503.720397949219 494.618957519531 472.042358398438 502.103210449219 476.888244628906 459.625457763672 513.474365234375 516.866455078125 522.506103515625 523.099975585938 526.813842773438 529.278381347656 531.745910644531 -3.4e+38 533.506713867188 524.906311035156 547.658264160156 550.015380859375 553.177368164062 554.251342773438 556.936096191406 537.564331054688 530.217834472656 537.136901855469 558.227722167969 579.865417480469 571.846801757812 546.952514648438
429.195922851562 431.216125488281 430.612884521484 429.983825683594 429.583435058594 430.014373779297 433.679840087891 455.525085449219 477.600219726562 485.441528320312 449.539886474609 441.091491699219 479.397521972656 494.289093017578 478.213653564453 490.537994384766 479.699584960938 497.712615966797 481.329681396484 498.981903076172 492.972839355469 458.465423583984 462.939208984375 485.985382080078 495.005096435547 458.930023193359 447.775085449219 476.805358886719 504.148895263672 476.166198730469 478.5185546875 490.167633056641 525.331604003906 527.783569335938 521.229125976562 503.477966308594 539.398620605469 542.92724609375 534.674133300781 517.132263183594 550.123474121094 557.397888183594 545.555725097656 497.558715820312 508.724060058594 531.920593261719 535.408569335938 533.635864257812 520.488830566406
426.333953857422 427.673431396484 429.630310058594 428.994567871094 428.276763916016 427.407165527344 427.223846435547 468.600158691406 458.227478027344 482.194000244141 437.756774902344 467.407409667969 460.015533447266 486.042877197266 458.265625 491.800842285156 491.751281738281 492.114807128906 495.106384277344 496.903015136719 492.700134277344 474.876403808594 481.369964599609 500.009460449219 486.440399169922 447.070007324219 471.623443603516 446.041534423828 461.083190917969 449.196136474609 450.724853515625 468.934020996094 522.081115722656 514.64208984375 490.073059082031 501.223236083984 493.8544921875 505.95263671875 532.093200683594 513.832763671875 515.515930175781 551.533813476562 549.030700683594 522.091064453125 497.356567382812 501.726135253906 505.379028320312 511.165832519531 512.306762695312
425.093811035156 424.862640380859 425.339630126953 -3.4e+38 424.637847900391 426.371490478516 434.190887451172 476.677459716797 432.196380615234 444.736267089844 439.256256103516 485.067779541016 473.909790039062 488.008514404297 474.365325927734 490.228240966797 480.246978759766 455.308135986328 458.486145019531 491.983306884766 483.174652099609 461.095733642578 485.884521484375 453.922607421875 451.039489746094 439.401763916016 454.103332519531 446.242431640625 -3.4e+38 485.513244628906 486.128112792969 496.114318847656 517.376220703125 512.986267089844 504.127899169922 519.636108398438 503.386505126953 512.482482910156 534.692565917969 532.937561035156 522.030456542969 538.589050292969 520.327453613281 538.181091308594 493.415130615234 496.037261962891 500.645904541016 513.796875 535.9111328125
423.930084228516 423.339782714844 422.725067138672 422.085845947266 422.289672851562 425.175231933594 428.272033691406 473.535888671875 433.113830566406 460.584594726562 429.628936767578 444.841247558594 453.899383544922 481.519927978516 453.803497314453 479.501342773438 438.951782226562 436.893463134766 428.578765869141 447.285980224609 442.22119140625 430.986724853516 446.341247558594 428.523132324219 429.558898925781 431.258087158203 432.261444091797 448.359558105469 486.566986083984 503.987915039062 497.868682861328 479.6767578125 512.398071289062 505.551239013672 477.321929931641 490.231323242188 -3.4e+38 518.930847167969 500.807159423828 535.223754882812 538.125610351562 538.175598144531 527.60107421875 533.947326660156 488.738800048828 498.960906982422 532.785888671875 531.482299804688 528.804382324219
418.618713378906 417.771759033203 417.119110107422 417.333770751953 427.860687255859 461.904479980469 461.263793945312 430.529510498047 480.435302734375 469.800903320312 424.895385742188 450.865966796875 473.581756591797 447.061737060547 452.939025878906 418.666778564453 417.862640380859 418.342590332031 419.874176025391 421.147186279297 428.781951904297 440.167938232422 422.325653076172 421.922882080078 422.843811035156 429.944000244141 445.257141113281 430.395385742188 439.787811279297 437.495147705078 438.757781982422 440.770477294922 458.448608398438 504.508026123047 493.798919677734 505.205322265625 478.684417724609 477.307525634766 466.858673095703 489.071685791016 493.593139648438 517.931457519531 536.435424804688 537.727172851562 534.647277832031 507.322265625 489.345001220703 511.791259765625 507.540435791016
416.0751953125 415.314910888672 414.481567382812 414.263824462891 418.78955078125 434.165191650391 444.975982666016 453.139617919922 443.513977050781 465.745819091797 426.702514648438 456.304931640625 434.596374511719 424.798797607422 432.028045654297 414.620147705078 414.186157226562 415.875823974609 -3.4e+38 417.650390625 419.968841552734 419.878631591797 421.198455810547 430.207916259766 454.589050292969 433.355895996094 465.09326171875 458.480377197266 432.375213623047 472.893341064453 -3.4e+38 476.662231445312 475.636779785156 465.5458984375 468.310455322266 464.632080078125 459.865051269531 493.832366943359 486.879333496094 -3.4e+38 497.065002441406 492.286254882812 502.108276367188 533.497863769531 535.627136230469 531.902526855469 515.657836914062 519.359130859375 522.614807128906
411.426147460938 410.809936523438 410.154846191406 410.399475097656 412.271179199219 411.851776123047 416.276184082031 438.386383056641 460.252105712891 471.462921142578 460.596374511719 474.702972412109 449.449523925781 425.49560546875 446.034393310547 413.202453613281 412.5966796875 413.128997802734 414.892730712891 415.100463867188 417.334259033203 425.881866455078 449.733001708984 434.950317382812 478.121887207031 457.228332519531 454.843597412109 471.816314697266 423.836608886719 -3.4e+38 -3.4e+38 -3.4e+38 -3.4e+38 477.375793457031 469.644744873047 443.543304443359 452.559448242188 473.755584716797 480.332458496094 489.283172607422 485.623382568359 500.638458251953 508.84130859375 529.1328125 530.374084472656 524.544799804688 508.615051269531 539.830810546875 543.500793457031
405.626007080078 405.034057617188 405.079620361328 407.312622070312 407.939331054688 407.883605957031 409.559417724609 413.702514648438 429.680908203125 431.721893310547 442.112121582031 468.642730712891 439.991058349609 450.824310302734 437.538513183594 441.990814208984 411.636871337891 411.029998779297 413.664215087891 413.324462890625 414.215393066406 420.558258056641 442.372589111328 453.225128173828 441.073150634766 445.487335205078 457.572631835938 448.667358398438 461.458404541016 -3.4e+38 -3.4e+38 -3.4e+38 -3.4e+38 487.940704345703 456.195220947266 441.421112060547 443.158874511719 446.324432373047 453.702453613281 468.753173828125 458.381042480469 519.275939941406 513.31396484375 494.882202148438 526.913146972656 524.416076660156 514.682922363281 536.008666992188 538.248107910156
403.072021484375 402.465362548828 402.173980712891 403.478485107422 -3.4e+38 404.90283203125 405.260314941406 407.049377441406 406.653167724609 416.920532226562 457.054107666016 460.104919433594 415.50048828125 426.041015625 413.715484619141 423.411773681641 408.369598388672 409.919158935547 410.149169921875 411.654266357422 421.105865478516 446.053619384766 429.452453613281 461.853118896484 416.023040771484 431.861846923828 475.266510009766 465.658020019531 -3.4e+38 -3.4e+38 487.511474609375 489.818817138672 -3.4e+38 -3.4e+38 463.629669189453 446.666229248047 476.538696289062 479.856536865234 480.703643798828 484.329864501953 477.185913085938 477.583618164062 482.843139648438 501.090209960938 522.478515625 526.2724609375 527.903564453125 531.872192382812 534.623840332031
398.737640380859 398.847320556641 400.898071289062 400.624450683594 401.013671875 400.967834472656 402.614624023438 413.855743408203 447.672393798828 442.763793945312 427.579223632812 425.171752929688 417.450103759766 439.464813232422 406.940093994141 405.986633300781 406.056945800781 408.671051025391 408.236450195312 411.779083251953 416.193939208984 429.270233154297 419.296844482422 430.139770507812 422.803741455078 460.193054199219 477.806579589844 481.24365234375 481.862091064453 484.181243896484 476.160186767578 450.064971923828 454.600250244141 472.794738769531 486.481384277344 476.413909912109 497.045471191406 500.138061523438 501.305419921875 504.962921142578 501.029205322266 478.078460693359 457.876098632812 488.192321777344 518.640808105469 521.181213378906 523.660705566406 526.508544921875 530.529907226562
396.481109619141 396.175384521484 397.340850830078 399.085540771484 398.465209960938 398.274993896484 399.270599365234 406.773803710938 431.971984863281 452.658813476562 414.881683349609 440.231170654297 411.181091308594 419.979278564453 414.665802001953 444.968658447266 435.442504882812 414.415954589844 407.768615722656 408.535522460938 417.341766357422 439.768371582031 420.111114501953 451.632141113281 447.272369384766 444.920257568359 467.046356201172 439.659545898438 451.438507080078 483.124877929688 469.095794677734 425.2099609375 432.474487304688 449.940460205078 461.866729736328 491.221893310547 495.683746337891 499.038818359375 500.211975097656 494.015716552734 475.566223144531 504.886627197266 487.634094238281 494.645324707031 514.896911621094 518.409912109375 521.98876953125 523.406555175781 527.023559570312
392.954162597656 394.755706787109 394.405731201172 395.456115722656 397.233734130859 396.843566894531 396.4150390625 439.017913818359 443.5537109375 448.879119873047 408.360534667969 419.617950439453 403.015777587891 401.541412353516 407.245483398438 425.392364501953 429.1201171875 447.361480712891 415.813415527344 435.911224365234 410.900512695312 424.851257324219 423.886779785156 471.826110839844 457.346954345703 417.065002441406 438.552703857422 444.060821533203 422.610931396484 482.195922851562 467.643249511719 423.391906738281 435.581512451172 465.797424316406 462.988494873047 461.702575683594 491.780548095703 495.895263671875 498.207794189453 494.024871826172 483.726806640625 507.995056152344 508.669494628906 510.695068359375 512.239135742188 515.937561035156 518.369506835938 521.156127929688 523.352905273438
390.048614501953 391.132232666016 392.879730224609 392.510864257812 392.908843994141 393.349700927734 396.274932861328 414.574798583984 415.180847167969 413.998199462891 400.078277587891 401.438751220703 400.573303222656 399.825775146484 399.889068603516 402.326995849609 408.480316162109 423.190093994141 410.458679199219 420.961273193359 406.248565673828 408.823486328125 413.683959960938 439.776489257812 465.4052734375 448.403015136719 444.965515136719 431.054107666016 414.383422851562 470.055847167969 447.670074462891 458.700561523438 465.856109619141 486.407348632812 473.243316650391 443.108154296875 487.871520996094 490.37646484375 495.113739013672 498.982421875 498.2451171875 502.927734375 506.170654296875 509.656036376953 510.267944335938 512.206115722656 514.717468261719 517.268310546875 520.349731445312
388.545623779297 388.215728759766 388.613159179688 387.962615966797 388.01953125 390.331756591797 391.587677001953 391.935485839844 394.027557373047 394.312744140625 394.615936279297 397.263275146484 396.381805419922 395.886596679688 397.117706298828 399.263397216797 400.438049316406 401.875610351562 434.505218505859 414.883056640625 437.328094482422 408.343597412109 407.325744628906 421.146087646484 467.249328613281 459.744384765625 427.177703857422 413.760192871094 413.155700683594 461.970245361328 426.606964111328 452.386138916016 479.848754882812 483.026733398438 469.236663818359 439.245330810547 483.904083251953 477.798065185547 464.925476074219 496.152984619141 495.6240234375 500.240783691406 503.862487792969 506.137939453125 508.194885253906 509.584442138672 513.121765136719 505.125915527344 481.953186035156
-3.4e+38 384.344268798828 386.121063232422 385.671325683594 385.316680908203 385.759033203125 385.514770507812 388.950775146484 390.194854736328 391.674163818359 391.388946533203 391.707977294922 391.868621826172 394.56982421875 394.589904785156 394.827789306641 395.256652832031 406.94189453125 414.516845703125 409.485076904297 426.826416015625 413.535003662109 441.821807861328 448.091003417969 463.941436767578 460.249359130859 438.229553222656 413.852691650391 413.164703369141 460.171447753906 422.623657226562 445.419891357422 470.364410400391 457.387084960938 466.442565917969 429.076751708984 456.556213378906 478.822631835938 470.331329345703 -3.4e+38 493.385559082031 498.882843017578 502.076965332031 503.207733154297 497.385803222656 472.990173339844 476.855682373047 480.716156005859 483.027862548828
-3.4e+38 377.665283203125 379.559478759766 379.163726806641 379.462341308594 379.457214355469 381.022796630859 383.214752197266 383.405517578125 384.798675537109 384.053436279297 384.151519775391 385.580444335938 386.001373291016 387.344757080078 396.047973632812 417.041137695312 399.057891845703 392.1025390625 399.34130859375 421.122802734375 424.696105957031 403.826049804688 424.549011230469 427.027801513672 401.428741455078 413.524230957031 440.039825439453 426.051727294922 459.015808105469 440.360473632812 445.49560546875 428.767150878906 451.392913818359 440.820831298828 440.854461669922 442.306701660156 438.222351074219 439.830169677734 -3.4e+38 460.520202636719 457.819000244141 462.308197021484 473.084625244141 -3.4e+38 471.433990478516 447.845520019531 457.136993408203 472.27685546875
375.397521972656 375.008209228516 375.475738525391 375.482208251953 377.350006103516 377.988983154297 378.075744628906 378.383026123047 380.426879882812 390.084869384766 410.111846923828 379.684326171875 381.247161865234 382.917510986328 383.379241943359 397.066619873047 437.869140625 419.33740234375 389.695465087891 401.535278320312 434.659973144531 445.147125244141 432.060485839844 437.63037109375 440.791717529297 399.622283935547 406.44140625 429.030914306641 442.791717529297 461.427978515625 454.467895507812 466.482391357422 449.080383300781 432.910888671875 416.526947021484 426.5869140625 445.421875 420.740081787109 429.81884765625 443.328002929688 443.329742431641 441.803588867188 470.691070556641 478.415893554688 489.507080078125 462.659790039062 447.675079345703 458.721832275391 479.284851074219
