rcp4.5models/MPi_ESM_LR/sc1gr0.9
NCOLS 261 
NROWS 433 
XLLCORNER 336357.134 
YLLCORNER 654653.479 
CELLSIZE 1000 
NODATA_value -3.4e+38 
[rows 308 to 329 of 433, columns 196 to 244 of 261]
56.0313720703125 56.4325714111328 58.9827041625977 59.899242401123 59.0498962402344 55.873218536377 53.8143272399902 53.9531631469727 53.0988464355469 52.7235336303711 52.9825744628906 52.7836036682129 53.3921661376953 55.2005271911621 57.6789665222168 57.4837417602539 56.9337463378906 57.383861541748 52.3698768615723 51.7637786865234 51.7525100708008 52.0657997131348 51.4118194580078 50.9774169921875 50.8210754394531 51.5377883911133 52.7490997314453 52.4593544006348 50.9696464538574 50.9757614135742 50.784294128418 50.7743225097656 50.7287406921387 50.3811111450195 50.2559509277344 50.1902656555176 50.2138710021973 50.1609687805176 49.9172248840332 49.595775604248 49.6390800476074 50.0759544372559 49.8768157958984 49.5046272277832 49.3832969665527 49.169807434082 48.9523506164551 48.8532218933105 48.8457565307617
57.2926826477051 55.9681358337402 57.1697463989258 57.6401557922363 56.7942199707031 55.4406280517578 56.202465057373 53.7903823852539 53.0900840759277 53.0812911987305 53.0510406494141 53.3535079956055 54.6223602294922 55.7906036376953 57.4791526794434 56.6816482543945 56.5285224914551 57.3915977478027 53.183406829834 51.758716583252 51.5761985778809 51.8368301391602 51.3296737670898 51.0386695861816 51.2175254821777 52.0411186218262 52.0706329345703 52.4248199462891 52.081413269043 50.8435287475586 50.7357063293457 50.6854095458984 50.6528587341309 50.4078941345215 50.0841789245605 50.1172485351562 50.2578887939453 50.0990104675293 49.9716796875 49.7024536132812 49.5221939086914 49.7774085998535 49.6754302978516 49.3746109008789 49.3655433654785 49.2139587402344 48.9837608337402 48.9222602844238 48.9108467102051
57.9566764831543 55.9429817199707 56.3379173278809 57.8081855773926 57.3577041625977 56.1325912475586 58.1982307434082 54.5368766784668 53.6630897521973 53.0420951843262 53.476001739502 54.8225326538086 56.1601066589355 56.7963943481445 57.5454254150391 56.8095970153809 55.9651832580566 56.123851776123 53.7593078613281 51.8710479736328 51.4434852600098 51.29736328125 51.1698951721191 51.055477142334 51.4200973510742 51.9538955688477 51.5317344665527 52.1765289306641 53.3463096618652 52.2748374938965 50.5165138244629 50.5135917663574 50.3972320556641 50.2854537963867 50.0838088989258 49.984790802002 50.2103538513184 50.062801361084 49.841438293457 49.7292327880859 49.3975372314453 49.5072975158691 49.4766845703125 49.4109153747559 49.370174407959 49.1758995056152 49.2327575683594 48.9957962036133 48.8949890136719
57.775218963623 56.096076965332 56.3388404846191 58.315746307373 58.3865585327148 57.1394500732422 57.0887145996094 54.8591232299805 53.4756851196289 52.9350204467773 53.4560813903809 54.7261352539062 56.2387733459473 56.6313095092773 56.8844032287598 56.8586006164551 56.0624389648438 56.0250129699707 52.6862258911133 51.8897895812988 51.5515174865723 51.2935791015625 51.1824913024902 51.1183280944824 51.3278961181641 51.4958000183105 51.3243827819824 51.7329978942871 53.6742134094238 53.1056098937988 50.3907165527344 50.2604064941406 -3.4e+38 -3.4e+38 49.9663429260254 49.9427185058594 49.9563255310059 50.0301856994629 49.760871887207 49.6443290710449 49.4059829711914 49.4079132080078 49.3805770874023 49.3594779968262 49.1670074462891 49.0532989501953 49.2984390258789 49.1473045349121 49.0920600891113
57.6348533630371 56.7110252380371 56.2195053100586 57.1565475463867 57.4097480773926 56.5630187988281 55.6618614196777 54.020824432373 52.9235382080078 53.0238800048828 53.1149520874023 53.8163070678711 54.5760040283203 54.8001518249512 54.8660659790039 55.2389907836914 56.0872192382812 55.9709396362305 52.0068740844727 51.7579307556152 51.6005439758301 51.312873840332 51.2581405639648 51.2155685424805 51.2305335998535 51.4206733703613 51.4973258972168 51.4045448303223 53.0434303283691 53.0041923522949 50.6000556945801 50.4748802185059 50.1714553833008 49.9624366760254 49.9384880065918 49.9485549926758 49.8466529846191 50.0151443481445 49.779411315918 49.5819969177246 49.3583946228027 49.4200325012207 49.3613052368164 49.2592926025391 49.124080657959 49.1027641296387 49.1353759765625 49.1075706481934 49.1738014221191
58.9053039550781 56.5143089294434 56.2844886779785 57.2260704040527 58.0211448669434 56.5815773010254 54.6808433532715 53.6077728271484 53.5456390380859 53.9119644165039 53.5095100402832 53.6745452880859 54.5287933349609 54.2535209655762 53.5662689208984 53.9807090759277 54.2877922058105 55.8588523864746 53.9317321777344 51.8307266235352 51.4999160766602 51.3463325500488 51.1355018615723 51.1655654907227 51.0372581481934 51.3543472290039 51.8075942993164 51.0287818908691 51.2142028808594 51.8173484802246 50.7382125854492 50.5330009460449 50.3307876586914 50.094310760498 49.8263931274414 49.8143844604492 49.815544128418 49.8425216674805 49.8198661804199 49.5804443359375 49.5173301696777 49.3796463012695 49.1990585327148 49.0180625915527 49.0008392333984 49.040657043457 49.1047286987305 49.0909004211426 49.0099411010742
59.0928153991699 56.921630859375 56.2551727294922 57.0676803588867 58.8789520263672 58.1194458007812 54.3310394287109 53.6617889404297 53.8577613830566 54.1655197143555 53.8879699707031 53.8714294433594 54.3421592712402 53.4068717956543 53.3722724914551 53.444953918457 52.9705390930176 53.3651466369629 54.8859100341797 51.9062461853027 51.4004745483398 51.1609420776367 51.1174087524414 -3.4e+38 51.036563873291 51.2777900695801 51.243480682373 50.9314918518066 50.7821083068848 50.7495460510254 50.5879249572754 50.2648239135742 50.2295951843262 50.0615539550781 49.9124412536621 49.7958946228027 49.7468757629395 49.7515716552734 49.8270645141602 49.5721130371094 49.5516471862793 49.3130073547363 49.1626739501953 49.1070938110352 49.0555419921875 48.9128189086914 48.9808235168457 48.9805374145508 48.8936729431152
58.5692977905273 57.1102600097656 56.3016777038574 56.9667320251465 58.9999961853027 58.3714752197266 54.4186668395996 53.976692199707 54.0943870544434 54.0996971130371 53.765193939209 53.4908638000488 53.5595245361328 53.2035331726074 53.2596549987793 53.2009620666504 52.844783782959 52.8601760864258 53.4211235046387 51.8927612304688 51.387752532959 -3.4e+38 -3.4e+38 -3.4e+38 51.134147644043 51.2391700744629 51.1923294067383 50.8746376037598 50.6489791870117 50.4564628601074 50.3243865966797 50.2309188842773 50.0478248596191 49.9570960998535 49.9426574707031 49.7616386413574 49.7175598144531 49.6948890686035 49.7392311096191 49.6603546142578 49.7293128967285 49.3979797363281 49.2858924865723 49.1894340515137 48.9651298522949 48.8034324645996 48.7876014709473 48.7745513916016 48.7729606628418
58.0269889831543 57.2251167297363 56.703987121582 56.9151458740234 58.2282791137695 57.8834228515625 54.7631950378418 54.1670989990234 54.2526550292969 54.0915756225586 53.8397521972656 53.3980369567871 53.1982345581055 52.9145812988281 52.8770141601562 52.8185272216797 52.7399864196777 52.825927734375 52.0141334533691 51.7302169799805 51.4649314880371 -3.4e+38 -3.4e+38 -3.4e+38 51.1358489990234 50.9960098266602 51.0879364013672 50.9400901794434 50.684928894043 50.4553680419922 50.1978454589844 50.1368789672852 49.9559631347656 49.846061706543 49.809326171875 49.7061729431152 49.646614074707 49.5902252197266 49.6640968322754 49.7634658813477 49.7909393310547 49.3824577331543 49.2290649414062 49.147834777832 48.8955955505371 48.8246269226074 48.8103256225586 48.7354698181152 48.78759765625
57.8754234313965 57.8835678100586 58.185905456543 57.6429634094238 57.698860168457 58.0976982116699 55.364803314209 54.130313873291 54.357666015625 54.5315093994141 55.0068092346191 54.1441459655762 53.2967147827148 52.7877807617188 52.621711730957 52.6408081054688 52.5240020751953 52.6521987915039 52.167724609375 51.8653755187988 51.6029739379883 51.3858985900879 -3.4e+38 50.968994140625 50.8768043518066 50.9364471435547 51.1107482910156 51.0108757019043 50.7515258789062 50.4200477600098 50.207202911377 50.0952606201172 50.0755043029785 50.0991325378418 49.8624420166016 49.7756690979004 49.7043304443359 49.549144744873 49.528621673584 49.6666717529297 49.8398170471191 49.4375534057617 49.1529197692871 49.1079559326172 48.9607315063477 48.8939476013184 48.8941612243652 48.7887229919434 48.7804832458496
57.5599136352539 57.689510345459 58.4228782653809 58.9458236694336 57.0150413513184 56.6109466552734 55.1458511352539 54.4358177185059 54.7993469238281 55.0702018737793 56.0636405944824 55.315299987793 54.3549194335938 53.1578407287598 52.7810363769531 52.5696220397949 52.2683944702148 52.4887962341309 52.1491546630859 51.8795852661133 51.623893737793 51.3685684204102 51.3465461730957 50.9844017028809 50.7666702270508 50.9890670776367 51.0909309387207 50.8832817077637 50.6101112365723 50.4697570800781 50.6899375915527 50.9179077148438 50.1807632446289 50.1768493652344 49.8518257141113 49.7305374145508 49.637077331543 49.5628051757812 49.4621162414551 49.3971786499023 49.6053504943848 49.5137748718262 49.2121238708496 49.2081832885742 49.1482467651367 49.0091133117676 48.8707962036133 48.7893676757812 48.7422218322754
56.9921226501465 56.915111541748 57.2610702514648 58.191707611084 56.8915252685547 55.0383453369141 54.4126930236816 54.5171852111816 54.9694175720215 55.0719413757324 55.5566139221191 55.7685661315918 54.9275436401367 53.4152488708496 52.7308616638184 52.5102958679199 52.2624244689941 52.3377952575684 51.8580741882324 51.5430145263672 51.4755363464355 51.3138809204102 51.247142791748 50.8657417297363 50.7408561706543 50.9221839904785 50.9953918457031 50.7438316345215 50.5201148986816 50.6827392578125 51.7885589599609 51.1108589172363 50.3674430847168 50.1519889831543 49.8638343811035 49.7852096557617 49.7076988220215 49.5480270385742 49.6201477050781 49.2906913757324 49.2824935913086 49.5048866271973 49.2273178100586 49.2294731140137 49.2591514587402 49.0405883789062 48.8446388244629 48.7217063903809 48.6708183288574
56.0847854614258 56.5891227722168 56.8894653320312 56.634449005127 56.0265846252441 54.8906288146973 54.2927513122559 54.5247001647949 55.0632553100586 54.7523078918457 54.5866813659668 55.2914581298828 54.8218002319336 53.4870452880859 52.7580261230469 52.4369850158691 52.2006568908691 52.1226196289062 51.7611198425293 51.3689270019531 51.2537460327148 51.1267356872559 51.2457542419434 50.9191551208496 50.7289123535156 50.7168464660645 50.7296943664551 50.603214263916 50.5801391601562 50.8277740478516 51.5999603271484 50.6472206115723 50.3886528015137 50.1610107421875 50.045036315918 49.9517402648926 49.9566764831543 49.7080154418945 49.5437469482422 49.3274116516113 49.2152709960938 49.3646926879883 49.1596298217773 49.0014419555664 49.0913581848145 48.9145355224609 48.8744926452637 48.7938079833984 48.7158699035645
56.0834693908691 56.9654083251953 56.9084625244141 55.830493927002 54.7433471679688 54.5249290466309 54.2334136962891 54.5926666259766 54.9288177490234 54.7616844177246 54.1452674865723 54.4512977600098 54.7815589904785 54.1939926147461 53.7840194702148 52.5400276184082 51.9856719970703 51.9758071899414 51.667293548584 51.337703704834 51.288745880127 51.1029624938965 51.2178764343262 50.9089164733887 50.6492156982422 50.5439224243164 50.4280090332031 50.4712066650391 50.6880645751953 50.7311325073242 50.815071105957 50.4143447875977 50.2048225402832 50.2766876220703 50.0632820129395 49.9941825866699 49.9249114990234 49.6967887878418 49.6325569152832 49.4890213012695 49.4455146789551 49.1295547485352 49.0653419494629 48.9454307556152 48.9535484313965 48.9241180419922 48.889575958252 48.7970924377441 48.7534332275391
56.4783592224121 57.1131286621094 56.7854537963867 55.2974014282227 54.528190612793 54.3000411987305 54.117618560791 55.2664680480957 56.7845458984375 54.5122909545898 53.8770484924316 53.742862701416 54.1037521362305 54.2565498352051 54.2086524963379 52.4606704711914 51.9111366271973 51.8978462219238 51.5200119018555 51.3559532165527 51.5681800842285 51.0076484680176 50.9632720947266 50.8269996643066 50.6784400939941 50.5235328674316 50.4885330200195 50.4383888244629 50.6714363098145 50.5931816101074 50.7688407897949 50.4569244384766 50.0577774047852 50.2165489196777 50.0014495849609 49.8934783935547 49.8554496765137 49.5783843994141 49.6335983276367 49.4446563720703 49.3898277282715 48.9553031921387 48.965030670166 49.0009269714355 48.8720169067383 48.9555130004883 48.8662948608398 48.7826156616211 48.6872253417969
55.9774742126465 56.6984825134277 56.6733856201172 55.6345100402832 54.5984535217285 54.1154327392578 54.4650344848633 58.3507270812988 60.3687286376953 56.3506698608398 53.7457542419434 53.4098815917969 53.2749328613281 53.4255714416504 53.2947158813477 52.2543983459473 51.9263572692871 51.8402519226074 51.6836738586426 51.4561500549316 51.5764427185059 51.045051574707 51.0866775512695 51.0454864501953 50.9021339416504 50.6718673706055 50.5389022827148 50.4133186340332 50.4524841308594 50.4419364929199 50.4561500549316 50.4532089233398 50.1640625 50.0924263000488 49.949878692627 49.7191162109375 49.7491226196289 49.6426467895508 49.5259208679199 49.338924407959 49.2892265319824 49.1017456054688 49.1371269226074 49.1386566162109 49.042667388916 48.8542556762695 48.8163185119629 48.7781867980957 48.6259384155273
55.4797821044922 56.466926574707 56.3845901489258 55.7524452209473 54.6696586608887 54.2222633361816 56.0657653808594 61.6945610046387 62.3252868652344 59.6088485717773 55.157657623291 53.223575592041 52.9428405761719 52.9381256103516 52.5122146606445 52.1049194335938 51.8850784301758 51.8782272338867 51.8209800720215 51.5218811035156 51.586784362793 51.2928314208984 51.239917755127 51.2257614135742 51.0839767456055 50.8877487182617 50.5565910339355 50.4184036254883 50.2148666381836 50.2785491943359 50.2765121459961 50.3370895385742 50.3274078369141 50.0322303771973 49.9508819580078 49.7211074829102 49.6080169677734 49.6122360229492 49.5147171020508 49.3901786804199 49.275260925293 49.3533020019531 49.2861328125 49.0535545349121 48.9961471557617 48.8358268737793 48.9274215698242 48.8278770446777 48.7438201904297
54.944278717041 55.7361755371094 55.9142036437988 55.0381622314453 54.2086334228516 54.0797386169434 55.8642425537109 60.9930572509766 62.4722709655762 62.7377090454102 61.36962890625 56.1322135925293 53.0398101806641 52.8120155334473 52.4101448059082 52.4796180725098 52.4964942932129 52.8227233886719 51.6328010559082 51.9613647460938 51.9754219055176 51.5817222595215 51.3604125976562 51.1380577087402 51.0246696472168 50.9382705688477 50.5150871276855 50.4882888793945 50.3602066040039 50.1691970825195 50.0707778930664 50.097583770752 50.0192794799805 49.9440574645996 49.8813591003418 49.8212738037109 49.5549621582031 49.4137344360352 49.2824440002441 49.2120399475098 49.1096992492676 48.9967308044434 49.2220268249512 48.9099540710449 48.877197265625 48.8270721435547 49.0628204345703 48.7571868896484 48.8614234924316
54.8536224365234 55.2223091125488 55.5917091369629 54.7993927001953 54.0024757385254 53.6237297058105 55.0712623596191 59.058177947998 60.8148155212402 62.3978004455566 61.7783355712891 57.3477897644043 53.3333740234375 52.7754898071289 52.9135513305664 54.184455871582 53.0343284606934 53.9890632629395 51.7631149291992 52.0014190673828 51.9943771362305 51.4128494262695 51.0609855651855 51.107307434082 51.0593185424805 51.1375541687012 50.6235733032227 50.5541534423828 50.5027160644531 50.3564186096191 49.9690322875977 49.8519020080566 49.9375343322754 49.7422256469727 49.6753082275391 49.7638053894043 49.6695365905762 49.3715629577637 49.3132362365723 49.144718170166 49.0516128540039 48.9438285827637 49.0351257324219 48.9363708496094 48.883415222168 48.8764419555664 48.9056510925293 48.6070785522461 48.8216361999512
54.7737579345703 55.1900863647461 55.1960144042969 54.4588317871094 54.0100517272949 53.6057281494141 54.0949363708496 57.5907402038574 59.9025840759277 62.2987403869629 62.0878524780273 58.6190528869629 53.7265892028809 53.1439743041992 54.7305641174316 55.1845474243164 52.8194465637207 53.2456436157227 51.962833404541 52.4389572143555 53.0853157043457 51.5177612304688 50.9196929931641 50.790657043457 50.9419937133789 50.9729156494141 50.6487808227539 50.4305191040039 50.4017715454102 50.3270454406738 49.9022521972656 49.7393035888672 49.8924865722656 49.7059440612793 49.5355110168457 49.552074432373 49.5113410949707 49.2878532409668 49.3131103515625 49.3479423522949 49.2545700073242 49.1215896606445 49.079761505127 49.0765609741211 48.957103729248 48.9067497253418 48.7161445617676 48.5514526367188 48.6122550964355
54.6638107299805 55.3502998352051 55.2738876342773 54.3154449462891 54.0493202209473 53.6155738830566 53.4740295410156 58.345100402832 60.4459686279297 62.1144790649414 61.8157348632812 57.7239952087402 53.4967041015625 53.2710456848145 54.9392051696777 53.8851127624512 52.5015754699707 52.1745262145996 52.3067436218262 52.3465156555176 53.1401977539062 52.2018699645996 50.9888648986816 50.6634788513184 50.6879577636719 50.5376472473145 50.5009422302246 50.2141761779785 50.0830459594727 50.1221618652344 49.8969802856445 49.7147331237793 49.7947463989258 49.6149482727051 49.4607353210449 49.4375648498535 49.4826965332031 49.3594360351562 49.3631820678711 49.5152015686035 49.3536186218262 49.3470649719238 49.0972900390625 49.0126342773438 49.0052642822266 48.8827781677246 48.6587867736816 48.6202278137207 48.6490325927734
54.8032379150391 55.180778503418 55.2379608154297 54.4811210632324 53.9024124145508 53.615795135498 53.4184761047363 57.3531913757324 59.0548362731934 60.0972023010254 60.1340560913086 56.1917343139648 53.2623825073242 53.0579071044922 53.5231552124023 52.8370513916016 52.4644927978516 52.3137016296387 52.2515754699707 51.8537750244141 52.0178871154785 51.920955657959 50.9986877441406 50.8468284606934 50.6206665039062 50.4839973449707 50.4420127868652 50.1941986083984 49.9260520935059 50.014232635498 49.8208885192871 49.7408180236816 49.7791137695312 49.5700836181641 49.6074180603027 49.6163520812988 49.6804313659668 49.5909080505371 49.5090484619141 49.4993362426758 49.414478302002 49.3055038452148 49.0460624694824 48.9325714111328 48.9214172363281 48.9389801025391 48.6337242126465 48.6045379638672 48.7022094726562
