rcp4.5models/MPi_ESM_LR/sc1gr9.0
NCOLS 261 
NROWS 433 
XLLCORNER 336357.134 
YLLCORNER 654653.479 
CELLSIZE 1000 
NODATA_value -9999 
[rows 88 to 109 of 433, columns 100 to 149 of 261]
189.062560305905 189.446858605635 189.642573138968 190.067554118848 190.240176685318 190.796839273701 190.761182338403 190.256807568952 191.034565477172 191.012962873998 190.572106176138 189.960954434929 188.624726924581 188.268136627859 187.957162184592 186.436756998176 185.966422012962 186.145259809211 184.726622112627 183.488082037704 183.573976183594 181.952154622534 180.677220292202 179.751205041632 178.092859630107 176.556377519562 174.90801955221 174.474405156941 173.051523986119 171.544884456733 170.846508536508 170.003872224985 168.219573331817 167.22080396341 166.572987987152 164.511126383127 163.342663704845 162.499147090186 161.339953848471 160.102600407726 159.180287977978 158.57361781446 157.231658132307 156.044019261082 155.127955148506 154.451423520855 151.23993963551 149.905353697955 149.072268707439 148.025998146171
190.262733225106 190.652540711398 190.81932670443 191.015592195315 191.661144099115 192.505628273426 192.525507048801 192.314362777168 192.348625549028 191.959812845778 191.389457220165 190.947819224118 190.015737799888 189.963321823923 189.716307207813 188.142251404491 187.068606642888 186.99875390729 186.203890197608 184.951222632472 184.391094673365 183.288030497685 182.101283333851 180.408268392981 178.840319476502 177.666167512964 176.34655887396 175.124209229561 174.363327448627 172.974220394 171.564326121595 170.99647128686 169.319671051275 168.183559368053 168.196855444207 165.165534121674 164.908163755985 163.536347293891 162.167463433519 161.425090768841 160.732900959904 159.231677952316 158.143248879221 157.055319280513 156.026037096399 155.349392315477 151.843023735523 149.98330681305 149.473118032888 -9999
191.40409439354 191.489443629302 192.54993693504 193.208536197015 193.623946096634 194.00074207059 194.006599865459 193.604208766969 193.331262053789 193.136677588947 192.483425086373 192.877317835447 190.877983895738 190.547900328243 190.605178735614 189.719106143888 187.821700098672 187.848552725272 187.039243001336 186.279020916085 185.195413014908 184.160507726181 183.312862327758 182.5276949115 179.658349860084 178.559480444777 177.618596013719 176.406811623739 175.241037885903 174.297410315964 173.008434360128 171.56738408505 170.672452366172 169.456062594635 168.888093190615 166.517241635281 165.652822979249 164.265325645696 162.527579191111 162.246499448069 161.377202294449 159.639034677692 159.008486589218 158.245595095418 156.597721843612 155.836698257501 152.321244292528 150.943495737354 150.266837608806 149.480961482442
193.14458334265 194.882270771126 194.659876490726 194.846020359364 195.21498184972 195.313530554113 195.416045584199 195.66553574658 195.335606329168 195.744058398885 195.225945326145 195.196239295516 193.497098255866 193.657865486714 192.657918469371 191.153050320945 190.850198522987 190.626310518947 188.661903510221 188.491799958877 188.114776733915 186.479664620632 185.326171806464 184.45785632851 182.496399896299 181.092796396953 179.94228035772 178.665236883337 176.97738690048 175.712866028181 175.175981961136 174.035737676855 172.767804854474 172.105832050499 170.642168220317 168.689534397081 166.91983075761 165.157277125963 164.248581348399 163.677797772187 -9999 161.465316130154 160.371977600185 159.439159989194 157.972370656252 156.049760123039 154.283557604865 153.251542424792 152.097509451452 150.418992990062
194.332597679597 195.9873944019 195.528227727996 195.779108615681 196.664811306125 196.763528656388 196.773718130935 196.378453696356 196.186203139559 196.603783691718 196.613317126559 196.279041272915 195.557305628992 194.8414928711 193.988426459353 192.679087906033 191.298863298118 191.467561066701 190.253095636421 189.44237678182 188.879238542571 187.85558107656 187.122527047603 185.176208146022 183.201417652045 182.089284578756 180.989674085704 179.21916953951 178.435332466106 177.4712849486 176.238750238038 175.353761673978 174.249827770496 172.440165755624 171.265531507472 169.137440065983 167.941577762782 166.594313917675 165.383054594198 164.589387798706 162.992986210394 161.986304304338 161.348233513513 159.722165810249 158.447113589466 -9999 155.291692003811 153.712836226566 152.632518857593 151.405333879729
195.450601895208 197.100774224383 196.639201697161 196.777236955549 196.968378254727 198.246365202536 197.571768880028 198.116015587995 197.696591029111 197.625077897246 197.646351847542 196.999945912051 196.563455850666 195.889026840321 194.793723454236 193.52710561054 192.543287323134 192.342248987877 191.562887246069 190.904172629398 189.327711644254 188.723341658441 188.398233825888 186.552002045607 183.738336686225 183.306489683047 181.884182089378 180.05364061524 179.669196017297 179.038699416845 177.562857613445 176.216315412674 175.201642658087 173.403963868261 171.791888291816 -9999 168.564924814185 168.274015406776 166.776073531016 165.018220039935 -9999 162.661921421686 161.824045821983 160.573299644415 158.994867813941 158.373231671195 155.752007585035 154.513805129706 153.17344310666 152.76555854464
197.342537537331 198.334323573575 198.156452167902 197.464125640099 198.040783125518 199.667338710289 199.29841787463 199.597831871954 198.252251819857 198.889013738395 198.297162537855 197.771046597833 197.335602371509 196.592424970841 195.843351773274 194.5575151376 193.819281353612 193.005300566947 192.420940974612 192.046829152789 190.171653680177 189.735404360911 188.858755255537 187.663359216428 184.90159263268 184.236580712236 182.775806353168 181.361333018223 180.342656248094 179.71014872069 178.678011331653 177.791739620655 175.64488642853 174.545194861811 173.540418244439 170.809233904555 168.950662387496 168.981975208811 167.493756936327 165.527589885116 165.083961423969 163.902111931014 162.532126701755 161.584318257934 160.412419268549 159.341631009706 156.435232371387 155.608817053578 154.721654563492 153.532856815926
198.479531147503 199.49293909111 199.540489888169 198.804248907884 199.27309190715 199.91926553042 200.402907517431 200.300953074654 199.470259103623 199.153607910889 199.489041115876 198.474415792347 198.339063508883 197.341114367026 196.657243512895 196.375532193104 195.218166841176 193.749972247905 192.996849677017 192.590996069776 191.605822554435 190.778563837424 189.616895816701 188.499934509072 186.457491027569 184.622910816743 183.44261980442 182.318660837641 -9999 180.139375141277 179.584700782311 178.863187003698 176.472671046569 175.836817171984 174.846002957615 171.809867305102 170.560674329025 -9999 168.092464545028 -9999 165.987042992554 164.758289204261 163.297308170748 162.08612786015 161.429246918845 159.805014273614 157.581590003108 156.557534530316 156.035418153906 154.413782689911
199.366170646426 200.500079537578 200.231081152627 200.1910132597 200.733566654334 200.851646976906 201.15782724397 201.157315509173 201.037479357338 200.58785867551 200.816810234688 199.689609784128 198.995704229522 198.323594568247 197.438369276387 197.230988992816 195.680016344831 194.307264146625 193.39736720972 193.368658086357 192.464169789833 191.383832504886 190.221461491029 189.052214933828 187.451382164742 185.631481845533 183.862874886152 183.162627927239 182.280596631396 181.188360879739 180.174739027384 179.4064470558 177.779400151357 176.635218077238 175.323675846756 172.683473388457 171.96099380919 -9999 168.593264713341 168.122735715294 166.849099074721 165.192217106443 164.190432527843 162.729504739422 161.883075796774 160.619701744397 158.907615003868 157.617764564588 156.420346367974 155.113126195487
199.995537039366 201.508984811804 201.026926878814 201.140250447729 201.112667309596 201.307336067984 202.103266080151 201.711771557103 201.733731664595 202.062058808467 201.479605298892 200.925457786529 199.699898640809 198.898318755302 198.042126537044 197.991220212011 196.552457741985 195.128227782968 194.537062234674 193.983429654541 193.279480313632 192.493111381618 190.874910831217 189.363223604471 187.952583768317 186.905544928579 184.921021251505 183.830944651838 183.026939476235 181.945052847369 180.472588242836 179.937522012635 179.104091605841 177.563800785984 175.945839563124 173.956224168961 172.37104910595 171.178674682736 169.954806772619 168.827110409686 167.53402580684 165.652718490279 165.334380805568 163.934061377397 162.566353107951 161.60909462 159.566648027414 158.248295233857 156.650550599926 155.547531995797
200.762760612273 202.130513973629 201.988336922209 201.684518918728 201.545029414144 201.683298630504 202.116821591999 201.608592873133 202.410595901138 202.617007798226 202.154163886265 201.528348716085 200.274348046385 199.690261295633 -9999 198.674523744472 197.8191226881 196.258862021813 195.767751635387 194.767892152866 194.336073652009 193.403588667547 191.849790413336 190.175195283867 188.638370298727 187.724693934024 186.505136557369 184.508105298794 183.64849377989 182.817259053827 181.416822078138 180.301451663752 179.793988577285 178.678312262977 177.715263875015 174.883249823733 172.76201380356 172.059901003387 170.992717218137 169.300967560482 168.21201611781 167.268798917537 166.002333102051 164.865619300368 163.72370869403 162.577163207866 159.904667052605 158.966438357398 157.52636712044 156.346233507788
201.324013582734 202.497609424858 202.953296963251 202.380915964735 202.078158865095 202.13719483642 202.193305190718 202.473736104566 202.981554231631 203.335061016439 203.068377548297 202.113986914975 201.528587527751 201.152035469107 200.379595473824 199.347711454799 198.450198686947 197.217839129428 196.39818569645 195.762908060556 195.322677715469 194.162935885056 192.937773212728 191.512813230312 189.24979052498 188.54795383656 187.605364450347 186.017221594309 184.00229964671 183.585095112556 182.759385770505 181.631713905572 180.067512985855 179.132056784506 178.614767041931 175.455376038056 174.118052960484 172.692689824184 171.743622856595 170.278059570178 -9999 168.621934150062 166.826292401895 165.383165052247 164.850362291454 163.160625293273 160.761900101865 159.795374480158 159.22751110774 157.783392998518
202.542657632346 203.195026717522 203.536957342346 203.375417694357 203.161523784489 202.890649758959 203.410891487657 203.606179482665 203.327222494218 204.209996864808 203.496372748631 202.260039367831 201.970730672753 201.955003173002 200.904630776106 199.90225730471 199.108050930968 197.781447624071 197.151486639139 196.735539937752 195.870365185028 194.789958615123 193.984570032766 192.67721136853 190.007097132026 189.516900303629 188.382121242685 187.166275016523 185.091666973049 184.237336046805 183.451346201467 182.630367853644 180.445178683159 179.730395822243 178.840140525665 176.324565306205 175.275464873663 173.620510745556 172.470966819958 171.623840147495 170.263497780091 169.003804485094 167.913014579284 166.964926634635 165.661341463315 164.242561066701 162.017578056896 161.118860209983 160.177323174734 158.658971675362
203.331326656931 204.136404954447 204.264522625507 204.367379202459 204.348212588184 203.745791180215 203.723168141363 204.11473595313 203.823780681495 203.788394740331 203.308480095492 202.674036832521 202.367301303531 202.613918556336 201.566192465523 200.549937279342 199.691390627947 198.426856040092 197.76537813439 197.693490960084 196.546548819852 195.537227083483 195.035392786438 193.801596596104 191.30053210137 190.059968925726 188.973311217059 188.1410759377 186.584009021628 184.829016104654 184.112909138222 183.066629915351 181.514106472176 180.6709846819 179.536376471574 177.471541983612 175.751620017559 174.918896582484 173.794237789509 172.378185250358 171.223207119189 169.468795541631 169.135288647396 168.095480246943 166.107380845549 165.286904813593 163.176847938655 162.496666469155 160.9309770685 159.185037702515
204.04472470329 204.639940960872 204.762166156798 204.859049429867 204.891648655696 204.664011039484 204.545907998111 204.793456570309 204.613931152986 203.879448274816 203.734469229845 203.619361772889 202.708107849658 202.189988480098 201.307741809968 201.046872692485 199.98841167895 198.961198107255 198.399721145081 198.287960816661 197.587512443408 196.919342600407 196.036955449395 194.863354862463 192.058017857457 190.391132496504 189.625426699574 188.79143805535 187.578442978802 186.307711313621 184.96325731717 183.642756044364 183.176112501432 181.838959035906 180.118272384312 178.149560480006 176.18002450006 175.989177593758 175.029042612659 173.580085068193 171.993520802276 171.03124271315 170.430328448716 168.518045660762 167.03153745434 166.271626091233 164.293310012844 163.064496683925 161.642196969896 159.902734934771
205.912342120429 205.752603639287 205.619560859914 205.737668866691 206.067354565413 206.299542639369 206.18670503645 206.103331586667 205.783637478724 205.636009177912 205.365137851907 205.345038154765 204.134915369146 203.267494326845 202.955184343728 202.020005060924 201.627149737288 201.022044141096 200.193163651198 199.196290269657 198.799903565892 198.354907606157 197.112497798846 195.768818885654 193.990835946839 192.332726045623 191.152475585709 190.065938877323 189.35049134552 188.304396964301 186.649435465149 185.47675694055 184.480220149065 184.073109249279 182.822951365624 179.914261040425 179.160976488393 177.617167058567 176.81255486977 175.746866473683 174.020296484563 172.737811205261 172.267466431462 171.238281115305 169.578227273971 168.609000605633 165.309736937841 164.265029954631 163.278753864049 162.052690038817
206.463654529331 206.431430062019 206.530984806167 206.545493561963 206.316858940065 207.048017746309 206.793985556998 206.681017217973 206.215103799807 206.184594339986 206.458351137184 205.849956073965 205.543744162877 204.592548350022 203.84517758413 202.839988204932 202.152632264773 201.852278295334 201.098404541831 200.122115153303 199.708069208122 198.84357947903 197.729985882532 196.817093324341 194.760930240124 193.51162946433 191.699285129245 190.357015734355 189.848919773189 188.848843177298 188.23222578654 186.433478056359 185.164752866424 184.86116534982 183.637012296679 180.498539280317 179.636371687948 178.937675343317 177.904488608348 176.098896889034 175.056064610354 174.325969673649 173.192411491532 172.061345833399 170.425473252184 169.170410832872 166.457571930444 165.62344083271 164.597485889278 162.832959413013
206.190756345309 206.52636543876 207.502660241415 207.942392505872 207.391428512708 207.688612642099 207.604867024016 207.126808387064 206.881167666503 207.196684034827 206.906011100928 206.479922877101 206.317120686063 205.387665521086 204.724884736134 203.764459112978 203.186234384644 202.432074204622 201.734843392231 201.457025910016 200.606689847696 199.460926570099 198.390375548489 197.583785981559 195.348668247299 194.564742538969 193.003208399352 191.388042607059 190.58309974005 189.927140452984 189.167519132876 187.782245139667 186.638309534935 185.188397672627 184.459367524692 181.667463028488 180.418924591793 179.868970568904 178.964608373804 177.815358030493 176.18042409369 175.501375506884 174.187071801412 172.406261838324 171.171105862008 169.876954536657 167.895595310989 166.523159911984 165.180768281486 163.25226873663
206.515689230342 206.886679769156 207.978897875844 208.287593831391 208.145366780206 208.559508649735 208.429745251903 207.747677980723 207.72304164066 207.917338449357 207.52449950574 207.268088421376 206.896676585518 205.943861790946 205.321283581599 205.130953177531 204.347590759288 203.261820492489 202.449238555406 202.630308028396 201.49918830154 200.373528519027 199.305843588057 198.193783992175 196.432767882384 195.443022545897 193.97658788693 192.825242014386 191.148197522455 190.725693054505 189.869187944406 188.819013259279 187.757844467358 186.107264649736 184.939546368555 182.978154163788 181.578551399763 180.513229926918 180.159684126362 179.301743043039 177.563115634606 176.141581123259 174.933717780276 173.214810201852 172.44126484008 171.402323158466 168.773001568778 167.463443729992 165.681517598591 164.250309921172
207.420265880851 207.747374022711 208.521654218335 208.175088352292 208.24235743168 208.430117480725 207.973454967257 207.825509197219 208.602470516099 208.526451404549 208.303158064366 207.698429434138 207.751158673631 206.752715182551 206.004505019895 206.28056172478 205.13875052895 203.777338888212 203.24701747715 203.159822923153 202.301592195322 200.925214054361 200.244267020205 199.084106467659 197.523852839355 196.049957007543 195.113338650021 194.075252211398 192.417931729038 191.305713056206 190.460051070251 189.613485579432 188.292907888973 187.650847040994 185.879007839765 183.684447364738 182.836918525276 181.85945532059 180.849083105397 179.737394794022 178.685895282099 177.059261753635 175.902953900143 175.029790979991 174.20538874641 172.495289956462 169.394225213199 168.153321327694 166.378951069719 165.49783173916
208.315978536249 209.104827651873 209.420690002485 209.157763732596 208.781850557446 208.734531966763 208.470162667719 208.505044458433 208.569094050116 208.379021136905 207.805648624189 207.471633260222 207.320593321534 206.785521673807 206.470588905288 206.699310408118 205.5877788123 204.498824581325 204.487537454343 203.715527692342 202.871222562574 201.905073296037 200.695550011921 199.727559825994 198.012893914948 196.780965712981 196.285101781397 195.11133592287 193.936849439701 192.575579227389 191.432532727895 190.232704222724 189.34331516393 188.474763870225 186.78540849757 184.06137048983 183.860600261476 182.853065189754 181.453330771171 180.506357364744 179.763837411389 178.300592229686 176.882257110535 176.070856056786 175.014953827063 172.823535713582 170.031305582499 169.415414415674 167.92459580383 166.66362471379
209.143591513826 209.80308455461 209.864440104527 209.863824474227 209.635107739134 209.635495743247 209.676303829874 209.611714248862 209.205003728924 208.655014661875 208.189799018984 -9999 207.331136589622 207.096079545933 207.063269059093 207.258434626786 206.201000919862 205.338147690509 205.277310203006 204.524213740445 203.570184133582 203.085376748287 201.620391582119 200.354518920872 199.104328069971 198.071255320735 197.277270987562 196.505059917554 195.266636310592 193.86307611555 192.858283232464 190.973437706304 190.347338536946 188.865300282619 187.903526747443 185.642871205752 184.315431712817 183.325505192116 182.82229713559 181.646990085723 180.362374255471 179.178103169138 177.852433184463 176.244942601339 175.1875203791 173.240876894138 171.306299746313 170.326473952357 168.949887926088 167.307686367371
