rcp4.5models/MPi_ESM_LR/sc1gr10.25
NCOLS 261 
NROWS 433 
XLLCORNER 336357.134 
YLLCORNER 654653.479 
CELLSIZE 1000 
NODATA_value -3.4e+38 
[rows 330 to 351 of 433, columns 196 to 244 of 261]
570.811340332031 569.951538085938 568.759521484375 567.3994140625 565.508911132812 564.310485839844 562.732177734375 563.114624023438 563.250854492188 563.823608398438 563.562622070312 558.086791992188 554.892333984375 553.939880371094 552.533996582031 550.288146972656 548.325378417969 546.881225585938 544.249694824219 541.794250488281 539.799133300781 537.074584960938 534.91748046875 533.627075195312 531.205200195312 529.036682128906 527.332702636719 524.790283203125 522.575805664062 521.304809570312 516.663208007812 515.14599609375 513.411743164062 511.594482421875 511.424560546875 509.307373046875 506.203552246094 504.254760742188 502.783386230469 500.688293457031 498.410308837891 493.09130859375 490.163635253906 487.176086425781 484.622039794922 482.136901855469 478.950805664062 476.597045898438 473.934814453125
565.869262695312 565.249450683594 563.859069824219 563.264282226562 562.234985351562 560.296997070312 558.425170898438 556.494018554688 556.34814453125 555.706481933594 555.144348144531 551.792663574219 550.636291503906 549.686462402344 548.313110351562 546.047485351562 543.924499511719 541.610290527344 539.311401367188 537.191040039062 536.155029296875 534.308349609375 531.410095214844 530.248413085938 528.2607421875 526.004211425781 523.744567871094 521.736145019531 519.636474609375 518.022399902344 513.305541992188 511.903381347656 510.359558105469 508.935882568359 508.221832275391 505.579040527344 503.405609130859 501.636535644531 500.179992675781 498.042114257812 495.59765625 489.932159423828 487.04443359375 484.005737304688 481.224456787109 478.862426757812 475.654327392578 473.301544189453 469.9775390625
561.253173828125 560.360107421875 559.70263671875 559.803100585938 558.699829101562 555.541076660156 553.508056640625 551.277893066406 550.968566894531 549.277038574219 547.720520019531 546.931396484375 546.892028808594 545.723754882812 544.705078125 542.277587890625 539.649047851562 -3.4e+38 534.191589355469 532.452026367188 531.8544921875 530.154235839844 527.370971679688 525.80224609375 524.081359863281 522.295654296875 520.375305175781 518.472290039062 516.86572265625 514.961242675781 510.398620605469 508.604614257812 507.121215820312 505.933624267578 503.898986816406 501.192291259766 499.801086425781 498.628570556641 497.046875 495.5458984375 492.536254882812 486.330078125 483.799591064453 480.512756347656 477.800872802734 475.114471435547 472.186828613281 469.911163330078 466.988708496094
556.675048828125 555.66259765625 555.442993164062 554.807556152344 552.805419921875 550.369384765625 548.700744628906 546.350952148438 545.658142089844 544.661865234375 543.302856445312 542.082458496094 542.015380859375 541.409057617188 541.148559570312 537.786682128906 535.030334472656 -3.4e+38 529.639404296875 527.53369140625 526.372619628906 524.558410644531 523.072998046875 521.157104492188 519.382202148438 517.827575683594 516.655822753906 514.716430664062 512.968200683594 511.127197265625 507.208801269531 505.455902099609 503.026397705078 502.070404052734 499.559997558594 497.182678222656 495.472778320312 494.370880126953 492.612487792969 491.663024902344 488.351898193359 482.273406982422 479.871795654297 477.462005615234 474.694305419922 472.127105712891 469.608978271484 467.145904541016 464.705200195312
552.1708984375 550.942443847656 550.959228515625 549.195434570312 547.924743652344 547.48193359375 544.539001464844 541.462280273438 540.191223144531 540.034118652344 539.332336425781 537.789123535156 537.086486816406 536.266540527344 536.202331542969 532.990905761719 530.882263183594 529.499938964844 526.387390136719 523.955871582031 522.193359375 520.156616210938 518.806518554688 516.967163085938 515.107177734375 513.090881347656 512.047180175781 510.415008544922 508.085998535156 506.435485839844 502.668151855469 501.363037109375 498.490997314453 497.041107177734 495.162933349609 493.468994140625 491.335998535156 490.169464111328 488.907379150391 487.252960205078 484.431640625 478.812866210938 476.031311035156 473.7060546875 471.138488769531 468.440093994141 466.343139648438 464.216125488281 461.582611083984
547.782836914062 546.507446289062 546.533569335938 545.039184570312 544.776184082031 546.41796875 544.71044921875 537.434265136719 535.924682617188 535.423950195312 534.431274414062 533.732055664062 532.941467285156 532.362182617188 532.769958496094 529.224243164062 527.480590820312 526.456237792969 522.732116699219 521.027954101562 519.642517089844 517.1884765625 514.590942382812 513.070861816406 511.386199951172 509.1298828125 507.4228515625 505.987518310547 503.906768798828 502.008636474609 -3.4e+38 496.751373291016 494.918640136719 492.358642578125 491.056335449219 489.416809082031 487.650451660156 486.1494140625 485.003295898438 482.683532714844 480.206939697266 475.359741210938 472.768371582031 469.788940429688 467.086212158203 464.178009033203 462.185089111328 460.601135253906 458.111541748047
539.519165039062 540.193115234375 537.507751464844 537.448547363281 537.967346191406 544.713989257812 544.952209472656 529.501159667969 527.212890625 526.641967773438 526.064758300781 524.839538574219 524.196594238281 523.692199707031 523.095031738281 521.90380859375 520.083068847656 519.138000488281 516.185485839844 515.174987792969 514.600158691406 512.11279296875 508.174468994141 506.747833251953 503.402709960938 502.090972900391 500.088226318359 497.263000488281 495.807250976562 494.046875 490.534088134766 488.575866699219 486.858459472656 484.577270507812 483.013702392578 481.316131591797 479.045227050781 477.904052734375 475.831268310547 474.427062988281 471.804504394531 467.652526855469 464.835876464844 462.925659179688 460.078247070312 457.262023925781 454.788055419922 452.302154541016 449.657592773438
534.41064453125 535.907897949219 535.684204101562 532.80078125 531.517150878906 536.7490234375 542.94482421875 525.360534667969 522.871215820312 521.518432617188 521.251892089844 520.4091796875 519.942138671875 519.071594238281 517.784240722656 516.559936523438 514.619262695312 514.064453125 513.333312988281 514.310302734375 512.818908691406 508.184631347656 503.59814453125 501.647521972656 499.54638671875 497.54931640625 495.701110839844 494.050109863281 492.850830078125 490.619049072266 486.576110839844 485.378814697266 483.595642089844 481.427795410156 479.82666015625 477.595092773438 475.118804931641 473.764801025391 471.702911376953 470.050415039062 467.677947998047 463.641754150391 460.769989013672 458.574493408203 455.796997070312 453.482788085938 450.88525390625 448.745849609375 445.699554443359
528.872924804688 529.58935546875 531.109802246094 527.1923828125 525.359069824219 528.6083984375 535.797607421875 520.953186035156 519.064880371094 517.673095703125 516.966430664062 515.707885742188 515.216125488281 514.53955078125 513.053833007812 511.955352783203 510.517486572266 510.376647949219 509.178619384766 509.438018798828 506.510620117188 501.859405517578 499.609497070312 497.813507080078 496.28759765625 494.899780273438 492.623870849609 491.175201416016 489.652099609375 487.660339355469 483.519439697266 482.453552246094 480.378936767578 478.238586425781 476.544830322266 474.188110351562 471.578857421875 469.753662109375 467.708801269531 465.688751220703 463.221130371094 459.075164794922 456.493682861328 454.284149169922 451.469909667969 449.725189208984 447.471862792969 445.067352294922 442.323272705078
523.96142578125 524.489196777344 524.149108886719 522.227355957031 520.822631835938 521.671997070312 523.46142578125 516.289123535156 514.608032226562 513.357116699219 512.737365722656 511.779357910156 511.481018066406 510.446960449219 508.401245117188 507.122680664062 506.608764648438 507.041351318359 504.731475830078 502.954223632812 500.293823242188 497.537872314453 495.919158935547 494.619018554688 493.513275146484 492.508972167969 489.657531738281 488.126953125 486.059539794922 484.312255859375 480.415710449219 479.970336914062 477.408447265625 474.901428222656 472.551818847656 470.635986328125 467.936981201172 466.231811523438 463.7421875 461.681732177734 459.430603027344 455.220764160156 453.089050292969 450.743225097656 448.060913085938 446.08984375 443.899108886719 441.137573242188 438.844177246094
519.458068847656 519.223327636719 519.07861328125 517.720886230469 516.161804199219 515.051513671875 513.921997070312 511.687530517578 509.871002197266 508.157470703125 507.895294189453 508.022277832031 507.845642089844 507.017211914062 504.276702880859 503.075805664062 502.345275878906 502.094482421875 500.143463134766 497.979278564453 495.980926513672 494.062683105469 492.440490722656 491.281372070312 490.607788085938 489.400329589844 487.017211914062 485.190490722656 482.921783447266 480.326812744141 477.180114746094 476.28955078125 474.071746826172 471.243499755859 468.856628417969 466.636383056641 464.319580078125 462.598114013672 460.315643310547 458.104248046875 455.868072509766 451.874114990234 449.592132568359 447.282043457031 444.584045410156 442.699523925781 440.360015869141 437.74755859375 435.494750976562
515.228576660156 514.868835449219 513.809631347656 512.621948242188 511.334503173828 509.990966796875 509.045532226562 506.809204101562 505.385101318359 504.084686279297 503.801940917969 503.622772216797 503.168182373047 503.143585205078 499.926971435547 499.153015136719 498.566101074219 497.638214111328 495.550598144531 493.60693359375 492.209869384766 490.554290771484 489.441955566406 488.231140136719 486.950592041016 485.303070068359 483.685241699219 481.955780029297 479.683380126953 477.181915283203 474.022583007812 472.360992431641 470.716705322266 467.648468017578 465.342498779297 463.107299804688 461.086761474609 459.011657714844 456.805816650391 454.611602783203 452.305633544922 448.840240478516 446.497283935547 443.931182861328 441.540496826172 439.5009765625 436.9384765625 434.520111083984 432.611358642578
510.34228515625 510.747009277344 509.872528076172 509.218933105469 507.354156494141 506.073120117188 505.165496826172 502.668762207031 501.353729248047 499.840057373047 499.142150878906 498.789459228516 498.3779296875 498.528198242188 495.850646972656 494.625518798828 494.10400390625 493.550842285156 495.214721679688 489.943328857422 489.035430908203 486.772186279297 486.040405273438 485.219482421875 484.217437744141 482.839538574219 479.262603759766 478.0556640625 476.586395263672 474.332214355469 470.327362060547 468.640411376953 466.967926025391 463.992584228516 461.908203125 459.777709960938 457.862731933594 455.599212646484 453.681060791016 451.230926513672 449.239868164062 445.833343505859 443.2265625 440.574737548828 438.675018310547 436.361022949219 433.584747314453 431.422027587891 429.417694091797
505.910125732422 506.455688476562 506.912292480469 507.374420166016 503.421112060547 502.086975097656 501.465637207031 499.634887695312 498.615692138672 496.926727294922 495.092468261719 493.66064453125 493.172058105469 492.965148925781 491.643676757812 491.499053955078 490.768981933594 489.310913085938 489.913543701172 485.943115234375 485.783599853516 483.942901611328 482.327911376953 480.788482666016 480.680511474609 479.199890136719 475.11669921875 473.542297363281 472.806701660156 470.791656494141 466.498229980469 464.597869873047 462.711730957031 460.355346679688 458.306945800781 456.576873779297 454.473419189453 452.691741943359 450.672576904297 447.807952880859 446.06689453125 443.154907226562 440.217193603516 437.671173095703 435.538116455078 433.165893554688 430.901123046875 428.755401611328 426.146728515625
501.468841552734 501.344085693359 502.410064697266 503.009948730469 500.777770996094 499.210540771484 497.382873535156 495.502105712891 494.886901855469 493.917205810547 492.255462646484 489.772186279297 488.530639648438 487.960418701172 487.741333007812 489.122619628906 489.140014648438 485.600921630859 482.537139892578 482.022399902344 481.659942626953 480.433502197266 478.535308837891 476.785430908203 475.080261230469 473.373291015625 472.079864501953 469.726776123047 468.548248291016 467.462768554688 463.189849853516 460.669586181641 459.100921630859 456.97900390625 455.501983642578 453.501647949219 451.115844726562 449.735900878906 447.548980712891 444.772216796875 443.253051757812 440.066467285156 437.992279052734 435.631408691406 432.953643798828 430.715881347656 428.747711181641 426.063873291016 423.125244140625
497.914794921875 495.970977783203 495.944213867188 496.642211914062 498.687164306641 498.759094238281 494.658294677734 490.549407958984 489.978393554688 489.122619628906 488.032592773438 486.384521484375 484.814971923828 483.983947753906 484.695068359375 486.403137207031 485.231231689453 481.486938476562 478.635498046875 478.151428222656 477.966430664062 477.024841308594 474.553924560547 472.976806640625 470.31396484375 468.746490478516 468.115936279297 466.018035888672 464.462615966797 463.852966308594 459.798400878906 457.477752685547 455.652618408203 453.810516357422 452.445068359375 451.613555908203 448.612854003906 446.536743164062 444.15234375 442.011840820312 440.572723388672 436.731567382812 436.036865234375 433.576080322266 430.579467773438 427.785308837891 425.705322265625 423.184997558594 420.426879882812
494.262908935547 493.045043945312 490.3828125 490.85009765625 492.380676269531 492.941650390625 489.018157958984 485.663635253906 485.341613769531 484.339447021484 483.047760009766 482.730224609375 481.451416015625 480.198120117188 480.656188964844 482.381164550781 481.285217285156 477.153594970703 474.834075927734 476.021179199219 474.251586914062 473.975280761719 471.461547851562 468.964477539062 467.470458984375 464.703216552734 463.045471191406 461.903869628906 460.660400390625 459.655395507812 456.732208251953 454.651428222656 452.489501953125 450.492431640625 449.017181396484 449.465393066406 446.109344482422 443.682525634766 440.730377197266 438.49609375 437.199645996094 433.640563964844 432.882904052734 431.101409912109 427.098083496094 424.616851806641 421.501770019531 419.567810058594 417.143127441406
491.563293457031 492.721649169922 488.196746826172 485.267059326172 484.864044189453 484.473510742188 482.752349853516 481.420043945312 480.775451660156 479.426635742188 478.271118164062 478.379241943359 477.284240722656 475.842132568359 476.095184326172 477.318115234375 477.672729492188 472.958251953125 471.529022216797 474.155944824219 469.673980712891 469.914245605469 468.223205566406 465.155883789062 463.649444580078 461.248901367188 459.425720214844 457.808807373047 457.072479248047 455.97607421875 453.130493164062 451.307495117188 449.926147460938 447.416900634766 445.992218017578 445.390228271484 443.452880859375 441.073303222656 438.430023193359 435.652984619141 433.826507568359 430.026519775391 428.701416015625 427.106292724609 423.845001220703 421.613189697266 418.435668945312 415.656463623047 413.026000976562
483.370788574219 482.609375 480.330078125 479.035583496094 477.139129638672 476.604217529297 475.988647460938 475.298828125 473.657836914062 472.297271728516 470.884399414062 469.347961425781 468.13232421875 467.66748046875 468.419219970703 468.363067626953 467.329650878906 464.808837890625 466.374176025391 471.744445800781 461.049346923828 460.076477050781 459.390563964844 457.700714111328 455.914886474609 453.802673339844 452.446380615234 450.958160400391 449.085998535156 447.607330322266 445.352294921875 443.299530029297 442.056365966797 440.624267578125 439.683563232422 437.958282470703 435.344421386719 433.719177246094 432.810882568359 430.034942626953 427.928314208984 422.8857421875 420.118560791016 418.614959716797 417.385162353516 414.169952392578 411.411773681641 409.614868164062 407.316162109375
478.486999511719 477.905151367188 475.566162109375 474.248199462891 473.560943603516 473.861236572266 473.091003417969 470.348449707031 469.807159423828 468.625213623047 467.386962890625 465.982757568359 464.471496582031 463.582427978516 464.081909179688 463.624603271484 462.049957275391 460.676818847656 460.792907714844 462.392456054688 457.171112060547 456.016906738281 455.082183837891 454.832275390625 453.697052001953 451.675628662109 449.430786132812 447.704895019531 445.743286132812 443.567718505859 440.869445800781 439.899169921875 437.863189697266 436.905120849609 435.650268554688 434.095306396484 431.908630371094 429.817810058594 429.200286865234 426.224578857422 423.439300537109 418.955657958984 416.181335449219 414.647766113281 413.748565673828 411.410369873047 409.676818847656 407.454864501953 404.661407470703
473.716979980469 473.757263183594 472.236206054688 470.976837158203 470.075378417969 470.528442382812 469.888641357422 467.263641357422 466.526397705078 464.9091796875 464.507202148438 462.958984375 461.395751953125 460.07470703125 459.627563476562 458.869415283203 457.516937255859 456.68017578125 455.773132324219 454.691680908203 452.995330810547 451.970733642578 451.449310302734 451.237365722656 451.135498046875 448.428344726562 446.330139160156 444.834503173828 443.116973876953 440.296203613281 436.907165527344 436.110931396484 434.041564941406 432.81640625 431.460235595703 430.276916503906 428.398101806641 426.323272705078 425.084197998047 423.076690673828 420.04345703125 415.441680908203 412.79931640625 410.913482666016 409.598175048828 408.066925048828 406.973083496094 404.422973632812 401.849182128906
469.462921142578 469.085815429688 468.499298095703 467.938659667969 466.986022949219 466.684814453125 467.135070800781 465.586761474609 463.236724853516 460.996826171875 460.439178466797 458.889984130859 457.750213623047 456.884368896484 455.966827392578 454.690673828125 453.853820800781 453.108581542969 451.444793701172 450.241668701172 449.318176269531 449.158569335938 448.854370117188 446.319885253906 446.181060791016 443.768035888672 442.427429199219 441.096160888672 439.954284667969 437.601318359375 433.257141113281 431.923034667969 430.269561767578 428.94384765625 427.870208740234 426.508575439453 424.774566650391 422.809417724609 421.668914794922 419.436889648438 416.767059326172 412.01513671875 409.638458251953 407.646789550781 405.494079589844 -3.4e+38 -3.4e+38 400.547882080078 398.301605224609
