rcp4.5models/MPi_ESM_LR/sc1gr4.39
NCOLS 261 
NROWS 433 
XLLCORNER 336357.134 
YLLCORNER 654653.479 
CELLSIZE 1000 
NODATA_value -3.4e+38 
[rows 374 to 395 of 433, columns 196 to 244 of 261]
271.45263671875 271.196044921875 271.262603759766 271.32861328125 271.560760498047 272.115325927734 271.695953369141 271.711822509766 272.060333251953 272.491333007812 272.663909912109 272.692626953125 273.196502685547 273.385223388672 273.355499267578 273.161865234375 272.660247802734 272.664520263672 273.253479003906 273.409027099609 273.452331542969 273.065093994141 273.292022705078 273.531005859375 274.081604003906 273.98046875 273.626586914062 274.110229492188 274.149353027344 274.496765136719 275.142395019531 275.127807617188 275.498657226562 275.419952392578 275.064910888672 275.255004882812 275.244598388672 275.309722900391 275.669342041016 274.616027832031 -3.4e+38 -3.4e+38 -3.4e+38 -3.4e+38 -3.4e+38 -3.4e+38 -3.4e+38 -3.4e+38 -3.4e+38
271.758666992188 271.606353759766 271.779052734375 271.796508789062 271.999908447266 272.287780761719 272.117462158203 272.078338623047 272.362457275391 272.543518066406 272.755157470703 272.747314453125 273.315521240234 273.517272949219 273.508056640625 273.192779541016 272.992889404297 272.787322998047 273.459808349609 273.643524169922 273.821594238281 273.4296875 273.593017578125 273.887237548828 274.297668457031 273.90869140625 273.453369140625 273.633270263672 273.698211669922 274.178924560547 274.651245117188 275.163665771484 275.589202880859 275.652770996094 275.065551757812 275.055450439453 275.090942382812 275.443420410156 -3.4e+38 -3.4e+38 -3.4e+38 -3.4e+38 -3.4e+38 -3.4e+38 -3.4e+38 -3.4e+38 -3.4e+38 -3.4e+38 -3.4e+38
271.890563964844 272.038055419922 272.128662109375 272.045867919922 272.137084960938 272.473876953125 272.28857421875 272.430847167969 272.644012451172 272.74609375 272.697113037109 272.948333740234 273.517547607422 273.688995361328 273.539733886719 273.339660644531 273.544525146484 273.069305419922 273.922760009766 273.780212402344 274.084442138672 273.653991699219 274.015777587891 274.118591308594 274.291137695312 273.7890625 273.752838134766 273.486511230469 273.364501953125 273.98046875 274.192413330078 275.050537109375 275.198791503906 275.697052001953 275.174774169922 275.132659912109 -3.4e+38 -3.4e+38 -3.4e+38 -3.4e+38 -3.4e+38 -3.4e+38 -3.4e+38 -3.4e+38 -3.4e+38 -3.4e+38 -3.4e+38 -3.4e+38 -3.4e+38
271.740814208984 271.878723144531 272.163299560547 272.079437255859 272.172180175781 272.524932861328 272.409301757812 272.763000488281 272.847991943359 272.945404052734 272.864562988281 272.995819091797 273.615875244141 273.733856201172 273.712158203125 273.678924560547 273.817993164062 273.621704101562 274.354156494141 274.148864746094 274.390045166016 274.042694091797 274.363830566406 274.384460449219 274.427185058594 274.013732910156 274.05078125 273.917907714844 273.602844238281 273.840637207031 274.159210205078 274.562042236328 274.739532470703 275.427825927734 -3.4e+38 -3.4e+38 -3.4e+38 -3.4e+38 -3.4e+38 -3.4e+38 -3.4e+38 -3.4e+38 -3.4e+38 -3.4e+38 -3.4e+38 -3.4e+38 -3.4e+38 -3.4e+38 -3.4e+38
271.399169921875 271.649047851562 271.903656005859 271.988037109375 272.190826416016 272.516632080078 272.527740478516 272.880096435547 272.963500976562 273.065399169922 272.948822021484 272.931518554688 273.464996337891 273.583343505859 273.838500976562 273.840667724609 273.912841796875 273.970947265625 274.539978027344 274.612640380859 274.652923583984 274.574401855469 274.618408203125 274.891510009766 274.813171386719 274.435424804688 274.342529296875 274.212280273438 274.006713867188 274.077575683594 274.203582763672 274.191040039062 274.222381591797 274.368499755859 273.516937255859 275.832427978516 -3.4e+38 -3.4e+38 -3.4e+38 -3.4e+38 -3.4e+38 -3.4e+38 -3.4e+38 -3.4e+38 -3.4e+38 -3.4e+38 -3.4e+38 -3.4e+38 -3.4e+38
271.033020019531 271.583038330078 271.851745605469 272.156005859375 272.190032958984 272.364501953125 272.328857421875 272.545928955078 272.866271972656 273.064178466797 272.916290283203 273.225006103516 273.438812255859 273.589813232422 273.755187988281 273.949157714844 273.930603027344 273.973785400391 274.557739257812 274.569458007812 274.700134277344 274.687683105469 274.742858886719 275.089996337891 275.127197265625 274.975280761719 274.825836181641 274.432586669922 274.302581787109 274.401275634766 274.55322265625 274.218658447266 273.590606689453 273.647827148438 -3.4e+38 -3.4e+38 -3.4e+38 -3.4e+38 -3.4e+38 -3.4e+38 -3.4e+38 -3.4e+38 -3.4e+38 -3.4e+38 -3.4e+38 -3.4e+38 -3.4e+38 -3.4e+38 -3.4e+38
270.433380126953 271.427429199219 271.849487304688 272.003753662109 271.184295654297 269.254516601562 271.883239746094 272.088470458984 272.735565185547 272.951507568359 272.954162597656 273.538238525391 273.538940429688 273.589721679688 273.636901855469 273.874542236328 273.811065673828 273.899993896484 274.293670654297 274.527221679688 274.647277832031 274.648834228516 274.748840332031 274.969268798828 275.150390625 275.373474121094 275.049682617188 274.886566162109 274.733337402344 274.685791015625 274.942565917969 274.362091064453 274.004821777344 -3.4e+38 -3.4e+38 -3.4e+38 -3.4e+38 -3.4e+38 -3.4e+38 -3.4e+38 -3.4e+38 -3.4e+38 -3.4e+38 -3.4e+38 -3.4e+38 -3.4e+38 -3.4e+38 -3.4e+38 -3.4e+38
270.347137451172 271.428253173828 271.646301269531 270.021697998047 263.833984375 263.297637939453 270.954620361328 272.313385009766 272.620758056641 272.633422851562 272.851257324219 273.299926757812 273.558807373047 273.462921142578 273.196655273438 273.564483642578 273.330657958984 272.971923828125 273.918090820312 274.483612060547 274.298248291016 274.514770507812 274.623565673828 274.895324707031 274.9814453125 275.502075195312 275.300842285156 275.305938720703 275.014984130859 275.056274414062 275.2802734375 -3.4e+38 -3.4e+38 -3.4e+38 -3.4e+38 -3.4e+38 -3.4e+38 -3.4e+38 -3.4e+38 -3.4e+38 -3.4e+38 -3.4e+38 -3.4e+38 -3.4e+38 -3.4e+38 -3.4e+38 -3.4e+38 -3.4e+38 -3.4e+38
270.546539306641 270.339996337891 270.471832275391 266.854431152344 261.726806640625 265.544738769531 270.610504150391 272.210144042969 271.290344238281 272.307464599609 272.708343505859 273.125030517578 273.525665283203 273.405975341797 272.721374511719 272.896820068359 272.1259765625 271.611480712891 273.772491455078 273.865478515625 273.950500488281 274.701477050781 274.668853759766 274.917510986328 274.872589111328 275.127380371094 275.559448242188 275.512573242188 275.297454833984 275.290313720703 -3.4e+38 -3.4e+38 -3.4e+38 -3.4e+38 -3.4e+38 -3.4e+38 -3.4e+38 -3.4e+38 -3.4e+38 -3.4e+38 -3.4e+38 -3.4e+38 -3.4e+38 -3.4e+38 -3.4e+38 -3.4e+38 -3.4e+38 -3.4e+38 -3.4e+38
269.606048583984 269.763824462891 269.162506103516 269.795379638672 270.543792724609 270.791351318359 271.128692626953 271.416290283203 271.466094970703 271.847747802734 272.479309082031 272.897979736328 272.776885986328 272.884704589844 272.83837890625 272.828460693359 272.265197753906 272.593383789062 273.04736328125 273.147247314453 273.798095703125 274.345764160156 274.783630371094 274.976165771484 275.267150878906 275.060150146484 275.534027099609 275.447021484375 275.434692382812 275.420104980469 -3.4e+38 -3.4e+38 -3.4e+38 -3.4e+38 -3.4e+38 -3.4e+38 -3.4e+38 -3.4e+38 -3.4e+38 -3.4e+38 -3.4e+38 -3.4e+38 -3.4e+38 -3.4e+38 -3.4e+38 -3.4e+38 -3.4e+38 -3.4e+38 -3.4e+38
270.768585205078 270.143859863281 269.464172363281 270.534149169922 270.589233398438 271.256683349609 271.808166503906 271.638336181641 271.452392578125 271.935394287109 272.414794921875 272.720306396484 272.46142578125 272.885040283203 273.050750732422 273.255798339844 273.337097167969 273.328948974609 273.00048828125 272.908966064453 273.359039306641 274.151245117188 274.692047119141 275.075775146484 275.280364990234 -3.4e+38 -3.4e+38 -3.4e+38 -3.4e+38 -3.4e+38 -3.4e+38 -3.4e+38 -3.4e+38 -3.4e+38 -3.4e+38 -3.4e+38 -3.4e+38 -3.4e+38 -3.4e+38 -3.4e+38 -3.4e+38 -3.4e+38 -3.4e+38 -3.4e+38 -3.4e+38 -3.4e+38 -3.4e+38 -3.4e+38 -3.4e+38
271.307312011719 270.779113769531 270.389434814453 271.247863769531 271.100433349609 271.886535644531 272.196685791016 272.093444824219 271.880004882812 272.207916259766 272.607543945312 272.862487792969 272.641357421875 272.905364990234 273.064392089844 273.516143798828 273.522277832031 273.915771484375 273.68408203125 273.409851074219 273.29296875 274.272735595703 274.870513916016 275.506317138672 -3.4e+38 -3.4e+38 -3.4e+38 -3.4e+38 -3.4e+38 -3.4e+38 -3.4e+38 -3.4e+38 -3.4e+38 -3.4e+38 -3.4e+38 -3.4e+38 -3.4e+38 -3.4e+38 -3.4e+38 -3.4e+38 -3.4e+38 -3.4e+38 -3.4e+38 -3.4e+38 -3.4e+38 -3.4e+38 -3.4e+38 -3.4e+38 -3.4e+38
271.588836669922 271.595581054688 271.936157226562 272.028472900391 271.888275146484 271.878875732422 272.599822998047 272.413604736328 272.597991943359 272.645690917969 272.925964355469 272.993103027344 272.788696289062 272.841522216797 272.867797851562 273.059967041016 273.307739257812 274.113616943359 274.433715820312 274.370178222656 274.157562255859 274.631683349609 275.136352539062 -3.4e+38 -3.4e+38 -3.4e+38 -3.4e+38 -3.4e+38 -3.4e+38 -3.4e+38 -3.4e+38 -3.4e+38 -3.4e+38 -3.4e+38 -3.4e+38 -3.4e+38 -3.4e+38 -3.4e+38 -3.4e+38 -3.4e+38 -3.4e+38 -3.4e+38 -3.4e+38 -3.4e+38 -3.4e+38 -3.4e+38 -3.4e+38 -3.4e+38 -3.4e+38
270.335113525391 272.200164794922 272.491607666016 272.629302978516 272.390075683594 272.238006591797 272.886901855469 272.720306396484 272.9833984375 273.082702636719 273.202362060547 272.864349365234 272.66162109375 272.742858886719 272.837097167969 272.763610839844 273.134490966797 273.484710693359 274.526519775391 274.995697021484 275.251403808594 275.154235839844 275.515594482422 -3.4e+38 -3.4e+38 -3.4e+38 -3.4e+38 -3.4e+38 -3.4e+38 -3.4e+38 -3.4e+38 -3.4e+38 -3.4e+38 -3.4e+38 -3.4e+38 -3.4e+38 -3.4e+38 -3.4e+38 -3.4e+38 -3.4e+38 -3.4e+38 -3.4e+38 -3.4e+38 -3.4e+38 -3.4e+38 -3.4e+38 -3.4e+38 -3.4e+38 -3.4e+38
270.538726806641 272.655487060547 272.912414550781 272.956329345703 272.882934570312 272.768585205078 273.162536621094 273.157684326172 273.389831542969 273.572662353516 273.422912597656 272.771270751953 272.343505859375 272.527862548828 273.424713134766 273.385925292969 272.923217773438 272.956451416016 274.498443603516 274.970947265625 275.390747070312 -3.4e+38 -3.4e+38 -3.4e+38 -3.4e+38 -3.4e+38 -3.4e+38 -3.4e+38 -3.4e+38 -3.4e+38 -3.4e+38 -3.4e+38 -3.4e+38 -3.4e+38 -3.4e+38 -3.4e+38 -3.4e+38 -3.4e+38 -3.4e+38 -3.4e+38 -3.4e+38 -3.4e+38 -3.4e+38 -3.4e+38 -3.4e+38 -3.4e+38 -3.4e+38 -3.4e+38 -3.4e+38
272.442047119141 273.001007080078 273.415100097656 273.363922119141 273.403533935547 273.191589355469 273.4501953125 273.5625 273.843963623047 273.621459960938 273.320465087891 273.102600097656 272.478576660156 272.672790527344 273.674865722656 273.906524658203 273.446350097656 273.629821777344 274.789276123047 274.813903808594 274.786895751953 -3.4e+38 -3.4e+38 -3.4e+38 -3.4e+38 -3.4e+38 -3.4e+38 -3.4e+38 -3.4e+38 -3.4e+38 -3.4e+38 -3.4e+38 -3.4e+38 -3.4e+38 -3.4e+38 -3.4e+38 -3.4e+38 -3.4e+38 -3.4e+38 -3.4e+38 -3.4e+38 -3.4e+38 -3.4e+38 -3.4e+38 -3.4e+38 -3.4e+38 -3.4e+38 -3.4e+38 -3.4e+38
273.065460205078 273.550933837891 273.686828613281 273.570251464844 273.662200927734 273.540222167969 273.421264648438 273.984313964844 274.032165527344 273.446166992188 273.374908447266 273.679718017578 273.572418212891 273.493103027344 273.935150146484 274.405120849609 274.186340332031 274.501495361328 274.911743164062 -3.4e+38 -3.4e+38 -3.4e+38 -3.4e+38 -3.4e+38 -3.4e+38 -3.4e+38 -3.4e+38 -3.4e+38 -3.4e+38 -3.4e+38 -3.4e+38 -3.4e+38 -3.4e+38 -3.4e+38 -3.4e+38 -3.4e+38 -3.4e+38 -3.4e+38 -3.4e+38 -3.4e+38 -3.4e+38 -3.4e+38 -3.4e+38 -3.4e+38 -3.4e+38 -3.4e+38 -3.4e+38 -3.4e+38 -3.4e+38
273.689178466797 274.137908935547 274.126495361328 273.890533447266 273.714447021484 273.2763671875 273.078979492188 273.984497070312 274.272918701172 273.789001464844 273.59326171875 274.060211181641 274.287902832031 273.935638427734 274.304870605469 274.535064697266 274.779266357422 -3.4e+38 -3.4e+38 -3.4e+38 -3.4e+38 -3.4e+38 -3.4e+38 -3.4e+38 -3.4e+38 -3.4e+38 -3.4e+38 -3.4e+38 -3.4e+38 -3.4e+38 -3.4e+38 -3.4e+38 -3.4e+38 -3.4e+38 -3.4e+38 -3.4e+38 -3.4e+38 -3.4e+38 -3.4e+38 -3.4e+38 -3.4e+38 -3.4e+38 -3.4e+38 -3.4e+38 -3.4e+38 -3.4e+38 -3.4e+38 -3.4e+38 -3.4e+38
274.322418212891 274.475006103516 274.368560791016 274.192535400391 273.702453613281 273.102996826172 272.952209472656 273.622955322266 274.372985839844 274.190612792969 274.073547363281 274.262298583984 274.50927734375 274.199676513672 274.443939208984 -3.4e+38 -3.4e+38 -3.4e+38 -3.4e+38 -3.4e+38 -3.4e+38 -3.4e+38 -3.4e+38 -3.4e+38 -3.4e+38 -3.4e+38 -3.4e+38 -3.4e+38 -3.4e+38 -3.4e+38 -3.4e+38 -3.4e+38 -3.4e+38 -3.4e+38 -3.4e+38 -3.4e+38 -3.4e+38 -3.4e+38 -3.4e+38 -3.4e+38 -3.4e+38 -3.4e+38 -3.4e+38 -3.4e+38 -3.4e+38 -3.4e+38 -3.4e+38 -3.4e+38 -3.4e+38
274.558074951172 274.497741699219 274.308349609375 274.10107421875 273.707977294922 273.009399414062 272.819702148438 273.380157470703 273.787689208984 274.304016113281 274.7333984375 274.431335449219 274.943908691406 274.859710693359 274.930419921875 -3.4e+38 -3.4e+38 -3.4e+38 -3.4e+38 -3.4e+38 -3.4e+38 -3.4e+38 -3.4e+38 -3.4e+38 -3.4e+38 -3.4e+38 -3.4e+38 -3.4e+38 -3.4e+38 -3.4e+38 -3.4e+38 -3.4e+38 -3.4e+38 -3.4e+38 -3.4e+38 -3.4e+38 -3.4e+38 -3.4e+38 -3.4e+38 -3.4e+38 -3.4e+38 -3.4e+38 -3.4e+38 -3.4e+38 -3.4e+38 -3.4e+38 -3.4e+38 -3.4e+38 -3.4e+38
274.516204833984 -3.4e+38 -3.4e+38 274.107696533203 273.616760253906 273.051666259766 272.914398193359 273.524841308594 273.331756591797 273.933197021484 274.782073974609 274.565826416016 275.157867431641 275.139770507812 -3.4e+38 -3.4e+38 -3.4e+38 -3.4e+38 -3.4e+38 -3.4e+38 -3.4e+38 -3.4e+38 -3.4e+38 -3.4e+38 -3.4e+38 -3.4e+38 -3.4e+38 -3.4e+38 -3.4e+38 -3.4e+38 -3.4e+38 -3.4e+38 -3.4e+38 -3.4e+38 -3.4e+38 -3.4e+38 -3.4e+38 -3.4e+38 -3.4e+38 -3.4e+38 -3.4e+38 -3.4e+38 -3.4e+38 -3.4e+38 -3.4e+38 -3.4e+38 -3.4e+38 -3.4e+38 -3.4e+38
274.46142578125 274.187377929688 273.931854248047 273.706909179688 273.508697509766 273.918395996094 274.177429199219 274.083221435547 275.005218505859 274.797729492188 274.972503662109 274.478485107422 275.119689941406 -3.4e+38 -3.4e+38 -3.4e+38 -3.4e+38 -3.4e+38 -3.4e+38 -3.4e+38 -3.4e+38 -3.4e+38 -3.4e+38 -3.4e+38 -3.4e+38 -3.4e+38 -3.4e+38 -3.4e+38 -3.4e+38 -3.4e+38 -3.4e+38 -3.4e+38 -3.4e+38 -3.4e+38 -3.4e+38 -3.4e+38 -3.4e+38 -3.4e+38 -3.4e+38 -3.4e+38 -3.4e+38 -3.4e+38 -3.4e+38 -3.4e+38 -3.4e+38 -3.4e+38 -3.4e+38 -3.4e+38 -3.4e+38
