rcp4.5models/MPi_ESM_LR/sc1gr8.27
NCOLS 261 
NROWS 433 
XLLCORNER 336357.134 
YLLCORNER 654653.479 
CELLSIZE 1000 
NODATA_value -3.4e+38 
[rows 374 to 395 of 433, columns 196 to 244 of 261]
48.2897872924805 49.0241889953613 49.802318572998 50.5611457824707 51.3801956176758 52.1061820983887 52.9475860595703 54.4010620117188 54.6321640014648 54.7135810852051 54.795539855957 54.4035797119141 52.597541809082 52.6174507141113 52.3645172119141 51.7081642150879 49.87744140625 49.958797454834 50.0608177185059 49.4383316040039 47.516845703125 47.2746353149414 47.357120513916 47.052978515625 45.1134414672852 44.8524055480957 44.8816184997559 44.4125022888184 43.014274597168 42.0471611022949 42.0608596801758 41.0356025695801 40.0488929748535 40.1360931396484 40.1693801879883 39.7016906738281 38.2715682983398 37.2494354248047 37.3297080993652 37.4099922180176 -3.4e+38 -3.4e+38 -3.4e+38 -3.4e+38 -3.4e+38 -3.4e+38 -3.4e+38 -3.4e+38 -3.4e+38
47.88671875 48.5263824462891 49.3012847900391 50.0523796081543 50.8678169250488 51.5760192871094 52.3857536315918 54.0625648498535 54.5859489440918 54.8728828430176 54.7129936218262 54.3231086730957 52.5163803100586 52.6016464233398 52.6226806640625 51.9899482727051 50.0945854187012 49.8790969848633 50.0452194213867 49.717845916748 47.804557800293 47.5253677368164 47.279670715332 46.9779777526855 45.0376625061035 44.7782745361328 44.8674545288086 44.8324661254883 43.8787803649902 41.9738426208496 42.1449127197266 41.9033317565918 39.9760932922363 40.0632438659668 40.1506195068359 40.1853446960449 39.6214828491211 37.661262512207 -3.4e+38 -3.4e+38 -3.4e+38 -3.4e+38 -3.4e+38 -3.4e+38 -3.4e+38 -3.4e+38 -3.4e+38 -3.4e+38 -3.4e+38
47.4073905944824 48.1098670959473 48.9065971374512 49.6027679443359 50.402172088623 51.0600776672363 51.8671607971191 53.5112228393555 54.2882995605469 54.9362945556641 54.9679107666016 54.5163040161133 52.4365043640137 52.521728515625 52.6077079772949 52.251163482666 50.3631362915039 50.102855682373 49.9670333862305 49.6421661376953 47.7904739379883 47.8177871704102 47.604248046875 47.2430419921875 44.9629440307617 44.705192565918 44.7941474914551 44.8254928588867 44.239616394043 42.2731094360352 42.0722885131836 41.833381652832 39.9041328430176 39.9912109375 40.0785331726074 40.1660423278809 -3.4e+38 -3.4e+38 -3.4e+38 -3.4e+38 -3.4e+38 -3.4e+38 -3.4e+38 -3.4e+38 -3.4e+38 -3.4e+38 -3.4e+38 -3.4e+38 -3.4e+38
46.9246635437012 47.6505584716797 48.4315605163574 49.2210159301758 50.0030212402344 50.6213035583496 51.4794540405273 52.9696388244629 53.7007751464844 54.5410232543945 55.1393814086914 54.7668533325195 52.703685760498 52.725414276123 52.529052734375 52.1747436523438 50.3499908447266 50.3764915466309 50.2027015686035 49.5676612854004 47.7147674560547 47.8040885925293 47.8949813842773 47.545711517334 45.2336235046387 44.6331176757812 44.721851348877 44.8117332458496 44.5542259216309 42.5962677001953 42.3832778930664 41.9360313415527 40.9137916564941 39.9250030517578 -3.4e+38 -3.4e+38 -3.4e+38 -3.4e+38 -3.4e+38 -3.4e+38 -3.4e+38 -3.4e+38 -3.4e+38 -3.4e+38 -3.4e+38 -3.4e+38 -3.4e+38 -3.4e+38 -3.4e+38
46.6037483215332 47.2994422912598 47.9693450927734 48.7135124206543 49.5197410583496 50.23486328125 51.0748901367188 52.5886878967285 53.3364219665527 54.1103668212891 54.8896179199219 54.755687713623 52.955150604248 52.9841804504395 52.739128112793 52.0995750427246 50.2738838195801 50.3640022277832 50.4850196838379 49.8122482299805 47.6401557922363 47.7294845581055 47.8203353881836 47.5340538024902 45.573413848877 45.1569633483887 45.005729675293 44.7401847839355 44.4850692749023 42.5821571350098 42.712646484375 42.4039497375488 41.7890014648438 39.8453102111816 39.9042282104492 39.9806365966797 -3.4e+38 -3.4e+38 -3.4e+38 -3.4e+38 -3.4e+38 -3.4e+38 -3.4e+38 -3.4e+38 -3.4e+38 -3.4e+38 -3.4e+38 -3.4e+38 -3.4e+38
46.3202781677246 46.9746589660645 47.6322326660156 48.3069725036621 49.020938873291 49.7718124389648 50.6081085205078 52.1902351379395 52.9781532287598 53.6954917907715 54.4773101806641 54.610179901123 52.8793296813965 52.972728729248 53.0029983520508 52.6104927062988 51.4867134094238 50.2891044616699 50.4727478027344 50.1016502380371 47.9563636779785 47.984447479248 47.7467193603516 47.4627647399902 45.5909767150879 45.6239204406738 45.3203315734863 45.0302238464355 44.5979843139648 43.5712432861328 42.6971626281738 42.675220489502 41.8870124816895 40.9277648925781 -3.4e+38 -3.4e+38 -3.4e+38 -3.4e+38 -3.4e+38 -3.4e+38 -3.4e+38 -3.4e+38 -3.4e+38 -3.4e+38 -3.4e+38 -3.4e+38 -3.4e+38 -3.4e+38 -3.4e+38
45.914608001709 46.5439453125 47.2659149169922 47.9776763916016 48.8595809936523 50.0283584594727 50.1930236816406 51.6898345947266 52.4019088745117 53.2127532958984 54.0033340454102 54.49169921875 53.8089981079102 52.8980484008789 52.9922142028809 53.0873146057129 52.6925811767578 50.5182075500488 50.3990287780762 50.0921020507812 48.2435607910156 48.2804260253906 48.0079612731934 47.5877647399902 46.5521278381348 45.5848617553711 45.4875297546387 45.3484497070312 45.0561828613281 44.4472198486328 42.6273460388184 42.6670684814453 42.4164009094238 -3.4e+38 -3.4e+38 -3.4e+38 -3.4e+38 -3.4e+38 -3.4e+38 -3.4e+38 -3.4e+38 -3.4e+38 -3.4e+38 -3.4e+38 -3.4e+38 -3.4e+38 -3.4e+38 -3.4e+38 -3.4e+38
45.5433654785156 46.153434753418 46.8258171081543 48.0821533203125 50.7592315673828 51.4686622619629 49.9498710632324 51.3089866638184 52.0446586608887 52.7717399597168 53.5145225524902 54.2633514404297 54.5371284484863 53.1078834533691 52.9186630249023 53.0136833190918 52.8365631103516 51.421989440918 50.326416015625 50.2282752990723 49.1854476928711 48.2691535949707 48.3081321716309 48.0336990356445 47.423225402832 45.5430946350098 45.6108818054199 45.5155258178711 45.3779220581055 44.8141098022461 42.5583839416504 -3.4e+38 -3.4e+38 -3.4e+38 -3.4e+38 -3.4e+38 -3.4e+38 -3.4e+38 -3.4e+38 -3.4e+38 -3.4e+38 -3.4e+38 -3.4e+38 -3.4e+38 -3.4e+38 -3.4e+38 -3.4e+38 -3.4e+38 -3.4e+38
45.2169609069824 45.9686088562012 46.7126693725586 48.3682746887207 50.7669830322266 50.4825630187988 49.5989875793457 51.0131225585938 51.8895835876465 52.4684638977051 53.1693534851074 53.9131660461426 54.4870796203613 54.1323738098145 53.134693145752 52.9412498474121 52.9746322631836 52.5854606628418 50.568172454834 50.348518371582 50.0542449951172 48.1983070373535 48.2968292236328 48.3378868103027 47.888671875 46.5118103027344 45.5688705444336 45.6383590698242 45.5448265075684 45.1348075866699 -3.4e+38 -3.4e+38 -3.4e+38 -3.4e+38 -3.4e+38 -3.4e+38 -3.4e+38 -3.4e+38 -3.4e+38 -3.4e+38 -3.4e+38 -3.4e+38 -3.4e+38 -3.4e+38 -3.4e+38 -3.4e+38 -3.4e+38 -3.4e+38 -3.4e+38
44.689323425293 45.3361358642578 46.1629409790039 46.7070960998535 47.3475914001465 48.1034507751465 48.817554473877 50.2523193359375 50.9528274536133 51.5755004882812 52.3230133056641 53.1283073425293 53.9030990600586 54.6239738464355 54.9793853759766 53.4377746582031 53.2599487304688 53.296070098877 50.8474388122559 50.8886642456055 50.6913833618164 50.4145317077637 48.4918632507324 48.2571144104004 48.3577575683594 48.1090660095215 46.2258529663086 46.2748222351074 45.9906692504883 45.6731376647949 -3.4e+38 -3.4e+38 -3.4e+38 -3.4e+38 -3.4e+38 -3.4e+38 -3.4e+38 -3.4e+38 -3.4e+38 -3.4e+38 -3.4e+38 -3.4e+38 -3.4e+38 -3.4e+38 -3.4e+38 -3.4e+38 -3.4e+38 -3.4e+38 -3.4e+38
44.1001815795898 44.9241943359375 45.7640609741211 46.262134552002 46.9779815673828 47.5771408081055 48.2866516113281 49.8663597106934 50.6076126098633 51.2189636230469 51.9215965270996 52.7213935852051 53.5354232788086 54.2020568847656 54.843433380127 54.4059600830078 53.6968040466309 53.5783615112305 51.7838020324707 50.880256652832 50.9828147888184 50.9061813354492 49.8199577331543 48.5282135009766 48.289119720459 -3.4e+38 -3.4e+38 -3.4e+38 -3.4e+38 -3.4e+38 -3.4e+38 -3.4e+38 -3.4e+38 -3.4e+38 -3.4e+38 -3.4e+38 -3.4e+38 -3.4e+38 -3.4e+38 -3.4e+38 -3.4e+38 -3.4e+38 -3.4e+38 -3.4e+38 -3.4e+38 -3.4e+38 -3.4e+38 -3.4e+38 -3.4e+38
43.7252655029297 44.4687232971191 45.1541900634766 45.7963752746582 46.536205291748 47.1176071166992 47.892162322998 49.2999076843262 50.1015777587891 50.8190689086914 51.5174560546875 52.3023452758789 53.07958984375 53.8301315307617 54.6252250671387 55.0275268554688 53.8158302307129 53.733512878418 53.0363159179688 51.1315498352051 50.9149627685547 51.0185661315918 50.7572402954102 48.8354339599609 -3.4e+38 -3.4e+38 -3.4e+38 -3.4e+38 -3.4e+38 -3.4e+38 -3.4e+38 -3.4e+38 -3.4e+38 -3.4e+38 -3.4e+38 -3.4e+38 -3.4e+38 -3.4e+38 -3.4e+38 -3.4e+38 -3.4e+38 -3.4e+38 -3.4e+38 -3.4e+38 -3.4e+38 -3.4e+38 -3.4e+38 -3.4e+38 -3.4e+38
43.3981704711914 44.0277290344238 44.6679534912109 45.3818130493164 46.031909942627 46.7879791259766 47.5051193237305 48.8996658325195 49.6596260070801 50.3822822570801 51.1204872131348 51.8833694458008 52.5936660766602 53.37939453125 54.1605529785156 54.7333145141602 54.5185050964355 54.1563873291016 53.4882736206055 51.426643371582 51.2353782653809 51.2807426452637 50.8813247680664 -3.4e+38 -3.4e+38 -3.4e+38 -3.4e+38 -3.4e+38 -3.4e+38 -3.4e+38 -3.4e+38 -3.4e+38 -3.4e+38 -3.4e+38 -3.4e+38 -3.4e+38 -3.4e+38 -3.4e+38 -3.4e+38 -3.4e+38 -3.4e+38 -3.4e+38 -3.4e+38 -3.4e+38 -3.4e+38 -3.4e+38 -3.4e+38 -3.4e+38 -3.4e+38
43.3354682922363 43.576358795166 44.336742401123 44.9721717834473 45.6793479919434 46.445613861084 47.0945281982422 48.5076370239258 49.253532409668 49.944450378418 50.727783203125 51.5308303833008 52.2394714355469 53.0241813659668 53.8004722595215 54.548038482666 55.2120323181152 55.0971527099609 53.8094635009766 52.6256980895996 51.6940650939941 51.582836151123 51.3294906616211 -3.4e+38 -3.4e+38 -3.4e+38 -3.4e+38 -3.4e+38 -3.4e+38 -3.4e+38 -3.4e+38 -3.4e+38 -3.4e+38 -3.4e+38 -3.4e+38 -3.4e+38 -3.4e+38 -3.4e+38 -3.4e+38 -3.4e+38 -3.4e+38 -3.4e+38 -3.4e+38 -3.4e+38 -3.4e+38 -3.4e+38 -3.4e+38 -3.4e+38 -3.4e+38
42.9830894470215 43.2497406005859 43.9324264526367 44.6030921936035 45.2521553039551 46.0253295898438 46.7098999023438 48.1089897155762 48.8231239318848 49.5328140258789 50.2407341003418 51.0633010864258 51.8829078674316 52.6310615539551 53.2771148681641 54.0838737487793 54.9113273620605 55.4396591186523 54.3383331298828 54.2043685913086 52.8280982971191 -3.4e+38 -3.4e+38 -3.4e+38 -3.4e+38 -3.4e+38 -3.4e+38 -3.4e+38 -3.4e+38 -3.4e+38 -3.4e+38 -3.4e+38 -3.4e+38 -3.4e+38 -3.4e+38 -3.4e+38 -3.4e+38 -3.4e+38 -3.4e+38 -3.4e+38 -3.4e+38 -3.4e+38 -3.4e+38 -3.4e+38 -3.4e+38 -3.4e+38 -3.4e+38 -3.4e+38 -3.4e+38
42.302864074707 42.8709182739258 43.5243797302246 44.2292098999023 44.8664932250977 45.6084480285645 46.3283195495605 47.7090682983398 48.3998184204102 49.187084197998 49.8835792541504 50.6644096374512 51.4651298522949 52.1691818237305 52.8602180480957 53.5908966064453 54.3271255493164 54.9519729614258 54.6261901855469 54.6830787658691 54.1263160705566 -3.4e+38 -3.4e+38 -3.4e+38 -3.4e+38 -3.4e+38 -3.4e+38 -3.4e+38 -3.4e+38 -3.4e+38 -3.4e+38 -3.4e+38 -3.4e+38 -3.4e+38 -3.4e+38 -3.4e+38 -3.4e+38 -3.4e+38 -3.4e+38 -3.4e+38 -3.4e+38 -3.4e+38 -3.4e+38 -3.4e+38 -3.4e+38 -3.4e+38 -3.4e+38 -3.4e+38 -3.4e+38
41.9438362121582 42.4680938720703 43.1554489135742 43.8573760986328 44.4999580383301 45.2769546508789 45.9838981628418 47.3184204101562 48.0150566101074 48.8821792602539 49.5245246887207 50.2380676269531 50.9538269042969 51.719425201416 52.4323463439941 53.1193161010742 53.8928337097168 54.5547218322754 54.8752708435059 -3.4e+38 -3.4e+38 -3.4e+38 -3.4e+38 -3.4e+38 -3.4e+38 -3.4e+38 -3.4e+38 -3.4e+38 -3.4e+38 -3.4e+38 -3.4e+38 -3.4e+38 -3.4e+38 -3.4e+38 -3.4e+38 -3.4e+38 -3.4e+38 -3.4e+38 -3.4e+38 -3.4e+38 -3.4e+38 -3.4e+38 -3.4e+38 -3.4e+38 -3.4e+38 -3.4e+38 -3.4e+38 -3.4e+38 -3.4e+38
41.6134719848633 42.2157173156738 42.7866630554199 43.4955787658691 44.1876640319824 45.0003776550293 45.6415214538574 46.9400100708008 47.6488571166992 48.4408721923828 49.155086517334 49.7855911254883 50.5634956359863 51.3570785522461 52.0122375488281 52.6091423034668 53.3631134033203 -3.4e+38 -3.4e+38 -3.4e+38 -3.4e+38 -3.4e+38 -3.4e+38 -3.4e+38 -3.4e+38 -3.4e+38 -3.4e+38 -3.4e+38 -3.4e+38 -3.4e+38 -3.4e+38 -3.4e+38 -3.4e+38 -3.4e+38 -3.4e+38 -3.4e+38 -3.4e+38 -3.4e+38 -3.4e+38 -3.4e+38 -3.4e+38 -3.4e+38 -3.4e+38 -3.4e+38 -3.4e+38 -3.4e+38 -3.4e+38 -3.4e+38 -3.4e+38
41.2159080505371 41.8658714294434 42.4719161987305 43.1497459411621 43.902416229248 44.6453514099121 45.3713417053223 46.6548843383789 47.3451690673828 47.9887847900391 48.6716041564941 49.4252243041992 50.1451797485352 50.9005317687988 51.6498260498047 -3.4e+38 -3.4e+38 -3.4e+38 -3.4e+38 -3.4e+38 -3.4e+38 -3.4e+38 -3.4e+38 -3.4e+38 -3.4e+38 -3.4e+38 -3.4e+38 -3.4e+38 -3.4e+38 -3.4e+38 -3.4e+38 -3.4e+38 -3.4e+38 -3.4e+38 -3.4e+38 -3.4e+38 -3.4e+38 -3.4e+38 -3.4e+38 -3.4e+38 -3.4e+38 -3.4e+38 -3.4e+38 -3.4e+38 -3.4e+38 -3.4e+38 -3.4e+38 -3.4e+38 -3.4e+38
40.9167976379395 41.5484046936035 42.1654052734375 42.878475189209 43.5760612487793 44.3262481689453 45.1364517211914 46.3241081237793 47.0404624938965 47.6256790161133 48.2402839660645 49.015064239502 49.6827697753906 50.4483222961426 51.2031326293945 -3.4e+38 -3.4e+38 -3.4e+38 -3.4e+38 -3.4e+38 -3.4e+38 -3.4e+38 -3.4e+38 -3.4e+38 -3.4e+38 -3.4e+38 -3.4e+38 -3.4e+38 -3.4e+38 -3.4e+38 -3.4e+38 -3.4e+38 -3.4e+38 -3.4e+38 -3.4e+38 -3.4e+38 -3.4e+38 -3.4e+38 -3.4e+38 -3.4e+38 -3.4e+38 -3.4e+38 -3.4e+38 -3.4e+38 -3.4e+38 -3.4e+38 -3.4e+38 -3.4e+38 -3.4e+38
40.6172714233398 -3.4e+38 -3.4e+38 42.5831565856934 43.3520011901855 43.9858932495117 44.7556457519531 45.9495239257812 46.7108154296875 47.3497848510742 47.9983024597168 48.6177635192871 49.2901306152344 50.0701484680176 -3.4e+38 -3.4e+38 -3.4e+38 -3.4e+38 -3.4e+38 -3.4e+38 -3.4e+38 -3.4e+38 -3.4e+38 -3.4e+38 -3.4e+38 -3.4e+38 -3.4e+38 -3.4e+38 -3.4e+38 -3.4e+38 -3.4e+38 -3.4e+38 -3.4e+38 -3.4e+38 -3.4e+38 -3.4e+38 -3.4e+38 -3.4e+38 -3.4e+38 -3.4e+38 -3.4e+38 -3.4e+38 -3.4e+38 -3.4e+38 -3.4e+38 -3.4e+38 -3.4e+38 -3.4e+38 -3.4e+38
40.1203460693359 40.7454414367676 41.3465728759766 42.0302658081055 42.7344245910645 43.3955764770508 44.0560607910156 45.341968536377 45.8441963195801 46.5874214172363 47.3301162719727 48.0301170349121 48.6188545227051 -3.4e+38 -3.4e+38 -3.4e+38 -3.4e+38 -3.4e+38 -3.4e+38 -3.4e+38 -3.4e+38 -3.4e+38 -3.4e+38 -3.4e+38 -3.4e+38 -3.4e+38 -3.4e+38 -3.4e+38 -3.4e+38 -3.4e+38 -3.4e+38 -3.4e+38 -3.4e+38 -3.4e+38 -3.4e+38 -3.4e+38 -3.4e+38 -3.4e+38 -3.4e+38 -3.4e+38 -3.4e+38 -3.4e+38 -3.4e+38 -3.4e+38 -3.4e+38 -3.4e+38 -3.4e+38 -3.4e+38 -3.4e+38
