rcp4.5models/MPi_ESM_LR/sc1gr5.34
NCOLS 261 
NROWS 433 
XLLCORNER 336357.134 
YLLCORNER 654653.479 
CELLSIZE 1000 
NODATA_value -3.4e+38 
[rows 352 to 373 of 433, columns 49 to 97 of 261]
283.178649902344 283.762817382812 284.326690673828 284.323333740234 284.474090576172 284.559814453125 284.487640380859 284.106170654297 284.269439697266 284.411224365234 284.269805908203 284.612457275391 284.605346679688 284.516418457031 284.764343261719 284.767120361328 284.735961914062 284.686706542969 283.296752929688 284.209808349609 284.723815917969 284.549285888672 284.665435791016 284.82275390625 284.879791259766 282.894439697266 283.344207763672 281.932800292969 279.916687011719 280.701568603516 279.856414794922 278.700988769531 275.222595214844 271.325622558594 270.991760253906 275.697601318359 281.629791259766 282.294494628906 282.316436767578 277.472625732422 265.967742919922 279.361907958984 285.362823486328 285.853454589844 286.029937744141 286.265350341797 286.990600585938 286.148345947266 283.987762451172
283.490478515625 283.840606689453 284.303039550781 284.292938232422 284.424377441406 284.642761230469 284.684875488281 284.036315917969 283.976287841797 284.133148193359 284.416381835938 284.590393066406 284.664031982422 284.598937988281 284.592803955078 284.607513427734 284.607940673828 284.645812988281 284.124847412109 284.907165527344 284.835998535156 284.695678710938 284.10693359375 284.326293945312 284.951782226562 284.711700439453 284.739166259766 285.071197509766 284.978302001953 281.253265380859 279.660583496094 279.875396728516 279.875823974609 274.848083496094 270.1240234375 271.667419433594 277.671356201172 282.468811035156 284.115234375 280.412353515625 267.996337890625 272.930328369141 281.834716796875 285.373046875 284.990295410156 284.644927978516 286.298767089844 287.051727294922 284.028991699219
283.576873779297 283.959930419922 284.349548339844 284.401275634766 284.433746337891 284.561218261719 284.604583740234 284.408630371094 284.355651855469 284.408447265625 284.562225341797 284.458374023438 284.556457519531 284.701751708984 284.443420410156 284.426055908203 284.53125 284.860260009766 284.166229248047 284.540069580078 284.785461425781 284.761932373047 284.333740234375 283.544769287109 283.893218994141 284.785949707031 285.092102050781 284.864196777344 284.895538330078 280.684722900391 278.754547119141 280.533508300781 281.418609619141 276.095703125 270.149932861328 268.878479003906 270.981048583984 277.115997314453 282.749298095703 281.807586669922 273.571594238281 260.820861816406 273.579162597656 283.646148681641 285.899932861328 282.894500732422 283.105865478516 286.258758544922 284.453460693359
283.321899414062 283.830810546875 284.301605224609 284.398284912109 284.361907958984 284.377807617188 284.529266357422 284.660827636719 284.642639160156 284.621337890625 284.612243652344 284.370574951172 284.382049560547 284.767730712891 284.783081054688 284.464874267578 284.174682617188 284.624572753906 282.638732910156 283.390350341797 284.939392089844 284.821716308594 284.897583007812 283.985473632812 283.982452392578 284.888671875 285.387756347656 284.988403320312 285.107360839844 283.798553466797 281.029205322266 282.21728515625 283.640960693359 280.657592773438 278.282501220703 271.357513427734 266.894226074219 270.32568359375 277.01025390625 282.015319824219 278.271484375 255.170318603516 260.512451171875 274.667083740234 283.8623046875 282.538635253906 280.471252441406 282.672302246094 283.833709716797
283.274261474609 283.907623291016 284.314208984375 284.301727294922 284.367828369141 284.044738769531 283.613372802734 284.746246337891 284.424560546875 284.371124267578 283.871612548828 284.120727539062 284.211364746094 284.403381347656 284.606719970703 283.89599609375 283.807342529297 284.090789794922 282.365570068359 283.219665527344 284.875 283.826141357422 282.908355712891 283.455078125 284.579284667969 284.552978515625 285.014831542969 285.35986328125 285.441192626953 285.103912353516 282.960906982422 281.637084960938 281.134979248047 280.172302246094 281.035797119141 277.908996582031 273.769134521484 272.877655029297 275.099609375 281.025970458984 282.320495605469 261.949829101562 255.622573852539 264.642944335938 277.287872314453 281.009521484375 278.816497802734 278.323883056641 281.182250976562
283.879333496094 284.176483154297 284.095642089844 284.16650390625 284.428405761719 283.916778564453 283.061309814453 284.714782714844 284.555267333984 284.419525146484 284.153137207031 284.477630615234 284.434936523438 282.618896484375 283.264373779297 283.679840087891 282.899932861328 283.628143310547 283.086608886719 283.294921875 283.967254638672 284.071014404297 280.57861328125 281.537322998047 284.322967529297 281.906066894531 283.031982421875 285.423736572266 285.563049316406 285.826416015625 282.396575927734 277.996948242188 276.615997314453 275.549621582031 277.671142578125 279.451599121094 278.252838134766 275.968109130859 274.741516113281 277.537048339844 280.761962890625 273.597900390625 261.615509033203 258.4853515625 267.188659667969 276.03662109375 279.5849609375 278.702026367188 279.69482421875
284.388549804688 284.084716796875 283.754791259766 283.715667724609 284.239227294922 284.023254394531 283.458801269531 284.208251953125 284.264709472656 284.428588867188 284.773071289062 284.036437988281 283.333648681641 282.619171142578 281.266998291016 281.291168212891 280.661804199219 280.992401123047 282.426910400391 284.107055664062 283.017242431641 283.852661132812 280.149047851562 281.254669189453 283.760559082031 281.247863769531 282.927581787109 285.382019042969 285.578765869141 285.986938476562 283.842834472656 276.795043945312 273.713531494141 274.224243164062 275.844421386719 277.072479248047 277.158447265625 275.821105957031 272.917633056641 273.176818847656 273.317932128906 278.718078613281 268.945770263672 256.348663330078 257.878723144531 268.275024414062 278.004699707031 281.403137207031 280.118530273438
284.228057861328 283.670562744141 283.588989257812 283.951385498047 283.773040771484 283.779296875 283.0703125 283.959289550781 284.153381347656 284.625549316406 284.780181884766 282.035369873047 279.463104248047 282.356689453125 280.582275390625 278.105987548828 278.562469482422 279.333435058594 283.650665283203 284.835327148438 283.982208251953 284.153442382812 283.029998779297 283.439483642578 283.968170166016 281.152557373047 280.325378417969 283.594451904297 285.595977783203 285.796142578125 285.969604492188 280.5830078125 274.529205322266 274.074005126953 275.070983886719 275.307525634766 276.932098388672 275.84423828125 270.035980224609 270.192291259766 270.461242675781 274.961303710938 274.190673828125 264.258270263672 259.910736083984 261.485656738281 269.407409667969 279.198516845703 281.769470214844
284.255950927734 283.914642333984 284.202667236328 284.050537109375 283.371551513672 283.630340576172 283.666778564453 284.440765380859 284.327331542969 283.023223876953 281.274780273438 279.915893554688 279.522888183594 279.82080078125 279.972320556641 277.808288574219 277.573028564453 279.342803955078 279.779479980469 282.813842773438 283.825347900391 284.127746582031 282.022918701172 282.480987548828 280.366424560547 278.784606933594 279.535919189453 281.139282226562 283.707336425781 284.955688476562 285.404846191406 284.217041015625 280.636779785156 277.654327392578 277.621429443359 275.363983154297 274.884063720703 275.775512695312 271.517944335938 268.217193603516 270.795318603516 270.879699707031 274.336975097656 275.17919921875 273.786651611328 270.214324951172 266.955230712891 265.194671630859 266.466400146484
284.232666015625 284.125396728516 284.242919921875 283.955291748047 283.344696044922 283.543792724609 283.664184570312 284.306030273438 284.247314453125 283.481353759766 281.555999755859 280.269409179688 280.246276855469 280.530426025391 278.967834472656 280.376281738281 280.973754882812 278.240997314453 280.562652587891 281.986602783203 283.462158203125 283.956787109375 282.192840576172 282.78369140625 281.423919677734 280.92529296875 280.444885253906 279.800018310547 283.059509277344 284.952728271484 285.027618408203 285.143218994141 284.3125 281.141357421875 279.1162109375 277.22900390625 274.194915771484 272.746887207031 269.689270019531 266.751220703125 267.674377441406 270.902038574219 272.028076171875 273.107116699219 271.895843505859 270.212982177734 269.57275390625 268.578460693359 264.631408691406
283.746551513672 283.974151611328 283.991333007812 283.868530273438 283.740966796875 283.805480957031 283.885192871094 284.119537353516 284.015411376953 283.584655761719 282.334167480469 280.923065185547 278.851104736328 278.912048339844 278.76416015625 281.412109375 282.218109130859 280.044860839844 282.927612304688 282.919067382812 283.705596923828 284.406066894531 284.221832275391 283.298767089844 283.120391845703 282.913757324219 280.172119140625 280.157592773438 282.633514404297 285.143310546875 284.554290771484 285.229675292969 285.705383300781 282.464385986328 278.655822753906 276.202331542969 273.81494140625 271.640319824219 269.931060791016 268.503662109375 266.876831054688 272.423065185547 271.407073974609 272.473937988281 271.589813232422 269.161407470703 269.191131591797 270.848327636719 269.62060546875
-3.4e+38 283.789123535156 284.240234375 284.509338378906 284.585266113281 284.195678710938 283.767486572266 284.081512451172 283.698638916016 282.954925537109 282.558288574219 281.245330810547 278.411895751953 277.697296142578 278.901214599609 280.609161376953 281.826385498047 281.328704833984 283.721557617188 284.484161376953 284.395050048828 284.793579101562 283.511932373047 281.801422119141 283.200897216797 282.781677246094 279.571136474609 281.512481689453 283.481597900391 285.592193603516 284.855224609375 284.316467285156 284.998718261719 284.435424804688 282.599548339844 278.748382568359 275.893432617188 272.513122558594 270.820007324219 269.923278808594 267.808746337891 272.50830078125 273.385559082031 272.955627441406 272.284515380859 269.819213867188 266.844177246094 268.696472167969 272.487823486328
-3.4e+38 283.637237548828 284.191802978516 284.734252929688 284.649749755859 284.231903076172 283.927368164062 283.860717773438 283.881713867188 282.583099365234 282.172180175781 280.617980957031 279.785675048828 279.281677246094 280.525695800781 280.752746582031 282.447143554688 281.798736572266 282.8896484375 283.893951416016 284.116546630859 284.738525390625 283.496795654297 281.675384521484 282.342864990234 281.415222167969 279.544281005859 282.545928955078 284.823974609375 285.03369140625 285.438720703125 284.272430419922 284.620056152344 285.590423583984 283.194305419922 281.208831787109 279.714691162109 275.518951416016 272.389617919922 271.198059082031 269.766326904297 271.814483642578 275.159729003906 274.659149169922 273.823608398438 272.133239746094 268.826202392578 269.254852294922 272.916412353516
-3.4e+38 283.58984375 283.605438232422 284.079650878906 284.147705078125 284.080718994141 284.004211425781 283.693664550781 283.600616455078 283.205200195312 282.307373046875 280.100067138672 279.939208984375 281.788848876953 283.462646484375 283.121734619141 283.402923583984 282.331909179688 283.660278320312 283.918182373047 284.055725097656 283.178070068359 283.594573974609 283.977111816406 283.716918945312 280.405029296875 278.957885742188 282.041107177734 284.513519287109 282.427398681641 284.085998535156 285.139129638672 284.288757324219 284.925811767578 283.004241943359 280.006195068359 278.718109130859 277.324096679688 274.479644775391 272.234405517578 271.754272460938 272.466979980469 274.483489990234 275.239318847656 273.837829589844 272.787170410156 272.505462646484 272.371490478516 273.472137451172
-3.4e+38 -3.4e+38 283.634643554688 283.803619384766 283.692932128906 283.732513427734 283.787384033203 284.042816162109 283.535552978516 283.504638671875 283.117065429688 282.159454345703 281.246337890625 282.378936767578 284.111602783203 284.483093261719 284.121520996094 283.592315673828 284.214385986328 283.961730957031 284.194427490234 282.814727783203 283.633911132812 284.787475585938 283.607818603516 281.999420166016 280.830200195312 281.776672363281 283.687774658203 283.159301757812 284.177581787109 285.422973632812 284.093841552734 283.396392822266 283.951263427734 279.648803710938 275.484893798828 277.47900390625 274.71826171875 269.806884765625 269.237121582031 270.403045654297 270.396759033203 274.243835449219 274.619018554688 273.901031494141 274.083984375 274.116790771484 274.001892089844
-3.4e+38 -3.4e+38 283.635437011719 283.830047607422 283.845642089844 283.640899658203 283.808654785156 284.252197265625 283.698272705078 283.777099609375 283.500732421875 283.440887451172 283.006713867188 283.141265869141 284.176330566406 284.59033203125 284.31982421875 284.237609863281 283.373168945312 281.895935058594 282.478485107422 282.778686523438 282.452850341797 283.664489746094 281.138488769531 281.285766601562 281.146087646484 280.080291748047 282.679534912109 285.144226074219 285.212585449219 285.450134277344 284.872802734375 283.587371826172 283.103851318359 280.53662109375 275.007934570312 274.1689453125 273.490203857422 269.543670654297 266.202362060547 269.511260986328 268.247955322266 271.555908203125 273.971069335938 274.073699951172 273.828033447266 274.181274414062 273.692260742188
-3.4e+38 -3.4e+38 283.665191650391 283.660919189453 283.431610107422 283.867858886719 284.260772705078 284.157440185547 283.737121582031 284.026123046875 283.810882568359 283.5078125 283.667449951172 283.926483154297 284.166595458984 284.283416748047 284.379974365234 284.543640136719 282.339294433594 280.032501220703 280.231750488281 280.732635498047 280.049957275391 282.550384521484 281.338897705078 279.924682617188 280.492034912109 279.108551025391 280.977935791016 285.121032714844 285.248077392578 285.457214355469 285.343658447266 283.709747314453 279.573455810547 276.869689941406 273.987213134766 272.426574707031 272.215637207031 270.923889160156 266.259613037109 268.8427734375 268.293304443359 270.135925292969 271.25341796875 271.796722412109 273.714721679688 273.859344482422 271.944702148438
-3.4e+38 -3.4e+38 284.05615234375 283.271575927734 283.455841064453 284.056762695312 284.740051269531 284.136779785156 283.992309570312 284.091583251953 284.232238769531 282.045013427734 282.974517822266 284.306060791016 284.256378173828 283.698181152344 283.857269287109 284.358276367188 282.146270751953 278.809295654297 278.638031005859 279.117095947266 279.078582763672 280.948486328125 282.029357910156 279.946868896484 279.717254638672 279.347412109375 278.535614013672 284.205322265625 285.130279541016 285.272644042969 285.351165771484 283.191680908203 278.638366699219 275.429992675781 274.948974609375 275.087799072266 272.249969482422 271.483734130859 269.710845947266 266.963134765625 269.532806396484 269.923492431641 268.996429443359 268.282165527344 270.296203613281 273.068664550781 273.187683105469
-3.4e+38 -3.4e+38 283.871795654297 283.581756591797 283.996185302734 284.135223388672 284.594665527344 284.284759521484 284.211059570312 284.146881103516 284.263824462891 283.049346923828 283.341369628906 284.340606689453 284.571472167969 283.94091796875 283.383056640625 283.388977050781 283.327850341797 280.355438232422 278.418579101562 278.103179931641 279.945983886719 281.516876220703 282.296539306641 281.194152832031 281.228820800781 280.219573974609 275.927093505859 281.527221679688 285.076873779297 284.850799560547 285.196960449219 282.843780517578 279.746948242188 277.926635742188 276.188323974609 275.337219238281 273.702453613281 272.702117919922 272.371643066406 268.633697509766 269.288177490234 266.297943115234 266.164733886719 267.001007080078 266.189697265625 270.99560546875 274.372161865234
-3.4e+38 -3.4e+38 284.102966308594 284.137725830078 284.176818847656 284.478393554688 284.438385009766 284.346069335938 283.946685791016 284.021423339844 284.225646972656 284.320281982422 284.160034179688 283.994659423828 284.627136230469 284.65625 284.663726806641 283.9912109375 284.400665283203 283.527954101562 283.00537109375 282.409057617188 281.763000488281 279.707275390625 278.842468261719 282.604614257812 285.138366699219 282.008422851562 277.614196777344 277.319213867188 282.393798828125 284.337280273438 284.564361572266 284.338592529297 282.056884765625 280.2177734375 278.695587158203 277.886383056641 277.533538818359 275.739990234375 274.642700195312 269.219848632812 262.821563720703 262.708221435547 263.431610107422 263.925933837891 267.623199462891 266.372222900391 264.477355957031
-3.4e+38 284.012817382812 284.034698486328 284.141906738281 284.28271484375 284.194488525391 284.109161376953 284.146759033203 283.850433349609 283.80615234375 283.948333740234 284.239807128906 284.060516357422 284.219390869141 284.373168945312 284.598510742188 284.899566650391 284.710327148438 283.095642089844 282.721038818359 283.667449951172 283.786865234375 281.544128417969 280.229309082031 281.308380126953 283.619201660156 284.979736328125 282.129364013672 277.995025634766 273.821258544922 277.414825439453 281.657806396484 283.636566162109 283.534576416016 282.321960449219 281.415557861328 280.069854736328 278.912841796875 278.894439697266 279.124481201172 278.344421386719 269.881317138672 266.288757324219 264.335357666016 265.153198242188 262.563598632812 264.328216552734 267.641448974609 266.278930664062
-3.4e+38 284.078216552734 284.180358886719 284.296600341797 284.399475097656 284.248046875 284.188995361328 284.296417236328 283.885528564453 283.681457519531 283.997985839844 284.452026367188 284.294372558594 284.629180908203 284.704223632812 284.466369628906 283.641906738281 284.148803710938 281.878997802734 280.360198974609 280.222930908203 281.364990234375 281.644287109375 281.612152099609 283.562194824219 284.8017578125 284.888641357422 283.537292480469 278.133850097656 271.833587646484 273.022064208984 279.334106445312 284.19580078125 284.493011474609 283.220886230469 281.545043945312 280.497741699219 279.946716308594 280.356628417969 280.242645263672 279.127136230469 270.415954589844 270.440704345703 267.004791259766 265.086761474609 263.788452148438 259.510345458984 261.437377929688 267.043151855469
