rcp4.5models/MPi_ESM_LR/sc1gr0.22
NCOLS 261 
NROWS 433 
XLLCORNER 336357.134 
YLLCORNER 654653.479 
CELLSIZE 1000 
NODATA_value -3.4e+38 
[rows 308 to 329 of 433, columns 49 to 97 of 261]
51.3274307250977 51.6156120300293 51.99462890625 52.3896560668945 52.7148666381836 52.9768867492676 53.3059997558594 53.9944076538086 54.2883148193359 54.5346069335938 54.8898582458496 55.3129844665527 55.5607719421387 55.8868751525879 56.320873260498 56.6081123352051 56.8317375183105 57.0675201416016 57.7470970153809 58.1641654968262 58.5907173156738 58.9347724914551 59.2489318847656 60.2481994628906 61.3430671691895 61.6545104980469 62.1254348754883 62.3710174560547 62.157154083252 62.2693252563477 61.7583084106445 61.4665298461914 62.0876274108887 62.9818496704102 63.3770027160645 63.8165664672852 64.0718688964844 63.9793815612793 63.9167900085449 64.2664108276367 64.916130065918 65.6356735229492 65.840576171875 66.5127105712891 67.6458129882812 68.5776138305664 68.9537048339844 69.0692291259766 69.2172546386719
51.3816680908203 51.7355117797852 52.1160469055176 52.4317245483398 52.7039680480957 53.0002708435059 53.2723808288574 54.0921211242676 54.4588241577148 54.7530097961426 54.9635543823242 55.2830963134766 55.6287994384766 55.951057434082 56.3391494750977 56.6205368041992 56.8756523132324 57.1297950744629 57.8190803527832 58.1364822387695 58.4955177307129 58.8639678955078 59.2543182373047 59.9415092468262 60.751091003418 61.3874893188477 62.1098327636719 62.4569091796875 62.1152839660645 62.1597938537598 61.8160667419434 61.6012153625488 62.0826873779297 63.2193031311035 63.8866539001465 63.8484230041504 63.708797454834 63.6638832092285 63.7872581481934 64.0580978393555 64.9699478149414 65.7936859130859 66.7268447875977 67.5947875976562 68.2458648681641 68.798828125 68.958366394043 69.0479736328125 69.3795700073242
51.3774871826172 51.660457611084 52.1225204467773 52.5122871398926 52.7950019836426 52.9765815734863 53.237907409668 54.0636024475098 54.4728584289551 54.867504119873 55.0519905090332 55.3103256225586 55.7605094909668 55.9728469848633 56.2350578308105 56.6355934143066 56.893684387207 57.1463432312012 57.8484649658203 58.2480659484863 58.6229057312012 58.7906265258789 59.2224578857422 59.874626159668 60.2107620239258 60.8342475891113 61.5765571594238 61.8711585998535 61.8909301757812 61.7544250488281 61.9576873779297 62.0203170776367 62.0655555725098 63.1502075195312 63.652587890625 63.0481491088867 62.9669303894043 63.1417198181152 63.6458129882812 64.1196746826172 64.7843246459961 66.1435470581055 67.0308837890625 67.6768417358398 68.1198501586914 68.5781707763672 68.7544174194336 68.850212097168 69.0510101318359
51.226692199707 51.5600280761719 52.0108032226562 52.4260177612305 52.8310317993164 53.0799179077148 53.3415451049805 53.9432754516602 54.4207420349121 54.8206596374512 55.0893135070801 55.4267196655273 55.7896881103516 56.0000991821289 56.3688430786133 56.7071380615234 56.861701965332 57.1661186218262 57.7853164672852 58.2083740234375 58.7319831848145 58.9648551940918 59.5945930480957 60.3852844238281 60.4299583435059 60.7064208984375 61.5808753967285 61.626522064209 61.3639640808105 61.5291976928711 62.5095252990723 62.6697845458984 62.0862617492676 62.8268737792969 63.1842803955078 63.0234069824219 63.185676574707 63.6155776977539 64.5383987426758 64.9001083374023 65.1209564208984 65.9837875366211 66.6133117675781 66.9359588623047 67.6014099121094 67.9235763549805 68.0783767700195 68.239990234375 68.3718032836914
51.1860504150391 51.5111503601074 51.8889503479004 52.3231468200684 52.7394409179688 53.106071472168 53.3120536804199 53.9534034729004 54.4900169372559 54.8982810974121 55.0952301025391 55.3775367736816 55.7039413452148 55.9887504577637 56.4295120239258 56.7141532897949 56.8045501708984 57.1676483154297 57.849609375 58.1257591247559 58.8543815612793 59.2750129699707 59.6168594360352 60.3207359313965 60.5906448364258 60.5665435791016 61.2863998413086 61.4649467468262 60.880542755127 61.7699508666992 62.6357231140137 62.9996452331543 62.6727447509766 62.9295310974121 63.9028244018555 64.19677734375 64.1548767089844 64.0455932617188 64.5031967163086 64.8464279174805 64.9575729370117 65.0735168457031 65.8096923828125 66.1556167602539 66.6829223632812 67.155647277832 67.315299987793 67.5084457397461 67.7432403564453
51.0653839111328 51.5461311340332 51.8003005981445 51.9423370361328 52.419807434082 52.9021377563477 53.2349052429199 53.826042175293 54.3828086853027 54.8579368591309 55.1350173950195 55.4112167358398 55.6841239929199 56.0381393432617 56.3514518737793 56.710033416748 57.1000938415527 57.3166007995605 57.9066352844238 58.2422103881836 58.7967910766602 59.0728530883789 59.1666450500488 59.9439659118652 60.4322547912598 60.3386116027832 60.4770545959473 60.7113838195801 61.1082992553711 62.2709159851074 62.9644241333008 63.1855621337891 62.8676376342773 63.0397071838379 63.5695343017578 64.2171859741211 65.0522537231445 65.0219268798828 65.1921920776367 64.8627853393555 64.8726654052734 65.2364501953125 65.7023010253906 66.2090148925781 66.0395050048828 66.2225646972656 66.2083435058594 66.5248718261719 66.9869766235352
51.0387153625488 51.5274848937988 51.7371940612793 51.9453887939453 52.4358940124512 52.8477249145508 53.1985054016113 53.8558540344238 54.2884063720703 54.7722282409668 55.1846084594727 55.4693298339844 55.7779960632324 56.1880226135254 56.5369873046875 56.8282585144043 57.0431365966797 57.2854194641113 57.8496856689453 58.3130836486816 58.8693046569824 59.2007522583008 59.2004623413086 60.0920333862305 60.9298515319824 60.66015625 60.6125106811523 60.8148727416992 61.1423187255859 61.7011184692383 62.1236763000488 62.5114402770996 62.6584815979004 62.8995361328125 63.2267227172852 63.8458404541016 64.9459686279297 65.3599700927734 65.4318161010742 65.1538238525391 65.2511291503906 65.5849456787109 65.9128112792969 66.1531372070312 66.1761016845703 66.4788513183594 66.9529418945312 67.1441040039062 67.0415420532227
51.0067901611328 51.4097213745117 51.676399230957 51.8878631591797 52.2301940917969 52.7391014099121 53.2666511535645 53.956974029541 54.3328704833984 54.7004051208496 55.1572113037109 55.5348320007324 55.8456420898438 56.1439399719238 56.4221153259277 56.8107109069824 57.1222763061523 57.3304176330566 57.8460235595703 58.2923583984375 58.8572883605957 59.1894416809082 59.2789916992188 60.1156196594238 61.005973815918 60.8529663085938 60.7218818664551 60.9162139892578 61.4428977966309 62.1635398864746 62.724063873291 63.2373085021973 63.1808013916016 63.1541938781738 63.722053527832 64.0960540771484 65.0296401977539 65.7064514160156 65.7967910766602 65.7468795776367 65.5759735107422 66.6695022583008 66.9378051757812 67.100227355957 67.3727493286133 67.8746566772461 68.1824798583984 67.7282943725586 67.493293762207
51.0405044555664 51.3918914794922 51.6866264343262 51.8662223815918 52.1606826782227 52.7395401000977 53.2611236572266 53.9843521118164 54.3261299133301 54.6608543395996 55.1327781677246 55.480152130127 55.7967758178711 56.1170768737793 56.4047966003418 56.8232307434082 57.1206741333008 57.2466850280762 57.9156303405762 58.2475891113281 58.6700286865234 59.0437927246094 59.3144912719727 60.1579475402832 61.0432739257812 60.9646072387695 60.7678146362305 60.9203147888184 61.3963890075684 62.3584327697754 63.0727348327637 64.0117034912109 63.8614120483398 63.5861320495605 64.0691299438477 64.387825012207 65.0828399658203 65.7089157104492 66.0375823974609 66.4111938476562 66.2186660766602 67.3743438720703 67.5888061523438 68.0186233520508 68.6879119873047 69.0931625366211 68.8190383911133 68.2815246582031 68.1955947875977
51.0299339294434 51.4438667297363 51.7229347229004 51.8951034545898 52.1867218017578 52.7728805541992 53.2340354919434 54.0234451293945 54.2361640930176 54.6193542480469 55.3528060913086 55.6926498413086 55.7608795166016 56.0991325378418 56.4520835876465 56.8659019470215 57.131420135498 57.2514533996582 58.1702537536621 58.6440162658691 58.8835144042969 59.0807723999023 59.3941535949707 60.1845474243164 61.1745414733887 61.1172714233398 60.7434959411621 60.900520324707 61.181755065918 62.1208419799805 62.4613609313965 63.1237754821777 63.4832572937012 63.6387672424316 63.7700271606445 64.2371520996094 64.8334884643555 65.3249816894531 65.7426452636719 66.2123031616211 66.5081100463867 67.4282913208008 67.8882827758789 68.5157165527344 69.1944580078125 69.3781967163086 68.9907302856445 68.5431213378906 68.473388671875
50.9501037597656 51.2937431335449 51.5422019958496 51.8788070678711 52.3941612243652 52.8713798522949 53.1885604858398 54.0096282958984 54.2467918395996 54.5398139953613 55.1764831542969 55.6040878295898 55.7521553039551 56.059268951416 56.4197196960449 56.7982406616211 57.0211906433105 57.3128547668457 58.1794815063477 58.897159576416 59.494873046875 59.7412490844727 59.7654190063477 59.9298858642578 60.9274101257324 61.2766609191895 60.9272499084473 61.0864448547363 61.2870674133301 62.2395439147949 63.087459564209 63.2845840454102 63.0746841430664 63.4035415649414 63.8243103027344 64.6162719726562 65.2261428833008 65.4868698120117 65.7659759521484 66.0480575561523 66.4216384887695 67.1681594848633 67.699821472168 68.2637252807617 68.7253265380859 68.7957534790039 68.5681304931641 68.3388366699219 68.5439910888672
50.8338241577148 51.1858940124512 51.519401550293 51.8676376342773 52.3880004882812 52.8857917785645 53.131031036377 53.8289680480957 54.2936706542969 54.720100402832 55.1429290771484 55.5871200561523 55.8083190917969 56.0422515869141 56.4649620056152 56.7815208435059 57.1144485473633 57.5752258300781 58.1662406921387 58.8177108764648 59.4740791320801 59.856761932373 59.9461631774902 60.1126556396484 60.9884414672852 61.2911529541016 61.1418609619141 61.2970771789551 61.3634376525879 62.1323585510254 63.7830085754395 64.5543899536133 63.7981834411621 63.5071220397949 63.749683380127 64.7015533447266 65.5972061157227 65.9729309082031 66.1079483032227 66.3726806640625 66.5498123168945 66.7376556396484 67.2778854370117 67.8968734741211 68.2590026855469 68.389778137207 68.3552856445312 68.3701324462891 68.6926498413086
50.8486061096191 51.2822113037109 51.5897254943848 51.8409385681152 52.2595252990723 52.813892364502 53.1737518310547 53.8953895568848 54.3812255859375 54.8794326782227 55.241813659668 55.6767082214355 55.9233703613281 56.1634902954102 56.52880859375 56.833869934082 57.2643547058105 57.7232933044434 58.4283981323242 58.8264312744141 59.0346946716309 59.4687576293945 59.8739471435547 60.1722946166992 60.6973342895508 61.0090827941895 61.3109474182129 61.4851989746094 61.4580116271973 62.1967315673828 63.3695259094238 64.5788650512695 64.4618759155273 63.6934814453125 63.5963668823242 64.5734939575195 65.5924530029297 65.7908477783203 65.6801910400391 66.2053527832031 66.4507293701172 66.6215896606445 67.4109344482422 67.9446258544922 68.1640014648438 68.1656265258789 68.0628814697266 68.2652587890625 68.819580078125
50.7407684326172 51.1898727416992 51.5538902282715 51.9452896118164 52.4413452148438 52.8039283752441 53.1092948913574 54.0506248474121 54.4256134033203 54.7996520996094 55.1975746154785 55.5516586303711 55.8025016784668 56.2041397094727 56.6027526855469 56.9633636474609 57.4669227600098 57.866828918457 58.6220741271973 59.0451965332031 59.5041046142578 60.0414810180664 60.4218711853027 60.7579650878906 60.7750473022461 60.8658103942871 61.5549659729004 61.732551574707 61.5640144348145 62.2250556945801 62.7320365905762 64.060676574707 64.6435089111328 63.8485908508301 63.7966537475586 64.8540954589844 65.693229675293 65.4943008422852 65.5531539916992 66.260498046875 66.33837890625 66.6403427124023 67.6005783081055 68.0555953979492 68.0995864868164 67.8183135986328 67.7072143554688 68.0367813110352 68.5720825195312
50.9178657531738 51.3604125976562 51.6313629150391 52.0953178405762 52.6170272827148 52.8708686828613 53.1038932800293 54.0992660522461 54.473705291748 54.7454528808594 55.144832611084 55.4796447753906 55.8561706542969 56.2789306640625 56.671070098877 57.0876655578613 57.4861831665039 57.8757781982422 58.714714050293 59.1730918884277 59.8354339599609 60.4729270935059 61.1702537536621 61.811954498291 61.4843368530273 61.295337677002 61.9895782470703 62.4537696838379 62.1845207214355 62.3267288208008 62.7451782226562 63.8667068481445 64.7365264892578 64.3735275268555 64.2037811279297 64.6921157836914 65.2525253295898 65.5275421142578 65.9856414794922 66.6873397827148 66.898323059082 66.5510482788086 67.0787048339844 67.645866394043 68.0361633300781 67.6251678466797 67.730339050293 68.402214050293 68.8176345825195
51.0416717529297 51.5318450927734 51.6902847290039 52.060604095459 52.604061126709 52.9611625671387 53.2167510986328 54.0499687194824 54.3808212280273 54.757740020752 55.2380256652832 55.6175689697266 56.0363159179688 56.426326751709 56.7971153259277 57.0986022949219 57.378288269043 57.8468742370605 58.7051315307617 59.108642578125 59.6268463134766 60.7064056396484 61.7626075744629 61.9396743774414 61.7763862609863 62.0395622253418 62.6419219970703 63.1388053894043 62.735897064209 62.4771995544434 63.0755310058594 63.7005767822266 64.0193786621094 64.1226196289062 64.4329605102539 65.0550689697266 65.6274032592773 66.0129318237305 66.4377288818359 66.8937149047852 67.2636337280273 66.4929809570312 66.8487548828125 67.3318481445312 67.5871429443359 67.5215530395508 67.935676574707 68.4639663696289 69.0556869506836
51.189624786377 51.6519813537598 51.8285255432129 52.1716041564941 52.6270713806152 53.0560836791992 53.4266471862793 54.0930099487305 54.4182929992676 54.8657073974609 55.2250099182129 55.6604423522949 56.0314445495605 56.3587455749512 56.9255599975586 57.2380638122559 57.4292335510254 57.8190803527832 58.8074073791504 59.191162109375 59.6100234985352 60.6380920410156 61.5876274108887 61.7879371643066 62.1405067443848 62.6036376953125 63.1408462524414 63.6645851135254 62.9301071166992 62.4406471252441 63.4026985168457 63.8604736328125 63.6030426025391 63.7721824645996 64.2910079956055 65.3538208007812 66.2877960205078 66.6139221191406 66.8357772827148 67.1112976074219 67.274055480957 66.5855560302734 67.0268707275391 67.4973220825195 67.6155624389648 67.8844680786133 68.283821105957 68.4357604980469 69.0749664306641
51.3819732666016 51.7006607055664 52.0601692199707 52.5071907043457 52.9484519958496 53.1984024047852 53.4925117492676 54.2872695922852 54.6423454284668 55.0811805725098 55.5284767150879 55.7211723327637 56.0223617553711 56.5422554016113 57.2885551452637 57.7791709899902 57.969310760498 58.0644378662109 59.1397094726562 59.5088272094727 59.7117919921875 60.9541206359863 61.714542388916 62.1411209106445 62.9583854675293 63.2565689086914 63.6105155944824 63.3584175109863 62.5118255615234 62.7018814086914 62.8956565856934 63.6300239562988 64.2996215820312 64.1684036254883 64.2353591918945 64.6483764648438 65.7383117675781 66.8286056518555 67.0973968505859 67.2233734130859 67.1943359375 67.6423721313477 67.4385528564453 67.8860626220703 68.4565582275391 69.0224533081055 69.0678634643555 68.8559722900391 69.1095199584961
51.5304260253906 51.875373840332 52.1948509216309 52.6581878662109 52.9182052612305 53.2435455322266 53.5872077941895 54.3792610168457 54.6838912963867 55.1272010803223 55.6097106933594 55.8443031311035 56.0464897155762 56.4785804748535 57.3707046508789 57.9348258972168 58.171272277832 58.3388786315918 59.1047134399414 59.4767150878906 59.9319190979004 61.2945671081543 61.8396453857422 62.208911895752 63.1276321411133 63.5574188232422 63.9172668457031 63.4930801391602 62.7963943481445 63.1381149291992 63.2144927978516 63.4647674560547 64.4202651977539 64.9682235717773 64.8461227416992 64.7876510620117 65.5216445922852 66.6868743896484 67.0848083496094 66.9234848022461 67.0068588256836 67.7276000976562 67.9238739013672 68.2813339233398 68.4641342163086 68.8611145019531 69.1620712280273 69.2405242919922 69.4509735107422
51.7105293273926 51.9353942871094 52.2906188964844 52.7658729553223 52.9606819152832 53.3725624084473 53.7517013549805 54.5252723693848 54.8834762573242 55.2357635498047 55.6080551147461 55.8840560913086 56.1140441894531 56.5674285888672 57.3924331665039 58.0719146728516 58.3270034790039 58.412036895752 59.017578125 59.330940246582 60.1396331787109 61.518138885498 61.8241500854492 62.1721992492676 63.3095970153809 63.6321983337402 63.462043762207 63.3149337768555 63.0778160095215 63.4193954467773 63.6535911560059 63.7791328430176 64.6288681030273 65.2812118530273 65.2741317749023 65.4731750488281 65.8428802490234 66.1007614135742 66.389030456543 66.8158187866211 67.0759124755859 67.7979202270508 68.2875823974609 68.6089630126953 68.6597518920898 68.7483062744141 69.2003479003906 69.4520874023438 69.595344543457
51.7783393859863 52.1151123046875 52.5463562011719 52.9063301086426 53.0841026306152 53.5283584594727 53.8386306762695 54.6773071289062 55.0748252868652 55.3894691467285 55.6514701843262 55.9703674316406 56.3043212890625 56.7332954406738 57.4342842102051 58.0034217834473 58.1777076721191 58.4109077453613 59.1120376586914 59.3535575866699 59.9233703613281 60.859748840332 61.3567199707031 61.9615592956543 63.3000373840332 63.4975929260254 -3.4e+38 63.0871887207031 63.0095024108887 63.8674697875977 63.8316688537598 63.6819000244141 64.1977233886719 64.6433486938477 65.2281265258789 66.0391311645508 66.4854431152344 66.1026916503906 66.0559387207031 67.0171585083008 67.4716186523438 67.9299087524414 68.5108947753906 68.700325012207 68.7659378051758 68.9252777099609 69.2569808959961 69.5212631225586 69.7444152832031
51.8441009521484 52.2551231384277 52.7074317932129 53.0776138305664 53.3309440612793 53.7258148193359 53.9597434997559 54.8245735168457 55.2157783508301 55.4634094238281 55.6411666870117 56.0592346191406 56.3894844055176 56.7749938964844 57.3617706298828 57.7217178344727 57.9028587341309 58.4642791748047 59.432746887207 59.7093315124512 60.0312728881836 60.7406845092773 61.404167175293 61.8328018188477 62.8232574462891 -3.4e+38 63.1448173522949 63.2206916809082 63.3148460388184 64.3510665893555 64.1118774414062 63.8290901184082 64.0240325927734 64.3918762207031 65.4265213012695 66.3632354736328 66.7863693237305 66.771354675293 66.607063293457 67.1511306762695 67.6584701538086 67.982063293457 68.4726333618164 68.7125015258789 68.8757476806641 69.0978469848633 69.3589172363281 69.5708923339844 69.7053375244141
