rcp4.5models/MPi_ESM_LR/sc1gr7.35
NCOLS 261 
NROWS 433 
XLLCORNER 336357.134 
YLLCORNER 654653.479 
CELLSIZE 1000 
NODATA_value -3.4e+38 
[rows 242 to 263 of 433, columns 98 to 146 of 261]
55.3556442260742 54.9735794067383 55.2199440002441 55.8671836853027 56.3828010559082 56.6758155822754 57.1635818481445 -3.4e+38 58.9800796508789 59.6082382202148 60.4358100891113 61.4298820495605 62.7714309692383 63.9521827697754 66.6835098266602 68.9867553710938 74.3671493530273 80.7747650146484 82.8010482788086 84.484016418457 85.9097213745117 86.3207931518555 85.7772979736328 86.5655899047852 88.2319869995117 90.0460357666016 88.4285736083984 -3.4e+38 90.1347427368164 90.5003280639648 89.2202377319336 90.4308090209961 92.1949462890625 92.5063705444336 93.4315719604492 94.8391342163086 94.7594985961914 97.7418594360352 96.8584671020508 97.1913604736328 98.647087097168 101.00025177002 102.335556030273 101.30793762207 101.874221801758 102.60905456543 103.401969909668 104.274642944336 106.115203857422
54.9927825927734 56.2678718566895 54.1420211791992 54.1950073242188 54.5726928710938 55.0405540466309 55.7534828186035 56.3914375305176 56.9071388244629 57.6255989074707 58.7173728942871 59.7844352722168 60.8601036071777 62.4672508239746 67.6489944458008 70.110969543457 71.9395065307617 79.8155746459961 82.1644973754883 84.1224822998047 83.9896240234375 84.1582260131836 83.7467346191406 85.0548248291016 86.5079040527344 85.9311904907227 87.2147598266602 87.4126815795898 88.2366561889648 89.6064224243164 90.5009613037109 95.1690521240234 102.479110717773 104.82568359375 98.1482467651367 93.5659790039062 93.9968414306641 98.5960311889648 100.135437011719 96.699836730957 97.7399749755859 101.173492431641 103.915115356445 100.992401123047 101.407806396484 101.817512512207 102.671661376953 103.598167419434 105.375907897949
55.3911399841309 57.1927452087402 53.3315887451172 53.6645660400391 54.1300239562988 54.1200294494629 54.8850402832031 55.5472412109375 56.1155166625977 56.7868003845215 57.972282409668 59.2346649169922 60.4429664611816 62.0705757141113 68.4540634155273 71.2273101806641 73.243034362793 85.957893371582 92.4293060302734 92.8960494995117 83.6492614746094 82.7045288085938 82.873176574707 84.6504669189453 85.3215484619141 84.2236328125 85.5616989135742 86.0752334594727 87.3215637207031 89.3007507324219 91.1936187744141 94.216064453125 102.854438781738 112.348487854004 105.759689331055 93.3912734985352 94.1826019287109 99.2684936523438 102.074882507324 96.2011260986328 97.3207321166992 100.631866455078 103.917861938477 101.30061340332 101.080627441406 101.540267944336 102.325950622559 103.207977294922 104.977615356445
58.8059120178223 64.5439453125 52.2419090270996 53.4026145935059 53.9778747558594 53.4652976989746 54.4077758789062 55.0648231506348 55.4886741638184 56.0757331848145 57.163932800293 58.2251434326172 59.8004875183105 61.5058135986328 70.5653839111328 71.3043975830078 75.1378173828125 94.2491912841797 102.666137695312 98.5365905761719 84.6315383911133 81.4669036865234 82.2915191650391 84.8853149414062 85.8781051635742 83.2563629150391 84.0690994262695 84.9289474487305 86.103645324707 88.0243606567383 92.2757263183594 99.7907867431641 108.765113830566 116.667594909668 113.451950073242 99.536994934082 98.5339660644531 99.3247451782227 100.496612548828 96.1992263793945 97.0797348022461 99.5682907104492 103.029281616211 102.184600830078 100.413528442383 101.016403198242 101.808601379395 102.729110717773 104.642738342285
56.8422927856445 61.8650970458984 51.4544525146484 52.419921875 52.8811149597168 52.7861251831055 53.7170219421387 54.4146270751953 54.6782417297363 55.200756072998 56.0323791503906 56.9357147216797 58.5529022216797 60.3040008544922 73.6404037475586 72.6917419433594 71.7861862182617 88.8770141601562 104.067199707031 100.360359191895 89.4495697021484 82.2230834960938 82.1201629638672 85.9874267578125 87.1583251953125 82.5633773803711 83.5747528076172 84.356575012207 85.9207305908203 89.4263916015625 96.1974258422852 108.625160217285 117.10277557373 119.567428588867 116.72826385498 111.669700622559 110.461975097656 102.53239440918 102.074516296387 97.5087890625 96.588508605957 98.3848266601562 102.162628173828 102.595520019531 99.6311874389648 100.477867126465 101.363998413086 102.265609741211 104.237861633301
51.9958190917969 53.1973457336426 50.8089141845703 51.1359176635742 51.6515960693359 51.975414276123 52.6936416625977 53.4800033569336 53.7255706787109 54.1753273010254 54.9236030578613 55.8843803405762 57.5709686279297 59.5138320922852 71.2309265136719 70.6345901489258 68.9683151245117 84.0770645141602 103.327835083008 99.3315505981445 85.467399597168 81.9976272583008 82.3033676147461 84.9259490966797 84.7054290771484 82.1259002685547 83.6758270263672 83.7772979736328 84.9991760253906 89.0683517456055 98.7738571166992 114.009742736816 118.705375671387 119.880340576172 121.640319824219 116.782562255859 116.924369812012 103.871208190918 101.220626831055 96.4367828369141 95.729736328125 96.7522048950195 100.831481933594 103.742599487305 99.4563293457031 99.9366989135742 101.034576416016 101.857360839844 103.807678222656
50.0422706604004 50.0338096618652 50.110897064209 50.2514953613281 50.7595176696777 51.1428756713867 51.6835556030273 52.3286552429199 52.9148559570312 53.3894844055176 54.0623474121094 55.1217803955078 56.5738792419434 58.2403755187988 63.5889358520508 64.2713012695312 65.8748092651367 81.4010162353516 103.999954223633 96.9820022583008 80.5369110107422 79.3051376342773 80.6791534423828 81.9971237182617 81.0742568969727 81.6121292114258 82.1352005004883 82.0551528930664 82.9052047729492 85.9622116088867 98.5204772949219 116.33911895752 116.189956665039 119.501342773438 123.817169189453 116.692008972168 116.474296569824 98.1765670776367 95.5089797973633 94.4320907592773 95.2099227905273 95.9821701049805 99.8652801513672 103.954048156738 99.0636825561523 99.3557662963867 100.569793701172 101.468902587891 103.33975982666
49.6783294677734 49.6191635131836 49.4565887451172 51.0024833679199 49.941463470459 50.2195320129395 50.655876159668 51.3764953613281 52.2555923461914 52.4924049377441 53.1711502075195 54.0931358337402 55.096794128418 56.4597358703613 59.4997634887695 60.3072509765625 62.2004508972168 74.977409362793 99.4527282714844 97.8322296142578 81.6565704345703 77.9532928466797 79.0554580688477 80.7740478515625 80.3499603271484 80.6503372192383 80.0421829223633 80.4648208618164 81.5824508666992 86.2430877685547 102.107650756836 117.985321044922 114.162017822266 115.380477905273 118.622177124023 114.80265045166 104.907974243164 94.4356994628906 95.5833129882812 95.3064270019531 97.1436767578125 98.2818603515625 99.8705978393555 103.105934143066 98.3031387329102 98.6676864624023 100.012077331543 100.981376647949 102.937568664551
49.2210273742676 49.4404945373535 49.1756858825684 52.5752906799316 49.2845115661621 49.5262260437012 50.0808906555176 50.8188133239746 51.5348663330078 51.5774765014648 52.2589302062988 53.0647506713867 54.1372947692871 55.2373542785645 58.5926475524902 60.1054039001465 62.1189422607422 71.0994110107422 86.0555191040039 85.541633605957 77.8708724975586 77.4267272949219 79.5169677734375 79.4946746826172 78.1152114868164 78.0977630615234 78.2751922607422 80.1484069824219 82.8217315673828 87.2469253540039 101.195098876953 116.479515075684 118.247688293457 115.63761138916 114.37336730957 114.354057312012 101.552772521973 96.1761093139648 99.4894714355469 96.9888076782227 98.9204864501953 101.040649414062 101.001182556152 104.983062744141 97.990837097168 97.8199234008789 99.0784530639648 100.31990814209 102.202293395996
48.5030746459961 48.674919128418 48.6067008972168 51.1127548217773 48.9105377197266 48.988094329834 49.6160545349121 50.2339363098145 50.500560760498 50.8512382507324 51.4703750610352 52.2806816101074 53.8371620178223 55.4006652832031 56.8996505737305 58.7901763916016 61.4920501708984 68.8930587768555 76.2099761962891 74.4252853393555 74.1498336791992 76.9489974975586 81.1122665405273 79.0081405639648 76.971321105957 76.8590698242188 77.5035858154297 80.621955871582 87.4517211914062 90.6620864868164 98.642333984375 111.669075012207 115.850799560547 112.735000610352 112.823318481445 117.161293029785 110.152099609375 104.426879882812 107.013198852539 97.469367980957 98.9970245361328 101.676811218262 101.322906494141 105.989562988281 97.5814361572266 96.5574188232422 97.6360473632812 99.2864151000977 101.371200561523
48.124755859375 47.9944648742676 47.9750022888184 48.7950668334961 48.5951957702637 48.4848709106445 49.0764617919922 49.6939849853516 49.6492614746094 50.1735649108887 50.766975402832 51.4615173339844 52.982837677002 55.3011054992676 55.6942405700684 57.3727951049805 60.7516441345215 68.7303161621094 77.0970077514648 74.422737121582 73.6044540405273 76.8901443481445 81.8723449707031 79.9675216674805 76.4780044555664 76.6287078857422 76.3576354980469 79.6870269775391 89.3335647583008 96.0120620727539 99.931770324707 108.800758361816 111.818778991699 109.476959228516 111.041374206543 115.260177612305 115.327156066895 114.25545501709 113.725028991699 103.345993041992 100.569313049316 99.7938613891602 100.467994689941 103.433212280273 97.2075805664062 95.1266098022461 95.9890823364258 97.9910888671875 100.279846191406
48.0509605407715 47.915412902832 47.669246673584 47.843132019043 47.9782676696777 47.9666748046875 48.4274826049805 48.9407081604004 49.1201286315918 49.5610618591309 50.1978530883789 50.8716888427734 51.883430480957 54.2026596069336 55.4468307495117 57.6074256896973 62.9087867736816 70.6020050048828 77.2793273925781 73.8709487915039 72.5238952636719 77.9593276977539 85.6720657348633 79.9772109985352 75.1069259643555 74.96142578125 76.0060577392578 77.1355590820312 84.2402572631836 92.8489685058594 98.7673492431641 114.425308227539 113.580017089844 109.587669372559 112.14665222168 116.585830688477 120.213012695312 114.641174316406 115.227638244629 109.962280273438 100.46363067627 98.9529876708984 100.115776062012 98.1383361816406 96.147346496582 94.8331985473633 96.0657958984375 97.744873046875 99.6978912353516
48.0825614929199 47.897102355957 47.6258125305176 47.5047798156738 47.5178070068359 -3.4e+38 47.9637756347656 48.2764472961426 48.6340370178223 49.1654434204102 49.8775062561035 50.2604179382324 51.1981735229492 52.669994354248 55.2600708007812 57.536060333252 64.9815521240234 74.708869934082 74.6711196899414 72.7400817871094 70.8534088134766 80.8702545166016 94.6017990112305 81.6616134643555 73.1944122314453 72.8913879394531 74.8154144287109 75.394172668457 79.5941467285156 87.1093444824219 93.6600189208984 110.837928771973 110.93563079834 110.480079650879 110.870277404785 115.448936462402 119.407897949219 113.833038330078 112.435806274414 103.874824523926 99.0070114135742 101.680503845215 100.139640808105 92.595703125 93.6640701293945 94.5718536376953 95.8261032104492 97.2218780517578 99.4928894042969
48.4824981689453 48.0448036193848 47.860538482666 47.2644004821777 47.1285781860352 -3.4e+38 47.1726150512695 47.3689346313477 47.8506851196289 48.6266632080078 49.2267684936523 49.6820297241211 50.217041015625 50.6897811889648 54.1767120361328 56.5585021972656 58.3765258789062 70.5295791625977 86.0474014282227 78.8256072998047 71.0191268920898 76.3370895385742 86.1169738769531 76.4354782104492 69.8883895874023 70.4130859375 72.5383453369141 75.0896301269531 74.6193084716797 76.1041717529297 81.3958511352539 90.0318298339844 97.9050521850586 108.956321716309 107.447128295898 111.023475646973 122.341575622559 107.756278991699 109.109161376953 105.254837036133 110.783264160156 104.601539611816 89.7783584594727 89.3318252563477 90.7079010009766 92.6298294067383 94.5297622680664 92.4214324951172 95.0632858276367
48.7934875488281 48.3971786499023 48.0379028320312 47.4622077941895 47.2987060546875 47.101978302002 47.151741027832 47.9335289001465 48.6415557861328 48.3660087585449 49.1030616760254 49.0772857666016 49.6292190551758 50.132453918457 53.4004974365234 56.0929985046387 56.8571243286133 67.0336227416992 82.9817123413086 76.2449264526367 69.0899276733398 75.4051055908203 85.584228515625 76.8500442504883 68.7558364868164 69.0275039672852 72.5403900146484 76.8652496337891 75.1257171630859 77.7253265380859 83.1265182495117 82.6412811279297 94.4288482666016 106.614128112793 108.710929870605 107.188446044922 115.013801574707 106.357612609863 110.208618164062 108.555252075195 105.09838104248 94.5332641601562 88.0310287475586 87.8169326782227 89.5025863647461 93.6389007568359 94.6923370361328 91.8037567138672 93.6299057006836
49.1143035888672 48.7948112487793 48.3153038024902 47.5797576904297 47.3936195373535 47.1856269836426 47.2218132019043 48.5803527832031 49.7956161499023 49.1682586669922 50.965934753418 49.5359039306641 49.1436500549316 49.9242401123047 51.7569007873535 54.1141624450684 56.3075485229492 66.8767242431641 83.0387878417969 76.8776702880859 69.6242523193359 75.8123626708984 86.0090789794922 76.1757659912109 67.1281127929688 67.1509323120117 71.0728988647461 75.5200576782227 74.1897277832031 75.8515014648438 82.6282424926758 85.5679168701172 92.6963806152344 103.416572570801 109.049438476562 103.765686035156 108.180969238281 105.217842102051 109.983390808105 109.264808654785 102.052192687988 85.8430480957031 87.8564453125 91.6828231811523 95.8906631469727 99.730094909668 95.894660949707 90.055419921875 91.4849624633789
49.6032981872559 49.1747245788574 48.6817283630371 47.7399139404297 47.4993057250977 47.3818016052246 47.2929992675781 48.8538398742676 52.5185661315918 56.6251831054688 58.7416763305664 51.7447891235352 48.9666709899902 49.8345680236816 51.9009552001953 52.260986328125 55.773365020752 68.9232559204102 88.1593246459961 87.6463470458984 82.2001876831055 81.9360275268555 90.4408950805664 81.5456771850586 65.4156723022461 66.0215606689453 70.7371673583984 73.6593704223633 72.2853469848633 73.4206314086914 83.8760681152344 96.5263824462891 99.3686447143555 103.962448120117 105.182991027832 109.616638183594 114.784034729004 103.465171813965 107.239631652832 106.684524536133 101.393486022949 85.2970809936523 90.2929382324219 101.882789611816 104.565505981445 104.061309814453 94.602409362793 89.211555480957 89.2646331787109
49.9932975769043 49.4746589660645 48.9862861633301 48.0371437072754 47.7298049926758 47.5750770568848 47.4289436340332 48.0711402893066 53.9776573181152 66.3892211914062 67.6755905151367 53.099250793457 48.5885620117188 49.4016761779785 53.328556060791 54.1187400817871 57.9107780456543 67.8557815551758 87.1981811523438 90.1688537597656 90.708251953125 90.6690063476562 93.4470367431641 86.7801055908203 64.5522155761719 64.9564819335938 70.0395278930664 72.2882690429688 71.3494567871094 74.5500640869141 88.4552459716797 103.831001281738 103.938117980957 103.514770507812 104.269493103027 117.07731628418 118.182250976562 102.241149902344 107.192565917969 105.290321350098 98.8597946166992 85.8959808349609 92.519157409668 106.353424072266 106.104476928711 105.560943603516 100.37727355957 96.5138320922852 90.9753875732422
50.1688842773438 49.696159362793 49.3061027526855 48.3636474609375 47.9518661499023 47.6828498840332 47.5115280151367 47.5899467468262 54.0787353515625 68.4723892211914 67.2722091674805 51.7178573608398 48.2592544555664 48.8179626464844 52.7112197875977 57.4471092224121 67.009147644043 73.1648025512695 83.8703079223633 89.5010681152344 92.2400512695312 93.3716125488281 90.5779800415039 82.7623748779297 64.0946044921875 64.638786315918 68.1629409790039 72.2105560302734 74.921257019043 76.7881469726562 87.590087890625 103.364486694336 100.281867980957 99.1908264160156 103.06241607666 114.62890625 115.088386535645 108.491661071777 108.684196472168 102.310585021973 96.9111862182617 85.480110168457 93.9309234619141 105.187950134277 104.760200500488 106.863327026367 106.06852722168 103.610786437988 98.5837783813477
50.3285140991211 49.9200134277344 49.5573043823242 48.6627502441406 48.2625999450684 47.947078704834 47.6804618835449 47.8541946411133 53.9857139587402 64.3262329101562 59.4571876525879 49.3222236633301 48.2314529418945 48.591007232666 52.2347869873047 57.5469932556152 68.8306350708008 81.3838729858398 87.2365875244141 91.8002090454102 91.7753143310547 90.1537551879883 85.2569046020508 70.1067504882812 62.4724769592285 63.4611663818359 68.1117935180664 75.3036727905273 79.7891235351562 80.4531784057617 88.4081344604492 99.9084930419922 93.1893997192383 96.0211868286133 106.765518188477 114.019432067871 114.29386138916 117.223556518555 111.539756774902 100.189590454102 100.087364196777 91.7409057617188 94.8446578979492 106.796371459961 114.802871704102 118.064575195312 112.539085388184 104.711112976074 103.909278869629
50.6293754577637 50.1695251464844 49.7725601196289 48.9281158447266 48.5299491882324 48.129997253418 47.8355484008789 47.7768821716309 50.9562492370605 57.6690330505371 55.7318534851074 48.6306762695312 48.4546852111816 48.6209716796875 54.3178367614746 57.6469764709473 67.2064743041992 80.3148803710938 87.9687042236328 87.6543579101562 81.541259765625 76.9841613769531 74.940299987793 60.5881423950195 60.5710334777832 61.8324165344238 68.6302185058594 78.5450592041016 81.6561126708984 83.247314453125 93.1200408935547 96.7606735229492 92.8177261352539 100.610084533691 108.836753845215 115.576316833496 113.106689453125 114.962585449219 114.142539978027 99.2758331298828 99.6546478271484 98.1061706542969 98.3777236938477 105.610534667969 117.739097595215 128.322280883789 119.664413452148 106.314765930176 100.933876037598
50.8231468200684 50.4819526672363 50.1249008178711 49.1209526062012 48.7008781433105 48.3099136352539 48.0116806030273 47.7929306030273 48.2607688903809 53.5518951416016 57.6522979736328 50.5617942810059 48.2565727233887 48.4808578491211 63.5709457397461 67.237190246582 73.0469589233398 80.4790649414062 83.2128448486328 83.5080337524414 77.5503997802734 66.9414749145508 63.1510009765625 58.871223449707 59.7002143859863 61.3682823181152 66.3507385253906 78.5861740112305 87.5892028808594 90.3190765380859 97.2038345336914 95.9104919433594 94.6759567260742 99.3359222412109 99.2450332641602 109.663703918457 112.020515441895 102.934013366699 113.038330078125 108.279968261719 105.290367126465 99.3274612426758 100.242401123047 102.368316650391 110.002418518066 119.747619628906 111.12956237793 103.730827331543 93.9887084960938
