rcp4.5models/MPi_ESM_LR/sc1gr1.13
NCOLS 261 
NROWS 433 
XLLCORNER 336357.134 
YLLCORNER 654653.479 
CELLSIZE 1000 
NODATA_value -3.4e+38 
[rows 198 to 219 of 433, columns 196 to 244 of 261]
54.0970611572266 53.9381675720215 53.955997467041 53.6896591186523 54.0378913879395 53.863224029541 53.8136749267578 54.110652923584 54.1421585083008 53.9207725524902 -3.4e+38 53.4662551879883 53.9408683776855 54.3800582885742 54.6324844360352 54.6028175354004 54.2980766296387 53.9485092163086 54.2328186035156 54.2185897827148 -3.4e+38 -3.4e+38 -3.4e+38 -3.4e+38 -3.4e+38 -3.4e+38 -3.4e+38 -3.4e+38 -3.4e+38 -3.4e+38 -3.4e+38 -3.4e+38 -3.4e+38 -3.4e+38 -3.4e+38 -3.4e+38 -3.4e+38 -3.4e+38 -3.4e+38 -3.4e+38 -3.4e+38 -3.4e+38 -3.4e+38 -3.4e+38 -3.4e+38 -3.4e+38 -3.4e+38 -3.4e+38 -3.4e+38
54.5788536071777 54.1760025024414 53.8516731262207 53.5939750671387 53.9828414916992 54.0171051025391 53.8962707519531 54.0565376281738 53.9936866760254 53.7384643554688 -3.4e+38 53.4210777282715 53.6205863952637 53.8974304199219 54.1334533691406 54.3464164733887 54.1719665527344 53.7572059631348 -3.4e+38 54.2325820922852 -3.4e+38 -3.4e+38 -3.4e+38 -3.4e+38 -3.4e+38 -3.4e+38 -3.4e+38 -3.4e+38 -3.4e+38 -3.4e+38 -3.4e+38 -3.4e+38 -3.4e+38 -3.4e+38 -3.4e+38 -3.4e+38 -3.4e+38 -3.4e+38 -3.4e+38 -3.4e+38 -3.4e+38 -3.4e+38 -3.4e+38 -3.4e+38 -3.4e+38 -3.4e+38 -3.4e+38 -3.4e+38 -3.4e+38
54.6441345214844 54.255744934082 -3.4e+38 53.7119789123535 54.118480682373 54.2180366516113 53.9553375244141 53.9943428039551 -3.4e+38 53.9804534912109 53.9509544372559 53.7960777282715 53.8499412536621 54.0621337890625 53.6389045715332 53.931079864502 54.0856246948242 53.9824714660645 54.1808204650879 54.0030174255371 54.1405715942383 -3.4e+38 -3.4e+38 -3.4e+38 -3.4e+38 -3.4e+38 -3.4e+38 -3.4e+38 -3.4e+38 -3.4e+38 -3.4e+38 -3.4e+38 -3.4e+38 -3.4e+38 -3.4e+38 -3.4e+38 -3.4e+38 -3.4e+38 -3.4e+38 -3.4e+38 -3.4e+38 -3.4e+38 -3.4e+38 -3.4e+38 -3.4e+38 -3.4e+38 -3.4e+38 -3.4e+38 -3.4e+38
54.0807342529297 53.8823661804199 53.8475723266602 53.8121566772461 54.1520652770996 54.0929870605469 54.055419921875 54.2462501525879 54.0374450683594 54.0947036743164 54.2514190673828 54.1302719116211 54.2311630249023 54.2672462463379 53.6192626953125 53.9099006652832 53.9918937683105 54.0838928222656 54.0438079833984 53.6930160522461 53.8819770812988 -3.4e+38 -3.4e+38 -3.4e+38 -3.4e+38 -3.4e+38 -3.4e+38 -3.4e+38 -3.4e+38 -3.4e+38 -3.4e+38 -3.4e+38 -3.4e+38 -3.4e+38 -3.4e+38 -3.4e+38 -3.4e+38 -3.4e+38 -3.4e+38 -3.4e+38 -3.4e+38 -3.4e+38 -3.4e+38 -3.4e+38 -3.4e+38 -3.4e+38 -3.4e+38 -3.4e+38 -3.4e+38
54.2241554260254 54.070384979248 54.0940246582031 54.1080017089844 54.1149864196777 53.997974395752 54.1846618652344 54.4553070068359 54.2115936279297 53.9601097106934 54.2173004150391 54.184440612793 54.2201385498047 54.1777267456055 53.9504547119141 54.3141098022461 54.0685501098633 54.0410385131836 54.2357940673828 -3.4e+38 53.6731452941895 53.8522987365723 -3.4e+38 -3.4e+38 -3.4e+38 -3.4e+38 -3.4e+38 -3.4e+38 -3.4e+38 -3.4e+38 -3.4e+38 -3.4e+38 -3.4e+38 -3.4e+38 -3.4e+38 -3.4e+38 -3.4e+38 -3.4e+38 -3.4e+38 -3.4e+38 -3.4e+38 -3.4e+38 -3.4e+38 -3.4e+38 -3.4e+38 -3.4e+38 -3.4e+38 -3.4e+38 -3.4e+38
54.3611755371094 54.469352722168 54.3201293945312 54.223014831543 54.0354309082031 54.153190612793 54.2044448852539 54.5049476623535 54.1628570556641 53.9340591430664 54.118293762207 53.8502044677734 53.9882202148438 54.0896759033203 54.0816497802734 -3.4e+38 53.9747581481934 54.0552520751953 54.3127479553223 54.1644821166992 -3.4e+38 -3.4e+38 53.9986801147461 -3.4e+38 -3.4e+38 -3.4e+38 -3.4e+38 -3.4e+38 -3.4e+38 -3.4e+38 -3.4e+38 -3.4e+38 -3.4e+38 -3.4e+38 -3.4e+38 -3.4e+38 -3.4e+38 -3.4e+38 -3.4e+38 -3.4e+38 -3.4e+38 -3.4e+38 -3.4e+38 -3.4e+38 -3.4e+38 -3.4e+38 -3.4e+38 -3.4e+38 -3.4e+38
54.0695457458496 54.3436660766602 54.3238487243652 54.2605247497559 54.0755844116211 54.2707290649414 54.4526329040527 54.2850914001465 54.1574935913086 53.9657592773438 53.9941558837891 53.9818344116211 53.9768295288086 54.047061920166 54.1068687438965 53.9255294799805 54.0433044433594 54.3683090209961 -3.4e+38 54.0626373291016 54.0980224609375 54.0762977600098 -3.4e+38 53.8748626708984 53.7988357543945 -3.4e+38 -3.4e+38 -3.4e+38 -3.4e+38 -3.4e+38 -3.4e+38 -3.4e+38 -3.4e+38 -3.4e+38 -3.4e+38 -3.4e+38 -3.4e+38 -3.4e+38 -3.4e+38 -3.4e+38 -3.4e+38 -3.4e+38 -3.4e+38 -3.4e+38 -3.4e+38 -3.4e+38 -3.4e+38 -3.4e+38 -3.4e+38
53.9816284179688 54.1214370727539 54.3216514587402 54.3700065612793 54.2462730407715 54.1605377197266 54.3270225524902 54.0748100280762 54.1102981567383 53.9618606567383 54.0824966430664 54.4220199584961 54.0768623352051 54.106201171875 54.0653877258301 53.8977012634277 54.2147789001465 54.3878173828125 -3.4e+38 54.4064064025879 54.171199798584 53.9927520751953 54.0638198852539 -3.4e+38 53.8969764709473 53.9160614013672 -3.4e+38 -3.4e+38 -3.4e+38 -3.4e+38 -3.4e+38 -3.4e+38 -3.4e+38 -3.4e+38 -3.4e+38 -3.4e+38 -3.4e+38 -3.4e+38 -3.4e+38 -3.4e+38 -3.4e+38 -3.4e+38 -3.4e+38 -3.4e+38 -3.4e+38 -3.4e+38 -3.4e+38 -3.4e+38 -3.4e+38
54.0829925537109 54.0525588989258 54.3052368164062 54.4419822692871 54.3798866271973 54.0823516845703 53.8156394958496 54.148250579834 53.9440841674805 53.9484329223633 54.2089538574219 54.0917167663574 54.0265045166016 54.1401062011719 53.9379272460938 53.957347869873 54.1396408081055 54.1895141601562 54.5576286315918 54.6166763305664 54.1714096069336 53.7718658447266 54.0067024230957 -3.4e+38 54.0023155212402 53.9418067932129 -3.4e+38 -3.4e+38 -3.4e+38 -3.4e+38 -3.4e+38 -3.4e+38 -3.4e+38 -3.4e+38 -3.4e+38 -3.4e+38 -3.4e+38 -3.4e+38 -3.4e+38 -3.4e+38 -3.4e+38 -3.4e+38 -3.4e+38 -3.4e+38 -3.4e+38 -3.4e+38 -3.4e+38 -3.4e+38 -3.4e+38
54.2211456298828 54.01611328125 54.2228775024414 54.2762565612793 54.4976768493652 54.2353096008301 53.6587028503418 53.7519569396973 53.7884330749512 53.7894477844238 53.8625411987305 53.6801834106445 53.8205795288086 54.0334053039551 53.9996147155762 53.9247207641602 53.9536743164062 53.9393043518066 54.4203147888184 54.437328338623 54.2542572021484 53.7642784118652 53.8075942993164 53.9878082275391 54.100284576416 -3.4e+38 53.8876075744629 -3.4e+38 -3.4e+38 -3.4e+38 -3.4e+38 -3.4e+38 -3.4e+38 -3.4e+38 -3.4e+38 -3.4e+38 -3.4e+38 -3.4e+38 -3.4e+38 -3.4e+38 -3.4e+38 -3.4e+38 -3.4e+38 -3.4e+38 -3.4e+38 -3.4e+38 -3.4e+38 -3.4e+38 -3.4e+38
53.9247589111328 54.054817199707 53.9111709594727 53.8211708068848 53.6239204406738 53.6722602844238 53.774829864502 53.3415985107422 53.3934173583984 53.7173271179199 -3.4e+38 53.8718223571777 54.120189666748 54.1769752502441 54.0170974731445 53.8979072570801 54.1386604309082 54.4533462524414 54.3175239562988 54.4244232177734 54.5079383850098 54.5905685424805 54.3728332519531 54.2903861999512 54.2152671813965 54.051685333252 53.9512557983398 -3.4e+38 -3.4e+38 -3.4e+38 -3.4e+38 -3.4e+38 -3.4e+38 -3.4e+38 -3.4e+38 -3.4e+38 -3.4e+38 -3.4e+38 -3.4e+38 -3.4e+38 -3.4e+38 -3.4e+38 -3.4e+38 -3.4e+38 -3.4e+38 -3.4e+38 -3.4e+38 -3.4e+38 -3.4e+38
54.0433120727539 54.0554656982422 53.9353256225586 53.9824409484863 53.8595886230469 53.8617782592773 54.0437431335449 53.4568138122559 53.4523429870605 53.6096878051758 53.7335014343262 53.8410224914551 54.0245971679688 -3.4e+38 -3.4e+38 54.076244354248 54.2057609558105 54.0915756225586 54.1493110656738 54.5242919921875 54.4722099304199 54.5366706848145 54.4146156311035 54.2163887023926 54.1166458129883 54.1165390014648 53.9978561401367 -3.4e+38 -3.4e+38 -3.4e+38 -3.4e+38 -3.4e+38 -3.4e+38 -3.4e+38 -3.4e+38 -3.4e+38 -3.4e+38 -3.4e+38 -3.4e+38 -3.4e+38 -3.4e+38 -3.4e+38 -3.4e+38 -3.4e+38 -3.4e+38 -3.4e+38 -3.4e+38 -3.4e+38 -3.4e+38
54.1131362915039 54.2024612426758 54.1721382141113 53.9824485778809 53.9875183105469 54.0758972167969 54.1938133239746 53.9053573608398 53.8450164794922 53.4660835266113 53.5669403076172 53.6663856506348 53.6113357543945 -3.4e+38 -3.4e+38 -3.4e+38 54.2300834655762 53.9495735168457 54.0783309936523 54.4231224060059 54.5105400085449 54.3139152526855 54.2085075378418 54.3487663269043 54.1360816955566 54.0086975097656 54.2659683227539 -3.4e+38 -3.4e+38 -3.4e+38 -3.4e+38 -3.4e+38 -3.4e+38 -3.4e+38 -3.4e+38 -3.4e+38 -3.4e+38 -3.4e+38 -3.4e+38 -3.4e+38 -3.4e+38 -3.4e+38 -3.4e+38 -3.4e+38 -3.4e+38 -3.4e+38 -3.4e+38 -3.4e+38 -3.4e+38
53.9711112976074 54.16259765625 54.3550720214844 54.1162223815918 54.1278343200684 54.0409812927246 54.2091789245605 54.2521896362305 54.2405815124512 53.7393493652344 53.4973907470703 53.7286796569824 53.5898628234863 53.5362205505371 -3.4e+38 53.9931144714355 54.4157257080078 54.1892051696777 54.1130142211914 54.1183242797852 54.2510757446289 54.0643424987793 53.9916687011719 54.4423828125 54.2760276794434 -3.4e+38 54.2144660949707 54.3960952758789 54.6054649353027 54.2831077575684 -3.4e+38 -3.4e+38 -3.4e+38 -3.4e+38 -3.4e+38 -3.4e+38 -3.4e+38 -3.4e+38 -3.4e+38 -3.4e+38 -3.4e+38 -3.4e+38 -3.4e+38 -3.4e+38 -3.4e+38 -3.4e+38 -3.4e+38 -3.4e+38 -3.4e+38
53.672248840332 53.8199882507324 54.1802024841309 54.3797721862793 54.5467414855957 54.2682609558105 54.0764236450195 54.3042335510254 54.1425170898438 53.649959564209 53.3851737976074 53.6278648376465 53.6498985290527 53.5674018859863 53.5391654968262 53.667064666748 54.1427993774414 54.3134346008301 54.0212898254395 54.1354484558105 54.1136894226074 54.0962600708008 54.0762214660645 54.0194129943848 -3.4e+38 54.1494979858398 54.1049423217773 54.0959968566895 54.3953170776367 54.5117378234863 -3.4e+38 -3.4e+38 -3.4e+38 -3.4e+38 -3.4e+38 -3.4e+38 -3.4e+38 -3.4e+38 -3.4e+38 -3.4e+38 -3.4e+38 -3.4e+38 -3.4e+38 -3.4e+38 -3.4e+38 -3.4e+38 -3.4e+38 -3.4e+38 -3.4e+38
53.9380493164062 53.9221687316895 54.1030006408691 54.2607116699219 54.3148536682129 54.4479370117188 54.2883529663086 54.272216796875 54.1881561279297 53.7781600952148 53.5286827087402 53.6136512756348 53.7455444335938 53.4995803833008 53.5064811706543 53.478099822998 53.6340293884277 53.9283638000488 53.8214797973633 54.0108108520508 54.115348815918 54.1951293945312 54.3656158447266 54.1527557373047 54.1180953979492 54.1506309509277 54.1522560119629 54.1099853515625 54.1511764526367 54.3373069763184 -3.4e+38 -3.4e+38 -3.4e+38 -3.4e+38 -3.4e+38 -3.4e+38 -3.4e+38 -3.4e+38 -3.4e+38 -3.4e+38 -3.4e+38 -3.4e+38 -3.4e+38 -3.4e+38 -3.4e+38 -3.4e+38 -3.4e+38 -3.4e+38 -3.4e+38
54.0050964355469 53.9052505493164 53.9375114440918 53.8481101989746 54.1941719055176 54.6265182495117 54.5331611633301 54.1548080444336 54.2997970581055 54.2366600036621 53.8012657165527 53.885871887207 53.875 53.3892860412598 53.5150337219238 53.4895896911621 53.4754943847656 53.5873413085938 53.8086318969727 53.8609809875488 54.1186218261719 54.1392059326172 54.3876075744629 54.4700202941895 54.3180618286133 54.2384719848633 54.2040367126465 54.1284828186035 54.0335540771484 53.8405227661133 -3.4e+38 -3.4e+38 -3.4e+38 -3.4e+38 -3.4e+38 -3.4e+38 -3.4e+38 -3.4e+38 -3.4e+38 -3.4e+38 -3.4e+38 -3.4e+38 -3.4e+38 -3.4e+38 -3.4e+38 -3.4e+38 -3.4e+38 -3.4e+38 -3.4e+38
54.0308837890625 53.8574256896973 53.9075927734375 53.7530975341797 54.0856323242188 54.630313873291 54.258716583252 54.1129913330078 54.1001815795898 54.1565856933594 54.118221282959 54.0538368225098 53.901439666748 53.7318115234375 53.8168716430664 53.6347389221191 53.597526550293 53.9328765869141 53.8364219665527 53.8238410949707 54.0696449279785 53.9731712341309 54.2032814025879 54.4100036621094 54.2969932556152 54.2901649475098 54.2428741455078 54.0801773071289 53.9858512878418 53.8216247558594 -3.4e+38 -3.4e+38 -3.4e+38 -3.4e+38 -3.4e+38 -3.4e+38 -3.4e+38 -3.4e+38 -3.4e+38 -3.4e+38 -3.4e+38 -3.4e+38 -3.4e+38 -3.4e+38 -3.4e+38 -3.4e+38 -3.4e+38 -3.4e+38 -3.4e+38
54.3563499450684 54.2114753723145 54.0811386108398 53.9587326049805 53.9897422790527 54.4478454589844 54.1451072692871 53.9567794799805 53.9695129394531 54.0985145568848 54.1935501098633 54.0788726806641 53.9312210083008 54.0974502563477 54.096363067627 53.6497993469238 53.6115531921387 53.8757514953613 53.9653244018555 54.120964050293 54.0627670288086 53.886360168457 53.9145469665527 54.1227989196777 54.3017082214355 54.2902755737305 54.2000427246094 53.9958915710449 53.9379119873047 53.9386444091797 -3.4e+38 -3.4e+38 -3.4e+38 -3.4e+38 -3.4e+38 -3.4e+38 -3.4e+38 -3.4e+38 -3.4e+38 -3.4e+38 -3.4e+38 -3.4e+38 -3.4e+38 -3.4e+38 -3.4e+38 -3.4e+38 -3.4e+38 -3.4e+38 -3.4e+38
54.1706428527832 54.1687088012695 54.0443878173828 54.1134986877441 54.2438354492188 54.2347412109375 54.0890846252441 53.9119567871094 53.9114837646484 54.0848121643066 54.1789474487305 54.0079040527344 53.7814521789551 53.8910789489746 53.8241996765137 53.7338447570801 53.6274299621582 53.8625640869141 54.119083404541 54.3339920043945 54.0667343139648 53.8783645629883 53.7905960083008 54.0050582885742 54.3666687011719 -3.4e+38 -3.4e+38 53.9012870788574 53.8737640380859 53.9269027709961 -3.4e+38 -3.4e+38 -3.4e+38 -3.4e+38 -3.4e+38 -3.4e+38 -3.4e+38 -3.4e+38 -3.4e+38 -3.4e+38 -3.4e+38 -3.4e+38 -3.4e+38 -3.4e+38 -3.4e+38 -3.4e+38 -3.4e+38 -3.4e+38 -3.4e+38
53.9217338562012 54.0676040649414 54.1618461608887 54.1125946044922 54.2135009765625 53.9770050048828 54.0547714233398 53.8679466247559 53.8188209533691 53.9336357116699 54.068904876709 54.0708694458008 53.7800598144531 53.4948692321777 53.551155090332 53.8272171020508 53.9069557189941 54.0580940246582 54.015941619873 54.1097679138184 54.0502471923828 53.860767364502 53.8108444213867 53.8795394897461 -3.4e+38 -3.4e+38 54.2794151306152 53.9455528259277 53.8136291503906 53.9248962402344 53.2888031005859 -3.4e+38 -3.4e+38 -3.4e+38 -3.4e+38 -3.4e+38 -3.4e+38 -3.4e+38 -3.4e+38 -3.4e+38 -3.4e+38 -3.4e+38 -3.4e+38 -3.4e+38 -3.4e+38 -3.4e+38 -3.4e+38 -3.4e+38 -3.4e+38
54.460018157959 54.2197265625 54.042594909668 54.018798828125 54.1656723022461 54.0908088684082 54.2631645202637 54.0840797424316 54.1040153503418 53.7937927246094 53.9468078613281 54.1534614562988 53.9792251586914 53.663818359375 53.6669387817383 53.7087936401367 53.8531455993652 54.0507545471191 53.9570655822754 54.0335350036621 54.1900978088379 54.113353729248 54.0783004760742 53.9187850952148 53.8843765258789 -3.4e+38 -3.4e+38 53.9429626464844 53.8171691894531 53.8552398681641 53.4951286315918 -3.4e+38 -3.4e+38 -3.4e+38 -3.4e+38 -3.4e+38 -3.4e+38 -3.4e+38 -3.4e+38 -3.4e+38 -3.4e+38 -3.4e+38 -3.4e+38 -3.4e+38 -3.4e+38 -3.4e+38 -3.4e+38 -3.4e+38 -3.4e+38
