rcp4.5models/MPi_ESM_LR/sc1gr6.19
NCOLS 261 
NROWS 433 
XLLCORNER 336357.134 
YLLCORNER 654653.479 
CELLSIZE 1000 
NODATA_value -3.4e+38 
[rows 242 to 263 of 433, columns 49 to 97 of 261]
1574.53662109375 1581.82287597656 1588.62060546875 1596.16235351562 1602.02282714844 1601.55200195312 1606.86999511719 1619.56237792969 1624.8740234375 1629.404296875 1634.55517578125 1643.27490234375 1652.51696777344 1659.47204589844 1665.37438964844 1673.81420898438 1682.29406738281 1690.69287109375 1706.56799316406 1717.63635253906 1727.919921875 1738.41320800781 1748.25573730469 1757.59020996094 1768.681640625 1778.35241699219 1788.49780273438 1795.96337890625 1807.42602539062 1827.46301269531 1839.02844238281 1852.56127929688 1863.41528320312 1870.83508300781 1877.35546875 1883.10559082031 1887.14001464844 1899.75561523438 1912.21960449219 1917.22119140625 1923.38208007812 1945.35583496094 1956.57373046875 1964.15869140625 1971.12487792969 1977.50170898438 1987.61999511719 2000.87658691406 2008.17443847656
1597.20764160156 1605.39282226562 1610.42297363281 1617.42077636719 1619.00256347656 1620.42395019531 1629.22875976562 1642.73291015625 1649.09875488281 1656.39038085938 1662.62133789062 1668.29504394531 1678.23327636719 1685.95092773438 1692.87463378906 1699.8486328125 1711.31884765625 1720.4111328125 1738.80041503906 1749.18237304688 1759.67272949219 1771.1162109375 1782.478515625 1793.40454101562 1802.77136230469 1813.52514648438 1824.05334472656 1832.98034667969 1844.7041015625 1866.44299316406 1878.45971679688 1890.66271972656 1901.16198730469 1910.505859375 1917.39428710938 1922.94555664062 1928.27478027344 1935.12817382812 1948.54406738281 1958.48706054688 1965.82861328125 1981.85070800781 1991.12646484375 2001.31506347656 2010.87060546875 2017.42895507812 2026.62902832031 2035.79296875 2046.10571289062
1606.88049316406 1612.64916992188 1617.92309570312 1625.09851074219 1628.59936523438 1633.34936523438 1642.46350097656 1656.23291015625 1664.46752929688 1673.02502441406 1678.90258789062 1682.64404296875 1689.05297851562 1696.61157226562 1702.64086914062 1711.05200195312 1722.96630859375 1733.12902832031 1752.83630371094 1762.40954589844 1773.43823242188 1785.04565429688 1793.49487304688 1805.24890136719 1815.96337890625 1828.25952148438 1840.64855957031 1851.99536132812 1863.92211914062 1888.16577148438 1897.1181640625 1910.09997558594 1920.02575683594 1930.02087402344 1937.72399902344 1941.97717285156 1945.08203125 1955.41052246094 1974.87316894531 1992.04772949219 1991.62243652344 2002.61730957031 2011.32080078125 2019.80932617188 2028.21228027344 2036.70825195312 2045.29064941406 2053.46899414062 2063.25122070312
1613.3193359375 1619.92687988281 1626.69201660156 1632.72021484375 1637.43005371094 1643.5400390625 1652.83374023438 1670.40844726562 1679.02709960938 1686.5166015625 1692.70629882812 1697.61889648438 1700.05541992188 1708.51599121094 1718.21496582031 1724.42614746094 1733.76977539062 1746.30981445312 1766.65295410156 1775.14685058594 1786.79443359375 1797.36950683594 1806.01611328125 1818.38854980469 1829.83032226562 1841.56420898438 1854.52453613281 1869.646484375 1882.38537597656 1903.99133300781 1915.46020507812 1926.57202148438 1936.27185058594 1947.81689453125 1954.20703125 1960.00415039062 1966.38110351562 1977.47253417969 1998.99572753906 2016.40612792969 2011.78356933594 2023.64868164062 2032.03149414062 2041.13305664062 2050.23168945312 2059.11181640625 2067.27612304688 2073.77416992188 2082.1845703125
1619.63635253906 1627.72778320312 1635.70849609375 1643.74353027344 1654.10229492188 1662.78759765625 1668.33911132812 1682.57092285156 1690.75256347656 1700.36926269531 1706.36999511719 1714.5908203125 1717.833984375 1725.94506835938 1735.11450195312 1740.27392578125 1748.38806152344 1757.52233886719 1776.14697265625 1788.60864257812 1798.74914550781 1807.9384765625 1818.25769042969 1832.18286132812 1845.53442382812 1856.67260742188 1871.03015136719 1885.23254394531 1895.79602050781 1917.14733886719 1930.53540039062 1942.58239746094 1953.71130371094 1965.28857421875 1973.27661132812 1979.6982421875 1987.20092773438 1998.15539550781 2017.53369140625 2030.76171875 2030.23986816406 2043.92395019531 2052.10620117188 2061.31201171875 2070.41723632812 2080.83178710938 2089.01831054688 2095.24096679688 2101.783203125
1632.74768066406 1641.89013671875 1648.20556640625 1656.72424316406 1668.42504882812 1678.60363769531 1685.96362304688 1694.91723632812 1704.85791015625 1713.83947753906 1723.06750488281 1731.93994140625 1737.7333984375 1744.37365722656 1751.3408203125 1758.86401367188 1767.48107910156 1773.91564941406 1790.23559570312 1799.984375 1811.513671875 1824.41101074219 1835.76208496094 1847.34948730469 1859.00537109375 1872.521484375 1888.05773925781 1898.76586914062 1906.33081054688 1931.904296875 1942.720703125 1955.11364746094 1970.07287597656 1982.77258300781 1993.9130859375 2001.19470214844 2007.27136230469 2017.06860351562 2033.19396972656 2045.658203125 2050.64306640625 2067.71899414062 2074.5029296875 2083.71020507812 2090.345703125 2100.39721679688 2109.16381835938 2117.14575195312 2121.96215820312
1650.728515625 1660.45068359375 1666.33459472656 1671.14111328125 1679.44348144531 1691.26501464844 1699.17016601562 1711.66882324219 1718.93530273438 1727.47033691406 1735.59423828125 1742.09912109375 1750.94921875 1760.15905761719 1766.00366210938 1777.07348632812 1788.34509277344 1794.80920410156 1809.42822265625 1816.29211425781 1824.40478515625 1838.54113769531 1850.97729492188 1860.34924316406 1872.03112792969 1887.86962890625 1902.65551757812 1910.82653808594 1919.48596191406 1946.46936035156 1959.67028808594 1972.65466308594 1986.91101074219 2000.59301757812 2012.654296875 2020.77124023438 2026.58068847656 2036.16613769531 2050.64184570312 2065.1474609375 2077.12841796875 2089.9013671875 2096.09838867188 2107.98486328125 2113.73779296875 2120.1650390625 2129.47705078125 2137.923828125 2143.84814453125
1668.568359375 1676.66186523438 1682.40112304688 1686.42309570312 1695.30676269531 1704.85986328125 1710.51696777344 1726.04052734375 1731.1953125 1739.1044921875 1745.09130859375 1750.90832519531 1761.66516113281 1771.75183105469 1779.8369140625 1791.18530273438 1802.91162109375 1812.46240234375 1829.39807128906 1835.41186523438 1844.52380371094 1855.19885253906 1862.42053222656 1873.04467773438 1888.71887207031 1902.72082519531 1914.58190917969 1924.16967773438 1936.60717773438 1964.474609375 1977.91674804688 1996.744140625 2013.42590332031 2022.466796875 2029.97692871094 2040.43786621094 2046.66015625 2055.3046875 2069.70336914062 2085.01806640625 2098.384765625 2111.60180664062 2118.96337890625 2131.18603515625 2138.31616210938 2143.49194335938 2151.6181640625 2158.65502929688 2167.08374023438
1683.6787109375 1693.20544433594 1700.42419433594 1702.22326660156 1708.38354492188 1714.65576171875 1723.15502929688 1737.37219238281 1744.20129394531 1750.29418945312 1757.37390136719 1764.70520019531 1775.82775878906 1784.80224609375 1792.84362792969 1801.47082519531 1815.54699707031 1828.05236816406 1858.67541503906 1853.77941894531 1863.99670410156 1871.32312011719 1878.30883789062 1888.63806152344 1905.1455078125 1917.70166015625 1927.97204589844 1937.0390625 1954.20458984375 1984.85290527344 1996.83557128906 2013.46618652344 2031.00390625 2040.45288085938 2053.763671875 2068.29956054688 2067.76611328125 2075.06909179688 2087.67602539062 2103.39013671875 2114.79125976562 2132.11303710938 2141.83471679688 2152.9423828125 2163.421875 2170.28125 2175.45263671875 2182.39770507812 2188.37890625
1695.31616210938 1701.98120117188 1712.74865722656 1714.79235839844 1718.46215820312 1724.09143066406 1734.39111328125 1746.2607421875 1755.27563476562 1760.37329101562 1768.82849121094 1776.47534179688 1788.294921875 1796.95556640625 1803.22375488281 1815.775390625 1829.16528320312 1840.46496582031 1866.10205078125 1871.84399414062 1880.88195800781 1887.90759277344 1899.16198730469 1906.39331054688 1918.21960449219 1932.62915039062 1942.66418457031 1952.3369140625 1970.65710449219 2002.91101074219 2013.58459472656 2027.17944335938 2042.55529785156 2056.11499023438 2071.97534179688 2086.22412109375 2089.80493164062 2096.984375 2106.55712890625 2123.078125 2137.4345703125 2158.60229492188 2167.72827148438 2175.8876953125 2187.10229492188 2195.60668945312 2201.599609375 2207.56201171875 2211.70043945312
1704.98498535156 1713.62475585938 1721.66430664062 1724.59521484375 1728.47131347656 1736.52172851562 1743.24499511719 1757.97082519531 1763.77087402344 1770.7958984375 1780.86474609375 1788.16149902344 1798.21411132812 1806.36804199219 1816.02575683594 1830.08459472656 1841.61791992188 1850.79931640625 1869.77111816406 1882.98400878906 1894.44262695312 1905.45690917969 1919.05993652344 1930.0693359375 1937.56481933594 1945.05395507812 1956.02819824219 1969.13793945312 1987.02099609375 2014.65979003906 2026.99169921875 2042.99169921875 2056.54418945312 2070.84716796875 2084.22729492188 2099.23754882812 2111.6025390625 2118.15966796875 2127.52172851562 2143.95288085938 2158.65942382812 2182.69897460938 2191.591796875 2199.17016601562 2208.12426757812 2217.57543945312 2226.94091796875 2233.01196289062 2236.9365234375
1717.53686523438 1725.78466796875 1731.79333496094 1734.99267578125 1738.1728515625 1745.31665039062 1752.22534179688 1769.62634277344 1778.32275390625 1786.158203125 1794.0029296875 1803.87182617188 1813.84692382812 1822.24340820312 1830.96069335938 1843.52197265625 1856.46398925781 1864.43627929688 1882.46362304688 1893.53552246094 1909.21716308594 1923.94860839844 1931.21691894531 1946.82434082031 1955.81799316406 1963.22900390625 1975.68823242188 1987.79162597656 2000.83703613281 2028.84790039062 2044.33776855469 2057.8125 2071.51684570312 2085.71557617188 2098.72387695312 2116.65576171875 2130.953125 2139.20385742188 2148.533203125 2163.09228515625 2176.33056640625 2201.19360351562 2213.36450195312 2222.43408203125 2232.76000976562 2241.77416992188 2251.49853515625 2258.9443359375 2263.22827148438
1730.47314453125 1735.75024414062 1741.54223632812 1746.51232910156 1750.28527832031 1757.69287109375 1767.24255371094 1784.07421875 1797.197265625 1804.95166015625 1808.6591796875 1816.15380859375 1825.35693359375 1833.44201660156 1842.65954589844 1855.16284179688 1866.52624511719 1875.48059082031 1894.21752929688 1905.16430664062 1920.87683105469 1934.5400390625 1943.90393066406 1956.40319824219 1968.85095214844 1983.01525878906 1995.35778808594 2005.60314941406 2015.14880371094 2048.05786132812 2061.18359375 2070.634765625 2084.1962890625 2100.03686523438 2116.9677734375 2134.771484375 2151.88696289062 2159.20166015625 2169.58813476562 2184.81909179688 2199.71118164062 2224.171875 2238.5810546875 2240.90576171875 2242.60888671875 2266.18603515625 2276.59594726562 2283.72729492188 2288.19604492188
1752.1240234375 1756.83020019531 1761.72912597656 1772.46618652344 1782.87036132812 1790.76501464844 1798.43469238281 1817.7626953125 1831.66149902344 1841.12683105469 1842.14526367188 1848.44567871094 1855.94384765625 1862.35485839844 1874.83813476562 1888.28515625 1899.27551269531 1906.65319824219 1927.05456542969 1935.69677734375 1946.62536621094 1957.08117675781 1969.12243652344 1985.87719726562 1998.57482910156 2012.28930664062 2027.60546875 2042.71813964844 2052.38989257812 2073.73779296875 2091.15625 2107.26611328125 2120.48486328125 2137.654296875 2153.10864257812 2172.03491210938 2191.60375976562 2205.0791015625 2214.01098632812 2227.44311523438 2243.61206054688 2275.47143554688 2287.38623046875 2298.39233398438 2309.4716796875 2320.1962890625 2329.58959960938 2336.7392578125 2340.84057617188
1763.74304199219 1766.9052734375 1776.9306640625 1788.25 1799.72937011719 1808.30285644531 1814.57250976562 1835.39501953125 1849.65893554688 1859.69348144531 1868.84313964844 1870.23645019531 1876.70922851562 1883.43798828125 1890.4658203125 1902.2861328125 1917.43957519531 1927.50427246094 1945.47497558594 1955.87072753906 1968.19506835938 1974.13879394531 1981.97290039062 1996.80017089844 2007.89538574219 2022.2138671875 2039.61303710938 2057.08422851562 2071.28247070312 2093.48413085938 2107.12719726562 2123.16943359375 2141.29541015625 2155.86767578125 2169.30688476562 2187.04760742188 2207.5810546875 2223.9833984375 2233.20068359375 2247.03051757812 2264.1103515625 2297.21142578125 2308.08715820312 2317.74145507812 2320.873046875 2326.08227539062 2354.32006835938 2357.37109375 2359.87182617188
1773.02478027344 1779.31848144531 1793.39794921875 1807.12268066406 1813.9228515625 1822.93542480469 1833.07641601562 1851.32202148438 1861.91882324219 1869.56201171875 1879.61022949219 1885.52990722656 1894.61755371094 1903.92858886719 1909.59826660156 1918.08874511719 1929.9248046875 1942.16455078125 1963.39379882812 1973.62829589844 1986.13024902344 1993.67260742188 2001.67333984375 2011.38684082031 2022.39050292969 2036.29956054688 2050.52514648438 2068.78735351562 2085.662109375 2112.97119140625 2123.71557617188 2140.18530273438 2159.5673828125 2175.44360351562 2190.70751953125 2205.94091796875 2225.27026367188 2243.07397460938 2254.14233398438 2268.04541015625 2284.349609375 2317.49243164062 2330.1669921875 2340.96264648438 2347.44360351562 2353.94604492188 2378.2197265625 2378.08178710938 2370.79150390625
1787.34826660156 1798.74951171875 1807.39111328125 1815.55444335938 1826.54736328125 1835.68811035156 1846.28576660156 1863.15502929688 1873.10815429688 1881.6123046875 1888.34069824219 1897.60974121094 1907.98754882812 1921.55737304688 1931.19653320312 1937.77038574219 1943.384765625 1952.86755371094 1975.59887695312 1986.60498046875 1999.52990722656 2010.02905273438 2021.55078125 2030.93615722656 2041.12548828125 2057.58813476562 2066.51708984375 2080.12158203125 2100.01147460938 2130.7158203125 2142.28466796875 2158.70654296875 2178.63647460938 2195.81909179688 2214.40673828125 2229.04614257812 2245.2744140625 2264.2197265625 2276.74951171875 2288.6484375 2305.42846679688 2339.11352539062 2354.21557617188 2366.99047851562 2379.48974609375 2391.09545898438 2400.57177734375 2399.89575195312 2392.93017578125
1811.53271484375 1816.57543945312 1820.75439453125 1826.15124511719 1836.62414550781 1848.5888671875 1857.74230957031 1875.80688476562 1885.15734863281 1894.05517578125 1899.60473632812 1910.2265625 1922.69323730469 1937.77307128906 1950.27258300781 1956.40588378906 1959.55029296875 1967.12658691406 1992.44909667969 2000.26477050781 2015.36828613281 2027.65930175781 2042.69299316406 2050.57690429688 2057.01928710938 2074.06176757812 2083.5712890625 2095.64672851562 2117.1865234375 2158.86401367188 2160.291015625 2175.4228515625 2194.87719726562 2212.740234375 2233.12939453125 2250.20336914062 2265.54150390625 2282.45654296875 2296.4560546875 2307.97192382812 2324.72802734375 2360.77758789062 2375.84008789062 2389.10668945312 2386.29516601562 2387.71997070312 2421.171875 2419.9267578125 2414.87133789062
1830.5869140625 1831.57458496094 1835.85876464844 1842.29992675781 1849.06420898438 1857.06762695312 1866.37927246094 1886.42785644531 1894.623046875 1906.33435058594 1916.13781738281 1927.60339355469 1938.1474609375 1950.27307128906 1964.90478515625 1974.56530761719 1979.10961914062 1987.23559570312 2013.77380371094 2020.05627441406 2032.79431152344 2046.27185058594 2060.04223632812 2067.40234375 2074.27465820312 2090.60766601562 2100.90478515625 2115.03173828125 2134.67919921875 2173.998046875 2180.07446289062 2193.6875 2208.43994140625 2229.90893554688 2249.62280273438 2267.5146484375 2284.50170898438 2300.6171875 2315.4794921875 2328.3857421875 2346.49389648438 2381.89672851562 2396.97412109375 2410.97900390625 2411.89086914062 2412.36547851562 2436.154296875 2435.19116210938 2428.36889648438
1841.70178222656 1845.6884765625 1852.85290527344 1859.6806640625 1867.75964355469 1874.96765136719 1882.28442382812 1899.29418945312 1907.92175292969 1920.20874023438 1932.08129882812 1941.03381347656 1951.96740722656 1967.66687011719 1982.66198730469 1991.33654785156 1997.71936035156 2012.65502929688 2034.77514648438 2037.48950195312 2048.09448242188 2061.9736328125 2077.126953125 2084.58471679688 2092.82739257812 2107.91064453125 2117.94091796875 2134.61669921875 2151.39331054688 2183.71899414062 2200.49926757812 2214.53002929688 2225.73657226562 2245.18017578125 2264.84545898438 2281.01245117188 2300.28369140625 2319.04272460938 2335.74169921875 2350.06713867188 2366.4755859375 2401.80200195312 2416.41235351562 2428.20556640625 2441.26025390625 2443.04052734375 2442.52490234375 2449.8486328125 2436.73608398438
1855.22546386719 1862.18090820312 1870.75708007812 1878.11767578125 1885.77404785156 1894.79296875 1904.6650390625 1914.93640136719 1924.26354980469 1935.61669921875 1943.65979003906 1953.95227050781 1964.04541015625 1979.07678222656 1993.62719726562 2004.43823242188 2014.41735839844 2031.55786132812 2053.38354492188 2052.64599609375 2060.92309570312 2075.41528320312 2093.37890625 2100.62817382812 2110.16870117188 2125.7255859375 2135.52807617188 2153.23413085938 2168.13134765625 2195.71630859375 2220.4462890625 2234.35961914062 2245.28930664062 2258.8994140625 2277.15795898438 2297.60083007812 2318.51977539062 2337.62890625 2352.51953125 2367.34008789062 2384.8349609375 2420.04296875 2433.12451171875 2440.9365234375 2453.86279296875 2460.10009765625 2460.27124023438 2465.82299804688 2451.9296875
1868.28173828125 1878.50952148438 1886.05078125 1893.86364746094 1899.99243164062 1907.37548828125 1921.15710449219 1931.97912597656 1940.60864257812 1954.15502929688 1961.44494628906 1970.24865722656 1976.828125 1990.85278320312 2005.841796875 2017.07385253906 2029.63940429688 2042.68493652344 2067.4384765625 2072.81323242188 2078.85034179688 2092.109375 2108.38134765625 2117.01245117188 2127.60473632812 2143.91748046875 2154.76440429688 2167.67407226562 2178.90869140625 2207.76440429688 2237.07592773438 2254.83178710938 2267.15063476562 2277.86279296875 2292.86938476562 2313.80590820312 2337.1201171875 2356.216796875 2370.41650390625 2385.20629882812 2402.85107421875 2433.56201171875 2443.46264648438 2449.25854492188 2463.63110351562 2474.60302734375 2475.73217773438 2476.3505859375 2453.88208007812
