rcp4.5models/MPi_ESM_LR/sc1gr5.24
NCOLS 261 
NROWS 433 
XLLCORNER 336357.134 
YLLCORNER 654653.479 
CELLSIZE 1000 
NODATA_value -3.4e+38 
[rows 110 to 131 of 433, columns 49 to 97 of 261]
288.843200683594 288.805206298828 288.901092529297 288.955688476562 289.007995605469 289.058685302734 289.228179931641 289.368225097656 289.412078857422 289.095886230469 288.927093505859 289.27490234375 289.4013671875 288.846282958984 288.764617919922 288.730712890625 287.836090087891 288.030426025391 288.025573730469 288.044738769531 287.810974121094 288.071319580078 287.206726074219 287.489318847656 287.453643798828 287.311279296875 287.249420166016 287.697570800781 287.810668945312 287.457336425781 287.321960449219 287.339019775391 286.688049316406 286.821136474609 286.406158447266 286.128051757812 285.776245117188 286.267517089844 287.123107910156 286.903167724609 286.77783203125 287.107208251953 287.071044921875 287.265808105469 287.102508544922 287.414733886719 287.538269042969 287.618286132812 287.413177490234
288.784210205078 288.82763671875 288.882629394531 288.936157226562 288.988128662109 289.159301757812 289.253936767578 289.106719970703 289.271118164062 289.174377441406 289.405334472656 289.584533691406 289.499786376953 289.152770996094 288.793090820312 288.818084716797 288.444732666016 288.507446289062 287.956329345703 288.083648681641 287.779846191406 287.575622558594 287.559539794922 287.416381835938 287.430969238281 287.261932373047 286.758453369141 287.781005859375 287.809936523438 287.845153808594 287.231872558594 287.1044921875 286.610321044922 286.634216308594 286.125030517578 286.012512207031 285.840545654297 286.168395996094 286.267547607422 286.452239990234 286.289154052734 286.525695800781 286.788146972656 286.927673339844 287.268524169922 287.378143310547 287.378997802734 287.391510009766 287.477355957031
288.887969970703 288.931549072266 288.985778808594 289.038543701172 289.089782714844 289.063415527344 289.112152099609 289.113037109375 289.2041015625 289.367248535156 289.619079589844 289.539245605469 289.407989501953 289.107818603516 288.65625 288.801025390625 288.671569824219 288.695587158203 288.047088623047 288.120849609375 288.017517089844 287.34423828125 287.356567382812 287.291351318359 287.514862060547 287.225708007812 286.516937255859 287.496948242188 287.842132568359 287.451873779297 287.085845947266 286.811248779297 286.412750244141 286.40380859375 286.166534423828 286.258941650391 286.075347900391 286.117767333984 285.933074951172 286.063018798828 286.233551025391 285.985168457031 286.268798828125 286.946044921875 287.31689453125 287.013275146484 286.891418457031 287.363128662109 287.421783447266
289.392883300781 289.204620361328 289.01171875 289.062164306641 289.113555908203 288.997161865234 289.045196533203 289.138214111328 289.302581787109 289.509002685547 289.476959228516 289.347839355469 289.100006103516 288.807525634766 288.702911376953 288.897857666016 288.874481201172 288.676513671875 288.525634765625 288.321960449219 288.092254638672 287.313598632812 287.179565429688 287.208953857422 287.327758789062 287.200347900391 286.465484619141 286.991577148438 287.610260009766 287.378356933594 287.136260986328 287.114685058594 286.683624267578 286.324035644531 286.699249267578 286.842651367188 286.588348388672 286.020660400391 286.151947021484 285.987152099609 286.226013183594 285.83544921875 286.063537597656 286.664093017578 286.591247558594 286.655090332031 286.969482421875 287.331909179688 287.246307373047
289.297271728516 288.902770996094 288.988250732422 288.919342041016 288.970336914062 288.975189208984 289.023315429688 289.116638183594 289.326110839844 289.412994384766 289.285186767578 289.045104980469 289.096862792969 288.80712890625 288.840240478516 288.808929443359 288.842681884766 288.8828125 289.029693603516 288.281951904297 287.957366943359 287.289337158203 287.155609130859 287.185546875 287.295928955078 286.976104736328 286.642700195312 286.778930664062 287.023010253906 287.604125976562 -3.4e+38 287.667114257812 287.460113525391 286.777740478516 286.966766357422 286.608978271484 286.328399658203 285.944366455078 286.146118164062 286.032318115234 285.945251464844 285.917938232422 286.079193115234 286.124176025391 285.977569580078 286.396911621094 286.699371337891 287.307739257812 287.251495361328
289.504058837891 288.895111083984 288.779174804688 288.830841064453 288.881378173828 288.930450439453 288.978118896484 289.163604736328 289.276794433594 289.180084228516 289.309448242188 289.15380859375 288.768676757812 288.689422607422 288.675201416016 288.662384033203 288.747680664062 288.890594482422 288.990356445312 288.792449951172 288.647735595703 288.051025390625 287.517303466797 287.124755859375 286.257965087891 287.072814941406 287.125732421875 286.951263427734 287.090850830078 286.466400146484 286.865417480469 287.144073486328 287.217956542969 287.293334960938 286.892364501953 286.840789794922 286.767425537109 286.951599121094 286.694671630859 286.703369140625 286.748291015625 286.564117431641 -3.4e+38 285.846923828125 285.308074951172 285.353485107422 286.132171630859 286.714263916016 286.729797363281
289.482574462891 288.871429443359 288.756683349609 288.808349609375 288.858612060547 288.906372070312 288.836822509766 289.165985107422 289.255187988281 289.296936035156 289.3349609375 289.270355224609 288.967468261719 288.503356933594 288.656036376953 288.797973632812 288.724945068359 288.916320800781 288.850128173828 288.684173583984 288.93359375 288.148681640625 287.778350830078 287.204559326172 287.059600830078 287.536224365234 287.505065917969 287.499847412109 287.191223144531 286.906127929688 286.909149169922 286.787719726562 286.959564208984 287.034729003906 -3.4e+38 287.022125244141 286.852691650391 287.013061523438 286.988861083984 286.650360107422 286.175659179688 286.129486083984 286.167175292969 286.049865722656 285.676879882812 285.880310058594 286.058776855469 286.432312011719 286.409637451172
289.460632324219 288.970703125 288.855590820312 288.664215087891 288.832214355469 288.520202636719 288.519409179688 288.600341796875 289.230773925781 289.252258300781 -3.4e+38 -3.4e+38 288.582366943359 288.548095703125 288.745391845703 288.825012207031 288.806091308594 288.775024414062 288.677032470703 288.878662109375 288.989715576172 288.729339599609 288.138061523438 287.700103759766 287.782806396484 287.959014892578 287.946868896484 287.546997070312 287.497985839844 287.543029785156 287.459625244141 286.981323242188 287.127624511719 286.932006835938 286.856719970703 286.91455078125 286.923950195312 286.9423828125 286.535339355469 286.252288818359 285.951782226562 285.888671875 286.167053222656 286.345153808594 285.975555419922 286.696868896484 286.405456542969 286.083953857422 286.308685302734
289.438079833984 289.359222412109 -3.4e+38 288.838500976562 288.808807373047 288.598663330078 288.400665283203 288.3349609375 288.609619140625 288.634674072266 288.011993408203 288.373107910156 288.361022949219 288.320587158203 288.062255859375 287.981567382812 287.9033203125 287.916076660156 288.825134277344 288.951141357422 288.977783203125 288.980621337891 288.612701416016 288.103271484375 288.031127929688 288.199768066406 288.100036621094 287.919189453125 287.953094482422 287.8916015625 287.695098876953 287.617248535156 287.751373291016 287.387969970703 286.708129882812 286.756378173828 286.658081054688 286.935089111328 286.714477539062 286.577941894531 286.614196777344 286.482574462891 286.607391357422 286.687744140625 286.542419433594 286.996002197266 286.802764892578 286.225799560547 286.279663085938
289.415466308594 289.466644287109 -3.4e+38 -3.4e+38 -3.4e+38 288.669555664062 288.732818603516 288.299072265625 288.105834960938 288.035003662109 288.168151855469 288.300231933594 288.339935302734 288.407379150391 287.62255859375 287.600708007812 287.479095458984 287.638610839844 288.788208007812 288.930847167969 289.058044433594 288.973083496094 288.933563232422 288.744049072266 288.589447021484 288.343139648438 288.295593261719 288.108428955078 288.104797363281 287.865631103516 287.6923828125 287.874572753906 288.01953125 -3.4e+38 286.722320556641 286.591705322266 286.224212646484 286.370422363281 286.205993652344 286.396820068359 286.761077880859 286.990417480469 286.833984375 287.023773193359 287.007568359375 286.893371582031 286.953857421875 286.702453613281 286.552703857422
289.392272949219 289.443359375 289.284484863281 -3.4e+38 -3.4e+38 287.922515869141 288.136199951172 288.273681640625 288.102630615234 287.988189697266 288.235687255859 288.260986328125 287.951416015625 287.798828125 287.537689208984 287.346496582031 287.339141845703 287.519592285156 288.1455078125 288.463409423828 288.866149902344 288.941619873047 288.867797851562 288.992980957031 288.928833007812 288.486022949219 288.506317138672 288.508331298828 288.298461914062 287.613586425781 287.955230712891 287.737426757812 287.824951171875 287.056884765625 286.710235595703 286.748901367188 286.544281005859 286.046722412109 285.926879882812 286.537353515625 286.70458984375 287.174865722656 286.914703369141 287.105010986328 286.973510742188 286.666473388672 286.624389648438 287.123992919922 286.861694335938
289.367492675781 289.299835205078 289.422332763672 289.070068359375 289.208404541016 287.74365234375 287.95166015625 287.770843505859 287.651336669922 287.644836425781 287.609558105469 287.454193115234 288.239807128906 287.928497314453 287.405151367188 287.458801269531 287.5966796875 287.553771972656 287.517791748047 287.883819580078 288.277099609375 288.380554199219 288.790283203125 288.96875 288.970642089844 288.753723144531 288.948425292969 288.571441650391 288.163787841797 287.880462646484 287.865844726562 287.553253173828 287.75732421875 287.165496826172 286.791412353516 286.821228027344 286.510772705078 286.216247558594 285.991241455078 286.821990966797 286.727844238281 287.325958251953 287.112365722656 286.990661621094 287.003021240234 286.762573242188 286.567779541016 287.130462646484 286.933410644531
289.465606689453 289.353607177734 289.420715332031 287.909637451172 288.235229492188 287.879272460938 287.851440429688 287.559173583984 287.546661376953 287.347412109375 287.104339599609 286.952362060547 287.379302978516 287.646697998047 287.451446533203 287.651153564453 287.831634521484 287.681854248047 287.219757080078 287.574371337891 287.821746826172 288.058471679688 288.108459472656 288.602355957031 288.655975341797 289.032104492188 288.911743164062 288.500549316406 288.230590820312 288.046447753906 287.748901367188 287.660827636719 287.679168701172 287.629974365234 287.129180908203 286.989715576172 286.553344726562 286.542999267578 286.446319580078 286.858459472656 286.800384521484 287.484588623047 287.380493164062 287.022888183594 287.135467529297 286.899841308594 286.939239501953 287.243225097656 286.995361328125
289.363616943359 289.359649658203 288.666381835938 287.477569580078 287.733337402344 287.782684326172 287.889678955078 287.402435302734 287.0966796875 287.037384033203 286.868438720703 286.870025634766 287.126586914062 287.086761474609 287.247344970703 287.533020019531 287.256439208984 286.789794921875 286.331451416016 286.608062744141 287.271636962891 288.015014648438 287.850372314453 288.082305908203 288.244110107422 288.683532714844 288.780853271484 288.480499267578 288.312255859375 288.037292480469 287.939514160156 287.849365234375 287.795135498047 287.657745361328 287.547485351562 286.991973876953 286.737731933594 286.652008056641 286.730499267578 287.200805664062 286.782104492188 287.352172851562 287.598052978516 287.31689453125 287.054748535156 286.834808349609 287.254943847656 287.226318359375 286.931976318359
289.287017822266 288.840515136719 288.018035888672 287.451385498047 287.665130615234 287.830322265625 287.912048339844 287.344024658203 287.447784423828 286.806610107422 286.917419433594 287.060516357422 286.956604003906 286.801239013672 287.103088378906 287.093994140625 286.642974853516 286.477416992188 286.147674560547 286.174133300781 287.007141113281 287.456420898438 287.746154785156 287.782775878906 287.958679199219 288.024963378906 288.546997070312 288.460510253906 288.427947998047 288.117950439453 287.985687255859 287.57666015625 287.776092529297 287.691955566406 287.654663085938 286.808349609375 286.75 287.362487792969 287.310089111328 287.557739257812 287.410797119141 287.502960205078 287.604187011719 287.1787109375 287.097625732422 287.027557373047 287.293487548828 287.507720947266 286.954437255859
289.134338378906 288.525390625 288.221893310547 287.661804199219 287.640563964844 287.852478027344 287.999450683594 287.583618164062 288.368011474609 287.670959472656 287.626007080078 287.361328125 287.176422119141 286.934295654297 286.853057861328 287.048095703125 286.92041015625 286.725860595703 286.140563964844 286.561950683594 286.837310791016 286.924530029297 287.151733398438 287.775482177734 287.543273925781 287.655456542969 288.101745605469 288.334655761719 288.459350585938 287.996734619141 287.543090820312 287.364715576172 287.505462646484 287.725646972656 287.724975585938 286.900573730469 287.371765136719 287.657958984375 287.69677734375 287.631561279297 287.778228759766 287.738433837891 287.71142578125 287.482757568359 287.385833740234 287.569274902344 287.546691894531 287.344146728516 286.973602294922
288.367248535156 287.697235107422 287.492858886719 287.732391357422 287.798980712891 287.962951660156 288.022857666016 287.564300537109 287.046691894531 287.243286132812 287.208343505859 287.216033935547 287.052154541016 287.134399414062 286.921997070312 287.019775390625 286.654693603516 287.149353027344 286.519897460938 286.104919433594 285.950225830078 286.82568359375 287.061950683594 286.747314453125 286.89990234375 287.276184082031 287.855590820312 287.922302246094 288.395172119141 288.217987060547 287.857299804688 287.637481689453 287.81787109375 287.979766845703 287.979400634766 287.847473144531 287.939910888672 287.809814453125 287.5009765625 287.551208496094 287.553344726562 287.411804199219 287.617553710938 287.470336914062 287.459838867188 287.655029296875 287.338195800781 286.914916992188 286.874694824219
288.807189941406 287.410919189453 287.467254638672 287.723083496094 287.843963623047 287.924011230469 287.713043212891 286.951141357422 286.659637451172 286.866333007812 287.060119628906 287.041107177734 286.922454833984 286.979675292969 286.63916015625 286.681915283203 286.818542480469 286.476593017578 286.024078369141 286.194122314453 286.467559814453 286.293426513672 286.110748291016 286.663726806641 286.843353271484 286.956726074219 287.432556152344 287.965667724609 288.063507080078 287.875946044922 288.125671386719 288.118591308594 288.34765625 288.103637695312 287.956085205078 287.854248046875 287.721313476562 287.66455078125 287.526275634766 287.321228027344 287.414794921875 286.899108886719 287.315277099609 287.221343994141 287.529327392578 287.705017089844 287.528839111328 287.245758056641 286.900085449219
288.004150390625 287.506225585938 287.556335449219 287.644714355469 287.619598388672 287.656524658203 287.506805419922 287.750183105469 287.405822753906 287.497131347656 287.643188476562 286.907928466797 286.977905273438 286.565399169922 286.44189453125 286.260681152344 286.331695556641 286.377502441406 286.205963134766 286.026306152344 286.74755859375 285.875854492188 285.628326416016 286.0078125 286.148162841797 286.854797363281 287.164398193359 287.569427490234 287.842712402344 287.371948242188 287.922424316406 288.267028808594 288.509094238281 287.926300048828 287.511108398438 287.553283691406 287.473968505859 287.559143066406 287.397674560547 287.178344726562 287.261596679688 286.68994140625 286.770172119141 286.929290771484 287.597229003906 287.34619140625 287.119018554688 287.100494384766 287.012634277344
288.225616455078 287.515197753906 287.339416503906 287.61328125 287.510101318359 287.788024902344 287.8896484375 287.101745605469 287.120239257812 287.197540283203 287.816986083984 287.508636474609 287.232208251953 286.828277587891 286.419952392578 286.311828613281 285.787445068359 286.184509277344 286.277954101562 286.154357910156 286.606079101562 285.799865722656 285.626739501953 285.709228515625 285.874053955078 286.349975585938 286.867889404297 286.900329589844 287.451385498047 287.62451171875 287.823852539062 288.090454101562 288.085174560547 287.853302001953 287.544708251953 287.418304443359 287.436981201172 287.498260498047 287.489135742188 287.425109863281 287.246185302734 286.716644287109 286.496948242188 286.623504638672 287.025207519531 286.911254882812 286.662506103516 286.820190429688 286.7099609375
288.433044433594 288.068603515625 287.220764160156 287.490692138672 287.929748535156 287.480316162109 287.317108154297 286.651977539062 286.828857421875 286.56982421875 287.214874267578 287.902099609375 287.750701904297 287.140502929688 287.091125488281 287.101654052734 286.872161865234 286.666137695312 286.334014892578 286.473297119141 286.572906494141 286.265899658203 285.440307617188 285.682891845703 285.861083984375 285.942993164062 286.114868164062 286.594573974609 286.751586914062 287.716918945312 287.921813964844 287.847320556641 287.560394287109 287.841857910156 287.680541992188 287.481048583984 287.398162841797 287.41650390625 287.464782714844 287.337463378906 287.006256103516 286.556457519531 286.47265625 286.531585693359 286.330139160156 286.401062011719 286.495269775391 286.569519042969 286.36181640625
288.413726806641 288.253814697266 287.223754882812 288.097137451172 287.611450195312 287.303955078125 287.010528564453 286.623016357422 286.810852050781 286.691009521484 286.414398193359 286.324859619141 286.807159423828 286.9208984375 286.786651611328 286.837585449219 287.070373535156 286.95751953125 286.900024414062 286.736175537109 286.451354980469 286.385223388672 285.524536132812 285.75244140625 285.823760986328 285.827941894531 285.795257568359 286.655395507812 286.688446044922 287.738220214844 287.933959960938 287.743316650391 287.336822509766 287.498168945312 287.453094482422 287.420196533203 287.418762207031 287.112182617188 287.500030517578 287.475158691406 286.927978515625 286.420257568359 286.420501708984 286.347015380859 286.088897705078 286.070831298828 286.398254394531 286.144439697266 286.122680664062
