rcp4.5models/MPi_ESM_LR/sc1gr4.11
NCOLS 261 
NROWS 433 
XLLCORNER 336357.134 
YLLCORNER 654653.479 
CELLSIZE 1000 
NODATA_value -3.4e+38 
[rows 198 to 219 of 433, columns 49 to 97 of 261]
281.330780029297 280.880615234375 281.151580810547 281.074768066406 280.815704345703 280.762298583984 280.535491943359 280.150726318359 279.73388671875 279.857421875 279.639953613281 279.464691162109 279.453186035156 279.500061035156 279.308410644531 279.083770751953 278.863494873047 278.296264648438 277.629119873047 277.198791503906 277.167724609375 277.166046142578 277.112396240234 277.1953125 276.670562744141 276.491821289062 276.18310546875 275.823760986328 275.136108398438 274.602508544922 274.567199707031 274.272338867188 273.7451171875 274.251525878906 274.926849365234 274.661987304688 274.784210205078 275.101379394531 274.685577392578 274.3583984375 274.295532226562 274.479705810547 274.462341308594 274.380584716797 274.200775146484 273.383941650391 272.603485107422 272.795196533203 272.941192626953
281.260528564453 280.806671142578 280.660949707031 280.655578613281 280.519226074219 280.26806640625 280.410461425781 280.122467041016 279.419708251953 279.3486328125 278.672241210938 278.959014892578 279.088500976562 279.259124755859 279.400238037109 279.348388671875 278.923461914062 278.460021972656 278.052124023438 277.821105957031 277.548217773438 277.222534179688 277.250061035156 277.180969238281 276.633117675781 276.279632568359 275.890106201172 275.611328125 275.256011962891 274.990234375 274.601257324219 274.240844726562 273.910491943359 274.257507324219 274.286651611328 274.25732421875 274.733184814453 274.770172119141 274.308654785156 273.951324462891 273.832458496094 274.47509765625 274.489379882812 274.334075927734 273.929138183594 273.216186523438 272.341979980469 272.359466552734 272.525817871094
280.979125976562 280.570465087891 280.60546875 280.395050048828 279.9248046875 279.694549560547 279.657684326172 279.729766845703 279.448333740234 279.272369384766 279.017425537109 278.681640625 278.573181152344 278.674530029297 278.860748291016 278.851501464844 278.600738525391 278.283508300781 277.831481933594 278.100219726562 277.656188964844 277.477020263672 277.098175048828 276.678405761719 276.466949462891 275.910980224609 275.706115722656 275.872619628906 275.596466064453 274.851440429688 274.603942871094 274.569946289062 274.362426757812 274.496734619141 274.318481445312 274.023010253906 274.615478515625 274.568389892578 274.439758300781 273.980407714844 273.470764160156 273.936737060547 274.084228515625 274.329376220703 273.761932373047 273.275787353516 272.383087158203 272.197479248047 272.115112304688
280.715118408203 280.471893310547 280.479919433594 280.302062988281 279.573638916016 279.330993652344 278.720489501953 279.493347167969 279.613983154297 279.312286376953 278.798187255859 278.484680175781 278.350067138672 278.255981445312 278.467651367188 278.470458984375 278.361877441406 278.003234863281 277.383483886719 277.680511474609 277.786071777344 277.35498046875 276.982971191406 276.479644775391 276.301086425781 276.031921386719 275.896514892578 276.045593261719 275.502014160156 274.666931152344 274.623077392578 274.773834228516 274.545989990234 274.673065185547 274.704345703125 274.419555664062 274.598968505859 274.318481445312 273.887817382812 273.751281738281 273.470947265625 273.560607910156 273.760528564453 274.147186279297 273.653564453125 273.396881103516 272.637603759766 272.457153320312 272.014831542969
280.373657226562 280.034881591797 279.925201416016 279.892852783203 279.660552978516 279.489654541016 278.857116699219 279.423370361328 279.496398925781 279.212310791016 278.479461669922 278.331329345703 277.807800292969 277.922637939453 277.846405029297 278.042297363281 277.893890380859 277.875793457031 277.266143798828 277.340942382812 277.484985351562 277.111755371094 276.622100830078 276.456390380859 276.364166259766 276.356384277344 276.261535644531 275.899871826172 275.413238525391 274.683258056641 274.722717285156 275.101837158203 274.863433837891 275.026123046875 275.156463623047 274.460693359375 274.132354736328 273.943359375 273.544616699219 273.337860107422 272.966918945312 273.479431152344 273.563262939453 273.714385986328 273.449615478516 273.389495849609 272.963745117188 272.484741210938 272.223815917969
280.432830810547 280.105560302734 279.720336914062 279.694580078125 279.611450195312 279.491790771484 278.954956054688 278.789611816406 278.937194824219 278.749267578125 278.466003417969 278.301239013672 277.474426269531 277.561553955078 277.537780761719 277.747131347656 277.530334472656 277.589111328125 277.142120361328 276.852447509766 277.201171875 277.203491210938 276.869415283203 276.494506835938 -3.4e+38 276.291748046875 276.030487060547 275.580474853516 275.436431884766 275.007568359375 274.763549804688 275.313873291016 275.226867675781 275.016387939453 275.431640625 275.036651611328 -3.4e+38 274.265014648438 273.685363769531 273.388153076172 272.998077392578 273.387817382812 273.53662109375 273.385864257812 273.050598144531 273.467742919922 273.228546142578 272.620574951172 272.431304931641
280.434600830078 280.204925537109 279.648010253906 279.667114257812 279.345123291016 278.911163330078 278.574401855469 278.733337402344 278.608459472656 278.503448486328 278.564331054688 278.369842529297 277.6123046875 277.450744628906 277.511108398438 277.651275634766 277.540557861328 277.461242675781 277.133605957031 276.416961669922 276.607849121094 276.652862548828 276.591186523438 276.381927490234 276.151336669922 275.725982666016 275.585357666016 275.418243408203 275.336059570312 275.527008056641 275.224182128906 275.336791992188 275.488037109375 275.314331054688 275.524688720703 275.383239746094 274.819427490234 274.796295166016 274.149993896484 273.459808349609 272.933868408203 272.921508789062 273.141632080078 273.241790771484 272.684143066406 273.069213867188 273.210174560547 272.779937744141 272.438873291016
280.672332763672 280.292053222656 279.854705810547 279.640594482422 279.598175048828 279.358612060547 279.168853759766 279.447509765625 279.071411132812 278.463775634766 278.538055419922 278.554229736328 278.178985595703 277.829437255859 278.084411621094 277.781372070312 278.003814697266 277.477508544922 277.095855712891 276.314056396484 276.314056396484 276.285339355469 276.092987060547 275.777984619141 275.669311523438 275.422180175781 275.573944091797 275.609039306641 275.656311035156 276.125549316406 275.802062988281 275.508026123047 275.592041015625 275.555419921875 275.248382568359 274.665710449219 274.476806640625 274.061584472656 274.395355224609 273.354217529297 272.616943359375 272.708160400391 273.081726074219 272.852447509766 272.595245361328 272.708557128906 272.936096191406 272.668090820312 272.502014160156
-3.4e+38 280.432006835938 280.060150146484 279.959350585938 280.116912841797 280.373962402344 280.067840576172 279.747222900391 279.357147216797 278.750885009766 279.092712402344 278.584503173828 278.352172851562 278.249328613281 278.369018554688 277.950042724609 278.017608642578 277.546478271484 277.398010253906 276.864807128906 276.489898681641 276.315521240234 276.065307617188 275.495391845703 275.477081298828 275.631469726562 276.209289550781 276.200836181641 276.029602050781 276.264709472656 275.548278808594 275.186096191406 275.461486816406 275.55810546875 274.951995849609 273.800933837891 273.923095703125 273.574157714844 273.98291015625 273.354309082031 272.536773681641 272.473602294922 273.006042480469 272.561706542969 272.50634765625 272.185241699219 272.197021484375 272.442687988281 272.558044433594
280.888946533203 280.630920410156 280.405303955078 280.577789306641 280.574981689453 280.480499267578 280.167541503906 279.735107421875 279.477630615234 279.377410888672 279.457153320312 279.069488525391 278.662078857422 278.650756835938 278.540649414062 278.364837646484 278.243988037109 277.792236328125 277.514526367188 277.144104003906 276.515869140625 276.349822998047 276.268890380859 276.046203613281 276.042541503906 276.165008544922 276.522888183594 276.497619628906 276.362579345703 276.016235351562 275.290069580078 274.548065185547 274.912048339844 275.503875732422 275.096923828125 274.050079345703 273.744171142578 273.732177734375 273.840942382812 273.67333984375 273.086029052734 272.131011962891 272.3486328125 272.293060302734 -3.4e+38 271.55615234375 270.956298828125 272.124633789062 272.247375488281
280.008422851562 280.019927978516 279.989837646484 280.035491943359 280.229095458984 279.831359863281 279.835662841797 279.126586914062 279.188323974609 279.452728271484 278.788848876953 278.692962646484 278.519897460938 278.322998046875 277.854125976562 277.925720214844 278.448547363281 278.656707763672 277.521759033203 -3.4e+38 -3.4e+38 277.152801513672 276.562072753906 276.996154785156 276.874267578125 276.732513427734 276.508636474609 276.111968994141 276.078308105469 275.057281494141 274.704315185547 274.701141357422 275.314025878906 275.146179199219 274.855194091797 274.466247558594 274.031097412109 274.326477050781 274.019897460938 273.574432373047 272.953460693359 272.434234619141 272.315643310547 271.952789306641 271.685333251953 271.373474121094 269.229827880859 266.929107666016 271.306243896484
279.881164550781 279.672027587891 279.244842529297 279.465911865234 279.841217041016 279.851409912109 279.73583984375 278.820556640625 278.820190429688 279.046600341797 278.738037109375 278.424285888672 277.855072021484 278.133209228516 278.107879638672 277.614715576172 277.954833984375 278.038787841797 277.701782226562 -3.4e+38 277.654449462891 -3.4e+38 277.079132080078 -3.4e+38 276.677520751953 276.542327880859 276.248229980469 275.805633544922 275.803680419922 274.820343017578 274.442504882812 274.535430908203 275.009613037109 274.828918457031 274.671569824219 274.505920410156 -3.4e+38 274.217681884766 273.593048095703 273.304595947266 273.227966308594 272.806701660156 272.520202636719 272.133758544922 271.490051269531 268.033508300781 -3.4e+38 269.179931640625 270.942749023438
279.806701660156 279.727752685547 279.263275146484 279.011077880859 279.146453857422 279.191680908203 -3.4e+38 278.953247070312 278.639953613281 278.279815673828 278.568298339844 277.992309570312 277.525604248047 277.478179931641 278.042938232422 277.840515136719 277.676635742188 277.788116455078 277.357360839844 -3.4e+38 -3.4e+38 -3.4e+38 -3.4e+38 276.733947753906 276.505401611328 276.409851074219 276.253234863281 275.893829345703 275.690795898438 274.889495849609 274.533294677734 274.506439208984 274.693572998047 274.685333251953 274.556579589844 274.391784667969 274.145385742188 273.715637207031 273.548217773438 273.442840576172 273.173278808594 272.859008789062 272.587860107422 272.144836425781 271.675415039062 265.974822998047 257.684509277344 270.715393066406 270.945922851562
279.722015380859 279.581848144531 279.034545898438 278.824462890625 278.692810058594 278.81103515625 278.883697509766 278.834869384766 278.544647216797 277.921112060547 277.982604980469 277.568664550781 277.044830322266 276.921813964844 277.772369384766 -3.4e+38 277.556549072266 277.145477294922 276.986297607422 277.144348144531 277.149444580078 276.714080810547 276.667602539062 276.453521728516 275.937255859375 275.875793457031 275.933654785156 275.6689453125 275.63623046875 275.239624023438 274.711853027344 274.540954589844 274.671020507812 274.588562011719 274.298034667969 273.935699462891 274.038970947266 273.825622558594 273.532958984375 273.507446289062 273.135620117188 272.808532714844 272.689086914062 272.220794677734 271.608093261719 -3.4e+38 260.635559082031 270.989990234375 271.241027832031
279.384155273438 279.225921630859 278.758636474609 278.527618408203 278.230865478516 278.445129394531 278.335388183594 278.875122070312 278.773773193359 278.328186035156 277.842193603516 277.481597900391 276.795532226562 276.952331542969 277.698394775391 277.755279541016 277.493591308594 276.754455566406 276.957397460938 276.663696289062 276.056030273438 276.153137207031 276.2431640625 276.378448486328 275.746856689453 275.596099853516 275.697265625 275.171020507812 275.230804443359 275.358947753906 274.808227539062 274.421264648438 274.399261474609 274.475616455078 274.330047607422 273.981170654297 -3.4e+38 -3.4e+38 273.54541015625 273.280151367188 272.965545654297 272.447875976562 272.145080566406 271.826446533203 271.380584716797 269.25048828125 266.803527832031 271.373962402344 271.187530517578
279.074584960938 278.838165283203 278.537811279297 278.104370117188 277.782440185547 277.88037109375 277.742431640625 278.403900146484 278.595886230469 278.162628173828 277.828674316406 277.287933349609 276.808746337891 276.861267089844 276.97900390625 277.1904296875 277.558837890625 276.848236083984 276.816497802734 275.994842529297 275.285491943359 275.773742675781 275.735961914062 275.992248535156 275.811676025391 275.594970703125 275.351501464844 274.753173828125 274.734954833984 275.100036621094 274.980163574219 274.285461425781 274.033477783203 274.381622314453 274.024200439453 274.083557128906 273.724975585938 273.628173828125 273.122436523438 272.751342773438 272.523284912109 272.203460693359 271.834503173828 271.272369384766 271.186614990234 270.901824951172 270.641845703125 271.477325439453 271.074615478516
278.723876953125 278.274871826172 277.895874023438 277.134552001953 277.021484375 277.169708251953 277.092468261719 277.956451416016 278.140380859375 277.769348144531 277.152496337891 276.919097900391 276.722503662109 276.74169921875 276.736511230469 276.749053955078 277.005401611328 276.767425537109 276.094024658203 275.262145996094 274.975036621094 275.031951904297 275.297698974609 275.754150390625 275.658355712891 275.653686523438 275.343231201172 274.740966796875 274.475158691406 274.641510009766 274.799957275391 274.255340576172 273.765319824219 273.951782226562 273.709869384766 273.64404296875 -3.4e+38 273.566986083984 273.315582275391 272.898376464844 272.736236572266 272.663665771484 272.215606689453 271.415069580078 271.309265136719 271.567230224609 271.556854248047 271.160491943359 270.722015380859
278.435882568359 277.651245117188 277.155212402344 276.987487792969 277.283905029297 276.954010009766 277.083953857422 277.849822998047 277.738098144531 277.234649658203 276.741394042969 276.143707275391 276.030426025391 276.114624023438 276.425872802734 276.702026367188 276.705291748047 276.738830566406 275.945404052734 275.568969726562 275.089996337891 274.751312255859 275.062866210938 275.213409423828 275.114288330078 275.263977050781 275.443176269531 274.753997802734 274.419006347656 274.120574951172 274.381317138672 274.353515625 273.622161865234 273.547943115234 273.675537109375 273.419067382812 273.290283203125 273.600769042969 273.377899169922 273.046539306641 272.961090087891 272.786010742188 272.390197753906 271.952209472656 271.811218261719 -3.4e+38 271.201751708984 270.704437255859 270.771331787109
278.653717041016 278.194763183594 277.719970703125 277.608795166016 277.719696044922 277.297180175781 276.935241699219 277.300598144531 277.166229248047 276.782196044922 276.503295898438 275.941192626953 275.794494628906 275.939056396484 276.43505859375 276.446929931641 276.839172363281 276.858489990234 276.041046142578 275.928863525391 275.368591308594 274.397521972656 274.724456787109 274.502044677734 274.785308837891 274.846984863281 275.002716064453 274.736175537109 274.443695068359 274.013824462891 274.247497558594 274.454040527344 273.744323730469 273.551300048828 273.371490478516 272.981292724609 -3.4e+38 272.963836669922 272.770111083984 272.910308837891 272.881500244141 272.750946044922 272.383087158203 272.202484130859 272.041290283203 271.77734375 271.166748046875 270.831268310547 270.743591308594
278.1953125 278.0205078125 277.886260986328 277.536499023438 277.659240722656 277.064086914062 276.764984130859 276.413543701172 276.468627929688 276.442749023438 276.297302246094 275.708160400391 275.860748291016 275.844055175781 276.029022216797 275.952270507812 276.133361816406 276.155120849609 275.897155761719 275.765197753906 275.098480224609 274.523681640625 274.562347412109 274.262054443359 274.289154052734 274.692840576172 274.765625 274.581024169922 273.844573974609 273.982696533203 274.082733154297 274.147644042969 273.499206542969 273.006500244141 272.725921630859 272.284271240234 272.706481933594 272.658630371094 272.614044189453 272.613922119141 272.267700195312 272.287048339844 272.043670654297 271.874908447266 271.673431396484 271.690979003906 271.282135009766 270.935852050781 270.400848388672
278.390594482422 277.890014648438 277.878295898438 277.347747802734 277.041412353516 276.801177978516 276.615356445312 276.25390625 276.075012207031 275.954193115234 276.149749755859 276.2490234375 275.840545654297 275.818878173828 275.698944091797 275.717376708984 275.612731933594 275.778961181641 275.763885498047 275.887268066406 275.473571777344 274.699096679688 274.21923828125 274.180725097656 274.034698486328 274.090759277344 274.244476318359 274.424468994141 273.525665283203 273.990325927734 273.889038085938 273.884796142578 273.364318847656 272.785522460938 272.576751708984 272.235900878906 272.431518554688 272.363342285156 272.302520751953 272.407073974609 272.063232421875 271.685546875 271.626068115234 271.433868408203 271.209014892578 271.592834472656 271.285552978516 270.854156494141 270.084381103516
278.565765380859 278.068756103516 278.047821044922 277.619476318359 277.350311279297 277.038909912109 276.716644287109 276.375244140625 276.125579833984 276.021484375 276.453247070312 276.463226318359 275.812286376953 275.855743408203 275.745208740234 275.447937011719 275.403503417969 275.553375244141 275.637939453125 275.332794189453 275.211700439453 274.915435791016 -3.4e+38 273.990386962891 273.898498535156 273.829681396484 273.543395996094 273.935363769531 273.467132568359 273.53515625 273.88525390625 273.970977783203 273.532653808594 272.946929931641 272.640869140625 272.371368408203 271.991607666016 271.894714355469 271.659698486328 271.851226806641 271.590789794922 271.744476318359 271.432769775391 271.130126953125 271.088134765625 271.428619384766 271.324737548828 270.932006835938 270.021942138672
