rcp4.5models/MPi_ESM_LR/sc1gr4.19
NCOLS 261 
NROWS 433 
XLLCORNER 336357.134 
YLLCORNER 654653.479 
CELLSIZE 1000 
NODATA_value -3.4e+38 
[rows 330 to 351 of 433, columns 196 to 244 of 261]
265.082458496094 264.974975585938 264.697631835938 264.552124023438 265.996337890625 266.774444580078 267.142120361328 262.282012939453 259.484405517578 256.458679199219 254.313262939453 263.494354248047 266.358337402344 266.202087402344 266.607086181641 267.34521484375 268.091186523438 268.283142089844 268.436737060547 269.512939453125 269.936401367188 270.70947265625 270.966430664062 271.100677490234 271.852813720703 271.815795898438 272.111206054688 272.929626464844 273.300689697266 273.284759521484 273.839721679688 273.798492431641 273.561950683594 273.590393066406 272.610565185547 273.008941650391 273.739837646484 273.398986816406 273.413146972656 273.380889892578 273.426330566406 274.109954833984 274.459167480469 274.918518066406 275.139862060547 275.337036132812 275.920440673828 276.219116210938 276.597259521484
265.605285644531 265.874053955078 265.621948242188 264.517730712891 264.855163574219 266.809112548828 267.522308349609 265.894378662109 265.244720458984 264.431976318359 263.084991455078 266.853240966797 266.112030029297 265.935943603516 266.350677490234 267.703247070312 268.214019775391 269.036071777344 269.164611816406 269.824859619141 269.723663330078 269.855133056641 270.523162841797 270.514312744141 270.937866210938 271.474700927734 271.683166503906 272.610565185547 272.873229980469 272.784362792969 273.390716552734 273.474365234375 273.379974365234 272.671295166016 272.282897949219 272.828002929688 273.098907470703 272.787353515625 272.698669433594 272.819488525391 272.90771484375 273.811370849609 274.125213623047 274.795837402344 275.076599121094 275.306091308594 276.011138916016 275.963592529297 276.245025634766
266.104705810547 266.3486328125 265.531585693359 264.075897216797 263.664428710938 266.723907470703 267.910766601562 267.652465820312 267.013366699219 267.569122314453 267.476715087891 267.280364990234 266.178527832031 266.143463134766 265.8876953125 267.498199462891 268.509704589844 -3.4e+38 269.662170410156 270.145385742188 269.612213134766 269.872863769531 270.570251464844 270.9658203125 271.00146484375 271.446868896484 271.645263671875 271.925537109375 271.951995849609 272.018005371094 272.971771240234 273.111175537109 273.103302001953 272.47900390625 272.510070800781 273.318511962891 273.078430175781 272.299407958984 272.078216552734 272.038940429688 272.548553466797 273.792846679688 273.948547363281 274.540130615234 274.93505859375 275.260345458984 275.583129882812 275.665618896484 275.729919433594
266.536468505859 266.561981201172 265.734405517578 264.825042724609 265.067077636719 267.244140625 267.987640380859 268.628967285156 268.238494873047 268.116729736328 267.834655761719 267.640747070312 267.045562744141 266.558654785156 265.749938964844 267.786468505859 269.185638427734 -3.4e+38 269.990875244141 270.56982421875 270.542633056641 271.031433105469 271.138580322266 271.527954101562 271.457885742188 271.542633056641 271.614990234375 271.548858642578 271.873840332031 272.232147216797 272.632385253906 272.677612304688 273.142425537109 272.789459228516 272.9306640625 273.476165771484 273.367004394531 272.907257080078 272.635070800781 272.233428955078 272.791931152344 273.839080810547 274.061737060547 274.140563964844 274.533386230469 274.870452880859 274.889892578125 275.168243408203 275.266021728516
266.732482910156 266.544250488281 265.737365722656 265.434326171875 265.516418457031 265.234497070312 267.338745117188 268.8408203125 268.981903076172 268.285705566406 267.832794189453 268.07763671875 267.963226318359 267.216094970703 266.375793457031 268.261016845703 268.955108642578 269.252624511719 269.8291015625 270.336151123047 270.870880126953 271.103881835938 271.584075927734 271.63818359375 271.757568359375 272.226684570312 272.210083007812 272.237609863281 272.547821044922 273.141937255859 273.120819091797 272.891174316406 273.383636474609 273.116607666016 273.407958984375 273.245880126953 273.351654052734 273.403503417969 272.665985107422 272.372467041016 272.654418945312 273.871002197266 274.183624267578 274.180450439453 274.525634765625 274.932037353516 274.898498535156 274.697906494141 274.802032470703
266.858764648438 266.425842285156 265.257904052734 264.823883056641 264.217590332031 261.401733398438 261.137359619141 268.575927734375 269.113098144531 268.382598876953 268.178009033203 268.350494384766 268.272338867188 267.236938476562 265.7978515625 268.196411132812 268.513610839844 268.245513916016 269.452789306641 269.691772460938 269.953979492188 270.400512695312 271.6044921875 271.682037353516 271.965789794922 272.616607666016 272.651489257812 272.618988037109 272.847808837891 273.002777099609 -3.4e+38 273.158813476562 273.478820800781 273.479370117188 273.398742675781 273.253936767578 273.209350585938 273.339294433594 272.748199462891 272.761505126953 272.862365722656 273.527130126953 274.017791748047 274.461029052734 274.901275634766 275.031463623047 275.173980712891 274.837249755859 274.911468505859
265.745910644531 263.892730712891 265.144073486328 264.551361083984 262.089538574219 251.777328491211 250.210479736328 268.268920898438 269.002716064453 268.711120605469 268.571350097656 268.438659667969 268.279174804688 267.712829589844 267.380065917969 267.478454589844 267.956359863281 267.408264160156 268.253662109375 267.894073486328 267.312042236328 268.404388427734 270.649047851562 270.764343261719 271.836700439453 271.962585449219 272.256774902344 272.448699951172 272.95166015625 273.234558105469 273.330657958984 273.178955078125 273.318023681641 274.032440185547 274.169281005859 273.875762939453 274.082397460938 273.080139160156 273.076995849609 273.224426269531 273.714477539062 273.517547607422 274.239868164062 274.353057861328 274.694122314453 275.206817626953 275.402160644531 275.682830810547 275.773406982422
266.228118896484 263.548461914062 262.898834228516 265.235382080078 264.892547607422 256.779815673828 248.559051513672 268.263488769531 269.161254882812 268.955688476562 268.67626953125 268.941619873047 268.473937988281 268.136627197266 268.307556152344 268.404327392578 268.706695556641 268.174438476562 267.374084472656 265.081268310547 265.431701660156 268.474029541016 271.1572265625 271.574157714844 271.756256103516 271.952331542969 272.524719238281 272.455902099609 272.511322021484 272.822784423828 273.432800292969 273.281066894531 273.351684570312 273.772064208984 273.98193359375 273.949462890625 274.16943359375 273.778900146484 273.552154541016 273.664489746094 273.938751220703 274.148162841797 274.655914306641 274.807678222656 274.979339599609 275.290771484375 275.694274902344 275.630157470703 276.021759033203
267.322540283203 265.8330078125 263.179626464844 266.221405029297 267.020690917969 262.458770751953 253.259033203125 268.614227294922 269.331939697266 269.087768554688 268.74169921875 269.210571289062 268.644409179688 268.612457275391 269.008544921875 269.065612792969 268.950408935547 268.223449707031 267.298736572266 265.899841308594 267.365905761719 270.556732177734 271.072692871094 271.320373535156 271.512664794922 271.358947753906 271.967590332031 272.100006103516 272.173797607422 272.271331787109 273.124114990234 272.840789794922 272.99462890625 273.426849365234 273.492523193359 273.592071533203 274.056091308594 274.488372802734 274.284912109375 274.238800048828 274.233306884766 274.899108886719 275.297607421875 275.310607910156 275.149536132812 275.366271972656 275.750030517578 275.754669189453 275.99462890625
267.354248046875 266.603851318359 265.925323486328 266.734130859375 267.232421875 265.245697021484 262.35888671875 268.642944335938 269.508209228516 269.571563720703 269.234802246094 269.184478759766 268.392547607422 268.281158447266 269.387969970703 269.621429443359 269.259613037109 268.102630615234 267.809448242188 268.369445800781 269.301391601562 270.891021728516 270.826995849609 270.933898925781 270.973449707031 270.449462890625 271.4267578125 271.575256347656 271.721343994141 271.910949707031 272.553894042969 271.899932861328 272.351867675781 273.226928710938 273.485198974609 273.535614013672 274.139068603516 274.536987304688 274.568267822266 274.385711669922 274.372894287109 275.253021240234 275.516296386719 275.436157226562 275.145050048828 275.541534423828 275.830383300781 275.937683105469 275.922149658203
267.525146484375 266.723907470703 266.602752685547 267.212188720703 267.709136962891 267.674774169922 267.977996826172 268.867370605469 269.674224853516 270.0185546875 269.614501953125 269.000122070312 268.091491699219 267.88134765625 269.485961914062 269.750305175781 269.577209472656 268.443664550781 268.573211669922 269.387268066406 269.861999511719 270.704315185547 270.617614746094 270.773254394531 270.219665527344 269.922241210938 270.625732421875 271.078521728516 271.335968017578 271.753021240234 271.898651123047 271.459045410156 272.309204101562 273.113708496094 273.520385742188 273.669525146484 274.214233398438 274.56201171875 274.579345703125 274.396728515625 274.391662597656 275.077178955078 275.369995117188 275.458648681641 275.195556640625 275.443572998047 275.869354248047 275.867431640625 275.932281494141
267.591369628906 266.723297119141 267.398864746094 268.159271240234 268.312194824219 268.533447265625 268.806549072266 269.449615478516 269.920227050781 270.160186767578 269.624877929688 269.099578857422 268.513305664062 267.742156982422 269.748718261719 269.958404541016 269.589416503906 268.916259765625 268.920806884766 269.765289306641 270.013092041016 270.209442138672 270.112335205078 270.194061279297 269.963928222656 270.303344726562 270.344573974609 270.595153808594 270.863433837891 271.704986572266 271.376647949219 271.349334716797 272.026550292969 272.990997314453 273.609222412109 273.645263671875 274.010131835938 274.619201660156 274.513793945312 274.407684326172 274.328338623047 274.724365234375 274.927795410156 275.405151367188 275.251373291016 275.200164794922 275.472625732422 275.666076660156 275.537689208984
267.556610107422 266.84814453125 267.408294677734 267.769958496094 268.588195800781 268.623077392578 268.861389160156 269.236907958984 269.734252929688 270.327087402344 270.109191894531 269.821411132812 269.319915771484 268.384918212891 270.014831542969 269.880462646484 269.478057861328 269.229888916016 265.842468261719 269.56591796875 269.380035400391 269.833587646484 269.746795654297 269.645690917969 269.198059082031 269.303192138672 270.812744140625 270.520111083984 270.351837158203 271.113128662109 271.379913330078 271.910583496094 272.205749511719 273.114501953125 273.695709228516 273.663116455078 273.663482666016 274.128875732422 274.324554443359 274.510864257812 274.382598876953 274.314605712891 274.555633544922 275.070587158203 274.949401855469 274.861328125 275.262939453125 275.361450195312 275.4814453125
267.908569335938 267.048187255859 265.891418457031 265.310272216797 268.138458251953 268.392059326172 268.544921875 268.558990478516 268.687652587891 269.521270751953 269.951171875 270.274658203125 269.898681640625 269.531005859375 270.064208984375 269.227081298828 268.984100341797 269.393646240234 266.964019775391 269.519653320312 269.02978515625 269.239471435547 269.634338378906 269.903656005859 268.998779296875 269.101226806641 271.050262451172 270.946075439453 270.335296630859 271.017425537109 271.742401123047 272.602661132812 272.644317626953 273.0390625 273.480987548828 273.676910400391 273.59521484375 273.617858886719 273.962066650391 274.45703125 274.514923095703 273.804443359375 273.939208984375 274.505187988281 274.508636474609 274.591796875 275.034759521484 275.041839599609 275.568450927734
268.070190429688 267.832611083984 266.245758056641 264.986175537109 265.966796875 266.599822998047 267.930908203125 268.582061767578 268.323883056641 268.641174316406 269.136688232422 269.919250488281 270.203918457031 269.997406005859 269.441223144531 268.0087890625 267.440399169922 269.470611572266 270.078948974609 269.596099853516 269.212921142578 268.957061767578 269.626770019531 270.065765380859 270.417358398438 270.455871582031 270.380004882812 271.291137695312 270.987854003906 270.673583984375 271.893585205078 272.754974365234 272.689025878906 272.742584228516 272.833068847656 273.246704101562 273.609619140625 273.299041748047 273.699737548828 273.941467285156 273.962188720703 273.515625 273.207763671875 273.712860107422 274.020416259766 274.166656494141 274.314453125 274.607055664062 275.023498535156
267.491638183594 268.454010009766 267.793548583984 266.506713867188 264.277221679688 264.155059814453 266.82958984375 269.026733398438 269.010192871094 268.989562988281 269.040924072266 269.429534912109 270.078491210938 270.154693603516 268.80810546875 267.024017333984 267.389038085938 269.644866943359 270.141082763672 269.555328369141 269.200012207031 268.631958007812 269.692352294922 269.86328125 271.018646240234 271.336883544922 270.779541015625 271.439300537109 271.5380859375 270.936584472656 271.743041992188 272.317810058594 272.687896728516 272.719116210938 272.384368896484 271.665924072266 272.776031494141 272.876739501953 273.569427490234 273.481384277344 273.177185058594 273.421020507812 272.4697265625 272.637756347656 273.086608886719 273.824432373047 274.106872558594 274.041717529297 274.630126953125
267.064636230469 267.450439453125 268.461730957031 267.856719970703 266.699462890625 265.7255859375 267.868957519531 269.465911865234 269.486267089844 269.518096923828 269.781005859375 269.457824707031 269.924682617188 270.226989746094 268.867706298828 267.240631103516 267.529144287109 269.772308349609 270.114624023438 268.418975830078 269.286529541016 268.288940429688 269.251434326172 269.920318603516 270.359924316406 271.619110107422 271.87060546875 272.027709960938 271.716156005859 271.342834472656 271.146240234375 271.486419677734 272.246520996094 272.681274414062 272.341522216797 270.638824462891 271.969421386719 272.610778808594 273.120361328125 273.455596923828 273.237945556641 273.104766845703 272.27001953125 271.887786865234 273.022247314453 273.535552978516 274.181854248047 274.303314208984 274.756500244141
265.579010009766 264.262969970703 267.121856689453 268.786743164062 269.083404541016 268.884887695312 269.450469970703 269.702117919922 269.782165527344 270.208862304688 270.449493408203 270.089416503906 270.323150634766 270.498107910156 269.373748779297 268.295776367188 267.631591796875 270.213775634766 269.787322998047 267.007781982422 269.637542724609 268.520050048828 269.126312255859 270.093200683594 270.873870849609 271.734985351562 272.015075683594 272.357604980469 271.813812255859 271.487182617188 271.236145019531 271.471038818359 271.775695800781 272.144439697266 271.949584960938 271.138366699219 271.260314941406 271.765533447266 272.203155517578 273.065460205078 273.10400390625 272.727447509766 272.457183837891 272.263519287109 272.856353759766 273.041717529297 273.75244140625 274.422393798828 275.138092041016
265.648712158203 265.686126708984 266.726409912109 267.448669433594 268.550537109375 268.442749023438 268.259307861328 268.364074707031 269.190948486328 269.781829833984 270.253662109375 270.685974121094 270.969909667969 271.076507568359 269.915008544922 269.175872802734 269.325592041016 270.892150878906 267.482360839844 262.808288574219 270.746795654297 270.525817871094 270.286865234375 270.739624023438 271.239471435547 271.778350830078 271.87109375 272.332672119141 272.331756591797 272.401733398438 272.198211669922 272.172637939453 272.193664550781 272.216247558594 271.705718994141 271.472961425781 272.05126953125 271.933319091797 270.932922363281 272.096832275391 272.337188720703 273.205047607422 273.515655517578 273.055114746094 272.842315673828 273.50830078125 274.340301513672 274.050933837891 274.349487304688
265.904418945312 265.957336425781 267.103240966797 267.740295410156 268.052734375 267.557952880859 267.858459472656 268.88037109375 269.224456787109 269.616851806641 269.768585205078 270.259857177734 270.834503173828 271.086547851562 270.348663330078 270.086486816406 270.294921875 271.0498046875 269.001220703125 267.459808349609 270.991760253906 270.993041992188 270.625396728516 270.069854736328 270.308624267578 270.895172119141 271.344787597656 271.829040527344 272.051513671875 272.463043212891 272.547302246094 272.287963867188 272.467834472656 272.339477539062 272.042388916016 271.598724365234 272.108367919922 272.231781005859 271.487091064453 272.4052734375 273.108703613281 273.296356201172 274.108367919922 273.742919921875 273.076629638672 273.218994140625 272.915435791016 273.062377929688 273.609619140625
266.245666503906 266.003631591797 266.996673583984 267.496795654297 267.488739013672 266.824920654297 267.107635498047 268.145263671875 268.498321533203 269.423034667969 269.222045898438 269.936767578125 270.700592041016 270.868865966797 270.641723632812 270.773315429688 270.907806396484 271.137725830078 270.324096679688 270.169128417969 271.165496826172 271.148620605469 270.499786376953 270.033843994141 269.747283935547 270.250213623047 270.752868652344 271.074523925781 271.552368164062 272.249481201172 272.878265380859 272.474426269531 272.571228027344 272.488464355469 272.369415283203 271.862243652344 271.773468017578 272.283264160156 272.110961914062 272.315124511719 272.954711914062 273.419097900391 274.423004150391 274.463226318359 273.857757568359 273.272186279297 272.411224365234 273.128295898438 273.413787841797
266.689086914062 266.352172851562 266.697265625 266.763244628906 267.002258300781 266.660247802734 266.029266357422 266.896087646484 268.285675048828 269.042785644531 269.334747314453 270.158203125 270.401885986328 270.481597900391 270.666351318359 271.006256103516 271.344207763672 271.287536621094 270.521484375 270.642852783203 271.080505371094 270.609893798828 270.121826171875 270.786743164062 270.229766845703 270.783264160156 270.940185546875 271.093383789062 271.050201416016 271.854156494141 273.166107177734 272.897338867188 272.641265869141 272.852569580078 272.427642822266 272.16064453125 272.057342529297 272.422882080078 271.924621582031 272.428863525391 273.05859375 273.619689941406 274.268280029297 274.609588623047 274.324890136719 -3.4e+38 -3.4e+38 273.694000244141 273.752014160156
