rcp4.5models/MPi_ESM_LR/sc1gr7.36
NCOLS 261 
NROWS 433 
XLLCORNER 336357.134 
YLLCORNER 654653.479 
CELLSIZE 1000 
NODATA_value -3.4e+38 
[rows 374 to 395 of 433, columns 98 to 146 of 261]
65.9525680541992 65.8784484863281 65.6808624267578 65.5831680297852 65.1788024902344 64.568977355957 63.5073051452637 62.6573905944824 62.701099395752 63.2043266296387 63.3808784484863 63.2195167541504 63.0300178527832 62.6069869995117 61.3905601501465 61.0751152038574 60.7635269165039 60.5268783569336 60.4791221618652 60.4547691345215 60.3252334594727 60.1711044311523 59.9296226501465 59.6018981933594 59.420337677002 59.4211769104004 59.4632835388184 59.4684143066406 59.3553276062012 59.4662818908691 59.6309394836426 59.532470703125 59.5908432006836 59.6375350952148 59.4955139160156 58.8229293823242 58.1365737915039 58.768726348877 59.450439453125 59.746509552002 60.4163703918457 61.9814147949219 63.1262435913086 64.1338500976562 65.2128677368164 -3.4e+38 -3.4e+38 -3.4e+38 -3.4e+38
65.6742401123047 65.753044128418 65.4327697753906 65.0060043334961 65.199592590332 64.9328155517578 64.0086212158203 63.1510696411133 62.9519195556641 62.9540672302246 62.9705848693848 63.001220703125 62.9533843994141 62.554141998291 61.2110252380371 60.6742973327637 60.6496276855469 60.7615928649902 60.8904876708984 60.7964134216309 60.5954513549805 60.4383697509766 60.176700592041 59.7729606628418 59.4490127563477 59.4669151306152 59.7945404052734 59.6901397705078 59.5832672119141 59.561695098877 59.5513534545898 59.6274375915527 59.8158721923828 59.7383041381836 59.4958763122559 59.2260589599609 58.9801177978516 58.5491676330566 59.2738571166992 59.9061889648438 60.7169723510742 61.933765411377 63.038932800293 64.1069412231445 65.1254043579102 66.2730560302734 67.418586730957 -3.4e+38 -3.4e+38
65.1868667602539 64.9899368286133 64.9281311035156 64.596435546875 64.7987213134766 64.863037109375 64.4891662597656 64.0915451049805 63.6547470092773 63.2446556091309 63.0575370788574 63.0014190673828 62.8175277709961 62.5176696777344 61.6778144836426 61.0662002563477 60.8151664733887 60.7306480407715 60.6166381835938 60.4007987976074 60.2882804870605 60.1180191040039 59.9105415344238 59.6977920532227 59.498722076416 59.5845718383789 59.6892166137695 59.4694633483887 59.2999038696289 59.3497734069824 59.2153091430664 58.807258605957 59.0603523254395 59.7174186706543 59.359691619873 58.7290229797363 58.8123588562012 58.4219360351562 59.4332275390625 60.2537269592285 61.1214065551758 61.9234886169434 62.855770111084 63.996036529541 65.0674362182617 -3.4e+38 -3.4e+38 -3.4e+38 -3.4e+38
64.6464385986328 64.2915878295898 64.0696868896484 64.4675140380859 64.5031204223633 64.4955215454102 64.2846374511719 63.8410568237305 63.5170707702637 63.178409576416 62.8015403747559 62.8290252685547 62.6868553161621 62.3942222595215 61.8745346069336 61.5201110839844 61.0848808288574 60.7358131408691 60.4274787902832 60.1258277893066 59.9447593688965 59.7449989318848 59.5836715698242 59.4944496154785 59.5514144897461 59.7835655212402 59.3172340393066 59.0509719848633 58.6631927490234 58.6974334716797 58.9005165100098 58.3356018066406 57.9719657897949 58.4425010681152 58.4851379394531 57.9346694946289 58.0321731567383 58.3611869812012 59.238094329834 60.2456169128418 61.107738494873 61.8902740478516 62.6798400878906 63.8794212341309 65.0107727050781 65.8737182617188 67.0630416870117 68.3024978637695 70.1205825805664
64.7389373779297 64.2304458618164 63.7875862121582 63.5401229858398 63.8399238586426 63.8951072692871 63.8283996582031 63.3896446228027 62.9985504150391 62.5497055053711 62.1176452636719 62.0434837341309 62.0554275512695 62.1063766479492 61.8144302368164 61.5481185913086 61.1691741943359 60.8074035644531 60.463077545166 60.1064682006836 59.8588790893555 59.7276496887207 59.6302604675293 59.4874687194824 59.4414100646973 59.6511840820312 59.0910873413086 58.8304862976074 58.2909965515137 57.8958854675293 58.2036895751953 58.1250457763672 57.6616058349609 57.3245315551758 57.215633392334 57.1896553039551 57.4723739624023 58.6062240600586 58.9035415649414 59.9523887634277 60.9909362792969 61.8687324523926 62.7848434448242 63.8818244934082 65.0035018920898 65.8258819580078 66.7607955932617 67.9314804077148 69.9964599609375
64.3955154418945 64.2753677368164 64.0364227294922 63.0656814575195 63.1337509155273 63.3375434875488 63.3216400146484 63.128116607666 62.6913986206055 62.1233749389648 61.7202186584473 61.3785858154297 61.2583770751953 61.3871192932129 61.1574325561523 60.9804344177246 60.7019500732422 60.4359397888184 60.1785697937012 59.9583625793457 59.8069534301758 59.6946868896484 59.6302947998047 59.4955596923828 59.3040199279785 59.3652534484863 59.2869720458984 59.1247787475586 58.8459777832031 58.0029067993164 57.4582099914551 57.3532791137695 57.4095764160156 57.2099647521973 56.8427886962891 56.7415542602539 57.0246238708496 58.3872489929199 58.5866584777832 59.5251693725586 60.8174095153809 61.7655906677246 62.8427734375 63.8635597229004 64.8490600585938 65.9146499633789 66.7938461303711 67.7621994018555 69.6848983764648
64.4025115966797 64.1951751708984 63.9759750366211 63.3997802734375 63.1918182373047 63.1013832092285 63.0228118896484 62.8825721740723 62.4404945373535 61.9618339538574 61.6335182189941 61.3258895874023 61.0942230224609 60.9289054870605 60.5699691772461 60.4635047912598 60.3995971679688 60.309398651123 60.1075592041016 59.9493598937988 59.8106346130371 59.6602745056152 59.5940246582031 59.495735168457 59.3420104980469 59.2410354614258 59.24560546875 59.2912139892578 59.1949310302734 58.391773223877 57.6386489868164 57.2149848937988 57.107494354248 57.053409576416 56.9733848571777 56.8168563842773 56.9621429443359 57.9806976318359 58.4086265563965 59.065601348877 60.3792572021484 61.3881912231445 62.4586372375488 63.4698753356934 64.4441528320312 65.7545166015625 66.948356628418 67.84228515625 69.3339920043945
65.0869293212891 64.2016296386719 63.6933631896973 63.5292816162109 63.3727111816406 63.1851196289062 63.0290908813477 62.8519020080566 62.6607208251953 62.4093856811523 62.0486602783203 61.5346794128418 61.1876792907715 61.005184173584 60.8848533630371 60.6838760375977 60.4598426818848 60.2816009521484 60.0883369445801 59.9469795227051 59.793628692627 59.6628608703613 59.553840637207 59.457447052002 59.3825073242188 59.2511825561523 59.1107711791992 59.2696685791016 59.2868118286133 58.9712715148926 58.4945526123047 57.8072624206543 57.3277473449707 57.0523719787598 57.0566864013672 57.032039642334 57.176197052002 57.7775001525879 58.1270027160645 58.748233795166 59.7925567626953 60.756721496582 61.9152183532715 62.9063949584961 63.9545555114746 65.1893539428711 66.425910949707 67.3990783691406 69.0408020019531
65.5073928833008 64.9025955200195 64.2974624633789 63.702018737793 63.6509284973145 63.2258987426758 62.9609603881836 62.9045829772949 62.9363327026367 62.6932983398438 62.321117401123 61.8153114318848 61.3815078735352 61.2245597839355 61.378288269043 61.1237907409668 60.7654876708984 60.5104141235352 60.1643943786621 59.9961090087891 60.027416229248 59.871395111084 59.7045288085938 59.6279678344727 59.4986534118652 59.3206634521484 59.0933303833008 59.1024017333984 59.1892852783203 59.3254356384277 59.1557884216309 58.4588050842285 57.5777168273926 57.0002174377441 56.9525413513184 57.0187034606934 57.1849784851074 57.6234703063965 57.8711585998535 58.4106369018555 59.1990356445312 60.1554412841797 61.4015235900879 62.4327697753906 63.3940124511719 64.4625549316406 65.69580078125 66.6999816894531 68.6342315673828
65.1130676269531 65.0335540771484 64.5214080810547 64.0047836303711 63.8985176086426 63.9189147949219 63.6296081542969 63.3840179443359 63.1984748840332 62.7608070373535 62.5560073852539 62.3698043823242 62.1297187805176 61.8934440612793 61.4145088195801 61.1043510437012 60.9248085021973 60.7524604797363 60.545337677002 60.3640594482422 60.1427803039551 59.9675140380859 59.8108596801758 59.5489959716797 59.4292793273926 59.4923210144043 59.522045135498 59.390552520752 59.2523994445801 58.948600769043 57.8058204650879 56.637809753418 56.4391937255859 56.5588340759277 56.691291809082 56.6622314453125 56.6517868041992 57.0274505615234 57.4785346984863 57.9464416503906 58.3984565734863 59.2927436828613 60.2286338806152 61.2942886352539 62.3681831359863 63.2853698730469 64.2863159179688 65.3117752075195 67.4205093383789
65.0250015258789 65.0578765869141 64.6312255859375 63.4079780578613 63.238525390625 63.2859916687012 63.2825660705566 63.221549987793 63.1679878234863 62.8473663330078 62.5896606445312 62.330451965332 62.0016212463379 61.8083457946777 61.3101997375488 61.076244354248 60.8952026367188 60.620979309082 60.3041763305664 60.0525894165039 59.8313331604004 59.6483306884766 59.4534454345703 59.3026351928711 59.2065544128418 59.326904296875 59.6221466064453 59.5253944396973 59.3488845825195 58.6839485168457 57.4037208557129 56.5186157226562 56.2535591125488 56.2734985351562 56.4417686462402 56.3728561401367 56.2720031738281 56.8319625854492 57.3278312683105 57.7612380981445 58.1866149902344 58.940013885498 59.5921630859375 60.4603576660156 61.7872467041016 62.7272911071777 63.6999588012695 64.6639556884766 66.6758728027344
65.0149002075195 64.8847198486328 64.7738494873047 63.6390724182129 63.3416709899902 63.0344505310059 62.9865798950195 63.0474739074707 63.0777549743652 62.8754653930664 62.5872650146484 62.2437324523926 61.9214706420898 61.7545280456543 61.2043800354004 60.9494895935059 60.7338829040527 60.5008392333984 60.2257690429688 59.9132118225098 59.7160453796387 59.5723686218262 59.5093688964844 59.5573997497559 59.3906478881836 59.3573341369629 58.9229431152344 58.9794960021973 59.1174240112305 58.6432456970215 57.6251335144043 56.702091217041 55.9864387512207 55.8301544189453 55.9334106445312 56.0408477783203 56.0708808898926 56.6943016052246 57.1280326843262 57.5892066955566 58.1844177246094 58.7614631652832 59.1354293823242 60.0547752380371 61.3465232849121 62.3811683654785 63.2450637817383 64.1212997436523 66.0379486083984
64.9927444458008 64.9553451538086 64.7724685668945 64.1623687744141 63.7013931274414 63.1320915222168 62.8764038085938 62.8364028930664 62.8435935974121 62.7153167724609 62.5083122253418 62.2057189941406 61.8757057189941 61.6474533081055 61.131591796875 60.9036102294922 60.626091003418 60.4005317687988 60.2604751586914 60.133544921875 60.033618927002 59.8508491516113 59.6328430175781 59.4410972595215 59.0989685058594 58.8184356689453 58.0852699279785 58.0132865905762 58.0122146606445 57.8787689208984 57.6056632995605 57.2221870422363 56.7757301330566 56.3966484069824 55.7385406494141 55.7191848754883 55.9467658996582 56.4897842407227 56.9567832946777 57.3951110839844 58.0481414794922 58.6585159301758 59.1863555908203 59.9178695678711 60.734935760498 61.8847732543945 62.7857208251953 63.6687088012695 65.4216156005859
64.4381942749023 64.6735229492188 64.781379699707 64.4315338134766 64.0771789550781 63.3851165771484 62.8499145507812 62.6526260375977 62.5758743286133 62.523738861084 62.3447341918945 62.0975646972656 61.8123397827148 61.5418357849121 61.2737731933594 60.9913520812988 60.5771942138672 60.2368927001953 60.1674842834473 60.1779670715332 60.0051040649414 59.651554107666 59.1151542663574 58.647331237793 58.3837432861328 58.1269454956055 57.7971954345703 57.50048828125 57.2756690979004 57.2556381225586 57.3559761047363 57.4167098999023 57.4134483337402 57.0490074157715 56.0311393737793 55.492733001709 55.6425476074219 56.2429504394531 56.7640533447266 57.2426147460938 57.8077049255371 58.4418754577637 59.1469116210938 59.7813987731934 60.3656578063965 61.3470993041992 62.3163032531738 63.2394828796387 64.7940673828125
64.3657913208008 64.470573425293 64.7452621459961 64.4092636108398 64.2410202026367 63.7206230163574 62.8377723693848 62.3821182250977 62.3719749450684 62.3603172302246 62.1992683410645 61.9757194519043 61.7625961303711 61.5345077514648 61.2794990539551 60.7377891540527 60.2626571655273 60.0017013549805 59.9809379577637 59.9285430908203 59.5638427734375 59.0086860656738 58.5320587158203 58.2334365844727 58.1004676818848 57.941707611084 57.537670135498 57.3249931335449 57.3441963195801 57.3614730834961 57.2266960144043 57.4052276611328 57.4154891967773 56.9111824035645 56.2175598144531 55.4787254333496 55.3773498535156 56.0115623474121 56.4283180236816 56.9466323852539 57.5359497070312 58.1319541931152 58.8354187011719 59.569896697998 60.2305107116699 60.954418182373 61.8250541687012 62.7093162536621 64.2215347290039
64.8907852172852 64.7835540771484 64.7328262329102 64.2289733886719 63.7923774719238 63.4623565673828 62.9500427246094 62.4242782592773 62.2724952697754 62.18212890625 62.0530815124512 61.9209060668945 61.7626991271973 61.5054206848145 60.9778366088867 60.3531112670898 59.9746360778809 59.8692054748535 59.8403244018555 59.631160736084 59.2276916503906 58.803092956543 58.4325256347656 58.1702575683594 58.0354690551758 57.8810081481934 57.4097290039062 57.287769317627 57.2648048400879 57.2563819885254 57.1965789794922 57.3874664306641 57.2785987854004 56.4433250427246 55.7123374938965 55.2242774963379 55.1775817871094 55.8977508544922 56.1737289428711 56.6010589599609 57.0791702270508 57.7018623352051 58.4515037536621 59.0911521911621 59.7908668518066 60.5770606994629 61.3665390014648 62.1955451965332 63.7523345947266
65.1396636962891 65.0116195678711 64.7767486572266 63.9127464294434 63.5582885742188 63.3722534179688 63.1223106384277 62.6165313720703 62.3294105529785 62.1458053588867 61.9509124755859 61.8289222717285 61.6671714782715 61.5209083557129 60.7655334472656 60.2991790771484 60.0168533325195 59.8923568725586 59.7041473388672 59.351806640625 59.0205917358398 58.6927680969238 58.3186531066895 58.2024002075195 58.0979232788086 57.7866325378418 57.4921836853027 57.6916275024414 57.6447410583496 57.4284896850586 57.1156005859375 56.9825668334961 56.8818626403809 55.90771484375 55.1526298522949 55.0539436340332 55.1668281555176 56.1014709472656 56.1279373168945 56.2971954345703 56.6930618286133 57.2397155761719 57.9244689941406 58.6424102783203 59.3563003540039 60.1691932678223 60.9248695373535 61.697681427002 63.1068267822266
65.1559448242188 65.0195617675781 64.8334503173828 63.7652473449707 63.5144157409668 63.7258758544922 63.5878219604492 63.0162162780762 62.459888458252 62.1251068115234 61.9276123046875 61.762149810791 61.6071968078613 61.4871520996094 60.7463874816895 60.3266677856445 59.9784317016602 59.7553482055664 59.5271606445312 59.199535369873 58.9010620117188 58.4946441650391 58.1951065063477 58.246150970459 58.1389694213867 57.7371978759766 57.3201179504395 57.252067565918 57.0854644775391 57.019775390625 56.5542831420898 56.0003433227539 55.8855438232422 55.2921257019043 54.9626731872559 55.0517387390137 55.1803512573242 55.8943290710449 55.8789863586426 56.0106925964355 56.4773941040039 56.9886016845703 57.5267868041992 58.2625274658203 59.0005302429199 59.730152130127 60.3894195556641 61.0674781799316 62.4049453735352
65.1176528930664 64.9363632202148 64.7578887939453 64.1696701049805 63.7490844726562 63.8720970153809 63.9294700622559 63.5363655090332 62.8764228820801 62.246753692627 61.8503608703613 61.7211875915527 61.6028938293457 61.3358268737793 60.732006072998 60.3337059020996 59.8943519592285 59.4934768676758 59.2591743469238 59.0398330688477 58.7234382629395 58.3827857971191 58.2381401062012 58.2380561828613 58.0593605041504 57.7085838317871 57.2249488830566 56.6267433166504 56.3334350585938 55.8706245422363 55.108829498291 54.626148223877 54.5824661254883 54.779727935791 54.9047966003418 54.8120040893555 54.8175773620605 55.1959533691406 55.4108581542969 55.7372589111328 56.2476615905762 56.7540283203125 57.2586135864258 57.8875579833984 58.5697784423828 59.2462005615234 59.8587455749512 60.511547088623 61.8759574890137
65.0250778198242 64.9273529052734 64.7320404052734 64.5852813720703 64.2800369262695 64.0906982421875 63.8308029174805 63.5713157653809 63.2809638977051 62.7267189025879 62.2187156677246 61.86328125 61.5672225952148 61.3562469482422 60.7438049316406 60.3612060546875 59.8918228149414 59.4150161743164 59.1490058898926 58.9852867126465 58.6626777648926 58.3150901794434 58.2131156921387 58.1449508666992 57.9227066040039 57.6851692199707 57.8371925354004 57.2148628234863 56.6699066162109 55.4338874816895 54.4170761108398 54.1001129150391 54.1461601257324 54.4067993164062 54.5285415649414 54.4154205322266 54.4014625549316 54.8702545166016 55.138298034668 55.424861907959 55.9343490600586 56.4471817016602 56.9293823242188 57.4814491271973 58.1229591369629 58.7438659667969 59.3122177124023 60.0081558227539 61.3744964599609
64.9286727905273 64.9605255126953 64.8979263305664 64.6234970092773 64.424690246582 64.2744674682617 63.9277267456055 63.6283760070801 63.4320220947266 63.0952606201172 62.6948318481445 62.2346496582031 61.8480567932129 61.5685539245605 60.7855606079102 60.3397026062012 59.8909149169922 59.4984703063965 59.2348327636719 58.9331741333008 58.580322265625 58.279598236084 58.1180076599121 58.0197830200195 57.7493095397949 57.443977355957 57.8985366821289 56.917610168457 55.7462577819824 54.7094230651855 54.2270431518555 53.9457244873047 53.8803863525391 53.9039077758789 53.9424171447754 54.062858581543 54.199577331543 54.6237945556641 54.8909492492676 55.2102127075195 55.6030158996582 56.0609321594238 56.5518798828125 57.059211730957 57.6700248718262 58.2463836669922 58.8659744262695 59.6016082763672 60.8529167175293
64.8901138305664 64.9743118286133 64.9328460693359 64.0891952514648 63.8426055908203 64.0521011352539 64.1646423339844 63.9076499938965 63.6637802124023 63.295841217041 62.9670295715332 62.597900390625 62.107780456543 61.5299110412598 60.6487693786621 60.4347724914551 60.1023445129395 59.7159156799316 59.383113861084 58.8721237182617 58.3819389343262 58.0571746826172 57.7681503295898 57.5398826599121 57.5153465270996 58.1236534118652 56.721118927002 55.0949211120605 54.3469657897949 54.0439109802246 53.7669792175293 53.6346588134766 53.6435813903809 53.6035041809082 53.5200500488281 53.5743179321289 53.7490501403809 54.1135864257812 54.3980255126953 54.7415885925293 55.1280899047852 55.4830436706543 55.8228225708008 56.3525314331055 56.9109230041504 57.4946556091309 58.0648612976074 58.6445846557617 59.8695297241211
