rcp4.5models/MPi_ESM_LR/sc1gr2.FIL
NCOLS 261 
NROWS 433 
XLLCORNER 336357.134 
YLLCORNER 654653.479 
CELLSIZE 1000 
NODATA_value -9999 
[rows 154 to 175 of 433, columns 150 to 199 of 261]
315.088409423828 314.443176269531 314.152038574219 313.644805908203 313.141448974609 313.641967773438 314.343780517578 314.149963378906 313.2587890625 313.822814941406 313.360137939453 312.223754882812 312.949615478516 314.059722900391 313.678894042969 313.507507324219 315.119049072266 -9999 314.157989501953 316.129608154297 316.286346435547 316.634674072266 317.309051513672 317.404998779297 316.713745117188 316.507019042969 316.662780761719 316.661773681641 316.534545898438 316.490844726562 316.37255859375 316.803375244141 315.961822509766 315.489990234375 315.651794433594 315.814331054688 315.977630615234 -9999 316.306304931641 316.471649169922 316.637634277344 316.80419921875 315.919250488281 315.739105224609 315.738067626953 315.655670166016 -9999 316.326507568359 316.151245117188 316.320556640625
314.709503173828 314.589447021484 314.471343994141 313.658660888672 313.156646728516 -9999 313.665130615234 313.344146728516 313.420257568359 314.465515136719 314.201324462891 312.977813720703 313.977233886719 314.306549072266 314.034851074219 -9999 315.036315917969 313.94140625 314.933349609375 316.533050537109 316.325012207031 316.635711669922 317.083251953125 316.891662597656 316.242004394531 316.111694335938 316.269134521484 316.426940917969 316.585174560547 316.585418701172 316.223083496094 316.503265380859 316.22412109375 315.901611328125 315.917999267578 316.435577392578 316.389923095703 316.20263671875 316.3681640625 316.534362792969 316.701110839844 316.868469238281 316.384796142578 315.720397949219 315.542419433594 315.711791992188 316.050872802734 316.310791015625 316.221038818359 316.390930175781
314.253387451172 314.240814208984 314.310729980469 313.285217285156 313.169525146484 313.186279296875 312.854827880859 312.880767822266 313.815887451172 314.447509765625 314.323760986328 313.553161621094 314.408416748047 314.403289794922 314.204711914062 314.671478271484 -9999 313.200714111328 315.919738769531 316.859558105469 316.361022949219 316.520629882812 316.679718017578 316.490234375 315.997161865234 316.155883789062 316.314758300781 316.473937988281 316.633483886719 316.793518066406 316.115234375 316.277008056641 316.439453125 -9999 316.489837646484 316.930816650391 316.932525634766 316.613403320312 316.42822265625 316.595275878906 316.762878417969 316.931060791016 316.882904052734 316.270477294922 316.175964355469 316.124298095703 315.948486328125 316.118927001953 316.289459228516 316.459991455078
313.566284179688 313.380493164062 313.797058105469 312.988616943359 313.180145263672 313.059112548828 312.38818359375 312.373626708984 314.310424804688 314.875885009766 314.738372802734 314.389617919922 314.870971679688 314.903533935547 314.780883789062 314.954162597656 314.679656982422 314.556640625 316.054168701172 316.524932861328 316.394439697266 316.555816650391 316.716644287109 316.529052734375 316.037353515625 316.393493652344 316.521423339844 316.158935546875 316.679473876953 316.840850830078 316.1650390625 316.328002929688 316.491607666016 -9999 316.820648193359 316.986175537109 317.152313232422 316.944458007812 316.486480712891 316.654418945312 316.822937011719 316.991973876953 316.728057861328 316.154205322266 316.451629638672 316.106231689453 -9999 316.185272216797 316.356506347656 316.527709960938
313.117492675781 312.74951171875 313.110931396484 312.996154785156 313.188598632812 313.068267822266 312.258636474609 311.905303955078 314.287445068359 314.956848144531 315.376342773438 315.079376220703 314.886962890625 315.066772460938 315.427398681641 314.683746337891 313.372161865234 315.947662353516 316.484893798828 316.261291503906 316.425354003906 316.588531494141 316.751068115234 316.758880615234 316.437103271484 316.197021484375 315.971862792969 315.915710449219 316.723205566406 316.685943603516 316.212707519531 316.376892089844 316.541656494141 316.707000732422 316.872955322266 317.03955078125 317.206726074219 317.210723876953 316.894104003906 316.711791992188 316.881256103516 317.051177978516 316.674713134766 316.031982421875 316.346832275391 315.906494140625 316.078308105469 316.250213623047 316.422149658203 316.594085693359
313.288238525391 313.001739501953 312.808380126953 313.001586914062 313.194915771484 313.075225830078 312.441223144531 312.328796386719 314.333068847656 315.042663574219 315.711395263672 315.766845703125 315.082092285156 315.636535644531 -9999 314.660827636719 314.200775146484 316.118041992188 316.952606201172 316.287963867188 316.453826904297 316.618804931641 316.783111572266 316.946960449219 316.955474853516 316.674713134766 316.550903320312 316.674591064453 316.764678955078 316.770446777344 316.816711425781 316.779602050781 316.589630126953 316.756164550781 316.923278808594 317.090972900391 317.259246826172 317.428100585938 317.222229003906 316.767395019531 316.937805175781 317.108673095703 316.9404296875 316.420135498047 316.628143310547 316.315185546875 316.140991210938 316.313690185547 316.486389160156 316.659057617188
313.423706054688 313.481201171875 313.024444580078 312.449249267578 312.643676757812 312.524810791016 312.031829833984 312.576507568359 313.928894042969 314.977294921875 315.685821533203 -9999 -9999 315.540283203125 -9999 316.041229248047 317.033905029297 316.874176025391 316.973358154297 316.678283691406 316.47998046875 316.646759033203 316.812805175781 316.785308837891 316.587615966797 316.557281494141 316.360626220703 316.368103027344 316.445068359375 316.969421386719 317.301574707031 317.308227539062 316.990875244141 316.803314208984 316.971618652344 317.140441894531 317.309844970703 317.479766845703 317.275543212891 316.821166992188 316.992614746094 317.164459228516 317.126129150391 316.464416503906 316.5078125 316.860717773438 316.770233154297 316.721710205078 316.549194335938 316.72265625
313.280792236328 314.0341796875 313.887023925781 313.557983398438 312.618103027344 312.159149169922 312.22314453125 313.153656005859 314.870788574219 315.543701171875 316.074401855469 -9999 -9999 315.786102294922 315.627410888672 316.477783203125 316.841186523438 317.201538085938 317.008392333984 317.354370117188 317.373260498047 317.25048828125 316.883422851562 316.226898193359 316.564636230469 316.526824951172 316.866516113281 316.976776123047 317.036926269531 316.686157226562 317.382019042969 317.551452636719 317.357727050781 316.891571044922 317.062347412109 317.233581542969 317.405334472656 317.577545166016 317.586395263672 317.274505615234 316.720031738281 316.484008789062 316.619659423828 316.794494628906 316.969543457031 317.144714355469 317.319976806641 317.495269775391 317.278717041016 316.621429443359
313.720489501953 314.611053466797 314.498657226562 313.521301269531 312.818969726562 313.291229248047 313.361877441406 313.856719970703 315.176177978516 315.690399169922 -9999 -9999 -9999 315.97509765625 316.006561279297 316.487548828125 316.816558837891 317.142791748047 317.022857666016 317.372222900391 317.355743408203 316.972412109375 316.471893310547 -9999 316.519256591797 316.593536376953 317.085479736328 317.182861328125 316.839935302734 316.236572265625 317.419097900391 317.589904785156 317.397979736328 316.932708740234 317.104736328125 317.0712890625 316.89013671875 317.271179199219 317.797424316406 317.386657714844 316.419342041016 316.486511230469 316.672332763672 316.848175048828 317.024200439453 317.200347900391 317.376556396484 317.552764892578 317.115631103516 316.389984130859
313.93017578125 314.221130371094 314.665130615234 314.277801513672 313.826354980469 314.088470458984 314.450286865234 314.623931884766 315.730163574219 315.888763427734 -9999 -9999 -9999 316.127105712891 316.312164306641 316.495483398438 316.677032470703 317.042358398438 317.402465820312 317.199798583984 316.856384277344 316.393157958984 315.909301757812 316.081634521484 316.253540039062 316.580718994141 316.68994140625 316.212249755859 316.225799560547 316.308715820312 317.454132080078 317.626342773438 317.638519287109 317.326721191406 316.940734863281 316.803253173828 317.052917480469 317.183349609375 317.281982421875 316.918792724609 316.194030761719 316.370178222656 316.723297119141 316.900207519531 317.077239990234 317.254425048828 317.431610107422 317.608795166016 317.227294921875 316.477722167969
314.094696044922 313.735443115234 314.241851806641 314.440155029297 314.498992919922 314.564117431641 315.141174316406 315.337799072266 315.799499511719 316.047149658203 -9999 -9999 315.942657470703 316.130645751953 316.316955566406 316.501586914062 316.6845703125 317.015686035156 317.156158447266 316.696685791016 316.578125 316.600463867188 316.291198730469 316.102142333984 316.275695800781 316.448913574219 316.465698242188 316.154266357422 316.164489746094 316.854583740234 -9999 317.459838867188 317.479125976562 317.442169189453 316.463897705078 316.520629882812 316.974792480469 316.987213134766 316.886352539062 316.899078369141 316.591003417969 316.417236328125 316.772583007812 316.950561523438 317.128662109375 317.306884765625 317.485076904297 317.443298339844 317.105072021484 316.8505859375
313.809631347656 313.589691162109 313.959899902344 314.368682861328 314.185791015625 314.698577880859 315.582336425781 315.779846191406 315.691375732422 315.670227050781 315.560607910156 315.932586669922 316.315338134766 316.132476806641 316.320007324219 316.505920410156 316.690307617188 316.873168945312 316.718139648438 316.413726806641 316.591674804688 316.578979492188 316.428283691406 316.482879638672 316.295837402344 316.470703125 316.645294189453 316.858459472656 317.065612792969 317.168670654297 317.518096923828 317.533508300781 317.5859375 317.722747802734 316.929107666016 316.601379394531 316.926727294922 316.750549316406 316.928039550781 317.105895996094 317.119842529297 316.813201904297 316.820159912109 316.999237060547 317.178436279297 317.357727050781 317.536987304688 317.548583984375 317.242340087891 317.074066162109
313.342407226562 313.295867919922 313.9169921875 314.113189697266 313.79736328125 314.517272949219 315.022491455078 315.396453857422 315.4716796875 315.363342285156 315.557708740234 315.896453857422 316.243713378906 316.132659912109 316.321350097656 316.508575439453 316.694305419922 316.693603515625 316.358459472656 316.423767089844 316.603302001953 316.439361572266 316.113616943359 316.429260253906 316.313995361328 316.490447998047 316.666625976562 317.194671630859 -9999 317.194671630859 317.547088623047 -9999 317.900390625 318.077484130859 317.525939941406 316.594268798828 316.889709472656 316.789123535156 316.967895507812 317.147003173828 317.326385498047 317.341522216797 317.215942382812 317.046264648438 317.226593017578 317.406951904297 317.587280273438 317.767547607422 317.559875488281 317.127471923828
313.127227783203 312.854888916016 313.042419433594 312.894348144531 313.480987548828 314.367645263672 314.567108154297 315.083801269531 315.161590576172 315.357971191406 315.55322265625 315.926910400391 316.491943359375 316.501861572266 316.321105957031 316.509552001953 316.696594238281 316.547546386719 316.066680908203 316.431976318359 316.613098144531 316.640228271484 316.525909423828 316.513885498047 316.330200195312 316.508239746094 316.68603515625 -9999 317.687957763672 317.218719482422 317.574127197266 317.752105712891 -9999 317.906890869141 317.205047607422 316.466674804688 316.646118164062 316.825866699219 317.005920410156 317.186279296875 317.366943359375 317.547821044922 317.532409667969 317.091583251953 317.273071289062 317.238616943359 317.287567138672 317.817321777344 317.611511230469 317.179351806641
312.322204589844 312.439270019531 311.891448974609 312.0595703125 313.849487304688 314.357055664062 314.557189941406 315.07470703125 315.153869628906 315.351043701172 315.547149658203 316.067626953125 316.755340576172 316.429168701172 316.319213867188 316.508911132812 316.697235107422 316.549652099609 316.070098876953 316.438385009766 316.621063232422 316.802886962891 317.174011230469 317.563079833984 317.259002685547 316.884796142578 316.703460693359 -9999 317.708831787109 317.240814208984 317.599212646484 317.778625488281 317.958282470703 317.776214599609 317.157440185547 316.852996826172 316.679656982422 316.860717773438 317.042114257812 317.223754882812 317.405700683594 317.587829589844 317.787628173828 317.698272705078 317.667327880859 317.334320068359 317.198333740234 317.299560546875 317.313720703125 317.229736328125
311.323669433594 311.144500732422 310.374328613281 310.821411132812 313.385314941406 314.344940185547 314.720550537109 315.440551757812 315.144622802734 315.342620849609 315.539611816406 315.881500244141 316.412353515625 316.493835449219 316.315765380859 316.506652832031 316.696258544922 316.550079345703 316.257263183594 316.443054199219 316.627227783203 316.810607910156 316.957214355469 317.070007324219 317.096160888672 316.829406738281 316.912445068359 317.415740966797 317.369079589844 317.457244873047 317.622344970703 317.803253173828 317.7841796875 317.448913574219 317.347290039062 317.164672851562 316.711334228516 316.893768310547 317.076477050781 317.259429931641 317.442657470703 317.626068115234 317.993377685547 317.964508056641 317.631958007812 317.544860839844 317.346221923828 316.912170410156 317.095520019531 317.278564453125
311.570037841797 310.441558837891 308.902404785156 309.523712158203 312.757232666016 314.331420898438 314.849639892578 315.73388671875 315.133941650391 315.332733154297 315.530578613281 315.727355957031 316.250122070312 316.788940429688 316.310791015625 -9999 316.693725585938 316.733306884766 316.588836669922 316.446044921875 316.631683349609 316.816558837891 316.846954345703 316.736694335938 316.728668212891 316.742462158203 317.248687744141 317.204864501953 317.097076416016 317.436920166016 318.000549316406 317.627105712891 317.293090820312 317.191314697266 317.374328613281 317.193603515625 316.741149902344 316.924957275391 317.109008789062 317.293304443359 317.477844238281 317.662536621094 318.032379150391 317.840209960938 317.402526855469 317.373168945312 317.041717529297 316.957183837891 317.141693115234 317.325866699219
311.995727539062 310.919555664062 309.846160888672 310.6826171875 312.747985839844 314.316497802734 314.660766601562 315.344482421875 315.121826171875 315.321411132812 315.520111083984 315.717803955078 316.241577148438 316.781372070312 316.304321289062 316.49755859375 316.689636230469 -9999 316.734619140625 316.447326660156 316.634460449219 -9999 317.006469726562 317.191558837891 317.030151367188 316.715972900391 317.035583496094 316.928253173828 317.111938476562 317.099884033203 -9999 317.489105224609 317.030822753906 317.215026855469 317.399475097656 317.423065185547 317.326385498047 317.307708740234 317.139709472656 317.325378417969 317.51123046875 317.697235107422 318.069671630859 317.667816162109 316.879516601562 316.8994140625 316.814697265625 317.000610351562 317.186279296875 317.371612548828
312.146636962891 311.387603759766 310.793792724609 312.620574951172 313.486968994141 314.300231933594 314.502990722656 315.023895263672 315.482116699219 315.308715820312 315.508239746094 315.706848144531 316.231567382812 316.772369384766 316.296417236328 316.490753173828 316.684020996094 316.876251220703 -9999 316.446990966797 316.635528564453 316.823303222656 317.010437011719 317.197052001953 317.037384033203 316.568969726562 316.754455566406 316.939758300781 317.124938964844 317.152465820312 -9999 317.508483886719 317.051239013672 317.236907958984 317.422790527344 317.608917236328 317.795257568359 317.819915771484 317.521697998047 317.355651855469 317.335845947266 317.378387451172 317.754211425781 317.541168212891 316.480438232422 316.667938232422 317.069641113281 317.607147216797 317.578216552734 317.415802001953
312.722564697266 312.238037109375 311.345306396484 312.995697021484 313.681884765625 313.947723388672 313.785247802734 314.814819335938 315.077331542969 315.279266357422 -9999 316.501617431641 316.51025390625 316.898040771484 316.577819824219 316.472839355469 316.668395996094 316.863006591797 316.721160888672 316.991943359375 316.996307373047 316.823394775391 317.013366699219 317.048492431641 316.752899169922 316.580627441406 316.769104003906 316.957336425781 317.1455078125 317.685852050781 -9999 316.898132324219 317.086547851562 317.275115966797 317.4638671875 317.65283203125 317.842041015625 318.031433105469 317.854858398438 317.043273925781 316.600738525391 316.997863769531 317.819793701172 318.361419677734 317.799896240234 316.741638183594 317.096862792969 317.391448974609 317.310485839844 317.499420166016
312.358215332031 312.765197753906 312.699279785156 313.179260253906 314.108276367188 314.275604248047 314.691772460938 315.202789306641 315.609771728516 315.634735107422 315.610656738281 315.969360351562 316.013488769531 316.367950439453 316.264129638672 316.461730957031 316.475524902344 316.304412841797 316.532684326172 317.436462402344 317.289459228516 316.820983886719 317.012359619141 317.203247070312 317.048675537109 316.583862304688 316.773773193359 316.963500976562 317.3466796875 -9999 -9999 316.911590576172 317.299499511719 317.647125244141 317.481689453125 317.672088623047 317.862701416016 318.053497314453 317.675262451172 316.715698242188 316.627014160156 316.981506347656 317.925537109375 318.393096923828 318.045013427734 317.338256835938 317.530181884766 317.508087158203 317.348693847656 317.538848876953
312.746887207031 313.091278076172 313.29345703125 313.266052246094 314.324798583984 314.364624023438 315.052337646484 315.632537841797 315.8642578125 315.549499511719 315.447387695312 315.649444580078 315.850677490234 316.051086425781 316.250610351562 316.449279785156 316.497131347656 316.393402099609 316.740631103516 317.243988037109 316.921020507812 316.816986083984 317.009735107422 317.201965332031 317.049041748047 316.585418701172 316.776733398438 316.967895507812 317.315887451172 317.797698974609 -9999 -9999 317.273834228516 317.592041015625 317.497680664062 317.689514160156 317.881561279297 317.871490478516 317.182586669922 316.458801269531 316.856689453125 317.402954101562 -9999 -9999 -9999 317.808654785156 318.001129150391 317.81494140625 317.385223388672 317.576690673828
