rcp4.5models/MPi_ESM_LR/sc1gr0.17
NCOLS 261 
NROWS 433 
XLLCORNER 336357.134 
YLLCORNER 654653.479 
CELLSIZE 1000 
NODATA_value -3.4e+38 
[rows 242 to 263 of 433, columns 147 to 195 of 261]
51.3887214660645 52.1098937988281 52.9641609191895 52.7695960998535 51.5402412414551 50.7799263000488 50.4712104797363 50.2791709899902 50.0139274597168 49.8020629882812 49.5677185058594 49.4821090698242 49.4471092224121 49.3625144958496 49.1278648376465 49.010612487793 49.0537223815918 49.1005096435547 49.037223815918 49.1017684936523 49.0984306335449 49.1215362548828 48.7918434143066 48.8441619873047 48.9344787597656 48.940071105957 49.1756477355957 49.1753616333008 49.2111854553223 49.3127403259277 49.2923622131348 49.1861038208008 49.0775871276855 48.9819145202637 48.8515777587891 48.8922500610352 49.0305976867676 49.1124458312988 -3.4e+38 -3.4e+38 48.8798217773438 48.6473388671875 48.6793518066406 48.795539855957 48.8595352172852 48.7164154052734 48.9753265380859 49.0334281921387 49.0759963989258
51.7016487121582 52.2572746276855 52.9658699035645 52.3361511230469 51.2951354980469 50.8217849731445 50.5959434509277 50.3195304870605 50.1950721740723 50.0535926818848 49.8149909973145 49.6464881896973 49.5044631958008 49.3544464111328 49.2736434936523 49.324535369873 49.257080078125 49.1924362182617 49.191276550293 49.3694229125977 49.2908401489258 49.2918853759766 49.2233505249023 49.2379684448242 49.1662063598633 49.2478523254395 49.4115524291992 49.4436531066895 49.4913215637207 49.6124420166016 49.5412292480469 49.4546279907227 49.4681739807129 49.1980133056641 49.2036590576172 49.4212875366211 49.409610748291 49.3423080444336 49.2192344665527 -3.4e+38 -3.4e+38 49.1268005371094 49.0921478271484 49.0866088867188 49.2773284912109 50.2379035949707 50.1354827880859 49.6205787658691 49.4511337280273
51.8498573303223 52.5256195068359 53.1496505737305 52.2652015686035 51.3868789672852 50.8333320617676 50.5844573974609 50.3081130981445 50.2077789306641 50.1353797912598 49.8817749023438 49.6908493041992 49.5780258178711 49.4566764831543 -3.4e+38 49.3388252258301 49.2899627685547 49.2673988342285 49.2975769042969 49.4118690490723 49.3349266052246 49.3977813720703 49.3286437988281 49.3775901794434 49.415111541748 49.3863487243652 49.5867156982422 49.7458419799805 50.0129318237305 50.0277481079102 49.894603729248 49.6716003417969 49.5238647460938 49.4034805297852 49.3792724609375 49.5600471496582 49.4653663635254 -3.4e+38 -3.4e+38 -3.4e+38 -3.4e+38 49.2934494018555 49.334228515625 49.301929473877 49.4111518859863 49.5270233154297 49.6691703796387 49.6193428039551 49.4021987915039
52.1384658813477 52.987907409668 53.4967269897461 52.3187026977539 51.4912796020508 50.9494514465332 50.7377967834473 50.4736862182617 50.2080078125 50.0845527648926 49.9024200439453 49.6413650512695 49.5808143615723 49.5284004211426 -3.4e+38 49.387077331543 49.3906211853027 49.3178787231445 49.3284797668457 49.4383392333984 49.4021034240723 49.4267845153809 49.4338455200195 49.6209869384766 49.6874618530273 49.5888786315918 49.7350273132324 50.2731475830078 51.1913299560547 50.8856048583984 50.3189430236816 49.9428939819336 49.7512550354004 49.6394958496094 49.653564453125 49.6668586730957 49.5049591064453 -3.4e+38 -3.4e+38 -3.4e+38 49.4209327697754 49.5113792419434 49.6606254577637 49.7222671508789 49.7900047302246 49.5577507019043 49.5543441772461 49.5936088562012 49.4986953735352
52.2917938232422 53.0462417602539 53.9463043212891 52.9754905700684 51.5864448547363 51.0295562744141 50.9195861816406 50.6680030822754 50.3788642883301 50.0855941772461 49.982666015625 49.6757507324219 49.5821342468262 49.6115417480469 49.4919395446777 49.417610168457 49.4047355651855 49.4167366027832 49.3754005432129 49.4156112670898 49.4978218078613 49.5069427490234 49.5292282104492 49.6982727050781 49.6428680419922 49.6852722167969 49.887752532959 50.4867858886719 51.271614074707 51.3009452819824 50.6002311706543 50.0204925537109 49.940502166748 49.6684379577637 49.7454833984375 49.7405548095703 49.6215209960938 -3.4e+38 -3.4e+38 -3.4e+38 -3.4e+38 49.6201438903809 50.294994354248 50.9556922912598 49.8766708374023 49.7022438049316 49.5648002624512 49.4818649291992 49.4446105957031
52.3231201171875 52.9003601074219 53.5951766967773 52.6175117492676 51.5099258422852 51.0680999755859 50.8860511779785 50.7193450927734 50.5132675170898 -3.4e+38 50.0926704406738 49.8728523254395 49.6952590942383 49.5851821899414 49.6074447631836 49.6079902648926 49.5217742919922 49.5421142578125 49.4274635314941 49.3654594421387 49.432071685791 49.5062408447266 49.5404663085938 49.7031784057617 49.6472015380859 49.8125228881836 50.1895866394043 50.3780059814453 50.4663200378418 50.7313537597656 50.4374008178711 50.1000862121582 49.9698677062988 49.5948066711426 49.7355499267578 49.782112121582 49.758861541748 49.8445014953613 -3.4e+38 -3.4e+38 -3.4e+38 -3.4e+38 50.1959838867188 50.7968063354492 49.7283973693848 49.8368721008301 49.6471824645996 49.4142227172852 49.3034591674805
52.4264335632324 52.7744750976562 52.9082374572754 52.001148223877 51.3794708251953 51.162670135498 50.8639144897461 50.7315521240234 50.6197395324707 50.4807281494141 50.2499313354492 50.1755599975586 49.8987693786621 49.7016716003418 49.7842864990234 49.7449684143066 49.6639060974121 49.6303253173828 49.505973815918 49.6040687561035 49.5549011230469 49.5574378967285 49.5354957580566 49.7196807861328 49.8147201538086 49.915771484375 50.1743431091309 50.2984886169434 50.3232002258301 50.4165725708008 50.4903259277344 50.4095420837402 50.1240577697754 49.7494010925293 49.7734069824219 -3.4e+38 49.8340644836426 -3.4e+38 -3.4e+38 -3.4e+38 49.8291015625 49.7912940979004 49.8022956848145 49.908748626709 49.7737426757812 49.7132110595703 49.7025947570801 49.5898895263672 49.3630180358887
52.5889625549316 53.0289459228516 53.4931602478027 52.7740325927734 51.496883392334 51.3340873718262 51.0013847351074 50.869987487793 50.7965316772461 50.5538864135742 50.4209403991699 50.177059173584 50.0503616333008 49.9482460021973 49.8721160888672 49.857536315918 49.8433837890625 49.7522964477539 49.5916175842285 49.7492904663086 49.7114677429199 49.7043800354004 49.7475166320801 49.9048385620117 49.9542503356934 -3.4e+38 -3.4e+38 50.256763458252 50.3573265075684 50.6525421142578 50.7882690429688 50.4972801208496 50.2340850830078 50.0693168640137 49.9114723205566 49.8859252929688 -3.4e+38 -3.4e+38 -3.4e+38 49.950798034668 50.0166397094727 50.0392951965332 50.0923461914062 50.0030937194824 49.8354072570801 49.6626396179199 49.7735404968262 49.7689018249512 49.4952354431152
52.854850769043 53.1926765441895 54.0949058532715 53.8219566345215 51.6104316711426 51.4720077514648 51.261474609375 51.1399269104004 51.0502662658691 50.6977691650391 50.5111312866211 50.2111434936523 50.163890838623 -3.4e+38 -3.4e+38 50.0495071411133 50.1066780090332 49.9610786437988 49.6635055541992 49.7511825561523 49.89501953125 49.8831214904785 49.9170112609863 50.0737075805664 50.1628456115723 50.0066680908203 -3.4e+38 -3.4e+38 50.4149360656738 50.7504119873047 50.8077697753906 50.6058349609375 50.6818008422852 50.1351013183594 49.9699974060059 50.0496978759766 -3.4e+38 -3.4e+38 -3.4e+38 50.2127380371094 50.2491035461426 50.4080085754395 50.5834579467773 50.377815246582 49.8664207458496 49.7183303833008 49.7433853149414 49.8918533325195 49.8930053710938
52.925121307373 52.9155502319336 53.750072479248 53.9514427185059 51.6624603271484 51.4783935546875 51.3797187805176 51.346248626709 51.2417984008789 50.8902854919434 50.728946685791 50.3823432922363 50.241340637207 -3.4e+38 50.0630989074707 50.1610450744629 50.2256507873535 50.1246566772461 49.8620491027832 49.9225044250488 50.027416229248 50.0934867858887 50.0219802856445 50.1638031005859 50.3568077087402 50.3017959594727 50.5020027160645 50.7708168029785 50.6342086791992 50.6873817443848 50.7704887390137 50.8199195861816 50.8372955322266 50.1461791992188 50.0633659362793 50.1120452880859 50.1708068847656 -3.4e+38 -3.4e+38 50.2302322387695 50.4529647827148 50.4098091125488 50.5885124206543 50.5868530273438 50.1137886047363 49.8810005187988 49.7150115966797 49.8712959289551 50.0863800048828
52.9550552368164 53.0974884033203 53.87158203125 54.1510467529297 52.4808883666992 51.728157043457 51.471248626709 51.3379402160645 51.172679901123 50.9921112060547 50.845703125 50.393482208252 50.3534278869629 -3.4e+38 50.2095069885254 50.2246017456055 50.2036933898926 50.2414627075195 50.1320533752441 50.1212463378906 50.1354560852051 50.1893882751465 50.2673950195312 50.3365058898926 50.573673248291 50.6709289550781 51.4373054504395 51.9537315368652 50.9769172668457 50.885799407959 50.9061660766602 50.7108764648438 50.5718955993652 50.2991523742676 50.2748107910156 50.2499885559082 50.2356376647949 50.2368774414062 50.2702102661133 -3.4e+38 50.3552436828613 50.3392562866211 50.6562347412109 50.8073844909668 50.4974517822266 50.1676177978516 49.8260917663574 49.7904663085938 49.9893951416016
53.3494415283203 53.307430267334 54.1483535766602 54.8205833435059 53.1498260498047 52.1872100830078 51.8242988586426 51.2989540100098 51.1373329162598 51.2038269042969 51.066291809082 50.5179252624512 50.4507904052734 -3.4e+38 50.3486976623535 50.3062477111816 50.2596740722656 50.2869529724121 50.2876281738281 50.2827758789062 50.2813148498535 50.2315979003906 50.4534492492676 50.4847450256348 50.787971496582 51.0820541381836 51.9745140075684 52.5667953491211 51.1125831604004 51.0930442810059 51.0961265563965 50.8354454040527 50.7018356323242 50.4738082885742 50.5352210998535 50.4445266723633 50.4364929199219 50.4031562805176 50.4236068725586 -3.4e+38 50.3462524414062 50.4156494140625 50.8745079040527 51.0995025634766 50.6718978881836 50.3527870178223 50.050724029541 49.8351860046387 49.9384765625
53.5216865539551 53.2977905273438 53.770149230957 54.2960662841797 52.9139137268066 52.1282043457031 51.8517799377441 51.3913955688477 51.1931381225586 51.2173118591309 51.1254463195801 50.7629356384277 50.6024742126465 -3.4e+38 50.5194091796875 50.5661888122559 50.4303894042969 50.3180122375488 50.4018707275391 50.4214782714844 50.4073905944824 50.4318313598633 50.6076393127441 50.7591247558594 50.908992767334 51.2266387939453 51.5213470458984 51.788761138916 51.1716651916504 51.3959808349609 51.5658111572266 51.3820762634277 50.9645347595215 50.6747856140137 50.7488479614258 50.5195808410645 50.5462989807129 50.5538063049316 50.5353050231934 -3.4e+38 50.6131744384766 50.6732215881348 50.8227996826172 50.8805198669434 50.7404594421387 50.4748458862305 50.2199516296387 50.0627021789551 49.947582244873
54.7639389038086 54.3591537475586 54.6239585876465 54.7740211486816 53.0012702941895 52.0744857788086 51.8040733337402 51.6934394836426 51.4866828918457 51.3940734863281 51.111629486084 50.8093948364258 50.7697257995605 50.7198104858398 50.661693572998 50.6192054748535 50.5423698425293 50.6425704956055 50.8027076721191 50.5078506469727 50.405200958252 50.5892601013184 50.8841361999512 50.9416236877441 51.0401725769043 51.2118301391602 50.9537162780762 51.1714973449707 51.4311599731445 51.5569915771484 51.7383689880371 51.573070526123 51.2212219238281 50.9604339599609 51.1306991577148 51.0768661499023 51.0519485473633 51.0508308410645 50.893970489502 50.6608505249023 50.7800216674805 50.9281997680664 50.7406806945801 50.7349014282227 50.8301467895508 50.5335311889648 50.455940246582 50.3149642944336 50.1403198242188
55.1911582946777 54.6929321289062 55.0699272155762 55.4457321166992 53.6137313842773 52.2805938720703 52.0252456665039 51.9631843566895 51.8357772827148 51.7205200195312 51.365650177002 51.0186233520508 50.9332084655762 -3.4e+38 50.6997833251953 50.7050247192383 50.6522254943848 50.7150917053223 50.9514465332031 50.7062683105469 50.5230941772461 50.666561126709 50.9393043518066 -3.4e+38 -3.4e+38 51.0014457702637 -3.4e+38 51.1964225769043 51.4643783569336 51.7630767822266 52.2646484375 51.8998832702637 51.4536285400391 51.0833053588867 51.2603797912598 51.2591247558594 51.1615180969238 51.0758361816406 50.8635177612305 50.8924331665039 50.9986267089844 51.0077629089355 50.721248626709 50.6826324462891 50.7596702575684 50.6102104187012 50.3907356262207 50.2644271850586 50.1774482727051
55.6515808105469 55.3272476196289 55.2269630432129 55.3467597961426 53.7122497558594 52.5689811706543 52.6161727905273 52.3662147521973 51.9447212219238 51.7343406677246 51.5597229003906 51.1401977539062 51.0868148803711 -3.4e+38 50.9253311157227 50.9323425292969 50.7475318908691 50.7468452453613 50.9986038208008 50.9654693603516 50.8134384155273 50.8547477722168 51.0165977478027 -3.4e+38 -3.4e+38 -3.4e+38 51.3384094238281 -3.4e+38 51.6692390441895 52.3648872375488 52.9764709472656 51.9567794799805 51.5473480224609 51.4621047973633 51.4181098937988 51.3446197509766 51.2018890380859 51.1692657470703 50.9482192993164 51.0547752380371 51.267147064209 51.2801628112793 51.0002326965332 50.7924575805664 50.6709136962891 50.6381301879883 50.394905090332 50.3200607299805 50.3545951843262
56.3349838256836 55.6989326477051 55.3923988342285 55.4308204650879 54.2024269104004 53.4623374938965 54.0644874572754 53.3328056335449 51.9918212890625 51.8694534301758 51.7277717590332 51.2379150390625 51.1326217651367 51.1394004821777 51.1052551269531 51.1363296508789 51.0782089233398 51.0453186035156 51.2337303161621 51.214241027832 51.0579795837402 51.0203819274902 51.167854309082 -3.4e+38 51.3330307006836 51.5205764770508 51.8114891052246 51.996955871582 52.0180397033691 52.9100685119629 53.7691612243652 51.7199859619141 51.640998840332 51.6506614685059 51.5673751831055 51.4675331115723 51.4003028869629 51.3854026794434 51.1083450317383 51.2375030517578 51.4072875976562 51.4377708435059 51.3061561584473 50.9635810852051 50.7612724304199 50.6599617004395 50.5943984985352 50.5425033569336 50.5625877380371
57.1404724121094 56.2618446350098 55.9359474182129 55.9194068908691 55.1035423278809 54.313606262207 54.5951194763184 53.909065246582 52.0751113891602 51.9569778442383 51.8493957519531 51.3758010864258 51.1779708862305 51.2505874633789 51.1747894287109 51.2337951660156 51.3137550354004 51.3010749816895 51.3364028930664 51.3133087158203 51.2183799743652 51.1781539916992 51.3803977966309 51.4474983215332 51.5916633605957 51.9679756164551 52.6396369934082 53.9194030761719 54.6924362182617 54.0436744689941 53.2154655456543 51.998218536377 51.8992729187012 51.7394409179688 51.7480659484863 51.5537986755371 51.4302406311035 51.3594131469727 51.2578620910645 51.4820785522461 51.5549011230469 51.3568000793457 51.2392807006836 50.9436531066895 50.7248001098633 50.8013877868652 50.8731422424316 50.6835517883301 50.7050857543945
58.3478202819824 57.4333419799805 56.627254486084 56.0742874145508 55.3565559387207 54.5252342224121 53.9621429443359 53.8243598937988 52.1277465820312 51.9442405700684 51.9449615478516 51.567928314209 51.3831901550293 51.3974304199219 51.264461517334 51.3782577514648 51.5386581420898 51.4013328552246 51.4383583068848 51.5605583190918 51.4703178405762 51.312873840332 -3.4e+38 -3.4e+38 -3.4e+38 52.5169563293457 54.0850448608398 55.9469032287598 55.9669227600098 53.6546096801758 52.4690933227539 52.3891372680664 52.2808837890625 51.9057960510254 51.7819900512695 51.5406913757324 51.4160270690918 51.5175399780273 51.458423614502 51.6127700805664 51.8130569458008 51.6058082580566 51.2682266235352 51.0220184326172 50.8631172180176 51.0710601806641 51.1242752075195 50.9672966003418 51.0352783203125
59.1658592224121 58.0780372619629 56.353889465332 55.0365295410156 54.4470176696777 54.1122093200684 53.8104019165039 53.6793212890625 52.3411865234375 52.3015785217285 52.2557067871094 51.8436126708984 51.6446533203125 -3.4e+38 51.4184455871582 51.6310043334961 51.9096412658691 51.730037689209 51.672550201416 51.6906509399414 51.5757942199707 51.4700546264648 -3.4e+38 -3.4e+38 -3.4e+38 52.6102180480957 54.0053749084473 54.4775619506836 53.5375099182129 52.3675003051758 52.5529327392578 52.5279884338379 52.3610496520996 52.0556755065918 51.8039741516113 51.6864242553711 51.6459197998047 51.7014503479004 51.6213302612305 51.762882232666 51.8692855834961 51.7865600585938 51.4618492126465 51.3030242919922 51.181526184082 51.3787956237793 51.5058517456055 51.3642044067383 51.2920417785645
58.5898284912109 57.3388748168945 55.5473670959473 54.8290557861328 54.7374038696289 54.205322265625 53.6773567199707 53.6102294921875 53.3344573974609 53.1662864685059 52.5013847351074 52.1112442016602 51.9145469665527 -3.4e+38 51.6454467773438 51.8529739379883 52.0431671142578 52.0116386413574 51.9069137573242 51.8719024658203 51.7203178405762 51.6132583618164 -3.4e+38 -3.4e+38 -3.4e+38 -3.4e+38 52.6064682006836 52.4073715209961 52.1882133483887 52.3675918579102 52.6005859375 52.6474800109863 52.4518013000488 52.2708892822266 52.0941352844238 52.025520324707 51.9678497314453 51.8770332336426 51.8251533508301 51.97900390625 51.8021202087402 51.9217681884766 51.9774284362793 51.62939453125 51.4008102416992 51.656494140625 51.9120674133301 51.6640167236328 51.5066184997559
57.9341812133789 56.3842697143555 55.5698547363281 56.221492767334 56.5392150878906 55.3857879638672 53.6024169921875 53.7172889709473 53.8780784606934 53.2528038024902 52.4487648010254 52.2098197937012 52.0120048522949 51.8111381530762 51.8039588928223 51.9895553588867 52.0830421447754 52.0768051147461 52.0339241027832 52.1845321655273 52.0698165893555 51.867130279541 -3.4e+38 -3.4e+38 -3.4e+38 52.1195335388184 52.2222023010254 52.3396148681641 52.4154739379883 52.523681640625 52.7420921325684 52.7951698303223 52.6697959899902 52.3400917053223 52.2982330322266 52.2468223571777 52.1035842895508 52.0089225769043 51.9738693237305 52.1802253723145 52.0472640991211 52.1275901794434 52.215934753418 51.7946586608887 51.4971313476562 51.8115158081055 52.0480880737305 52.0161933898926 51.8032989501953
