rcp4.5models/MPi_ESM_LR/sc1gr6.39
NCOLS 261 
NROWS 433 
XLLCORNER 336357.134 
YLLCORNER 654653.479 
CELLSIZE 1000 
NODATA_value -3.4e+38 
[rows 110 to 131 of 433, columns 147 to 195 of 261]
1626.01184082031 1631.65686035156 1635.65942382812 1640.06823730469 1645.86853027344 1650.017578125 1651.93896484375 1657.05773925781 1661.87683105469 1667.02258300781 1672.71643066406 1683.94189453125 1687.49365234375 1691.23498535156 1695.36254882812 1699.64709472656 1702.36145019531 1707.03857421875 1714.63500976562 1720.70373535156 1722.73571777344 1724.85095214844 1731.31701660156 -3.4e+38 -3.4e+38 1742.05712890625 1743.29455566406 -3.4e+38 -3.4e+38 -3.4e+38 -3.4e+38 -3.4e+38 -3.4e+38 -3.4e+38 -3.4e+38 -3.4e+38 -3.4e+38 -3.4e+38 -3.4e+38 -3.4e+38 -3.4e+38 -3.4e+38 -3.4e+38 -3.4e+38 -3.4e+38 -3.4e+38 -3.4e+38 -3.4e+38 -3.4e+38
1627.32421875 1632.83508300781 1637.42333984375 1641.76281738281 -3.4e+38 1651.75866699219 1656.55517578125 1662.16333007812 1667.52294921875 1672.97155761719 1677.19812011719 1689.37170410156 1693.09240722656 1696.76220703125 1701.19250488281 1705.31237792969 1707.73889160156 1712.39916992188 1719.74108886719 1725.93298339844 1727.18884277344 1730.44995117188 1735.32189941406 -3.4e+38 1744.18481445312 1746.66784667969 -3.4e+38 -3.4e+38 -3.4e+38 -3.4e+38 -3.4e+38 -3.4e+38 -3.4e+38 -3.4e+38 -3.4e+38 -3.4e+38 -3.4e+38 -3.4e+38 -3.4e+38 -3.4e+38 -3.4e+38 -3.4e+38 -3.4e+38 -3.4e+38 -3.4e+38 -3.4e+38 -3.4e+38 -3.4e+38 -3.4e+38
1632.96838378906 1637.34069824219 1641.86694335938 1646.84362792969 1653.29821777344 1657.505859375 1662.14013671875 1667.67919921875 1673.06066894531 1677.025390625 1680.81591796875 1692.7841796875 1695.42578125 -3.4e+38 1705.408203125 1709.88562011719 1713.81970214844 1717.74462890625 1724.41845703125 1730.16540527344 1732.74877929688 1735.64038085938 1739.626953125 1744.73596191406 1750.2275390625 1753.55261230469 1755.76098632812 1760.38073730469 -3.4e+38 -3.4e+38 -3.4e+38 -3.4e+38 -3.4e+38 -3.4e+38 -3.4e+38 -3.4e+38 -3.4e+38 -3.4e+38 -3.4e+38 -3.4e+38 -3.4e+38 -3.4e+38 -3.4e+38 -3.4e+38 -3.4e+38 -3.4e+38 -3.4e+38 -3.4e+38 -3.4e+38
1637.11840820312 1642.43298339844 1648.49609375 1653.53076171875 1658.51550292969 1661.48095703125 1666.9326171875 1672.89099121094 1677.36218261719 1682.04699707031 1687.52453613281 1698.091796875 1701.55603027344 1706.56408691406 1710.11804199219 1716.14880371094 1719.31372070312 1722.15808105469 1728.50695800781 1734.99340820312 1737.50891113281 1736.99047851562 1743.748046875 1747.96130371094 1753.67639160156 1757.94653320312 -3.4e+38 1761.35803222656 -3.4e+38 -3.4e+38 -3.4e+38 -3.4e+38 -3.4e+38 -3.4e+38 -3.4e+38 -3.4e+38 -3.4e+38 -3.4e+38 -3.4e+38 -3.4e+38 -3.4e+38 -3.4e+38 -3.4e+38 -3.4e+38 -3.4e+38 -3.4e+38 -3.4e+38 -3.4e+38 -3.4e+38
1641.55456542969 1648.06298828125 1652.38952636719 1655.44018554688 1660.16223144531 1665.322265625 1671.15673828125 1676.53747558594 1681.9765625 1687.13171386719 1693.30249023438 -3.4e+38 1707.29577636719 1712.7265625 1716.46276855469 1722.12829589844 1725.865234375 1728.61303710938 1733.31750488281 1738.58630371094 1741.11340332031 1741.8330078125 1748.88928222656 1754.27978515625 1757.70922851562 1759.72216796875 1761.37719726562 1764.71105957031 1768.01171875 -3.4e+38 -3.4e+38 -3.4e+38 -3.4e+38 -3.4e+38 -3.4e+38 -3.4e+38 -3.4e+38 -3.4e+38 -3.4e+38 -3.4e+38 -3.4e+38 -3.4e+38 -3.4e+38 -3.4e+38 -3.4e+38 -3.4e+38 -3.4e+38 -3.4e+38 -3.4e+38
1655.91003417969 1658.99450683594 1659.43872070312 1664.64611816406 1669.595703125 1675.26184082031 1682.71594238281 1689.89013671875 1695.48193359375 1700.91027832031 1708.06396484375 1714.41540527344 -3.4e+38 1724.56567382812 1727.81689453125 1732.89880371094 1737.92553710938 1741.06042480469 1742.03210449219 1746.13952636719 1751.22717285156 1755.02197265625 1762.69323730469 1763.48315429688 1765.12390136719 1768.70629882812 1771.43505859375 1774.33325195312 -3.4e+38 -3.4e+38 -3.4e+38 -3.4e+38 -3.4e+38 -3.4e+38 -3.4e+38 -3.4e+38 -3.4e+38 -3.4e+38 -3.4e+38 -3.4e+38 -3.4e+38 -3.4e+38 -3.4e+38 -3.4e+38 -3.4e+38 -3.4e+38 -3.4e+38 -3.4e+38 -3.4e+38
1654.58605957031 1659.81079101562 1662.35095214844 1668.23950195312 1674.50708007812 1682.14392089844 1689.7216796875 1696.92260742188 1703.12670898438 1710.42346191406 1715.57824707031 1723.23181152344 1728.33715820312 1730.91918945312 1734.09118652344 1736.15270996094 1740.47290039062 1746.04040527344 1750.57446289062 1753.38952636719 1757.30334472656 1761.25744628906 1766.13781738281 1767.42199707031 1768.68493652344 1772.458984375 1775.13305664062 1778.74914550781 1781.53588867188 -3.4e+38 -3.4e+38 -3.4e+38 -3.4e+38 -3.4e+38 -3.4e+38 -3.4e+38 -3.4e+38 -3.4e+38 -3.4e+38 -3.4e+38 -3.4e+38 -3.4e+38 -3.4e+38 -3.4e+38 -3.4e+38 -3.4e+38 -3.4e+38 -3.4e+38 -3.4e+38
1657.19860839844 1661.90283203125 1667.15075683594 1673.42846679688 1681.33276367188 1687.03369140625 1694.79626464844 1703.11059570312 1710.19946289062 1717.82568359375 1721.96130371094 1733.64904785156 1736.05603027344 1738.15795898438 1740.13647460938 1741.45178222656 1745.02978515625 1753.0771484375 1757.64526367188 1760.134765625 1763.8076171875 1767.77038574219 1769.72314453125 1771.85717773438 1773.27893066406 1776.32946777344 1778.61181640625 1782.41833496094 1784.42651367188 -3.4e+38 -3.4e+38 -3.4e+38 -3.4e+38 -3.4e+38 -3.4e+38 -3.4e+38 -3.4e+38 -3.4e+38 -3.4e+38 -3.4e+38 -3.4e+38 -3.4e+38 -3.4e+38 -3.4e+38 -3.4e+38 -3.4e+38 -3.4e+38 -3.4e+38 -3.4e+38
1662.13354492188 1665.94494628906 1672.12719726562 1679.75158691406 1688.9326171875 1691.23046875 1699.82348632812 1709.52551269531 1718.12841796875 1726.08447265625 1728.68395996094 1741.22595214844 1741.95300292969 1744.38317871094 1745.68054199219 1747.51184082031 1752.68347167969 1760.01684570312 1763.46447753906 1764.16223144531 1769.05249023438 1772.65783691406 1774.83093261719 1777.04870605469 1779.43322753906 1783.5400390625 1786.78796386719 1789.33898925781 1789.93005371094 -3.4e+38 -3.4e+38 -3.4e+38 -3.4e+38 -3.4e+38 -3.4e+38 -3.4e+38 -3.4e+38 -3.4e+38 -3.4e+38 -3.4e+38 -3.4e+38 -3.4e+38 -3.4e+38 -3.4e+38 -3.4e+38 -3.4e+38 -3.4e+38 -3.4e+38 -3.4e+38
1667.74475097656 1671.65991210938 1677.47644042969 1685.53100585938 1694.79504394531 1698.47644042969 1706.15417480469 1716.55078125 1725.7666015625 1733.04138183594 1735.0810546875 1745.15100097656 1745.19287109375 1746.26135253906 1749.77966308594 -3.4e+38 1757.49987792969 1764.78967285156 1769.412109375 1770.76538085938 1774.02221679688 1776.69128417969 1779.98718261719 1782.19604492188 1784.51501464844 1789.02026367188 1793.2001953125 1796.00427246094 1795.59094238281 -3.4e+38 -3.4e+38 -3.4e+38 1803.765625 -3.4e+38 -3.4e+38 -3.4e+38 -3.4e+38 -3.4e+38 -3.4e+38 -3.4e+38 -3.4e+38 -3.4e+38 -3.4e+38 -3.4e+38 -3.4e+38 -3.4e+38 -3.4e+38 -3.4e+38 -3.4e+38
1676.65771484375 1676.63256835938 1682.97692871094 1689.94665527344 1697.07299804688 1704.3857421875 1713.93225097656 1724.18530273438 1731.21691894531 1740.18115234375 1740.76611328125 1749.28308105469 1749.33776855469 1751.65844726562 1754.25146484375 1756.92224121094 1763.87707519531 1771.94030761719 1773.55773925781 1777.16906738281 1779.02136230469 1779.62426757812 1785.39587402344 1788.73364257812 1789.8447265625 1795.01184082031 1801.72131347656 1799.85705566406 1800.24035644531 1801.63940429688 1802.26354980469 1805.05187988281 1809.20874023438 1812.15234375 -3.4e+38 -3.4e+38 -3.4e+38 -3.4e+38 -3.4e+38 -3.4e+38 -3.4e+38 -3.4e+38 -3.4e+38 -3.4e+38 -3.4e+38 -3.4e+38 -3.4e+38 -3.4e+38 -3.4e+38
1683.71069335938 1683.92944335938 1688.86206054688 1695.26062011719 1701.30822753906 -3.4e+38 1718.95703125 1730.17944335938 1737.3056640625 1744.99243164062 1745.66296386719 1751.28283691406 1754.25183105469 1756.31774902344 1759.42163085938 1763.76525878906 -3.4e+38 1778.33703613281 1779.88830566406 1781.73913574219 1782.06762695312 1783.84973144531 1791.27294921875 1794.42724609375 1797.248046875 1803.06530761719 1808.04931640625 1804.96508789062 1807.0673828125 1809.08703613281 1808.14770507812 1810.54138183594 -3.4e+38 1815.93334960938 1817.75036621094 -3.4e+38 -3.4e+38 -3.4e+38 -3.4e+38 -3.4e+38 -3.4e+38 -3.4e+38 -3.4e+38 -3.4e+38 -3.4e+38 -3.4e+38 -3.4e+38 -3.4e+38 -3.4e+38
-3.4e+38 1689.66723632812 1694.11071777344 1701.65014648438 1707.62219238281 1714.6181640625 1723.6337890625 1733.08642578125 1742.52600097656 1751.22143554688 1752.06408691406 1754.97619628906 1758.12902832031 1763.23706054688 1765.98657226562 1770.45458984375 1775.91967773438 1783.23156738281 1785.35559082031 1785.97924804688 1786.39465332031 1789.03747558594 1796.82080078125 1799.59802246094 1803.16186523438 1808.986328125 1811.10864257812 1811.35607910156 1814.94641113281 1816.7490234375 1813.87170410156 1815.03637695312 1815.23010253906 -3.4e+38 1820.14538574219 1821.51257324219 -3.4e+38 -3.4e+38 -3.4e+38 -3.4e+38 -3.4e+38 -3.4e+38 -3.4e+38 -3.4e+38 -3.4e+38 -3.4e+38 -3.4e+38 -3.4e+38 -3.4e+38
1692.42150878906 1694.16296386719 1700.54638671875 1708.00695800781 1714.26574707031 1720.73571777344 1728.583984375 1734.54858398438 1747.27551269531 1759.16320800781 1758.99572753906 1760.3740234375 1764.13159179688 1769.98669433594 1774.51831054688 1779.34118652344 1784.10375976562 1788.97644042969 1790.693359375 1791.27233886719 1792.75073242188 1796.01843261719 1802.61633300781 1804.61303710938 1808.52075195312 1814.099609375 1815.05041503906 1817.24914550781 1820.35559082031 1819.64636230469 1819.03442382812 1820.54553222656 -3.4e+38 1824.26501464844 1824.76489257812 1826.71545410156 -3.4e+38 -3.4e+38 -3.4e+38 -3.4e+38 -3.4e+38 -3.4e+38 -3.4e+38 -3.4e+38 -3.4e+38 -3.4e+38 -3.4e+38 -3.4e+38 -3.4e+38
1693.23498535156 1699.3193359375 1706.0830078125 1711.35363769531 1718.96850585938 1725.21520996094 1732.88708496094 1740.48815917969 1751.44372558594 1763.58508300781 1763.31018066406 1768.40185546875 1773.1845703125 1775.62072753906 1782.85766601562 1789.236328125 1788.79235839844 1792.02526855469 1794.33508300781 1794.71643066406 1798.146484375 1801.69641113281 1808.99072265625 1810.52478027344 1813.42004394531 1819.45861816406 1822.7314453125 1825.63623046875 1826.66064453125 1824.66577148438 1826.25354003906 1825.1630859375 1826.48840332031 1830.02624511719 1829.53039550781 -3.4e+38 1835.19067382812 -3.4e+38 -3.4e+38 -3.4e+38 -3.4e+38 -3.4e+38 -3.4e+38 -3.4e+38 -3.4e+38 -3.4e+38 -3.4e+38 -3.4e+38 -3.4e+38
1699.72534179688 1705.97998046875 1712.2822265625 1714.92138671875 1721.94067382812 1728.81701660156 1737.20727539062 1748.93823242188 1756.84497070312 1765.12365722656 1765.81481933594 1777.91271972656 1782.23828125 1783.43505859375 1791.21362304688 1798.29418945312 1792.33666992188 1793.55053710938 1797.01599121094 1799.44470214844 1803.91369628906 1807.77941894531 1813.83374023438 1815.17700195312 1819.04772949219 1824.70288085938 1829.99475097656 1833.0029296875 1832.63989257812 1833.15637207031 1833.23754882812 1830.06127929688 1831.61572265625 1832.51489257812 1833.05932617188 1834.85595703125 1837.28674316406 1839.86547851562 -3.4e+38 -3.4e+38 -3.4e+38 -3.4e+38 -3.4e+38 -3.4e+38 -3.4e+38 -3.4e+38 -3.4e+38 -3.4e+38 -3.4e+38
1712.189453125 1717.98120117188 1725.4052734375 1728.73864746094 1734.73425292969 1739.8037109375 1747.30383300781 1754.69958496094 1759.02111816406 1764.73803710938 1771.15563964844 1789.42565917969 1794.49438476562 1797.47729492188 1808.82727050781 1811.17724609375 1804.17236328125 1804.98669433594 1807.18859863281 1810.05297851562 1815.93420410156 1820.97326660156 1825.11999511719 1826.53625488281 1831.58129882812 1839.77307128906 1843.64294433594 1846.72985839844 1846.55908203125 1845.84423828125 1842.92736816406 1842.12292480469 1842.89221191406 1843.119140625 1841.86181640625 -3.4e+38 1842.04333496094 1845.337890625 -3.4e+38 -3.4e+38 -3.4e+38 -3.4e+38 -3.4e+38 -3.4e+38 -3.4e+38 -3.4e+38 -3.4e+38 -3.4e+38 -3.4e+38
1718.92651367188 1725.76574707031 1733.29809570312 1736.21350097656 1739.658203125 1745.60131835938 1752.55053710938 1757.76806640625 1762.67065429688 1768.36645507812 1774.95288085938 1792.36767578125 1798.54443359375 1803.4873046875 1812.87268066406 1814.87573242188 1811.17370605469 1811.89086914062 1813.93664550781 1817.38037109375 1821.86108398438 1828.06140136719 1830.55114746094 1832.17492675781 1836.81799316406 1843.7353515625 1849.38171386719 1851.64404296875 1851.45568847656 1850.13110351562 1847.63098144531 1844.74572753906 1842.818359375 1845.41186523438 1845.8671875 -3.4e+38 -3.4e+38 1848.38513183594 1850.48071289062 -3.4e+38 -3.4e+38 -3.4e+38 -3.4e+38 -3.4e+38 -3.4e+38 -3.4e+38 -3.4e+38 -3.4e+38 -3.4e+38
1726.45446777344 1732.20922851562 1738.81774902344 1744.48095703125 1745.84753417969 1751.84741210938 1758.04260253906 1763.40014648438 1769.00170898438 1774.84838867188 1781.59936523438 1797.75122070312 1805.24658203125 1809.91198730469 1816.63073730469 1817.96960449219 1816.89294433594 1818.36767578125 1820.19799804688 1824.67529296875 1829.09729003906 1833.52917480469 1837.79309082031 1840.23706054688 1843.79443359375 1847.47766113281 1852.19836425781 1853.49853515625 1853.71801757812 1853.42956542969 1853.255859375 1851.79321289062 1849.08862304688 1848.4287109375 1848.0947265625 1848.35766601562 1849.05847167969 -3.4e+38 1854.09228515625 -3.4e+38 -3.4e+38 -3.4e+38 -3.4e+38 -3.4e+38 -3.4e+38 -3.4e+38 -3.4e+38 -3.4e+38 -3.4e+38
1734.63037109375 1738.38134765625 1743.82043457031 1750.9482421875 1753.79528808594 1757.7890625 1763.17529296875 1768.73046875 1776.89135742188 1779.71936035156 1788.61608886719 1804.80224609375 1814.38330078125 1818.33618164062 1821.65637207031 1821.71520996094 1820.89318847656 1824.47155761719 1828.80822753906 1831.64306640625 1834.94848632812 1839.00244140625 1845.10363769531 1848.34802246094 1851.65393066406 1852.88745117188 1856.24560546875 1858.05712890625 1857.63549804688 1856.57055664062 1855.06298828125 1855.39538574219 1855.08020019531 1850.8662109375 1850.32421875 1850.97900390625 -3.4e+38 -3.4e+38 1854.08215332031 1854.81384277344 -3.4e+38 -3.4e+38 -3.4e+38 -3.4e+38 -3.4e+38 -3.4e+38 -3.4e+38 -3.4e+38 -3.4e+38
1743.08764648438 1745.89038085938 1751.0859375 1755.98706054688 1759.29699707031 1763.0654296875 1768.18481445312 1776.01928710938 1783.08349609375 1786.04931640625 1794.62963867188 1812.85095214844 1822.13134765625 1829.32019042969 1829.30688476562 1827.22229003906 1826.64758300781 1830.20922851562 1834.67077636719 1838.14624023438 1841.84631347656 1847.27026367188 1857.0048828125 1859.3994140625 1858.78649902344 1858.88305664062 1860.86315917969 1863.31066894531 1862.54052734375 1859.98681640625 1857.75402832031 1857.99975585938 1856.7236328125 1854.89099121094 1853.38171386719 1854.24548339844 1855.01416015625 1855.40673828125 1856.95544433594 1859.208984375 -3.4e+38 -3.4e+38 -3.4e+38 -3.4e+38 -3.4e+38 -3.4e+38 -3.4e+38 -3.4e+38 -3.4e+38
1748.92236328125 1751.51501464844 1754.84802246094 1759.63745117188 1763.1162109375 1768.2177734375 1773.49340820312 1783.78247070312 1790.04052734375 1792.24401855469 1801.04541015625 1821.41198730469 1831.87890625 1832.98107910156 1831.99975585938 1832.41723632812 1833.69787597656 1837.09692382812 1840.31042480469 1844.17492675781 1848.80590820312 1855.42785644531 1868.79187011719 1870.62475585938 1865.44177246094 1864.228515625 1866.20190429688 1867.74328613281 1867.09985351562 1866.16540527344 1865.94787597656 1864.29809570312 1860.73645019531 1859.4736328125 1857.84985351562 1858.86328125 -3.4e+38 1860.64599609375 1862.38525390625 1863.6171875 1863.30871582031 -3.4e+38 -3.4e+38 -3.4e+38 -3.4e+38 -3.4e+38 -3.4e+38 -3.4e+38 -3.4e+38
