rcp4.5models/MPi_ESM_LR/sc1gr8.39
NCOLS 261 
NROWS 433 
XLLCORNER 336357.134 
YLLCORNER 654653.479 
CELLSIZE 1000 
NODATA_value -3.4e+38 
[rows 264 to 285 of 433, columns 49 to 97 of 261]
308.788116455078 314.497253417969 319.708404541016 322.897155761719 325.463104248047 328.504333496094 332.168914794922 340.721649169922 342.784210205078 345.787384033203 350.105590820312 353.498168945312 355.541534423828 359.357727050781 364.006713867188 368.464050292969 372.444915771484 373.828460693359 383.084625244141 386.012847900391 384.991394042969 386.298919677734 390.052947998047 392.851959228516 396.325561523438 402.328765869141 405.787017822266 401.822692871094 402.492034912109 410.42626953125 418.414001464844 426.148193359375 430.406066894531 433.037933349609 435.779327392578 441.063018798828 447.492065429688 453.574371337891 455.377197265625 458.842224121094 463.867279052734 474.388031005859 479.126312255859 485.163818359375 488.361633300781 489.899475097656 494.604949951172 497.268402099609 497.70947265625
312.479125976562 318.228759765625 323.9521484375 328.252593994141 331.6171875 334.376129150391 336.770477294922 347.388122558594 349.639801025391 350.548980712891 353.423980712891 358.103881835938 363.633361816406 366.730285644531 368.653228759766 372.828857421875 377.072326660156 379.302947998047 391.905303955078 393.552673339844 392.490997314453 393.235015869141 395.992767333984 400.136413574219 403.395812988281 408.658935546875 412.888671875 409.249664306641 406.945617675781 417.426666259766 421.982849121094 429.060485839844 436.452362060547 441.4541015625 444.712158203125 449.555694580078 456.702911376953 461.814392089844 463.489501953125 467.405700683594 473.445922851562 482.109466552734 487.862335205078 493.109375 496.923675537109 500.163330078125 503.279632568359 505.828918457031 508.597473144531
323.222930908203 327.810791015625 333.817260742188 338.415802001953 341.619018554688 344.706298828125 347.817596435547 359.616149902344 363.983947753906 368.183441162109 370.761474609375 370.395324707031 374.16796875 377.046478271484 380.391754150391 383.030487060547 386.362945556641 392.475555419922 401.846771240234 403.453491210938 404.160919189453 407.460784912109 407.154327392578 408.983276367188 416.525787353516 420.093872070312 417.802032470703 419.361358642578 419.244842529297 429.995330810547 437.519104003906 446.288482666016 452.385589599609 459.464508056641 467.167358398438 471.7265625 472.724182128906 478.394195556641 481.583770751953 484.751220703125 491.053802490234 497.789154052734 503.024475097656 509.763702392578 517.701477050781 524.070434570312 523.469787597656 522.248352050781 538.247680664062
328.457702636719 333.11474609375 337.870239257812 342.574005126953 346.607940673828 349.605560302734 352.445922851562 365.489715576172 368.887817382812 374.274230957031 380.119018554688 380.094818115234 385.496948242188 388.157196044922 388.543273925781 389.897857666016 392.521392822266 398.153686523438 406.233764648438 407.775054931641 411.149871826172 415.592926025391 415.233581542969 415.259674072266 424.928588867188 428.233703613281 420.577392578125 423.571807861328 425.077728271484 435.770660400391 447.210540771484 459.427001953125 462.812622070312 467.073944091797 473.327606201172 477.764587402344 480.674346923828 486.988952636719 491.134918212891 493.928527832031 499.498382568359 506.361663818359 510.51611328125 516.142211914062 522.584045410156 527.705810546875 529.836730957031 531.648559570312 544.669982910156
330.479553222656 335.190887451172 340.590545654297 347.065765380859 351.608642578125 353.724182128906 355.8369140625 372.589782714844 373.018951416016 377.330871582031 382.592102050781 386.477325439453 393.815704345703 398.825378417969 399.581787109375 398.801177978516 400.422027587891 403.3974609375 412.34375 415.664794921875 419.388061523438 421.671875 422.028625488281 422.108642578125 431.214813232422 435.374084472656 426.429260253906 429.193969726562 433.214569091797 444.907135009766 457.069274902344 476.521118164062 478.448181152344 471.761627197266 477.9892578125 479.999145507812 486.385986328125 493.063629150391 498.198181152344 503.787658691406 509.045135498047 517.195983886719 518.846740722656 522.82568359375 528.360595703125 534.737976074219 537.677612304688 540.844360351562 567.297485351562
332.444183349609 337.658660888672 344.917938232422 350.726043701172 354.225067138672 356.265197753906 359.184661865234 377.373809814453 377.879211425781 382.498718261719 386.787231445312 390.864440917969 396.978729248047 403.358978271484 408.125457763672 410.115173339844 409.914825439453 411.387420654297 421.478179931641 424.663726806641 426.355194091797 427.930908203125 427.802459716797 429.1767578125 437.423675537109 440.961486816406 434.217315673828 438.524780273438 444.554534912109 454.977020263672 464.706878662109 483.372924804688 483.917083740234 477.699371337891 483.571533203125 486.891571044922 492.489379882812 498.400756835938 506.279815673828 513.883422851562 518.115478515625 530.687805175781 533.917358398438 535.3125 542.069946289062 548.219848632812 550.9404296875 549.297973632812 571.885925292969
336.135101318359 340.949279785156 347.173187255859 353.231109619141 356.177307128906 360.301422119141 366.062622070312 380.000640869141 380.947479248047 386.225372314453 392.165130615234 394.84130859375 402.049743652344 409.219665527344 415.786865234375 422.563140869141 423.436950683594 421.363250732422 431.085601806641 433.929351806641 434.761474609375 435.331604003906 436.227783203125 436.763641357422 442.486511230469 446.115875244141 444.2451171875 448.696319580078 454.656463623047 461.629547119141 467.699188232422 480.369720458984 487.082183837891 487.136138916016 490.272766113281 494.885040283203 501.877593994141 508.848022460938 515.917724609375 521.537231445312 524.784851074219 545.217163085938 554.811584472656 554.80322265625 559.163879394531 561.674926757812 561.529357910156 560.207641601562 573.668884277344
336.244415283203 342.357482910156 349.223876953125 356.054138183594 359.261688232422 364.217590332031 372.783416748047 383.897003173828 385.766204833984 391.806304931641 398.016021728516 402.403930664062 408.86474609375 416.824249267578 424.050689697266 432.592620849609 438.921875 436.614685058594 440.498687744141 443.888885498047 444.793731689453 444.161285400391 443.923156738281 445.648315429688 450.765869140625 453.243286132812 453.629913330078 458.325897216797 464.528472900391 470.430969238281 474.259246826172 488.909027099609 507.362579345703 506.638427734375 506.653869628906 508.085479736328 511.55126953125 517.673400878906 522.632995605469 525.315185546875 528.143432617188 555.255981445312 567.005493164062 568.404541015625 566.991638183594 563.9814453125 564.67724609375 566.608276367188 577.378356933594
339.002716064453 344.335906982422 350.865539550781 356.515045166016 360.6904296875 367.429321289062 376.190948486328 386.641296386719 390.715148925781 397.858551025391 405.706268310547 412.535583496094 416.832336425781 422.423187255859 429.785186767578 438.017486572266 448.168640136719 451.918273925781 449.484985351562 449.721405029297 452.321228027344 454.501098632812 453.517395019531 454.107543945312 459.130004882812 461.682952880859 464.482513427734 470.349273681641 475.6845703125 484.309387207031 484.774017333984 503.365142822266 534.502746582031 539.542602539062 540.688842773438 538.506591796875 521.716003417969 526.19287109375 527.315307617188 529.797729492188 534.296142578125 566.563232421875 576.92724609375 577.341552734375 567.358947753906 563.240966796875 569.690551757812 576.406982421875 582.193603515625
343.145294189453 349.220642089844 353.859710693359 358.674499511719 363.827301025391 370.4912109375 377.410003662109 390.411743164062 398.408782958984 404.062530517578 411.342254638672 418.407775878906 422.827362060547 428.253662109375 437.576446533203 445.661956787109 456.429443359375 466.471038818359 458.760009765625 456.099548339844 461.125457763672 463.0625 463.714569091797 462.515441894531 465.918884277344 469.754211425781 476.811798095703 487.505798339844 495.493988037109 497.121643066406 499.545989990234 513.035705566406 549.404113769531 564.2578125 560.161682128906 560.87890625 537.199401855469 535.319519042969 534.001281738281 537.377319335938 544.5546875 564.82421875 574.455627441406 575.215881347656 575.940979003906 578.798522949219 575.204833984375 583.927978515625 589.879943847656
347.244964599609 355.436157226562 362.177185058594 366.931671142578 372.379730224609 378.473602294922 386.671997070312 398.384674072266 405.865997314453 412.200439453125 419.069641113281 425.155731201172 430.447967529297 437.597717285156 445.170013427734 453.915771484375 462.305816650391 466.1337890625 465.0146484375 465.324554443359 471.308044433594 472.673187255859 473.657318115234 473.882934570312 474.663360595703 480.076995849609 489.672637939453 502.498565673828 514.281799316406 509.288787841797 518.48828125 522.3408203125 544.7431640625 570.9833984375 566.687194824219 563.791320800781 550.367858886719 546.287231445312 543.426879882812 547.346740722656 553.846069335938 571.373291015625 579.479309082031 578.787048339844 584.933715820312 588.222045898438 583.463989257812 588.885498046875 593.650573730469
351.609558105469 359.656066894531 368.031402587891 374.560882568359 382.5302734375 391.818969726562 398.650146484375 405.784332275391 412.997192382812 420.169738769531 427.218872070312 433.760406494141 440.657684326172 446.217437744141 449.816925048828 456.51806640625 466.622619628906 473.767303466797 470.597320556641 477.032897949219 481.939636230469 482.050354003906 482.793426513672 483.62060546875 484.883544921875 489.949554443359 498.308563232422 507.520568847656 515.588134765625 517.597534179688 534.0634765625 541.010192871094 541.5009765625 563.655944824219 577.871032714844 579.441650390625 564.783203125 558.089721679688 554.41162109375 558.74267578125 565.881530761719 595.685485839844 596.152221679688 596.421325683594 597.969970703125 590.77197265625 595.517333984375 597.326171875 596.279968261719
355.177490234375 362.500854492188 370.891937255859 378.032012939453 385.73291015625 393.724975585938 398.562469482422 412.981140136719 419.80810546875 425.985107421875 432.749053955078 441.87744140625 449.160491943359 453.118103027344 457.00244140625 466.166748046875 476.874725341797 480.814483642578 476.647125244141 486.357696533203 492.729431152344 493.250091552734 492.597442626953 493.707305908203 498.854339599609 501.999725341797 506.735931396484 513.188537597656 517.878723144531 532.742309570312 559.514953613281 564.328430175781 547.072692871094 556.97998046875 581.960021972656 606.028503417969 596.899169921875 578.010803222656 563.800720214844 569.4931640625 577.065002441406 602.245910644531 603.584350585938 602.879028320312 603.471313476562 596.9248046875 603.136901855469 605.025146484375 603.319030761719
358.70263671875 365.391815185547 372.599670410156 379.393890380859 386.991180419922 395.117767333984 400.722625732422 415.745666503906 424.842864990234 431.190582275391 438.781829833984 449.397796630859 456.183685302734 461.155364990234 465.71728515625 471.912689208984 479.519836425781 482.683044433594 486.424591064453 497.492523193359 504.809356689453 503.521667480469 500.780883789062 503.50439453125 509.418579101562 514.915222167969 519.265991210938 527.4091796875 533.695861816406 548.136901855469 574.974853515625 577.568481445312 559.453125 559.659240722656 571.08642578125 589.009887695312 591.582275390625 582.837341308594 574.784851074219 579.15478515625 587.005004882812 607.744506835938 608.89990234375 607.258972167969 605.671936035156 605.618103027344 608.270874023438 613.019470214844 616.421325683594
369.636352539062 376.648498535156 383.477935791016 389.496032714844 396.212493896484 405.514099121094 413.908233642578 429.826263427734 439.534851074219 446.531219482422 455.355865478516 464.577484130859 471.173126220703 475.481719970703 478.843627929688 485.294555664062 491.27099609375 496.670257568359 507.749237060547 510.381195068359 514.770141601562 519.1953125 529.44677734375 539.013244628906 536.487548828125 537.687927246094 541.415771484375 548.740539550781 562.765197753906 573.926086425781 588.503051757812 594.008911132812 576.250610351562 577.418579101562 580.051208496094 584.587158203125 591.712951660156 596.711303710938 598.585510253906 603.706848144531 610.423278808594 621.175903320312 620.838989257812 622.808898925781 627.371154785156 631.460998535156 631.074279785156 636.168334960938 641.458068847656
372.477172851562 380.052764892578 387.473876953125 393.699371337891 400.8212890625 412.584289550781 422.536529541016 434.560089111328 443.238067626953 450.204040527344 459.516998291016 469.891448974609 475.400573730469 480.391021728516 486.677062988281 495.213775634766 501.312530517578 507.913452148438 519.516540527344 521.286804199219 524.863586425781 531.032165527344 546.485412597656 557.214050292969 553.666687011719 549.89892578125 553.165100097656 561.094177246094 571.816650390625 581.102905273438 583.783935546875 590.655456542969 589.909606933594 598.506042480469 600.514526367188 604.250305175781 611.317321777344 614.128845214844 612.024047851562 616.546142578125 627.79541015625 629.709655761719 634.0341796875 645.31982421875 644.173034667969 640.623168945312 643.234008789062 648.752014160156 655.205932617188
375.620666503906 384.283996582031 392.076721191406 400.147979736328 408.640899658203 419.388458251953 428.309906005859 440.336151123047 448.061676025391 456.076385498047 465.535888671875 474.577362060547 480.173889160156 486.508117675781 496.412048339844 511.105407714844 516.419860839844 518.715759277344 529.720458984375 532.928466796875 536.774230957031 543.400085449219 553.402038574219 565.109985351562 569.251281738281 565.894836425781 566.641357421875 574.268493652344 582.10546875 588.786499023438 587.320617675781 594.201538085938 608.816833496094 623.832946777344 631.390380859375 635.698425292969 638.169250488281 636.121215820312 628.971008300781 633.56689453125 638.111999511719 636.233947753906 637.267517089844 652.906005859375 658.890197753906 658.11669921875 660.115783691406 663.016479492188 669.518188476562
379.030181884766 387.167144775391 396.841705322266 406.446166992188 414.79345703125 424.601654052734 433.165252685547 448.515655517578 457.641967773438 464.521820068359 472.045745849609 480.355834960938 489.172668457031 498.651947021484 507.332305908203 521.337280273438 528.2373046875 527.372314453125 540.290405273438 546.208374023438 548.331115722656 553.482177734375 560.111633300781 569.160522460938 574.538208007812 581.84521484375 585.911804199219 586.426635742188 592.750793457031 598.059265136719 602.07080078125 612.655090332031 629.832458496094 640.507629394531 651.514404296875 652.990966796875 653.190795898438 648.195739746094 645.262145996094 646.681274414062 650.319396972656 638.436767578125 635.163818359375 648.69189453125 663.906066894531 667.718566894531 670.873352050781 677.108337402344 681.666625976562
385.418762207031 392.532958984375 398.539428710938 410.093048095703 420.931304931641 430.007659912109 439.044586181641 457.784484863281 466.07861328125 473.033294677734 478.305053710938 486.789367675781 503.120574951172 521.080932617188 527.496704101562 530.02685546875 534.768371582031 538.181884765625 552.007995605469 555.954772949219 565.112243652344 569.100463867188 569.690551757812 574.540283203125 584.447875976562 596.973205566406 598.194641113281 598.199462890625 600.629455566406 623.151977539062 636.686584472656 629.011779785156 636.612365722656 643.917358398438 659.802551269531 665.310791015625 667.310241699219 665.192016601562 664.979919433594 664.415893554688 669.652404785156 637.16015625 636.773132324219 645.649780273438 658.029663085938 668.786499023438 680.100158691406 687.604125976562 682.539794921875
389.723815917969 398.719055175781 403.682434082031 414.239562988281 425.690612792969 434.878509521484 443.614898681641 465.715759277344 473.273315429688 481.756011962891 485.991119384766 493.331756591797 510.711730957031 529.361999511719 538.356079101562 538.419921875 542.684143066406 548.607360839844 563.466857910156 573.495361328125 584.257080078125 587.93505859375 585.471557617188 585.354248046875 599.439575195312 611.200561523438 608.685424804688 609.24365234375 611.980773925781 643.567932128906 662.316772460938 643.512145996094 641.250610351562 650.130065917969 665.952514648438 678.160278320312 678.592956542969 677.943054199219 678.116638183594 671.444274902344 664.639038085938 641.491577148438 639.303161621094 640.913391113281 650.516845703125 675.398376464844 693.768249511719 691.089538574219 681.723937988281
395.877990722656 402.605407714844 408.763916015625 418.089447021484 428.190277099609 438.254028320312 448.369873046875 470.258087158203 480.915771484375 491.718048095703 499.732696533203 503.069244384766 512.873352050781 529.234497070312 541.282348632812 546.87841796875 551.389709472656 557.835083007812 571.655395507812 587.838623046875 594.377746582031 593.824462890625 594.666381835938 600.3974609375 608.938537597656 616.188232421875 617.77587890625 619.21533203125 627.283874511719 654.011413574219 669.477905273438 657.266723632812 652.426452636719 660.96435546875 674.10693359375 682.884399414062 681.775390625 676.122131347656 664.866027832031 661.465209960938 655.115539550781 645.911437988281 644.421752929688 642.873901367188 655.87353515625 687.360046386719 700.949890136719 689.96044921875 682.936584472656
401.789672851562 408.869262695312 415.279937744141 424.064239501953 432.915466308594 441.491729736328 451.381011962891 475.707824707031 488.931182861328 502.574371337891 511.697479248047 515.300659179688 522.060119628906 543.027526855469 567.198852539062 567.959533691406 564.9365234375 571.5859375 578.970642089844 596.156372070312 603.7431640625 600.325805664062 604.964904785156 613.118041992188 621.334167480469 628.155883789062 631.338317871094 636.325561523438 640.831726074219 664.890686035156 680.930969238281 671.9580078125 665.462219238281 676.255737304688 689.342468261719 684.795471191406 677.723327636719 683.99462890625 673.705688476562 659.648010253906 659.995849609375 648.413146972656 648.777648925781 652.157043457031 670.8505859375 698.861633300781 708.452697753906 694.859375 691.419311523438
