rcp4.5models/MPi_ESM_LR/sc1gr5.19
NCOLS 261 
NROWS 433 
XLLCORNER 336357.134 
YLLCORNER 654653.479 
CELLSIZE 1000 
NODATA_value -3.4e+38 
[rows 242 to 263 of 433, columns 98 to 146 of 261]
276.449432373047 279.149078369141 278.747497558594 277.860473632812 277.614074707031 277.471923828125 277.280059814453 -3.4e+38 276.258728027344 276.453125 276.128173828125 275.606750488281 275.314147949219 275.029388427734 274.260833740234 272.912811279297 267.756530761719 261.006713867188 259.950012207031 259.419311523438 258.890838623047 259.597045898438 261.221343994141 261.093994140625 260.419067382812 260.212066650391 267.606353759766 -3.4e+38 267.360046386719 267.302032470703 271.859497070312 271.206939697266 269.914001464844 270.90869140625 270.611145019531 269.384490966797 271.874145507812 268.201293945312 273.112945556641 274.532836914062 272.823181152344 267.131378173828 265.550018310547 273.409027099609 274.492095947266 275.500396728516 276.299499511719 276.560913085938 276.679595947266
273.217559814453 271.282623291016 276.657501220703 277.830200195312 277.570373535156 277.306945800781 276.374938964844 276.134765625 276.62646484375 276.499908447266 275.805969238281 275.393859863281 274.824615478516 274.016082763672 270.4189453125 268.844818115234 268.266632080078 260.086791992188 258.803863525391 258.177398681641 258.672332763672 259.653167724609 261.181610107422 260.962585449219 260.402801513672 262.487976074219 264.471740722656 267.391143798828 267.104888916016 264.947570800781 265.373596191406 260.045501708984 255.093536376953 255.542526245117 262.042633056641 269.305389404297 270.11572265625 263.014953613281 263.059631347656 273.068817138672 272.541015625 265.669921875 259.720031738281 267.395568847656 271.438781738281 275.031677246094 276.133331298828 276.300994873047 276.238311767578
271.058471679688 269.10595703125 276.517364501953 277.264801025391 275.950714111328 277.165954589844 276.112976074219 275.824401855469 276.161895751953 276.271179199219 275.444183349609 274.879425048828 274.122406005859 273.4228515625 267.937225341797 265.856048583984 266.297149658203 255.013061523438 251.910842895508 252.062454223633 258.278350830078 260.088897705078 261.091094970703 260.489501953125 260.825927734375 263.452606201172 266.81298828125 268.561676025391 266.89501953125 263.270050048828 261.717651367188 259.607788085938 253.816955566406 248.100784301758 254.845474243164 266.79296875 266.626495361328 260.768707275391 260.436737060547 272.675720214844 271.289031982422 264.679870605469 257.826904296875 263.690246582031 268.874877929688 274.118530273438 275.978607177734 276.286407470703 275.730010986328
268.169097900391 261.717437744141 278.002349853516 275.573883056641 274.227325439453 276.730621337891 275.587158203125 275.284637451172 275.728851318359 275.7109375 275.092864990234 274.9033203125 273.838531494141 272.948791503906 264.312072753906 264.741607666016 264.520721435547 247.856521606445 237.541381835938 240.380477905273 257.073150634766 260.112487792969 260.592926025391 259.290740966797 259.709625244141 263.255340576172 267.398284912109 267.732971191406 266.976623535156 263.833404541016 259.946746826172 255.336944580078 250.282623291016 245.115264892578 247.861022949219 257.753448486328 258.792297363281 258.636932373047 259.965728759766 268.702117919922 268.630126953125 263.861145019531 257.136047363281 260.408721923828 267.721923828125 272.536315917969 275.643280029297 276.239654541016 275.229125976562
270.435729980469 263.040924072266 277.743072509766 275.415130615234 275.072906494141 276.418060302734 275.298828125 275.0029296875 275.592102050781 275.672393798828 275.423522949219 275.048706054688 274.279937744141 273.159851074219 260.048461914062 262.717712402344 266.057525634766 249.565628051758 228.06672668457 231.088088989258 253.673522949219 258.584716796875 259.567962646484 257.454895019531 257.884399414062 262.729431152344 264.890045166016 265.617767333984 265.191986083984 261.023345947266 256.245971679688 246.490051269531 238.19499206543 235.974807739258 233.470428466797 236.726638793945 241.721771240234 254.622863769531 256.1171875 262.596527099609 266.94140625 264.286346435547 257.20458984375 258.855895996094 268.132598876953 273.382934570312 275.462158203125 276.05419921875 274.757293701172
275.555908203125 272.958526611328 277.558563232422 276.671966552734 276.182983398438 275.989135742188 275.349578857422 274.861877441406 275.40869140625 275.646087646484 275.970245361328 275.377593994141 274.203094482422 273.044342041016 261.230773925781 263.462310791016 266.770385742188 250.579467773438 230.595245361328 239.11213684082 255.50715637207 258.134429931641 258.484619140625 257.282958984375 258.668212890625 261.721893310547 262.468627929688 264.329650878906 264.336334228516 259.800689697266 253.757278442383 243.506729125977 235.505264282227 228.587615966797 220.037322998047 224.776733398438 233.265228271484 253.082260131836 256.029205322266 262.725219726562 266.453247070312 265.829071044922 258.35595703125 255.889938354492 266.05615234375 274.315002441406 275.227203369141 275.850982666016 274.841949462891
277.669860839844 277.3447265625 277.571105957031 277.311676025391 276.759429931641 276.024719238281 275.582336425781 275.235107421875 275.268585205078 275.604522705078 276.136688232422 275.391296386719 274.135894775391 273.240203857422 268.864685058594 269.184539794922 269.055297851562 254.853591918945 237.247528076172 247.547729492188 257.779113769531 259.350708007812 259.036071777344 258.659698486328 260.352203369141 260.837615966797 263.247528076172 265.179290771484 265.634307861328 262.049652099609 252.291687011719 238.439590454102 231.890762329102 223.252777099609 219.30647277832 230.184814453125 238.551895141602 257.233123779297 260.943725585938 263.582824707031 263.791595458984 264.2451171875 259.292633056641 254.280181884766 263.819061279297 272.991729736328 274.46630859375 275.613189697266 275.079284667969
276.193023681641 276.365631103516 277.575988769531 273.947601318359 276.973052978516 276.677978515625 276.18408203125 275.689727783203 275.111206054688 276.002227783203 276.093322753906 275.382598876953 274.974853515625 274.454925537109 272.661254882812 272.929321289062 271.845581054688 261.722717285156 243.811492919922 245.867294311523 256.298370361328 259.292205810547 259.280151367188 258.730102539062 260.016510009766 260.603332519531 264.387634277344 265.85302734375 265.807342529297 261.325592041016 249.55549621582 236.122024536133 230.819351196289 225.285873413086 225.77799987793 239.938446044922 249.662963867188 259.369171142578 259.079132080078 259.845977783203 258.614044189453 258.366760253906 257.467895507812 254.097381591797 262.778167724609 271.658081054688 274.474029541016 275.328308105469 274.668731689453
276.412200927734 274.805603027344 276.318389892578 269.849975585938 276.924041748047 277.002258300781 275.921783447266 274.982269287109 274.754974365234 275.870025634766 275.979675292969 275.595001220703 275.222473144531 274.698272705078 272.469696044922 271.755798339844 270.293029785156 263.169738769531 251.741958618164 252.198104858398 257.750701904297 258.677001953125 258.02490234375 258.929992675781 261.278106689453 262.325042724609 265.247222900391 264.519348144531 261.882843017578 258.5654296875 250.250122070312 241.811935424805 237.873657226562 231.68864440918 229.816421508789 244.701812744141 252.513336181641 256.524505615234 254.15705871582 256.449340820312 255.385955810547 253.946655273438 254.697937011719 251.928359985352 261.700225830078 271.292205810547 273.339660644531 274.541290283203 273.782928466797
278.038482666016 276.391174316406 276.791625976562 271.218414306641 276.296722412109 276.976440429688 275.623016357422 274.653594970703 275.413696289062 275.950866699219 276.0537109375 275.482757568359 274.355133056641 272.897674560547 273.495422363281 272.140594482422 269.78125 262.827362060547 256.826110839844 258.306732177734 259.225769042969 258.279418945312 256.289031982422 258.401611328125 260.950286865234 262.127044677734 264.411590576172 262.820495605469 256.284637451172 254.719100952148 250.981033325195 243.601638793945 235.800827026367 229.350799560547 231.315704345703 241.720626831055 243.817916870117 250.03125 248.552017211914 254.89892578125 254.242935180664 252.435256958008 253.387542724609 250.404769897461 260.592102050781 269.507598876953 270.256286621094 272.726806640625 272.873229980469
278.492828369141 278.264892578125 278.111297607422 274.825927734375 275.877563476562 277.10986328125 275.707672119141 274.807342529297 276.131408691406 276.270416259766 276.055541992188 275.517944335938 274.129486083984 271.678314208984 273.8935546875 272.849731445312 268.882629394531 261.910339355469 255.629043579102 257.614044189453 258.899444580078 257.489807128906 255.076995849609 256.960266113281 259.811798095703 260.605834960938 264.043273925781 262.280914306641 254.701126098633 251.274978637695 249.799514770508 242.719848632812 230.601989746094 223.174346923828 228.114395141602 232.312423706055 231.559768676758 242.894165039062 242.274429321289 250.592880249023 252.288619995117 252.809997558594 252.645233154297 250.862289428711 259.095947265625 267.087982177734 267.114044189453 270.569427490234 271.500518798828
278.443603515625 278.447723388672 278.332672119141 276.86376953125 276.576263427734 277.234130859375 276.074157714844 275.563171386719 276.395751953125 276.220458984375 275.712738037109 275.486694335938 274.552093505859 272.005584716797 272.759460449219 271.096374511719 264.579711914062 259.116455078125 254.974151611328 257.449676513672 258.883209228516 256.229705810547 252.693740844727 256.347381591797 259.917907714844 260.997131347656 262.881530761719 263.076843261719 258.489166259766 252.483856201172 250.517562866211 241.666625976562 232.11296081543 221.259658813477 221.582962036133 220.21745300293 219.517517089844 235.650054931641 238.008224487305 245.55078125 251.300994873047 252.576583862305 252.099517822266 253.575805664062 259.106811523438 268.601837158203 269.567657470703 271.454925537109 271.463134765625
278.347015380859 278.458404541016 278.225616455078 277.490417480469 276.978149414062 -3.4e+38 276.447265625 276.192199707031 276.372039794922 275.482025146484 274.918121337891 275.342254638672 274.870239257812 273.456604003906 271.625915527344 269.526092529297 262.607482910156 255.303726196289 255.946884155273 257.446075439453 259.132476806641 253.358749389648 245.808868408203 254.903030395508 260.492034912109 261.805328369141 262.496612548828 263.243347167969 261.316070556641 254.763442993164 252.411727905273 244.157241821289 240.453033447266 231.326812744141 225.423492431641 220.197570800781 217.109191894531 234.646484375 239.84211730957 248.162078857422 251.193725585938 250.05712890625 252.191757202148 259.733093261719 264.026428222656 270.352966308594 271.178070068359 272.103332519531 272.564544677734
278.176727294922 278.177459716797 277.971160888672 277.976226806641 277.355773925781 -3.4e+38 276.821258544922 276.511260986328 275.832244873047 274.398712158203 273.699920654297 274.002105712891 274.007415771484 274.337280273438 270.461029052734 267.330718994141 266.32177734375 257.752563476562 248.553359985352 252.74836730957 257.671905517578 255.546569824219 250.417358398438 256.021514892578 260.704711914062 261.449127197266 261.748962402344 260.179748535156 261.979370117188 261.361419677734 257.959136962891 252.886291503906 248.695404052734 241.097198486328 234.57585144043 223.505981445312 214.673202514648 231.760223388672 244.04035949707 242.627258300781 234.116348266602 243.198120117188 259.495056152344 266.256469726562 264.977111816406 255.917083740234 254.924011230469 263.143981933594 267.469268798828
277.772857666016 277.796905517578 277.725769042969 277.519378662109 277.117095947266 277.051544189453 276.765319824219 274.665252685547 273.020690917969 274.387786865234 272.935668945312 274.107238769531 274.196350097656 274.167449951172 270.143737792969 266.391754150391 266.687316894531 260.221496582031 249.61604309082 253.541976928711 257.915740966797 255.265441894531 250.243743896484 255.392501831055 260.685455322266 261.382171630859 260.616851806641 257.707061767578 260.158081054688 259.423065185547 255.909881591797 256.309722900391 249.5693359375 241.650909423828 234.58659362793 227.475448608398 218.108459472656 231.908981323242 241.754699707031 238.832763671875 238.425354003906 251.939575195312 264.375274658203 265.483551025391 260.353088378906 253.26692199707 252.960205078125 260.095703125 266.3388671875
276.876861572266 277.527526855469 277.710327148438 277.244323730469 277.190277099609 277.150970458984 276.781646728516 272.859710693359 269.720611572266 272.22265625 268.716857910156 272.249694824219 274.067199707031 273.226013183594 272.464965820312 268.944122314453 265.917266845703 259.100555419922 249.047592163086 252.608978271484 256.940795898438 254.465377807617 249.5498046875 255.119735717773 261.192443847656 262.292846679688 260.727416992188 257.609466552734 259.560821533203 259.672210693359 255.696701049805 253.806121826172 249.955535888672 244.153198242188 236.240570068359 229.970581054688 221.043304443359 230.102737426758 237.714416503906 236.062835693359 246.20751953125 261.531158447266 264.657928466797 256.700958251953 251.820755004883 248.159240722656 251.264266967773 259.344360351562 264.288970947266
276.745788574219 277.384124755859 277.582702636719 277.279266357422 277.193206787109 277.113555908203 276.755615234375 272.180877685547 265.095275878906 262.472534179688 259.862884521484 267.747894287109 273.546539306641 272.575744628906 271.096069335938 271.507507324219 265.686370849609 256.359344482422 244.161010742188 243.092041015625 249.636840820312 248.274459838867 241.925933837891 251.486038208008 261.514465332031 262.143646240234 259.543304443359 257.7724609375 259.810607910156 260.045867919922 254.292770385742 247.651062011719 246.471374511719 239.897583007812 228.369354248047 220.972503662109 216.194961547852 229.104721069336 234.309432983398 234.205383300781 245.147201538086 258.616333007812 257.092834472656 243.109191894531 239.063201904297 243.485397338867 250.924575805664 256.576080322266 259.112854003906
276.588043212891 276.85595703125 277.133483886719 277.271789550781 277.048095703125 276.635894775391 276.419036865234 273.8564453125 264.707275390625 252.315979003906 251.902282714844 265.164398193359 273.776794433594 273.014038085938 266.647399902344 267.421508789062 262.414855957031 256.211730957031 239.318099975586 227.974395751953 235.246032714844 237.386810302734 230.632934570312 246.409561157227 261.121337890625 261.977386474609 258.914428710938 257.741638183594 259.180786132812 257.781921386719 250.595825195312 243.462188720703 243.423187255859 236.348739624023 222.317779541016 209.628631591797 205.819366455078 225.530288696289 228.016357421875 236.256256103516 246.27734375 255.032012939453 251.119583129883 236.509811401367 231.672439575195 238.951812744141 242.392959594727 247.159973144531 252.821517944336
276.063140869141 276.188537597656 276.721252441406 277.264434814453 277.059234619141 276.539459228516 276.124938964844 274.56689453125 265.431365966797 250.274032592773 252.099136352539 266.493743896484 273.779754638672 273.5517578125 266.460815429688 262.834564208984 255.088455200195 252.286682128906 240.687286376953 228.375579833984 233.210708618164 234.763061523438 231.98908996582 248.358062744141 260.443298339844 261.189208984375 259.387298583984 256.9775390625 255.940475463867 255.405715942383 249.348892211914 238.571319580078 235.951156616211 231.687835693359 222.925674438477 207.168701171875 201.734100341797 218.513778686523 221.167282104492 232.919342041016 244.315139770508 254.070678710938 247.769729614258 234.41471862793 227.1796875 229.242248535156 231.831451416016 238.682373046875 245.6337890625
275.071197509766 275.395935058594 275.913696289062 276.995147705078 276.764007568359 276.49169921875 275.91455078125 274.127777099609 264.887359619141 252.651397705078 258.391510009766 270.328430175781 273.446685791016 273.465972900391 266.637756347656 261.029388427734 253.533966064453 246.632385253906 241.292617797852 236.397903442383 239.639511108398 241.378173828125 243.175216674805 256.152648925781 261.009735107422 261.149749755859 258.795257568359 254.583480834961 252.512649536133 252.567245483398 247.589096069336 234.131637573242 226.256332397461 224.064071655273 217.642547607422 205.286849975586 201.406295776367 208.421981811523 215.502883911133 230.766647338867 241.250289916992 249.164672851562 244.05354309082 228.551483154297 217.739013671875 215.956390380859 224.805847167969 236.919555664062 239.863220214844
274.624816894531 274.397247314453 275.009429931641 276.538330078125 276.222259521484 276.144439697266 275.825347900391 274.902923583984 268.652099609375 258.046264648438 261.042419433594 271.086303710938 272.254547119141 272.7373046875 262.73486328125 259.558929443359 253.772232055664 246.45588684082 241.826049804688 241.856597900391 246.617202758789 250.595687866211 252.203353881836 260.905487060547 261.950897216797 261.797210693359 257.929534912109 252.212158203125 250.970260620117 250.413467407227 245.22248840332 235.344619750977 222.504837036133 217.426620483398 213.105941772461 204.479782104492 199.112243652344 199.35725402832 214.052062988281 231.395278930664 233.741638183594 238.148056030273 240.67317199707 227.17204284668 214.586090087891 208.78450012207 216.698760986328 229.869674682617 239.001327514648
272.140930175781 273.131774902344 275.293121337891 276.218505859375 275.893859863281 275.845092773438 275.715728759766 275.202239990234 273.045562744141 263.894226074219 257.909332275391 267.285400390625 272.362884521484 272.295654296875 254.731994628906 253.027603149414 249.654205322266 245.745178222656 244.921051025391 245.204116821289 248.941009521484 255.185073852539 258.421997070312 261.641815185547 261.876617431641 261.217620849609 258.976379394531 251.392517089844 247.244781494141 245.880645751953 241.548141479492 235.918365478516 224.175628662109 216.582275390625 217.03759765625 211.138046264648 201.65266418457 190.535339355469 207.805755615234 220.932556152344 220.656814575195 227.557968139648 232.818893432617 224.635406494141 217.485733032227 213.080139160156 219.420166015625 229.757659912109 243.764312744141
