rcp4.5models/MPi_ESM_LR/sc1gr4.16
NCOLS 261 
NROWS 433 
XLLCORNER 336357.134 
YLLCORNER 654653.479 
CELLSIZE 1000 
NODATA_value -3.4e+38 
[rows 330 to 351 of 433, columns 98 to 146 of 261]
242.207122802734 227.779098510742 220.295745849609 214.802703857422 211.437744140625 215.451477050781 206.459945678711 187.469619750977 176.763153076172 178.188018798828 179.397033691406 180.136795043945 181.736846923828 181.97802734375 -3.4e+38 -3.4e+38 190.18977355957 186.919891357422 191.27864074707 197.626907348633 -3.4e+38 -3.4e+38 197.695526123047 192.238845825195 189.761642456055 188.397842407227 179.598526000977 168.567169189453 167.934310913086 177.191192626953 179.293197631836 177.046340942383 175.418670654297 175.425033569336 177.647369384766 179.201309204102 178.400588989258 179.456283569336 181.241348266602 179.644180297852 174.958969116211 168.576293945312 161.199584960938 155.638168334961 155.389755249023 160.363037109375 161.829818725586 161.150497436523 177.727722167969
251.815933227539 236.164489746094 222.714080810547 208.868865966797 198.582168579102 205.04020690918 206.026473999023 192.309921264648 179.166717529297 172.925628662109 170.249359130859 170.928604125977 175.706405639648 176.970367431641 194.722869873047 -3.4e+38 196.122955322266 193.762756347656 192.332870483398 190.571701049805 192.229553222656 196.806045532227 198.676544189453 197.899673461914 194.280166625977 189.954788208008 182.269195556641 173.996780395508 168.104553222656 166.429763793945 168.753387451172 171.37907409668 170.355117797852 172.603897094727 176.17546081543 178.008941650391 176.498748779297 175.114395141602 175.147598266602 176.117431640625 175.973983764648 170.85530090332 164.73503112793 156.745910644531 150.738647460938 153.332778930664 157.548919677734 158.158828735352 181.147613525391
256.972869873047 249.11735534668 237.345840454102 215.541748046875 200.802856445312 198.687240600586 198.877502441406 193.45637512207 183.754379272461 171.455749511719 166.493789672852 170.044387817383 178.558898925781 184.170959472656 195.316284179688 199.417068481445 -3.4e+38 -3.4e+38 195.604614257812 191.11653137207 187.57470703125 189.646835327148 195.461120605469 199.725570678711 198.515045166016 193.122268676758 186.296447753906 181.342956542969 174.701721191406 164.286514282227 160.471984863281 166.38117980957 169.483184814453 172.378677368164 175.126831054688 177.771514892578 177.374694824219 174.246032714844 171.036682128906 169.243606567383 168.859756469727 165.655517578125 160.601501464844 153.995620727539 148.061889648438 147.588851928711 152.078353881836 156.685134887695 176.643280029297
252.403305053711 252.633117675781 244.034591674805 216.782913208008 207.118804931641 200.299377441406 195.12043762207 192.386016845703 185.429336547852 174.709625244141 172.917343139648 180.126876831055 187.863250732422 191.361587524414 -3.4e+38 -3.4e+38 -3.4e+38 -3.4e+38 195.102432250977 193.339111328125 190.058395385742 187.80012512207 189.820404052734 194.677383422852 197.343414306641 194.625411987305 188.120483398438 185.319412231445 180.379196166992 172.862884521484 165.541564941406 166.004043579102 171.80126953125 174.737716674805 175.236312866211 175.329788208008 175.45588684082 172.592651367188 168.185104370117 163.830215454102 159.961669921875 157.979827880859 155.067077636719 151.11408996582 148.010604858398 147.440124511719 150.958862304688 158.761764526367 168.622467041016
243.724273681641 247.479187011719 242.961395263672 210.448806762695 200.509674072266 197.657745361328 193.890609741211 189.559387207031 181.894729614258 172.189407348633 171.202087402344 178.256820678711 183.218276977539 186.518890380859 192.293914794922 199.304962158203 -3.4e+38 -3.4e+38 195.543182373047 193.406723022461 191.597732543945 189.629699707031 188.056427001953 188.101577758789 190.946334838867 192.003479003906 189.760665893555 188.758850097656 186.273635864258 181.618637084961 175.851928710938 172.153564453125 174.431457519531 176.45133972168 175.384185791016 173.335372924805 172.955047607422 168.634674072266 162.703369140625 158.48356628418 152.915298461914 149.875747680664 151.819198608398 150.781204223633 149.061965942383 148.881423950195 150.237014770508 154.361557006836 167.379196166992
231.98112487793 237.181976318359 239.101852416992 223.445007324219 209.667465209961 202.995101928711 198.02165222168 186.551254272461 175.340805053711 166.661926269531 165.653793334961 170.685424804688 172.419525146484 176.231201171875 190.492919921875 198.34309387207 197.390045166016 195.98469543457 194.30224609375 191.936981201172 190.951461791992 190.603454589844 188.950790405273 185.596221923828 184.320083618164 185.052352905273 187.942794799805 188.751708984375 189.931289672852 188.570449829102 184.334686279297 178.772125244141 175.5908203125 173.749572753906 173.90690612793 172.862518310547 170.086334228516 164.874694824219 157.672119140625 151.759506225586 148.514236450195 147.092697143555 149.567733764648 149.831741333008 149.41716003418 149.328231811523 148.81120300293 149.04704284668 160.919708251953
234.239303588867 238.886581420898 246.310638427734 249.249145507812 245.657867431641 237.159927368164 219.845443725586 205.508728027344 188.106796264648 171.333389282227 172.314590454102 174.173080444336 177.273132324219 180.932861328125 184.785369873047 185.002197265625 179.895950317383 169.242492675781 167.654815673828 177.227798461914 184.986968994141 187.578155517578 189.020309448242 187.97868347168 184.636505126953 178.453338623047 175.783599853516 180.334503173828 184.411743164062 187.233200073242 187.929809570312 186.432601928711 182.285675048828 175.457626342773 171.346038818359 169.172821044922 164.477035522461 154.337646484375 151.482315063477 147.172302246094 146.537368774414 149.015411376953 150.527313232422 150.524795532227 151.362670898438 151.305206298828 154.811279296875 159.395843505859 176.010528564453
245.427169799805 250.359802246094 255.060836791992 255.716094970703 253.077346801758 245.165023803711 230.01481628418 217.354888916016 196.202667236328 175.22444152832 174.385589599609 173.375640869141 175.17204284668 177.838668823242 174.571716308594 173.040267944336 171.828216552734 166.928192138672 163.712356567383 172.355667114258 184.843444824219 187.462738037109 186.785781860352 186.661193847656 186.618194580078 180.900344848633 170.918960571289 174.372940063477 178.173645019531 182.000076293945 183.84651184082 183.473403930664 182.618911743164 179.274368286133 176.928085327148 174.732528686523 168.687057495117 154.757064819336 153.83772277832 151.769424438477 149.550033569336 150.456985473633 153.231521606445 158.338745117188 159.925872802734 159.217132568359 170.965393066406 181.814819335938 197.382781982422
253.375534057617 259.025787353516 260.841522216797 261.572326660156 259.153228759766 252.63542175293 241.629806518555 226.559631347656 204.100601196289 189.148391723633 184.79508972168 178.559860229492 176.968246459961 177.035827636719 171.162811279297 166.104873657227 166.846099853516 165.945617675781 164.361190795898 171.396636962891 182.317459106445 183.842315673828 183.475479125977 183.785339355469 186.149749755859 182.695816040039 166.972061157227 165.94807434082 169.929397583008 175.421569824219 178.653778076172 179.321624755859 179.813446044922 178.810653686523 177.519561767578 175.769790649414 171.215423583984 158.064224243164 152.702926635742 151.167388916016 152.34782409668 153.156188964844 162.788238525391 175.381195068359 170.150344848633 173.618942260742 192.396438598633 203.540420532227 215.425735473633
258.650970458984 264.329772949219 266.019287109375 265.869110107422 260.726287841797 256.919738769531 252.498596191406 239.968597412109 223.37532043457 211.882827758789 203.991470336914 196.870712280273 190.316024780273 187.685165405273 188.188949584961 176.485763549805 170.027694702148 169.05712890625 168.490982055664 168.891815185547 171.829010009766 173.116195678711 177.505767822266 181.302917480469 181.829360961914 179.374938964844 167.092712402344 161.8466796875 163.344039916992 168.254364013672 174.272338867188 178.028594970703 177.236221313477 175.982162475586 173.788299560547 171.035369873047 169.210876464844 162.632431030273 160.768310546875 160.774429321289 158.93489074707 165.671432495117 183.665878295898 189.636367797852 171.99153137207 175.820785522461 197.06005859375 208.706283569336 223.388412475586
259.915557861328 265.666168212891 268.684631347656 267.935760498047 259.668731689453 255.342636108398 255.324768066406 248.861663818359 239.430053710938 232.449691772461 225.253448486328 215.200531005859 206.053970336914 205.139556884766 204.686920166016 191.264068603516 183.239456176758 184.382339477539 183.905075073242 179.252914428711 176.487091064453 177.818664550781 179.670516967773 181.93115234375 178.999145507812 175.57795715332 166.875137329102 162.842346191406 163.114044189453 168.115493774414 177.184799194336 180.485443115234 177.422775268555 175.372436523438 174.715850830078 175.090072631836 175.192169189453 174.530715942383 179.382751464844 177.391830444336 167.67448425293 177.867279052734 197.562072753906 190.419509887695 169.506378173828 174.969390869141 197.723373413086 209.271408081055 226.061065673828
257.716278076172 263.882507324219 268.697540283203 270.093322753906 262.987945556641 257.415252685547 256.097869873047 251.55046081543 246.259628295898 243.109161376953 237.303146362305 227.541717529297 220.368576049805 217.984603881836 211.428344726562 199.214965820312 195.548690795898 199.469390869141 199.698455810547 197.03059387207 195.5888671875 193.639190673828 189.923156738281 187.173645019531 181.122665405273 175.468444824219 169.139358520508 174.070556640625 176.567932128906 174.012252807617 182.091217041016 188.438735961914 185.954788208008 183.202819824219 185.422348022461 188.349838256836 190.409454345703 194.111282348633 195.937942504883 187.782638549805 180.559219360352 192.224761962891 203.899475097656 188.133514404297 178.483978271484 195.430938720703 210.359634399414 218.89045715332 227.113265991211
253.927017211914 260.212554931641 268.149169921875 271.266967773438 266.896728515625 260.694091796875 256.177185058594 252.846923828125 250.22380065918 247.045150756836 241.670822143555 235.22282409668 229.251190185547 224.735046386719 216.82194519043 206.990997314453 202.818145751953 205.632843017578 208.382064819336 210.377975463867 211.541488647461 209.058410644531 205.96826171875 199.875091552734 190.993911743164 184.806976318359 182.721588134766 190.496047973633 192.749160766602 186.733200073242 191.455383300781 198.848587036133 199.057678222656 195.947006225586 195.381683349609 196.846435546875 201.331451416016 208.798568725586 208.589065551758 200.460021972656 200.857971191406 212.316909790039 211.00163269043 200.69563293457 203.636825561523 214.644485473633 220.030044555664 226.933731079102 233.134902954102
251.643936157227 253.839309692383 263.484252929688 270.125396728516 266.913452148438 260.302185058594 252.324005126953 249.455993652344 247.111892700195 244.637054443359 242.007537841797 238.337097167969 232.182006835938 226.792556762695 220.78288269043 215.065902709961 210.792999267578 208.844375610352 207.4609375 211.114837646484 219.048568725586 222.44416809082 221.421630859375 215.607757568359 208.070007324219 203.365158081055 198.412506103516 202.369186401367 207.227645874023 207.810684204102 207.040878295898 207.782821655273 207.464202880859 202.941314697266 198.517150878906 196.925506591797 199.664443969727 211.737289428711 218.737533569336 220.114883422852 221.360900878906 223.954238891602 219.327331542969 219.54833984375 223.195388793945 223.868209838867 227.404586791992 232.739105224609 239.148529052734
253.806884765625 250.258651733398 255.936431884766 269.959259033203 266.565246582031 257.611938476562 249.198547363281 246.930419921875 244.829513549805 241.038970947266 240.7529296875 241.475082397461 237.11491394043 232.732345581055 228.904876708984 223.923904418945 217.404571533203 212.192764282227 207.853591918945 207.135131835938 212.62353515625 218.099960327148 223.842758178711 226.764205932617 223.588195800781 219.094680786133 208.584594726562 213.091384887695 218.97395324707 221.930435180664 220.181686401367 219.16633605957 219.637130737305 214.76188659668 208.181243896484 206.084243774414 201.07014465332 204.038055419922 220.043823242188 231.898818969727 232.062561035156 230.485076904297 229.539138793945 230.504760742188 231.289199829102 232.318405151367 234.037231445312 237.675842285156 241.525451660156
258.283233642578 253.234344482422 254.820770263672 270.487762451172 264.548980712891 256.508941650391 252.333450317383 250.052261352539 248.874374389648 247.641403198242 249.247512817383 249.656616210938 246.21565246582 244.897994995117 240.825210571289 232.088272094727 224.165863037109 220.940277099609 218.645980834961 214.550186157227 210.19010925293 209.573867797852 214.873443603516 220.8623046875 227.342208862305 229.637451171875 222.954849243164 225.68359375 227.368850708008 229.457061767578 231.012390136719 231.98323059082 232.585098266602 229.880264282227 224.054107666016 220.234817504883 212.775009155273 207.522003173828 223.135192871094 233.848083496094 235.493682861328 234.924911499023 235.119155883789 235.46989440918 236.102310180664 237.18440246582 238.245864868164 241.1416015625 245.301742553711
261.829467773438 257.920471191406 262.304534912109 271.111907958984 266.749298095703 262.179718017578 259.744171142578 258.551818847656 258.393493652344 259.049957275391 261.13720703125 260.654663085938 257.845672607422 257.530303955078 251.63542175293 243.137130737305 237.942504882812 236.152526855469 232.095062255859 226.956024169922 221.922653198242 217.243789672852 214.931274414062 217.842239379883 227.481231689453 233.358261108398 234.242477416992 234.592330932617 234.938751220703 235.491073608398 236.261184692383 236.159729003906 234.046936035156 234.371170043945 235.276412963867 231.696273803711 229.246078491211 226.929916381836 232.822265625 237.010482788086 -3.4e+38 237.433120727539 237.082626342773 237.448776245117 237.834579467773 240.220092773438 242.709136962891 244.106964111328 244.124389648438
267.30908203125 263.262359619141 267.264526367188 267.846984863281 267.843872070312 267.017700195312 265.913360595703 266.058166503906 266.179168701172 266.328155517578 265.542114257812 264.084869384766 260.855895996094 256.490142822266 257.542633056641 254.435516357422 248.646926879883 243.346572875977 238.534713745117 234.640670776367 231.455688476562 225.500625610352 220.762344360352 222.73974609375 229.429000854492 233.832626342773 237.070709228516 237.251922607422 237.490692138672 237.535003662109 236.892547607422 235.107086181641 231.677536010742 231.431533813477 234.90315246582 236.416076660156 238.726715087891 239.5966796875 239.789443969727 240.896484375 239.592361450195 238.894470214844 238.965545654297 239.193542480469 238.181411743164 240.509216308594 243.221725463867 242.814865112305 241.038299560547
273.205169677734 273.084136962891 267.728851318359 253.731887817383 259.291046142578 263.370025634766 263.424072265625 263.2890625 264.835540771484 264.082885742188 259.978698730469 254.525802612305 247.077209472656 240.824554443359 246.579315185547 250.08642578125 248.069412231445 245.94059753418 245.670684814453 242.80419921875 233.664352416992 226.194534301758 217.133285522461 212.28662109375 217.601516723633 223.50032043457 227.595001220703 232.014633178711 235.668960571289 237.409362792969 238.298049926758 237.276504516602 236.951080322266 237.106216430664 236.614486694336 236.537872314453 237.489639282227 240.554016113281 240.897155761719 241.898162841797 -3.4e+38 -3.4e+38 243.105972290039 242.851608276367 242.067626953125 240.662857055664 241.115921020508 242.359466552734 239.978698730469
273.065582275391 273.307342529297 270.854522705078 256.675994873047 263.0185546875 266.610412597656 263.171813964844 260.167236328125 262.266021728516 263.078979492188 260.792205810547 256.336120605469 245.443084716797 239.283081054688 241.872222900391 242.070434570312 241.099426269531 239.375961303711 237.33122253418 235.685348510742 231.146713256836 226.065353393555 218.767211914062 213.135452270508 212.868515014648 214.19499206543 217.935806274414 224.146591186523 230.885803222656 235.540252685547 237.233261108398 237.452774047852 238.284652709961 238.916687011719 238.455993652344 237.630554199219 237.031326293945 239.583389282227 239.047012329102 238.455078125 240.107284545898 -3.4e+38 243.694793701172 244.202194213867 244.498107910156 243.610275268555 243.841171264648 246.090728759766 243.845367431641
272.321807861328 273.328155517578 273.369506835938 264.999206542969 266.021148681641 267.674652099609 265.385314941406 263.711151123047 264.672088623047 263.854187011719 261.663635253906 258.536376953125 252.075164794922 246.192596435547 233.78791809082 232.707397460938 234.815307617188 229.896911621094 224.078536987305 220.981796264648 217.304565429688 214.912948608398 214.972320556641 213.722152709961 209.452896118164 208.244598388672 216.135650634766 219.505798339844 226.299285888672 234.152557373047 235.913375854492 237.249710083008 239.167434692383 239.243118286133 239.396041870117 237.970794677734 236.262710571289 238.610931396484 237.478012084961 237.231216430664 239.364288330078 241.277236938477 -3.4e+38 243.679580688477 243.075759887695 241.980331420898 242.481384277344 245.63200378418 249.926544189453
270.340118408203 271.447998046875 272.432586669922 269.629608154297 264.923278808594 261.248809814453 261.718322753906 264.289367675781 265.456207275391 265.759979248047 263.190124511719 260.047027587891 259.708404541016 257.774078369141 238.802597045898 232.570083618164 233.324890136719 228.525726318359 223.706756591797 221.296585083008 212.970748901367 204.893905639648 202.182479858398 201.015243530273 197.573547363281 195.494995117188 209.297805786133 215.382034301758 223.6748046875 233.003662109375 237.282196044922 237.960189819336 239.008056640625 239.400283813477 240.086044311523 238.836410522461 237.629043579102 238.440338134766 236.849227905273 237.37451171875 239.112716674805 239.718795776367 -3.4e+38 -3.4e+38 -3.4e+38 238.289276123047 239.720031738281 243.757171630859 249.141677856445
