rcp4.5models/MPi_ESM_LR/sc1gr9.26
NCOLS 261 
NROWS 433 
XLLCORNER 336357.134 
YLLCORNER 654653.479 
CELLSIZE 1000 
NODATA_value -3.4e+38 
[rows 198 to 219 of 433, columns 98 to 146 of 261]
480.288452148438 480.725860595703 479.816711425781 482.0498046875 482.056640625 480.051239013672 478.855010986328 478.741821289062 476.983978271484 475.897369384766 475.178070068359 475.100646972656 474.131317138672 473.278686523438 471.077972412109 470.188842773438 467.147430419922 464.063323974609 460.79296875 457.090911865234 454.271148681641 450.367858886719 447.800384521484 444.884216308594 441.836334228516 436.675415039062 428.640228271484 424.824798583984 420.89404296875 416.103668212891 410.45361328125 406.556213378906 402.551055908203 398.494567871094 394.253021240234 390.111328125 384.623748779297 370.569427490234 366.8994140625 361.730438232422 356.695404052734 349.040588378906 339.578857421875 332.625 332.342468261719 325.113647460938 310.612762451172 310.138397216797 292.697235107422
484.275115966797 485.127075195312 484.609313964844 486.077789306641 486.481903076172 485.787841796875 484.556610107422 484.448486328125 482.170715332031 480.369354248047 479.349212646484 478.845794677734 477.234375 476.432586669922 475.216827392578 473.244659423828 470.329833984375 467.002746582031 464.078857421875 460.951599121094 457.640991210938 454.162475585938 450.782409667969 448.077056884766 446.054046630859 441.471496582031 434.002716064453 430.179138183594 425.858276367188 420.542572021484 415.220306396484 410.245300292969 406.712799072266 403.628479003906 399.492065429688 395.308746337891 388.9951171875 375.696044921875 372.404357910156 366.470550537109 361.371673583984 353.235412597656 342.49658203125 333.892425537109 330.941558837891 324.091247558594 313.147369384766 310.882171630859 294.040618896484
488.795745849609 489.563293457031 489.215728759766 -3.4e+38 489.983673095703 490.502624511719 489.785675048828 489.116241455078 487.968994140625 485.657745361328 483.702362060547 482.403778076172 481.307220458984 480.008331298828 478.035095214844 -3.4e+38 473.419799804688 -3.4e+38 467.059509277344 463.975616455078 461.031677246094 458.273193359375 454.165374755859 451.938201904297 449.304718017578 445.602661132812 437.897064208984 434.570281982422 430.894958496094 424.666351318359 419.170501708984 414.325561523438 410.551086425781 407.286254882812 403.214538574219 398.5341796875 391.647308349609 380.122924804688 376.200225830078 371.219543457031 366.140808105469 357.317260742188 345.127838134766 336.199951171875 330.299865722656 323.622406005859 315.015380859375 309.678314208984 295.926208496094
494.320556640625 494.914398193359 493.804718017578 493.493835449219 494.172637939453 493.9541015625 494.111938476562 493.547607421875 492.317596435547 490.345794677734 489.138458251953 487.091400146484 485.287719726562 483.412170410156 481.533508300781 -3.4e+38 -3.4e+38 -3.4e+38 -3.4e+38 467.389007568359 465.487670898438 462.51123046875 458.444885253906 455.720062255859 452.157165527344 448.969757080078 443.366668701172 439.099700927734 436.274261474609 429.703674316406 423.724761962891 419.560729980469 415.443359375 411.323425292969 407.088775634766 402.10009765625 395.140045166016 384.691650390625 380.328063964844 375.637664794922 370.046722412109 362.614440917969 350.849456787109 340.035675048828 332.647613525391 325.958374023438 317.680328369141 312.111358642578 299.626342773438
498.790130615234 500.850860595703 499.216094970703 497.737609863281 498.49169921875 498.527435302734 498.818298339844 497.921234130859 496.922271728516 495.068420410156 493.875274658203 492.520355224609 489.987243652344 488.1396484375 -3.4e+38 -3.4e+38 -3.4e+38 -3.4e+38 474.947967529297 -3.4e+38 469.376922607422 465.963134765625 462.345001220703 458.761535644531 455.573944091797 453.249450683594 447.714538574219 443.986511230469 440.180297851562 434.142456054688 -3.4e+38 424.886749267578 421.087982177734 417.479431152344 412.263366699219 407.266235351562 400.300476074219 388.762084960938 385.377044677734 380.655853271484 374.988861083984 368.051971435547 357.069671630859 344.345764160156 335.822021484375 328.610595703125 322.817901611328 320.153106689453 305.136138916016
501.916076660156 504.275390625 504.886138916016 502.524475097656 503.479125976562 503.894897460938 503.234313964844 503.098236083984 502.760131835938 500.534332275391 498.503753662109 496.891693115234 494.313262939453 492.524139404297 490.612365722656 -3.4e+38 486.467559814453 -3.4e+38 -3.4e+38 476.377258300781 473.854125976562 471.008758544922 468.081634521484 463.322570800781 459.961578369141 457.033020019531 451.638488769531 449.337554931641 444.918701171875 439.649993896484 434.626770019531 430.846893310547 427.925415039062 423.664520263672 417.448883056641 412.408874511719 405.458099365234 392.963226318359 390.293731689453 385.8623046875 380.615814208984 372.971893310547 363.166717529297 352.249786376953 341.148651123047 333.223449707031 329.922668457031 330.871887207031 309.325561523438
504.774322509766 506.448059082031 508.048156738281 507.995147705078 507.748199462891 508.327117919922 508.391082763672 508.655303955078 507.123657226562 505.365325927734 504.056335449219 501.713470458984 499.21435546875 496.846435546875 494.748291015625 -3.4e+38 491.104766845703 487.083770751953 483.813903808594 480.981506347656 478.704010009766 476.53076171875 473.605255126953 469.165740966797 465.325531005859 461.521179199219 457.155212402344 455.065521240234 450.919189453125 445.868499755859 439.930725097656 436.178649902344 432.814147949219 428.598693847656 424.313110351562 418.715789794922 410.633483886719 397.723236083984 393.883270263672 389.337036132812 384.548919677734 377.801483154297 368.679779052734 358.744720458984 346.827362060547 338.655059814453 335.5927734375 337.141967773438 312.977233886719
509.427673339844 510.816955566406 512.184814453125 513.724426269531 512.714904785156 513.585083007812 513.822326660156 512.78271484375 511.024688720703 510.109375 508.599914550781 506.551361083984 505.181640625 502.517974853516 -3.4e+38 -3.4e+38 495.050384521484 492.687805175781 488.289245605469 484.907775878906 482.404968261719 481.069427490234 478.011138916016 473.905822753906 471.186950683594 467.670806884766 462.747711181641 460.997009277344 457.997375488281 452.964080810547 446.835693359375 442.642456054688 437.897674560547 433.01318359375 429.010192871094 422.349212646484 414.851196289062 402.603607177734 397.989379882812 393.417022705078 388.851226806641 383.098663330078 374.981536865234 367.207397460938 357.186218261719 343.373260498047 340.294891357422 338.258270263672 317.418090820312
513.615600585938 515.065368652344 516.4306640625 518.675476074219 518.795837402344 519.207641601562 518.024719238281 516.427429199219 516.347412109375 515.922058105469 513.501647949219 511.420074462891 509.621459960938 507.466033935547 -3.4e+38 -3.4e+38 -3.4e+38 497.122772216797 493.208984375 489.749572753906 486.589630126953 484.341979980469 481.510955810547 478.314483642578 475.504150390625 472.864166259766 471.536254882812 472.018920898438 465.513732910156 458.753631591797 454.137603759766 450.4013671875 444.565765380859 438.993286132812 432.725189208984 425.623260498047 419.269287109375 408.706268310547 403.257080078125 398.729431152344 394.122955322266 388.622802734375 381.393341064453 376.641082763672 369.506683349609 350.617614746094 346.713745117188 342.397583007812 328.425842285156
518.047668457031 518.696044921875 520.807922363281 522.261657714844 523.321594238281 523.894714355469 523.225891113281 521.80859375 521.976989746094 521.001708984375 519.683959960938 517.156188964844 514.583862304688 512.577331542969 508.922058105469 -3.4e+38 -3.4e+38 501.152252197266 499.065032958984 495.766357421875 492.091278076172 488.63671875 485.462493896484 482.416900634766 478.974853515625 477.421264648438 478.739288330078 482.550201416016 473.495666503906 465.037322998047 460.656555175781 456.253295898438 451.526947021484 445.208984375 438.161224365234 431.558837890625 426.180877685547 414.602294921875 409.214691162109 405.732604980469 399.133972167969 393.704711914062 386.478607177734 381.589965820312 374.335479736328 356.27490234375 355.092620849609 355.920745849609 341.193420410156
528.549499511719 528.935302734375 529.06787109375 531.225769042969 531.629455566406 532.268310546875 531.870300292969 532.260620117188 532.213684082031 533.481384277344 534.606811523438 530.016662597656 525.926513671875 523.767883300781 517.338195800781 516.392944335938 514.639404296875 510.758148193359 508.601226806641 505.332885742188 502.348999023438 497.905029296875 494.116790771484 490.723205566406 488.101257324219 486.255249023438 486.193237304688 486.905548095703 479.670074462891 472.562133789062 467.288818359375 464.407836914062 458.564758300781 452.064575195312 445.438812255859 440.124298095703 435.923614501953 425.781219482422 419.941101074219 415.032440185547 409.145812988281 401.820159912109 392.520324707031 384.337860107422 376.681549072266 375.250183105469 376.896179199219 368.386383056641 339.093597412109
534.01025390625 534.752380371094 534.214111328125 536.748840332031 537.969909667969 538.511108398438 -3.4e+38 537.234069824219 536.830017089844 538.733764648438 540.65625 535.234008789062 530.96533203125 528.678161621094 522.289184570312 520.873840332031 519.476379394531 515.670959472656 513.064331054688 510.1591796875 507.714538574219 503.966613769531 500.220855712891 496.360412597656 492.915283203125 490.419891357422 487.882171630859 488.571929931641 481.325012207031 474.622924804688 469.838836669922 466.651489257812 462.393920898438 455.113800048828 448.645202636719 444.093536376953 439.495635986328 429.764282226562 424.138000488281 419.454620361328 414.756011962891 407.821990966797 397.757690429688 390.806365966797 386.154266357422 386.603302001953 388.231689453125 374.069030761719 343.161499023438
538.488037109375 539.769775390625 540.385192871094 541.529602050781 543.099365234375 544.795349121094 543.8515625 542.073120117188 541.901550292969 543.322265625 545.235900878906 542.36767578125 535.788940429688 534.207458496094 528.268737792969 525.551513671875 523.740661621094 521.614318847656 518.153625488281 515.001586914062 512.877258300781 509.764617919922 505.348846435547 502.007293701172 497.473999023438 494.879547119141 492.864532470703 492.260589599609 483.3076171875 477.009674072266 473.414825439453 470.899444580078 465.437713623047 458.619323730469 452.532409667969 446.939849853516 442.303161621094 434.320861816406 429.558898925781 424.765960693359 419.512878417969 412.027008056641 402.689880371094 395.722808837891 391.141937255859 388.617706298828 382.176696777344 370.904541015625 349.369689941406
543.644226074219 545.340393066406 546.657409667969 546.690185546875 548.770446777344 551.601257324219 550.399536132812 547.346923828125 546.724853515625 549.039123535156 554.435424804688 552.75146484375 541.342712402344 540.525634765625 533.581420898438 531.549682617188 529.302978515625 528.469665527344 525.572509765625 520.937194824219 518.197814941406 516.120422363281 511.837066650391 507.814666748047 502.660247802734 500.511779785156 498.28515625 496.636749267578 486.961608886719 482.201995849609 -3.4e+38 475.159210205078 467.494476318359 462.42138671875 457.896514892578 451.363800048828 446.530090332031 439.789428710938 435.481262207031 431.239166259766 424.015716552734 415.651306152344 408.2099609375 402.021545410156 399.138244628906 391.825134277344 377.165100097656 369.206939697266 355.342041015625
549.465881347656 549.988525390625 551.4951171875 553.07080078125 -3.4e+38 556.696350097656 556.473876953125 553.453674316406 552.114013671875 554.386779785156 559.219970703125 556.127624511719 547.339721679688 545.414855957031 538.689636230469 536.8544921875 535.110595703125 533.655822753906 533.283935546875 530.847045898438 -3.4e+38 522.632629394531 518.316467285156 512.83837890625 509.312713623047 507.626678466797 502.948791503906 500.711334228516 491.4951171875 489.019226074219 484.267700195312 478.44384765625 471.581695556641 468.7568359375 465.122650146484 458.078002929688 452.211273193359 444.366424560547 440.904113769531 436.553070068359 429.126037597656 420.087982177734 413.777587890625 409.565368652344 409.941101074219 402.148284912109 381.362274169922 372.389556884766 359.231201171875
554.231872558594 555.145385742188 556.6171875 559.130981445312 559.668579101562 561.89892578125 562.695129394531 561.324951171875 558.270446777344 558.52587890625 561.544921875 559.869201660156 553.492614746094 550.236755371094 544.829711914062 542.468383789062 541.190002441406 538.755737304688 539.478698730469 539.125671386719 531.393981933594 527.867858886719 523.692626953125 516.68896484375 513.299072265625 511.032623291016 504.663116455078 500.816101074219 495.078735351562 492.839996337891 487.561157226562 482.159759521484 476.436126708984 473.976898193359 470.001159667969 465.003356933594 459.484893798828 448.684997558594 444.584838867188 440.121673583984 434.964416503906 426.444244384766 421.028198242188 420.228820800781 420.010528564453 412.178283691406 389.018280029297 378.305847167969 363.195983886719
559.202514648438 559.796997070312 561.457702636719 564.501159667969 566.513793945312 568.14453125 568.146850585938 567.623840332031 564.494140625 563.431335449219 565.256042480469 564.464111328125 558.443054199219 555.251525878906 550.218688964844 549.011352539062 547.675964355469 544.722229003906 543.296813964844 542.208435058594 536.765014648438 531.849914550781 528.597839355469 521.773681640625 517.626037597656 513.838684082031 506.573577880859 503.589904785156 500.071563720703 495.811065673828 491.846649169922 485.722442626953 481.116607666016 478.258697509766 473.733581542969 469.656036376953 464.748626708984 454.915832519531 448.908966064453 444.280212402344 439.240509033203 431.579284667969 426.375427246094 429.681976318359 435.223663330078 421.486663818359 394.652252197266 384.844024658203 368.731872558594
565.386169433594 567.862731933594 -3.4e+38 570.117797851562 573.047058105469 575.362915039062 574.938903808594 573.406005859375 571.070922851562 569.180358886719 569.118286132812 568.886840820312 563.506103515625 559.863647460938 555.46728515625 553.950256347656 553.1708984375 550.939147949219 547.754943847656 545.054077148438 540.876831054688 537.0673828125 534.166687011719 528.162536621094 523.938232421875 519.706604003906 511.464294433594 508.090911865234 503.964782714844 499.057922363281 494.960052490234 489.333404541016 485.386169433594 482.55224609375 477.769317626953 472.875213623047 468.788299560547 460.401336669922 454.561859130859 449.539855957031 443.480346679688 436.212799072266 430.701965332031 434.625701904297 449.786285400391 435.521392822266 397.380096435547 390.076751708984 374.610198974609
572.651000976562 575.0771484375 573.40380859375 576.584899902344 578.449584960938 580.728759765625 581.295104980469 580.353393554688 577.917358398438 575.634216308594 574.6357421875 574.056091308594 568.593994140625 565.686462402344 561.853881835938 559.342590332031 558.387817382812 555.977905273438 552.971252441406 550.342590332031 546.559936523438 542.5751953125 537.92138671875 532.974975585938 528.761047363281 524.957092285156 517.348022460938 512.734436035156 508.211120605469 503.662200927734 498.953094482422 494.696685791016 -3.4e+38 -3.4e+38 482.385894775391 478.455169677734 476.345458984375 468.397277832031 460.185394287109 455.099517822266 449.046112060547 442.636596679688 438.876129150391 443.077178955078 454.997314453125 436.086090087891 404.778717041016 396.635009765625 380.306213378906
577.690002441406 579.392150878906 580.237487792969 581.61279296875 582.959167480469 584.335571289062 585.43408203125 586.116088867188 584.406005859375 581.295593261719 580.984741210938 580.123779296875 575.595336914062 571.923645019531 568.492370605469 565.476135253906 564.10693359375 563.093627929688 559.324462890625 555.829772949219 552.600402832031 547.218872070312 542.290771484375 538.184326171875 533.893798828125 530.474304199219 522.126037597656 518.019409179688 514.39599609375 509.813507080078 505.567474365234 501.747741699219 -3.4e+38 492.291473388672 488.329467773438 485.665496826172 489.068420410156 473.686553955078 465.761444091797 460.654266357422 455.252380371094 449.712890625 446.212829589844 449.730865478516 453.778778076172 430.364288330078 411.051879882812 402.871856689453 385.807525634766
582.707885742188 583.419738769531 585.102844238281 587.050964355469 589.070617675781 591.697998046875 592.350646972656 591.525024414062 589.804504394531 587.384887695312 587.850219726562 587.940002441406 584.827026367188 578.41943359375 573.572265625 570.282531738281 568.978515625 569.545959472656 565.352722167969 561.572448730469 558.84326171875 552.905212402344 548.812866210938 544.662902832031 540.375244140625 536.897644042969 528.286071777344 523.435668945312 520.625732421875 515.898620605469 511.64013671875 507.326232910156 -3.4e+38 497.326568603516 494.300476074219 498.134704589844 508.458679199219 476.376708984375 470.148681640625 465.444946289062 463.332275390625 460.923950195312 452.377502441406 453.026458740234 457.694946289062 437.935485839844 415.597625732422 408.137420654297 390.946655273438
589.072814941406 588.898193359375 590.580627441406 593.909484863281 595.399353027344 596.429870605469 597.201049804688 596.940124511719 595.984252929688 594.463195800781 594.917907714844 595.750915527344 593.257446289062 584.92431640625 579.326110839844 575.980041503906 573.893371582031 573.914794921875 571.318725585938 567.808898925781 564.956298828125 560.13720703125 553.767883300781 -3.4e+38 545.848266601562 543.442626953125 535.556884765625 529.342407226562 525.928161621094 522.164489746094 517.392150878906 512.461547851562 507.114349365234 502.439117431641 505.062683105469 512.364990234375 506.288177490234 480.627532958984 474.620697021484 470.314331054688 470.832183837891 471.765350341797 461.722320556641 459.481170654297 459.194274902344 436.649261474609 421.572143554688 415.217224121094 395.48681640625
