rcp4.5models/MPi_ESM_LR/sc1gr1.26
NCOLS 261 
NROWS 433 
XLLCORNER 336357.134 
YLLCORNER 654653.479 
CELLSIZE 1000 
NODATA_value -3.4e+38 
[rows 110 to 131 of 433, columns 98 to 146 of 261]
54.8104248046875 54.372989654541 54.9137535095215 55.0506286621094 55.1672477722168 54.665210723877 55.0153388977051 54.9150123596191 55.1814384460449 55.4499244689941 55.2803382873535 55.4228515625 55.7582206726074 55.6108589172363 56.4730758666992 56.1621932983398 56.260009765625 56.1385231018066 56.1034202575684 56.4051055908203 56.5037384033203 56.5704231262207 56.3973999023438 56.5740356445312 56.9998054504395 56.9283714294434 56.7096405029297 57.2782173156738 57.0847206115723 56.957160949707 56.8081359863281 57.0438041687012 56.9306945800781 56.4654693603516 56.3716125488281 56.2276496887207 55.7518005371094 55.8302345275879 55.8222770690918 55.6217460632324 55.6843414306641 55.8220481872559 55.6889495849609 55.6279945373535 55.6615943908691 54.9769248962402 54.747200012207 54.9172859191895 54.1292304992676
54.5457763671875 54.5058479309082 54.5207252502441 54.600284576416 54.7507553100586 54.7318496704102 55.0193481445312 55.0811309814453 55.2212715148926 55.4822692871094 55.6419982910156 55.4445915222168 55.777286529541 55.9525299072266 56.1305122375488 56.4013290405273 56.6163864135742 56.212818145752 56.1972694396973 56.254955291748 56.6344947814941 56.8554039001465 56.6046028137207 56.6019821166992 57.0154190063477 56.965763092041 56.9138793945312 57.2695999145508 57.4884376525879 57.3438453674316 57.0675811767578 57.117488861084 57.1834106445312 56.7291870117188 56.2970085144043 56.1455993652344 55.8058967590332 55.7533302307129 55.9360694885254 56.0335235595703 55.993293762207 55.7496795654297 55.5780143737793 55.6593742370605 55.8098258972168 55.268482208252 54.7518730163574 54.8925476074219 54.4032249450684
54.491283416748 54.5233154296875 54.4791831970215 54.7534942626953 55.2011642456055 55.1916160583496 55.3300361633301 55.3517227172852 55.4060745239258 55.6523590087891 56.2101287841797 55.7655792236328 55.7904739379883 56.058349609375 55.8229217529297 -3.4e+38 56.5304336547852 56.5748329162598 56.3514709472656 56.3062629699707 56.4962005615234 56.6447639465332 56.949893951416 56.8029556274414 56.7587738037109 56.9310760498047 57.0127143859863 57.1768188476562 57.4867782592773 57.4716873168945 57.2556381225586 57.0952262878418 56.9662971496582 56.8040771484375 56.2517166137695 56.3879203796387 55.999137878418 55.9685745239258 56.0403099060059 56.0886001586914 56.1120910644531 55.6544952392578 55.4907836914062 55.6235694885254 55.5545883178711 54.9790077209473 55.0414390563965 54.9890937805176 54.5084800720215
54.607666015625 54.6850852966309 54.9353218078613 55.136646270752 55.5191535949707 55.2941436767578 55.4884605407715 55.6424522399902 55.5222244262695 55.7131042480469 56.1269416809082 56.1149406433105 56.0532112121582 56.0854339599609 55.9826622009277 56.1777648925781 56.437686920166 56.8478240966797 56.6910972595215 56.357780456543 56.2771415710449 56.6616554260254 57.2416801452637 56.9740676879883 56.7150192260742 56.908763885498 57.1136779785156 57.0452308654785 57.3677253723145 57.5753707885742 57.3550643920898 56.9531593322754 56.703125 56.8558120727539 56.6842079162598 56.6656303405762 56.4751510620117 -3.4e+38 -3.4e+38 -3.4e+38 -3.4e+38 55.9499740600586 55.5531845092773 55.393009185791 55.3065605163574 54.7860832214355 55.2672576904297 55.0552101135254 54.4452133178711
54.6456871032715 55.0162200927734 55.2151679992676 54.9808311462402 55.4529304504395 55.2320251464844 55.4696350097656 55.8059005737305 55.5618629455566 55.6057662963867 55.7561683654785 55.9237518310547 56.3829116821289 56.2210464477539 56.3371124267578 56.4314193725586 56.3307647705078 57.008617401123 56.8844718933105 56.4839401245117 56.3107986450195 56.564208984375 56.9372444152832 57.012825012207 56.8822326660156 56.7876815795898 57.334415435791 57.3208198547363 57.4020881652832 57.4468154907227 57.3758964538574 57.026496887207 57.0236282348633 56.7758750915527 57.0141639709473 56.4517593383789 -3.4e+38 -3.4e+38 -3.4e+38 -3.4e+38 -3.4e+38 55.9393882751465 55.6310958862305 55.3610458374023 55.2653465270996 55.0797805786133 55.2730979919434 55.1335372924805 54.8021545410156
54.8607711791992 55.085376739502 55.0430221557617 54.8440055847168 55.045539855957 55.384822845459 55.65087890625 55.8666343688965 56.0484352111816 56.1076812744141 55.9665603637695 56.3756370544434 56.3782043457031 56.3580665588379 56.4869956970215 56.6450386047363 56.7174034118652 56.5211563110352 56.5071144104004 56.7140769958496 56.593318939209 56.675838470459 57.0669288635254 57.0707015991211 56.9364318847656 56.927318572998 57.2603225708008 57.4748954772949 57.1084175109863 57.2860069274902 57.4999504089355 57.3421516418457 57.1356353759766 57.0473709106445 57.4238929748535 56.9483833312988 56.5926399230957 56.5468711853027 56.118968963623 56.1824531555176 56.1174736022949 56.0580253601074 55.7687683105469 55.6337699890137 55.6248588562012 55.2330932617188 55.4721527099609 55.5705299377441 54.6229095458984
54.7494239807129 54.9408302307129 55.0526924133301 55.4096870422363 55.4630661010742 55.9027366638184 55.9664611816406 55.7172966003418 55.8651123046875 56.0452308654785 56.1576461791992 56.7225379943848 56.5663185119629 56.6673126220703 56.4105110168457 56.7037315368652 56.795108795166 56.8420333862305 56.8249206542969 56.8655433654785 56.7842445373535 57.1409378051758 57.1177825927734 56.8055953979492 57.1630439758301 57.2212677001953 57.2009620666504 57.518424987793 57.2883262634277 57.2756233215332 57.4110641479492 57.3434600830078 57.0949859619141 57.4203033447266 57.3723907470703 56.9144096374512 56.5995483398438 56.7732772827148 56.3773536682129 56.3200721740723 56.0270462036133 56.1784973144531 55.8297958374023 55.3996772766113 55.4197769165039 55.117862701416 55.3130264282227 55.4222717285156 54.4153823852539
54.8930511474609 54.8127212524414 54.9557228088379 55.3729400634766 55.3704528808594 55.7790336608887 56.2638244628906 55.8607406616211 55.7228965759277 56.1169548034668 56.3304214477539 56.6001625061035 56.2675476074219 56.5456314086914 56.447135925293 56.7350425720215 56.6395416259766 56.867618560791 56.8601837158203 56.7097625732422 56.7912292480469 57.0958786010742 -3.4e+38 56.6276702880859 57.3354606628418 57.4878158569336 57.3007125854492 57.3264312744141 57.4484634399414 57.4037551879883 57.4107055664062 57.4421691894531 57.1171264648438 57.1877975463867 57.0127487182617 57.003173828125 56.7218360900879 56.9288597106934 56.7544784545898 56.4231719970703 56.1090240478516 56.3015098571777 55.8690719604492 55.28466796875 55.7163162231445 55.4596786499023 55.4073371887207 55.4540061950684 54.8291397094727
55.0356063842773 55.1886940002441 55.093563079834 55.2178993225098 55.4231185913086 55.6624603271484 55.9322814941406 56.1710968017578 55.9766311645508 56.295581817627 56.380241394043 56.4236221313477 56.387092590332 56.5316505432129 56.8043670654297 56.8048286437988 56.7031173706055 56.8590240478516 57.0519409179688 56.7811470031738 56.9691619873047 57.2976722717285 57.3947257995605 56.9654350280762 57.2712135314941 57.3890838623047 57.3830413818359 57.57080078125 57.8601150512695 57.4429512023926 57.5917778015137 57.6144371032715 57.1915283203125 57.1015968322754 57.0993576049805 57.09423828125 56.8066101074219 56.9498176574707 56.8716354370117 56.6073799133301 56.4541931152344 56.3975143432617 55.9343223571777 55.313060760498 55.807559967041 55.819709777832 55.5122184753418 55.4513320922852 55.1333503723145
54.846492767334 55.4377059936523 55.3540687561035 55.4684143066406 55.6904449462891 55.9102935791016 56.0842361450195 56.4169311523438 56.3912963867188 56.6878089904785 56.7060852050781 56.803279876709 56.7457962036133 56.3863830566406 57.1615295410156 56.8407936096191 56.5131568908691 56.8833770751953 56.9448661804199 56.9359741210938 56.8781051635742 57.2079124450684 57.4007987976074 57.0796165466309 57.1994552612305 57.5433654785156 57.2331962585449 57.5477447509766 57.9108772277832 57.5184898376465 57.6016044616699 57.6276550292969 57.3072204589844 57.3459434509277 57.4263458251953 57.1389350891113 56.9173622131348 57.0523796081543 56.9024925231934 56.708080291748 56.6394882202148 56.2374572753906 56.166618347168 55.8798179626465 55.9152030944824 55.6038208007812 55.4002456665039 55.6189079284668 55.091064453125
54.8299331665039 55.189136505127 55.6347999572754 55.4202461242676 55.4677658081055 55.7924461364746 56.128978729248 56.3920631408691 56.5532684326172 56.609504699707 56.6690521240234 57.0359497070312 56.7847137451172 56.4050979614258 57.239429473877 -3.4e+38 56.4487228393555 56.9280242919922 56.5654983520508 56.7985305786133 56.7632637023926 56.8761940002441 57.251148223877 57.1650466918945 57.2120819091797 57.5527839660645 57.2856140136719 57.3165321350098 57.7681922912598 57.5844535827637 57.7195739746094 57.6586227416992 57.3711624145508 57.2337341308594 57.2842559814453 57.3157119750977 57.052417755127 56.8751754760742 56.8873977661133 56.7517166137695 56.3844985961914 55.9453048706055 56.3382682800293 56.2407836914062 56.0162353515625 55.7412033081055 55.4458885192871 55.3434219360352 54.8903617858887
54.9198036193848 55.1399002075195 55.5983734130859 55.4223403930664 55.6903839111328 55.8097839355469 56.0800476074219 56.272632598877 56.4996299743652 56.5639991760254 56.709846496582 56.684513092041 56.514762878418 56.6247940063477 56.8373413085938 56.8368263244629 56.7945404052734 56.8936500549316 56.7877235412598 56.7279624938965 56.8667526245117 56.8253974914551 57.2994766235352 57.5704574584961 57.433162689209 57.2418823242188 57.4864196777344 57.5444679260254 57.7779579162598 57.4838676452637 57.5892753601074 57.6707305908203 57.5023536682129 57.226375579834 57.3273696899414 57.2442741394043 57.0899848937988 56.7586898803711 56.9508361816406 56.6391677856445 56.1418418884277 55.918399810791 56.4096221923828 56.1821708679199 56.0106506347656 55.9054679870605 55.6226272583008 55.5157699584961 55.1217765808105
54.8827285766602 55.5755615234375 55.2140274047852 55.5395736694336 56.0066833496094 55.9984741210938 56.0585975646973 56.2641716003418 56.524169921875 56.4960250854492 56.5340690612793 56.6365203857422 56.711368560791 56.5133094787598 57.0912170410156 56.7994079589844 56.7828254699707 56.8735771179199 57.0346641540527 56.8392906188965 56.9723587036133 56.9074974060059 57.1124114990234 57.1142883300781 57.3152198791504 57.1820831298828 57.515022277832 57.6566390991211 57.8028831481934 57.5724601745605 57.354736328125 57.5336685180664 57.7144355773926 57.3403511047363 57.5827445983887 57.4132308959961 57.3075942993164 56.71337890625 56.8552017211914 56.5851745605469 56.293773651123 56.3862571716309 56.4310417175293 56.3012161254883 56.2448196411133 55.921070098877 -3.4e+38 -3.4e+38 55.4353485107422
54.9026527404785 55.9305152893066 55.4870758056641 55.715030670166 55.7255020141602 56.2049713134766 56.2251205444336 56.2540245056152 56.4245910644531 56.3855934143066 56.2902297973633 56.6300048828125 56.6619415283203 56.3201904296875 57.401798248291 56.721923828125 56.9452667236328 57.0831604003906 56.8439407348633 56.8925971984863 57.1225509643555 56.8173179626465 56.9323692321777 57.3096809387207 57.2705039978027 56.9173545837402 57.5076484680176 57.3474807739258 57.6288604736328 57.7109298706055 57.5168151855469 57.4514961242676 57.8331031799316 57.4489250183105 57.5760345458984 57.4845428466797 57.3602333068848 56.9109992980957 56.8216133117676 56.8171653747559 56.4775085449219 56.5886344909668 56.6413612365723 56.4065856933594 56.2844657897949 56.0541725158691 55.4047546386719 -3.4e+38 -3.4e+38
54.9907760620117 55.8481178283691 55.5501480102539 55.5072479248047 55.5028305053711 55.9167594909668 56.1042518615723 56.1196517944336 56.2406158447266 56.4225654602051 56.4286499023438 56.5478782653809 56.4506912231445 56.3824615478516 57.2078590393066 57.0125122070312 56.905387878418 57.0936088562012 56.9034614562988 56.8779792785645 57.2152290344238 57.0417175292969 56.7916221618652 57.2888450622559 57.0857887268066 56.6842231750488 57.258358001709 57.335147857666 57.505859375 57.7255325317383 57.5530242919922 57.3929977416992 57.69189453125 57.5776481628418 57.6449737548828 57.6822280883789 57.2951240539551 57.1220626831055 56.8875579833984 56.8015480041504 56.5950813293457 56.7189521789551 56.8334045410156 56.4708976745605 56.3441200256348 56.1113967895508 -3.4e+38 55.4901847839355 -3.4e+38
54.9344902038574 55.1800079345703 55.3222541809082 55.3150024414062 55.4089088439941 55.6039772033691 55.9153442382812 56.0555229187012 56.2029495239258 56.4116172790527 56.6847648620605 56.5814933776855 56.2921600341797 56.4289817810059 56.6251106262207 56.6996536254883 57.0202827453613 57.1739692687988 57.0298309326172 56.9774971008301 57.1943168640137 57.0255661010742 56.7954521179199 57.0462989807129 57.228874206543 56.8127174377441 57.458065032959 57.3813743591309 57.5867805480957 58.0132637023926 57.5513877868652 57.434627532959 57.8590927124023 58.0882453918457 57.9200668334961 57.5414505004883 57.2637100219727 56.9845199584961 56.8099136352539 56.8393974304199 56.6826324462891 56.9294891357422 56.8013000488281 56.3559989929199 56.3880500793457 56.0946350097656 55.7654190063477 55.6853942871094 55.6073608398438
55.1583938598633 55.4084243774414 -3.4e+38 -3.4e+38 55.4309692382812 55.6019401550293 55.8504180908203 56.5259704589844 56.3264122009277 56.2221298217773 56.1928634643555 56.3040390014648 56.4861450195312 56.264778137207 57.1990776062012 56.7773971557617 56.6949920654297 56.5598373413086 56.7469711303711 56.8407173156738 57.0299873352051 56.9459495544434 57.1031494140625 56.9971961975098 57.0620346069336 57.3146781921387 57.3125381469727 57.2910003662109 57.1358909606934 57.8699340820312 57.7575263977051 57.5353546142578 57.7985496520996 57.9810562133789 57.7004508972168 57.5688285827637 57.2392082214355 56.9627227783203 57.0439300537109 56.8063583374023 56.7101707458496 56.5751342773438 56.3965873718262 56.4650268554688 56.524772644043 56.3689918518066 56.1505966186523 55.9901504516602 55.4163246154785
55.104549407959 -3.4e+38 -3.4e+38 55.3488235473633 55.5937004089355 55.7049713134766 55.8380851745605 56.758113861084 56.5617866516113 56.0973968505859 56.6503143310547 56.5636138916016 56.1385917663574 56.1957054138184 56.673656463623 56.6774482727051 56.6780815124512 56.4182167053223 57.0540924072266 57.2074012756348 57.1613273620605 57.1116561889648 57.2741203308105 57.3694496154785 57.1087036132812 57.0428237915039 57.4512062072754 57.0519676208496 57.2929496765137 57.7278060913086 57.5284233093262 57.6208610534668 57.6694488525391 57.8230819702148 57.5221710205078 57.3493614196777 57.2409629821777 57.0309143066406 57.3440475463867 57.0349540710449 56.6403312683105 56.582592010498 56.348747253418 56.191535949707 56.2702102661133 56.4397392272949 56.2510032653809 56.0693054199219 55.6449699401855
55.0604858398438 -3.4e+38 55.5716018676758 55.6402359008789 55.7139282226562 55.7476539611816 55.9250831604004 56.25244140625 56.4127388000488 56.0889549255371 56.3945922851562 56.291576385498 56.2375793457031 56.1374816894531 56.5851058959961 56.9295845031738 56.9016418457031 56.7634391784668 56.7995872497559 57.0924339294434 57.1670455932617 57.0733070373535 57.1737098693848 57.6887245178223 56.8546829223633 57.0081214904785 57.5296401977539 56.9655113220215 57.4881935119629 57.6337623596191 57.7050437927246 57.6747932434082 57.8591461181641 57.7931327819824 57.5779151916504 57.2029075622559 57.1876792907715 57.2125396728516 57.4456329345703 57.304084777832 56.9489402770996 56.8449440002441 56.5937652587891 56.2181663513184 55.9969062805176 56.5211715698242 56.2854118347168 56.1353416442871 55.7487754821777
55.0569686889648 -3.4e+38 55.4813537597656 55.8208923339844 55.6380653381348 55.6853065490723 55.8941917419434 55.8415985107422 56.1310501098633 56.2129287719727 55.8585968017578 55.9014091491699 56.1593971252441 56.3149642944336 56.8571586608887 56.7771034240723 56.838134765625 56.6006736755371 56.7512054443359 56.7217903137207 57.1840744018555 56.9627304077148 56.9060096740723 57.3050422668457 56.9343185424805 56.8924140930176 57.3881225585938 57.3102226257324 57.2059516906738 57.5586471557617 57.9038162231445 57.7939643859863 58.2236938476562 57.8854293823242 57.6545181274414 57.2613334655762 57.2187271118164 57.2109375 57.1736679077148 57.31884765625 56.8652725219727 56.6354827880859 56.5524139404297 56.3466796875 56.0707969665527 56.627254486084 56.3230781555176 56.298713684082 56.0490837097168
55.0732421875 55.1730079650879 55.3891677856445 55.6143379211426 55.7786254882812 55.5838279724121 55.9709167480469 55.7890129089355 55.9164810180664 56.2848625183105 55.77783203125 55.9011917114258 56.2166595458984 56.6561546325684 56.4023246765137 56.4857330322266 56.860279083252 56.7814445495605 56.6806373596191 56.7237167358398 56.9071311950684 56.9397048950195 56.8486824035645 57.0229988098145 57.1369819641113 56.9648780822754 57.5992546081543 57.4670944213867 57.322811126709 57.4687767028809 57.8240737915039 57.6821441650391 57.862174987793 57.9120254516602 57.6165008544922 57.5385780334473 57.3222274780273 57.0090560913086 56.9740295410156 57.0374221801758 56.6279487609863 56.4258117675781 56.3727111816406 56.2941780090332 56.1127166748047 56.5645027160645 56.3914680480957 56.2938575744629 56.3478164672852
55.0056037902832 55.1828956604004 55.3732795715332 55.3761100769043 55.5617980957031 55.531078338623 55.9763031005859 55.6907119750977 55.788330078125 56.2684555053711 56.0168533325195 56.0852432250977 56.2819976806641 56.6331787109375 56.1961936950684 56.4076347351074 56.8261070251465 56.7295303344727 56.8011169433594 57.0652923583984 56.8424110412598 56.9021263122559 57.0265007019043 56.981388092041 57.1452598571777 57.2592163085938 57.6342124938965 57.5931358337402 57.4830055236816 57.4312515258789 57.7257308959961 57.5029830932617 57.5065307617188 58.0120429992676 57.9597320556641 57.8656463623047 57.2336349487305 57.2332992553711 56.834529876709 56.918155670166 57.1034927368164 56.7731437683105 56.3545684814453 56.3399276733398 56.2032356262207 56.2258377075195 56.4282569885254 55.9981498718262 56.1355476379395
