rcp4.5models/MPi_ESM_LR/sc1gr2.22
NCOLS 261 
NROWS 433 
XLLCORNER 336357.134 
YLLCORNER 654653.479 
CELLSIZE 1000 
NODATA_value -3.4e+38 
[rows 44 to 65 of 433, columns 98 to 146 of 261]
316.127807617188 316.155792236328 316.178527832031 316.193054199219 315.565246582031 315.587615966797 316.185180664062 315.578765869141 316.162017822266 315.812103271484 316.121368408203 316.082672119141 316.037170410156 315.985046386719 315.861968994141 315.791625976562 315.7158203125 315.634826660156 315.548889160156 315.395843505859 314.803253173828 315.264068603516 315.160858154297 315.053924560547 -3.4e+38 -3.4e+38 -3.4e+38 -3.4e+38 -3.4e+38 -3.4e+38 -3.4e+38 -3.4e+38 -3.4e+38 -3.4e+38 -3.4e+38 -3.4e+38 -3.4e+38 -3.4e+38 -3.4e+38 -3.4e+38 -3.4e+38 -3.4e+38 -3.4e+38 -3.4e+38 -3.4e+38 -3.4e+38 -3.4e+38 -3.4e+38 -3.4e+38
316.091003417969 316.118377685547 316.12939453125 316.158905029297 315.820983886719 315.830963134766 316.165557861328 316.152496337891 316.132965087891 316.106903076172 316.074157714844 316.034759521484 315.988677978516 315.936096191406 315.812255859375 315.741516113281 315.665191650391 315.583618164062 315.497009277344 315.341735839844 314.751861572266 315.209503173828 315.105194091797 314.9970703125 314.885345458984 -3.4e+38 -3.4e+38 -3.4e+38 -3.4e+38 -3.4e+38 -3.4e+38 -3.4e+38 -3.4e+38 -3.4e+38 -3.4e+38 -3.4e+38 -3.4e+38 -3.4e+38 -3.4e+38 -3.4e+38 -3.4e+38 -3.4e+38 -3.4e+38 -3.4e+38 -3.4e+38 -3.4e+38 -3.4e+38 -3.4e+38 -3.4e+38
316.066986083984 315.455627441406 316.103485107422 316.148651123047 316.153350830078 316.152069091797 316.144683837891 316.131042480469 316.111022949219 316.084442138672 316.051239013672 316.011444091797 315.965057373047 315.912231445312 315.787933349609 315.716949462891 315.640380859375 315.558502197266 315.471557617188 315.341064453125 314.948028564453 315.182739257812 315.005310058594 314.423858642578 314.778991699219 314.203125 314.500061035156 -3.4e+38 -3.4e+38 -3.4e+38 -3.4e+38 -3.4e+38 -3.4e+38 -3.4e+38 -3.4e+38 -3.4e+38 -3.4e+38 -3.4e+38 -3.4e+38 -3.4e+38 -3.4e+38 -3.4e+38 -3.4e+38 -3.4e+38 -3.4e+38 -3.4e+38 -3.4e+38 -3.4e+38 -3.4e+38
316.044799804688 315.098571777344 316.097015380859 316.129791259766 316.133972167969 316.132202148438 316.124267578125 316.110076904297 316.089538574219 316.062438964844 316.02880859375 315.988616943359 315.941925048828 315.888793945312 315.764038085938 315.692779541016 315.615936279297 315.533782958984 315.446472167969 315.354309082031 315.257537841797 315.085754394531 314.458282470703 314.608520507812 314.780517578125 314.299468994141 313.940277099609 -3.4e+38 314.21630859375 -3.4e+38 -3.4e+38 -3.4e+38 -3.4e+38 -3.4e+38 -3.4e+38 -3.4e+38 -3.4e+38 -3.4e+38 -3.4e+38 -3.4e+38 -3.4e+38 -3.4e+38 -3.4e+38 -3.4e+38 -3.4e+38 -3.4e+38 -3.4e+38 -3.4e+38 -3.4e+38
316.0263671875 315.083160400391 316.086547851562 316.111358642578 316.115081787109 316.112762451172 316.104309082031 316.089630126953 316.068542480469 316.040954589844 316.006896972656 315.96630859375 315.919281005859 315.865875244141 315.740570068359 315.669036865234 315.591918945312 315.509429931641 315.421813964844 315.329254150391 315.232025146484 315.087066650391 314.690643310547 314.914733886719 314.801177978516 314.633514404297 313.581512451172 314.314025878906 -3.4e+38 -3.4e+38 -3.4e+38 -3.4e+38 -3.4e+38 -3.4e+38 -3.4e+38 -3.4e+38 -3.4e+38 -3.4e+38 -3.4e+38 -3.4e+38 -3.4e+38 -3.4e+38 -3.4e+38 -3.4e+38 -3.4e+38 -3.4e+38 -3.4e+38 -3.4e+38 -3.4e+38
316.008422851562 315.068237304688 316.069519042969 316.093414306641 316.096618652344 316.093811035156 316.084869384766 316.069641113281 316.048065185547 316.02001953125 315.985534667969 315.944549560547 315.897186279297 315.843444824219 315.717559814453 315.645751953125 315.568359375 315.485534667969 315.333404541016 -3.4e+38 315.206939697266 315.104827880859 314.998474121094 314.810913085938 314.235321044922 314.65625 314.081115722656 314.284088134766 314.154449462891 314.022369384766 313.888122558594 -3.4e+38 -3.4e+38 -3.4e+38 -3.4e+38 -3.4e+38 -3.4e+38 -3.4e+38 -3.4e+38 -3.4e+38 -3.4e+38 -3.4e+38 -3.4e+38 -3.4e+38 -3.4e+38 -3.4e+38 -3.4e+38 -3.4e+38 -3.4e+38
315.358520507812 315.692443847656 316.052917480469 316.075927734375 316.053955078125 315.458557128906 316.06591796875 316.050201416016 316.028106689453 315.999633789062 315.964721679688 315.923370361328 315.875610351562 315.821563720703 315.695068359375 315.622985839844 315.545257568359 315.462066650391 315.334808349609 -3.4e+38 314.6298828125 315.079711914062 314.972839355469 314.814056396484 314.414916992188 314.628875732422 314.382354736328 314.254638671875 314.124237060547 313.991394042969 313.856323242188 313.719268798828 -3.4e+38 -3.4e+38 -3.4e+38 -3.4e+38 -3.4e+38 -3.4e+38 -3.4e+38 -3.4e+38 -3.4e+38 -3.4e+38 -3.4e+38 -3.4e+38 -3.4e+38 -3.4e+38 -3.4e+38 -3.4e+38 -3.4e+38
315.01025390625 316.017181396484 316.036804199219 316.058929443359 316.047058105469 315.688507080078 315.405151367188 315.424346923828 315.97216796875 315.341949462891 315.308044433594 315.267730712891 315.268249511719 315.800231933594 315.673095703125 315.600677490234 315.583038330078 316.064880371094 315.909332275391 315.147277832031 314.271881103516 315.055084228516 314.947692871094 314.836242675781 314.720886230469 314.601959228516 314.354095458984 314.225677490234 314.188232421875 314.572540283203 314.337005615234 313.687164306641 -3.4e+38 -3.4e+38 -3.4e+38 -3.4e+38 -3.4e+38 -3.4e+38 -3.4e+38 -3.4e+38 -3.4e+38 -3.4e+38 -3.4e+38 -3.4e+38 -3.4e+38 -3.4e+38 -3.4e+38 -3.4e+38 -3.4e+38
314.997100830078 316.001922607422 316.002593994141 316.042358398438 316.044158935547 315.994201660156 315.029510498047 315.067230224609 315.968688964844 315.557830810547 314.924774169922 314.928100585938 315.543334960938 316.360565185547 315.022491455078 315.009582519531 315.536956787109 315.791320800781 315.663482666016 315.191711425781 314.799682617188 315.030914306641 314.923034667969 314.811004638672 314.695098876953 314.575531005859 314.326324462891 314.197204589844 314.125 314.319641113281 314.120574951172 313.757385253906 314.019500732422 -3.4e+38 -3.4e+38 -3.4e+38 -3.4e+38 -3.4e+38 -3.4e+38 -3.4e+38 -3.4e+38 -3.4e+38 -3.4e+38 -3.4e+38 -3.4e+38 -3.4e+38 -3.4e+38 -3.4e+38 -3.4e+38
314.970245361328 315.352874755859 315.975738525391 316.026275634766 316.027648925781 315.975677490234 315.012115478516 315.050872802734 315.933166503906 315.322448730469 315.497589111328 314.889862060547 315.258850097656 316.097686767578 315.259582519531 315.220428466797 315.478942871094 315.394714355469 315.305206298828 315.210632324219 315.111236572266 315.007232666016 314.898803710938 314.786254882812 314.669769287109 314.549591064453 314.299102783203 314.169250488281 314.03662109375 313.901489257812 313.764099121094 313.79248046875 314.415863037109 313.840637207031 -3.4e+38 -3.4e+38 312.890808105469 -3.4e+38 -3.4e+38 -3.4e+38 -3.4e+38 -3.4e+38 -3.4e+38 -3.4e+38 -3.4e+38 -3.4e+38 -3.4e+38 -3.4e+38 -3.4e+38
314.948699951172 315.000213623047 315.959259033203 316.010681152344 316.011627197266 315.989044189453 315.602264404297 315.035064697266 315.892181396484 314.947631835938 315.226287841797 314.891418457031 315.456390380859 315.687225341797 315.039581298828 -3.4e+38 314.894714355469 315.373291015625 315.283386230469 315.118133544922 314.540374755859 314.984039306641 314.875122070312 -3.4e+38 314.644927978516 314.524139404297 314.272369384766 314.141815185547 314.008483886719 313.774841308594 313.325317382812 314.268951416016 314.452087402344 314.131042480469 313.344970703125 -3.4e+38 -3.4e+38 312.589172363281 -3.4e+38 -3.4e+38 -3.4e+38 -3.4e+38 -3.4e+38 -3.4e+38 -3.4e+38 -3.4e+38 -3.4e+38 -3.4e+38 -3.4e+38
314.951324462891 -3.4e+38 315.943206787109 315.995513916016 315.996032714844 -3.4e+38 315.924163818359 315.019775390625 -3.4e+38 314.906066894531 314.869140625 314.901763916016 -3.4e+38 315.636138916016 314.625213623047 -3.4e+38 314.475372314453 314.728210449219 314.639099121094 314.572692871094 314.731903076172 314.961364746094 314.851928710938 314.738250732422 314.62060546875 314.499237060547 314.246154785156 314.114929199219 313.980895996094 313.683197021484 312.935333251953 313.955963134766 313.813934326172 313.600189208984 313.202941894531 -3.4e+38 313.720611572266 -3.4e+38 312.404998779297 -3.4e+38 -3.4e+38 -3.4e+38 -3.4e+38 -3.4e+38 -3.4e+38 -3.4e+38 -3.4e+38 -3.4e+38 -3.4e+38
315.569732666016 315.910522460938 315.301239013672 315.966369628906 -3.4e+38 -3.4e+38 315.550476074219 314.928802490234 314.945892333984 315.463287353516 314.834838867188 314.869537353516 -3.4e+38 315.596954345703 315.457275390625 314.478240966797 314.43701171875 314.648071289062 314.221069335938 314.241333007812 315.023498535156 314.792572021484 313.936279296875 314.610076904297 314.042846679688 314.309112548828 314.195343017578 313.968292236328 313.413879394531 313.690002441406 313.040405273438 312.898742675781 312.861755371094 313.215850830078 313.068359375 312.919677734375 312.886260986328 313.268005371094 -3.4e+38 -3.4e+38 -3.4e+38 -3.4e+38 -3.4e+38 -3.4e+38 -3.4e+38 -3.4e+38 -3.4e+38 -3.4e+38 -3.4e+38
315.896057128906 315.884460449219 314.935699462891 315.952423095703 -3.4e+38 -3.4e+38 315.911163330078 315.551483154297 315.506225585938 315.240783691406 315.404022216797 314.854248046875 315.723510742188 315.578186035156 315.49853515625 315.022125244141 314.379119873047 314.292907714844 314.27197265625 314.769897460938 -3.4e+38 314.770294189453 313.915771484375 314.53564453125 313.689514160156 314.372467041016 -3.4e+38 313.977020263672 313.476287841797 313.189392089844 313.229705810547 313.085540771484 313.008972167969 313.186279296875 313.037994384766 312.888549804688 -3.4e+38 -3.4e+38 -3.4e+38 -3.4e+38 -3.4e+38 -3.4e+38 -3.4e+38 -3.4e+38 -3.4e+38 -3.4e+38 -3.4e+38 -3.4e+38 -3.4e+38
315.862976074219 315.244750976562 314.922698974609 315.938842773438 -3.4e+38 315.931060791016 315.91796875 315.898620605469 315.803894042969 314.914184570312 315.774261474609 315.419799804688 315.707000732422 315.616485595703 315.517059326172 315.403442382812 314.918273925781 314.343048095703 314.847045898438 -3.4e+38 -3.4e+38 314.827209472656 314.431488037109 314.596374511719 314.111175537109 313.791229248047 313.628295898438 314.012817382812 313.715423583984 312.801147460938 313.089782714844 313.345733642578 312.806396484375 313.157348632812 313.00830078125 312.972686767578 -3.4e+38 -3.4e+38 -3.4e+38 -3.4e+38 -3.4e+38 311.793243408203 311.638854980469 -3.4e+38 -3.4e+38 -3.4e+38 -3.4e+38 -3.4e+38 -3.4e+38
315.209869384766 314.893524169922 314.909973144531 315.925567626953 315.924438476562 315.954467773438 316.502777099609 315.884216308594 315.832550048828 315.487548828125 315.787292480469 315.794647216797 316.266235351562 315.633453369141 315.5 315.424346923828 315.235198974609 314.367767333984 315.163482666016 315.065856933594 314.963195800781 314.776428222656 314.208984375 314.543212890625 313.838256835938 313.471435546875 313.182800292969 313.378479003906 313.178894042969 312.711181640625 312.635406494141 312.7490234375 312.455627441406 313.129089355469 313.091979980469 313.507202148438 -3.4e+38 -3.4e+38 -3.4e+38 -3.4e+38 -3.4e+38 -3.4e+38 311.606140136719 311.451873779297 -3.4e+38 -3.4e+38 -3.4e+38 -3.4e+38 -3.4e+38
314.859466552734 314.906707763672 315.543670654297 315.91259765625 315.911224365234 315.925262451172 316.269439697266 316.463775634766 315.843963623047 315.811370849609 315.772399902344 315.758209228516 316.013061523438 315.617614746094 315.483459472656 315.407409667969 315.284545898438 314.902862548828 315.145324707031 315.047210693359 314.944091796875 314.706573486328 313.857299804688 314.468902587891 313.572814941406 314.030181884766 313.100250244141 312.965118408203 312.827087402344 312.686340332031 312.543182373047 312.397827148438 312.429595947266 313.212249755859 313.62890625 313.79931640625 -3.4e+38 -3.4e+38 -3.4e+38 -3.4e+38 -3.4e+38 -3.4e+38 311.570983886719 311.419342041016 -3.4e+38 -3.4e+38 -3.4e+38 -3.4e+38 -3.4e+38
315.472747802734 314.910125732422 315.914245605469 315.934020996094 316.539276123047 316.530029296875 316.538299560547 316.787139892578 315.830047607422 315.797180175781 315.757965087891 315.712371826172 315.660430908203 315.543273925781 315.467407226562 315.390991210938 315.308776855469 315.220947265625 315.127655029297 315.029083251953 314.925476074219 314.686340332031 313.755828857422 313.91845703125 313.608001708984 314.339538574219 312.983032226562 312.429809570312 312.902954101562 313.167816162109 312.518280029297 312.478759765625 312.900299072266 313.258636474609 313.923431396484 313.771026611328 313.617614746094 -3.4e+38 -3.4e+38 -3.4e+38 -3.4e+38 -3.4e+38 -3.4e+38 311.844024658203 311.229797363281 -3.4e+38 -3.4e+38 -3.4e+38 -3.4e+38
315.822326660156 315.519287109375 315.919708251953 316.549133300781 316.885620117188 316.877716064453 316.821014404297 316.181427001953 315.768981933594 315.200347900391 315.743957519531 315.698059082031 315.645843505859 315.492095947266 315.451812744141 315.375030517578 315.223022460938 314.654815673828 315.110443115234 315.011413574219 314.828460693359 314.212707519531 314.300201416016 314.095184326172 313.588928222656 314.318817138672 312.995056152344 312.689147949219 313.352966308594 312.965026855469 312.494018554688 312.524078369141 313.308044433594 313.725372314453 313.896575927734 313.743469238281 313.470855712891 312.679351806641 312.565979003906 312.652221679688 -3.4e+38 -3.4e+38 -3.4e+38 -3.4e+38 311.654632568359 -3.4e+38 -3.4e+38 -3.4e+38 -3.4e+38
315.824157714844 315.873992919922 316.523193359375 316.875122070312 316.873168945312 316.865112304688 316.826049804688 316.419891357422 315.775390625 315.432312011719 315.730316162109 315.684173583984 315.631652832031 315.476257324219 315.371307373047 314.804016113281 315.23388671875 314.852935791016 315.093688964844 314.994262695312 314.840362548828 314.365478515625 314.051330566406 313.966094970703 314.094146728516 314.207366943359 313.03466796875 312.9609375 313.085296630859 312.615356445312 312.575500488281 312.998291015625 313.355499267578 314.022888183594 313.870422363281 313.600067138672 312.763122558594 311.774444580078 312.178466796875 312.339721679688 312.314666748047 -3.4e+38 -3.4e+38 -3.4e+38 312.06982421875 311.701599121094 -3.4e+38 -3.4e+38 -3.4e+38
315.812469482422 315.849822998047 316.204620361328 316.862945556641 316.860870361328 316.852691650391 316.838287353516 316.743682861328 315.790466308594 315.756958007812 315.717041015625 315.670654296875 315.617889404297 315.522216796875 315.382110595703 315.0087890625 315.261047363281 315.171997070312 315.077392578125 314.977508544922 314.872497558594 314.711059570312 314.262634277344 314.197540283203 314.405975341797 314.220489501953 313.526763916016 312.876434326172 312.736022949219 312.592895507812 312.621734619141 313.407409667969 313.825775146484 313.998107910156 313.615509033203 312.410369873047 311.736083984375 311.429321289062 312.065643310547 312.037078857422 312.437225341797 312.595642089844 -3.4e+38 -3.4e+38 -3.4e+38 311.980316162109 -3.4e+38 -3.4e+38 -3.4e+38
315.800689697266 315.821746826172 315.837219238281 316.850860595703 316.848724365234 316.840454101562 316.780487060547 316.142700195312 315.777862548828 315.796844482422 316.334564208984 316.229125976562 315.604431152344 315.545074462891 315.407592773438 315.329742431641 315.317596435547 315.776519775391 315.680297851562 315.500152587891 314.855712890625 314.745361328125 314.544799804688 313.985626220703 314.387237548828 314.259643554688 313.834289550781 312.855621337891 312.714691162109 312.674865722656 313.099304199219 313.455871582031 314.126159667969 313.974029541016 313.552795410156 312.149078369141 311.429840087891 311.75341796875 311.566436767578 311.967224121094 312.257293701172 312.566131591797 -3.4e+38 -3.4e+38 -3.4e+38 311.948181152344 311.794189453125 -3.4e+38 -3.4e+38
