rcp4.5models/MPi_ESM_LR/sc1gr6.FIL
NCOLS 261 
NROWS 433 
XLLCORNER 336357.134 
YLLCORNER 654653.479 
CELLSIZE 1000 
NODATA_value -9999 
[rows 198 to 219 of 433, columns 51 to 101 of 261]
967.456726074219 968.294250488281 971.685180664062 971.565612792969 970.75927734375 974.326599121094 974.34765625 974.828735351562 977.004821777344 977.223205566406 979.676452636719 979.677185058594 981.759643554688 982.93017578125 983.967590332031 985.137268066406 989.664916992188 993.277770996094 994.095825195312 996.978820800781 997.359069824219 998.198791503906 1002.30798339844 1003.61804199219 1005.99041748047 1009.93530273438 1012.43341064453 1018.87219238281 1021.05828857422 1024.26733398438 1028.97387695312 1028.64196777344 1026.81115722656 1029.40686035156 1030.39147949219 1029.96630859375 1034.2060546875 1038.91149902344 1040.82580566406 1044.13037109375 1047.23034667969 1050.57971191406 1055.939453125 1061.16174316406 1066.18725585938 1068.0556640625 1071.59265136719 1077.58422851562 1079.64709472656 1080.03002929688 1091.05090332031
973.709228515625 973.626770019531 974.546203613281 976.286987304688 975.8232421875 976.372924804688 978.948791503906 980.563842773438 982.84326171875 982.595153808594 983.095031738281 982.578002929688 983.920471191406 984.856201171875 986.050964355469 987.734558105469 990.191040039062 993.374938964844 994.519165039062 997.147033691406 998.032531738281 999.897583007812 1003.46392822266 1006.67712402344 1010.02117919922 1011.62896728516 1013.23645019531 1018.16064453125 1021.71618652344 1025.08020019531 1029.27172851562 1030.33068847656 1031.19128417969 1032.47583007812 1031.30224609375 1032.00561523438 1036.28540039062 1041.89697265625 1044.07495117188 1046.45751953125 1049.51245117188 1051.82385253906 1056.74609375 1062.25610351562 1068.609375 1071.74780273438 1073.27270507812 1078.13879394531 1081.99047851562 1082.1875 1092.54675292969
975.82421875 977.633056640625 979.562438964844 981.406127929688 981.092956542969 979.618530273438 981.528442382812 982.998046875 984.531494140625 985.280639648438 987.855285644531 987.966796875 989.275573730469 988.947265625 989.860961914062 991.734069824219 993.692993164062 994.291625976562 996.204406738281 998.249633789062 1000.72772216797 1004.59509277344 1007.56524658203 1010.15728759766 1011.80029296875 1011.02581787109 1012.98937988281 1019.68939208984 1022.33837890625 1024.91662597656 1028.26135253906 1029.56860351562 1031.43872070312 1034.43493652344 1034.3828125 1035.33166503906 1038.48364257812 1042.10949707031 1045.52355957031 1049.45202636719 1051.60412597656 1052.35778808594 1057.12243652344 1063.90344238281 1069.32934570312 1074.06396484375 1076.73095703125 1080.63195800781 1084.14392089844 1086.20141601562 -9999
979.552917480469 980.575866699219 982.69970703125 986.820129394531 987.981628417969 982.941040039062 984.0556640625 987.398254394531 988.728820800781 989.323059082031 992.392456054688 992.950744628906 992.483764648438 991.676025390625 992.750549316406 995.753295898438 998.095947265625 998.057312011719 998.839172363281 1001.16094970703 1003.68444824219 1007.76141357422 1008.99761962891 1011.25054931641 1011.849609375 1011.78973388672 1015.81268310547 1023.23815917969 1023.44860839844 1025.44030761719 1028.05505371094 1028.39404296875 1030.16015625 1034.22644042969 1035.60046386719 1038.02001953125 1042.31909179688 1044.599609375 1047.29321289062 1051.36279296875 1053.00793457031 1054.21020507812 1058.45166015625 1064.87145996094 1069.15319824219 1073.16625976562 1077.44494628906 1084.01062011719 1087.78356933594 1088.76184082031 1091.89294433594
983.459777832031 983.5927734375 985.448608398438 988.183044433594 991.141540527344 987.960571289062 988.708923339844 990.7705078125 992.575378417969 995.235229492188 997.865844726562 998.9638671875 998.972534179688 996.977355957031 998.435974121094 999.621704101562 1002.25469970703 1002.55297851562 1002.04211425781 1004.18432617188 1006.70477294922 1008.51202392578 1009.87396240234 1011.39031982422 1012.51782226562 1014.89276123047 1018.56713867188 1023.88079833984 1024.15246582031 1024.04455566406 1026.98864746094 1028.43273925781 1029.95764160156 1033.83312988281 1036.68737792969 1039.88513183594 1043.708984375 1046.76318359375 1051.08898925781 1053.48803710938 1055.63830566406 1056.53088378906 1059.87133789062 1063.94360351562 1068.82543945312 1074.29943847656 1079.01452636719 1085.97021484375 1093.22863769531 1091.51770019531 1092.90673828125
987.374267578125 987.951354980469 989.906799316406 990.634460449219 993.331237792969 994.084106445312 993.798583984375 994.439636230469 996.2236328125 998.600219726562 1001.50360107422 1003.35980224609 1004.53295898438 1003.46295166016 1003.08905029297 1004.35998535156 1005.60864257812 1007.99505615234 1006.26470947266 1006.40618896484 1007.73992919922 1010.00866699219 -9999 1014.47406005859 1015.837890625 1019.80426025391 1021.09814453125 1022.72607421875 1024.38073730469 1024.11328125 1026.49353027344 1028.61279296875 1029.59521484375 1032.400390625 -9999 1039.63732910156 1043.08923339844 1046.5283203125 1052.45544433594 1055.93322753906 1056.62658691406 1058.22241210938 1062.70922851562 1064.9150390625 1069.44506835938 1075.34643554688 1080.52404785156 1085.29809570312 1093.16320800781 1095.42004394531 1094.79248046875
989.685729980469 989.955627441406 992.847839355469 995.0244140625 997.090637207031 996.038146972656 997.050903320312 999.23193359375 1000.80316162109 1001.44219970703 1003.25769042969 1005.20788574219 1006.36138916016 1005.56408691406 1005.97827148438 1007.54156494141 1010.25335693359 1012.54534912109 1011.76940917969 1011.49035644531 1012.26947021484 1014.92169189453 1016.83447265625 1019.64288330078 1020.30627441406 1021.94384765625 1022.08087158203 1022.05474853516 1024.22277832031 1025.41247558594 1025.86791992188 1027.11181640625 1028.82543945312 1032.31799316406 1036.98583984375 1039.49169921875 1042.68884277344 1047.7939453125 1054.09057617188 1057.92639160156 1058.18835449219 1059.86279296875 1066.20385742188 1068.26135253906 1070.6484375 1074.83190917969 1080.65441894531 1084.275390625 1089.43005371094 1094.79296875 1098.04235839844
990.897766113281 993.634155273438 994.240539550781 994.847290039062 995.479797363281 996.904357910156 998.061462402344 1001.51147460938 1003.84649658203 1003.87536621094 1004.14074707031 1006.42327880859 1006.82855224609 1007.80328369141 1007.71551513672 1009.69165039062 1012.42388916016 1015.17498779297 1015.25769042969 1017.01593017578 1017.72454833984 1020.64025878906 1021.20715332031 1023.33227539062 1022.83892822266 1022.09967041016 1022.8408203125 1022.1826171875 1024.04162597656 1025.05187988281 1026.34216308594 1028.67370605469 1031.64074707031 1037.16638183594 1040.44030761719 1044.38854980469 1044.79150390625 1050.43908691406 1056.30480957031 1059.77380371094 1060.2451171875 1063.81457519531 1068.759765625 1071.14099121094 1072.60461425781 1076.3876953125 1080.6953125 1085.35559082031 1090.10339355469 1094.91735839844 1103.73229980469
991.781188964844 993.53369140625 994.5087890625 994.663879394531 994.989501953125 998.147155761719 1000.46520996094 1002.84783935547 1003.2490234375 1004.05493164062 1005.22955322266 1007.80688476562 1007.79986572266 1010.09216308594 1010.26293945312 1012.1640625 1013.13067626953 1015.90594482422 1017.77801513672 1020.04315185547 1021.53497314453 1022.70300292969 1023.54528808594 1023.59686279297 1022.86614990234 1023.12475585938 1023.22900390625 1023.61743164062 1026.41003417969 1027.92846679688 1028.92700195312 1030.18981933594 1034.34985351562 1042.10974121094 1044.69799804688 1047.15954589844 1048.71557617188 1052.11169433594 1056.9140625 1063.81604003906 1063.2666015625 1066.68383789062 1070.42236328125 1074.33325195312 1077.34936523438 1079.49365234375 1080.97424316406 1086.2705078125 1091.41882324219 1096.07995605469 1106.54138183594
991.969299316406 992.416076660156 995.316162109375 996.182434082031 997.629272460938 999.430541992188 1002.47967529297 1003.44085693359 1003.93243408203 1004.95056152344 1007.52355957031 1008.69171142578 1009.82971191406 1010.54626464844 1011.46905517578 1014.70916748047 1015.20581054688 1017.66711425781 1021.02239990234 1021.59613037109 1023.43145751953 1023.31951904297 1024.27502441406 1024.08654785156 1023.22882080078 1023.59106445312 1024.6025390625 1026.40979003906 1029.67370605469 1033.62292480469 1033.74426269531 1032.189453125 1035.39526367188 1041.88330078125 1046.20141601562 1047.53295898438 1049.064453125 1051.65405273438 1056.39013671875 1066.86950683594 1067.70275878906 1068.5263671875 -9999 1079.44470214844 1087.01770019531 1083.79870605469 1084.75024414062 1088.59997558594 1091.7041015625 1097.42797851562 1106.25512695312
999.478271484375 1002.05053710938 1001.20385742188 1002.75854492188 1005.96697998047 1011.58361816406 1010.47583007812 1011.32232666016 1014.06799316406 1015.43896484375 1015.38977050781 1016.58825683594 1019.07037353516 1020.73779296875 1019.82592773438 1018.99957275391 1023.66625976562 -9999 -9999 1024.74157714844 1026.81530761719 1025.71960449219 1026.82458496094 1027.44104003906 1029.73742675781 1030.63122558594 1032.0654296875 1035.40478515625 1037.134765625 1037.88073730469 1035.79345703125 1036.84948730469 1038.77600097656 1042.22595214844 1046.39892578125 1046.59375 1050.5126953125 1055.50476074219 1060.91040039062 1066.05615234375 1070.76000976562 1075.876953125 1079.19445800781 1083.65966796875 1099.97326660156 1119.12451171875 1091.51159667969 1095.01159667969 1097.837890625 1099.482421875 1107.56689453125
1005.62377929688 1006.47576904297 1006.94641113281 1007.96801757812 1009.67492675781 1017.42443847656 1018.20556640625 1017.39556884766 1018.44299316406 1020.24652099609 1020.81945800781 1023.18438720703 1023.91296386719 1025.23559570312 1025.81335449219 1025.02880859375 1025.75927734375 -9999 1027.09594726562 -9999 1029.48889160156 -9999 1030.484375 1031.83557128906 1033.40307617188 1035 1035.43273925781 1039.08374023438 1040.693359375 1041.3134765625 1038.30212402344 1039.31640625 1040.8369140625 1043.65771484375 -9999 1048.31848144531 1053.20068359375 1059.07666015625 1061.15466308594 1066.96984863281 1072.0927734375 1077.25964355469 1082.15637207031 1118.54736328125 -9999 1106.06555175781 1096.00427246094 1099.26293945312 1102.06042480469 1102.90893554688 1111.12316894531
1007.81079101562 1010.36340332031 1012.53857421875 1014.728515625 -9999 1019.44445800781 1023.64654541016 1024.94812011719 1024.8447265625 1027.64270019531 1028.52941894531 1031.27905273438 1029.59216308594 1028.49621582031 1029.56286621094 1030.68017578125 1032.05407714844 -9999 -9999 -9999 -9999 1032.49340820312 1033.841796875 1034.31103515625 1035.82507324219 1037.11157226562 1036.62231445312 1041.44177246094 1042.96740722656 1044.54064941406 1042.22790527344 1042.12536621094 1043.0009765625 1045.3701171875 1048.47766113281 1052.54357910156 1055.68811035156 1059.69775390625 1062.11840820312 1068.30847167969 1072.89819335938 1079.10974121094 1083.40197753906 1143.65893554688 1234.91247558594 1096.75231933594 1098.46887207031 1100.89892578125 1104.51940917969 1107.12927246094 1114.2470703125
1012.35095214844 1014.53686523438 1017.96765136719 1021.15124511719 1022.34265136719 1024.14099121094 1026.73510742188 1030.298828125 1032.39819335938 1035.24011230469 1035.66296386719 1037.08654785156 1034.78100585938 -9999 1035.13232421875 1037.50854492188 1038.65112304688 1038.60583496094 1038.17590332031 1038.56115722656 1037.462890625 1035.99560546875 1039.25073242188 1041.17614746094 1041.35961914062 1041.61975097656 1040.50439453125 1042.65881347656 1044.45324707031 1045.70849609375 1045.37255859375 1046.08715820312 1046.12072753906 1048.48840332031 1051.48107910156 1054.52661132812 1056.61608886719 1060.80090332031 1065.28161621094 1071.61645507812 1074.99865722656 1079.55822753906 1085.37219238281 -9999 1191.95092773438 1096.39660644531 1098.21740722656 1102.732421875 1108.18139648438 1112.29541015625 1118.27294921875
1018.05383300781 1020.72497558594 1026.42272949219 1028.46948242188 1031.12756347656 1029.83264160156 1030.77758789062 1034.60913085938 1036.60729980469 1039.89038085938 1041.89208984375 1041.95458984375 1039.38403320312 1039.75036621094 1040.35461425781 1043.33337402344 1044.15356445312 1045.45031738281 1046.99462890625 1045.79919433594 1044.13061523438 1041.71997070312 1044.80578613281 1046.85314941406 1046.94213867188 1047.31811523438 1046.16394042969 1045.67114257812 1047.22497558594 1048.78930664062 1048.19458007812 1047.26501464844 1047.91223144531 1050.93737792969 -9999 -9999 1059.16687011719 1063.05798339844 1068.07177734375 1076.34020996094 1079.55541992188 1082.86840820312 1088.54638671875 1107.56237792969 1129.48254394531 1097.62719726562 1100.86767578125 1106.53369140625 1109.62072753906 1114.78820800781 1123.47277832031
1025.59387207031 1029.74194335938 1035.41625976562 1037.27893066406 1040.05249023438 1039.83227539062 1037.85510253906 1041.09655761719 1043.20947265625 1045.85205078125 1048.30102539062 1047.18835449219 1045.14624023438 1045.76940917969 1045.21923828125 1046.86145019531 1049.56652832031 1052.46752929688 1055.09875488281 1052.55200195312 1050.69287109375 1048.921875 1048.5419921875 1050.72863769531 1051.76550292969 1052.3212890625 1051.50817871094 1050.10803222656 1050.27172851562 1052.63977050781 1052.93957519531 1050.50830078125 1052.55126953125 1053.39367675781 1056.51708984375 1059.62927246094 1063.42553710938 1067.39270019531 1072.25927734375 1080.87219238281 1084.26318359375 1088.89123535156 1092.18347167969 1096.9736328125 1101.03308105469 1098.85986328125 1103.8349609375 1108.18615722656 1111.95678710938 1116.01428222656 1126.55969238281
1039.75329589844 1044.68469238281 1046.77099609375 1048.42395019531 1050.88391113281 1046.96252441406 1045.67150878906 1048.83544921875 1052.2109375 1052.85705566406 1055.28857421875 1053.87902832031 1053.72229003906 1052.53283691406 1051.41247558594 1051.35827636719 1056.451171875 1061.44006347656 1062.89233398438 1059.91101074219 1057.92211914062 1055.85205078125 1053.388671875 1054.01171875 1055.18139648438 1056.29040527344 1057.66198730469 1055.44714355469 1054.33801269531 1055.10888671875 1056.11950683594 1055.53894042969 1056.16442871094 1057.05151367188 -9999 1062.46655273438 1065.64916992188 1069.2890625 1073.630859375 1081.45300292969 1085.96569824219 1091.39599609375 1094.75708007812 1096.07775878906 1098.59814453125 1103.01977539062 1108.04724121094 1111.48205566406 1114.69934082031 1118.64221191406 1130.07165527344
1051.58666992188 1052.91003417969 1052.98278808594 1056.52844238281 1056.203125 1053.16284179688 1054.0146484375 1056.150390625 1060.88012695312 1065.06164550781 1064.50793457031 1062.39074707031 1060.48327636719 1057.81420898438 1057.84033203125 1057.22229003906 1062.19091796875 1065.66381835938 1065.76721191406 1066.42443847656 1065.09985351562 1062.84973144531 1060.86645507812 1060.24682617188 1059.45422363281 1060.36315917969 1063.26782226562 1062.19348144531 1059.64111328125 1057.97766113281 1060.30334472656 1060.57165527344 1058.61389160156 1060.45532226562 1062.62744140625 1064.82836914062 1068.09997558594 1071.29931640625 1076.20837402344 1082.66833496094 1088.50708007812 1092.24377441406 1095.11535644531 -9999 1103.01123046875 1108.2333984375 1110.91625976562 1118.36120605469 1126.98706054688 -9999 1133.6669921875
1053.69140625 1055.84997558594 1056.58666992188 1061.27978515625 1063.33642578125 1063.05041503906 1063.18884277344 1063.57580566406 1068.12536621094 1072.48742675781 1071.40234375 1067.50720214844 1065.55297851562 1065.25952148438 1064.53723144531 1063.58557128906 1066.4072265625 1068.33276367188 1070.52722167969 1073.46008300781 1072.12561035156 1070.14538574219 1067.81042480469 1067.16418457031 1064.92407226562 1065.0947265625 1066.99499511719 1069.15686035156 1065.04162597656 1062.25708007812 1065.58142089844 1065.55187988281 1064.50329589844 1066.65295410156 -9999 1071.99072265625 1074.52795410156 1076.35559082031 1081.54077148438 1086.74353027344 1090.623046875 1094.12390136719 1098.33813476562 1101.99584960938 1106.70727539062 1111.02856445312 1115.06506347656 1125.57885742188 1132.96459960938 1127.02722167969 1138.63806152344
1061.50732421875 1063.75915527344 1062.97778320312 1068.02526855469 1072.26147460938 1073.70458984375 1074.7734375 1074.00561523438 1075.45666503906 1079.53430175781 1076.779296875 1074.76159667969 1072.08984375 1073.62316894531 1073.04748535156 1070.90124511719 1072.26989746094 1073.03039550781 1076.15893554688 1076.54516601562 1076.01892089844 1077.17944335938 1075.95556640625 1073.76403808594 1071.91088867188 1072.7451171875 1075.23962402344 1073.81005859375 1069.39526367188 1068.29833984375 1072.76501464844 1074.70202636719 1074.82922363281 1077.86279296875 1074.80688476562 1077.95153808594 1080.703125 1083.72338867188 1089.71740722656 1094.51647949219 1096.05651855469 1100.03979492188 1104.78088378906 1105.94775390625 1110.33654785156 1114.37023925781 1119.73645019531 1126.65966796875 1131.48217773438 1132.47241210938 1142.11389160156
1071.31274414062 1074.57604980469 1076.4931640625 1077.65979003906 1080.38659667969 1082.24548339844 1084.20483398438 1082.57482910156 1081.91027832031 1082.32849121094 1082.08312988281 1080.91589355469 1079.33654785156 1081.36010742188 1080.75256347656 1077.85888671875 1077.11218261719 1077.65173339844 1079.91198730469 1081.81042480469 1083.84912109375 1085.00317382812 1085.06677246094 1081.48803710938 1080.36657714844 1079.39331054688 1081.92102050781 1079.83850097656 1077.42517089844 1074.92126464844 1078.14208984375 1080.96923828125 1081.17907714844 1084.82873535156 1082.79040527344 1084.31298828125 1087.44287109375 1090.27990722656 1093.79296875 1103.23168945312 1106.16748046875 1108.68151855469 1111.80212402344 1111.44116210938 1115.06359863281 1119.94787597656 1125.666015625 1129.98034667969 1132.19799804688 1135.86889648438 1144.77075195312
1078.88891601562 1082.26696777344 1082.24267578125 1083.54956054688 1086.43408203125 1089.0068359375 1090.05590820312 1088.88146972656 1087.0146484375 1085.77856445312 1086.40051269531 1087.32751464844 1088.02490234375 1088.05126953125 1087.30395507812 1085.81555175781 1084.73693847656 1084.91516113281 1085.79406738281 1085.68127441406 -9999 1090.31713867188 1090.49487304688 1090.02648925781 1089.69799804688 1086.04577636719 1087.33386230469 1088.48937988281 1085.04455566406 1081.75476074219 1083.39147949219 1086.38073730469 1087.70129394531 1089.72387695312 1091.99304199219 1095.1748046875 1097.07556152344 1098.66833496094 1102.42199707031 1107.298828125 1111.60754394531 1115.7607421875 1117.56140136719 1118.14721679688 1120.89367675781 1124.72009277344 1130.21911621094 1134.36962890625 1134.80261230469 1139.70141601562 1149.5205078125
