rcp4.5models/MPi_ESM_LR/sc1gr5.11
NCOLS 261 
NROWS 433 
XLLCORNER 336357.134 
YLLCORNER 654653.479 
CELLSIZE 1000 
NODATA_value -3.4e+38 
[rows 154 to 175 of 433, columns 49 to 97 of 261]
283.064453125 282.506622314453 283.047821044922 282.646270751953 282.701568603516 282.832733154297 282.730499267578 281.729095458984 280.888488769531 281.557495117188 282.942657470703 282.988922119141 283.097961425781 282.973937988281 283.014404296875 283.411926269531 283.079437255859 283.202362060547 283.185150146484 283.153411865234 283.136199951172 283.205078125 283.225799560547 283.229248046875 283.04541015625 282.442108154297 282.476898193359 282.893493652344 283.276489257812 283.035247802734 282.753448486328 282.697204589844 282.54248046875 282.383087158203 281.895416259766 281.423675537109 281.33349609375 281.241546630859 281.099212646484 281.280944824219 281.614318847656 281.164245605469 281.765106201172 282.107208251953 281.993743896484 282.186248779297 282.075500488281 281.792022705078 281.707702636719
283.419372558594 282.440185546875 282.649688720703 282.670959472656 282.717224121094 282.765991210938 282.548004150391 281.664764404297 280.910034179688 281.968566894531 282.729095458984 282.707672119141 282.45361328125 282.928283691406 282.940399169922 283.134918212891 283.025024414062 283.113067626953 283.092193603516 283.115417480469 283.137878417969 283.159576416016 283.180480957031 283.125122070312 282.672241210938 282.379608154297 282.274993896484 282.46142578125 282.926818847656 283.033813476562 282.666046142578 282.326873779297 282.171478271484 282.128356933594 281.627044677734 281.408508300781 281.448272705078 281.381561279297 281.109405517578 280.807006835938 281.346099853516 280.885375976562 281.561553955078 281.667633056641 281.711853027344 281.976470947266 282.020690917969 281.767791748047 281.402587890625
283.068542480469 282.434295654297 282.671356201172 283.286926269531 282.595184326172 282.594818115234 282.282928466797 281.673309326172 280.873962402344 281.988494873047 282.670806884766 282.175048828125 282.137542724609 282.904022216797 283.022338867188 282.927337646484 282.582824707031 283.020751953125 283.141815185547 283.020355224609 282.808624267578 283.114196777344 283.118499755859 282.942901611328 282.373077392578 282.24267578125 282.212677001953 282.266418457031 -3.4e+38 282.670135498047 282.579467773438 282.353668212891 282.292846679688 281.970550537109 281.803527832031 281.631774902344 281.364990234375 280.998565673828 280.645080566406 280.458953857422 280.723297119141 280.744995117188 281.205261230469 281.500671386719 281.382110595703 281.682312011719 281.6865234375 281.747100830078 281.395355224609
281.989440917969 282.064117431641 282.499481201172 282.741546630859 282.382049560547 282.380676269531 282.072967529297 281.667205810547 280.821197509766 281.817932128906 282.124694824219 281.849243164062 282.014617919922 282.373199462891 283.029602050781 282.93310546875 282.498626708984 282.686157226562 282.488189697266 282.442077636719 282.349975585938 282.617034912109 283.191955566406 283.042907714844 282.363555908203 282.080352783203 281.785614013672 282.105102539062 282.244323730469 282.323272705078 282.485687255859 282.550048828125 282.479736328125 281.872619628906 281.887725830078 281.469177246094 281.240783691406 280.751190185547 280.352752685547 280.363006591797 280.372833251953 280.581787109375 280.781127929688 281.105316162109 280.994476318359 281.434539794922 281.272094726562 281.493103027344 281.51806640625
281.441589355469 282.008605957031 282.476531982422 282.363891601562 282.080261230469 282.313842773438 282.267608642578 281.632568359375 280.778625488281 281.061950683594 281.570495605469 281.262756347656 281.932250976562 282.054229736328 282.649658203125 282.606750488281 282.231719970703 282.469665527344 282.104583740234 282.050720214844 282.202301025391 282.532623291016 283.212158203125 283.101043701172 282.349029541016 281.977386474609 281.850982666016 281.714111328125 282.024597167969 282.025207519531 282.260528564453 282.292510986328 282.482208251953 282.082061767578 282.04443359375 281.557464599609 281.286102294922 280.768524169922 280.627868652344 280.6572265625 280.751281738281 280.397033691406 280.387390136719 280.653106689453 280.681121826172 281.034057617188 281.239196777344 281.181854248047 281.34814453125
281.411926269531 281.921539306641 282.546905517578 282.186492919922 282.567810058594 282.219146728516 281.855194091797 281.56640625 281.361541748047 281.473052978516 281.096557617188 281.586791992188 281.869415283203 281.840179443359 282.103424072266 282.092559814453 281.952209472656 282.375 281.955718994141 281.941650390625 282.098602294922 282.677032470703 283.167510986328 283.019622802734 282.111236572266 281.922882080078 281.971099853516 281.462341308594 281.598449707031 281.749450683594 281.942718505859 281.996856689453 282.308837890625 281.786895751953 281.788024902344 281.639495849609 281.200775146484 281.163726806641 281.108459472656 281.077575683594 280.566680908203 280.37158203125 279.852081298828 280.21533203125 280.050384521484 280.799591064453 281.10986328125 280.602508544922 280.969146728516
281.103363037109 281.946807861328 282.574462890625 282.313262939453 282.09765625 281.829681396484 282.260009765625 282.011932373047 281.542083740234 281.434600830078 280.721343994141 281.120483398438 281.227996826172 281.709808349609 281.800933837891 281.901123046875 281.82763671875 282.156402587891 -3.4e+38 281.512634277344 282.069244384766 282.871246337891 282.590118408203 282.587036132812 281.917297363281 281.498077392578 281.365020751953 281.263458251953 281.182189941406 281.442291259766 281.666534423828 281.62646484375 281.813323974609 281.833404541016 281.404602050781 281.317932128906 281.067932128906 281.189270019531 281.208679199219 280.959167480469 280.375274658203 280.36083984375 280.209228515625 280.125427246094 279.504455566406 280.486389160156 280.551116943359 280.210021972656 280.540435791016
281.3212890625 281.937072753906 283.536163330078 283.171295166016 283.020385742188 282.751159667969 281.752807617188 281.3544921875 281.256164550781 280.901580810547 281.023376464844 281.320770263672 281.281951904297 281.232635498047 281.2822265625 280.951354980469 281.413177490234 281.781951904297 282.020050048828 281.351745605469 281.737915039062 282.126251220703 281.85009765625 281.790130615234 281.858764648438 281.816833496094 281.460327148438 281.038848876953 281.05224609375 280.928527832031 281.210205078125 281.2568359375 281.511596679688 281.97412109375 281.796051025391 281.181823730469 281.172729492188 281.109558105469 281.059051513672 280.401977539062 280.456665039062 280.263793945312 279.675811767578 279.629699707031 279.340179443359 279.782012939453 280.005432128906 280.22607421875 280.457885742188
281.572875976562 282.518951416016 283.849029541016 283.638580322266 283.233551025391 282.269744873047 282.147369384766 281.720031738281 281.071166992188 281.138427734375 281.442535400391 281.814910888672 281.289154052734 281.116302490234 280.826171875 281.046325683594 281.575866699219 281.797485351562 281.441162109375 281.456573486328 281.693634033203 281.848693847656 281.815124511719 281.697235107422 281.349243164062 281.770751953125 281.617462158203 281.029235839844 280.99560546875 280.566192626953 281.18896484375 281.265014648438 281.229553222656 281.547668457031 281.40087890625 281.042144775391 280.846160888672 280.791931152344 281.179779052734 280.901123046875 280.500152587891 280.301849365234 279.470245361328 279.286437988281 279.039184570312 279.679412841797 280.054138183594 280.145721435547 280.253936767578
281.794067382812 283.663696289062 283.853881835938 283.388824462891 283.305541992188 283.051177978516 282.721832275391 281.58154296875 281.239166259766 281.257537841797 281.817352294922 281.997009277344 281.330444335938 281.291290283203 280.685821533203 280.947326660156 281.518493652344 281.686370849609 281.304656982422 281.431213378906 281.660430908203 281.317108154297 281.416290283203 281.661254882812 281.069854736328 281.462829589844 281.405242919922 281.044311523438 281.02587890625 280.332275390625 280.606140136719 280.710998535156 280.932800292969 281.123046875 281.078125 280.93994140625 280.491577148438 280.42578125 280.563659667969 280.643768310547 280.226654052734 280.076385498047 279.344879150391 279.223388671875 278.838531494141 279.564239501953 279.856414794922 279.814819335938 280.117980957031
283.374389648438 284.109100341797 283.945404052734 283.613708496094 283.507598876953 282.553619384766 281.842315673828 281.600341796875 281.189361572266 281.314849853516 282.081237792969 281.887786865234 281.476043701172 281.3173828125 281.121398925781 281.165313720703 281.307373046875 281.402160644531 281.269866943359 281.166259765625 281.35693359375 280.865142822266 281.091705322266 281.164306640625 280.970153808594 281.087554931641 281.088592529297 281.013275146484 281.013702392578 280.237915039062 280.275939941406 280.453765869141 280.842315673828 281.059997558594 280.990417480469 280.918121337891 280.564453125 280.472351074219 280.075073242188 280.185485839844 280.160980224609 279.862335205078 279.654937744141 279.251434326172 278.921081542969 279.2666015625 279.405029296875 279.333831787109 279.884765625
284.189514160156 284.316162109375 283.995147705078 283.832244873047 282.999725341797 281.996185302734 281.692504882812 281.817626953125 281.677215576172 281.774047851562 282.1328125 281.963256835938 281.834350585938 281.469512939453 281.385498046875 281.311004638672 281.284362792969 281.135589599609 281.133056640625 281.047485351562 280.90625 280.56201171875 280.598999023438 280.704925537109 280.907958984375 280.929992675781 280.951416015625 280.972259521484 280.942413330078 280.198059082031 280.227905273438 280.377990722656 280.795562744141 280.985290527344 280.95263671875 280.821990966797 280.272857666016 280.366790771484 279.993774414062 279.979339599609 280.197021484375 279.350616455078 279.443023681641 279.189453125 278.654174804688 279.135437011719 279.279815673828 279.644836425781 279.903778076172
284.547729492188 284.370025634766 284.065551757812 283.833129882812 282.727661132812 281.93994140625 282.097259521484 282.067535400391 281.985687255859 282.037384033203 282.595825195312 282.119201660156 282.111206054688 281.390563964844 281.141021728516 281.011505126953 281.369842529297 281.007110595703 280.941497802734 280.929718017578 280.693939208984 280.323089599609 280.239379882812 280.420989990234 280.597839355469 280.888641357422 280.910430908203 -3.4e+38 280.802978515625 280.158599853516 280.157440185547 280.205352783203 280.786834716797 281.068756103516 280.935852050781 280.902404785156 280.329406738281 280.167785644531 280.02880859375 279.852752685547 280.010284423828 279.527252197266 279.055786132812 278.99560546875 278.764312744141 279.192474365234 279.362091064453 279.949768066406 279.984680175781
284.86376953125 284.534729003906 284.027557373047 283.550231933594 282.516204833984 282.151977539062 282.473114013672 282.542846679688 282.178009033203 282.016937255859 282.698883056641 282.231292724609 282.218414306641 281.717834472656 281.337036132812 281.142150878906 280.884307861328 280.395050048828 280.842712402344 280.840087890625 280.621154785156 280.2109375 280.5595703125 280.550903320312 280.306518554688 280.739105224609 280.761596679688 280.772644042969 280.674499511719 279.972106933594 279.828125 279.972412109375 280.414367675781 280.704162597656 280.848999023438 280.731201171875 280.541687011719 279.969451904297 279.877075195312 279.729187011719 279.523193359375 279.636688232422 279.350799560547 279.005340576172 278.869903564453 279.313781738281 279.724639892578 280.021453857422 280.071166992188
284.830871582031 284.672424316406 283.985778808594 283.558502197266 282.771545410156 282.639221191406 282.803161621094 282.721557617188 282.504180908203 282.466186523438 282.71337890625 282.230926513672 282.207702636719 281.839599609375 281.237182617188 281.054290771484 280.54541015625 279.877319335938 281.021759033203 281.037780761719 280.937377929688 280.614959716797 280.736083984375 280.718566894531 280.564483642578 280.640411376953 280.662963867188 280.604156494141 280.242889404297 279.998168945312 279.911346435547 279.957794189453 280.277496337891 280.465759277344 280.544281005859 280.3076171875 280.626251220703 280.234405517578 279.908386230469 279.677154541016 279.356353759766 279.072998046875 279.011901855469 278.642883300781 279.029632568359 279.362030029297 279.992492675781 279.92431640625 279.479522705078
284.855285644531 284.66796875 283.948638916016 283.666687011719 283.414276123047 283.012634277344 283.009002685547 282.651519775391 282.932739257812 282.973754882812 282.921142578125 282.130706787109 281.406524658203 281.833251953125 281.308715820312 280.717529296875 280.919555664062 280.145751953125 281.090728759766 281.176696777344 -3.4e+38 281.045715332031 281.023254394531 281.026763916016 280.910034179688 280.668273925781 280.454193115234 280.149536132812 279.872802734375 279.722442626953 279.73193359375 279.790161132812 280.237731933594 280.517730712891 280.224975585938 279.768157958984 280.181732177734 280.235626220703 279.955078125 279.945526123047 279.601531982422 278.934722900391 278.645660400391 278.219268798828 278.671356201172 279.280975341797 279.731750488281 279.672607421875 279.121887207031
285.018096923828 284.440673828125 284.040802001953 283.859283447266 283.611877441406 283.222412109375 283.355041503906 282.880340576172 283.043395996094 283.058258056641 282.876190185547 282.19140625 281.612976074219 281.496154785156 281.260559082031 280.930297851562 281.117858886719 280.7197265625 281.491943359375 281.548126220703 281.581756591797 281.038940429688 281.133941650391 281.0390625 280.926696777344 280.840270996094 280.322265625 279.887481689453 279.656036376953 279.525909423828 279.632110595703 279.730102539062 280.123260498047 280.349456787109 280.123077392578 279.585571289062 279.792175292969 280.088958740234 279.911102294922 280.087310791016 279.708618164062 279.047058105469 278.774475097656 278.1943359375 278.658203125 279.254302978516 279.702484130859 279.7021484375 279.380096435547
284.794372558594 284.659271240234 284.252380371094 283.82373046875 283.238220214844 283.576721191406 283.704254150391 283.350555419922 282.999816894531 283.005676269531 282.748809814453 282.020690917969 281.850494384766 281.281494140625 281.17041015625 281.619049072266 281.567718505859 281.129730224609 281.764373779297 281.741516113281 -3.4e+38 281.370513916016 281.431060791016 281.315582275391 280.950103759766 280.873657226562 280.174438476562 279.771057128906 279.623870849609 279.607360839844 279.783050537109 279.933746337891 280.041259765625 279.710662841797 279.764831542969 279.587646484375 279.688018798828 280.015716552734 279.933807373047 279.601501464844 279.447937011719 279.087493896484 279.136688232422 278.656036376953 278.627716064453 279.096435546875 279.744995117188 279.611480712891 279.618377685547
284.397644042969 284.473785400391 284.40869140625 283.997131347656 283.875518798828 283.832946777344 283.536895751953 283.189178466797 282.956634521484 282.981628417969 282.897583007812 282.552520751953 282.412139892578 281.920135498047 281.317687988281 281.888977050781 282.023101806641 281.536590576172 281.698547363281 281.79150390625 281.899841308594 281.81494140625 281.491485595703 281.099365234375 280.849456787109 280.755554199219 280.184234619141 279.846435546875 279.943237304688 279.460357666016 279.755462646484 279.668212890625 279.676452636719 279.444152832031 -3.4e+38 279.466735839844 279.268127441406 279.751251220703 279.813293457031 279.456939697266 279.253723144531 278.776916503906 279.027557373047 278.775146484375 278.333557128906 278.979431152344 279.383483886719 279.224853515625 279.564910888672
284.660827636719 284.324401855469 283.803466796875 283.834991455078 283.405731201172 283.336822509766 283.290008544922 282.854125976562 283.273742675781 283.581909179688 283.505981445312 282.992218017578 282.688903808594 282.026977539062 282.034362792969 282.075805664062 281.783538818359 282.003509521484 281.829193115234 282.433258056641 281.735687255859 281.248626708984 280.829040527344 280.823059082031 280.726013183594 280.709930419922 280.415252685547 280.535369873047 280.196075439453 279.572082519531 279.528747558594 279.254180908203 279.086730957031 279.100280761719 279.222381591797 278.464141845703 278.440612792969 279.526489257812 279.545684814453 -3.4e+38 279.541656494141 278.956420898438 278.66796875 278.408355712891 278.102233886719 278.436798095703 278.580810546875 278.902465820312 279.159332275391
284.662872314453 284.619445800781 284.431701660156 284.332244873047 284.010772705078 283.286224365234 283.706268310547 282.997894287109 283.523406982422 283.885101318359 283.631927490234 283.048614501953 282.275177001953 282.118865966797 282.649261474609 282.36669921875 282.054962158203 282.248229980469 282.015930175781 282.381439208984 281.692657470703 281.495178222656 281.229675292969 280.806091308594 280.828216552734 280.939117431641 280.569030761719 280.416473388672 280.285217285156 279.976531982422 279.895172119141 279.362731933594 278.706878662109 278.570892333984 279.035797119141 278.648132324219 278.558135986328 279.405395507812 279.12255859375 279.246490478516 279.346954345703 279.114929199219 278.583953857422 278.43994140625 278.469329833984 278.283782958984 278.244689941406 278.651458740234 278.933868408203
284.827606201172 284.668243408203 284.697021484375 284.68408203125 284.448333740234 283.496398925781 284.023651123047 283.408111572266 283.597625732422 283.783050537109 283.764770507812 282.958770751953 282.263763427734 282.210540771484 282.844116210938 282.690277099609 282.505676269531 282.611511230469 282.557312011719 282.582183837891 281.951171875 281.667999267578 281.509552001953 280.887786865234 281.306610107422 281.109100341797 280.849456787109 280.636322021484 280.551422119141 280.225341796875 279.790161132812 279.459259033203 278.741363525391 278.978637695312 279.039825439453 278.726654052734 278.602111816406 278.92626953125 278.5205078125 278.740936279297 279.156585693359 279.156799316406 278.795623779297 278.374389648438 278.385314941406 278.157501220703 277.893127441406 278.646179199219 278.838500976562
