rcp4.5models/MPi_ESM_LR/sc1gr4.22
NCOLS 261 
NROWS 433 
XLLCORNER 336357.134 
YLLCORNER 654653.479 
CELLSIZE 1000 
NODATA_value -3.4e+38 
[rows 374 to 395 of 433, columns 147 to 195 of 261]
-3.4e+38 -3.4e+38 265.511871337891 265.052307128906 264.532470703125 264.460418701172 264.585662841797 264.560913085938 264.791564941406 265.145477294922 -3.4e+38 265.652435302734 265.974700927734 265.785858154297 265.537231445312 264.945281982422 264.198516845703 264.411102294922 264.643493652344 264.678649902344 264.154022216797 264.645751953125 265.07568359375 -3.4e+38 264.993499755859 264.769073486328 264.213104248047 264.529327392578 265.210052490234 265.39501953125 266.055084228516 266.650573730469 266.50048828125 266.150146484375 266.655609130859 267.256652832031 267.598968505859 267.260375976562 266.667144775391 266.42578125 266.328796386719 266.272033691406 266.2177734375 -3.4e+38 267.211822509766 267.493774414062 268.033233642578 267.910766601562 268.199554443359
265.488983154297 265.326232910156 265.135681152344 264.784912109375 264.696746826172 264.849334716797 265.071044921875 264.863128662109 264.970581054688 265.003601074219 265.434509277344 -3.4e+38 -3.4e+38 -3.4e+38 265.335754394531 264.908905029297 264.581085205078 264.377502441406 264.798187255859 265.060180664062 264.742431640625 264.919097900391 265.020050048828 264.95703125 264.759552001953 264.339691162109 264.335296630859 265.113830566406 265.6748046875 265.770446777344 266.351776123047 266.618316650391 266.478607177734 266.166717529297 266.940307617188 267.626586914062 267.520050048828 267.365966796875 267.423126220703 267.097351074219 266.916687011719 266.755737304688 266.577758789062 266.856353759766 267.384399414062 267.815979003906 268.2265625 -3.4e+38 268.576873779297
265.537231445312 265.335784912109 265.021606445312 264.814910888672 264.915893554688 265.214935302734 265.562408447266 265.269805908203 265.177612304688 265.025329589844 265.507202148438 -3.4e+38 265.705993652344 265.577972412109 265.393463134766 264.982055664062 264.549499511719 264.294738769531 264.715270996094 265.366058349609 265.260314941406 265.151092529297 265.319458007812 264.954528808594 264.582733154297 264.371368408203 264.678009033203 265.060150146484 265.68017578125 265.900573730469 266.638366699219 266.600402832031 266.516693115234 266.166931152344 266.863739013672 267.464660644531 267.365173339844 267.393249511719 267.517150878906 267.375396728516 267.237976074219 267.178619384766 266.938018798828 267.091033935547 267.34765625 268.155548095703 -3.4e+38 268.233215332031 268.643035888672
265.915161132812 265.607604980469 265.228454589844 265.040924072266 265.201568603516 265.207702636719 265.774353027344 265.723175048828 265.261871337891 265.333801269531 265.824798583984 266.136749267578 265.785491943359 265.602020263672 265.420593261719 264.966033935547 264.562561035156 264.602996826172 264.981719970703 265.537811279297 265.710601806641 265.587524414062 265.287689208984 265.023986816406 265.06982421875 264.977569580078 265.197113037109 265.319366455078 265.784454345703 265.977233886719 266.670806884766 266.671081542969 266.532623291016 266.666259765625 267.165069580078 267.521667480469 267.635314941406 267.376373291016 267.444061279297 267.420715332031 267.141540527344 267.16357421875 266.798980712891 -3.4e+38 267.22998046875 267.722991943359 268.046569824219 268.182403564453 -3.4e+38
266.051818847656 265.889617919922 265.699066162109 265.471374511719 265.505432128906 265.350463867188 265.785369873047 266.131530761719 265.583129882812 265.605743408203 266.187469482422 266.214874267578 265.865783691406 265.652252197266 265.195709228516 264.845947265625 264.7763671875 265.046173095703 265.238647460938 265.556030273438 266.071075439453 265.764373779297 264.879699707031 265.142059326172 265.644836425781 265.614624023438 265.723693847656 265.673004150391 265.725128173828 265.916198730469 266.634002685547 266.784729003906 266.899871826172 266.687042236328 267.240417480469 267.829193115234 268.224670410156 267.727630615234 267.506378173828 267.922149658203 267.292755126953 267.234130859375 266.866516113281 266.687591552734 266.966186523438 267.400451660156 267.446685791016 267.786163330078 268.178741455078
266.086029052734 266.110717773438 266.033782958984 265.759338378906 265.530395507812 265.466827392578 266.027648925781 266.413848876953 266.056976318359 265.925750732422 266.303771972656 266.487487792969 266.082763671875 265.760131835938 265.381713867188 265.258270263672 265.166259765625 265.103820800781 265.286468505859 265.774658203125 266.231719970703 265.851898193359 264.9833984375 265.174041748047 265.659210205078 265.951110839844 266.044036865234 266.081634521484 265.952850341797 265.853820800781 266.524169921875 266.653747558594 267.127227783203 266.970397949219 267.032928466797 267.866516113281 268.262145996094 268.234130859375 267.908386230469 268.295227050781 267.716583251953 267.244812011719 267.164886474609 266.445098876953 266.431671142578 267.224487304688 266.792449951172 266.932098388672 267.702789306641
266.025421142578 266.237365722656 266.502410888672 266.126403808594 265.603881835938 265.578338623047 266.154327392578 -3.4e+38 266.522918701172 266.446258544922 266.649658203125 266.654052734375 266.166015625 265.898101806641 265.799499511719 265.783813476562 265.471557617188 265.015625 265.340850830078 265.782196044922 -3.4e+38 266.118255615234 265.562194824219 265.537689208984 265.626953125 266.0068359375 266.591491699219 266.496429443359 265.949890136719 265.9345703125 266.521759033203 266.471862792969 266.837341308594 267.413360595703 267.266723632812 267.573822021484 268.054870605469 268.245513916016 268.153015136719 -3.4e+38 -3.4e+38 267.671722412109 267.193023681641 266.202667236328 266.044738769531 266.709350585938 266.444305419922 266.535217285156 266.75146484375
266.325408935547 266.302551269531 266.841033935547 266.477416992188 265.915954589844 265.831420898438 265.959838867188 266.545318603516 266.997924804688 266.974822998047 267.033416748047 266.323547363281 266.082733154297 266.172882080078 266.265869140625 266.146179199219 265.583648681641 265.234283447266 265.367523193359 265.584564208984 265.886199951172 266.142150878906 266.090606689453 266.016326904297 265.909545898438 266.189849853516 266.877685546875 266.430450439453 265.783538818359 266.224334716797 266.05078125 266.093444824219 266.598327636719 266.979278564453 267.302215576172 267.382476806641 267.656188964844 267.778656005859 -3.4e+38 -3.4e+38 268.010131835938 267.790344238281 267.271087646484 266.628295898438 265.882080078125 266.065246582031 266.445068359375 266.903289794922 266.809020996094
267.003997802734 266.635833740234 266.864776611328 266.653564453125 266.4453125 266.3662109375 266.167633056641 266.505493164062 266.899688720703 267.191650390625 267.027130126953 266.260772705078 -3.4e+38 -3.4e+38 266.630920410156 266.257415771484 265.633453369141 265.459106445312 265.530639648438 265.856842041016 266.157470703125 266.333190917969 266.283294677734 266.332244873047 266.41162109375 266.41259765625 266.958770751953 266.672454833984 266.456146240234 266.377807617188 265.508972167969 265.613189697266 266.124114990234 266.222900390625 266.890502929688 266.952880859375 267.386016845703 267.7177734375 268.318237304688 -3.4e+38 -3.4e+38 -3.4e+38 267.575408935547 267.229187011719 266.418487548828 265.770446777344 267.013671875 267.539825439453 267.25244140625
267.329345703125 267.375457763672 267.3896484375 267.766754150391 267.545349121094 267.372741699219 267.116333007812 266.612091064453 266.453063964844 267.087127685547 267.329650878906 266.753509521484 266.134735107422 -3.4e+38 266.273529052734 266.147033691406 265.885375976562 265.458343505859 265.639709472656 266.157867431641 266.736633300781 267.005920410156 266.426696777344 267.002471923828 267.043304443359 267.059814453125 267.153137207031 266.764526367188 266.597930908203 266.138488769531 265.947540283203 266.096374511719 265.810241699219 266.594665527344 266.755249023438 267.103668212891 267.090850830078 267.226745605469 268.120513916016 -3.4e+38 -3.4e+38 -3.4e+38 268.537719726562 267.949584960938 267.348297119141 267.834228515625 267.958587646484 267.3759765625 264.37353515625
267.12744140625 267.543792724609 267.569396972656 267.757873535156 267.605285644531 267.650543212891 267.452056884766 267.052093505859 266.802703857422 267.218841552734 267.503601074219 267.135223388672 266.567810058594 266.223175048828 265.741302490234 265.620208740234 265.691833496094 265.615631103516 266.075439453125 266.442413330078 266.65625 267.080474853516 266.817962646484 267.185852050781 267.472686767578 267.692108154297 267.677642822266 266.87158203125 266.804321289062 266.581970214844 266.386566162109 266.564788818359 266.140899658203 266.829559326172 -3.4e+38 267.611053466797 267.464111328125 267.300445556641 267.981811523438 -3.4e+38 -3.4e+38 268.860443115234 269.061218261719 268.658416748047 268.010986328125 268.057647705078 268.052459716797 266.991668701172 264.821228027344
267.147918701172 267.572143554688 267.506744384766 267.721038818359 267.791168212891 267.826171875 267.833129882812 267.450073242188 267.354248046875 267.543884277344 -3.4e+38 267.372314453125 266.962463378906 266.4970703125 265.898986816406 265.500061035156 265.574798583984 265.733245849609 266.120269775391 266.361267089844 266.600646972656 266.986694335938 267.221466064453 267.449890136719 268.084777832031 268.15478515625 267.761688232422 266.899322509766 266.8310546875 266.752777099609 266.723236083984 266.589508056641 266.586212158203 266.819549560547 267.221954345703 267.549499511719 -3.4e+38 267.850891113281 267.735137939453 268.570129394531 268.833068847656 269.154083251953 269.270721435547 269.264953613281 269.091094970703 268.396850585938 268.039520263672 267.620849609375 267.344635009766
267.257415771484 267.140808105469 266.928894042969 267.340209960938 267.600463867188 267.840789794922 268.052429199219 267.619750976562 267.633697509766 267.735107421875 267.527252197266 267.0625 266.688293457031 266.397216796875 266.128662109375 265.889373779297 265.876953125 265.8154296875 265.588165283203 265.936828613281 266.603851318359 266.906127929688 267.330139160156 267.585845947266 268.206817626953 268.101470947266 267.902069091797 267.327453613281 266.830718994141 266.886291503906 267.324279785156 266.862030029297 266.05859375 266.7421875 267.279754638672 267.62451171875 268.041687011719 268.146759033203 267.936920166016 268.300842285156 268.416809082031 268.784423828125 269.190856933594 269.182739257812 269.218414306641 -3.4e+38 268.394989013672 268.095672607422 268.007629394531
266.837707519531 266.911224365234 267.047393798828 267.388946533203 267.701721191406 267.884979248047 268.114227294922 267.805633544922 267.632202148438 -3.4e+38 267.494384765625 266.893402099609 266.353515625 266.277282714844 266.371490478516 266.2509765625 266.074340820312 266.208648681641 265.588012695312 265.7099609375 266.382873535156 266.632507324219 267.359985351562 267.412963867188 267.748229980469 268.015808105469 267.961975097656 267.740112304688 267.106994628906 267.547027587891 267.846069335938 267.072601318359 265.952789306641 266.700805664062 267.10595703125 267.654663085938 268.276397705078 268.363494873047 268.309783935547 268.302185058594 268.435394287109 268.367309570312 269.003997802734 269.101196289062 269.073791503906 268.045074462891 268.834014892578 268.284545898438 267.095245361328
266.853363037109 267.123687744141 267.578979492188 267.854858398438 268.035034179688 268.1025390625 268.254119873047 268.028961181641 267.873657226562 267.810150146484 267.526519775391 266.67041015625 266.355072021484 266.749877929688 266.874908447266 266.639678955078 266.345672607422 266.513824462891 265.866790771484 265.636108398438 265.965667724609 266.300109863281 266.760711669922 266.719940185547 267.131652832031 267.618438720703 267.855987548828 267.709808349609 267.597534179688 268.021759033203 267.787841796875 266.949890136719 266.84521484375 266.705505371094 266.648986816406 267.2666015625 267.994110107422 268.497222900391 268.769622802734 268.866485595703 268.975524902344 268.493682861328 269.151641845703 269.144439697266 269.2197265625 269.126586914062 269.101013183594 268.462219238281 266.3662109375
267.033020019531 267.275726318359 267.52392578125 267.773315429688 267.927276611328 268.077850341797 268.312072753906 268.228759765625 268.179626464844 267.949768066406 267.434387207031 266.727478027344 266.739288330078 267.003753662109 267.044250488281 266.919769287109 266.769104003906 266.653839111328 266.228271484375 265.934844970703 266.042907714844 266.029510498047 266.403839111328 266.748229980469 267.320770263672 267.62841796875 267.85546875 267.776947021484 267.816101074219 267.879943847656 267.789520263672 267.349792480469 267.489410400391 267.354858398438 267.211730957031 267.259155273438 267.998107910156 268.686645507812 269.029113769531 269.309600830078 269.4609375 269.014495849609 269.424896240234 269.375915527344 269.406829833984 269.311187744141 269.501159667969 268.965545654297 267.884399414062
266.899780273438 267.239715576172 267.136901855469 267.062103271484 267.465881347656 267.774017333984 268.128936767578 268.287994384766 268.113708496094 267.709503173828 267.577331542969 267.169494628906 267.214263916016 267.494720458984 267.481140136719 267.358795166016 267.074676513672 266.761047363281 266.613708496094 266.497406005859 266.414642333984 266.036041259766 266.149291992188 266.95751953125 267.67578125 268.18017578125 268.048095703125 267.894317626953 267.782470703125 267.857299804688 267.791900634766 267.715576171875 267.711975097656 267.789215087891 267.828338623047 267.737091064453 268.085876464844 268.606079101562 268.766754150391 269.37451171875 269.570587158203 269.519470214844 269.636047363281 269.609649658203 269.453216552734 269.412506103516 269.857818603516 269.60888671875 269.263061523438
266.598785400391 -3.4e+38 266.610321044922 266.611877441406 267.040802001953 267.360656738281 267.910705566406 268.290130615234 268.277770996094 267.946441650391 267.829223632812 267.887237548828 267.765258789062 267.894439697266 267.770721435547 267.510589599609 267.108703613281 267.147216796875 267.005249023438 266.802551269531 266.743621826172 266.390838623047 265.951354980469 266.581817626953 267.584808349609 268.404510498047 268.588012695312 268.088989257812 267.949066162109 267.942077636719 267.817352294922 267.716583251953 267.700836181641 268.140869140625 268.092559814453 267.741546630859 267.917755126953 268.195373535156 268.603576660156 269.356506347656 269.534118652344 -3.4e+38 269.805725097656 269.756713867188 269.665191650391 269.811553955078 270.149688720703 269.984313964844 269.739990234375
265.905792236328 266.294036865234 266.371459960938 266.729644775391 267.189453125 267.358917236328 267.988159179688 268.347900390625 268.541168212891 268.480041503906 268.266662597656 268.258453369141 268.050598144531 267.861968994141 267.548065185547 267.366088867188 267.044830322266 267.593994140625 267.448760986328 267.296936035156 267.278167724609 -3.4e+38 266.448333740234 267.004638671875 267.637054443359 268.520080566406 268.857543945312 268.570556640625 268.120758056641 268.052642822266 267.949859619141 268.046508789062 268.382659912109 268.745697021484 268.321502685547 267.578155517578 267.670959472656 268.015319824219 268.707672119141 269.215118408203 269.391662597656 269.695037841797 -3.4e+38 -3.4e+38 270.042449951172 270.086517333984 270.423492431641 270.314544677734 270.300140380859
265.788635253906 266.262481689453 266.397857666016 266.790008544922 267.275634765625 267.451812744141 268.034759521484 268.100677490234 268.358337402344 268.626647949219 268.689514160156 268.091827392578 267.801849365234 267.759368896484 267.790802001953 267.669799804688 267.433288574219 267.710998535156 267.516235351562 267.309753417969 267.447906494141 267.270843505859 266.8798828125 267.025512695312 267.460357666016 267.980255126953 268.481781005859 269.021850585938 268.604553222656 268.512237548828 268.084503173828 268.383972167969 269.040679931641 268.918060302734 268.382965087891 267.496612548828 267.657958984375 268.261688232422 268.56689453125 268.908874511719 269.290405273438 269.467071533203 269.73046875 -3.4e+38 270.048248291016 269.904052734375 270.172271728516 270.312042236328 270.508880615234
266.332733154297 266.641784667969 266.547393798828 266.580871582031 266.926177978516 267.221984863281 267.709197998047 267.901733398438 268.272613525391 268.655731201172 268.693450927734 268.008666992188 267.739776611328 267.756225585938 268.157928466797 267.951049804688 267.719177246094 267.574798583984 267.288726806641 267.241668701172 267.522064208984 267.651458740234 267.110015869141 266.530487060547 267.315673828125 267.825988769531 268.337219238281 269.053863525391 269.010162353516 268.846649169922 268.521514892578 268.682983398438 269.051635742188 269.189880371094 268.614837646484 267.670013427734 268.036529541016 268.575897216797 268.418975830078 268.621704101562 269.334930419922 269.471649169922 269.441040039062 269.621337890625 269.656280517578 269.888275146484 270.046691894531 270.232543945312 270.383728027344
266.232482910156 266.950592041016 267.299377441406 267.192413330078 267.166656494141 267.114471435547 267.206085205078 267.490112304688 267.946929931641 268.61181640625 269.046478271484 268.590545654297 268.514892578125 268.397277832031 268.651580810547 268.479095458984 268.116058349609 267.877777099609 267.896575927734 268.240234375 268.699096679688 268.511932373047 267.359924316406 267.280822753906 267.293365478516 267.729583740234 268.498321533203 269.224731445312 269.062408447266 269.016571044922 269.067565917969 269.304809570312 269.501861572266 269.556030273438 269.116455078125 268.832580566406 269.243316650391 269.046600341797 268.886322021484 268.894897460938 268.964233398438 268.871704101562 268.964965820312 269.376586914062 269.754333496094 270.204528808594 270.370788574219 270.382019042969 270.540893554688
