rcp4.5models/MPi_ESM_LR/sc1gr5.37
NCOLS 261 
NROWS 433 
XLLCORNER 336357.134 
YLLCORNER 654653.479 
CELLSIZE 1000 
NODATA_value -3.4e+38 
[rows 66 to 87 of 433, columns 49 to 97 of 261]
-3.4e+38 -3.4e+38 -3.4e+38 -3.4e+38 -3.4e+38 -3.4e+38 -3.4e+38 -3.4e+38 -3.4e+38 -3.4e+38 -3.4e+38 -3.4e+38 -3.4e+38 -3.4e+38 -3.4e+38 -3.4e+38 -3.4e+38 -3.4e+38 290.82177734375 291.551818847656 -3.4e+38 291.302490234375 291.566040039062 291.267517089844 291.005187988281 290.840545654297 290.317169189453 290.074279785156 289.872406005859 290.525573730469 290.569488525391 291.031402587891 290.991851806641 290.545013427734 290.961303710938 290.971496582031 291.187225341797 290.852203369141 290.457702636719 290.509002685547 -3.4e+38 290.152130126953 290.208190917969 290.522918701172 -3.4e+38 -3.4e+38 289.871368408203 289.641357421875 289.616394042969
-3.4e+38 -3.4e+38 -3.4e+38 -3.4e+38 -3.4e+38 -3.4e+38 -3.4e+38 -3.4e+38 -3.4e+38 -3.4e+38 -3.4e+38 -3.4e+38 -3.4e+38 -3.4e+38 -3.4e+38 -3.4e+38 -3.4e+38 -3.4e+38 291.060791015625 291.43896484375 291.440979003906 -3.4e+38 291.237426757812 290.881164550781 290.820556640625 290.668792724609 290.522766113281 290.202728271484 290.191497802734 290.028350830078 290.18408203125 291.274353027344 290.640563964844 290.194000244141 290.571105957031 291.073303222656 -3.4e+38 -3.4e+38 290.455200195312 290.560363769531 290.774963378906 290.25390625 289.867034912109 289.973907470703 290.1220703125 290.120697021484 290.194854736328 290.007965087891 289.663452148438
-3.4e+38 -3.4e+38 -3.4e+38 -3.4e+38 -3.4e+38 -3.4e+38 -3.4e+38 -3.4e+38 -3.4e+38 -3.4e+38 -3.4e+38 -3.4e+38 -3.4e+38 -3.4e+38 -3.4e+38 -3.4e+38 -3.4e+38 -3.4e+38 291.658660888672 290.946624755859 291.500610351562 291.227813720703 290.968688964844 290.806365966797 290.538665771484 290.326202392578 290.053558349609 289.887786865234 289.787261962891 289.740966796875 289.355651855469 290.975036621094 290.804473876953 290.084014892578 290.124450683594 289.957336425781 290.448577880859 290.615417480469 290.720703125 290.437927246094 290.320098876953 289.966766357422 289.622100830078 289.404418945312 289.614227294922 289.657928466797 289.600311279297 289.622344970703 289.281463623047
-3.4e+38 -3.4e+38 -3.4e+38 -3.4e+38 -3.4e+38 -3.4e+38 -3.4e+38 -3.4e+38 -3.4e+38 -3.4e+38 -3.4e+38 -3.4e+38 -3.4e+38 -3.4e+38 -3.4e+38 -3.4e+38 -3.4e+38 -3.4e+38 291.737030029297 290.874664306641 291.490814208984 290.972778320312 290.789337158203 290.743438720703 290.433959960938 290.487487792969 289.957092285156 289.889221191406 289.670318603516 289.626708984375 289.738708496094 290.9287109375 291.065612792969 290.689636230469 290.347106933594 290.175170898438 290.279846191406 290.720306396484 290.436126708984 290.153167724609 289.977600097656 -3.4e+38 -3.4e+38 289.606781005859 289.443969726562 289.532501220703 289.362762451172 289.404083251953 289.335174560547
-3.4e+38 -3.4e+38 -3.4e+38 -3.4e+38 -3.4e+38 -3.4e+38 -3.4e+38 -3.4e+38 -3.4e+38 -3.4e+38 -3.4e+38 -3.4e+38 -3.4e+38 -3.4e+38 -3.4e+38 -3.4e+38 -3.4e+38 -3.4e+38 291.683868408203 290.907409667969 291.047515869141 290.889984130859 290.732696533203 290.5126953125 290.525573730469 290.361175537109 290.165222167969 289.718566894531 289.60693359375 289.837310791016 289.943695068359 290.705871582031 290.885589599609 291.057861328125 290.450134277344 290.277221679688 290.161773681641 290.323211669922 290.149810791016 289.650115966797 289.696105957031 289.741912841797 -3.4e+38 289.713348388672 289.484039306641 289.417816162109 289.250946044922 289.337615966797 289.227355957031
-3.4e+38 -3.4e+38 -3.4e+38 -3.4e+38 -3.4e+38 -3.4e+38 -3.4e+38 -3.4e+38 -3.4e+38 -3.4e+38 -3.4e+38 -3.4e+38 -3.4e+38 -3.4e+38 -3.4e+38 -3.4e+38 -3.4e+38 291.844360351562 291.664611816406 291.229675292969 290.769104003906 290.753356933594 290.60791015625 290.404144287109 290.339782714844 290.026733398438 290.242340087891 289.947875976562 289.606964111328 289.698852539062 289.934143066406 290.484069824219 -3.4e+38 290.656829833984 290.439605712891 290.269775390625 290.099792480469 290.095245361328 289.974761962891 289.421325683594 289.579528808594 289.674591064453 289.667449951172 289.704895019531 289.42236328125 289.244750976562 289.085784912109 289.333862304688 289.262481689453
-3.4e+38 -3.4e+38 -3.4e+38 -3.4e+38 -3.4e+38 -3.4e+38 -3.4e+38 -3.4e+38 -3.4e+38 -3.4e+38 -3.4e+38 -3.4e+38 -3.4e+38 -3.4e+38 -3.4e+38 -3.4e+38 -3.4e+38 291.670104980469 291.321716308594 291.223785400391 290.716003417969 290.807189941406 290.445281982422 290.498718261719 290.129608154297 289.911865234375 289.675231933594 289.846893310547 289.707489013672 289.361389160156 289.809112548828 290.423309326172 -3.4e+38 290.432922363281 290.095092773438 290.0380859375 290.092254638672 290.085357666016 289.693298339844 289.524993896484 289.67626953125 289.505065917969 289.497314453125 289.481170654297 289.232208251953 288.664520263672 289.13232421875 289.438262939453 289.416534423828
-3.4e+38 -3.4e+38 -3.4e+38 -3.4e+38 -3.4e+38 -3.4e+38 -3.4e+38 -3.4e+38 -3.4e+38 -3.4e+38 -3.4e+38 -3.4e+38 -3.4e+38 -3.4e+38 -3.4e+38 -3.4e+38 291.756927490234 291.622344970703 291.15478515625 291.050018310547 290.696929931641 290.845794677734 290.613464355469 290.324310302734 290.175537109375 289.794158935547 289.415191650391 289.730926513672 289.523376464844 289.364379882812 290.196685791016 290.421295166016 290.424407958984 290.199981689453 289.923004150391 289.920959472656 290.084259033203 290.079956054688 290.014984130859 -3.4e+38 289.619812011719 289.490173339844 289.371887207031 289.259307861328 289.287292480469 288.990814208984 288.844665527344 288.870666503906 289.367004394531
-3.4e+38 -3.4e+38 -3.4e+38 -3.4e+38 -3.4e+38 -3.4e+38 -3.4e+38 -3.4e+38 -3.4e+38 -3.4e+38 -3.4e+38 -3.4e+38 -3.4e+38 -3.4e+38 -3.4e+38 -3.4e+38 291.750854492188 291.502593994141 291.025726318359 291.32177734375 291.037384033203 291.077819824219 291.043762207031 290.572540283203 290.447509765625 289.968536376953 289.857513427734 289.959320068359 289.306640625 289.864074707031 290.406158447266 290.863128662109 290.194549560547 289.970123291016 289.914154052734 290.024047851562 290.074859619141 289.958984375 289.790191650391 289.721649169922 289.339996337891 289.43115234375 289.346984863281 288.783264160156 289.453399658203 289.338256835938 289.269866943359 288.493011474609 288.677368164062
-3.4e+38 -3.4e+38 -3.4e+38 -3.4e+38 -3.4e+38 -3.4e+38 -3.4e+38 -3.4e+38 -3.4e+38 -3.4e+38 -3.4e+38 -3.4e+38 -3.4e+38 -3.4e+38 -3.4e+38 -3.4e+38 291.741851806641 291.226226806641 291.311828613281 291.468139648438 291.174438476562 291.169860839844 291.181518554688 290.935791015625 290.884582519531 290.741851806641 290.629852294922 290.630676269531 290.155487060547 290.299194335938 290.739501953125 -3.4e+38 290.075622558594 289.906280517578 290.017181396484 -3.4e+38 290.065124511719 289.891967773438 289.557952880859 289.496032714844 289.315155029297 289.3603515625 289.146423339844 289.267395019531 288.981353759766 289.321380615234 289.070861816406 288.256958007812 288.224761962891
-3.4e+38 -3.4e+38 -3.4e+38 -3.4e+38 -3.4e+38 -3.4e+38 -3.4e+38 -3.4e+38 -3.4e+38 -3.4e+38 -3.4e+38 -3.4e+38 -3.4e+38 -3.4e+38 -3.4e+38 291.709014892578 291.507904052734 291.556671142578 291.448516845703 291.131866455078 291.146270751953 291.04833984375 291.054931640625 291.017364501953 291.136566162109 290.924774169922 290.986907958984 290.994506835938 290.784973144531 290.734954833984 290.893127441406 290.511566162109 290.176910400391 290.121185302734 290.175109863281 290.392242431641 290.055389404297 289.883758544922 289.659271240234 289.593597412109 289.357330322266 289.120910644531 288.597900390625 289.003662109375 288.563323974609 288.670318603516 288.57275390625 288.146484375 288.344940185547
-3.4e+38 -3.4e+38 -3.4e+38 -3.4e+38 -3.4e+38 -3.4e+38 -3.4e+38 -3.4e+38 -3.4e+38 -3.4e+38 -3.4e+38 -3.4e+38 -3.4e+38 -3.4e+38 -3.4e+38 -3.4e+38 291.505340576172 291.503540039062 291.441070556641 291.317138671875 291.145721435547 290.87841796875 290.766021728516 290.996459960938 291.063446044922 290.862274169922 290.913330078125 290.921203613281 290.875457763672 290.994384765625 290.772857666016 290.665954589844 290.220062255859 290.444549560547 290.554382324219 290.548400878906 290.372650146484 289.761596679688 289.487823486328 289.585876464844 289.35791015625 289.226531982422 289.009185791016 289.311828613281 289.097991943359 288.209106445312 288.271789550781 288.557037353516 288.557861328125
-3.4e+38 -3.4e+38 -3.4e+38 -3.4e+38 -3.4e+38 -3.4e+38 -3.4e+38 -3.4e+38 -3.4e+38 -3.4e+38 -3.4e+38 -3.4e+38 -3.4e+38 -3.4e+38 291.666717529297 291.490386962891 291.428955078125 291.399017333984 291.430328369141 291.33349609375 291.023773193359 290.926483154297 290.885284423828 290.990570068359 290.666717529297 290.503265380859 290.619384765625 290.629028320312 290.297698974609 290.805023193359 290.594940185547 290.708282470703 290.546966552734 290.655487060547 290.817474365234 290.535522460938 290.197357177734 289.809204101562 289.696075439453 289.735015869141 289.356231689453 289.449005126953 289.436859130859 289.328521728516 289.252624511719 288.986358642578 288.686553955078 289.001922607422 289.02490234375
-3.4e+38 -3.4e+38 -3.4e+38 -3.4e+38 -3.4e+38 -3.4e+38 -3.4e+38 -3.4e+38 -3.4e+38 -3.4e+38 -3.4e+38 -3.4e+38 -3.4e+38 291.632720947266 291.545074462891 291.62744140625 291.383422851562 291.385101318359 291.306945800781 291.157592773438 291.293975830078 291.198974609375 291.092803955078 290.649230957031 290.383850097656 290.672088623047 290.173675537109 290.282379150391 289.797454833984 290.123809814453 290.640380859375 290.81005859375 290.698455810547 290.808837890625 290.637817382812 290.416564941406 290.356658935547 290.184020996094 289.957427978516 289.736022949219 289.666717529297 289.601165771484 289.483825683594 289.354431152344 289.128051757812 288.930328369141 289.069702148438 289.206115722656 289.034423828125
-3.4e+38 -3.4e+38 -3.4e+38 -3.4e+38 -3.4e+38 -3.4e+38 -3.4e+38 -3.4e+38 -3.4e+38 -3.4e+38 -3.4e+38 -3.4e+38 -3.4e+38 291.495056152344 291.40185546875 291.328002929688 291.342620849609 291.136352539062 291.059539794922 291.283569335938 291.354370117188 291.160461425781 290.905731201172 290.794647216797 290.80078125 290.307281494141 290.316070556641 290.167938232422 289.996215820312 289.954711914062 290.397857666016 290.672424316406 290.448425292969 289.844207763672 290.124603271484 290.61376953125 290.446807861328 290.389678955078 290.387878417969 290.415832519531 289.842468261719 289.360717773438 289.238006591797 289.134918212891 289.287384033203 289.32470703125 289.311401367188 289.238433837891 288.98291015625
-3.4e+38 -3.4e+38 -3.4e+38 -3.4e+38 -3.4e+38 -3.4e+38 -3.4e+38 -3.4e+38 -3.4e+38 -3.4e+38 -3.4e+38 -3.4e+38 -3.4e+38 -3.4e+38 291.299102783203 291.084655761719 290.979309082031 291.127044677734 291.048919677734 291.223968505859 291.13134765625 291.091674804688 290.826690673828 290.553894042969 290.44384765625 290.248199462891 289.850311279297 289.739044189453 289.640380859375 290.042877197266 290.604339599609 290.321136474609 290.045013427734 289.939666748047 289.886779785156 290.108306884766 290.324432373047 290.321563720703 290.319732666016 290.362457275391 290.146209716797 289.306579589844 289.520233154297 289.774627685547 289.889556884766 289.323699951172 289.331024169922 289.533660888672 289.055267333984
-3.4e+38 -3.4e+38 -3.4e+38 -3.4e+38 -3.4e+38 -3.4e+38 -3.4e+38 -3.4e+38 -3.4e+38 -3.4e+38 -3.4e+38 -3.4e+38 -3.4e+38 -3.4e+38 291.030578613281 290.855895996094 291.045257568359 291.164367675781 291.148590087891 291.215301513672 291.182678222656 291.193145751953 290.540252685547 290.320831298828 290.275268554688 290.169342041016 289.516754150391 289.236755371094 289.127044677734 289.750183105469 289.969940185547 290.258178710938 290.03759765625 289.869537353516 289.810821533203 289.607727050781 290.308898925781 290.205047607422 290.415771484375 290.409332275391 290.349304199219 289.305694580078 -3.4e+38 -3.4e+38 290.026123046875 289.684783935547 289.651031494141 289.315399169922 289.437622070312
-3.4e+38 -3.4e+38 -3.4e+38 -3.4e+38 -3.4e+38 -3.4e+38 -3.4e+38 -3.4e+38 -3.4e+38 -3.4e+38 -3.4e+38 -3.4e+38 -3.4e+38 290.907958984375 290.815887451172 290.899108886719 291.126373291016 291.0419921875 291.1865234375 290.863464355469 291.092742919922 290.99951171875 290.308441162109 290.252044677734 290.146911621094 289.989196777344 289.674987792969 289.573150634766 289.410278320312 289.968170166016 289.859893798828 290.183990478516 289.795654296875 289.576629638672 289.469787597656 289.579681396484 289.654205322266 290.353790283203 290.455505371094 290.343383789062 290.281585693359 289.907745361328 -3.4e+38 289.498291015625 289.612701416016 289.895324707031 289.67236328125 289.497589111328 289.653076171875
-3.4e+38 -3.4e+38 -3.4e+38 -3.4e+38 -3.4e+38 -3.4e+38 -3.4e+38 -3.4e+38 -3.4e+38 -3.4e+38 -3.4e+38 -3.4e+38 -3.4e+38 290.779022216797 290.864227294922 291.047149658203 291.006958007812 290.976287841797 291.060546875 290.814392089844 290.916015625 290.769195556641 290.692077636719 290.244903564453 289.854461669922 289.806427001953 289.534606933594 289.653137207031 289.379333496094 290.225677490234 289.837860107422 289.783508300781 289.840606689453 289.561096191406 289.295562744141 289.614288330078 289.407501220703 289.801788330078 290.223846435547 290.170196533203 290.266174316406 290.125427246094 289.616333007812 289.237213134766 289.098876953125 289.351165771484 289.236663818359 289.314147949219 289.701568603516
-3.4e+38 -3.4e+38 -3.4e+38 -3.4e+38 -3.4e+38 -3.4e+38 -3.4e+38 -3.4e+38 -3.4e+38 -3.4e+38 -3.4e+38 -3.4e+38 290.737762451172 290.827606201172 291.011779785156 291.085968017578 290.948303222656 291.073059082031 290.88037109375 290.841857910156 290.853973388672 290.703521728516 290.419769287109 290.224670410156 289.736999511719 289.739074707031 289.75634765625 289.814239501953 289.600006103516 290.378540039062 290.219757080078 290.168365478516 290.271759033203 290.04638671875 289.727111816406 290.038757324219 289.666015625 289.865020751953 289.549072265625 289.54931640625 289.603759765625 289.547515869141 -3.4e+38 289.200897216797 288.687469482422 288.857513427734 289.142272949219 289.081970214844 289.689880371094
-3.4e+38 -3.4e+38 -3.4e+38 -3.4e+38 -3.4e+38 -3.4e+38 -3.4e+38 -3.4e+38 -3.4e+38 -3.4e+38 -3.4e+38 -3.4e+38 -3.4e+38 290.860870361328 291.044250488281 290.959167480469 290.927795410156 290.99072265625 290.925598144531 290.828063964844 290.838409423828 290.915344238281 290.66357421875 290.553924560547 290.179595947266 290.410400390625 290.241333007812 290.360137939453 290.198699951172 290.418304443359 290.421325683594 290.421630859375 290.311981201172 290.259002685547 290.26220703125 290.363861083984 290.202606201172 290.289367675781 289.774139404297 289.143096923828 289.251556396484 289.139953613281 289.391906738281 289.186187744141 288.657989501953 288.717224121094 288.870727539062 288.864929199219 289.52099609375
-3.4e+38 -3.4e+38 -3.4e+38 -3.4e+38 -3.4e+38 -3.4e+38 -3.4e+38 -3.4e+38 -3.4e+38 -3.4e+38 -3.4e+38 -3.4e+38 290.824035644531 290.961761474609 291.034362792969 291.011535644531 290.914520263672 290.814147949219 290.845489501953 290.810089111328 291.050506591797 290.888549804688 290.504638671875 290.459594726562 290.366668701172 290.477783203125 290.496002197266 290.668243408203 290.394470214844 290.402618408203 290.402221679688 290.182678222656 290.136077880859 290.356597900391 290.410400390625 290.406097412109 290.297821044922 290.287322998047 290.055603027344 289.706329345703 289.33056640625 288.959503173828 289.193969726562 288.885314941406 288.900787353516 288.66943359375 288.362213134766 288.426208496094 289.231018066406
