rcp4.5models/MPi_ESM_LR/sc1gr3.19
NCOLS 261 
NROWS 433 
XLLCORNER 336357.134 
YLLCORNER 654653.479 
CELLSIZE 1000 
NODATA_value -3.4e+38 
[rows 374 to 395 of 433, columns 98 to 146 of 261]
243.249313354492 243.462265014648 243.38557434082 246.396072387695 244.364700317383 240.164794921875 231.449905395508 224.858901977539 226.398071289062 233.424545288086 237.721817016602 239.097259521484 240.401504516602 236.252243041992 223.568511962891 220.881225585938 218.146179199219 213.825744628906 207.094604492188 203.353866577148 201.962326049805 199.082153320312 200.025360107422 204.042510986328 209.770370483398 214.307632446289 218.576766967773 219.401763916016 218.359725952148 219.763885498047 223.332641601562 226.954010009766 231.893859863281 232.896636962891 234.376708984375 241.197967529297 249.375625610352 250.817825317383 244.256225585938 244.601547241211 252.907318115234 256.835784912109 257.457275390625 257.566284179688 257.599029541016 -3.4e+38 -3.4e+38 -3.4e+38 -3.4e+38
241.733673095703 243.452224731445 241.724212646484 242.037536621094 246.085510253906 245.777923583984 237.982604980469 230.828430175781 229.870376586914 231.06803894043 233.105072021484 237.207244873047 240.752517700195 237.703109741211 221.746368408203 212.125732421875 207.087768554688 200.156341552734 194.092636108398 193.018264770508 193.653884887695 192.285278320312 192.747024536133 197.998687744141 205.751342773438 214.043472290039 227.434020996094 228.632461547852 228.938171386719 227.953002929688 225.570053100586 224.948974609375 228.062423706055 230.169708251953 233.284606933594 236.365600585938 239.106735229492 255.257797241211 252.946441650391 250.834365844727 254.869491577148 256.968444824219 257.356353759766 257.447479248047 257.497619628906 257.919860839844 258.259979248047 -3.4e+38 -3.4e+38
239.025970458984 238.333633422852 238.563858032227 238.94303894043 242.890014648438 246.032897949219 244.791015625 242.358459472656 238.937316894531 236.575134277344 236.556091308594 239.063720703125 240.691970825195 240.065353393555 230.004501342773 218.473449707031 211.183837890625 203.743988037109 200.049926757812 200.333755493164 198.345108032227 196.749938964844 196.675750732422 200.468536376953 209.012878417969 217.261245727539 228.421478271484 231.288681030273 233.108489990234 231.907409667969 232.711090087891 235.81298828125 233.348342895508 229.082077026367 233.018920898438 239.188766479492 239.835784912109 253.807037353516 257.10693359375 257.411804199219 257.562896728516 257.301483154297 257.289215087891 257.576354980469 257.734008789062 -3.4e+38 -3.4e+38 -3.4e+38 -3.4e+38
236.084335327148 233.959167480469 232.91960144043 238.977157592773 240.584167480469 242.626647949219 243.715316772461 240.805908203125 238.399536132812 236.684494018555 234.039916992188 237.687591552734 240.666961669922 240.180236816406 237.068649291992 232.33869934082 226.397811889648 221.030334472656 216.537567138672 213.495788574219 209.306655883789 206.267135620117 204.109268188477 206.483062744141 215.232879638672 222.612503051758 232.774795532227 234.872634887695 237.989181518555 236.555023193359 234.410781860352 238.800186157227 241.499877929688 238.344604492188 238.512908935547 243.98063659668 244.58268737793 250.901763916016 256.473937988281 257.842742919922 257.879943847656 257.650634765625 257.387908935547 257.872955322266 258.071655273438 257.818511962891 258.274658203125 258.759704589844 258.348815917969
237.489929199219 234.338317871094 231.700286865234 231.441177368164 234.911666870117 237.286834716797 239.187377929688 235.576919555664 232.252334594727 228.849426269531 225.025100708008 226.696228027344 230.399490356445 233.473358154297 235.154449462891 233.218414306641 227.553619384766 222.961532592773 219.150451660156 215.076370239258 210.616424560547 206.174285888672 202.701599121094 204.021377563477 210.890472412109 219.525177001953 234.654754638672 236.357162475586 240.249465942383 242.759994506836 239.394271850586 239.708755493164 243.324691772461 245.988784790039 247.202499389648 249.680068969727 249.5986328125 244.282867431641 252.398971557617 257.000396728516 257.763977050781 257.950744628906 258.103851318359 258.322998046875 258.5185546875 258.219848632812 258.178741455078 258.587921142578 258.882019042969
235.382308959961 235.341445922852 234.216049194336 227.292144775391 228.580047607422 231.98307800293 233.442367553711 232.469467163086 228.651458740234 223.802886962891 220.391845703125 215.270309448242 214.334182739258 217.514587402344 221.036773681641 221.783248901367 215.735885620117 210.153213500977 208.810745239258 207.593399047852 205.376953125 203.172775268555 201.872985839844 201.866104125977 204.361572265625 211.083160400391 224.932723999023 225.268737792969 232.92431640625 240.797058105469 244.736511230469 245.002868652344 244.415893554688 245.868041992188 249.24836730957 253.499694824219 254.172576904297 243.221557617188 248.215377807617 255.598754882812 257.730133056641 258.167816162109 258.6552734375 258.726104736328 258.782958984375 258.803680419922 258.602355957031 258.598236083984 259.190887451172
236.538604736328 235.680328369141 234.531646728516 230.814056396484 229.666778564453 230.009429931641 230.096115112305 229.592056274414 226.262603759766 222.145767211914 219.698623657227 215.63883972168 212.718246459961 210.468872070312 210.379028320312 211.778762817383 207.318450927734 202.74577331543 202.601135253906 203.497451782227 203.908569335938 203.779159545898 202.851333618164 201.932769775391 202.445877075195 205.244491577148 212.404006958008 215.99201965332 227.660751342773 236.703140258789 242.717590332031 245.240325927734 245.685897827148 246.281005859375 247.509719848633 251.965408325195 255.268173217773 251.769470214844 250.937911987305 254.197448730469 257.348480224609 257.6875 258.240539550781 258.346618652344 258.465393066406 258.964569091797 259.279571533203 259.276947021484 259.207244873047
243.785766601562 236.837921142578 232.766784667969 233.217315673828 232.411041259766 231.436676025391 230.815536499023 230.229583740234 230.322280883789 228.743453979492 225.160186767578 220.400466918945 217.131484985352 214.719436645508 216.782699584961 215.259063720703 211.044281005859 206.621200561523 203.985870361328 204.511947631836 205.805511474609 204.783462524414 203.64404296875 202.033599853516 199.956283569336 201.034286499023 201.508483886719 209.565048217773 222.25390625 228.873168945312 233.915573120117 239.966583251953 243.384765625 245.748992919922 246.096282958984 247.943283081055 250.093658447266 253.218170166016 251.653366088867 247.253860473633 250.72395324707 256.75537109375 257.722869873047 257.81103515625 257.981597900391 258.61572265625 259.393096923828 259.570861816406 259.360626220703
249.988525390625 245.875671386719 240.609008789062 236.4501953125 237.376815795898 233.067153930664 230.97541809082 232.365844726562 235.435775756836 233.228546142578 228.446258544922 223.977127075195 220.292449951172 219.462158203125 226.19645690918 224.552520751953 220.027328491211 216.036087036133 210.424407958984 209.910659790039 214.658538818359 213.261566162109 211.22575378418 209.840728759766 206.145248413086 203.902938842773 198.140518188477 202.967437744141 211.358825683594 216.762130737305 224.257614135742 233.583312988281 240.588348388672 245.411193847656 246.017730712891 246.211074829102 245.991149902344 246.993316650391 247.446060180664 243.545852661133 246.214401245117 255.743362426758 257.357696533203 257.777740478516 257.833892822266 258.180938720703 258.910247802734 259.093414306641 259.497528076172
259.1298828125 253.477508544922 244.631973266602 242.516082763672 243.756591796875 246.611679077148 245.183532714844 245.182373046875 245.072570800781 239.518493652344 238.64274597168 238.962814331055 238.099990844727 239.513366699219 237.893905639648 239.677276611328 237.717056274414 235.904418945312 234.990432739258 233.359634399414 232.739334106445 231.98307800293 230.677322387695 231.399597167969 230.826080322266 227.121124267578 218.600189208984 218.438446044922 221.136749267578 226.81689453125 237.528381347656 246.352233886719 247.517974853516 246.558532714844 245.830352783203 246.88703918457 248.317840576172 250.723739624023 250.384658813477 248.49934387207 250.48908996582 254.530319213867 255.561050415039 256.048889160156 257.086395263672 257.407257080078 257.615356445312 257.926910400391 259.247436523438
259.419799804688 256.611572265625 247.543502807617 235.816329956055 234.381851196289 237.144287109375 240.543655395508 243.569213867188 246.18083190918 244.374893188477 244.803009033203 244.779190063477 242.914978027344 241.201644897461 239.633575439453 238.307281494141 236.081680297852 236.975204467773 239.315994262695 238.98974609375 237.889724731445 236.691329956055 235.700088500977 234.306457519531 232.528961181641 228.792587280273 220.28483581543 221.357513427734 223.514526367188 229.225158691406 240.20588684082 246.456100463867 247.946502685547 248.145263671875 247.123992919922 248.645462036133 251.803955078125 253.641235351562 254.289901733398 253.044967651367 251.627319335938 254.206207275391 254.248092651367 254.644592285156 256.686248779297 257.040496826172 257.431793212891 257.785400390625 258.837707519531
258.836090087891 258.442718505859 252.454605102539 239.601364135742 237.13850402832 234.966766357422 237.598114013672 241.682678222656 245.585662841797 247.491455078125 246.923889160156 243.284240722656 238.9384765625 236.809936523438 239.695251464844 240.358703613281 239.42805480957 239.241760253906 239.876068115234 240.164672851562 238.622955322266 236.779479980469 233.076095581055 229.277282714844 229.942001342773 228.081405639648 228.140121459961 226.86686706543 225.2685546875 229.17512512207 238.161148071289 244.603271484375 248.841339111328 250.860244750977 250.599899291992 250.387435913086 253.331909179688 255.314010620117 254.962921142578 254.930923461914 255.237533569336 255.013595581055 253.824584960938 254.740463256836 256.518432617188 257.189361572266 257.496704101562 257.769470214844 258.886810302734
253.18620300293 257.334564208984 255.787933349609 247.948654174805 243.977752685547 238.477325439453 236.934143066406 237.501861572266 241.840805053711 246.200164794922 245.740539550781 243.406188964844 240.139602661133 239.442840576172 240.577697753906 240.123306274414 240.961303710938 240.266784667969 237.618377685547 234.458740234375 230.544692993164 230.533966064453 230.834991455078 230.447631835938 233.825988769531 235.0498046875 238.657119750977 237.64111328125 236.419525146484 236.82958984375 238.101638793945 239.947357177734 242.632614135742 245.91618347168 251.342391967773 251.749237060547 253.067626953125 256.207153320312 255.901840209961 255.733215332031 256.208129882812 256.081787109375 255.570953369141 255.452362060547 255.654541015625 257.325012207031 257.804321289062 258.032257080078 259.041290283203
244.660995483398 250.792724609375 257.452880859375 254.757583618164 250.1416015625 242.816513061523 235.849853515625 231.675537109375 233.664306640625 240.070220947266 243.285064697266 243.18603515625 242.960815429688 243.130264282227 236.681030273438 236.871719360352 241.014175415039 242.091506958008 237.726455688477 232.822418212891 230.308181762695 233.23030090332 238.667037963867 241.148986816406 241.702423095703 241.877944946289 240.847518920898 241.828521728516 242.501098632812 241.643646240234 239.568237304688 238.188659667969 237.815475463867 240.146606445312 247.966659545898 252.629028320312 253.493240356445 256.157806396484 256.652893066406 256.6826171875 256.672393798828 256.826507568359 256.981414794922 256.431335449219 255.810562133789 257.158477783203 257.773590087891 258.150543212891 258.670196533203
244.429550170898 247.502883911133 255.307800292969 257.756408691406 255.703948974609 248.643188476562 235.378784179688 227.408401489258 228.278701782227 234.107315063477 239.751510620117 241.378921508789 242.624877929688 240.88410949707 237.720962524414 244.726440429688 248.151702880859 246.611083984375 240.807571411133 237.060485839844 238.518096923828 243.222793579102 245.238632202148 245.209045410156 244.003021240234 242.996826171875 242.408432006836 242.705520629883 241.477416992188 240.079650878906 239.838775634766 237.760894775391 237.264175415039 240.703308105469 245.776153564453 251.538101196289 254.016723632812 256.084045410156 256.267486572266 256.375244140625 256.680816650391 256.995147705078 257.316680908203 257.339538574219 257.023742675781 257.527282714844 257.790832519531 258.105041503906 258.678314208984
251.459762573242 251.152053833008 252.847030639648 253.822509765625 250.074172973633 246.596145629883 240.094390869141 231.323623657227 228.357955932617 231.919662475586 237.027267456055 240.785690307617 243.158004760742 240.145523071289 245.630294799805 254.167327880859 253.747085571289 249.445617675781 244.374526977539 242.260406494141 243.271255493164 245.530487060547 246.01057434082 245.350112915039 244.144515991211 243.420715332031 242.943618774414 242.709991455078 241.437530517578 240.297790527344 239.732376098633 237.232299804688 237.597640991211 242.970138549805 247.939697265625 252.343154907227 254.570831298828 253.118621826172 254.740875244141 255.717071533203 255.367004394531 256.115905761719 257.222351074219 257.176452636719 257.343566894531 257.919677734375 258.137725830078 258.477081298828 259.406616210938
255.224166870117 254.916000366211 253.387176513672 247.820983886719 245.432052612305 245.701889038086 245.210815429688 239.114654541016 235.195770263672 236.409713745117 237.922760009766 240.354080200195 242.753952026367 239.341659545898 249.642959594727 255.456695556641 252.508361816406 248.310623168945 245.9326171875 245.637390136719 245.298812866211 245.61051940918 246.49690246582 244.31379699707 242.80908203125 243.757537841797 241.759887695312 238.777969360352 237.394012451172 238.004257202148 239.946594238281 240.243301391602 240.068466186523 245.820281982422 250.672439575195 252.608459472656 253.095855712891 247.593627929688 251.482772827148 255.235733032227 254.876007080078 255.153274536133 256.017059326172 256.845489501953 257.364654541016 258.133575439453 258.657196044922 258.967803955078 259.484527587891
256.423370361328 256.884735107422 255.459396362305 246.893341064453 246.159774780273 250.986267089844 251.849319458008 247.240814208984 241.132598876953 239.587600708008 240.570434570312 241.19580078125 240.15705871582 236.685562133789 252.159027099609 256.200408935547 253.711685180664 250.373489379883 247.996551513672 246.379028320312 246.336441040039 247.71826171875 246.864486694336 243.20361328125 241.945022583008 243.420745849609 242.634811401367 241.530838012695 240.714065551758 240.149322509766 243.161560058594 246.281967163086 245.855224609375 249.018951416016 251.020492553711 251.199356079102 251.356384277344 248.427154541016 251.735595703125 254.784469604492 255.40576171875 255.594512939453 255.840103149414 256.993530273438 257.465423583984 258.370727539062 258.708129882812 258.414642333984 259.056854248047
256.799530029297 257.679351806641 256.621826171875 251.291885375977 248.889312744141 252.68603515625 256.121978759766 254.895462036133 247.992889404297 242.537658691406 240.638671875 238.143768310547 235.071487426758 236.783172607422 252.459777832031 256.980377197266 256.745727539062 255.142639160156 251.646057128906 248.665161132812 248.581207275391 249.322982788086 246.879837036133 243.284210205078 242.570953369141 243.38655090332 242.918441772461 246.180419921875 246.426788330078 247.814392089844 251.578247070312 253.813354492188 253.408996582031 251.663589477539 250.841781616211 251.753723144531 252.856430053711 252.678161621094 253.938369750977 254.839996337891 255.72314453125 256.237121582031 256.6298828125 257.085327148438 257.439239501953 258.163360595703 258.178497314453 257.795440673828 258.685913085938
256.95849609375 257.777557373047 258.414825439453 255.329864501953 254.357192993164 254.63005065918 254.350738525391 255.678329467773 255.793640136719 250.98112487793 246.009384155273 237.758209228516 235.618865966797 243.767349243164 253.788238525391 257.037017822266 256.959808349609 255.965621948242 253.105026245117 249.995666503906 249.476226806641 249.635589599609 246.890960693359 244.056793212891 243.676376342773 243.364440917969 237.082000732422 241.101684570312 243.465469360352 249.663635253906 254.808868408203 256.188629150391 255.488815307617 253.251281738281 252.485260009766 253.568740844727 254.857131958008 253.977615356445 254.594802856445 255.451431274414 255.994735717773 256.576507568359 256.696136474609 256.473297119141 256.762542724609 257.651550292969 257.840148925781 257.944976806641 258.550109863281
259.130340576172 258.159759521484 258.388641357422 255.990600585938 255.646835327148 256.40234375 255.850448608398 256.015228271484 256.988311767578 256.636962890625 255.556549072266 249.10026550293 247.181167602539 252.987503051758 256.261535644531 256.197021484375 256.386199951172 254.877258300781 251.565322875977 250.077621459961 250.581039428711 249.642547607422 246.839599609375 244.787826538086 244.888946533203 244.693603515625 236.434341430664 242.50846862793 248.731155395508 253.589126586914 255.241256713867 256.438049316406 256.542724609375 255.611862182617 255.364547729492 255.506408691406 255.580184936523 254.41828918457 254.635055541992 255.359603881836 255.646377563477 256.105529785156 256.368865966797 256.088928222656 256.425506591797 257.268157958984 257.806549072266 258.342041015625 258.696441650391
258.320953369141 259.287536621094 257.576324462891 251.863952636719 251.404067993164 254.244277954102 256.497100830078 256.522033691406 257.826538085938 258.46142578125 257.949615478516 257.629760742188 255.80827331543 250.965438842773 246.179550170898 249.255416870117 248.76545715332 247.129745483398 247.616516113281 250.786605834961 252.613800048828 250.941162109375 249.76496887207 248.398422241211 245.090850830078 236.583801269531 244.219818115234 253.134948730469 256.197692871094 256.404754638672 256.480621337891 256.500061035156 256.018218994141 255.86669921875 256.299011230469 256.748748779297 255.862930297852 255.256225585938 255.281265258789 255.394180297852 254.38053894043 254.117446899414 255.530426025391 256.3271484375 256.584625244141 257.194641113281 257.554595947266 257.925140380859 258.445007324219
