rcp4.5models/MPi_ESM_LR/sc1gr4.7
NCOLS 261 
NROWS 433 
XLLCORNER 336357.134 
YLLCORNER 654653.479 
CELLSIZE 1000 
NODATA_value -9999 
[rows 154 to 175 of 433, columns 150 to 199 of 261]
277.942792440092 277.504534962967 276.949540854241 276.372857862278 276.212807075801 276.446491730366 277.152926494322 276.985399696373 276.653127460032 277.335067352575 276.758678431976 275.469744792135 276.515759498697 277.993075634282 277.616484617835 277.45118172862 280.107906474219 -9999 278.767651937235 283.773726790624 283.655652951921 283.898422030002 284.536323182168 285.000027138612 284.820358385508 284.790015204552 284.854735810698 284.786737388281 284.557202312757 284.456818775589 285.031122700004 285.460535687624 285.209132156759 285.125645993856 285.148284458744 285.171566108726 285.230613508115 -9999 285.502223915411 285.437599474623 285.436275973557 285.446264117806 285.306519488411 285.255836457115 285.286354139613 285.327456794285 -9999 285.584727064719 285.415980299978 285.280427582818
277.732369592968 277.464964058935 276.90851094339 276.371616555124 276.215195728816 -9999 276.622589936871 276.451912514934 276.843963558544 277.968170572646 277.314811411799 276.032336411886 277.701284762644 278.391389805554 278.157963995493 -9999 279.601646674982 278.169941814582 279.532717626324 283.105518940162 283.848403672783 284.027159388398 284.339133572017 284.554921984737 284.597420675969 284.639543960571 284.525581774047 284.31019481733 284.28878107847 284.359836792714 284.88727718426 285.156395856457 285.176732554385 285.152757321279 285.141128531169 285.210340020911 285.368395253443 285.356711447153 285.440794881283 285.466886747146 285.493562494456 285.520801960437 285.354442099021 285.249468200488 285.022339124616 284.86520257872 285.156843191685 285.430118199872 285.401155855247 285.306957156064
276.933881313531 276.927958502648 276.618538759722 276.008659321156 276.320813814948 276.319574761101 276.118430045526 276.080728381882 277.138382444518 278.012268134715 277.608105549098 276.772551402579 278.084685143799 278.617752266129 278.317083483722 279.061530097986 -9999 277.266880042511 281.227275417672 282.555028179173 283.902795380445 283.970879852478 284.109201847744 284.119664201513 284.241343232894 284.410346255031 284.203735349835 284.091187283977 284.217918541225 284.357455141043 284.779209633926 284.85429671308 285.003821220808 -9999 285.082064882139 285.141472396168 285.249113094067 285.175013500937 285.329092964756 285.554015989605 285.486843866897 285.456027886476 285.294588759669 285.108726372481 284.951789662599 284.666020364913 284.85742943224 285.250622386541 285.309653143845 285.267158853046
276.137301675952 276.141227109337 276.261120187937 275.758347720099 276.375439562697 276.046548316498 275.646967712514 275.782349148165 277.480759621709 278.506032271322 278.401052048349 277.987856478919 278.457992254456 278.52060863846 278.948571098553 279.120477521393 278.829565687516 278.907452239457 281.628027390521 282.571312600571 283.933525537241 283.95018827233 284.007247011107 284.088196419782 284.049271543112 284.14441784473 283.963684279115 283.873719631961 284.240802524346 284.313990888469 284.803627371811 284.825729992446 284.909370586794 -9999 285.06221160528 285.086694418931 285.111762710979 285.074982831456 285.106652522207 285.429338786824 285.581901406869 285.470655427208 285.285761902476 285.114063849435 285.160963490716 284.959641448363 -9999 285.310705490461 285.279580831934 285.231655503792
276.051406245944 275.59939088133 275.718308902436 275.596344899547 275.95635660467 275.711962987557 274.740213024808 274.852379817479 277.283903744567 278.271782546223 279.115013864042 279.072363654794 278.908391545651 278.653031756155 279.671580414407 278.31413154665 277.108121195279 280.846973490352 281.612437966587 282.38421749345 283.492049753438 284.045928838443 283.925434372192 283.98643200661 283.984942639188 283.936991443929 283.813733640977 283.824761063297 284.262945518858 284.383865265463 284.827351835065 284.849937548007 284.899901506439 285.004407342579 285.087812819867 285.112725832793 285.138208794218 285.136982033565 285.153285565139 285.349143445161 285.601629047902 285.602210962258 285.465075515145 285.317751209793 285.263019577684 285.126645762193 285.243831962642 285.347363997727 285.196918744732 285.147868339568
276.020070270712 275.478597018021 275.433573165727 275.440045142821 275.481431160438 275.502324011165 274.681278578201 274.435507057188 276.952153499078 278.110104416579 279.229382404869 279.571932704831 279.284838186324 279.392114735232 -9999 278.60711812005 278.412068024428 281.255796671676 281.701239963671 282.081840827484 282.88658182826 284.059542263057 284.064966160957 283.932554782901 283.861947813805 284.048953760147 284.021222046042 284.087503046194 284.224560017847 284.385005299271 284.697863108696 284.814151060916 284.931134317352 285.041529943972 285.043997094922 285.0203889276 285.164056792045 285.190562050381 285.209809591925 285.224216741312 285.378386149923 285.630219910781 285.51577552118 285.180689383392 285.271227796245 285.20518362512 285.222761970561 285.254517198056 285.052094549364 285.025558466762
275.616111964613 275.595094761675 275.514897780982 274.870662120832 274.82125296121 274.782115859769 274.334297333415 274.831273738236 276.541785987955 278.181724557644 278.848870859735 -9999 -9999 279.579513477119 -9999 280.343414533176 281.186701896419 281.355479548691 281.715623072829 281.972380670007 282.667002089712 283.899335191738 284.120895724939 283.905312316896 283.504962628128 283.71308210732 283.743869707266 283.97891387446 284.078096917634 284.327108548063 284.472959226454 284.637711325826 284.888062547767 285.052755481443 284.980178158795 284.790344353313 284.978255993311 285.15757411091 285.181282144372 285.105067250248 285.188646183117 285.434636006128 285.461737656182 285.127473438075 285.22582012047 285.213724585983 285.159462899094 285.270172265089 284.982824572102 284.752739792309
275.809704587459 276.231232851997 275.605098942401 275.172565169276 273.943720401352 273.581337886212 273.955459777928 275.899665208117 278.257674629183 278.953887602137 279.186383829917 -9999 -9999 279.514226302433 279.732422325724 280.723875094585 281.121377556098 281.500277537561 281.742561191022 281.945120056519 281.872775735884 282.027876351014 282.737631283913 283.189434312779 283.37604115406 283.43277733613 283.756544268134 283.960641358193 284.197809553431 284.148612979554 284.627847505906 284.72643702628 284.730968141989 284.706104694081 284.90449514418 285.024108000542 285.039015635475 285.093210621948 285.173375869739 285.093934049771 284.83862608652 284.696317297326 284.776916589603 284.927690982134 285.095549349817 285.148311195575 285.374222801846 285.39165523233 285.072565851591 284.596223682291
276.076959273281 276.740993889817 276.701868184315 275.55382281488 274.589072646195 275.024587929286 275.599409305294 276.551412340417 278.595633320459 278.994231448119 -9999 -9999 -9999 279.877592196126 279.817933756604 280.632144102948 280.986379440323 281.304391145853 281.632946293888 281.774777672145 281.746714479676 281.720640294399 282.208633634885 -9999 283.368159068271 283.358602298374 283.592823498896 283.947266579678 283.994058811454 283.674352192248 284.650188341891 284.760750222453 284.63980362813 284.634583107547 284.873101697901 284.831734228008 284.795702904375 284.992991400639 285.151992255147 285.048752542003 284.731637421493 284.608874046419 284.687099138509 284.826894049636 284.917892989601 285.150167260446 285.287832371843 285.220581906175 284.933679803192 284.586144115475
276.22809335148 276.778875316365 277.402701745646 276.790895846775 276.301100539094 276.873333847592 277.354423759925 277.498283920098 279.0167628361 279.153667214363 -9999 -9999 -9999 280.302157950342 280.276083544784 280.612897346502 280.807550829675 281.107214144355 281.578661086233 281.671542009931 281.654872729507 281.456205508632 281.534525703102 282.378131153528 283.254662981669 283.301558394349 283.396790050907 283.394905177488 283.50080214576 283.608118245662 284.50854237432 284.635714234685 284.64749468231 284.71492238477 284.758676238917 284.632968608549 284.804306724036 284.880186411774 284.919277994623 284.71435247759 284.493742574499 284.504095779585 284.775269000593 284.856125072678 284.85540592983 285.021040341526 284.93809174979 284.971477762849 284.855952061531 284.648073297234
276.080522633167 276.223328624265 277.03245069141 276.967145210996 277.097753076662 277.517639509172 277.845001831093 278.133859305243 279.151340825019 279.264769964002 -9999 -9999 280.111231791654 280.386917784229 280.486562275114 280.699713127436 280.745452433156 281.070377626401 281.554688812242 281.492992573201 281.243573985256 280.970915981064 280.892142624146 281.414880586287 282.578491049307 283.216728859057 283.323071611542 283.266631991327 283.460983205387 284.082734839572 -9999 284.519912930793 284.5166283538 284.647047699826 284.436372797572 284.385805661724 284.600410709218 284.602200993536 284.600538300811 284.663860635095 284.672556328716 284.700414423979 284.694878823478 284.716774239615 284.7513425129 284.876318585381 284.820905286937 284.781604762533 284.708760434436 284.729165560881
275.624033426823 275.894261453867 276.578635933723 276.293503701052 276.395878534881 277.545443730464 278.147608934234 278.424192984774 279.030314687242 279.212282611278 279.287590478487 279.459736641226 279.917839288344 280.396741186439 280.621413307534 280.742055711381 280.81898950415 281.082800988312 281.424370420022 281.024893519343 280.846257434202 280.85432090644 280.789230300443 280.92559332539 281.628469066205 282.958543463304 283.304410399174 283.558726241355 284.079406081912 284.381084919496 284.612171648359 284.606729785203 284.572681542877 284.661505819921 284.447451171322 284.435572755015 284.563959545926 284.358223493757 284.477604982281 284.686446379462 284.806077954879 284.873974440801 284.546853710458 284.579807089312 284.712856486296 284.871643475171 284.847665547627 284.826210379039 284.763939793869 284.785177018173
275.317204590761 275.249833454373 275.961764030857 275.592364488461 275.538658260766 277.214188209729 277.792474717671 278.085121678628 278.85779383009 279.17458805315 279.148989858221 279.281397424937 279.557679066726 280.222492105459 280.609219157749 280.747813577045 280.788514521237 280.879588655543 280.994253588001 280.792586740066 280.908608760858 280.974367769373 280.95070652928 280.947600887692 281.026337116807 281.987580625378 283.210830327788 283.756668770314 -9999 284.43059018767 284.677377290526 -9999 284.732938516593 284.761397614771 284.574195091458 284.368479468889 284.535567814651 284.379882512927 284.507052404897 284.667251865176 284.764926377283 284.908129056872 284.817397307052 284.757008549457 284.788076721792 284.956324328042 284.990020769623 284.945259508276 284.937193243908 284.66521261821
274.757266251891 274.835036691255 275.084511217275 274.332188052136 275.573663060664 276.884998434308 277.506857819894 277.812594686189 278.680074545793 278.94317613405 278.779316544831 279.18655796603 279.370420750555 279.809295637397 280.151366320115 280.550397596566 280.602876909614 280.717116962935 280.492333070246 280.622806141226 280.992988630354 281.353170968262 281.462303942437 281.419407704068 281.160081473011 281.597412564559 283.236530486537 -9999 284.320836020484 284.35348946044 284.694554591761 284.722698855785 -9999 284.713018143781 284.448939665911 284.199981981441 284.311207309767 284.400983543167 284.48663025178 284.618129871417 284.682705934912 284.65839178792 285.032503770788 284.935061360344 284.924245534991 284.906458582129 284.909047344911 285.093656320978 284.993078075657 284.612076898211
273.639971294312 273.895038000288 273.237056540869 273.291151586542 276.283900958917 276.842194154962 277.486049400233 277.758552624775 278.490283434026 278.568134354547 278.533184359558 279.108418585108 279.382071976351 279.717753643529 280.078856408352 280.350762702182 280.453498923225 280.544950747258 280.268635593367 280.4551961273 280.766447472685 281.275341097674 281.676510342779 281.68271813243 281.638494572151 282.142980725012 283.298211921117 -9999 284.164542779244 284.001491883643 284.525982266858 284.621090623898 284.769035058984 284.644400005242 284.348838134933 284.28546437991 284.309390374127 284.362678201018 284.453364464496 284.547493450699 284.657745464478 284.512710741332 284.916355749196 285.080526930292 285.115345328318 285.031508583045 284.777250096464 284.756246159568 284.8129045383 284.720187376528
272.50347736864 272.038061336686 271.094125193723 271.762482732574 275.259862015667 276.487127531353 277.268023577587 278.092625570759 278.232401320601 277.989573940737 278.518503786529 279.067805656946 279.331997976156 279.702857519789 280.265025231076 280.311767362646 280.414991316967 280.468674123436 280.477359655159 280.473625819107 280.663733809965 280.897708926982 281.347686080121 281.576035298067 281.743809735895 282.327313881667 283.375478573121 283.72336574542 283.763489157222 283.830690946714 284.301250999339 284.383641239388 284.474855546913 284.365259969908 284.220504135842 284.226143949258 284.323657953556 284.394959275763 284.473884628056 284.568433729674 284.706593973224 284.658220569215 284.782903076739 284.89551360576 285.001585559831 285.125872460223 284.870081924495 284.418896220368 284.34802813589 284.616488380956
272.741981488964 271.444227501398 269.291097852797 269.636459783273 274.059104222449 276.592609638208 277.406242927536 278.005223346218 277.746181538386 277.798422563882 278.470807708714 278.769758003223 279.199360987631 279.553547990414 280.029313719435 -9999 280.426055793604 280.53003914463 280.657870307282 280.632816935695 280.725680051399 280.771217374834 280.915610105559 281.092054662545 281.405225095399 282.307377734025 283.462988605015 283.464204654463 283.428492387797 283.674805885607 284.334961859944 284.232423167455 283.998331877645 284.014985419978 284.145797225544 284.275623498739 284.313737807105 284.309037664473 284.435046636301 284.588841618885 284.727617923301 284.761780151934 284.663115711172 284.489416194592 284.803478470054 284.854810363627 284.471226561054 284.306106243105 284.112034478808 284.472570712934
273.183993393922 271.903117504124 270.417695775941 271.428186882069 274.437467381883 276.918588030775 277.653005745073 277.570295247308 277.595115387848 278.214114993581 278.371425157954 278.588462400575 279.22634408524 279.453770033312 279.717876010948 280.087543007618 280.436911298245 -9999 280.70596995475 280.743782259943 280.738164324798 -9999 280.728213201326 280.749655771788 281.114946038754 281.978126942538 282.755643866744 283.208512164095 283.181385844712 283.40574817974 -9999 284.216056631378 283.818809817458 283.843459372802 283.983880456462 284.228569360982 284.207170402949 284.105378537469 284.162989486429 284.456820398517 284.689445660803 284.782809476556 284.533131436543 284.382086570582 284.26389199238 284.219454941541 284.053799671327 284.125079634874 284.100606129977 284.411580614344
273.441902390701 272.254003900442 271.765883694102 274.542932932341 275.48551521129 276.81022322731 277.409709202321 277.687758490633 277.848447633864 278.452032164505 278.389306149465 278.770218079793 279.342102626651 279.474883683571 279.629111085446 279.806460294788 280.263919953569 280.460087814277 -9999 280.755716872806 280.781668629635 280.868842956308 280.924994866526 280.857774951469 281.015873720371 281.360864612892 281.682207584331 282.90258634039 283.022673210877 283.383269624321 -9999 284.112349018549 283.834253617127 283.772851172051 283.75978746649 284.005298516486 284.106070660955 284.169809719135 284.105657576081 284.287546570032 284.373239313732 284.371470680017 284.35917154031 284.489747909433 283.920293439248 283.939531342478 284.093457416044 284.211842299354 284.155447021454 284.246417058564
273.708024610902 273.07117225499 272.234843273683 274.518304968248 275.571828524401 276.029654773435 275.707071962012 277.665548022336 277.808100458916 278.480198885822 -9999 279.338693482811 279.360548052044 279.444557199949 279.487705605648 279.519103500419 279.684932383972 279.853886445278 279.997712023685 280.403244204849 280.409062522092 280.62363050977 280.876790299848 281.20095371927 281.153002541666 281.235631518026 281.301218949735 281.86349607363 283.178545720021 283.492312793421 -9999 283.560139578396 283.470816380875 283.616624022444 283.751748606576 283.857843854528 283.998533112464 284.087157503777 284.154914555795 283.907963553636 283.639883989167 283.868629221438 284.240794186692 284.41880206155 284.24510799585 284.029417695213 284.095198533874 284.151177640712 284.200158225091 284.528287820179
273.314370990658 274.167126512026 273.920305823988 274.506414983888 276.037553950282 276.445597149611 276.597342444345 277.710556773665 278.229296352555 278.465873274904 278.531517252354 278.859519553695 278.874436110293 279.065364856906 279.24044098145 279.520761963601 279.553507356051 279.578132394386 279.633560222126 280.380900358101 280.304144604078 280.56241584421 280.804291328168 280.953444252905 281.133180445321 281.150327075222 281.279089184228 281.75383821524 282.929840628197 -9999 -9999 283.484100735432 283.496215008768 283.577732447789 283.671904013331 283.806401733405 283.896604029888 284.050035869803 283.8890279041 283.529280573847 283.506495830386 283.814025914602 284.298552578027 284.447073009457 284.314472694882 284.144751977274 284.183607985118 284.187090460662 284.132149824072 284.223801519048
273.787242894539 274.682972030809 275.098766152248 274.829226077516 276.184655897244 276.598747133433 277.29691754921 277.764601815546 278.180371033656 278.43714214805 278.324115990683 278.559934895322 278.459155668159 278.551546885606 278.93715816503 279.453149930531 279.457751148699 279.599380352462 279.644099015523 280.499092709236 280.524648409267 280.574123190849 280.790740516066 280.788073805303 280.869162874989 281.031549918034 281.151380772043 281.505283421982 282.431226608183 283.64729327944 -9999 -9999 283.557233631953 283.591605046868 283.653045806942 283.708859208752 283.784239284788 283.872398725203 283.56264929029 283.305888029252 283.575196407789 284.059576782203 -9999 -9999 -9999 284.238874546457 284.278112707088 284.254515871372 284.163037502174 284.158019974008
