rcp4.5models/MPi_ESM_LR/sc1gr21.6
NCOLS 261 
NROWS 433 
XLLCORNER 336357.134 
YLLCORNER 654653.479 
CELLSIZE 1000 
NODATA_value -9999 
[rows 374 to 395 of 433, columns 100 to 149 of 261]
133.824310302734 147.785095214844 143.195083618164 137.892150878906 134.760589599609 126.000053405762 114.546440124512 128.069717407227 212.101348876953 223.503372192383 207.848190307617 163.942169189453 114.143753051758 78.7695236206055 60.1429710388184 60.1137275695801 85.6309967041016 131.204650878906 158.357238769531 209.272933959961 318.802368164062 424.027587890625 440.989593505859 395.164215087891 366.365905761719 359.541107177734 353.125274658203 346.075103759766 330.227233886719 295.932220458984 251.110427856445 203.040191650391 180.674072265625 174.535430908203 212.526077270508 281.647369384766 327.985992431641 292.473052978516 199.650436401367 150.980941772461 162.09489440918 205.255218505859 305.356292724609 -9999 -9999 -9999 -9999 -9999 -9999 45.3277893066406
122.707023620605 136.25309753418 131.3974609375 128.386871337891 127.870895385742 124.614036560059 121.795783996582 146.816604614258 246.212539672852 248.594055175781 231.277877807617 207.482528686523 176.494094848633 127.842514038086 75.2651977539062 52.1767692565918 58.0054016113281 71.9915313720703 80.3735733032227 135.635406494141 243.166000366211 327.462188720703 347.72998046875 354.638427734375 373.071502685547 372.247924804688 344.293060302734 345.02490234375 373.825531005859 366.138305664062 299.614715576172 206.409973144531 187.174987792969 164.629745483398 156.092315673828 191.55485534668 273.717193603516 344.584564208984 375.122161865234 399.070037841797 402.461273193359 368.785949707031 330.480621337891 348.705474853516 370.088958740234 -9999 -9999 78.1784591674805 97.5925979614258 110.158561706543
81.5269317626953 108.772201538086 114.832206726074 109.102798461914 104.093276977539 98.955207824707 90.4903182983398 107.294944763184 243.211853027344 276.732879638672 260.913696289062 211.977722167969 155.357208251953 96.7132949829102 52.3554077148438 37.5009918212891 37.6861000061035 39.4880981445312 41.4959526062012 93.6234512329102 193.365295410156 274.8916015625 305.091613769531 348.673767089844 412.579315185547 413.170989990234 333.162902832031 287.027313232422 304.624237060547 303.318939208984 254.594650268555 205.992645263672 201.523834228516 181.086639404297 153.202896118164 141.508941650391 176.156982421875 274.960327148438 430.427398681641 544.47021484375 548.550659179688 499.903472900391 366.366180419922 -9999 -9999 -9999 -9999 100.111236572266 137.962371826172 144.18359375
53.4806289672852 83.5934371948242 88.1664352416992 73.9338760375977 64.5440292358398 60.5043258666992 55.8890533447266 59.8356628417969 121.061645507812 155.245941162109 168.325393676758 149.278884887695 104.32706451416 56.0168113708496 32.8850021362305 30.4816036224365 30.5081443786621 30.8021755218506 31.4297523498535 77.745231628418 171.358871459961 254.541748046875 290.001708984375 330.609619140625 386.084533691406 386.530975341797 308.057708740234 249.317642211914 239.877334594727 201.452987670898 145.520553588867 130.5634765625 148.561767578125 163.439010620117 156.811218261719 131.977447509766 127.108978271484 186.629730224609 334.393127441406 491.554138183594 550.727111816406 533.959838867188 435.221252441406 467.819458007812 483.296630859375 353.700317382812 178.724685668945 123.798095703125 146.893707275391 147.75407409668
43.1424903869629 62.8580513000488 61.289249420166 50.0791816711426 45.9899520874023 44.9689636230469 44.6747131347656 44.7926597595215 49.8015480041504 59.0494689941406 68.6065444946289 68.4771270751953 54.4132270812988 37.1148414611816 30.1109771728516 30.002368927002 30.0053272247314 30.0230865478516 30.0646133422852 57.5721015930176 126.30753326416 210.978652954102 261.129669189453 278.543579101562 283.832611083984 272.764434814453 252.143585205078 256.327178955078 285.730010986328 279.191162109375 215.176086425781 122.926864624023 109.855316162109 119.543472290039 132.214126586914 127.164566040039 122.850509643555 146.944747924805 222.896575927734 350.835662841797 464.206451416016 514.575500488281 489.225830078125 528.152282714844 549.752868652344 442.929565429688 258.612030029297 145.723968505859 147.890167236328 147.892395019531
33.7964096069336 43.8750534057617 46.4251441955566 44.4671478271484 44.0735282897949 44.0186347961426 44.0074615478516 43.7961311340332 41.1505699157715 40.7392349243164 41.1389923095703 39.6682052612305 36.5361061096191 34.3405647277832 32.8760719299316 32.3885154724121 32.8787460327148 34.0021858215332 36.9603462219238 46.5709457397461 69.846923828125 125.116714477539 200.473983764648 239.008316040039 221.028900146484 201.545211791992 229.589401245117 300.248962402344 366.87255859375 382.429290771484 338.750640869141 251.009796142578 194.226028442383 141.05778503418 121.794960021973 128.19743347168 154.371841430664 200.929428100586 247.762603759766 307.298461914062 391.242309570312 472.12451171875 530.021850585938 548.531921386719 553.328979492188 464.333312988281 283.422302246094 155.29621887207 147.932266235352 147.896194458008
34.7320899963379 42.4192962646484 45.4506759643555 44.4091911315918 43.9857635498047 44.0076065063477 43.9815406799316 43.5580291748047 40.5496025085449 39.8630447387695 40.4970245361328 43.7399711608887 56.5467529296875 69.8021469116211 66.2411193847656 62.9416427612305 66.9734954833984 74.9931564331055 96.3926086425781 113.262336730957 105.223648071289 118.801628112793 178.242950439453 221.160034179688 199.321685791016 181.559158325195 232.554153442383 333.370147705078 402.944152832031 403.854522705078 371.356475830078 295.451324462891 218.539398193359 154.05012512207 130.75895690918 132.788284301758 165.076812744141 231.069961547852 289.177276611328 317.209075927734 362.592224121094 449.419250488281 536.786193847656 545.437561035156 537.27880859375 461.803833007812 297.659454345703 167.001724243164 148.084564208984 147.89616394043
59.309440612793 61.967658996582 57.029727935791 47.8292503356934 43.9359130859375 43.7884674072266 43.8410568237305 43.2969055175781 40.3691596984863 40.4184265136719 48.265308380127 80.2481842041016 133.536254882812 166.067840576172 166.304580688477 167.376571655273 171.898468017578 173.132369995117 179.335891723633 184.827255249023 179.200714111328 179.412551879883 195.678146362305 203.013137817383 181.171279907227 166.997604370117 194.383636474609 259.105316162109 320.367462158203 327.328674316406 308.432678222656 302.806274414062 218.965896606445 151.252151489258 137.734100341797 140.218139648438 159.461227416992 208.200073242188 267.872375488281 297.771881103516 335.162963867188 435.433135986328 526.876098632812 527.372314453125 504.456451416016 441.710479736328 321.288909912109 197.873138427734 151.7529296875 147.970169067383
76.4679489135742 74.0382232666016 67.9406356811523 55.1679344177246 45.2811050415039 42.6787185668945 42.8522987365723 42.7148208618164 43.7947082519531 47.2749977111816 65.6672439575195 123.902725219727 198.202941894531 225.877960205078 220.34684753418 221.190032958984 221.657958984375 216.709426879883 209.794815063477 204.607284545898 198.836853027344 191.375335693359 188.218902587891 186.36376953125 184.288421630859 189.001480102539 194.071502685547 200.023513793945 217.873825073242 233.526550292969 255.767883300781 330.808532714844 266.557556152344 185.564331054688 163.533630371094 179.698547363281 208.53450012207 230.465911865234 250.264846801758 266.369567871094 307.278747558594 409.944854736328 505.983337402344 498.585754394531 474.435974121094 440.555969238281 377.184844970703 267.759826660156 176.791366577148 153.345916748047
75.2686386108398 64.977668762207 61.3598861694336 52.3150672912598 44.9544067382812 43.9852027893066 46.2839050292969 50.714527130127 79.5568084716797 100.795585632324 138.054321289062 195.865295410156 239.296295166016 246.607559204102 243.651184082031 242.675216674805 238.042694091797 229.73503112793 221.47380065918 211.802688598633 198.62353515625 184.619827270508 179.916641235352 188.905044555664 222.986679077148 274.985076904297 298.961547851562 286.919708251953 266.535675048828 246.815063476562 246.655258178711 307.249664306641 320.501190185547 297.628326416016 260.821258544922 257.065521240234 277.932006835938 270.03759765625 255.628082275391 254.392929077148 278.077484130859 338.007293701172 419.396392822266 427.532196044922 439.122741699219 449.925140380859 424.403778076172 344.364532470703 236.85725402832 199.805999755859
83.6091461181641 56.7841110229492 50.2309761047363 46.3385581970215 48.9483985900879 62.7997512817383 79.2691650390625 94.5567474365234 151.388275146484 171.583984375 200.555313110352 239.890106201172 272.101287841797 324.136993408203 388.819427490234 399.097412109375 362.780456542969 319.910705566406 297.860778808594 258.66748046875 208.810531616211 181.164245605469 180.400833129883 188.759063720703 227.134429931641 297.953002929688 344.934295654297 344.086486816406 319.8857421875 282.086364746094 255.699432373047 251.219345092773 273.082702636719 287.692718505859 282.049652099609 285.617462158203 302.742462158203 296.408508300781 275.082336425781 260.490753173828 261.877166748047 275.587158203125 313.371704101562 351.981201171875 409.696563720703 448.978057861328 445.309936523438 402.702026367188 319.265808105469 305.641357421875
117.706481933594 95.7232818603516 70.854248046875 56.8146324157715 69.1540908813477 94.2002792358398 112.395553588867 130.150360107422 197.154373168945 214.317428588867 236.357376098633 268.936798095703 334.705749511719 498.787475585938 689.593505859375 728.592224121094 601.360961914062 445.012664794922 369.642669677734 308.821624755859 232.578674316406 194.535797119141 200.077850341797 202.264892578125 217.301116943359 261.694213867188 307.529907226562 321.812774658203 302.490661621094 269.916107177734 252.22721862793 229.330459594727 232.189331054688 243.928268432617 253.809020996094 266.761932373047 289.856597900391 305.864990234375 302.762176513672 292.241271972656 283.349670410156 273.167083740234 313.266235351562 426.496612548828 512.597106933594 502.27978515625 485.198822021484 469.195495605469 423.003784179688 433.857635498047
178.725143432617 140.350326538086 90.1833801269531 72.6380844116211 100.709098815918 146.015045166016 187.215805053711 222.678237915039 353.642761230469 492.763305664062 670.489624023438 742.728210449219 759.355285644531 923.262817382812 1056.16918945312 907.056091308594 715.565856933594 604.099304199219 441.709442138672 324.191162109375 326.629577636719 336.859405517578 329.476013183594 298.598907470703 272.105926513672 278.553802490234 314.538848876953 326.634826660156 286.772735595703 229.88232421875 182.749771118164 184.564834594727 222.964157104492 247.201263427734 259.67919921875 278.507293701172 289.751708984375 296.319091796875 310.222351074219 317.1337890625 311.083618164062 297.053466796875 350.563598632812 513.154846191406 664.8486328125 744.164794921875 846.150817871094 869.065490722656 718.414978027344 565.29443359375
256.935516357422 168.666717529297 85.7224502563477 65.4105758666992 86.5817718505859 140.612289428711 218.06298828125 282.773345947266 367.952423095703 505.395477294922 662.746215820312 697.511169433594 651.447265625 675.959716796875 761.567077636719 776.465270996094 708.087890625 588.426818847656 428.269622802734 339.043792724609 358.309234619141 406.603485107422 433.861297607422 407.565307617188 352.122955322266 332.716064453125 369.799621582031 399.217010498047 380.683898925781 336.051483154297 292.763336181641 236.663146972656 237.175888061523 252.099548339844 271.902069091797 300.451538085938 313.743957519531 311.468566894531 312.701782226562 310.273712158203 297.432983398438 283.243988037109 375.255706787109 518.262329101562 691.649597167969 988.189392089844 1399.66162109375 1482.25402832031 1095.50842285156 718.088989257812
301.630493164062 216.694778442383 107.806129455566 69.7029800415039 76.4919891357422 111.894264221191 209.139129638672 326.518890380859 383.874114990234 412.591918945312 464.581726074219 501.345794677734 480.780120849609 467.199737548828 523.210205078125 578.921813964844 558.583862304688 506.785247802734 497.981292724609 496.255889892578 458.800262451172 487.386016845703 529.634826660156 504.963684082031 443.720489501953 414.036743164062 419.383758544922 430.196807861328 436.336181640625 407.214141845703 351.362335205078 268.758941650391 246.714202880859 252.996047973633 274.705810546875 302.867248535156 311.894927978516 303.181915283203 297.199188232422 290.603485107422 279.286254882812 275.193298339844 425.039794921875 586.268493652344 900.018798828125 1543.29821777344 2096.39794921875 1947.5625 1394.54797363281 957.076904296875
314.599761962891 268.557250976562 161.203643798828 95.3213043212891 85.4111328125 97.3673706054688 146.170822143555 219.630966186523 259.178558349609 264.502105712891 294.258850097656 351.820861816406 413.398071289062 474.151397705078 518.099792480469 527.166381835938 501.9111328125 504.203521728516 571.653930664062 524.662414550781 486.894836425781 562.447204589844 657.507385253906 634.230285644531 544.807067871094 505.571319580078 515.967163085938 513.918212890625 483.100616455078 418.188934326172 329.462036132812 249.957717895508 237.040222167969 243.514434814453 263.761199951172 289.718475341797 296.818450927734 288.001129150391 283.380218505859 273.653778076172 256.953521728516 255.504272460938 422.446502685547 612.093017578125 1001.23168945312 1715.0556640625 2087.27026367188 1592.76574707031 1080.72668457031 849.851623535156
290.935699462891 274.05419921875 200.221710205078 133.160095214844 124.260559082031 135.082717895508 134.91650390625 148.531509399414 190.242980957031 213.429962158203 264.354339599609 334.422760009766 419.855895996094 513.6494140625 557.339294433594 536.32568359375 499.242523193359 514.9384765625 573.689575195312 456.599029541016 431.390106201172 543.532531738281 687.695739746094 688.854797363281 596.027893066406 569.66162109375 603.589233398438 621.195251464844 609.39599609375 566.225708007812 472.962005615234 281.014587402344 236.221984863281 234.873138427734 244.380249023438 261.881317138672 273.925964355469 276.241333007812 274.662139892578 255.349365234375 211.110961914062 181.686767578125 310.421752929688 474.907592773438 734.328979492188 1076.24157714844 1164.1806640625 882.175231933594 718.981750488281 600.73095703125
385.680541992188 418.542694091797 332.362670898438 199.739349365234 158.144515991211 179.180252075195 186.067047119141 184.806838989258 192.2939453125 223.321731567383 284.221130371094 357.829376220703 456.678192138672 580.902770996094 624.911499023438 573.994934082031 519.119140625 510.111633300781 533.613464355469 432.239410400391 412.966613769531 479.013916015625 583.624755859375 599.94287109375 553.851806640625 590.242065429688 647.748107910156 632.5673828125 581.875793457031 543.942077636719 519.753051757812 379.664306640625 283.046173095703 244.934661865234 240.636764526367 248.142593383789 255.773284912109 258.314605712891 255.155578613281 229.890625 173.771286010742 130.470138549805 173.53337097168 262.183135986328 427.610534667969 593.373962402344 592.642456054688 489.007446289062 -9999 416.347869873047
545.958557128906 616.78466796875 518.80615234375 335.082275390625 235.799423217773 231.461273193359 269.186126708984 297.687225341797 232.532516479492 260.787811279297 343.345977783203 409.959747314453 456.654296875 543.341796875 601.415161132812 559.030944824219 499.525543212891 488.291290283203 492.294250488281 453.535797119141 473.362487792969 491.919036865234 498.375579833984 471.317077636719 445.458160400391 485.242950439453 527.259887695312 502.048919677734 456.078277587891 470.365875244141 530.751037597656 458.545623779297 343.617919921875 267.965942382812 255.397109985352 257.636108398438 259.272338867188 255.455932617188 238.831466674805 198.108123779297 145.599761962891 116.954238891602 120.278221130371 152.222366333008 260.215484619141 414.663787841797 458.386932373047 390.135406494141 360.1923828125 366.990875244141
558.80126953125 630.916015625 545.949279785156 422.615661621094 379.213745117188 395.22998046875 432.910827636719 432.395721435547 375.370086669922 386.862731933594 415.740447998047 443.830169677734 457.770324707031 485.087097167969 482.070587158203 389.851104736328 340.880889892578 399.820495605469 453.357086181641 452.950469970703 464.066223144531 459.360107421875 438.789245605469 415.382232666016 403.449829101562 435.558135986328 483.599761962891 470.569854736328 443.386505126953 491.778686523438 559.122375488281 503.19189453125 410.245300292969 325.723571777344 301.898284912109 303.559234619141 314.974609375 306.264923095703 248.821426391602 177.157073974609 130.822677612305 116.802032470703 115.333366394043 123.639289855957 170.843719482422 274.497619628906 365.071594238281 378.151306152344 368.345947265625 381.097625732422
446.815307617188 448.684020996094 403.740631103516 393.121490478516 448.254516601562 516.240112304688 568.816101074219 565.068237304688 456.887847900391 456.014739990234 434.307037353516 419.361206054688 428.184051513672 432.543182373047 367.140930175781 248.123672485352 222.491455078125 301.107940673828 383.985778808594 480.84326171875 483.077758789062 452.246154785156 422.057342529297 414.776184082031 410.302886962891 430.172546386719 475.741607666016 497.310302734375 531.501220703125 597.652587890625 604.646850585938 500.376190185547 436.756103515625 396.545715332031 396.283569335938 390.183288574219 397.442199707031 401.051666259766 336.721099853516 258.144073486328 195.167388916016 150.58625793457 129.391555786133 128.57453918457 154.6005859375 219.979827880859 298.756561279297 336.594543457031 349.098327636719 373.383972167969
387.909881591797 404.158569335938 394.736267089844 387.353332519531 433.845703125 518.009460449219 610.812561035156 632.017761230469 425.329772949219 403.505462646484 378.304626464844 356.583312988281 350.751068115234 324.937316894531 253.516006469727 186.289245605469 191.083847045898 260.907073974609 356.173278808594 489.488677978516 486.692993164062 448.794219970703 421.865417480469 423.074371337891 427.955841064453 444.26025390625 487.291229248047 568.96875 667.055847167969 685.399230957031 608.393981933594 443.535675048828 394.319610595703 386.019500732422 409.984802246094 420.656524658203 474.831268310547 586.872619628906 585.818908691406 471.485870361328 360.89111328125 279.103637695312 204.563217163086 198.000350952148 223.997283935547 262.527618408203 298.637634277344 313.064483642578 325.486419677734 349.893432617188
