rcp4.5models/MPi_ESM_LR/sc1gr9.30
NCOLS 261 
NROWS 433 
XLLCORNER 336357.134 
YLLCORNER 654653.479 
CELLSIZE 1000 
NODATA_value -3.4e+38 
[rows 374 to 395 of 433, columns 196 to 244 of 261]
239.17936706543 254.016998291016 237.379806518555 258.355163574219 250.815200805664 221.332473754883 205.038284301758 209.962066650391 241.013595581055 194.92301940918 204.799377441406 247.20539855957 246.369094848633 239.702407836914 221.767150878906 244.128982543945 240.086654663086 217.594116210938 231.568145751953 191.006423950195 216.229263305664 239.552230834961 238.675430297852 237.476318359375 235.644668579102 235.514083862305 234.734924316406 233.209320068359 232.711502075195 230.364898681641 223.548950195312 204.782730102539 225.070007324219 224.420928955078 223.843795776367 223.538497924805 222.211898803711 221.869873046875 221.070877075195 222.534469604492 -3.4e+38 -3.4e+38 -3.4e+38 -3.4e+38 -3.4e+38 -3.4e+38 -3.4e+38 -3.4e+38 -3.4e+38
209.456787109375 230.185241699219 235.310958862305 250.403930664062 227.543197631836 226.229843139648 220.169967651367 224.79541015625 223.370727539062 223.095672607422 226.868591308594 246.421035766602 244.742797851562 233.843948364258 200.156036376953 243.376373291016 243.320648193359 233.280197143555 234.917114257812 208.830154418945 189.662002563477 215.649642944336 237.107971191406 235.248748779297 229.73860168457 211.408920288086 235.077239990234 233.834915161133 233.051712036133 231.160339355469 227.788467407227 225.875671386719 224.395965576172 223.360885620117 223.222473144531 222.985427856445 222.430816650391 221.23616027832 -3.4e+38 -3.4e+38 -3.4e+38 -3.4e+38 -3.4e+38 -3.4e+38 -3.4e+38 -3.4e+38 -3.4e+38 -3.4e+38 -3.4e+38
208.517990112305 222.121398925781 212.854125976562 242.717208862305 199.331039428711 204.408660888672 224.730331420898 239.31494140625 206.268920898438 243.029937744141 226.039276123047 245.915161132812 243.711898803711 237.961563110352 221.6279296875 242.586013793945 236.526412963867 214.756317138672 237.737319946289 233.661926269531 212.390380859375 216.03532409668 235.369766235352 234.426696777344 225.229278564453 190.022827148438 233.773483276367 233.267227172852 232.982635498047 231.453475952148 228.51155090332 226.971664428711 224.749649047852 223.319747924805 223.050811767578 222.406234741211 -3.4e+38 -3.4e+38 -3.4e+38 -3.4e+38 -3.4e+38 -3.4e+38 -3.4e+38 -3.4e+38 -3.4e+38 -3.4e+38 -3.4e+38 -3.4e+38 -3.4e+38
214.505294799805 243.143737792969 206.334930419922 226.52278137207 225.39128112793 218.863861083984 208.509017944336 222.715759277344 226.60319519043 241.50032043457 225.261291503906 239.526596069336 221.944686889648 241.908966064453 240.951080322266 240.833526611328 235.320693969727 213.941040039062 214.882171630859 236.680633544922 236.124145507812 235.092620849609 233.944595336914 233.428512573242 228.718444824219 212.19108581543 232.264984130859 231.445419311523 231.938232421875 230.924179077148 228.518600463867 227.656585693359 225.424209594727 223.92204284668 -3.4e+38 -3.4e+38 -3.4e+38 -3.4e+38 -3.4e+38 -3.4e+38 -3.4e+38 -3.4e+38 -3.4e+38 -3.4e+38 -3.4e+38 -3.4e+38 -3.4e+38 -3.4e+38 -3.4e+38
214.754241943359 243.010314941406 200.867126464844 211.283248901367 245.059875488281 218.228866577148 202.494003295898 227.288833618164 246.209594726562 245.379013061523 244.313003540039 233.75276184082 196.416381835938 215.905075073242 214.399291992188 218.505844116211 239.003631591797 233.432022094727 216.110946655273 235.285079956055 234.64421081543 233.437683105469 233.150268554688 227.456008911133 209.414596557617 231.056106567383 230.897232055664 226.390838623047 207.961059570312 229.42512512207 227.92253112793 227.627883911133 226.243515014648 225.546127319336 226.541854858398 221.314865112305 -3.4e+38 -3.4e+38 -3.4e+38 -3.4e+38 -3.4e+38 -3.4e+38 -3.4e+38 -3.4e+38 -3.4e+38 -3.4e+38 -3.4e+38 -3.4e+38 -3.4e+38
215.476211547852 242.336837768555 206.440338134766 224.811614990234 219.080993652344 203.850189208984 217.472305297852 247.144683837891 240.346969604492 223.805603027344 237.916809082031 212.267654418945 191.391876220703 190.678985595703 190.201629638672 198.427368164062 238.454513549805 237.188003540039 214.773498535156 234.656707763672 233.62287902832 232.517852783203 232.259674072266 227.208282470703 210.237991333008 225.604843139648 208.003463745117 226.123291015625 205.58137512207 206.308242797852 226.582641601562 227.298233032227 227.947463989258 227.359817504883 -3.4e+38 -3.4e+38 -3.4e+38 -3.4e+38 -3.4e+38 -3.4e+38 -3.4e+38 -3.4e+38 -3.4e+38 -3.4e+38 -3.4e+38 -3.4e+38 -3.4e+38 -3.4e+38 -3.4e+38
211.041717529297 227.495376586914 231.679321289062 244.553253173828 221.622863769531 216.956359863281 238.053421020508 241.813201904297 214.742721557617 203.576324462891 232.909133911133 192.044219970703 191.072891235352 189.865127563477 190.115676879883 193.524520874023 217.532455444336 237.042068481445 211.310104370117 213.219223022461 233.130187988281 232.268981933594 231.27033996582 230.361694335938 229.413269042969 225.327606201172 208.962371826172 228.193222045898 224.691116333008 208.18229675293 225.612243652344 226.981735229492 226.960678100586 -3.4e+38 -3.4e+38 -3.4e+38 -3.4e+38 -3.4e+38 -3.4e+38 -3.4e+38 -3.4e+38 -3.4e+38 -3.4e+38 -3.4e+38 -3.4e+38 -3.4e+38 -3.4e+38 -3.4e+38 -3.4e+38
205.165054321289 213.291015625 245.877868652344 230.160110473633 241.295257568359 227.973037719727 220.428024291992 235.715362548828 200.463470458984 219.168090820312 218.301635742188 212.378555297852 191.401489257812 194.850433349609 215.0810546875 209.862548828125 198.642364501953 234.661773681641 226.688339233398 193.017471313477 232.951873779297 231.657104492188 230.684936523438 229.954650878906 229.608322143555 227.87614440918 227.295715332031 223.077438354492 205.27033996582 226.575561523438 224.421112060547 -3.4e+38 -3.4e+38 -3.4e+38 -3.4e+38 -3.4e+38 -3.4e+38 -3.4e+38 -3.4e+38 -3.4e+38 -3.4e+38 -3.4e+38 -3.4e+38 -3.4e+38 -3.4e+38 -3.4e+38 -3.4e+38 -3.4e+38 -3.4e+38
205.11750793457 216.182052612305 249.504470825195 234.840560913086 226.622344970703 216.431274414062 206.684722900391 235.955657958984 207.935897827148 239.729034423828 223.390106201172 236.349304199219 211.368316650391 195.780487060547 214.704376220703 210.225357055664 200.737213134766 238.044403076172 230.779891967773 215.016464233398 233.471496582031 231.033981323242 225.875930786133 208.817657470703 229.084762573242 228.040588378906 226.649078369141 222.450607299805 206.713623046875 225.099670410156 -3.4e+38 -3.4e+38 -3.4e+38 -3.4e+38 -3.4e+38 -3.4e+38 -3.4e+38 -3.4e+38 -3.4e+38 -3.4e+38 -3.4e+38 -3.4e+38 -3.4e+38 -3.4e+38 -3.4e+38 -3.4e+38 -3.4e+38 -3.4e+38 -3.4e+38
226.615921020508 206.352890014648 212.453964233398 229.640838623047 221.645889282227 201.766510009766 210.616500854492 246.778503417969 236.8994140625 201.355743408203 213.922943115234 198.429168701172 216.403884887695 210.913391113281 201.196929931641 234.492004394531 216.138336181641 218.295852661133 232.378219604492 208.689758300781 194.119079589844 230.796875 229.34065246582 220.862060546875 188.421829223633 226.355560302734 225.566589355469 225.294998168945 224.258911132812 223.767868041992 -3.4e+38 -3.4e+38 -3.4e+38 -3.4e+38 -3.4e+38 -3.4e+38 -3.4e+38 -3.4e+38 -3.4e+38 -3.4e+38 -3.4e+38 -3.4e+38 -3.4e+38 -3.4e+38 -3.4e+38 -3.4e+38 -3.4e+38 -3.4e+38 -3.4e+38
204.364242553711 205.402114868164 211.576690673828 222.909133911133 207.7001953125 219.105819702148 204.164825439453 245.516220092773 240.823135375977 219.984481811523 218.164154052734 217.595977783203 213.246963500977 196.710098266602 219.261627197266 236.964065551758 235.896606445312 234.355453491211 235.627304077148 231.268692016602 214.82893371582 231.033721923828 229.427581787109 223.649398803711 208.276565551758 -3.4e+38 -3.4e+38 -3.4e+38 -3.4e+38 -3.4e+38 -3.4e+38 -3.4e+38 -3.4e+38 -3.4e+38 -3.4e+38 -3.4e+38 -3.4e+38 -3.4e+38 -3.4e+38 -3.4e+38 -3.4e+38 -3.4e+38 -3.4e+38 -3.4e+38 -3.4e+38 -3.4e+38 -3.4e+38 -3.4e+38 -3.4e+38
203.100204467773 203.296630859375 208.628295898438 219.20783996582 206.094116210938 216.579025268555 198.116729736328 220.309051513672 220.303115844727 214.355453491211 199.644104003906 220.867309570312 230.720947265625 200.705474853516 237.194259643555 235.664367675781 234.779144287109 232.580947875977 232.548965454102 232.985046386719 233.26741027832 230.274871826172 228.132843017578 226.417633056641 -3.4e+38 -3.4e+38 -3.4e+38 -3.4e+38 -3.4e+38 -3.4e+38 -3.4e+38 -3.4e+38 -3.4e+38 -3.4e+38 -3.4e+38 -3.4e+38 -3.4e+38 -3.4e+38 -3.4e+38 -3.4e+38 -3.4e+38 -3.4e+38 -3.4e+38 -3.4e+38 -3.4e+38 -3.4e+38 -3.4e+38 -3.4e+38 -3.4e+38
207.175933837891 218.156616210938 205.351089477539 216.977157592773 204.400146484375 220.795928955078 215.025741577148 196.670486450195 200.536056518555 212.643890380859 194.31755065918 202.335830688477 234.808746337891 220.170669555664 233.362686157227 217.508895874023 234.852096557617 231.795806884766 229.865585327148 226.59228515625 211.92936706543 228.488647460938 227.076705932617 -3.4e+38 -3.4e+38 -3.4e+38 -3.4e+38 -3.4e+38 -3.4e+38 -3.4e+38 -3.4e+38 -3.4e+38 -3.4e+38 -3.4e+38 -3.4e+38 -3.4e+38 -3.4e+38 -3.4e+38 -3.4e+38 -3.4e+38 -3.4e+38 -3.4e+38 -3.4e+38 -3.4e+38 -3.4e+38 -3.4e+38 -3.4e+38 -3.4e+38 -3.4e+38
215.180053710938 234.199188232422 199.329650878906 198.271942138672 203.535842895508 225.051391601562 235.626876831055 195.565811157227 199.385971069336 215.682342529297 211.058547973633 197.561508178711 220.461715698242 233.73095703125 214.242279052734 218.19921875 234.766326904297 233.423187255859 229.60075378418 221.621520996094 191.862945556641 226.726623535156 226.040390014648 -3.4e+38 -3.4e+38 -3.4e+38 -3.4e+38 -3.4e+38 -3.4e+38 -3.4e+38 -3.4e+38 -3.4e+38 -3.4e+38 -3.4e+38 -3.4e+38 -3.4e+38 -3.4e+38 -3.4e+38 -3.4e+38 -3.4e+38 -3.4e+38 -3.4e+38 -3.4e+38 -3.4e+38 -3.4e+38 -3.4e+38 -3.4e+38 -3.4e+38 -3.4e+38
210.068328857422 216.685974121094 198.434188842773 202.303283691406 214.190994262695 206.460723876953 233.925247192383 199.111038208008 215.273193359375 218.847732543945 232.303237915039 211.333374023438 202.250671386719 233.084518432617 216.734848022461 229.936599731445 216.317398071289 231.027465820312 208.0048828125 206.678741455078 206.019424438477 -3.4e+38 -3.4e+38 -3.4e+38 -3.4e+38 -3.4e+38 -3.4e+38 -3.4e+38 -3.4e+38 -3.4e+38 -3.4e+38 -3.4e+38 -3.4e+38 -3.4e+38 -3.4e+38 -3.4e+38 -3.4e+38 -3.4e+38 -3.4e+38 -3.4e+38 -3.4e+38 -3.4e+38 -3.4e+38 -3.4e+38 -3.4e+38 -3.4e+38 -3.4e+38 -3.4e+38 -3.4e+38
200.60041809082 199.531875610352 197.815658569336 201.903274536133 212.908020019531 201.047637939453 212.245483398438 198.359619140625 214.180572509766 218.11393737793 235.805999755859 227.862670898438 201.429061889648 235.652938842773 232.857452392578 224.11962890625 197.611770629883 225.099868774414 190.510360717773 210.761291503906 223.922927856445 -3.4e+38 -3.4e+38 -3.4e+38 -3.4e+38 -3.4e+38 -3.4e+38 -3.4e+38 -3.4e+38 -3.4e+38 -3.4e+38 -3.4e+38 -3.4e+38 -3.4e+38 -3.4e+38 -3.4e+38 -3.4e+38 -3.4e+38 -3.4e+38 -3.4e+38 -3.4e+38 -3.4e+38 -3.4e+38 -3.4e+38 -3.4e+38 -3.4e+38 -3.4e+38 -3.4e+38 -3.4e+38
214.460433959961 198.102478027344 196.848281860352 196.872344970703 196.078338623047 196.19319152832 199.702819824219 209.625381469727 193.583892822266 202.039154052734 234.55012512207 225.801162719727 199.984237670898 233.150497436523 230.973892211914 226.177124023438 213.734939575195 225.910354614258 193.445678710938 -3.4e+38 -3.4e+38 -3.4e+38 -3.4e+38 -3.4e+38 -3.4e+38 -3.4e+38 -3.4e+38 -3.4e+38 -3.4e+38 -3.4e+38 -3.4e+38 -3.4e+38 -3.4e+38 -3.4e+38 -3.4e+38 -3.4e+38 -3.4e+38 -3.4e+38 -3.4e+38 -3.4e+38 -3.4e+38 -3.4e+38 -3.4e+38 -3.4e+38 -3.4e+38 -3.4e+38 -3.4e+38 -3.4e+38 -3.4e+38
213.386138916016 201.245193481445 214.985412597656 211.282348632812 196.04133605957 196.626113891602 204.161972045898 224.738525390625 193.23078918457 197.027130126953 217.002700805664 223.737503051758 198.76416015625 231.602096557617 229.396759033203 225.475128173828 208.55876159668 -3.4e+38 -3.4e+38 -3.4e+38 -3.4e+38 -3.4e+38 -3.4e+38 -3.4e+38 -3.4e+38 -3.4e+38 -3.4e+38 -3.4e+38 -3.4e+38 -3.4e+38 -3.4e+38 -3.4e+38 -3.4e+38 -3.4e+38 -3.4e+38 -3.4e+38 -3.4e+38 -3.4e+38 -3.4e+38 -3.4e+38 -3.4e+38 -3.4e+38 -3.4e+38 -3.4e+38 -3.4e+38 -3.4e+38 -3.4e+38 -3.4e+38 -3.4e+38
215.369216918945 219.004577636719 232.987457275391 229.382034301758 214.816955566406 211.957077026367 200.976211547852 229.222076416016 208.572967529297 192.163787841797 196.525131225586 207.245819091797 194.337509155273 214.172760009766 225.343780517578 -3.4e+38 -3.4e+38 -3.4e+38 -3.4e+38 -3.4e+38 -3.4e+38 -3.4e+38 -3.4e+38 -3.4e+38 -3.4e+38 -3.4e+38 -3.4e+38 -3.4e+38 -3.4e+38 -3.4e+38 -3.4e+38 -3.4e+38 -3.4e+38 -3.4e+38 -3.4e+38 -3.4e+38 -3.4e+38 -3.4e+38 -3.4e+38 -3.4e+38 -3.4e+38 -3.4e+38 -3.4e+38 -3.4e+38 -3.4e+38 -3.4e+38 -3.4e+38 -3.4e+38 -3.4e+38
215.395324707031 218.29133605957 228.232925415039 214.89143371582 215.355743408203 212.118942260742 197.68440246582 218.147735595703 228.342864990234 211.535186767578 207.112319946289 191.919082641602 190.478149414062 193.805099487305 204.907592773438 -3.4e+38 -3.4e+38 -3.4e+38 -3.4e+38 -3.4e+38 -3.4e+38 -3.4e+38 -3.4e+38 -3.4e+38 -3.4e+38 -3.4e+38 -3.4e+38 -3.4e+38 -3.4e+38 -3.4e+38 -3.4e+38 -3.4e+38 -3.4e+38 -3.4e+38 -3.4e+38 -3.4e+38 -3.4e+38 -3.4e+38 -3.4e+38 -3.4e+38 -3.4e+38 -3.4e+38 -3.4e+38 -3.4e+38 -3.4e+38 -3.4e+38 -3.4e+38 -3.4e+38 -3.4e+38
197.761367797852 -3.4e+38 -3.4e+38 200.556335449219 215.390731811523 215.607528686523 215.660827636719 202.284210205078 228.078948974609 212.075897216797 206.466995239258 194.69075012207 208.417999267578 205.257888793945 -3.4e+38 -3.4e+38 -3.4e+38 -3.4e+38 -3.4e+38 -3.4e+38 -3.4e+38 -3.4e+38 -3.4e+38 -3.4e+38 -3.4e+38 -3.4e+38 -3.4e+38 -3.4e+38 -3.4e+38 -3.4e+38 -3.4e+38 -3.4e+38 -3.4e+38 -3.4e+38 -3.4e+38 -3.4e+38 -3.4e+38 -3.4e+38 -3.4e+38 -3.4e+38 -3.4e+38 -3.4e+38 -3.4e+38 -3.4e+38 -3.4e+38 -3.4e+38 -3.4e+38 -3.4e+38 -3.4e+38
226.709411621094 209.696670532227 197.523101806641 197.651214599609 197.069641113281 196.286727905273 195.628372192383 226.511505126953 213.76481628418 224.262573242188 209.105941772461 209.765396118164 211.093521118164 -3.4e+38 -3.4e+38 -3.4e+38 -3.4e+38 -3.4e+38 -3.4e+38 -3.4e+38 -3.4e+38 -3.4e+38 -3.4e+38 -3.4e+38 -3.4e+38 -3.4e+38 -3.4e+38 -3.4e+38 -3.4e+38 -3.4e+38 -3.4e+38 -3.4e+38 -3.4e+38 -3.4e+38 -3.4e+38 -3.4e+38 -3.4e+38 -3.4e+38 -3.4e+38 -3.4e+38 -3.4e+38 -3.4e+38 -3.4e+38 -3.4e+38 -3.4e+38 -3.4e+38 -3.4e+38 -3.4e+38 -3.4e+38
