rcp4.5models/MPi_ESM_LR/sc1gr4.30
NCOLS 261 
NROWS 433 
XLLCORNER 336357.134 
YLLCORNER 654653.479 
CELLSIZE 1000 
NODATA_value -3.4e+38 
[rows 242 to 263 of 433, columns 49 to 97 of 261]
278.374481201172 278.088409423828 277.834136962891 277.616424560547 277.355895996094 277.862609863281 277.908203125 277.458190917969 277.57958984375 277.742553710938 277.867858886719 277.397766113281 277.051971435547 276.907409667969 276.670288085938 276.350646972656 276.113891601562 275.824890136719 275.980590820312 275.670989990234 275.439270019531 275.200012207031 274.982971191406 274.741363525391 274.538024902344 274.305236816406 274.133728027344 274.539031982422 274.442321777344 274.403686523438 274.216247558594 273.702423095703 273.277160644531 273.418609619141 273.674896240234 273.905609130859 274.320892333984 273.704071044922 273.059143066406 273.405303955078 273.522888183594 272.678649902344 272.375549316406 272.049407958984 271.780609130859 271.541595458984 270.819274902344 267.829956054688 265.687408447266
277.910552978516 277.664215087891 277.670135498047 277.432952880859 277.688781738281 278.065246582031 277.64599609375 277.453918457031 277.432525634766 277.349884033203 277.229187011719 277.363952636719 276.886688232422 276.703948974609 276.525329589844 276.423675537109 276.139495849609 275.761413574219 275.456878662109 275.306243896484 275.145782470703 274.780578613281 274.665466308594 274.479400634766 274.198822021484 273.85302734375 273.813079833984 273.923309326172 273.735473632812 273.926025390625 273.602447509766 273.26806640625 273.061676025391 272.893463134766 273.120727539062 273.478790283203 273.778472900391 273.726959228516 273.180908203125 272.900695800781 273.130737304688 272.803558349609 272.623291015625 272.106231689453 271.577728271484 271.570007324219 271.316680908203 270.372253417969 268.367523193359
277.954254150391 278.044647216797 277.920227050781 277.643341064453 277.782775878906 277.920166015625 277.522918701172 277.217926025391 277.13232421875 276.835632324219 276.837890625 277.088989257812 277.038116455078 276.823699951172 276.933746337891 276.712921142578 276.175598144531 275.909332275391 275.520477294922 275.481018066406 275.243957519531 274.868530273438 274.975830078125 274.84326171875 274.591644287109 273.929260253906 273.591674804688 273.705596923828 273.503570556641 273.170135498047 273.228393554688 272.96337890625 272.807983398438 272.575408935547 272.76953125 273.211761474609 273.771667480469 273.539642333984 271.653503417969 270.036926269531 271.966003417969 272.779235839844 272.795684814453 272.632537841797 272.020935058594 271.658721923828 271.421936035156 270.792633056641 268.607543945312
278.147033691406 278.184600830078 278.006622314453 278.079772949219 278.149505615234 277.962615966797 277.607269287109 277.086669921875 276.718841552734 276.589385986328 276.672332763672 276.997100830078 277.380798339844 276.995635986328 276.906463623047 276.742156982422 276.460296630859 276.078155517578 275.62353515625 275.506225585938 275.17578125 275.000762939453 275.068084716797 274.787567138672 274.738037109375 274.408172607422 273.745086669922 273.212188720703 272.985137939453 273.025695800781 272.971801757812 272.916870117188 272.76806640625 272.496795654297 272.809326171875 273.091430664062 273.413818359375 273.199005126953 270.365966796875 268.040191650391 271.683959960938 272.474365234375 272.663818359375 272.260040283203 272.031555175781 271.549743652344 270.963958740234 270.588745117188 269.349029541016
278.329040527344 278.177703857422 278.127990722656 278.033721923828 277.510681152344 277.057647705078 277.227661132812 276.924346923828 276.816528320312 276.47021484375 276.466674804688 276.449310302734 276.93603515625 276.684814453125 276.529479980469 276.463714599609 276.400085449219 276.275909423828 275.998565673828 275.649261474609 275.567443847656 275.565185546875 275.405578613281 274.865325927734 274.633514404297 274.673950195312 273.838531494141 273.254791259766 273.394104003906 273.360015869141 273.139099121094 273.086334228516 272.829986572266 272.484527587891 272.609344482422 272.970397949219 273.111602783203 272.955352783203 270.823455810547 269.610687255859 272.021697998047 272.258575439453 272.489105224609 271.944702148438 271.690216064453 271.057708740234 270.683471679688 270.591796875 270.381103515625
278.155975341797 277.889770507812 277.866882324219 277.672882080078 277.179992675781 276.61376953125 276.559844970703 276.880310058594 276.568145751953 276.284606933594 276.02099609375 275.920989990234 276.170928955078 276.124450683594 276.059814453125 275.904998779297 275.837799072266 276.001953125 275.961578369141 275.938262939453 275.719696044922 275.467864990234 275.232452392578 274.944702148438 274.761383056641 274.626892089844 273.734893798828 273.613433837891 274.026519775391 273.449951171875 273.659759521484 273.531921386719 273.061767578125 272.592803955078 272.246917724609 272.630828857422 273.050811767578 272.885894775391 271.683929443359 271.125885009766 272.023101806641 271.970733642578 272.157470703125 271.806579589844 271.809265136719 271.368743896484 270.998199462891 270.758972167969 270.710845947266
277.519683837891 277.271087646484 277.229736328125 277.576293945312 277.243804931641 276.773864746094 276.560729980469 276.531799316406 276.462829589844 276.343841552734 276.262603759766 276.287506103516 276.073272705078 275.818359375 275.868255615234 275.46923828125 275.105163574219 275.3076171875 275.563903808594 275.661865234375 275.791656494141 275.408843994141 274.968170166016 275.090179443359 274.987426757812 274.401000976562 273.840576171875 273.865997314453 274.274169921875 273.759857177734 273.419281005859 273.235748291016 273.014282226562 272.629211425781 272.082336425781 272.402282714844 273.056488037109 272.850616455078 272.053436279297 269.116729736328 266.907531738281 272.009643554688 271.900512695312 271.568817138672 272.060943603516 271.639129638672 271.106781005859 270.980407714844 270.593597412109
276.920257568359 276.705383300781 276.686706542969 277.065338134766 276.85546875 276.660064697266 276.694580078125 276.410339355469 276.476776123047 276.453796386719 276.566833496094 276.615661621094 276.199462890625 275.850189208984 275.757904052734 275.583282470703 275.246032714844 275.011291503906 275.096252441406 275.114196777344 275.28125 275.303680419922 275.319152832031 275.119415283203 274.670776367188 274.346130371094 274.190032958984 274.228363037109 274.087677001953 273.532531738281 273.227020263672 272.188903808594 271.33642578125 271.548736572266 272.132934570312 272.202209472656 272.688842773438 272.930389404297 272.393371582031 270.126495361328 266.945892333984 271.880615234375 271.88037109375 271.274810791016 271.660064697266 271.621612548828 271.202362060547 270.967987060547 269.858520507812
276.528594970703 276.377014160156 276.228363037109 276.664123535156 276.91650390625 276.954406738281 276.790466308594 276.473022460938 276.567138671875 276.678741455078 276.665740966797 276.610290527344 276.213012695312 275.86279296875 275.885467529297 276.012023925781 275.470794677734 274.966125488281 273.325744628906 274.666534423828 274.653717041016 274.950378417969 275.169342041016 274.981567382812 274.625335693359 274.572937011719 274.177398681641 274.312957763672 273.761657714844 273.06005859375 273.0166015625 272.105102539062 271.130493164062 271.573303222656 270.462066650391 269.029724121094 272.283111572266 272.715637207031 272.586853027344 271.889465332031 270.678070068359 268.12841796875 271.881072998047 271.37744140625 270.936889648438 270.901977539062 271.148559570312 270.972778320312 270.293609619141
276.493774414062 276.354949951172 276.081695556641 276.573303222656 276.79052734375 276.9228515625 276.699645996094 276.727447509766 276.738159179688 276.99853515625 276.837951660156 276.728515625 276.307220458984 276.108673095703 276.273254394531 275.904846191406 275.429504394531 274.977233886719 273.932342529297 274.405212402344 274.353057861328 274.593902587891 274.531280517578 274.864959716797 274.818298339844 274.602966308594 274.369384765625 274.405151367188 273.920806884766 272.749420166016 272.927947998047 272.562286376953 272.058532714844 271.99658203125 270.559844970703 269.532470703125 271.686676025391 272.099761962891 272.558807373047 271.887145996094 271.383209228516 267.990509033203 270.158325195312 271.433013916016 270.944519042969 270.567138671875 270.598571777344 270.824523925781 270.841430664062
276.729522705078 276.510498046875 276.353607177734 276.647674560547 276.817321777344 276.820251464844 276.868713378906 276.879699707031 277.172912597656 277.061187744141 276.849060058594 277.02294921875 276.793731689453 276.550109863281 276.326721191406 275.740264892578 275.489379882812 275.228393554688 275.139221191406 274.580047607422 274.360137939453 274.320739746094 273.985260009766 274.066864013672 274.271881103516 274.518829345703 274.586486816406 274.342864990234 273.758666992188 272.963348388672 273.289947509766 272.898620605469 272.413391113281 272.212951660156 271.899505615234 271.338775634766 271.324157714844 271.903747558594 272.376922607422 271.840362548828 271.315093994141 270.527801513672 270.107299804688 271.287719726562 271.324462890625 270.861450195312 270.198699951172 270.472747802734 270.636505126953
276.787445068359 276.562774658203 276.4072265625 276.654388427734 277.093688964844 277.177917480469 277.215393066406 276.929870605469 276.860229492188 276.806274414062 276.822357177734 276.624786376953 276.393432617188 276.288757324219 276.137664794922 275.756408691406 275.356811523438 275.222320556641 275.125305175781 274.974578857422 274.404144287109 273.932861328125 274.278350830078 273.977355957031 274.162078857422 274.391448974609 274.323455810547 274.02734375 273.710968017578 273.399841308594 273.242797851562 272.949035644531 272.838745117188 272.575927734375 272.358276367188 271.4951171875 271.271179199219 271.765991210938 272.071228027344 271.874481201172 271.685363769531 271.176391601562 269.936737060547 269.447387695312 270.929321289062 270.739593505859 270.285278320312 270.296417236328 270.364685058594
276.661193847656 276.715606689453 276.733276367188 276.917785644531 277.212097167969 277.209594726562 277.047515869141 276.746948242188 276.184783935547 276.2841796875 276.627655029297 276.599731445312 276.460632324219 276.405242919922 276.297668457031 275.91748046875 275.682373046875 275.66162109375 275.424407958984 275.355102539062 274.734832763672 274.233734130859 274.468505859375 274.282196044922 274.268371582031 273.947448730469 273.768402099609 273.664215087891 273.772918701172 273.196960449219 273.016510009766 273.389007568359 273.3837890625 272.959808349609 272.596099853516 271.730743408203 270.962829589844 271.663269042969 271.936950683594 271.685699462891 271.148468017578 271.172027587891 269.938751220703 267.528350830078 267.641540527344 270.683135986328 270.227661132812 269.933074951172 270.076690673828
276.844818115234 277.247589111328 277.436981201172 277.075347900391 276.835327148438 276.606811523438 276.368530273438 276.060791015625 275.519775390625 275.3818359375 275.885070800781 276.182189941406 276.256530761719 276.236663818359 275.810729980469 275.381011962891 275.289581298828 275.245361328125 275.102325439453 275.1611328125 275.115936279297 275.013153076172 274.794464111328 274.314605712891 274.212615966797 273.819458007812 273.359283447266 273.112518310547 273.228912353516 273.589599609375 273.222259521484 273.004547119141 273.159851074219 272.591278076172 272.278381347656 271.544708251953 270.742034912109 270.681671142578 271.51171875 271.421569824219 270.705322265625 269.754180908203 270.072998046875 269.591583251953 269.330352783203 270.175415039062 269.9091796875 269.335205078125 269.189605712891
277.031036376953 277.354797363281 276.993957519531 276.77783203125 276.482055664062 276.119262695312 276.108612060547 275.725189208984 275.248199462891 274.799163818359 274.517761230469 275.382202148438 275.509613037109 275.576721191406 275.560607910156 275.313751220703 274.785736083984 274.575866699219 274.467132568359 274.391998291016 274.397308349609 274.605499267578 274.784606933594 274.590148925781 274.573028564453 274.193115234375 273.59814453125 273.22705078125 273.025421142578 272.851348876953 273.034332275391 272.999084472656 272.624084472656 272.548767089844 272.539611816406 271.930480957031 271.027770996094 270.726806640625 271.434234619141 271.391876220703 270.784515380859 269.637512207031 269.391723632812 268.438995361328 267.847473144531 267.861297607422 269.587493896484 268.791137695312 266.219146728516
277.366882324219 277.347686767578 276.706909179688 276.179992675781 276.191314697266 275.950469970703 275.750732421875 275.599334716797 275.311767578125 275.148773193359 274.921295166016 275.226684570312 275.155487060547 274.971984863281 275.136077880859 275.278778076172 274.872406005859 274.444763183594 274.274261474609 274.208892822266 273.927185058594 274.1240234375 274.392608642578 274.668090820312 274.690338134766 274.329406738281 274.045867919922 273.511260986328 273.101440429688 272.677673339844 273.039825439453 272.806335449219 272.237274169922 271.964202880859 272.058990478516 271.845031738281 271.220550537109 270.762176513672 271.297119140625 271.325714111328 270.893524169922 270.224975585938 269.310943603516 268.375091552734 267.869049072266 265.608520507812 263.093994140625 264.37060546875 263.527679443359
277.118591308594 276.793823242188 276.709503173828 276.652954101562 276.230407714844 275.978454589844 275.799621582031 275.623138427734 275.351715087891 275.341430664062 275.439483642578 275.356964111328 275.245574951172 274.787994384766 274.585968017578 274.877349853516 275.083282470703 274.813781738281 274.585235595703 274.548400878906 274.024688720703 273.863311767578 273.880584716797 274.182830810547 274.366607666016 273.797332763672 273.893096923828 273.729736328125 273.029266357422 272.603881835938 272.745147705078 272.596862792969 272.028015136719 271.507019042969 271.158233642578 271.138458251953 270.925170898438 270.416778564453 270.863677978516 271.0400390625 270.829315185547 270.410827636719 269.542846679688 269.044921875 266.685821533203 261.196105957031 258.413848876953 259.391052246094 259.729858398438
276.130523681641 276.207061767578 276.623382568359 276.938903808594 276.481994628906 276.049255371094 275.992370605469 275.758636474609 275.490478515625 275.424987792969 275.694671630859 275.374603271484 275.160583496094 274.684997558594 274.093475341797 274.346374511719 274.881927490234 274.851379394531 274.298004150391 274.360534667969 273.708221435547 273.571411132812 273.275695800781 273.568298339844 273.848205566406 273.435180664062 273.741516113281 273.665008544922 272.742156982422 270.911163330078 272.253753662109 272.329498291016 271.942810058594 271.575012207031 270.835479736328 270.757904052734 270.581756591797 270.265258789062 270.738189697266 270.955627441406 270.648345947266 270.144104003906 269.738128662109 267.232727050781 262.638458251953 260.510131835938 258.445831298828 257.886535644531 257.119110107422
275.614440917969 276.11376953125 276.411437988281 276.600280761719 276.638671875 276.683685302734 276.549072265625 275.983276367188 275.937530517578 275.493347167969 275.400909423828 275.221801757812 274.997009277344 274.725128173828 274.079010009766 273.960815429688 274.375915527344 274.237030029297 273.732360839844 273.823272705078 273.635040283203 273.427551269531 272.880981445312 273.156555175781 273.553405761719 273.257751464844 273.47119140625 273.239471435547 272.614898681641 271.144836425781 271.888366699219 271.975280761719 272.060455322266 271.500122070312 270.988983154297 270.86669921875 270.450836181641 270.100952148438 270.595764160156 271.005706787109 270.464996337891 267.3203125 263.444000244141 262.048889160156 259.850006103516 260.099517822266 258.386566162109 257.903350830078 257.128997802734
275.500213623047 275.998748779297 276.208374023438 276.262298583984 276.306030273438 276.363555908203 276.273254394531 276.151672363281 275.990814208984 275.491943359375 275.256805419922 275.220520019531 274.889801025391 274.303344726562 273.807708740234 273.853637695312 274.108489990234 273.457702636719 273.045806884766 273.720947265625 273.689514160156 273.212127685547 272.51611328125 272.843231201172 273.364776611328 273.129425048828 273.266845703125 272.721588134766 272.597686767578 271.910064697266 271.558837890625 271.44873046875 271.908569335938 271.607238769531 271.079956054688 271.085754394531 270.608520507812 270.017913818359 270.303497314453 270.661560058594 270.380096435547 261.802307128906 258.848205566406 258.992156982422 259.259643554688 258.498687744141 257.831512451172 257.921905517578 256.781341552734
275.530639648438 275.673217773438 275.672882080078 275.760528564453 275.802551269531 275.680328369141 275.41455078125 276.163787841797 275.821044921875 275.505950927734 275.649383544922 275.446502685547 275.182159423828 274.534362792969 274.045654296875 273.932250976562 273.851104736328 273.097503662109 272.558959960938 273.561126708984 273.737182617188 273.259307861328 272.508453369141 272.642303466797 273.000457763672 272.798522949219 273.004791259766 272.30712890625 272.308654785156 272.164489746094 271.186553955078 271.182861328125 271.420715332031 271.719665527344 271.531311035156 271.048889160156 270.358856201172 269.834014892578 270.201110839844 270.249481201172 270.161407470703 259.201446533203 258.919555664062 258.456512451172 258.825317382812 258.475189208984 258.040740966797 257.977447509766 256.828063964844
275.615112304688 275.379272460938 275.224578857422 275.476928710938 275.739410400391 275.723541259766 275.145080566406 275.812683105469 275.738067626953 275.291748046875 275.311401367188 275.283203125 275.338562011719 274.853302001953 274.332855224609 273.97265625 273.736907958984 273.394897460938 272.742858886719 273.113464355469 273.444519042969 273.053436279297 272.390930175781 272.509582519531 272.675323486328 272.404815673828 272.461853027344 272.332916259766 272.70947265625 272.482360839844 270.975738525391 270.733215332031 270.821899414062 271.538146972656 271.601867675781 271.020538330078 270.306396484375 269.787841796875 270.200958251953 267.756072998047 263.842987060547 258.71533203125 258.273040771484 257.655456542969 258.078918457031 258.387329101562 258.107391357422 257.724853515625 256.190277099609
