rcp4.5models/MPi_ESM_LR/sc1gr9.10
NCOLS 261 
NROWS 433 
XLLCORNER 336357.134 
YLLCORNER 654653.479 
CELLSIZE 1000 
NODATA_value -3.4e+38 
[rows 286 to 307 of 433, columns 196 to 244 of 261]
298.667938232422 297.256988525391 309.153503417969 311.930480957031 291.946716308594 288.054107666016 288.971343994141 298.529174804688 303.618469238281 323.055328369141 315.687927246094 328.010711669922 323.132690429688 300.175964355469 269.787841796875 268.486114501953 267.114807128906 263.378814697266 -3.4e+38 279.363494873047 291.032775878906 267.347137451172 262.984924316406 257.421783447266 252.080444335938 250.648178100586 250.248611450195 250.208343505859 248.890731811523 243.280548095703 240.755081176758 241.341445922852 236.656814575195 235.500106811523 232.238677978516 230.821441650391 229.688125610352 227.158477783203 226.000228881836 224.394226074219 221.8876953125 217.263732910156 214.008590698242 210.098831176758 207.881072998047 206.292495727539 203.988494873047 200.476028442383 -3.4e+38
293.501892089844 292.147094726562 295.363128662109 293.258758544922 290.479919433594 289.102478027344 288.355621337891 293.177062988281 303.349334716797 329.050262451172 328.048004150391 334.092010498047 327.534210205078 301.890960693359 271.608551025391 266.939300537109 264.79345703125 261.916931152344 -3.4e+38 275.933959960938 294.598022460938 270.760864257812 265.729400634766 258.562225341797 252.815368652344 251.168869018555 248.4609375 246.513244628906 246.960372924805 245.263275146484 -3.4e+38 239.117858886719 235.629577636719 235.099884033203 233.208297729492 231.071624755859 229.314056396484 228.124084472656 227.295379638672 225.253707885742 223.105270385742 216.874786376953 214.246368408203 210.881683349609 210.054412841797 207.354309082031 204.688079833984 -3.4e+38 -3.4e+38
288.502716064453 290.688049316406 294.555633544922 293.531188964844 293.355834960938 289.753662109375 288.133514404297 290.988555908203 302.607086181641 328.396087646484 331.838500976562 333.630340576172 329.377136230469 310.660430908203 273.533966064453 269.43603515625 265.303161621094 262.097320556641 -3.4e+38 276.401245117188 302.883270263672 274.931274414062 264.820251464844 259.087005615234 256.496551513672 253.990417480469 249.670532226562 245.780868530273 244.186737060547 245.93424987793 239.489654541016 237.457595825195 235.529525756836 234.629608154297 233.259811401367 231.612930297852 230.3388671875 230.158111572266 228.499145507812 225.818832397461 223.323654174805 217.281616210938 214.811096191406 212.543930053711 212.49235534668 210.826477050781 207.110687255859 202.693420410156 199.465774536133
289.174682617188 289.007446289062 291.669128417969 293.073486328125 295.231689453125 288.528686523438 288.205413818359 290.598327636719 297.399871826172 307.673950195312 316.709075927734 328.561157226562 329.091491699219 318.398559570312 271.696197509766 268.635803222656 266.803588867188 264.671966552734 261.528137207031 278.979339599609 304.092041015625 274.490295410156 -3.4e+38 -3.4e+38 259.905639648438 -3.4e+38 -3.4e+38 246.579193115234 243.588607788086 243.810577392578 239.612518310547 237.87907409668 236.857986450195 234.773223876953 232.750396728516 232.097854614258 231.692932128906 231.272094726562 228.623199462891 225.463256835938 222.7421875 219.808639526367 215.991973876953 213.676071166992 213.515716552734 212.524368286133 209.269760131836 204.167068481445 201.562881469727
287.742797851562 287.286804199219 287.143188476562 297.819396972656 319.617431640625 308.059509277344 290.082824707031 289.523132324219 291.847930908203 291.141326904297 299.117706298828 307.230529785156 321.421661376953 328.27587890625 291.1025390625 266.953552246094 264.847412109375 263.137023925781 -3.4e+38 267.677673339844 277.697723388672 -3.4e+38 -3.4e+38 -3.4e+38 -3.4e+38 -3.4e+38 -3.4e+38 253.528259277344 251.180511474609 249.476043701172 243.041290283203 238.989501953125 237.161529541016 236.398696899414 237.027069091797 237.748413085938 236.777374267578 238.309875488281 231.355133056641 226.698669433594 226.125961303711 222.264663696289 218.963134765625 217.954025268555 217.826568603516 216.216918945312 211.164184570312 206.861465454102 203.564575195312
291.812469482422 290.802215576172 289.891296386719 293.131378173828 306.728759765625 306.610412597656 289.789825439453 288.868713378906 291.022216796875 287.826690673828 287.753173828125 292.511993408203 306.037475585938 314.607971191406 299.394500732422 263.758728027344 263.115234375 261.333038330078 -3.4e+38 -3.4e+38 -3.4e+38 -3.4e+38 -3.4e+38 -3.4e+38 -3.4e+38 -3.4e+38 -3.4e+38 258.665588378906 256.518615722656 254.36083984375 243.63264465332 239.546875 240.002349853516 239.047622680664 239.147689819336 240.462982177734 239.449737548828 239.182754516602 232.96044921875 227.719604492188 227.932891845703 225.166030883789 222.924606323242 -3.4e+38 217.443252563477 213.837905883789 210.358825683594 207.242904663086 203.885070800781
298.078338623047 297.759704589844 298.210021972656 294.768249511719 290.464080810547 292.883148193359 289.420288085938 289.504608154297 287.614654541016 286.287994384766 285.00390625 284.383514404297 283.182037353516 286.028869628906 286.558807373047 266.492340087891 264.980682373047 265.111145019531 262.900360107422 263.405059814453 261.0869140625 -3.4e+38 -3.4e+38 260.993133544922 -3.4e+38 -3.4e+38 -3.4e+38 257.841217041016 255.227142333984 253.203063964844 243.040557861328 240.148712158203 241.725234985352 242.333038330078 241.600021362305 242.241165161133 239.726593017578 236.11408996582 230.941299438477 -3.4e+38 229.030059814453 226.898498535156 223.267135620117 -3.4e+38 218.003051757812 213.658126831055 210.54280090332 207.687072753906 204.823318481445
299.193603515625 301.147552490234 302.984039306641 298.301147460938 290.931488037109 290.980865478516 289.834106445312 290.5830078125 287.015930175781 285.446868896484 282.870300292969 280.152160644531 275.536102294922 279.093811035156 283.339416503906 275.728210449219 270.604644775391 267.912261962891 264.159088134766 263.440734863281 -3.4e+38 -3.4e+38 -3.4e+38 -3.4e+38 -3.4e+38 -3.4e+38 258.037872314453 260.253723144531 255.729904174805 253.877349853516 241.532974243164 240.560165405273 242.582626342773 245.693084716797 245.631652832031 247.837432861328 236.203582763672 233.077407836914 229.861297607422 228.778839111328 229.9501953125 227.428115844727 222.751541137695 219.636581420898 219.156600952148 214.774124145508 211.853042602539 208.92204284668 206.084350585938
298.043487548828 304.381988525391 308.736022949219 300.095977783203 291.619934082031 290.08203125 290.315399169922 296.764892578125 298.069458007812 287.838470458984 281.969116210938 279.792175292969 279.018981933594 282.632141113281 285.644653320312 276.739959716797 270.987579345703 269.270263671875 266.054656982422 261.736083984375 -3.4e+38 -3.4e+38 -3.4e+38 -3.4e+38 -3.4e+38 -3.4e+38 261.62548828125 261.284790039062 254.256301879883 251.455978393555 241.540771484375 243.166976928711 244.045516967773 246.403839111328 247.400314331055 -3.4e+38 234.9658203125 233.686233520508 231.790618896484 231.263214111328 230.493789672852 227.738891601562 223.479461669922 219.758499145508 217.500274658203 214.043640136719 211.827163696289 209.077545166016 205.98664855957
295.394927978516 306.341339111328 321.442321777344 302.670989990234 291.730621337891 290.607025146484 291.379516601562 296.839141845703 298.125213623047 290.480987548828 285.566528320312 283.669799804688 285.711944580078 285.481567382812 286.828399658203 274.582305908203 272.552276611328 270.912719726562 267.728210449219 262.168884277344 -3.4e+38 -3.4e+38 -3.4e+38 -3.4e+38 -3.4e+38 264.516998291016 266.122711181641 261.328460693359 252.821868896484 247.627395629883 245.146850585938 246.167419433594 247.706527709961 246.681610107422 243.782943725586 -3.4e+38 237.218566894531 234.779190063477 234.374664306641 233.397567749023 231.015182495117 225.563674926758 221.956024169922 -3.4e+38 -3.4e+38 213.444580078125 210.875869750977 207.538543701172 204.661437988281
292.42236328125 298.899658203125 311.896179199219 297.559539794922 291.298095703125 291.951721191406 294.738006591797 292.896362304688 292.250396728516 290.002532958984 288.944244384766 292.099426269531 291.012512207031 293.504028320312 291.262603759766 280.089630126953 277.069396972656 270.092376708984 263.759948730469 -3.4e+38 267.771453857422 266.84033203125 -3.4e+38 -3.4e+38 -3.4e+38 261.613800048828 265.829956054688 259.453674316406 251.853622436523 246.25700378418 247.191192626953 248.815734863281 251.453063964844 247.277770996094 -3.4e+38 -3.4e+38 239.261367797852 237.495086669922 235.256332397461 235.245269775391 231.655517578125 223.690002441406 -3.4e+38 219.060501098633 -3.4e+38 212.601318359375 210.241348266602 207.1953125 205.010971069336
291.858856201172 292.273986816406 294.816558837891 293.905151367188 291.653442382812 294.014038085938 297.877777099609 296.348785400391 294.988189697266 289.644866943359 290.424255371094 297.816253662109 289.0478515625 295.210540771484 298.444549560547 289.094299316406 277.790405273438 271.583526611328 261.814483642578 264.198455810547 270.806793212891 267.439361572266 -3.4e+38 263.311370849609 264.158233642578 264.851013183594 274.09814453125 273.515869140625 254.026718139648 246.689849853516 247.77978515625 249.737915039062 249.962219238281 248.823211669922 252.096618652344 245.630630493164 242.087158203125 239.425445556641 236.237197875977 235.788375854492 231.446228027344 225.724258422852 222.792327880859 -3.4e+38 -3.4e+38 213.634872436523 210.787414550781 208.931854248047 206.805618286133
294.254852294922 294.501251220703 294.028778076172 295.372772216797 293.108520507812 295.585845947266 299.774505615234 298.680084228516 295.070983886719 293.302459716797 298.969116210938 293.943389892578 286.233795166016 296.301879882812 301.864349365234 288.317016601562 275.1884765625 271.032440185547 267.697265625 269.082183837891 272.449188232422 269.936462402344 -3.4e+38 273.346618652344 278.777679443359 267.618103027344 271.951080322266 273.629730224609 256.395751953125 248.419052124023 249.530731201172 250.097747802734 248.71711730957 251.499526977539 255.578338623047 248.236724853516 245.703598022461 241.103637695312 238.992263793945 236.037109375 232.496459960938 227.49674987793 223.427215576172 -3.4e+38 -3.4e+38 216.36360168457 212.586929321289 211.756439208984 207.687866210938
300.914825439453 298.835571289062 295.904541015625 295.759735107422 295.371917724609 297.608032226562 301.820098876953 296.670135498047 294.027313232422 302.174499511719 321.323181152344 300.908752441406 287.675659179688 298.117523193359 297.694854736328 282.149749755859 271.004028320312 267.017395019531 273.371643066406 279.114562988281 276.000183105469 274.590148925781 272.417999267578 289.529632568359 294.021026611328 267.538635253906 261.252685546875 260.959197998047 -3.4e+38 250.538375854492 254.406921386719 251.989624023438 251.245223999023 251.137069702148 252.032150268555 252.51220703125 257.552368164062 252.11506652832 240.992889404297 236.52018737793 234.620895385742 228.250915527344 224.021270751953 222.464111328125 219.933059692383 217.946731567383 214.03776550293 211.322860717773 206.967422485352
326.592742919922 301.067413330078 296.474700927734 297.445129394531 298.753967285156 299.388549804688 303.104309082031 297.838989257812 302.446960449219 318.225524902344 337.401672363281 314.195739746094 292.744476318359 284.864624023438 285.390014648438 275.684753417969 268.328125 269.460693359375 279.019073486328 299.595458984375 290.134460449219 274.654754638672 277.293365478516 304.313201904297 299.931793212891 269.090179443359 -3.4e+38 -3.4e+38 -3.4e+38 252.942459106445 257.220764160156 257.569671630859 262.304840087891 252.159149169922 254.767562866211 258.542724609375 268.043975830078 275.972503662109 254.744216918945 238.486709594727 236.494018554688 228.483139038086 224.795700073242 223.185211181641 221.112228393555 217.374572753906 213.911712646484 209.988388061523 207.371520996094
302.106506347656 303.522369384766 302.986511230469 306.085876464844 313.275543212891 316.178771972656 310.896331787109 301.079833984375 298.225921630859 303.300598144531 300.316528320312 293.321411132812 279.662261962891 274.562896728516 270.704010009766 272.257232666016 279.569061279297 282.924407958984 287.830474853516 313.447692871094 309.809020996094 285.765869140625 285.438812255859 317.684387207031 315.466766357422 288.037780761719 -3.4e+38 -3.4e+38 258.115081787109 261.342834472656 260.452331542969 258.767974853516 256.54541015625 255.974273681641 255.194458007812 255.252593994141 255.797393798828 259.020355224609 263.428680419922 238.013824462891 234.930404663086 227.150131225586 223.979766845703 221.988159179688 220.38020324707 219.018371582031 216.069641113281 218.010971069336 213.866806030273
304.316040039062 314.266723632812 321.582122802734 332.346130371094 329.525085449219 329.475769042969 317.167816162109 302.468231201172 287.243988037109 289.917877197266 294.251251220703 286.124481201172 277.879577636719 274.016845703125 271.522857666016 273.894866943359 279.836181640625 280.419952392578 283.560211181641 304.824798583984 311.548980712891 301.683868408203 298.379791259766 315.163482666016 321.117279052734 299.648345947266 -3.4e+38 256.279998779297 259.712951660156 262.934539794922 265.094451904297 264.225402832031 263.603576660156 261.718872070312 255.206451416016 251.497421264648 250.331497192383 251.983901977539 256.741821289062 236.399993896484 232.776077270508 228.011764526367 226.005386352539 223.828887939453 220.84375 220.106307983398 226.766082763672 223.960830688477 213.563186645508
313.120300292969 330.490295410156 344.464904785156 347.120727539062 337.213897705078 335.369506835938 324.957458496094 304.654205322266 288.178649902344 287.642364501953 289.734283447266 282.525512695312 276.455932617188 275.398681640625 274.870574951172 274.362548828125 277.048858642578 282.010314941406 273.358215332031 284.389251708984 294.771514892578 311.491790771484 307.814758300781 315.745635986328 313.507141113281 279.803863525391 257.573852539062 255.806915283203 258.913208007812 260.560760498047 265.728454589844 266.558471679688 265.195831298828 264.920989990234 266.345245361328 254.266494750977 -3.4e+38 247.308624267578 248.928085327148 235.531188964844 232.665832519531 230.561004638672 228.083480834961 224.991622924805 222.410522460938 220.833648681641 226.765182495117 219.679077148438 212.055938720703
321.857147216797 356.028625488281 370.935821533203 352.945434570312 340.548065185547 332.656127929688 325.852935791016 295.675445556641 287.492828369141 285.486267089844 284.126892089844 282.080383300781 279.394195556641 279.028076171875 277.436645507812 275.500640869141 278.116546630859 283.623565673828 270.735076904297 274.365814208984 290.902191162109 315.910003662109 306.639526367188 295.892730712891 283.815246582031 260.736877441406 255.683013916016 256.935302734375 259.274200439453 259.509765625 262.745971679688 260.930053710938 259.568603515625 263.605895996094 273.576782226562 255.294525146484 253.02197265625 -3.4e+38 -3.4e+38 240.237899780273 234.482131958008 233.403762817383 230.455154418945 228.71955871582 230.069305419922 223.341400146484 220.775100708008 216.393585205078 213.170455932617
324.557708740234 355.293518066406 359.037322998047 363.19921875 339.711364746094 323.014953613281 318.146484375 290.421020507812 290.150451660156 286.735290527344 282.557373046875 282.680755615234 284.595489501953 288.958038330078 282.250274658203 283.528228759766 278.624237060547 282.863006591797 272.156463623047 273.414031982422 291.146789550781 317.291717529297 299.117034912109 273.555084228516 263.417388916016 260.079284667969 262.624969482422 260.435241699219 261.891387939453 261.836181640625 261.486480712891 257.680786132812 255.664611816406 257.491455078125 260.342559814453 249.637161254883 -3.4e+38 -3.4e+38 244.82096862793 248.62858581543 236.877075195312 235.585113525391 232.787216186523 232.185577392578 234.824981689453 224.39958190918 220.161041259766 217.509536743164 217.20703125
319.868438720703 329.813873291016 334.360229492188 371.749725341797 345.13916015625 316.900299072266 310.448028564453 293.757751464844 294.2314453125 288.794738769531 283.375762939453 284.526672363281 288.871551513672 301.880706787109 303.920745849609 306.108612060547 291.367218017578 293.345520019531 275.459014892578 273.558380126953 285.088836669922 308.957000732422 290.173767089844 268.079254150391 261.670471191406 263.636962890625 271.6171875 261.735870361328 263.859527587891 264.961212158203 263.209625244141 260.079437255859 257.633209228516 255.095611572266 250.646713256836 248.373733520508 249.158493041992 249.397186279297 246.779983520508 246.946365356445 239.303588867188 239.54150390625 235.587371826172 232.119613647461 231.751022338867 224.636001586914 220.741500854492 219.798934936523 217.971435546875
317.199981689453 326.365966796875 355.367279052734 383.529602050781 364.700073242188 323.771820068359 302.535491943359 299.609130859375 293.703399658203 288.895690917969 288.222290039062 286.445251464844 291.476623535156 310.572418212891 329.693817138672 329.758636474609 318.709838867188 314.821624755859 281.769317626953 277.416961669922 279.27978515625 288.662902832031 279.832855224609 266.641693115234 261.434844970703 269.406921386719 286.299407958984 275.325073242188 264.820526123047 266.722991943359 264.693969726562 263.501068115234 261.554138183594 258.048736572266 255.659515380859 251.41682434082 251.801712036133 252.036193847656 245.799545288086 242.428695678711 240.129241943359 243.988952636719 240.769790649414 233.605178833008 231.016693115234 225.773361206055 222.285934448242 220.626068115234 218.104187011719
