rcp4.5models/MPi_ESM_LR/sc1gr9.27
NCOLS 261 
NROWS 433 
XLLCORNER 336357.134 
YLLCORNER 654653.479 
CELLSIZE 1000 
NODATA_value -3.4e+38 
[rows 154 to 175 of 433, columns 147 to 195 of 261]
111.453765869141 110.910545349121 110.133865356445 108.942237854004 107.975357055664 106.797431945801 105.928260803223 105.236206054688 104.312660217285 102.745140075684 101.504333496094 99.9606018066406 98.4116897583008 98.0346832275391 97.9115142822266 96.2288589477539 94.4035491943359 93.915657043457 93.7351455688477 91.5547866821289 -3.4e+38 91.7989273071289 89.0882034301758 88.5853500366211 88.0376663208008 87.3186950683594 86.7690734863281 86.2223892211914 85.5615081787109 84.8056030273438 84.2578201293945 83.7468414306641 83.2638244628906 81.8645629882812 81.1247253417969 80.3038864135742 79.7787857055664 79.1206512451172 78.9515228271484 78.7020950317383 -3.4e+38 77.5525970458984 76.9222869873047 76.6389617919922 76.1542739868164 75.2734603881836 74.7886962890625 74.2840957641602 74.1309814453125
111.279991149902 110.504173278809 109.576248168945 108.408554077148 107.923316955566 106.776031494141 105.619003295898 104.756286621094 -3.4e+38 102.959037780762 102.086235046387 99.2172927856445 97.5026702880859 97.1306304931641 97.0163116455078 95.1963424682617 93.6474685668945 93.1471252441406 -3.4e+38 91.9154434204102 92.0210037231445 90.8679885864258 88.8777236938477 88.3270492553711 87.3922653198242 86.7239151000977 86.0296325683594 85.6964340209961 85.3081970214844 84.8287811279297 84.3809814453125 83.6962509155273 82.9862289428711 81.522216796875 80.7762145996094 79.9695053100586 79.4543914794922 78.7774276733398 78.5863418579102 78.2255401611328 77.5648422241211 77.0638809204102 76.413932800293 76.1370391845703 75.6333084106445 74.739501953125 74.2615356445312 73.8056716918945 73.7370376586914
111.341361999512 110.279945373535 109.131950378418 108.099433898926 107.56420135498 106.838973999023 106.075721740723 104.640213012695 103.284622192383 102.597206115723 102.115661621094 99.1467437744141 97.4746856689453 96.4883041381836 95.9352722167969 94.5842132568359 93.6137237548828 93.0478820800781 91.9367218017578 -3.4e+38 92.492561340332 89.7888488769531 88.4994888305664 87.8002166748047 87.2635345458984 86.8723831176758 85.9346618652344 85.3307189941406 84.7649154663086 84.4270706176758 83.899169921875 83.1009674072266 82.6406097412109 81.4607009887695 80.8005752563477 80.1269454956055 -3.4e+38 78.9277877807617 78.5206909179688 77.8773574829102 77.2261047363281 76.8278427124023 76.2654266357422 75.7711181640625 75.2766342163086 74.37353515625 74.0039367675781 73.6292953491211 73.3261032104492
111.387893676758 110.119415283203 109.213829040527 108.540893554688 107.428428649902 106.428771972656 105.769248962402 104.845222473145 103.597343444824 102.674942016602 102.008071899414 98.8040161132812 97.3826217651367 96.1080856323242 95.2792205810547 94.2759857177734 93.8524169921875 92.9723510742188 91.8156356811523 91.6317443847656 91.3801422119141 89.5601577758789 88.3308944702148 87.3835601806641 86.8582534790039 86.2869720458984 85.7468185424805 85.4362869262695 84.664306640625 84.2576675415039 83.7835540771484 82.8508682250977 82.2496032714844 80.9518966674805 80.1781997680664 79.9008255004883 -3.4e+38 78.9761505126953 78.5352783203125 78.0211563110352 77.3525619506836 77.0577774047852 76.5391998291016 75.9007873535156 75.3000259399414 74.4800720214844 74.0909652709961 73.5943756103516 73.229606628418
110.814880371094 109.941772460938 109.361526489258 108.693458557129 107.747955322266 106.411499023438 105.258926391602 104.646461486816 104.019927978516 103.285140991211 102.40503692627 98.4120559692383 96.8568954467773 95.4725189208984 94.9879608154297 94.2269897460938 93.4287261962891 92.3285751342773 92.3189239501953 92.6804885864258 90.0428237915039 89.3081665039062 88.0248184204102 87.6450958251953 86.8711242675781 85.9195938110352 85.497932434082 85.0872650146484 84.3647308349609 84.2274932861328 83.9494857788086 83.0116958618164 82.2397613525391 80.5439453125 79.7157592773438 79.5611724853516 79.3110275268555 78.5650787353516 78.0962066650391 77.5620346069336 77.1241912841797 77.1827392578125 76.6748428344727 75.9291381835938 75.3023071289062 74.4568557739258 74.2258453369141 73.6885833740234 73.2232360839844
110.565101623535 109.658241271973 109.228340148926 108.572761535645 107.742919921875 106.790115356445 105.534255981445 104.482650756836 103.658203125 103.249267578125 102.614776611328 98.6264495849609 96.7465515136719 95.1864700317383 94.5230941772461 94.1355972290039 93.0263671875 -3.4e+38 92.1016998291016 91.9857330322266 89.9388732910156 89.1797180175781 87.5974349975586 87.3043746948242 86.7137145996094 86.1190185546875 85.6250991821289 85.0132751464844 84.1324768066406 83.7304153442383 83.1478118896484 82.407112121582 81.923713684082 80.7460479736328 79.8936386108398 79.5509185791016 79.0187911987305 78.3243713378906 77.9341583251953 77.2539978027344 76.7482681274414 76.7323455810547 76.1138916015625 75.3372650146484 74.9533843994141 73.9958190917969 74.06787109375 73.9441528320312 73.3385696411133
110.899169921875 109.628479003906 108.718032836914 108.12296295166 107.258369445801 106.870468139648 106.089096069336 104.71541595459 103.712944030762 103.20206451416 101.822120666504 99.0620651245117 96.9923477172852 95.5525360107422 -3.4e+38 -3.4e+38 92.8145294189453 -3.4e+38 91.3225326538086 90.4051361083984 89.5705261230469 88.8420791625977 87.4586410522461 86.7604904174805 86.119499206543 85.8262557983398 85.3889770507812 85.0929641723633 84.5092697143555 83.7202606201172 82.7669372558594 82.1810455322266 81.6302947998047 80.5340423583984 80.058464050293 79.7267608642578 79.0847702026367 78.3349609375 78.0635833740234 77.3994522094727 76.7312927246094 76.3150863647461 75.6659851074219 75.0154418945312 74.7065734863281 73.6264572143555 73.5699996948242 73.3124847412109 72.8328552246094
111.387283325195 109.971153259277 109.134864807129 107.94270324707 106.403167724609 105.535667419434 104.952339172363 104.784271240234 104.676498413086 103.409736633301 101.083625793457 97.5611190795898 96.2641525268555 95.2395706176758 -3.4e+38 -3.4e+38 92.6832885742188 91.9572982788086 91.0158081054688 90.1698150634766 89.3677062988281 88.5792770385742 87.1487884521484 86.7301788330078 86.1179428100586 85.8644027709961 85.1374893188477 84.3041381835938 83.9449310302734 83.5085983276367 82.372917175293 82.0625610351562 81.791633605957 80.2546310424805 79.4050979614258 79.0608749389648 78.4076995849609 77.7395553588867 77.6908950805664 77.0477600097656 76.2343139648438 76.1302337646484 75.9548187255859 75.2980804443359 74.9813766479492 73.8200912475586 73.5341567993164 73.2172546386719 72.713493347168
111.223358154297 109.80793762207 109.153266906738 107.799903869629 106.327293395996 105.184547424316 104.90210723877 104.100555419922 103.274108886719 102.059776306152 100.654174804688 97.3901214599609 96.1001663208008 -3.4e+38 -3.4e+38 -3.4e+38 92.9705963134766 92.1160736083984 90.9004592895508 89.9933547973633 89.1526336669922 88.5351028442383 87.2950439453125 86.566276550293 85.8767623901367 85.546028137207 -3.4e+38 84.5666580200195 84.0283813476562 83.2846145629883 82.1771926879883 81.8009262084961 81.5099792480469 80.3076934814453 79.6005325317383 79.236686706543 78.6147308349609 77.7567138671875 77.4034729003906 76.7906341552734 75.9514465332031 75.7805023193359 75.5349884033203 74.8583068847656 74.7687072753906 73.9622650146484 73.6592178344727 73.3759613037109 72.8706588745117
110.845710754395 109.694023132324 108.776725769043 107.485260009766 106.321517944336 105.134788513184 104.33177947998 103.195365905762 101.976417541504 100.683601379395 99.7057418823242 97.4051895141602 96.0942535400391 -3.4e+38 -3.4e+38 -3.4e+38 92.5178298950195 91.9024353027344 91.1964111328125 90.15869140625 88.9905776977539 88.3323211669922 87.5361480712891 86.8213272094727 86.0157089233398 85.3941421508789 84.8042984008789 84.2428436279297 83.8100051879883 83.3457412719727 82.4641647338867 81.913818359375 81.0904541015625 79.9609451293945 79.2327575683594 79.078254699707 78.7689743041992 77.9266662597656 77.5840301513672 76.9325866699219 76.1096267700195 75.7804336547852 75.2342224121094 74.567497253418 74.4096450805664 73.7051620483398 73.2153549194336 73.13818359375 73.0056076049805
111.051300048828 109.820533752441 108.661834716797 107.043006896973 106.075538635254 104.914581298828 103.787872314453 102.631660461426 101.569435119629 100.557922363281 99.158073425293 97.0849380493164 96.0339279174805 -3.4e+38 -3.4e+38 93.1305084228516 92.0666809082031 91.3093414306641 90.9812469482422 90.4497756958008 89.3129425048828 88.5060577392578 87.3136596679688 86.7523040771484 86.3445739746094 85.802490234375 84.8972396850586 84.0854644775391 83.6080551147461 83.0679168701172 82.349609375 82.0178909301758 81.0440139770508 -3.4e+38 79.0001373291016 78.6892471313477 78.2653732299805 77.5613327026367 77.4012222290039 77.1320877075195 76.284538269043 75.9368743896484 75.517707824707 74.911865234375 74.3999557495117 73.5564422607422 72.8987884521484 72.7780151367188 72.5433502197266
111.380981445312 109.869232177734 108.656410217285 107.41529083252 106.206695556641 104.883773803711 103.815132141113 102.63916015625 101.381866455078 100.597297668457 99.1035461425781 96.8465118408203 95.9352722167969 95.2767944335938 94.1942596435547 93.2867584228516 92.2455139160156 91.0697326660156 90.589111328125 90.0617370605469 89.2416915893555 88.7696990966797 87.2373962402344 86.7433547973633 86.0986099243164 85.7116317749023 85.15869140625 84.3071746826172 83.6729507446289 82.8470840454102 82.0102005004883 81.4657211303711 80.6764450073242 79.9302749633789 79.0999450683594 78.5874404907227 78.026496887207 77.3030624389648 77.1095123291016 76.9326782226562 76.4524307250977 76.1099700927734 75.7632293701172 75.2298049926758 74.5491485595703 73.6064071655273 72.9005279541016 72.7411651611328 72.3575210571289
111.63306427002 110.181991577148 108.666717529297 107.687759399414 106.722587585449 105.112815856934 104.287658691406 103.104965209961 101.437606811523 100.307067871094 99.0736846923828 97.1419830322266 95.9715576171875 95.188606262207 94.088737487793 93.2935180664062 92.5629043579102 91.4194488525391 90.6946716308594 89.7825317382812 89.1253890991211 88.5818862915039 87.5291748046875 86.8503189086914 85.8464431762695 85.2438583374023 84.5931625366211 84.0666656494141 83.7439651489258 82.7392349243164 82.1205673217773 -3.4e+38 80.4590606689453 79.6924362182617 -3.4e+38 78.7931442260742 78.118896484375 77.3362197875977 77.0339431762695 76.6102066040039 76.2732086181641 75.7174377441406 75.3786010742188 75.03466796875 74.7147674560547 73.7867050170898 72.9842529296875 72.7420806884766 72.5858612060547
110.993408203125 109.676551818848 108.666625976562 107.952247619629 107.124969482422 105.810844421387 105.262351989746 103.43482208252 101.598579406738 100.09602355957 99.009162902832 97.4928436279297 96.2604293823242 95.2724151611328 94.1166534423828 93.1861190795898 92.4986343383789 91.5747528076172 91.003059387207 90.1049728393555 89.2664184570312 88.5369262695312 87.3742904663086 86.8766174316406 85.869010925293 85.0326309204102 84.0256729125977 83.695671081543 83.3795166015625 82.4925079345703 -3.4e+38 81.4956817626953 80.505241394043 79.4678115844727 78.8416290283203 -3.4e+38 78.452751159668 77.7496109008789 77.2505569458008 76.7274322509766 76.1580047607422 75.4643478393555 75.1059799194336 74.8412399291992 74.5031814575195 74.0290222167969 73.3193206787109 72.9182281494141 72.7378921508789
110.453895568848 109.10791015625 108.748565673828 108.649963378906 107.921936035156 107.355033874512 106.232345581055 103.397338867188 101.720588684082 100.306159973145 99.2724609375 96.9739761352539 96.1804809570312 95.4522018432617 94.3980712890625 93.2095031738281 92.401252746582 91.4593200683594 90.8362274169922 90.0794906616211 89.6037979125977 88.8508758544922 87.2482147216797 86.6801147460938 85.8395462036133 85.2338638305664 84.1347351074219 83.7407684326172 83.0426406860352 82.181526184082 -3.4e+38 81.5783615112305 80.7602310180664 79.5052490234375 78.6198501586914 78.3936614990234 78.27392578125 77.8978576660156 77.4136123657227 76.9056777954102 76.348258972168 75.6369323730469 75.2894134521484 74.8380584716797 74.2328872680664 73.7453765869141 73.2791442871094 73.0397109985352 72.8787231445312
110.704406738281 109.479637145996 108.923751831055 108.94482421875 108.717071533203 108.711791992188 107.305160522461 104.032485961914 102.142036437988 100.514961242676 99.1415328979492 96.8098526000977 96.0496520996094 95.1306228637695 94.4089050292969 93.4858016967773 92.4748916625977 91.4732666015625 90.6498031616211 89.7751235961914 89.5582427978516 89.0512390136719 87.3755340576172 86.5295944213867 85.6502456665039 85.1661148071289 84.4087371826172 83.896110534668 83.0476150512695 82.0362701416016 81.6231536865234 81.4108047485352 80.8223190307617 79.6850814819336 79.0356750488281 78.4430999755859 78.0617904663086 77.626091003418 77.1021499633789 76.7624969482422 76.5255432128906 75.8262329101562 75.4602432250977 75.040283203125 74.3372955322266 73.5391235351562 73.2193832397461 72.7568893432617 72.3189163208008
111.041397094727 110.021499633789 108.916107177734 108.656555175781 108.989067077637 109.972534179688 108.708129882812 104.302742004395 102.027542114258 100.41136932373 99.2217025756836 97.3566665649414 96.2776794433594 95.026252746582 94.1460266113281 93.4952239990234 92.8420562744141 91.7393035888672 -3.4e+38 89.7012405395508 89.1780319213867 88.6042098999023 87.4111862182617 86.5609512329102 85.6348037719727 85.2099990844727 84.5468063354492 83.8572158813477 83.3312759399414 82.3150024414062 81.8275451660156 81.4909973144531 80.7886505126953 79.6667404174805 79.3981704711914 78.6634750366211 78.2623672485352 77.6845474243164 76.8506088256836 76.4842758178711 76.2976989746094 75.7599716186523 75.4840698242188 75.1883239746094 74.5027618408203 73.5558090209961 73.2802734375 72.6218795776367 72.0684814453125
111.498168945312 110.43888092041 109.297218322754 108.67903137207 108.490020751953 108.820755004883 107.189682006836 104.002983093262 101.759651184082 100.187118530273 99.0980987548828 97.6224517822266 96.450813293457 95.3785858154297 94.3047027587891 93.229850769043 92.6726608276367 91.7423934936523 90.9737396240234 89.8576889038086 -3.4e+38 88.2504501342773 87.218864440918 86.8788757324219 -3.4e+38 85.4056625366211 84.5437316894531 83.6566467285156 83.3382110595703 82.8302917480469 82.2290420532227 81.7065811157227 80.8519668579102 -3.4e+38 79.2936630249023 78.8696365356445 78.4800109863281 77.895149230957 77.102180480957 76.5352554321289 76.1479415893555 75.6630706787109 75.0641021728516 74.894416809082 74.684814453125 73.6584243774414 73.3172302246094 72.7925567626953 72.2013092041016
111.357482910156 110.337814331055 109.507675170898 108.411636352539 108.191566467285 107.917114257812 105.071426391602 103.458396911621 101.680686950684 100.27513885498 99.0276412963867 97.2476043701172 96.2225723266602 95.5471038818359 94.6517562866211 93.3832855224609 92.3537673950195 91.4695587158203 90.9739379882812 90.1921768188477 89.6027984619141 -3.4e+38 87.0977554321289 86.6552658081055 85.787727355957 85.4270553588867 84.6593017578125 83.8144149780273 83.2732315063477 82.7507705688477 82.1461563110352 81.9784240722656 81.1187210083008 -3.4e+38 78.9622802734375 78.4064178466797 78.2580184936523 78.0439529418945 77.4648513793945 76.7278594970703 76.3519821166992 75.8787155151367 75.177116394043 74.716423034668 74.7936553955078 73.8223190307617 73.492317199707 73.0656967163086 72.5825500488281
111.122215270996 109.662574768066 108.699119567871 107.639282226562 107.492012023926 107.622825622559 104.845809936523 103.042251586914 101.88550567627 101.552146911621 99.3424377441406 97.1969833374023 95.7220611572266 -3.4e+38 93.9937973022461 93.3218460083008 92.8013687133789 91.7806243896484 90.9327011108398 89.9022903442383 89.3496170043945 88.9054946899414 87.4898452758789 86.6165313720703 85.5723876953125 85.0118255615234 84.6415328979492 84.0710678100586 83.4767608642578 82.8675308227539 81.9813537597656 81.4340896606445 80.8244400024414 -3.4e+38 79.5560684204102 78.8795623779297 77.9582290649414 77.6906585693359 77.4718704223633 76.9949264526367 76.6727905273438 76.1260986328125 75.7296829223633 75.2570571899414 74.7085647583008 73.5637969970703 73.5009613037109 73.4913787841797 72.9673385620117
110.971946716309 109.51114654541 108.853317260742 108.11597442627 106.780029296875 106.102111816406 104.560440063477 102.43187713623 101.504173278809 100.542320251465 99.1133270263672 97.3345184326172 96.0831756591797 95.0917053222656 94.0815582275391 93.4427490234375 92.8070526123047 92.0947647094727 91.2422332763672 90.2079086303711 89.5186462402344 88.7797470092773 87.4536972045898 86.8879013061523 85.838996887207 85.2360305786133 84.6795425415039 83.8897399902344 83.4362640380859 83.0218811035156 81.9818344116211 81.2885665893555 -3.4e+38 -3.4e+38 79.6123962402344 79.2792510986328 78.535400390625 77.7673721313477 77.3522567749023 76.9139862060547 76.521354675293 76.3147659301758 76.0378036499023 75.6054077148438 74.7943725585938 73.5817947387695 73.1140823364258 72.9760131835938 72.9091033935547
110.884132385254 109.39478302002 108.747451782227 108.186264038086 106.467681884766 105.256759643555 104.352836608887 102.334594726562 101.456008911133 99.8074798583984 98.8310394287109 97.1565780639648 96.254020690918 95.4293746948242 94.4166717529297 93.6655349731445 92.7766952514648 92.0036773681641 91.1983108520508 90.266487121582 89.5723190307617 88.6988906860352 87.1761322021484 86.9046249389648 86.1614379882812 85.5335540771484 84.8005981445312 83.7466888427734 83.1740188598633 82.9101715087891 82.4549331665039 81.5677261352539 80.9527893066406 -3.4e+38 -3.4e+38 79.4170379638672 78.8804016113281 77.9774475097656 77.5743560791016 76.8712615966797 76.1380386352539 76.1974182128906 76.2045822143555 75.6944274902344 74.8470077514648 -3.4e+38 -3.4e+38 -3.4e+38 72.5564575195312
