rcp4.5models/MPi_ESM_LR/sc1gr3.38
NCOLS 261 
NROWS 433 
XLLCORNER 336357.134 
YLLCORNER 654653.479 
CELLSIZE 1000 
NODATA_value -3.4e+38 
[rows 286 to 307 of 433, columns 98 to 146 of 261]
255.212997436523 254.910430908203 254.259262084961 255.455047607422 255.47184753418 255.111053466797 253.936935424805 253.573822021484 254.722534179688 252.271728515625 247.479721069336 241.805541992188 234.853073120117 232.627548217773 236.521270751953 236.173858642578 237.012741088867 236.877456665039 236.800201416016 237.781860351562 239.060302734375 236.071670532227 228.381439208984 221.892623901367 214.870849609375 212.5888671875 227.147567749023 230.544479370117 232.099349975586 232.729415893555 235.441772460938 236.846145629883 234.428039550781 234.284866333008 233.701751708984 235.236236572266 239.646621704102 -3.4e+38 -3.4e+38 235.810638427734 236.727584838867 -3.4e+38 -3.4e+38 237.402877807617 233.016220092773 224.029006958008 216.156143188477 214.866226196289 215.368133544922
250.275726318359 250.738250732422 251.625625610352 254.884399414062 255.339431762695 254.827789306641 254.842056274414 254.724060058594 253.694534301758 253.319198608398 253.039505004883 248.761016845703 239.919860839844 233.754531860352 235.433731079102 234.626800537109 236.019302368164 236.064498901367 235.913772583008 236.382278442383 238.119506835938 235.207855224609 225.632385253906 215.827011108398 208.757110595703 207.790786743164 221.740234375 223.176712036133 223.300582885742 227.07666015625 232.246566772461 233.742904663086 233.68717956543 235.339477539062 236.941253662109 237.724136352539 238.652725219727 239.48974609375 238.560119628906 -3.4e+38 233.482696533203 237.890838623047 239.834701538086 235.539306640625 231.642730712891 225.532196044922 223.394561767578 221.886734008789 216.353164672852
249.777420043945 249.439208984375 250.010986328125 254.544403076172 255.293563842773 255.000839233398 254.885192871094 254.582702636719 253.288665771484 252.804000854492 253.552734375 251.96501159668 246.838165283203 239.084503173828 235.604675292969 233.585266113281 232.949722290039 235.56591796875 235.744506835938 235.888824462891 237.610931396484 237.329177856445 230.393844604492 218.414688110352 209.941558837891 203.413146972656 212.87548828125 214.888732910156 213.82258605957 219.154144287109 226.448455810547 230.084991455078 233.739120483398 235.667236328125 237.586776733398 237.233261108398 236.679016113281 235.330642700195 234.892395019531 236.679306030273 231.792266845703 230.228759765625 238.078903198242 240.39453125 235.638290405273 230.442321777344 235.308410644531 228.139739990234 226.963485717773
250.909866333008 250.830627441406 250.963668823242 254.468490600586 255.24186706543 255.428146362305 254.97917175293 254.57373046875 253.894882202148 250.503158569336 246.888137817383 247.056549072266 243.65299987793 238.982879638672 236.330490112305 233.325927734375 233.654449462891 236.648544311523 236.692184448242 236.724822998047 237.711181640625 238.802841186523 235.607757568359 225.927841186523 217.340560913086 206.860366821289 207.631011962891 208.90625 208.89372253418 211.507369995117 219.651000976562 225.868209838867 228.373138427734 230.657287597656 234.169036865234 235.62971496582 234.94841003418 233.488464355469 234.317169189453 236.882461547852 234.178451538086 228.59440612793 -3.4e+38 241.46842956543 240.269302368164 236.071655273438 244.217193603516 237.036117553711 235.011520385742
248.877380371094 250.808502197266 252.104263305664 252.26481628418 254.038696289062 255.056137084961 254.59912109375 254.527984619141 254.035598754883 252.583099365234 246.984924316406 242.886688232422 241.412780761719 234.641220092773 235.210586547852 233.795425415039 234.452163696289 236.3447265625 237.847717285156 238.130645751953 238.205291748047 239.320175170898 238.396713256836 233.926742553711 229.376602172852 223.316513061523 209.325439453125 214.471633911133 216.89030456543 215.876235961914 209.845260620117 201.526443481445 203.960403442383 211.744979858398 215.562728881836 222.902816772461 230.864715576172 229.003479003906 226.562591552734 228.680358886719 231.952377319336 228.960083007812 227.959503173828 237.089996337891 -3.4e+38 243.412689208984 246.505447387695 247.381393432617 247.760482788086
239.343673706055 248.034088134766 249.008758544922 251.236068725586 253.058959960938 253.968322753906 254.022552490234 254.050521850586 254.054946899414 253.927108764648 251.313217163086 243.893249511719 237.853393554688 235.748748779297 232.909423828125 232.859313964844 233.922027587891 234.81184387207 236.539413452148 237.962387084961 238.04557800293 238.686721801758 237.856887817383 233.939788818359 231.557968139648 227.884567260742 212.77702331543 215.354736328125 219.397796630859 218.164474487305 213.065582275391 202.843826293945 198.126525878906 200.541961669922 206.054397583008 214.237075805664 223.314407348633 229.351348876953 227.275238037109 228.021957397461 230.098587036133 227.763961791992 228.350555419922 238.23469543457 248.193115234375 249.568740844727 250.2958984375 250.323593139648 247.794616699219
233.501312255859 239.603881835938 245.753509521484 248.091186523438 252.067749023438 253.469924926758 253.434326171875 253.622665405273 253.619827270508 253.585479736328 252.91178894043 246.56901550293 240.041244506836 239.654769897461 229.397354125977 229.830322265625 233.66731262207 234.283126831055 236.018829345703 236.669876098633 237.33869934082 238.282241821289 237.917251586914 233.180114746094 229.930786132812 228.845153808594 220.637832641602 218.779403686523 218.061508178711 215.830093383789 213.758163452148 207.280715942383 199.19709777832 197.388931274414 204.332443237305 210.08073425293 -3.4e+38 228.606018066406 230.585540771484 229.835388183594 226.068923950195 224.070083618164 223.740493774414 229.85823059082 242.320693969727 249.601150512695 -3.4e+38 -3.4e+38 -3.4e+38
243.086685180664 241.039306640625 247.327117919922 249.010345458984 252.77751159668 253.71989440918 254.019104003906 253.674942016602 252.885620117188 252.602935791016 253.222198486328 251.364547729492 247.099945068359 244.440933227539 227.641525268555 227.486083984375 231.757034301758 232.559295654297 236.61442565918 237.960372924805 238.472625732422 238.466049194336 235.85009765625 230.442489624023 227.98274230957 229.022644042969 226.528137207031 220.331771850586 213.888244628906 209.276458740234 207.657043457031 208.418380737305 203.989395141602 203.213882446289 207.561569213867 209.788162231445 212.541748046875 228.518478393555 230.385147094727 229.002563476562 223.718322753906 218.705703735352 217.115310668945 221.345260620117 229.35285949707 235.327606201172 239.328125 247.956954956055 -3.4e+38
252.736770629883 249.575408935547 251.362213134766 252.068328857422 253.285949707031 254.210494995117 254.352630615234 253.836395263672 252.619857788086 252.004608154297 252.955230712891 252.889282226562 250.988265991211 248.409759521484 232.74951171875 229.81575012207 236.003067016602 233.977966308594 238.243576049805 239.18537902832 237.679916381836 235.648880004883 231.879180908203 227.246109008789 225.2529296875 225.296585083008 226.659576416016 220.450408935547 212.203689575195 207.337524414062 202.022232055664 203.953842163086 207.184860229492 210.038208007812 213.627868652344 214.67317199707 217.563201904297 228.500854492188 226.983856201172 226.936935424805 224.53271484375 217.166412353516 210.729934692383 205.567352294922 208.075424194336 216.101608276367 224.931838989258 241.473205566406 241.9208984375
252.659317016602 250.509475708008 249.659912109375 251.478042602539 251.887725830078 253.432800292969 253.483154296875 252.746170043945 251.788436889648 251.646484375 252.199737548828 252.38102722168 252.775894165039 250.93424987793 237.548370361328 231.525085449219 242.683441162109 241.150085449219 242.482955932617 240.055740356445 234.185882568359 230.289474487305 227.237228393555 223.958755493164 221.517242431641 219.997497558594 224.752746582031 222.702850341797 214.959777832031 207.995162963867 199.601989746094 197.342437744141 204.313552856445 212.100189208984 216.980270385742 220.279144287109 224.443435668945 224.185791015625 219.388488769531 220.036666870117 220.990753173828 216.224700927734 205.712356567383 193.084365844727 195.075942993164 207.803009033203 221.481536865234 240.310562133789 241.271713256836
251.949737548828 249.818771362305 240.194076538086 243.55224609375 248.987213134766 254.105255126953 253.523742675781 252.771209716797 252.144790649414 251.571716308594 250.702926635742 249.277236938477 249.264953613281 249.14013671875 228.500671386719 228.018981933594 243.526702880859 245.101699829102 244.841934204102 240.299163818359 230.272064208984 223.250640869141 220.348007202148 220.50813293457 218.65739440918 217.097412109375 217.912551879883 221.404800415039 218.921142578125 209.953109741211 199.620422363281 193.568450927734 197.773529052734 209.306884765625 216.575103759766 221.798233032227 225.165908813477 220.550445556641 214.138763427734 211.891098022461 213.322463989258 213.816055297852 205.515991210938 195.588912963867 195.025527954102 207.972015380859 223.56884765625 240.565689086914 242.610809326172
253.3056640625 249.063674926758 231.952117919922 234.097457885742 246.392333984375 255.486038208008 254.232666015625 253.825927734375 253.254455566406 252.731628417969 251.818450927734 244.441253662109 238.76335144043 242.968032836914 224.990615844727 230.046493530273 242.379348754883 244.640197753906 244.343032836914 238.881423950195 228.223434448242 220.679412841797 218.394607543945 221.960494995117 221.075088500977 217.846420288086 209.803085327148 215.549468994141 218.980270385742 212.476547241211 201.271606445312 191.933044433594 190.243133544922 199.995101928711 212.066192626953 218.396881103516 222.570434570312 220.692153930664 218.038101196289 211.252853393555 208.272857666016 209.798400878906 207.883392333984 200.930648803711 200.098876953125 211.581817626953 226.95329284668 241.544311523438 242.242889404297
249.833908081055 246.186340332031 233.364868164062 232.142578125 247.685592651367 255.408340454102 255.509521484375 253.896575927734 253.11393737793 250.530136108398 247.83869934082 239.220504760742 228.232757568359 232.467208862305 224.121368408203 226.523086547852 236.191452026367 244.079620361328 243.78759765625 238.956832885742 230.056503295898 226.23567199707 223.893646240234 223.18571472168 220.196212768555 216.495803833008 210.021682739258 210.190475463867 211.013137817383 208.675704956055 199.98908996582 189.140899658203 183.892944335938 192.08561706543 206.15788269043 212.798767089844 217.298126220703 217.790252685547 218.971145629883 212.756546020508 208.759140014648 209.047134399414 212.253570556641 210.872009277344 211.767120361328 218.730133056641 232.296798706055 243.024475097656 237.362503051758
251.711074829102 246.214477539062 234.702239990234 230.602661132812 238.070724487305 240.732513427734 250.918395996094 253.933059692383 245.893585205078 232.873016357422 232.071197509766 230.63330078125 224.947692871094 225.769927978516 221.839981079102 222.414962768555 233.009979248047 243.384216308594 242.550094604492 240.65657043457 233.11604309082 226.863693237305 221.319885253906 214.826248168945 210.650970458984 209.415756225586 210.345809936523 208.943481445312 205.605987548828 202.564788818359 196.307083129883 186.097442626953 180.69694519043 189.89875793457 199.909439086914 202.652801513672 205.829513549805 211.310852050781 212.631774902344 209.205413818359 207.142929077148 211.319793701172 216.054550170898 220.5751953125 224.843338012695 229.659118652344 238.572906494141 239.078063964844 232.15690612793
247.527679443359 236.849655151367 226.580490112305 221.541946411133 221.761947631836 223.671417236328 232.455459594727 241.793518066406 243.240875244141 227.346832275391 220.139419555664 227.666427612305 229.045379638672 223.673370361328 222.705017089844 226.287002563477 237.257217407227 241.939056396484 238.581985473633 238.206756591797 236.114364624023 224.729141235352 214.845809936523 209.052749633789 205.520538330078 203.926177978516 206.694732666016 208.704254150391 206.338043212891 199.338531494141 190.578063964844 182.048141479492 178.923950195312 189.038879394531 193.681900024414 190.104202270508 192.595977783203 204.727203369141 206.424331665039 204.461822509766 202.785919189453 207.696044921875 215.43522644043 223.994201660156 231.815139770508 233.468933105469 231.90168762207 226.34260559082 223.275390625
226.913269042969 216.931304931641 217.240707397461 215.198364257812 213.110595703125 213.508865356445 212.335418701172 216.577560424805 226.002059936523 232.752914428711 226.749923706055 221.902404785156 221.643630981445 221.272323608398 224.131393432617 226.637557983398 236.114318847656 240.277435302734 234.146545410156 224.820465087891 222.531036376953 222.911148071289 217.72346496582 211.567596435547 210.303115844727 210.780914306641 200.033874511719 196.175109863281 197.112243652344 197.210510253906 193.559906005859 186.197128295898 176.599761962891 173.096542358398 170.045608520508 167.421340942383 174.457580566406 188.81217956543 194.128570556641 194.34716796875 192.806823730469 194.935180664062 205.456970214844 221.621200561523 226.478927612305 218.669738769531 213.485595703125 207.357940673828 201.468795776367
236.883178710938 227.932464599609 223.56965637207 215.974487304688 214.491394042969 213.518798828125 214.920501708984 218.570556640625 222.076232910156 225.710250854492 224.874786376953 222.513366699219 222.203628540039 221.849166870117 223.576278686523 227.69905090332 240.72087097168 239.91291809082 232.554046630859 220.726333618164 217.47119140625 217.204223632812 212.774749755859 206.68180847168 202.622039794922 205.704849243164 203.51887512207 199.77995300293 195.472549438477 191.163665771484 188.104446411133 183.529678344727 176.224548339844 166.277816772461 160.171249389648 159.918029785156 168.040161132812 182.38200378418 184.732208251953 183.93977355957 182.074188232422 186.353408813477 199.633773803711 215.228576660156 220.954788208008 212.465438842773 206.138610839844 199.768157958984 196.435470581055
238.658187866211 229.285629272461 221.51789855957 215.262268066406 215.141998291016 215.304428100586 217.315765380859 218.080932617188 216.495407104492 216.721267700195 218.220916748047 220.258819580078 220.156127929688 220.681365966797 222.732284545898 226.557418823242 236.472305297852 235.050552368164 232.164321899414 219.929794311523 212.170394897461 207.757522583008 205.161102294922 201.147399902344 194.271438598633 197.276260375977 207.469787597656 204.319122314453 198.970458984375 190.022750854492 183.323638916016 182.103469848633 177.242935180664 166.204986572266 158.679275512695 156.516387939453 163.974792480469 177.777313232422 176.609527587891 175.006561279297 178.230361938477 189.109329223633 205.102279663086 215.835983276367 215.119247436523 205.247650146484 197.313537597656 191.89729309082 196.868316650391
236.511108398438 233.735916137695 227.940399169922 223.017990112305 216.552780151367 217.196243286133 217.317108154297 217.708602905273 214.711364746094 212.639770507812 214.864151000977 215.159301757812 214.595825195312 218.309509277344 227.943069458008 234.597213745117 236.724349975586 235.003677368164 232.016693115234 219.645431518555 208.525955200195 201.280456542969 199.238830566406 196.757675170898 191.57209777832 193.263671875 212.583679199219 208.371078491211 204.430252075195 197.442428588867 186.887603759766 181.004959106445 179.12744140625 172.312255859375 164.412796020508 157.984024047852 159.400817871094 168.409622192383 167.939956665039 172.206573486328 186.261688232422 201.283065795898 213.779006958008 217.174652099609 210.610687255859 199.446212768555 189.135391235352 182.375717163086 190.283126831055
243.31755065918 243.295272827148 238.745559692383 230.383514404297 219.427474975586 218.803924560547 216.523071289062 215.481109619141 210.896911621094 205.55354309082 208.813247680664 209.628860473633 213.274765014648 219.329605102539 235.372360229492 239.897277832031 236.243041992188 231.040817260742 230.102432250977 225.702774047852 214.069366455078 207.615905761719 205.424560546875 204.556228637695 200.682739257812 200.993270874023 219.233139038086 216.612030029297 211.693328857422 208.214584350586 200.063842773438 189.723159790039 184.375869750977 180.402542114258 172.223175048828 162.421127319336 156.940704345703 164.083419799805 170.955764770508 179.66828918457 193.870422363281 207.897613525391 212.24153137207 209.212188720703 204.14372253418 194.137344360352 184.291763305664 177.249252319336 179.625198364258
239.153335571289 234.4482421875 235.876403808594 231.903747558594 222.647384643555 217.99658203125 215.763519287109 212.676986694336 209.778396606445 204.198486328125 203.223968505859 209.146713256836 215.131973266602 220.938812255859 238.229309082031 239.01350402832 233.143646240234 223.105728149414 223.64323425293 227.504028320312 223.883743286133 220.615158081055 219.453918457031 219.907745361328 217.423141479492 217.964019775391 223.8388671875 -3.4e+38 220.457992553711 217.958190917969 212.909240722656 204.435653686523 193.51252746582 185.391799926758 178.901000976562 168.7783203125 158.374496459961 164.875839233398 181.830795288086 191.385848999023 199.90837097168 205.488372802734 201.111511230469 198.368469238281 195.32194519043 186.537612915039 178.316345214844 174.417617797852 174.979614257812
225.788360595703 222.874801635742 229.839401245117 231.245010375977 225.779525756836 219.088562011719 218.679916381836 214.69287109375 212.28352355957 211.582489013672 209.398101806641 214.490310668945 220.647186279297 229.119659423828 238.882080078125 238.316604614258 232.762023925781 222.225723266602 218.367370605469 220.207290649414 222.641326904297 -3.4e+38 -3.4e+38 -3.4e+38 -3.4e+38 -3.4e+38 -3.4e+38 222.978164672852 -3.4e+38 -3.4e+38 219.304122924805 213.12548828125 202.254211425781 190.144165039062 182.398452758789 172.774932861328 160.173385620117 169.043350219727 186.322387695312 196.670623779297 202.495010375977 199.738494873047 188.478042602539 184.147735595703 183.568893432617 176.773986816406 171.062469482422 169.902587890625 171.408966064453
