rcp4.5models/MPi_ESM_LR/sc1gr7.0
NCOLS 261 
NROWS 433 
XLLCORNER 336357.134 
YLLCORNER 654653.479 
CELLSIZE 1000 
NODATA_value -9999 
[rows 330 to 351 of 433, columns 200 to 249 of 261]
114.209589780799 114.277331311561 114.239033221243 112.466192852044 111.555428412349 110.498707645855 109.951843635483 112.459997580716 113.196706594987 113.12844052138 113.034411190409 113.362764466237 113.501633456357 113.582917999913 113.587483072053 113.843869646389 113.94242156773 114.160103634584 114.437382679164 114.601138548184 114.955854039162 115.066077945934 115.381556040498 115.557816035815 115.818600961386 116.042887075731 116.588729379572 116.845192559576 117.001901369911 117.307161642817 117.305564444349 117.786249953958 118.157978751351 118.45214567244 118.715593271946 119.121926821031 119.431930808429 120.269401718237 120.727343286314 121.17852794525 121.445458017071 121.984077933852 122.451482197069 122.842539012404 123.34835555773 123.728801519524 123.952303322697 124.394599239357 125.152163245491 125.568363742257
114.202951128626 114.507067046486 114.420750946808 113.793580765613 113.66900437827 113.192733756667 112.734511641348 113.675609570194 113.374624626428 113.207714735138 113.308001514871 113.733989475263 113.742403022294 113.935991324984 114.056534814723 114.370919431966 114.410813206044 114.402785247987 114.621732365673 114.80871583122 115.074289458744 115.273219423665 115.575608279346 115.927600205959 116.129743988741 116.314584171617 116.873661597189 117.16540189835 117.353901169232 117.474238945883 117.57812755624 118.089360684582 118.384353649916 118.630703997091 118.945895468684 119.331655702212 119.635747313035 120.434683921954 120.959317041035 121.434749938467 121.76539919022 122.284256720845 122.76809983508 123.188385029025 123.571680282103 123.967717409443 124.300225229394 124.737112513076 125.530773913082 125.891768857838
114.108366334093 114.67475738043 114.766897987159 114.481472513451 114.415664046579 114.352823790902 114.182405092131 114.055447805936 113.72742804292 113.658160111578 113.63988105487 113.961527341699 114.11973770066 -9999 114.526852250774 114.781016794493 114.76954549478 114.771656614416 114.93456756296 115.225951483367 115.481888183558 115.648758199794 115.927749533922 116.169690372269 116.361979476864 116.550411984575 117.097177363201 117.388514864293 117.605447585834 117.687874099644 118.061189976701 118.509581124391 118.725821863866 118.895919225967 119.024413948479 119.36596714119 119.742917034033 120.904172747733 121.302986048769 121.711310087274 122.249776986823 122.660095350367 123.100982540296 123.47569253229 123.756193597466 124.300584265076 124.680829844008 124.988892578655 125.868939993633 126.168701848735
114.729677128612 115.100329179065 115.11705232765 114.979806485156 114.848633559806 114.778244004018 114.655772355634 114.437794429758 114.263132992301 114.149709483363 113.952834385669 114.36565564929 114.637085056954 -9999 114.910746442355 115.196425774316 115.197878279492 115.330921626437 115.508490772554 115.721712565482 115.864587034438 116.073346408172 116.290872950357 116.422805346187 116.565643901418 116.835451625899 117.477604783459 117.684763158154 118.056539180554 118.253533492656 118.505986806112 118.911058414038 119.219298295616 119.514776161448 119.582016717919 119.800330168881 120.303735309534 121.394508521682 121.733849062051 122.054042827338 122.525763139953 122.903152503302 123.201083612381 123.614029136948 124.023494399692 124.423810569292 124.772162083998 125.230252250358 -9999 126.578812336703
115.177254898341 114.929969742445 115.286545223148 115.343783385426 115.253534277259 114.904371822664 114.883477213603 114.899623206801 114.651492268679 114.514795748332 114.365993033871 114.733218004712 114.820089104326 114.878121665705 115.233832138818 115.477282703657 115.567742848517 115.747238090088 115.880251383521 115.971632871616 116.144967967558 116.583683100021 116.741507659757 116.922131372464 117.125503285642 117.342506357851 118.015146034725 118.107292755334 118.512933662007 118.759089615508 118.95528273216 119.305950176611 119.554252470503 119.869188573283 120.048593302665 120.155003734134 120.620868847456 121.623073916682 122.033870759225 122.477712951506 122.801295110034 123.132746948508 123.442560875183 123.762559672374 124.133150120195 124.717988037714 125.173070962298 125.560314607192 126.559819378376 126.921316686099
115.122038590146 114.289281720236 113.961031049834 115.608688978993 115.545710092597 115.229422036105 115.114722436947 115.173605054065 115.034615461429 114.799424123566 114.52665275113 114.87416081606 115.076121009597 115.04361708101 115.396243734398 115.501496013524 115.640323502634 115.917791239344 116.236743279552 116.36252386334 116.606505949857 116.958471603183 117.115220057846 117.337240905059 117.603785041786 117.714281449159 -9999 118.568642982882 118.77233085999 119.093935076947 119.366359028051 119.618738044537 119.870798743778 120.141516052827 120.407235141265 120.561898236629 120.824224806867 121.934177020476 122.367668267559 122.77789026021 123.310295407542 123.623317477857 123.91774885356 124.214175040374 124.504122943746 125.149682383958 125.662818711369 125.902836288502 126.800055085544 127.1042592366
115.096207130798 111.99279026599 111.450209284738 115.977146149358 116.193386068716 116.038313930426 115.975683202937 116.01975525513 115.817863849112 115.523432398582 115.314097582522 115.357759186637 115.529429420512 115.522728526955 115.700266633389 115.740194734127 115.575996257918 115.993658814619 116.577617723705 116.671503298901 117.034980100157 117.493486327328 117.778099844543 117.971136924343 118.262578160553 118.432164309388 119.107646480756 119.335223290581 119.608137116116 120.004522080576 120.267721691148 120.519594173712 120.920228470247 121.046084544365 121.379448221757 121.657323582482 121.981003229235 122.56565806958 123.071981223942 123.429592144963 123.7885833408 124.236848623221 124.700029898697 125.021743979765 125.473364534717 125.933709378306 126.177678519428 126.541530191692 127.209169932001 127.507595020111
116.07483965409 113.74508846235 111.248584486714 116.264186153588 116.447334432586 116.289183574892 116.11328181832 116.21865288317 116.16265068551 115.963096097078 115.921043219143 115.977965927406 116.027009109978 116.018392476529 115.798124671849 115.264245889479 115.422167072238 116.267933313769 117.018290240703 117.263204309479 117.441701156733 117.743804513707 118.057374066645 118.246600429048 118.582240654629 118.834361443421 119.343881972969 119.571133862446 119.85286857457 120.061050708193 120.464713687807 120.774879030184 121.073041232645 121.289038884235 121.651610716074 122.134633116546 122.485098676123 123.144071292664 123.528771461573 123.869734372379 124.194785753589 124.694209142766 125.012083718287 125.390518256145 125.806457092052 126.236372709218 126.532593803416 126.843671143272 127.7125292862 128.051302547931
116.832234858275 115.553467170805 112.909239025238 116.618231900317 116.696663112189 116.535496146114 116.357136983314 116.481794644517 116.441442769625 116.353739388556 116.295492407899 116.421114342214 116.352846869724 116.195416753617 115.990523304042 115.795030751543 116.406549654627 117.167654307156 117.36804558036 117.567119026695 117.7333056873 117.903676203292 118.177664038928 118.346213942075 118.71351831834 118.954553701793 119.736140949334 119.924025846364 120.163145640848 120.389545574588 120.797708499515 121.072728189912 121.422402542183 121.761267304498 122.069917762045 122.498218424656 122.83574121525 123.607358422136 124.013113434162 124.333682095919 124.640013833393 125.090648354218 125.387334183876 125.790652840446 126.121890398036 126.475310805869 126.805916684233 127.133718691724 127.919541675966 128.240395777821
117.118006025804 116.499755325221 115.654982349167 116.922039667726 116.941150132867 116.801569173689 116.639390845766 116.678732368809 116.567379228057 116.501278422647 116.577654416867 116.721100387385 116.691974912077 116.535050201797 116.447735542332 116.765492941729 117.191344958663 117.509138092392 117.531087720632 117.669361586961 117.79624567235 117.937588217772 118.454324012432 118.640135289098 118.83433953807 119.249741369724 119.896690498569 120.055898558807 120.337151248259 120.838633704566 121.112989881193 121.400464001103 121.804149851328 122.134502367301 122.532407724476 122.83517769665 123.124293652492 123.825151971879 124.260447354386 124.728889668677 124.99821291163 125.395384460931 125.698568618539 126.022366504894 126.402848772518 -9999 -9999 127.518931063291 128.329996294984 128.625579294485
117.422813900888 117.347776366317 117.38946493812 117.14251280768 117.15828231529 117.180110069132 117.078371975664 116.962205939114 116.767213974809 116.653761126438 116.94568070592 117.122928280051 117.067731339632 116.825766126213 116.888556945104 117.201915479468 117.444894414337 117.847563440034 117.879887934191 117.998876230845 118.024465422852 118.19380666249 118.598235395665 118.886790151936 119.136139371411 119.576864106927 119.899282787415 120.107862756709 120.542279628418 121.019665712399 121.36728386797 121.718691923386 122.065170461877 122.429001241635 122.835132235274 123.154096183225 123.475243794638 124.282371380656 124.633669637049 125.053064548692 125.308780326346 125.738215481538 126.152222458842 126.518560315187 126.870753666418 127.137102933789 127.549986039701 127.916770708461 128.7151220253 129.041609729829
117.821758337522 117.783736126757 117.712019663099 117.429015245944 117.452918179001 117.474270083044 117.476867014998 117.402015382631 117.023876418271 116.964169411765 117.221042084195 117.280221573259 117.242465009842 117.070041754191 117.165410300515 117.607314408877 117.787382081331 118.048012087401 118.066750066128 118.16388481 118.356574174703 118.641132242597 118.815596065271 119.079477901525 119.331245248846 119.773306639897 120.165343562504 120.39106817254 120.784594056614 121.399878592701 121.721644707294 122.073371606695 122.476159823321 122.932952414361 123.209281578917 123.512635198826 123.84126665774 124.615986082129 124.937675141419 125.394431578421 125.668493274552 126.054793377674 126.421212645785 126.789226253957 127.176772487462 127.518637507734 127.876967907463 128.163097061166 128.927440742774 129.233883800027
118.140633376996 117.888982597911 117.714076868192 117.72626932709 117.642810963309 117.566835304994 117.601835141062 117.54984761084 117.301133933422 117.273025216801 117.617193834821 117.551656100963 117.514637034089 117.516778297512 116.812679193049 117.856204838417 117.912761625858 118.033433766956 118.260930106307 118.328808804417 118.337361940615 118.625943955837 119.216689416091 119.375352976467 119.402350076131 120.060327170413 120.654578496464 120.904637982421 121.186540539533 121.751711828376 122.179006550607 122.490622119698 122.821348209915 123.145584099875 123.474139187916 123.815990385391 124.194993228086 124.67588456673 125.127874445573 125.629393334687 125.928117842202 126.191188785345 126.509772377151 126.814483531153 127.404424875597 127.764265773578 128.065501191467 128.296256180141 129.133356796547 129.372283196428
118.249940486752 118.073918416691 117.860655966673 117.783005323582 117.726084502505 117.778831622547 117.748369165869 117.810867057457 117.708563985048 117.653143003941 117.88600902678 117.811748882364 117.7826979781 117.800752258332 117.351273194693 117.98534257762 117.990481087463 118.047841447604 118.465639410743 118.596634585415 118.631437166549 118.981265154527 119.594852768835 119.725604341809 119.770047642052 120.364879905718 120.964095410201 121.267962181619 121.666043632151 121.958908993916 122.336202970606 122.667185305817 122.861183526917 123.197693396539 123.686042228849 123.998790705214 124.380840318904 124.822174979237 125.280493857651 125.607292715457 126.001949198307 126.407525735873 127.010345624189 127.269426296917 127.786889413299 128.054921965712 128.350689973051 128.566323392632 129.374374574865 129.649866122864
118.090051473427 118.169422488723 118.144453315434 117.953528623209 117.988279460816 117.958710678006 117.982766872179 118.099336363031 118.115054125676 117.989180388611 117.868903302955 117.725961413023 117.722972076676 118.037970975522 118.386665641727 118.31720260074 118.344582917533 118.338485475008 118.767021147589 119.01809116945 119.364121048511 119.639407133555 119.682836235303 120.05024689331 120.283972520382 120.466104262692 121.233874778175 121.551760360068 121.937224922545 122.110317276034 122.401583363358 122.938409624548 123.246306242186 123.577785367512 123.94970396801 124.278070103836 124.668632489896 125.086470442873 125.41854355631 125.77747955141 126.299601710555 126.683210596456 127.267701862447 127.599705370102 127.906577425768 128.224985521581 128.55517967289 129.023016519528 129.705519898032 130.036584425494
118.056140755953 117.899471142185 118.291125020985 118.3634080739 118.368448942461 118.178470811306 118.144610494542 118.119225938359 118.292644717154 118.371209819604 118.129763149262 117.703936064328 117.823177563012 118.352246945288 118.662773247172 118.623426185318 118.636184644057 118.563774494141 119.044490351949 119.261098789499 119.676758784578 119.855789133039 119.947153881371 120.321853782888 120.769863094196 120.829579861377 121.590260555484 121.870289198767 122.170114335558 122.490629031895 122.700982950308 123.013713543358 123.618914474016 123.940554221622 124.357190332657 124.664758367512 124.822614487286 125.44212974086 125.620906501447 126.006125458896 126.495680335464 126.856881406332 127.250293766606 127.590651878454 128.023156843066 128.536634804427 128.792048871921 129.241159140945 129.931077635187 130.189959390867
118.711300537922 118.361004466049 118.68261531601 118.600407601513 118.625841808981 118.62873226946 118.499991172937 118.398171872568 118.511398144747 118.685693735485 118.439149037244 118.040976404574 118.095872557084 118.630818446951 118.819579738301 118.56089957002 118.858692343851 118.741327262311 119.113823337902 119.560304541097 119.873691782792 120.185822882522 120.450766103108 120.733949160984 121.143000294142 121.227565229812 121.683152452873 121.911287741819 122.358411214834 122.816026767529 122.972695277932 123.073614367948 123.651918467041 124.158108881919 124.565823558668 124.839901144038 125.004548868993 125.638282941674 125.785828381101 126.157526271731 126.726340468436 127.139356246147 127.499548665765 127.93399416594 128.340061531856 128.751518047676 129.15104228757 129.453335589519 130.094010014008 130.504877765076
119.284279370687 119.076669347969 119.014893959899 118.860274161319 118.854404307066 118.913879860606 118.945451896033 118.8026997424 118.781798816529 118.737646928562 118.588875900654 118.489776785542 118.373839907793 118.857292991011 119.018080610655 118.464481855544 119.339796961711 119.281375145618 119.460470386829 119.885977296603 120.255121777499 120.561964169196 120.819725888279 121.169304084952 121.361519265397 121.445233428335 121.852325512182 122.11388839039 122.533009763588 122.91958742297 123.168346846037 123.218351478867 123.611310633782 124.181292756993 124.508150377234 124.84834894113 125.352256120536 125.889894620946 126.14454869691 126.629384917284 126.930976499874 127.43015321945 127.892728045647 128.468613140769 128.771159745617 129.076958356997 129.596760988275 129.948234184012 130.436874783172 130.912268324866
119.615345078484 119.516770746981 119.384985125088 119.124813648889 119.050080000765 119.151898389363 119.10186318819 119.126606274096 119.240830607742 119.377792095744 119.260700156498 119.243027729175 119.252369672958 119.548092172852 119.003524691319 118.027819750374 119.975245737269 120.010993987098 120.199338055801 120.494067992268 120.783630691655 121.184673886697 121.365772732794 121.760455882776 121.873664118264 122.139776800541 122.678113699067 123.08009599233 123.489304103124 123.688943331971 123.794265963369 124.028625225794 124.58972637459 124.786915671512 124.872562488884 125.578186219482 125.918871130384 126.742869548216 127.244553027601 127.504936763381 127.676211294437 128.186304910156 128.555635863834 128.827760579074 129.283810322207 129.845567274355 130.153070345313 130.563536898751 131.038287851241 131.400969942418
119.736541661397 119.573262044888 119.441366689279 119.33640682036 119.362695178683 119.39079758279 119.345648721323 119.424332017832 119.454360017643 119.402871054205 119.459920274039 119.544469867656 119.536287789416 119.694994933713 119.490371290534 119.376866447491 120.305238198723 120.332890006134 120.580463339204 120.686922201242 120.909020116871 121.28551512973 121.50366617176 121.984830824967 122.193681789309 122.502918047026 123.142456350383 123.385119316838 123.758123403052 123.942434549347 124.13282517785 124.339210227508 124.847760657587 125.162721115537 125.245081224562 125.796848101675 126.391373201276 126.966155326472 127.486003096135 127.776722817551 127.817824263645 128.249632150803 128.427551039686 128.808557391959 129.433031057748 129.841927693454 130.126307652213 130.741039987571 -9999 -9999
119.890781681004 119.716702056329 119.536108994463 119.516940922979 119.630597733484 119.465349060022 119.411499560195 119.48768520481 119.548661522155 119.582534792042 119.69247410375 119.883023592478 119.833305227312 120.013405873947 120.084548866605 120.203536587378 120.5879533501 120.662725207617 120.857381627088 120.934026562708 121.048980842264 121.342297038495 121.625668619255 122.055264662822 122.305394815655 122.740322190935 123.348695510256 123.701295749663 124.010394601935 124.268759395268 124.59101164691 124.839653977357 125.03970427853 125.445276458675 125.655097395476 126.045738831719 126.465040377475 127.433686547575 127.889134618251 128.195322800824 128.326884890127 128.67680005999 128.760759595022 129.15759012847 129.612849501865 129.954671473543 130.250634893921 131.068851166728 131.623538499874 -9999
120.040539585511 119.865073724665 119.562549765941 119.560741711286 119.721955866364 119.635931720638 119.511008297947 119.694098042049 119.831939145372 119.8867060785 119.963068663302 120.110714672235 120.168521969437 120.325618193103 120.389831515324 120.579631426682 120.815874165291 120.814221609181 120.965379409637 121.262824634954 121.38522483361 121.653407205768 121.977077906139 122.321627945861 122.508500232809 122.917836295653 123.864828257523 124.152104153229 124.440228328396 124.706855101045 125.001106207147 125.195997814062 125.504847455539 125.925703758896 126.007024727249 126.521749065876 126.965827047175 127.782198547249 128.181552329598 128.614471229288 128.932931801738 -9999 -9999 129.764918374769 130.045596753234 130.198634123901 130.697548893543 131.302225706627 131.9155046679 -9999
