rcp4.5models/MPi_ESM_LR/sc1gr8.14
NCOLS 261 
NROWS 433 
XLLCORNER 336357.134 
YLLCORNER 654653.479 
CELLSIZE 1000 
NODATA_value -3.4e+38 
[rows 286 to 307 of 433, columns 49 to 97 of 261]
124.621192932129 125.443626403809 126.10457611084 127.056457519531 127.851715087891 128.712432861328 129.66552734375 131.74641418457 133.066513061523 134.833053588867 136.293701171875 137.268783569336 138.193878173828 141.153656005859 143.988388061523 143.897064208984 144.377166748047 145.447402954102 147.255065917969 149.060729980469 150.398788452148 150.837249755859 151.457321166992 152.381225585938 153.05126953125 153.482284545898 154.250045776367 155.575881958008 155.701293945312 155.191299438477 154.293716430664 155.402038574219 157.887512207031 157.242446899414 154.488372802734 152.976119995117 152.509567260742 154.377151489258 155.18359375 152.987579345703 153.099700927734 153.323913574219 155.163146972656 157.028945922852 159.670135498047 162.674453735352 164.600997924805 164.87565612793 166.576461791992
124.875411987305 125.851921081543 126.620124816895 127.647621154785 128.767425537109 129.902084350586 130.788375854492 132.770721435547 133.974655151367 135.616714477539 136.965240478516 138.186981201172 139.067321777344 140.991973876953 142.910064697266 143.821075439453 145.103424072266 146.146392822266 148.698944091797 150.386413574219 151.533706665039 151.886871337891 152.521484375 153.342559814453 153.924835205078 154.463119506836 155.53923034668 156.837051391602 156.512359619141 156.643890380859 156.03938293457 156.150970458984 158.245681762695 157.072845458984 153.960067749023 154.779907226562 156.061859130859 156.201705932617 155.291381835938 153.897384643555 154.468597412109 155.204559326172 155.836410522461 157.05924987793 158.7705078125 160.642791748047 162.831970214844 164.505966186523 165.793823242188
125.354125976562 126.051643371582 126.9873046875 128.158874511719 129.446319580078 130.580291748047 131.387664794922 134.119934082031 134.880752563477 136.347290039062 137.990982055664 139.396865844727 140.678619384766 141.857192993164 143.598861694336 145.294372558594 146.148254394531 146.887664794922 150.137603759766 151.503509521484 152.33854675293 152.920639038086 153.875518798828 154.686004638672 155.049499511719 155.685928344727 156.612991333008 157.339645385742 157.932373046875 157.594207763672 157.38688659668 157.231887817383 158.789825439453 158.845565795898 157.252075195312 157.096969604492 156.531372070312 156.400634765625 155.035308837891 154.204696655273 155.999160766602 157.02571105957 156.246383666992 157.784683227539 159.09700012207 161.241851806641 164.477264404297 166.52082824707 167.229339599609
125.608016967773 126.619651794434 127.495552062988 128.748046875 130.228393554688 131.108322143555 132.028717041016 135.241683959961 136.440826416016 137.467651367188 138.913589477539 140.574508666992 141.964141845703 142.999130249023 144.551818847656 146.218170166016 147.05891418457 147.895217895508 151.857498168945 152.803863525391 153.523773193359 154.345779418945 155.079483032227 155.877822875977 156.650787353516 157.306976318359 157.858535766602 157.871551513672 158.256301879883 158.234313964844 158.241683959961 157.711990356445 159.370880126953 161.461639404297 159.584594726562 157.157608032227 155.9736328125 156.816360473633 155.777221679688 155.584320068359 157.730743408203 158.404586791992 157.644012451172 159.082641601562 160.330917358398 162.118041992188 164.286422729492 165.653701782227 166.81396484375
126.854347229004 128.204071044922 129.651290893555 130.702117919922 131.616729736328 132.871139526367 134.228958129883 137.296188354492 138.565277099609 139.738204956055 141.035202026367 142.271499633789 143.516494750977 144.80549621582 145.955123901367 147.113586425781 148.55696105957 150.944549560547 154.476013183594 155.217788696289 156.003814697266 156.965698242188 157.875747680664 158.594436645508 159.266693115234 159.787689208984 160.238708496094 160.883270263672 161.276870727539 160.369705200195 160.670791625977 162.621658325195 164.765914916992 166.266418457031 165.592849731445 163.782516479492 161.084487915039 159.938217163086 159.414520263672 159.484313964844 160.953689575195 161.201721191406 161.198226928711 161.908645629883 163.903045654297 165.115585327148 165.739044189453 168.145980834961 169.916458129883
128.268310546875 129.360000610352 130.554351806641 131.525970458984 132.694641113281 134.148056030273 135.254867553711 137.975891113281 139.382736206055 140.994232177734 142.178619384766 143.0361328125 144.388885498047 145.732757568359 147.056945800781 148.98291015625 150.032653808594 151.638900756836 155.712936401367 156.51741027832 157.223297119141 158.527618408203 159.385360717773 160.198089599609 160.806411743164 161.365921020508 162.023132324219 162.287292480469 163.137969970703 161.657501220703 162.147354125977 163.820358276367 166.296722412109 167.620498657227 166.958526611328 167.485778808594 167.403671264648 168.010192871094 165.122589111328 163.493408203125 164.672546386719 163.959014892578 163.405456542969 163.835021972656 165.766525268555 167.051452636719 167.273071289062 171.974258422852 190.699142456055
128.937057495117 130.116744995117 131.300506591797 132.571823120117 133.833999633789 135.041534423828 136.200057983398 139.064788818359 140.563049316406 142.028335571289 143.280349731445 144.226318359375 145.373077392578 146.827987670898 148.285095214844 150.103866577148 151.487808227539 152.874359130859 156.345016479492 157.54850769043 158.739501953125 160.184921264648 161.126495361328 161.615295410156 162.165405273438 162.785369873047 163.539733886719 164.207321166992 165.257934570312 164.446197509766 165.339263916016 167.731948852539 169.395263671875 170.632781982422 170.542404174805 170.79069519043 171.719207763672 172.401428222656 170.427795410156 171.216812133789 170.025894165039 166.454650878906 165.804672241211 165.428985595703 166.664001464844 169.321166992188 170.871017456055 172.630950927734 193.877075195312
129.832809448242 130.945892333984 131.884643554688 133.375289916992 134.656921386719 135.504928588867 136.912155151367 139.806777954102 141.469314575195 143.070571899414 144.328643798828 145.497100830078 146.80339050293 148.302459716797 149.802749633789 151.304443359375 153.031387329102 154.579162597656 157.953140258789 159.223434448242 160.082733154297 161.51594543457 162.556945800781 163.078430175781 163.675170898438 164.052307128906 164.680038452148 165.60530090332 166.04963684082 167.060501098633 167.295074462891 169.159545898438 169.526519775391 170.050537109375 170.669036865234 169.850387573242 170.708236694336 170.794418334961 169.080383300781 170.549896240234 171.148361206055 167.614730834961 167.166152954102 168.500793457031 169.789108276367 170.485153198242 172.131454467773 171.162719726562 177.735397338867
130.495666503906 131.84880065918 133.105834960938 134.437744140625 135.541275024414 136.606399536133 137.952331542969 141.053375244141 142.640487670898 144.097045898438 145.343490600586 146.903213500977 148.143920898438 149.572006225586 151.142074584961 152.568359375 154.659973144531 156.315872192383 159.098098754883 160.474639892578 161.544616699219 163.006011962891 164.154861450195 164.906890869141 165.633163452148 165.978118896484 166.132522583008 166.481857299805 166.928405761719 168.541870117188 168.656753540039 168.485092163086 169.441802978516 170.833770751953 170.993011474609 171.088531494141 173.234252929688 171.617172241211 168.035827636719 167.509750366211 170.764511108398 169.805679321289 170.542892456055 171.747985839844 174.608367919922 173.22265625 173.004577636719 174.364700317383 175.67121887207
131.470413208008 132.817855834961 134.155838012695 135.412796020508 136.269561767578 137.660247802734 139.41047668457 142.845230102539 144.188034057617 145.429901123047 146.540710449219 147.807830810547 149.148086547852 150.903961181641 152.785064697266 154.237167358398 156.044082641602 157.630081176758 160.837600708008 162.44270324707 163.162750244141 164.732345581055 165.901275634766 166.616348266602 167.552154541016 167.833038330078 168.087387084961 168.216690063477 168.533554077148 169.389251708984 169.925521850586 170.063812255859 172.113174438477 173.861968994141 172.397277832031 172.954544067383 176.621643066406 173.289703369141 169.008499145508 169.133865356445 172.057189941406 171.092315673828 171.980026245117 172.542465209961 175.0751953125 174.072372436523 173.548599243164 175.179443359375 176.198928833008
132.127197265625 133.380722045898 134.465881347656 135.709594726562 137.113708496094 138.925765991211 140.780151367188 143.97233581543 145.375152587891 146.4814453125 147.483215332031 148.944366455078 150.614730834961 152.286636352539 153.987899780273 155.481994628906 157.273849487305 159.113204956055 162.527633666992 164.124465942383 164.978363037109 166.251586914062 167.401702880859 168.592468261719 169.450653076172 169.938827514648 170.458923339844 170.353546142578 170.143859863281 170.79655456543 171.274017333984 172.277236938477 173.969024658203 175.358139038086 175.040466308594 175.576599121094 178.36003112793 175.535690307617 170.337982177734 170.739776611328 172.030639648438 172.422210693359 172.655960083008 172.703689575195 173.65852355957 173.550430297852 173.679931640625 174.453979492188 175.09748840332
133.065872192383 134.807998657227 135.812591552734 136.885833740234 138.779449462891 140.632659912109 142.0517578125 144.926559448242 146.248687744141 147.419097900391 148.862167358398 150.783874511719 152.376571655273 153.862487792969 155.349655151367 156.979354858398 158.814804077148 160.815307617188 163.877746582031 165.265808105469 166.788604736328 168.277435302734 169.461517333984 170.839904785156 171.752899169922 172.364288330078 172.558456420898 172.399887084961 172.105346679688 172.397216796875 173.285278320312 174.677490234375 175.401931762695 176.451751708984 178.633010864258 180.440612792969 180.180892944336 176.250564575195 172.800231933594 172.971145629883 173.321075439453 173.84602355957 174.217834472656 174.263824462891 174.697860717773 175.142288208008 175.144882202148 175.474426269531 175.913696289062
135.032745361328 136.220367431641 137.523742675781 138.986755371094 140.658584594727 141.793655395508 143.004287719727 145.936309814453 147.17610168457 148.410263061523 150.286636352539 152.310043334961 153.95246887207 155.75700378418 157.258453369141 158.811553955078 160.558639526367 162.52799987793 165.389083862305 166.648254394531 168.225402832031 170.102020263672 171.645355224609 172.735214233398 173.471054077148 173.988540649414 174.288009643555 174.525573730469 175.063919067383 174.919860839844 175.272109985352 176.374710083008 178.215118408203 180.184478759766 182.118072509766 184.295257568359 182.021377563477 176.420837402344 174.951690673828 176.077560424805 178.76579284668 175.745986938477 175.860992431641 176.50309753418 177.233825683594 177.406890869141 177.310424804688 176.743957519531 176.888656616211
136.183013916016 137.092315673828 138.406478881836 140.142913818359 141.656936645508 142.571548461914 143.789901733398 146.761581420898 148.317108154297 149.877258300781 151.698150634766 153.699493408203 155.434432983398 157.267852783203 158.936141967773 160.549545288086 162.292221069336 164.259017944336 166.867752075195 168.270401000977 169.902984619141 172.149459838867 173.819763183594 174.612884521484 175.45539855957 176.098510742188 177.052627563477 177.724914550781 177.739654541016 178.4638671875 177.205780029297 178.816696166992 181.981704711914 182.912689208984 184.093811035156 186.593933105469 184.539367675781 180.209747314453 178.227493286133 177.366760253906 181.859085083008 179.425445556641 178.644302368164 177.703277587891 177.984085083008 178.315994262695 178.493469238281 179.092391967773 179.856140136719
137.035034179688 138.029602050781 139.254165649414 140.846496582031 142.329376220703 143.637252807617 144.861328125 148.31413269043 150.057205200195 151.780349731445 153.669937133789 155.510345458984 157.080169677734 158.508361816406 160.379333496094 162.439483642578 164.018264770508 165.827575683594 168.329818725586 169.844879150391 171.543182373047 174.157470703125 175.917358398438 176.632232666016 177.638214111328 178.537933349609 179.236480712891 179.814666748047 179.449752807617 181.933227539062 180.173843383789 179.84846496582 182.380233764648 184.70475769043 186.544570922852 188.467361450195 187.41178894043 183.412017822266 180.243316650391 179.789154052734 183.988876342773 180.77229309082 179.816436767578 179.026107788086 178.298843383789 178.524749755859 179.87370300293 188.155242919922 190.17936706543
139.396408081055 140.878936767578 142.264175415039 143.431777954102 144.507339477539 146.113983154297 147.704208374023 150.759719848633 152.886276245117 154.636749267578 156.107666015625 157.894638061523 159.776290893555 161.610763549805 163.419448852539 165.545455932617 167.447204589844 169.011871337891 171.660934448242 173.125930786133 174.871566772461 176.875930786133 179.101440429688 180.850814819336 182.172912597656 182.955474853516 184.118621826172 185.350723266602 185.918594360352 187.449844360352 188.05583190918 186.209655761719 184.806991577148 187.392578125 191.60302734375 192.866622924805 190.635101318359 185.855606079102 184.525543212891 186.465942382812 187.833724975586 189.282150268555 184.982604980469 185.880508422852 188.31315612793 186.559356689453 181.751968383789 186.094696044922 201.684097290039
140.250671386719 141.742034912109 143.053756713867 144.352279663086 145.814376831055 147.783050537109 149.583297729492 152.13102722168 154.030456542969 155.92692565918 157.702087402344 159.683517456055 161.644470214844 163.540908813477 165.095275878906 167.147338867188 169.149795532227 170.479461669922 174.107559204102 175.585220336914 177.603668212891 179.983520507812 181.771575927734 183.070755004883 184.362350463867 185.555252075195 186.774200439453 187.685684204102 187.513092041016 187.984451293945 190.182632446289 190.228546142578 189.399353027344 192.386474609375 194.250930786133 194.752059936523 194.510650634766 189.569885253906 186.248199462891 191.675369262695 194.925262451172 195.946807861328 193.615707397461 192.803817749023 194.036849975586 194.229232788086 188.182418823242 184.676345825195 185.630111694336
141.086868286133 142.559417724609 144.109298706055 145.742202758789 147.46711730957 149.280838012695 150.925384521484 154.01350402832 155.880661010742 157.856002807617 159.665512084961 161.495422363281 163.141571044922 165.107482910156 166.896224975586 168.547988891602 170.518295288086 172.36506652832 176.274688720703 177.895324707031 179.822555541992 182.143463134766 184.052536010742 185.214447021484 186.521469116211 188.010040283203 187.632446289062 186.942123413086 188.134399414062 190.284744262695 192.613983154297 192.593124389648 192.921020507812 196.136734008789 196.557464599609 196.737884521484 196.74267578125 194.983993530273 194.109710693359 196.180465698242 196.213623046875 197.369766235352 195.276077270508 188.990707397461 191.86848449707 194.459426879883 186.992858886719 186.737777709961 187.896118164062
142.26628112793 143.728988647461 145.285232543945 146.683532714844 148.408462524414 150.287612915039 152.06608581543 155.810653686523 157.936126708984 159.749252319336 162.372177124023 164.146041870117 164.660751342773 166.756530761719 168.893447875977 170.509368896484 172.326522827148 174.383270263672 178.230880737305 180.39665222168 182.166488647461 184.212890625 186.233306884766 187.188186645508 188.672393798828 190.190979003906 189.957778930664 189.789993286133 191.288650512695 194.022247314453 195.865814208984 196.329696655273 196.657913208008 197.979431152344 198.642303466797 199.035507202148 199.096099853516 199.702087402344 198.753860473633 195.005142211914 193.539688110352 192.392776489258 190.72819519043 187.715438842773 203.075134277344 207.4189453125 188.972457885742 193.443984985352 207.212997436523
143.976837158203 145.130340576172 146.913803100586 148.606399536133 150.322006225586 151.65055847168 152.98274230957 157.371627807617 159.74055480957 161.765472412109 164.627990722656 166.543792724609 167.110305786133 169.011840820312 170.923950195312 172.64453125 174.208221435547 176.299850463867 179.937759399414 182.527526855469 184.620407104492 185.990631103516 187.742126464844 189.269241333008 190.705535888672 191.928771972656 192.614822387695 193.0859375 192.68896484375 196.551635742188 198.334457397461 199.29931640625 199.761596679688 199.900634765625 200.66276550293 201.252868652344 201.532943725586 201.701126098633 198.278472900391 192.923248291016 192.605667114258 189.781463623047 188.133438110352 187.878387451172 204.087417602539 208.253311157227 188.070602416992 190.436782836914 199.323486328125
145.633331298828 146.937118530273 148.89013671875 150.693374633789 152.403717041016 153.356414794922 154.633682250977 158.358627319336 160.815902709961 163.487670898438 165.728790283203 167.216384887695 168.795486450195 170.657470703125 172.536575317383 174.256530761719 175.877395629883 177.914245605469 181.645751953125 184.186538696289 186.438690185547 188.021331787109 189.762603759766 191.359039306641 192.334106445312 193.454818725586 194.947875976562 194.294876098633 192.226470947266 197.50439453125 200.153900146484 201.495758056641 202.060165405273 202.320693969727 202.946273803711 203.510559082031 203.817596435547 203.172470092773 199.59831237793 194.713470458984 196.183334350586 196.997375488281 195.026153564453 193.886642456055 195.012268066406 192.902847290039 185.156677246094 185.417327880859 187.143676757812
147.589813232422 148.904983520508 150.855331420898 152.553512573242 153.779357910156 154.908676147461 156.681243896484 159.843231201172 161.357604980469 163.994354248047 166.263458251953 168.238296508789 170.341796875 172.434616088867 174.398666381836 176.111831665039 177.691390991211 179.326766967773 183.223251342773 185.697860717773 187.769271850586 189.882522583008 191.936492919922 193.089080810547 193.983184814453 195.241180419922 195.776809692383 195.757583618164 196.047912597656 200.834030151367 202.789962768555 203.53532409668 204.330703735352 205.090850830078 205.338653564453 204.831665039062 204.835586547852 204.966110229492 203.234878540039 201.176879882812 202.435455322266 202.907272338867 203.425964355469 200.499267578125 192.805191040039 198.822250366211 213.577713012695 213.416687011719 214.69123840332
