rcp4.5models/MPi_ESM_LR/sc1gr4.18
NCOLS 261 
NROWS 433 
XLLCORNER 336357.134 
YLLCORNER 654653.479 
CELLSIZE 1000 
NODATA_value -3.4e+38 
[rows 264 to 285 of 433, columns 98 to 146 of 261]
241.685028076172 243.43229675293 249.569091796875 249.209609985352 249.490432739258 249.367614746094 249.473983764648 249.046142578125 247.158477783203 238.892791748047 230.598281860352 237.474212646484 246.296844482422 246.085739135742 226.289855957031 217.394058227539 216.509704589844 217.663421630859 224.956954956055 234.417068481445 232.561264038086 231.369979858398 234.176635742188 234.686233520508 234.419464111328 236.738830566406 245.548782348633 244.858734130859 238.427505493164 234.056350708008 227.905075073242 221.130935668945 213.414901733398 208.948089599609 212.120819091797 209.61653137207 200.128219604492 179.218643188477 186.610061645508 196.264785766602 205.289794921875 211.961578369141 213.825119018555 207.205642700195 205.244827270508 211.220291137695 223.939865112305 234.000122070312 245.228057861328
237.285980224609 238.782684326172 248.779327392578 248.402435302734 249.338592529297 249.325714111328 249.349395751953 249.216262817383 247.574356079102 240.418167114258 231.75944519043 236.078353881836 245.420623779297 245.661209106445 233.987487792969 220.689041137695 215.417831420898 217.064910888672 221.774291992188 225.305282592773 229.99169921875 233.935684204102 233.983963012695 234.035858154297 234.265930175781 233.218704223633 239.282760620117 246.595718383789 242.223373413086 235.081573486328 227.008972167969 218.404174804688 210.980712890625 208.131454467773 212.68928527832 213.123886108398 206.865158081055 187.506454467773 186.440582275391 186.054229736328 194.470001220703 198.872512817383 202.319351196289 200.396591186523 201.489669799805 211.59992980957 226.256698608398 232.056213378906 251.354644775391
229.155090332031 235.040420532227 248.380310058594 246.933837890625 248.352325439453 249.265075683594 249.064086914062 249.130172729492 248.939453125 248.541885375977 243.558471679688 234.201538085938 232.910263061523 238.699584960938 241.936599731445 231.714492797852 218.246566772461 215.500045776367 217.212020874023 218.620086669922 218.556488037109 225.374313354492 228.278564453125 231.241134643555 234.155044555664 233.976272583008 236.235595703125 240.254684448242 243.886428833008 240.193817138672 233.153930664062 223.664123535156 211.041107177734 202.451904296875 204.294357299805 214.920318603516 217.815994262695 208.736831665039 204.341720581055 201.4677734375 195.647125244141 187.80583190918 185.093109130859 192.412628173828 206.733306884766 221.866958618164 229.611709594727 237.824966430664 251.144622802734
233.605987548828 237.696701049805 246.303482055664 244.677429199219 245.678451538086 249.003036499023 248.907699584961 248.97737121582 248.904541015625 248.659515380859 246.530746459961 238.857620239258 229.314361572266 228.379440307617 238.150970458984 231.086807250977 220.220230102539 214.767593383789 217.190414428711 218.904159545898 217.535308837891 220.710052490234 223.803039550781 225.770767211914 231.061889648438 233.875595092773 234.091079711914 233.571105957031 237.376724243164 237.997711181641 230.527618408203 220.1884765625 208.136123657227 202.505706787109 203.926422119141 213.964965820312 221.264801025391 215.98942565918 209.579132080078 209.844207763672 204.381851196289 197.721237182617 195.490768432617 194.179397583008 195.964492797852 209.240203857422 223.779693603516 235.158767700195 249.482421875
231.444030761719 240.510543823242 245.850082397461 246.342620849609 246.579528808594 248.273483276367 248.693115234375 247.024597167969 244.005325317383 245.483367919922 248.214538574219 245.238464355469 238.197723388672 230.030410766602 229.485610961914 228.051849365234 223.087539672852 219.680541992188 218.813064575195 219.462036132812 220.742446899414 221.403671264648 222.68017578125 222.911026000977 225.554260253906 228.423248291016 234.395416259766 232.036499023438 233.086227416992 237.303665161133 228.656646728516 215.338806152344 201.443359375 202.653930664062 204.351608276367 213.97477722168 223.373519897461 221.687896728516 216.615875244141 218.153686523438 215.080993652344 211.057739257812 207.218551635742 198.047164916992 189.893249511719 193.056869506836 205.218658447266 218.727584838867 243.503829956055
234.793701171875 244.603881835938 248.055130004883 249.073440551758 248.6162109375 247.37060546875 247.8251953125 246.876708984375 241.845321655273 238.803787231445 243.163772583008 247.657669067383 246.237884521484 237.855224609375 224.454650878906 224.845886230469 222.353149414062 221.914581298828 219.754699707031 221.054077148438 223.447845458984 221.131164550781 221.821746826172 222.907379150391 222.905609130859 222.143600463867 228.661422729492 231.927597045898 232.098754882812 233.67561340332 228.982223510742 211.108215332031 193.881942749023 198.702072143555 203.783401489258 214.728042602539 222.162353515625 229.850311279297 226.186447143555 224.618133544922 221.056625366211 214.834365844727 206.030303955078 195.159744262695 184.964752197266 183.536727905273 200.320449829102 216.694961547852 234.501266479492
236.463134765625 245.359680175781 250.946975708008 249.859176635742 248.53678894043 246.203918457031 245.969024658203 247.242309570312 244.606033325195 237.299697875977 234.431228637695 239.879043579102 244.573486328125 238.777633666992 225.447372436523 225.028686523438 223.373413085938 221.489776611328 220.380157470703 221.809234619141 224.223205566406 223.232971191406 222.703170776367 223.043792724609 223.701812744141 222.666320800781 220.799255371094 227.973983764648 229.561889648438 227.310348510742 222.7392578125 202.487091064453 198.342758178711 202.587615966797 204.735321044922 213.770095825195 222.556579589844 235.315155029297 230.739044189453 225.468811035156 218.793304443359 209.819046020508 199.717590332031 192.967147827148 186.483978271484 189.125457763672 207.711196899414 222.577896118164 221.002883911133
239.407363891602 246.222183227539 249.394454956055 248.377593994141 246.906814575195 244.837539672852 244.501678466797 245.085784912109 243.759231567383 241.414535522461 236.666091918945 236.667358398438 242.632461547852 240.03173828125 226.936950683594 226.01969909668 225.421127319336 223.725143432617 223.309417724609 223.968597412109 225.184539794922 225.621887207031 224.048812866211 223.464965820312 225.3603515625 225.133529663086 220.485717773438 225.196624755859 229.616439819336 226.080535888672 217.645370483398 197.70002746582 200.051483154297 203.230316162109 207.171401977539 214.634613037109 227.859970092773 236.581756591797 231.03857421875 223.571136474609 216.398986816406 212.22248840332 203.483428955078 199.515289306641 196.489105224609 192.040771484375 198.122863769531 210.748199462891 207.683898925781
243.038375854492 249.174560546875 245.947463989258 245.236236572266 243.794036865234 243.219421386719 244.089553833008 243.247528076172 241.333145141602 241.446884155273 241.814849853516 241.456100463867 242.312744140625 241.91667175293 227.601913452148 226.149703979492 226.575241088867 225.911834716797 226.214447021484 226.073654174805 226.129257202148 227.182266235352 226.67822265625 225.679000854492 226.750503540039 226.030410766602 223.455154418945 225.235717773438 228.957122802734 226.290481567383 220.336837768555 216.076812744141 214.28645324707 214.079238891602 217.668579101562 222.644393920898 233.969467163086 238.899719238281 231.96516418457 224.566192626953 220.357955932617 221.790252685547 215.719619750977 209.771438598633 201.01921081543 190.35334777832 186.158187866211 194.40754699707 209.702102661133
245.192321777344 250.906707763672 245.476196289062 242.492080688477 240.919631958008 240.219284057617 242.282043457031 243.016189575195 241.423477172852 239.77116394043 240.389984130859 242.125213623047 241.934310913086 241.786605834961 227.905990600586 226.075668334961 226.555511474609 226.441955566406 227.352737426758 227.081680297852 227.119735717773 228.213668823242 228.455902099609 227.876358032227 227.138214111328 224.85612487793 224.816314697266 224.661819458008 226.326690673828 226.506546020508 225.47673034668 229.227264404297 226.243286132812 230.090621948242 228.143508911133 230.628784179688 238.289657592773 239.704864501953 233.98551940918 229.721069335938 226.76953125 223.96452331543 216.046203613281 205.527359008789 193.393173217773 190.465103149414 192.241149902344 194.430755615234 217.614013671875
249.911422729492 251.689682006836 248.195327758789 242.274383544922 240.033294677734 238.995727539062 242.455123901367 243.556945800781 242.5849609375 242.26481628418 239.191802978516 238.478149414062 240.329360961914 241.07682800293 229.257049560547 225.984115600586 226.261474609375 225.90283203125 226.92707824707 227.412689208984 227.742141723633 228.112152099609 228.4951171875 228.746368408203 227.57145690918 225.063720703125 226.281951904297 225.291687011719 225.295455932617 226.808502197266 226.593566894531 223.552917480469 220.351837158203 226.88151550293 230.874725341797 233.181915283203 235.608062744141 237.610458374023 233.804489135742 228.719772338867 224.363418579102 218.690307617188 211.983428955078 203.035217285156 196.199203491211 197.231201171875 203.193756103516 202.661911010742 220.88151550293
252.53825378418 250.426132202148 248.273696899414 245.564422607422 242.166168212891 240.157180786133 243.905746459961 245.030075073242 244.957168579102 244.541213989258 240.027252197266 236.502975463867 236.78369140625 238.812515258789 232.645462036133 226.629318237305 226.589782714844 226.07194519043 226.653427124023 227.274505615234 228.057083129883 228.207672119141 228.859954833984 229.027069091797 228.203506469727 227.207153320312 227.307968139648 226.823287963867 226.497940063477 226.823516845703 226.204818725586 221.720275878906 218.342575073242 223.101364135742 233.022674560547 231.466171264648 228.046325683594 236.565307617188 233.390640258789 227.647613525391 220.620788574219 215.49235534668 212.862335205078 210.527130126953 204.564163208008 202.727188110352 205.813079833984 202.301971435547 219.477890014648
253.339431762695 251.243377685547 248.929443359375 247.329208374023 246.628601074219 244.975631713867 246.506698608398 247.613586425781 246.532730102539 244.336883544922 241.202789306641 236.262847900391 230.231658935547 230.258758544922 233.174621582031 226.183715820312 226.749771118164 226.659317016602 226.490158081055 226.925888061523 227.800369262695 227.880172729492 228.692810058594 229.345977783203 228.888610839844 228.494476318359 227.976898193359 227.965438842773 227.985961914062 227.219909667969 226.72737121582 224.266891479492 220.081237792969 221.587890625 231.3408203125 231.490051269531 228.548294067383 236.295257568359 233.741897583008 230.059036254883 222.814270019531 217.536148071289 217.804321289062 218.619781494141 211.4267578125 208.873916625977 206.927673339844 199.355529785156 207.308120727539
253.075988769531 251.853775024414 250.213607788086 246.427520751953 247.831298828125 247.594741821289 248.589813232422 248.805191040039 247.398391723633 245.196929931641 243.001312255859 238.634994506836 231.84992980957 228.798141479492 228.415756225586 224.788040161133 225.745407104492 225.868728637695 225.529266357422 225.829360961914 226.694473266602 227.289978027344 227.988159179688 229.159530639648 229.738067626953 230.018096923828 228.718170166016 229.016860961914 228.562728881836 227.897171020508 227.102188110352 225.780288696289 222.8818359375 220.034683227539 224.989944458008 232.773971557617 230.94303894043 229.650360107422 228.647979736328 230.962860107422 227.440124511719 225.891082763672 226.731384277344 228.424026489258 222.26057434082 218.552810668945 210.694152832031 205.299453735352 199.275314331055
251.549728393555 249.024276733398 249.558135986328 242.35546875 239.156280517578 237.546325683594 239.442687988281 241.458770751953 241.259323120117 239.173751831055 238.941253662109 241.321243286133 244.150177001953 242.689514160156 227.879028320312 221.605255126953 222.664199829102 222.902786254883 221.959930419922 220.511337280273 222.048233032227 226.893859863281 227.934814453125 229.155960083008 229.978866577148 230.117828369141 230.334671020508 229.453247070312 228.494659423828 228.019424438477 228.345733642578 227.983871459961 227.529144287109 227.093704223633 224.151245117188 220.267730712891 223.501815795898 230.532302856445 229.990600585938 230.087066650391 226.098983764648 229.67610168457 237.84895324707 236.260726928711 231.240249633789 230.169326782227 219.637847900391 210.412963867188 195.136184692383
250.836273193359 249.397735595703 250.445831298828 247.614059448242 241.091537475586 227.467071533203 224.084915161133 231.666488647461 233.43537902832 227.088729858398 225.981918334961 230.163665771484 236.248886108398 233.966354370117 222.037734985352 217.938461303711 220.75032043457 223.745391845703 223.835922241211 220.87712097168 221.362670898438 226.751739501953 229.237533569336 229.4091796875 229.124328613281 228.130157470703 230.643783569336 229.809234619141 228.632995605469 228.363922119141 228.921035766602 229.006301879883 228.355422973633 227.577560424805 225.988891601562 224.485015869141 225.853637695312 230.90852355957 230.418655395508 228.143218994141 223.818786621094 225.609497070312 233.626663208008 229.279708862305 -3.4e+38 232.773803710938 220.719589233398 212.097610473633 206.456176757812
251.898239135742 251.170211791992 250.377105712891 248.009216308594 247.07731628418 234.008209228516 220.097747802734 220.932708740234 226.112121582031 223.373245239258 222.4990234375 223.768020629883 225.424697875977 224.98942565918 218.392654418945 221.069976806641 224.07160949707 225.666305541992 225.600952148438 224.138565063477 223.098388671875 225.920776367188 230.1494140625 228.966552734375 227.591644287109 226.893310546875 228.856475830078 230.211227416992 229.056671142578 229.447006225586 229.389373779297 229.348983764648 229.056503295898 228.506607055664 227.66535949707 226.878723144531 226.221908569336 230.917877197266 231.966522216797 -3.4e+38 227.779113769531 226.813568115234 231.732833862305 227.725860595703 226.49836730957 232.373031616211 229.355285644531 222.616851806641 219.645141601562
253.167999267578 253.36051940918 251.817993164062 248.721115112305 250.16438293457 247.186706542969 234.739334106445 224.412582397461 225.636688232422 225.539749145508 225.421356201172 225.03742980957 224.811874389648 225.651016235352 223.380279541016 226.536239624023 227.479080200195 226.238433837891 224.529571533203 225.261520385742 225.060012817383 225.060775756836 230.3193359375 228.932693481445 227.511962890625 228.409713745117 226.414428710938 227.232360839844 229.909408569336 230.416534423828 229.704818725586 229.348617553711 229.786773681641 230.121612548828 229.430068969727 228.674575805664 226.722900390625 229.048095703125 230.348541259766 230.746627807617 -3.4e+38 227.739852905273 226.398574829102 225.15885925293 224.882720947266 229.840148925781 233.437118530273 224.265029907227 220.46598815918
251.957962036133 252.195281982422 252.503021240234 250.877853393555 249.863845825195 250.610992431641 247.276641845703 237.170516967773 228.195388793945 225.648712158203 226.126358032227 227.023132324219 227.867248535156 227.928497314453 227.37223815918 227.415298461914 228.035690307617 227.397552490234 225.831344604492 226.642181396484 229.056915283203 227.689834594727 230.445648193359 229.910232543945 228.285400390625 225.897262573242 221.864334106445 223.335510253906 227.877990722656 231.127975463867 229.988265991211 229.554244995117 230.038604736328 230.667541503906 230.500869750977 229.713134765625 227.313369750977 228.295639038086 228.800308227539 229.743774414062 231.612564086914 229.143096923828 224.258666992188 225.956802368164 226.947402954102 226.550064086914 225.877822875977 221.86589050293 220.137832641602
251.080444335938 250.08479309082 249.525604248047 249.682464599609 247.90185546875 248.634552001953 249.66633605957 241.695297241211 229.946762084961 226.904266357422 226.147964477539 226.893508911133 227.591735839844 228.172378540039 228.059875488281 228.050216674805 228.378875732422 228.531677246094 227.798141479492 227.547180175781 230.049865722656 230.258224487305 230.390075683594 228.656387329102 223.45182800293 217.99040222168 213.7470703125 221.59602355957 226.297225952148 229.497467041016 229.306304931641 230.93132019043 231.382446289062 231.312133789062 231.346694946289 230.794967651367 228.444412231445 229.087875366211 -3.4e+38 229.734527587891 230.605285644531 -3.4e+38 -3.4e+38 224.892868041992 226.484268188477 226.711074829102 225.681259155273 222.260848999023 220.959915161133
250.538970947266 247.54264831543 245.287780761719 248.073059082031 247.317581176758 247.081161499023 246.979614257812 243.056091308594 236.992721557617 231.623046875 226.536209106445 223.321365356445 224.028106689453 226.196441650391 228.839721679688 228.676940917969 228.40690612793 228.697250366211 228.610885620117 228.282852172852 229.70622253418 229.477325439453 227.547760009766 224.298858642578 215.552047729492 208.769622802734 207.976226806641 218.493194580078 224.36360168457 227.033966064453 229.004302978516 230.641860961914 230.214584350586 230.374694824219 231.507705688477 232.077178955078 230.628723144531 229.933319091797 230.846481323242 -3.4e+38 230.298843383789 231.462249755859 226.983139038086 220.784530639648 224.247009277344 227.79866027832 230.426010131836 218.595733642578 219.973861694336
251.761596679688 248.684692382812 246.179794311523 248.305038452148 248.11051940918 247.237182617188 244.738998413086 244.030807495117 244.584671020508 238.318725585938 229.935119628906 225.603698730469 225.005157470703 224.239105224609 228.611068725586 228.439346313477 228.546142578125 228.791564941406 229.15007019043 229.621322631836 230.457153320312 228.933044433594 224.028991699219 218.955718994141 209.857666015625 203.55436706543 213.406341552734 220.799133300781 225.319107055664 227.068420410156 228.552001953125 229.26789855957 227.134384155273 226.859161376953 226.797409057617 227.884735107422 -3.4e+38 231.530639648438 -3.4e+38 -3.4e+38 -3.4e+38 231.844512939453 -3.4e+38 -3.4e+38 224.496627807617 223.131683349609 227.406112670898 219.903778076172 219.270111083984
