rcp4.5models/MPi_ESM_LR/sc1gr4.4
NCOLS 261 
NROWS 433 
XLLCORNER 336357.134 
YLLCORNER 654653.479 
CELLSIZE 1000 
NODATA_value -9999 
[rows 396 to 417 of 433, columns 50 to 99 of 261]
-9999 -9999 -9999 -9999 -9999 -9999 -9999 -9999 256.78106749859 256.965378764585 257.327622283702 257.137359176717 256.906817841274 256.311663536058 256.178581942016 256.453151540378 256.826518568595 256.426811956491 256.601278590118 256.557127764878 256.126243182298 254.734556888318 253.918398175874 255.811214416533 256.557435459277 255.376255333992 254.757206184078 255.932102392229 256.328684977781 256.592409186524 257.15137173875 257.15387427378 257.227784071637 257.208496020124 256.726061085041 256.986038416734 257.833935626087 251.963562215245 253.264486546459 257.648047329394 252.351145346397 247.758003704546 247.610174022126 249.715313260594 247.474147684979 247.726732819887 248.941162267484 248.570252397799 251.953290660064 255.720814554157
-9999 -9999 -9999 -9999 -9999 -9999 -9999 -9999 256.849628025523 256.937688094344 257.089183425363 256.962957332712 257.150647348128 256.568396282054 256.385995636095 256.424822393529 256.5381549471 256.119667203069 256.440023754406 256.58304120915 256.619810920375 256.122495080034 255.155534352519 256.026047321714 256.319241508912 256.198179713868 256.677458034581 256.813672997163 256.306580869336 256.205180473805 256.73575243938 257.015957153291 257.157023703789 257.382087702078 257.354298065329 257.581108397074 257.991852953033 254.958364758801 255.44202365126 257.089384944688 252.715193302438 248.037107768782 248.157958601799 251.058398018798 249.595827353897 248.369470566786 247.45197260387 246.726353537056 249.116905276733 253.855866960044
-9999 -9999 -9999 -9999 -9999 -9999 -9999 -9999 -9999 256.955435980543 257.077466245058 257.109030017514 257.232530347623 256.990049168103 256.641204286349 256.57760622157 256.372796277671 256.532901307376 256.798965917198 257.232938767745 257.220260096102 256.982736693996 256.24024462743 256.396744529928 256.799282901307 256.078055484269 254.676039113187 255.881368596978 256.628802877563 255.724072235747 256.578850506448 257.346447567046 257.408649084334 257.613727935027 257.905966246123 257.993794161007 257.804412454643 256.98519710371 257.203290111977 257.279662929652 253.27360495644 249.938137275135 250.282074868683 251.159624334397 251.643785081953 250.346760330669 247.841743956747 247.080981027794 248.13726297756 252.808725857832
-9999 -9999 -9999 -9999 -9999 -9999 -9999 -9999 -9999 257.04200816878 257.040414734673 257.123258452638 257.13303926715 257.135252055467 256.778445926773 256.66041564445 256.503898790782 256.580316224612 256.967249009753 257.452963681521 257.500063113487 257.003515750877 256.419050193059 256.905229187788 257.263599598653 256.568900628438 255.466860084575 256.663554716581 256.824179609101 256.438911379067 257.079579211751 257.189005135631 257.120433265023 257.584881090519 257.99629136393 257.542999414459 257.553229812479 257.816173369967 257.143721206919 257.351136123926 253.474934158636 250.936709932084 250.052674629137 249.624180957584 251.217735021591 251.391849928613 248.489084976733 246.556644290886 246.893535256333 249.52830171317
-9999 -9999 -9999 -9999 -9999 -9999 -9999 -9999 -9999 -9999 256.674956164562 256.868228769202 257.040306304293 257.195929430426 256.948010975114 256.61434118468 256.495750004962 256.171961691456 256.597022131772 256.922145285473 257.186422887331 257.229927251367 256.801696681767 256.972930299671 256.709608015466 257.096383297262 257.469251722343 257.648808333698 257.457027789052 257.078601295404 257.191030511749 256.980540246774 256.720001485072 257.399645743433 257.544063121146 257.349588622038 257.683454008685 257.921376875655 257.400113249216 257.5145563489 255.162850841038 252.948767952828 250.443905674025 249.057665347998 248.794293490929 250.274903889846 249.740729045286 246.40916300651 245.244797675084 246.050457170377
-9999 -9999 -9999 -9999 -9999 -9999 -9999 -9999 -9999 -9999 256.691182314521 256.654114402309 256.706128465678 257.02234053388 257.045525312453 256.665970256051 256.268420461319 256.285500334258 256.470905132178 256.715990414723 256.77443655633 257.043346181291 256.673402024196 256.698354584526 255.953198450859 254.828065502779 256.345142688145 257.585105774192 257.38260445998 256.902332092067 256.947992162891 256.648221565313 255.723538861227 256.889487879132 257.25746034609 257.434475776952 257.850101017982 257.694383668341 257.008030051529 256.990578313521 257.36351361559 253.97081791168 251.226031647409 249.938864615294 247.439681521564 246.452402257278 248.685402315404 248.176057186558 247.153227154039 246.122057770065
-9999 -9999 -9999 -9999 -9999 -9999 -9999 -9999 -9999 -9999 257.21914277672 256.927152206831 256.61694327818 256.952843252818 256.909430337624 256.666843713191 256.240183518992 256.407461572587 256.333843122414 256.264662386051 256.700496826578 257.000594901419 256.805513368498 256.929633958956 256.746620744089 255.511068242629 256.622485865656 256.355962402459 257.188136714461 257.225979521154 257.093087432516 256.636744639569 256.048649284595 257.080462583088 257.604641780076 257.408073622986 257.045974070064 257.052517838712 256.684357736133 256.618414286532 255.514162393938 254.419276982682 252.05380919425 249.609134426763 248.307081418177 246.611139591614 247.564059847814 249.963023182712 248.936874921202 245.877170434613
-9999 -9999 -9999 -9999 -9999 -9999 -9999 -9999 -9999 -9999 -9999 256.701222152949 256.453204278894 256.965305374925 256.815408111554 256.623352342977 256.505126627265 256.425827669405 256.311879294235 256.130537505568 256.653959471434 257.014673022575 256.983256310344 256.790673890719 256.613213797171 257.034052251141 257.334705515728 256.285339528917 257.458145063937 256.264190559994 256.367278483594 257.0251506069 257.042387739861 257.249014908485 256.870686127903 255.591999905257 255.533804807548 255.634484671689 255.733385312349 255.311381234357 251.862771185677 252.33994256347 253.693509645789 252.327156882262 250.875716811578 249.787011138241 248.251126701943 250.017760051179 249.501815681715 246.781098632572
-9999 -9999 -9999 -9999 -9999 -9999 -9999 -9999 -9999 -9999 -9999 -9999 256.626779541208 256.904840681198 256.812074478847 256.93962367068 256.734892907647 256.910033197191 256.539751770844 256.538916579463 256.559540001773 256.818823274488 257.01082520208 256.837381803569 256.558076849696 257.236984966138 257.066223008303 256.855783560501 257.314096545823 256.280217042403 256.413415031223 257.19575621241 256.560624745409 255.889296366294 255.500308289652 255.218820472195 255.348139959288 254.298092594714 253.827808565702 253.778806834195 250.9564724022 250.590787311111 252.074652240537 254.305761521354 252.732075603269 251.087462102287 249.715878361488 249.105476072281 250.639788771681 250.274997006919
-9999 -9999 -9999 -9999 -9999 -9999 -9999 -9999 -9999 -9999 -9999 -9999 -9999 256.877032306948 256.748149141797 257.051951355862 256.77337296125 256.863984770548 256.753133049361 256.6093134298 256.535899125606 256.773386587261 256.914734677831 257.063410885851 257.037298376957 257.345044213032 257.143230422534 256.591029131901 257.097686495092 256.730229454311 255.909678150687 256.801555502868 255.735201449682 254.905519345596 255.809772462021 255.697923647615 255.586673180139 254.515333708653 253.621962229761 253.984115394896 251.915953516897 251.671413801925 250.924277248229 252.128571668874 252.960313427101 251.476825769184 251.14591760343 251.140365591193 252.526261893088 254.105283233628
-9999 -9999 -9999 -9999 -9999 -9999 -9999 -9999 -9999 -9999 -9999 -9999 -9999 256.424312873325 256.372030780006 256.705658464323 256.890459270245 256.41993411344 256.310047860289 256.246692099803 256.635139560692 256.898270210055 257.048891657436 257.120759960265 257.038868840133 256.933697381593 256.912857185397 256.931801831858 256.415996471241 256.762411236031 257.032742457509 256.495644667999 256.228225096059 256.477819648493 256.333300105712 255.205192270772 254.562275909605 254.230599304159 254.546709528038 254.687856074823 253.108289976311 252.854368801759 253.745509622625 252.413550471217 252.551401780834 254.701944913225 255.237893135666 254.05884272826 251.862604069645 253.485271235516
-9999 -9999 -9999 -9999 -9999 -9999 -9999 -9999 -9999 -9999 -9999 -9999 -9999 -9999 256.525926754493 256.620261727084 256.773039168967 257.055986393801 256.570879488637 256.198940253973 256.441794931108 256.921476826916 257.191940259676 257.216235098389 257.211423879089 257.136891396168 257.163221663834 256.448887138541 256.465629001732 256.093928822085 256.350526056543 256.46390149457 256.142002092607 255.758973238183 256.048824806489 255.223522014161 253.895817440943 252.150950331606 252.338795258693 254.492218949646 253.716108716154 253.240458631685 252.671526924791 251.247655525862 251.175193407366 252.519656600559 253.645464626469 254.030902980023 254.302388483944 255.184417337305
-9999 -9999 -9999 -9999 -9999 -9999 -9999 -9999 -9999 -9999 -9999 -9999 -9999 -9999 256.791923201001 256.567315468863 256.735950069995 257.122643081588 256.683043451833 256.379969106413 256.643526676511 256.938271158579 257.026979062704 257.170013386491 257.194800057378 257.122116159162 256.620798981329 255.577186412785 255.884158708562 256.394219378218 256.571692294075 256.480388301683 255.959789980281 255.583983171696 255.847111468632 255.596011347168 254.082173729044 252.655379206006 252.058957614922 253.179602220007 254.186261088505 253.829739804371 251.255882639508 250.434225236971 251.491793044569 250.605719404949 250.843665226729 252.000577232509 255.032713510567 257.087037968428
-9999 -9999 -9999 -9999 -9999 -9999 -9999 -9999 -9999 -9999 -9999 -9999 -9999 -9999 256.613876710116 256.45133196226 256.229232077749 256.536169409569 256.327115050761 256.398170831743 256.839238322998 256.733165717988 256.664685913372 256.99735789164 257.057762364126 256.912180102149 256.265935845405 255.686602300989 255.564213289814 256.189771544764 256.841958157994 256.44854451942 256.181399881996 255.913981675555 255.919596081531 255.734252646619 255.18534681599 254.823322611193 254.653638482503 254.183696664737 254.737641837238 254.350967849054 252.747315155103 251.389371675825 252.855049040964 251.091100074531 246.797187689883 247.484455010802 252.273985308433 256.152764672382
-9999 -9999 -9999 -9999 -9999 -9999 -9999 -9999 -9999 -9999 -9999 -9999 -9999 -9999 -9999 256.421727963677 256.020304423293 256.383701815745 256.197430584438 256.136619062796 256.508671060798 256.692062442362 256.757136282826 256.946235955518 256.751853593469 256.449016289848 256.234998117617 255.724554427584 255.860234426988 255.584340993726 256.074445422114 256.279083554457 256.521653468247 256.262805882431 256.1525356485 255.37055495638 254.636850426875 255.128692600443 255.584364697387 255.906470714873 255.913980061971 255.614385554546 255.067056150907 253.677386615269 253.271760531678 252.969222764317 248.55810692714 246.246612069375 249.939709267432 255.438524208821
-9999 -9999 -9999 -9999 -9999 -9999 -9999 -9999 -9999 -9999 -9999 -9999 -9999 -9999 -9999 -9999 -9999 256.493864259646 256.172523429244 255.983478876241 256.252292608574 256.741088103211 257.054327598325 257.138500865038 256.966301775007 256.425085247691 256.496791008542 256.035024714026 255.781949041235 256.006026683893 255.716752881358 255.508223227314 255.563411887161 255.957821402146 256.196663636656 255.547785097171 254.823911436716 255.465129806472 256.012500365045 256.182840785009 256.632023681874 256.532608076132 254.469413872119 252.660279998268 252.267061424898 253.969225080959 253.091525965627 250.91475176139 252.789197243704 256.577860087558
-9999 -9999 -9999 -9999 -9999 -9999 -9999 -9999 -9999 -9999 -9999 -9999 -9999 -9999 -9999 -9999 -9999 256.525017983818 256.344820106624 255.885314522187 255.882363004322 256.316794130233 256.974457533008 257.234638100205 257.254992991131 256.986093913722 257.089688175875 256.594576760687 255.699786522654 255.899134175964 255.980778279961 255.853630019829 255.173713548554 254.912517909891 255.084422158889 255.105423053625 255.164237915452 255.591439069959 256.247308273211 256.107801559679 257.01876133115 257.032848241417 253.712591876728 251.100456679643 252.821738507191 254.818365731921 255.025740964124 255.226893524648 255.854999463093 256.042616309029
-9999 -9999 -9999 -9999 -9999 -9999 -9999 -9999 -9999 -9999 -9999 -9999 -9999 -9999 -9999 -9999 -9999 -9999 256.317180193685 255.960512008077 255.794666185308 256.329551597564 257.025365320034 257.257072779935 257.277392264298 257.297287912982 257.316739905215 257.047215427416 255.999446810335 255.740986908945 255.815353540231 255.581019242801 255.651044063621 255.093358172385 254.445629333837 254.41053802307 254.577128938033 255.203990333072 255.218854407804 254.669428527643 255.425564170451 256.689766892904 255.659650021519 254.345118071689 255.718046543866 256.055541785649 256.216693242079 256.436301106462 255.814420672081 255.06150400452
-9999 -9999 -9999 -9999 -9999 -9999 -9999 -9999 -9999 -9999 -9999 -9999 -9999 -9999 -9999 -9999 -9999 -9999 -9999 255.860233496228 255.844766768644 256.572112440128 257.022523028549 257.031289888056 256.776349465724 256.91321574063 256.94122435546 257.075847909153 256.366560873119 256.009782965029 255.906580965338 255.097802799926 255.308305013779 255.191992505108 254.817790829399 255.232952503681 255.0791801605 254.172555386173 253.310059625261 254.155321026918 254.873709796609 256.246153665927 257.112250506594 257.1269383504 256.756678603056 256.006176315161 255.539318247547 255.374130144111 255.330151588386 254.823596950456
-9999 -9999 -9999 -9999 -9999 -9999 -9999 -9999 -9999 -9999 -9999 -9999 -9999 -9999 -9999 -9999 -9999 -9999 -9999 -9999 256.044590700346 256.53200480958 256.760252225562 256.732664606306 256.04404906304 255.905574567783 256.293658862141 256.539171433543 256.820283263843 256.414814681719 256.40489629072 255.821540126773 254.937781221486 254.658732298693 254.877165146215 255.502457444257 255.222352563921 254.326249685513 253.342915282135 253.530245872475 254.80851536351 255.761458155674 256.47530247918 257.067301873839 256.417041865855 254.789063683395 253.98478824435 252.362314549839 252.149663543861 253.458057092707
-9999 -9999 -9999 -9999 -9999 -9999 -9999 -9999 -9999 -9999 -9999 -9999 -9999 -9999 -9999 -9999 -9999 -9999 -9999 -9999 -9999 256.377646074924 256.35520384387 256.561972066787 255.917629620624 255.425802463327 255.794010730745 256.223224850677 256.737136451571 256.679653422954 256.701460810175 256.438154950804 255.4452539818 255.131616397008 255.120123991076 255.210945928143 255.127449176982 255.264388741737 254.15850373638 252.490951361611 252.939856612417 253.699949597053 255.305300120723 256.791086244868 256.825825125489 254.405786299145 254.077404203121 251.840709353031 250.063073023746 252.073987425852
-9999 -9999 -9999 -9999 -9999 -9999 -9999 -9999 -9999 -9999 -9999 -9999 -9999 -9999 -9999 -9999 -9999 -9999 -9999 -9999 -9999 -9999 256.214769239726 256.355031550178 255.94079810833 255.801780668924 255.961432480745 256.285391874842 256.221570688619 256.38205308399 256.78427868068 256.720897451023 256.10723908272 255.693195867915 255.374385244735 254.332974779374 254.795152808085 254.540346483011 252.675900036064 251.584539044461 251.746413554417 251.547040298936 254.105004378812 256.071681656717 256.249433618255 255.606779389454 256.121529403574 254.338443686976 252.507653928452 253.46282215507
