rcp4.5models/MPi_ESM_LR/sc1gr10.14
NCOLS 261 
NROWS 433 
XLLCORNER 336357.134 
YLLCORNER 654653.479 
CELLSIZE 1000 
NODATA_value -3.4e+38 
[rows 44 to 65 of 433, columns 98 to 146 of 261]
344.174255371094 345.145233154297 346.418365478516 350.400482177734 351.205535888672 353.324798583984 354.747924804688 355.273864746094 357.187469482422 358.100158691406 359.313232421875 360.704864501953 361.658538818359 363.040924072266 366.122039794922 367.224670410156 368.564270019531 369.878753662109 370.730895996094 372.105316162109 373.128143310547 374.00927734375 375.229553222656 375.715850830078 -3.4e+38 -3.4e+38 -3.4e+38 -3.4e+38 -3.4e+38 -3.4e+38 -3.4e+38 -3.4e+38 -3.4e+38 -3.4e+38 -3.4e+38 -3.4e+38 -3.4e+38 -3.4e+38 -3.4e+38 -3.4e+38 -3.4e+38 -3.4e+38 -3.4e+38 -3.4e+38 -3.4e+38 -3.4e+38 -3.4e+38 -3.4e+38 -3.4e+38
344.368682861328 346.357269287109 347.309448242188 350.491821289062 351.935821533203 352.968170166016 354.619140625 355.384674072266 356.580017089844 358.448425292969 358.996704101562 361.357086181641 362.506622314453 363.680755615234 366.382446289062 367.788238525391 368.844696044922 369.748779296875 371.051574707031 371.979156494141 374.049102783203 375.061553955078 375.990142822266 377.673858642578 378.460113525391 -3.4e+38 -3.4e+38 -3.4e+38 -3.4e+38 -3.4e+38 -3.4e+38 -3.4e+38 -3.4e+38 -3.4e+38 -3.4e+38 -3.4e+38 -3.4e+38 -3.4e+38 -3.4e+38 -3.4e+38 -3.4e+38 -3.4e+38 -3.4e+38 -3.4e+38 -3.4e+38 -3.4e+38 -3.4e+38 -3.4e+38 -3.4e+38
344.988494873047 346.469604492188 347.940734863281 350.179290771484 352.113952636719 352.648315429688 354.574432373047 355.50244140625 356.768493652344 358.906402587891 359.452362060547 361.754943847656 362.892059326172 364.220642089844 366.737518310547 367.440002441406 368.522308349609 369.668182373047 370.853851318359 373.069305419922 374.2216796875 375.706817626953 376.714477539062 377.407043457031 378.809234619141 379.427490234375 381.456573486328 -3.4e+38 -3.4e+38 -3.4e+38 -3.4e+38 -3.4e+38 -3.4e+38 -3.4e+38 -3.4e+38 -3.4e+38 -3.4e+38 -3.4e+38 -3.4e+38 -3.4e+38 -3.4e+38 -3.4e+38 -3.4e+38 -3.4e+38 -3.4e+38 -3.4e+38 -3.4e+38 -3.4e+38 -3.4e+38
344.931671142578 346.150299072266 348.115875244141 350.346008300781 351.795349121094 352.804840087891 354.280212402344 356.212188720703 357.477172851562 359.063171386719 360.42919921875 361.439605712891 363.050262451172 364.415893554688 366.653686523438 367.130432128906 368.694763183594 370.1474609375 371.731781005859 373.400573730469 373.894348144531 375.64208984375 376.646850585938 377.460723876953 378.322235107422 379.160369873047 381.754791259766 -3.4e+38 383.734130859375 -3.4e+38 -3.4e+38 -3.4e+38 -3.4e+38 -3.4e+38 -3.4e+38 -3.4e+38 -3.4e+38 -3.4e+38 -3.4e+38 -3.4e+38 -3.4e+38 -3.4e+38 -3.4e+38 -3.4e+38 -3.4e+38 -3.4e+38 -3.4e+38 -3.4e+38 -3.4e+38
345.051452636719 346.324554443359 347.791015625 350.277862548828 351.509429931641 353.962707519531 354.742156982422 356.793243408203 357.579528808594 359.220825195312 360.585388183594 361.106842041016 362.965362548828 364.082092285156 366.403045654297 368.040985107422 369.401306152344 370.684600830078 372.058929443359 373.087341308594 373.970764160156 375.331146240234 376.749572753906 377.377319335938 378.098510742188 378.931976318359 382.035186767578 382.846984863281 -3.4e+38 -3.4e+38 -3.4e+38 -3.4e+38 -3.4e+38 -3.4e+38 -3.4e+38 -3.4e+38 -3.4e+38 -3.4e+38 -3.4e+38 -3.4e+38 -3.4e+38 -3.4e+38 -3.4e+38 -3.4e+38 -3.4e+38 -3.4e+38 -3.4e+38 -3.4e+38 -3.4e+38
345.459838867188 346.280090332031 348.749969482422 350.749969482422 352.450531005859 354.311187744141 355.312316894531 356.757080078125 358.143341064453 359.134735107422 360.259704589844 361.218780517578 362.642150878906 364.244201660156 366.862579345703 368.812683105469 369.528686523438 371.004119873047 371.68994140625 -3.4e+38 374.259918212891 374.993988037109 376.734008789062 377.813873291016 378.800201416016 379.720001220703 382.225311279297 383.377532958984 383.712463378906 384.515289306641 385.728485107422 -3.4e+38 -3.4e+38 -3.4e+38 -3.4e+38 -3.4e+38 -3.4e+38 -3.4e+38 -3.4e+38 -3.4e+38 -3.4e+38 -3.4e+38 -3.4e+38 -3.4e+38 -3.4e+38 -3.4e+38 -3.4e+38 -3.4e+38 -3.4e+38
346.193023681641 347.177276611328 349.114288330078 351.336456298828 352.807739257812 354.473236083984 355.652496337891 356.428253173828 358.290069580078 358.805023193359 360.414672851562 361.628875732422 363.550018310547 364.941680908203 367.393402099609 368.765380859375 370.036499023438 370.941345214844 371.765045166016 -3.4e+38 374.955383300781 375.830535888672 377.09521484375 377.972320556641 379.363830566406 380.017150878906 382.476837158203 382.986846923828 383.437927246094 384.77001953125 385.288970947266 385.791473388672 -3.4e+38 -3.4e+38 -3.4e+38 -3.4e+38 -3.4e+38 -3.4e+38 -3.4e+38 -3.4e+38 -3.4e+38 -3.4e+38 -3.4e+38 -3.4e+38 -3.4e+38 -3.4e+38 -3.4e+38 -3.4e+38 -3.4e+38
346.783782958984 347.989166259766 349.22314453125 351.248809814453 352.463012695312 354.392578125 355.574798583984 356.967956542969 358.02490234375 360.163543701172 361.569213867188 362.778594970703 364.3134765625 365.050354003906 367.734832763672 368.890594482422 370.163696289062 370.639434814453 372.225372314453 374.054992675781 375.564697265625 376.574981689453 377.187042236328 378.051849365234 379.295715332031 380.073608398438 382.318145751953 382.664031982422 383.5029296875 384.632904052734 385.163543701172 386.931976318359 -3.4e+38 -3.4e+38 -3.4e+38 -3.4e+38 -3.4e+38 -3.4e+38 -3.4e+38 -3.4e+38 -3.4e+38 -3.4e+38 -3.4e+38 -3.4e+38 -3.4e+38 -3.4e+38 -3.4e+38 -3.4e+38 -3.4e+38
347.139709472656 347.894256591797 348.685760498047 351.338684082031 352.586486816406 354.088104248047 356.503509521484 357.920135498047 358.927795410156 360.760131835938 361.933349609375 363.522491455078 364.174713134766 364.697418212891 367.619537353516 368.775360107422 369.856597900391 371.065338134766 372.832092285156 373.96435546875 375.470581054688 376.421447753906 376.832763671875 377.922607421875 378.878936767578 379.576629638672 381.614593505859 382.723999023438 383.481262207031 385.144470214844 386.351959228516 387.509429931641 387.756500244141 -3.4e+38 -3.4e+38 -3.4e+38 -3.4e+38 -3.4e+38 -3.4e+38 -3.4e+38 -3.4e+38 -3.4e+38 -3.4e+38 -3.4e+38 -3.4e+38 -3.4e+38 -3.4e+38 -3.4e+38 -3.4e+38
347.011901855469 347.551208496094 349.024047851562 351.704376220703 352.485900878906 353.755859375 356.838470458984 358.005187988281 359.237884521484 360.415222167969 362.036468505859 363.448211669922 364.698486328125 364.771209716797 368.462341308594 369.1669921875 370.308166503906 371.980560302734 372.930419921875 374.161926269531 375.024841308594 375.696441650391 376.918701171875 377.907684326172 378.507965087891 379.360443115234 381.789764404297 383.413238525391 384.244232177734 385.725433349609 386.843994140625 387.095611572266 387.425323486328 388.248840332031 -3.4e+38 -3.4e+38 391.146148681641 -3.4e+38 -3.4e+38 -3.4e+38 -3.4e+38 -3.4e+38 -3.4e+38 -3.4e+38 -3.4e+38 -3.4e+38 -3.4e+38 -3.4e+38 -3.4e+38
346.65771484375 347.692321777344 349.197601318359 352.387298583984 352.924743652344 354.632476806641 356.933898925781 358.542633056641 359.333648681641 360.962188720703 362.421813964844 364.251403808594 364.522857666016 365.9130859375 368.794799804688 -3.4e+38 370.830322265625 372.086761474609 372.595520019531 374.314392089844 374.982666015625 375.096038818359 376.758117675781 -3.4e+38 378.727172851562 380.362548828125 382.651062011719 383.528442382812 384.524932861328 385.569274902344 386.426147460938 386.758575439453 387.534606933594 388.443328857422 388.999633789062 -3.4e+38 -3.4e+38 393.898742675781 -3.4e+38 -3.4e+38 -3.4e+38 -3.4e+38 -3.4e+38 -3.4e+38 -3.4e+38 -3.4e+38 -3.4e+38 -3.4e+38 -3.4e+38
346.787750244141 -3.4e+38 349.614074707031 352.909759521484 353.898651123047 -3.4e+38 357.288543701172 358.673675537109 -3.4e+38 361.908142089844 363.5068359375 364.579223632812 -3.4e+38 366.259704589844 368.483795166016 -3.4e+38 371.091949462891 371.783813476562 373.106719970703 374.573822021484 374.536193847656 375.652709960938 377.5859375 378.387542724609 379.344329833984 380.794403076172 382.729736328125 383.184692382812 384.512817382812 385.22607421875 386.485229492188 386.787933349609 387.416046142578 388.469909667969 389.863220214844 -3.4e+38 391.404541015625 -3.4e+38 393.678955078125 -3.4e+38 -3.4e+38 -3.4e+38 -3.4e+38 -3.4e+38 -3.4e+38 -3.4e+38 -3.4e+38 -3.4e+38 -3.4e+38
347.519470214844 348.566864013672 350.461059570312 353.136627197266 -3.4e+38 -3.4e+38 356.469116210938 359.913146972656 360.799743652344 361.583984375 363.388885498047 363.813110351562 -3.4e+38 366.212219238281 368.244689941406 370.334228515625 371.8466796875 372.989593505859 374.534118652344 375.680267333984 375.469696044922 376.600341796875 378.21826171875 378.646606445312 379.879913330078 381.191223144531 382.220397949219 384.36865234375 384.442840576172 385.331207275391 387.615570068359 387.996063232422 388.925354003906 389.423187255859 389.739776611328 390.468414306641 391.375366210938 392.888610839844 -3.4e+38 -3.4e+38 -3.4e+38 -3.4e+38 -3.4e+38 -3.4e+38 -3.4e+38 -3.4e+38 -3.4e+38 -3.4e+38 -3.4e+38
347.640228271484 348.897033691406 350.794769287109 352.318725585938 -3.4e+38 -3.4e+38 356.964538574219 359.083648681641 360.252777099609 361.638000488281 363.019927978516 363.895599365234 364.391021728516 365.897796630859 369.234222412109 370.410705566406 372.182403564453 373.255401611328 374.325531005859 374.869934082031 -3.4e+38 376.982269287109 377.792297363281 378.459381103516 381.123168945312 381.717895507812 -3.4e+38 384.601867675781 385.708404541016 386.474670410156 387.4541015625 387.840209960938 388.813903808594 389.4111328125 389.787628173828 390.698120117188 -3.4e+38 -3.4e+38 -3.4e+38 -3.4e+38 -3.4e+38 -3.4e+38 -3.4e+38 -3.4e+38 -3.4e+38 -3.4e+38 -3.4e+38 -3.4e+38 -3.4e+38
347.516174316406 348.77490234375 351.459625244141 351.711456298828 -3.4e+38 355.639953613281 357.658142089844 358.458343505859 360.087036132812 361.584228515625 363.795471191406 363.804168701172 364.7109375 366.227844238281 369.951080322266 370.426788330078 371.812103271484 373.261810302734 373.869323730469 -3.4e+38 -3.4e+38 377.714172363281 377.582366943359 379.581390380859 381.527984619141 382.605865478516 383.746398925781 384.252197265625 386.015563964844 387.588104248047 388.240631103516 388.618255615234 389.526184082031 390.084381103516 390.767272949219 391.110137939453 -3.4e+38 -3.4e+38 -3.4e+38 -3.4e+38 -3.4e+38 397.015625 397.519378662109 -3.4e+38 -3.4e+38 -3.4e+38 -3.4e+38 -3.4e+38 -3.4e+38
347.161651611328 349.6259765625 351.475708007812 352.572052001953 354.033630371094 355.662353515625 357.537261962891 358.481262207031 359.936614990234 361.227233886719 364.111114501953 364.178863525391 365.352691650391 367.06396484375 369.815002441406 370.262481689453 371.417694091797 373.092651367188 373.438934326172 373.977661132812 375.998291015625 377.903533935547 378.739501953125 380.047729492188 381.106750488281 382.302764892578 384.968170166016 385.329681396484 386.279205322266 387.674133300781 388.656463623047 389.315124511719 389.877777099609 390.565490722656 390.8359375 390.094451904297 -3.4e+38 -3.4e+38 -3.4e+38 -3.4e+38 -3.4e+38 -3.4e+38 397.462585449219 398.71533203125 -3.4e+38 -3.4e+38 -3.4e+38 -3.4e+38 -3.4e+38
348.447540283203 349.888763427734 351.078735351562 353.275726318359 354.061645507812 355.713653564453 357.142333984375 358.398132324219 360.358001708984 362.381317138672 363.723449707031 364.247314453125 365.831787109375 367.17919921875 369.384918212891 369.883178710938 371.498992919922 373.419982910156 373.764862060547 374.336639404297 376.465606689453 377.596954345703 379.200378417969 379.669006347656 381.030914306641 381.579193115234 385.575805664062 385.848419189453 386.307647705078 387.612274169922 388.245025634766 389.169281005859 389.860687255859 390.190338134766 389.632354736328 389.753021240234 -3.4e+38 -3.4e+38 -3.4e+38 -3.4e+38 -3.4e+38 -3.4e+38 397.309875488281 398.532775878906 -3.4e+38 -3.4e+38 -3.4e+38 -3.4e+38 -3.4e+38
348.933837890625 349.497985839844 351.150024414062 353.093872070312 353.663421630859 355.556732177734 356.726196289062 358.034912109375 360.386322021484 362.455139160156 363.296173095703 363.845397949219 365.662475585938 366.816650390625 369.073120117188 370.633728027344 372.049957275391 373.442810058594 373.845581054688 374.725463867188 376.081512451172 377.565887451172 378.751098632812 379.366607666016 381.482391357422 381.236663818359 385.183441162109 385.896606445312 386.506622314453 386.722991943359 388.138702392578 388.758117675781 389.569274902344 389.261322021484 388.775787353516 389.780029296875 390.676788330078 -3.4e+38 -3.4e+38 -3.4e+38 -3.4e+38 -3.4e+38 -3.4e+38 398.329040527344 399.477172851562 -3.4e+38 -3.4e+38 -3.4e+38 -3.4e+38
348.517333984375 349.094665527344 350.990020751953 352.700775146484 353.705444335938 355.165832519531 356.839172363281 358.801483154297 360.830657958984 362.195465087891 362.904632568359 363.855407714844 365.272552490234 366.914764404297 369.441467285156 371.362426757812 372.405700683594 373.052307128906 373.906494140625 374.918060302734 375.670440673828 377.471160888672 379.115966796875 380.035797119141 381.538269042969 381.490478515625 384.694702148438 385.249206542969 385.823699951172 386.69482421875 388.731353759766 389.2158203125 388.529846191406 387.911102294922 388.686126708984 389.306945800781 390.580413818359 393.556365966797 394.316528320312 394.503753662109 -3.4e+38 -3.4e+38 -3.4e+38 -3.4e+38 399.281829833984 -3.4e+38 -3.4e+38 -3.4e+38 -3.4e+38
348.116058349609 349.145568847656 350.566467285156 352.753356933594 353.538848876953 354.807800292969 357.432281494141 359.052673339844 360.876007080078 361.629425048828 362.934020996094 363.744506835938 365.622711181641 367.464172363281 369.865112304688 371.153991699219 371.858184814453 373.056671142578 373.744415283203 374.699890136719 375.314453125 377.793579101562 379.63623046875 380.610168457031 381.142150878906 381.566955566406 384.181793212891 384.719055175781 386.463500976562 387.491485595703 389.183258056641 389.341217041016 387.714324951172 387.011352539062 388.459899902344 389.230651855469 392.065795898438 394.79345703125 395.179870605469 395.270324707031 395.758819580078 -3.4e+38 -3.4e+38 -3.4e+38 398.790252685547 399.413726806641 -3.4e+38 -3.4e+38 -3.4e+38
348.173065185547 348.976531982422 350.201202392578 353.374938964844 354.320343017578 355.577270507812 357.374389648438 358.178039550781 360.049621582031 361.421234130859 362.815521240234 364.079406738281 366.063385009766 367.472625732422 369.671905517578 370.772644042969 372.010559082031 372.857299804688 373.3798828125 375.108856201172 376.361755371094 377.714050292969 378.996368408203 380.004119873047 380.914398193359 382.587249755859 383.53662109375 385.436279296875 386.953460693359 387.466430664062 388.952606201172 388.988830566406 387.925628662109 387.051422119141 388.973419189453 390.916290283203 393.945495605469 394.690704345703 394.411590576172 395.041290283203 395.566558837891 395.949737548828 -3.4e+38 -3.4e+38 -3.4e+38 399.52978515625 -3.4e+38 -3.4e+38 -3.4e+38
348.788208007812 349.759155273438 351.021026611328 353.41259765625 355.020141601562 355.802429199219 356.982299804688 358.371246337891 359.860473632812 361.994689941406 363.102203369141 364.065612792969 365.869781494141 367.049407958984 369.687255859375 371.131988525391 372.7958984375 373.148742675781 373.693969726562 375.593841552734 376.791473388672 377.269409179688 378.802642822266 380.416351318359 381.169219970703 382.746673583984 384.008514404297 385.970336914062 386.546447753906 387.214965820312 387.491912841797 387.338165283203 387.375427246094 387.859649658203 389.062164306641 391.42578125 394.591156005859 394.880950927734 394.86474609375 395.680328369141 395.978973388672 396.249114990234 -3.4e+38 -3.4e+38 -3.4e+38 399.412872314453 400.602630615234 -3.4e+38 -3.4e+38
