rcp4.5models/MPi_ESM_LR/sc1gr10.32
NCOLS 261 
NROWS 433 
XLLCORNER 336357.134 
YLLCORNER 654653.479 
CELLSIZE 1000 
NODATA_value -3.4e+38 
[rows 264 to 285 of 433, columns 196 to 244 of 261]
470.066009521484 473.854339599609 476.748931884766 481.876739501953 483.540344238281 485.996032714844 488.722137451172 499.365875244141 502.595642089844 508.127624511719 513.128112792969 515.804626464844 518.093872070312 530.276184082031 551.289978027344 555.968383789062 555.393493652344 553.689025878906 548.201538085938 550.518859863281 554.533325195312 562.191711425781 577.22412109375 590.751220703125 584.626708984375 574.909545898438 579.194519042969 583.030090332031 582.66748046875 584.649963378906 604.068969726562 604.7841796875 -3.4e+38 -3.4e+38 605.882385253906 608.192993164062 611.68359375 615.136291503906 618.7783203125 621.493041992188 625.791748046875 632.744445800781 635.180114746094 637.95556640625 640.238647460938 643.550415039062 646.762084960938 650.181945800781 653.058166503906
468.715759277344 473.603485107422 479.017547607422 481.984466552734 484.037994384766 485.668304443359 489.942413330078 501.100463867188 504.205017089844 509.710327148438 515.516418457031 518.119201660156 519.16552734375 529.439636230469 546.361694335938 552.203308105469 545.827453613281 547.023254394531 549.43701171875 551.565124511719 556.683349609375 563.229797363281 574.166748046875 581.424072265625 581.388488769531 574.64794921875 578.412719726562 580.209899902344 582.704345703125 585.819702148438 593.3388671875 597.176086425781 601.103942871094 604.606018066406 607.475830078125 610.978088378906 613.659362792969 616.850036621094 621.467041015625 624.015380859375 627.058898925781 633.545532226562 636.0400390625 638.349365234375 641.090026855469 644.307739257812 648.142211914062 651.581237792969 654.310363769531
466.385467529297 470.754119873047 475.479705810547 479.013885498047 481.819885253906 485.462249755859 491.335510253906 507.309295654297 516.640930175781 517.07861328125 516.684692382812 518.607604980469 521.247802734375 529.159729003906 538.46484375 543.833923339844 548.491088867188 546.908569335938 551.44287109375 557.270812988281 564.403198242188 569.856811523438 565.974243164062 570.079711914062 575.216674804688 579.759765625 583.147094726562 590.833251953125 589.715759277344 591.912048339844 596.934387207031 602.031005859375 606.068298339844 609.22021484375 611.613830566406 615.254211425781 617.101318359375 619.845947265625 623.262573242188 626.518859863281 629.679260253906 633.498168945312 636.708740234375 639.93359375 643.664978027344 646.931945800781 651.66357421875 655.229431152344 658.483459472656
466.553131103516 469.734924316406 474.020965576172 478.257873535156 482.236267089844 486.568908691406 492.762939453125 507.765319824219 518.78466796875 519.497680664062 516.6640625 519.187927246094 523.328979492188 534.901977539062 549.702819824219 553.726989746094 555.61572265625 547.051940917969 565.470336914062 570.47119140625 576.14599609375 578.095153808594 568.985778808594 577.977661132812 583.481506347656 580.684448242188 583.330932617188 590.587951660156 594.072448730469 595.512878417969 600.29150390625 606.471557617188 609.625549316406 611.575500488281 613.067504882812 615.901245117188 617.689453125 620.148376464844 622.738159179688 625.881530761719 628.795776367188 634.544677734375 637.909973144531 642.092041015625 645.575378417969 648.465881347656 653.92578125 657.390014648438 659.91064453125
466.805389404297 470.434539794922 475.113952636719 479.472717285156 483.451019287109 487.261779785156 494.766143798828 512.079284667969 519.021362304688 518.964721679688 517.299194335938 520.018188476562 524.228332519531 535.562377929688 553.678344726562 558.756286621094 556.527770996094 546.199401855469 577.733520507812 582.188354492188 583.738098144531 579.659729003906 572.242248535156 579.765686035156 585.072082519531 582.273864746094 584.161682128906 591.138977050781 596.209289550781 598.11279296875 604.173461914062 609.977966308594 612.649658203125 613.06103515625 613.641784667969 616.35009765625 619.596923828125 621.80224609375 623.172607421875 625.831359863281 629.083740234375 636.607116699219 640.386901855469 643.421569824219 646.445434570312 649.644897460938 654.072448730469 658.276123046875 659.913146972656
467.675842285156 472.550201416016 476.717407226562 480.118255615234 483.76904296875 488.209381103516 497.076995849609 516.980285644531 520.975036621094 520.342529296875 518.98974609375 521.965759277344 525.055358886719 530.958374023438 543.721740722656 551.577575683594 550.183227539062 547.184143066406 578.544921875 583.974670410156 586.991088867188 584.236145019531 575.580017089844 576.985107421875 582.346496582031 584.268493652344 587.400939941406 593.099243164062 598.765197753906 601.263732910156 610.791320800781 618.113708496094 617.3486328125 612.834289550781 613.791198730469 616.269104003906 619.95703125 622.183959960938 624.017883300781 626.768798828125 630.12939453125 638.697875976562 642.974914550781 645.614440917969 648.053527832031 651.465454101562 654.565856933594 659.057495117188 660.328918457031
468.018402099609 473.412322998047 477.131561279297 480.090667724609 483.801971435547 489.179229736328 495.848205566406 517.090576171875 522.996459960938 523.179626464844 519.759765625 522.811462402344 525.615905761719 529.397521972656 536.395751953125 543.77392578125 546.140930175781 549.255187988281 578.414184570312 584.832153320312 589.775573730469 591.80615234375 585.865417480469 578.82666015625 584.821350097656 590.848266601562 595.044372558594 594.575134277344 598.875549316406 603.825561523438 625.535827636719 625.383728027344 614.191955566406 611.909790039062 613.615173339844 616.111022949219 619.352966308594 621.790771484375 624.92333984375 627.812194824219 631.183288574219 639.617431640625 644.123840332031 648.219421386719 650.277282714844 652.843566894531 656.407958984375 659.387145996094 660.586303710938
468.152648925781 473.438232421875 477.427001953125 480.360504150391 484.031799316406 490.572570800781 496.668762207031 512.713562011719 523.413513183594 524.899169921875 520.702819824219 522.987060546875 525.7158203125 530.683288574219 538.067993164062 542.643920898438 546.404724121094 551.715637207031 579.821228027344 585.274047851562 590.133911132812 594.603698730469 596.566955566406 592.781616210938 594.710388183594 597.747192382812 598.753051757812 594.005798339844 597.465454101562 602.957214355469 616.529968261719 614.139282226562 608.783813476562 611.247741699219 613.652221679688 616.522766113281 619.563903808594 622.718078613281 625.933837890625 629.361694335938 633.038696289062 641.047668457031 645.794677734375 649.570861816406 651.948181152344 653.189147949219 657.091613769531 659.904296875 661.329345703125
468.928070068359 473.932006835938 479.092956542969 480.708709716797 485.177368164062 492.892669677734 504.472778320312 513.2939453125 518.451965332031 523.20849609375 525.733703613281 524.362670898438 526.726440429688 531.576782226562 539.193786621094 543.077514648438 547.935241699219 558.666381835938 578.39404296875 586.216857910156 589.922424316406 594.891235351562 600.279663085938 601.384887695312 595.801818847656 598.174011230469 593.511901855469 592.991271972656 596.894775390625 600.071228027344 603.384582519531 605.727905273438 608.562072753906 611.393188476562 614.337280273438 617.481994628906 620.942199707031 623.681213378906 627.477783203125 631.257934570312 635.022216796875 644.032043457031 648.397644042969 650.354248046875 652.190063476562 654.8662109375 656.791748046875 -3.4e+38 662.049926757812
469.582763671875 473.761444091797 477.778442382812 480.960174560547 489.123962402344 498.884063720703 508.447814941406 518.461242675781 517.117370605469 522.186828613281 526.353149414062 525.417602539062 527.917114257812 532.2763671875 539.597900390625 546.010437011719 549.884887695312 558.371276855469 574.970764160156 585.618225097656 586.710144042969 590.325256347656 588.662353515625 590.324768066406 588.540893554688 593.421203613281 590.664978027344 593.085693359375 596.212707519531 598.589782714844 607.089172363281 609.468872070312 610.023742675781 612.349060058594 615.694519042969 620.139831542969 623.409240722656 625.619567871094 630.129577636719 633.095581054688 636.962219238281 646.270446777344 649.332641601562 650.720336914062 652.6796875 656.182373046875 657.555969238281 660.392639160156 663.039428710938
469.157897949219 472.39990234375 476.133361816406 482.880310058594 493.162384033203 503.975708007812 508.655426025391 520.864135742188 521.203552246094 522.985778808594 523.989196777344 525.884643554688 528.894653320312 533.160949707031 540.245849609375 548.462158203125 551.257019042969 554.529968261719 576.370788574219 586.5634765625 589.373718261719 593.349487304688 592.784118652344 597.0078125 601.408752441406 605.963073730469 606.048828125 599.777526855469 598.052307128906 602.418395996094 609.689758300781 611.065795898438 611.04931640625 613.790771484375 617.131591796875 622.39208984375 624.697814941406 627.038696289062 631.355102539062 635.253845214844 639.9150390625 647.296508789062 650.153625488281 651.829528808594 654.273315429688 657.546508789062 659.723999023438 662.025573730469 664.987182617188
468.316314697266 471.42919921875 476.387084960938 483.224243164062 491.034851074219 500.305480957031 509.221435546875 522.451538085938 524.037231445312 526.010314941406 525.176879882812 527.569946289062 530.164123535156 534.646423339844 540.910705566406 548.503051757812 552.971008300781 555.703857421875 575.669372558594 588.357482910156 593.043334960938 598.397888183594 603.667846679688 608.778198242188 613.741088867188 618.547607421875 620.556457519531 618.07763671875 616.674438476562 615.107849121094 608.856628417969 609.812927246094 611.588500976562 615.140197753906 619.420654296875 623.699951171875 626.5595703125 628.939025878906 631.931335449219 637.349487304688 642.838684082031 648.419921875 651.351989746094 654.842834472656 657.084533691406 659.325439453125 660.198120117188 662.737487792969 666.07568359375
468.227294921875 471.583587646484 476.576751708984 481.794647216797 487.781433105469 496.661071777344 509.637237548828 522.391662597656 523.14453125 525.262268066406 527.122131347656 528.367614746094 531.893249511719 538.052917480469 541.782470703125 549.372924804688 556.724304199219 557.544311523438 571.464599609375 582.384094238281 588.551086425781 591.254028320312 599.355712890625 610.445922851562 614.891296386719 618.767700195312 623.652160644531 628.766052246094 626.134582519531 612.787353515625 608.384948730469 610.737548828125 614.412048339844 617.071166992188 621.877990722656 625.6044921875 628.828430175781 630.676086425781 634.0693359375 639.933044433594 645.184265136719 648.92724609375 652.875366210938 657.803161621094 659.6357421875 659.865478515625 659.795593261719 662.751892089844 665.385131835938
467.903045654297 472.130584716797 477.224884033203 481.752655029297 487.632843017578 496.721099853516 509.15869140625 516.917297363281 518.699340820312 521.403564453125 526.079711914062 528.334899902344 533.924987792969 542.235412597656 543.196411132812 549.492126464844 557.774047851562 560.189208984375 570.74072265625 575.826232910156 582.390502929688 588.429992675781 601.521484375 612.159545898438 613.906799316406 615.342956542969 624.717529296875 628.273498535156 627.934997558594 618.935607910156 608.701477050781 612.795654296875 617.887451171875 620.316162109375 623.451721191406 627.396667480469 629.844421386719 632.394592285156 637.354736328125 642.492553710938 646.436096191406 650.283447265625 654.186096191406 657.412963867188 658.974060058594 659.470703125 660.422302246094 662.866088867188 665.336181640625
468.437316894531 474.685638427734 479.210083007812 484.37939453125 489.538879394531 496.921630859375 509.750549316406 512.913330078125 516.9375 521.095336914062 524.975036621094 529.583557128906 538.015625 547.342651367188 551.7373046875 553.664978027344 559.829162597656 562.665100097656 575.523254394531 582.586975097656 580.292419433594 589.463745117188 598.962219238281 605.342163085938 611.858093261719 605.792724609375 626.879638671875 629.295349121094 620.927490234375 606.337219238281 615.99365234375 618.83984375 622.123596191406 623.665344238281 623.500549316406 625.168090820312 -3.4e+38 634.59912109375 638.902160644531 639.884521484375 642.043518066406 649.322875976562 652.032653808594 654.850341796875 656.978393554688 659.131469726562 661.51611328125 664.738525390625 668.12939453125
469.451202392578 476.181304931641 479.038726806641 485.742767333984 492.037139892578 495.917602539062 506.752655029297 516.373413085938 517.754943847656 521.603454589844 525.257629394531 531.487121582031 542.881164550781 553.888305664062 557.278625488281 555.6240234375 558.873901367188 562.426635742188 578.727783203125 590.430053710938 585.502746582031 585.852233886719 591.003540039062 594.196166992188 603.119995117188 -3.4e+38 629.369323730469 625.84423828125 608.709350585938 607.466857910156 618.453918457031 622.244934082031 623.047424316406 623.822021484375 624.399047851562 626.417053222656 627.811889648438 632.95263671875 638.109313964844 640.19921875 641.442993164062 648.424926757812 652.251098632812 653.980651855469 656.79931640625 660.277770996094 663.087341308594 666.291809082031 668.786499023438
469.501556396484 476.121887207031 479.362060546875 485.464477539062 493.228271484375 497.468170166016 504.326110839844 520.130554199219 521.379577636719 522.399047851562 526.324523925781 532.893859863281 544.400756835938 555.396301269531 558.640502929688 560.353393554688 557.498474121094 561.397644042969 577.698974609375 591.260009765625 594.230712890625 587.136779785156 588.269226074219 -3.4e+38 594.808898925781 -3.4e+38 630.392150878906 623.847961425781 604.743957519531 609.0712890625 619.793762207031 623.092163085938 623.348022460938 624.132080078125 625.111877441406 627.00537109375 629.091857910156 632.698303222656 637.160705566406 640.315124511719 640.80322265625 647.991882324219 653.384643554688 655.784301757812 657.289428710938 660.952758789062 664.181518554688 667.035400390625 669.8681640625
469.604095458984 475.285400390625 481.543243408203 488.446990966797 491.941436767578 499.393524169922 506.109558105469 521.268981933594 525.650573730469 526.306823730469 528.828918457031 538.814514160156 546.663879394531 553.344543457031 560.041015625 562.992248535156 556.761657714844 561.208435058594 579.350158691406 594.828796386719 598.6845703125 590.329711914062 591.486877441406 592.890930175781 -3.4e+38 -3.4e+38 615.614196777344 613.313598632812 607.785888671875 611.706176757812 620.597595214844 620.751953125 622.185729980469 622.731994628906 -3.4e+38 626.203674316406 629.472412109375 -3.4e+38 635.709167480469 639.359191894531 640.663024902344 648.098571777344 652.237060546875 655.847290039062 657.924133300781 660.939575195312 664.446044921875 667.621765136719 670.940246582031
470.046264648438 477.279510498047 486.607055664062 492.720153808594 492.960266113281 498.155914306641 505.462982177734 520.94873046875 525.217224121094 526.894409179688 533.408874511719 543.133850097656 548.452697753906 551.244812011719 555.289306640625 562.263549804688 564.355529785156 561.253112792969 580.732849121094 597.83740234375 598.952209472656 600.453308105469 596.127258300781 593.36328125 -3.4e+38 -3.4e+38 603.46875 606.225769042969 609.933837890625 612.185852050781 620.982482910156 621.604614257812 622.962524414062 623.810974121094 -3.4e+38 628.580139160156 631.237182617188 -3.4e+38 -3.4e+38 638.306518554688 -3.4e+38 648.45849609375 651.216369628906 654.857421875 658.269958496094 661.569396972656 665.234008789062 668.266296386719 671.665954589844
470.332977294922 479.223785400391 487.283966064453 492.878326416016 495.725830078125 497.93212890625 504.698791503906 520.733520507812 524.078430175781 525.585021972656 536.851928710938 542.797729492188 548.135620117188 552.510192871094 555.568725585938 559.249267578125 564.88916015625 561.589111328125 577.345031738281 592.374938964844 603.405639648438 610.479187011719 605.734130859375 594.33544921875 595.879089355469 598.341979980469 603.845703125 607.825256347656 608.767822265625 610.329467773438 620.613830566406 622.367736816406 625.150146484375 625.846618652344 627.86376953125 632.975524902344 634.073364257812 633.415832519531 634.977966308594 638.103759765625 641.554565429688 648.564392089844 651.792358398438 655.306884765625 658.769775390625 662.272644042969 666.027954101562 669.171569824219 672.640869140625
470.885498046875 479.64208984375 486.939575195312 493.335021972656 496.430786132812 499.349090576172 505.972045898438 520.227844238281 524.432434082031 526.950805664062 537.867980957031 542.940002441406 549.553955078125 554.221801757812 560.91943359375 558.004150390625 561.226989746094 562.049682617188 575.890747070312 591.072265625 608.37255859375 610.68212890625 604.755981445312 595.026000976562 596.323974609375 598.109375 604.819396972656 608.927124023438 609.255859375 609.330383300781 620.435668945312 620.201110839844 624.0673828125 626.152465820312 628.696228027344 633.439025878906 635.912902832031 632.924438476562 635.468322753906 638.611633300781 641.663940429688 649.154174804688 652.530883789062 655.759521484375 659.69140625 663.119567871094 666.682983398438 670.223388671875 673.836059570312
470.745239257812 478.362518310547 487.160614013672 493.908843994141 495.185699462891 499.773406982422 506.086975097656 519.905151367188 525.009948730469 529.715270996094 538.062377929688 542.334289550781 549.155944824219 554.177551269531 555.896118164062 557.319396972656 561.372497558594 561.711303710938 575.121887207031 592.760681152344 606.399780273438 597.853637695312 594.210510253906 592.91748046875 595.398742675781 598.008361816406 603.660522460938 609.5400390625 610.321960449219 609.683776855469 618.7724609375 621.240173339844 622.165710449219 625.00830078125 627.674987792969 631.114624023438 635.077331542969 633.256591796875 636.137817382812 639.049255371094 642.732360839844 650.672973632812 653.834777832031 656.482971191406 660.615112304688 663.927062988281 667.081909179688 671.066955566406 -3.4e+38
