rcp4.5models/MPi_ESM_LR/sc1gr8.29
NCOLS 261 
NROWS 433 
XLLCORNER 336357.134 
YLLCORNER 654653.479 
CELLSIZE 1000 
NODATA_value -3.4e+38 
[rows 220 to 241 of 433, columns 98 to 146 of 261]
123.944358825684 124.297897338867 124.403999328613 123.967185974121 124.188110351562 123.795387268066 124.083419799805 124.301567077637 123.714477539062 122.709983825684 123.054718017578 123.905059814453 122.023414611816 122.527923583984 122.61506652832 123.525085449219 123.789688110352 122.907287597656 121.592666625977 122.08943939209 123.099006652832 124.190689086914 125.021133422852 125.55347442627 126.958343505859 127.828636169434 128.632781982422 129.915649414062 131.460662841797 131.233551025391 133.964660644531 132.225128173828 138.49235534668 142.238739013672 142.731170654297 141.835357666016 144.917922973633 151.901657104492 154.331283569336 158.793670654297 165.304443359375 170.033386230469 170.635025024414 169.508895874023 180.112228393555 199.131652832031 204.79069519043 212.623565673828 240.663940429688
126.293571472168 126.65747833252 126.746284484863 126.546104431152 127.049125671387 127.240348815918 127.213745117188 126.592697143555 125.523468017578 125.399726867676 125.852348327637 125.712997436523 125.045257568359 125.04630279541 125.270362854004 125.804763793945 125.887107849121 125.466987609863 123.888710021973 123.627182006836 125.450965881348 126.662292480469 127.404754638672 128.276153564453 130.167678833008 130.201766967773 131.657333374023 131.814956665039 132.556365966797 137.054794311523 146.280532836914 136.561721801758 141.175704956055 144.128646850586 145.360885620117 146.226898193359 146.391296386719 153.653686523438 157.460830688477 163.841552734375 170.392944335938 173.036727905273 176.90771484375 172.520370483398 184.972930908203 204.656127929688 211.470657348633 219.188415527344 241.903579711914
129.195220947266 129.568328857422 129.591659545898 129.97395324707 130.290405273438 130.088409423828 130.005859375 129.120513916016 128.571136474609 129.00456237793 128.814025878906 128.514999389648 128.868728637695 128.548751831055 128.047164916992 128.461502075195 128.054840087891 127.311729431152 126.318916320801 126.397476196289 127.846839904785 129.038925170898 130.267150878906 131.550338745117 132.59309387207 132.486892700195 134.352584838867 134.282928466797 134.084762573242 141.011672973633 150.244049072266 140.280090332031 144.495376586914 146.758728027344 148.245239257812 150.040222167969 151.05827331543 156.327133178711 160.739990234375 166.899841308594 171.956283569336 181.023239135742 184.223754882812 180.124725341797 184.074768066406 203.201141357422 217.870361328125 224.789596557617 245.496658325195
133.349395751953 133.575729370117 133.254852294922 133.351943969727 133.056549072266 133.337905883789 133.60546875 132.240432739258 132.006072998047 132.2724609375 131.711578369141 131.302764892578 131.287734985352 130.978530883789 130.31999206543 130.923156738281 130.603881835938 130.206588745117 129.441040039062 132.591903686523 137.608184814453 130.797088623047 132.668350219727 134.039978027344 135.110763549805 135.195999145508 137.219940185547 137.501861572266 136.641342163086 141.631546020508 148.406478881836 143.611404418945 147.235656738281 150.014297485352 151.930114746094 153.307968139648 154.359619140625 159.638748168945 166.091018676758 173.902557373047 179.652404785156 190.20361328125 189.879592895508 191.191635131836 188.617568969727 201.104827880859 223.777648925781 231.319625854492 250.044235229492
135.845794677734 136.087295532227 136.270141601562 135.775894165039 136.192260742188 137.131607055664 136.572235107422 135.704925537109 135.213989257812 135.106979370117 135.183837890625 134.359725952148 134.06298828125 133.760787963867 133.42431640625 -3.4e+38 133.52473449707 133.624969482422 133.122268676758 -3.4e+38 139.367691040039 134.205307006836 135.689056396484 135.898391723633 137.044509887695 136.970443725586 139.619857788086 140.422760009766 140.083160400391 142.335998535156 146.949829101562 146.129364013672 147.510162353516 151.694641113281 154.009201049805 154.824066162109 157.198974609375 163.872833251953 173.57551574707 183.969329833984 188.564270019531 194.485382080078 196.694473266602 201.063232421875 204.106460571289 211.846008300781 228.714248657227 236.054061889648 251.347686767578
138.418609619141 138.436920166016 138.782028198242 138.739273071289 139.889617919922 140.678344726562 139.214874267578 139.331314086914 138.955459594727 139.243957519531 140.061096191406 138.221038818359 137.940536499023 137.306259155273 137.188720703125 -3.4e+38 137.355331420898 136.966415405273 136.304901123047 135.777587890625 136.431716918945 137.823211669922 138.504150390625 138.244903564453 138.471206665039 138.515243530273 141.705123901367 143.105667114258 145.171279907227 146.119201660156 147.674057006836 148.400177001953 148.897415161133 153.182342529297 159.326873779297 165.017913818359 161.189895629883 166.841323852539 176.136154174805 185.732238769531 184.39860534668 194.059020996094 200.789138793945 201.508560180664 216.478622436523 223.12467956543 232.085983276367 239.951141357422 252.650985717773
142.093200683594 141.900863647461 141.98908996582 142.490539550781 143.055816650391 143.189270019531 143.113098144531 142.815139770508 141.849380493164 142.35986328125 142.85334777832 140.668563842773 140.39924621582 139.856018066406 139.554901123047 139.548385620117 139.975280761719 139.635864257812 139.022018432617 139.268325805664 139.583709716797 -3.4e+38 141.586929321289 141.592971801758 141.018493652344 140.555953979492 143.849060058594 145.889221191406 148.857238769531 150.009918212891 150.988021850586 153.197052001953 158.261947631836 162.900329589844 175.378829956055 184.40055847168 169.567489624023 175.034454345703 180.214477539062 182.836837768555 180.263061523438 192.566741943359 203.819686889648 207.580856323242 221.932342529297 227.182708740234 234.170639038086 242.66748046875 254.583877563477
145.787139892578 145.780212402344 146.082870483398 146.261764526367 146.732925415039 146.705322265625 146.84700012207 146.401519775391 145.062255859375 145.402542114258 145.029403686523 143.475112915039 143.376541137695 143.295959472656 142.389724731445 142.031494140625 142.03108215332 142.595489501953 142.114059448242 142.291809082031 143.267623901367 143.68928527832 143.877212524414 144.542541503906 145.117263793945 144.387161254883 146.999221801758 149.484588623047 151.821319580078 152.48225402832 153.544662475586 159.305877685547 175.467208862305 190.091598510742 200.005218505859 188.781524658203 171.733871459961 182.061599731445 183.031951904297 182.346801757812 182.37385559082 189.307037353516 202.903137207031 219.007339477539 224.785461425781 230.093627929688 235.575790405273 244.135665893555 255.892242431641
149.500335693359 149.63362121582 150.262344360352 150.411010742188 150.622787475586 -3.4e+38 -3.4e+38 150.151000976562 148.716430664062 149.110290527344 148.653549194336 147.788269042969 147.433578491211 147.319061279297 146.368530273438 145.742889404297 145.352935791016 146.439422607422 145.983581542969 145.504806518555 145.551406860352 145.707992553711 146.687835693359 147.357086181641 148.075988769531 148.086074829102 149.80419921875 152.334274291992 154.67204284668 155.934921264648 156.815032958984 162.386077880859 185.723846435547 211.970947265625 202.673049926758 175.894943237305 170.807998657227 182.195938110352 183.127883911133 184.336074829102 188.098495483398 192.86784362793 199.956298828125 215.961547851562 226.414779663086 233.079818725586 238.733108520508 245.917526245117 256.055328369141
153.400939941406 154.082641601562 154.874526977539 154.65022277832 154.40168762207 153.743530273438 154.573013305664 153.880676269531 152.872299194336 153.129089355469 152.385116577148 151.628326416016 151.193420410156 150.889175415039 149.586029052734 148.983139038086 149.012298583984 149.339172363281 149.053833007812 148.385406494141 147.285186767578 147.723495483398 149.623123168945 150.758895874023 150.635391235352 149.922698974609 152.748458862305 156.554748535156 157.578353881836 159.374038696289 160.746337890625 164.558990478516 188.355056762695 213.654098510742 191.756652832031 171.953048706055 175.043685913086 184.182601928711 190.402755737305 195.469619750977 200.783050537109 205.986053466797 209.978332519531 217.74951171875 228.324584960938 234.34880065918 241.139694213867 246.135696411133 255.996505737305
157.634613037109 158.189971923828 158.827438354492 158.850967407227 158.233428955078 157.25471496582 157.990188598633 158.084732055664 157.011001586914 157.139633178711 156.538452148438 155.280227661133 155.981414794922 157.963409423828 153.04801940918 152.052978515625 151.762405395508 152.497955322266 152.219650268555 151.553802490234 150.617904663086 151.161911010742 152.322204589844 153.228897094727 -3.4e+38 160.405136108398 169.575775146484 166.577682495117 160.471405029297 162.081649780273 162.838592529297 173.199005126953 202.378372192383 209.951797485352 182.843551635742 176.854232788086 180.223114013672 187.988510131836 199.500686645508 205.827331542969 209.739471435547 213.261138916016 219.813507080078 225.849624633789 229.518127441406 234.970016479492 242.585205078125 246.644683837891 255.783813476562
166.106338500977 166.58235168457 167.119064331055 167.167953491211 166.890090942383 166.393768310547 166.301315307617 165.72428894043 165.909973144531 165.274917602539 165.391220092773 164.648681640625 165.482696533203 174.914642333984 170.900299072266 160.045364379883 158.596084594727 158.161972045898 157.995452880859 160.499038696289 163.993057250977 157.393188476562 157.417709350586 159.70085144043 168.052291870117 177.972229003906 193.751220703125 167.324340820312 165.318893432617 166.896545410156 171.861572265625 192.503494262695 215.959381103516 199.214233398438 181.459121704102 187.110549926758 190.665679931641 192.692443847656 202.225296020508 212.249389648438 217.83479309082 222.591842651367 227.967163085938 232.717041015625 235.827224731445 240.413070678711 244.745330810547 249.241729736328 256.019500732422
170.703521728516 170.941680908203 171.496246337891 171.379898071289 171.230529785156 171.614837646484 171.541229248047 170.649826049805 170.092590332031 170.052017211914 169.552749633789 168.30224609375 168.106750488281 171.080780029297 176.207015991211 163.826019287109 163.293869018555 166.102828979492 170.152969360352 169.908203125 173.429214477539 164.122650146484 163.409439086914 165.976455688477 179.028915405273 186.740783691406 175.55778503418 167.768310546875 168.880416870117 170.329086303711 172.760940551758 190.252105712891 212.927825927734 193.140213012695 186.324432373047 190.527572631836 193.43147277832 197.439178466797 203.425903320312 212.250564575195 219.63037109375 224.278762817383 228.416687011719 233.716613769531 235.281524658203 239.38639831543 245.581253051758 249.861572265625 256.297241210938
175.443450927734 175.531661987305 175.749938964844 175.983673095703 175.649459838867 175.846572875977 175.774841308594 175.424194335938 174.70133972168 174.825317382812 174.823013305664 173.269882202148 172.472778320312 171.136077880859 175.476425170898 167.588623046875 168.937698364258 177.285507202148 186.475402832031 184.145111083984 184.097274780273 177.266571044922 173.473236083984 176.643280029297 186.980377197266 195.918350219727 174.441879272461 172.336654663086 173.88427734375 176.189956665039 176.755950927734 190.46745300293 205.519882202148 188.520431518555 190.752487182617 194.038391113281 197.313690185547 200.17301940918 -3.4e+38 213.297332763672 220.832534790039 224.955261230469 229.055587768555 233.943374633789 235.257019042969 238.540084838867 246.218536376953 250.826522827148 256.442474365234
179.673645019531 179.831344604492 180.165832519531 181.29328918457 181.710845947266 181.440719604492 181.029022216797 180.222351074219 180.005111694336 179.898818969727 179.73600769043 178.421569824219 179.474243164062 182.647720336914 183.929702758789 172.221618652344 176.744186401367 188.998992919922 194.137680053711 193.249252319336 192.628616333008 191.336120605469 187.619781494141 187.298446655273 196.12043762207 203.547302246094 178.418060302734 178.093109130859 181.995101928711 182.044784545898 180.103302001953 190.667343139648 200.906585693359 188.164031982422 194.332656860352 198.83317565918 200.416046142578 202.926834106445 -3.4e+38 217.011962890625 224.224456787109 227.912673950195 231.731582641602 235.107406616211 237.852691650391 241.816757202148 247.440643310547 250.953002929688 257.129211425781
184.422714233398 185.450408935547 186.069564819336 186.715347290039 187.058166503906 186.819519042969 186.877197265625 185.913177490234 185.111785888672 184.681488037109 183.939041137695 183.445983886719 185.503967285156 198.241241455078 187.886657714844 178.634704589844 183.654998779297 196.892639160156 196.798187255859 197.260604858398 197.879928588867 198.608215332031 196.053009033203 191.769241333008 198.19026184082 205.80924987793 182.241744995117 181.227935791016 185.348770141602 184.455184936523 184.856475830078 198.434020996094 209.458633422852 192.773376464844 199.160110473633 203.084503173828 202.801971435547 206.440582275391 210.998580932617 219.644119262695 227.925552368164 231.202911376953 234.072570800781 236.830688476562 239.544067382812 243.570236206055 248.039093017578 251.428695678711 257.644561767578
190.200103759766 191.060287475586 191.708312988281 191.758438110352 191.689880371094 191.715927124023 192.102096557617 191.814056396484 190.848022460938 189.560363769531 189.000717163086 188.991516113281 188.532669067383 195.842864990234 185.969680786133 182.742889404297 187.738586425781 200.794006347656 199.952255249023 199.501007080078 200.914672851562 202.075744628906 199.095291137695 198.831726074219 205.079833984375 216.441329956055 187.131149291992 185.218490600586 191.684860229492 196.59977722168 188.489654541016 197.132965087891 204.552642822266 197.671630859375 203.875106811523 207.282806396484 208.004516601562 213.080032348633 220.207870483398 224.273391723633 227.935958862305 228.43212890625 233.359786987305 237.3017578125 239.515930175781 243.35237121582 248.477645874023 252.001342773438 257.886871337891
195.774642944336 195.910095214844 196.578033447266 197.774490356445 197.815536499023 197.584518432617 197.072906494141 196.911911010742 196.452682495117 195.675140380859 194.718902587891 194.395156860352 192.893249511719 192.258926391602 188.403701782227 186.514846801758 190.135482788086 202.041046142578 204.680068969727 203.230651855469 203.565246582031 204.890579223633 200.282699584961 203.369827270508 210.611694335938 217.304260253906 189.549942016602 188.143539428711 198.865036010742 210.78630065918 191.908630371094 194.367874145508 197.516403198242 201.616882324219 207.967514038086 211.718444824219 213.928466796875 219.509902954102 226.982269287109 -3.4e+38 -3.4e+38 225.305282592773 230.08576965332 235.399398803711 239.737380981445 245.206100463867 249.620590209961 252.970443725586 257.997955322266
201.437194824219 202.451187133789 202.564865112305 203.53044128418 203.774627685547 203.953140258789 203.418960571289 203.098876953125 202.61262512207 201.837905883789 201.077713012695 200.11376953125 198.757232666016 198.021697998047 194.267837524414 192.186508178711 194.107788085938 202.758148193359 206.787322998047 209.549774169922 208.517807006836 206.8681640625 202.819595336914 204.790863037109 208.978698730469 205.367523193359 188.550003051758 189.388244628906 201.011367797852 218.495986938477 203.800201416016 198.77375793457 202.902389526367 206.161636352539 210.405624389648 213.017944335938 218.701034545898 223.754516601562 228.528030395508 -3.4e+38 226.414794921875 227.837493896484 231.061721801758 235.64469909668 240.514862060547 247.313140869141 251.050415039062 254.031372070312 258.335021972656
207.859100341797 209.221496582031 210.142074584961 210.130981445312 210.357330322266 210.707824707031 210.385894775391 209.474914550781 208.891799926758 207.964797973633 206.914352416992 206.014602661133 204.822570800781 203.230484008789 199.35481262207 197.995498657227 198.162368774414 199.694915771484 204.448547363281 214.831649780273 213.40869140625 210.524948120117 210.6728515625 211.699752807617 210.697830200195 201.628814697266 -3.4e+38 -3.4e+38 -3.4e+38 216.208389282227 212.855926513672 203.646911621094 207.867050170898 212.303314208984 214.263336181641 214.318023681641 220.350845336914 227.853469848633 231.376495361328 -3.4e+38 232.172058105469 233.927856445312 236.76188659668 240.536117553711 244.209060668945 248.834503173828 252.586761474609 255.142807006836 259.902618408203
214.628433227539 215.353805541992 216.740341186523 216.336380004883 216.463134765625 216.581298828125 216.129531860352 215.182495117188 215.027282714844 213.857543945312 212.837585449219 212.21598815918 211.066711425781 209.30158996582 204.845001220703 203.772415161133 202.397552490234 203.086380004883 211.471801757812 220.722274780273 218.734405517578 217.535537719727 219.977005004883 220.083404541016 216.317932128906 210.661102294922 193.379837036133 196.300903320312 -3.4e+38 208.162200927734 212.200729370117 208.870681762695 211.30158996582 216.096252441406 217.844497680664 218.001739501953 222.806488037109 229.279418945312 232.963912963867 236.573852539062 237.447998046875 240.967437744141 245.814102172852 243.915176391602 -3.4e+38 250.718978881836 254.443130493164 256.981628417969 260.885620117188
220.874130249023 221.556381225586 223.033157348633 222.870407104492 222.972320556641 222.768264770508 222.660614013672 222.135025024414 221.44775390625 220.300048828125 219.768737792969 219.138824462891 217.627944946289 216.785430908203 212.78303527832 209.998229980469 210.326950073242 217.191436767578 223.559356689453 228.516662597656 228.039642333984 228.927597045898 225.854217529297 226.034561157227 224.377822875977 222.432403564453 199.804580688477 -3.4e+38 204.248046875 208.524490356445 212.930694580078 214.630630493164 215.779876708984 218.533294677734 221.188171386719 222.463623046875 226.039047241211 230.471557617188 234.455703735352 239.050216674805 240.465026855469 244.064331054688 250.813583374023 246.454345703125 249.903625488281 253.125228881836 256.205474853516 258.528991699219 261.974243164062
