rcp4.5models/MPi_ESM_LR/sc1gr3.4
NCOLS 261 
NROWS 433 
XLLCORNER 336357.134 
YLLCORNER 654653.479 
CELLSIZE 1000 
NODATA_value -9999 
[rows 330 to 351 of 433, columns 100 to 149 of 261]
215.078161254553 211.643526625311 210.55733605241 214.788445198693 207.206623154785 186.176243212394 171.707024123224 173.319728458708 174.8727779655 175.753334576356 178.422606917491 179.999195059745 -9999 -9999 189.078959371332 184.756416552563 190.190481274131 200.092840393659 -9999 -9999 198.179218901666 190.147583086135 186.259071400265 184.874724017578 175.350012283234 163.016757192766 162.21031966107 172.569404942126 174.926837190507 172.331761170633 170.43635761577 170.369778874635 173.081231943251 174.798568471987 173.613737387732 175.324707936378 177.226279162395 175.624206143145 170.192813343933 162.437682511203 154.062582216371 148.214373744788 148.086238681212 153.541418124376 155.103587826431 154.171162220532 169.560714290081 179.080480731687 184.106960688243 186.570826135275
218.437211898451 206.969577973041 198.955788570671 204.910078350711 207.850920492614 192.741468956889 175.554600798921 167.604829602521 164.823298625876 165.63422680134 170.66550981145 171.969410643628 196.886243853371 -9999 197.326348158638 194.316645711092 192.315340743906 190.543979033249 190.530092107383 196.426707724022 200.095553526888 198.454198771589 192.417483996458 186.415562126935 178.218426665691 168.933908806722 162.254697735932 160.26105986461 162.981692580235 165.787897154766 164.600096812685 167.014916657612 171.24762423758 173.169531465609 171.454871848996 170.363698216396 170.280481336041 171.423377199502 171.258114690239 164.86501475021 157.909383957658 149.454121903289 143.158807442835 146.162160491147 150.730451991269 151.340151059668 170.676409325112 177.207743634837 183.270464807517 185.823802923152
233.502843677995 213.890647649909 200.779053046133 198.831946009373 199.965628599651 194.26508762138 181.575748310473 165.770782637448 160.379843559819 164.185666766216 173.471862760414 181.02132559522 197.389141215071 201.665721052012 -9999 -9999 196.551947700459 189.928501640638 183.426954871991 186.701821961347 195.315257361786 201.314476362238 199.092757749311 191.247640794187 182.382933806449 176.88565891092 169.462392769763 157.839396006558 153.759512826655 160.317931448414 163.540462219468 166.746540782201 169.822691049346 172.794471676418 172.501815892583 169.328104853878 165.466214655449 163.087029361096 162.837305950137 159.047036062088 153.614266622457 146.529925179543 140.416454442723 140.194382240415 144.950592545609 149.6987014274 166.212801751037 174.772672202814 180.53114149199 183.021444204686
240.000237243393 215.311056326102 208.799374272078 201.713072745469 195.270535938786 192.372166351834 183.030402505467 169.247878157978 167.431457001691 176.123090886308 185.709702335233 190.687341883307 -9999 -9999 -9999 -9999 196.017275003912 193.377946815616 187.472487131009 183.709244153226 186.901895400704 194.426656782572 197.792837865052 192.73450238286 184.539795505327 181.456860200231 175.836350081501 167.561688349229 159.46182814984 159.953141598404 166.34042293426 169.579068900639 169.932109254189 170.046352109353 170.37478307206 167.152071468594 162.091861960794 156.951123557183 152.956070715348 150.683706671712 147.80754699217 143.676262381223 140.495979631366 140.090741718952 143.570187097389 151.641337013835 161.622681976622 168.600411080949 168.485604840791 172.197590704337
238.676284063614 208.336849524971 201.701511211805 198.230103612074 192.95850108293 187.260639554738 177.900415755398 166.342450224572 165.518440282554 174.206677720656 180.746004167869 184.327774657556 190.557482609766 200.308679238137 -9999 -9999 196.885449204716 194.516357578473 190.521428669003 185.564106152353 183.880742642305 185.116736773147 188.649503449419 188.419653564865 186.147098876532 185.316894813703 182.530201218332 177.444560506677 170.909668037962 166.700370996988 169.34531721713 171.645287135895 170.354571351914 167.744600772923 167.580473409247 162.571698872547 155.937677998604 151.368547809395 145.857629028774 142.523873843798 144.288842393196 143.355680966226 141.402067130552 141.117591783722 142.654898727532 147.025910852 161.413299044072 166.744281249624 166.238624633306 169.124827479637
234.562253484439 219.666442771603 207.937881449425 203.378552414849 197.950566866271 183.516412587685 170.036311097177 160.445021645495 159.45729396474 165.174535201866 167.339049865001 171.372656094227 188.831422919873 199.613783867743 198.346672046006 197.136943943612 194.435440162074 190.320389500503 188.426399125643 186.72373494706 184.924812213461 181.601210380397 180.239444149538 180.901237708953 184.183586826658 185.230221616908 186.379051125293 185.011905197355 180.355964573023 174.327257680156 170.669092263663 168.461630650869 168.602380109064 167.324592888393 164.187023363602 158.36181865452 150.497530971043 144.227153746761 141.383518409613 139.876870888079 142.063381164666 142.520146423596 141.984001501876 141.773931777394 141.315781667305 141.684052316193 154.178167299424 161.794241491886 168.586266333731 173.900352164621
241.952886735794 244.571665847018 241.615233637916 233.164161443178 216.829681109395 202.570847613538 182.97314291672 165.503482924295 166.64257382542 168.625488359834 172.215701070956 176.225949569118 180.668948137766 180.766554475124 175.241819581436 163.527860507684 161.805081449724 172.485435546727 180.711512164566 183.569917166821 185.339659201271 184.186192301664 180.632637523708 173.880608891506 170.776763122661 175.932605322478 180.254627864318 183.55317120354 184.537662074849 182.75513996105 178.079122095267 170.258708948871 165.537645837424 163.113255389228 157.863560913538 147.288266104839 144.347266718188 139.82036405388 139.478494839068 141.684470764171 143.002864536809 143.125382669503 143.898254803036 143.917626800938 147.576297773492 152.799305133106 167.828460303467 160.8821250785 155.17570597419 159.630210387732
249.289195655024 249.88965318612 247.629349349398 240.779036878966 225.769686406947 212.405525588896 191.222357109849 169.851062746799 168.916670268414 167.744896851873 169.748317873633 172.629607760711 169.585585665591 167.687229342709 166.098008244994 160.998716651731 157.412510356891 166.990590634428 180.656579561266 183.484138072035 183.033721448607 182.749228707274 182.667870849523 176.703396638952 165.419740611037 169.005952819817 172.841686842377 177.496299575013 179.871605670117 179.414362422196 178.437653434946 174.758955175969 172.029652286007 169.486571062638 162.698695907203 147.673726296559 146.483464647625 144.371012443225 142.455624175679 143.250071840748 145.948919764684 151.475890017756 153.151093427902 152.373271938164 163.177253108102 172.691119330124 184.873665577303 179.274677463862 170.698574820462 167.12460868673
254.313342855546 254.756544331519 252.761914377738 247.213075890476 237.192507408404 222.032639542592 200.386648734978 186.91930554217 181.435779720952 173.323351176894 171.563185986913 171.847056103078 165.77048585749 160.118016117294 160.674648653804 159.910716149024 157.851334864171 165.986668852672 178.099943466178 179.586452959422 179.404710470068 179.608049898704 182.039175455669 178.502795554649 160.920686116535 159.53379905356 163.891565307415 170.401344455474 173.953207073009 174.344864014285 175.057836681046 174.105521807391 172.589599514407 170.695728631422 165.605492904351 151.019001781179 145.28669418299 143.984635709787 145.223938698557 145.805442832967 154.626624084814 167.443851419016 164.564949190981 166.04311885226 180.91593285385 190.004638170992 200.892800138141 199.183252966534 192.432277684099 183.850309739009
257.811603049012 257.843481307263 254.284838610506 251.059175409416 247.274740709766 234.941704745926 219.119609612458 209.4433557959 201.877666668897 194.899158454106 188.182588032989 185.630529024776 186.08632441868 172.776682502644 164.349305232868 163.166431892247 162.454541791031 163.169322080187 166.286107767035 167.809114828129 172.875084355618 177.07162900536 177.50212910416 174.859405720096 161.056095242979 155.112274321304 156.402412898988 162.099117651359 169.039426637496 173.16552366729 172.24768448338 170.724776292648 168.415359423359 165.612792996656 163.447263924733 155.726190972984 154.24276179487 154.474855807749 151.940181868662 157.697330853114 172.510207676714 179.548376647266 166.858737427156 167.002976051311 183.603360467842 194.37690466361 210.877970784914 208.236480029437 203.478986398104 198.843803424554
258.872634277147 258.603548470619 252.57269534209 249.58032892577 249.64189753972 243.338012751186 233.815764037652 226.715608224055 220.731056908873 212.632839970354 203.98842421945 203.26950210754 203.979037964004 189.797982879254 179.786222737814 180.979371280308 179.076342313816 174.277273472447 171.197380746505 172.801699442643 175.127260577211 177.777955400546 174.33785910849 170.423929666032 160.647693403142 156.184695084142 156.172564135246 161.884630869509 172.563927019158 176.289207320233 172.595775611995 170.290599437692 169.676326460997 170.174280634445 170.189159908763 169.636768729705 175.266328779672 172.79450975786 161.5514462659 171.423918768762 187.656801289708 179.625216511168 163.895150182841 165.908822525081 184.291413719427 194.988146127536 215.158994770836 216.534721952015 211.044648312202 206.651113858615
258.620289998517 260.2607730535 254.928587714425 251.204784527601 250.332063240162 245.630992039101 239.670074759239 236.37754148218 231.01083379659 221.964874306288 215.42134495437 213.374601851761 209.206907593563 198.965860862693 195.066395136531 199.234230642173 198.293044626151 195.632503751487 194.18452289667 191.314415882886 186.041897657029 183.166699676784 176.587781902829 170.267494065616 163.246871998671 168.851808883099 171.480061345731 168.60528499597 177.878509144791 184.838589772989 181.987215165006 179.189973153697 181.678836496841 184.856040099435 186.784198921141 191.110057194021 193.288177526065 184.480831242136 176.263297522592 186.460737953555 193.515852113739 177.793349979103 171.446100906423 183.402471465798 196.120129386184 205.188816902789 216.34214968354 218.20174908929 214.892521971044 213.129346157476
258.252386036931 261.339316883622 257.728131020896 252.737157409158 248.967651071575 245.478094085114 242.447740580808 239.751378375033 235.04618745761 229.071132720633 223.707386337486 219.605459571693 213.298500201689 205.268740346537 202.172924684678 205.231317325131 206.725319097106 208.670629635605 209.835340978916 206.473301783925 202.03554291199 195.965152572839 186.995404346724 180.792834859919 178.548678977427 187.187555745293 189.321466521909 182.542922227162 187.635710394537 195.758044742721 195.954677538006 192.800240938572 192.45532881784 193.990749100702 198.146731194734 205.529974186002 205.359465858255 197.220446720557 195.804511382767 201.939055772556 197.201667819471 189.005899360496 192.706020851761 200.371575599539 206.533754852196 215.531813968909 223.593610678468 223.90016055747 222.820043824371 222.686931268867
254.728576868409 260.086372114436 257.071387551851 251.392392186458 244.374437109466 241.552636116927 239.478819019422 237.514383184601 235.275587393626 231.882517651848 226.343231133635 221.430267263525 216.16746238819 211.040335663197 207.78669315549 206.0647142538 203.589560031738 207.172174108135 214.738945516883 217.949328342552 217.167005923199 211.613296550001 204.117036532946 199.686468093901 194.974922466249 199.100226862492 203.664410099252 204.160627074061 203.627411901288 204.64073406937 204.398982410796 199.897862849118 195.562097665549 194.146253023869 196.690550309421 208.375469529362 213.623057095181 212.565369364346 211.987517936948 211.051585078087 206.155945240013 206.278382028705 210.462378515014 212.215793210838 216.416832201018 223.131643311501 230.620732065063 232.888549867697 230.293774447827 229.260639865494
247.866605908168 259.721682837853 256.75780870491 249.042423181753 241.537513997036 239.275542167043 237.467374572652 234.138676532499 233.955779767815 234.571976727757 230.672604486742 226.698319442893 223.605723831675 218.915685009388 212.770448272457 207.883038116579 203.925062494373 203.323220129567 208.389309579424 213.672686637822 219.302098026657 222.003838016306 219.064847705668 214.80238216582 204.841140512983 209.230088147424 214.793300963366 217.608525631549 216.079431528968 215.296070317907 215.720212020508 211.07432139455 204.874290683801 202.793508596574 198.039864419819 200.928537658551 213.46516964686 220.893927870772 221.779823886405 219.696989340267 218.929823813751 219.635081968995 220.904999210461 223.261733743909 225.17496745487 228.956802602573 233.10094142316 235.985071628001 232.453487770173 229.98661121976
246.375723594846 260.063068800338 255.004290653401 248.155838672013 244.414792496031 242.319615276977 241.214857838484 239.838451239281 241.494822865062 242.112028249612 238.924122620334 237.720374342802 233.951877742519 226.031886955916 218.78799995377 216.139689826894 214.278078231613 210.328245824027 205.885049144629 205.419571123388 210.55197855336 216.194852599609 222.48245323144 224.540937457393 218.464018070455 221.238059037427 222.747049482774 224.666886523813 226.128557240962 226.970143562807 227.552603919137 225.053853298403 219.780141772042 216.364820280113 209.339596489551 202.492790719977 214.312415497681 224.497769925904 227.028960724029 226.147038233596 226.569807605174 226.830701263566 227.35956195577 228.716149098694 229.896508491366 233.111920007036 237.695904076784 239.1637692729 238.361786286327 236.23788080155
253.058271264542 260.716377967928 256.841663042363 252.865409776008 250.874300472157 250.01678186432 249.62931080813 249.858720844191 251.97035340453 251.925162277254 249.321572828701 249.032900479915 243.467149425388 236.055804278054 231.396747902186 229.81810426382 226.488421652098 221.924960153082 217.199850204054 212.728759473515 210.573738349922 213.487450331162 222.43242268132 227.769573409924 228.851924048653 229.418253169079 229.637903261907 230.088373337283 230.901430232142 230.803068657252 228.93377455009 229.311220377965 230.065624584289 226.30428350171 223.538202391728 219.426959665319 223.19172700411 228.975985450916 -9999 229.181512958467 228.698250231562 229.095448310089 229.324370309111 232.081242835462 234.787059487098 236.397188488812 236.654530632861 238.87029339595 241.245280057994 243.534963813773
257.401039124108 257.771096387913 257.760681068006 256.96853345642 256.103698992144 256.384277405745 256.352045749776 256.382046631894 255.997035824024 254.912454549199 251.936818559421 247.982338412396 249.066029063839 246.318342238017 241.221993210057 236.444421693678 232.23277797476 228.829187085902 226.206787697533 220.642311485562 216.083798700056 217.959379201411 224.238399060662 228.296552050993 231.203889710139 231.582495117441 231.807083739133 231.980136797648 231.484109115949 229.951292640908 226.783778409677 226.795182114361 229.879382239758 229.97250262272 231.058257705798 231.846789248309 231.843090552811 233.267165928651 231.673064543402 230.72415639031 230.883950854629 231.149704843615 229.795326402545 232.438366425487 235.362714211303 234.858940326562 232.89364361311 236.772363463674 238.130219384248 239.652463348767
257.811227492066 245.220335090982 250.243724811573 253.808278346118 253.844553237367 253.953921538843 255.516071714678 254.912693257953 251.227007528051 246.185370528143 239.550548117163 234.017274578358 239.345086310884 242.479517027121 240.746027992417 239.018698139317 238.735594117719 236.256892937221 228.014263355157 220.988171389603 212.546007557932 208.3006427035 213.525476840059 218.842279526511 222.782014729847 226.673721653424 230.165267067901 231.798599751477 232.71160810863 231.914423545315 231.286851818582 230.649059844722 229.619358460954 228.914562754017 229.703162823185 232.93515814527 233.071594945675 234.278985411465 -9999 -9999 235.71908323063 235.417601689477 234.400294430886 232.803988536754 233.286291116086 234.537561918605 231.635737504748 233.046425581409 236.334374741051 235.661309712508
260.529870258006 247.834992304006 253.555461055897 256.639580135158 253.533212388883 251.115635039494 253.015229485518 253.635362236404 251.81271637233 247.974943457399 238.184708804445 232.785041773372 234.957144530734 235.225082542194 234.296427214987 232.870846498154 231.112247554721 229.772205289238 225.534354917009 220.729035738405 214.138895082585 208.984042399234 209.099255420057 210.412678830292 213.925960512391 219.504655886629 225.877534799222 230.256619510219 231.74791068911 231.926183101181 231.984897820404 231.266049853296 230.788026786325 230.088814420923 229.040863472476 231.830061837326 231.127496661995 230.492532755408 232.509866947437 -9999 236.449707013413 236.913461702639 237.267046637366 236.241530426414 236.560522924609 238.888306301721 235.8953127811 237.219122761889 242.673576934005 243.687605174123
262.982016598423 255.345927272997 256.569919371934 257.945040481294 255.706196236747 254.464085909898 255.222358389822 254.23506617291 252.606624093146 250.032533263914 244.088327297277 238.85834103531 227.735066824303 226.670314356699 228.719548958131 224.350653930075 218.8631017519 215.83865739398 212.495351517138 210.386250226916 210.584220265807 209.568360750674 205.80571741394 204.837383429854 212.053107796382 215.206470570349 221.767133856161 228.856051971049 230.378490660464 231.188456672576 232.175274725822 231.720942782742 231.820877625391 230.231580283831 228.270198270366 230.780140815009 229.530310887241 229.220221007854 231.792174062954 233.842236941288 -9999 236.363440042521 235.592943755355 234.222053994104 234.794410962941 238.26571543077 242.78560684655 242.860193768888 245.157814951181 247.258428879069
261.998539091149 259.482038253571 255.642071282642 252.442153408221 252.662965499929 255.074956273884 256.139751733064 256.164859391188 254.085950697116 251.250596414417 250.593880614711 248.970917772367 232.247014097144 226.648065550515 227.750106947746 223.42891763868 218.646004575583 216.131407385801 208.553689505668 201.250165253013 198.275201921544 196.808345319578 193.66738734713 191.804904022084 205.580163424672 211.425411679069 219.355675393118 227.48761879628 230.742854922679 230.927574933067 231.352134017787 231.758757797421 232.603600164511 231.10568460138 229.933595983324 230.747907208162 228.833883233292 229.536850384661 231.641738028918 232.21151763499 -9999 -9999 -9999 229.681729874626 231.567884679379 236.129569303239 242.054337867235 245.051662755747 244.622149218545 247.34436287138
