rcp4.5models/MPi_ESM_LR/sc1gr9.22
NCOLS 261 
NROWS 433 
XLLCORNER 336357.134 
YLLCORNER 654653.479 
CELLSIZE 1000 
NODATA_value -3.4e+38 
[rows 198 to 219 of 433, columns 49 to 97 of 261]
387.359497070312 387.119232177734 387.274627685547 387.565704345703 387.750152587891 386.540374755859 386.366851806641 386.391571044922 385.993835449219 386.681701660156 387.219299316406 386.546051025391 387.124725341797 387.532989501953 387.797332763672 387.420959472656 387.787261962891 387.41357421875 388.098052978516 389.006500244141 388.466918945312 388.794891357422 388.857269287109 388.587707519531 389.282470703125 388.113952636719 388.396270751953 389.104583740234 388.960571289062 388.241241455078 387.581146240234 388.384582519531 389.601501464844 387.795440673828 384.554779052734 384.338806152344 383.012390136719 381.144470214844 380.669555664062 380.473114013672 379.39208984375 377.156646728516 376.208801269531 375.367248535156 375.767395019531 375.23486328125 375.148590087891 373.214294433594 372.162963867188
390.303405761719 390.520751953125 391.414001464844 391.123046875 389.896392822266 390.157043457031 390.099395751953 388.785614013672 390.015930175781 390.467895507812 391.491546630859 390.843780517578 390.001525878906 389.915069580078 389.330383300781 389.253326416016 389.607666015625 389.218353271484 389.426696777344 390.260986328125 389.668334960938 390.314086914062 390.196533203125 389.825714111328 390.388793945312 391.153533935547 391.906066894531 390.869171142578 390.609619140625 389.104034423828 389.360198974609 390.205444335938 390.335205078125 389.932006835938 388.240905761719 386.522766113281 384.306823730469 382.701477050781 382.781097412109 383.425720214844 382.080535888672 378.443084716797 377.848388671875 376.90771484375 376.252990722656 376.545654296875 376.934539794922 375.478546142578 373.608642578125
392.812835693359 393.812622070312 394.294647216797 394.009429931641 393.088195800781 394.283569335938 394.418487548828 392.279754638672 392.930633544922 392.970336914062 392.838043212891 393.102142333984 393.654754638672 393.465576171875 392.67578125 392.833160400391 392.830444335938 392.160919189453 392.411682128906 391.677276611328 392.082244873047 392.330596923828 392.084747314453 392.882873535156 393.371704101562 394.391448974609 393.158752441406 391.689422607422 391.20068359375 391.888397216797 391.993194580078 391.209747314453 391.159484863281 390.050659179688 389.861297607422 388.568298339844 386.588470458984 385.509704589844 384.649566650391 385.084991455078 384.006744384766 380.989807128906 380.042327880859 378.118103027344 377.665588378906 378.061492919922 377.420654296875 377.067504882812 375.991363525391
396.268493652344 396.587371826172 397.046447753906 395.768493652344 395.977172851562 397.529296875 398.649688720703 395.017517089844 395.373352050781 396.03564453125 395.650177001953 396.164337158203 397.505249023438 397.086578369141 395.612976074219 395.515838623047 395.056427001953 395.522552490234 395.922241210938 394.209930419922 394.45654296875 393.988586425781 394.554718017578 395.865020751953 395.868591308594 395.510589599609 394.338470458984 393.072967529297 393.835815429688 395.211761474609 393.841064453125 392.911102294922 391.928680419922 390.861083984375 389.761322021484 389.569030761719 388.495483398438 387.369934082031 387.318511962891 386.96533203125 385.625915527344 383.697937011719 381.977081298828 380.356201171875 379.078796386719 379.411499023438 378.560180664062 377.153015136719 377.449768066406
400.065704345703 400.155609130859 400.009613037109 398.329803466797 398.91162109375 399.908630371094 401.605346679688 398.679412841797 398.716125488281 398.546997070312 398.794647216797 400.074981689453 401.603698730469 401.718566894531 401.192993164062 399.462646484375 399.569580078125 398.721069335938 398.764678955078 397.752288818359 396.489837646484 396.554016113281 397.621398925781 397.863708496094 397.262603759766 396.591491699219 395.573425292969 396.175415039062 396.638671875 396.477966308594 395.192443847656 393.426544189453 392.986663818359 391.628631591797 390.976593017578 390.843627929688 390.107147216797 389.587310791016 389.619049072266 388.501800537109 388.439819335938 385.400665283203 384.094085693359 382.086608886719 380.749694824219 379.811157226562 379.985565185547 379.494903564453 378.922546386719
402.752655029297 403.151428222656 403.400451660156 401.902526855469 402.912719726562 403.219635009766 404.102661132812 402.511047363281 402.538909912109 402.169281005859 401.933654785156 403.184509277344 404.751281738281 405.788330078125 405.852142333984 403.377746582031 402.577545166016 402.683746337891 401.275787353516 401.362030029297 399.538482666016 399.313140869141 398.895690917969 399.890899658203 -3.4e+38 399.916168212891 398.525573730469 399.818450927734 399.341644287109 396.357513427734 396.034729003906 394.726928710938 393.746337890625 392.676483154297 391.584564208984 391.752960205078 -3.4e+38 390.593719482422 390.393432617188 389.67919921875 389.745300292969 387.5576171875 385.494171142578 384.016571044922 382.699462890625 382.030456542969 381.834411621094 381.110290527344 380.643615722656
405.350982666016 405.465759277344 406.026245117188 404.598266601562 405.784606933594 406.294219970703 407.634979248047 405.285461425781 406.030334472656 406.545379638672 405.841430664062 406.258178710938 406.759185791016 407.07763671875 407.158416748047 406.187652587891 405.173095703125 405.848388671875 404.992218017578 405.426116943359 403.607177734375 403.013793945312 401.626434326172 402.921142578125 402.9208984375 402.690216064453 402.577301025391 402.585632324219 401.080596923828 397.154937744141 396.185882568359 396.233673095703 394.788513183594 393.434265136719 392.58642578125 392.392852783203 392.811187744141 391.496276855469 391.027496337891 391.567932128906 391.607818603516 389.463928222656 387.621459960938 385.562072753906 385.479583740234 384.906677246094 383.018707275391 382.3505859375 382.006225585938
406.312072753906 407.001647949219 407.265197753906 407.898254394531 407.982696533203 407.855529785156 407.572479248047 407.485778808594 406.863098144531 408.156555175781 408.806121826172 408.863220214844 407.908660888672 408.593109130859 408.930114746094 409.15966796875 407.839599609375 408.231994628906 407.930908203125 408.359924316406 406.782958984375 406.97314453125 405.897125244141 406.975280761719 406.497985839844 405.129364013672 404.984619140625 403.618377685547 402.484344482422 398.410491943359 397.856353759766 397.635833740234 396.279815673828 395.819580078125 394.834594726562 395.257293701172 395.690979003906 395.284545898438 393.274749755859 393.949768066406 394.331939697266 391.546813964844 389.396759033203 388.242919921875 388.280059814453 386.674133300781 384.816009521484 383.799682617188 383.586090087891
-3.4e+38 409.032318115234 409.183776855469 410.013702392578 410.245849609375 408.879425048828 408.825866699219 408.594665527344 409.040100097656 409.993988037109 410.312347412109 409.813659667969 409.648010253906 410.466644287109 410.056793212891 410.948333740234 410.262145996094 409.87451171875 408.447570800781 409.676055908203 410.244506835938 410.310424804688 409.489654541016 409.490783691406 408.121917724609 407.078155517578 405.712066650391 404.660522460938 403.297882080078 400.411560058594 400.663452148438 399.306762695312 398.374694824219 397.401763916016 397.352508544922 399.145568847656 399.154327392578 397.677734375 396.211517333984 395.298889160156 395.700744628906 394.614776611328 391.4443359375 390.412231445312 390.200805664062 389.436401367188 388.539825439453 385.986145019531 384.033233642578
410.098388671875 411.285278320312 410.990905761719 410.188903808594 411.159271240234 410.944732666016 411.891357421875 410.793395996094 412.002868652344 412.550109863281 412.800323486328 411.732147216797 413.013366699219 413.096588134766 412.294952392578 412.297882080078 411.424407958984 412.252227783203 410.884490966797 411.757659912109 412.609771728516 411.741729736328 412.086029052734 410.718017578125 409.676696777344 408.173156738281 406.749725341797 405.618286132812 405.184204101562 403.033752441406 402.652709960938 402.856903076172 402.458953857422 399.682830810547 399.73876953125 400.113189697266 400.655670166016 399.337249755859 397.859985351562 396.974548339844 397.358215332031 396.925384521484 395.019439697266 392.654876708984 -3.4e+38 392.298828125 393.315582275391 389.41943359375 386.451629638672
418.915161132812 418.435699462891 417.636627197266 418.588012695312 417.849182128906 417.441955566406 418.518096923828 421.114105224609 420.344482421875 419.969696044922 420.708068847656 420.421173095703 420.093078613281 420.347045898438 420.758636474609 420.388793945312 419.384552001953 417.691650390625 418.361938476562 -3.4e+38 -3.4e+38 416.614715576172 416.238922119141 414.563598632812 414.057067871094 412.900634765625 412.468994140625 412.508392333984 411.824981689453 410.820617675781 409.405487060547 409.224060058594 405.653594970703 404.307098388672 403.370697021484 403.056091308594 403.443664550781 401.619049072266 401.024658203125 401.124145507812 401.565399169922 399.360778808594 398.845733642578 397.53271484375 396.869781494141 396.662414550781 399.355377197266 403.441650390625 392.077789306641
422.361663818359 422.698760986328 423.450561523438 423.695404052734 423.024261474609 422.676666259766 423.116729736328 425.399108886719 426.111602783203 425.593414306641 424.777709960938 425.261993408203 425.152282714844 424.870727539062 425.079742431641 424.267425537109 424.324981689453 422.548919677734 420.642944335938 -3.4e+38 419.618011474609 -3.4e+38 418.651947021484 -3.4e+38 417.029052734375 416.612274169922 415.641418457031 416.022033691406 414.892242431641 413.459289550781 412.968994140625 412.229461669922 408.540252685547 406.763580322266 406.344207763672 405.309783935547 -3.4e+38 403.600402832031 403.555877685547 403.781890869141 402.632934570312 400.469146728516 400.633270263672 400.200592041016 400.029632568359 407.670013427734 -3.4e+38 400.562835693359 394.466033935547
425.306640625 426.332733154297 427.220947265625 428.098052978516 428.124694824219 427.667938232422 -3.4e+38 428.904876708984 431.276580810547 431.141937255859 430.542907714844 430.408111572266 430.789978027344 431.0302734375 428.907592773438 427.464813232422 427.590881347656 426.970153808594 425.223266601562 -3.4e+38 -3.4e+38 -3.4e+38 -3.4e+38 420.705383300781 420.015472412109 418.895843505859 418.595642089844 417.602355957031 416.539825439453 415.912261962891 415.766204833984 414.643707275391 412.177795410156 409.594573974609 408.400451660156 407.690460205078 406.589385986328 406.527587890625 406.300537109375 405.203704833984 404.551696777344 402.291748046875 402.589111328125 402.944519042969 401.766326904297 416.9287109375 441.029296875 399.035919189453 396.951324462891
428.516845703125 429.848510742188 431.995513916016 431.625366210938 433.150909423828 433.68994140625 434.392242431641 433.515350341797 434.142456054688 436.231414794922 435.906585693359 436.385406494141 436.609527587891 436.128387451172 433.110900878906 -3.4e+38 432.158782958984 432.571319580078 431.297271728516 429.932708740234 429.030517578125 427.672790527344 425.361663818359 423.561462402344 424.232788085938 423.927947998047 422.926177978516 421.715881347656 419.543029785156 418.130706787109 417.529327392578 416.676300048828 414.875823974609 413.287200927734 411.519134521484 410.856353759766 409.240509033203 409.235656738281 408.140502929688 408.066986083984 408.280609130859 405.713104248047 405.344543457031 404.047515869141 403.615692138672 -3.4e+38 431.737854003906 400.517272949219 398.808197021484
433.532989501953 435.156066894531 437.211029052734 437.594970703125 440.069030761719 440.911224365234 441.800109863281 438.516296386719 438.838348388672 440.541259765625 439.508178710938 441.001434326172 441.878723144531 440.145935058594 437.19384765625 436.910003662109 436.506652832031 437.374420166016 436.218353271484 434.699249267578 434.694854736328 432.351684570312 430.159454345703 428.144592285156 428.3017578125 428.619964599609 427.465270996094 426.584197998047 423.511566162109 421.226287841797 420.060821533203 419.994812011719 417.547515869141 415.472045898438 414.021606445312 412.9228515625 -3.4e+38 -3.4e+38 410.589965820312 410.586669921875 409.789581298828 409.040618896484 407.628631591797 406.721069335938 406.502319335938 410.128387451172 415.298858642578 401.891723632812 400.899719238281
440.569549560547 442.284820556641 444.218872070312 445.732238769531 447.858428955078 448.804168701172 449.398315429688 447.147583007812 445.803771972656 446.633758544922 445.676239013672 446.234893798828 446.5478515625 445.44970703125 443.085845947266 442.100494384766 440.333984375 440.867004394531 440.308624267578 440.743133544922 440.615844726562 437.420623779297 436.152740478516 433.526824951172 431.462799072266 432.016693115234 431.220855712891 430.478973388672 427.774658203125 425.347778320312 423.731170654297 423.667510986328 421.241394042969 418.305053710938 417.753845214844 415.561798095703 415.494934082031 414.319885253906 414.380004882812 413.937835693359 412.680267333984 412.672790527344 410.931457519531 410.995727539062 410.168212890625 408.011596679688 406.933776855469 404.362030029297 403.765808105469
449.328186035156 451.106079101562 455.7236328125 458.436584472656 458.04443359375 457.469329833984 457.622375488281 452.753326416016 451.090637207031 452.478271484375 452.851928710938 451.951782226562 452.13134765625 451.029724121094 450.554901123047 448.355865478516 446.023620605469 444.532318115234 444.864105224609 447.041961669922 446.344268798828 443.103118896484 441.286804199219 438.441284179688 435.436706542969 434.580810546875 434.332244873047 433.912719726562 432.72265625 429.455657958984 426.88134765625 425.688354492188 424.450897216797 422.251831054688 421.796203613281 419.078582763672 -3.4e+38 417.260192871094 416.875732421875 415.942016601562 415.634063720703 414.540740966797 413.885864257812 413.508880615234 411.659759521484 409.223785400391 408.180328369141 407.8046875 406.354858398438
460.330108642578 464.390075683594 466.854644775391 466.070434570312 464.496368408203 464.580108642578 463.070098876953 459.154296875 458.215026855469 459.108276367188 460.790313720703 461.586486816406 460.084838867188 457.863494873047 455.759338378906 452.923248291016 451.100860595703 449.111511230469 448.940246582031 450.072540283203 448.893646240234 448.0029296875 445.527587890625 443.283386230469 441.380981445312 439.163391113281 438.082916259766 437.801513671875 437.148132324219 433.609466552734 430.296905517578 428.197418212891 428.105529785156 425.753356933594 424.056396484375 423.033111572266 421.700927734375 420.660217285156 419.976867675781 418.388397216797 418.311218261719 416.638458251953 416.813140869141 415.274291992188 413.313690185547 -3.4e+38 411.913879394531 410.998809814453 408.625579833984
468.662567138672 470.170867919922 469.735076904297 469.917327880859 469.538757324219 470.672180175781 469.717132568359 467.964874267578 467.318267822266 466.115020751953 466.571411132812 467.703796386719 465.652923583984 462.355377197266 459.951293945312 459.120788574219 456.995574951172 454.788055419922 453.891693115234 453.133575439453 453.707641601562 454.224578857422 451.382110595703 449.084442138672 446.912292480469 444.068328857422 442.322113037109 441.796295166016 440.64892578125 437.842498779297 434.383758544922 432.079345703125 432.341979980469 430.066650390625 428.377105712891 427.331359863281 -3.4e+38 424.903442382812 424.216156005859 422.479125976562 422.630432128906 419.828430175781 418.741790771484 417.564025878906 416.501098632812 414.831146240234 414.575744628906 413.119537353516 412.302551269531
479.309814453125 479.398559570312 477.794311523438 478.255828857422 476.773345947266 478.210113525391 478.617645263672 477.547607421875 476.367248535156 474.061584472656 473.318481445312 474.180755615234 471.406311035156 468.569763183594 465.934417724609 465.073425292969 463.095947265625 461.194519042969 458.626190185547 457.283111572266 458.072052001953 456.727600097656 454.772918701172 454.523681640625 452.636749267578 448.653717041016 446.551605224609 446.584350585938 446.242034912109 441.824493408203 438.024871826172 436.313873291016 437.266204833984 436.412200927734 434.51123046875 433.591339111328 430.872131347656 429.135894775391 428.444610595703 426.947113037109 427.720642089844 424.606048583984 422.685485839844 421.302703857422 420.923065185547 418.65478515625 417.960052490234 416.086456298828 415.498809814453
488.342437744141 488.534698486328 486.722076416016 487.898193359375 487.653381347656 486.889678955078 487.127471923828 484.586120605469 484.344116210938 481.769134521484 479.483367919922 478.443267822266 476.373565673828 473.795684814453 471.531707763672 471.222961425781 469.024871826172 466.717651367188 462.228485107422 461.256439208984 461.191009521484 460.049530029297 460.211273193359 460.402679443359 458.664184570312 454.8330078125 452.263641357422 450.984466552734 450.901641845703 446.594329833984 443.57421875 440.297668457031 441.1103515625 441.052917480469 438.748474121094 438.17041015625 435.089202880859 433.357666015625 432.662261962891 431.089721679688 431.064971923828 429.732482910156 428.403839111328 426.230133056641 425.511383056641 422.426239013672 420.971649169922 419.833068847656 419.324371337891
496.368621826172 496.550079345703 494.750610351562 495.414031982422 494.148193359375 493.437103271484 493.216918945312 491.01806640625 490.012054443359 487.1572265625 484.549865722656 482.105194091797 480.383575439453 479.939056396484 478.3154296875 476.824066162109 474.225402832031 472.06640625 468.857849121094 467.244812011719 465.770751953125 463.820953369141 -3.4e+38 464.024047851562 462.892364501953 460.786712646484 459.538696289062 456.172515869141 455.223876953125 452.345916748047 449.281494140625 445.464569091797 444.81396484375 444.952728271484 442.841247558594 441.934875488281 440.354705810547 439.906555175781 438.962646484375 436.913665771484 436.069458007812 432.798034667969 432.227874755859 430.810272216797 429.713775634766 426.617706298828 425.027648925781 423.788208007812 439.578979492188
