rcp4.5models/MPi_ESM_LR/sc1gr10.19
NCOLS 261 
NROWS 433 
XLLCORNER 336357.134 
YLLCORNER 654653.479 
CELLSIZE 1000 
NODATA_value -3.4e+38 
[rows 352 to 373 of 433, columns 196 to 244 of 261]
1135.32189941406 1139.83801269531 1146.07702636719 1152.34191894531 1154.04516601562 1157.81945800781 1163.75280761719 1168.47143554688 1167.45153808594 1168.58032226562 1172.28491210938 1177.32653808594 1181.16650390625 1186.98583984375 1191.00793457031 1193.38854980469 1197.09521484375 1202.87719726562 1213.17944335938 1220.11657714844 1225.89074707031 1236.09582519531 1245.82702636719 1241.79296875 1247.89343261719 1252.73022460938 1257.87744140625 1263.8037109375 1272.42077636719 1276.22436523438 1281.79760742188 1285.91870117188 1292.65283203125 1298.80786132812 1305.58740234375 1313.76000976562 1319.4208984375 1322.95727539062 1331.84692382812 1336.54406738281 1338.47998046875 1347.13842773438 1350.72265625 -3.4e+38 -3.4e+38 -3.4e+38 -3.4e+38 1383.12487792969 1384.56701660156
1129.43273925781 1135.01062011719 1141.55541992188 1145.88537597656 1147.84106445312 1151.07250976562 1156.16784667969 1160.52526855469 1163.03833007812 1165.41821289062 1170.43518066406 1176.38647460938 1179.23425292969 1184.38513183594 1186.828125 1191.08483886719 1193.85107421875 1199.42065429688 1208.01428222656 1214.0185546875 1219.8115234375 1229.47509765625 1237.34594726562 1236.23425292969 1240.45861816406 1246.59118652344 1251.94262695312 1258.34252929688 1264.70031738281 1270.31115722656 1277.00561523438 1281.23571777344 1287.45703125 1292.80847167969 1301.2470703125 1309.58435058594 1313.46569824219 1317.73645019531 1324.62353515625 1331.482421875 -3.4e+38 -3.4e+38 -3.4e+38 -3.4e+38 -3.4e+38 -3.4e+38 -3.4e+38 1377.44165039062 1378.35852050781
1124.42443847656 1130.03332519531 1134.771484375 1137.83459472656 1141.33703613281 1144.07531738281 1152.60339355469 1160.80908203125 1162.95263671875 1166.87536621094 1169.35925292969 1173.6015625 1177.69689941406 1180.03186035156 1183.45324707031 1187.685546875 1191.41540527344 1195.60412597656 1203.13708496094 1208.40881347656 1215.19458007812 1223.38208007812 1227.80346679688 1230.37683105469 1234.93371582031 1242.29113769531 1248.15942382812 1251.98388671875 1257.29541015625 1263.49536132812 1273.74096679688 1277.224609375 1281.42431640625 1288.27160644531 1296.97827148438 1303.01831054688 1307.24047851562 1312.96398925781 1320.79077148438 -3.4e+38 -3.4e+38 -3.4e+38 -3.4e+38 -3.4e+38 -3.4e+38 -3.4e+38 -3.4e+38 -3.4e+38 1375.697265625
1119.63598632812 1125.42443847656 1129.99536132812 1132.56140136719 1135.06750488281 1139.47045898438 1148.81652832031 1160.53332519531 1163.37951660156 1164.71118164062 1166.70727539062 1169.40637207031 1175.66381835938 1177.96435546875 1181.01989746094 1184.224609375 1188.0791015625 1192.73742675781 1199.65893554688 1203.93969726562 1211.20849609375 1217.25256347656 1221.97033691406 1226.02429199219 1231.20202636719 1237.41467285156 1243.33142089844 1247.44152832031 1252.49267578125 1259.70715332031 1270.03015136719 1273.46936035156 1276.73095703125 1284.23266601562 1290.69384765625 1297.27624511719 1302.41394042969 1307.67370605469 -3.4e+38 -3.4e+38 -3.4e+38 -3.4e+38 -3.4e+38 -3.4e+38 -3.4e+38 -3.4e+38 -3.4e+38 -3.4e+38 -3.4e+38
1115.25048828125 1121.93139648438 1127.69189453125 1129.62841796875 1130.32067871094 1135.26940917969 1141.94177246094 1155.03881835938 1161.22705078125 1161.15124511719 1161.57421875 1164.32861328125 1171.90344238281 1177.80871582031 1178.78381347656 1181.14990234375 1185.447265625 1192.78381347656 1198.56958007812 1201.30432128906 1206.06274414062 1211.35546875 1217.39916992188 1222.10375976562 1226.03186035156 1231.2568359375 1237.68151855469 1243.18151855469 1246.63073730469 1254.57202148438 1265.07653808594 1269.02783203125 1274.14428710938 1279.11682128906 1284.7080078125 1292.43676757812 -3.4e+38 -3.4e+38 -3.4e+38 -3.4e+38 -3.4e+38 -3.4e+38 -3.4e+38 -3.4e+38 -3.4e+38 -3.4e+38 -3.4e+38 -3.4e+38 -3.4e+38
1114.17492675781 1119.02087402344 1123.39172363281 1126.44982910156 1124.30004882812 1129.44689941406 1136.42150878906 1145.26403808594 1154.17211914062 1157.13854980469 1156.58239746094 1158.95056152344 1164.64001464844 1171.81494140625 1174.67456054688 1179.70129394531 1185.66137695312 1191.93090820312 1197.66687011719 1198.75561523438 1201.48229980469 1206.62561035156 1212.58020019531 1217.6826171875 1222.59802246094 1226.87048339844 1233.98254394531 1238.52209472656 1241.95422363281 1249.11389160156 1260.24572753906 1264.4814453125 1270.18054199219 1274.34606933594 1279.62060546875 1286.20581054688 -3.4e+38 -3.4e+38 -3.4e+38 -3.4e+38 -3.4e+38 -3.4e+38 -3.4e+38 -3.4e+38 -3.4e+38 -3.4e+38 -3.4e+38 -3.4e+38 -3.4e+38
1111.87817382812 1115.59265136719 1116.01403808594 1120.26916503906 1118.18713378906 1123.90307617188 1132.4384765625 1138.49304199219 1146.39990234375 1150.83154296875 1150.67651367188 1153.97583007812 1158.28210449219 1164.68041992188 1168.81469726562 1176.14782714844 1183.04077148438 1187.7841796875 1193.14282226562 1195.98693847656 1200.72912597656 1204.24243164062 1207.99475097656 1213.80798339844 1221.69799804688 1224.80065917969 1232.12048339844 1236.69006347656 1239.57507324219 1246.07592773438 1256.90112304688 1260.7001953125 1265.6455078125 1270.74438476562 1275.82470703125 -3.4e+38 -3.4e+38 -3.4e+38 -3.4e+38 -3.4e+38 -3.4e+38 -3.4e+38 -3.4e+38 -3.4e+38 -3.4e+38 -3.4e+38 -3.4e+38 -3.4e+38 -3.4e+38
1105.47106933594 1109.09069824219 1108.56640625 1113.67309570312 1114.02526855469 1118.419921875 1126.64807128906 1133.34509277344 1141.07006835938 1144.61242675781 1144.55249023438 1148.29626464844 1154.54626464844 1160.83508300781 1163.50231933594 1169.81237792969 1176.94226074219 1182.08361816406 1189.14685058594 1194.08325195312 1199.49304199219 1202.04675292969 1206.27478027344 1212.57141113281 1218.54174804688 1223.71533203125 1230.23596191406 1236.072265625 1238.72216796875 1245.07983398438 1253.39880371094 1258.58581542969 1263.46313476562 1266.88745117188 1271.00280761719 1277.33166503906 -3.4e+38 -3.4e+38 -3.4e+38 -3.4e+38 -3.4e+38 -3.4e+38 -3.4e+38 -3.4e+38 -3.4e+38 -3.4e+38 -3.4e+38 -3.4e+38 -3.4e+38
1093.48962402344 1104.25854492188 1107.66784667969 1104.990234375 1105.30249023438 1108.72717285156 1114.1181640625 1120.599609375 1127.39562988281 1135.46618652344 1137.02209472656 1139.6884765625 1146.29479980469 1153.55200195312 1155.86206054688 1159.84924316406 1166.60778808594 1174.86706542969 1188.06042480469 1189.10791015625 1192.86633300781 1198.46838378906 1210.74291992188 1221.20727539062 1218.56945800781 1222.29248046875 1227.24755859375 1231.50219726562 1233.85510253906 1238.17150878906 1249.626953125 1255.02258300781 1256.45361328125 1260.81005859375 1262.45776367188 1268.35791015625 -3.4e+38 -3.4e+38 -3.4e+38 -3.4e+38 -3.4e+38 -3.4e+38 -3.4e+38 -3.4e+38 -3.4e+38 -3.4e+38 -3.4e+38 -3.4e+38 -3.4e+38
1087.83166503906 1097.36743164062 1104.24108886719 1103.00805664062 1104.27966308594 1105.75341796875 1107.63452148438 1115.64379882812 1121.95812988281 1129.14208984375 1131.24926757812 1137.95715332031 1151.81030273438 1157.8740234375 1150.96899414062 1155.41625976562 1163.05407714844 1171.21875 1184.64270019531 1185.81884765625 1189.60668945312 1201.92749023438 1220.03283691406 1228.79602050781 1218.45349121094 1217.14099121094 1220.86291503906 1225.287109375 1228.15185546875 1234.78283691406 1247.03601074219 1251.62573242188 1253.57873535156 1256.00244140625 1260.04272460938 1264.86645507812 1269.13452148438 -3.4e+38 -3.4e+38 -3.4e+38 -3.4e+38 -3.4e+38 -3.4e+38 -3.4e+38 -3.4e+38 -3.4e+38 -3.4e+38 -3.4e+38 -3.4e+38
1080.83374023438 1087.66369628906 1094.38488769531 1097.55627441406 1102.15319824219 1102.90783691406 1103.17895507812 1111.75561523438 1116.73999023438 1123.01147460938 1126.06530761719 1132.63439941406 1148.48571777344 1161.6044921875 1145.11059570312 1150.283203125 1158.32666015625 1166.63134765625 1181.40417480469 1184.11828613281 1189.13720703125 1201.50305175781 1214.15185546875 1218.51489257812 1220.11791992188 1214.50769042969 1215.61633300781 1219.208984375 1223.56896972656 1230.88940429688 1242.09643554688 1247.9853515625 1249.99780273438 1253.16882324219 1258.77844238281 1261.15417480469 1265.38256835938 1272.35668945312 1275.34704589844 1281.29992675781 1285.63891601562 -3.4e+38 -3.4e+38 -3.4e+38 -3.4e+38 -3.4e+38 -3.4e+38 -3.4e+38 -3.4e+38
1075.72705078125 1082.384765625 1087.9345703125 1091.10766601562 1096.46667480469 1099.61157226562 1100.61022949219 1108.13745117188 1113.07434082031 1119.59130859375 1123.80773925781 1126.85302734375 1133.13793945312 1145.20227050781 1140.23059082031 1145.65185546875 1154.38366699219 1161.42797851562 1174.11877441406 1179.79406738281 1187.95104980469 1196.88940429688 1202.71704101562 1203.09680175781 1212.22143554688 1209.62585449219 1211.83764648438 1214.37121582031 1218.59069824219 1226.57897949219 1236.01745605469 1243.33972167969 1247.84997558594 1250.28295898438 1254.68835449219 1256.39526367188 1261.44250488281 1267.38977050781 1271.41687011719 1276.5 1281.79528808594 1291.89123535156 -3.4e+38 -3.4e+38 -3.4e+38 -3.4e+38 -3.4e+38 -3.4e+38 -3.4e+38
1071.08117675781 1078.44274902344 1082.66662597656 1084.48828125 1089.00695800781 1093.58239746094 1095.89245605469 1102.92980957031 1107.86669921875 1115.03662109375 1122.55480957031 1128.48681640625 1128.75756835938 1129.35534667969 1135.34594726562 1142.01879882812 1150.44995117188 1156.31274414062 1167.14880371094 1175.15710449219 1184.25842285156 1192.763671875 1196.46337890625 1197.11840820312 1201.45422363281 1203.3134765625 1205.93884277344 1210.52221679688 1213.66564941406 1221.32727050781 1230.82116699219 1236.97424316406 1242.85107421875 1246.73669433594 1249.91870117188 1252.67712402344 1257.47875976562 1261.49877929688 1267.8037109375 1272.88940429688 1277.99133300781 1288.03771972656 1292.90551757812 -3.4e+38 -3.4e+38 -3.4e+38 -3.4e+38 -3.4e+38 -3.4e+38
1066.13464355469 1073.4833984375 1077.74438476562 1079.50720214844 1083.55334472656 1087.48913574219 1091.29992675781 1098.00866699219 1102.94702148438 1109.78332519531 1116.31665039062 1123.25439453125 1123.91015625 1125.46789550781 1130.97521972656 1139.25537109375 1145.48522949219 1151.19677734375 1164.67639160156 1171.27099609375 1179.16662597656 1187.13989257812 1189.5947265625 1193.2421875 1196.51892089844 1199.77233886719 1202.6533203125 1207.14331054688 1210.8896484375 1215.5693359375 1225.55102539062 1231.62133789062 1235.82897949219 1242.73864746094 1244.95227050781 1248.89294433594 1253.51257324219 1256.6240234375 1263.98510742188 1269.07019042969 1274.14428710938 1284.21813964844 1289.35327148438 1294.82043457031 1302.00219726562 -3.4e+38 -3.4e+38 -3.4e+38 -3.4e+38
1062.18896484375 1068.53430175781 1073.39721679688 1077.23620605469 1080.97509765625 1083.79870605469 1087.494140625 1094.36755371094 1099.00964355469 1104.45239257812 1109.22521972656 1114.38342285156 1117.17944335938 1121.81945800781 1127.34790039062 1135.38854980469 1140.31860351562 1147.10852050781 1163.38732910156 1167.39172363281 1173.8779296875 1180.9609375 1184.767578125 1188.46997070312 1193.53918457031 1199.34729003906 1202.94018554688 1207.45043945312 1214.38146972656 1210.84594726562 1220.55883789062 1226.50866699219 1230.57397460938 1236.35473632812 1240.1640625 1244.91674804688 1248.49609375 1252.81811523438 1260.17724609375 1265.24890136719 1270.31323242188 1280.51477050781 1285.63464355469 1290.70812988281 1295.14135742188 -3.4e+38 -3.4e+38 -3.4e+38 -3.4e+38
1057.14672851562 1063.38305664062 1069.11828613281 1074.77648925781 1077.30334472656 1079.81115722656 1082.33679199219 1091.79748535156 1095.0869140625 1099.51037597656 1104.55603027344 1110.74365234375 1113.5283203125 1118.16772460938 1123.43298339844 1130.4404296875 1135.90124511719 1144.80224609375 1160.94067382812 1163.49816894531 1168.91003417969 1175.83117675781 1179.54565429688 1183.58471679688 1189.93640136719 1196.84106445312 1200.64184570312 1204.74841308594 1211.39819335938 1208.50317382812 1217.99780273438 1221.71228027344 1226.44128417969 1231.38720703125 1237.18920898438 1245.02026367188 1243.62170410156 1248.97094726562 1256.3515625 1261.56335449219 1266.42846679688 1276.59045410156 1280.22888183594 1285.17919921875 1289.10009765625 1294.2080078125 -3.4e+38 -3.4e+38 -3.4e+38
1052.67639160156 1057.70190429688 1065.52880859375 1071.01196289062 1072.6552734375 1076.47302246094 1079.33728027344 1088.14001464844 1091.93518066406 1097.39318847656 1101.69519042969 1105.98620605469 1109.85485839844 1114.49194335938 1119.43884277344 1125.80102539062 1133.49206542969 1140.49780273438 1156.38195800781 1160.97985839844 1164.7529296875 1169.71655273438 1174.82263183594 1179.40966796875 1183.41015625 1191.25036621094 1198.29699707031 1200.31701660156 1203.51867675781 1206.41162109375 1216.91430664062 1219.30810546875 1222.45458984375 1226.82922363281 1236.13439941406 1242.07385253906 1241.2890625 1246.759765625 1253.79406738281 1257.68383789062 1262.57336425781 1272.53759765625 1275.11315917969 1280.21166992188 1285.48669433594 -3.4e+38 -3.4e+38 -3.4e+38 -3.4e+38
1048.78149414062 1054.03588867188 1061.57067871094 1066.36926269531 1069.53515625 1074.70056152344 1077.8896484375 1082.37731933594 1088.24951171875 1093.94396972656 1099.08203125 1102.62622070312 1107.12731933594 1110.81140136719 1115.49768066406 1121.04858398438 1129.5009765625 1135.93298339844 1151.61169433594 1156.91760253906 1160.21032714844 1167.56103515625 1171.25317382812 1175.70861816406 1179.36279296875 1184.78503417969 1191.60119628906 1194.76281738281 1197.38916015625 1202.59460449219 1211.74523925781 1215.35363769531 1218.845703125 1223.29113769531 1231.55444335938 1236.16955566406 1239.03747558594 1245.36254882812 1249.87365722656 1253.81616210938 1258.85192871094 1268.83947753906 1272.66589355469 1276.59631347656 1283.14208984375 -3.4e+38 -3.4e+38 -3.4e+38 -3.4e+38
1043.65856933594 1052.53039550781 1058.25634765625 1060.48229980469 1065.56115722656 1069.931640625 1074.53967285156 1078.39245605469 1082.71179199219 1087.73205566406 1094.45202636719 1099.14807128906 1104.52917480469 1107.26623535156 1111.78857421875 1117.08093261719 1124.74230957031 1132.19030761719 1144.9267578125 1150.7470703125 1155.34423828125 1163.240234375 1166.03198242188 1170.59228515625 1174.982421875 1177.67041015625 1182.71862792969 1188.45068359375 1191.513671875 1198.603515625 1205.64184570312 1210.25122070312 1213.97326660156 1220.13171386719 1225.2314453125 1231.23181152344 1235.47180175781 1242.43786621094 1245.07373046875 1250.0751953125 1255.10107421875 1263.86206054688 1269.99279785156 1274.24621582031 -3.4e+38 -3.4e+38 -3.4e+38 -3.4e+38 -3.4e+38
1037.43420410156 1044.98803710938 1049.57861328125 1052.09326171875 1055.25500488281 1059.59216308594 1066.06945800781 1074.98901367188 1078.6787109375 1081.20434570312 1085.77978515625 1090.30139160156 1095.14245605469 1100.36926269531 1103.46752929688 1109.75964355469 1117.25793457031 1124.72290039062 1134.88659667969 1142.13366699219 1146.81140136719 1150.95520019531 1156.99926757812 1161.64050292969 1165.47241210938 1170.34338378906 1174.88879394531 1178.4287109375 1183.82836914062 1190.71459960938 1198.33190917969 1205.10913085938 1207.689453125 1212.35327148438 1216.19934082031 1222.75695800781 1229.6923828125 1232.65197753906 1240.11926269531 1244.93542480469 1248.55029296875 1258.62036132812 1262.5595703125 -3.4e+38 -3.4e+38 -3.4e+38 -3.4e+38 -3.4e+38 -3.4e+38
1034.392578125 1039.78137207031 1044.87280273438 1048.09521484375 1050.31982421875 1055.84582519531 1061.93981933594 1071.34045410156 1075.35949707031 1078.61572265625 1083.15930175781 1086.57202148438 1091.14233398438 1096.07275390625 1101.75769042969 1106.29479980469 1114.77575683594 1121.16833496094 1131.08447265625 1138.31408691406 1142.9990234375 1147.20361328125 1153.13513183594 1157.74890136719 1161.45861816406 1166.55139160156 1171.92517089844 1173.65307617188 1179.71850585938 1185.41662597656 1195.47204589844 1200.23254394531 1205.40991210938 1209.87939453125 1212.47668457031 1218.65466308594 1224.65026855469 1228.84765625 1236.38110351562 1242.66564941406 1247.33837890625 1254.64599609375 -3.4e+38 -3.4e+38 -3.4e+38 -3.4e+38 -3.4e+38 -3.4e+38 -3.4e+38
1030.60046386719 1035.86206054688 1041.07067871094 1044.60559082031 1046.52026367188 1051.02685546875 1057.99401855469 1067.83044433594 1071.52575683594 1074.0859375 1080.33325195312 1082.83679199219 1087.39929199219 1092.54797363281 1098.93249511719 1102.80029296875 1112.49670410156 1118.4033203125 1127.1435546875 1133.06274414062 1138.20703125 1144.41528320312 1149.26196289062 1153.66784667969 1156.57995605469 1162.78747558594 1168.24951171875 1171.07092285156 1177.08020019531 1181.67333984375 1191.23950195312 1195.23815917969 1201.49255371094 1207.22375488281 1209.84826660156 -3.4e+38 1221.09399414062 -3.4e+38 1232.77526855469 1241.41516113281 1244.73986816406 -3.4e+38 -3.4e+38 -3.4e+38 -3.4e+38 -3.4e+38 -3.4e+38 -3.4e+38 -3.4e+38
