rcp4.5models/MPi_ESM_LR/sc1gr3.16
NCOLS 261 
NROWS 433 
XLLCORNER 336357.134 
YLLCORNER 654653.479 
CELLSIZE 1000 
NODATA_value -3.4e+38 
[rows 198 to 219 of 433, columns 98 to 146 of 261]
257.087646484375 257.062805175781 257.020080566406 256.279632568359 256.184326171875 256.525787353516 256.822113037109 256.629669189453 256.892181396484 256.874938964844 256.858734130859 256.656768798828 256.150177001953 256.0771484375 255.156204223633 254.763610839844 254.788497924805 254.749969482422 254.967330932617 255.093597412109 254.847763061523 254.713516235352 254.477554321289 254.202987670898 253.690963745117 253.733261108398 253.809646606445 253.62419128418 253.228729248047 253.303619384766 253.506362915039 253.342864990234 252.76025390625 252.428817749023 252.533828735352 252.092483520508 252.064804077148 252.852203369141 252.550521850586 252.514373779297 252.114608764648 252.641662597656 253.924850463867 254.237579345703 252.984298706055 253.581420898438 255.632308959961 254.371948242188 256.059936523438
256.950805664062 256.746612548828 257.009063720703 256.354339599609 256.223571777344 256.196258544922 256.660125732422 256.150573730469 256.582122802734 256.843902587891 256.827545166016 256.732940673828 256.508270263672 256.402282714844 255.231201171875 255.224731445312 255.225509643555 255.046981811523 254.947357177734 255.16162109375 255.149673461914 254.787368774414 254.42919921875 254.084320068359 253.527450561523 253.813613891602 253.579742431641 253.30451965332 252.872863769531 253.040328979492 253.370376586914 253.190933227539 252.613952636719 251.967376708984 252.003814697266 251.766906738281 251.981567382812 252.707336425781 252.182113647461 252.286956787109 252.088333129883 252.704559326172 254.157333374023 254.729431152344 254.085433959961 254.509323120117 255.781997680664 255.055328369141 256.312042236328
256.641265869141 256.68115234375 256.83740234375 -3.4e+38 256.642181396484 256.286468505859 256.169738769531 255.942779541016 256.24267578125 256.535675048828 256.796813964844 256.781341552734 256.719787597656 256.410766601562 255.486053466797 -3.4e+38 255.568008422852 -3.4e+38 255.116500854492 255.144989013672 254.898941040039 254.71467590332 254.611389160156 254.215347290039 254.017501831055 254.142593383789 253.595504760742 253.281982421875 252.697937011719 253.016708374023 253.128768920898 253.002578735352 252.726791381836 252.192962646484 252.110778808594 251.760131835938 252.148574829102 252.510559082031 252.00260925293 252.122848510742 252.133834838867 252.849060058594 254.457077026367 255.086029052734 255.100494384766 255.208679199219 256.042724609375 256.0927734375 256.6513671875
256.138885498047 256.209625244141 256.540771484375 256.620697021484 256.366607666016 256.340606689453 255.839599609375 255.859024047852 256.049896240234 256.416107177734 256.697479248047 256.723663330078 256.620452880859 256.455200195312 255.672164916992 -3.4e+38 -3.4e+38 -3.4e+38 -3.4e+38 255.241348266602 254.988418579102 254.910491943359 254.894485473633 254.630996704102 254.463485717773 254.207870483398 253.268539428711 253.340194702148 252.635177612305 252.991104125977 252.974853515625 252.840911865234 252.524978637695 252.228515625 252.099639892578 251.91096496582 252.1494140625 252.253875732422 251.99055480957 252.082305908203 252.063888549805 252.593063354492 254.07160949707 255.182983398438 255.380386352539 255.564682006836 256.05615234375 256.2529296875 256.717926025391
256.074462890625 255.290618896484 256.073455810547 256.53076171875 256.180206298828 256.310852050781 255.919845581055 256.068756103516 255.823516845703 256.094757080078 256.493896484375 256.454071044922 256.279602050781 256.225341796875 -3.4e+38 -3.4e+38 -3.4e+38 -3.4e+38 255.351501464844 -3.4e+38 255.288803100586 255.186889648438 254.947982788086 254.875198364258 254.578750610352 254.163299560547 253.067687988281 253.131851196289 252.890991210938 253.023071289062 -3.4e+38 252.640640258789 252.066268920898 251.630447387695 251.833023071289 251.649917602539 251.985198974609 252.260025024414 251.855819702148 251.56672668457 251.660720825195 252.334030151367 253.474304199219 254.982620239258 255.460968017578 255.934158325195 255.794403076172 255.229202270508 256.31396484375
256.352569580078 255.550857543945 255.766952514648 256.552520751953 256.324951171875 255.905090332031 255.763717651367 255.837829589844 255.557098388672 255.603118896484 255.893157958984 256.31787109375 256.194702148438 255.999008178711 255.60578918457 -3.4e+38 255.452392578125 -3.4e+38 -3.4e+38 255.208160400391 255.041976928711 254.790618896484 254.464324951172 254.705459594727 254.477066040039 254.065155029297 253.255661010742 252.591567993164 252.586441040039 252.699340820312 252.692504882812 252.577087402344 251.746520996094 251.229064941406 251.696578979492 251.464691162109 251.977890014648 252.207626342773 251.717163085938 251.127975463867 251.162002563477 251.801467895508 252.707672119141 254.203216552734 255.387741088867 255.777847290039 255.117202758789 253.846572875977 256.259887695312
256.528717041016 256.344177246094 256.097229003906 256.393493652344 256.320159912109 255.511245727539 255.490310668945 255.477920532227 255.442535400391 255.324111938477 255.444198608398 255.987716674805 256.294189453125 256.168060302734 255.57275390625 -3.4e+38 255.36735534668 255.280044555664 255.357574462891 255.190612792969 254.978012084961 254.532623291016 254.104385375977 254.175659179688 254.087783813477 253.903274536133 253.072418212891 252.085586547852 251.877716064453 252.19938659668 252.410308837891 252.280685424805 251.777328491211 251.419097900391 251.151321411133 251.130294799805 251.967330932617 252.092819213867 251.734817504883 251.155181884766 251.148559570312 251.441909790039 252.317153930664 253.615600585938 254.976089477539 255.160110473633 254.427307128906 253.337020874023 256.317962646484
256.728729248047 256.623229980469 256.302795410156 255.794692993164 255.783905029297 255.44206237793 255.434707641602 255.323684692383 255.355560302734 255.216079711914 255.365509033203 255.625473022461 256.054504394531 256.121337890625 -3.4e+38 -3.4e+38 255.323577880859 255.160385131836 255.222274780273 255.21435546875 254.945236206055 254.555526733398 254.09748840332 254.209838867188 253.861404418945 253.580642700195 252.541656494141 251.597320556641 251.059722900391 251.614761352539 251.832138061523 251.648300170898 251.576034545898 251.328033447266 250.91374206543 251.226608276367 251.913116455078 252.122848510742 251.813827514648 251.443710327148 251.270797729492 251.290115356445 251.681625366211 252.163787841797 253.412292480469 255.046569824219 254.458770751953 253.801361083984 256.016021728516
257.003936767578 256.556365966797 256.301055908203 255.433074951172 255.409896850586 255.268615722656 255.050415039062 255.323471069336 255.291168212891 255.024200439453 255.214385986328 255.261901855469 255.515884399414 255.869323730469 -3.4e+38 -3.4e+38 -3.4e+38 255.128921508789 255.190155029297 255.088226318359 254.901138305664 254.756103515625 254.517028808594 254.233062744141 253.884857177734 253.626678466797 251.149063110352 249.466827392578 250.190704345703 251.237289428711 251.219619750977 250.760406494141 250.681335449219 250.705047607422 251.019012451172 251.529251098633 251.745895385742 251.705978393555 251.662689208984 251.344543457031 251.020462036133 251.048141479492 251.184341430664 251.065689086914 251.544998168945 254.523101806641 254.20280456543 253.880767822266 254.502044677734
256.850952148438 256.551971435547 256.397308349609 255.54621887207 255.383743286133 255.093902587891 254.649520874023 255.242630004883 255.136154174805 254.765731811523 254.823913574219 255.059158325195 255.110504150391 255.313049316406 255.407821655273 -3.4e+38 -3.4e+38 255.264282226562 255.154220581055 254.978866577148 254.923263549805 254.844497680664 254.868225097656 254.58854675293 254.284027099609 253.823913574219 250.436248779297 247.410659790039 249.066116333008 250.637878417969 250.430999755859 250.104125976562 250.143692016602 250.575347900391 251.179016113281 251.413391113281 251.379852294922 251.322296142578 251.103729248047 250.582290649414 250.723114013672 250.751571655273 251.132202148438 251.033294677734 251.223388671875 254.049652099609 253.145736694336 251.812591552734 252.610305786133
256.218719482422 256.159820556641 256.495758056641 256.036285400391 255.716918945312 255.388153076172 254.97509765625 254.530624389648 254.405654907227 253.611511230469 252.791595458984 254.248275756836 255.078735351562 255.136962890625 255.411865234375 254.892242431641 254.941757202148 254.973037719727 255.097213745117 255.089813232422 255.083435058594 255.106155395508 255.167251586914 255.069458007812 254.612548828125 253.792602539062 251.216461181641 249.696090698242 250.883087158203 251.250717163086 251.337219238281 250.780319213867 250.998107910156 251.365814208984 251.808883666992 251.513168334961 251.200073242188 250.891616821289 250.935882568359 250.581924438477 250.544464111328 251.100845336914 252.003265380859 252.735748291016 253.313507080078 252.090347290039 250.29475402832 250.925720214844 254.928405761719
256.147918701172 256.212127685547 256.472351074219 255.715942382812 255.383346557617 254.919387817383 -3.4e+38 254.780563354492 254.409271240234 253.483642578125 252.491897583008 253.788665771484 254.873184204102 255.009338378906 255.096740722656 254.8154296875 254.900375366211 254.883102416992 254.976211547852 254.940673828125 254.727828979492 254.614349365234 255.119384765625 255.093887329102 254.709518432617 253.862243652344 252.108444213867 251.203643798828 251.635345458984 251.88557434082 251.96110534668 251.515716552734 251.567321777344 251.821258544922 252.115982055664 251.969345092773 251.755111694336 251.117706298828 251.080261230469 250.909530639648 250.431869506836 250.918701171875 251.873458862305 252.057418823242 251.989944458008 250.463943481445 248.381317138672 250.480911254883 255.246337890625
256.397155761719 256.208923339844 256.106903076172 255.475051879883 254.980987548828 253.998184204102 254.516479492188 254.785308837891 254.587738037109 253.514785766602 252.290145874023 253.033294677734 254.877883911133 254.828277587891 254.830627441406 254.856185913086 254.726470947266 254.489990234375 254.877395629883 254.819580078125 254.473556518555 254.274688720703 255.019287109375 255.015609741211 254.715484619141 254.024673461914 252.292785644531 251.336166381836 252.539978027344 252.640045166016 252.279586791992 251.633590698242 251.986373901367 252.108200073242 252.277542114258 252.309997558594 252.095092773438 251.318664550781 251.016616821289 250.695816040039 250.383255004883 250.702499389648 251.552719116211 252.034088134766 252.018173217773 251.080596923828 250.968032836914 252.54817199707 254.771667480469
256.598083496094 255.971633911133 255.718017578125 255.49201965332 254.780334472656 253.433044433594 253.693389892578 254.482452392578 254.63313293457 253.245666503906 249.96745300293 249.555480957031 254.534729003906 254.775390625 254.871459960938 254.947738647461 254.542098999023 253.925399780273 254.287445068359 254.258636474609 254.113571166992 254.037048339844 254.367584228516 254.599670410156 254.732696533203 254.100296020508 252.362579345703 251.402206420898 252.922790527344 252.796768188477 -3.4e+38 251.84716796875 252.550445556641 252.483016967773 252.295700073242 252.159973144531 252.043670654297 251.289047241211 250.830429077148 250.289154052734 250.399307250977 250.936752319336 251.590301513672 251.763809204102 250.863983154297 251.274078369141 253.745971679688 254.206176757812 254.79231262207
256.709381103516 256.173614501953 255.735565185547 255.069091796875 -3.4e+38 253.717529296875 253.390258789062 254.115859985352 254.580093383789 253.283981323242 250.170257568359 250.465393066406 254.008666992188 254.501586914062 254.890655517578 254.87890625 254.598907470703 254.085357666016 253.079376220703 252.248397827148 -3.4e+38 253.414932250977 253.85124206543 254.211135864258 254.321105957031 253.493591308594 252.485916137695 251.782913208008 252.830322265625 252.420928955078 252.162826538086 252.29248046875 252.811599731445 252.209701538086 251.636871337891 251.736740112305 252.019943237305 251.174468994141 250.570892333984 250.119003295898 250.413909912109 251.281829833984 251.459762573242 250.79606628418 249.044250488281 249.609527587891 253.851379394531 254.547561645508 255.163986206055
256.885955810547 256.366333007812 255.965667724609 255.110855102539 254.549987792969 253.733474731445 253.216674804688 253.300888061523 254.116363525391 253.619171142578 251.772003173828 251.784698486328 253.957412719727 254.562957763672 254.816635131836 254.716552734375 254.654846191406 254.227920532227 252.382186889648 251.2294921875 253.234100341797 253.296203613281 253.709320068359 254.46501159668 254.359222412109 253.844833374023 253.247116088867 252.913345336914 253.153991699219 252.644927978516 252.520797729492 252.467849731445 252.684967041016 252.109390258789 251.508575439453 251.279754638672 251.501113891602 251.189102172852 250.774200439453 250.477203369141 250.481689453125 251.023178100586 250.808578491211 249.252944946289 247.900772094727 248.382171630859 253.080322265625 254.395919799805 255.061233520508
256.851837158203 256.5205078125 256.288757324219 255.044677734375 253.875411987305 252.979125976562 253.064056396484 253.106536865234 253.879669189453 253.906219482422 252.435211181641 251.823013305664 253.933502197266 254.733581542969 254.544876098633 254.405319213867 254.065856933594 253.8359375 253.032501220703 252.658248901367 253.406799316406 253.436721801758 253.565841674805 254.630981445312 254.627822875977 254.627395629883 253.79621887207 253.615264892578 253.200469970703 252.910400390625 252.81510925293 252.901718139648 252.59619140625 252.057205200195 251.562698364258 251.300308227539 251.068786621094 250.852966308594 250.929351806641 250.661056518555 250.666595458984 250.772521972656 250.65348815918 248.019821166992 244.405609130859 246.93977355957 253.169326782227 254.030975341797 255.226470947266
256.144775390625 255.110076904297 -3.4e+38 254.857772827148 253.324966430664 251.918472290039 252.519729614258 252.718383789062 253.624694824219 253.998626708984 253.175216674805 252.774490356445 253.928985595703 254.682647705078 254.538818359375 254.359924316406 253.673751831055 253.45442199707 253.262237548828 253.630645751953 253.687881469727 253.469741821289 253.650054931641 254.555923461914 254.403610229492 254.181976318359 253.737594604492 253.645690917969 253.331756591797 253.322418212891 253.309310913086 253.242385864258 252.735275268555 252.199401855469 251.874252319336 251.760147094727 251.269256591797 250.683639526367 250.649230957031 250.429672241211 250.580657958984 250.686737060547 250.66748046875 247.742279052734 240.822174072266 243.467987060547 253.7041015625 253.987258911133 255.267272949219
255.531433105469 254.788192749023 256.150390625 254.916473388672 253.561874389648 252.335571289062 252.180816650391 252.142288208008 252.7041015625 253.808334350586 253.21435546875 252.720947265625 254.289520263672 254.610321044922 254.398330688477 254.43049621582 253.664993286133 253.557922363281 253.176712036133 253.124984741211 253.600036621094 253.520156860352 253.765533447266 254.439575195312 254.327972412109 254.030609130859 253.690673828125 253.696472167969 253.704254150391 253.694305419922 253.593444824219 253.17805480957 -3.4e+38 -3.4e+38 252.223846435547 251.567276000977 250.685623168945 249.57160949707 250.494903564453 250.164398193359 250.092819213867 250.3486328125 249.930068969727 246.538497924805 240.49494934082 244.825790405273 252.885848999023 253.714752197266 255.034454345703
255.652984619141 255.518341064453 255.827438354492 254.9228515625 253.852447509766 253.35009765625 252.625961303711 251.874206542969 251.853103637695 253.181625366211 252.60546875 252.061935424805 253.791366577148 254.596038818359 254.045883178711 254.472106933594 253.637924194336 253.127731323242 252.961166381836 252.813430786133 253.139282226562 253.606582641602 253.964965820312 254.22819519043 253.962493896484 253.832778930664 253.603744506836 253.690673828125 253.576354980469 253.354354858398 253.339645385742 252.607940673828 -3.4e+38 252.416702270508 251.872268676758 250.856491088867 247.788208007812 249.228469848633 250.378112792969 249.922515869141 249.37109375 249.240615844727 248.987854003906 246.021118164062 242.388641357422 248.32080078125 252.528396606445 253.417907714844 255.283279418945
256.135589599609 256.012817382812 255.898056030273 254.796096801758 253.729644775391 252.716461181641 252.074798583984 251.914703369141 252.03791809082 252.859176635742 251.993835449219 250.975524902344 252.054122924805 254.189376831055 253.868133544922 254.473205566406 253.799346923828 252.582458496094 252.618530273438 252.58528137207 252.290023803711 253.145141601562 253.852249145508 253.829254150391 253.563705444336 253.314483642578 253.276016235352 253.55842590332 253.166610717773 252.839248657227 252.836151123047 252.385009765625 -3.4e+38 252.349365234375 251.53157043457 247.876419067383 242.048599243164 249.677917480469 250.13313293457 249.31462097168 247.94319152832 246.882431030273 248.237319946289 246.332748413086 242.4609375 247.134719848633 252.60368347168 253.161804199219 255.666976928711
256.217803955078 256.114929199219 256.027984619141 254.670715332031 253.814254760742 253.099746704102 252.336242675781 251.936737060547 252.043075561523 252.454040527344 251.27278137207 249.764297485352 250.241195678711 253.757476806641 253.775451660156 254.267227172852 253.88444519043 252.900390625 252.524032592773 252.400650024414 251.970626831055 252.403564453125 253.609222412109 -3.4e+38 253.514373779297 253.215942382812 252.767623901367 253.345230102539 252.782775878906 252.44140625 252.420700073242 252.454116821289 252.635528564453 252.267974853516 249.267272949219 243.896942138672 244.695022583008 249.869674682617 249.768936157227 248.975875854492 247.081527709961 244.909439086914 246.376800537109 245.53645324707 243.354583740234 249.105911254883 252.239135742188 252.562377929688 255.944396972656
