rcp4.5models/MPi_ESM_LR/sc1gr3.10
NCOLS 261 
NROWS 433 
XLLCORNER 336357.134 
YLLCORNER 654653.479 
CELLSIZE 1000 
NODATA_value -3.4e+38 
[rows 44 to 65 of 433, columns 49 to 97 of 261]
-3.4e+38 -3.4e+38 -3.4e+38 -3.4e+38 -3.4e+38 -3.4e+38 -3.4e+38 -3.4e+38 -3.4e+38 -3.4e+38 -3.4e+38 -3.4e+38 -3.4e+38 -3.4e+38 -3.4e+38 -3.4e+38 -3.4e+38 -3.4e+38 -3.4e+38 -3.4e+38 -3.4e+38 262.049896240234 262.222137451172 -3.4e+38 -3.4e+38 261.870880126953 262.033416748047 262.355224609375 262.413482666016 262.465606689453 262.596893310547 262.678100585938 262.812866210938 -3.4e+38 -3.4e+38 262.661987304688 262.634887695312 262.653625488281 262.675018310547 262.588256835938 262.552062988281 262.809967041016 262.939453125 262.961395263672 262.980010986328 262.998260498047 263.016143798828 263.143249511719 263.217559814453
-3.4e+38 -3.4e+38 -3.4e+38 -3.4e+38 -3.4e+38 -3.4e+38 -3.4e+38 -3.4e+38 -3.4e+38 -3.4e+38 -3.4e+38 -3.4e+38 -3.4e+38 -3.4e+38 -3.4e+38 -3.4e+38 -3.4e+38 -3.4e+38 -3.4e+38 262.436370849609 262.052581787109 261.750457763672 261.825378417969 261.909393310547 262.346099853516 262.215118408203 262.192504882812 262.216491699219 262.348785400391 262.613220214844 -3.4e+38 262.821563720703 -3.4e+38 262.657257080078 262.635314941406 262.605102539062 262.623870849609 262.645263671875 262.558349609375 262.522338867188 262.648498535156 262.907989501953 262.931579589844 262.950134277344 262.968353271484 262.986206054688 263.059875488281 262.687957763672 262.536956787109
-3.4e+38 -3.4e+38 -3.4e+38 -3.4e+38 -3.4e+38 -3.4e+38 -3.4e+38 -3.4e+38 -3.4e+38 -3.4e+38 -3.4e+38 -3.4e+38 -3.4e+38 -3.4e+38 -3.4e+38 -3.4e+38 -3.4e+38 -3.4e+38 262.192169189453 261.986572265625 261.865020751953 261.731536865234 261.740936279297 261.770172119141 261.927825927734 261.780212402344 262.041229248047 261.9912109375 262.476287841797 262.620361328125 262.708801269531 262.832214355469 262.660369873047 262.667755126953 262.689971923828 262.604217529297 262.619384765625 262.53271484375 262.605010986328 262.627593994141 262.699676513672 262.796661376953 262.923217773438 262.943969726562 262.961975097656 262.979644775391 263.106689453125 262.570526123047 262.310852050781
-3.4e+38 -3.4e+38 -3.4e+38 -3.4e+38 -3.4e+38 -3.4e+38 -3.4e+38 -3.4e+38 -3.4e+38 -3.4e+38 -3.4e+38 -3.4e+38 -3.4e+38 -3.4e+38 -3.4e+38 -3.4e+38 261.997222900391 261.970520019531 261.793212890625 261.706970214844 261.831298828125 261.730010986328 261.739562988281 261.768585205078 261.796966552734 262.309631347656 261.949310302734 261.883087158203 262.086090087891 262.690277099609 262.808410644531 262.836120605469 262.7041015625 262.608306884766 -3.4e+38 262.596008300781 262.506713867188 262.579284667969 262.653778076172 262.676116943359 262.69580078125 262.408599853516 262.691253662109 262.934051513672 262.955230712891 262.753356933594 262.71630859375 262.505767822266 262.188201904297
-3.4e+38 -3.4e+38 -3.4e+38 -3.4e+38 -3.4e+38 -3.4e+38 -3.4e+38 -3.4e+38 -3.4e+38 -3.4e+38 -3.4e+38 -3.4e+38 262.181671142578 261.683349609375 261.800659179688 261.871551513672 261.716339111328 261.547698974609 261.733001708984 261.767791748047 261.734191894531 261.714050292969 261.737884521484 261.661041259766 261.676605224609 262.559844970703 261.929534912109 261.875518798828 262.114166259766 262.755218505859 262.808502197266 -3.4e+38 262.69189453125 262.662109375 262.465362548828 262.474304199219 -3.4e+38 262.185089111328 262.415802001953 262.662322998047 262.472351074219 262.233612060547 262.245574951172 262.702758789062 262.288482666016 262.081573486328 262.042327880859 261.951263427734 262.179901123047
-3.4e+38 -3.4e+38 -3.4e+38 -3.4e+38 -3.4e+38 -3.4e+38 -3.4e+38 -3.4e+38 -3.4e+38 -3.4e+38 -3.4e+38 262.011016845703 262.182434082031 262.097991943359 261.583953857422 261.631652832031 -3.4e+38 261.550872802734 261.775787353516 261.812957763672 261.802185058594 261.720489501953 261.630218505859 261.602905273438 261.731628417969 262.035339355469 262.401000976562 262.244232177734 262.445831298828 262.197296142578 262.226837158203 262.203948974609 262.117218017578 -3.4e+38 261.944152832031 -3.4e+38 -3.4e+38 261.957336425781 262.081481933594 262.210754394531 -3.4e+38 262.110290527344 261.963592529297 262.254180908203 261.942962646484 261.9013671875 261.698059082031 261.877777099609 262.061340332031
-3.4e+38 -3.4e+38 -3.4e+38 -3.4e+38 -3.4e+38 -3.4e+38 -3.4e+38 -3.4e+38 -3.4e+38 -3.4e+38 -3.4e+38 262.011260986328 262.078857421875 -3.4e+38 262.179321289062 261.730102539062 261.512084960938 261.4404296875 261.780334472656 261.811340332031 261.736083984375 261.604248046875 261.572082519531 261.595153808594 261.772735595703 262.348266601562 262.653594970703 262.611267089844 262.459350585938 261.870208740234 261.851043701172 261.659515380859 -3.4e+38 261.818267822266 261.728576660156 -3.4e+38 261.550170898438 261.935729980469 261.971252441406 261.99072265625 262.334106445312 262.156036376953 261.901794433594 261.970855712891 261.933013916016 261.729461669922 261.084991455078 261.542358398438 261.343811035156
-3.4e+38 -3.4e+38 -3.4e+38 -3.4e+38 -3.4e+38 -3.4e+38 -3.4e+38 -3.4e+38 -3.4e+38 -3.4e+38 -3.4e+38 262.128601074219 262.165588378906 262.201293945312 -3.4e+38 261.765441894531 261.394104003906 261.381591796875 261.673156738281 261.795074462891 261.691986083984 261.553985595703 261.564208984375 261.698486328125 261.781524658203 262.035522460938 262.300018310547 262.45458984375 262.505004882812 261.831787109375 261.902404785156 261.728302001953 261.833923339844 261.753967285156 261.719390869141 261.845916748047 261.76904296875 261.938720703125 261.964477539062 261.983703613281 262.109252929688 261.982208251953 261.891448974609 261.687774658203 261.153656005859 261.0576171875 -3.4e+38 261.087738037109 261.096954345703
-3.4e+38 -3.4e+38 -3.4e+38 -3.4e+38 -3.4e+38 -3.4e+38 -3.4e+38 -3.4e+38 -3.4e+38 -3.4e+38 -3.4e+38 262.177520751953 262.208465576172 262.244384765625 262.212493896484 261.728515625 261.602447509766 261.411437988281 261.721282958984 261.69580078125 261.675598144531 261.656982421875 261.679840087891 261.857269287109 261.794067382812 261.809326171875 262.353363037109 262.473175048828 262.440826416016 262.246917724609 261.868011474609 261.707580566406 261.719787597656 261.692077636719 261.710479736328 261.890411376953 261.918090820312 261.937927246094 261.630462646484 261.639739990234 261.987213134766 261.859527587891 261.662261962891 -3.4e+38 -3.4e+38 261.316436767578 261.610412597656 260.964874267578 261.037170410156
-3.4e+38 -3.4e+38 -3.4e+38 -3.4e+38 -3.4e+38 -3.4e+38 -3.4e+38 -3.4e+38 -3.4e+38 -3.4e+38 -3.4e+38 -3.4e+38 262.207824707031 262.243438720703 262.240142822266 261.835357666016 261.905975341797 261.873931884766 261.542572021484 261.629516601562 261.667419433594 261.589935302734 261.605895996094 261.677551269531 261.772491455078 261.805206298828 262.655181884766 262.648681640625 262.616882324219 262.427795410156 262.257904052734 262.216979980469 261.801300048828 261.797088623047 261.817657470703 261.888732910156 261.911010742188 261.930633544922 261.791961669922 261.477111816406 261.866973876953 261.851043701172 261.542663574219 261.612701416016 261.570861816406 -3.4e+38 261.056365966797 260.947479248047 260.431213378906
-3.4e+38 -3.4e+38 -3.4e+38 -3.4e+38 -3.4e+38 -3.4e+38 -3.4e+38 -3.4e+38 -3.4e+38 -3.4e+38 -3.4e+38 -3.4e+38 262.182403564453 -3.4e+38 262.293579101562 262.299591064453 262.157165527344 262.375396728516 261.513397216797 261.509948730469 261.544891357422 261.531127929688 261.660858154297 261.699523925781 261.770263671875 261.693542480469 262.626617431641 262.688201904297 262.708526611328 262.422058105469 -3.4e+38 262.574981689453 261.863159179688 261.842895507812 261.863555908203 261.666168212891 261.895416259766 261.813812255859 261.829498291016 261.797790527344 261.811950683594 261.292846679688 261.309326171875 -3.4e+38 261.619476318359 261.147277832031 261.630493164062 260.826232910156 260.244903564453
-3.4e+38 -3.4e+38 -3.4e+38 -3.4e+38 -3.4e+38 -3.4e+38 -3.4e+38 -3.4e+38 -3.4e+38 -3.4e+38 -3.4e+38 -3.4e+38 262.181701660156 262.278564453125 262.38671875 262.363555908203 262.413482666016 262.422790527344 262.302032470703 261.556671142578 261.600708007812 261.641204833984 261.712066650391 -3.4e+38 261.725463867188 261.84814453125 262.485382080078 262.670074462891 262.487335205078 262.415924072266 262.221832275391 262.279907226562 261.948364257812 261.841094970703 261.856201171875 261.66455078125 261.779113769531 261.749816894531 261.329254150391 261.829132080078 261.913848876953 261.005584716797 260.966949462891 261.596130371094 260.782775878906 260.636779785156 -3.4e+38 260.766448974609 260.719543457031
-3.4e+38 -3.4e+38 -3.4e+38 -3.4e+38 -3.4e+38 -3.4e+38 -3.4e+38 -3.4e+38 -3.4e+38 -3.4e+38 -3.4e+38 -3.4e+38 -3.4e+38 -3.4e+38 -3.4e+38 262.305603027344 262.336090087891 262.220184326172 -3.4e+38 262.53955078125 262.386199951172 261.748992919922 261.600158691406 261.723663330078 261.912567138672 261.997375488281 262.288330078125 262.333801269531 262.140899658203 262.248321533203 262.307281494141 -3.4e+38 262.170227050781 261.836761474609 261.731170654297 261.585693359375 261.599395751953 261.675170898438 261.534606933594 261.763122558594 261.838897705078 260.375579833984 260.502990722656 260.137817382812 260.868835449219 260.716125488281 260.788757324219 260.854583740234 260.8662109375
-3.4e+38 -3.4e+38 -3.4e+38 -3.4e+38 -3.4e+38 -3.4e+38 -3.4e+38 -3.4e+38 -3.4e+38 -3.4e+38 -3.4e+38 -3.4e+38 -3.4e+38 -3.4e+38 -3.4e+38 -3.4e+38 -3.4e+38 262.216491699219 262.341125488281 -3.4e+38 262.64794921875 262.414245605469 261.937194824219 261.636932373047 261.682006835938 261.927703857422 262.062866210938 262.0947265625 262.240539550781 262.395263671875 262.259033203125 261.904571533203 262.006469726562 261.493408203125 261.440185546875 261.734680175781 261.652435302734 261.720306396484 261.849487304688 261.648956298828 261.883392333984 260.751739501953 260.765533447266 260.117065429688 260.688995361328 260.704254150391 260.716369628906 260.580627441406 260.913452148438
-3.4e+38 -3.4e+38 -3.4e+38 -3.4e+38 -3.4e+38 -3.4e+38 -3.4e+38 -3.4e+38 -3.4e+38 -3.4e+38 -3.4e+38 -3.4e+38 -3.4e+38 -3.4e+38 -3.4e+38 -3.4e+38 -3.4e+38 -3.4e+38 262.467590332031 262.605560302734 262.642974853516 262.670288085938 262.088531494141 261.597900390625 261.581512451172 261.806304931641 261.955322265625 261.987121582031 261.996734619141 261.946075439453 261.900665283203 261.711212158203 261.503662109375 260.983489990234 260.982788085938 261.268524169922 261.024963378906 261.807098388672 261.895416259766 261.034149169922 261.92236328125 260.964752197266 260.868469238281 260.551452636719 260.894775390625 260.694274902344 260.814422607422 260.714324951172 260.691436767578
-3.4e+38 -3.4e+38 -3.4e+38 -3.4e+38 -3.4e+38 -3.4e+38 -3.4e+38 -3.4e+38 -3.4e+38 -3.4e+38 -3.4e+38 -3.4e+38 -3.4e+38 -3.4e+38 -3.4e+38 -3.4e+38 -3.4e+38 -3.4e+38 262.440521240234 262.706024169922 262.648742675781 262.664703369141 262.405120849609 261.943542480469 261.602172851562 -3.4e+38 261.953186035156 261.871246337891 261.838958740234 261.721038818359 -3.4e+38 261.486053466797 261.283508300781 260.702911376953 260.590576171875 260.768371582031 260.6865234375 261.405181884766 261.438293457031 260.855316162109 -3.4e+38 -3.4e+38 -3.4e+38 260.869750976562 260.779510498047 260.791015625 260.845672607422 260.124816894531 260.550659179688
-3.4e+38 -3.4e+38 -3.4e+38 -3.4e+38 -3.4e+38 -3.4e+38 -3.4e+38 -3.4e+38 -3.4e+38 -3.4e+38 -3.4e+38 -3.4e+38 -3.4e+38 -3.4e+38 -3.4e+38 -3.4e+38 -3.4e+38 -3.4e+38 -3.4e+38 262.535125732422 262.625549316406 262.550598144531 262.522125244141 262.516204833984 261.857482910156 261.918701171875 261.840576171875 261.808746337891 261.719024658203 261.480316162109 261.168151855469 260.964508056641 260.925750732422 260.8486328125 260.701843261719 260.547180175781 260.781280517578 260.964080810547 260.433319091797 260.556579589844 -3.4e+38 -3.4e+38 261.122467041016 260.643035888672 260.764007568359 260.832763671875 260.728393554688 260.233795166016 259.992401123047
-3.4e+38 -3.4e+38 -3.4e+38 -3.4e+38 -3.4e+38 -3.4e+38 -3.4e+38 -3.4e+38 -3.4e+38 -3.4e+38 -3.4e+38 -3.4e+38 -3.4e+38 -3.4e+38 -3.4e+38 -3.4e+38 -3.4e+38 -3.4e+38 262.554626464844 262.447448730469 262.502960205078 262.489776611328 262.403045654297 262.247406005859 -3.4e+38 261.817474365234 261.778106689453 261.797546386719 261.662353515625 261.703918457031 260.810577392578 260.738311767578 260.755767822266 260.936248779297 261.018218994141 260.712097167969 260.827545166016 260.73681640625 260.260406494141 260.380096435547 -3.4e+38 -3.4e+38 260.613189697266 260.572113037109 260.807525634766 260.816284179688 260.550964355469 260.175964355469 259.695129394531
-3.4e+38 -3.4e+38 -3.4e+38 -3.4e+38 -3.4e+38 -3.4e+38 -3.4e+38 -3.4e+38 -3.4e+38 -3.4e+38 -3.4e+38 -3.4e+38 -3.4e+38 -3.4e+38 -3.4e+38 -3.4e+38 -3.4e+38 -3.4e+38 262.418670654297 262.321868896484 262.442596435547 262.478942871094 262.350769042969 -3.4e+38 261.944610595703 261.758026123047 261.766693115234 261.679901123047 261.647033691406 261.735809326172 261.408721923828 261.30126953125 260.874938964844 260.929656982422 260.891784667969 260.582885742188 260.593872070312 260.557922363281 260.354888916016 260.479949951172 -3.4e+38 260.914123535156 260.544708251953 260.832153320312 260.79443359375 260.803680419922 260.590850830078 260.309020996094 259.679473876953
-3.4e+38 -3.4e+38 -3.4e+38 -3.4e+38 -3.4e+38 -3.4e+38 -3.4e+38 -3.4e+38 -3.4e+38 -3.4e+38 -3.4e+38 -3.4e+38 -3.4e+38 -3.4e+38 -3.4e+38 -3.4e+38 -3.4e+38 -3.4e+38 262.372467041016 262.375823974609 262.441925048828 262.471832275391 262.342956542969 -3.4e+38 -3.4e+38 261.971832275391 261.334899902344 261.706451416016 261.750640869141 261.342498779297 261.024047851562 261.201141357422 261.242462158203 261.260528564453 260.784118652344 261.346405029297 260.930236816406 260.717437744141 260.565368652344 260.412963867188 260.484191894531 260.901000976562 260.585327148438 260.604766845703 260.671478271484 260.679168701172 260.42578125 260.462188720703 259.666839599609
-3.4e+38 -3.4e+38 -3.4e+38 -3.4e+38 -3.4e+38 -3.4e+38 -3.4e+38 -3.4e+38 -3.4e+38 -3.4e+38 -3.4e+38 -3.4e+38 -3.4e+38 -3.4e+38 -3.4e+38 -3.4e+38 -3.4e+38 -3.4e+38 -3.4e+38 262.293548583984 262.211395263672 261.792327880859 262.283081054688 261.818237304688 261.584747314453 261.703399658203 261.119903564453 261.297027587891 261.330688476562 261.486297607422 260.828063964844 260.92138671875 261.047058105469 261.510955810547 261.440399169922 261.551208496094 261.466796875 -3.4e+38 260.776916503906 260.567321777344 260.360046386719 260.670837402344 260.786407470703 260.422546386719 260.600372314453 260.608428955078 260.388793945312 259.921966552734 259.658416748047
-3.4e+38 -3.4e+38 -3.4e+38 -3.4e+38 -3.4e+38 -3.4e+38 -3.4e+38 -3.4e+38 -3.4e+38 -3.4e+38 -3.4e+38 -3.4e+38 -3.4e+38 -3.4e+38 -3.4e+38 -3.4e+38 -3.4e+38 -3.4e+38 261.790374755859 262.199188232422 261.892700195312 261.816070556641 261.952514648438 261.802093505859 261.499420166016 261.657592773438 261.107086181641 260.765350341797 260.769683837891 260.841583251953 261.394317626953 260.879150390625 260.769317626953 260.993438720703 261.623748779297 261.436218261719 -3.4e+38 -3.4e+38 261.485321044922 261.109436035156 260.678527832031 260.653625488281 260.666870117188 260.406524658203 260.479278564453 260.592041015625 260.318176269531 259.734741210938 259.749725341797
