rcp4.5models/MPi_ESM_LR/sc1gr1.3
NCOLS 261 
NROWS 433 
XLLCORNER 336357.134 
YLLCORNER 654653.479 
CELLSIZE 1000 
NODATA_value -9999 
[rows 154 to 175 of 433, columns 50 to 99 of 261]
46.1824078593314 46.0209727077476 46.3006936328862 45.9141629315668 46.2172923593384 46.1824646358904 46.2934169482095 46.4133501386776 46.0582328858851 46.1868201924237 46.5410167282377 46.3406210799556 46.688282799452 46.6565230708312 46.3520370714856 46.4064444188461 46.9484597712203 47.141518794253 47.1176070257145 46.9911755645785 47.1159782432661 47.1593650359247 47.3421315825317 47.6581432666073 47.6456118767311 47.6714146728086 47.4913840361323 47.5699378666261 47.8187625321438 48.1072076618137 48.4334337168254 48.2644648569113 48.2047007131162 48.30998239883 48.7903640469967 48.3337538510076 48.6990756517214 48.4542909402875 48.8130233392801 49.2465078833718 49.2418469160751 49.3345341718304 49.329083856841 49.3863355886476 49.5823213710067 49.6168800969913 49.5895591202967 49.6037318134324 49.8087829495351 49.9113157475474
45.9684292631279 45.9765178622037 46.1164814933521 45.9873739271656 46.1357094949579 46.2130553024452 46.504598020143 46.6336368832173 46.1688731328689 46.4243961976381 46.5314100128466 46.3583775420471 46.7870424650844 46.5158929166556 46.328611514312 46.5793500661473 47.1245435333285 47.1440489029079 47.1411502945294 47.1243548882665 47.1009944242666 47.1898209312611 47.5659446973186 47.5184653691234 47.5459056740331 47.6689272901272 47.6853482091816 47.67734527574 47.8646739413485 48.0400493611753 48.1981878052656 48.0603044668549 48.111049968206 48.5247315794335 48.4956751139826 48.8299355058501 49.0007538401809 48.6728300210889 48.8368947830164 49.0122539960981 49.1868459580668 49.2084719000037 49.2971024867484 49.3979574395749 49.5380343581401 49.6424049471384 49.5845548395268 49.6138689722168 49.8697309357553 49.9337713364221
46.0363281487584 45.7626761029879 45.7560519791557 45.966979178652 46.2259374747448 46.0457756688296 46.6034802726853 46.4813058856994 46.3426153678166 46.3094095620904 46.5275271232134 46.4989396710204 46.9175658309012 46.8573629806624 46.7566875187089 46.6337649361898 47.2446581970227 47.2380062705865 47.362237752852 47.3493964986548 47.1933354352854 47.3305500296833 47.3506731037001 47.5052088605662 47.5313258449281 47.500977668486 47.8185940349802 -9999 47.8062354882004 48.1626240542521 48.3568895981889 48.2545911410672 48.0265878613221 48.3796155236944 48.3534945486707 48.9573463269296 48.6176756949023 48.5791145919181 48.7532336793428 48.7743728823512 49.1036403304748 49.1765623937487 49.3146925772703 49.1255567183012 49.4776429659413 49.58205186511 49.596177424685 49.6910218398677 49.8600041139809 -9999
46.0065490391404 45.848147835348 45.7927407910471 45.7893069879269 46.0733237356524 46.1296112906647 46.4311290783719 46.5800279222017 46.7068435348197 46.4768305471468 46.9214037617541 46.6863009376898 46.8049756046105 47.1180889321419 46.8452970715604 46.9304064254073 47.2053724959054 46.9724712863075 47.1325430800156 47.1491486111338 47.2831620282233 47.4932564473872 47.3607264007613 47.4505031976625 47.3754838416818 47.4938233358025 47.6703821410289 48.057152026764 47.9696308000044 48.2392559149761 48.1794576031762 48.5485074250945 48.0867381473802 48.2294153972789 48.3694004040361 48.8776774315975 48.3298508439961 48.4329118065088 48.6151877930564 48.6151548223081 49.1831437714633 49.3698926345357 49.0496443477889 49.1701428349449 49.4512298574414 49.4874787577045 49.5931162855637 49.6684538197409 49.7256359888117 49.5890734808327
45.8985603863048 46.0852365070577 46.1219648485348 46.1071302659425 46.2218565792232 46.1868232896971 46.4452907562187 46.656748777604 46.8135831726779 46.5114780597075 46.9473322072133 46.7485734630876 46.6512299904336 46.8409461334038 46.7518129613318 46.9024457227524 46.9830674701792 46.92633296608 47.3264801761583 47.0740927509159 47.1149080515157 47.4658661001147 47.4101018035093 47.421049691721 47.3932837065028 47.4863033003613 47.6938256561943 47.952928620532 47.9673971058308 48.121915886987 48.0239526710752 48.6512762707712 48.5111405526961 48.3887689639802 48.2909332382948 48.361603256946 48.3422537048844 48.4535121226825 48.7499133358513 48.7353118546408 49.1314397951341 49.3058644385 49.107396207642 49.3643007113941 49.1035140562486 49.4310996434208 49.5568852007212 49.6560851369999 49.6503544720209 49.6271350783352
46.232745564577 46.0543282786439 46.1483594486805 46.2715398880334 46.4015513550824 46.4551767719228 46.4392261694533 46.4984504230357 46.8088158333296 46.7682878174113 46.6926116885441 46.8059907443863 46.7171572316062 46.7902257706356 46.7861597693272 46.9108471895922 46.9403180294497 46.8888536467042 47.3811341512724 47.2307335229323 47.0758401208223 47.3063991963559 47.3039493336141 47.2984211901511 47.3592543013032 47.5345874360451 47.7460991274031 47.9072997648315 47.8100405658159 47.9684817965252 48.1547749919493 48.6175516794913 48.3578138542478 48.3894363451676 48.2811915896184 48.2491375602982 48.4863169456534 48.7788087785899 49.1101467175857 48.731302730812 48.9260188243345 49.2746925299402 49.2148489851634 49.31465247132 49.115109282051 49.4208166844776 49.7051398960257 49.8113617344772 49.6648930938002 49.6231050199521
46.2674594372917 46.2343166090829 46.3710107788595 46.4738523135538 46.5321229409822 46.596211196424 46.6292855544443 46.4205415359319 46.4197355667037 46.579684565534 46.4816944468018 46.6620432947655 46.5279181648322 46.7617515678872 46.6026866233254 46.783842530465 46.8346582485288 -9999 47.2889544434239 47.360111929013 47.2392896153716 47.3478469849994 47.3557218098765 47.1701930484502 47.5608125141185 47.7346978088163 47.7697296227653 47.8351829678074 47.7418300285878 47.7877135743166 47.9834637960545 48.348402465863 48.3220343452544 47.9628718708652 48.0688516414134 48.3744153744285 48.401741268002 48.5735195243923 49.1764522849428 48.5233961979429 48.7652325357168 49.0425128409226 49.1573233317884 49.1385342735782 49.2932565789615 49.4439062978999 49.7476111165189 49.772584185253 49.5908693828324 49.5575989636152
46.3746979778516 46.4079403566674 46.5865955310497 46.3584201038917 46.3867015211207 46.2392756131519 46.380724537868 46.4778262126648 46.468466319006 46.284002662156 46.6115129289524 46.4914466046021 46.6827628180593 46.8789961074057 46.8466605223508 46.9523991889971 46.8999727084421 47.1184642649772 47.4210765855766 47.3613495271472 47.1303181779902 47.054111029523 47.665511880027 47.3647495049039 47.5715107026427 47.3949197666368 47.7334000366772 47.9575965407027 47.9470301064999 47.7790231957308 47.8611305234992 48.0252369636174 48.6807229159475 48.5904140880706 47.9208434912489 48.362333222245 48.4627865112918 48.336749455778 48.5526806824994 48.649493511913 48.7678611403491 48.8677867396883 49.0437530723331 48.8921391588808 49.1624200926472 49.6377739843102 49.6325301925442 49.5493095669075 49.4605460054049 49.4594116515231
46.4674584108473 46.5294676315604 46.6875278205786 46.0947512049706 46.3144630921968 46.1334206671766 46.4725528448337 46.3011336949542 46.5936351883758 46.4195805070302 46.6441093999758 46.6941012220052 46.7565875922823 46.8351535876733 46.9634153544279 46.91623763003 46.9178519285651 47.102567485119 47.3990782244252 47.3715188080607 46.9365931024035 46.9434662326665 47.2020235300136 47.4232910835926 47.2909479962677 47.3521558351683 47.6600502368928 47.7791315965177 47.91079659355 47.7741669649669 47.8725913506078 48.1304519058417 48.4754721104344 48.4375301491 48.0001889963192 48.5657678758376 48.5328474083436 48.4966405839978 48.6881393490764 48.6170561681054 48.8539600428178 48.8804735418136 48.6974521268494 49.0590003652956 49.3852082742747 49.3956661940299 49.3617001997526 49.402778706304 49.5321630108097 49.4233394497618
46.3670997631552 46.2214014677242 46.1074556171946 46.0219531779708 46.2363839739243 46.2014105481794 46.4936327183355 46.3207567173074 46.5701749468897 46.3552767136063 46.4211134438708 46.8298200649456 46.8204476894766 46.7373419344277 47.0037099624031 47.0331173056457 47.0141091067241 47.2104028931611 47.4829690296856 47.1728489615703 47.2888225300521 47.3446749332835 47.0021882061201 47.5195211246535 47.1811856839455 47.3852931879462 47.7010532460412 47.6966568848531 47.9344798216324 47.9109478174609 48.0185542100942 48.1447741561795 48.1099780814622 48.1525532313728 48.1734118147835 48.636394635664 48.5985498353053 48.489888459551 48.6867824192235 48.6136000635482 48.894577081166 48.9170586780905 48.7073816067824 49.1299588693589 49.4143741933906 49.3492043379172 49.4490053136372 49.4334157578755 49.3716685351548 49.4660419302365
46.2969341858731 46.2556702663972 46.1413359896349 46.1244533724095 46.0674972779353 46.4877429191833 46.6071964917174 46.6099300903806 46.6428151891216 46.3715839651573 46.3922328758344 46.797569530633 46.9298121488815 46.5409077756863 46.9854639598344 47.1726817186494 47.0683753011496 47.2777825248011 47.4469143350141 47.3311386003047 47.2867264072362 47.6744228261312 47.6104600780341 47.7442087844971 47.5124198058441 47.3171920324296 47.7340220407988 47.7784107152874 47.7929814814874 48.0265545036072 47.9530099580065 48.1567811536465 47.9786047383057 48.0225027607218 48.166700813845 48.3689193280258 48.4164803472976 48.525547040684 48.5824325074238 48.6793374720788 48.8853483275625 48.8885255171262 49.0487602968927 49.222537805964 49.1540860953562 49.2893629463238 49.2494579063828 49.5692747626176 49.4481472107527 49.7833578066536
46.1684923528529 46.2418987172052 46.1507019098548 46.1696620893348 46.1104430017619 46.4116136027166 46.4718403072065 46.5561100913357 46.6257032449525 46.6325997868908 46.3196132935431 46.7510840854361 47.0478012206016 46.8371364076321 46.9341830336979 47.1430014804983 47.0332761918598 47.1114695155066 47.1976887199365 47.2021030200192 46.9895864491287 47.1866248923268 47.3419872522511 47.8655380091721 47.7021119717385 47.3160424505195 47.7332486274968 47.7474884216425 47.9146459142204 48.079888969875 48.0239761619369 48.2363811023138 48.0833379150968 48.0159322112887 48.1361625786628 48.3634815379131 48.5371593785958 48.4669216105139 48.5056883169664 48.7278851202111 48.9250573462099 48.9288507941991 49.0526769665844 49.1338571914673 49.0167585764456 49.0896887716142 49.1010614823203 49.2040251583117 49.6177807438476 49.9939536210022
45.8987218479058 46.0502594263306 46.0589603546504 46.1470873853361 46.2916311502406 46.6457442633802 46.6858024484182 46.7707171532441 46.6513766299617 46.8598971381064 46.7394472427599 46.8015671225045 47.1540818420031 46.9110870489476 46.7133933304809 47.0127360279255 47.0073083750671 47.3254648827678 47.2658917461603 46.9979626975562 47.0544191047232 47.3191335883994 47.0260750950582 47.4335528802462 47.7250924079519 47.6299668792062 -9999 47.8094562730703 48.0663263955841 48.1136837245422 48.1441092606494 48.1192225222957 48.088975706682 48.0759811317676 48.1058567186316 48.3949146669948 48.6106397579507 48.6588878835207 48.4622607762731 48.5145298145537 48.7691374483043 48.9953647729696 48.8971767525052 48.9155317642296 48.9496198804464 49.0135800927534 49.1495604617097 48.9977986681298 49.7328811426576 49.7637411674737
45.7377065870696 45.9311495502807 46.1307184319831 46.4366302510352 46.6292156825344 46.6016703728466 46.5412427028807 46.8675350762642 46.447973228349 46.7006879503805 47.0351666142078 46.9183729004088 46.6595373377477 46.9264278843345 46.9007780890634 46.8869218484636 47.1117230999118 47.1271830489007 47.1129485142442 47.3596632751137 47.1077587797202 47.328309681966 47.556561195493 47.2125141030483 47.7568596389961 47.7475008306779 47.7339603191865 47.7518580537081 48.0634457630463 47.975699284652 47.9357046781778 47.9198676547025 48.0299116848928 48.1442127662206 48.2096405947905 48.3601994045844 48.6692814279572 48.5612369503915 48.5462306497231 48.7104114965217 48.6925139515831 48.8449357408746 49.0059738660232 48.9257987328575 48.9180104850461 48.6962654065661 48.9479931116493 49.0029862008667 49.7335472349934 49.5854061197149
45.9865991576325 46.1128160731813 46.3004265387747 46.4892210083129 46.4642548134162 46.6281828673622 46.4664443373413 46.6743355525711 46.5918325459637 46.4238056787496 46.8304005016777 46.7450440821814 46.793413425013 46.9060520817038 46.8959343199995 46.8032605515094 46.9236805970999 46.9791197592736 47.0521460443569 47.3715051834641 47.5566533812604 47.5095297107862 47.7729823637763 47.6697533712755 47.5736755022085 47.7713283953824 47.7133762849475 47.637179158747 47.9917251788644 48.1199692502957 48.0612271194551 47.9659852513107 48.1895013212083 48.2064459804105 48.3365553221043 48.3725300221801 48.5579155489398 48.6711424991742 48.5627024237871 48.6947348224902 48.9271465481528 48.8942593664498 49.0712464687902 48.9977189261872 48.8748003092007 48.5000947516392 48.9671739753502 49.4055190649603 49.5880503992829 49.2160488088939
46.1364417240212 46.3848512563656 46.3607862324378 46.2801501057119 46.6640074795671 46.723540774604 46.5536197644783 46.4410408839261 46.436206462279 46.3422143461235 46.7212220071662 46.7329026878833 46.7926329461722 46.9091145058737 46.9728362596027 46.9367124809598 46.9866446786102 47.0409012238093 47.1039083571796 -9999 47.4097779704926 47.2647345858389 47.3398960352296 47.6077058101548 47.6460199858657 47.6301260963576 47.5188556266911 47.3218370320482 47.9939754873928 47.9226310536737 48.1078760873682 48.0052000318523 48.1769304698841 48.1442561688495 48.2949994999314 48.4881690241596 48.4908223247898 48.8908088592042 48.7672593533604 48.5674242571606 49.0293720659572 49.0278691130632 49.1204718077607 49.1582642046873 48.9307007704618 48.564725514241 49.012419731064 49.5086151100275 49.5132351834268 49.0613535171371
46.1271895478384 46.4405479402198 46.4543482391712 46.1159112474885 46.2255830298326 46.3758755188684 46.5377764189049 46.4901658621707 46.5308791621494 46.5520940176006 46.4902503450098 46.5394136903083 46.8380696604758 46.9570660257307 47.0067188280606 47.0327331421251 47.1636391967056 46.837710025462 46.8763471045266 47.0973273166522 47.2107168558523 47.0378866672469 46.9699303037431 47.0746851634761 47.3771466282845 47.6927332504973 47.2799987309067 47.6702449643904 47.7377401166753 47.6889759647575 47.8579984516538 47.9992995099065 47.9967203216642 48.0998900997252 48.4182474321288 48.5187200363649 48.3978672195227 48.9848688075146 48.9237664381266 48.7674932024789 48.8983086467637 49.0813652579165 49.0214653125562 49.2055816063491 48.9702540140966 48.6646954357117 48.8136551884126 49.1153940510309 49.3287731400989 49.0334783168656
46.3292770332371 46.2411082967918 46.5013111654443 46.1833564439573 46.4804981076305 46.5817147386037 46.4029916885238 46.3085772929503 46.3919086472431 46.7807526511734 46.4417690313514 46.4838155139844 46.7780692279605 47.0174941085572 46.7750502882969 46.859187481543 47.1797074143013 46.9931762150728 47.023205151827 -9999 47.143375466446 47.3093156695943 47.3431716238745 47.0367696148558 47.0983814058186 47.5838182531477 47.1867123659668 47.5188285058428 47.5866198822967 47.5221441665187 47.7039157502701 47.9615176129133 47.9214191867536 48.1814856515367 48.5490157974619 48.4867372159077 48.2426973370116 48.7391223592772 48.5503195113869 48.5150771641374 48.7379839605435 48.9542038209012 49.0705499284077 48.9788662274657 48.977641563173 48.802034476712 48.8318123730531 48.8794857493921 49.0188926888067 48.9907345939297
45.9643381336104 45.9787455590549 46.0551447008254 46.1258194348221 46.7402757787474 46.4525064825733 46.2514771840715 46.2151806537413 46.2426992687592 46.4126241837107 46.4884950246365 46.8121635203965 46.8590863619772 46.7834400334615 46.5063829146952 46.803052586723 47.1308558824862 46.8393116759022 47.1979698826295 47.0499048566921 47.2306933837739 47.407932839829 47.1999827593802 47.1421828736951 47.3017187649128 47.7864475634917 47.4217667167151 47.7839251533536 47.7550188186625 47.4524692759824 47.8283107519241 47.8496750844162 47.9767321273566 -9999 48.2050248132732 48.2803318971286 48.4200460306454 48.6016644185016 48.4958597858418 48.4451502517783 48.8437666842669 48.9806221229963 49.1292960602084 48.8642398354243 48.8998119350622 48.8010638903362 48.9180618948156 48.8550963043961 48.8237317528858 48.8807766209847
46.0252186974176 46.3045715987851 45.9645671803074 46.1846323764362 45.9706009177449 46.277873599532 46.2698259036628 46.4784287669044 46.5356921379624 46.6074942528245 46.6447811547532 46.4126057722656 46.9766556073509 47.1723613845686 46.94319693438 47.0512764682765 47.1151829493086 46.929725256666 46.5758144943414 47.1036293992404 47.2798038985041 47.0605987652057 47.0846402456807 47.2686726354743 47.2870222291388 47.3383642334266 47.4499236713753 47.6950861202569 47.7113794195191 47.8607306738884 47.7832429066556 47.8081928567029 47.9822514190392 48.0288196248509 48.07665947186 48.1600246676184 48.6030090351446 48.6776522520468 -9999 48.819337957783 48.4967729954648 48.5456131349746 48.879406839199 48.8015382609962 49.1064148651616 49.026383537225 48.9156619815242 48.8176065645144 48.8664405579781 48.9132542240496
46.2399846915564 46.2887495258374 46.2559212051766 46.2588397731914 46.3892166182968 46.514362582698 46.4838357660017 46.6742097916634 46.49459741318 46.5682139431608 46.6678918361658 46.6969336873292 46.9055884716111 46.6407537829139 46.6350164081851 46.8260122292409 46.7424122778055 46.9615827304047 47.0363365180392 47.0942714903592 47.2323872590385 47.1309154786836 47.1237394084375 47.2178377791851 47.2971343589046 47.2776475626833 47.3290802480533 47.382483668598 47.9483226511358 47.9280484605961 47.9140531190916 47.9126147902646 48.0343487894275 48.0004745275673 48.1000687600029 48.072362035889 48.2362979239918 48.2873850067523 48.4503115299554 48.6238838370257 48.7202343936731 48.3366261581273 48.8667093710149 48.6827648789635 48.9603655439262 48.9166922207927 48.9681174145419 48.895636906867 48.9366314911352 48.8116601577661
46.3634323520385 46.3512424314723 46.3353742126042 46.3792276954073 46.5384970861808 46.3056457980796 46.5592862405578 46.6380101083137 46.4746680488886 46.3824421121758 46.7935102006724 46.6515034758738 46.694335097925 46.7357851530352 47.0504578043503 47.078289809481 46.9625524961671 47.1084079463442 47.0942982608189 47.0747704392642 46.9081611149311 47.1754582617703 47.2376810463039 47.2957461732274 47.3278171111552 47.3410574354556 47.4356339261767 47.5310054624256 47.5696921969648 47.9585435496643 47.9129551123954 47.9203941122079 47.8944708319223 48.1070917398407 48.0664593224812 48.0269985047764 48.0862083779518 48.0746180114262 48.1501191416949 48.3811664311642 48.7816660830239 48.3507926406965 48.7709947733425 48.9388597471409 48.8293650719789 48.9043843187265 49.0979903557225 48.9930611833312 48.9449162854811 48.8719559374497
