rcp4.5models/MPi_ESM_LR/sc1gr2.31
NCOLS 261 
NROWS 433 
XLLCORNER 336357.134 
YLLCORNER 654653.479 
CELLSIZE 1000 
NODATA_value -3.4e+38 
[rows 264 to 285 of 433, columns 49 to 97 of 261]
301.671112060547 301.673187255859 301.675262451172 301.677429199219 302.082305908203 302.682525634766 302.685485839844 302.831787109375 303.164978027344 303.342742919922 303.229431152344 303.061370849609 303.571197509766 304.089935302734 303.705505371094 303.705383300781 303.704559326172 303.703033447266 303.926208496094 303.693908691406 303.837219238281 304.157623291016 304.443542480469 304.43212890625 304.049743652344 304.193267822266 304.661224365234 305.261383056641 305.624176025391 305.831481933594 305.575927734375 304.574493408203 304.714263916016 305.177581787109 305.757690429688 306.264129638672 306.123229980469 305.486999511719 305.849578857422 306.080352783203 305.599151611328 304.997344970703 304.609283447266 303.637481689453 303.878356933594 304.478851318359 302.311431884766 301.846649169922 300.686340332031
301.766052246094 301.769317626953 301.503448486328 301.383361816406 301.917785644531 302.127349853516 302.396942138672 302.534088134766 302.553039550781 303.415924072266 303.663116455078 303.193969726562 303.353790283203 304.032775878906 304.066802978516 304.197784423828 303.816223144531 303.567810058594 303.812622070312 303.809936523438 304.049621582031 304.570007324219 304.556518554688 304.026641845703 303.785003662109 303.777709960938 303.921234130859 304.775787353516 305.751525878906 305.513671875 306.042602539062 305.675231933594 305.063629150391 304.83740234375 305.684387207031 306.430847167969 305.896881103516 305.629760742188 305.772979736328 305.860992431641 305.590942382812 305.348846435547 304.601867675781 303.495483398438 302.738037109375 302.706756591797 301.736785888672 300.977020263672 298.560638427734
301.300018310547 301.169769287109 300.977691650391 300.983337402344 301.129425048828 301.607543945312 302.142425537109 302.012664794922 302.018463134766 301.907592773438 302.408996582031 303.394775390625 303.255645751953 303.043212890625 303.554748535156 304.460235595703 304.430328369141 303.803955078125 303.205261230469 303.830413818359 304.133850097656 303.821594238281 304.201965332031 304.281524658203 303.803161621094 303.907501220703 304.557586669922 305.049255371094 305.785919189453 305.375 305.154449462891 305.392700195312 305.155059814453 304.626953125 304.370178222656 304.973846435547 305.786651611328 305.680389404297 305.925140380859 305.916137695312 305.907653808594 305.733764648438 305.027496337891 303.490142822266 301.294036865234 299.342132568359 300.334411621094 301.738952636719 293.582214355469
300.681701660156 301.078460693359 301.085357666016 301.092254638672 301.099151611328 301.252105712891 301.734100341797 301.743804931641 302.397094726562 302.115509033203 301.698638916016 302.513763427734 302.263793945312 302.406555175781 303.464447021484 304.164642333984 304.398620605469 304.030181884766 303.432464599609 303.956909179688 303.93896484375 303.567596435547 303.812347412109 304.182373046875 304.02685546875 304.334686279297 305.258575439453 305.691040039062 306.009674072266 305.763153076172 304.913696289062 304.542816162109 304.611999511719 304.720520019531 304.711395263672 305.017883300781 305.7412109375 305.8701171875 305.727722167969 306.082214355469 305.852996826172 305.844970703125 305.163543701172 304.15673828125 303.203338623047 302.339233398438 302.164703369141 301.564727783203 294.347381591797
300.596862792969 301.188171386719 301.196380615234 301.204528808594 301.212646484375 301.493041992188 302.02734375 301.008209228516 302.017486572266 302.325744628906 302.317474365234 302.654113769531 302.134643554688 302.219879150391 302.918182373047 303.449340820312 303.676239013672 303.934875488281 304.090057373047 304.069915771484 303.549102783203 303.567504882812 304.090301513672 304.321868896484 304.078704833984 304.347259521484 305.712890625 306.076446533203 305.708129882812 305.547546386719 304.674743652344 303.465026855469 303.953430175781 305.285308837891 305.509918212891 305.63623046875 305.428039550781 305.517120361328 305.192749023438 305.085754394531 305.148651123047 305.147155761719 305.2451171875 305.245880126953 304.810668945312 303.345642089844 302.765747070312 301.410675048828 291.753967285156
300.710815429688 301.023742675781 300.926055908203 301.320037841797 301.329437255859 301.753997802734 302.348114013672 301.159362792969 301.787628173828 302.384582519531 302.540710449219 302.876525878906 302.785949707031 302.417205810547 302.831451416016 303.174987792969 303.063690185547 303.847534179688 303.830047607422 303.683166503906 303.459594726562 303.862976074219 304.46435546875 304.465850830078 304.068389892578 304.262268066406 305.622680664062 305.704345703125 305.464935302734 305.333587646484 305.271423339844 303.894866943359 304.351898193359 305.681793212891 306.19775390625 306.054260253906 305.669067382812 305.797088623047 305.048126220703 304.65869140625 304.950805664062 303.926025390625 304.007934570312 304.776123046875 303.393249511719 301.677795410156 301.102203369141 302.300201416016 294.338531494141
300.547607421875 300.891510009766 300.953643798828 301.056762695312 301.723663330078 301.985412597656 301.819641113281 301.491607666016 301.915954589844 302.246520996094 302.145629882812 302.680328369141 302.755096435547 302.549499511719 302.449981689453 302.412200927734 302.725067138672 303.361206054688 303.592895507812 303.598266601562 303.852447509766 304.130004882812 304.243560791016 304.614196777344 304.705413818359 304.905883789062 305.255432128906 305.380828857422 305.498016357422 306.138885498047 306.305023193359 305.344696044922 305.013763427734 305.779296875 306.258819580078 306.457733154297 306.13671875 305.869232177734 305.455871582031 305.36279296875 305.457397460938 302.666076660156 301.123870849609 301.690307617188 300.699737548828 300.586303710938 301.392028808594 302.65869140625 297.123626708984
301.188110351562 301.34130859375 301.126342773438 300.982116699219 301.7177734375 301.7861328125 301.596496582031 301.889465332031 302.155609130859 302.118774414062 302.177795410156 302.290832519531 302.675262451172 302.424407958984 301.912170410156 301.856597900391 302.085968017578 302.505065917969 303.11572265625 303.376281738281 303.905639648438 304.234466552734 304.779693603516 305.132415771484 305.173278808594 305.373931884766 305.179046630859 305.382049560547 305.100830078125 306.188934326172 306.429443359375 305.528991699219 303.764221191406 304.249542236328 305.006805419922 305.849822998047 306.050262451172 305.801879882812 305.804595947266 306.035064697266 306.394073486328 302.145172119141 300.409088134766 300.639190673828 301.2802734375 302.387786865234 303.509918212891 303.560119628906 298.389465332031
301.644744873047 301.658599853516 301.527526855469 301.487976074219 301.699066162109 301.712341308594 301.725524902344 302.170806884766 302.615295410156 302.300354003906 301.999755859375 302.217346191406 302.813446044922 302.673095703125 302.467315673828 302.216674804688 301.857299804688 302.021148681641 302.518524169922 303.302337646484 303.902313232422 304.066162109375 304.708953857422 305.154815673828 305.087463378906 305.169647216797 305.343322753906 305.544769287109 305.192321777344 305.599182128906 306.123596191406 304.7822265625 301.669982910156 301.234527587891 301.433990478516 302.287567138672 305.630737304688 306.222320556641 306.353454589844 306.166839599609 306.656219482422 302.251770019531 300.592132568359 301.401062011719 304.340148925781 305.009185791016 304.620483398438 303.954437255859 298.534057617188
301.484161376953 301.405487060547 301.798828125 301.813720703125 301.828491210938 301.843139648438 301.857666015625 302.035827636719 302.257263183594 302.122802734375 301.928314208984 302.093536376953 302.320190429688 302.335205078125 302.349853515625 302.210296630859 301.486450195312 301.2822265625 302.703857421875 303.823272705078 304.057861328125 304.067199707031 304.483551025391 305.333221435547 305.455017089844 305.100494384766 305.267120361328 304.864044189453 304.076904296875 305.295501708984 305.782623291016 305.026733398438 301.201232910156 299.475830078125 300.171173095703 300.461151123047 305.219573974609 306.351104736328 306.448486328125 306.205322265625 306.379302978516 304.772491455078 303.231231689453 303.710601806641 304.340454101562 304.035339355469 305.516296386719 304.157104492188 299.271423339844
301.0869140625 301.057800292969 301.270050048828 301.288635253906 301.307067871094 301.325347900391 301.343505859375 301.652618408203 302.039947509766 302.055297851562 302.070465087891 302.085418701172 302.365997314453 302.746948242188 302.759002685547 302.247467041016 301.479187011719 301.987945556641 303.127624511719 303.587127685547 303.854034423828 304.480529785156 304.759643554688 305.296478271484 306.100372314453 305.629821777344 305.278900146484 304.478240966797 303.297119140625 304.716064453125 304.648590087891 304.937377929688 302.966705322266 299.939422607422 300.760772705078 301.816223144531 304.938232421875 306.034759521484 306.39990234375 306.411987304688 306.425109863281 305.290344238281 304.193298339844 305.140838623047 304.461212158203 304.266021728516 306.176605224609 305.260986328125 303.378723144531
300.362030029297 300.66796875 301.060760498047 301.078582763672 300.815582275391 300.741638183594 300.853607177734 301.591247558594 302.182464599609 302.199249267578 302.215850830078 301.963775634766 302.035430908203 302.632263183594 302.649932861328 302.618743896484 302.457092285156 302.481567382812 303.716247558594 303.366973876953 303.538757324219 304.444122314453 304.994842529297 304.988342285156 305.821563720703 305.674713134766 305.207214355469 304.784759521484 304.435882568359 304.855377197266 303.8662109375 304.133178710938 304.721313476562 302.436431884766 300.956420898438 301.234191894531 304.272369384766 305.991455078125 306.608551025391 306.3935546875 305.830291748047 302.517486572266 302.904968261719 303.861846923828 304.403686523438 306.026611328125 305.843170166016 305.707855224609 306.273162841797
300.156677246094 300.324310302734 300.538452148438 300.843536376953 301.084594726562 301.054656982422 301.121246337891 301.461791992188 301.960052490234 302.073638916016 301.997650146484 301.958129882812 301.554962158203 302.052459716797 302.434600830078 302.608062744141 302.685485839844 302.745544433594 303.738159179688 303.531829833984 303.546997070312 303.881408691406 304.444854736328 304.751525878906 305.246795654297 305.370147705078 305.113861083984 305.411804199219 305.252532958984 304.796112060547 302.457092285156 302.863464355469 305.564422607422 304.767425537109 301.621459960938 298.373443603516 300.350463867188 304.444885253906 306.822021484375 306.443359375 305.693542480469 303.500885009766 303.865570068359 304.767791748047 305.109710693359 306.496704101562 306.226318359375 306.208679199219 306.903106689453
300.291534423828 300.312835693359 300.333892822266 300.504852294922 300.722808837891 301.027130126953 301.416290283203 301.456573486328 301.630279541016 301.702423095703 301.943115234375 302.109161376953 301.823944091797 302.361358642578 302.592437744141 302.611022949219 302.629333496094 303.067932128906 304.042907714844 303.442230224609 303.101654052734 303.630737304688 304.523590087891 304.767181396484 305.196472167969 305.387512207031 304.978240966797 304.981506347656 304.728179931641 304.302978515625 302.160552978516 302.570373535156 305.223358154297 305.780639648438 304.394226074219 302.351501464844 302.691436767578 304.940063476562 306.689880371094 306.894805908203 306.433685302734 304.645355224609 304.951446533203 306.191284179688 306.22314453125 306.425750732422 306.556671142578 306.281860351562 306.076385498047
300.087554931641 300.225738525391 300.617706298828 300.641693115234 300.951232910156 301.054565429688 301.148986816406 301.479766845703 301.141235351562 301.442504882812 301.553192138672 301.762145996094 302.233947753906 302.053558349609 302.557556152344 302.939422607422 302.961242675781 303.143096923828 303.406982421875 303.690002441406 304.326385498047 304.606872558594 303.823944091797 303.329254150391 304.025482177734 304.423248291016 305.210723876953 305.152008056641 303.737976074219 303.952392578125 302.940948486328 303.121459960938 305.582977294922 305.604461669922 306.143249511719 306.482147216797 306.538299560547 306.865661621094 307.020446777344 306.420471191406 306.314605712891 304.538360595703 304.398406982422 306.424224853516 306.494018554688 306.416900634766 306.806671142578 306.461151123047 305.683197021484
299.900177001953 299.889404296875 300.107635498047 300.424133300781 300.968078613281 301.036254882812 301.019561767578 301.758453369141 301.579650878906 301.759185791016 301.554626464844 301.877288818359 302.605072021484 302.060516357422 302.513824462891 303.108154296875 303.131744384766 302.889923095703 302.845916748047 303.387359619141 304.055908203125 304.236846923828 303.355743408203 303.089660644531 303.504028320312 304.174774169922 304.947204589844 305.124298095703 304.202911376953 304.541687011719 304.836578369141 304.569366455078 305.311004638672 304.915649414062 305.320373535156 305.975341796875 305.736846923828 306.163757324219 306.56494140625 306.154235839844 305.68359375 301.410858154297 301.909576416016 305.213592529297 304.635955810547 305.040313720703 306.844055175781 306.382110595703 305.558532714844
299.856628417969 299.884307861328 299.911712646484 300.092895507812 300.314971923828 300.630645751953 300.734466552734 301.711944580078 302.098754882812 302.124938964844 301.715454101562 301.770629882812 302.411407470703 302.228576660156 302.414855957031 302.115356445312 302.237426757812 302.902160644531 303.161773681641 303.406066894531 303.855499267578 304.292114257812 303.833923339844 303.506439208984 303.276611328125 303.624908447266 304.582336425781 304.523345947266 304.101196289062 305.213592529297 305.713500976562 305.496459960938 304.766326904297 303.797637939453 302.854248046875 302.888580322266 303.480621337891 304.695251464844 306.312866210938 306.048126220703 305.177520751953 300.299682617188 300.687866210938 303.271850585938 303.549468994141 304.505737304688 306.252624511719 306.165710449219 305.316223144531
299.869232177734 300.033325195312 300.062377929688 300.091217041016 300.119873046875 300.304504394531 300.373809814453 300.748992919922 301.262817382812 301.930938720703 302.157104492188 302.137786865234 302.096832275391 301.769989013672 302.071380615234 301.859741210938 302.130065917969 303.078338623047 303.298553466797 303.237579345703 304.043579101562 304.384429931641 303.896423339844 303.956573486328 303.911010742188 303.437408447266 303.829864501953 304.042175292969 303.838836669922 305.301025390625 305.332458496094 304.459747314453 303.534362792969 303.364776611328 301.231353759766 300.969787597656 303.188995361328 304.410095214844 306.162048339844 306.260528564453 305.493865966797 300.548767089844 300.375823974609 302.506042480469 303.669311523438 304.379669189453 305.661743164062 306.266754150391 305.553619384766
299.321807861328 299.698486328125 300.215393066406 300.245910644531 300.276214599609 300.306365966797 300.336395263672 300.396026611328 300.867584228516 301.615173339844 302.12890625 302.236450195312 301.19873046875 300.314788818359 301.056610107422 301.843353271484 302.257171630859 302.904724121094 302.8798828125 303.293487548828 303.358551025391 303.969177246094 304.215270996094 304.061614990234 303.637939453125 303.090087890625 303.75537109375 304.268676757812 304.645904541016 303.617767333984 302.817169189453 304.321594238281 304.566162109375 304.351715087891 301.872161865234 301.411590576172 303.181121826172 304.220550537109 305.432464599609 305.973602294922 305.455200195312 299.418518066406 299.208587646484 301.482727050781 302.510070800781 303.879425048828 305.678283691406 306.316711425781 304.991516113281
298.952789306641 299.069427490234 299.716491699219 300.044708251953 300.434875488281 300.466735839844 300.498443603516 300.491088867188 301.392120361328 301.624145507812 301.816741943359 301.891967773438 301.392913818359 300.730316162109 301.281463623047 302.435577392578 302.35791015625 302.522003173828 302.616973876953 302.305969238281 302.299377441406 303.363372802734 303.936492919922 303.834259033203 302.926452636719 302.751159667969 303.844055175781 304.646911621094 305.005676269531 302.714447021484 301.551177978516 304.717987060547 305.950439453125 305.371978759766 303.857299804688 302.651824951172 302.764099121094 303.463653564453 304.507781982422 304.196502685547 303.180847167969 298.992492675781 297.612915039062 298.919921875 300.587890625 303.556976318359 305.502593994141 305.741943359375 304.492431640625
298.645568847656 298.949249267578 299.528228759766 299.719909667969 300.239807128906 300.629364013672 300.662750244141 300.40478515625 300.770111083984 300.875701904297 301.122863769531 302.141357421875 302.246185302734 301.486633300781 301.288726806641 302.292022705078 302.5888671875 302.495483398438 303.040588378906 301.726196289062 301.791839599609 303.141937255859 303.775848388672 303.779510498047 303.765991210938 303.740509033203 304.426879882812 304.95068359375 304.703552246094 303.362823486328 302.532775878906 304.384918212891 305.312347412109 305.361328125 304.914520263672 304.102416992188 304.342437744141 303.014587402344 301.777130126953 301.863861083984 301.711853027344 298.01171875 296.506774902344 297.187347412109 299.70556640625 304.487762451172 305.546600341797 304.711608886719 304.099151611328
298.616058349609 298.809600830078 299.034515380859 299.6650390625 300.567230224609 300.501312255859 300.475860595703 300.449890136719 300.096313476562 300.170135498047 300.612945556641 301.5703125 301.649261474609 300.481750488281 299.265319824219 300.461700439453 301.802886962891 302.066040039062 303.020080566406 302.533294677734 302.435729980469 303.373229980469 303.684509277344 303.667907714844 303.670928955078 303.625030517578 304.179809570312 304.534973144531 304.434265136719 303.671325683594 301.638275146484 302.559692382812 304.894378662109 304.864715576172 303.975799560547 302.718994140625 303.131561279297 303.818908691406 302.698059082031 301.494415283203 302.005615234375 299.021118164062 298.199920654297 298.843536376953 301.859436035156 305.457946777344 306.139801025391 304.726165771484 304.319793701172
