rcp4.5models/MPi_ESM_LR/sc1gr5.18
NCOLS 261 
NROWS 433 
XLLCORNER 336357.134 
YLLCORNER 654653.479 
CELLSIZE 1000 
NODATA_value -3.4e+38 
[rows 88 to 109 of 433, columns 49 to 97 of 261]
-3.4e+38 -3.4e+38 -3.4e+38 -3.4e+38 -3.4e+38 -3.4e+38 -3.4e+38 -3.4e+38 -3.4e+38 -3.4e+38 282.504791259766 -3.4e+38 282.578674316406 282.658020019531 282.580047607422 282.608856201172 282.595489501953 282.693054199219 282.642944335938 282.211486816406 282.101776123047 282.145782470703 282.025177001953 281.937377929688 282.193206787109 282.221496582031 282.186431884766 282.492889404297 282.411865234375 282.348388671875 282.370178222656 282.286102294922 -3.4e+38 282.659576416016 282.572326660156 282.583190917969 282.331268310547 282.247009277344 282.302093505859 281.9951171875 281.77685546875 281.204345703125 281.019165039062 280.963897705078 280.900177001953 281.082672119141 280.844299316406 281.071044921875 281.298767089844
-3.4e+38 -3.4e+38 -3.4e+38 -3.4e+38 -3.4e+38 -3.4e+38 -3.4e+38 -3.4e+38 -3.4e+38 -3.4e+38 282.492980957031 282.641387939453 282.567565917969 282.481750488281 282.464935302734 282.495758056641 282.527801513672 282.835327148438 282.280578613281 281.760406494141 281.680358886719 281.757110595703 281.900573730469 281.878082275391 282.007446289062 282.148986816406 281.894012451172 281.910247802734 281.70947265625 281.931091308594 281.738739013672 281.982666015625 282.002716064453 281.921142578125 282.109375 282.237915039062 282.253997802734 282.221008300781 282.285583496094 282.139282226562 282.120086669922 281.188812255859 281.109497070312 280.664154052734 280.602203369141 281.082702636719 281.138488769531 281.112640380859 280.621307373047
-3.4e+38 -3.4e+38 -3.4e+38 -3.4e+38 -3.4e+38 -3.4e+38 -3.4e+38 -3.4e+38 -3.4e+38 -3.4e+38 282.473419189453 282.668243408203 282.436859130859 282.413543701172 282.444854736328 282.477325439453 282.623809814453 282.86767578125 281.997467041016 281.178070068359 281.652099609375 281.686981201172 281.994720458984 282.023681640625 281.935272216797 281.898101806641 281.477661132812 281.451232910156 281.482513427734 281.523376464844 281.440216064453 281.454559326172 281.263061523438 281.394500732422 281.421936035156 281.610534667969 281.809967041016 282.25146484375 282.27490234375 282.373779296875 281.948913574219 281.477172851562 281.236480712891 281.18408203125 281.284881591797 281.118011474609 280.627838134766 280.998840332031 280.152465820312
-3.4e+38 -3.4e+38 -3.4e+38 -3.4e+38 -3.4e+38 -3.4e+38 -3.4e+38 -3.4e+38 -3.4e+38 282.566162109375 282.602783203125 282.363220214844 282.225830078125 282.368591308594 282.56689453125 282.766174316406 282.572113037109 281.974182128906 281.841033935547 281.673645019531 281.782318115234 282.041046142578 282.005035400391 282.031524658203 281.827667236328 281.636535644531 281.774108886719 281.682647705078 281.427337646484 281.365539550781 281.152893066406 280.569702148438 280.327087402344 280.433959960938 281.285247802734 280.675262451172 280.873626708984 281.284576416016 281.749359130859 282.124664306641 282.070678710938 281.740142822266 281.94580078125 281.781616210938 281.236968994141 280.821594238281 279.959442138672 280.023254394531 280.029602050781
-3.4e+38 -3.4e+38 -3.4e+38 -3.4e+38 -3.4e+38 -3.4e+38 -3.4e+38 -3.4e+38 282.498474121094 282.546142578125 282.351379394531 282.172424316406 282.268951416016 282.465759277344 282.665191650391 282.748504638672 282.455413818359 282.353546142578 281.993286132812 281.670013427734 281.760314941406 282.005096435547 282.212615966797 281.778137207031 281.587615966797 281.786926269531 281.635803222656 281.494323730469 281.410064697266 281.231170654297 281.120758056641 280.223815917969 280.247009277344 280.340393066406 280.815612792969 280.197662353516 280.305358886719 281.037658691406 281.603698730469 282.050598144531 282.142730712891 281.65771484375 281.739105224609 281.171997070312 280.962738037109 280.794860839844 280.556945800781 279.817779541016 280.163970947266
-3.4e+38 -3.4e+38 -3.4e+38 -3.4e+38 -3.4e+38 281.990264892578 282.034210205078 282.389892578125 -3.4e+38 282.177459716797 282.110626220703 282.213287353516 282.410827636719 282.495239257812 282.691345214844 282.496459960938 281.849578857422 -3.4e+38 -3.4e+38 281.778045654297 281.968872070312 282.162689208984 282.061187744141 281.995422363281 -3.4e+38 281.868072509766 281.784240722656 281.529693603516 281.436187744141 281.254730224609 280.840942382812 280.868347167969 280.883331298828 280.781677246094 280.461120605469 280.012664794922 280.288360595703 281.185546875 280.945037841797 281.719787597656 282.176147460938 281.672546386719 281.661590576172 281.326599121094 280.977203369141 280.859710693359 280.501953125 280.222717285156 280.689819335938
-3.4e+38 -3.4e+38 -3.4e+38 -3.4e+38 281.9248046875 -3.4e+38 282.011474609375 282.422180175781 282.232818603516 282.012542724609 282.154113769531 282.354187011719 282.439147949219 282.473846435547 282.437133789062 282.373260498047 281.584136962891 281.878845214844 281.873626708984 281.737121582031 282.046234130859 282.125091552734 281.820037841797 282.125823974609 -3.4e+38 -3.4e+38 282.085266113281 281.447479248047 281.521942138672 280.836669921875 280.558624267578 281.1484375 280.527801513672 280.589202880859 280.281860351562 280.145263671875 280.322845458984 281.219757080078 280.125915527344 281.620056152344 281.941345214844 281.703399658203 281.665252685547 281.021301269531 280.973236083984 281.008514404297 280.794799804688 280.792755126953 280.978149414062
-3.4e+38 -3.4e+38 -3.4e+38 -3.4e+38 281.897247314453 281.943634033203 282.103820800781 282.164611816406 281.995239257812 282.096343994141 282.179504394531 282.377532958984 282.416809082031 282.449981689453 282.435394287109 281.769317626953 281.780487060547 281.790832519531 281.915557861328 281.893920898438 282.022125244141 281.932739257812 281.625091552734 281.300109863281 281.504272460938 281.635650634766 -3.4e+38 281.811401367188 281.441467285156 280.730346679688 281.224914550781 280.806762695312 280.70166015625 280.230010986328 279.995452880859 280.225158691406 280.261932373047 280.606292724609 280.690582275391 281.305877685547 281.394989013672 281.667236328125 281.538208007812 281.046112060547 281.288299560547 281.077911376953 281.259368896484 280.996276855469 280.699401855469
-3.4e+38 281.886688232422 281.778167724609 281.940887451172 281.762359619141 281.912200927734 282.120971679688 282.046142578125 282.039154052734 282.118621826172 282.272766113281 282.356658935547 282.392059326172 282.308868408203 282.455078125 281.737976074219 281.735412597656 281.716766357422 281.824645996094 281.852844238281 281.880126953125 281.622406005859 280.974761962891 281.023498535156 281.040649414062 281.177307128906 281.152984619141 281.673095703125 281.927734375 281.289093017578 280.905792236328 280.421478271484 281.066284179688 280.681823730469 280.076599121094 280.301391601562 280.221527099609 280.346618652344 280.46923828125 281.107391357422 281.251434326172 281.641723632812 281.600128173828 281.577362060547 281.271728515625 280.980529785156 281.595764160156 281.581939697266 280.558471679688
281.641845703125 281.736633300781 281.751281738281 281.722045898438 281.801086425781 282.007019042969 281.983795166016 282.018280029297 282.057006835938 282.211090087891 282.295837402344 282.332275390625 282.249725341797 282.233673095703 282.312255859375 281.804138183594 281.662170410156 281.690277099609 281.748199462891 281.775177001953 281.109588623047 281.264251708984 281.033386230469 280.93505859375 281.020446777344 280.983642578125 280.967498779297 281.496978759766 282.156066894531 281.199340820312 280.899627685547 280.824798583984 281.077758789062 280.396423339844 280.152313232422 280.227783203125 280.286895751953 280.151702880859 280.199523925781 280.770355224609 281.175933837891 281.716125488281 281.652008056641 281.897644042969 281.680267333984 281.588317871094 281.659484863281 281.398071289062 280.567047119141
281.62841796875 281.788665771484 281.728973388672 281.730834960938 281.934417724609 282.029663085938 281.915863037109 281.991241455078 282.147094726562 282.232849121094 282.153564453125 282.185821533203 282.290710449219 281.857879638672 281.882873535156 281.654663085938 281.517333984375 281.662750244141 281.720672607422 281.051544189453 280.778472900391 281.13623046875 281.158050537109 280.855377197266 280.928894042969 280.785217285156 280.614654541016 281.686798095703 282.014434814453 281.354583740234 281.365844726562 281.167236328125 281.055023193359 280.548980712891 280.689239501953 280.997100830078 280.645812988281 280.53759765625 280.307983398438 280.466674804688 280.984252929688 281.739837646484 281.618194580078 281.838958740234 281.842132568359 281.726379394531 281.397552490234 281.02734375 280.855895996094
281.608520507812 281.683776855469 281.814514160156 281.867401123047 281.838409423828 281.880859375 281.882476806641 282.080535888672 282.050262451172 282.0859375 282.077209472656 282.228302001953 282.428131103516 281.6904296875 281.593719482422 281.458892822266 281.673217773438 281.635955810547 280.993804931641 280.605773925781 280.750213623047 280.995727539062 281.243896484375 280.938568115234 280.849975585938 280.819915771484 280.747894287109 281.093383789062 281.603820800781 281.489318847656 281.510620117188 281.503601074219 280.940490722656 280.961791992188 281.049133300781 281.306121826172 280.896240234375 280.806701660156 280.741363525391 280.464721679688 280.679534912109 281.419860839844 281.681243896484 281.72998046875 281.560546875 281.690887451172 281.503784179688 281.594879150391 281.528533935547
281.568450927734 281.615783691406 281.824798583984 281.763977050781 281.764282226562 281.807952880859 281.851745605469 281.978393554688 281.974700927734 282.011077880859 282.164794921875 282.131164550781 282.093902587891 281.304473876953 281.513671875 281.38134765625 281.508758544922 280.905151367188 280.548706054688 280.643005371094 280.835540771484 280.9140625 281.04052734375 280.962738037109 280.933258056641 280.846160888672 280.868255615234 280.864715576172 281.632720947266 281.450042724609 281.249908447266 281.103851318359 280.962432861328 280.930084228516 280.914855957031 280.398681640625 280.90478515625 280.550720214844 280.3916015625 280.060668945312 280.31591796875 281.070831298828 281.006927490234 281.561553955078 281.0859375 281.241912841797 281.595611572266 281.714965820312 281.663024902344
281.535186767578 281.705078125 281.801696777344 281.810974121094 281.737701416016 281.660247802734 281.817840576172 282.0224609375 281.946838378906 282.099182128906 282.066162109375 281.818969726562 281.449951171875 280.889495849609 281.364715576172 280.881896972656 281.498107910156 281.161956787109 280.586090087891 280.779266357422 280.856567382812 280.882995605469 280.904266357422 280.7080078125 280.846343994141 -3.4e+38 280.836120605469 280.774993896484 281.502319335938 281.511199951172 280.8935546875 280.922912597656 281.092010498047 280.947021484375 280.809051513672 280.044952392578 280.886474609375 280.719512939453 280.385284423828 279.897888183594 280.059906005859 280.869201660156 280.750427246094 281.106628417969 281.240478515625 280.790832519531 281.072967529297 281.550140380859 281.446533203125
281.624298095703 281.721771240234 281.655212402344 281.698822021484 281.585754394531 281.700836181641 281.790069580078 282.039672851562 282.035064697266 281.9990234375 282.106292724609 281.695892333984 281.111633300781 280.995422363281 281.40576171875 281.243225097656 281.517059326172 280.678497314453 280.606750488281 280.799346923828 280.826293945312 280.846069335938 280.537292480469 280.674285888672 280.320190429688 280.826385498047 280.479217529297 280.794250488281 281.25732421875 281.099517822266 280.759826660156 280.947296142578 281.122009277344 281.078369140625 280.915771484375 280.539184570312 280.201904296875 280.126342773438 280.246368408203 280.323944091797 280.043670654297 280.595428466797 280.81494140625 280.956634521484 281.275177001953 281.144195556641 280.619812011719 281.025177001953 281.268890380859
281.493896484375 281.378051757812 281.421234130859 281.546661376953 281.638122558594 281.684631347656 281.846893310547 281.859100341797 281.941680908203 281.889434814453 281.333312988281 281.057739257812 280.781829833984 280.624938964844 280.636932373047 280.62255859375 281.053466796875 280.905090332031 281.328765869141 280.622894287109 280.736389160156 280.049774169922 279.658660888672 280.044464111328 279.86474609375 279.894256591797 280.105102539062 280.941314697266 281.107818603516 280.832977294922 280.84765625 280.759643554688 280.713500976562 280.535339355469 280.710998535156 280.770721435547 280.640502929688 280.737213134766 280.47705078125 280.339996337891 279.588623046875 279.494781494141 280.489410400391 280.843048095703 280.617736816406 280.787872314453 280.37841796875 280.3544921875 280.937652587891
281.295257568359 281.298492431641 281.465362548828 281.559265136719 281.726165771484 281.6552734375 281.739440917969 281.776947021484 281.817535400391 281.736907958984 280.946716308594 281.046447753906 281.033111572266 280.377349853516 280.360870361328 280.275939941406 280.462097167969 281.354156494141 281.265106201172 280.537628173828 280.559722900391 280.371429443359 279.954254150391 279.804138183594 279.722381591797 279.8515625 279.806671142578 280.789123535156 280.814270019531 280.899597167969 280.669219970703 279.995758056641 279.822540283203 280.083618164062 280.627899169922 280.721252441406 280.408538818359 280.790496826172 280.859008789062 280.254699707031 279.585266113281 279.174682617188 280.144256591797 280.496520996094 280.481536865234 280.736907958984 280.681854248047 280.259735107422 280.341400146484
281.340026855469 281.507904052734 281.721649169922 281.654327392578 281.620208740234 281.619903564453 281.662292480469 281.744232177734 -3.4e+38 -3.4e+38 281.101715087891 281.180084228516 281.214263916016 280.885375976562 280.210601806641 280.311279296875 280.460052490234 280.720123291016 280.676391601562 280.504547119141 280.534240722656 280.667755126953 280.512054443359 279.662628173828 279.743408203125 279.711608886719 279.824829101562 -3.4e+38 280.608551025391 -3.4e+38 280.698944091797 280.146575927734 279.418762207031 279.257019042969 280.291076660156 280.068450927734 280.227569580078 280.225067138672 -3.4e+38 280.349700927734 279.931488037109 279.610107421875 279.454742431641 279.962493896484 280.403411865234 280.815490722656 280.808441162109 280.215789794922 280.183502197266
281.592102050781 281.567169189453 281.655364990234 281.662017822266 281.544281005859 281.585083007812 281.628387451172 -3.4e+38 -3.4e+38 -3.4e+38 281.517608642578 281.075378417969 280.872772216797 280.973419189453 280.246673583984 280.444915771484 280.637817382812 280.500854492188 280.221923828125 280.698699951172 280.613983154297 280.669342041016 280.018035888672 279.689666748047 279.758239746094 279.633483886719 279.954162597656 280.602294921875 280.40771484375 280.718200683594 280.496826171875 279.974639892578 279.620422363281 278.840423583984 279.310424804688 279.691467285156 279.818084716797 279.270629882812 279.844329833984 280.400482177734 280.302337646484 279.680328369141 279.212341308594 279.999420166016 -3.4e+38 280.538238525391 280.688690185547 280.280303955078 280.195068359375
281.530059814453 281.532135009766 281.579467773438 281.386871337891 281.384582519531 281.548461914062 -3.4e+38 -3.4e+38 -3.4e+38 -3.4e+38 281.623840332031 280.7548828125 280.812622070312 280.894348144531 280.961761474609 280.574462890625 280.535827636719 280.401031494141 280.196228027344 280.428649902344 280.629791259766 280.630554199219 279.901428222656 279.701629638672 279.619232177734 279.704864501953 279.877960205078 280.846130371094 280.621520996094 280.310455322266 280.342437744141 279.729278564453 279.578155517578 278.656585693359 278.60986328125 279.1298828125 279.502838134766 278.997528076172 279.596282958984 280.327423095703 279.850646972656 279.265594482422 279.356170654297 279.816802978516 280.074249267578 280.155670166016 280.733154296875 280.578338623047 280.158630371094
281.456726074219 281.49658203125 281.304382324219 281.380767822266 281.426879882812 281.515014648438 -3.4e+38 -3.4e+38 -3.4e+38 -3.4e+38 281.826324462891 281.216766357422 280.827087402344 281.095947265625 281.213470458984 280.350891113281 280.108673095703 280.430725097656 280.438446044922 280.464752197266 280.479827880859 280.474853515625 279.633148193359 279.564208984375 279.747436523438 279.615936279297 279.894805908203 280.703033447266 280.612548828125 279.864196777344 280.451416015625 280.308837890625 279.491516113281 278.677398681641 278.634216308594 278.590179443359 278.9990234375 278.825500488281 279.632385253906 279.997711181641 279.802825927734 279.037658691406 279.047241210938 279.8193359375 280.140350341797 280.2783203125 280.583129882812 280.715362548828 280.202026367188
281.421234130859 281.220428466797 281.298980712891 281.389373779297 281.435852050781 281.480194091797 281.523254394531 -3.4e+38 281.811370849609 -3.4e+38 281.646759033203 281.422119140625 281.495208740234 281.038604736328 281.065338134766 280.677001953125 280.040161132812 280.330261230469 280.5048828125 280.527008056641 280.396301269531 280.491119384766 279.457427978516 279.808990478516 279.815704345703 279.634033203125 279.782257080078 280.236633300781 280.417175292969 279.648986816406 280.045715332031 280.127532958984 278.843536376953 278.701782226562 278.702514648438 278.522125244141 278.640380859375 278.6982421875 279.694580078125 279.384765625 279.509674072266 279.393981933594 279.096038818359 279.858245849609 279.817687988281 280.096008300781 280.332427978516 280.566650390625 280.026245117188
