rcp4.5models/MPi_ESM_LR/sc1gr3.23
NCOLS 261 
NROWS 433 
XLLCORNER 336357.134 
YLLCORNER 654653.479 
CELLSIZE 1000 
NODATA_value -3.4e+38 
[rows 352 to 373 of 433, columns 49 to 97 of 261]
285.587524414062 286.243194580078 286.792938232422 286.798858642578 286.773345947266 286.71484375 286.768432617188 286.488220214844 286.705749511719 286.697448730469 286.449279785156 286.759002685547 286.785003662109 286.764892578125 286.990539550781 286.9541015625 286.911865234375 286.755950927734 285.172515869141 286.287414550781 286.803680419922 286.4423828125 286.496765136719 286.660034179688 286.696258544922 284.42333984375 284.786865234375 283.313690185547 281.214630126953 281.852966308594 280.83251953125 279.484313964844 275.847412109375 271.880340576172 271.648162841797 276.181915283203 281.973114013672 282.543395996094 282.345397949219 277.668182373047 266.814056396484 279.354278564453 285.096374511719 285.534393310547 285.605316162109 285.745239257812 286.381561279297 285.456329345703 283.5361328125
286.071350097656 286.331878662109 286.685638427734 286.675750732422 286.740661621094 286.8330078125 286.860015869141 286.229461669922 286.284484863281 286.512542724609 286.696807861328 286.778686523438 286.852142333984 286.802642822266 286.785034179688 286.672760009766 286.694061279297 286.70849609375 286.065948486328 286.945037841797 286.753601074219 286.588256835938 286.108062744141 286.278503417969 286.773071289062 286.313385009766 286.067657470703 286.468231201172 286.488586425781 282.290405273438 280.422332763672 280.563934326172 280.513061523438 275.378082275391 270.859344482422 272.373596191406 278.107360839844 282.712829589844 284.110229492188 280.490997314453 268.768524169922 273.082183837891 281.656585693359 285.243927001953 284.691284179688 284.394927978516 286.042114257812 286.645141601562 283.631378173828
286.034820556641 286.271148681641 286.663208007812 286.740386962891 286.7587890625 286.896362304688 286.940795898438 286.642517089844 286.601135253906 286.780242919922 286.863250732422 286.679748535156 286.765869140625 286.840606689453 286.588134765625 286.522369384766 286.522888183594 286.775634765625 286.115631103516 286.451080322266 286.607727050781 286.696319580078 286.469848632812 285.548156738281 285.476715087891 286.329559326172 286.537536621094 286.240051269531 286.262329101562 281.605010986328 279.485321044922 281.261627197266 282.049926757812 276.776611328125 271.060852050781 269.763732910156 271.589752197266 277.4765625 282.896118164062 281.856140136719 274.031188964844 261.740875244141 273.962127685547 283.578582763672 285.703216552734 282.852478027344 283.095947265625 286.084411621094 284.196228027344
285.749633789062 286.235565185547 286.601226806641 286.692504882812 286.681640625 286.785614013672 286.925659179688 286.911773681641 286.895355224609 286.900604248047 286.926574707031 286.626708984375 286.466583251953 286.837768554688 286.935211181641 286.633148193359 286.252899169922 286.634552001953 284.514343261719 285.167449951172 286.849273681641 286.68896484375 286.877532958984 285.947052001953 285.670715332031 286.503997802734 286.829681396484 286.2373046875 286.272064208984 284.889801025391 281.75830078125 282.871459960938 284.289611816406 281.210998535156 278.864440917969 272.235229492188 267.751190185547 271.033538818359 277.339569091797 281.967529296875 278.518035888672 256.488739013672 261.582122802734 274.994903564453 283.696197509766 282.35693359375 280.366851806641 282.472686767578 283.486663818359
285.71240234375 286.367095947266 286.641998291016 286.670196533203 286.7216796875 286.384216308594 285.924865722656 287.042327880859 286.711608886719 286.483489990234 286.051574707031 286.356597900391 286.329528808594 286.415740966797 286.639465332031 285.900146484375 285.875274658203 286.114959716797 284.167572021484 285.019165039062 286.701812744141 285.610168457031 284.773681640625 285.272186279297 286.356903076172 286.229583740234 286.475616455078 286.712432861328 286.590026855469 286.330139160156 283.816833496094 282.451416015625 281.904754638672 280.636016845703 281.422302246094 278.561126708984 274.425872802734 273.467102050781 275.485687255859 281.108337402344 282.415863037109 262.965515136719 256.976348876953 265.567993164062 277.324096679688 280.740844726562 278.708801269531 278.173095703125 280.821685791016
286.289733886719 286.656524658203 286.407684326172 286.553771972656 286.736968994141 286.171905517578 285.279296875 287.070068359375 286.677459716797 286.509033203125 286.416687011719 286.720886230469 286.446533203125 284.477844238281 285.137451171875 285.587707519531 284.888427734375 285.524749755859 284.9765625 285.182983398438 285.655731201172 285.832244873047 282.392761230469 283.280090332031 286.126037597656 283.481292724609 284.470153808594 286.901519775391 286.718872070312 286.932708740234 283.308685302734 278.757720947266 277.200653076172 276.196960449219 278.258941650391 280.003540039062 278.789459228516 276.371063232422 275.088043212891 277.798980712891 280.853698730469 273.978729248047 262.634887695312 259.811492919922 267.816741943359 276.071075439453 279.457580566406 278.564697265625 279.469299316406
286.805694580078 286.494445800781 286.071136474609 286.113067626953 286.566070556641 286.224243164062 285.65478515625 286.473327636719 286.3662109375 286.489990234375 287.028625488281 286.2392578125 285.238525390625 284.490173339844 283.134246826172 283.204437255859 282.631774902344 282.911071777344 284.319305419922 285.964721679688 284.615875244141 285.459320068359 281.608062744141 282.713195800781 285.466033935547 282.704895019531 284.340667724609 286.88525390625 286.875854492188 286.936859130859 284.750610351562 277.391479492188 274.223419189453 274.963165283203 276.40478515625 277.633697509766 277.827758789062 276.424743652344 273.527984619141 273.642028808594 273.707153320312 278.916198730469 269.637634277344 257.823760986328 259.285369873047 269.011749267578 278.050964355469 281.178558349609 279.889312744141
286.503570556641 286.039184570312 285.954162597656 286.302734375 286.0302734375 285.919952392578 285.275482177734 286.186401367188 286.356292724609 286.822509765625 286.888519287109 284.010986328125 281.453887939453 284.428070068359 282.510070800781 280.071319580078 280.566009521484 281.284790039062 285.6142578125 286.908142089844 285.768005371094 285.773620605469 284.568878173828 284.944244384766 285.546966552734 282.521850585938 281.439208984375 284.859588623047 287.048248291016 286.792083740234 286.942962646484 281.298248291016 275.2275390625 274.677215576172 275.438568115234 275.773406982422 277.497741699219 276.403686523438 270.721862792969 270.787963867188 271.027130126953 275.300384521484 274.600891113281 265.175018310547 261.292205810547 262.772125244141 269.899841308594 279.005828857422 281.477996826172
286.518280029297 286.157867431641 286.568145751953 286.388824462891 285.696807861328 285.613464355469 285.607025146484 286.732269287109 286.497924804688 285.172576904297 283.362609863281 282.047088623047 281.559112548828 281.798309326172 281.838775634766 279.629516601562 279.462951660156 281.267028808594 281.591339111328 284.715881347656 285.694091796875 285.935485839844 283.640106201172 283.965393066406 281.999877929688 280.357391357422 280.890686035156 282.286163330078 285.009155273438 286.160614013672 286.294799804688 285.025177001953 281.383514404297 278.221313476562 278.250579833984 276.109924316406 275.5556640625 276.356048583984 272.144287109375 268.892517089844 271.269805908203 271.436767578125 274.738616943359 275.583862304688 274.192535400391 270.670776367188 267.533416748047 266.034637451172 267.228912353516
286.533996582031 286.320922851562 286.530914306641 286.337738037109 285.662017822266 285.687805175781 285.570129394531 286.4912109375 286.400756835938 285.625885009766 283.636688232422 282.413879394531 282.389007568359 282.587982177734 280.760009765625 282.154602050781 282.905395507812 280.124053955078 282.425872802734 283.937774658203 285.341003417969 285.622955322266 283.759063720703 284.190795898438 282.714721679688 282.355224609375 281.968048095703 281.114227294922 284.354125976562 286.310638427734 286.076690673828 285.939178466797 285.082275390625 281.6748046875 279.632019042969 277.885314941406 274.845947265625 273.406982421875 270.439666748047 267.560180664062 268.377075195312 271.352020263672 272.396697998047 273.555633544922 272.422973632812 270.661987304688 269.962463378906 269.062194824219 265.325622558594
286.075256347656 286.25244140625 286.336944580078 286.299621582031 286.075469970703 286.1279296875 286.046112060547 286.285675048828 286.217498779297 285.649444580078 284.391143798828 282.998443603516 280.840270996094 280.869476318359 280.521362304688 283.223937988281 284.250854492188 281.934875488281 284.686126708984 284.822204589844 285.637847900391 286.142120361328 285.924072265625 284.728546142578 284.477874755859 284.370788574219 281.579376220703 281.469665527344 283.977111816406 286.392303466797 285.704132080078 286.175018310547 286.623229980469 283.282806396484 279.265563964844 276.799865722656 274.359985351562 272.227478027344 270.634368896484 269.155975341797 267.715515136719 272.800079345703 271.820739746094 272.884887695312 272.074005126953 269.729553222656 269.583404541016 270.941467285156 269.915588378906
-3.4e+38 286.101531982422 286.577453613281 286.919952392578 286.977935791016 286.525817871094 286.028869628906 286.227508544922 285.855407714844 285.055267333984 284.552215576172 283.220855712891 280.346801757812 279.513061523438 280.691375732422 282.552307128906 283.773345947266 283.130767822266 285.371429443359 286.262237548828 286.207977294922 286.631225585938 285.383697509766 283.430145263672 284.8671875 284.373138427734 280.934661865234 282.692291259766 284.615478515625 286.536346435547 285.939147949219 285.289581298828 285.795013427734 285.306060791016 283.303344726562 279.186676025391 276.204345703125 272.927917480469 271.398864746094 270.49462890625 268.508087158203 272.861419677734 273.761322021484 273.337249755859 272.747741699219 270.359130859375 267.433990478516 269.082611083984 272.729125976562
-3.4e+38 285.943511962891 286.416381835938 286.881561279297 286.898834228516 286.565399169922 286.067565917969 285.857604980469 285.968536376953 284.695465087891 284.213104248047 282.612152099609 281.753845214844 281.094787597656 282.315856933594 282.624908447266 284.370910644531 283.733947753906 284.573333740234 285.600952148438 285.745544433594 286.552734375 285.401092529297 283.351684570312 283.927581787109 282.907531738281 280.931274414062 283.806823730469 285.924224853516 286.141448974609 286.640869140625 285.396179199219 285.402069091797 286.233734130859 283.837249755859 281.593963623047 280.061248779297 275.961303710938 273.009307861328 271.928253173828 270.399780273438 272.243438720703 275.452545166016 274.950775146484 274.236358642578 272.533935546875 269.302520751953 269.769592285156 273.186340332031
-3.4e+38 285.957946777344 285.819763183594 286.206634521484 286.419708251953 286.462280273438 286.079223632812 285.8203125 285.669311523438 285.106231689453 284.196960449219 281.938140869141 281.822631835938 283.756042480469 285.368774414062 284.916290283203 285.405792236328 284.317565917969 285.485473632812 285.665771484375 285.644012451172 284.920379638672 285.424530029297 285.680938720703 285.310424804688 281.8603515625 280.273101806641 283.271026611328 285.712127685547 283.564727783203 285.158172607422 286.230743408203 285.153167724609 285.583618164062 283.596954345703 280.626495361328 279.36376953125 277.819549560547 275.072814941406 272.923126220703 272.373077392578 273.039581298828 274.888000488281 275.559661865234 274.236358642578 273.227966308594 272.853973388672 272.710266113281 273.676483154297
-3.4e+38 -3.4e+38 285.894226074219 286.108734130859 286.017791748047 285.898986816406 285.742401123047 286.356414794922 285.706207275391 285.516296386719 285.105316162109 284.117706298828 283.247192382812 284.398590087891 286.065002441406 286.415863037109 286.058013916016 285.455688476562 286.191101074219 285.883087158203 286.01171875 284.582794189453 285.464477539062 286.555389404297 285.246795654297 283.412261962891 282.046569824219 282.917877197266 284.933166503906 284.219665527344 285.246307373047 286.537292480469 284.990234375 284.151245117188 284.552429199219 280.268859863281 276.216400146484 278.048553466797 275.299072265625 270.511505126953 269.979583740234 271.230865478516 271.038360595703 274.580657958984 274.959747314453 274.406677246094 274.499176025391 274.409149169922 274.207763671875
-3.4e+38 -3.4e+38 285.841644287109 285.891906738281 285.8671875 285.644348144531 285.916198730469 286.599761962891 285.927154541016 285.992492675781 285.553070068359 285.490051269531 285.057281494141 284.977569580078 286.018188476562 286.537689208984 286.139099121094 285.992889404297 285.220886230469 283.657958984375 284.230346679688 284.381652832031 284.073669433594 285.483184814453 282.795166015625 282.599639892578 282.314880371094 281.204284667969 283.894989013672 286.175140380859 286.324493408203 286.695739746094 285.929412841797 284.408386230469 283.790313720703 281.153076171875 275.643646240234 274.755432128906 274.137420654297 270.347076416016 266.989196777344 270.380401611328 268.881256103516 271.8828125 274.34716796875 274.659027099609 274.261444091797 274.456085205078 274.052917480469
-3.4e+38 -3.4e+38 285.565704345703 285.587615966797 285.476531982422 285.932586669922 286.379760742188 286.423187255859 286.021606445312 286.313171386719 285.921936035156 285.636535644531 285.64501953125 285.607208251953 285.887603759766 286.022399902344 286.146026611328 286.40625 283.969757080078 281.677062988281 281.872497558594 282.235412597656 281.463104248047 284.298370361328 282.985198974609 281.246612548828 281.793853759766 280.350555419922 282.121520996094 286.093658447266 286.217224121094 286.495819091797 286.268402099609 284.495941162109 280.375671386719 277.668975830078 274.752197265625 273.145294189453 272.872467041016 271.569488525391 267.003509521484 269.573455810547 268.805236816406 270.589263916016 271.682098388672 272.309661865234 274.086975097656 274.222076416016 272.501434326172
-3.4e+38 -3.4e+38 286.130737304688 285.404296875 285.461669921875 286.116516113281 286.676116943359 286.192626953125 285.9453125 286.057403564453 286.243194580078 284.096588134766 285.036529541016 286.310913085938 286.262481689453 285.55419921875 285.739807128906 286.242462158203 283.908264160156 280.498413085938 280.278747558594 280.665649414062 280.575622558594 282.632659912109 283.58837890625 281.292877197266 281.114807128906 280.674011230469 279.542510986328 285.254699707031 286.081726074219 286.086151123047 286.090972900391 284.040832519531 279.495391845703 276.142059326172 275.667663574219 275.746704101562 272.849548339844 272.088989257812 270.492431640625 267.752014160156 269.989532470703 270.334320068359 269.462371826172 268.981994628906 270.838714599609 273.483947753906 273.710968017578
-3.4e+38 -3.4e+38 286.066497802734 285.750457763672 286.120513916016 286.371643066406 286.629577636719 286.167724609375 285.879547119141 285.818511962891 285.987976074219 284.909423828125 285.4697265625 286.581481933594 286.738037109375 285.852081298828 285.254211425781 285.288177490234 285.165557861328 282.096313476562 280.012268066406 279.571624755859 281.413177490234 283.161590576172 283.752319335938 282.483184814453 282.498779296875 281.448516845703 276.996520996094 282.725738525391 286.189300537109 285.739776611328 286.021820068359 283.727294921875 280.476684570312 278.567626953125 276.824462890625 276.032196044922 274.324554443359 273.281524658203 273.022888183594 269.3486328125 269.736419677734 266.907348632812 266.967498779297 267.855682373047 266.96142578125 271.432495117188 274.72607421875
-3.4e+38 -3.4e+38 286.506439208984 286.525756835938 286.548797607422 286.702850341797 286.576141357422 286.28515625 285.921264648438 286.032318115234 286.195495605469 286.343658447266 286.147033691406 286.020294189453 286.682373046875 286.480590820312 286.593719482422 285.97900390625 286.120819091797 285.460144042969 284.996948242188 284.179962158203 283.427215576172 281.318634033203 280.229034423828 283.911224365234 286.694000244141 283.465789794922 278.687622070312 278.524169921875 283.478179931641 285.308715820312 285.500274658203 285.177917480469 282.780853271484 280.904052734375 279.2705078125 278.527313232422 278.239410400391 276.491485595703 275.330810546875 270.118835449219 263.936889648438 263.510955810547 264.309265136719 265.037048339844 268.593078613281 267.376037597656 265.435943603516
-3.4e+38 286.421478271484 286.43212890625 286.522918701172 286.647521972656 286.459014892578 286.246246337891 286.271453857422 285.864959716797 285.851470947266 285.808135986328 286.05615234375 286.049346923828 286.248718261719 286.396423339844 286.534973144531 286.854217529297 286.704254150391 284.843231201172 284.565490722656 285.524017333984 285.477264404297 283.010009765625 281.739562988281 282.933624267578 285.240966796875 286.477142333984 283.498748779297 279.206298828125 274.851654052734 278.371185302734 282.588745117188 284.713104248047 284.383697509766 282.985809326172 282.0673828125 280.603698730469 279.401275634766 279.567352294922 279.768157958984 278.920135498047 270.622680664062 267.066925048828 265.078308105469 265.919525146484 263.607879638672 265.402557373047 268.474670410156 267.101867675781
-3.4e+38 286.287292480469 286.230163574219 286.395690917969 286.553131103516 286.518615722656 286.472320556641 286.419311523438 285.984100341797 285.727813720703 285.790802001953 286.225372314453 286.136962890625 286.490905761719 286.667358398438 286.478393554688 285.700622558594 286.110931396484 283.368927001953 281.919555664062 281.827667236328 282.898895263672 283.199554443359 283.149780273438 285.139801025391 286.359252929688 286.268188476562 284.732238769531 279.248291015625 272.794708251953 273.926422119141 280.238647460938 285.168365478516 285.268829345703 283.833679199219 282.197937011719 281.198608398438 280.602844238281 281.049835205078 280.912567138672 279.675445556641 271.144317626953 270.973114013672 267.834716796875 265.997283935547 264.608276367188 260.705444335938 262.637542724609 267.843109130859
