rcp4.5models/MPi_ESM_LR/sc1gr6.7
NCOLS 261 
NROWS 433 
XLLCORNER 336357.134 
YLLCORNER 654653.479 
CELLSIZE 1000 
NODATA_value -9999 
[rows 242 to 263 of 433, columns 200 to 249 of 261]
1933.55805411863 1930.65624104909 1931.1980942587 1942.63262411363 1945.98549943007 1943.47543590252 1944.14891727449 1939.43554167675 1938.26292679667 1941.24316085421 1944.25517452982 1943.24185493953 1936.82936030432 1935.33437950593 1937.60687717468 -9999 -9999 1943.08833196757 1951.43142016759 1953.2843651943 1945.32127600616 1940.62688717429 1947.27604040657 1950.59088336116 1944.37373331514 1940.93504612003 1929.88764905498 1928.26640540418 1928.19284408153 1931.85340045322 1939.16670868784 1935.67000273096 1930.06451201813 1928.03364369993 1926.42844814922 1921.42518913012 1919.66524472783 1915.60092402416 1914.28607093972 1912.39021037041 -9999 -9999 -9999 -9999 1918.19374067177 1920.05343328676 1921.34813848709 1923.18310991358 -9999 -9999
1950.64064360413 1953.77962312706 1953.14626393417 1960.57619686794 1956.12133435876 1951.69607304409 1949.79009268913 1949.1121013324 1947.59572868547 1946.28282514055 1947.11916909481 1949.27274214143 1947.57675210762 1948.62623298371 1950.39353092942 -9999 -9999 1952.68742509552 1960.53341907624 1963.23791891567 1959.53384878827 1957.13383418778 1959.31223629196 1961.74074417872 1954.30348691998 1946.09066941285 1942.56659350158 1941.36077748743 1943.12863489298 1947.50366205356 1945.73446714411 1942.12685256417 1937.36773735351 1935.35460046392 1933.54774118719 1931.14922017474 1927.26991343659 1925.5584921632 1925.19205724431 1924.10665429936 -9999 -9999 1924.1965002034 -9999 -9999 -9999 -9999 1929.42497899973 1930.38450288502 -9999
1956.69851589238 1959.37621163013 1960.17192651264 1958.51235074816 1955.12161399208 1952.28075917824 1950.72631278736 1948.8265899968 1950.3743724777 1953.36006978503 1952.32155810804 1952.26874974057 1951.95820290618 1952.1045313032 1961.29774542057 1958.77147323965 -9999 -9999 1958.89303749914 1967.55972039581 1969.78147577723 1965.90588022498 1962.62299882503 1961.05267230204 1957.93044116927 1949.80953515832 1948.3818808071 1948.70527177459 1953.78545226669 1954.16805005049 1949.42583297607 1947.68773322491 1943.5546677474 1940.10161612203 1938.661618405 1937.90050748085 1934.25812712023 1934.2731688581 1933.6838980014 1929.00788528228 -9999 1928.04711247769 1928.1224234036 1928.25864976252 -9999 -9999 -9999 1933.9017346048 1934.41521475405 -9999
1950.71544891852 1953.84088402322 1960.32419821497 1954.27867023435 1956.44468284513 1953.35804202154 1953.38486978114 1953.71471376719 1956.23502279151 1957.38199843872 1956.80427596742 1956.7738025579 1957.54117560299 1959.58289012094 1971.4946951862 1967.90995437932 1959.30301599713 1959.80364290522 1961.79894855538 1969.98026719192 1976.00005084874 1971.29396545993 -9999 -9999 1960.83772337887 1954.88216782946 1957.37915850112 1957.58960362134 1961.63605169426 1956.26515552332 1953.46875831683 1952.0619261814 1949.2229127068 1944.4388407103 1942.55642773585 1942.26693662145 1941.10495761873 1941.86196027976 1938.95768064468 1934.25964711704 -9999 1930.99157988749 1932.0084807472 1931.43099096716 1932.18792767509 1934.4927935642 -9999 1937.60053251147 1938.13174615594 1937.42551089669
1949.63466184608 1951.86717262367 1957.00485118512 1955.96704768492 1957.52508752264 1957.04270406543 1957.36545300722 1958.64905746407 1961.12338336764 1961.68666961131 1962.58070831903 1963.85611095286 1964.65519797657 1972.55916321199 1981.7837626417 1976.64100652528 1969.84697999031 1967.2867278139 1968.30766075808 1971.99112761875 1977.12566332713 1975.62284313686 -9999 -9999 1965.9795383084 1965.48894621292 1970.8301826334 1965.93203319049 1964.84277362608 1959.78590372254 1957.29701583582 1955.27356470702 1954.08019776632 1951.06401573819 1949.79257437814 1949.66535842101 1946.32083740851 1944.31032742433 1941.00783786638 1938.93782436492 1934.41611195503 1934.83720749644 1934.57565102784 1934.65116042499 1936.64426058366 1938.11511390841 -9999 1940.45877112034 1943.07408556846 1942.09593097497
1952.2419580331 1954.11433684872 1955.42286413521 1959.86337372219 1960.51893868658 1961.2524391429 1962.84819918884 1965.29228480543 1968.59111138179 1970.69681290848 -9999 1971.83378517199 1969.9356840677 1976.85690998441 1993.08858381808 1986.8753892118 1979.92974220442 1974.59267905931 1974.52198242043 1977.50901830672 1982.24506287377 1981.94992974008 -9999 -9999 1976.87516547918 1982.19321013535 1979.86963871916 1971.43800705328 1970.74886875431 1970.46709844716 1962.87474130028 1960.71753639894 1959.26178712347 1957.56428811349 1957.72663667316 1957.3646102252 1953.13749253869 1946.84041781416 1944.71623988175 1942.51747700773 1940.70972489635 1940.71345043646 1939.53015746783 1939.30833778444 1941.09559375979 1941.23329538522 1941.9157807763 -9999 1944.82061056117 1944.31363048822
1954.02154000725 1956.99397100696 1958.47852763778 1964.61432807997 1966.59965007476 1966.03623814277 1969.07005084714 1976.13711675378 1981.08104981063 1979.464817016 1978.94285045695 1983.49625356556 1979.76752905068 1978.90411092568 1996.79297814755 1988.94948623394 1983.21447081536 1980.72449997624 1982.02920148058 1987.50218169796 1986.89656920254 1981.98059034571 1978.79858970617 -9999 1983.89802601229 1993.01367195862 1985.24858029973 1981.79742892127 1981.59599608795 1977.08356027292 1970.70073381544 1969.29374557332 1965.81110536865 1963.38291747628 1964.57877426998 1961.0819543668 1958.94279263138 1952.91618394102 1949.48066906839 1947.21765495551 1946.72922068476 1946.55589217652 1946.40687787634 1945.11185260143 1944.92697452015 1944.87648587425 -9999 -9999 1945.49622422147 1947.17674857338
1961.96835799651 1960.58237402957 1964.1659503709 1971.57569216657 1971.25824477915 1972.10863716659 1977.94432847222 1990.32861197702 1992.5877175267 1983.72389695168 1988.494502747 1993.81171859255 1986.52540985603 1989.15168940473 1992.88551223289 1990.17094982718 1990.1837181535 1990.21352661391 1990.52720177809 1989.52495367077 1987.23861651503 1984.27368193012 1987.93862624344 1985.33753395873 1990.34228478576 1999.83192737753 1991.53588085158 -9999 1993.11396301579 1984.35526425396 1981.84653194556 1980.40046470793 1972.47126012994 1971.45600195776 1971.71715638358 1965.21958856626 1963.72386930296 1958.03687242148 1953.62772733998 1952.26856894662 1951.36192552749 1950.13490086367 1949.35815585727 1950.03493159515 1948.86868733121 1949.40869931919 1949.3707533268 1947.93261757725 -9999 -9999
1967.22050179207 1966.72040293041 1973.66542797456 1975.91559575401 1975.59422377638 1980.88823013256 1992.72652119943 2001.25209087383 1994.99782767259 1991.64290727014 1997.66704029969 2000.03255780815 1993.23718637487 1998.32655695559 1998.61598968169 2001.8153477477 2004.73886394407 2004.74827329653 1999.46679030378 1993.3263765804 1992.72685811662 1996.11758448599 1996.0710397649 1994.46464017559 1996.56709771325 2001.58773807796 2001.84030018124 2001.40254523515 1996.78583069581 1991.15248214855 1991.99084177695 1990.05265042418 1982.32792554722 1979.42125324549 1977.20572557087 1969.21637608946 1966.96520547434 1961.92488992674 1959.34932596114 1958.90422490453 1958.70976576623 1957.50932725498 1957.01972229308 1956.20220200434 1952.63750489958 1953.01359834763 1951.36317147989 1951.36214912927 -9999 1952.61237351594
1969.68256381012 1975.25077766097 1981.17459907495 1979.71309388489 1982.76980905819 1992.04320598977 2003.16856845908 2006.3412827627 1998.55142949073 2001.46066953266 2006.72254398681 2010.09004226733 2006.72188176186 2006.46119983083 -9999 2015.35645156626 2021.29522947448 2018.6604513109 2009.64913183625 1999.75529478474 1996.74682247863 2004.33164471429 2006.80208044177 2007.30093991563 2005.54488348293 2004.33503256298 2017.43186535659 2011.77149830938 2002.19328697467 2006.07116143456 2002.47841383648 1997.71971307425 1990.75410056382 1982.51666475364 1980.43008346078 1975.12134511416 1968.88971509358 1965.98423742815 1965.67310553362 1965.98746834638 1966.50442551044 1965.76518233065 1964.00874197042 1959.62043672365 1956.0697781404 1954.98614626578 1953.09699128511 -9999 -9999 1955.06747933367
1977.74570561367 1986.82966154011 1984.2832854009 1985.3786813403 1993.18413078592 2002.28485750049 2007.32197682451 2011.37898650623 2009.02902911657 2013.95878666789 2017.65113776304 2022.11766714714 2022.10021107443 2015.60527021059 2016.02850347524 2024.22853212137 2028.5466912638 2021.01410665781 2011.26202654263 2004.78623386014 2001.79264490951 2009.0100863259 2017.72354723252 2021.77347711041 2017.08320917523 2014.12580668971 2023.54412440418 2014.5647410407 2009.39258834052 2013.87909002355 2010.18693907602 2002.91271630541 1996.12753372544 1988.27840471262 1982.14492041937 1979.12092484009 1974.88862050561 1970.87734731704 1973.86934685606 1974.6266342572 1974.54582800741 1973.52091445609 1966.00700443806 1962.59963779192 1959.94485821433 1958.7959296874 1957.80463261678 -9999 -9999 1959.25445643329
1984.27220375719 1996.57680243272 1993.21559858066 1988.9043163053 1996.89622251163 2005.99502916886 2014.06764087323 2019.41721622104 2019.62014140787 2028.20617426125 2030.48870813766 2032.63878592243 2031.49161198702 2023.62160798542 2022.28684951229 2026.82018419415 2030.3175715395 2025.27927842348 2019.8309725165 2014.25853788856 2006.59211072769 2010.16567300133 2017.88072962454 2027.34936236809 2039.71413377569 2047.5605055418 2028.33880529371 2021.52812261806 2021.95691450247 2017.78951766707 2010.78400208512 2003.95334666025 1999.32684508458 1993.72769130478 1986.07557254981 1982.86416240289 1982.05416223061 1978.13158606373 1981.81769269506 1982.97130463444 1979.55405112224 1975.44003151585 1969.49053332749 1968.8543080369 1965.13600252907 -9999 1961.67140053126 1961.82848789979 1959.4597743156 1962.26061060582
1992.34317444836 2002.93995614936 2002.27150042119 1994.41851794083 2001.51281671781 2013.47348728652 2020.02402181937 2026.31531237631 2027.14682610278 2033.46270520292 2040.48000642453 2040.89879062995 2034.03533269228 2030.04683166704 2029.53275311855 2029.52466684531 2034.79151970724 2035.02373599595 2030.82130991765 2021.92424649454 2011.81044561258 2015.64639779107 2018.80978249564 2031.94739248502 2047.20143665195 2048.67434945824 2033.22059932461 2032.86762288586 2029.70269845171 2019.81146942813 2011.10931795307 2005.27688351749 2002.15516328639 1998.40524994552 1992.88001585733 1989.07366272191 1989.28543301438 1986.86425273857 1989.06878060902 1986.08736349744 1982.09280349396 1978.5912913151 1976.16311056352 1972.16231740878 1969.85236066794 -9999 -9999 1963.43799094304 -9999 1964.80082484631
2006.5067307023 2008.70678409029 2007.6663265798 2003.27875247013 2007.43089166676 2011.11705483869 2017.69467787963 2022.79831213444 2026.19061907815 2037.7530442566 2050.34695821788 2057.23935738163 2064.52529284563 2067.24943913384 2041.47669821846 2041.74904350824 2038.1454994054 2029.80418554777 2024.30327288638 2025.1940520446 2038.10421469967 2039.43706275333 2032.88238788255 2037.42550932206 2045.63204262365 2044.26371395559 2027.79904397317 2033.53830236374 2036.46537388644 2026.70071192344 2020.60151489807 2018.95928517955 2024.57746085123 2016.94942169304 2010.78579844812 2000.71104878029 1993.45022613952 1988.41677870423 1987.27481077277 1987.71032452533 1989.83477865746 1987.88685200894 1983.59773947572 1980.65683673801 1973.84969090371 1972.45633990968 1972.11778946182 1970.56180300731 1967.43617691155 -9999
2010.9972576031 2012.72455984384 2012.06544239658 2012.4167666611 2011.46021480035 2010.5900822963 2017.10344583639 2027.66596077036 2034.41935983312 2045.30499488255 2066.96885609374 2068.80388284446 2063.75642197002 2066.38072777732 2039.08862112444 2032.92533901213 2030.8962449779 2028.26881588863 2026.25952711287 2050.01524109057 2078.84837599536 2060.35929995785 2042.90154168141 2046.65766567325 2051.44943632437 2051.59743613484 2030.72048577083 2032.77648632327 2040.07366129881 2035.94334005213 2032.09611084728 2031.80375674231 2031.97667016303 2028.74051075017 2018.38316491675 2006.50169216971 2000.51145473166 1994.68741690297 1990.97313258535 1987.18257826801 1987.53179348551 1988.27992305186 1985.95316641313 1980.16072707504 1976.39594556981 1974.71026625595 1975.39612609533 1974.90529321988 1970.60236276798 1972.03609901307
2013.25299302508 2014.65131714095 2013.23499863675 2018.25384054544 2017.63865630313 2012.37451287949 2016.93620248989 2031.57417781059 2044.10171710813 2054.55818754574 2072.58410294968 2061.61424877951 2051.42029105918 2052.08271858357 2040.40909363343 2033.14909574919 2034.12561862299 2035.34166905076 2045.11889863306 2094.9191019121 2108.26989615325 2067.03373739309 2051.46279919314 2049.05597093444 2054.1517725844 2055.75334845804 2034.45498988186 2032.02185606234 2039.48857022948 2042.80326803736 2044.71696557301 2059.18616766047 2067.08187727333 2036.69126460738 2029.15554567763 2013.62572819996 2005.37344169199 1997.85727001746 1993.54914365806 1988.39777649562 1985.08536983743 1988.0270087163 1989.58664036244 1980.05949406484 1978.88289908029 1977.24674561412 1976.44189055063 1976.2892812201 -9999 1974.81700350609
2010.05873525652 2012.14181002023 2012.95215406606 2014.98746847647 2020.52442475656 2015.39183254321 2019.20138155483 2037.37773278122 2051.28335091597 2055.51643831693 2075.3560098389 2082.80694529139 2079.26124637045 2050.59851248302 2043.86765468564 2047.0751328705 2045.98668222513 2038.31249724624 -9999 2116.72711129764 2091.64092005989 2063.12826720064 2053.65600407366 2046.18590766148 2052.73501917348 2057.85456676124 2038.28974912194 2032.77631422481 2039.56416303607 2050.79345009872 2070.58549667658 2099.03464667452 2114.8920161057 2059.26810889408 2031.15944810774 2018.50182357545 2008.45658856821 1999.76033710392 1996.77253080327 1994.64429810145 1988.49066627446 1986.4987508812 1987.71562221487 1982.69824417461 1981.27436218212 1979.41826667023 1978.99861194559 -9999 -9999 -9999
2006.56132379026 2006.96783944142 2008.67741396392 2011.67492437321 2018.64170117541 2019.36980906967 2020.52668715406 2038.93951829344 2071.95856834509 2076.87187069119 2068.37409893742 2085.26796579315 2090.54492246662 2066.59421275921 2083.05401028269 2059.58776144245 2049.44683603878 2041.69105151943 2064.8279551837 2087.54950395633 2073.70178855028 2061.78275067738 2055.22112191515 2051.15237552866 2052.17067618528 2059.47244769594 2041.41100268631 2034.93771729145 2044.89873037667 2072.32876315266 2092.98522751147 2131.60878072653 2130.88668814533 2054.12578756857 2028.15218125599 2023.51797569294 2016.6238136055 2007.99249653646 2003.38455486747 2001.2307689154 1998.95189947302 1991.38312572707 1989.50554733209 1986.73292782703 1985.79834027492 1983.60195109582 1982.33332702855 -9999 -9999 1978.67981735852
2002.50436772978 2004.07572176418 2009.7934179393 2010.84803727063 2015.82700064858 2021.89300600489 2021.87401185757 2040.66576827899 2090.75707422671 2084.75240615936 2057.08894410614 2073.97909034032 2099.48004331723 2100.64050599955 2116.37217659405 2058.57967361988 2048.30551649179 2047.92759394595 2060.6917014006 2066.38429688936 2071.18232375308 2068.26332161407 2059.24521406459 2053.00106483441 2049.69510917769 2058.39513188345 2046.08755756577 2041.64182763629 2043.10144179694 2063.30323971124 2087.41229225697 2124.10458104284 2087.34596926256 2037.00841492332 2024.6729305562 2021.83023265159 2020.70889287227 2013.96443332203 2006.69095942225 2003.26181474423 2002.478221153 1997.63671695454 1995.82068228543 1992.60946844378 1988.94434440369 1987.90359095959 1986.06098025545 1982.96796937178 1982.25995481561 -9999
2000.90243670449 2005.47813083216 2010.41862638018 2009.54745553211 2016.15770161738 2021.72473771932 2024.56246579256 2039.7080034355 2082.17852577037 2073.67367510059 2069.89188145382 2103.95482596673 2117.54186289922 2109.33541089108 2110.10018238257 2066.9044359788 2054.70271531116 2054.20826952851 2065.53986420348 2079.50290391887 2098.22521304233 2097.94897337168 2065.07505355246 2056.20449187079 2050.4625304123 2054.72880771507 2063.84525947877 2062.75592223055 2038.90181445843 2052.76258291782 2082.38271594118 2073.55299656369 2046.79462971744 2033.19225878115 2023.59075887715 2020.67668394056 2019.68212249078 2013.85131861854 2007.63820298155 2005.85957881852 2003.32541432704 2001.06752490789 1998.69868535515 1995.51065673436 1992.822358979 1995.08035307268 1991.71598141549 -9999 -9999 -9999
1999.91060329462 2003.55349773815 2004.53915772892 2010.05395639499 2018.03865229696 2025.20198144779 2026.30525862223 2028.62409267149 2057.7154017239 2084.32769594014 2102.66875242309 2131.34936520791 2128.06530041266 2114.94160694395 2083.50435983243 2069.30213645544 2058.59639220822 2059.55297285927 2070.4218622558 2082.40938598317 2102.56312508423 2099.83046255496 2070.23068800156 2063.38444105962 2055.53700222384 2055.75181557059 2080.41201627192 2083.99148860134 2047.14488587983 -9999 -9999 -9999 2035.37360572601 2031.39020513001 2026.17048791934 2023.81652500359 2022.08662423068 2015.84309368148 2012.15763208902 2009.89569881056 2007.76681290315 2005.26877745499 2001.6630460189 1997.94082941745 1999.73710674266 2002.50413417926 1997.69294364608 -9999 -9999 -9999
1997.55106441548 2000.39803288814 1999.26165143434 2012.23425884581 2017.94210651118 2028.22230125782 2029.52401965379 2025.0826004466 2036.18271063935 2078.12551600698 2125.83388977065 2138.2139474457 2136.44165061531 2124.9751200112 2064.70730803909 2060.53717869949 2058.04966464136 2063.71750601987 2083.40587991261 2112.17772549587 2091.39747227287 2082.31729728801 2080.13457619136 2082.6524399721 2061.42094525248 -9999 2126.38893524451 2116.58228011271 2054.5500227518 -9999 -9999 2036.57590010357 2034.14365561699 2032.67552956473 2029.90572944944 2027.16303952639 2028.02108589276 2024.15568990725 2021.26952480414 2018.10104582393 2010.99141450434 2007.93315381734 2004.90090050596 2002.62575244573 2004.0769731417 2000.44007031797 1996.56125134176 -9999 1985.58923813972 1984.07051906607
