rcp4.5models/MPi_ESM_LR/sc1gr2.7
NCOLS 261 
NROWS 433 
XLLCORNER 336357.134 
YLLCORNER 654653.479 
CELLSIZE 1000 
NODATA_value -9999 
[rows 154 to 175 of 433, columns 150 to 199 of 261]
310.010875375423 309.557724933436 309.002612903156 308.632434962793 308.297099053146 308.557288812593 309.148540730234 308.9581446343 308.00874877692 308.579649950981 308.611870586005 307.765503049034 308.17330020808 309.604934982274 309.294579149089 309.005319512634 311.283278709884 -9999 310.252356486387 313.01812771472 313.037517864263 313.057984207442 313.426530816548 314.10247437063 314.126601084504 314.152059420428 314.17886021997 314.008105820953 313.677642642532 313.750927539612 314.33371134526 314.20834101691 313.76045315766 313.443424586784 313.48273015789 313.523378368883 313.776119827812 -9999 313.924308579828 313.698894753386 313.745836937835 313.793939406089 313.893486655481 313.944842195044 313.99721002609 314.057500622499 -9999 314.504341361197 314.21577309075 314.272488705367
309.867120962588 309.642885705066 309.196127342566 308.600105832797 308.258115546177 -9999 308.555071569822 308.200500398796 308.71530633031 309.552615233303 309.042931872376 307.833538545781 309.22641249597 309.915664086262 309.785190074683 -9999 310.926639851933 309.721960862388 310.793702732514 312.671861281423 313.05887062803 313.080351185717 313.256551194809 313.569537255102 313.789637964729 314.178142237557 314.008285392884 313.519346730583 313.265180110142 313.455435807702 314.36457020519 314.400470269995 314.276630996291 313.830692830174 313.724278139409 314.119669455151 314.116020427356 313.916880620866 313.689254964029 313.735588699909 313.783102596313 313.831779335012 313.932412030436 313.984295375193 313.815471959434 313.745108440544 314.315191634131 314.460914155774 314.257687437955 314.314860864967
309.338649352838 309.255832152199 309.026850963791 308.252222934162 308.478138216495 308.467675991169 307.774738860356 307.84684024897 308.791525640991 309.48469427741 309.267359387275 308.474456213001 309.792685005766 310.300265205215 309.944325684295 310.441520253729 -9999 309.00922260141 312.428720378669 312.398510109016 313.07890272656 313.101411011668 313.125022105437 313.149787328037 313.330798062379 313.645593582745 313.517417682476 313.261402192992 313.292609238413 313.325167566878 314.394355047491 314.430997707212 314.468991505918 -9999 314.272455969636 314.59094350033 314.470743283296 314.241479033558 314.287791230402 314.121733586246 313.819517170653 313.868775424631 313.970538255581 314.022974827827 313.908075709667 313.868116661603 314.185968396959 314.242047964819 314.298937063024 314.356589214464
308.450863120514 308.454209900227 308.649640978746 308.083778099845 308.612458791707 307.980061659053 307.541849686922 307.733506485478 308.872813095351 309.74565612967 310.117425455826 309.782538299603 310.262524015206 310.056215440927 310.510893834568 310.677106814212 310.399367019306 310.502566616655 313.032616017995 312.416027992305 313.288190898344 313.485761886552 313.145805752265 313.17155202474 313.198489058961 313.226665643025 313.05912899801 312.927201111921 313.318895908807 313.352273021028 314.423052408941 314.460463315214 314.499200952378 -9999 314.580620823064 314.623283273428 314.667208234878 314.712371031084 314.758772940697 314.64132406999 314.204921571824 313.90493250292 314.007879955775 314.060883034609 314.114845166114 314.169734406922 -9999 314.282115505838 314.339527099133 314.397676362796
308.248312766422 307.889907002806 308.070875754654 307.911490660468 308.091642903472 307.645212230795 307.168799974713 306.982227607961 308.802742286404 309.818983822676 310.747693244823 310.609045841869 310.45966637764 309.98473480595 311.148831878044 310.249967656635 309.156658309439 312.434571043593 312.859537863303 312.798506081771 313.457654975528 313.986776718456 313.528984741813 313.192090973666 313.219994146432 313.249112144432 313.123088233653 313.025555117219 313.344042638781 313.578233986043 314.450673135399 314.488865747064 314.528365545367 314.569172257068 314.611271452309 314.654649042765 314.699267796015 314.745122300151 314.792182889513 314.84041193524 314.724355279479 314.289657435134 314.262008242299 314.445677629272 314.152544619203 314.20799891981 314.264324193742 314.321479135006 314.37942266661 314.438094368881
308.273992372584 307.940491758586 307.761252691378 307.77264203622 307.785053771756 307.67598112283 307.165219697426 306.863364318705 308.880716815334 309.719683320643 310.52116541224 310.915323110901 310.789012676434 310.655194823674 -9999 310.218972572796 310.08830023326 312.66881298131 312.909780361208 312.740559226375 313.283566370597 313.792593142445 314.030016078443 313.380895786552 312.878385203806 313.270390425627 313.301685209018 313.334230304846 313.368046793554 313.561452650134 313.918712768951 314.1602688296 314.556502405798 314.598082065401 314.434554775695 314.331787133104 314.7303713951 314.776930025815 314.824672909236 314.873574439306 314.923607261529 314.808947471629 314.59536457664 314.400872069709 314.189475366589 314.245518495338 314.302416834973 314.360131646265 314.193957431246 314.133030482752
308.135338587003 308.189015602809 307.821914346352 307.214044395863 307.227554297951 307.08766661934 306.813064332253 307.393337675251 308.628462977176 309.505360450281 310.223956442843 -9999 -9999 310.960794315018 -9999 311.592268673331 312.580110720144 312.752262346263 313.071634399644 312.461121149963 313.146367053685 313.326023262974 313.645292974406 313.172165188706 312.608520280695 313.095398456671 312.962422740059 313.356211960882 313.3909289749 313.426911279022 313.502705654528 313.702625560704 314.228316147921 314.625981088962 314.095746492081 313.316427395749 313.846841084392 314.455718992331 314.856261050922 314.90585819709 314.956571779216 315.008366918634 314.94845635037 314.517960450203 314.225634750898 314.28228153531 314.339775446469 314.398072248547 314.063747134365 313.686597724295
308.292833509948 308.827094845786 308.464353221647 308.080304049385 307.087747910068 306.576653555296 306.716505951326 307.957889725728 309.561139310791 310.206158493203 310.904988105611 -9999 -9999 310.970659697185 311.323886565326 312.017253265157 312.374972419641 313.066230055718 313.091717595455 312.510695583124 312.362431954517 312.565776372334 312.23148080287 312.416659222035 312.777466614439 312.843899385716 312.844895236912 313.109903237723 313.433388004228 313.471176237643 313.55048156577 313.592005116356 313.634754637253 313.67873509683 313.885610974521 314.210516298927 314.139551195787 314.106556226547 314.355233363759 314.241366852584 313.855024724308 313.801597534286 314.18243691552 314.238571981957 314.295617024942 314.353529173306 314.412264720743 314.471767413203 314.140248667544 313.592942217308
308.598119794641 309.300969617955 309.269665387162 308.167036172942 307.340057944564 307.862278976191 308.299380585004 308.892100780332 309.86309211489 310.205946315105 -9999 -9999 -9999 311.345593239269 311.328102456125 312.02248445616 312.196536122795 312.705390874885 313.100052589074 313.003768373061 312.890922663352 313.061243588174 312.799666051701 -9999 312.826594890569 312.633030453402 312.535380419161 313.055940751638 313.255570272677 313.133573333523 313.572783837775 313.615167339016 313.658781462852 313.703610665832 313.749648434318 313.796864491845 314.007906352141 314.171082567375 313.94551787916 313.997305099007 313.838596200566 313.541131726329 313.865695240323 314.055458864624 313.981237434686 314.387988673581 314.447370223245 314.507516030787 314.399743612129 313.975823894701
308.684872824586 309.166509186938 309.593869613485 309.02499886261 308.566107595119 309.169806943863 309.659430748056 309.832072923036 310.414361269165 310.579824161618 -9999 -9999 -9999 311.829343339989 311.701813925755 312.026624307693 312.052828226345 312.414753851253 313.10728699951 313.164790225771 313.194800050382 313.035581926993 312.512254339584 312.565747245936 312.976403949477 312.553564410623 312.755847830176 312.58983729055 312.758103931336 312.867288730532 313.594030211574 313.637300286785 313.681787626154 313.727470469382 313.774356902197 313.822401804218 313.871605616137 313.921960084522 313.764574522885 313.464573134697 313.353069817429 313.346495728159 313.976340056612 313.921941533512 313.746141139412 314.203575260098 313.914940849631 313.974968245015 314.035684253457 314.151226679568
308.817233478224 308.628969645336 309.167768414641 309.18463790165 309.202441184661 309.407794938552 309.996777728422 310.389791961934 310.481652448443 310.880126063014 -9999 -9999 311.579853297015 311.977273466186 312.00317210446 312.029703371151 312.056909387876 312.419781745524 313.113432267751 312.79693909912 312.096949292456 312.165448166802 311.92441518062 311.803510052187 312.628540374805 312.529576093118 312.6999638616 312.449417090272 312.685654645176 313.243402235153 -9999 313.658426055722 313.703792765602 313.750340080189 313.798073861382 313.846956510011 313.896989034567 313.948152905583 313.837006383578 313.614854064983 313.669849462996 313.890711403756 313.713666011904 313.605065747026 313.561243397369 313.721851704905 313.515319965924 313.576776391766 313.638945517394 313.870318792798
308.333924971404 308.304169682511 308.829567124485 308.958495921201 308.676299639594 309.102539605114 310.149056833218 310.589807868844 310.333742312008 310.876614954023 310.900776542124 310.925637633513 311.278149134533 311.977367834799 312.004232400347 312.031746462609 312.05994999519 312.423752241655 312.932484538275 311.958265971705 311.765596072535 311.951880979778 311.934937414898 311.660273392848 312.350294932564 312.387360744118 312.425527647095 312.660301750715 313.217856436846 313.546778184232 313.633424216282 313.678516783611 313.724784732975 313.772215951583 313.820804567177 313.870542967608 313.92142396765 313.973421459239 314.026493982715 314.08062863202 314.135813368131 314.191998388576 313.307228168805 313.366214789103 313.64190982261 313.835087592216 313.548136410049 313.61028384544 313.673122743338 313.73660115293
307.829482977949 307.82247790524 308.565251073135 308.571713557331 308.224105072254 309.081690218174 309.939743561795 310.325688285025 310.297922947545 310.694006456827 310.523611718535 310.922873200552 311.095705549591 311.605595958296 312.004255692106 312.032751442236 312.061952441648 312.241711377427 312.4194780639 311.703270011618 311.666518440111 311.700417598725 311.771951438272 311.84109042124 311.807802151404 312.03891693037 312.438853174861 312.831104965317 -9999 313.563043489985 313.651574641607 -9999 313.744760847143 313.793096947695 313.842571884765 313.893183136015 313.944911266134 313.997746350703 314.051653750781 314.10660205811 314.16257891754 314.219556017178 313.899329258021 313.959744808653 313.971899638151 314.002811927092 313.928369120509 313.861858086674 314.053954522299 313.549520955225
307.665090989498 307.336358484166 307.719233936336 307.375774542146 307.979337021967 309.06344961295 309.770658097667 310.111183240607 310.36013776694 310.169986358953 310.216403555214 310.919103415914 310.946461068769 311.121709156609 311.633471090222 312.032737282411 312.06293571428 312.093863332303 311.939840683437 312.039525871985 311.966658484297 312.366382966016 312.556577228172 312.732691029335 312.094644504794 311.952574828448 312.811155774483 -9999 313.534756499477 313.578270200477 313.668710160496 313.715657956195 -9999 313.812991315699 313.863358889737 313.914849182307 313.967442789755 314.021127188782 314.075877095958 314.131668649025 314.18846547098 314.035889232547 314.364601784916 314.425097947387 314.3204146848 314.063810621943 314.096227924014 314.408471981617 314.352324092241 313.63623757186
306.868255386106 306.98403778082 306.518983039521 306.558968751592 308.409137749024 309.05291476106 309.611586079054 309.780818343789 310.315392223509 310.233952893699 310.0320235527 310.542196737142 310.942622297991 311.152884236013 311.701001498723 312.031726774531 312.062905724709 312.094831755369 311.791367968194 312.195414060524 312.383182260263 312.903376745809 313.303902065437 313.341970001333 312.879280013055 312.478475478678 313.112489595383 -9999 313.35235662567 313.234348453559 313.684831459891 313.732715866706 313.781738846855 313.831893191719 313.883161796966 313.935553095617 313.98903518452 314.043582739745 314.099188189126 314.155826636161 314.213454508585 313.68808475324 314.041708074411 314.453289957911 314.51540529292 314.412092272335 314.157167162976 314.14027482216 314.037165915716 313.836762827529
305.87889309425 305.644754538645 304.79258177062 305.220688920536 307.853022864382 308.868861785629 309.277869955255 309.881437409071 310.25458761227 309.967361573081 309.880201139029 310.234204757419 310.937807595306 311.296285220674 311.998350630458 312.029736732086 312.061888083558 312.094810377364 311.977852099146 312.198445305345 312.234706618939 312.236155591195 312.394947430356 312.987156586708 313.234255330704 313.139014826349 313.122981189683 312.672468107667 313.044229162928 313.31779716372 313.699942908451 313.748783500568 313.79874071372 313.849815810063 313.699853016474 313.601096839039 314.009678991306 314.065101822693 314.121579775057 314.17907274792 314.237551081452 313.968911762722 313.933912860369 314.130595993715 314.5435647124 314.60723458476 314.28924987367 313.519573777361 313.235966364281 313.520866010477
306.12446342017 304.93006839513 303.314886958932 303.885397162089 307.145108618601 308.888895542722 309.47369128434 310.032598628071 309.716721413823 309.674220054283 310.245177723645 310.048092361012 310.561159375822 311.110334488037 311.625205278861 -9999 312.059903473101 312.093807236577 312.128518232379 312.200472329448 312.237757703223 312.122783516996 312.021028073364 312.319140030652 312.673919268913 313.24624026797 312.965696079063 312.885303772952 312.923557207241 313.617813533173 313.71406288211 313.565020178765 313.259092983319 313.310661927672 313.404337200356 313.692402337995 314.029374122378 314.085691550181 314.143048303983 314.201410192564 314.260756456272 314.321046057447 313.857470054769 313.32200267836 314.221032415305 314.206675992607 313.620668840132 313.383299433258 313.050541433885 313.633963378751
306.536630121836 305.408580823601 304.283365998013 305.112852543662 307.224289190433 309.015541235849 309.741927968173 309.860842827019 309.468721359776 310.194726682135 310.167596491784 310.073714282564 310.623050376425 310.957035253247 311.137811929597 311.654626333791 312.05695958316 -9999 312.127537189136 312.201511497413 312.239817736903 -9999 312.319206878183 312.205991165856 312.455786753422 313.098162158236 312.645934472537 312.631618062861 312.379954080215 313.075182924329 -9999 313.4202560004 312.829805624588 312.882766052444 313.097467491422 313.435175830374 313.49085717616 313.547557857934 313.605252967061 313.870343314303 314.283072322867 314.344219053789 313.578743705132 313.259892881378 313.549947274647 313.418244120454 313.458886967544 313.628988463241 313.377806435528 313.581936646318
306.670922099558 305.860406060531 305.287360531953 307.186226772563 307.934954588305 309.001216539028 309.711573801913 309.946105920834 309.863129853681 310.128628871934 309.854670029212 310.211473026678 310.917636121857 310.950302269971 310.983753710892 311.166974570151 311.685741822189 312.088916343474 -9999 312.201572330192 312.053463760492 311.729793776743 311.77077562695 312.00273952947 312.562578810188 312.552348798103 311.944527552363 311.833951834331 312.136690425612 313.192617365982 -9999 313.077296669407 312.843872452222 312.897784991312 312.952787092135 313.008842039826 313.065963223846 313.124112550562 313.183258734879 313.406148390485 313.745284809154 313.806677986584 313.703289879433 313.908426045169 313.45807479985 313.417835946515 313.755992821997 313.82340446103 313.508458337448 313.126672109584
307.212821301528 306.677597362818 305.734219416576 307.334039547827 308.030290190551 308.324817354078 308.28838829917 309.708457515071 309.737306750461 310.173426719371 -9999 310.865894393146 310.899576304589 310.935584881453 310.972464928834 311.005498693943 311.042455392571 311.230595131035 311.568733092491 312.012586204649 311.8766293066 312.129140014635 311.995462976675 312.337852767281 312.291865927861 312.136621153794 312.420159099843 312.301950745506 312.711167955634 312.725038037268 -9999 312.814350740729 312.869115514528 312.924963322778 312.981877231304 313.039836576046 313.098822800899 313.158828823618 313.219828649819 313.28178709006 313.344684350024 313.408488501357 313.53867096512 313.394836837793 313.321330987664 313.739799351279 313.808231880017 313.711652574469 313.296372889136 313.399809706109
306.83111217633 307.187827437334 307.071673113622 307.501481770879 308.446787203115 308.657998240324 309.034228499087 309.763676009695 310.344562608908 310.241676749629 309.967002043576 310.304955255817 310.339566609161 310.37496800289 310.592546429542 310.997872545023 311.03577184082 311.074523340462 311.114146497343 312.043862368104 311.941322996063 312.281597821565 312.171976834267 312.230584908662 312.366144816249 311.775279444223 312.445341439647 312.91114879809 313.41875240177 -9999 -9999 312.824569979197 312.880312464867 312.937129736882 312.995003369829 313.053923330036 313.113863008557 313.174813773272 313.236753366628 313.299636711472 313.363448047149 313.428162595626 313.560130069826 313.463186319203 313.421279735374 313.763878938415 313.833164337832 313.90306441806 313.592949645835 313.21047397951
307.202231188203 307.496756445281 307.649152134224 307.571997936962 308.653443627259 308.935037896471 309.654950914581 310.012380462719 310.378877214971 310.268043106914 309.986186992017 310.391857838818 310.247508999193 309.914227653865 310.281313240349 310.989350133009 311.028188950076 311.067895722995 311.10846953345 312.19229862595 312.235603086664 312.27985171658 312.325055327769 312.371253327444 312.073637950105 311.466672618672 311.863448236762 312.915110501175 313.460702388158 313.028167893576 -9999 -9999 312.890559814321 312.948353755282 313.007198870832 313.067078469653 313.127979906183 313.18988004959 313.25275353344 313.316576574999 313.381319009327 313.446957047169 -9999 -9999 -9999 313.787136519717 313.857285440741 313.928033312819 313.833833620896 313.636154321995
