rcp4.5models/MPi_ESM_LR/sc1gr9.34
NCOLS 261 
NROWS 433 
XLLCORNER 336357.134 
YLLCORNER 654653.479 
CELLSIZE 1000 
NODATA_value -3.4e+38 
[rows 220 to 241 of 433, columns 98 to 146 of 261]
232.487457275391 238.417144775391 245.720291137695 258.516906738281 249.113967895508 237.132400512695 264.302703857422 280.131896972656 269.743988037109 246.550827026367 256.746765136719 270.876312255859 259.108734130859 274.880035400391 223.127990722656 243.186553955078 247.904327392578 271.143859863281 270.57861328125 270.227264404297 269.422668457031 268.509399414062 267.894653320312 267.292724609375 266.477996826172 266.106079101562 265.549194335938 265.245788574219 264.683929443359 266.971038818359 269.225250244141 264.314208984375 263.788360595703 263.281860351562 263.355499267578 263.950164794922 264.196319580078 263.426361083984 263.822998046875 266.853790283203 273.341857910156 272.111083984375 264.637084960938 269.973175048828 271.418853759766 263.643737792969 263.467590332031 263.996002197266 266.301116943359
234.62532043457 234.303512573242 241.931274414062 261.793823242188 275.238616943359 265.989929199219 271.135070800781 259.070251464844 272.870971679688 255.45719909668 262.549163818359 278.519714355469 276.967132568359 265.370513916016 256.334686279297 265.032836914062 253.958694458008 272.165649414062 271.546264648438 271.053039550781 269.873046875 269.363922119141 268.721832275391 268.092834472656 267.308135986328 266.850616455078 266.295196533203 265.693786621094 265.491149902344 269.779754638672 274.239776611328 264.603515625 264.5009765625 264.313262939453 264.259948730469 265.08056640625 266.125122070312 264.174926757812 266.323181152344 272.471832275391 276.019836425781 270.187622070312 265.770111083984 271.921752929688 273.615936279297 265.138671875 264.785949707031 265.51220703125 267.40625
237.030120849609 236.609329223633 241.650833129883 240.012756347656 263.710083007812 283.100982666016 275.246368408203 265.304779052734 270.9912109375 259.015869140625 280.317047119141 279.265625 277.554016113281 268.726043701172 264.635223388672 240.232788085938 250.132263183594 273.108032226562 261.560302734375 247.637802124023 270.868469238281 270.269378662109 269.272186279297 268.812347412109 268.298248291016 267.661743164062 266.714630126953 266.468139648438 266.326446533203 270.348571777344 275.31201171875 265.716278076172 265.328674316406 264.945495605469 264.738739013672 265.507263183594 266.195281982422 265.811981201172 268.748413085938 273.641082763672 271.149475097656 266.030975341797 265.758544921875 268.643432617188 269.947998046875 265.951995849609 266.318420410156 267.360961914062 268.751220703125
240.126541137695 239.252914428711 237.152053833008 235.375991821289 250.607070922852 276.087493896484 265.031646728516 282.702087402344 265.283538818359 244.675231933594 281.183990478516 279.945861816406 268.950408935547 255.86328125 267.701568603516 249.137832641602 256.374603271484 273.769775390625 253.157119750977 231.626724243164 276.719482421875 270.917633056641 270.142333984375 269.622985839844 269.064575195312 268.366333007812 267.537109375 267.548828125 267.525634765625 270.615447998047 272.937438964844 266.616241455078 266.413787841797 265.903167724609 265.881164550781 266.026763916016 267.172271728516 268.579681396484 270.135406494141 269.076293945312 267.116821289062 265.971832275391 266.208892822266 266.583709716797 266.613922119141 266.495483398438 267.948455810547 268.832366943359 269.430145263672
242.813949584961 241.308563232422 238.991790771484 237.403533935547 243.905059814453 261.034454345703 270.751434326172 283.834014892578 275.785125732422 266.557281494141 281.667144775391 280.645660400391 272.020080566406 261.764373779297 277.091400146484 -3.4e+38 275.361755371094 274.502105712891 265.218719482422 -3.4e+38 277.274139404297 271.821624755859 270.961090087891 270.250274658203 269.891754150391 269.183227539062 268.482635498047 267.815368652344 267.896759033203 269.269470214844 269.447296142578 267.228759765625 267.125396728516 266.568786621094 267.192047119141 268.254302978516 269.481567382812 270.824127197266 271.525543212891 266.849945068359 267.038696289062 266.674346923828 266.9814453125 267.767700195312 267.572570800781 267.882171630859 269.012573242188 269.262512207031 269.856811523438
244.777938842773 243.10368347168 241.181854248047 239.726211547852 239.65803527832 254.851470947266 285.483734130859 285.105834960938 283.968841552734 283.740356445312 283.375549316406 281.644714355469 280.442535400391 269.853210449219 278.011749267578 -3.4e+38 276.362945556641 275.468994140625 274.847534179688 274.413238525391 273.735717773438 272.562103271484 271.442138671875 271.085815429688 270.579162597656 269.710174560547 269.095428466797 268.349456787109 268.2900390625 267.879943847656 267.576324462891 268.198364257812 268.135589599609 266.983489990234 270.733306884766 275.617553710938 270.869354248047 270.954772949219 270.745178222656 267.937042236328 267.978546142578 267.680511474609 267.620880126953 268.250640869141 269.064544677734 269.375732421875 269.653442382812 269.713653564453 270.616088867188
246.890289306641 245.16276550293 243.588562011719 260.903747558594 241.646682739258 247.352005004883 267.899261474609 286.519561767578 275.969299316406 256.416442871094 266.035369873047 282.576538085938 281.639007568359 273.193450927734 278.647308349609 277.966613769531 277.099731445312 276.068725585938 274.849029541016 274.001556396484 273.597930908203 -3.4e+38 272.252777099609 272.009063720703 270.975128173828 270.325164794922 269.552673339844 269.142822265625 269.009399414062 268.168090820312 267.848510742188 269.875640869141 273.237579345703 273.924530029297 282.941131591797 289.829772949219 273.663421630859 269.463745117188 268.651306152344 268.850860595703 269.754241943359 268.595703125 268.472808837891 268.935180664062 269.945190429688 270.010681152344 269.944915771484 270.366394042969 270.770690917969
249.244506835938 247.814529418945 246.832153320312 257.923278808594 243.590118408203 242.465896606445 255.334503173828 287.939666748047 279.632141113281 263.998260498047 270.710021972656 283.556884765625 282.598022460938 281.368591308594 279.626495361328 278.960784912109 277.781555175781 276.740600585938 275.544281005859 275.13525390625 274.208343505859 273.434631347656 273.185760498047 272.271697998047 271.341033935547 270.870147705078 269.837097167969 269.4267578125 269.30322265625 268.649963378906 268.61083984375 272.469940185547 283.906707763672 296.335968017578 304.287353515625 292.071899414062 272.900817871094 268.543304443359 269.677978515625 271.970184326172 271.055358886719 269.812286376953 269.655822753906 270.127166748047 270.118774414062 270.18896484375 270.362548828125 270.661193847656 270.705047607422
252.02848815918 250.511199951172 250.066177368164 246.879028320312 254.0380859375 -3.4e+38 -3.4e+38 270.648956298828 287.929992675781 286.478363037109 285.417266845703 284.413818359375 283.555725097656 282.174407958984 280.55322265625 279.391265869141 278.525238037109 277.665618896484 276.614562988281 275.682830810547 274.754058837891 274.256500244141 273.504730224609 272.585601806641 272.053436279297 271.424835205078 270.319152832031 270.091888427734 269.835052490234 269.705627441406 269.628173828125 272.828674316406 290.762023925781 314.070953369141 304.22314453125 277.776092529297 270.157806396484 269.134094238281 270.939056396484 273.6015625 270.554229736328 269.961395263672 269.863555908203 270.117645263672 270.095977783203 270.540985107422 270.583923339844 270.524536132812 270.937408447266
255.028228759766 254.14826965332 253.885314941406 250.047332763672 254.758346557617 275.251007080078 276.641662597656 258.444091796875 289.330810546875 288.135589599609 286.894378662109 285.375091552734 284.828521728516 283.344573974609 281.440002441406 280.0625 279.320495605469 278.603332519531 277.557067871094 276.192047119141 275.353454589844 274.527587890625 274.006164550781 273.180236816406 272.272918701172 271.650115966797 271.702056884766 271.911346435547 270.052001953125 270.246551513672 269.950744628906 272.55615234375 291.323333740234 312.694061279297 289.216186523438 269.667053222656 269.690673828125 269.828857421875 270.403045654297 271.500061035156 270.434387207031 270.008880615234 270.093597412109 270.30810546875 270.799713134766 270.8818359375 270.858764648438 271.105987548828 271.05615234375
258.331481933594 257.493774414062 256.607177734375 253.237167358398 251.617752075195 256.716918945312 269.889099121094 278.941223144531 291.017150878906 289.583557128906 288.379180908203 286.67236328125 285.851745605469 285.224792480469 282.160736083984 280.621429443359 279.698181152344 279.159790039062 277.932861328125 276.746673583984 275.529022216797 274.657653808594 274.22314453125 273.353393554688 -3.4e+38 277.323028564453 280.46923828125 276.776550292969 270.386596679688 270.560424804688 270.252899169922 277.316925048828 300.775543212891 306.951904296875 278.238311767578 269.900543212891 269.952453613281 270.744750976562 270.814544677734 270.807037353516 270.698944091797 270.69482421875 270.960479736328 271.300048828125 271.441436767578 271.028686523438 271.242828369141 271.544189453125 271.162231445312
264.895416259766 263.931793212891 262.937103271484 259.426025390625 271.279754638672 283.944763183594 262.102447509766 274.639831542969 277.588531494141 284.147674560547 273.897918701172 289.403259277344 287.742858886719 289.746307373047 287.796813964844 282.119842529297 280.526733398438 279.944580078125 278.749877929688 278.693908691406 278.780120849609 275.259765625 274.464813232422 274.418518066406 277.428009033203 283.419708251953 294.354797363281 273.323059082031 270.903747558594 270.823272705078 272.850555419922 288.248077392578 307.102447509766 290.113220214844 270.776916503906 270.692810058594 271.790802001953 272.940155029297 272.354461669922 271.816864013672 271.876129150391 271.626159667969 271.469055175781 271.617797851562 271.440032958984 271.963592529297 271.927947998047 271.376953125 271.058349609375
269.014251708984 267.554962158203 266.334655761719 262.695770263672 266.110900878906 278.339447021484 287.03076171875 290.982971191406 282.949249267578 287.361236572266 279.291564941406 290.316223144531 288.698944091797 288.028411865234 288.543731689453 282.738739013672 281.084747314453 281.490600585938 282.091247558594 280.870666503906 281.82470703125 277.133117675781 275.639556884766 275.785888671875 281.454864501953 285.741516113281 278.011077880859 272.091094970703 270.980316162109 271.406768798828 271.549621582031 284.398071289062 301.646148681641 280.553802490234 270.663391113281 271.221008300781 272.871887207031 271.798461914062 272.102844238281 271.827117919922 272.148315429688 272.269561767578 272.010986328125 272.182250976562 271.907775878906 271.962219238281 272.034088134766 271.346710205078 270.979583740234
280.294525146484 285.746948242188 269.460327148438 266.0869140625 263.757843017578 267.816284179688 285.325805664062 291.143829345703 273.727264404297 279.970428466797 294.558471679688 292.733459472656 290.522338867188 288.452484130859 286.493743896484 283.410278320312 282.509002685547 284.456115722656 287.820587158203 285.78076171875 285.136688232422 281.313568115234 278.598754882812 279.794860839844 284.35595703125 291.0673828125 275.083709716797 272.798706054688 272.245361328125 272.689331054688 271.460479736328 280.742248535156 291.779235839844 274.206695556641 271.426696777344 271.796508789062 273.965911865234 274.352996826172 -3.4e+38 272.127136230469 272.391235351562 272.560668945312 272.323425292969 272.4033203125 272.535308837891 272.459716796875 271.842315673828 271.307098388672 270.972137451172
281.697265625 285.160430908203 273.183929443359 277.275939941406 289.252838134766 280.053558349609 276.324554443359 295.482879638672 281.684661865234 277.857849121094 280.486907958984 294.263732910156 290.810791015625 290.09130859375 288.080139160156 283.718414306641 284.453948974609 288.089935302734 289.837615966797 288.675537109375 287.484558105469 286.1689453125 283.855194091797 283.390106201172 287.6845703125 293.580718994141 275.292205810547 274.343780517578 275.214691162109 273.919677734375 271.518280029297 277.493560791016 283.700286865234 271.752319335938 272.110687255859 272.363891601562 273.506622314453 276.553192138672 -3.4e+38 272.633331298828 272.471740722656 272.431488037109 272.428527832031 272.63623046875 272.876251220703 272.809692382812 271.754669189453 271.305816650391 270.974761962891
280.390197753906 285.177032470703 290.814880371094 278.815582275391 294.136749267578 301.293365478516 286.976440429688 289.008605957031 300.995849609375 292.774078369141 285.347106933594 295.636474609375 292.1376953125 294.402038574219 288.144378662109 284.082214355469 285.481842041016 289.778839111328 288.899871826172 288.484832763672 288.244750976562 287.984039306641 285.94140625 283.338165283203 286.191802978516 290.829315185547 275.769409179688 274.361145019531 274.905883789062 273.274200439453 272.103881835938 280.683990478516 287.803405761719 272.219512939453 272.103912353516 272.398010253906 272.296936035156 276.356567382812 275.125457763672 272.890869140625 273.055328369141 272.847991943359 272.969360351562 272.953094482422 273.171661376953 272.862457275391 272.276275634766 271.682800292969 271.261993408203
284.833648681641 294.152923583984 310.273773193359 277.224456787109 280.254547119141 295.327331542969 301.417999267578 294.158233642578 303.031860351562 300.028503417969 297.658752441406 296.1240234375 292.480895996094 293.286743164062 287.211883544922 284.901794433594 285.976959228516 289.642608642578 288.6240234375 287.825317382812 287.655639648438 287.593505859375 285.258453369141 284.756103515625 288.006958007812 296.358428955078 275.986938476562 274.100158691406 276.483581542969 278.917053222656 272.339172363281 277.218811035156 281.229705810547 272.619079589844 272.467712402344 272.833435058594 272.856079101562 274.550750732422 274.889556884766 273.056365966797 273.307830810547 273.396850585938 273.693969726562 273.631439208984 273.639282226562 273.356567382812 272.7353515625 272.162780761719 271.033050537109
289.450866699219 297.727600097656 317.148559570312 293.747955322266 285.305419921875 300.165863037109 308.205963134766 306.786407470703 305.365234375 302.042144775391 298.866546630859 297.504852294922 294.786529541016 292.557220458984 287.975402832031 285.6552734375 285.706390380859 288.346130371094 289.2587890625 287.639343261719 286.718322753906 287.147338867188 283.701599121094 285.106353759766 288.997955322266 294.055603027344 274.966217041016 273.541168212891 279.398681640625 285.514038085938 271.688446044922 271.780059814453 272.320404052734 272.482391357422 272.982513427734 274.020202636719 273.959075927734 273.759368896484 273.989349365234 -3.4e+38 -3.4e+38 274.479888916016 274.491760253906 274.338684082031 273.870086669922 273.398956298828 272.61474609375 272.360504150391 271.139129638672
294.487030029297 302.205535888672 314.062347412109 312.378082275391 305.687591552734 312.745208740234 310.78173828125 308.713043212891 306.749908447266 303.731842041016 301.315704345703 300.498168945312 298.228912353516 295.954772949219 290.270904541016 287.250244140625 286.510131835938 286.892333984375 288.078247070312 288.513336181641 286.794006347656 285.698333740234 282.822052001953 283.247131347656 284.898162841797 282.505798339844 273.058227539062 272.400848388672 278.536376953125 287.50341796875 276.289306640625 271.967529296875 272.857482910156 273.069854736328 273.339019775391 273.855926513672 274.309936523438 274.347290039062 274.430908203125 -3.4e+38 274.457885742188 275.836181640625 275.71826171875 274.774597167969 274.123413085938 273.361267089844 272.878570556641 272.472534179688 271.518615722656
304.583923339844 316.519439697266 318.302886962891 319.039184570312 312.095947265625 305.056976318359 312.437316894531 309.228332519531 308.572418212891 305.966033935547 303.777038574219 302.433898925781 299.916931152344 297.474243164062 290.583648681641 289.060729980469 287.249053955078 284.797760009766 285.71533203125 289.253143310547 287.116027832031 284.993957519531 284.577880859375 283.906799316406 282.824279785156 278.149383544922 -3.4e+38 -3.4e+38 -3.4e+38 282.563812255859 279.428466796875 272.971130371094 273.342224121094 273.994598388672 274.324859619141 274.141754150391 274.071136474609 274.693389892578 274.813446044922 -3.4e+38 275.900939941406 279.73828125 278.255310058594 274.799652099609 274.301361083984 273.652557373047 273.241546630859 272.545074462891 271.321716308594
308.078521728516 317.947448730469 325.371948242188 321.296600341797 315.687561035156 309.876525878906 313.752960205078 310.039947509766 310.834716796875 308.878723144531 306.650268554688 303.876556396484 301.314971923828 298.753295898438 292.056121826172 291.054229736328 288.027252197266 285.758148193359 286.377807617188 289.468078613281 287.181182861328 285.959747314453 287.051818847656 285.821838378906 283.109436035156 280.739929199219 272.347381591797 272.27099609375 -3.4e+38 275.460784912109 276.450256347656 274.138366699219 273.863677978516 274.464782714844 274.5341796875 274.600189208984 274.598785400391 274.835266113281 275.112030029297 275.049743652344 276.793365478516 283.932525634766 284.394165039062 274.952667236328 -3.4e+38 273.70849609375 273.167938232422 272.860473632812 271.505249023438
317.572540283203 311.083465576172 319.763061523438 324.225830078125 322.070587158203 320.157867431641 317.203399658203 313.652648925781 312.2041015625 311.073364257812 309.078186035156 306.404144287109 303.968475341797 301.480499267578 296.061492919922 293.470947265625 289.634368896484 288.294769287109 288.687072753906 290.636291503906 289.845153808594 289.816192626953 287.662475585938 286.424957275391 284.679595947266 284.179138183594 273.451446533203 -3.4e+38 272.627197265625 273.953552246094 275.033538818359 275.113922119141 274.61279296875 274.675933837891 274.853118896484 274.822448730469 274.850891113281 275.094543457031 275.018768310547 275.081604003906 276.110382080078 282.328094482422 285.827789306641 275.124176025391 274.580474853516 273.963165283203 273.411193847656 273.073699951172 271.819427490234
