rcp4.5models/MPi_ESM_LR/sc1gr8.36
NCOLS 261 
NROWS 433 
XLLCORNER 336357.134 
YLLCORNER 654653.479 
CELLSIZE 1000 
NODATA_value -3.4e+38 
[rows 220 to 241 of 433, columns 98 to 146 of 261]
146.166656494141 145.51904296875 144.154602050781 141.299942016602 140.814819335938 139.398559570312 138.691223144531 138.354278564453 136.996994018555 134.391418457031 134.359039306641 134.50895690918 129.694442749023 128.053695678711 125.935417175293 125.150482177734 124.541534423828 122.819183349609 121.571922302246 120.867553710938 120.418258666992 119.608177185059 119.046424865723 118.44953918457 118.284378051758 117.850524902344 117.143264770508 116.969779968262 117.199996948242 119.057266235352 122.954254150391 116.745300292969 118.433769226074 120.213623046875 120.480857849121 120.165832519531 121.47647857666 124.41340637207 125.949699401855 131.346755981445 140.871246337891 141.521469116211 134.419204711914 140.046051025391 145.977279663086 148.111099243164 151.511169433594 155.924774169922 172.109588623047
148.864059448242 148.279022216797 146.881439208984 144.264541625977 143.995346069336 142.993927001953 141.561462402344 139.682235717773 138.072189331055 136.888153076172 136.860595703125 135.693145751953 132.332366943359 130.587524414062 128.629547119141 127.376358032227 126.422248840332 125.464515686035 123.971054077148 122.775505065918 122.332427978516 121.923286437988 120.888496398926 120.431686401367 120.467926025391 119.556373596191 119.310096740723 118.353141784668 118.141265869141 124.636795043945 134.038558959961 118.817337036133 120.655059814453 121.463562011719 122.161529541016 123.658340454102 124.642692565918 125.525245666504 129.607635498047 139.321975708008 145.145919799805 140.076019287109 138.045333862305 143.302825927734 149.808609008789 150.929595947266 155.013885498047 159.533050537109 172.25471496582
151.866027832031 151.271209716797 149.867523193359 147.80143737793 147.504333496094 146.573822021484 145.03401184082 142.056167602539 140.344635009766 140.405303955078 140.140045166016 138.117050170898 135.695602416992 133.747894287109 131.252395629883 129.911346435547 128.436447143555 127.368034362793 126.03443145752 125.129547119141 124.049934387207 123.85750579834 123.379211425781 122.900428771973 122.776428222656 121.59130859375 121.18090057373 120.427032470703 119.770774841309 127.592811584473 137.666976928711 121.264251708984 122.741424560547 123.239814758301 123.911811828613 125.569763183594 126.739036560059 127.73851776123 133.592971801758 141.974670410156 140.936553955078 139.627349853516 141.193176269531 143.064926147461 145.781539916992 150.345413208008 158.290939331055 162.476516723633 174.099716186523
156.564193725586 155.565017700195 153.325592041016 151.060104370117 150.236267089844 150.135467529297 149.307312011719 145.179718017578 143.826141357422 143.568252563477 142.658462524414 140.535690307617 138.386688232422 136.391235351562 133.273864746094 132.568664550781 131.052062988281 130.031951904297 128.143692016602 131.293365478516 136.137313842773 125.747100830078 125.321701049805 125.202507019043 124.82689666748 123.921562194824 123.089668273926 122.605491638184 122.283714294434 128.671203613281 134.628463745117 123.449340820312 124.794166564941 125.768608093262 126.238677978516 127.229133605957 128.684936523438 132.551071166992 137.411865234375 139.421310424805 139.982345581055 143.840682983398 143.847534179688 144.715148925781 143.932327270508 149.889739990234 161.663650512695 165.702728271484 176.603927612305
159.811614990234 158.339767456055 156.575576782227 153.868041992188 153.712341308594 154.058456420898 151.785095214844 148.659851074219 147.009002685547 146.611755371094 145.991683959961 143.176177978516 141.202026367188 139.25032043457 135.956237792969 -3.4e+38 133.699722290039 132.72932434082 131.871765136719 -3.4e+38 138.559478759766 128.387161254883 127.706420898438 127.048881530762 126.545570373535 125.724739074707 124.824462890625 124.504302978516 124.337791442871 126.723510742188 129.289657592773 125.563858032227 126.108306884766 126.861228942871 128.51741027832 131.220550537109 132.946868896484 137.531433105469 142.347915649414 140.668380737305 143.036224365234 145.859939575195 147.35124206543 149.577545166016 151.505020141602 155.897583007812 164.553009033203 168.459777832031 176.763031005859
162.586212158203 160.730178833008 159.434219360352 157.036819458008 157.511138916016 157.251525878906 153.372665405273 152.156845092773 150.178131103516 150.504318237305 151.66032409668 146.650375366211 144.627838134766 142.469207763672 139.064270019531 -3.4e+38 136.85954284668 135.286743164062 134.59521484375 133.944137573242 132.493316650391 130.668472290039 129.963790893555 128.806854248047 128.291687011719 127.462448120117 126.5751953125 126.763320922852 126.940208435059 126.694320678711 127.430541992188 128.025314331055 128.054962158203 128.172348022461 135.113616943359 144.263778686523 137.202346801758 139.581024169922 142.450271606445 142.656372070312 142.386489868164 145.85009765625 149.550170898438 150.668472290039 158.140975952148 161.657012939453 166.031509399414 170.596801757812 177.384429931641
166.174789428711 164.135879516602 162.625411987305 160.600692749023 160.450210571289 159.534957885742 157.113922119141 155.451690673828 152.866241455078 153.27033996582 154.778381347656 149.404922485352 147.33056640625 145.167190551758 141.433135986328 140.093032836914 139.441772460938 137.591430664062 136.159149169922 135.011672973633 133.610870361328 -3.4e+38 132.642028808594 131.098480224609 129.936920166016 129.172775268555 128.456314086914 128.744110107422 129.579879760742 129.510131835938 129.446746826172 132.572677612305 139.099609375 141.471008300781 155.335754394531 165.8134765625 144.014144897461 140.053512573242 140.90397644043 142.55632019043 142.629638671875 146.154998779297 151.83528137207 153.940216064453 160.756362915039 163.578063964844 167.194061279297 171.890655517578 178.245788574219
169.7705078125 168.123977661133 167.077285766602 164.171188354492 163.823623657227 162.576904296875 160.467880249023 158.812515258789 156.131866455078 156.203903198242 156.206512451172 152.250457763672 150.572158813477 148.936477661133 144.260757446289 142.715682983398 141.741439819336 140.358169555664 138.739852905273 137.913146972656 136.684265136719 135.494567871094 134.575805664062 133.615203857422 132.681732177734 131.769027709961 131.031860351562 131.227691650391 131.892120361328 131.161422729492 131.593109130859 139.682739257812 159.066589355469 174.339706420898 184.445541381836 169.363327026367 143.515625 140.889755249023 143.321990966797 146.836547851562 145.867584228516 147.148986816406 152.629425048828 159.543548583984 162.446746826172 165.222274780273 167.889953613281 172.587432861328 178.613006591797
173.46809387207 172.010345458984 171.651962280273 168.514938354492 167.221267700195 -3.4e+38 -3.4e+38 162.359481811523 159.903656005859 159.48796081543 157.989135742188 155.476028442383 154.356033325195 153.116744995117 147.708648681641 145.9189453125 144.778869628906 143.732147216797 141.873397827148 140.386856079102 139.124801635742 137.526794433594 136.711929321289 136.323333740234 135.180191040039 133.984130859375 133.579818725586 133.439254760742 133.738922119141 133.786727905273 134.289916992188 141.802993774414 169.392501831055 198.383743286133 185.204528808594 150.650787353516 139.434112548828 142.145782470703 145.802108764648 150.379333496094 147.595001220703 148.805053710938 151.552047729492 158.265258789062 163.305221557617 166.904830932617 169.677200317383 173.49772644043 178.494583129883
177.508148193359 177.113830566406 177.05615234375 173.016387939453 171.412353515625 169.368911743164 168.345153808594 166.265060424805 164.557174682617 163.437057495117 160.81510925293 159.062637329102 158.035217285156 157.383163452148 151.153930664062 148.827209472656 147.992523193359 146.387145996094 144.484527587891 142.674499511719 141.202880859375 139.695648193359 139.238189697266 138.813781738281 137.698806762695 136.412506103516 137.461547851562 139.217346191406 135.76628112793 136.526229858398 136.950912475586 142.369537353516 171.070022583008 198.737197875977 169.76025390625 140.793975830078 140.55436706543 144.169647216797 147.897338867188 151.873413085938 151.568542480469 153.878158569336 156.064514160156 159.210037231445 164.466262817383 167.611480712891 170.918823242188 173.521575927734 178.294342041016
182.211334228516 181.543640136719 181.054672241211 177.638275146484 175.998947143555 173.997634887695 172.509338378906 170.845153808594 168.593017578125 167.155364990234 165.184158325195 162.727996826172 162.921890258789 165.964935302734 154.989974975586 152.373199462891 150.694198608398 149.237640380859 147.272811889648 145.5078125 144.278335571289 143.145904541016 141.627639770508 140.808120727539 -3.4e+38 148.120910644531 157.311553955078 151.234436035156 138.350311279297 138.913421630859 139.022018432617 151.247497558594 186.27409362793 193.046875 156.719604492188 142.448257446289 143.225631713867 147.655059814453 150.967559814453 154.341049194336 155.888168334961 157.348709106445 160.834594726562 163.776901245117 165.570159912109 167.900115966797 171.522994995117 173.273056030273 177.994293212891
191.570831298828 190.616348266602 189.823013305664 186.883148193359 185.674163818359 183.998153686523 181.418930053711 179.394577026367 177.91877746582 174.800491333008 173.282577514648 171.036849975586 172.436630249023 183.942199707031 174.930679321289 160.082244873047 157.477264404297 155.106063842773 153.887115478516 156.23176574707 158.897430419922 148.402572631836 147.637313842773 149.364212036133 157.099105834961 167.784255981445 182.232452392578 149.595123291016 142.766738891602 142.947982788086 148.262603759766 173.043823242188 199.616317749023 176.209533691406 146.982666015625 147.964736938477 151.556564331055 154.116714477539 155.481842041016 158.294464111328 160.729644775391 162.812774658203 165.539077758789 167.489486694336 168.455490112305 170.527725219727 172.821655273438 174.97428894043 178.031814575195
197.036666870117 195.528366088867 194.663803100586 191.159317016602 189.708465576172 188.972610473633 186.547592163086 183.971954345703 181.954071044922 180.065704345703 177.702590942383 175.098663330078 174.309783935547 177.446990966797 181.246551513672 164.101165771484 162.264526367188 164.127670288086 167.925842285156 166.713745117188 169.251525878906 156.490875244141 154.381988525391 156.184112548828 170.069122314453 177.170837402344 160.805450439453 148.715789794922 146.823989868164 147.657516479492 148.65934753418 168.331878662109 194.893142700195 166.682357788086 149.62922668457 150.019454956055 153.752197265625 153.825073242188 156.452865600586 159.162796020508 162.287322998047 163.916778564453 165.889724731445 168.075714111328 168.420761108398 170.345138549805 173.16276550293 175.201599121094 178.105133056641
202.796325683594 200.850692749023 199.182769775391 195.987213134766 194.050628662109 192.498870849609 190.335250854492 187.970947265625 185.886993408203 184.801742553711 182.722305297852 179.732330322266 177.341491699219 175.167556762695 180.018463134766 167.709228515625 168.10514831543 177.078750610352 185.926193237305 182.172943115234 180.775741577148 171.529357910156 165.346862792969 167.424133300781 177.87614440918 186.345687866211 158.186248779297 152.965927124023 152.574401855469 153.772583007812 151.147247314453 166.264892578125 183.836395263672 157.084106445312 151.767456054688 152.457641601562 157.586151123047 159.489990234375 -3.4e+38 160.272994995117 163.268966674805 165.060531616211 166.76774597168 168.449020385742 169.081069946289 170.35791015625 173.493469238281 175.660629272461 178.025955200195
207.362686157227 205.491882324219 204.103897094727 201.978759765625 200.258255004883 198.070129394531 195.620513916016 193.002304077148 190.932952880859 189.082092285156 186.907928466797 184.81819152832 185.914443969727 188.869354248047 188.484481811523 172.24755859375 176.405776977539 189.957748413086 193.951065063477 191.503021240234 189.282592773438 186.367568969727 180.357467651367 178.403030395508 186.855255126953 193.555786132812 161.017654418945 158.811645507812 161.425918579102 158.922470092773 152.447967529297 164.301071166992 175.940460205078 153.858306884766 154.169204711914 155.914398193359 159.069519042969 165.272720336914 -3.4e+38 162.556594848633 165.272903442383 166.685791015625 168.477737426758 169.834823608398 170.99853515625 172.346649169922 174.535995483398 175.639358520508 178.338745117188
212.583419799805 211.476043701172 210.621658325195 207.262542724609 205.413818359375 203.611419677734 201.957855224609 199.149063110352 196.402374267578 193.925109863281 191.339080810547 189.923706054688 193.335464477539 207.163711547852 192.209884643555 179.04150390625 183.729293823242 197.959991455078 196.158065795898 195.290222167969 194.31477355957 193.467422485352 188.75895690918 182.158752441406 187.880599975586 195.106628417969 164.077728271484 161.235076904297 163.869506835938 159.81169128418 156.366149902344 172.546661376953 184.284606933594 157.15185546875 157.159683227539 158.549331665039 158.711242675781 167.427291870117 167.222869873047 165.113388061523 167.427947998047 168.664016723633 170.114227294922 171.289520263672 171.947067260742 173.561096191406 175.361968994141 176.137542724609 179.017196655273
219.104034423828 217.906951904297 216.962539672852 212.479370117188 210.320098876953 208.759323120117 207.81037902832 205.406692504883 202.617477416992 199.755523681641 197.434646606445 195.654022216797 195.827819824219 203.020126342773 188.56884765625 182.857574462891 186.981857299805 201.050964355469 198.379089355469 196.692230224609 196.657730102539 196.52099609375 191.483932495117 189.374389648438 194.571029663086 206.056137084961 168.449356079102 164.222106933594 169.569686889648 172.7080078125 159.259033203125 168.941146850586 174.980529785156 159.733581542969 160.601089477539 161.419982910156 161.880279541016 166.5029296875 169.383697509766 167.469833374023 168.829162597656 169.261672973633 171.06037902832 172.120635986328 172.279083251953 173.949752807617 175.82341003418 176.905487060547 179.042190551758
225.294937133789 223.691665649414 222.747543334961 219.009765625 216.778274536133 214.934555053711 213.561233520508 210.951416015625 208.189437866211 206.107818603516 203.418548583984 200.884613037109 198.009017944336 195.972198486328 188.718338012695 185.529052734375 188.294204711914 201.678100585938 202.783065795898 199.664321899414 198.431793212891 198.362014770508 191.544540405273 193.289535522461 199.583129882812 205.348831176758 169.371139526367 165.392456054688 176.114166259766 188.025238037109 160.964813232422 161.244369506836 162.066452026367 162.434158325195 163.858245849609 164.633895874023 165.179275512695 166.827743530273 169.375366210938 -3.4e+38 -3.4e+38 171.075012207031 171.889526367188 172.944885253906 174.201202392578 175.454162597656 176.663192749023 177.871215820312 179.060028076172
231.844955444336 231.062789916992 229.321624755859 225.43994140625 223.504409790039 222.08381652832 220.043609619141 217.473007202148 214.657135009766 212.267929077148 209.30354309082 205.878555297852 202.572647094727 200.243865966797 192.726760864258 189.454360961914 191.397079467773 201.679580688477 204.361831665039 205.973663330078 203.024017333984 199.480590820312 193.396377563477 193.684295654297 196.381225585938 190.179077148438 166.509765625 164.799682617188 176.274459838867 196.270217895508 174.696395874023 163.404449462891 164.254119873047 165.084976196289 166.193099975586 167.127426147461 168.090591430664 170.028869628906 171.316207885742 -3.4e+38 172.975189208984 175.458221435547 175.959548950195 174.541015625 175.501129150391 176.555770874023 177.408935546875 178.591522216797 179.212509155273
239.466491699219 238.773651123047 237.698272705078 233.115966796875 231.113967895508 229.451889038086 227.219345092773 224.747299194336 221.608245849609 218.696578979492 215.310134887695 211.617874145508 208.737091064453 205.757400512695 197.953140258789 194.487930297852 194.184448242188 196.104797363281 199.800186157227 210.911911010742 207.238220214844 202.395156860352 201.149291992188 199.870468139648 196.965286254883 184.188690185547 -3.4e+38 -3.4e+38 -3.4e+38 191.964996337891 185.195327758789 168.656066894531 167.588073730469 168.438369750977 170.121017456055 171.768844604492 170.684356689453 172.404418945312 173.191497802734 -3.4e+38 177.828811645508 185.107711791992 183.13444519043 176.927261352539 177.070770263672 177.4921875 178.326843261719 179.220428466797 180.230514526367
247.032028198242 245.631011962891 245.447235107422 240.359283447266 238.053649902344 235.790985107422 233.654937744141 231.337173461914 228.030731201172 224.723251342773 221.075408935547 217.888946533203 214.940353393555 211.49739074707 203.373901367188 199.677185058594 196.875503540039 197.131744384766 206.318649291992 216.038818359375 212.180847167969 208.741897583008 210.045867919922 207.790054321289 201.659576416016 193.157348632812 168.699859619141 168.699905395508 -3.4e+38 177.110290527344 178.523818969727 171.760604858398 170.549514770508 171.818206787109 173.506393432617 174.745086669922 173.401123046875 174.250671386719 174.829254150391 176.227752685547 181.619171142578 195.001190185547 195.084686279297 179.133422851562 -3.4e+38 179.227767944336 179.99967956543 180.709136962891 180.678482055664
254.714370727539 252.904022216797 252.332809448242 247.44953918457 245.46923828125 242.36474609375 240.122802734375 238.016052246094 235.189315795898 231.127853393555 227.549423217773 224.750228881836 221.228881835938 217.745544433594 210.071716308594 205.314453125 205.25993347168 213.031097412109 219.750442504883 223.531387329102 221.533386230469 220.606842041016 215.285720825195 213.137908935547 209.016326904297 205.129135131836 174.766174316406 -3.4e+38 173.296737670898 174.538711547852 174.453018188477 174.170852661133 174.328918457031 174.916931152344 176.647186279297 178.191421508789 177.200210571289 177.536865234375 176.941757202148 178.205871582031 181.38298034668 193.712478637695 199.921020507812 180.747802734375 180.482131958008 180.716796875 181.414916992188 181.714706420898 181.269424438477
