rcp4.5models/MPi_ESM_LR/sc1gr5.31
NCOLS 261 
NROWS 433 
XLLCORNER 336357.134 
YLLCORNER 654653.479 
CELLSIZE 1000 
NODATA_value -3.4e+38 
[rows 308 to 329 of 433, columns 196 to 244 of 261]
265.029937744141 263.572113037109 255.856399536133 252.486999511719 254.897171020508 264.139709472656 270.044036865234 269.599700927734 272.001586914062 272.468200683594 271.5703125 271.591705322266 269.514282226562 263.702545166016 255.256988525391 255.56428527832 256.802398681641 255.131484985352 271.115631103516 273.059631347656 273.049102783203 271.895660400391 273.484344482422 274.724395751953 274.987976074219 272.662780761719 268.404907226562 269.316711425781 274.130554199219 273.881011962891 273.773193359375 273.892639160156 273.997863769531 274.381011962891 275.508361816406 276.143585205078 275.859558105469 275.354522705078 276.309631347656 277.362884521484 277.367492675781 275.712249755859 276.152404785156 277.256256103516 277.642700195312 278.517547607422 279.223297119141 279.5087890625 279.705535888672
261.562896728516 265.055725097656 261.168395996094 259.758361816406 262.132202148438 265.676788330078 262.894317626953 270.447296142578 271.987182617188 271.958557128906 271.610198974609 270.086456298828 265.573150634766 261.797271728516 256.034454345703 258.476776123047 258.697814941406 255.150482177734 268.299285888672 273.149810791016 273.4853515625 272.708435058594 274.055023193359 274.57861328125 273.550109863281 271.169189453125 270.679534912109 269.125274658203 269.908477783203 274.320434570312 274.327972412109 274.341857910156 274.48388671875 274.91259765625 276.485717773438 276.485412597656 275.552154541016 275.7734375 276.253387451172 277.278625488281 278.02734375 276.537780761719 277.290496826172 277.676208496094 277.841491699219 278.426696777344 279.034851074219 279.323150634766 279.633636474609
259.806579589844 265.277862548828 263.530090332031 259.209228515625 259.980926513672 263.433135986328 257.07568359375 267.652130126953 269.850860595703 271.863525390625 270.59765625 265.924591064453 260.817687988281 258.767700195312 255.970642089844 258.182922363281 260.998504638672 259.709259033203 266.950286865234 272.619018554688 273.637573242188 273.998687744141 274.417236328125 274.305541992188 272.677429199219 271.373626708984 272.339721679688 270.220123291016 265.915557861328 269.65625 275.101593017578 274.966430664062 275.166442871094 275.587249755859 276.339996337891 276.562042236328 275.692260742188 276.027893066406 276.771026611328 277.179840087891 278.344940185547 277.426605224609 277.738677978516 277.793273925781 277.949310302734 278.510772705078 278.645965576172 279.2294921875 279.338836669922
260.189758300781 264.951843261719 263.542419433594 257.391693115234 256.869354248047 260.485107421875 260.448120117188 266.500457763672 270.274261474609 272.219055175781 270.610595703125 265.957244873047 260.690307617188 259.390777587891 258.230194091797 257.910247802734 260.282165527344 259.898162841797 270.24072265625 272.567565917969 273.333923339844 273.841644287109 274.377319335938 273.768463134766 272.690124511719 272.663330078125 273.04052734375 271.529235839844 264.709991455078 266.605651855469 275.616760253906 275.987274169922 -3.4e+38 -3.4e+38 276.703979492188 276.934387207031 276.343353271484 276.300811767578 277.080352783203 277.409790039062 278.291625976562 277.766479492188 278.0830078125 277.964569091797 278.427917480469 278.646911621094 278.187805175781 278.558837890625 278.73486328125
260.7783203125 263.300903320312 264.361175537109 260.951995849609 259.931549072266 262.406616210938 264.719757080078 269.148773193359 271.851257324219 271.826629638672 270.968017578125 268.695617675781 265.959167480469 265.080780029297 264.42041015625 262.895660400391 259.706298828125 259.954956054688 272.517700195312 273.126373291016 273.297943115234 273.739410400391 274.216949462891 273.602355957031 273.265197753906 273.006042480469 272.430755615234 272.450439453125 266.825164794922 266.891571044922 275.424530029297 275.563232421875 275.932464599609 276.625915527344 277.341430664062 277.311157226562 276.597808837891 276.298980712891 277.113861083984 277.770202636719 278.460021972656 278.113830566406 278.312438964844 278.286743164062 278.621429443359 278.713745117188 278.520751953125 278.655487060547 278.729766845703
257.084991455078 263.755859375 264.306213378906 260.881896972656 258.084411621094 262.358245849609 267.825775146484 270.870544433594 270.342041015625 269.037048339844 269.963684082031 269.300231933594 266.033050537109 267.363739013672 269.389801025391 267.706604003906 265.825744628906 260.490539550781 266.180084228516 272.62890625 273.718231201172 273.860992431641 274.166748046875 274.379364013672 274.269165039062 273.028076171875 271.347381591797 273.981384277344 273.410949707031 271.613983154297 274.433288574219 275.112670898438 275.791229248047 276.373229980469 276.750549316406 277.213287353516 277.401489257812 276.790679931641 276.648681640625 277.857666015625 278.151214599609 278.429718017578 278.702056884766 279.052917480469 278.759460449219 278.908599853516 278.951293945312 279.093933105469 279.192199707031
256.479858398438 262.457916259766 264.510070800781 261.473480224609 255.414825439453 257.454528808594 268.860473632812 270.365814208984 269.245452880859 267.884246826172 268.760345458984 268.680511474609 266.776428222656 269.829071044922 269.574584960938 269.139587402344 270.362670898438 268.486572265625 263.154022216797 272.460021972656 273.740264892578 274.234466552734 274.406677246094 -3.4e+38 274.200561523438 273.689575195312 273.62060546875 274.357055664062 275.114929199219 274.954132080078 275.108825683594 276.006103515625 276.058380126953 276.378021240234 276.892486572266 277.159881591797 277.563415527344 277.090637207031 276.913238525391 277.427703857422 277.779998779297 278.440673828125 278.776885986328 278.990631103516 278.725555419922 279.136810302734 279.359252929688 279.331665039062 279.261505126953
257.738006591797 261.740539550781 264.134735107422 261.813598632812 255.524353027344 256.613372802734 268.57373046875 268.930328369141 268.417541503906 268.162811279297 269.41162109375 269.941711425781 269.468719482422 270.314514160156 270.188873291016 270.1005859375 270.68115234375 270.039886474609 267.864379882812 272.991760253906 273.932312011719 -3.4e+38 -3.4e+38 -3.4e+38 273.996795654297 274.060699462891 274.046508789062 274.687774658203 275.313629150391 275.648071289062 275.912811279297 276.299865722656 276.424285888672 276.651519775391 277.073944091797 277.541656494141 277.555969238281 277.257720947266 277.497711181641 277.159942626953 277.142181396484 278.092529296875 278.236450195312 278.669189453125 278.969787597656 279.311889648438 279.730834960938 279.750579833984 279.709564208984
259.381958007812 261.591400146484 263.070037841797 262.207763671875 258.011322021484 258.545013427734 267.554809570312 268.358062744141 268.089202880859 268.220825195312 269.334625244141 270.120056152344 270.259429931641 270.904449462891 271.124206542969 270.960266113281 271.145965576172 270.366333007812 272.383087158203 273.205352783203 273.990081787109 -3.4e+38 -3.4e+38 -3.4e+38 274.372924804688 274.459686279297 273.91845703125 274.6552734375 275.153747558594 275.806762695312 276.211853027344 276.398040771484 276.891845703125 277.187042236328 277.357025146484 277.724884033203 277.730560302734 277.677947998047 277.612854003906 277.581756591797 277.180755615234 278.155090332031 278.336944580078 278.793304443359 279.167083740234 279.466644287109 279.803009033203 279.937591552734 280.170349121094
260.271118164062 259.683898925781 258.760711669922 259.908569335938 259.067657470703 257.749389648438 265.815612792969 268.452026367188 267.546051025391 266.735626220703 265.465484619141 267.705932617188 269.798889160156 270.932189941406 271.582672119141 271.431884765625 271.676879882812 270.813537597656 271.901092529297 272.663757324219 273.655975341797 274.285491943359 -3.4e+38 274.959228515625 275.199615478516 274.662567138672 273.665069580078 274.172271728516 274.804290771484 275.479705810547 276.217895507812 276.175994873047 276.623870849609 276.961334228516 277.269378662109 277.339752197266 277.447418212891 277.883605957031 277.957611083984 277.903289794922 277.314117431641 278.427703857422 278.490997314453 278.897094726562 279.182312011719 279.606048583984 279.964080810547 279.998504638672 280.198516845703
260.827606201172 259.786926269531 257.641510009766 255.539901733398 260.991638183594 261.779266357422 266.339294433594 267.905364990234 266.404815673828 265.485046386719 262.018188476562 264.075012207031 266.561584472656 270.018829345703 271.182891845703 271.592681884766 272.260437011719 271.274200439453 271.987518310547 272.760711669922 273.413513183594 273.890197753906 273.821624755859 274.63720703125 275.605316162109 274.580017089844 273.682250976562 274.237884521484 274.844299316406 275.246978759766 275.250396728516 273.813690185547 275.855346679688 276.186065673828 277.039794921875 277.389190673828 277.446502685547 277.949279785156 278.160308837891 278.141052246094 277.670776367188 278.407745361328 278.478820800781 278.660034179688 278.772766113281 279.198669433594 279.926513671875 280.031494140625 280.1162109375
262.649597167969 262.249176025391 260.970489501953 257.53369140625 261.550750732422 266.547607421875 268.319122314453 267.568420410156 265.921112060547 265.569793701172 263.726440429688 262.269989013672 264.626098632812 269.471130371094 271.368988037109 271.631744384766 272.517578125 272.08642578125 272.838562011719 273.614501953125 273.852294921875 273.817443847656 273.998870849609 275.044616699219 275.746337890625 274.867492675781 274.557342529297 274.942047119141 275.070922851562 275.352508544922 271.268341064453 273.0703125 275.152130126953 275.848388671875 276.903900146484 277.177917480469 277.461090087891 277.870086669922 277.732360839844 278.391876220703 278.326385498047 278.309143066406 278.669647216797 278.631439208984 278.496856689453 279.041595458984 279.894653320312 280.116027832031 280.18359375
265.373046875 263.229614257812 262.135040283203 262.539031982422 264.025939941406 267.322875976562 268.699554443359 267.230834960938 265.482482910156 266.278961181641 266.332214355469 263.742340087891 265.327606201172 269.318511962891 271.419525146484 272.001373291016 272.684143066406 272.699310302734 273.257202148438 274.216644287109 274.698425292969 274.461822509766 273.753692626953 275.145385742188 275.805816650391 275.575897216797 275.618835449219 275.674896240234 275.373962402344 275.146820068359 271.775573730469 274.218933105469 275.160461425781 276.110321044922 276.671356201172 276.751190185547 277.092163085938 277.435791015625 277.742492675781 278.481048583984 278.813415527344 278.482208251953 278.799499511719 279.040252685547 278.89208984375 279.469696044922 279.937713623047 280.080871582031 280.169677734375
265.125854492188 262.255157470703 262.070281982422 265.089752197266 267.529937744141 268.499481201172 269.064514160156 267.32958984375 265.881774902344 266.192535400391 267.467498779297 266.618499755859 265.530731201172 267.038146972656 268.111633300781 271.569610595703 272.798889160156 272.756103515625 273.682708740234 274.166473388672 274.393981933594 274.859252929688 274.230377197266 275.244750976562 275.811645507812 275.894317626953 275.978454589844 275.991088867188 275.620086669922 274.995361328125 274.672668457031 274.935424804688 275.880798339844 275.960601806641 276.384521484375 276.746765136719 277.098907470703 277.373718261719 277.412689208984 277.938262939453 278.234741210938 279.024993896484 279.172119140625 279.467651367188 279.383087158203 279.597930908203 279.836608886719 279.999603271484 280.113739013672
263.983795166016 261.714477539062 262.088256835938 266.453308105469 268.114227294922 268.891021728516 269.249450683594 265.268127441406 259.771392822266 266.794799804688 268.479888916016 268.780914306641 267.529235839844 266.614135742188 266.521148681641 271.924285888672 272.786254882812 273.328399658203 273.712585449219 273.917602539062 273.380767822266 275.190643310547 275.362823486328 275.578369140625 275.678527832031 275.680084228516 276.014465332031 276.109680175781 275.640106201172 275.352416992188 274.980895996094 275.294311523438 276.418548583984 276.198608398438 276.530822753906 276.90185546875 277.209381103516 277.647735595703 277.626342773438 278.128479003906 278.467407226562 279.324432373047 279.431121826172 279.291107177734 279.476531982422 279.611541748047 279.846405029297 280.006896972656 280.250061035156
265.357818603516 262.678192138672 262.639129638672 265.693542480469 268.162567138672 269.315338134766 268.103118896484 254.347839355469 246.415298461914 260.737945556641 268.772430419922 269.570373535156 269.852844238281 269.247680664062 269.233551025391 272.311462402344 272.979217529297 273.745452880859 273.191802978516 273.619750976562 273.21337890625 274.836700439453 275.020324707031 274.810516357422 275.085479736328 275.227600097656 275.832427978516 276.248992919922 275.823760986328 275.730377197266 275.583770751953 275.567687988281 275.962249755859 276.890808105469 277.142028808594 277.291046142578 277.442993164062 277.795104980469 277.956024169922 278.258514404297 278.731353759766 278.936218261719 279.044799804688 278.946502685547 279.034759521484 279.622650146484 279.661346435547 280.060668945312 280.568176269531
266.948272705078 263.436309814453 263.418579101562 265.120208740234 268.106109619141 268.631561279297 263.060241699219 240.186065673828 235.273208618164 249.148834228516 264.449890136719 269.944366455078 270.392486572266 270.706817626953 271.565551757812 272.350769042969 272.820709228516 273.012878417969 272.737548828125 273.661712646484 273.0078125 273.818725585938 273.958740234375 273.968627929688 274.444091796875 274.964447021484 275.732849121094 276.144348144531 276.257995605469 275.962615966797 276.141998291016 275.945770263672 275.485626220703 276.862579345703 277.235443115234 277.692657470703 277.741546630859 277.687927246094 277.866302490234 277.978973388672 278.154998779297 278.471099853516 278.810913085938 279.284545898438 279.195678710938 279.490936279297 279.033813476562 279.785766601562 280.356628417969
268.084777832031 265.692291259766 264.998962402344 266.841400146484 269.148590087891 269.373199462891 263.006927490234 243.743011474609 231.297668457031 229.052536010742 234.666397094727 261.166381835938 270.626403808594 271.277679443359 271.992431640625 271.330200195312 271.224212646484 270.254028320312 273.177093505859 271.819885253906 271.686492919922 273.188629150391 273.875915527344 274.285766601562 274.303894042969 274.368530273438 275.228271484375 275.556732177734 276.153686523438 276.468353271484 277.237121582031 276.863647460938 276.757110595703 277.428100585938 277.278961181641 277.197601318359 278.089630126953 278.225250244141 278.761383056641 278.901672363281 279.188812255859 279.248199462891 278.881042480469 279.509307861328 280.150787353516 279.846832275391 279.332611083984 279.932495117188 279.581939697266
268.5810546875 267.366821289062 265.588470458984 267.771820068359 269.623718261719 270.392944335938 265.460815429688 252.213882446289 243.493026733398 232.442077636719 229.965835571289 256.337707519531 269.461212158203 271.241424560547 270.320007324219 265.604766845703 269.365112304688 265.772094726562 272.327758789062 271.665832519531 271.349578857422 273.290130615234 274.413635253906 274.474426269531 274.028839111328 273.996917724609 275.113128662109 275.436584472656 275.618713378906 275.873657226562 277.160522460938 277.342529296875 277.098327636719 277.900817871094 277.592071533203 277.538269042969 277.970733642578 278.174468994141 278.703491210938 278.710357666016 279.430450439453 279.383911132812 279.271606445312 279.571228027344 279.778137207031 279.700286865234 279.931884765625 280.254913330078 279.857971191406
268.401641845703 267.012908935547 266.222381591797 268.484497070312 269.352722167969 270.309326171875 268.521911621094 257.232452392578 247.663391113281 232.860076904297 228.435943603516 252.213851928711 268.062622070312 269.926147460938 264.30322265625 262.359375 269.986999511719 268.050109863281 271.574737548828 270.794189453125 267.933319091797 272.687591552734 274.513671875 275.105041503906 274.351043701172 274.491943359375 275.559753417969 275.863189697266 275.827545166016 276.050994873047 277.020965576172 277.505737304688 277.406097412109 277.735107421875 277.933715820312 278.010986328125 278.060180664062 277.994018554688 278.303833007812 278.262878417969 279.238677978516 278.799926757812 279.372711181641 279.262908935547 279.520935058594 279.70458984375 280.233215332031 280.194763183594 280.301452636719
268.117370605469 265.894836425781 265.235748291016 268.285003662109 268.780975341797 270.214874267578 270.462432861328 254.463424682617 245.726959228516 234.833602905273 232.26692199707 255.628463745117 268.575836181641 269.123107910156 263.602874755859 266.899780273438 270.976806640625 271.599334716797 270.785736083984 270.656707763672 267.863739013672 270.720092773438 274.613677978516 275.383697509766 275.194793701172 275.453430175781 275.961151123047 276.356231689453 276.527587890625 276.515838623047 277.299987792969 277.639862060547 277.696533203125 277.685882568359 277.851135253906 277.873779296875 278.008483886719 278.276733398438 277.960327148438 278.039398193359 278.587005615234 278.217498779297 278.919738769531 279.250396728516 279.514770507812 279.684997558594 280.171142578125 280.223358154297 280.421875
267.969329833984 266.707733154297 265.867553710938 267.573944091797 268.814544677734 270.025299072266 270.656005859375 257.505828857422 250.82470703125 245.733154296875 243.799575805664 260.308074951172 269.351348876953 269.594818115234 268.184539794922 270.147430419922 270.924468994141 271.077331542969 270.837799072266 271.586578369141 271.222381591797 271.741485595703 274.539978027344 274.983215332031 275.597076416016 275.834106445312 275.870635986328 276.402587890625 276.917419433594 276.867431640625 277.492156982422 277.602203369141 277.541748046875 277.580596923828 277.472259521484 277.544342041016 277.585235595703 277.645660400391 277.371276855469 277.528442382812 277.621368408203 278.377563476562 278.619567871094 279.236236572266 279.352813720703 279.678253173828 280.224884033203 280.557556152344 280.669464111328
