rcp4.5models/MPi_ESM_LR/sc1gr4.23
NCOLS 261 
NROWS 433 
XLLCORNER 336357.134 
YLLCORNER 654653.479 
CELLSIZE 1000 
NODATA_value -3.4e+38 
[rows 330 to 351 of 433, columns 196 to 244 of 261]
274.966613769531 274.848114013672 274.559875488281 274.403625488281 275.837249755859 276.604858398438 276.962219238281 272.081878662109 269.274353027344 266.238891601562 264.083892822266 273.255523681641 276.110229492188 275.944915771484 276.340972900391 277.070373535156 277.807769775391 277.991363525391 278.128875732422 279.197357177734 279.613311767578 280.379119873047 280.628997802734 280.756378173828 281.501922607422 281.458557128906 281.747772216797 282.560211181641 282.925476074219 282.903930664062 283.448211669922 283.40185546875 283.160308837891 283.183868408203 282.199310302734 282.593017578125 283.319366455078 282.974060058594 282.983795166016 282.947235107422 282.988403320312 283.663665771484 284.008758544922 284.464050292969 284.681365966797 284.874572753906 285.454010009766 285.748718261719 286.122924804688
275.486633300781 275.744476318359 275.481597900391 274.366729736328 274.693695068359 276.637268066406 277.340270996094 275.692321777344 275.032867431641 274.210510253906 272.854064941406 276.612976074219 275.862609863281 275.677551269531 276.083435058594 277.427398681641 277.929718017578 278.743469238281 278.856109619141 279.508666992188 279.400054931641 279.524291992188 280.185302734375 280.169677734375 280.586639404297 281.117126464844 281.319396972656 282.240814208984 282.497711181641 282.403198242188 282.998809814453 283.077301025391 282.977905273438 282.264282226562 281.871124267578 282.411529541016 282.677856445312 282.361785888672 282.268676757812 282.385131835938 282.469055175781 283.364288330078 283.673980712891 284.340515136719 284.6171875 284.842681884766 285.543701171875 285.492218017578 285.769653320312
275.983245849609 276.216400146484 275.388671875 273.922485351562 273.500640869141 276.549865722656 277.726623535156 277.448577880859 276.7998046875 277.346069335938 277.244293212891 277.038726806641 275.927825927734 275.883880615234 275.619415283203 277.221374511719 278.224548339844 -3.4e+38 279.353088378906 279.828704833984 279.288116455078 279.541625976562 280.232025146484 280.620849609375 280.649932861328 281.088989257812 281.281219482422 281.555541992188 281.576202392578 281.636535644531 282.579559326172 282.713775634766 282.700866699219 282.071594238281 282.097869873047 282.901550292969 282.656860351562 281.873291015625 281.647613525391 281.603912353516 282.109252929688 283.345031738281 283.496551513672 284.083984375 284.474822998047 284.796051025391 285.114807128906 285.193267822266 285.253601074219
276.412261962891 276.427093505859 275.588958740234 274.669219970703 274.901000976562 277.067962646484 277.801452636719 278.423278808594 278.023254394531 277.89208984375 277.600799560547 277.397766113281 276.793670654297 276.297973632812 275.480682373047 277.5087890625 278.899688720703 -3.4e+38 279.681243896484 280.252685546875 280.218200683594 280.699890136719 280.800079345703 281.182739257812 281.106140136719 281.1845703125 281.250762939453 281.178680419922 281.497833251953 281.850524902344 282.239929199219 282.279968261719 282.739685058594 282.381713867188 282.51806640625 283.058807373047 282.945007324219 282.480621337891 282.203948974609 281.797882080078 282.351989746094 283.390594482422 283.609008789062 283.683685302734 284.072357177734 284.405334472656 284.420715332031 284.695007324219 284.788757324219
276.605560302734 276.406768798828 275.589477539062 275.276184082031 275.34814453125 275.056243896484 277.150604248047 278.633392333984 278.765075683594 278.059600830078 277.597534179688 277.833404541016 277.710174560547 276.954376220703 276.105590820312 277.982482910156 278.668395996094 278.957946777344 279.519012451172 280.018615722656 280.546112060547 280.772064208984 281.245391845703 281.292785644531 281.405670166016 281.868499755859 281.845733642578 281.867279052734 282.171691894531 282.760162353516 282.728179931641 282.493286132812 282.980651855469 282.708618164062 282.995086669922 282.828216552734 282.929260253906 282.976470947266 282.234436035156 281.936431884766 282.213989257812 283.421905517578 283.730255126953 283.722900390625 284.063903808594 284.466156005859 284.428558349609 284.223846435547 284.323913574219
276.729156494141 276.285827636719 275.107604980469 274.663421630859 274.047088623047 271.221405029297 270.947296142578 278.366821289062 278.894683837891 278.155029296875 277.941436767578 278.105072021484 278.018218994141 276.974243164062 275.526794433594 277.917114257812 278.226257324219 277.950256347656 279.142303466797 279.373931884766 279.628936767578 280.068481445312 281.265625 281.336517333984 281.613800048828 282.25830078125 282.287078857422 282.248565673828 282.471618652344 282.620941162109 -3.4e+38 282.760803222656 283.075653076172 283.071197509766 282.985656738281 282.835968017578 282.786651611328 282.911956787109 282.316253662109 282.325042724609 282.421478271484 283.077484130859 283.563873291016 284.002838134766 284.438903808594 284.564910888672 284.703277587891 284.362426757812 284.432586669922
275.611083984375 273.747711181641 274.989013671875 274.386413574219 271.914825439453 261.592987060547 260.016693115234 278.056579589844 278.781311035156 278.480804443359 278.332275390625 278.190979003906 278.023010253906 277.448364257812 277.107421875 277.19775390625 277.667816162109 277.111999511719 277.942504882812 277.57568359375 276.986602783203 278.072082519531 280.309997558594 280.418731689453 281.484649658203 281.604309082031 281.892395019531 282.078369140625 282.575500488281 282.852752685547 282.937866210938 282.780853271484 282.914733886719 283.624053955078 283.755920410156 283.457489013672 283.659271240234 282.652282714844 282.644500732422 282.787322998047 283.272857666016 283.067016601562 283.784973144531 283.893829345703 284.230621337891 284.739044189453 284.93017578125 285.206695556641 285.293090820312
276.090698242188 273.401000976562 272.741485595703 275.068267822266 274.715759277344 266.593536376953 258.363433837891 278.049591064453 278.938446044922 278.724090576172 278.43603515625 278.692901611328 278.216857910156 277.871337890625 278.034210205078 278.123046875 278.417633056641 277.877746582031 277.062652587891 274.7626953125 275.106140136719 278.141632080078 280.818145751953 281.228546142578 281.404296875 281.594146728516 282.160400390625 282.085662841797 282.13525390625 282.441040039062 283.040069580078 282.883026123047 282.948394775391 283.363647460938 283.568511962891 283.531066894531 283.746215820312 283.350921630859 283.119445800781 283.227142333984 283.496826171875 283.697296142578 284.200622558594 284.348022460938 284.515350341797 284.822479248047 285.221740722656 285.153411865234 285.540832519531
277.182586669922 275.683166503906 273.019989013672 276.052124023438 276.841918945312 272.270629882812 263.061676025391 278.398864746094 279.107757568359 278.854919433594 278.500335693359 278.960845947266 278.386444091797 278.346374511719 278.734527587891 278.783752441406 278.660919189453 277.926422119141 276.987091064453 275.581146240234 277.040283203125 280.224334716797 280.733642578125 280.974853515625 281.160797119141 281.000885009766 281.603424072266 281.729919433594 281.797912597656 281.889739990234 282.731475830078 282.442810058594 282.591400146484 283.018493652344 283.0791015625 283.173675537109 283.632781982422 284.060272216797 283.85205078125 283.80126953125 283.791168212891 284.447906494141 284.841949462891 284.8505859375 284.685089111328 284.897552490234 285.277008056641 285.277374267578 285.513092041016
277.211822509766 276.451599121094 275.763427734375 276.562744140625 277.051666259766 275.055725097656 272.159820556641 278.426116943359 279.28271484375 279.337524414062 278.992370605469 278.933776855469 278.133697509766 278.014343261719 279.113342285156 279.339050292969 278.969665527344 277.805236816406 277.497680664062 278.050659179688 278.975738525391 280.558624267578 280.488037109375 280.588500976562 280.621734619141 280.091552734375 281.062805175781 281.205383300781 281.345642089844 281.529571533203 282.161437988281 281.502105712891 281.948791503906 282.818634033203 283.071838378906 283.117248535156 283.715759277344 284.108856201172 284.135314941406 283.948059082031 283.930572509766 284.801574707031 285.060363769531 284.975769042969 284.680236816406 285.072387695312 285.356903076172 285.459899902344 285.440093994141
277.380218505859 276.5693359375 276.438690185547 277.038726806641 277.526458740234 277.483001708984 277.777221679688 278.649169921875 279.447418212891 279.783355712891 279.371032714844 278.748504638672 277.831878662109 277.613830566406 279.210693359375 279.467437744141 279.286895751953 278.14599609375 278.261291503906 279.068420410156 279.536346435547 280.372009277344 280.278778076172 280.428009033203 279.868103027344 279.564575195312 280.261993408203 280.708862304688 280.960510253906 281.371856689453 281.506408691406 281.061401367188 281.906280517578 282.705535888672 283.107116699219 283.251190185547 283.790985107422 284.133850097656 284.146362304688 283.958984375 283.94921875 284.62548828125 284.913787841797 284.997955322266 284.730407714844 284.974029541016 285.395416259766 285.389221191406 285.449737548828
277.444030761719 276.566436767578 277.232604980469 277.983795166016 278.127624511719 278.339874267578 278.604156494141 279.230010986328 279.692169189453 279.923858642578 279.380401611328 278.847076416016 278.252899169922 277.473999023438 279.472961425781 279.675109863281 279.298767089844 278.618377685547 278.608795166016 279.446441650391 279.6875 279.877227783203 279.773651123047 279.848999023438 279.612609863281 279.945922851562 279.981109619141 280.225769042969 280.488250732422 281.324096679688 280.984649658203 280.951965332031 281.623840332031 282.583038330078 283.196105957031 283.227081298828 283.5869140625 284.191070556641 284.080810546875 283.969909667969 283.885803222656 284.272521972656 284.471374511719 284.944213867188 284.785919189453 284.730285644531 284.998352050781 285.187408447266 285.054718017578
277.406860351562 276.689025878906 277.239898681641 277.592498779297 278.401733398438 278.427795410156 278.657379150391 279.015960693359 279.505004882812 280.089660644531 279.863739013672 279.568054199219 279.058776855469 278.116149902344 279.738525390625 279.596771240234 279.187103271484 278.931793212891 275.530426025391 279.247100830078 279.054534912109 279.501525878906 279.408325195312 279.300872802734 278.847015380859 278.946044921875 280.449615478516 280.151062011719 279.976959228516 280.732574462891 280.988220214844 281.513458251953 281.803253173828 282.706756591797 283.282775878906 283.245086669922 283.240417480469 283.700836181641 283.891632080078 284.073059082031 283.940002441406 283.862640380859 284.099060058594 284.609436035156 284.483703613281 284.391143798828 284.788299560547 284.882415771484 284.998077392578
277.756439208984 276.886840820312 275.720947265625 275.130859375 277.950164794922 278.195098876953 278.339385986328 278.336730957031 278.457214355469 279.282806396484 279.704803466797 280.0205078125 279.636840820312 279.261627197266 279.787445068359 278.943023681641 278.69287109375 279.095367431641 276.651916503906 279.200866699219 278.704406738281 278.907592773438 279.296081542969 279.559112548828 278.648010253906 278.744384765625 280.687438964844 280.577362060547 279.960784912109 280.63720703125 281.351013183594 282.205810546875 282.242095947266 282.631561279297 283.068267822266 283.259063720703 283.172302246094 283.189910888672 283.529205322266 284.019256591797 284.072357177734 283.352386474609 283.482482910156 284.043884277344 284.042755126953 284.121368408203 284.559844970703 284.562469482422 285.084686279297
277.915740966797 277.669067382812 276.073211669922 274.804809570312 275.776702880859 276.401184082031 277.723815917969 278.358520507812 278.092315673828 278.401672363281 278.889404296875 279.664306640625 279.941436767578 279.727508544922 279.164001464844 277.724395751953 277.148956298828 279.172180175781 279.766906738281 279.277404785156 278.8876953125 278.625396728516 279.288787841797 279.721496582031 280.066955566406 280.099395751953 280.017578125 280.922821044922 280.613739013672 280.293731689453 281.502563476562 282.358459472656 282.287139892578 282.335357666016 282.420623779297 282.829040527344 283.186859130859 282.871276855469 283.266998291016 283.503784179688 283.519622802734 283.063537597656 282.7509765625 283.251403808594 283.554351806641 283.696014404297 283.839294433594 284.127410888672 284.539398193359
277.334899902344 278.288299560547 277.618988037109 276.323425292969 274.085388183594 273.954772949219 276.621002197266 278.801940917969 278.777465820312 278.749053955078 278.792755126953 279.173828125 279.815368652344 279.884246826172 278.530487060547 276.739288330078 277.097351074219 279.346313476562 279.8291015625 279.236755371094 278.874969482422 278.300506591797 279.354644775391 279.519348144531 280.668609619141 280.980804443359 280.417510986328 281.071380615234 281.164367675781 280.557159423828 281.352447509766 281.921691894531 282.286346435547 282.312225341797 281.972229003906 281.24853515625 282.353485107422 282.449127197266 283.136810302734 283.043823242188 282.734710693359 282.968872070312 282.012847900391 282.176177978516 282.620391845703 283.353576660156 283.631469726562 283.561798095703 284.145721435547
276.905609130859 277.282562255859 278.285186767578 277.671569824219 276.505859375 275.523712158203 277.658905029297 279.239929199219 279.252471923828 279.276641845703 279.532043457031 279.201416015625 279.660949707031 279.956085205078 278.589721679688 276.955627441406 277.237274169922 279.473663330078 279.802734375 278.100555419922 278.961700439453 277.957794189453 278.9140625 279.576751708984 280.010284423828 281.263427734375 281.509002685547 281.660247802734 281.342895507812 280.963836669922 280.756042480469 281.090698242188 281.845336914062 282.274749755859 281.9296875 280.221740722656 281.547149658203 282.183380126953 282.687927246094 283.018157958984 282.795562744141 282.652648925781 281.813140869141 281.426147460938 282.555938720703 283.064575195312 283.706268310547 283.823181152344 284.271850585938
275.417755126953 274.092987060547 276.943328857422 278.599761962891 278.888122558594 278.681427001953 279.238952636719 279.474914550781 279.547302246094 279.966461181641 280.19970703125 279.832275390625 280.058807373047 280.226715087891 279.095367431641 278.010498046875 277.339569091797 279.915069580078 279.475524902344 276.689544677734 279.31298828125 278.189208984375 278.789276123047 279.750030517578 280.524627685547 281.379791259766 281.653961181641 281.990631103516 281.441040039062 281.108673095703 280.846405029297 281.075744628906 281.374938964844 281.73828125 281.5380859375 280.721588134766 280.838317871094 281.33837890625 281.770874023438 282.628173828125 282.661712646484 282.275390625 282.000305175781 281.801818847656 282.389953613281 282.570617675781 283.276702880859 283.942047119141 284.653167724609
275.483093261719 275.512054443359 276.544036865234 277.258117675781 278.351928710938 278.236236572266 278.044982910156 278.134582519531 278.954071044922 279.537658691406 280.002319335938 280.427551269531 280.704528808594 280.804260253906 279.636016845703 278.890197753906 279.033325195312 280.593383789062 277.170837402344 272.490478515625 280.422790527344 280.195648193359 279.950592041016 280.397308349609 280.891143798828 281.424102783203 281.510925292969 281.966705322266 281.959991455078 282.024230957031 281.809417724609 281.778259277344 281.793762207031 281.810882568359 281.294952392578 281.056884765625 281.6298828125 281.506713867188 280.501129150391 281.659912109375 281.895202636719 282.753112792969 283.058807373047 282.593444824219 282.375793457031 283.037017822266 283.864318847656 283.570281982422 283.864166259766
275.736663818359 275.78125 276.9189453125 277.547973632812 277.8525390625 277.349945068359 277.642822265625 278.649780273438 278.986572265625 279.371826171875 279.516448974609 280.000823974609 280.568603515625 280.813903808594 280.069396972656 279.800628662109 280.002593994141 280.751068115234 278.689880371094 277.142242431641 280.668029785156 280.663238525391 280.289520263672 279.727996826172 279.960815429688 280.541412353516 280.985168457031 281.463592529297 281.680267333984 282.086059570312 282.158996582031 281.894073486328 282.068389892578 281.9345703125 281.632049560547 281.182983398438 281.687316894531 281.805480957031 281.055541992188 281.968597412109 282.666931152344 282.844512939453 283.651580810547 283.28125 282.610076904297 282.747650146484 282.439331054688 282.581573486328 283.124145507812
276.075775146484 275.825561523438 276.810546875 277.302764892578 277.286895751953 276.615447998047 276.890655517578 277.91357421875 278.259490966797 279.177154541016 278.969207763672 279.677093505859 280.434204101562 280.595855712891 280.362121582031 280.487243652344 280.615386962891 280.838989257812 280.012939453125 279.851837158203 280.842102050781 280.819183349609 280.164337158203 279.692443847656 279.399963378906 279.897003173828 280.393798828125 280.709625244141 281.181671142578 281.873046875 282.490447998047 282.081024169922 282.172241210938 282.083984375 281.95947265625 281.446899414062 281.352783203125 281.857269287109 281.679718017578 281.878662109375 282.513092041016 282.967376708984 283.966278076172 284.001617431641 283.391204833984 282.800811767578 281.93505859375 282.647399902344 282.928192138672
276.517120361328 276.172149658203 276.509307861328 276.567474365234 276.798858642578 276.449310302734 275.810943603516 276.663360595703 278.0458984375 278.796051025391 279.081207275391 279.89794921875 280.135009765625 280.208190917969 280.386505126953 280.720062255859 281.051727294922 280.988800048828 280.210510253906 280.325805664062 280.757446289062 280.280853271484 279.786834716797 280.445831298828 279.882965087891 280.430603027344 280.581634521484 280.729064941406 280.680084228516 281.478271484375 282.77880859375 282.504455566406 282.242767333984 282.448547363281 282.018127441406 281.745697021484 281.637023925781 281.997192382812 281.49365234375 281.992614746094 282.617218017578 283.168121337891 283.811706542969 284.148040771484 283.8583984375 -3.4e+38 -3.4e+38 283.213012695312 283.266265869141
