rcp4.5models/MPi_ESM_LR/sc1gr8.13
NCOLS 261 
NROWS 433 
XLLCORNER 336357.134 
YLLCORNER 654653.479 
CELLSIZE 1000 
NODATA_value -3.4e+38 
[rows 286 to 307 of 433, columns 147 to 195 of 261]
339.023071289062 347.584777832031 359.328582763672 342.376831054688 333.820709228516 346.158111572266 352.23681640625 328.561157226562 327.496459960938 324.356964111328 332.854888916016 304.729125976562 308.58740234375 292.728637695312 170.691696166992 100.534400939941 94.1113052368164 89.4923553466797 90.4629669189453 96.3486633300781 92.3950119018555 -3.4e+38 84.7378616333008 87.0407180786133 89.2719421386719 93.1809692382812 95.9367523193359 92.3595733642578 90.7328872680664 92.7105407714844 130.120010375977 180.604598999023 112.937301635742 105.906623840332 101.477882385254 99.5330657958984 107.568977355957 112.113159179688 108.214424133301 119.970756530762 131.449645996094 112.423728942871 107.831428527832 107.458267211914 109.943511962891 133.288162231445 154.893630981445 139.231781005859 125.023719787598
341.816619873047 350.504028320312 363.271759033203 344.402618408203 337.739440917969 351.277313232422 354.407592773438 334.445556640625 331.616088867188 328.436126708984 339.524200439453 276.724456787109 282.274108886719 256.244323730469 121.199096679688 101.648361206055 94.2544860839844 88.762321472168 86.4520263671875 85.2753219604492 83.4162521362305 -3.4e+38 82.6986923217773 85.540771484375 90.1030044555664 120.0146484375 179.736129760742 161.615875244141 92.3755416870117 90.4466323852539 145.668746948242 235.139724731445 160.795867919922 108.220268249512 100.686538696289 97.782356262207 102.661529541016 113.676445007324 120.641914367676 121.69116973877 136.879409790039 113.431991577148 105.993423461914 105.877098083496 109.587821960449 129.079650878906 140.108474731445 128.484619140625 125.85400390625
330.582458496094 338.131927490234 363.947937011719 343.994049072266 351.920623779297 342.438598632812 325.474151611328 326.300933837891 337.782775878906 328.66455078125 335.124053955078 266.786407470703 258.496154785156 192.929656982422 115.301940917969 100.648872375488 93.726936340332 88.1997909545898 85.3922348022461 83.6912994384766 82.6945495605469 82.2535552978516 80.5300827026367 83.1117477416992 97.9519577026367 150.269821166992 218.956665039062 198.807815551758 95.324333190918 91.5151214599609 121.409568786621 204.032150268555 233.539398193359 106.871406555176 99.1578063964844 97.0466918945312 100.328239440918 117.106307983398 138.992584228516 139.669403076172 139.135940551758 107.891563415527 104.898162841797 107.169441223145 109.068412780762 125.807716369629 125.448127746582 121.18660736084 121.689735412598
318.308685302734 336.492340087891 366.750061035156 354.935882568359 335.673736572266 -3.4e+38 292.946533203125 312.339385986328 347.970245361328 322.745574951172 311.431091308594 272.848602294922 212.810440063477 133.097702026367 111.102149963379 -3.4e+38 92.1487579345703 -3.4e+38 84.4063568115234 82.1106262207031 82.074821472168 81.3947219848633 79.9680786132812 89.3190765380859 125.272514343262 172.838043212891 196.10627746582 192.078216552734 132.991271972656 93.5315017700195 100.642906188965 146.426239013672 215.144638061523 104.095413208008 99.0389785766602 97.0165710449219 98.7962799072266 113.892936706543 148.684371948242 158.428466796875 127.90559387207 103.979278564453 107.085792541504 108.534103393555 108.257926940918 124.31404876709 118.778434753418 117.236541748047 119.402900695801
329.974914550781 347.391723632812 -3.4e+38 296.396484375 300.989868164062 -3.4e+38 262.760955810547 266.240539550781 276.704040527344 228.64225769043 186.558059692383 159.795059204102 136.655075073242 139.287399291992 98.018440246582 93.278190612793 89.6889343261719 86.2572784423828 -3.4e+38 -3.4e+38 -3.4e+38 77.3428573608398 -3.4e+38 84.1006011962891 106.625160217285 130.695755004883 131.175537109375 184.29248046875 224.391891479492 147.260986328125 107.607795715332 105.152366638184 120.223831176758 123.905220031738 109.746932983398 111.292709350586 134.981658935547 128.118118286133 116.877418518066 119.240074157715 116.37947845459 131.232818603516 122.478088378906 114.705207824707 115.023994445801 117.530311584473 116.207931518555 112.803619384766 111.764060974121
309.969696044922 316.726898193359 312.359466552734 285.686370849609 -3.4e+38 -3.4e+38 -3.4e+38 -3.4e+38 209.946838378906 -3.4e+38 -3.4e+38 120.757179260254 115.779121398926 112.517356872559 113.452651977539 103.686653137207 89.2400894165039 86.0473480224609 83.3300094604492 -3.4e+38 -3.4e+38 -3.4e+38 74.5745239257812 76.5357894897461 89.471923828125 105.564346313477 126.872573852539 220.231811523438 240.393890380859 210.260162353516 136.617797851562 111.536911010742 106.024795532227 152.168518066406 117.693290710449 129.999099731445 192.273544311523 174.314422607422 129.284286499023 117.424461364746 115.271667480469 114.640869140625 115.504615783691 109.667434692383 110.034591674805 115.773498535156 115.867485046387 112.860122680664 111.912040710449
-3.4e+38 -3.4e+38 -3.4e+38 -3.4e+38 -3.4e+38 -3.4e+38 -3.4e+38 -3.4e+38 281.971832275391 248.379302978516 210.153106689453 170.784072875977 142.32487487793 155.900253295898 215.32258605957 176.712326049805 88.6705780029297 85.3913192749023 82.4831848144531 79.1565475463867 78.6111602783203 76.3134536743164 73.3271026611328 73.7490463256836 78.3342361450195 86.7618255615234 142.481369018555 263.657196044922 263.663330078125 256.503234863281 199.11051940918 126.250282287598 100.365287780762 157.939178466797 120.341339111328 128.059707641602 171.328643798828 160.489166259766 141.946853637695 125.256568908691 111.042068481445 109.026794433594 107.626831054688 103.819778442383 105.222541809082 115.447135925293 115.119926452637 111.964462280273 113.97388458252
-3.4e+38 -3.4e+38 295.734741210938 -3.4e+38 -3.4e+38 -3.4e+38 -3.4e+38 301.97021484375 347.471160888672 326.913696289062 265.090942382812 231.431427001953 252.730972290039 260.915069580078 306.622406005859 229.418212890625 88.0572509765625 84.4644012451172 80.6336288452148 78.2814865112305 114.170188903809 151.045333862305 72.5456390380859 72.8856658935547 76.4104995727539 93.970458984375 171.755599975586 278.025665283203 246.220993041992 249.329345703125 247.886428833008 177.602981567383 129.731338500977 128.651473999023 121.813652038574 118.425308227539 119.900444030762 120.18888092041 127.740753173828 119.565132141113 109.212997436523 109.37043762207 105.688636779785 104.160667419434 101.908432006836 112.369094848633 110.675094604492 108.321830749512 112.325187683105
-3.4e+38 347.061279296875 302.369018554688 -3.4e+38 -3.4e+38 -3.4e+38 301.568206787109 332.807189941406 338.427978515625 326.011169433594 305.340240478516 194.11750793457 263.079223632812 327.605499267578 318.982421875 225.760986328125 87.1986312866211 82.9065246582031 80.0813751220703 78.4028167724609 150.01042175293 238.137237548828 71.7727355957031 72.1062774658203 86.2695236206055 145.224746704102 237.202072143555 278.30615234375 217.705108642578 206.597610473633 240.703231811523 229.432495117188 182.901016235352 110.278884887695 122.30982208252 116.623519897461 111.31908416748 108.758728027344 109.014282226562 111.629440307617 114.970306396484 110.653831481934 106.402900695801 102.557220458984 99.40087890625 104.942825317383 105.213554382324 104.89998626709 107.855010986328
350.604949951172 349.495819091797 316.927124023438 -3.4e+38 -3.4e+38 -3.4e+38 326.744445800781 346.464904785156 321.545440673828 314.34765625 329.887268066406 215.62907409668 223.145721435547 326.745635986328 289.753570556641 160.868698120117 86.0760498046875 84.4700317382812 86.2051391601562 93.7587814331055 186.311370849609 282.314178466797 71.4158248901367 71.6518859863281 93.8374633789062 162.267837524414 237.087707519531 277.825958251953 224.029861450195 195.701751708984 202.575317382812 237.188919067383 220.008544921875 118.99454498291 121.694976806641 115.905067443848 112.105323791504 106.88565826416 103.729614257812 108.949157714844 114.704216003418 107.074432373047 102.752777099609 98.213134765625 97.8429183959961 98.8333206176758 101.540168762207 102.082138061523 103.326812744141
357.026824951172 347.371337890625 329.262603759766 316.564483642578 -3.4e+38 305.528778076172 326.870483398438 341.641998291016 316.14990234375 308.625885009766 328.403778076172 278.264770507812 229.254165649414 325.551422119141 259.885986328125 111.905128479004 86.0416641235352 89.1786956787109 94.4082641601562 131.871871948242 263.128753662109 295.22314453125 71.2871398925781 71.4428176879883 90.7802658081055 148.815200805664 218.188980102539 270.421234130859 223.192276000977 174.807022094727 158.618896484375 212.356674194336 227.639495849609 136.650024414062 127.43123626709 118.265182495117 113.877967834473 109.763549804688 103.361381530762 102.534385681152 107.933815002441 102.895599365234 97.9276580810547 95.6162414550781 95.5553741455078 95.3712768554688 97.8155059814453 101.087631225586 103.588134765625
357.032653808594 348.908416748047 341.442993164062 342.811248779297 318.260986328125 329.776031494141 333.253997802734 334.982666015625 320.919952392578 321.178955078125 332.923889160156 283.309997558594 239.119400024414 325.571716308594 288.284240722656 177.602432250977 103.577774047852 123.115028381348 131.549499511719 229.893997192383 302.950286865234 286.374084472656 80.4136199951172 71.3664779663086 82.0283660888672 130.955307006836 217.226577758789 262.916412353516 214.451553344727 163.998428344727 139.983978271484 194.771438598633 218.066192626953 166.856674194336 133.890548706055 117.953063964844 110.900123596191 110.504150390625 105.054534912109 98.6397247314453 100.85343170166 98.4097137451172 93.6714935302734 93.1461334228516 94.3627243041992 94.1491165161133 94.9312438964844 98.0280532836914 100.376754760742
355.96142578125 354.915374755859 344.155914306641 337.745544433594 342.2177734375 334.613372802734 334.786315917969 331.356201171875 316.002166748047 314.297088623047 332.809722900391 283.234893798828 294.648406982422 325.324066162109 304.483978271484 211.600921630859 122.776466369629 152.462509155273 142.891998291016 266.714172363281 308.264129638672 287.271148681641 98.6944961547852 72.4400100708008 73.4249114990234 100.619522094727 185.630859375 249.657669067383 210.519577026367 167.296859741211 138.046051025391 167.38200378418 189.957748413086 196.225830078125 149.309295654297 116.628326416016 113.569564819336 119.588134765625 111.784362792969 98.2349548339844 96.5979232788086 95.0307083129883 92.4288177490234 90.3510208129883 92.01806640625 92.5591354370117 93.4884719848633 94.0364608764648 95.3501586914062
352.058013916016 353.341705322266 349.392883300781 336.531921386719 332.588348388672 312.972290039062 322.727020263672 328.075134277344 317.471527099609 314.588928222656 325.22509765625 290.230163574219 326.315551757812 329.409362792969 297.734344482422 204.440383911133 133.086318969727 157.039978027344 119.988418579102 221.472778320312 303.845184326172 281.658752441406 121.354888916016 76.6365203857422 73.2379531860352 93.9564971923828 156.114654541016 204.972015380859 212.299057006836 171.275695800781 138.721893310547 147.182495117188 156.281921386719 206.241653442383 178.141403198242 130.688751220703 116.755386352539 128.196029663086 130.19352722168 105.945190429688 95.7351684570312 93.1501388549805 92.1912078857422 89.208854675293 89.4420547485352 90.4234771728516 92.0623931884766 93.688346862793 96.0139007568359
341.871612548828 346.416290283203 354.384613037109 347.441619873047 323.522216796875 301.384796142578 302.984222412109 325.604461669922 326.58642578125 330.524841308594 333.280548095703 306.354370117188 316.968109130859 330.834808349609 295.709564208984 201.481658935547 140.962127685547 147.551467895508 137.971832275391 235.643905639648 262.573944091797 270.503814697266 155.578979492188 123.77564239502 90.1233062744141 93.2425231933594 143.363800048828 208.628067016602 224.04768371582 184.780975341797 151.55712890625 161.267974853516 138.20686340332 195.271286010742 191.175384521484 162.708389282227 130.927627563477 131.761871337891 138.477493286133 120.981552124023 96.7558364868164 92.256103515625 92.5105285644531 90.2985305786133 88.8673553466797 89.9911956787109 91.9588165283203 94.9674682617188 104.50203704834
330.615447998047 336.039276123047 341.742919921875 344.52099609375 334.396575927734 318.077331542969 283.858215332031 280.7705078125 317.489685058594 326.099395751953 332.697052001953 307.937652587891 322.67578125 317.298034667969 280.634613037109 244.289489746094 289.050994873047 211.732757568359 191.230926513672 296.315277099609 254.926254272461 232.141128540039 298.934814453125 272.197845458984 229.932342529297 185.769515991211 136.466018676758 171.407104492188 220.156692504883 193.259094238281 171.872131347656 179.860702514648 147.524810791016 128.694931030273 164.951354980469 182.818603515625 179.065841674805 175.97590637207 158.114501953125 122.711311340332 118.643089294434 116.81031036377 95.6620483398438 89.2965698242188 88.1811599731445 90.9420394897461 91.389289855957 92.6650924682617 92.4825134277344
327.968994140625 335.398284912109 336.652465820312 337.100616455078 330.643951416016 303.363922119141 249.756942749023 249.617477416992 314.168365478516 328.582458496094 334.426940917969 318.48291015625 332.844482421875 323.867279052734 298.653381347656 279.855560302734 260.888244628906 191.605545043945 190.011169433594 262.128875732422 285.829986572266 259.324920654297 246.852325439453 268.638793945312 225.209121704102 225.055618286133 163.531326293945 130.103271484375 220.197814941406 198.807312011719 192.263381958008 188.084136962891 165.328338623047 115.395179748535 138.966827392578 178.459075927734 174.993377685547 173.383880615234 163.582260131836 148.54801940918 148.989242553711 147.812530517578 116.632385253906 91.4979095458984 89.212287902832 91.2403717041016 89.4809646606445 91.2916412353516 89.8405380249023
313.583770751953 330.905212402344 333.201019287109 331.816345214844 325.233489990234 279.606750488281 209.981140136719 236.501571655273 311.562896728516 330.809814453125 336.993560791016 322.788909912109 333.016540527344 326.560394287109 318.146881103516 310.338439941406 277.822479248047 246.704345703125 226.62760925293 241.303985595703 296.792785644531 265.209777832031 210.7568359375 260.693634033203 213.276412963867 217.177856445312 194.625625610352 138.143280029297 177.958145141602 206.683303833008 197.957015991211 194.386795043945 174.515899658203 122.733680725098 132.017578125 168.217163085938 163.585968017578 161.387481689453 168.715545654297 164.015914916992 161.158905029297 157.309127807617 137.517318725586 101.761947631836 90.6042251586914 90.9034576416016 88.6296463012695 89.1594314575195 88.8923568725586
278.473052978516 293.470184326172 315.703063964844 307.115966796875 294.596069335938 267.219421386719 247.754943847656 260.11376953125 307.319122314453 332.36572265625 333.279449462891 326.329223632812 327.513214111328 323.708343505859 320.502471923828 321.738922119141 320.982482910156 315.421173095703 292.166564941406 280.645690917969 299.006530761719 277.636749267578 202.361404418945 238.628524780273 212.032241821289 213.624008178711 211.701416015625 167.825286865234 132.088897705078 199.961486816406 176.700164794922 176.023941040039 180.464385986328 152.057479858398 134.194625854492 147.226593017578 156.740493774414 146.530471801758 168.679122924805 159.973251342773 158.772079467773 155.217468261719 141.08073425293 108.043891906738 92.230842590332 90.1154098510742 87.6331558227539 87.4501647949219 88.043342590332
257.918090820312 253.772918701172 275.029052734375 272.275054931641 287.525939941406 299.622833251953 314.558929443359 306.574340820312 319.439819335938 331.795074462891 324.407073974609 332.354278564453 323.761932373047 319.163146972656 320.035308837891 309.043640136719 302.975646972656 317.950347900391 315.803558349609 301.870819091797 276.116638183594 273.856109619141 201.050918579102 233.439163208008 207.062271118164 206.565475463867 208.32258605957 197.652282714844 158.118270874023 152.035003662109 158.870834350586 173.630004882812 183.250885009766 173.360809326172 154.695388793945 144.041595458984 168.994155883789 158.179718017578 166.421951293945 156.572982788086 155.661163330078 152.112396240234 142.082183837891 114.69450378418 91.9212493896484 89.4396133422852 87.4531478881836 88.5414047241211 87.3426818847656
256.277648925781 253.626953125 251.90397644043 249.028259277344 300.903137207031 333.665313720703 332.161193847656 331.071685791016 330.520141601562 327.334655761719 309.302612304688 332.772338867188 328.692504882812 322.859893798828 322.406158447266 298.435546875 266.746398925781 277.52685546875 287.962005615234 286.485900878906 234.979644775391 251.033950805664 225.876129150391 218.522979736328 208.579223632812 200.719757080078 202.981796264648 201.306121826172 186.735733032227 146.908950805664 162.879684448242 186.507095336914 180.385635375977 179.049468994141 165.328704833984 147.994003295898 177.075103759766 170.788360595703 161.917007446289 155.803909301758 155.706695556641 152.132675170898 144.318557739258 129.517532348633 99.1065673828125 88.0797882080078 87.3347778320312 88.386604309082 87.1211090087891
260.668853759766 258.181762695312 251.461227416992 244.514144897461 304.126678466797 329.420349121094 326.885894775391 327.925170898438 331.912872314453 325.038879394531 304.850433349609 315.617797851562 331.036193847656 322.928375244141 303.166320800781 271.052459716797 242.318908691406 241.700866699219 249.203903198242 257.265197753906 224.564697265625 221.767761230469 235.389999389648 208.82991027832 216.364196777344 198.362350463867 200.124908447266 198.053695678711 188.043106079102 176.052291870117 169.133087158203 181.07112121582 173.490432739258 156.514419555664 137.664901733398 137.002548217773 174.629287719727 165.732437133789 157.353408813477 154.124298095703 158.124160766602 152.981292724609 143.232925415039 133.625213623047 106.198104858398 87.8316116333008 87.0151062011719 88.0054779052734 86.3578720092773
