rcp4.5models/MPi_ESM_LR/sc1gr1.20
NCOLS 261 
NROWS 433 
XLLCORNER 336357.134 
YLLCORNER 654653.479 
CELLSIZE 1000 
NODATA_value -3.4e+38 
[rows 308 to 329 of 433, columns 49 to 97 of 261]
62.3891868591309 62.4297218322754 62.083683013916 62.1399879455566 62.7222518920898 62.8348007202148 62.6613235473633 62.5136451721191 62.4321403503418 62.6568260192871 63.1431541442871 63.5714683532715 63.5220565795898 63.3265647888184 63.3084907531738 62.9962539672852 62.821605682373 62.8885078430176 62.9476509094238 63.1408538818359 62.869800567627 62.6826782226562 63.0222358703613 63.3874626159668 63.7064933776855 63.9689712524414 64.2685241699219 64.1903533935547 64.0127258300781 63.8990325927734 63.309642791748 62.821662902832 63.0751609802246 63.5982666015625 63.4960899353027 63.6512603759766 63.8695907592773 63.5649261474609 63.6033668518066 63.7623634338379 63.8266410827637 64.258415222168 64.5581283569336 65.5243072509766 67.5601119995117 70.7778549194336 73.0090103149414 73.1963119506836 72.890625
62.4842987060547 62.7267799377441 62.6139221191406 62.5693969726562 62.7330055236816 63.0361366271973 62.9188690185547 62.4223747253418 62.425106048584 62.4787330627441 62.8855400085449 63.417366027832 63.3070411682129 63.2419967651367 63.3461494445801 62.8863334655762 62.7472305297852 62.9646224975586 62.8991355895996 62.8494987487793 62.8901405334473 62.9021949768066 63.1559791564941 63.4038505554199 63.3464126586914 63.7601127624512 64.2406997680664 64.5360870361328 64.1142272949219 63.7529449462891 63.3324890136719 63.0449714660645 63.3471183776855 63.9453926086426 63.8586349487305 63.7458648681641 63.7704772949219 63.6253776550293 64.0078811645508 63.7842864990234 63.7650375366211 64.2490997314453 65.7224960327148 67.5891342163086 68.9533081054688 71.2367324829102 72.1757507324219 71.9764251708984 72.9714279174805
62.376766204834 62.6705703735352 62.785831451416 62.5839385986328 62.4942321777344 62.6605911254883 62.767650604248 62.8362884521484 62.649528503418 62.6793670654297 62.9619255065918 63.1037063598633 62.8368072509766 63.0920181274414 63.3305358886719 62.7796096801758 62.6447601318359 62.8581809997559 63.0206489562988 63.0428848266602 63.3755226135254 63.367317199707 63.2184028625488 63.1156959533691 62.9140205383301 63.3732948303223 63.9407615661621 63.9931716918945 63.7400169372559 63.4629058837891 63.6049575805664 63.6016578674316 63.5802764892578 64.0170211791992 63.810432434082 63.4358253479004 63.6265602111816 63.7433395385742 63.9658126831055 63.7602348327637 63.7333564758301 64.4283676147461 65.7779312133789 67.1614608764648 68.2062377929688 70.0241012573242 70.0097503662109 69.7359619140625 70.8355255126953
62.3266639709473 62.1888198852539 62.3084259033203 62.4816665649414 62.5306816101074 62.7812957763672 63.017219543457 63.2260055541992 62.9757270812988 62.7814826965332 63.024528503418 63.2071876525879 63.2814903259277 63.5893058776855 63.4985656738281 62.73779296875 62.6988220214844 62.9730796813965 63.1681480407715 63.2169532775879 63.3034973144531 63.2749443054199 63.421199798584 63.574031829834 63.4113311767578 63.2542724609375 63.8769683837891 63.9301948547363 63.2575645446777 63.4720764160156 64.052490234375 64.0967559814453 63.6586570739746 63.8875694274902 64.0144729614258 63.5860061645508 63.4082221984863 63.7953796386719 64.2088241577148 64.0298233032227 64.0318145751953 64.3079528808594 64.9449157714844 65.3845443725586 66.4862976074219 67.6081314086914 67.4226455688477 67.6060180664062 67.4669723510742
63.069709777832 62.3652381896973 62.179027557373 62.6252403259277 62.4443626403809 62.6002197265625 62.7733192443848 63.2645034790039 63.3096656799316 62.9827575683594 62.9149436950684 62.945011138916 63.2529602050781 63.5066337585449 63.0047454833984 62.6213645935059 62.8636627197266 63.1993217468262 63.2452926635742 63.3426322937012 63.384838104248 63.2055549621582 63.3677177429199 63.7120742797852 63.718318939209 63.3615341186523 63.7001571655273 63.7533988952637 62.9422874450684 64.060417175293 64.2387847900391 63.9433822631836 63.8306884765625 63.952693939209 64.2668228149414 64.07080078125 63.4690551757812 63.6247825622559 63.9476776123047 63.6786460876465 63.7185020446777 63.7307167053223 64.2333450317383 64.2988204956055 64.8802032470703 65.2652740478516 65.3204040527344 65.6031036376953 65.5140991210938
62.8327369689941 62.7262878417969 62.4923057556152 62.2213516235352 62.3625106811523 62.8888511657715 62.8211555480957 62.9863700866699 63.2798805236816 62.9290809631348 62.7286720275879 62.9728775024414 62.9884643554688 63.1001167297363 63.0235824584961 62.861156463623 63.3024291992188 63.2587203979492 63.5423965454102 63.5692596435547 63.399787902832 63.412971496582 63.304988861084 63.4590225219727 63.5481834411621 63.1318054199219 63.1753845214844 63.5633544921875 63.6996307373047 63.8187522888184 64.3263778686523 64.0258712768555 63.7157592773438 63.5241584777832 63.5745964050293 64.0902786254883 64.2919616699219 64.209098815918 64.1574783325195 63.881649017334 63.7162933349609 64.1931991577148 64.2421646118164 64.5199356079102 64.3532104492188 63.9990043640137 63.8090858459473 64.1141967773438 64.3008041381836
62.7473335266113 62.9688720703125 62.407470703125 62.4809379577637 62.8536796569824 63.0468826293945 63.2537460327148 62.7123870849609 63.1551780700684 63.2134132385254 62.890266418457 62.9221115112305 63.0612106323242 63.3166885375977 63.0545349121094 63.176628112793 63.9119262695312 63.5324096679688 63.0062217712402 63.4407691955566 63.490406036377 63.422924041748 63.3459777832031 63.6909599304199 63.9555549621582 63.3332176208496 63.3809204101562 63.6808242797852 63.600040435791 63.7534790039062 63.7519569396973 63.7228660583496 63.9801788330078 63.7342720031738 63.6108474731445 64.1923599243164 64.584716796875 64.358154296875 64.3276748657227 64.1726531982422 64.1938858032227 64.0470352172852 63.8373756408691 64.0907363891602 64.3843383789062 64.3629302978516 64.570915222168 64.560546875 64.3251876831055
62.703914642334 63.121509552002 62.8447570800781 62.8181266784668 63.151912689209 63.3102111816406 63.3927192687988 63.1377143859863 63.0338668823242 62.9295349121094 62.8748474121094 62.8800506591797 63.1586380004883 63.4216613769531 63.1578750610352 63.5310707092285 64.2968597412109 64.1698608398438 62.7415733337402 63.1521682739258 63.3498611450195 63.2841262817383 63.3026123046875 63.453914642334 63.6343193054199 63.5883865356445 63.7085952758789 63.8439178466797 63.6123085021973 64.0031280517578 64.0249710083008 64.1521682739258 63.9421081542969 63.559814453125 63.8703918457031 64.3891143798828 64.7946624755859 64.9708404541016 64.9628982543945 64.8132553100586 64.3721313476562 65.0548248291016 64.8873138427734 65.3072052001953 65.8479843139648 66.9599304199219 67.1778182983398 65.3259124755859 64.65234375
63.0016059875488 62.8705368041992 62.7886047363281 62.8094711303711 62.8435478210449 62.8467559814453 62.8965301513672 63.4582595825195 63.0453758239746 63.0901069641113 63.1819343566895 63.1485481262207 63.4322280883789 63.4902153015137 63.3777122497559 63.553524017334 63.5161895751953 63.3683166503906 62.6956405639648 63.1872787475586 63.6415977478027 63.622257232666 63.4211807250977 63.3715858459473 63.5458946228027 63.710823059082 63.7682075500488 63.6600952148438 63.4807739257812 63.9755706787109 64.3072662353516 64.6696395874023 64.2793731689453 63.8095092773438 64.1883316040039 64.5899353027344 64.7151947021484 64.8698272705078 65.118034362793 65.4504547119141 65.2299346923828 66.0688629150391 65.9915466308594 67.1645278930664 69.0539245605469 70.81201171875 69.2236099243164 66.1528472900391 65.7197647094727
63.2790908813477 63.176399230957 62.8211555480957 62.7320823669434 62.8691444396973 62.7213706970215 62.6176986694336 63.3765487670898 63.0730590820312 63.1866455078125 63.1400299072266 63.3334884643555 63.3210372924805 63.2680702209473 63.4514198303223 63.6967926025391 63.4167823791504 63.1174736022949 63.0599060058594 63.2198257446289 63.5398101806641 63.5395202636719 63.314079284668 63.4687461853027 63.7594413757324 63.9403076171875 63.6274833679199 63.3649063110352 63.4483413696289 63.7213096618652 64.0674514770508 64.0165786743164 63.908863067627 63.9867782592773 64.0404510498047 64.257698059082 64.3239898681641 64.2707214355469 64.4131546020508 64.7618408203125 65.2665481567383 65.7175979614258 66.4261016845703 67.9364318847656 70.3929061889648 71.3083648681641 68.8732376098633 66.5886383056641 66.2511978149414
63.2180442810059 63.1565551757812 62.8790130615234 63.0913963317871 63.1267929077148 62.880744934082 62.9226951599121 63.2590217590332 63.0952339172363 62.9814338684082 62.9927673339844 63.4329833984375 63.2678337097168 62.9675712585449 63.2947082519531 63.640682220459 63.6671600341797 63.3364410400391 63.5037574768066 63.7223663330078 63.8735961914062 63.8471298217773 63.6557960510254 63.4056091308594 63.7117500305176 63.7303314208984 63.4886054992676 63.435173034668 63.3714981079102 63.9135780334473 64.47509765625 64.1205062866211 63.9194030761719 64.0111923217773 63.9628639221191 64.1997909545898 64.198486328125 64.4211120605469 64.6658935546875 64.4029769897461 64.5824127197266 65.1918792724609 66.2991714477539 67.2013854980469 68.1685333251953 68.0530776977539 67.1283645629883 66.2511825561523 66.1487426757812
62.9604873657227 63.1781463623047 63.1192207336426 63.2442359924316 62.9863357543945 62.7988700866699 63.0164451599121 63.1618270874023 63.5108947753906 63.5309791564941 63.1137084960938 63.3403816223145 63.130542755127 63.059196472168 63.4410781860352 63.501163482666 63.7922325134277 63.7208633422852 63.2248115539551 63.5116081237793 63.8636817932129 63.8487319946289 63.8620376586914 63.8174133300781 63.9873962402344 63.9422035217285 63.842586517334 63.5359992980957 63.3731231689453 63.8167915344238 64.9740371704102 65.3280487060547 64.7521438598633 64.0795593261719 63.7593231201172 64.0268096923828 64.1651611328125 64.5842895507812 64.9539489746094 64.9025039672852 64.8060760498047 64.7959213256836 65.5452423095703 66.2374114990234 66.414176940918 66.2778625488281 66.4946823120117 65.8639526367188 65.7863235473633
62.8674697875977 63.3369979858398 63.2224159240723 63.0966491699219 63.2330894470215 63.3056716918945 63.4326133728027 63.2838592529297 64.0162048339844 63.8672714233398 63.3471984863281 63.3960494995117 63.2368316650391 63.4365653991699 63.529598236084 63.4405975341797 63.8400497436523 63.9044647216797 63.3217086791992 63.3331146240234 63.4708862304688 63.3079261779785 63.4586181640625 63.6938934326172 63.8903312683105 63.9365692138672 63.7809371948242 63.409294128418 63.4822387695312 63.562801361084 64.7432098388672 65.2023696899414 64.5942764282227 63.9782676696777 63.671573638916 63.9429168701172 64.2251205444336 64.3197555541992 64.4501342773438 64.9037857055664 64.8820495605469 64.4099502563477 65.2394104003906 66.1935577392578 66.3533554077148 65.7787322998047 65.5080642700195 65.7867889404297 66.0732421875
62.8519096374512 62.8378944396973 63.1051712036133 63.3389205932617 63.3775024414062 63.3633460998535 63.2651138305664 63.3703804016113 63.8358039855957 63.6731071472168 63.5420532226562 63.502986907959 63.5721817016602 63.7123985290527 63.7215423583984 63.6797523498535 63.7245254516602 63.7324066162109 63.5489234924316 63.3818168640137 63.5810356140137 63.5971069335938 63.5811424255371 63.6531715393066 63.7868804931641 63.6653709411621 63.63623046875 63.7885818481445 63.866626739502 63.3407783508301 63.725227355957 64.4083557128906 64.4274215698242 63.9977607727051 63.890869140625 64.4012451171875 64.7083435058594 64.2238235473633 64.3453826904297 64.9617080688477 64.666259765625 64.8854141235352 65.6609954833984 66.1615295410156 65.777214050293 65.0241546630859 64.6743469238281 65.1640014648438 65.4839172363281
63.3686408996582 63.5653038024902 63.5714530944824 63.2734527587891 63.0994033813477 63.1971778869629 62.9908638000488 63.5311279296875 63.871654510498 63.4816627502441 63.2808609008789 63.4493141174316 63.7973289489746 63.8144836425781 63.8252716064453 63.8360252380371 63.705436706543 63.6952743530273 63.7410202026367 63.6761131286621 63.7470893859863 63.6016845703125 63.7159423828125 64.3755798339844 64.2810821533203 63.7961692810059 63.9671821594238 64.3011856079102 64.0827865600586 63.709903717041 63.535228729248 64.261360168457 64.9164505004883 64.5992736816406 64.003776550293 64.2365112304688 64.6133804321289 64.6276245117188 64.8657760620117 65.0688018798828 65.2568664550781 64.6860046386719 64.9764175415039 65.4850921630859 65.6981964111328 64.8876953125 64.8834533691406 66.0170745849609 66.1276321411133
63.2863426208496 63.875789642334 64.0658569335938 63.193531036377 62.8410339355469 63.1918106079102 63.2662544250488 63.7074432373047 63.794490814209 63.6042098999023 63.3545074462891 63.4919052124023 63.6521263122559 63.6516380310059 63.850399017334 63.7300033569336 63.6112365722656 63.9014167785645 63.9668655395508 63.9686660766602 63.74755859375 63.7881965637207 64.1488647460938 64.3914489746094 64.2693481445312 64.120361328125 64.327507019043 64.6166763305664 64.3073883056641 63.8326683044434 63.8843460083008 64.4863357543945 64.7226257324219 64.7422485351562 64.1757278442383 64.2933120727539 64.8154830932617 65.0765762329102 65.3296127319336 65.1952438354492 65.6221313476562 64.4649887084961 64.3574752807617 64.8794174194336 65.2038345336914 64.8146057128906 64.9397430419922 65.7646255493164 67.1820983886719
63.4822158813477 64.0120468139648 64.0027160644531 63.1157264709473 63.0207481384277 63.4135437011719 63.5549812316895 63.7740211486816 63.4735260009766 63.5456275939941 63.5960464477539 63.4016227722168 63.1726913452148 63.3247680664062 63.8789291381836 63.7693214416504 63.5516052246094 63.6770935058594 63.8884773254395 63.8732223510742 63.7510681152344 63.9374351501465 64.1846313476562 64.1114044189453 64.1932678222656 64.2563705444336 64.5874862670898 65.0395736694336 64.5249938964844 63.7268524169922 64.0992279052734 64.4297409057617 64.0860748291016 64.3548583984375 64.2308654785156 64.3537521362305 65.1922988891602 65.7880859375 65.779655456543 65.4354782104492 65.3468551635742 64.3585510253906 64.4161376953125 64.7951889038086 64.6777954101562 65.0018005371094 65.4007415771484 65.2997360229492 67.0051956176758
64.0735778808594 64.0449600219727 64.0494155883789 64.2394943237305 63.7728462219238 63.2670783996582 63.4057884216309 64.0266876220703 63.9724349975586 63.7806243896484 63.8674850463867 64.0014572143555 63.6316261291504 63.6707572937012 63.659236907959 63.5205688476562 63.937427520752 64.0130462646484 64.006721496582 63.4344673156738 63.4414710998535 64.1101989746094 64.3102951049805 64.3844146728516 64.7391662597656 65.0982818603516 65.5126113891602 65.0241165161133 64.0607833862305 63.9006538391113 63.733829498291 64.0209121704102 64.239387512207 64.0228042602539 64.1003036499023 64.4326324462891 65.0723037719727 65.5613861083984 65.7298049926758 66.09814453125 65.5702056884766 65.1990127563477 64.76025390625 65.4330825805664 66.192008972168 67.2957382202148 67.3774948120117 66.1714859008789 65.9831695556641
64.1206359863281 63.928394317627 63.8881530761719 63.941967010498 63.5105781555176 63.2958946228027 63.4063529968262 63.9196510314941 63.8219032287598 63.7186317443848 63.8476905822754 64.0290222167969 63.8698463439941 63.684497833252 63.8735694885254 64.0201797485352 64.0325927734375 63.8400001525879 64.1501617431641 63.6222305297852 63.6346549987793 64.6977005004883 64.5128555297852 64.4041748046875 65.4916839599609 65.8346939086914 65.5180587768555 64.7994918823242 64.1884918212891 64.0375366210938 64.0328750610352 63.9278755187988 64.3493957519531 64.4385986328125 64.4993209838867 64.5551986694336 64.7469863891602 65.3522415161133 65.4777908325195 65.1990432739258 65.0696716308594 64.9887924194336 65.4217758178711 66.0462417602539 65.9608001708984 66.8799896240234 67.6613311767578 67.3771896362305 67.3593292236328
64.1983947753906 63.880615234375 63.8262977600098 63.9442176818848 63.9673690795898 63.6850090026855 63.4908332824707 64.0791015625 64.0259552001953 63.9804992675781 63.9441070556641 63.9609832763672 64.1344985961914 64.0207366943359 63.9224243164062 64.1837463378906 64.0811920166016 63.8182334899902 64.0246734619141 63.9772796630859 64.2835998535156 65.0320358276367 64.5974502563477 64.3882675170898 65.6504211425781 65.8779067993164 64.9936370849609 64.6162796020508 64.4232635498047 64.0786209106445 64.2307357788086 64.2722625732422 64.7222366333008 64.8283081054688 64.5522079467773 64.7997283935547 65.1367874145508 64.9912109375 64.8727340698242 64.8953323364258 64.8861846923828 65.1451797485352 66.1786575317383 66.7505493164062 66.5986404418945 66.689208984375 67.7090606689453 68.2783966064453 68.525520324707
64.1697082519531 64.1524963378906 64.1560745239258 64.1628799438477 64.0202789306641 63.6692161560059 63.7467422485352 64.3017044067383 64.2673721313477 64.2008895874023 64.0119094848633 63.9476547241211 64.2400817871094 64.0108032226562 63.8661804199219 64.3819885253906 64.4556274414062 64.1873168945312 64.0706176757812 64.0412902832031 63.9966888427734 64.3015747070312 64.4558944702148 64.6642379760742 65.7750091552734 65.4867782592773 -3.4e+38 64.7461242675781 64.5736923217773 64.4257965087891 64.3043899536133 64.0677947998047 64.3657073974609 64.589111328125 64.7722930908203 65.1234588623047 65.4354782104492 64.8447570800781 64.7522277832031 65.4933929443359 65.5263214111328 65.2690200805664 66.4008178710938 67.0083084106445 66.8720550537109 66.7582092285156 67.8408279418945 68.5457992553711 68.8422927856445
64.1391067504883 64.2151641845703 64.2417297363281 64.2605743408203 64.0467376708984 63.9316444396973 64.1534423828125 64.1053619384766 64.1070404052734 64.1748580932617 64.1344604492188 64.1467437744141 63.9855613708496 63.8231430053711 64.1304092407227 64.3605194091797 64.248405456543 64.0428695678711 64.2266693115234 63.9041938781738 63.6625595092773 64.2247467041016 64.6047668457031 64.4422988891602 65.2446899414062 -3.4e+38 64.5902404785156 64.5265884399414 64.5371398925781 64.8103332519531 64.4826354980469 63.9284172058105 63.8565864562988 64.3245849609375 64.9589462280273 65.3379516601562 65.7176742553711 65.2695922851562 64.9667892456055 65.7910003662109 66.0755462646484 65.2708282470703 66.1180191040039 66.9221496582031 67.2568054199219 67.7394714355469 68.5710983276367 68.6980056762695 68.5665893554688
