rcp4.5models/MPi_ESM_LR/sc1gr2.10
NCOLS 261 
NROWS 433 
XLLCORNER 336357.134 
YLLCORNER 654653.479 
CELLSIZE 1000 
NODATA_value -3.4e+38 
[rows 242 to 263 of 433, columns 196 to 244 of 261]
315.993530273438 316.42724609375 317.331237792969 318.741912841797 319.341918945312 320.130126953125 320.547027587891 320.674926757812 320.596252441406 320.625061035156 321.198089599609 322.106506347656 322.650482177734 322.728332519531 323.103912353516 323.473937988281 323.838195800781 324.196472167969 324.894348144531 -3.4e+38 -3.4e+38 324.233062744141 323.984375 324.409729003906 325.212341308594 325.127014160156 325.236175537109 325.317474365234 325.982818603516 326.255340576172 326.782318115234 327.037170410156 327.1015625 326.631591796875 326.375030517578 327.003509521484 327.232757568359 327.457458496094 327.490600585938 327.306304931641 327.385559082031 328.517700195312 328.529052734375 328.380401611328 -3.4e+38 -3.4e+38 -3.4e+38 -3.4e+38 328.849700927734
316.234680175781 317.347961425781 317.458465576172 317.360137939453 318.243347167969 319.150207519531 319.791351318359 320.487915039062 321.090759277344 321.123016357422 321.698852539062 322.466552734375 322.646331787109 322.939697265625 323.603240966797 323.138366699219 323.808166503906 324.169281005859 324.872497558594 -3.4e+38 -3.4e+38 324.174957275391 324.017761230469 324.086669921875 324.729278564453 325.117706298828 325.091491699219 324.877746582031 325.682922363281 325.930450439453 325.776641845703 326.031799316406 326.098297119141 326.131225585938 326.765106201172 326.999450683594 327.229064941406 327.454132080078 327.543609619141 327.292510986328 327.103668212891 327.516784667969 327.7177734375 328.230377197266 -3.4e+38 -3.4e+38 328.487457275391 -3.4e+38 -3.4e+38
316.734771728516 317.676208496094 317.77197265625 318.087310791016 318.149047851562 318.721740722656 319.627563476562 320.975616455078 321.547119140625 321.4697265625 321.81884765625 322.893463134766 322.996246337891 323.060729980469 323.729400634766 323.424102783203 323.792663574219 324.155181884766 324.302825927734 324.682403564453 -3.4e+38 -3.4e+38 324.230133056641 324.452758789062 324.515258789062 325.112030029297 325.267669677734 325.216430664062 325.581970214844 326.108215332031 325.953918457031 326.238616943359 325.749206542969 326.232971191406 326.761138916016 326.99560546875 327.225402832031 327.450622558594 327.671508789062 327.758026123047 327.503814697266 328.105407714844 328.122314453125 328.226989746094 -3.4e+38 328.298797607422 328.486633300781 328.67138671875 -3.4e+38
317.154937744141 317.950286865234 318.030792236328 318.995056152344 319.115356445312 319.367797851562 319.742431640625 321.255065917969 321.665710449219 321.92724609375 322.167053222656 322.870727539062 323.262725830078 323.649566650391 323.711761474609 323.406860351562 323.599945068359 323.584930419922 323.671447753906 323.952056884766 324.690307617188 324.4208984375 324.883392333984 325.18017578125 324.626129150391 324.539764404297 -3.4e+38 -3.4e+38 325.670837402344 326.238555908203 326.474670410156 326.572967529297 325.981506347656 326.516479492188 326.755950927734 326.990539550781 327.220458984375 327.445861816406 327.666900634766 327.883758544922 327.967529296875 328.510711669922 328.5849609375 328.445617675781 -3.4e+38 328.296325683594 328.484527587891 328.669616699219 328.851745605469
317.11669921875 318.088348388672 318.362365722656 319.108276367188 319.539428710938 319.820770263672 319.906921386719 320.681060791016 321.266906738281 322.046539306641 322.449554443359 322.847839355469 323.241149902344 323.629302978516 323.517974853516 323.011840820312 323.618896484375 323.328277587891 323.138580322266 323.498504638672 324.519592285156 324.850280761719 325.173522949219 325.173278808594 324.481750488281 324.276763916016 -3.4e+38 -3.4e+38 325.779357910156 325.661376953125 326.186981201172 326.487731933594 326.660583496094 326.509918212891 326.749481201172 326.984161376953 327.214202880859 327.439727783203 327.478698730469 327.474853515625 328.091064453125 328.505706787109 328.523681640625 328.186248779297 328.100860595703 328.292541503906 328.481079101562 328.666534423828 328.849029541016
317.252685546875 318.567657470703 318.639404296875 319.075012207031 319.507232666016 319.935943603516 320.389129638672 320.7451171875 321.303527832031 322.021087646484 322.425262451172 322.650054931641 322.669097900391 323.057556152344 -3.4e+38 323.065979003906 323.568176269531 323.097595214844 322.442230224609 323.30908203125 324.125701904297 324.840148925781 325.164123535156 325.165618896484 324.651947021484 324.792083740234 -3.4e+38 -3.4e+38 325.246612548828 325.045440673828 325.752197265625 325.961242675781 326.153625488281 326.502075195312 326.741668701172 326.976440429688 327.206604003906 327.432281494141 327.343170166016 327.181121826172 328.084197998047 328.499328613281 328.392425537109 327.900115966797 328.095397949219 328.287445068359 328.476318359375 328.662170410156 328.845031738281
318.096984863281 318.84619140625 318.605895996094 319.04248046875 319.475646972656 320.078491210938 321.0205078125 320.626251220703 321.213165283203 321.995574951172 322.226898193359 321.935333251953 321.821472167969 322.587707519531 322.972930908203 323.352569580078 323.58544921875 323.158233642578 322.887573242188 323.33251953125 324.194641113281 324.829284667969 324.977752685547 324.771057128906 324.956451416016 325.46923828125 325.375091552734 -3.4e+38 324.76416015625 324.510925292969 325.743011474609 325.687255859375 325.558990478516 326.313842773438 326.154602050781 326.388061523438 326.796691894531 327.243377685547 327.113067626953 327.575653076172 327.895050048828 328.491607666016 328.568328857422 328.3037109375 328.088623046875 328.281005859375 328.470275878906 328.656463623047 328.839752197266
318.322113037109 318.813446044922 318.40087890625 318.469421386719 319.075256347656 320.020660400391 320.758514404297 320.516448974609 320.876312255859 321.796752929688 321.511993408203 321.086456298828 321.490509033203 322.566284179688 322.778686523438 322.954956054688 323.708343505859 323.62255859375 323.655822753906 323.664947509766 323.925567626953 324.257690429688 324.620056152344 325.0224609375 325.46923828125 325.759216308594 325.188720703125 324.949890136719 324.620483398438 324.381561279297 325.160308837891 -3.4e+38 325.546997070312 326.351226806641 326.299468994141 326.357208251953 326.316497802734 326.881713867188 327.1669921875 327.267791748047 327.532989501953 328.482513427734 328.685211181641 328.759979248047 328.674530029297 328.687286376953 328.644775390625 329.248413085938 329.251220703125
317.264038085938 317.87451171875 318.026885986328 318.520538330078 319.101593017578 319.845550537109 320.273162841797 320.427978515625 320.676361083984 321.081817626953 320.488372802734 320.551361083984 321.669921875 321.994049072266 322.239379882812 322.454162597656 322.962768554688 322.985015869141 323.605560302734 323.259124755859 322.912475585938 323.419952392578 324.267822265625 325.061676025391 325.583129882812 325.360168457031 325.043365478516 324.640258789062 324.786071777344 324.719268798828 325.115783691406 324.975646972656 325.533508300781 326.292907714844 326.132598876953 326.414489746094 326.755401611328 327.111175537109 327.495727539062 327.425720214844 327.767608642578 328.471984863281 328.675018310547 328.874664306641 329.070953369141 328.960815429688 328.757049560547 329.64111328125 329.522979736328
316.256591796875 317.240081787109 318.025146484375 318.580017089844 319.384521484375 319.816345214844 320.244567871094 320.089630126953 320.506164550781 320.775573730469 320.558929443359 320.561920166016 321.437561035156 321.521789550781 321.737457275391 321.913818359375 322.530181884766 322.734283447266 -3.4e+38 322.418701171875 322.282958984375 322.542907714844 323.731506347656 324.746154785156 325.435974121094 324.872802734375 324.641479492188 324.62744140625 324.906829833984 325.046844482422 325.003723144531 324.962036132812 325.166290283203 325.351654052734 325.696258544922 326.060241699219 326.582214355469 326.807067871094 327.027709960938 327.422058105469 328.042724609375 328.460052490234 328.663421630859 328.505493164062 327.873321533203 327.941436767578 328.328430175781 329.631439208984 329.515411376953
315.201202392578 316.448333740234 317.794982910156 318.235992431641 319.184234619141 319.416809082031 320.21630859375 320.606750488281 320.853271484375 320.892425537109 320.987213134766 320.876739501953 321.481231689453 321.326690673828 321.196716308594 321.2392578125 321.716491699219 322.467803955078 322.913970947266 322.481323242188 322.304046630859 322.645385742188 323.800018310547 324.557739257812 325.034515380859 324.725219726562 324.153076171875 324.221099853516 324.892242431641 325.164825439453 324.691802978516 324.946838378906 325.066436767578 325.14599609375 325.681091308594 325.916290283203 326.323120117188 326.778106689453 326.772369384766 327.523986816406 328.028717041016 328.269256591797 328.060516357422 328.013488769531 327.640838623047 328.014770507812 328.867034912109 329.620391845703 329.685668945312
315.639099121094 316.377960205078 317.621704101562 318.575897216797 319.011291503906 318.903656005859 319.816589355469 321.035247802734 321.310089111328 321.240997314453 320.96240234375 320.821258544922 321.047912597656 320.40673828125 320.864624023438 320.938018798828 320.938659667969 322.000793457031 322.72705078125 322.942413330078 322.981903076172 323.455596923828 323.915832519531 324.018676757812 324.716796875 324.883972167969 324.569183349609 324.122589111328 323.788543701172 323.39599609375 324.501007080078 324.531890869141 325.005310058594 325.024017333984 325.664306640625 326.074584960938 326.836975097656 327.055206298828 326.705902099609 327.214965820312 327.428283691406 328.1318359375 327.635925292969 327.836639404297 328.034149169922 328.52685546875 329.064544677734 328.768493652344 329.793426513672
317.43994140625 317.5185546875 318.277252197266 319.232116699219 319.154022216797 319.102630615234 319.474517822266 321.008087158203 321.085327148438 320.777160644531 320.937164306641 320.654174804688 320.773315429688 320.517761230469 320.498992919922 320.326141357422 321.296020507812 321.978912353516 322.706939697266 323.060394287109 323.234527587891 323.356506347656 323.764465332031 323.696929931641 324.699981689453 325.000915527344 324.988372802734 324.274230957031 323.461883544922 323.401062011719 324.128662109375 324.439636230469 324.632141113281 325.109008789062 325.819732666016 326.586151123047 327.112487792969 327.213226318359 326.969299316406 326.955932617188 327.405883789062 327.704833984375 327.620025634766 327.821166992188 328.01904296875 328.334320068359 328.746734619141 329.027099609375 329.780151367188
318.480499267578 318.756927490234 318.516021728516 318.2685546875 318.559936523438 318.820343017578 319.733612060547 320.953704833984 321.088165283203 320.678466796875 320.819152832031 321.431762695312 321.145080566406 320.710205078125 320.450378417969 320.074523925781 319.806060791016 319.399993896484 322.21630859375 322.572509765625 322.750915527344 322.873382568359 323.725799560547 324.047210693359 323.490051269531 323.568939208984 324.252777099609 324.235015869141 323.815643310547 324.217956542969 324.613616943359 324.739807128906 324.819274902344 325.363525390625 325.730926513672 326.010345458984 325.775329589844 326.173736572266 326.525115966797 327.445129394531 327.254058837891 328.087615966797 328.462554931641 328.202239990234 327.984680175781 328.180358886719 328.254302978516 328.569946289062 329.749633789062
318.086883544922 318.418151855469 317.491027832031 317.4111328125 318.048858642578 318.278076171875 319.390563964844 320.383514404297 320.969299316406 321.138885498047 320.477478027344 321.264770507812 320.834991455078 320.412567138672 319.048736572266 318.724060058594 320.218719482422 320.044860839844 322.805572509766 323.547393798828 323.761596679688 323.759979248047 323.840179443359 322.787078857422 321.209136962891 322.677185058594 323.665466308594 323.817596435547 323.791290283203 324.063018798828 324.988311767578 324.844390869141 324.923583984375 324.937072753906 325.4091796875 325.240112304688 325.470611572266 325.868560791016 326.795776367188 327.424652099609 327.058929443359 327.771240234375 328.148010253906 328.645965576172 328.556732177734 328.581390380859 328.528015136719 329.258666992188 329.732360839844
317.576110839844 318.048736572266 317.374755859375 316.899871826172 317.844604492188 318.679016113281 319.363037109375 319.899108886719 320.4580078125 320.904724121094 320.825622558594 321.069366455078 320.399353027344 320.041717529297 318.793914794922 319.870941162109 321.332733154297 321.187774658203 322.744476318359 323.2412109375 323.370056152344 324.13134765625 323.395874023438 320.062286376953 319.124359130859 322.380920410156 323.765319824219 323.881683349609 323.595245361328 323.639221191406 325.434539794922 325.388854980469 325.173278808594 324.440673828125 324.684020996094 323.704223632812 323.56640625 325.784271240234 326.190002441406 327.162689208984 327.325286865234 327.507141113281 328.250091552734 328.744903564453 328.944671630859 328.851043701172 328.624847412109 329.525817871094 329.713775634766
317.240081787109 317.482421875 317.837066650391 317.269409179688 318.159088134766 319.287231445312 319.335693359375 320.246459960938 320.288970947266 320.702362060547 320.944061279297 320.356750488281 319.538177490234 319.701080322266 318.477325439453 317.671752929688 317.721221923828 321.014404296875 322.411041259766 322.245635986328 322.754302978516 324.147155761719 -3.4e+38 318.954467773438 320.688385009766 323.09912109375 323.778778076172 324.327301025391 324.002471923828 323.703186035156 325.534576416016 325.62109375 325.384735107422 324.9248046875 323.658599853516 322.136352539062 321.142730712891 324.875732421875 326.153533935547 326.963653564453 327.596649169922 327.432464599609 327.931274414062 328.303863525391 328.922546386719 329.002075195312 329.024932861328 329.505340576172 329.693878173828
316.537628173828 316.436462402344 317.050506591797 317.335540771484 318.450866699219 319.262268066406 319.141479492188 320.160949707031 320.260894775391 320.673767089844 320.942932128906 319.919372558594 316.930969238281 316.416595458984 318.976348876953 317.756500244141 317.168579101562 318.778228759766 318.988189697266 321.682922363281 323.241973876953 324.123657226562 322.56787109375 321.264739990234 322.540466308594 323.550567626953 323.271545410156 324.030059814453 324.407165527344 323.976531982422 325.672241210938 326.035003662109 325.203765869141 324.162292480469 322.868469238281 320.582061767578 320.236968994141 325.471252441406 327.003112792969 327.34765625 327.741119384766 327.703216552734 327.494201660156 327.816711425781 328.478485107422 329.096832275391 329.291625976562 329.483520507812 329.672607421875
315.85107421875 316.176605224609 316.579681396484 317.901733398438 318.797515869141 319.237609863281 318.973236083984 319.816467285156 320.066101074219 320.101287841797 320.675018310547 319.431488037109 314.887603759766 316.1357421875 320.160797119141 319.069274902344 316.979034423828 315.533630371094 315.326171875 321.856719970703 323.182769775391 323.343688964844 323.276184082031 323.072967529297 323.037963867188 323.122528076172 323.273345947266 324.084503173828 324.374664306641 324.1103515625 325.598693847656 326.031951904297 325.434692382812 324.370849609375 323.404205322266 320.837432861328 322.720184326172 326.459564208984 327.394683837891 327.616455078125 327.834594726562 327.972595214844 327.636657714844 328.261138916016 328.581420898438 329.072479248047 329.267883300781 329.460388183594 329.650085449219
315.857971191406 316.105743408203 316.677093505859 317.955871582031 318.181427001953 318.840179443359 318.947204589844 319.788665771484 320.063934326172 319.99267578125 320.32763671875 319.65478515625 316.422332763672 318.34423828125 318.763458251953 315.168365478516 314.675933837891 315.814086914062 316.466430664062 321.188446044922 322.655792236328 323.039245605469 322.991027832031 322.109222412109 320.940673828125 321.364166259766 323.760620117188 324.355163574219 324.506134033203 324.434722900391 324.536315917969 324.651916503906 326.224853515625 325.098693847656 323.595611572266 323.918243408203 325.472930908203 326.837921142578 327.197326660156 327.006195068359 327.223388671875 327.528503417969 327.726257324219 328.645812988281 328.847839355469 329.046813964844 329.242828369141 329.435943603516 329.458068847656
315.27685546875 315.765472412109 316.345794677734 316.95703125 317.376037597656 318.496429443359 318.921295166016 319.384918212891 320.009704589844 319.903442382812 320.296020507812 320.841796875 318.983337402344 316.569122314453 313.960479736328 310.245513916016 312.492767333984 316.083953857422 319.915191650391 321.330169677734 322.824920654297 323.17822265625 322.673004150391 322.123962402344 320.981353759766 321.791198730469 323.864318847656 323.919006347656 324.761779785156 324.811584472656 323.249755859375 323.253509521484 326.049835205078 -3.4e+38 -3.4e+38 -3.4e+38 326.573272705078 327.105773925781 327.211578369141 326.969421386719 326.774688720703 327.621032714844 327.529327392578 328.02978515625 328.230834960938 328.595642089844 329.216400146484 329.41015625 329.320648193359
314.120330810547 314.635162353516 316.016632080078 316.243041992188 317.186828613281 317.933288574219 318.521179199219 318.872619628906 319.299926757812 319.0126953125 319.720367431641 320.982452392578 320.770751953125 316.360321044922 309.723052978516 307.674377441406 310.548706054688 315.316162109375 321.397399902344 322.047515869141 322.930877685547 322.745452880859 321.609283447266 319.868988037109 322.161499023438 323.3828125 323.365478515625 322.607849121094 324.449188232422 -3.4e+38 320.676788330078 321.567779541016 325.749328613281 -3.4e+38 -3.4e+38 326.605285644531 326.840515136719 327.071746826172 327.299072265625 327.402893066406 327.158569335938 328.054168701172 327.967346191406 328.009735107422 327.956848144531 328.696899414062 329.188690185547 329.217163085938 329.032470703125
