rcp4.5models/MPi_ESM_LR/sc1gr10.38
NCOLS 261 
NROWS 433 
XLLCORNER 336357.134 
YLLCORNER 654653.479 
CELLSIZE 1000 
NODATA_value -3.4e+38 
[rows 352 to 373 of 433, columns 196 to 244 of 261]
686.364074707031 607.556701660156 643.441345214844 600.826232910156 618.399658203125 653.192565917969 612.448425292969 629.513488769531 657.578002929688 622.269104003906 636.653564453125 686.498596191406 722.278442382812 715.910522460938 676.6337890625 645.192260742188 648.493408203125 659.882568359375 694.793640136719 691.705810546875 669.631530761719 675.810485839844 681.692810058594 682.460327148438 687.331848144531 696.104614257812 721.43798828125 720.891967773438 705.910888671875 708.858093261719 716.509399414062 720.175537109375 725.359680175781 729.259582519531 734.001770019531 739.971496582031 743.565734863281 747.546691894531 753.556030273438 757.161315917969 760.252990722656 767.638977050781 770.308227539062 -3.4e+38 -3.4e+38 -3.4e+38 -3.4e+38 793.519348144531 794.89501953125
648.786560058594 653.084716796875 641.969970703125 597.522338867188 613.663696289062 646.123352050781 607.715515136719 612.957702636719 616.012023925781 619.857238769531 633.633911132812 682.145263671875 720.668640136719 712.517211914062 670.328247070312 642.378845214844 645.744812011719 649.89697265625 657.216369628906 661.182800292969 665.807495117188 671.800048828125 677.052917480469 678.820068359375 682.966003417969 692.80224609375 720.877014160156 724.804626464844 723.984741210938 705.068176269531 713.554626464844 717.431030273438 722.626403808594 725.804870605469 731.111755371094 736.60693359375 740.693725585938 744.921569824219 749.915893554688 754.512451171875 -3.4e+38 -3.4e+38 -3.4e+38 -3.4e+38 -3.4e+38 -3.4e+38 -3.4e+38 790.444030761719 792.141784667969
646.281066894531 647.501586914062 636.243408203125 594.029968261719 596.720153808594 599.225158691406 604.489135742188 611.565185546875 614.565063476562 618.330932617188 621.713439941406 634.252319335938 681.389953613281 700.978759765625 644.784423828125 672.591186523438 643.233215332031 647.3056640625 661.600708007812 694.310791015625 691.281188964844 667.996154785156 672.244812011719 676.006103515625 680.187866210938 689.414123535156 714.759033203125 717.99560546875 716.640747070312 702.097045898438 710.809326171875 714.692138671875 719.21484375 723.315307617188 728.626708984375 733.079956054688 737.611389160156 742.226684570312 747.281921386719 -3.4e+38 -3.4e+38 -3.4e+38 -3.4e+38 -3.4e+38 -3.4e+38 -3.4e+38 -3.4e+38 -3.4e+38 790.264343261719
690.468933105469 646.693786621094 634.265808105469 590.131225585938 606.456848144531 640.6181640625 601.239929199219 610.231811523438 613.351928710938 626.488830566406 657.370483398438 621.252624511719 635.005676269531 662.777160644531 641.561279296875 667.394287109375 640.433837890625 652.384643554688 658.084716796875 695.132446289062 713.94189453125 670.484008789062 695.495239257812 673.171142578125 677.639709472656 682.074035644531 686.217590332031 690.1611328125 693.531494140625 699.497985839844 708.268249511719 712.083923339844 715.803955078125 720.562683105469 725.150451660156 730.601623535156 735.235229492188 738.604431152344 -3.4e+38 -3.4e+38 -3.4e+38 -3.4e+38 -3.4e+38 -3.4e+38 -3.4e+38 -3.4e+38 -3.4e+38 -3.4e+38 -3.4e+38
686.756469726562 640.975646972656 629.896484375 587.440979003906 602.568908691406 635.781433105469 597.407470703125 606.0537109375 611.312622070312 622.852416992188 661.777648925781 665.204162597656 669.784851074219 663.396301269531 639.623657226562 668.107849121094 645.985717773438 689.869506835938 649.176391601562 659.340270996094 681.800170898438 666.271606445312 689.114685058594 669.626403808594 673.762084960938 683.421203613281 706.193420410156 686.804992675781 690.493530273438 695.834777832031 705.18701171875 709.4208984375 716.860229492188 736.197631835938 722.382080078125 727.942077636719 -3.4e+38 -3.4e+38 -3.4e+38 -3.4e+38 -3.4e+38 -3.4e+38 -3.4e+38 -3.4e+38 -3.4e+38 -3.4e+38 -3.4e+38 -3.4e+38 -3.4e+38
685.926086425781 625.819702148438 581.829956054688 584.854309082031 586.660949707031 590.496215820312 594.456298828125 601.540771484375 618.497253417969 660.104248046875 670.190979003906 696.443664550781 672.510498046875 692.654113769531 636.052673339844 662.693969726562 642.811401367188 676.9501953125 647.391845703125 650.257385253906 653.633483886719 658.443115234375 662.754760742188 672.460021972656 696.1357421875 680.043090820312 700.903259277344 684.464294433594 688.432922363281 693.094360351562 702.591918945312 706.872131347656 717.162658691406 748.857849121094 719.581848144531 724.0244140625 -3.4e+38 -3.4e+38 -3.4e+38 -3.4e+38 -3.4e+38 -3.4e+38 -3.4e+38 -3.4e+38 -3.4e+38 -3.4e+38 -3.4e+38 -3.4e+38 -3.4e+38
634.145629882812 621.776977539062 577.164245605469 581.003051757812 595.995239257812 630.275939941406 591.769409179688 597.854125976562 613.023803710938 664.358764648438 701.980285644531 693.727355957031 661.093078613281 653.144592285156 624.421813964844 628.484191894531 640.873352050781 669.552551269531 644.484375 647.703125 652.1142578125 656.651000976562 665.630615234375 694.791076660156 691.60400390625 678.235595703125 702.194091796875 682.401916503906 685.857604980469 690.694030761719 699.695556640625 704.241638183594 710.813659667969 727.967712402344 717.093383789062 -3.4e+38 -3.4e+38 -3.4e+38 -3.4e+38 -3.4e+38 -3.4e+38 -3.4e+38 -3.4e+38 -3.4e+38 -3.4e+38 -3.4e+38 -3.4e+38 -3.4e+38 -3.4e+38
568.0341796875 571.310607910156 573.330688476562 590.802124023438 636.061096191406 624.776733398438 588.474182128906 594.399658203125 599.172058105469 612.904052734375 649.920776367188 652.452575683594 655.939880371094 661.76123046875 654.877868652344 625.192993164062 637.634033203125 671.547241210938 648.770629882812 674.413330078125 649.552856445312 654.041259765625 662.238891601562 690.095825195312 691.700622558594 675.064270019531 701.523803710938 703.788146972656 683.412536621094 688.154479980469 697.256896972656 701.888793945312 705.821472167969 709.695678710938 714.107177734375 718.665954589844 -3.4e+38 -3.4e+38 -3.4e+38 -3.4e+38 -3.4e+38 -3.4e+38 -3.4e+38 -3.4e+38 -3.4e+38 -3.4e+38 -3.4e+38 -3.4e+38 -3.4e+38
561.105224609375 567.017211914062 570.42041015625 584.544982910156 617.182067871094 577.085388183594 581.503967285156 587.662902832031 592.486083984375 606.782531738281 644.619567871094 637.219543457031 607.861022949219 611.853332519531 615.606384277344 618.728576660156 623.530212402344 628.900207519531 644.385192871094 675.759643554688 672.523864746094 649.734985351562 655.270629882812 661.670959472656 663.81396484375 667.809509277344 671.884338378906 675.530334472656 679.200927734375 683.608093261719 694.099853515625 701.126831054688 716.951416015625 705.484130859375 708.73046875 713.489562988281 -3.4e+38 -3.4e+38 -3.4e+38 -3.4e+38 -3.4e+38 -3.4e+38 -3.4e+38 -3.4e+38 -3.4e+38 -3.4e+38 -3.4e+38 -3.4e+38 -3.4e+38
558.352111816406 563.903076171875 568.045166015625 581.669372558594 613.919006347656 587.333374023438 631.097534179688 595.845092773438 627.885498046875 594.146301269531 596.426452636719 601.019592285156 607.692016601562 611.571594238281 611.894104003906 615.8935546875 621.025268554688 626.122802734375 641.39404296875 670.527099609375 667.459899902344 648.461608886719 656.4736328125 668.089050292969 693.649536132812 693.602294921875 696.907287597656 695.81787109375 676.677001953125 681.392272949219 691.444702148438 695.194946289062 698.271667480469 702.513671875 706.280456542969 711.088012695312 715.528930664062 -3.4e+38 -3.4e+38 -3.4e+38 -3.4e+38 -3.4e+38 -3.4e+38 -3.4e+38 -3.4e+38 -3.4e+38 -3.4e+38 -3.4e+38 -3.4e+38
555.246032714844 559.043823242188 563.104919433594 565.891174316406 582.666259765625 626.916625976562 625.669250488281 632.336059570312 623.109191894531 590.571838378906 592.852111816406 597.4072265625 605.006958007812 612.123352050781 608.899475097656 612.534423828125 618.253723144531 629.820495605469 632.646606445312 636.209045410156 640.517395019531 646.716674804688 653.184448242188 662.723327636719 688.863647460938 692.554992675781 713.631774902344 689.625427246094 673.983459472656 678.6435546875 707.712219238281 692.742431640625 695.756164550781 699.862243652344 704.696350097656 709.27099609375 713.163269042969 717.982238769531 722.195007324219 729.040588378906 743.8828125 -3.4e+38 -3.4e+38 -3.4e+38 -3.4e+38 -3.4e+38 -3.4e+38 -3.4e+38 -3.4e+38
551.838928222656 570.322204589844 605.024536132812 562.783752441406 592.473937988281 653.537536621094 571.959899902344 617.4267578125 583.563781738281 587.437377929688 591.158325195312 594.179748535156 607.732421875 639.842102050781 606.325439453125 609.810485839844 614.903747558594 626.756530761719 658.520568847656 639.828002929688 667.48828125 644.937866210938 648.705261230469 657.179504394531 687.723937988281 692.198913574219 706.817749023438 666.708923339844 670.632385253906 675.931518554688 702.243103027344 690.300415039062 694.039672851562 697.290588378906 702.318176269531 706.554565429688 710.637084960938 715.113708496094 721.894775390625 739.965026855469 739.828918457031 737.831970214844 -3.4e+38 -3.4e+38 -3.4e+38 -3.4e+38 -3.4e+38 -3.4e+38 -3.4e+38
595.850891113281 567.229064941406 600.951354980469 572.892395019531 631.81005859375 650.318115234375 569.683715820312 576.417175292969 580.185424804688 594.258117675781 626.608032226562 593.484680175781 604.36962890625 630.946655273438 603.244506835938 607.527465820312 612.674072265625 617.575927734375 659.339050292969 665.664916992188 662.300170898438 642.204345703125 651.036254882812 679.173156738281 684.69873046875 705.383178710938 680.591918945312 664.122436523438 668.130065917969 673.282836914062 685.622619628906 705.664855957031 691.216003417969 695.76416015625 700.077453613281 704.219848632812 709.010559082031 713.194274902344 722.022521972656 747.644714355469 727.16796875 735.201904296875 738.619445800781 -3.4e+38 -3.4e+38 -3.4e+38 -3.4e+38 -3.4e+38 -3.4e+38
638.4599609375 550.983947753906 567.609558105469 613.233154296875 613.996459960938 616.508972167969 608.331604003906 584.680053710938 625.965026855469 628.368896484375 621.469909667969 591.123657226562 593.78857421875 596.949951171875 600.990539550781 605.261413574219 610.157287597656 614.359191894531 629.255310058594 654.460266113281 632.868591308594 638.596496582031 646.834655761719 674.300537109375 683.477355957031 698.406799316406 657.196350097656 661.788513183594 666.174682617188 673.518127441406 681.772399902344 700.640014648438 688.826171875 694.103515625 697.04541015625 701.5859375 706.37548828125 712.767639160156 731.172790527344 731.013061523438 724.517150878906 732.847961425781 737.025817871094 741.330871582031 746.111328125 -3.4e+38 -3.4e+38 -3.4e+38 -3.4e+38
603.665222167969 593.909790039062 564.520568847656 609.580505371094 601.036437988281 584.740966796875 644.089172363281 591.991821289062 658.769897460938 614.473815917969 583.129943847656 586.9228515625 590.322204589844 594.329528808594 598.584228515625 603.30224609375 606.77099609375 612.017883300781 621.437316894531 625.691772460938 630.161926269531 640.925659179688 665.416015625 647.820068359375 678.560974121094 701.8642578125 678.974731445312 660.400756835938 665.288208007812 670.180603027344 676.511901855469 681.644165039062 686.324035644531 690.888549804688 696.843078613281 714.733642578125 703.486938476562 709.922485351562 724.690673828125 717.451110839844 722.356506347656 731.528381347656 735.430480957031 739.542114257812 742.983947753906 -3.4e+38 -3.4e+38 -3.4e+38 -3.4e+38
555.335021972656 603.034973144531 593.739624023438 577.658081054688 639.352355957031 581.889099121094 641.058532714844 589.258972167969 646.334167480469 576.638854980469 580.5556640625 584.3544921875 587.755859375 591.769104003906 596.014526367188 600.694580078125 604.210876464844 609.397155761719 619.682861328125 623.074951171875 627.370361328125 636.787109375 659.366088867188 640.016479492188 648.982055664062 679.773620605469 697.909729003906 657.758544921875 666.676635742188 689.557373046875 675.005737304688 678.88232421875 682.774841308594 687.629150390625 695.015014648438 711.525268554688 700.528686523438 705.733703613281 710.758056640625 716.119995117188 721.0244140625 730.0654296875 733.06396484375 737.109558105469 740.264099121094 744.298217773438 -3.4e+38 -3.4e+38 -3.4e+38
584.764282226562 569.351013183594 634.341064453125 563.068176269531 593.952697753906 579.42822265625 639.149963378906 586.693420410156 644.563171386719 574.8359375 577.909484863281 581.711608886719 585.112365722656 597.220153808594 625.493286132812 597.474243164062 602.452270507812 606.647827148438 617.078125 620.544128417969 624.767578125 628.694396972656 632.863037109375 637.587951660156 641.295776367188 655.43310546875 696.234069824219 655.102111816406 663.057006835938 685.02099609375 673.435241699219 680.197937011719 697.569763183594 687.632873535156 707.608520507812 695.414184570312 698.218627929688 704.433776855469 708.474060058594 713.4560546875 718.359008789062 727.447204589844 730.8349609375 734.951721191406 738.651672363281 -3.4e+38 -3.4e+38 -3.4e+38 -3.4e+38
595.293579101562 612.001220703125 631.503051757812 548.744323730469 551.561401367188 566.222045898438 597.19873046875 573.680297851562 604.310485839844 572.188415527344 575.310363769531 579.197937011719 582.828735351562 602.133850097656 653.074279785156 594.889282226562 600.017944335938 604.889953613281 614.521423339844 617.96923828125 622.639526367188 627.4638671875 631.359497070312 634.976623535156 638.68896484375 647.622375488281 669.491882324219 652.397033691406 656.637390136719 661.225524902344 673.573181152344 695.263488769531 693.583557128906 685.137023925781 702.478759765625 692.306579589844 696.869384765625 702.632202148438 706.333129882812 710.965515136719 715.872009277344 725.068176269531 729.229309082031 733.377563476562 737.192443847656 -3.4e+38 -3.4e+38 -3.4e+38 -3.4e+38
547.794128417969 608.632080078125 629.476196289062 545.518432617188 560.916870117188 593.247802734375 567.149597167969 562.314636230469 564.807861328125 568.933227539062 573.494201660156 576.825805664062 581.527221679688 592.311279296875 618.441162109375 592.55078125 597.733459472656 602.54931640625 611.333129882812 615.721374511719 620.351989746094 625.07470703125 628.788757324219 631.548034667969 635.892333984375 639.723754882812 644.459289550781 649.86474609375 654.084411621094 658.980224609375 670.295471191406 687.720825195312 675.510864257812 679.985229492188 684.964172363281 690.598266601562 695.37890625 700.199645996094 704.373168945312 709.302734375 715.42236328125 733.645751953125 726.6611328125 731.671325683594 -3.4e+38 -3.4e+38 -3.4e+38 -3.4e+38 -3.4e+38
574.220764160156 534.763549804688 537.942993164062 540.713256835938 543.938110351562 557.921142578125 589.937438964844 558.797668457031 561.789184570312 565.343688964844 577.364624023438 605.366638183594 584.667358398438 611.605895996094 584.326232910156 588.432312011719 592.762390136719 597.87255859375 605.588745117188 610.741760253906 614.913208007812 618.594421386719 622.990356445312 627.365478515625 631.499755859375 635.954528808594 640.675415039062 644.833312988281 649.129577636719 653.729675292969 662.366516113281 667.005493164062 671.043029785156 675.881530761719 680.754516601562 685.277893066406 692.119750976562 707.98095703125 700.0224609375 704.40625 709.451232910156 726.252563476562 721.56494140625 -3.4e+38 -3.4e+38 -3.4e+38 -3.4e+38 -3.4e+38 -3.4e+38
571.853759765625 532.565856933594 547.860107421875 580.158264160156 541.814147949219 545.50537109375 549.180480957031 556.348876953125 560.0107421875 563.224853515625 567.449951171875 570.264709472656 574.280578613281 578.256042480469 581.959716796875 585.953735351562 590.969116210938 595.334533691406 602.989501953125 608.080200195312 612.255737304688 615.936279296875 620.335205078125 624.75537109375 629.105163574219 633.525207519531 637.952209472656 641.830810546875 646.465087890625 651.002258300781 659.625549316406 664.079223632812 669.48291015625 674.336120605469 677.711059570312 682.6689453125 689.758483886719 704.177429199219 697.448852539062 701.624816894531 706.528747558594 714.373352050781 -3.4e+38 -3.4e+38 -3.4e+38 -3.4e+38 -3.4e+38 -3.4e+38 -3.4e+38
526.651428222656 530.228088378906 545.604858398438 577.728515625 540.213928222656 543.135681152344 547.038269042969 554.708251953125 558.157653808594 560.619812011719 565.0380859375 575.869018554688 612.435546875 615.325805664062 611.00732421875 583.519226074219 589.358337402344 593.542358398438 601.207397460938 605.496337890625 609.732727050781 613.667114257812 618.073059082031 622.427062988281 626.441162109375 630.968811035156 635.3994140625 639.27685546875 643.914489746094 648.455261230469 657.020324707031 661.2021484375 667.099487304688 671.901245117188 675.170776367188 -3.4e+38 684.966064453125 -3.4e+38 694.437805175781 699.940734863281 704.324951171875 -3.4e+38 -3.4e+38 -3.4e+38 -3.4e+38 -3.4e+38 -3.4e+38 -3.4e+38 -3.4e+38
