rcp4.5models/MPi_ESM_LR/sc1gr7.18
NCOLS 261 
NROWS 433 
XLLCORNER 336357.134 
YLLCORNER 654653.479 
CELLSIZE 1000 
NODATA_value -3.4e+38 
[rows 110 to 131 of 433, columns 49 to 97 of 261]
172.676956176758 172.634201049805 172.635208129883 172.472259521484 172.460525512695 172.261047363281 172.208038330078 172.093811035156 172.183746337891 171.935119628906 172.039855957031 172.088287353516 171.921249389648 171.633361816406 171.514236450195 171.471145629883 171.271575927734 171.135559082031 171.217910766602 171.038375854492 170.912872314453 170.860107421875 170.762786865234 170.605773925781 170.63493347168 170.628067016602 170.43962097168 170.648254394531 170.76383972168 170.251251220703 170.108993530273 170.288986206055 169.823684692383 169.714630126953 169.504928588867 169.207809448242 169.054138183594 169.218154907227 169.473541259766 169.473114013672 169.291442871094 169.004943847656 168.776092529297 168.904510498047 168.791488647461 168.82243347168 168.761962890625 168.848159790039 168.64924621582
172.568206787109 172.497955322266 172.30094909668 172.318099975586 172.304244995117 172.369415283203 172.069320678711 172.185653686523 172.166519165039 171.89372253418 171.825332641602 172.02685546875 171.81867980957 171.832778930664 171.530654907227 171.500534057617 171.290588378906 171.082870483398 171.031494140625 170.970626831055 170.797973632812 170.763961791992 170.608474731445 170.563034057617 170.609375 170.474349975586 170.131271362305 170.405532836914 170.54426574707 170.250457763672 170.008926391602 169.755447387695 169.560607910156 169.356063842773 169.176574707031 169.186767578125 168.972442626953 169.158782958984 168.94775390625 168.955978393555 168.697723388672 168.519912719727 168.565139770508 168.47737121582 168.470321655273 168.406860351562 168.453048706055 168.410232543945 168.27229309082
172.506698608398 172.513565063477 172.279235839844 172.349197387695 172.10905456543 172.277725219727 172.080322265625 171.99934387207 171.99186706543 171.960006713867 171.797790527344 171.868255615234 171.92839050293 171.9228515625 171.333480834961 171.313537597656 171.40788269043 171.076126098633 170.959274291992 170.900039672852 170.592910766602 170.636016845703 170.556457519531 170.330459594727 170.396194458008 170.272308349609 170.041625976562 170.13264465332 170.262969970703 170.069900512695 169.793716430664 169.42236328125 169.272048950195 169.224502563477 169.119918823242 168.985946655273 168.807052612305 168.958450317383 168.705627441406 168.456039428711 168.257186889648 168.142272949219 168.107238769531 168.239959716797 167.974365234375 167.870971679688 167.871627807617 167.836700439453 167.773315429688
172.543243408203 172.507049560547 172.472946166992 172.04182434082 172.119750976562 172.11279296875 172.084594726562 172.049224853516 171.854629516602 171.9873046875 171.578918457031 171.698104858398 171.665588378906 171.788345336914 171.214813232422 171.339401245117 171.271041870117 170.890090942383 170.973190307617 170.766357421875 170.60466003418 170.370788574219 170.208084106445 170.265319824219 170.177642822266 170.132934570312 169.762985229492 169.779968261719 169.903686523438 169.747863769531 169.694091796875 169.530609130859 169.21809387207 169.054977416992 169.231109619141 169.000411987305 168.782318115234 168.692016601562 168.545104980469 168.082855224609 167.871459960938 167.845520019531 167.722061157227 167.854232788086 167.56233215332 167.51806640625 167.563613891602 167.527313232422 167.253875732422
172.333038330078 172.389617919922 172.254776000977 172.002731323242 172.161285400391 171.993011474609 172.099029541016 171.787948608398 171.765441894531 171.712814331055 171.546478271484 171.548034667969 171.623519897461 171.643447875977 171.312652587891 171.134185791016 171.250564575195 170.967483520508 171.078964233398 170.793426513672 170.422134399414 170.264572143555 170.173934936523 170.165466308594 169.827377319336 169.969024658203 169.612945556641 169.479354858398 169.490829467773 169.700942993164 -3.4e+38 169.396957397461 169.333740234375 169.041458129883 169.17138671875 168.856887817383 168.557968139648 168.287063598633 168.213073730469 168.001663208008 167.8046875 167.677490234375 167.375183105469 167.466644287109 167.183410644531 167.264602661133 167.151962280273 167.128662109375 166.936752319336
172.20979309082 172.208999633789 172.094757080078 171.783981323242 171.811309814453 171.881210327148 171.811660766602 171.615707397461 171.608825683594 171.658813476562 171.297775268555 171.573699951172 171.231643676758 171.366653442383 171.117584228516 170.971420288086 171.186599731445 170.909774780273 170.782287597656 170.82470703125 170.429489135742 170.376937866211 169.9638671875 169.78547668457 169.388717651367 169.762619018555 169.48030090332 169.337905883789 169.164108276367 168.855453491211 168.857208251953 168.977951049805 169.025604248047 168.819107055664 168.71061706543 168.429214477539 168.198028564453 168.038223266602 168.072280883789 167.75813293457 167.724380493164 167.38362121582 -3.4e+38 166.746032714844 166.436340332031 166.034393310547 166.193817138672 166.375854492188 166.268844604492
171.967178344727 172.161148071289 172.147201538086 171.813995361328 171.894546508789 171.795318603516 171.786560058594 171.55924987793 171.446212768555 171.492095947266 171.270141601562 171.412460327148 171.33918762207 171.183715820312 170.861511230469 170.787811279297 170.878845214844 170.968292236328 170.768173217773 170.913024902344 170.469665527344 170.228500366211 170.023254394531 169.752075195312 169.589950561523 169.62776184082 169.449142456055 169.476348876953 169.106872558594 168.831909179688 168.794937133789 168.783172607422 168.758804321289 168.611923217773 -3.4e+38 168.420486450195 168.198486328125 167.990539550781 167.882141113281 167.559982299805 167.266891479492 166.923324584961 166.806640625 166.573974609375 166.272689819336 166.022186279297 165.816131591797 165.866317749023 165.648345947266
172.079803466797 172.101089477539 172.094528198242 171.975952148438 171.612854003906 171.530807495117 171.585205078125 171.44856262207 171.342269897461 171.457061767578 -3.4e+38 -3.4e+38 170.867111206055 171.090621948242 170.770584106445 170.750900268555 170.827880859375 170.638961791992 170.577606201172 170.610763549805 170.380416870117 170.252487182617 169.980026245117 169.782821655273 169.635589599609 169.66569519043 169.498291015625 169.310501098633 169.029937744141 169.014617919922 168.892486572266 168.708450317383 168.416641235352 168.395538330078 168.262100219727 168.226226806641 168.135070800781 167.867706298828 167.379821777344 167.165191650391 167.036392211914 166.507827758789 166.656188964844 166.430038452148 166.080032348633 166.116958618164 165.79231262207 165.407501220703 165.099456787109
172.161804199219 171.790191650391 -3.4e+38 171.892913818359 171.535690307617 171.48796081543 171.420516967773 171.037902832031 171.115798950195 170.980010986328 170.867340087891 170.662261962891 170.818466186523 170.588806152344 170.304138183594 170.356826782227 170.400772094727 170.371994018555 170.337738037109 170.430847167969 170.242538452148 170.076126098633 170.032974243164 169.85221862793 169.733947753906 169.771087646484 169.531158447266 169.247711181641 169.046325683594 168.992340087891 168.831192016602 168.643020629883 168.366607666016 168.296463012695 167.996994018555 167.760330200195 167.742492675781 167.620834350586 167.301391601562 167.170791625977 167.075698852539 166.45085144043 166.514770507812 166.392623901367 166.21907043457 166.117004394531 165.742477416992 165.205001831055 165.022155761719
172.06672668457 171.633392333984 -3.4e+38 -3.4e+38 -3.4e+38 171.141464233398 171.29296875 170.965301513672 170.854370117188 170.898483276367 170.631896972656 170.516326904297 170.520767211914 170.408248901367 170.118957519531 170.103256225586 170.065658569336 169.945892333984 170.093200683594 170.180770874023 170.032669067383 170.063522338867 170.010284423828 169.862716674805 169.815444946289 169.643630981445 169.42333984375 169.309310913086 169.275344848633 168.823028564453 168.676177978516 168.474685668945 168.315795898438 -3.4e+38 167.770889282227 167.516098022461 167.234603881836 167.199356079102 166.999099731445 166.906051635742 166.871780395508 166.676147460938 166.556854248047 166.409866333008 166.218780517578 165.8466796875 165.412094116211 165.16064453125 164.984451293945
171.97590637207 171.73046875 171.744613647461 -3.4e+38 -3.4e+38 170.958786010742 171.170791625977 170.875137329102 170.580062866211 170.817749023438 170.479522705078 170.291427612305 170.268890380859 170.177474975586 170.057037353516 169.885375976562 169.811798095703 169.763412475586 169.773315429688 170.097549438477 169.872116088867 169.864898681641 169.868698120117 169.753143310547 169.679382324219 169.410614013672 169.398406982422 169.206253051758 168.995132446289 168.559600830078 168.682525634766 168.407440185547 168.136505126953 168.030532836914 167.590560913086 167.243118286133 167.199111938477 167.039352416992 166.832595825195 166.799789428711 166.61572265625 166.575332641602 166.262069702148 166.041107177734 165.8388671875 165.608352661133 164.990814208984 165.120162963867 164.895233154297
171.767654418945 171.64892578125 171.578475952148 171.599533081055 171.449905395508 170.803009033203 170.723510742188 170.553359985352 170.412109375 170.428009033203 170.093978881836 169.949432373047 170.207489013672 170.159103393555 169.875244140625 169.886001586914 169.734710693359 169.41471862793 169.517791748047 169.623931884766 169.718872070312 169.675338745117 169.624893188477 169.480163574219 169.645080566406 169.303909301758 169.25927734375 169.011016845703 168.881561279297 168.496856689453 168.400100708008 168.137222290039 167.93196105957 167.920639038086 167.443481445312 167.200790405273 167.060104370117 166.730972290039 166.580871582031 166.666030883789 166.475250244141 166.362319946289 166.102172851562 165.867172241211 165.657089233398 165.329437255859 164.865386962891 164.85285949707 164.701370239258
171.708465576172 171.726577758789 171.496948242188 171.154907226562 170.853652954102 170.757369995117 170.616104125977 170.307723999023 170.355270385742 170.089416503906 169.87744140625 169.806549072266 170.045608520508 170.209091186523 169.676773071289 169.701446533203 169.684951782227 169.441314697266 169.480697631836 169.376815795898 169.487426757812 169.38720703125 169.377639770508 169.247055053711 169.343322753906 169.187713623047 169.105255126953 169.005584716797 168.720275878906 168.52180480957 168.259719848633 168.148223876953 167.80615234375 167.799774169922 167.385482788086 167.184234619141 166.858169555664 166.732391357422 166.558334350586 166.561630249023 166.268966674805 166.173721313477 166.043533325195 165.736938476562 165.504608154297 165.186294555664 164.979141235352 164.77522277832 164.612365722656
171.706497192383 171.620941162109 171.184143066406 171.049331665039 170.72900390625 170.665054321289 170.551422119141 170.260116577148 170.059768676758 169.969100952148 169.82568359375 169.475219726562 169.762847900391 169.566818237305 169.527267456055 169.493438720703 169.384323120117 169.190322875977 168.929580688477 168.829254150391 169.119735717773 169.172515869141 169.022308349609 169.174057006836 169.122268676758 169.025344848633 168.773864746094 168.731918334961 168.679290771484 168.342178344727 168.008972167969 168.039443969727 167.913711547852 167.716705322266 167.281143188477 166.900802612305 166.695526123047 166.732376098633 166.527008056641 166.685791015625 166.225692749023 165.998138427734 165.928588867188 165.60725402832 165.21955871582 164.926727294922 164.825256347656 164.631881713867 164.293853759766
171.541229248047 171.364334106445 171.080963134766 170.872161865234 170.568435668945 170.460250854492 170.471710205078 170.171020507812 170.124404907227 169.632995605469 169.666976928711 169.456893920898 169.578872680664 169.315505981445 169.190078735352 169.30241394043 169.041854858398 168.921951293945 168.559661865234 168.491180419922 168.636642456055 168.907974243164 168.720886230469 168.898223876953 168.669281005859 168.690521240234 168.624252319336 168.565948486328 168.556274414062 168.080780029297 167.862915039062 167.770156860352 167.535049438477 167.423370361328 167.051177978516 166.838195800781 166.717346191406 166.817306518555 166.489883422852 166.481887817383 166.183059692383 165.889663696289 165.826309204102 165.488861083984 165.063613891602 164.844009399414 164.761108398438 164.564575195312 164.153915405273
171.62532043457 171.22575378418 170.905059814453 170.772262573242 170.720260620117 170.45100402832 170.258972167969 169.96614074707 170.307968139648 169.791397094727 169.670043945312 169.659378051758 169.38688659668 169.269287109375 169.06916809082 169.195556640625 169.173294067383 168.888229370117 168.305801391602 168.467391967773 168.418655395508 168.468948364258 168.411575317383 168.616180419922 168.435638427734 168.423599243164 168.258728027344 168.460159301758 168.342681884766 167.885391235352 167.633743286133 167.575271606445 167.416152954102 167.148712158203 166.936050415039 166.64030456543 166.666778564453 166.680725097656 166.5654296875 166.4580078125 166.228042602539 165.777801513672 165.614929199219 165.380508422852 164.947052001953 164.80744934082 164.63134765625 164.277893066406 163.893737792969
171.310852050781 170.774444580078 170.447128295898 170.487594604492 170.120162963867 170.23747253418 170.204452514648 169.784362792969 169.496887207031 169.567977905273 169.269012451172 169.24951171875 169.253707885742 169.221801757812 168.869812011719 169.078750610352 168.862808227539 168.516571044922 168.436569213867 168.05500793457 167.982513427734 167.941940307617 168.000946044922 167.924819946289 167.91389465332 167.778671264648 167.950775146484 167.992492675781 167.909942626953 167.620819091797 167.69157409668 167.529083251953 167.156311035156 166.906372070312 166.823867797852 166.790023803711 166.812515258789 166.63134765625 166.225967407227 166.103988647461 165.768661499023 165.360412597656 165.143997192383 165.015533447266 164.774063110352 164.853179931641 164.430419921875 164.049392700195 163.773300170898
171.118499755859 170.599822998047 170.339004516602 170.506164550781 170.290634155273 170.1435546875 169.977584838867 169.587265014648 169.37663269043 169.382095336914 169.328186035156 168.999298095703 168.876937866211 169.052581787109 168.7158203125 168.724334716797 168.911880493164 168.257354736328 167.884399414062 168.068328857422 167.941741943359 167.514541625977 167.499374389648 167.736328125 167.58122253418 167.559600830078 167.622055053711 167.657348632812 167.712814331055 167.614547729492 167.419158935547 167.350738525391 167.230346679688 167.07405090332 166.834701538086 166.641189575195 166.487655639648 166.26318359375 165.925064086914 165.609191894531 165.621810913086 165.045104980469 164.924530029297 164.814147949219 164.718017578125 164.565856933594 164.233367919922 163.914886474609 163.622192382812
170.714233398438 170.571365356445 170.327728271484 170.398101806641 170.09602355957 169.778427124023 169.787368774414 169.703720092773 169.62939453125 169.502304077148 169.220794677734 168.914108276367 168.768981933594 168.752349853516 168.469116210938 168.442337036133 168.330139160156 168.31266784668 167.857650756836 167.678909301758 167.807052612305 167.430969238281 167.292999267578 167.361099243164 167.099212646484 167.339813232422 167.38703918457 167.319442749023 167.311599731445 167.355331420898 167.279281616211 167.127639770508 166.976943969727 166.695129394531 166.469024658203 166.460800170898 166.131851196289 165.812377929688 165.632675170898 165.3876953125 165.368469238281 164.669235229492 164.540573120117 164.621368408203 164.536239624023 164.226715087891 163.997940063477 163.600616455078 163.337890625
170.81266784668 170.340362548828 170.303375244141 170.29084777832 170.198165893555 169.948913574219 169.84504699707 169.251098632812 169.320541381836 169.221664428711 169.152297973633 168.884674072266 168.863265991211 168.565536499023 168.202560424805 168.384948730469 167.941299438477 167.886993408203 167.791366577148 167.52214050293 167.634292602539 167.516418457031 167.181274414062 166.916168212891 166.921661376953 167.05615234375 167.310501098633 167.13752746582 167.134780883789 167.153167724609 167.008911132812 166.825744628906 166.714462280273 166.578399658203 166.293258666992 165.97233581543 165.870468139648 165.890701293945 165.627319335938 165.387435913086 165.198486328125 164.517211914062 164.233093261719 164.08479309082 164.008316040039 163.796264648438 163.786026000977 163.528594970703 163.224700927734
170.656280517578 170.399566650391 170.302368164062 170.044082641602 170.366180419922 169.918380737305 169.44694519043 169.037734985352 168.891082763672 168.864807128906 168.85090637207 168.932586669922 168.979736328125 168.705627441406 168.514205932617 168.368179321289 168.431289672852 167.964538574219 167.671356201172 167.638580322266 167.642135620117 167.255767822266 166.947326660156 166.862106323242 166.674499511719 166.697280883789 166.767761230469 166.775924682617 166.937408447266 166.934417724609 166.809478759766 166.513732910156 166.29736328125 166.411865234375 166.252471923828 165.905868530273 165.774536132812 165.874176025391 165.459259033203 165.108154296875 165.016342163086 164.388046264648 164.125076293945 163.85009765625 163.641586303711 163.381240844727 163.433639526367 163.268859863281 162.82209777832
170.536972045898 170.636734008789 170.137969970703 170.277633666992 169.934478759766 169.531143188477 169.26301574707 168.81526184082 168.658630371094 168.889587402344 168.645874023438 168.455627441406 168.518829345703 168.660217285156 168.239303588867 168.125823974609 168.297088623047 167.981582641602 167.737380981445 167.495941162109 167.511993408203 167.324951171875 166.973648071289 166.777236938477 166.610809326172 166.54362487793 166.476745605469 166.536560058594 166.724090576172 166.740875244141 166.692962646484 166.337265014648 166.141738891602 166.047302246094 165.924102783203 165.976959228516 165.607711791992 165.432998657227 165.34455871582 164.978225708008 164.666076660156 164.007858276367 164.005249023438 163.728729248047 163.513442993164 163.284317016602 163.273193359375 162.878173828125 162.373641967773
