rcp4.5models/MPi_ESM_LR/sc1gr5.FIL
NCOLS 261 
NROWS 433 
XLLCORNER 336357.134 
YLLCORNER 654653.479 
CELLSIZE 1000 
NODATA_value -9999 
[rows 330 to 351 of 433, columns 50 to 99 of 261]
279.376708984375 279.790191650391 279.901977539062 279.985076904297 280.226928710938 280.276000976562 280.794311523438 280.945434570312 281.464385986328 282.028137207031 282.233764648438 282.595550537109 282.812561035156 282.809906005859 282.778259277344 282.537200927734 282.454956054688 280.342041015625 280.7001953125 280.911834716797 279.348327636719 279.066802978516 279.312896728516 -9999 -9999 277.954132080078 -9999 278.441436767578 278.515350341797 282.697631835938 285.399017333984 286.177032470703 286.31005859375 284.077850341797 278.58251953125 274.066680908203 275.685638427734 280.388214111328 282.199310302734 278.88916015625 277.272369384766 275.152191162109 271.939270019531 268.199951171875 268.359283447266 264.881958007812 263.495574951172 268.417419433594 260.992736816406 247.067916870117
279.735229492188 280.125274658203 280.362670898438 280.318511962891 280.305084228516 280.450286865234 280.872161865234 281.067443847656 281.428405761719 281.526794433594 281.278717041016 282.132019042969 282.869781494141 282.883636474609 282.889068603516 282.743347167969 283.017272949219 282.117309570312 281.832702636719 280.99365234375 280.456787109375 278.529724121094 277.135711669922 -9999 275.194610595703 277.879425048828 -9999 276.593048095703 279.933746337891 284.4912109375 285.950073242188 286.459808349609 286.600921630859 286.136688232422 283.442108154297 280.059387207031 280.843231201172 283.979248046875 285.298370361328 281.383148193359 276.087341308594 273.429534912109 272.858612060547 269.274749755859 270.031860351562 268.815673828125 268.176879882812 275.225128173828 270.044677734375 254.965255737305
279.554168701172 280.197143554688 280.452850341797 280.149566650391 280.544097900391 281.068511962891 281.032348632812 281.001037597656 281.236694335938 281.211303710938 281.041137695312 281.952911376953 282.881744384766 283.027130126953 283.128601074219 282.847808837891 282.947784423828 283.244873046875 283.02783203125 282.208526611328 282.315612792969 276.753570556641 275.177520751953 -9999 273.761901855469 276.630798339844 277.799530029297 277.225769042969 281.163604736328 284.340698242188 285.004699707031 286.323303222656 286.535949707031 286.604064941406 286.497497558594 284.981475830078 284.632110595703 286.068542480469 285.483459472656 281.663452148438 274.900573730469 271.868591308594 273.987365722656 272.408355712891 271.638763427734 272.974761962891 271.627563476562 275.137329101562 274.802764892578 267.395812988281
279.376129150391 280.284210205078 280.317230224609 280.074310302734 280.633819580078 280.968872070312 281.162353515625 280.719848632812 280.855255126953 281.148223876953 281.40576171875 282.276336669922 282.866973876953 282.766693115234 283.023620605469 282.740295410156 282.590759277344 283.08740234375 283.108093261719 282.991424560547 282.570343017578 276.299194335938 273.486999511719 -9999 273.379638671875 273.12646484375 277.365905761719 276.289916992188 279.95654296875 282.478851318359 284.423828125 285.806274414062 286.219940185547 286.525909423828 286.784851074219 286.259124755859 285.9921875 286.770812988281 286.358062744141 282.462463378906 275.964477539062 271.931976318359 276.010528564453 277.953735351562 276.576324462891 276.511840820312 270.03076171875 267.375 270.265380859375 270.677215576172
279.569061279297 280.418395996094 280.601715087891 280.566833496094 280.871368408203 280.720031738281 280.810150146484 280.273345947266 280.420074462891 281.112854003906 281.925476074219 282.713439941406 282.617889404297 282.528289794922 282.885864257812 281.327178955078 281.200103759766 282.904632568359 283.387115478516 283.390106201172 281.344421386719 276.779113769531 273.18115234375 275.462982177734 275.056060791016 274.110687255859 277.878051757812 271.802795410156 277.499420166016 281.421508789062 282.649688720703 282.2626953125 284.899017333984 286.708953857422 286.212890625 286.252746582031 286.315216064453 285.571411132812 285.947174072266 285.541351318359 277.131958007812 274.189361572266 277.114135742188 280.977844238281 279.797729492188 276.959747314453 267.081512451172 259.478363037109 262.130767822266 265.88037109375
279.77001953125 280.330474853516 280.678375244141 280.852874755859 280.942474365234 280.658233642578 280.485382080078 280.249725341797 280.594116210938 281.310760498047 281.900268554688 282.381896972656 282.394805908203 282.745788574219 282.984252929688 281.720123291016 281.506561279297 283.099334716797 283.648193359375 283.268402099609 280.736785888672 277.192810058594 274.117889404297 275.672485351562 276.717376708984 276.251556396484 278.750091552734 272.755279541016 277.157958984375 280.377807617188 280.259338378906 278.032531738281 282.720825195312 286.796356201172 286.607940673828 286.895050048828 286.852233886719 285.003112792969 285.413940429688 287.328155517578 279.159393310547 278.952453613281 281.219360351562 282.311401367188 281.689422607422 276.328002929688 264.380920410156 252.475601196289 250.989532470703 256.118316650391
280.140228271484 280.729614257812 280.869720458984 280.951385498047 280.809356689453 280.506195068359 280.676483154297 281.071380615234 281.122680664062 281.112152099609 281.840667724609 282.102844238281 282.11279296875 282.302368164062 282.772705078125 282.897644042969 282.5927734375 283.657073974609 283.840301513672 283.181701660156 282.296600341797 279.682373046875 275.798980712891 274.462158203125 276.618682861328 277.746459960938 281.454895019531 281.538391113281 279.1708984375 278.730255126953 281.769134521484 279.005523681641 280.531555175781 286.27734375 287.641052246094 287.765869140625 287.608734130859 287.501342773438 286.700347900391 286.813537597656 286.356628417969 285.841491699219 287.596496582031 288.203002929688 286.155609130859 278.692932128906 269.079956054688 258.421997070312 253.118530273438 257.715667724609
280.483489990234 280.751190185547 280.689056396484 280.504669189453 280.321258544922 280.399169921875 281.300170898438 281.451812744141 281.158416748047 281.193267822266 281.75830078125 281.958984375 282.167175292969 282.441680908203 282.948669433594 283.030029296875 283.138763427734 283.778076171875 283.753234863281 283.375427246094 283.007293701172 280.385589599609 276.841125488281 275.492584228516 277.303588867188 277.86083984375 279.881256103516 282.956359863281 281.453796386719 279.940826416016 281.673004150391 278.360321044922 280.124145507812 286.616638183594 287.390777587891 287.486358642578 287.782836914062 288.023590087891 288.04541015625 288.039581298828 288.392486572266 288.158477783203 288.318389892578 288.682678222656 287.027954101562 280.800415039062 271.673126220703 264.585296630859 263.655181884766 268.516143798828
281.010833740234 280.817810058594 280.49072265625 280.361053466797 280.538696289062 280.982727050781 281.620727539062 281.470245361328 281.3583984375 281.572296142578 281.665466308594 281.753936767578 282.321685791016 282.660308837891 283.161437988281 283.507629394531 283.703430175781 283.749877929688 283.488220214844 282.992858886719 282.992401123047 280.813781738281 279.106964111328 278.213134765625 278.209533691406 278.483306884766 280.548400878906 284.586883544922 282.837738037109 280.439758300781 281.287231445312 277.492248535156 277.923736572266 285.463287353516 287.62158203125 287.653686523438 287.679229736328 287.854125976562 288.3037109375 288.404724121094 288.24462890625 288.638641357422 288.65185546875 288.711395263672 288.292663574219 285.150085449219 275.117767333984 267.875061035156 271.2607421875 276.794250488281
280.771057128906 280.560455322266 280.703979492188 281.038513183594 281.206787109375 281.174896240234 281.458374023438 281.582855224609 281.831726074219 281.843627929688 281.599822998047 281.739685058594 282.455108642578 282.827575683594 283.097045898438 283.720001220703 283.892730712891 282.910827636719 282.7353515625 282.631561279297 282.430633544922 282.644195556641 281.887084960938 280.750701904297 279.607940673828 279.221252441406 282.121276855469 285.604644775391 279.647064208984 273.899017333984 275.336334228516 277.825439453125 275.155883789062 280.967681884766 287.608734130859 287.953796386719 287.810150146484 288.015472412109 288.268646240234 288.330352783203 288.140747070312 288.458282470703 288.671142578125 288.727630615234 288.840881347656 287.622253417969 281.928253173828 275.29345703125 276.37158203125 281.757385253906
280.769134521484 280.884429931641 281.201263427734 281.094635009766 281.155853271484 281.039215087891 281.520568847656 282.076324462891 282.107482910156 281.783752441406 281.507659912109 281.674560546875 282.355316162109 283.090423583984 283.264343261719 283.614959716797 283.610931396484 282.467834472656 281.843933105469 281.52587890625 282.874725341797 284.536590576172 282.378662109375 280.827819824219 279.482421875 278.434783935547 282.009796142578 285.442535400391 274.840942382812 273.581848144531 275.654174804688 281.387390136719 278.985961914062 281.074401855469 287.294555664062 287.809631347656 288.144805908203 288.364288330078 287.758514404297 287.725463867188 288.153900146484 288.343017578125 288.742889404297 288.754333496094 288.839019775391 288.177001953125 285.858093261719 279.441070556641 277.443969726562 282.81787109375
280.453521728516 281.049499511719 281.302795410156 280.760009765625 280.696899414062 280.733581542969 281.357299804688 282.158599853516 282.308868408203 281.843444824219 281.632629394531 282.032928466797 282.630798339844 283.096160888672 283.520294189453 283.709899902344 283.383697509766 283.048431396484 281.469909667969 280.819152832031 282.990051269531 284.782104492188 283.884918212891 282.60546875 279.177703857422 277.632446289062 280.110717773438 283.828033447266 279.764312744141 280.282745361328 280.354675292969 283.772613525391 284.965698242188 283.641876220703 285.999053955078 288.003662109375 288.388427734375 288.439392089844 286.940734863281 286.51220703125 288.465515136719 288.494201660156 288.837829589844 289.091033935547 289.066070556641 288.880889892578 286.279724121094 278.631195068359 275.435760498047 281.235504150391
280.206481933594 280.480224609375 280.892181396484 280.939361572266 280.669403076172 280.7333984375 281.600830078125 282.330718994141 282.709259033203 281.988037109375 281.626617431641 282.343933105469 282.793212890625 283.020080566406 283.56982421875 283.902404785156 283.692077636719 284.029571533203 283.542297363281 282.861022949219 283.759887695312 284.96533203125 285.301818847656 285.040405273438 283.132629394531 281.108764648438 280.555725097656 282.888763427734 286.007873535156 285.199523925781 284.539703369141 285.901428222656 287.412689208984 285.382995605469 285.960083007812 288.345062255859 288.324401855469 288.073669433594 287.205688476562 286.891723632812 288.510437011719 288.454345703125 288.898376464844 289.3271484375 289.396911621094 289.327026367188 286.401519775391 278.011840820312 271.913360595703 277.814422607422
280.807800292969 280.610168457031 280.559417724609 281.079132080078 281.194122314453 281.102142333984 282.074279785156 282.669891357422 282.934906005859 281.724060058594 281.621398925781 282.671752929688 283.165283203125 283.511199951172 283.86865234375 284.168975830078 284.006164550781 284.394134521484 284.784912109375 284.672210693359 282.758880615234 283.513336181641 284.922271728516 285.175598144531 285.808227539062 285.140960693359 284.316101074219 284.886260986328 286.924133300781 287.086059570312 287.232666015625 287.644317626953 287.794342041016 286.736053466797 286.782989501953 288.159332275391 288.107727050781 287.962005615234 288.309326171875 288.378387451172 287.699676513672 287.98828125 288.634674072266 289.211791992188 289.219085693359 289.361145019531 287.547393798828 279.565643310547 269.665618896484 271.74609375
281.615173339844 281.256958007812 280.905242919922 281.105773925781 281.491851806641 281.749877929688 282.314361572266 282.864135742188 282.885650634766 282.353820800781 282.362457275391 282.805480957031 283.114501953125 283.420562744141 283.925109863281 284.166717529297 283.971832275391 284.290191650391 284.636077880859 285.185119628906 284.001037597656 284.211791992188 285.251739501953 285.412139892578 285.844146728516 285.790405273438 283.892486572266 282.346496582031 285.221069335938 285.259246826172 284.363372802734 285.359222412109 283.654479980469 284.67333984375 287.123870849609 287.648681640625 288.052398681641 288.221252441406 288.719268798828 288.863830566406 287.058502197266 286.834777832031 288.290588378906 289.340667724609 289.2822265625 289.431274414062 288.666259765625 281.504241943359 271.643280029297 268.384979248047
281.824096679688 281.490631103516 281.196197509766 281.533508300781 281.750549316406 281.929321289062 282.694396972656 282.468505859375 282.491302490234 282.751434326172 282.7197265625 282.5107421875 282.836364746094 283.168701171875 283.508972167969 284.015838623047 283.871154785156 284.247497558594 284.728393554688 285.194915771484 283.965118408203 282.908355712891 284.591766357422 285.619781494141 284.426055908203 284.557220458984 282.813659667969 278.681365966797 282.244415283203 285.024322509766 280.869140625 280.970794677734 281.081665039062 283.127960205078 287.416900634766 286.963012695312 287.397491455078 288.269561767578 288.568084716797 288.804656982422 288.260162353516 286.745758056641 287.726715087891 289.501892089844 289.479797363281 289.341827392578 287.914428710938 281.573303222656 275.658203125 270.990203857422
281.787231445312 281.592651367188 281.242523193359 281.905975341797 282.325164794922 282.168487548828 282.830139160156 282.538055419922 281.684936523438 282.063262939453 282.528839111328 282.722991943359 283.24169921875 283.261169433594 283.557586669922 284.1875 284.329742431641 284.504486083984 284.451202392578 284.834838867188 284.208587646484 283.343597412109 284.44189453125 283.315216064453 281.45947265625 281.270843505859 280.4462890625 278.491943359375 279.329284667969 283.868011474609 277.928863525391 276.073608398438 279.884094238281 282.016662597656 285.938781738281 286.395538330078 286.651123046875 287.77099609375 287.068603515625 286.692321777344 289.357971191406 288.446746826172 288.666107177734 289.706817626953 289.631408691406 289.083251953125 288.063385009766 284.507446289062 279.028167724609 275.511871337891
281.829071044922 281.756896972656 281.898223876953 282.339263916016 282.587799072266 282.584564208984 282.338104248047 282.334716796875 281.607452392578 281.769104003906 282.501739501953 283.354888916016 283.701873779297 283.412963867188 283.820495605469 284.089447021484 284.482940673828 284.610595703125 283.890014648438 284.416168212891 285.268920898438 285.074157714844 283.355499267578 282.044647216797 280.863372802734 278.283813476562 277.912841796875 278.098846435547 274.906433105469 279.519226074219 276.246246337891 271.097229003906 275.909515380859 279.390563964844 283.08251953125 284.399749755859 281.638946533203 283.375701904297 286.101684570312 284.600982666016 288.956604003906 289.378967285156 289.499298095703 289.637573242188 289.614105224609 288.75634765625 288.829528808594 288.804016113281 284.361633300781 280.521087646484
281.758087158203 282.092651367188 282.405181884766 282.5107421875 282.838806152344 283.059997558594 282.888732910156 282.895843505859 281.882049560547 281.567535400391 282.614227294922 283.357604980469 283.748840332031 283.953460693359 283.854309082031 283.958129882812 284.064697265625 284.212493896484 284.228210449219 284.316711425781 284.746490478516 285.261413574219 283.863922119141 283.5517578125 282.507141113281 278.198669433594 275.044525146484 275.742584228516 272.802673339844 273.871398925781 276.308654785156 269.9365234375 269.351684570312 276.904052734375 278.478210449219 281.477691650391 280.020355224609 276.290954589844 281.509582519531 285.715026855469 284.735443115234 288.831451416016 289.708862304688 288.218048095703 285.988586425781 287.479736328125 289.908508300781 289.976806640625 289.875152587891 289.759216308594
281.822296142578 282.030792236328 282.273895263672 282.361480712891 282.416687011719 282.505737304688 282.54736328125 282.774108886719 281.690490722656 280.358123779297 281.923492431641 283.495971679688 283.799713134766 284.206512451172 284.242034912109 284.046142578125 284.024688720703 283.577056884766 284.781097412109 284.884033203125 284.742980957031 285.176696777344 285.084808349609 281.869354248047 281.158050537109 280.287322998047 278.128295898438 277.605804443359 275.386474609375 274.932891845703 276.075439453125 269.723815917969 266.834838867188 274.078918457031 276.114318847656 278.71728515625 281.829437255859 275.067901611328 274.958587646484 283.661804199219 284.929351806641 287.475036621094 289.411376953125 289.17919921875 287.584899902344 286.761993408203 288.729156494141 289.899353027344 289.760131835938 289.931274414062
281.822052001953 281.977783203125 282.225555419922 281.908081054688 281.900634765625 282.370086669922 282.361938476562 283.061737060547 282.566528320312 281.722442626953 282.744293212891 283.534820556641 283.745971679688 284.237945556641 284.40673828125 284.001861572266 283.809844970703 282.43896484375 283.996398925781 285.236358642578 285.148284912109 285.392944335938 285.421264648438 282.952270507812 280.654815673828 280.790771484375 279.890655517578 277.748565673828 275.528656005859 274.467315673828 272.940368652344 264.967407226562 263.223266601562 270.969146728516 276.637939453125 276.693786621094 280.176910400391 277.540618896484 268.930725097656 274.818115234375 287.092071533203 287.579315185547 289.284698486328 289.364624023438 289.451324462891 287.671569824219 287.645477294922 288.802215576172 288.981872558594 290.055419921875
281.564086914062 282.0166015625 282.314025878906 282.219329833984 282.177734375 282.319610595703 282.516204833984 282.978759765625 283.197784423828 282.891906738281 283.479522705078 283.620513916016 283.688201904297 284.042236328125 284.3779296875 284.349395751953 284.230407714844 282.246276855469 283.281585693359 285.124603271484 285.131713867188 285.226104736328 285.475555419922 285.34130859375 281.704345703125 281.703430175781 278.734405517578 274.822784423828 274.597412109375 274.401916503906 273.999877929688 267.729339599609 264.416625976562 268.626617431641 277.167236328125 281.016357421875 281.221984863281 280.82177734375 271.825653076172 268.432006835938 284.747161865234 287.542846679688 288.233917236328 289.158142089844 289.296508789062 288.709503173828 287.210083007812 286.321594238281 286.945129394531 288.192993164062
