rcp4.5models/MPi_ESM_LR/sc1gr1.7
NCOLS 261 
NROWS 433 
XLLCORNER 336357.134 
YLLCORNER 654653.479 
CELLSIZE 1000 
NODATA_value -9999 
[rows 308 to 329 of 433, columns 50 to 99 of 261]
61.2768328561786 61.1161662228754 61.4471463488676 61.6960728416984 61.5111272707025 61.6415184071927 61.2891801203634 61.5848569143373 61.5237487618365 61.5848645021807 61.6765004342424 61.6995595195519 61.6039603555452 61.290088072084 61.0224755197645 60.7521720168356 60.8026005391755 61.106053833713 61.2481900328656 61.1388126087935 61.1183694370785 61.2111655013165 61.2764007417128 61.4343766748155 61.5739712914373 61.7017023193129 61.6900142357401 61.6177332609476 61.4833957373257 61.1266081056171 61.2464281083635 61.3133481598663 61.2973976828276 61.1003878467607 61.2792212482328 61.204794585442 60.9994723143302 61.3158007438203 61.5326599871294 61.4587485624243 61.4330655487812 61.525125638333 61.6590971497589 62.1789033144048 63.3935890654499 64.2318048323707 64.3885792592529 64.2836602376331 64.2145121157167 64.272739703446
61.1273350578094 61.3182526433041 61.5570014100155 61.7445992785641 61.8275079959835 61.7893352266409 61.2940667877336 61.2776491317675 61.3559822348337 61.3405022329811 61.5736228123884 61.6270803133164 61.7294875118983 61.7814906170799 61.4244970455277 60.9326771484297 60.748777742118 61.1236370766997 61.0327759579859 61.1498934868197 61.2503328989304 61.3254824331545 61.5145777579927 61.2733762022681 61.3058997933376 61.725741617751 61.9618005151356 61.8546312637085 61.5624854204112 61.4269261572569 61.3476766090984 61.5086968300443 61.4541609396577 61.189921716921 61.3410869770082 61.6487688570894 61.466148827215 61.5357166514189 61.609443575924 61.6783305554049 61.3149484355642 61.7610921946031 62.0658529054046 62.5118096249596 63.6107596185635 63.887350184791 63.7902437861964 64.2517785372232 64.0876690893029 64.1033855474308
61.1855864649818 61.5941897424409 61.6796726997851 61.6541721641332 61.73509668354 61.3247611229603 60.9760541300879 60.8463746734707 61.3776789141477 61.6708989192556 61.6200856869585 61.4472427207199 61.5556177507347 61.7271304281546 61.3749521677335 61.0750347194961 61.0978570744589 61.4163444624917 61.3955978774948 61.6654776905213 61.6113106197587 61.4341311699026 61.1327779887411 60.9466033715341 61.4214134843344 61.7303909895994 61.9118579341915 61.889068841112 61.7005282462076 61.7765446419978 61.5205743775429 61.4761568665573 61.4607239723214 61.3552715579605 61.4508119633445 61.8141459076312 61.5042514833061 61.1650354801807 61.5399942669373 61.6684179373072 61.4045193053196 61.8803379467953 62.2393648790819 62.6928670157443 63.2805342346383 63.2234209358996 63.1506857720835 63.530492330896 63.2107407212101 63.1176063722093
61.130907237363 61.5267209391032 61.5094460074569 61.5018201228127 61.6585620604457 61.5682745924149 61.1679408579599 60.8082938442361 61.2633350488091 61.7744025761294 61.473626143076 61.4959133577396 61.8100752804374 61.6747901031779 61.2580331045738 61.170922576205 61.3828307653028 61.4772824779817 61.4833016154495 61.5286907874225 61.6443454560417 61.7620894388459 61.3826772766384 61.2793011882846 61.4292102488155 61.6802488118924 61.7868066692846 61.4861315930214 61.3615188186824 61.7914922324668 61.8024114338636 61.5445352665037 61.4305612835749 61.6143513097973 61.5996534051773 61.7415150776905 61.5603602066982 61.3725784720136 61.6152857942077 61.6091901692274 61.6083662254192 61.8802966906147 61.9689055696737 62.3851376222677 62.6487058993492 62.3706873507076 62.4218080946457 62.4466749286497 62.0890933610972 61.7289075292516
61.3321647804647 61.4332742277558 61.65409291253 61.4223133155557 61.4951955966958 61.6014414073341 61.585948085649 61.2455042824794 61.3671623180751 61.5864283768862 61.3054454019848 61.5464745423955 61.6556181116682 61.3409911249876 61.2721797329532 61.2463881146145 61.5174268316826 61.2776423519217 61.5240345100214 61.5350928924012 61.6410751187806 61.7731494604713 61.6169005733323 61.5737363504413 61.5032860224268 61.687498162202 61.6641228521788 61.2899168182406 61.6521676794941 61.9843471840097 61.8073772244936 61.6118460863285 61.7129317689836 61.8626239249097 61.5569801112758 61.5490746775524 61.7794272317795 61.784925792526 61.4542118861068 61.4548080472241 61.5307672531764 61.8437058811415 61.7634314354307 62.0208175446334 62.0655923904273 61.7948431370658 61.7364392596747 61.8184876385829 61.8402779220885 61.5817274980597
61.4829515459805 61.4237219725117 61.2173704558649 61.2854153409193 61.5837610070445 61.6033578526472 61.7683824600945 61.9890197643544 61.7033950039737 61.4555375735288 61.4263386248761 61.6010161364521 61.6551972782689 61.6174502768844 61.6219425766591 61.7122711093279 61.6209302872921 61.6056953847393 61.9106381110401 62.0493861251936 61.89325393481 61.6144454815469 61.8556030617139 61.7319410031385 61.1478174828791 61.1601220422235 61.471013105389 61.8790402833147 61.7764653630497 62.0268971817381 61.8973484387084 61.4440955256182 61.3661636048992 61.480750783724 61.4261856957552 61.5708403634095 61.6014203931029 61.3169921175905 61.4139928208561 61.7407326886447 61.8434010550962 61.8890615034364 61.9866059075628 61.9051040650231 61.8285993617294 61.6793194422807 61.7683087346913 61.7736927863826 61.4916640643654 61.5979598587721
61.8614050096084 61.3788808134284 61.1312165597374 61.4413758511465 61.7811397850397 61.9151248616689 61.5188007063974 61.8686927090621 61.7994148324363 61.6612397519934 61.5071078729654 61.5125761634513 61.7044353215376 61.7537127192682 61.7393484761737 61.7174703162232 61.5253741881578 61.4230364061767 61.5378140533025 61.6726588938414 61.9602465800595 61.8402501769085 61.7781908634855 61.8592807417584 61.4165860854321 61.4110660848174 61.8329369577282 61.6829350473614 61.6354759256014 61.6192566021336 61.8891980853156 61.9211407251796 61.759540423145 61.7668561910948 61.5997260333299 61.5657368649565 61.5322286726083 61.5308846921011 61.748384587332 61.7043551919527 61.630579927425 61.5866934085672 61.6482966442692 61.8544630243819 61.8104680452233 61.9128804242752 62.0847367830626 61.7260848070285 61.6413117694637 62.0236741373691
62.0389658794486 61.4607280165948 61.0103367277267 61.2712744231771 61.7242507479221 61.963182876184 61.5355391900469 61.8111557422942 61.747459470705 61.7797315440505 61.7292712613281 61.8151206872926 62.0128654591651 61.6410623368092 61.6080804580888 62.0188366629328 61.987110117494 61.35931529439 61.4546150247203 61.6005507587425 61.7589109596438 61.731732156095 61.6024395883348 61.7371338238462 61.4258454044026 61.4618244682571 61.8795777338162 61.6712736571813 61.9906977577219 61.9236438235193 61.8200553991686 61.7654878301872 61.9116400104095 61.8515550773863 61.8660137233594 61.9896472727506 61.9189918471572 62.1036184074378 62.2453114657067 61.8712692454643 61.9298751127144 62.041304064984 62.1573616212508 62.2440046661876 62.5186135271123 62.5386668534659 62.3052646632898 62.0275726030971 62.0528969988579 62.4535041221335
62.1878323387698 61.6470700015771 61.2523870305609 61.4553366141553 61.7485416163691 61.8613951706046 61.7077135021736 61.7548788731889 61.855525295606 61.6885406038173 61.3990835845514 61.4168799681172 61.6396335973952 61.5633717499634 61.7645212803981 62.0864922979358 62.0958014865978 61.4418591969913 61.4730514411523 61.6659890496947 61.8040117324614 61.77453434918 61.7054415948913 61.847955686364 61.7094232698997 61.6996192033325 61.8726572754991 61.8005045040109 62.0311520478268 62.030436341372 61.9229124200883 61.911506913111 62.0069761082492 61.9328676061322 61.9472939663969 62.2253239081668 62.1235222269845 62.1302295893133 62.2407589570748 62.1772342793764 62.2823138509401 62.3340067768456 62.6404671599951 62.9864445225453 63.4348535705911 62.9410192853941 62.4314352412716 62.4599727448969 62.3606016950385 62.5251371014127
62.4352681293187 61.8559222324445 61.6013296474377 61.5336080226149 61.5083684176432 61.7773452764146 61.9024423432094 61.6824425487418 61.7442178933899 61.7414314245973 61.7436992129569 61.5505798124367 61.3745062850652 61.6389838008828 62.159491796773 62.1108910963285 61.9105564309954 61.4565065807531 61.7018890562475 61.8298952792777 61.91346296108 61.9892113087739 61.9225487218211 61.985211399882 62.1086737600066 62.1215388007314 61.9812383428055 61.8323692577444 61.9102183820691 61.8963984616825 61.8628427999799 61.8709955260968 61.8623068245543 61.9212043492141 61.9840076866934 61.9646266423957 61.913927382045 61.8885685144169 61.8015970919197 62.0237422585328 62.1338697250615 62.4547862386819 62.8141398050594 63.312432174807 63.375036703793 62.7763527791526 62.4189678842612 62.3998756418182 62.5100477016106 62.4900346135621
62.1768260439166 61.8540447766216 61.9668794128294 61.8090782741405 61.5233343036975 61.5374220366866 62.0615956824719 61.8396190496875 61.6893175655106 61.7823004771724 61.9283981332378 61.9515369323139 61.8972162073555 61.9528798024395 61.9511690170123 61.7330868288625 61.5870575917906 61.5448390833426 61.5886071057446 61.8956900013035 62.2201653711614 62.1275684840306 61.9148519791639 62.058872886662 62.0320406622886 62.0113050715479 61.9279960284866 61.8791906229797 61.9782138915326 62.1863365180733 62.1011942520218 62.0774298124022 61.9832017511046 62.0531390599273 62.0948986921777 61.9422679592108 61.9633052964327 62.3015511478598 62.2721531163809 61.968555145143 62.0212613253534 62.6075394312761 62.8473430421606 63.0235255257834 62.6985416472687 62.3685848966999 62.2025870609033 62.2948230308014 62.7713304430811 62.9354502046159
62.3461310531616 61.9828540469613 61.793865957218 61.7503128513649 61.9556165712706 61.7094475876692 61.8055295207035 62.0569383719131 61.8244660534099 61.6155772908833 61.8487545592823 61.9602713522144 62.0851848059574 62.0680835273257 61.8202564129888 61.9228741075207 61.9509687870705 61.6027113778132 61.3882844180226 61.8183318583628 62.0292008315048 61.8110863983427 62.046013601727 62.2012380197685 61.9235179173942 61.9752611713744 62.0051431520199 61.9617445281578 61.8759798006656 62.1463825538919 62.3672977056435 62.4481878818381 62.2782227886866 61.9977872099782 61.7463766450889 61.868864322585 61.9595087340391 62.1996659190857 62.3963857922426 62.3534842609698 62.0316754097335 62.4347946903429 62.5928344936122 62.5643943313478 62.2743483241899 62.289654780055 62.2382247364533 62.265103909447 62.8447699605552 63.2687255932736
62.2983851804437 61.7614251559633 61.4523882360161 61.6561817091813 62.1764823689209 62.0528744121565 61.6943986944307 62.3394307244016 62.4647252125948 62.0459761189605 61.9647138378102 61.9011861708903 62.0314746245299 62.1632066628363 62.0239557739316 62.1591723103182 62.1829644715581 61.6929120269374 61.5409319793064 61.8225304326517 61.826437499231 61.8031342388075 62.1152194720532 62.2763033374178 61.9669978174497 61.9093883451117 62.1414927281055 62.0084989245413 61.7099927189186 62.120397829469 62.2328461732264 62.0051914495304 62.0918862071309 62.1355081557175 61.8102044156467 61.693999552186 61.9691819140908 62.0926408026641 62.4953469048232 62.534665023593 61.8740706598612 62.2138194061617 62.4688805456569 62.6028827276873 62.3964424122041 62.1459252188582 62.2595151692406 62.3905900398723 62.6592373719053 62.8441099394324
62.109287137258 62.1278298000313 62.0654676655504 62.03541525125 61.8597511852389 61.9597889643513 62.1253507597341 62.3190721023264 62.380428827605 61.9761190490514 61.7875685477485 61.7856497690462 61.8919006968303 62.1939796866324 62.1059441266703 61.9856828069808 61.9559097266888 61.7133854609216 61.7206975190326 61.9989086973304 61.922790063792 62.063269504518 62.0980806413775 61.9962652074229 61.8994217988607 61.8514766561996 62.0282617367639 61.9355664379847 61.7862014359696 61.9972977410314 62.1668970172066 62.1460122000054 62.1159274411045 62.2334728573181 62.3118849283843 62.2912120043915 62.2296897878854 62.4435159142991 63.0068134918937 62.581153898487 62.0833098007671 62.5858482482749 62.5804095741907 62.465774686663 62.4243247586538 62.1434946464998 62.0057903369584 62.2866336356491 62.5881942054614 62.6522755395541
62.4892171390319 62.4421162793955 62.1919577686056 61.9653849791827 61.6105818580943 61.788361038895 62.4660740789429 62.4023482984972 62.2115292102328 62.0406002313298 61.9393019646263 62.0043603119342 61.9902957146767 62.0850278191181 62.0565813482772 61.8975565685242 61.8515226667752 61.8259455547144 61.8652048545671 62.0954030632345 61.9927198170702 62.0159346667526 62.2316018454003 62.1497118336 61.9691591489274 61.9285505598715 62.0839226531554 62.0089132497637 61.7955502151235 61.7870042412246 62.2151527527938 62.6263077359741 62.585228210849 62.1693329372551 62.0771611910523 62.3835946893651 62.3592425364295 62.3705820335583 62.5762462415354 62.5467515135217 62.2068852692732 62.4778071634191 62.6478100813815 62.773586451845 62.3825628458474 62.2527282021286 62.4982521584345 62.4999194462016 62.4556702525733 62.5757751750028
62.6736468119392 62.5412534197495 61.8210643101753 61.6454389205743 61.7714249713678 61.9409602320985 62.3484596392808 62.2528832076443 62.1646384764429 62.2361321603129 62.1566186534116 62.1569285926549 62.0939980079538 62.0406248425635 62.0977694848491 61.9311724735811 61.9720259871394 61.9666201969731 61.9361555243228 62.02707721222 61.9869086082111 61.8176495951397 62.1224103817603 62.089338072939 61.8677613445362 61.9148959601114 61.9811196721112 61.9443548276343 62.0019414716249 62.161766690053 62.3600915506918 62.2417172286705 62.3519732414326 62.0977117445175 62.082972511848 62.3674555299237 62.4767699809169 62.2374591228721 62.2393917202176 62.684535593425 62.1653198250615 62.2214689679256 62.5700791259753 62.7087710191059 62.1425284127996 61.9490522484947 62.341348538754 62.7014458857031 62.8702318929888 62.7465216836395
62.8721642803094 62.3858666306304 61.8037711497341 61.697656191095 61.8402793312314 62.1205323436532 62.2463906968229 62.0862464741571 61.9019139085229 62.0405159277365 62.0212288081104 61.9718333173262 61.8397030812178 62.2172083639891 62.4015915710298 62.1412693512833 62.0919071645582 61.8307188999242 61.9822033677388 62.1542077942004 61.990048391118 61.9599627986387 62.1074722872328 61.9692075508794 62.0587945921299 62.1634928303905 62.0742806264736 62.0156800570607 62.2261242653072 62.5745323751423 62.4233779120554 61.9271431436259 61.9779849845581 62.1206683601036 62.4330258849971 62.7353351471543 62.9227190474119 62.7979915218541 62.5972869800284 62.4555986651516 62.2280258521226 62.2293062151176 62.2697568377985 61.9436319516167 62.1563735544916 62.4958738804311 62.5415533551991 62.8615838522412 63.0230394570017 63.0584617929718
62.2703594002684 62.325181461401 62.4215079308343 62.1953929299314 62.0945140268329 62.0392928074247 62.306552326143 62.2058700859672 62.1240537123994 62.142479688574 62.0937770302834 62.0648926014548 62.0245653939858 61.9459760049036 62.1047262477523 62.1661224161082 62.0143931061528 62.1498419937643 62.0913882898378 62.1091199048777 62.2150682894569 62.2038540841391 62.2390211315607 62.0126217730641 61.9611625365114 62.3122489799942 62.2299361582471 61.9403461776289 62.1478981958007 62.2186651527791 62.3530603430387 62.3993982602429 62.166194156646 62.1542995171122 62.6161590726842 62.6817803583399 62.6446733954489 62.7862238076046 62.8372795336703 62.5505874946197 62.727125816454 62.4566006881173 62.52389127502 62.6227626639679 63.0668788609839 62.8465828059682 62.4495755212737 62.7172290115434 63.0446729040367 62.7822952348879
62.2948615365477 62.3392299047935 62.5533500744132 62.2114830244273 61.9863157631373 62.1308333532414 62.3752856927653 62.1964099520412 62.0860709284081 62.1304760141249 62.0536309477637 61.9968678672969 61.9879380790673 61.99497342532 62.0431679393311 62.2080745269841 62.0532897651783 62.0153693014609 62.1433390638142 62.2262829581869 62.3913447525209 62.2795823367865 62.1381033509752 62.386487878244 62.250780305932 61.9487942582496 62.1516780839268 62.0828909085055 62.3637247483398 62.3196046961799 62.201128672455 62.4036659196129 62.4745924096905 62.3639413479604 62.6720399395761 62.7345831078873 62.6972110320807 62.6237571804684 62.4874887870575 62.5115634562294 62.519668219083 62.5724204241655 62.5336965219966 62.6028266230308 63.058496935445 62.9586105422923 62.9176885306706 63.311037678465 63.0869149368252 62.6609471940863
62.6571732685744 62.3288803481106 62.5251745617271 62.4523183371927 62.0148992804942 61.9254716001198 62.3632807952462 62.2425854915941 62.407559290865 62.2740825108747 61.9239416426675 62.0368748693841 62.0333319758232 62.1177824246521 62.3976819943926 62.3976850942024 62.23121281847 62.0873157751134 62.2728206098336 62.3226585467541 62.4551671111929 62.5458709334856 62.2986766595601 62.4699917835716 62.5379475083891 62.0543315737828 62.044494923488 62.1223749472303 62.3500642166353 62.2851916405914 62.2950527992671 62.5747400579341 62.8291093965065 62.5460054128751 62.6980812404424 62.9966615538387 62.7419641134449 62.4905550482885 62.2887755409361 62.5332055290782 62.2856953682545 62.5023001536473 62.7357232456329 62.9574018129271 63.1022003322741 63.1354194447444 63.1124245010851 63.2721479544005 63.1046624041983 62.8235960822299
62.7483469397403 62.5682187305487 62.5112830211265 62.3137809144776 62.1796935929211 62.1470670184421 62.3595338503924 62.5159736507501 62.5129019784484 62.073352410474 61.8472048072813 62.0728115984208 62.2606416528221 62.3986164299835 62.5584738992441 62.396307733237 62.1137272397707 62.1417860743885 62.263643910847 62.2556741595118 62.3859503903003 62.5874946619889 62.3646225668437 62.3382509867475 62.4331818675261 -9999 62.2733348579277 62.2004425279688 62.4503833297899 62.3469831143074 62.2618073303986 62.3480984436417 62.4874049819881 62.647198040376 62.8342702647278 62.9419761629783 62.789783511723 62.8721465270783 62.8009705065663 62.7566493573871 62.2952450146942 62.5677753925972 62.9142161165099 63.1883779951072 63.0894963280052 63.1666182899693 63.0563320626045 62.9885176801045 63.1018873645464 63.2774163417891
62.8836251011957 62.7868342673683 62.5344064842636 62.5260867459504 62.4582800836932 62.3750737084641 62.3519101506454 62.4094102858185 62.2033714275921 61.9944915627109 61.9656217498813 61.9961784631273 62.2759708690544 62.4128726892207 62.3511089490882 62.2702054361763 62.0509605875883 62.309535949482 62.2657512545452 62.1533130017544 62.2365545748073 62.4860340347536 62.5832667747418 62.5578679524421 -9999 62.2290824130186 62.3252817813446 62.4679109446997 62.6360057195506 62.4174616959979 62.1593074073712 62.1091604003831 62.3934652320083 62.8137765807814 62.9870362330314 62.8665843508752 62.4893201693504 62.6557735032462 63.0199165501691 62.9651408246614 62.4896937666142 62.7089819227753 62.9587390696039 63.1460308833956 63.1422456262837 63.1232926051612 63.1123649179035 63.015337370136 63.2786176651462 63.8693113912483
