rcp4.5models/MPi_ESM_LR/sc1gr4.29
NCOLS 261 
NROWS 433 
XLLCORNER 336357.134 
YLLCORNER 654653.479 
CELLSIZE 1000 
NODATA_value -3.4e+38 
[rows 242 to 263 of 433, columns 196 to 244 of 261]
281.711273193359 282.331298828125 283.366943359375 284.222717285156 284.871368408203 285.432342529297 285.682861328125 285.406677246094 285.390808105469 285.894714355469 286.232086181641 286.892913818359 287.089050292969 287.148284912109 287.225158691406 287.376678466797 287.942016601562 288.191833496094 288.543762207031 -3.4e+38 -3.4e+38 288.319061279297 287.726989746094 287.918548583984 288.571441650391 288.560150146484 288.607421875 288.41796875 288.954772949219 289.226837158203 289.866973876953 290.13330078125 290.2451171875 289.880859375 289.446960449219 289.771514892578 290.040100097656 290.343841552734 290.351318359375 290.353881835938 290.564270019531 291.197662353516 291.170318603516 291.121917724609 -3.4e+38 -3.4e+38 -3.4e+38 -3.4e+38 291.270477294922
281.927703857422 282.806976318359 282.991821289062 283.346374511719 283.898254394531 284.344604492188 284.662689208984 284.719696044922 285.472473144531 286.148651123047 286.549285888672 286.975677490234 287.090026855469 287.405426025391 287.641754150391 287.555969238281 287.919006347656 288.002227783203 288.364868164062 -3.4e+38 -3.4e+38 288.130279541016 287.611938476562 287.700103759766 288.061767578125 288.376403808594 288.253021240234 288.018890380859 288.631286621094 289.117492675781 289.418792724609 289.485168457031 289.317749023438 288.986724853516 289.484130859375 289.740783691406 290.080505371094 290.376403808594 290.393280029297 290.353485107422 290.345794677734 290.632843017578 290.797943115234 291.094940185547 -3.4e+38 -3.4e+38 291.071594238281 -3.4e+38 -3.4e+38
282.599090576172 283.197296142578 283.151947021484 283.670043945312 283.830322265625 284.025085449219 284.529998779297 285.365936279297 286.018859863281 286.400604248047 286.660217285156 287.319854736328 287.320587158203 287.267547607422 287.640258789062 287.748382568359 287.934448242188 288.053314208984 287.645568847656 288.049438476562 -3.4e+38 -3.4e+38 288.169677734375 287.652954101562 287.508605957031 287.963836669922 288.147308349609 288.366394042969 288.375274658203 289.065765380859 289.404479980469 289.231109619141 288.8193359375 288.845031738281 289.483093261719 289.755126953125 290.080718994141 290.192657470703 290.431243896484 290.447723388672 290.407470703125 290.502685546875 290.560150146484 290.885589599609 -3.4e+38 291.054290771484 291.088256835938 291.142547607422 -3.4e+38
283.088287353516 283.778564453125 283.688690185547 284.116424560547 284.655944824219 284.766662597656 284.857086181641 286.069763183594 286.281158447266 286.627746582031 286.798980712891 287.388244628906 287.545196533203 287.485595703125 287.608062744141 287.662384033203 287.890960693359 287.812530517578 287.063659667969 287.491302490234 288.22216796875 288.173278808594 288.227203369141 287.838653564453 287.492279052734 287.740814208984 -3.4e+38 -3.4e+38 288.561584472656 288.871643066406 289.111297607422 288.838165283203 288.614868164062 289.154052734375 289.45458984375 289.622100830078 289.886260986328 289.998474121094 290.416595458984 290.418273925781 290.50146484375 290.439819335938 290.564514160156 289.836669921875 -3.4e+38 291.070678710938 290.150238037109 289.018981933594 290.222015380859
283.050628662109 283.995025634766 284.248199462891 284.546508789062 285.103424072266 285.1728515625 285.350769042969 286.186065673828 286.336547851562 286.749481201172 287.011260986328 287.306335449219 287.515930175781 287.563385009766 287.506378173828 287.425872802734 287.771362304688 287.220031738281 286.655395507812 287.058044433594 287.705383300781 288.142639160156 288.143646240234 287.983642578125 286.865936279297 284.919464111328 -3.4e+38 -3.4e+38 288.79443359375 287.525451660156 285.545074462891 286.703765869141 287.903717041016 287.10205078125 288.536071777344 287.498657226562 288.808868408203 287.910034179688 289.090576171875 287.849731445312 289.389801025391 288.316162109375 289.701843261719 287.06103515625 286.521057128906 288.006805419922 287.300079345703 286.665130615234 287.478790283203
283.604888916016 284.459594726562 284.647186279297 285.04931640625 285.188201904297 285.316131591797 285.809753417969 286.318084716797 286.424133300781 286.754486083984 286.980346679688 287.106018066406 287.056976318359 287.228729248047 -3.4e+38 287.304718017578 287.619964599609 287.006805419922 283.195404052734 284.7158203125 287.296508789062 287.138702392578 286.218414306641 286.987091064453 283.869140625 282.528869628906 -3.4e+38 -3.4e+38 285.248291015625 284.007202148438 283.056671142578 284.315063476562 285.143493652344 284.057098388672 285.580963134766 285.012145996094 285.862945556641 285.237823486328 285.955169677734 285.135375976562 286.259002685547 285.901153564453 286.852416992188 285.567993164062 285.657897949219 285.741271972656 285.759765625 285.853424072266 285.874725341797
284.356903076172 284.804473876953 284.872436523438 285.106079101562 285.148071289062 285.560913085938 286.124420166016 286.292755126953 286.418121337891 286.721801757812 286.747833251953 286.481719970703 286.189666748047 286.791809082031 287.061981201172 286.884552001953 287.178863525391 286.179016113281 281.125946044922 282.520324707031 284.452087402344 284.289703369141 283.582214355469 283.841430664062 282.251525878906 282.850708007812 283.144226074219 -3.4e+38 282.597686767578 281.967132568359 282.963592529297 283.116912841797 283.012847900391 283.225952148438 283.806549072266 283.98046875 284.075225830078 284.27294921875 284.126281738281 284.470001220703 284.562103271484 285.032135009766 285.279876708984 285.436065673828 285.574615478516 285.596801757812 285.583740234375 285.507263183594 285.647064208984
284.3359375 284.587982177734 284.465393066406 284.623321533203 284.913909912109 285.642181396484 285.885223388672 285.919036865234 286.330017089844 286.679534912109 286.317108154297 285.497314453125 285.553863525391 285.807830810547 283.706665039062 284.372863769531 286.145812988281 283.225921630859 281.783813476562 282.093200683594 282.173461914062 282.382690429688 282.423828125 282.349395751953 282.629974365234 282.906524658203 282.684417724609 283.052917480469 282.551574707031 281.741424560547 282.681243896484 -3.4e+38 282.281799316406 282.954193115234 283.168060302734 283.34765625 283.836547851562 283.915649414062 283.862426757812 284.377044677734 284.503021240234 284.915344238281 285.294067382812 285.375671386719 285.402496337891 285.464050292969 285.532348632812 285.412139892578 285.506286621094
283.101715087891 283.666076660156 284.065765380859 284.486267089844 284.971527099609 285.433197021484 285.538543701172 285.965270996094 286.258911132812 286.230316162109 285.391418457031 284.062286376953 283.915222167969 284.756011962891 280.992950439453 281.560699462891 283.213592529297 281.130432128906 281.549499511719 281.460968017578 281.3076171875 281.227386474609 281.744476318359 282.395751953125 282.549499511719 282.26025390625 282.301177978516 282.659332275391 282.400085449219 282.117889404297 282.001037597656 281.983489990234 282.222534179688 282.595153808594 282.579620361328 282.770111083984 283.285491943359 283.466644287109 283.713073730469 284.4013671875 284.502227783203 284.910675048828 285.212280273438 285.240173339844 285.194152832031 285.236297607422 285.340728759766 285.394592285156 285.465545654297
281.888977050781 282.813049316406 283.886810302734 284.212188720703 285.318634033203 285.387145996094 285.43603515625 285.955078125 285.063873291016 283.750915527344 284.142120361328 281.296905517578 281.420745849609 282.230529785156 280.574890136719 280.424041748047 280.874206542969 280.769287109375 -3.4e+38 280.414642333984 280.036499023438 280.359680175781 281.207000732422 282.249176025391 282.420776367188 281.935607910156 281.708892822266 281.605224609375 281.832763671875 282.230010986328 281.042724609375 281.59375 282.168701171875 281.766082763672 282.072631835938 282.435455322266 283.073547363281 283.662933349609 283.776214599609 284.272399902344 284.528076171875 284.817199707031 284.991302490234 284.854949951172 284.855682373047 284.856353759766 284.9970703125 285.373504638672 285.491363525391
280.149505615234 279.222290039062 281.547729492188 284.084045410156 285.055603027344 284.960662841797 285.462432861328 284.968994140625 282.004852294922 280.793426513672 281.631591796875 279.637542724609 280.192230224609 279.757232666016 279.715087890625 279.572204589844 279.712219238281 280.352416992188 280.542572021484 280.011047363281 279.876525878906 280.720520019531 281.575225830078 281.99560546875 282.277038574219 281.866149902344 281.066253662109 280.701721191406 281.163726806641 281.593902587891 280.91259765625 281.657501220703 281.909118652344 281.525756835938 281.839813232422 282.430328369141 283.037017822266 283.610198974609 283.942565917969 284.288818359375 284.524444580078 284.685424804688 284.642852783203 284.509307861328 284.490386962891 284.372528076172 284.781555175781 285.299407958984 285.447113037109
280.699096679688 279.007568359375 279.94189453125 284.592987060547 284.689086914062 283.451782226562 282.275909423828 282.224761962891 280.485137939453 280.007720947266 279.493194580078 279.192077636719 279.509307861328 278.740112304688 278.807952880859 278.834014892578 279.124420166016 279.79833984375 280.206573486328 280.144226074219 280.089630126953 280.565887451172 281.101623535156 281.544494628906 282.153381347656 281.965301513672 281.310150146484 280.695098876953 279.863586425781 279.169342041016 280.641876220703 281.185119628906 281.073669433594 281.456359863281 282.049835205078 282.542907714844 282.889038085938 283.421447753906 283.990234375 284.119750976562 284.207885742188 284.463439941406 284.121032714844 284.182708740234 284.407440185547 284.426239013672 284.719970703125 284.959197998047 285.244964599609
280.506225585938 279.746673583984 279.542449951172 282.026550292969 281.856506347656 280.604797363281 279.464569091797 280.504852294922 280.239196777344 279.559631347656 279.122375488281 278.855590820312 278.887359619141 278.594299316406 278.291564941406 278.322784423828 279.283386230469 279.633087158203 279.858123779297 280.188323974609 279.970581054688 279.846771240234 280.429138183594 281.339691162109 281.944000244141 281.691741943359 281.564727783203 280.631927490234 279.607391357422 279.282623291016 280.475128173828 280.502960205078 280.964752197266 281.629241943359 282.224395751953 282.6640625 282.778656005859 283.119415283203 283.633972167969 283.811065673828 283.898529052734 283.997528076172 283.657867431641 283.975067138672 284.446380615234 284.584991455078 284.692474365234 284.912536621094 285.230072021484
279.249542236328 279.428558349609 279.196166992188 278.464874267578 278.82861328125 279.183135986328 279.610900878906 280.565216064453 280.55224609375 280.377166748047 279.877166748047 279.408935546875 279.360137939453 278.676605224609 277.933166503906 277.366851806641 276.596252441406 276.098968505859 279.763336181641 279.5986328125 280.188262939453 280.496307373047 280.963836669922 281.309722900391 280.556060791016 280.543060302734 281.242645263672 280.921020507812 280.140777587891 280.413665771484 281.836090087891 281.331329345703 280.916198730469 281.710540771484 282.1513671875 282.323486328125 281.701446533203 282.237976074219 282.717712402344 283.519927978516 284.003051757812 284.493713378906 284.650238037109 284.508270263672 283.96875 284.231781005859 284.750030517578 284.811920166016 285.099884033203
278.942779541016 279.010437011719 278.060943603516 277.736236572266 278.620941162109 279.139678955078 279.455718994141 280.030517578125 280.135284423828 280.525390625 280.197631835938 279.290985107422 278.917572021484 278.112121582031 276.058532714844 276.233764648438 277.163604736328 276.585510253906 279.942535400391 280.372375488281 280.873931884766 280.960998535156 281.014099121094 279.350830078125 277.095916748047 279.259857177734 280.641174316406 280.520324707031 280.014892578125 280.086944580078 281.616668701172 281.566772460938 280.824462890625 281.363403320312 281.764465332031 281.648803710938 281.411773681641 281.643798828125 282.322082519531 283.176483154297 283.693176269531 284.197448730469 284.459320068359 284.824371337891 284.496276855469 284.601196289062 284.784942626953 285.02392578125 285.095947265625
278.645721435547 278.508361816406 277.672332763672 277.105041503906 278.007263183594 278.916961669922 279.462829589844 279.616363525391 279.536285400391 280.367858886719 280.252288818359 279.145385742188 278.177490234375 277.137603759766 275.355041503906 277.068176269531 278.727600097656 278.668243408203 279.978057861328 280.656005859375 280.791687011719 280.878265380859 279.904693603516 275.690826416016 274.531677246094 278.871368408203 280.002990722656 280.453979492188 279.966613769531 279.755920410156 281.391174316406 281.708709716797 281.096649169922 281.212005615234 281.129943847656 279.873809814453 279.12646484375 281.366821289062 281.826354980469 282.972473144531 283.522613525391 284.025177001953 284.359191894531 284.950744628906 284.939697265625 284.939544677734 284.546539306641 285.100036621094 285.101715087891
278.289428710938 277.808166503906 277.912292480469 277.228820800781 277.992919921875 278.945678710938 279.257843017578 279.466278076172 279.334838867188 279.975555419922 279.82958984375 278.601196289062 277.531280517578 277.158172607422 275.207733154297 273.746032714844 274.203857421875 278.790344238281 279.819549560547 279.913787841797 280.196716308594 280.880737304688 -3.4e+38 273.656677246094 276.592102050781 279.578094482422 280.303497314453 280.875671386719 280.200012207031 280.027587890625 281.483642578125 281.842407226562 281.374725341797 280.752166748047 279.220458984375 276.624755859375 275.127685546875 279.971130371094 281.963989257812 282.997924804688 283.547760009766 283.973480224609 284.192504882812 284.501708984375 284.836090087891 285.153564453125 284.928985595703 285.030151367188 285.06982421875
277.481719970703 277.037506103516 277.391693115234 277.339233398438 278.236450195312 279.013854980469 279.359100341797 279.513671875 279.513366699219 279.658660888672 279.648864746094 278.025482177734 274.048431396484 273.353332519531 276.436920166016 273.822052001953 273.133850097656 275.962829589844 275.203033447266 279.036499023438 280.020599365234 280.588195800781 278.930633544922 276.825836181641 278.621429443359 279.765319824219 280.482757568359 280.745025634766 280.555419921875 280.303100585938 281.560119628906 282.04541015625 281.372833251953 279.360656738281 277.558074951172 273.817260742188 273.560272216797 280.751831054688 282.628326416016 282.938873291016 283.168823242188 283.722137451172 284.050048828125 284.110534667969 284.420776367188 284.930236816406 285.123168945312 284.956787109375 285.042816162109
276.428619384766 276.685272216797 277.236145019531 277.815948486328 278.392456054688 278.867340087891 278.865875244141 279.62939453125 279.653564453125 279.347351074219 279.53955078125 277.244445800781 271.164367675781 272.563690185547 277.944671630859 275.848571777344 272.457672119141 270.340454101562 270.53466796875 279.237640380859 280.127197265625 280.288452148438 279.715789794922 279.573577880859 279.210357666016 279.324401855469 280.078155517578 280.651824951172 280.868621826172 280.343353271484 281.3798828125 281.765258789062 281.721008300781 280.397613525391 278.459838867188 275.140838623047 277.851348876953 282.306579589844 282.999359130859 282.972991943359 282.933563232422 283.363403320312 284.034423828125 284.175354003906 284.291687011719 284.637908935547 284.764831542969 284.773284912109 284.973510742188
275.868194580078 276.196258544922 277.375091552734 277.846527099609 277.909698486328 278.183166503906 278.407318115234 279.462371826172 279.450561523438 279.124420166016 279.209777832031 277.519287109375 273.008544921875 275.066131591797 275.885894775391 270.672271728516 269.435729980469 270.476715087891 272.444213867188 278.650817871094 279.929321289062 280.111206054688 279.550903320312 278.621429443359 276.848541259766 276.908508300781 279.935363769531 280.717224121094 281.032592773438 280.840087890625 280.443878173828 280.409484863281 282.277069091797 281.376831054688 279.121978759766 279.666809082031 281.644866943359 282.638793945312 283.151428222656 283.298309326172 283.395477294922 283.735504150391 284.072540283203 284.199859619141 284.309997558594 284.464385986328 284.66259765625 284.872100830078 284.901275634766
275.603546142578 275.562072753906 276.972229003906 276.982147216797 277.423706054688 278.040130615234 278.471954345703 279.163024902344 279.024871826172 278.802642822266 279.035766601562 279.117858886719 276.383514404297 273.216674804688 269.424224853516 263.712097167969 266.934478759766 271.344055175781 276.917236328125 278.595550537109 279.836791992188 279.874877929688 279.399261474609 278.427734375 276.939880371094 277.341796875 279.985595703125 280.552154541016 280.885803222656 281.030700683594 279.38720703125 279.107788085938 281.986907958984 -3.4e+38 -3.4e+38 -3.4e+38 282.728668212891 282.901580810547 283.162322998047 283.283264160156 283.401275634766 284.126953125 284.128112792969 284.120971679688 284.1005859375 284.250823974609 284.670776367188 284.787841796875 284.686492919922
274.555511474609 274.584564208984 276.705352783203 276.394805908203 276.937194824219 277.849365234375 278.545593261719 278.670257568359 278.785003662109 278.304382324219 278.656280517578 279.516571044922 278.602508544922 273.128326416016 263.105590820312 257.180725097656 262.159271240234 270.085723876953 278.863800048828 279.278991699219 279.854827880859 279.813568115234 278.138336181641 275.440704345703 278.356201171875 279.430603027344 279.469360351562 279.204010009766 280.757629394531 -3.4e+38 275.477874755859 276.420562744141 281.761322021484 -3.4e+38 -3.4e+38 283.144409179688 283.125457763672 283.096710205078 283.148284912109 283.149505615234 283.143005371094 283.526428222656 283.610748291016 283.643707275391 284.115417480469 283.436248779297 282.386688232422 284.548797607422 283.612274169922
