rcp4.5models/MPi_ESM_LR/sc1gr7.6
NCOLS 261 
NROWS 433 
XLLCORNER 336357.134 
YLLCORNER 654653.479 
CELLSIZE 1000 
NODATA_value -9999 
[rows 176 to 197 of 433, columns 150 to 199 of 261]
86.299266619685 86.3050720095319 86.4090459963986 86.469315415774 86.4565811934052 86.4288004310772 86.5183245591974 86.5682235578094 86.6282906680362 86.5951588661351 86.5406426683913 86.5303848818999 86.5405438524914 86.5165792163592 86.5362980049376 86.5101254254736 86.493746385765 86.4293786459025 86.3816812492189 86.3685388331216 86.2727587434676 86.2021004711575 86.1449277592772 86.1352025627333 86.0943299065837 86.0031977969493 85.9587643427674 85.8788169648754 85.8334862612652 85.7522112383735 85.6991846990286 85.6259536292549 85.4703400030234 85.3942086673221 85.3961524388565 85.3147457991624 85.306847824736 85.287010812708 85.1865317110465 85.1064575512842 84.9911070058929 84.9560095462691 84.9002201150556 84.8744030479168 -9999 84.7759337106621 84.6880760680735 84.6906559422197 84.7122074322992 84.6304676569967
86.4189680041167 86.4203566063656 86.5302384342925 86.5527621299075 86.4722858047426 86.4408878378268 86.6021065567213 86.6614620371768 86.7011347321559 86.676526093074 86.61499271316 86.615000247663 86.5480155912875 86.5119017700405 86.5256676102407 86.528189396642 86.5027147899264 86.4501268038566 86.3218291781379 86.3485915523146 86.2459518083746 86.1937702513796 86.1585583760449 86.0450973087016 86.0354035617943 85.9720461292049 85.9142381726256 85.8766137588089 85.8062654342003 85.6849654462713 85.5926831100719 85.5536546040229 85.4121809818603 85.35648108756 85.3599706128739 85.2684392979526 85.1989245579801 85.148592574068 85.0528784285077 84.9815422401365 84.8795576340044 84.8197060687632 84.7679165620598 84.7073912340191 84.7104993005574 84.7020415448393 84.6113684003558 84.5899297219733 84.5958162832159 84.5281327578193
86.4960991497269 86.5727156137102 86.5934578320961 -9999 86.6129499381888 86.5834033604904 86.7164552252531 86.7418062345322 86.7413100611196 86.7157540487502 86.7312017362537 86.684063648068 86.6147587518165 86.531226796969 86.577306863876 86.5465745475693 86.4844771277597 86.4617874441811 86.3384777667368 86.3370403993226 86.2272937682712 86.1920003597827 86.138974357156 86.0069004657034 85.9496585592738 85.9000820530762 85.8216572361542 85.8015701837163 85.7469589990064 85.6492202432 85.4534206110289 85.4178037458996 85.3428205342992 85.3020780077424 85.2795504016583 85.1709117988952 85.0688972716489 84.9942517090003 84.9125659258073 84.8473808983443 84.7935356945424 84.7420469889742 84.6731768020328 -9999 84.5441302029437 84.5684948830345 84.5164376543682 84.459980619623 84.4346745947971 84.4251731278151
86.5775955941881 86.7211413269487 86.6993581781932 86.7528606480505 86.7212738728406 86.7880813791421 86.8111589803212 86.7656003898232 86.755420255356 86.7137991881552 86.6903720036844 86.7094266532746 86.6763100116592 86.5703459749029 86.594080075497 86.5797327540568 86.5098564231157 86.4600025934255 86.372841601599 86.2780730263284 86.1209723770664 86.1024413751049 86.1064895153114 86.0182606092499 85.9464145581701 85.8528901866125 85.7471341930627 85.6505702414579 85.6005914458786 85.5839237347544 85.3356403257618 85.3166476624651 85.3121744211636 85.2071446540058 85.1650930768801 85.0859040647959 85.0059772371023 84.867499897228 84.7834261306505 84.7196047811749 84.6815221305978 84.6349107500073 84.5697763862493 84.5255821638105 84.439712911077 84.4106009112213 84.4031794394196 84.3437751831953 84.3066236175428 84.2833603535169
86.6970217384429 86.7828783625347 86.8215029798155 86.8359796121872 86.7631650853014 86.868959475511 86.8436365310687 86.7777946975624 86.7914525922481 86.7324484196598 86.7051823457615 86.7253573895862 86.6653156259245 86.5932954759035 86.6210106475628 86.5478095376893 86.4435385020611 86.4092769409517 86.3160147825638 86.2646706534289 86.0735355908949 86.0392633562273 86.000602898221 85.9770334775471 85.8963785762328 85.7535470821527 85.6783296103011 85.5562985914348 85.5194535243429 85.4889315401342 85.2989568820219 85.2319703519722 85.1477818783108 85.0819026884381 85.0056185671688 84.9512286060521 84.9144156541562 84.8059722685748 84.6875948655644 84.6225467659654 84.5900301047692 84.5318588389577 84.4302201521766 84.3899741085476 84.2838564287436 84.2035041489004 84.1942141530682 84.1969753145607 84.2053065929332 84.1946774652623
86.7508035907678 86.8105421794726 86.8821461261826 86.9098411838417 86.8922567450172 86.873737934682 86.874365759854 86.8489537792676 86.8570976084846 86.7956782189945 86.7664849358803 86.7520269783781 86.6771170005556 86.6070075736523 86.6159144360449 86.5723413926981 86.429018932791 86.3893455440172 86.3003105411002 86.2099572970054 86.1201673362694 86.0154314611329 85.923427833544 85.8962276128836 85.8169037437393 85.7212863383333 85.6089181690408 85.5225818087531 85.4304099447659 85.3476734376712 85.2215063831283 85.1258657725853 84.9988669345837 84.9605052282747 84.8695801352432 84.812471039074 84.7677218748469 84.6928211703628 84.5161137579768 84.4749791776576 84.4450291495266 84.4040157127179 84.3198217098379 84.2723665399422 84.1768293019207 84.0696416963354 84.0080090743773 84.0391732538309 84.0408173528413 84.090054800919
86.8040443877057 86.8650691909925 86.8615129486532 86.9527239964611 87.0175466602461 86.9070648564026 86.9527224954853 86.8784032631669 86.8837712384229 86.8800016348999 86.780766674378 86.7216742660086 86.6999674600701 86.6105961739272 86.6056122376054 86.5683000397548 86.4308270504006 86.4032433305511 86.3120898807356 86.145280202529 -9999 86.0061941660946 85.839475211643 85.7726049450766 85.740621983671 85.6175731318976 85.5088380856195 85.4564380081097 85.3522009464687 85.2404176552657 85.1561702528841 85.0495985468692 84.914417716753 84.8237776019871 84.788731168711 84.7302995934299 84.6857700838745 84.5904148038064 84.4181272685205 84.3456580251741 84.3108184789831 84.2865717256725 84.1612238878573 84.1255462577722 84.0805576228805 83.9865977249316 83.9362328110345 83.8961019764887 83.87925203501 83.8939222195614
86.9068212549703 86.9387616703181 86.9537786668261 87.0611117024852 87.0873908128915 86.982138133127 -9999 86.899257382107 86.9045114118807 86.8759421469095 86.8413428705897 86.7319074339305 86.7145295275573 86.6649143729279 86.6197790455955 86.5134670033324 86.4016392038123 86.3861690783241 86.2939201898124 86.0812770377845 86.0208448460809 85.9397176950423 85.765623229414 85.6768182007524 85.5965501003593 85.4852777537146 85.444062544061 85.3899734924017 85.3072987771882 85.1359098568945 84.9906495829889 84.9152225543851 84.8372645462038 84.7139593586121 84.6549182315567 84.596325656778 84.5512497536931 84.415809258241 84.3116181097238 84.2316199179789 84.2119835039285 84.1569236915951 84.0217376385019 83.9650357425105 83.9301540428005 83.8942141271837 83.8076186781055 83.7612306144558 83.7443865021027 83.7038303502058
87.0459453471628 87.0341025498271 87.0967548813675 87.1271932369617 -9999 -9999 87.0643770487844 86.9437706483255 86.9473119816275 86.8916929232878 86.8716834417327 86.8118214064295 86.7384963213416 86.6638218687898 86.5686442070138 86.4514673476177 86.405533048164 86.3883341873037 86.2746188203827 86.0003533432997 85.9053597658674 85.8349704780448 85.730935334851 85.6078991123093 85.4645733490597 85.3887821943738 85.3211379572341 85.2348241729745 85.1895353828394 85.0639896557531 84.8178739696588 84.7102717988389 84.7019840397966 84.5979109258288 84.4856529558905 84.441152437333 84.3572565882146 84.2112251333767 84.1944502925873 84.1662306568211 84.0717804702288 83.97349738014 83.8768528737589 83.8262817253566 83.7440184608679 83.7542202290254 83.6928567221917 83.5968576249097 83.5716804376493 83.5344992224685
87.2330804848858 87.2779960505328 87.226931007508 87.3517908782415 -9999 -9999 87.2018398202933 87.1760618506852 87.0142329587194 86.9271280917977 86.8829725774063 86.8469995868062 86.7048177483506 86.6153076121803 86.5901306864568 86.4413165799749 86.3370092595635 86.2235334612423 86.1536234625185 85.8523340142325 85.7511120585545 85.6460197258125 85.5303818038467 85.4374380898393 85.3721861617641 85.209085047417 85.1699170406487 85.0759946559068 84.9083671229155 84.8156849599106 84.5619447932693 84.4719728673965 84.4238133514144 84.4163930165066 84.30216979754 84.1748393980618 84.0390472787556 83.9981894035668 83.9127176435034 83.8689579735474 83.7935180781766 83.7200489309559 83.5010951564156 83.4336597158905 83.3444775075967 83.3548495539608 83.3092655453469 83.2256539779424 83.136570563165 83.1734028375695
87.2713485844515 87.330391216202 87.3301177571262 87.3380836298315 -9999 -9999 87.2733092262664 87.2046367218921 87.0680227413702 86.9520410038491 86.8916186515356 86.858588868997 86.7207132168974 86.6359234609822 86.5567141188223 86.418944048534 86.2705553140533 86.1633260337833 86.0735219074143 85.8738483436751 85.7369873429145 85.5340068903064 85.4444575032444 85.3670532399394 85.2392816680986 85.1181516780828 85.0255269854357 84.9200012332218 84.8123355534397 84.7394416080915 84.4698124868783 84.3390518706891 84.2586491704781 84.2458277291789 84.1314184661041 83.9957687385718 83.8634102586176 83.8471218785784 83.7608629741602 83.6807281715231 83.6344123506274 83.6033856418603 83.3094259634653 83.222516563142 83.1503494758922 83.1732931526791 83.1537878025713 83.1116865561415 82.9987018920918 82.9753121703915
87.3576973627503 87.3993706814412 87.3960114434383 87.3554405127584 -9999 -9999 87.2735979788171 87.2508572856495 87.083630112375 86.979885242591 86.8738415760862 86.7981545899597 86.6692355054434 86.5837376388599 86.4727778562243 86.3936721467042 86.2911214699778 86.1137709564489 85.9918669128883 85.8392820777063 85.6773045128038 85.4249144365521 85.3571163553601 85.3006694986191 85.1817880397601 85.0412650232763 84.8800982388271 84.7578936685195 84.6780558032033 84.5725509235565 84.3629117029007 84.2068309031688 84.1127028877124 84.0437072998233 83.9192268035533 83.848713749997 83.7158856177483 83.6780994513634 83.6220199293228 83.562924338892 83.4783258306464 83.4237075017562 83.1712623907273 83.1145233766555 83.0541019106275 83.007060144432 82.957779207261 82.9405918830955 82.9063402248651 82.8389463719911
87.4961692128578 87.4461762255981 87.4888620650557 87.4298470875253 -9999 -9999 87.2575887319115 87.2379544953883 87.1165780150079 87.0405835030359 86.9180113428474 86.7853279482739 86.5970290496958 86.5115913841235 86.4353362086398 86.3299229015009 86.2210561329088 86.0191868613989 85.9157410306863 85.7109703293661 85.5583198474641 85.3658677382769 85.244755231323 85.133912342275 85.0579587000468 84.9436322081841 84.767516249871 84.6408837750785 84.6136745404223 84.4689417554496 84.2189783015665 84.0889504479789 84.0078906269491 83.8658944280663 83.7426323650921 83.7145105836612 83.6058169591948 83.5201490877837 83.4474754329756 83.4103094448483 83.2875247805247 83.1739921870105 83.0143098554697 82.9735612428313 82.8926539776313 82.8251760202166 82.8077289736545 82.7958639630222 -9999 -9999
87.5651755923825 87.5292567116225 87.5576551781937 87.507159547735 -9999 -9999 87.2986463308566 87.2311830943097 87.1041907226777 86.9911491400154 86.8843076580803 86.7447783829076 86.6029112776271 86.5171520628556 86.4032263540111 86.2454720940042 86.0965994112084 85.9572975997282 85.8442268043751 85.5383887823945 85.4104549040389 85.3427786532603 85.1387875500085 84.9863472988591 84.8738959603268 84.8198778662087 84.6456120814475 -9999 84.4436112904168 84.2688163408455 84.0732275416076 83.9528289357153 83.8647246274453 83.687351289511 83.603033244304 83.5716161490834 83.4866252401958 83.3738757548505 83.2422928454117 83.1630592177915 83.0831699242654 83.0047051920445 82.8447400663118 82.8158238610354 82.7352817371015 82.6571888417692 82.6691721004472 -9999 -9999 82.5198809940529
87.5715766022544 87.5740361122377 87.6139856847207 87.5704957114968 87.4946160575412 87.4776693566696 87.3610390411328 87.2455067720292 87.0619573678684 86.9519040853555 86.7955737686297 86.6654110840129 86.6128554362838 86.4516507858776 86.3209504063457 86.1456096616234 86.028990034302 85.9556070198967 85.793551857633 85.4160700269207 85.3077863171899 85.2588885885762 85.0364205112327 84.8582950451013 84.7256980193916 84.6502641754355 84.5261537204387 84.3711121794524 84.227750804565 84.0794009272581 83.925711610238 83.7631389680776 -9999 83.5296729908373 83.4431085742502 83.3788249316155 83.294551252388 83.1976058680701 83.0358296211102 82.9665503805561 82.9294012274909 82.8656033236642 82.6649101330326 82.6125173675911 82.6035041280691 82.5036269945442 82.4724151247877 82.4791612187337 82.4143590334359 82.3430313098573
87.567559858056 87.6225142964818 87.6596297310709 87.5559790746535 87.5108490736162 87.4641978303959 87.4005695775614 87.2921034403644 87.0145988608976 86.9230233660913 86.8385515066037 86.6675668321194 86.5777322782116 86.3994203749384 86.2243830869274 86.0277704389607 85.9557793611712 85.842262931199 85.6646640809389 85.3064810913006 85.2257048824909 85.1175910046881 84.9657522360888 84.75220686301 84.6018344111918 84.4843328369449 84.3589624585737 84.2217890618242 84.0951110468519 83.9505043609488 83.7227594308269 83.5858873304347 83.4569979538925 83.3802606189929 83.2756531248678 83.1880503594023 83.0522363588714 82.9657510921811 82.8526152105874 82.7901631851809 82.7013085325386 82.6405998558158 82.4886093159634 82.4234814660653 82.4263250932449 82.3219087517049 82.2728042070683 82.2709063678621 82.2705702332484 82.1423233189895
87.6350809962308 87.6431625756746 87.6529199593783 87.5717955026722 87.5078554468923 87.4802778008693 87.3911953626718 87.279482905689 87.0118846554988 86.8874044042574 86.7909477012034 86.612760838876 86.4531429783714 86.2911964039299 86.0944788796349 85.9763459349717 85.8716212931245 85.7157592084086 85.5049631997882 85.2081688147025 85.111558684376 84.9471919043191 84.7813405339646 84.5693324423832 84.454773604815 84.3430410120795 84.1708731443629 84.0452754153265 83.9429380372431 83.7806323260625 83.5494082823416 83.4097154349037 83.287568255147 83.2129947647548 83.0858334881213 83.0256270786082 82.9109548777239 82.806876627042 82.6702398175944 82.619751736847 82.5260504844236 82.4630457190661 82.3293473974908 82.2660537668659 82.2276276793765 82.1400428766541 82.1348516795885 82.0731704135911 82.047911351742 81.9740204207306
87.6136524911526 87.6631470242041 87.6502523070582 87.5328156163844 87.4378129847186 87.4438914168574 87.3931507054413 87.2749292901577 87.0092301607017 86.8566880703044 86.6791926994251 86.5181236355233 86.3575667470319 86.2211204408287 86.0587806369666 85.9148860888614 85.7660123435103 85.6105882196699 85.3626025304568 85.0714004506871 84.9964115609316 84.7962996368549 84.5497347964241 84.3726905372686 84.2863852465554 84.2013651364955 84.0134555365617 83.8982487227974 83.767590086809 83.5686756061594 83.3972714855293 83.2436923986345 83.1263450412306 83.0118003720371 82.8947786342817 82.8377679088457 82.747165348943 82.6439080227106 82.4986479688893 82.4404158913383 82.3299842873548 82.2651469426774 82.133238707872 82.023859689764 81.917346467522 81.8813635794924 81.891485011579 81.87205798816 81.8025331932971 81.7798463213605
87.6206444027249 87.6719033459177 87.6182025065452 87.4051232128296 87.2805542166932 87.3752203222513 87.3778309068522 87.2450482609313 86.9705990917678 86.7734962534393 86.5716509714139 86.4304084677149 86.2556834724241 86.1417150306028 86.0226323318198 85.7923099034174 85.6285729803005 85.4698479844753 85.2805036309284 84.9006021421603 84.8230533968524 84.6280267524033 84.4456073724578 84.2518476727336 84.061448495607 83.9926669507066 83.8341530439149 83.7122769743744 83.5432111071993 83.4090104516275 83.1849402724734 83.046864196793 82.924498945896 82.801101398985 82.7302040753715 82.6367648297466 82.4852344038233 82.4058231069514 82.274413956139 82.1939721525367 82.058145246038 81.9790957836385 81.8971617538699 81.7559579187701 81.7268060737506 81.6913501839475 81.6300034155918 81.6173798383845 81.5727057452368 81.5495712199944
87.6143142487325 87.6688694084542 87.5622207836176 87.3482753865938 87.1620626966753 87.3793627456697 87.2793222516815 87.1068838103096 86.8846784124227 86.6636700972208 86.4554835673761 86.2898423754402 86.1220990990811 86.0506563255958 85.8792109217362 85.6346092114959 85.456602952094 85.3253069288604 85.1453226137857 84.7319728429297 84.5568232163927 84.4312473328773 84.2906171041924 84.0889899037604 83.874346505554 83.747786602721 83.6323547762132 83.5157526586744 83.3672624790863 83.2299474369001 82.9410646384187 82.8448604600152 82.7205020284166 82.6116667004451 82.5229912649908 82.3947510681737 82.2782415845041 82.1695993420281 82.0361011342384 81.9498341884124 81.854625785508 81.7733123289111 81.6821253452795 81.5367602549787 81.5545376101765 -9999 81.4673165672835 81.4111869098947 81.3663959752243 81.3116592424173
87.6229697790388 -9999 87.4753212555735 87.1830017020394 86.9333099964636 87.2985519878567 87.0871714682588 86.9581233431068 86.6407857577852 86.4421366674991 86.2394998095044 86.0853416696951 85.8688538748117 85.7168214485905 85.5697825460903 85.374480009154 85.1869949492927 85.0009551555174 84.8065097083603 84.3478313107434 84.1959800193064 84.0102158303391 83.8831018211999 83.7477593140145 83.5196867325599 83.3289197066726 83.207865766502 83.116905536455 82.8959446121088 82.7290452510318 82.5420355512275 82.4002925076244 82.2855967430149 82.1570018586393 82.0774480732144 81.9291803260499 81.8096162030403 -9999 81.6050339385344 81.5779897918867 81.4661362000497 81.4461874321238 81.2890545194795 81.1942894550919 81.1674026960414 81.1204362920309 81.0437679820245 81.0310482935019 81.0607761105711 80.9957365130568
-9999 -9999 -9999 87.1700722167263 87.0610138318473 87.240608908236 87.0010031292529 86.8584386490695 86.480385417999 86.3055680924446 86.0935733858893 85.9240621656471 85.6943500962522 85.5005845820826 85.3571063803757 85.1642819159181 84.9782351312382 84.7552681397161 84.5761355281873 84.1342327360612 83.9615869724019 83.777517653966 83.636269812025 83.5427987855124 83.3435696633864 83.1438042315475 82.9572345313774 82.852361489116 82.7227781318378 82.5149556292196 82.31087738949 82.1706926912476 -9999 81.9281803706699 81.8124024898721 -9999 81.5751808842637 81.4601833312195 -9999 81.2507935831049 81.1941717106055 81.1825267159972 81.045472375913 81.0055981058315 80.9527903651447 80.8344312545798 80.8301379068147 80.851076462858 80.8355457370429 80.7891712129658
