rcp4.5models/MPi_ESM_LR/sc1gr7.14
NCOLS 261 
NROWS 433 
XLLCORNER 336357.134 
YLLCORNER 654653.479 
CELLSIZE 1000 
NODATA_value -3.4e+38 
[rows 308 to 329 of 433, columns 147 to 195 of 261]
51.2899971008301 52.1182632446289 59.4956741333008 67.193717956543 66.9769439697266 67.1854095458984 67.5073394775391 66.3199462890625 64.5939636230469 66.4576263427734 67.5177688598633 66.552848815918 64.787239074707 66.2589721679688 67.5603256225586 68.7844085693359 68.8776245117188 69.2452239990234 69.5943832397461 69.6679916381836 69.3353500366211 69.4924850463867 69.1783218383789 69.7406845092773 68.7200546264648 69.8496932983398 70.1314544677734 69.7752990722656 69.954345703125 70.7273330688477 71.7598114013672 70.5580749511719 70.6941223144531 72.320198059082 72.6096572875977 71.9449691772461 70.3348083496094 70.9550476074219 71.1348495483398 71.0931091308594 70.7670288085938 71.2767868041992 71.593505859375 72.0135192871094 73.9158020019531 76.400276184082 76.3901672363281 76.1048965454102 75.8281402587891
51.2789077758789 55.6752891540527 63.3127098083496 67.5520248413086 67.9710083007812 67.8464736938477 68.0920257568359 67.4875717163086 66.8579483032227 68.4230651855469 68.7800140380859 67.4372711181641 66.1617279052734 69.0056457519531 69.2762756347656 69.6335220336914 69.9355163574219 70.6701583862305 70.574462890625 71.0576553344727 69.998046875 70.3558883666992 69.2460556030273 70.3694152832031 69.4843139648438 70.3740921020508 70.8260192871094 70.4997940063477 70.6114959716797 71.4034652709961 71.7079238891602 71.3028335571289 71.6082305908203 73.1463394165039 73.1175231933594 72.6398620605469 71.4298248291016 71.2396392822266 71.8504791259766 71.7995300292969 71.6225891113281 72.2860336303711 72.4997329711914 72.27587890625 72.9281921386719 76.5660018920898 76.8797225952148 76.5690765380859 75.654052734375
52.6165046691895 58.1438751220703 64.1910705566406 67.1199188232422 68.58447265625 68.3855361938477 68.6072616577148 68.3989639282227 68.6195449829102 69.165641784668 69.2709045410156 68.3151397705078 67.3583145141602 70.3317642211914 70.4602813720703 70.4067077636719 71.0420150756836 72.202507019043 71.5751724243164 71.3700103759766 70.7686080932617 71.2062606811523 70.1847229003906 70.6958694458008 70.7039947509766 71.2996139526367 71.713005065918 71.4763870239258 70.9334869384766 71.6816177368164 72.15087890625 72.2538986206055 72.2333221435547 73.3275299072266 73.5370025634766 73.2057800292969 72.511962890625 71.4296722412109 72.6095657348633 72.5497131347656 72.3415832519531 73.1895370483398 73.8264389038086 73.5450439453125 73.4882125854492 77.1288452148438 77.3938674926758 76.9911956787109 75.9907531738281
54.219295501709 58.6764259338379 63.7879257202148 67.7549896240234 69.1052551269531 69.0242385864258 69.1180953979492 69.3397064208984 69.6929244995117 69.7298355102539 69.9571838378906 68.1926879882812 68.3510284423828 71.1152114868164 71.086540222168 70.8188858032227 71.2945709228516 72.3181838989258 72.0479965209961 71.4212493896484 71.8680572509766 71.7252426147461 71.3003158569336 71.4073333740234 72.2537231445312 72.347770690918 72.2917098999023 71.8865585327148 71.2785720825195 71.4671325683594 72.5078964233398 73.2831115722656 73.1936798095703 73.1053161621094 73.7216262817383 73.5214080810547 73.4860763549805 72.7933807373047 73.5016174316406 73.3438110351562 72.9795150756836 74.04150390625 74.9865112304688 74.6607437133789 74.5542831420898 77.9551773071289 77.7642364501953 77.5664215087891 76.8253707885742
56.2618713378906 59.2772102355957 63.8908462524414 68.3604049682617 69.6482772827148 69.7785263061523 69.7671356201172 70.1808776855469 70.5233535766602 70.3716354370117 71.0086975097656 69.9044036865234 70.0532150268555 71.1221771240234 71.8066635131836 71.6571502685547 72.0062789916992 72.0942611694336 72.0127944946289 71.9953842163086 72.7629852294922 72.7978897094727 72.9759292602539 73.112434387207 73.4745025634766 72.8610534667969 72.1343002319336 72.0975952148438 72.3191452026367 71.7001571655273 72.4823150634766 74.1018447875977 74.2889938354492 73.1061935424805 74.2240142822266 74.0989990234375 73.7091827392578 73.4077072143555 74.264762878418 74.2097549438477 74.0187835693359 75.0211334228516 75.8083648681641 75.2414627075195 75.4897689819336 78.2435684204102 78.1122436523438 77.9665374755859 77.3058319091797
55.4601402282715 58.7361145019531 59.6577301025391 63.724437713623 70.4244613647461 70.8636474609375 71.2697830200195 70.3182144165039 69.6901473999023 72.3188781738281 72.3996505737305 72.8321685791016 72.990592956543 72.9794082641602 72.7268676757812 73.6080627441406 74.1129608154297 73.7512283325195 73.3232727050781 72.8709716796875 73.2028274536133 74.0126266479492 75.0407028198242 74.9687194824219 74.8381271362305 74.163444519043 73.529167175293 72.7845687866211 72.7220993041992 73.3026123046875 74.0859298706055 74.5362091064453 75.8664855957031 74.1678619384766 74.8966522216797 75.2604064941406 74.6946563720703 74.1935653686523 75.622932434082 75.8505325317383 75.6752471923828 76.4944458007812 77.0657424926758 76.7673797607422 78.2369384765625 79.1964340209961 78.7322692871094 78.7307891845703 78.1249008178711
53.4060859680176 54.7967376708984 58.4066581726074 65.6871643066406 70.7466735839844 70.762825012207 69.0967788696289 66.1078033447266 67.5277786254883 72.1630783081055 72.7097473144531 73.5664291381836 73.883918762207 74.3054885864258 74.0146331787109 74.1113662719727 74.8424835205078 74.4458084106445 74.4550170898438 73.7959594726562 73.915771484375 75.0501480102539 75.7252349853516 75.9436264038086 76.3144226074219 76.0261764526367 74.7570495605469 74.1266403198242 73.1926422119141 73.7703018188477 74.5993423461914 74.3924255371094 76.4650955200195 75.7358016967773 74.5187377929688 75.3149719238281 75.3049697875977 75.3334274291992 76.2993469238281 76.6904907226562 76.4966049194336 77.2957992553711 77.8834457397461 77.4730377197266 78.9379196166992 79.6853332519531 79.3057632446289 79.2928695678711 78.8777770996094
53.4167366027832 55.462516784668 61.9251670837402 66.6697692871094 65.5925979614258 65.831901550293 65.6641693115234 68.1252059936523 70.3358154296875 72.7183685302734 73.2578201293945 74.2261276245117 75.0180969238281 74.8205490112305 74.7312393188477 75.3650741577148 75.4728698730469 75.1445388793945 75.9128265380859 75.4183654785156 74.5137405395508 75.4765014648438 76.6803970336914 76.8477935791016 77.236572265625 77.2861480712891 77.0115585327148 76.1408538818359 74.1980133056641 74.3401031494141 75.509407043457 75.1657257080078 75.8823623657227 77.1494064331055 75.2367248535156 74.6681518554688 75.2249450683594 75.7373199462891 76.7325744628906 77.1360549926758 77.5156402587891 78.4751052856445 79.3070602416992 78.6859741210938 79.5745162963867 80.1969909667969 80.0735244750977 80.0612106323242 79.7203063964844
55.1375007629395 60.2480239868164 66.5156097412109 66.9479446411133 66.2484130859375 67.0687713623047 68.8775100708008 73.249382019043 73.5079956054688 73.9538269042969 74.4233322143555 74.688850402832 75.5601806640625 75.5463943481445 75.5373153686523 76.4871520996094 75.6934661865234 75.8275756835938 76.9732055664062 77.2005767822266 76.3853073120117 76.9340667724609 77.5323028564453 77.9495544433594 77.7037124633789 76.8945083618164 78.3793640136719 77.9667892456055 76.2471008300781 75.1419219970703 75.8747406005859 75.9302215576172 75.4022216796875 78.5568923950195 76.935791015625 74.8119888305664 75.3067779541016 75.6759185791016 77.8756790161133 78.0161590576172 78.7879791259766 79.8558807373047 80.6739654541016 80.1153106689453 80.4004669189453 81.0114898681641 80.8826904296875 80.8110733032227 80.5708694458008
63.5662040710449 67.5688934326172 71.0454559326172 71.5281448364258 72.2992935180664 72.8134765625 73.4056243896484 73.8754272460938 74.0613555908203 74.3887939453125 74.8106842041016 75.6298904418945 76.5241165161133 77.1648101806641 77.0678405761719 76.8244247436523 75.9234924316406 76.0601272583008 77.0358200073242 78.4656524658203 78.6016235351562 78.5971908569336 78.6392517089844 79.1709823608398 78.4223098754883 76.7534637451172 77.7081604003906 77.736686706543 77.2561111450195 75.641242980957 75.8969955444336 76.4588165283203 76.7170257568359 79.5791931152344 78.5459518432617 76.231575012207 76.1170272827148 76.7953567504883 79.4503173828125 79.4337768554688 79.9409561157227 81.2023620605469 81.6586685180664 81.1672515869141 81.6048812866211 81.8363189697266 81.4010391235352 81.2958450317383 81.293701171875
70.7968368530273 71.5592803955078 72.1804351806641 72.7882843017578 73.2778701782227 73.6377792358398 74.0140151977539 74.342170715332 74.6775741577148 75.0087432861328 75.2444534301758 77.0462875366211 77.7900009155273 77.7696914672852 77.4900207519531 76.8420486450195 76.7142868041992 76.6728973388672 77.5217056274414 79.4355621337891 79.7726058959961 79.324836730957 79.9413986206055 80.3603286743164 80.0615158081055 78.480224609375 76.8944396972656 77.5163269042969 77.5779113769531 76.9670333862305 76.7089080810547 76.9546508789062 78.9966735839844 80.0412445068359 78.5069427490234 76.6671752929688 76.9630279541016 77.7260665893555 79.9375457763672 80.243766784668 80.6611099243164 81.7268524169922 82.2513198852539 81.7935028076172 82.5924758911133 82.5363845825195 81.9878616333008 81.7696228027344 81.7973098754883
71.4822311401367 72.3442077636719 72.9216690063477 73.4475631713867 73.9326095581055 74.350959777832 74.7154769897461 74.9941101074219 75.2930679321289 75.7330856323242 76.0707626342773 77.8702239990234 78.2336730957031 77.379264831543 77.3448028564453 77.233642578125 77.6528625488281 77.7000274658203 78.1265335083008 79.5537109375 80.5310668945312 79.9675598144531 79.7015914916992 81.0999069213867 81.0883636474609 79.4316177368164 77.424430847168 77.7428970336914 74.6263046264648 73.8724594116211 77.4352569580078 76.9000701904297 79.1953277587891 80.0379409790039 77.2110214233398 76.7469940185547 77.4589691162109 79.1330413818359 79.9330444335938 80.7032470703125 81.1843185424805 81.8796844482422 82.6184997558594 82.5892562866211 83.1925811767578 83.3054809570312 82.9349517822266 82.5842056274414 82.5276718139648
71.8323364257812 72.9237594604492 73.6923828125 74.2019195556641 74.649787902832 75.0634231567383 75.5636596679688 75.9921340942383 76.113639831543 76.5152359008789 76.9775085449219 78.1354751586914 78.1447601318359 77.5846176147461 78.0044937133789 78.2440185546875 78.4245147705078 78.6577835083008 78.9393081665039 79.1422271728516 80.7716217041016 80.9525833129883 78.5208282470703 80.4643402099609 81.9635848999023 80.4678802490234 78.4446868896484 77.639762878418 72.3164978027344 69.8187561035156 78.208122253418 77.081413269043 78.4839935302734 80.6899108886719 79.001953125 79.4237823486328 79.6320419311523 81.3967208862305 80.8627243041992 81.5323486328125 82.150146484375 82.6259689331055 83.2157363891602 83.5984878540039 83.7323226928711 83.9478607177734 83.7338562011719 83.437255859375 83.2989120483398
72.6994857788086 73.6070175170898 74.370246887207 75.0278778076172 75.5667037963867 75.935661315918 76.5119094848633 77.0815963745117 77.2319259643555 77.4098739624023 77.6726531982422 79.1002197265625 78.356201171875 78.4938049316406 78.9964752197266 79.129997253418 79.198486328125 79.3949813842773 79.6031875610352 79.3596954345703 80.6127471923828 82.4363250732422 78.6563568115234 79.6006774902344 81.5784225463867 80.8662643432617 79.0592880249023 78.4901351928711 74.1934356689453 68.3264846801758 75.7224044799805 78.4122467041016 78.3201675415039 79.8833312988281 81.4947509765625 82.5750885009766 82.5828628540039 82.9409484863281 82.5471801757812 82.6786041259766 83.2746047973633 83.5962219238281 84.0262451171875 84.3799743652344 84.5480346679688 84.534049987793 84.3621826171875 84.0805130004883 83.8700103759766
73.5881652832031 74.3074645996094 74.9256896972656 75.6001434326172 76.2565460205078 76.6517181396484 77.2955780029297 77.9095840454102 78.0838623046875 78.1791305541992 78.3303833007812 80.4733810424805 79.559440612793 79.4035797119141 79.6768264770508 79.7914352416992 79.8335723876953 79.9494018554688 79.9872817993164 80.0530471801758 80.7873611450195 82.6847763061523 81.1334609985352 80.1698532104492 80.0045013427734 79.9020919799805 79.7639694213867 79.8683090209961 77.6709671020508 72.3598785400391 74.3209533691406 79.1403961181641 78.3792724609375 78.9665679931641 81.7298431396484 83.8326187133789 84.0382308959961 83.9630813598633 83.8296737670898 83.8140563964844 84.2132949829102 84.4020156860352 84.8010482788086 85.0060272216797 85.4461975097656 85.1308822631836 84.9435806274414 84.5095825195312 84.4347457885742
74.2304840087891 75.0379180908203 75.6516265869141 76.2540283203125 76.7788162231445 77.1896286010742 77.8739242553711 78.4899826049805 78.5026092529297 78.720817565918 79.102668762207 80.7797546386719 80.4745178222656 80.2621688842773 80.3367614746094 80.5209121704102 80.5520324707031 80.7741928100586 80.8100280761719 80.8954925537109 81.2006301879883 81.6306533813477 82.5180282592773 81.5934066772461 79.9418029785156 80.0062637329102 79.9052429199219 78.0082931518555 78.2151260375977 78.365104675293 78.3137588500977 79.6265640258789 79.3361968994141 80.0600280761719 83.1143188476562 84.5018081665039 84.9627075195312 84.9742126464844 84.8768539428711 84.7675399780273 84.9755554199219 85.1420669555664 85.4164962768555 85.6664657592773 85.9775466918945 85.5649490356445 85.331787109375 85.1213684082031 85.0400772094727
74.0643463134766 75.6320190429688 76.5139541625977 77.2146377563477 77.7760543823242 78.0960159301758 78.3647003173828 78.921501159668 79.1349945068359 79.5377044677734 79.9006500244141 80.6758651733398 80.9325256347656 81.0600051879883 81.1313323974609 81.3143463134766 81.3906860351562 81.5312805175781 81.465087890625 81.4353637695312 81.6076278686523 81.5489349365234 82.2951431274414 83.7481002807617 82.1217956542969 80.8812637329102 80.5851516723633 77.6810607910156 77.3494262695312 80.3727798461914 81.2055282592773 80.9863739013672 82.1165237426758 81.1845779418945 85.1007232666016 85.6166534423828 85.8734588623047 85.9376754760742 85.8794174194336 85.5824661254883 85.6884994506836 85.8475036621094 86.0837554931641 86.4328079223633 86.3423919677734 86.1247406005859 85.9892196655273 85.9096984863281 85.608528137207
73.945671081543 76.7668228149414 77.9174880981445 78.82763671875 79.2970581054688 79.9120559692383 80.3446426391602 80.6571350097656 81.1618957519531 81.6403732299805 81.7189331054688 81.9756622314453 82.2052536010742 82.521614074707 82.7282562255859 82.7312698364258 82.8628234863281 82.9574279785156 83.0050277709961 83.3346633911133 83.3532180786133 83.7754669189453 84.3938369750977 84.1754989624023 82.8736267089844 82.9844970703125 82.3356704711914 82.2903518676758 81.7972183227539 80.9321365356445 82.5278015136719 82.3776779174805 83.8434982299805 87.6127166748047 87.2377014160156 87.4740295410156 87.6727600097656 87.8513793945312 87.687385559082 87.5054473876953 87.4466705322266 87.5812759399414 87.3035583496094 87.6452484130859 87.5796737670898 87.655517578125 87.3488998413086 87.0230026245117 86.7327728271484
76.3230056762695 77.638069152832 78.7908630371094 79.5774841308594 79.9744720458984 80.8404006958008 81.47412109375 81.518310546875 81.9472198486328 82.5065078735352 82.6124114990234 82.8234024047852 83.2167510986328 83.3887939453125 83.4802780151367 83.1867904663086 82.9958267211914 83.2910766601562 83.9649505615234 84.2076644897461 84.3687744140625 85.2723846435547 84.5408706665039 84.4464950561523 83.3978805541992 83.660400390625 83.9009857177734 83.2980880737305 82.831413269043 82.5034255981445 83.4116897583008 83.188346862793 83.5060958862305 88.8743438720703 88.7668838500977 88.4466094970703 88.5381774902344 88.6223983764648 88.6401519775391 88.4524230957031 88.442985534668 88.6420974731445 88.2277984619141 88.36669921875 88.4771118164062 88.2016830444336 87.9126586914062 87.6715087890625 87.3054580688477
76.9508438110352 78.1047439575195 79.115592956543 79.6044387817383 80.2255401611328 81.3488540649414 81.5888366699219 81.9195404052734 82.5599212646484 83.2505340576172 83.5279846191406 83.6530532836914 84.1596298217773 84.2433776855469 84.1826171875 83.8415374755859 83.4322052001953 83.6425933837891 84.4533462524414 84.7303314208984 85.1756820678711 85.3358001708984 84.8670501708984 84.6853942871094 84.1680374145508 84.3841857910156 84.8966522216797 84.4560241699219 84.0212249755859 83.7483062744141 84.1969451904297 84.0559387207031 84.6214370727539 89.8452606201172 89.6625900268555 89.4520492553711 89.4371337890625 89.3732452392578 89.660270690918 89.5535736083984 89.5963134765625 89.6202621459961 89.4024276733398 89.2582778930664 89.2755126953125 88.8688354492188 88.437858581543 88.2504348754883 87.8724594116211
76.4700622558594 77.9693908691406 79.096305847168 79.4687881469727 80.4006195068359 81.449577331543 81.7196273803711 82.346794128418 83.02197265625 83.8290863037109 84.2952041625977 84.4237823486328 84.7544708251953 84.9436111450195 85.0305633544922 84.9343795776367 84.6900253295898 84.467643737793 85.005989074707 85.7801666259766 85.7370681762695 85.3730239868164 88.2994995117188 86.9040679931641 87.6068572998047 86.6170501708984 84.9877395629883 85.043701171875 84.6232833862305 84.3208541870117 84.9785766601562 85.357666015625 87.1787643432617 90.8389892578125 90.5499038696289 90.2721481323242 90.3556518554688 90.3796157836914 90.4487533569336 90.3855590820312 90.5011825561523 90.4799652099609 90.318977355957 90.1271591186523 89.9205169677734 89.2645874023438 88.9112167358398 88.6908340454102 88.3748168945312
76.2628707885742 78.1599349975586 79.22412109375 80.145133972168 80.891471862793 81.6307067871094 82.3374633789062 82.8239135742188 83.3865280151367 84.1710968017578 85.0346298217773 85.4120788574219 85.5862350463867 85.7346649169922 85.8643646240234 85.8801345825195 85.8068923950195 85.5557556152344 85.9934234619141 86.5583267211914 86.1779708862305 86.1941070556641 89.7308578491211 90.7901306152344 91.5633697509766 89.8348388671875 86.3662261962891 85.8570251464844 85.0374450683594 84.4218063354492 85.8085327148438 87.3368759155273 90.4836959838867 91.456169128418 91.4233093261719 91.2075576782227 91.2046737670898 91.1060562133789 90.8950958251953 90.8900451660156 91.0316314697266 91.0126495361328 90.9110260009766 90.8683700561523 90.6202850341797 89.6622085571289 89.3911056518555 89.2085800170898 88.9168853759766
