rcp4.5models/MPi_ESM_LR/sc1gr1.35
NCOLS 261 
NROWS 433 
XLLCORNER 336357.134 
YLLCORNER 654653.479 
CELLSIZE 1000 
NODATA_value -3.4e+38 
[rows 330 to 351 of 433, columns 196 to 244 of 261]
69.0822219848633 68.6132431030273 69.3318176269531 69.6358337402344 69.1690444946289 68.5676574707031 68.0583572387695 68.9890594482422 69.3899078369141 69.6614837646484 69.4811096191406 67.8280410766602 67.396240234375 67.6090545654297 67.1898040771484 67.6027679443359 66.9416809082031 67.3329467773438 66.8481826782227 66.6940002441406 66.3568496704102 66.1198348999023 65.5309524536133 65.5884857177734 65.911994934082 65.7825469970703 66.0797424316406 65.7145309448242 65.3760070800781 65.2677612304688 64.721565246582 64.549690246582 64.6030807495117 65.0432434082031 64.5829925537109 64.5990600585938 64.7934417724609 64.8539886474609 64.8869400024414 64.7562255859375 64.5981216430664 64.1612854003906 64.0156631469727 64.3125305175781 64.0076751708984 63.8766250610352 64.0188522338867 63.5563507080078 63.0704498291016
69.0321960449219 68.7889022827148 69.003547668457 69.3978271484375 69.5428314208984 68.7803344726562 68.7065200805664 68.4896621704102 68.6928176879883 68.7603759765625 68.6390609741211 67.9365615844727 68.0716781616211 68.0892868041992 67.4049682617188 67.4934768676758 66.9882278442383 67.3781967163086 66.8670501708984 66.4899978637695 66.4306182861328 66.3344497680664 65.8249588012695 65.7111663818359 66.0457153320312 66.1225433349609 66.0985794067383 65.7574996948242 65.4899444580078 65.4693222045898 64.8278961181641 64.3723602294922 64.801383972168 64.8356475830078 65.0188217163086 64.6777496337891 64.8711242675781 64.9004287719727 64.8348541259766 64.5641937255859 64.480712890625 64.297492980957 64.1881332397461 64.0942001342773 63.944751739502 63.844799041748 64.5530319213867 64.2935638427734 63.7923774719238
69.0883483886719 68.5426025390625 68.9639739990234 69.1474609375 69.3736572265625 68.8414688110352 68.7272033691406 68.2357177734375 68.0290832519531 68.0383605957031 67.8774032592773 67.9090270996094 67.9927520751953 68.0228881835938 67.7324829101562 67.6868743896484 67.3646621704102 -3.4e+38 66.6707458496094 66.2412185668945 66.4352264404297 66.4974746704102 65.9513702392578 65.8078842163086 66.2397842407227 66.0133438110352 65.8238372802734 65.9158706665039 65.7113189697266 65.5090103149414 64.9279556274414 64.5514068603516 64.8901290893555 64.9846954345703 65.1762542724609 65.0293884277344 64.8999328613281 64.716438293457 64.7353363037109 64.5658721923828 64.3130035400391 64.3498153686523 64.1445617675781 63.9870719909668 64.0999374389648 63.4238586425781 63.8472747802734 63.6492309570312 63.6376495361328
68.881217956543 68.6699752807617 69.4149398803711 68.954833984375 68.9160308837891 68.8795166015625 68.6679153442383 67.8420944213867 67.6017150878906 67.8905868530273 68.0574111938477 67.9556427001953 67.7644195556641 67.8703765869141 67.9306564331055 67.6946640014648 67.3943023681641 -3.4e+38 66.5824813842773 66.0664138793945 66.2533569335938 66.4208145141602 65.932502746582 65.9843902587891 66.5179901123047 66.1959686279297 65.8990020751953 66.0026321411133 65.8127593994141 65.4466323852539 65.0333480834961 64.8653869628906 64.6658096313477 64.9382019042969 65.4427871704102 65.21435546875 65.2420196533203 64.9314651489258 64.7210388183594 64.922233581543 64.2561569213867 64.6879577636719 64.0742645263672 64.3190078735352 64.0419921875 63.9139671325684 63.4979934692383 63.8172721862793 63.9587326049805
68.9210891723633 68.9526443481445 69.4330139160156 69.0476150512695 69.107536315918 69.2857131958008 68.6797409057617 67.8863754272461 67.6241836547852 67.8056030273438 68.0253219604492 67.7302551269531 67.8179473876953 68.1057968139648 67.9626770019531 67.4655380249023 67.3988342285156 67.0637893676758 67.1645660400391 66.2608489990234 66.0388870239258 66.1126022338867 66.0712356567383 66.6277160644531 66.1205825805664 66.2225494384766 66.0288543701172 65.719108581543 65.5615081787109 65.2763595581055 65.316650390625 64.885986328125 64.5577621459961 64.5783462524414 65.6442184448242 65.2578048706055 65.2993087768555 65.2255554199219 64.9686508178711 64.8368072509766 64.5657043457031 64.6180038452148 63.9886741638184 64.1681060791016 63.814754486084 63.8188667297363 63.4521026611328 64.2099990844727 64.2295227050781
69.0748901367188 68.8282623291016 69.3912658691406 69.6277618408203 69.5515747070312 69.7755966186523 69.6576995849609 67.974494934082 67.6255798339844 67.71484375 67.7977676391602 67.3128890991211 67.4346008300781 67.6425323486328 67.9067611694336 67.7468643188477 67.5299224853516 67.5027313232422 67.2519836425781 66.4345169067383 66.0938339233398 66.1405715942383 66.4911651611328 66.8223266601562 66.0227966308594 65.8754959106445 65.9996948242188 65.7035598754883 65.8024368286133 65.2979736328125 -3.4e+38 65.0216445922852 64.9451293945312 64.56396484375 65.0910263061523 65.4745483398438 64.9140548706055 65.3783721923828 65.1891326904297 64.8907470703125 64.9126510620117 64.5622024536133 64.5476455688477 63.8978309631348 63.7536582946777 63.7496337890625 63.3498191833496 64.1157455444336 64.2736053466797
69.2433166503906 69.5593338012695 69.7145462036133 69.6738128662109 69.8309555053711 71.4508666992188 71.3224258422852 68.6213912963867 68.4011764526367 68.2535552978516 67.2644195556641 67.3006820678711 67.9570693969727 67.6861724853516 67.4362945556641 67.5432510375977 67.3746948242188 67.5897598266602 67.0188751220703 67.0577011108398 66.9037322998047 66.8102874755859 66.4246520996094 66.5376205444336 66.8590850830078 66.2674713134766 66.5062408447266 66.0677947998047 65.7248153686523 65.1240997314453 64.7899627685547 64.9646148681641 64.5247192382812 65.4086532592773 65.7577133178711 65.2562026977539 65.0592269897461 65.2157363891602 65.384635925293 65.3451156616211 64.676872253418 64.8424453735352 64.0029907226562 63.7223930358887 63.7912483215332 63.7738227844238 63.6910247802734 63.8990364074707 64.0705642700195
69.503532409668 69.598014831543 70.4321594238281 70.0046615600586 69.5677642822266 70.2072219848633 71.0895690917969 68.6168060302734 68.9484710693359 68.3052520751953 67.2090454101562 67.435661315918 68.6494445800781 67.7698440551758 68.2445831298828 68.1349945068359 67.5108947753906 67.2407302856445 67.4677658081055 67.4327697753906 67.4168090820312 66.817024230957 66.6985778808594 66.0191650390625 66.3543701171875 65.4628219604492 66.1003952026367 66.0312576293945 65.8685150146484 65.3565673828125 64.864013671875 65.2844543457031 65.1153182983398 65.3493118286133 65.2043380737305 65.1737365722656 65.0381469726562 64.7821884155273 65.0447235107422 65.0917587280273 64.6352691650391 64.6691284179688 64.3287048339844 63.6296424865723 63.6968460083008 63.8597679138184 64.1453475952148 64.1075592041016 64.227653503418
69.3954010009766 69.1165466308594 70.4562301635742 69.9648590087891 68.6943054199219 69.1380844116211 70.5983963012695 68.3027725219727 68.0840759277344 67.9223556518555 67.7980422973633 67.4123153686523 67.8202438354492 67.9177398681641 67.7524108886719 67.6109161376953 67.5673599243164 67.3956832885742 67.964485168457 67.2666931152344 66.9805603027344 66.1259307861328 66.3218536376953 65.8995361328125 66.2849731445312 66.5095443725586 66.4608001708984 65.9025421142578 65.5941772460938 65.401969909668 65.3087997436523 65.1831283569336 65.4519195556641 65.6326293945312 65.0780563354492 64.7835311889648 65.1739120483398 65.1597137451172 65.1531753540039 65.1179962158203 64.9653396606445 64.158935546875 64.1304550170898 63.7296905517578 63.8068580627441 63.7861709594727 64.2485961914062 63.8735504150391 64.2118682861328
69.4116439819336 69.3451232910156 70.1459503173828 69.0063705444336 68.7744064331055 69.2233581542969 69.5385971069336 68.2279739379883 67.9714050292969 67.3949813842773 68.0004425048828 67.576286315918 68.0540771484375 68.0561141967773 67.1789855957031 67.6187515258789 67.8009796142578 67.8286285400391 67.3481750488281 66.7431640625 66.8463821411133 66.3112335205078 65.9659881591797 65.9747619628906 67.1089096069336 66.789306640625 66.500244140625 66.0665588378906 65.8213043212891 65.7609100341797 65.4408340454102 65.393310546875 65.5478897094727 65.9534759521484 65.7078018188477 64.9489364624023 65.0999526977539 65.2131423950195 65.3995971679688 65.3161087036133 65.0792007446289 64.0535278320312 63.9379005432129 63.9007682800293 64.0527725219727 63.9176826477051 64.4538955688477 64.1452178955078 64.2388381958008
69.113525390625 68.9474639892578 69.0295944213867 68.4305114746094 69.1880722045898 68.8230819702148 68.3783798217773 67.8097457885742 68.1542663574219 67.434211730957 67.4783325195312 67.4261856079102 68.0235061645508 67.8515930175781 67.8897323608398 67.7318115234375 67.6908264160156 68.0708465576172 67.1482238769531 66.7351150512695 66.9873657226562 66.5182189941406 66.177360534668 66.5245590209961 66.567138671875 66.0224761962891 66.2387542724609 66.6463623046875 66.0240173339844 66.1126174926758 65.6287994384766 65.7731323242188 65.7091293334961 65.9359512329102 65.6637115478516 64.8333740234375 65.1265563964844 65.3802337646484 65.4306564331055 65.198860168457 64.9528274536133 63.9809150695801 63.9307479858398 63.8642463684082 64.0563888549805 63.8909721374512 64.5203857421875 64.41162109375 64.2540130615234
68.803581237793 68.7473907470703 68.5846710205078 68.2790374755859 68.8558349609375 68.3075866699219 68.2948760986328 67.7984466552734 67.8345794677734 67.8704299926758 67.3305740356445 67.1832656860352 67.2902984619141 67.6983795166016 68.2693710327148 67.2014694213867 67.3247756958008 67.9316101074219 67.6797714233398 66.8588943481445 66.5849609375 66.1675033569336 66.3928909301758 66.7868041992188 66.2475967407227 66.3276519775391 66.3996963500977 66.7008972167969 66.3550643920898 66.1419525146484 65.895637512207 65.7014465332031 65.4784088134766 65.9383926391602 65.6130218505859 64.9331817626953 65.3257141113281 65.6455459594727 65.402229309082 65.177116394043 64.9913787841797 64.434700012207 64.0627746582031 64.1340484619141 63.8826065063477 63.714485168457 64.1286163330078 64.3692779541016 64.1700897216797
68.7055358886719 68.9093246459961 69.0994186401367 68.2419967651367 68.1280670166016 68.0871047973633 68.5370864868164 68.4503860473633 68.0309371948242 68.1537322998047 67.7578582763672 67.696044921875 67.2202301025391 67.6694259643555 67.8191986083984 67.5514526367188 67.148307800293 67.4856872558594 67.6497192382812 66.7334136962891 66.4448394775391 66.0311126708984 66.2799072265625 66.9666061401367 66.741340637207 66.8866195678711 66.2959976196289 66.163215637207 66.4443054199219 66.3710250854492 65.827880859375 65.5795745849609 65.0200424194336 65.8744659423828 65.2425231933594 65.112548828125 65.2259979248047 65.3128280639648 65.2248229980469 65.287841796875 64.94970703125 64.7354049682617 64.4076080322266 64.3526458740234 64.0282974243164 64.2311935424805 63.9160766601562 64.248420715332 63.8703689575195
68.9544372558594 69.2966537475586 69.1662673950195 68.994743347168 68.1321792602539 68.2984237670898 68.2479705810547 68.7784652709961 68.3128967285156 68.3863677978516 68.1036834716797 67.9182357788086 67.6375274658203 67.6239242553711 67.6263122558594 67.7961807250977 67.0855026245117 67.1602020263672 67.1883087158203 66.5045394897461 66.9183883666992 66.8228378295898 66.8070220947266 67.0604934692383 66.5562133789062 66.6676712036133 66.6662979125977 66.4102172851562 66.3519515991211 66.1647186279297 65.7241897583008 65.2611083984375 65.4532241821289 66.0195999145508 65.4402008056641 65.2371063232422 65.2892456054688 65.2464218139648 65.4563522338867 65.5110626220703 65.1439056396484 64.6133575439453 64.6805572509766 64.25927734375 64.1475524902344 64.7678833007812 64.0344696044922 64.3336563110352 63.7396926879883
68.9854888916016 69.4869842529297 68.8613510131836 69.3040542602539 68.8092269897461 69.2638931274414 68.3772583007812 67.9307632446289 67.8650207519531 68.1423721313477 67.809326171875 67.4936904907227 67.8514556884766 67.7322540283203 68.0099792480469 68.1558303833008 67.6820602416992 67.0597839355469 66.7076568603516 66.8042221069336 67.1000595092773 67.1113662719727 67.0912094116211 67.0551605224609 66.5916976928711 66.9034423828125 67.1920623779297 66.7861404418945 66.3448944091797 66.0127334594727 66.0413589477539 65.3290252685547 65.9617614746094 66.0496292114258 66.0201721191406 65.597541809082 65.7797088623047 65.6999816894531 65.3681259155273 65.1002960205078 65.3578033447266 64.9751586914062 65.0112915039062 64.3312759399414 64.2711944580078 64.4820098876953 64.1411514282227 63.9853210449219 64.1815414428711
68.901252746582 68.9389495849609 68.6250762939453 69.3070449829102 69.6211242675781 69.8221435546875 68.8055419921875 67.5940628051758 67.8347549438477 67.9690780639648 67.8046035766602 67.433464050293 67.1356887817383 67.7535400390625 68.0876770019531 68.694465637207 68.2161178588867 67.2341537475586 66.5278015136719 67.1707534790039 67.0132217407227 66.8046951293945 66.9116058349609 66.6464767456055 66.6244125366211 66.961784362793 66.9203491210938 66.8334579467773 66.3524017333984 66.1677856445312 65.8997192382812 65.8534698486328 65.2952041625977 65.1564712524414 65.4441070556641 65.2201843261719 65.9660491943359 65.6064300537109 65.3708419799805 65.1592407226562 65.1339263916016 65.2760162353516 64.9796829223633 64.6023559570312 64.7016143798828 64.223030090332 63.9743499755859 63.841983795166 64.1716232299805
69.1351928710938 69.0258636474609 68.6859512329102 68.7574768066406 69.2746810913086 69.3202438354492 68.9314422607422 68.0848617553711 68.0032653808594 68.0629959106445 67.8990020751953 67.6895294189453 67.0419845581055 67.5754241943359 67.726936340332 68.6865692138672 68.4964904785156 67.5162887573242 67.0676956176758 67.5683135986328 67.1176300048828 66.9664306640625 66.9090118408203 66.547721862793 66.4148941040039 66.8439025878906 66.2089691162109 66.2077941894531 65.9575653076172 66.0738220214844 65.7691345214844 65.9875030517578 65.1730880737305 64.6413192749023 64.9947662353516 64.8144454956055 65.8361663818359 65.5730133056641 65.7611389160156 65.6611404418945 65.4110641479492 64.8848495483398 65.1281127929688 65.0747909545898 64.8130035400391 64.3378143310547 64.4071350097656 64.401123046875 64.4310913085938
69.3016662597656 69.7725524902344 69.1268920898438 68.4930801391602 68.8027877807617 68.8843154907227 68.9280471801758 68.2043838500977 67.6930160522461 67.2717742919922 67.2792358398438 67.6613311767578 67.3684005737305 67.2570953369141 67.3344573974609 68.3116226196289 68.4042816162109 67.1665267944336 67.161247253418 67.1610946655273 66.842041015625 67.012565612793 67.1931762695312 66.8848724365234 66.4993209838867 66.8180770874023 65.9217224121094 66.0159454345703 66.0538101196289 66.1785659790039 66.0273284912109 66.0869979858398 65.3644790649414 65.6382141113281 65.5730667114258 64.9591445922852 65.6572418212891 65.8039855957031 65.6626358032227 65.8838577270508 65.5535125732422 64.5988998413086 65.2040252685547 64.6752319335938 64.7211608886719 64.1728591918945 64.7647094726562 64.5629119873047 63.7075805664062
69.5177612304688 69.401481628418 69.0713195800781 68.9097213745117 68.8539581298828 68.7503280639648 68.9518203735352 68.6357650756836 68.1934509277344 67.9200286865234 67.4646224975586 67.3632278442383 67.9209136962891 67.505973815918 67.8018264770508 67.7533721923828 67.6707305908203 67.6869430541992 68.0908813476562 68.4070205688477 67.0515899658203 67.0731201171875 66.8603744506836 66.6152801513672 66.479362487793 66.6446914672852 66.2024841308594 66.3024673461914 66.3087921142578 66.2158126831055 66.1269149780273 65.8539581298828 65.8776321411133 65.4774551391602 65.0399703979492 65.2508392333984 65.9571990966797 65.9022445678711 65.4063034057617 65.5940628051758 65.6921691894531 65.0624847412109 64.8783111572266 64.8868408203125 64.4733581542969 64.253303527832 64.7311630249023 64.6350326538086 64.6829986572266
69.2634582519531 69.2680511474609 68.9059448242188 68.8656387329102 69.4099273681641 68.6265335083008 68.7812881469727 68.2892150878906 68.154052734375 67.9895858764648 67.5859069824219 67.9939651489258 67.827522277832 67.2067794799805 67.9504928588867 68.1088027954102 67.7487106323242 67.285758972168 67.5619888305664 67.2824325561523 66.9479598999023 66.8650131225586 66.7899856567383 67.0958480834961 66.7977752685547 66.9494400024414 66.6758804321289 66.4843139648438 66.7408828735352 66.5389709472656 65.8361282348633 65.7494888305664 65.9094848632812 65.0301284790039 65.1400604248047 65.2739868164062 65.9378356933594 65.7072372436523 65.5355453491211 65.7873992919922 65.4480743408203 64.7425003051758 64.9296035766602 64.9311294555664 64.7522811889648 64.6923522949219 64.6130142211914 64.4699249267578 64.6580505371094
69.10498046875 69.4424819946289 68.8856735229492 68.7560653686523 69.3597946166992 69.0479125976562 68.8454208374023 68.5338363647461 68.2317657470703 67.9760818481445 67.7758636474609 68.0514831542969 67.9729232788086 67.5967636108398 67.912239074707 67.8557434082031 67.5708999633789 67.1164703369141 67.1751480102539 66.8495864868164 66.8309097290039 66.793327331543 66.7328186035156 67.0219192504883 67.1639022827148 67.0461654663086 66.7528305053711 66.5570755004883 66.5126800537109 66.3056106567383 65.7527389526367 65.8466949462891 65.9823150634766 65.5189590454102 65.3537139892578 65.7123947143555 65.9134140014648 65.3124084472656 65.6272048950195 65.7024230957031 65.0447998046875 64.7774887084961 65.101676940918 64.9889984130859 64.519660949707 64.7451095581055 64.2635726928711 64.6720886230469 64.4307479858398
68.8965911865234 69.0489501953125 68.7355041503906 68.9977874755859 68.962646484375 68.9380111694336 68.9619064331055 68.685432434082 68.6298599243164 67.9856872558594 67.9266510009766 67.6808013916016 67.8974685668945 67.4920349121094 67.3488845825195 67.6606521606445 67.4163436889648 67.2946701049805 67.247932434082 67.05224609375 66.7592849731445 66.7662811279297 66.7059020996094 66.3742599487305 66.757698059082 66.8115997314453 66.9791259765625 66.7956848144531 66.3857116699219 66.4309539794922 65.9408340454102 65.9384307861328 65.9402313232422 65.7024612426758 65.6352920532227 65.6352310180664 65.7375106811523 65.2055969238281 65.5735549926758 65.3103103637695 65.0869064331055 64.9537506103516 64.8414077758789 65.0186386108398 64.6708068847656 -3.4e+38 -3.4e+38 64.4309005737305 64.138671875
