rcp4.5models/MPi_ESM_LR/sc1gr7.37
NCOLS 261 
NROWS 433 
XLLCORNER 336357.134 
YLLCORNER 654653.479 
CELLSIZE 1000 
NODATA_value -3.4e+38 
[rows 352 to 373 of 433, columns 196 to 244 of 261]
121.412300109863 121.327545166016 121.181159973145 121.098411560059 120.852798461914 120.692176818848 120.535461425781 120.23942565918 120.138221740723 119.958213806152 119.777236938477 119.655822753906 119.50074005127 119.40291595459 119.263313293457 119.125274658203 118.999778747559 118.931045532227 118.736755371094 118.674476623535 118.644172668457 118.653785705566 118.609016418457 118.541687011719 118.478469848633 118.404579162598 118.353446960449 118.307647705078 118.293510437012 118.386894226074 118.438903808594 118.396751403809 118.447547912598 118.488288879395 118.439002990723 118.451553344727 118.519828796387 118.511611938477 118.489944458008 118.603729248047 118.716796875 118.740196228027 118.813163757324 -3.4e+38 -3.4e+38 -3.4e+38 -3.4e+38 119.179138183594 119.238433837891
121.65299987793 121.548042297363 121.470237731934 121.279899597168 121.105598449707 120.931381225586 120.820449829102 120.517517089844 120.307159423828 120.10262298584 120.004989624023 119.837051391602 119.653221130371 119.589683532715 119.406272888184 119.310913085938 119.178329467773 119.140953063965 118.857353210449 118.851081848145 118.748352050781 118.814926147461 118.754600524902 118.644577026367 118.572723388672 118.551483154297 118.570587158203 118.50611114502 118.454048156738 118.495277404785 118.520393371582 118.521705627441 118.510215759277 118.550285339355 118.566535949707 118.556198120117 118.651000976562 118.55623626709 118.566703796387 118.633338928223 -3.4e+38 -3.4e+38 -3.4e+38 -3.4e+38 -3.4e+38 -3.4e+38 -3.4e+38 119.158752441406 119.283157348633
121.918678283691 121.806648254395 121.69278717041 121.48657989502 121.357048034668 121.181838989258 121.092079162598 120.737678527832 120.556968688965 120.350967407227 120.219856262207 120.010696411133 119.90803527832 119.680221557617 119.551910400391 119.435470581055 119.391067504883 119.26309967041 119.019813537598 119.037704467773 118.931114196777 118.96053314209 118.878257751465 118.754386901855 118.709815979004 118.693351745605 118.681694030762 118.682052612305 118.609130859375 118.577430725098 118.659652709961 118.575988769531 118.524391174316 118.647857666016 118.627265930176 118.564002990723 118.65234375 118.666191101074 118.660720825195 -3.4e+38 -3.4e+38 -3.4e+38 -3.4e+38 -3.4e+38 -3.4e+38 -3.4e+38 -3.4e+38 -3.4e+38 119.347091674805
122.217391967773 122.042747497559 121.922821044922 121.774711608887 121.578971862793 121.363098144531 121.316772460938 120.923202514648 120.788917541504 120.619171142578 120.45198059082 120.23624420166 120.143768310547 119.918792724609 119.739791870117 119.609802246094 119.581932067871 119.429962158203 119.202911376953 119.103240966797 119.090530395508 119.08219909668 118.992500305176 118.958358764648 118.858787536621 118.798721313477 118.802658081055 118.810516357422 118.791694641113 118.747749328613 118.680419921875 118.617805480957 118.661796569824 118.78776550293 118.740104675293 118.690475463867 118.619079589844 118.833145141602 -3.4e+38 -3.4e+38 -3.4e+38 -3.4e+38 -3.4e+38 -3.4e+38 -3.4e+38 -3.4e+38 -3.4e+38 -3.4e+38 -3.4e+38
122.505828857422 122.278938293457 122.096839904785 121.910423278809 121.778144836426 121.570121765137 121.487762451172 121.142051696777 120.906097412109 120.767066955566 120.629577636719 120.408828735352 120.297264099121 120.214241027832 119.923675537109 119.748573303223 119.691520690918 119.627548217773 119.373809814453 119.227676391602 119.232055664062 119.142372131348 119.14111328125 119.087760925293 118.969169616699 118.897453308105 118.967796325684 118.94019317627 118.880401611328 118.908683776855 118.816146850586 118.809814453125 118.869407653809 118.844757080078 118.848251342773 118.82723236084 -3.4e+38 -3.4e+38 -3.4e+38 -3.4e+38 -3.4e+38 -3.4e+38 -3.4e+38 -3.4e+38 -3.4e+38 -3.4e+38 -3.4e+38 -3.4e+38 -3.4e+38
122.804718017578 122.498863220215 122.306289672852 122.100212097168 121.886878967285 121.805740356445 121.702781677246 121.26587677002 121.099746704102 120.954788208008 120.803100585938 120.54069519043 120.378524780273 120.323867797852 120.095901489258 119.939361572266 119.857032775879 119.81135559082 119.563354492188 119.392066955566 119.320510864258 119.199600219727 119.255355834961 119.261665344238 119.152893066406 119.0478515625 119.10302734375 118.978904724121 118.947128295898 119.021492004395 118.975463867188 118.891090393066 118.879371643066 118.861831665039 118.850936889648 118.875930786133 -3.4e+38 -3.4e+38 -3.4e+38 -3.4e+38 -3.4e+38 -3.4e+38 -3.4e+38 -3.4e+38 -3.4e+38 -3.4e+38 -3.4e+38 -3.4e+38 -3.4e+38
123.014778137207 122.751068115234 122.580810546875 122.340042114258 122.05012512207 121.970153808594 121.887390136719 121.468444824219 121.380172729492 121.167175292969 120.921363830566 120.757209777832 120.532508850098 120.427703857422 120.220428466797 120.086944580078 119.968948364258 119.919937133789 119.732475280762 119.631042480469 119.530754089355 119.357208251953 119.338287353516 119.347343444824 119.333930969238 119.203964233398 119.169921875 119.018966674805 119.047309875488 119.040534973145 119.029167175293 118.887657165527 118.967575073242 118.955917358398 118.936431884766 -3.4e+38 -3.4e+38 -3.4e+38 -3.4e+38 -3.4e+38 -3.4e+38 -3.4e+38 -3.4e+38 -3.4e+38 -3.4e+38 -3.4e+38 -3.4e+38 -3.4e+38 -3.4e+38
123.159652709961 123.013534545898 122.808349609375 122.612609863281 122.359146118164 122.11222076416 122.01180267334 121.691398620605 121.534675598145 121.327194213867 121.075561523438 120.903327941895 120.745803833008 120.559356689453 120.376747131348 120.225173950195 120.067024230957 119.998161315918 119.879638671875 119.800422668457 119.717735290527 119.493675231934 119.512908935547 119.378814697266 119.343101501465 119.288414001465 119.273414611816 119.130325317383 119.211380004883 119.142219543457 119.038536071777 119.074584960938 119.147521972656 119.045806884766 119.011901855469 119.073257446289 -3.4e+38 -3.4e+38 -3.4e+38 -3.4e+38 -3.4e+38 -3.4e+38 -3.4e+38 -3.4e+38 -3.4e+38 -3.4e+38 -3.4e+38 -3.4e+38 -3.4e+38
123.735763549805 123.585815429688 123.416664123535 123.125885009766 122.79264831543 122.573753356934 122.382926940918 121.991622924805 121.842269897461 121.734420776367 121.435104370117 121.308746337891 121.190582275391 121.083122253418 120.77791595459 120.675308227539 120.533477783203 120.410354614258 120.067459106445 119.991821289062 119.871467590332 119.79190826416 119.73112487793 119.621543884277 119.561820983887 119.469528198242 119.512390136719 119.440498352051 119.321640014648 119.269157409668 119.255081176758 119.204879760742 119.248985290527 119.288291931152 119.282272338867 119.264709472656 -3.4e+38 -3.4e+38 -3.4e+38 -3.4e+38 -3.4e+38 -3.4e+38 -3.4e+38 -3.4e+38 -3.4e+38 -3.4e+38 -3.4e+38 -3.4e+38 -3.4e+38
123.963653564453 123.747734069824 123.599075317383 123.386489868164 123.118362426758 122.839454650879 122.651931762695 122.201103210449 121.980461120605 121.794120788574 121.643615722656 121.600814819336 121.390731811523 121.224739074707 120.998710632324 120.942512512207 120.720077514648 120.544044494629 120.135406494141 120.073150634766 119.897193908691 119.92253112793 119.824668884277 119.721527099609 119.678977966309 119.622001647949 119.65665435791 119.573234558105 119.444885253906 119.461128234863 119.317901611328 119.375205993652 119.388450622559 119.371925354004 119.341316223145 119.25032043457 119.370582580566 -3.4e+38 -3.4e+38 -3.4e+38 -3.4e+38 -3.4e+38 -3.4e+38 -3.4e+38 -3.4e+38 -3.4e+38 -3.4e+38 -3.4e+38 -3.4e+38
124.014083862305 123.838432312012 123.687103271484 123.528625488281 123.319694519043 123.029693603516 122.91552734375 122.386116027832 122.130668640137 121.93376159668 121.757766723633 121.632041931152 121.476127624512 121.392501831055 121.147895812988 121.045036315918 120.85791015625 120.705596923828 120.360336303711 120.228981018066 120.047462463379 120.101615905762 119.883148193359 119.828521728516 119.839736938477 119.782646179199 119.771492004395 119.700988769531 119.64168548584 119.522674560547 119.413146972656 119.499481201172 119.457550048828 119.445945739746 119.425422668457 119.419929504395 119.426567077637 119.433639526367 119.364036560059 119.389114379883 119.572883605957 -3.4e+38 -3.4e+38 -3.4e+38 -3.4e+38 -3.4e+38 -3.4e+38 -3.4e+38 -3.4e+38
124.215347290039 124.037437438965 123.902420043945 123.609558105469 123.394462585449 123.23014831543 123.132934570312 122.609184265137 122.425331115723 122.205131530762 121.936904907227 121.740463256836 121.58975982666 121.474487304688 121.277648925781 121.139617919922 121.025917053223 120.824829101562 120.497077941895 120.324882507324 120.202987670898 120.204833984375 120.076370239258 119.966018676758 119.981094360352 119.921295166016 119.84449005127 119.818466186523 119.682563781738 119.58438873291 119.575531005859 119.566467285156 119.528541564941 119.581359863281 119.529006958008 119.592727661133 119.494575500488 119.499862670898 119.445083618164 119.459648132324 119.702995300293 119.639869689941 -3.4e+38 -3.4e+38 -3.4e+38 -3.4e+38 -3.4e+38 -3.4e+38 -3.4e+38
124.547973632812 124.330902099609 124.072570800781 123.706733703613 123.502891540527 123.317588806152 123.226943969727 122.749816894531 122.557876586914 122.366844177246 122.150230407715 121.981338500977 121.754066467285 121.453872680664 121.347618103027 121.248512268066 121.149307250977 120.956314086914 120.693145751953 120.488395690918 120.377250671387 120.305168151855 120.214172363281 120.230155944824 120.129653930664 120.022529602051 119.913330078125 119.928535461426 119.722152709961 119.715530395508 119.739685058594 119.605949401855 119.611518859863 119.662261962891 119.626998901367 119.65510559082 119.548446655273 119.54564666748 119.612991333008 119.729904174805 119.73624420166 119.735794067383 119.840148925781 -3.4e+38 -3.4e+38 -3.4e+38 -3.4e+38 -3.4e+38 -3.4e+38
124.751510620117 124.483428955078 124.257194519043 123.93482208252 123.710823059082 123.406700134277 123.307327270508 122.850730895996 122.628471374512 122.469245910645 122.201362609863 122.075492858887 121.833503723145 121.558906555176 121.40470123291 121.360679626465 121.275863647461 121.068023681641 120.822456359863 120.679550170898 120.523574829102 120.393127441406 120.285354614258 120.306411743164 120.186546325684 120.117630004883 120.062065124512 119.968574523926 119.913543701172 119.896034240723 119.809791564941 119.668144226074 119.643310546875 119.676162719727 119.695709228516 119.762603759766 119.682121276855 119.661750793457 119.721328735352 119.897338867188 119.829978942871 119.873092651367 120.01505279541 120.086814880371 120.110633850098 -3.4e+38 -3.4e+38 -3.4e+38 -3.4e+38
124.923133850098 124.769508361816 124.506690979004 124.229560852051 123.962219238281 123.691993713379 123.554794311523 122.995574951172 122.836250305176 122.61499786377 122.350540161133 122.22290802002 122.077026367188 121.820053100586 121.608589172363 121.456512451172 121.385131835938 121.190231323242 120.97282409668 120.850364685059 120.663200378418 120.581855773926 120.474891662598 120.282409667969 120.212394714355 120.23356628418 120.133712768555 120.023918151855 120.089149475098 120.089775085449 119.819534301758 119.839195251465 119.774314880371 119.710182189941 119.800247192383 119.874671936035 119.87166595459 119.763725280762 119.805404663086 119.96817779541 119.943901062012 119.94571685791 120.108573913574 120.131385803223 120.179351806641 -3.4e+38 -3.4e+38 -3.4e+38 -3.4e+38
125.038536071777 124.98917388916 124.721481323242 124.444381713867 124.17244720459 123.92081451416 123.675727844238 123.188507080078 122.967079162598 122.736442565918 122.576591491699 122.497695922852 122.329833984375 122.044944763184 121.806465148926 121.673896789551 121.476745605469 121.374931335449 121.208114624023 121.051986694336 120.848670959473 120.79817199707 120.583595275879 120.378273010254 120.357368469238 120.279083251953 120.193962097168 120.122451782227 120.128044128418 120.200630187988 119.981567382812 120.041564941406 119.985260009766 119.849266052246 119.904830932617 119.912803649902 119.949081420898 119.778656005859 119.895935058594 120.028190612793 119.979789733887 119.977912902832 120.018898010254 120.073295593262 120.189056396484 120.23365020752 -3.4e+38 -3.4e+38 -3.4e+38
125.174575805664 125.01335144043 124.884948730469 124.642608642578 124.339660644531 124.042366027832 123.829597473145 123.439727783203 123.102630615234 122.910949707031 122.763801574707 122.604484558105 122.467864990234 122.221214294434 121.963958740234 121.850379943848 121.675552368164 121.459800720215 121.336143493652 121.229209899902 121.04418182373 120.89022064209 120.656242370605 120.526527404785 120.438499450684 120.333343505859 120.353942871094 120.230606079102 120.27222442627 120.292373657227 120.095695495605 120.176544189453 120.110809326172 120.080406188965 120.030448913574 120.060913085938 119.972816467285 119.801574707031 119.91446685791 120.100006103516 119.980484008789 120.054931640625 119.99633026123 120.085556030273 120.234832763672 -3.4e+38 -3.4e+38 -3.4e+38 -3.4e+38
125.379333496094 125.11604309082 125.044296264648 124.756805419922 124.447822570801 124.29801940918 124.081184387207 123.621002197266 123.324607849121 123.09659576416 122.974006652832 122.67407989502 122.510917663574 122.417915344238 122.174850463867 121.950813293457 121.813575744629 121.574066162109 121.444351196289 121.335998535156 121.111068725586 120.961708068848 120.786926269531 120.708290100098 120.581428527832 120.467384338379 120.455375671387 120.373626708984 120.401245117188 120.329483032227 120.170883178711 120.216567993164 120.183883666992 120.27661895752 120.181945800781 120.166610717773 119.979423522949 119.89079284668 120.016639709473 120.106460571289 120.025756835938 120.158576965332 120.185722351074 120.249458312988 120.365875244141 -3.4e+38 -3.4e+38 -3.4e+38 -3.4e+38
125.535140991211 125.34033203125 125.179679870605 124.835922241211 124.618202209473 124.456809997559 124.167335510254 123.664039611816 123.49267578125 123.26050567627 123.119361877441 122.822151184082 122.569900512695 122.512687683105 122.308609008789 122.083625793457 121.895477294922 121.766502380371 121.480278015137 121.33430480957 121.106285095215 121.047912597656 120.949111938477 120.867729187012 120.718437194824 120.633918762207 120.538841247559 120.479248046875 120.417861938477 120.336563110352 120.300559997559 120.284530639648 120.325759887695 120.379814147949 120.28239440918 120.218551635742 120.071586608887 120.053291320801 120.107635498047 120.140464782715 120.192649841309 120.23998260498 120.30339050293 120.310958862305 -3.4e+38 -3.4e+38 -3.4e+38 -3.4e+38 -3.4e+38
125.895156860352 125.694358825684 125.560104370117 125.235321044922 125.076934814453 124.752616882324 124.521614074707 123.924880981445 123.807510375977 123.494758605957 123.323104858398 123.092895507812 122.852165222168 122.686546325684 122.465476989746 122.210792541504 122.144157409668 122.074638366699 121.772453308105 121.548301696777 121.374488830566 121.27473449707 121.218070983887 121.080657958984 120.96257019043 120.912979125977 120.791343688965 120.767738342285 120.71199798584 120.657592773438 120.584861755371 120.563453674316 120.585411071777 120.559684753418 120.412902832031 120.486686706543 120.432502746582 120.368034362793 120.353996276855 120.262939453125 120.274047851562 120.448745727539 120.430023193359 -3.4e+38 -3.4e+38 -3.4e+38 -3.4e+38 -3.4e+38 -3.4e+38
126.055656433105 125.784156799316 125.656410217285 125.358932495117 125.146591186523 124.860252380371 124.647178649902 124.050231933594 123.925682067871 123.587783813477 123.39924621582 123.262489318848 123.039375305176 122.808280944824 122.640892028809 122.354736328125 122.285865783691 122.142272949219 121.955352783203 121.756645202637 121.611404418945 121.487998962402 121.305305480957 121.146362304688 121.026466369629 121.101226806641 120.989433288574 120.872009277344 120.839866638184 120.740905761719 120.741333007812 120.677124023438 120.658813476562 120.64769744873 120.612152099609 120.54419708252 120.530235290527 120.408485412598 120.413345336914 120.39835357666 120.39527130127 120.450759887695 -3.4e+38 -3.4e+38 -3.4e+38 -3.4e+38 -3.4e+38 -3.4e+38 -3.4e+38
126.173873901367 125.926765441895 125.771942138672 125.56957244873 125.192840576172 124.890998840332 124.720039367676 124.335716247559 124.116317749023 123.743560791016 123.56413269043 123.406471252441 123.188575744629 122.930503845215 122.828048706055 122.555969238281 122.519416809082 122.264823913574 122.041870117188 121.888343811035 121.746910095215 121.659767150879 121.377578735352 121.19596862793 121.122398376465 121.189453125 121.119285583496 121.044464111328 120.980995178223 120.902702331543 120.821479797363 120.864822387695 120.723342895508 120.673156738281 120.629173278809 -3.4e+38 120.697715759277 -3.4e+38 120.562004089355 120.533767700195 120.523094177246 -3.4e+38 -3.4e+38 -3.4e+38 -3.4e+38 -3.4e+38 -3.4e+38 -3.4e+38 -3.4e+38
