rcp4.5models/MPi_ESM_LR/sc1gr3.5
NCOLS 261 
NROWS 433 
XLLCORNER 336357.134 
YLLCORNER 654653.479 
CELLSIZE 1000 
NODATA_value -9999 
[rows 264 to 285 of 433, columns 100 to 149 of 261]
260.899598718937 260.444945516809 260.570042823725 260.657374816926 260.9308679087 260.422274095047 258.258707439517 249.231279646799 239.734867116928 247.444248092888 257.562107092823 257.02770363055 235.351529758829 226.532307974297 225.603306488452 226.826133691823 227.405668837273 228.361166772151 236.287662709992 240.733483811507 243.413127719939 243.751006361364 243.671005681562 243.032179057838 242.799785809739 235.445035528817 228.479559125642 223.946707146539 217.055548629857 209.856756372042 201.788152457569 197.151989999198 200.39865750575 197.682861723175 188.167817532422 167.79979006034 175.065419388344 184.728318245393 193.284594440688 199.493959784345 201.462759672465 194.714509022544 193.000791436829 198.54961907224 211.515730697457 222.222495999824 233.656699578388 237.600340473764 246.690597067995 242.381656111917
259.839535338121 259.396594846451 260.095526243784 260.311298820871 260.789779321126 260.547948641621 258.697847295757 250.779107842549 240.737304637284 245.801703183598 256.92292742806 257.303780787868 243.647758371938 229.693999750672 224.669294781836 226.294049357041 227.76171204283 228.857105136411 239.111824673164 243.052588344443 243.055070624972 243.20129554826 243.493446068808 242.380538629697 242.110739887037 237.389424517036 232.58814926646 224.925164715522 216.194388960761 207.171851162443 199.527251077761 196.396139877424 201.075646477914 201.42879003426 195.012646407364 176.029136309035 174.974132156735 174.585588344175 182.751378782441 186.561717361586 189.918802583528 187.934061419926 189.075368486014 199.181364426683 214.088209981325 220.203896961029 240.086457668054 242.222689433023 244.96992739815 235.209763438867
259.086619706173 257.860937718947 259.033751001901 260.164138989975 260.055590429399 260.016619613947 259.992881666448 259.583926201855 254.194660992012 244.139608946948 242.829984760526 248.825218755569 252.56019423407 241.211439928208 227.175032648817 224.647148134919 226.390362088588 227.630817472465 224.597967500067 225.927141190519 231.680840653303 240.122664317074 242.949254888805 242.740968531853 242.395299456287 237.522946472417 234.605145626536 230.490137075257 222.745687215286 212.654430479381 199.471493390203 190.774354875124 192.671889864931 203.26444398343 206.227347631688 196.35973184762 192.114999837219 189.178609652118 183.8801784202 176.245773701356 173.233781650477 180.041106111063 194.406555457106 209.797361388188 217.719854429037 226.259360719728 239.812040184989 240.106244529537 231.119733552813 220.053839418111
256.943353494226 255.595471632075 256.226989229125 259.703391144866 259.803072657614 259.921880963359 259.958727540415 259.688190148089 257.555014272014 249.448686615433 238.82719745094 237.438630068432 248.53019536433 240.57354823817 229.345031546229 224.044981414425 226.177229558302 227.845901655164 226.617887042148 229.684895393086 232.716085205586 234.67086827001 240.00132840472 242.661896516958 243.071019244056 239.72329421058 234.535361722019 228.316946599465 220.187195846904 209.17610692623 196.293927994157 190.829270929106 192.179748346646 202.227988690989 209.851394146422 203.901982036283 197.495365143513 197.771427939086 192.28352138205 185.55313400221 183.417839057852 181.939420973501 183.861517374304 196.979960671647 211.578431597464 223.37222075699 238.476554111121 235.496027372734 230.258007286471 216.845901378405
256.494420763767 257.143457705889 256.997961021768 258.768514598572 259.159824524658 257.618536168545 254.727335165834 256.092287490093 259.018674118071 256.132075005846 248.728369827968 239.608659783795 238.753503124498 236.836412916721 231.918195008652 228.546932849531 227.653413242842 228.426294125994 229.497123596612 230.17586813321 231.631977932181 231.826320520199 234.491519927818 237.519479157476 243.211275650906 241.064708635227 235.788408603829 227.965949014991 218.33282907257 208.428388150417 197.13862475059 191.20536476622 192.709006248364 202.246506195299 212.064990480981 210.119109721359 204.816343390349 206.265736305996 202.982668499448 198.744939963023 195.056295162288 185.869741023598 178.182993515377 181.287396783756 192.819269701549 206.304700147606 232.132081223963 224.708656026488 220.718322493843 214.497018882341
258.787410849879 259.68031319837 259.111033491143 257.966097562657 258.163827111168 257.336680981421 252.335316746823 249.119763173582 253.681796286396 258.327329221723 257.014889424486 247.858150331985 233.128003054352 233.545679768488 230.932857623383 230.54272618719 228.574947570651 229.871385084655 231.988502756451 229.857633892067 230.670758559005 231.584807691371 231.658185343766 231.2117534693 237.578921131961 240.873739861507 238.243140464972 230.876571242557 218.693110634197 207.673153888701 196.106116773325 187.203544832974 192.233596497533 203.126600537583 210.742007934977 218.541725280906 214.627447654224 213.044587305348 209.191837286372 202.826715865926 193.907479376723 182.882329710856 173.353375646278 172.116242202871 187.892102720422 204.064885392063 222.615620250896 211.437959403993 201.301109452049 203.885668220239
261.377871632527 260.513434615076 259.031952428661 256.539166739778 256.301895353479 257.691102081336 254.959619172029 247.881461373384 244.629635644722 249.747350145398 255.425586351227 248.831230971869 234.065414549481 233.721668101015 231.95331258493 230.263410683946 229.187073704531 230.480727749463 232.512680315309 231.775892253001 231.445371104169 231.647456460329 232.512498620058 231.433605933575 229.890593333583 236.893509919894 238.574973966398 229.56530785134 216.09147066618 202.01491092437 193.079417056424 190.959810303561 192.970983142014 202.201916850413 211.414131616561 224.412620910018 219.383022194129 213.946197498391 206.816100663099 197.578463559909 187.37410569927 180.795446221719 174.794317955829 177.393705321301 194.960560927922 210.063151610777 208.718860641576 196.943950758834 188.053072821768 194.536175026809
259.538147958496 259.070386377253 257.188495771461 254.870742009636 254.654380432952 255.350454061476 254.025771751025 251.937023374167 246.828667726013 246.583669432898 253.368087521401 250.539544400225 235.37802615471 234.584628216977 233.949468492906 232.45408017948 231.87446740142 232.514185696046 233.600465948347 234.01266080955 232.656600986668 232.152913415108 233.947523191364 233.757279878044 229.487261958186 234.1186132849 238.492384726219 228.015660371556 214.359211939499 203.98154649209 199.966256968851 198.942088249464 195.144584726058 202.966359054385 217.107853937339 225.778468416572 219.686092502768 212.047694071644 204.418374512402 199.798591592542 191.246035532314 187.335682399524 184.440323059844 180.128322071871 185.755935650946 198.333641272292 194.961851196699 188.130156648466 188.380576604409 195.574640669155
255.91951048797 255.579210878066 253.859437634412 253.175091922583 254.026834807355 253.264682646229 251.685344187977 251.716168625996 252.023104936704 251.783010844519 252.738237665821 252.375239757622 235.849314862918 234.585954683287 234.970471725228 234.474272231852 234.702880093522 234.461708500156 234.725010381095 235.692600779733 235.152135348333 234.154565153276 235.206680169529 234.602361863461 232.169659626955 233.888607159476 237.677307736115 231.978403787271 220.027961851325 215.117611470274 213.632853100792 209.513005093282 205.96762027606 211.311991257062 223.42679546127 228.305793774917 220.746136980942 213.023585783716 208.674377041767 209.866086747846 203.622210831147 197.356296750874 188.692090439459 178.51344595797 174.361642323816 182.364012492617 197.027146342746 195.279454059413 201.594747346253 208.974646527472
255.384833428119 252.275781504958 250.694784610665 249.980228067804 251.970694016697 252.848766800543 251.717817352377 249.797551213627 250.415312350566 252.444030546227 252.310342550771 252.105517563028 236.186991927884 234.544956689268 234.880908474821 234.701293638073 235.788634569205 235.419713649307 235.70810295362 236.773085461807 236.896521798169 236.413167790684 235.48939293365 233.175586956792 233.396189164525 233.026044059461 234.933129225107 235.347968806653 227.509294188657 222.618165842528 222.705298074905 219.64710119165 217.058135690363 219.832811906237 228.160273900776 229.385753392708 223.110511253588 218.407457567575 215.324019846813 212.208181506651 203.818083117919 193.167729076666 181.199785227295 178.457387629454 179.966017426935 182.084731613499 205.265524101987 208.258956417118 214.50467325324 222.244682938164
258.082796152676 252.010908821042 249.691003495838 248.505006837779 251.984401084438 253.314497130274 252.522682464617 252.229588527754 249.2360390484 248.699413823027 250.575382358978 251.080676285668 238.146296363123 234.23445329673 234.577176540833 234.114662068487 235.17504078546 235.639690467812 236.064992299515 236.448360126852 236.97818346314 237.441493290381 235.823401223463 233.11344895795 234.886330185011 233.710470586264 233.72883121334 235.434989813044 232.182717786397 226.588283675717 226.033949850887 222.998578615999 220.158223673888 222.70023529258 229.103072632263 227.08435631021 223.0164717103 217.505227423891 212.981682262926 206.937189836223 199.733273824852 190.880237887581 183.878464129478 184.672597034078 190.544178686665 190.030022120695 208.525861587943 216.239412223742 221.388542947334 227.247629347437
258.219910846942 255.197891697297 251.774645129391 249.834715032534 253.593704408839 254.698523835089 254.801079315842 254.453397560184 249.952448877937 246.540613014887 246.806668702376 248.716961216183 241.871720781217 234.634777904161 234.676495315156 234.21539709232 234.794342752698 235.411316570245 236.134516669663 236.435079654366 237.174147828878 237.61024261472 236.591610967707 235.36094374191 235.747300699145 235.429575921804 235.053143751606 235.48106047173 234.822366291196 230.222204685462 227.132799932001 225.122385222353 222.713392802052 224.55902781384 230.901397496295 225.843550647959 222.508893259384 216.289364053314 208.93499430943 203.478348758891 200.710332580774 198.610001998626 192.221782301851 190.111785186614 193.313537977459 189.818925712082 207.006661081864 213.102230873327 220.520872908501 223.808195476735
258.956783533938 257.087019062377 256.388024823149 254.846994068432 256.226646965887 257.256961669351 256.465211491451 254.017874213614 250.852234458223 246.178522784952 239.811470737745 239.695437336608 242.290742184273 234.06298657561 234.705491487329 234.64252357152 234.508098956358 234.993860851518 235.889072513072 236.003491236866 236.789478555043 237.731673394652 237.33081977776 236.922879699484 236.311792188434 236.43283482808 236.488137205453 235.880381832804 235.183690245481 232.682182966544 228.898819232365 223.578610837152 220.911953422859 224.201615670812 230.467167414405 225.855085279775 222.871931261807 218.515503049363 211.143655030148 205.551945503944 205.640037888468 206.612740831434 199.08763234651 196.502030952082 194.347765514646 186.687167894924 194.781658364208 202.637241531302 210.482030696022 216.386039257567
260.065384208365 256.289841098385 257.644426918899 257.129308191639 258.006784427446 258.301346554083 257.193904212253 254.766786148087 252.755677148158 248.602996680114 241.610866206949 238.341378682138 237.614049506577 232.677193733119 233.643249307147 233.633135558445 233.306218143522 233.668781961381 234.491252248417 235.047732089622 236.017406762146 237.403236829622 238.026438141951 238.422621111697 237.028188534699 237.177313064431 236.668393500326 236.21449806306 235.499352143207 234.095051495018 231.465789100831 225.566539110491 220.830538054207 222.097915992672 226.992656265962 229.254901394821 224.418896317302 219.603267616195 216.121924425974 214.488102685101 214.997756303165 216.825419565664 209.958050370197 206.319618576904 198.376015063341 192.682856238114 186.783307377947 192.655611970682 204.60401791619 216.913061056493
258.950827418137 251.743075441525 248.495143479194 246.793074773854 248.49948915427 250.773860102631 250.707539455693 248.796797214855 248.706375801844 250.856284950047 253.659512522295 252.325122879806 236.666842700382 229.475436909344 230.508421219401 230.763499087828 229.963532467302 228.467719444103 229.922655788561 234.333968418192 235.698680061904 237.322654846526 238.238079935392 238.184779092626 238.279292288049 237.579862520576 236.490186870383 236.02852070557 236.288803109116 236.122770481871 235.820477393506 235.260907427266 232.4259793014 228.931394819526 232.038210586099 238.831331188178 235.155320100659 229.425306656194 225.367746347884 225.387286969723 226.987502192582 229.096223901324 227.095118737141 218.592146485242 207.380840101531 197.981934095812 182.863418507252 188.441107925145 205.699183974884 217.280531598576
259.656709458827 257.039788716045 250.591246541785 237.190937716153 234.028390665636 241.205992934022 242.821988589231 236.85355627867 236.028732067096 239.972781865044 245.678910223832 243.145174975326 231.352507546443 226.122452010033 228.687428252314 231.877553275926 232.294002891411 228.791900276541 229.375332762891 234.381479970185 236.86320619767 237.11519468372 236.984217128116 235.855598258774 238.227283957738 237.609601413113 236.649068131957 236.173095202754 236.74978301865 236.959468682636 236.434481374142 235.680352861667 234.008560497326 232.659239223075 234.061333167203 239.340608993946 239.060851949046 236.670770907452 232.140567076546 227.254940230086 222.667628651734 225.129914764459 -9999 221.631734411102 208.554947529635 199.701272441949 194.308654793101 197.223705412081 207.240316697605 219.688037027332
259.316173792831 257.185760574271 256.339513787784 243.682296578092 230.47376003429 230.95637092118 235.448638965454 232.970058519552 232.353233924979 233.490624239972 234.931877908991 234.25322351815 227.49778715639 229.792896092264 232.399123632989 234.26165513481 234.521477446714 232.288886133745 230.87052850225 233.749443302383 237.78845965624 236.359837940622 235.007802056172 234.426411271291 236.453182473417 237.853750488371 236.976728895969 237.309829574498 237.068342370173 237.280185985028 237.156403086589 236.692490892292 235.761219980885 234.994876657 234.410293354261 239.080943368686 240.557495710878 -9999 235.723169873307 228.284074057978 220.437051535585 223.172422323013 232.039416643883 228.297054061408 217.898680520685 210.573132730221 207.194618662538 208.729625288669 213.44507739696 223.514920923527
260.77145604391 257.735088584551 259.181720173621 256.44889166469 244.503775115167 234.170504653375 235.104320636557 235.034469065387 235.009211711714 234.560803460133 234.301745496922 234.982749924641 232.399031985638 235.516346201403 236.274254617511 235.257880540129 233.278056251152 233.449523460173 233.122334055572 232.625063311283 237.793124425593 236.259410990813 234.794223551223 235.765998173937 234.097107692565 234.857321960908 237.619528730882 238.322451938659 237.303285321656 237.355938390534 237.981633701911 238.207776093844 237.525561343479 236.570791110732 234.749394202176 237.108978838337 238.71554366673 239.036120957528 -9999 232.907421428069 225.687673152466 227.619653499853 233.390296161196 231.58621717827 222.016987459367 212.047403936188 208.236218188159 215.524577318739 222.298424991914 229.611730971932
261.298228823665 259.754709014542 258.81165982964 259.661815427565 256.464603875543 246.332811931134 237.622128400152 235.174652778325 235.706951947852 236.556377877456 237.13151778951 237.062544484837 236.548938357569 236.371386263675 236.781843807964 236.313144758877 234.555577226738 235.128127576209 237.754433416677 235.972240737882 238.08757057567 237.093652935045 235.596509696885 233.203008399992 229.766407201171 230.980827837582 235.854767806352 239.315014518712 237.855524202495 237.515709025599 238.029496595471 238.62190563604 238.565027774194 237.438413862266 235.075253155548 236.493586733456 236.922474059736 237.672793706668 239.524013731106 237.550561694279 233.031185840375 234.534645116124 235.14425789005 231.681462317289 221.215145695461 209.516122023093 208.088222297274 220.325084665503 230.61143975922 233.725845523481
258.058094672868 258.307674925351 256.645901157269 257.419670169362 258.573503597208 250.714011731125 239.199645435608 236.05083712773 235.366370268083 236.259015102884 236.72403813556 237.304302297051 236.975333978369 237.010826107554 237.242322931636 237.229125845126 236.531228787282 236.298207181666 238.6456697843 239.256584811181 238.753958221235 236.179756089196 231.011464514972 225.905236450069 222.204185813577 229.432388906279 234.083679841333 237.359704068162 236.952033863344 238.558097583241 239.15100476467 239.278345312834 239.429057583326 238.522277950967 236.026774758715 237.047152739138 -9999 237.3190061854 238.329872505172 -9999 -9999 233.201609665982 234.794257380357 231.756714789177 220.712911973844 210.051875314741 208.441920049023 221.722631115694 234.715895301814 235.859309612296
254.033939453101 256.551144175434 255.89200179695 255.66076468257 255.846525418887 251.984356389845 245.982737541813 240.546145812873 235.532842149601 232.768769716881 233.35734466104 235.397325771721 237.663290293115 237.596681500892 237.263374185656 237.117281776946 237.044900238796 236.671923295132 238.030527266551 238.231352823545 236.394621661184 232.631093492189 223.622986724277 217.514535622019 216.742451692875 226.536505932721 232.017211967256 234.62615703081 236.448692488277 238.029527601544 237.812386034679 238.150201451395 239.382804469453 239.768548227447 238.089913767709 237.673168911771 238.642374763729 -9999 238.99852934556 240.580397843432 236.092046690203 229.462402895943 232.960369463815 229.671402381074 219.126017095917 206.301283504439 207.513533979165 221.673479904304 235.998087555866 235.336907256911
254.776141300124 256.809784098171 256.661539208623 255.760797715312 253.547309225245 252.819069813105 253.261473630763 247.135131863918 238.804475977876 234.824491137273 234.092718430662 233.292785913736 237.442270116658 237.074339686242 237.067575731431 237.052631795826 237.507406085893 237.997683013729 238.812342084146 237.446907000354 232.777341879275 227.571474685007 218.495583643218 212.514553509681 221.799454233761 228.567401300944 232.832538602355 234.652337865601 235.966246275733 236.698242087656 234.72030620494 234.555684056988 234.746528283897 236.234343951365 -9999 240.248740604661 -9999 -9999 -9999 241.722311848834 -9999 -9999 233.658185815132 224.840663670462 215.879157453767 207.665372860584 210.57855744572 228.881728678953 239.914867764147 234.848442718305
