rcp4.5models/MPi_ESM_LR/sc1gr10.27
NCOLS 261 
NROWS 433 
XLLCORNER 336357.134 
YLLCORNER 654653.479 
CELLSIZE 1000 
NODATA_value -3.4e+38 
[rows 286 to 307 of 433, columns 49 to 97 of 261]
286.971923828125 287.746795654297 288.529663085938 289.604187011719 290.432220458984 291.315795898438 292.199829101562 294.903594970703 296.828033447266 299.374633789062 301.296478271484 302.187683105469 302.852813720703 308.677947998047 314.654479980469 312.876129150391 312.508209228516 314.038269042969 317.283813476562 321.875366210938 324.211242675781 323.256958007812 325.715576171875 328.396606445312 328.975799560547 331.377105712891 332.682556152344 332.355865478516 333.321166992188 335.81201171875 337.461669921875 338.880065917969 338.437469482422 338.340728759766 336.555236816406 335.236968994141 334.800964355469 336.050537109375 337.641326904297 335.7607421875 335.158203125 334.86328125 337.462646484375 339.924865722656 342.386901855469 345.950073242188 349.056213378906 351.584106445312 354.873016357422
288.414855957031 289.619293212891 290.583709716797 291.762359619141 292.804748535156 294.025848388672 294.939727783203 297.282073974609 298.823303222656 301.424468994141 303.294036865234 304.887969970703 305.415435791016 308.545959472656 311.718139648438 312.389862060547 314.413848876953 316.058471679688 320.300018310547 325.909027099609 329.323333740234 327.250091552734 329.752868652344 333.827117919922 335.32763671875 337.194000244141 336.378143310547 335.704772949219 337.261505126953 339.219177246094 341.129760742188 341.979187011719 341.436584472656 341.069183349609 339.005523681641 339.2763671875 340.104034423828 339.786193847656 339.636901855469 338.801177978516 340.486419677734 339.913482666016 339.587005615234 342.137603759766 344.740142822266 347.940795898438 352.853607177734 357.164520263672 359.329162597656
290.064361572266 290.390289306641 291.479583740234 293.298736572266 294.834106445312 296.089019775391 297.150360107422 300.368927001953 301.297454833984 303.495727539062 305.727172851562 307.791320800781 309.150177001953 310.760803222656 313.634948730469 315.910827636719 316.703155517578 318.058197021484 324.727142333984 328.704193115234 331.862854003906 331.201873779297 334.575408935547 340.621246337891 341.827056884766 340.389434814453 339.336242675781 340.302459716797 341.068908691406 342.826293945312 343.998382568359 344.109375 344.541320800781 344.715484619141 343.877136230469 343.744689941406 342.897338867188 342.361724853516 340.719421386719 340.314300537109 345.315307617188 345.924743652344 342.352172851562 344.941925048828 347.274505615234 352.296875 359.964813232422 364.067352294922 364.598785400391
291.171997070312 292.231689453125 293.337219238281 294.949462890625 296.669311523438 297.663970947266 298.793548583984 303.325012207031 304.713104248047 305.821990966797 307.961059570312 310.594787597656 312.303070068359 313.515655517578 316.015380859375 318.279174804688 319.010498046875 320.517578125 331.219543457031 333.198486328125 334.965728759766 334.304870605469 337.147308349609 344.040557861328 344.710815429688 341.179290771484 341.92041015625 344.727630615234 346.14404296875 346.769104003906 347.137878417969 347.182647705078 348.333618164062 349.210144042969 348.254119873047 346.518707275391 345.221405029297 345.609954833984 344.49169921875 345.647216796875 350.570648193359 350.641540527344 347.063934326172 348.511291503906 351.057800292969 354.403564453125 358.923004150391 361.944793701172 364.388854980469
295.337310791016 297.146484375 298.954925537109 299.761505126953 300.788116455078 302.657806396484 304.485260009766 308.476287841797 310.356506347656 312.185150146484 313.747314453125 315.329650878906 317.2119140625 318.678741455078 319.700531005859 321.6376953125 324.192718505859 330.129608154297 338.046813964844 339.535308837891 340.030212402344 341.530426025391 343.436553955078 345.012847900391 349.635467529297 351.318054199219 351.872161865234 352.2900390625 353.725616455078 355.408813476562 356.096313476562 356.379119873047 357.506774902344 358.557861328125 359.001159667969 358.084808349609 355.676849365234 354.297027587891 354.560699462891 355.184265136719 357.236480712891 359.671600341797 358.260131835938 357.685180664062 359.654449462891 361.868530273438 365.696411132812 371.821136474609 374.921752929688
298.753875732422 299.907196044922 301.25634765625 302.391510009766 303.840576171875 305.567565917969 306.962219238281 310.622436523438 312.578155517578 314.953247070312 316.539733886719 317.553405761719 319.649017333984 321.521331787109 323.178955078125 326.162841796875 328.015716552734 331.651123046875 340.559387207031 342.367248535156 342.794769287109 345.317565917969 347.031097412109 350.514007568359 356.816436767578 357.094299316406 356.072448730469 357.641418457031 357.780059814453 360.678192138672 360.548309326172 360.921661376953 361.864898681641 362.726348876953 363.257446289062 363.513610839844 363.326416015625 363.827117919922 362.107543945312 361.097717285156 361.790924072266 367.591522216797 364.648468017578 363.12939453125 364.199401855469 366.133453369141 369.511322021484 380.904083251953 406.385986328125
300.799346923828 302.066864013672 303.376159667969 305.037322998047 306.563293457031 307.799102783203 309.307739257812 313.445892333984 315.627868652344 317.691955566406 319.477142333984 320.709320068359 322.408111572266 324.362945556641 326.721954345703 330.032135009766 332.291259765625 334.321533203125 341.093322753906 343.493927001953 346.096130371094 350.716247558594 352.929595947266 355.320556640625 360.812866210938 361.876892089844 360.782653808594 361.275665283203 362.043395996094 364.535339355469 364.935760498047 365.320678710938 366.36865234375 367.528686523438 368.419372558594 369.247711181641 370.164306640625 370.720184326172 369.640472412109 370.395660400391 369.632781982422 374.975646972656 372.134613037109 368.655090332031 369.557434082031 372.453186035156 375.535919189453 384.248504638672 413.677947998047
302.698333740234 304.114685058594 305.309539794922 307.292327880859 308.806549072266 309.538635253906 311.539672851562 315.584686279297 318.372497558594 320.674713134766 322.316223144531 323.821685791016 325.6552734375 327.791015625 330.359405517578 333.179412841797 336.333038330078 338.491516113281 346.407958984375 348.297515869141 349.387603759766 354.590667724609 357.902801513672 359.322143554688 364.364166259766 367.949066162109 367.411102294922 366.702362060547 368.552398681641 370.273376464844 372.271850585938 370.729827880859 371.142486572266 371.893768310547 372.722076416016 372.948974609375 373.770172119141 373.930267333984 372.822570800781 373.691467285156 374.299652099609 376.230316162109 376.046508789062 374.277191162109 375.925323486328 377.218414306641 379.030334472656 382.532012939453 393.905395507812
304.599060058594 306.533477783203 308.013397216797 309.836029052734 311.154296875 312.311187744141 314.221923828125 318.633514404297 321.549591064453 323.514801025391 325.026641845703 327.217864990234 328.9765625 331.229766845703 333.777374267578 336.2939453125 340.096374511719 342.929016113281 349.664001464844 351.512512207031 353.188934326172 358.024139404297 363.272308349609 364.950439453125 367.497650146484 372.442321777344 373.897277832031 374.1982421875 374.658508300781 375.732452392578 376.928314208984 376.356170654297 376.615570068359 377.172729492188 377.388916015625 377.719024658203 378.806579589844 378.352355957031 376.762634277344 377.207305908203 379.151733398438 379.550048828125 379.631378173828 379.8056640625 382.294281005859 381.606658935547 381.928863525391 384.550659179688 387.308746337891
306.732635498047 308.618316650391 310.472381591797 312.216430664062 313.060241699219 314.664215087891 317.295562744141 322.460327148438 324.507019042969 326.034454345703 327.71484375 329.898681640625 332.147064208984 334.909088134766 338.021423339844 340.595886230469 343.940582275391 346.677398681641 355.352966308594 357.840942382812 357.599151611328 363.235626220703 366.658020019531 366.721801757812 371.637329101562 377.049255371094 379.009948730469 380.571899414062 380.462921142578 381.86572265625 381.380340576172 381.794158935547 382.247406005859 382.725341796875 382.344177246094 383.066986083984 384.768157958984 383.646331787109 382.545837402344 384.90966796875 386.194305419922 386.222076416016 386.113739013672 384.904663085938 386.381408691406 386.745330810547 387.849731445312 389.056671142578 389.990173339844
308.356903076172 310.244445800781 311.530120849609 313.250305175781 315.265563964844 317.864379882812 320.348785400391 325.379669189453 327.452301025391 328.962738037109 330.548431396484 332.596893310547 335.367614746094 338.522155761719 341.489562988281 343.849761962891 346.869476318359 350.314086914062 359.138763427734 362.396514892578 362.430419921875 365.558013916016 367.268035888672 370.838989257812 378.471801757812 382.109466552734 383.302703857422 385.870971679688 387.368225097656 388.509796142578 387.291320800781 387.324340820312 387.786102294922 388.293823242188 388.359832763672 389.020263671875 390.012420654297 389.377227783203 388.439208984375 389.803619384766 390.808166503906 393.223663330078 393.738403320312 390.935729980469 390.23486328125 391.239349365234 393.048248291016 394.807891845703 395.826293945312
311.177307128906 313.882415771484 314.977416992188 316.478057861328 319.124755859375 321.595184326172 323.631439208984 327.956268310547 329.788818359375 331.358856201172 333.657989501953 336.794799804688 339.515655517578 342.071990966797 344.545043945312 347.814910888672 351.355010986328 354.877716064453 360.961730957031 363.516540527344 366.889038085938 370.751342773438 373.961853027344 379.171478271484 383.085479736328 384.762542724609 387.554321289062 391.213287353516 392.813903808594 393.405975341797 392.837310791016 393.169799804688 393.86865234375 394.462493896484 394.838134765625 394.993255615234 395.228363037109 395.518768310547 396.2783203125 395.903961181641 394.63720703125 398.149932861328 399.495758056641 398.769378662109 397.098358154297 396.260406494141 397.325836181641 399.504119873047 400.967132568359
315.297210693359 317.091857910156 318.669982910156 320.681121826172 322.903991699219 324.257476806641 326.378875732422 330.498077392578 332.251007080078 333.805541992188 337.133728027344 340.888000488281 343.852355957031 346.996154785156 349.449035644531 352.557220458984 356.214538574219 359.577056884766 365.113922119141 367.033447265625 370.108947753906 376.645843505859 384.293334960938 389.210174560547 390.801605224609 391.067504882812 393.598236083984 397.157165527344 397.767303466797 398.754791259766 399.210113525391 399.604187011719 399.952484130859 399.899322509766 399.588348388672 399.695617675781 400.474029541016 400.825988769531 401.233154296875 401.264373779297 401.447235107422 401.564453125 402.582336425781 403.233856201172 402.551330566406 401.763336181641 402.260101318359 403.608612060547 406.016143798828
318.359436035156 319.189575195312 320.770782470703 323.247375488281 325.275543212891 326.091827392578 327.686706542969 332.5283203125 335.037506103516 337.286041259766 340.449768066406 344.340209960938 347.726806640625 350.814483642578 353.447326660156 356.591125488281 360.162811279297 363.793914794922 369.044281005859 371.352111816406 374.107330322266 382.126708984375 391.361663818359 395.618041992188 397.768890380859 398.232391357422 397.052642822266 398.937774658203 402.902313232422 404.010650634766 405.416717529297 405.689666748047 405.699645996094 405.884063720703 405.173553466797 404.49365234375 406.175872802734 407.212768554688 406.178649902344 405.703338623047 408.052276611328 407.047393798828 407.1318359375 407.258605957031 407.436889648438 407.505706787109 407.641235351562 408.420776367188 410.143920898438
320.628601074219 321.316864013672 322.628936767578 324.675506591797 327.191284179688 328.991607666016 330.250457763672 336.449432373047 339.177978515625 342.324035644531 345.597442626953 348.761444091797 351.769866943359 353.696105957031 356.804534912109 361.361206054688 364.442504882812 367.873901367188 372.435821533203 375.0830078125 378.187377929688 387.899291992188 395.618957519531 395.743713378906 395.970611572266 399.922637939453 403.761169433594 405.99169921875 409.188354492188 409.770782470703 411.071685791016 411.277404785156 411.905029296875 412.859588623047 411.225463867188 410.024536132812 412.490509033203 413.484344482422 412.105987548828 411.946350097656 413.643768310547 412.50927734375 412.454986572266 413.083587646484 413.462799072266 413.83203125 416.112152099609 425.378326416016 426.879364013672
325.112121582031 326.711395263672 328.664306640625 330.144561767578 331.475219726562 333.867828369141 336.312072753906 342.014770507812 346.169036865234 349.144714355469 351.332153320312 354.595367431641 357.861999511719 360.825134277344 364.884918212891 369.237365722656 372.797241210938 375.649444580078 379.786529541016 383.291748046875 387.075073242188 391.486389160156 397.476013183594 402.008850097656 403.908538818359 410.776580810547 415.402770996094 414.190612792969 418.580749511719 421.956115722656 421.328491210938 423.682708740234 425.26806640625 423.211303710938 420.182342529297 420.443054199219 423.739837646484 425.651489257812 424.767486572266 425.678924560547 426.378051757812 425.544311523438 424.649810791016 425.188995361328 426.355010986328 425.483734130859 423.531799316406 430.115600585938 449.086486816406
326.514343261719 328.175415039062 330.047119140625 331.915313720703 334.022155761719 337.424652099609 340.637939453125 345.02001953125 348.853454589844 352.195983886719 355.258514404297 359.222412109375 362.947631835938 366.286499023438 369.403930664062 373.2275390625 376.791229248047 378.711334228516 385.985626220703 389.486541748047 394.869567871094 401.977996826172 410.287719726562 415.386199951172 413.660430908203 414.634918212891 419.388671875 421.561950683594 425.548553466797 429.747650146484 428.629272460938 429.737121582031 431.816467285156 427.7880859375 424.475921630859 426.297271728516 429.946044921875 430.986419677734 430.6650390625 432.418518066406 433.130340576172 431.867034912109 432.367248535156 432.532348632812 433.514739990234 433.439208984375 430.724761962891 429.304260253906 433.05078125
328.434051513672 330.386688232422 332.677520751953 335.251678466797 337.861053466797 341.030944824219 344.389526367188 349.068908691406 352.704071044922 356.419281005859 360.005126953125 363.746398925781 367.070251464844 371.079986572266 374.328338623047 377.164642333984 380.958740234375 384.308685302734 391.778350830078 395.354461669922 400.788604736328 411.174407958984 421.733184814453 425.464569091797 423.234832763672 421.5361328125 426.583221435547 431.012359619141 434.297058105469 436.760589599609 433.042846679688 433.727478027344 437.456634521484 433.174835205078 431.456451416016 434.237030029297 437.334411621094 436.720153808594 436.389282226562 439.582153320312 440.279815673828 439.592895507812 438.414764404297 435.181732177734 439.725311279297 442.008361816406 434.742401123047 435.677398681641 438.8720703125
331.006866455078 333.079772949219 335.347351074219 337.359313964844 339.829803466797 343.250732421875 346.940551757812 354.074371337891 357.870269775391 361.016387939453 367.656311035156 371.341339111328 371.101745605469 375.711578369141 379.918487548828 382.637268066406 386.044647216797 390.181213378906 397.427764892578 402.607666015625 406.905578613281 416.72119140625 427.954040527344 431.930053710938 430.955291748047 429.171783447266 434.166870117188 438.797332763672 441.059783935547 438.390594482422 434.011901855469 436.652587890625 438.548065185547 436.3671875 438.160003662109 441.590667724609 442.177551269531 440.955688476562 442.492706298828 445.448425292969 445.393829345703 443.361846923828 442.129272460938 441.281860351562 457.382690429688 462.0107421875 443.013244628906 447.702941894531 463.041198730469
334.888000488281 335.773529052734 338.568298339844 341.484008789062 344.028167724609 346.184112548828 348.622680664062 358.149017333984 362.798248291016 366.925140380859 374.332550048828 377.932525634766 377.000793457031 381.562255859375 385.710906982422 388.246704101562 390.903259277344 395.155120849609 402.236053466797 408.853515625 414.573486328125 418.229858398438 427.591552734375 436.062683105469 437.184448242188 438.914764404297 442.922668457031 446.453369140625 446.797027587891 445.259124755859 440.135192871094 440.030883789062 440.971588134766 439.987243652344 442.854858398438 445.204132080078 445.296905517578 447.740600585938 450.824157714844 449.731231689453 449.120178222656 445.943359375 444.381469726562 444.772918701172 461.358184814453 465.646179199219 445.10009765625 447.3251953125 456.8017578125
339.063873291016 340.535491943359 344.030456542969 347.032196044922 349.201965332031 350.209747314453 352.502288818359 360.632110595703 365.966033935547 371.890686035156 376.425384521484 378.477722167969 381.206726074219 385.139892578125 389.555084228516 392.889495849609 395.125518798828 399.108581542969 406.959747314453 413.333892822266 419.135833740234 421.789245605469 429.915496826172 440.274230957031 444.086639404297 447.933319091797 448.766326904297 449.299346923828 450.422454833984 454.853057861328 449.342559814453 444.864166259766 446.314117431641 445.845001220703 447.487854003906 449.600189208984 452.399230957031 457.487152099609 459.580535888672 455.651458740234 454.986022949219 455.908477783203 454.420135498047 453.084716796875 455.014617919922 452.970306396484 444.995086669922 445.393371582031 447.372802734375
343.332641601562 344.949249267578 348.489624023438 351.490600585938 352.342864990234 353.673248291016 357.72265625 364.227813720703 367.276092529297 372.513854980469 377.151641845703 380.900024414062 385.39794921875 389.773986816406 394.049285888672 397.980499267578 400.285736083984 403.310119628906 411.454742431641 417.178802490234 421.654327392578 426.587371826172 433.509246826172 443.768005371094 450.605438232422 453.609924316406 454.397064208984 454.951171875 457.873657226562 459.837371826172 454.869567871094 450.298828125 452.873992919922 456.610321044922 458.221801757812 460.901885986328 464.640686035156 466.722229003906 467.433013916016 465.412567138672 464.454254150391 465.67236328125 465.467315673828 463.022796630859 456.420654296875 461.713623046875 475.311553955078 473.43408203125 425.167297363281
