rcp4.5models/MPi_ESM_LR/sc1gr6.34
NCOLS 261 
NROWS 433 
XLLCORNER 336357.134 
YLLCORNER 654653.479 
CELLSIZE 1000 
NODATA_value -3.4e+38 
[rows 264 to 285 of 433, columns 49 to 97 of 261]
1215.17797851562 1223.0205078125 1228.935546875 1231.80407714844 1234.02160644531 1237.79895019531 1241.02758789062 1249.65991210938 1251.4375 1254.46154785156 1258.99145507812 1262.48364257812 1264.21276855469 1268.33410644531 1274.69543457031 1280.50805664062 1285.67846679688 1286.39013671875 1297.06726074219 1300.07080078125 1296.859375 1296.5498046875 1300.52453613281 1304.01782226562 1307.32055664062 1315.14465332031 1318.22729492188 1310.1416015625 1309.60375976562 1319.8564453125 1330.52404785156 1339.92834472656 1345.07116699219 1347.04907226562 1348.93957519531 1354.64770507812 1362.40515136719 1369.576171875 1371.63989257812 1374.7158203125 1380.48059082031 1389.00805664062 1391.43835449219 1391.85998535156 1392.21252441406 1394.43725585938 1386.44506835938 1381.45202636719 1376.45043945312
1225.75622558594 1233.60852050781 1240.94274902344 1245.943359375 1249.20886230469 1252.16931152344 1254.701171875 1266.83679199219 1268.34729003906 1267.09008789062 1269.59741210938 1274.90515136719 1282.24682617188 1285.00939941406 1285.97607421875 1292.12377929688 1297.48413085938 1298.94262695312 1315.7314453125 1316.89660644531 1313.63415527344 1312.57592773438 1315.24609375 1320.18835449219 1324.09057617188 1330.72387695312 1333.9833984375 1326.45227050781 1322.41967773438 1335.01611328125 1340.25952148438 1348.31677246094 1357.96118164062 1363.75061035156 1366.84716796875 1371.72570800781 1379.15759277344 1384.37609863281 1386.23779296875 1389.64025878906 1396.21484375 1402.9072265625 1404.99877929688 1405.01550292969 1403.90466308594 1403.62475585938 1398.76647949219 1393.88928222656 1387.05944824219
1252.00500488281 1258.19909667969 1266.97448730469 1272.85266113281 1275.9443359375 1278.81262207031 1281.83935546875 1296.98962402344 1302.62194824219 1307.89562988281 1309.64794921875 1305.95397949219 1310.29748535156 1312.92407226562 1315.35681152344 1317.12329101562 1321.99157714844 1330.59436035156 1341.02453613281 1341.78234863281 1341.34790039062 1345.0283203125 1343.07141113281 1344.61743164062 1354.41186523438 1357.95935058594 1352.99584960938 1353.66088867188 1351.04028320312 1363.3232421875 1373.05456542969 1382.58337402344 1388.78088378906 1397.05908203125 1405.56274414062 1409.7265625 1409.98315429688 1414.79553222656 1416.93615722656 1419.07385253906 1424.66003417969 1429.48815917969 1432.10144042969 1431.41186523438 1426.94653320312 1420.64111328125 1422.70617675781 1425.40270996094 1433.87292480469
1266.17370605469 1271.98913574219 1278.26696777344 1284.48974609375 1288.64685058594 1291.51696777344 1294.1572265625 1311.80151367188 1315.03930664062 1322.28894042969 1330.09582519531 1326.97973632812 1333.85656738281 1335.59851074219 1333.12487792969 1333.30358886719 1335.873046875 1344.6884765625 1352.82397460938 1353.65759277344 1357.29064941406 1363.01867675781 1361.14392089844 1359.4892578125 1372.16418457031 1375.53979492188 1362.94567871094 1364.60925292969 1365.08740234375 1376.54431152344 1391.02294921875 1405.59289550781 1408.86511230469 1412.39416503906 1418.47863769531 1422.46606445312 1424.68237304688 1430.25708007812 1433.23449707031 1434.75646972656 1439.283203125 1444.11889648438 1445.74877929688 1445.71252441406 1444.45666503906 1442.05993652344 1441.83630371094 1438.42956542969 1436.41088867188
1274.47436523438 1280.5830078125 1288.251953125 1297.421875 1302.65563964844 1302.77941894531 1304.26538085938 1329.15356445312 1327.68737792969 1331.89819335938 1338.06164550781 1341.99157714844 1352.21667480469 1357.86767578125 1356.85009765625 1353.81469726562 1354.42749023438 1357.5205078125 1367.5146484375 1371.26794433594 1375.51293945312 1378.13317871094 1377.01574707031 1375.03076171875 1387.49890136719 1392.31677246094 1377.33483886719 1378.306640625 1382.83203125 1394.95300292969 1410.07153320312 1432.95690917969 1433.13037109375 1424.27819824219 1430.47875976562 1431.38623046875 1437.55114746094 1443.70715332031 1447.28039550781 1451.40185546875 1455.6279296875 1459.25427246094 1459.17797851562 1460.42163085938 1461.65075683594 1460.05749511719 1457.71069335938 1453.1708984375 1486.42932128906
1283.21789550781 1290.46606445312 1301.5107421875 1309.52160644531 1312.56909179688 1312.17468261719 1314.31396484375 1341.51257324219 1340.03540039062 1344.75964355469 1348.88134765625 1354.14306640625 1362.24353027344 1370.1533203125 1376.1357421875 1377.22241210938 1375.39624023438 1375.478515625 1386.98962402344 1391.02258300781 1392.49792480469 1392.74609375 1390.63037109375 1391.18249511719 1402.34484863281 1405.90966796875 1393.52160644531 1397.55126953125 1405.15588378906 1415.47509765625 1426.80541992188 1448.60900878906 1446.56042480469 1437.79650878906 1443.81652832031 1446.07983398438 1451.31127929688 1456.39831542969 1462.35485839844 1468.171875 1471.03588867188 1475.12158203125 1475.19470214844 1475.06787109375 1475.46716308594 1473.23803710938 1470.09545898438 1469.54162597656 1496.51989746094
1294.04821777344 1300.75170898438 1309.96435546875 1317.99755859375 1320.29028320312 1324.52966308594 1331.00158691406 1350.85400390625 1349.76403808594 1356.00793457031 1363.24499511719 1365.97033691406 1375.74145507812 1385.04504394531 1393.75939941406 1402.37902832031 1401.78125 1396.58862304688 1407.99145507812 1411.73852539062 1411.13159179688 1409.44714355469 1409.64428710938 1408.55065917969 1415.81848144531 1419.078125 1413.60278320312 1418.224609375 1425.515625 1430.78295898438 1436.76379394531 1451.54956054688 1458.56457519531 1457.09777832031 1459.07653808594 1462.14599609375 1468.34130859375 1474.15087890625 1479.287109375 1482.41906738281 1484.20031738281 1491.95678710938 1493.73059082031 1491.87646484375 1489.95617675781 1487.75317382812 1485.51733398438 1484.61535644531 1495.1005859375
1298.623046875 1306.75402832031 1318.22106933594 1327.83044433594 1330.18054199219 1336.61145019531 1348.56701660156 1362.78051757812 1362.98449707031 1370.63305664062 1378.78271484375 1383.89489746094 1391.44555664062 1402.0703125 1412.21740722656 1424.15307617188 1432.20361328125 1426.48913574219 1428.80126953125 1432.63610839844 1432.29602050781 1429.79431152344 1427.10302734375 1427.49633789062 1433.86730957031 1435.9541015625 1434.01208496094 1438.69946289062 1445.72119140625 1449.68005371094 1452.13732910156 1468.03796386719 1488.29797363281 1486.22033691406 1484.63562011719 1484.375 1486.62902832031 1490.21105957031 1492.837890625 1493.17517089844 1494.2490234375 1508.32507324219 1510.62036132812 1508.71472167969 1505.65197753906 1503.55346679688 1502.50524902344 1499.90612792969 1505.9599609375
1308.85229492188 1315.68579101562 1324.97033691406 1333.34057617188 1338.54187011719 1347.37951660156 1360.01245117188 1372.58239746094 1377.04455566406 1386.90942382812 1397.64587402344 1405.93798828125 1409.90686035156 1416.39135742188 1427.02026367188 1438.27221679688 1452.23449707031 1456.55334472656 1448.67211914062 1446.85327148438 1449.25915527344 1451.20263671875 1447.32153320312 1446.599609375 1452.37182617188 1453.79870605469 1455.9775390625 1462.47827148438 1467.6083984375 1474.48596191406 1472.8515625 1492.44006347656 1524.44763183594 1527.22839355469 1525.63488769531 1522.00964355469 1505.25708007812 1506.61193847656 1504.99987792969 1505.23950195312 1507.60107421875 1526.27465820312 1527.72216796875 1525.9326171875 1520.87414550781 1517.45935058594 1518.13134765625 1516.79418945312 1516.9775390625
1322.68151855469 1330.67504882812 1335.10327148438 1341.98681640625 1349.52587890625 1357.9130859375 1367.44555664062 1384.41540527344 1395.35034179688 1403.2265625 1412.72375488281 1420.43151855469 1425.50341796875 1431.87353515625 1444.67590332031 1456.08410644531 1471.23217773438 1485.65026855469 1469.32238769531 1463.01550292969 1469.23718261719 1470.34716796875 1468.56567382812 1465.17602539062 1468.51440429688 1471.67065429688 1480.04528808594 1493.02990722656 1501.23657226562 1498.08081054688 1499.16589355469 1512.42700195312 1548.34130859375 1560.33337402344 1552.23010253906 1550.97705078125 1527.99877929688 1523.82421875 1520.12109375 1521.15539550781 1526.15087890625 1537.11865234375 1540.22924804688 1538.62182617188 1536.63623046875 1534.47631835938 1531.72924804688 1532.11730957031 1532.95874023438
1335.04821777344 1346.99328613281 1356.11499023438 1361.73217773438 1368.70935058594 1377.54431152344 1389.54064941406 1403.24768066406 1413.0419921875 1421.8037109375 1431.07983398438 1437.44873046875 1443.36486816406 1452.58154296875 1462.03796386719 1474.43115234375 1486.47705078125 1490.6171875 1484.70385742188 1483.85900878906 1491.50207519531 1491.62365722656 1490.47729492188 1489.03930664062 1488.11511230469 1493.72021484375 1505.1826171875 1520.67541503906 1533.57739257812 1521.36315917969 1530.29602050781 1532.42260742188 1552.15356445312 1575.623046875 1567.650390625 1563.09680175781 1549.89697265625 1543.30847167969 1538.08081054688 1539.79846191406 1543.61608886719 1552.95739746094 1555.50122070312 1553.12524414062 1553.75366210938 1552.24621582031 1548.38525390625 1548.45483398438 1546.82360839844
1348.04992675781 1360.26293945312 1371.53747558594 1379.62646484375 1391.89074707031 1406.720703125 1415.37658691406 1421.85510253906 1430.84924316406 1440.14990234375 1450.11804199219 1457.53369140625 1465.97314453125 1473.63232421875 1476.65783691406 1484.98815917969 1499.18664550781 1509.15209960938 1498.92150878906 1507.47058105469 1513.60998535156 1512.31762695312 1511.23779296875 1510.20642089844 1509.99096679688 1514.77990722656 1524.18444824219 1535.09436035156 1543.90942382812 1539.81079101562 1556.71435546875 1562.51025390625 1559.73498535156 1578.11242675781 1587.82934570312 1586.71044921875 1571.83630371094 1563.82275390625 1557.91748046875 1559.978515625 1563.64367675781 1578.56811523438 1576.20080566406 1573.478515625 1571.82434082031 1566.90563964844 1567.19128417969 1564.71520996094 1560.67956542969
1360.39953613281 1370.68115234375 1382.12292480469 1392.81530761719 1403.63098144531 1414.72827148438 1420.41687011719 1439.64489746094 1448.08227539062 1455.48962402344 1464.8310546875 1477.40441894531 1486.85119628906 1490.61743164062 1494.04956054688 1506.78332519531 1521.57360839844 1526.22180175781 1515.36926269531 1528.89111328125 1537.05993652344 1536.03125 1532.29748535156 1532.04663085938 1538.09191894531 1539.65185546875 1543.71105957031 1550.76586914062 1555.00854492188 1566.71838378906 1593.65222167969 1596.48876953125 1576.33288574219 1582.89721679688 1602.67114257812 1625.43359375 1615.84399414062 1589.67541503906 1576.45825195312 1579.27392578125 1583.48608398438 1594.93713378906 1593.15454101562 1590.53039550781 1587.25671386719 1582.02062988281 1583.921875 1581.61938476562 1577.04528808594
1372.40600585938 1381.51049804688 1391.84484863281 1400.85668945312 1410.96923828125 1422.87756347656 1429.94323730469 1450.21130371094 1463.11083984375 1471.20556640625 1480.79663085938 1495.98913574219 1504.69226074219 1508.87658691406 1514.3876953125 1522.80224609375 1532.5947265625 1535.66040039062 1538.62060546875 1554.0771484375 1563.29089355469 1559.31274414062 1551.9931640625 1554.31372070312 1561.265625 1565.94616699219 1569.49780273438 1578.10974121094 1584.10888671875 1594.38696289062 1619.75842285156 1619.06335449219 1599.0634765625 1596.78991699219 1604.13684082031 1620.67395019531 1621.19311523438 1605.96105957031 1597.39831542969 1598.53930664062 1602.80603027344 1610.70227050781 1609.47497558594 1606.69958496094 1602.24499511719 1599.390625 1598.552734375 1598.76733398438 1597.4052734375
1402.35034179688 1412.212890625 1421.73937988281 1430.28039550781 1440.45202636719 1453.34240722656 1465.12182617188 1487.310546875 1501.08288574219 1510.21728515625 1522.44201660156 1534.46008300781 1543.23571777344 1548.2470703125 1550.62658691406 1557.97473144531 1565.66320800781 1572.17553710938 1587.27941894531 1589.57507324219 1593.78393554688 1598.11279296875 1611.13708496094 1621.96520996094 1615.65368652344 1614.59045410156 1617.30249023438 1624.25219726562 1638.17321777344 1645.05126953125 1655.35632324219 1658.22094726562 1638.73291015625 1636.47534179688 1635.82458496094 1637.52758789062 1641.31579589844 1642.58349609375 1641.25634765625 1642.62939453125 1645.11157226562 1650.7705078125 1649.91687011719 1642.19482421875 1641.93481445312 1641.58068847656 1638.32067871094 1637.99182128906 1637.39453125
1413.296875 1424.44689941406 1435.17614746094 1443.70983886719 1454.32092285156 1472.49365234375 1487.14611816406 1501.50537109375 1514.18701171875 1523.18444824219 1536.57641601562 1551.46362304688 1557.9619140625 1563.46398925781 1571.62060546875 1582.81896972656 1589.84191894531 1598.35144042969 1613.49548339844 1614.59692382812 1617.63610839844 1624.41479492188 1644.46716308594 1657.02941894531 1649.6162109375 1641.26574707031 1642.56066894531 1650.08349609375 1659.64831542969 1664.92028808594 1663.896484375 1667.89367675781 1663.67529296875 1668.5908203125 1667.33276367188 1667.83056640625 1670.06787109375 1669.60595703125 1665.23425292969 1666.04516601562 1669.54760742188 1684.7490234375 1681.23815917969 1667.87048339844 1668.00817871094 1665.40197753906 1659.65026855469 1659.79345703125 1659.42614746094
1425.19128417969 1438.47033691406 1449.79650878906 1461.27136230469 1473.9052734375 1490.89599609375 1503.27514648438 1518.10998535156 1529.57446289062 1540.59802246094 1554.0244140625 1567.205078125 1574.09680175781 1581.89965820312 1595.57568359375 1616.48510742188 1623.11779785156 1624.82995605469 1638.18969726562 1640.99389648438 1644.4404296875 1652.29541015625 1664.62231445312 1677.90954589844 1681.01977539062 1673.17431640625 1670.87121582031 1677.52795410156 1683.59851074219 1684.76831054688 1679.82507324219 1684.06323242188 1694.52917480469 1702.96875 1705.7646484375 1705.99621582031 1701.65124511719 1697.45275878906 1691.43591308594 1692.1806640625 1694.42504882812 1708.40063476562 1708.05249023438 1695.15100097656 1691.98706054688 1689.18017578125 1684.21728515625 1683.34216308594 1683.48669433594
1437.60266113281 1449.68359375 1463.96508789062 1478.62390136719 1491.08190917969 1506.18627929688 1518.34423828125 1539.58203125 1553.39514160156 1562.42651367188 1572.12609863281 1584.21545410156 1596.49877929688 1610.02917480469 1622.51599121094 1642.36755371094 1650.98156738281 1648.15173339844 1664.29663085938 1670.99963378906 1671.98327636719 1676.896484375 1684.00854492188 1693.20959472656 1697.51599121094 1704.27392578125 1706.38793945312 1703.83093261719 1707.84753417969 1707.19738769531 1708.40283203125 1714.38391113281 1727.0556640625 1729.83276367188 1740.11096191406 1740.61804199219 1726.80285644531 1721.60437011719 1718.47937011719 1716.78369140625 1717.91674804688 1729.98962402344 1731.81225585938 1719.4716796875 1715.38110351562 1713.94018554688 1710.78332519531 1707.39074707031 1707.33776855469
1456.03112792969 1465.44873046875 1472.79418945312 1491.22045898438 1508.19653320312 1521.94067382812 1534.57983398438 1562.96569824219 1574.75744628906 1583.94860839844 1590.63354492188 1603.68054199219 1628.12878417969 1655.40588378906 1664.60974121094 1666.70373535156 1671.85229492188 1675.1455078125 1692.13940429688 1695.17065429688 1706.42407226562 1710.08264160156 1707.43969726562 1710.49243164062 1721.29907226562 1735.47082519531 1733.54553222656 1729.69909667969 1728.845703125 1745.71264648438 1756.14685058594 1745.09167480469 1748.49035644531 1749.4833984375 1760.97534179688 1761.63537597656 1751.69140625 1748.24475097656 1746.67114257812 1743.67834472656 1743.56994628906 1769.21496582031 1769.27734375 1745.37426757812 1741.00048828125 1738.04821777344 1735.029296875 1732.11755371094 1732.49621582031
1469.53784179688 1482.34313964844 1488.34228515625 1505.11096191406 1522.88342285156 1537.2626953125 1550.37243652344 1584.15563964844 1595.32971191406 1607.96691894531 1612.55969238281 1623.07641601562 1650.5849609375 1679.06604003906 1692.05310058594 1690.60803222656 1694.80847167969 1701.22766113281 1720.42138671875 1731.85424804688 1744.58374023438 1746.97827148438 1739.90649414062 1736.70434570312 1753.21557617188 1765.34509277344 1758.68566894531 1755.90539550781 1754.88305664062 1781.34460449219 1795.845703125 1774.05395507812 1768.01000976562 1771.69653320312 1778.20556640625 1781.18627929688 1778.08654785156 1774.97631835938 1772.65173339844 1771.05090332031 1769.43334960938 1799.32788085938 1819.10693359375 1800.07934570312 1781.80078125 1762.70190429688 1759.9521484375 1759.37536621094 1759.47241210938
1486.22961425781 1495.80358886719 1504.09594726562 1518.021484375 1533.74194335938 1550.00769042969 1565.26477050781 1598.8720703125 1615.74243164062 1632.28393554688 1644.59167480469 1648.00085449219 1662.42041015625 1688.935546875 1706.95397949219 1713.9111328125 1718.74035644531 1726.37182617188 1743.10021972656 1764.60168457031 1771.15576171875 1766.71081542969 1763.916015625 1769.57739257812 1778.08813476562 1783.45959472656 1782.61059570312 1780.2939453125 1785.44702148438 1806.33129882812 1817.10278320312 1802.40258789062 1794.18249511719 1797.41198730469 1802.55615234375 1804.2822265625 1801.45751953125 1803.80517578125 1804.62866210938 1798.99047851562 1794.78393554688 1842.60998535156 1862.73205566406 1852.37341308594 1827.95385742188 1788.34143066406 1786.96899414062 1787.67236328125 1788.03442382812
1502.90063476562 1512.97485351562 1521.60559082031 1534.7001953125 1548.38952636719 1562.453125 1577.09362792969 1616.52429199219 1637.49206542969 1659.00598144531 1673.923828125 1678.21826171875 1686.83459472656 1719.46923828125 1756.26708984375 1756.84533691406 1751.45886230469 1758.62414550781 1764.458984375 1787.16088867188 1795.42321777344 1787.2421875 1790.24426269531 1798.32214355469 1805.31896972656 1810.59631347656 1811.66394042969 1814.193359375 1815.02954101562 1832.73876953125 1851.29724121094 1842.24621582031 1822.5478515625 1827.15539550781 1834.21435546875 1836.42126464844 1832.89404296875 1829.67102050781 1829.43237304688 1822.39807128906 1818.24792480469 1853.55078125 1858.23803710938 1854.22387695312 1835.30297851562 1814.82934570312 1814.3154296875 1815.2431640625 1815.20422363281
