rcp4.5models/MPi_ESM_LR/sc1gr5.22
NCOLS 261 
NROWS 433 
XLLCORNER 336357.134 
YLLCORNER 654653.479 
CELLSIZE 1000 
NODATA_value -3.4e+38 
[rows 44 to 65 of 433, columns 98 to 146 of 261]
289.677154541016 289.656829833984 289.529663085938 289.646759033203 289.516021728516 289.489593505859 289.45166015625 289.166656494141 289.340423583984 289.311981201172 289.623870849609 289.895874023438 289.754425048828 289.660705566406 289.359832763672 289.332397460938 289.507965087891 289.764892578125 289.696075439453 289.436309814453 289.230590820312 289.465484619141 289.492156982422 289.622283935547 -3.4e+38 -3.4e+38 -3.4e+38 -3.4e+38 -3.4e+38 -3.4e+38 -3.4e+38 -3.4e+38 -3.4e+38 -3.4e+38 -3.4e+38 -3.4e+38 -3.4e+38 -3.4e+38 -3.4e+38 -3.4e+38 -3.4e+38 -3.4e+38 -3.4e+38 -3.4e+38 -3.4e+38 -3.4e+38 -3.4e+38 -3.4e+38 -3.4e+38
289.766784667969 289.746551513672 289.664672851562 289.397399902344 289.105377197266 289.401123046875 289.371978759766 289.341217041016 289.316802978516 289.438812255859 289.355651855469 289.261474609375 289.230407714844 289.291656494141 289.068145751953 289.225494384766 289.27099609375 289.201171875 289.313323974609 289.154754638672 288.826110839844 288.970886230469 289.024658203125 289.055084228516 289.019958496094 -3.4e+38 -3.4e+38 -3.4e+38 -3.4e+38 -3.4e+38 -3.4e+38 -3.4e+38 -3.4e+38 -3.4e+38 -3.4e+38 -3.4e+38 -3.4e+38 -3.4e+38 -3.4e+38 -3.4e+38 -3.4e+38 -3.4e+38 -3.4e+38 -3.4e+38 -3.4e+38 -3.4e+38 -3.4e+38 -3.4e+38 -3.4e+38
289.776000976562 289.11474609375 289.519714355469 289.359191894531 289.276428222656 289.266571044922 289.444885253906 289.4140625 289.389892578125 289.510833740234 289.411682128906 289.273895263672 289.227447509766 289.075958251953 289.047088623047 289.041351318359 289.247009277344 289.217926025391 288.995697021484 289.093292236328 289.02490234375 288.965545654297 288.703308105469 288.638244628906 288.770446777344 288.750122070312 289.260101318359 -3.4e+38 -3.4e+38 -3.4e+38 -3.4e+38 -3.4e+38 -3.4e+38 -3.4e+38 -3.4e+38 -3.4e+38 -3.4e+38 -3.4e+38 -3.4e+38 -3.4e+38 -3.4e+38 -3.4e+38 -3.4e+38 -3.4e+38 -3.4e+38 -3.4e+38 -3.4e+38 -3.4e+38 -3.4e+38
289.244995117188 288.673828125 288.988983154297 289.269897460938 289.346710205078 289.270355224609 289.458129882812 289.427062988281 289.402862548828 289.526550292969 289.480407714844 289.285949707031 289.227630615234 288.936279296875 289.113342285156 289.039947509766 289.302703857422 289.288696289062 289.027740478516 288.945861816406 288.943511962891 288.827697753906 288.710510253906 288.6279296875 288.757904052734 288.566284179688 288.65087890625 -3.4e+38 289.151092529297 -3.4e+38 -3.4e+38 -3.4e+38 -3.4e+38 -3.4e+38 -3.4e+38 -3.4e+38 -3.4e+38 -3.4e+38 -3.4e+38 -3.4e+38 -3.4e+38 -3.4e+38 -3.4e+38 -3.4e+38 -3.4e+38 -3.4e+38 -3.4e+38 -3.4e+38 -3.4e+38
288.866607666016 288.627990722656 288.773620605469 289.010864257812 289.146484375 289.125518798828 289.265899658203 289.439636230469 289.409820556641 289.438232421875 289.492034912109 289.283599853516 289.045166015625 288.993408203125 289.129333496094 289.094390869141 289.160247802734 289.106079101562 289.004577636719 288.991027832031 288.927307128906 288.757934570312 288.557495117188 288.783569335938 288.783142089844 288.701080322266 288.291076660156 288.721130371094 -3.4e+38 -3.4e+38 -3.4e+38 -3.4e+38 -3.4e+38 -3.4e+38 -3.4e+38 -3.4e+38 -3.4e+38 -3.4e+38 -3.4e+38 -3.4e+38 -3.4e+38 -3.4e+38 -3.4e+38 -3.4e+38 -3.4e+38 -3.4e+38 -3.4e+38 -3.4e+38 -3.4e+38
288.713012695312 288.426696777344 288.681640625 288.903564453125 288.926025390625 288.702239990234 288.941101074219 289.024078369141 288.997650146484 289.074127197266 289.191375732422 289.088775634766 288.924865722656 288.768463134766 289.139953613281 289.093963623047 289.046600341797 288.997894287109 288.922271728516 -3.4e+38 288.692687988281 288.593292236328 288.608245849609 288.538421630859 288.522674560547 288.721252441406 288.397155761719 288.417510986328 288.600769042969 289.106536865234 289.072540283203 -3.4e+38 -3.4e+38 -3.4e+38 -3.4e+38 -3.4e+38 -3.4e+38 -3.4e+38 -3.4e+38 -3.4e+38 -3.4e+38 -3.4e+38 -3.4e+38 -3.4e+38 -3.4e+38 -3.4e+38 -3.4e+38 -3.4e+38 -3.4e+38
288.133483886719 288.434783935547 288.738891601562 288.918090820312 288.970031738281 288.329620361328 288.721649169922 288.690093994141 288.660217285156 288.692291259766 288.798980712891 288.562896728516 288.530303955078 288.593872070312 288.862426757812 289.056579589844 288.543670654297 288.579895019531 288.460571289062 -3.4e+38 288.152160644531 288.518035888672 288.833740234375 288.653472900391 288.531372070312 288.631896972656 288.460021972656 288.455535888672 288.751007080078 288.909698486328 288.908660888672 289.158172607422 -3.4e+38 -3.4e+38 -3.4e+38 -3.4e+38 -3.4e+38 -3.4e+38 -3.4e+38 -3.4e+38 -3.4e+38 -3.4e+38 -3.4e+38 -3.4e+38 -3.4e+38 -3.4e+38 -3.4e+38 -3.4e+38 -3.4e+38
287.651336669922 288.50146484375 288.597229003906 288.817199707031 288.736053466797 288.514984130859 288.261108398438 288.534912109375 288.4892578125 288.244384765625 288.078918457031 288.224578857422 288.209442138672 288.497802734375 288.466522216797 288.561828613281 288.258941650391 288.469512939453 288.532470703125 288.287506103516 287.915008544922 288.352233886719 288.921020507812 288.844207763672 288.64208984375 288.584686279297 288.467620849609 288.436798095703 288.604125976562 288.889251708984 288.793579101562 288.656036376953 -3.4e+38 -3.4e+38 -3.4e+38 -3.4e+38 -3.4e+38 -3.4e+38 -3.4e+38 -3.4e+38 -3.4e+38 -3.4e+38 -3.4e+38 -3.4e+38 -3.4e+38 -3.4e+38 -3.4e+38 -3.4e+38 -3.4e+38
287.661285400391 288.619995117188 288.584930419922 288.769836425781 288.683441162109 288.572998046875 287.813323974609 287.981414794922 288.445098876953 288.261413574219 287.717926025391 287.766082763672 287.971893310547 288.531646728516 288.231567382812 288.195098876953 288.254272460938 288.330596923828 288.366516113281 288.072479248047 287.909759521484 288.200958251953 288.541900634766 288.646057128906 288.471496582031 288.592437744141 288.474975585938 288.415222167969 288.410369873047 288.654998779297 288.535308837891 288.32080078125 288.978637695312 -3.4e+38 -3.4e+38 -3.4e+38 -3.4e+38 -3.4e+38 -3.4e+38 -3.4e+38 -3.4e+38 -3.4e+38 -3.4e+38 -3.4e+38 -3.4e+38 -3.4e+38 -3.4e+38 -3.4e+38 -3.4e+38
287.295684814453 288.161712646484 288.642242431641 288.572326660156 288.650573730469 288.622772216797 287.695892333984 287.692108154297 288.124176025391 287.787963867188 287.71142578125 287.526123046875 287.671661376953 288.490936279297 287.893005371094 288.138305664062 288.136444091797 288.004241943359 288.058441162109 288.10400390625 288.101593017578 288.166748046875 288.170501708984 288.127807617188 288.101501464844 288.599945068359 288.482055664062 288.375946044922 288.128784179688 288.467071533203 288.378204345703 288.282562255859 288.768646240234 288.831085205078 -3.4e+38 -3.4e+38 288.697448730469 -3.4e+38 -3.4e+38 -3.4e+38 -3.4e+38 -3.4e+38 -3.4e+38 -3.4e+38 -3.4e+38 -3.4e+38 -3.4e+38 -3.4e+38 -3.4e+38
287.288635253906 287.882629394531 288.338195800781 288.158203125 288.607635498047 288.688598632812 287.678009033203 287.178192138672 287.729217529297 287.246612548828 287.494323730469 287.151489257812 287.759033203125 288.391418457031 287.448364257812 -3.4e+38 287.586242675781 287.707946777344 287.999786376953 287.964233398438 287.673065185547 288.154479980469 288.039611816406 -3.4e+38 287.963684082031 288.094268798828 288.125122070312 288.266326904297 287.924194335938 288.102813720703 287.839904785156 288.519897460938 288.642517089844 288.652069091797 288.556915283203 -3.4e+38 -3.4e+38 288.587097167969 -3.4e+38 -3.4e+38 -3.4e+38 -3.4e+38 -3.4e+38 -3.4e+38 -3.4e+38 -3.4e+38 -3.4e+38 -3.4e+38 -3.4e+38
287.628723144531 -3.4e+38 287.951782226562 287.775848388672 288.194152832031 -3.4e+38 287.76611328125 286.805450439453 -3.4e+38 287.114105224609 287.070648193359 286.831695556641 -3.4e+38 288.324035644531 287.326141357422 -3.4e+38 287.176574707031 287.270660400391 287.493316650391 287.552978515625 287.699951171875 288.063629150391 287.976837158203 288.070861816406 287.894226074219 287.78076171875 287.785614013672 288.091369628906 288.189819335938 288.026092529297 287.380249023438 288.485290527344 288.422729492188 288.3544921875 288.338165283203 -3.4e+38 288.999420166016 -3.4e+38 288.527374267578 -3.4e+38 -3.4e+38 -3.4e+38 -3.4e+38 -3.4e+38 -3.4e+38 -3.4e+38 -3.4e+38 -3.4e+38 -3.4e+38
287.808837890625 287.837280273438 287.385681152344 287.560852050781 -3.4e+38 -3.4e+38 287.392547607422 286.652648925781 286.637664794922 287.602935791016 286.632598876953 287.155242919922 -3.4e+38 287.812683105469 287.502685546875 287.053680419922 287.123870849609 287.137054443359 287.142272949219 287.211578369141 288.014709472656 287.438385009766 287.040435791016 287.814086914062 287.145050048828 287.120635986328 287.643890380859 287.48583984375 287.862365722656 287.825469970703 287.290496826172 287.273986816406 287.503082275391 287.835021972656 288.134979248047 288.386840820312 288.569793701172 288.750183105469 -3.4e+38 -3.4e+38 -3.4e+38 -3.4e+38 -3.4e+38 -3.4e+38 -3.4e+38 -3.4e+38 -3.4e+38 -3.4e+38 -3.4e+38
287.711517333984 287.497955322266 286.634918212891 287.888702392578 -3.4e+38 -3.4e+38 287.719818115234 287.295806884766 287.355377197266 287.261901855469 287.023223876953 287.034210205078 287.669525146484 287.381042480469 287.34326171875 287.246215820312 286.916778564453 286.833129882812 286.576019287109 287.19970703125 -3.4e+38 286.994812011719 287.036682128906 287.315277099609 286.752563476562 287.118408203125 -3.4e+38 287.3505859375 287.058349609375 286.851684570312 286.881011962891 287.261779785156 287.329833984375 287.501190185547 288.073791503906 288.293701171875 -3.4e+38 -3.4e+38 -3.4e+38 -3.4e+38 -3.4e+38 -3.4e+38 -3.4e+38 -3.4e+38 -3.4e+38 -3.4e+38 -3.4e+38 -3.4e+38 -3.4e+38
287.489227294922 287.079956054688 286.623840332031 287.908782958984 -3.4e+38 287.741058349609 287.75341796875 287.716949462891 287.581878662109 286.786529541016 286.986450195312 287.284515380859 287.474365234375 287.268280029297 286.962158203125 287.307067871094 286.869537353516 286.589080810547 287.001342773438 -3.4e+38 -3.4e+38 286.993347167969 287.091003417969 287.072113037109 286.829772949219 286.431976318359 286.73486328125 287.090698242188 286.645690917969 286.372497558594 286.627227783203 287.120056152344 286.895782470703 287.306976318359 287.537170410156 287.791137695312 -3.4e+38 -3.4e+38 -3.4e+38 -3.4e+38 -3.4e+38 287.955780029297 287.780822753906 -3.4e+38 -3.4e+38 -3.4e+38 -3.4e+38 -3.4e+38 -3.4e+38
287.006042480469 286.607604980469 286.642791748047 287.855895996094 287.87158203125 287.642974853516 287.841644287109 287.412506103516 287.376373291016 286.774169921875 286.938751220703 287.475952148438 287.437744140625 286.985321044922 287.177642822266 287.309295654297 286.814575195312 286.418670654297 287.197540283203 287.404571533203 287.319793701172 286.984191894531 286.617919921875 287.011383056641 286.359771728516 286.049652099609 286.123352050781 286.638000488281 286.456268310547 286.366821289062 286.487365722656 286.607543945312 286.5478515625 287.25146484375 287.337219238281 288.122833251953 -3.4e+38 -3.4e+38 -3.4e+38 -3.4e+38 -3.4e+38 -3.4e+38 287.788970947266 287.720275878906 -3.4e+38 -3.4e+38 -3.4e+38 -3.4e+38 -3.4e+38
286.573944091797 286.457794189453 286.918548583984 287.962860107422 287.829010009766 287.755310058594 287.927734375 287.720245361328 287.036407470703 286.818817138672 286.716064453125 287.528594970703 287.484222412109 286.81787109375 287.127685546875 287.298034667969 286.676635742188 286.471618652344 287.245819091797 287.157440185547 287.090423583984 286.837310791016 286.203308105469 286.963470458984 286.130187988281 286.653350830078 285.746704101562 286.040924072266 286.406555175781 286.287261962891 286.028015136719 286.366180419922 286.416107177734 287.366241455078 287.931213378906 288.497375488281 -3.4e+38 -3.4e+38 -3.4e+38 -3.4e+38 -3.4e+38 -3.4e+38 288.064086914062 287.749267578125 -3.4e+38 -3.4e+38 -3.4e+38 -3.4e+38 -3.4e+38
286.4775390625 286.681030273438 287.104125976562 287.931243896484 287.940826416016 287.819702148438 287.954803466797 288.010467529297 287.062896728516 286.738830566406 286.8251953125 287.276580810547 287.194427490234 286.7099609375 286.830535888672 286.914215087891 286.541320800781 286.478179931641 286.804290771484 287.047637939453 286.869140625 286.523681640625 286.146789550781 286.336242675781 286.089202880859 286.887145996094 285.412231445312 285.521209716797 286.020233154297 286.422302246094 285.828002929688 286.328826904297 286.615203857422 287.443420410156 288.219482421875 288.262084960938 288.223205566406 -3.4e+38 -3.4e+38 -3.4e+38 -3.4e+38 -3.4e+38 -3.4e+38 288.236968994141 288.068298339844 -3.4e+38 -3.4e+38 -3.4e+38 -3.4e+38
286.606750488281 287.111846923828 287.112396240234 287.981109619141 287.903900146484 287.827239990234 287.926727294922 287.509735107422 286.852233886719 286.315368652344 286.968688964844 286.897705078125 286.940643310547 286.742858886719 286.744476318359 286.574371337891 286.284027099609 286.257781982422 286.468780517578 286.98193359375 286.712677001953 286.192443847656 286.160919189453 286.033477783203 286.031036376953 286.827606201172 285.194366455078 285.734527587891 286.317077636719 286.259185791016 285.691040039062 286.284240722656 287.138580322266 287.940124511719 288.198181152344 288.132995605469 287.909576416016 287.436889648438 287.490936279297 287.986450195312 -3.4e+38 -3.4e+38 -3.4e+38 -3.4e+38 288.206604003906 -3.4e+38 -3.4e+38 -3.4e+38 -3.4e+38
286.570373535156 287.194488525391 287.324859619141 287.940124511719 287.860992431641 287.927185058594 287.820709228516 287.311645507812 286.605346679688 286.469024658203 286.772094726562 286.777160644531 286.791625976562 286.679840087891 286.442474365234 286.336547851562 286.255950927734 286.164306640625 286.528533935547 286.755310058594 286.996368408203 286.251312255859 286.044219970703 285.844451904297 286.065063476562 286.409393310547 285.581878662109 286.219299316406 286.096405029297 285.741363525391 285.593292236328 286.352813720703 287.376800537109 288.229400634766 288.038909912109 287.922485351562 286.843902587891 286.455505371094 286.847442626953 287.388519287109 287.750732421875 -3.4e+38 -3.4e+38 -3.4e+38 288.253601074219 288.04736328125 -3.4e+38 -3.4e+38 -3.4e+38
286.416412353516 287.136047363281 287.122039794922 287.670501708984 287.564788818359 287.886566162109 287.796722412109 287.678527832031 286.777252197266 286.804595947266 286.867248535156 286.873260498047 286.725891113281 286.516235351562 286.256011962891 286.133483886719 286.2490234375 286.360168457031 286.566650390625 286.540466308594 286.647155761719 286.385955810547 286.18603515625 285.956207275391 286.027984619141 285.783660888672 285.921752929688 285.770202636719 285.206573486328 285.443786621094 285.609313964844 286.447540283203 287.509216308594 288.063293457031 287.767761230469 286.694274902344 285.947570800781 286.208831787109 286.958526611328 287.198425292969 287.627746582031 287.910522460938 -3.4e+38 -3.4e+38 -3.4e+38 288.159759521484 -3.4e+38 -3.4e+38 -3.4e+38
286.339904785156 286.51904296875 286.950714111328 287.258453369141 287.505676269531 287.942749023438 287.868804931641 287.265991210938 286.794982910156 286.780487060547 287 287.0302734375 286.725524902344 286.475189208984 286.057830810547 285.9609375 286.053894042969 286.683807373047 286.778015136719 286.676788330078 286.318908691406 286.394073486328 286.139984130859 285.513793945312 286.054229736328 285.919586181641 285.823211669922 285.042816162109 284.822204589844 285.228759765625 286.135803222656 286.971740722656 287.615417480469 288.053070068359 287.793151855469 286.403106689453 285.236511230469 286.200256347656 286.467468261719 287.005859375 287.566925048828 287.80859375 -3.4e+38 -3.4e+38 -3.4e+38 288.072479248047 287.491485595703 -3.4e+38 -3.4e+38
