rcp4.5models/MPi_ESM_LR/sc1gr6.28
NCOLS 261 
NROWS 433 
XLLCORNER 336357.134 
YLLCORNER 654653.479 
CELLSIZE 1000 
NODATA_value -3.4e+38 
[rows 220 to 241 of 433, columns 196 to 244 of 261]
1822.58947753906 1819.64892578125 1819.7255859375 1816.3671875 1812.44372558594 1807.91040039062 1807.30737304688 1802.08251953125 1795.62438964844 1791.37548828125 1794.75354003906 1789.38317871094 1782.90649414062 1785.13854980469 1789.69763183594 1786.25769042969 1781.40405273438 1780.92016601562 1766.60095214844 1767.83813476562 1770.75500488281 1766.62622070312 1764.18298339844 1763.3544921875 1761.64270019531 1759.96069335938 1756.15173339844 -3.4e+38 1750.39196777344 1747.87756347656 1741.75671386719 1741.240234375 -3.4e+38 -3.4e+38 -3.4e+38 -3.4e+38 -3.4e+38 -3.4e+38 -3.4e+38 -3.4e+38 -3.4e+38 -3.4e+38 -3.4e+38 -3.4e+38 -3.4e+38 -3.4e+38 -3.4e+38 -3.4e+38 -3.4e+38
1835.23303222656 1832.61706542969 1830.87866210938 1826.68493652344 1822.03979492188 1815.94213867188 1816.55834960938 1808.45581054688 1803.97082519531 1802.599609375 1806.19348144531 1802.36157226562 1793.89904785156 1798.37658691406 1803.58044433594 1795.55493164062 1789.53173828125 1786.55200195312 1775.61791992188 1775.92346191406 1773.78991699219 1773.05895996094 1771.28125 1765.2265625 1762.65417480469 1763.04077148438 1760.16577148438 -3.4e+38 1754.18664550781 1752.99206542969 1747.34790039062 1746.64672851562 -3.4e+38 -3.4e+38 -3.4e+38 -3.4e+38 -3.4e+38 -3.4e+38 -3.4e+38 -3.4e+38 -3.4e+38 -3.4e+38 -3.4e+38 -3.4e+38 -3.4e+38 -3.4e+38 -3.4e+38 -3.4e+38 -3.4e+38
1847.44775390625 1842.11071777344 1838.96765136719 1837.12902832031 1832.24438476562 1825.17810058594 1825.61889648438 1817.724609375 1814.53442382812 1813.76196289062 1812.25415039062 1811.11584472656 1807.31433105469 1808.01916503906 1809.30200195312 1804.68127441406 1797.46691894531 1793.7373046875 1782.95153808594 1780.20361328125 1776.05017089844 1773.35034179688 1772.5732421875 1770.3564453125 -3.4e+38 -3.4e+38 -3.4e+38 -3.4e+38 1758.69274902344 1757.79235839844 1751.89770507812 1751.75756835938 1750.24182128906 -3.4e+38 -3.4e+38 -3.4e+38 -3.4e+38 -3.4e+38 -3.4e+38 -3.4e+38 -3.4e+38 -3.4e+38 -3.4e+38 -3.4e+38 -3.4e+38 -3.4e+38 -3.4e+38 -3.4e+38 -3.4e+38
1851.96032714844 1847.71923828125 1847.13977050781 1846.41284179688 1840.7587890625 1838.79577636719 1837.76379394531 1825.43579101562 1820.916015625 1818.99438476562 1820.16638183594 1822.58264160156 1816.63244628906 1810.87817382812 1807.01196289062 1805.00256347656 1800.7734375 1796.87683105469 1787.46069335938 1783.74877929688 1781.15551757812 1777.07409667969 1774.08776855469 1773.54833984375 -3.4e+38 -3.4e+38 -3.4e+38 -3.4e+38 1761.9091796875 1761.19152832031 1755.6533203125 1755.08862304688 1753.63317871094 1749.54089355469 1748.29467773438 -3.4e+38 -3.4e+38 -3.4e+38 -3.4e+38 -3.4e+38 -3.4e+38 -3.4e+38 -3.4e+38 -3.4e+38 -3.4e+38 -3.4e+38 -3.4e+38 -3.4e+38 -3.4e+38
1853.58569335938 1850.79406738281 1852.20373535156 1850.70141601562 1844.34204101562 1844.36108398438 1841.39831542969 1830.12353515625 1826.6455078125 1823.90307617188 1825.19592285156 1830.31958007812 1827.24426269531 1819.09436035156 1810.56396484375 1805.44763183594 1802.08068847656 1798.54748535156 1792.27124023438 1790.36669921875 1789.59240722656 1783.78759765625 1778.57116699219 -3.4e+38 -3.4e+38 1772.13244628906 1769.44396972656 1766.49133300781 1764.63879394531 1763.26525878906 1760.57092285156 1757.5009765625 1755.24609375 1753.81994628906 1750.85778808594 1747.7109375 1744.45886230469 -3.4e+38 -3.4e+38 -3.4e+38 -3.4e+38 -3.4e+38 -3.4e+38 -3.4e+38 -3.4e+38 -3.4e+38 -3.4e+38 -3.4e+38 -3.4e+38
1857.81201171875 1855.09973144531 1853.80065917969 1852.12109375 1848.29504394531 -3.4e+38 -3.4e+38 1842.22082519531 1837.3408203125 1834.28491210938 1829.392578125 1829.26049804688 1832.65686035156 1829.67053222656 1821.4619140625 1815.39721679688 1809.97412109375 1806.435546875 1798.87292480469 1797.29943847656 1799.26147460938 1794.93933105469 1787.10205078125 1781.97546386719 1779.82678222656 1777.42309570312 1774.64685058594 1771.48095703125 1769.18395996094 1767.01245117188 1764.79919433594 1762.97473144531 1759.09948730469 1757.46887207031 1754.35864257812 1751.50561523438 1748.63244628906 1747.46545410156 -3.4e+38 -3.4e+38 -3.4e+38 -3.4e+38 -3.4e+38 -3.4e+38 -3.4e+38 -3.4e+38 -3.4e+38 -3.4e+38 -3.4e+38
1867.23901367188 1865.08984375 1859.81530761719 1857.61022949219 1858.560546875 1858.34143066406 1857.29675292969 1869.83068847656 1862.84582519531 1845.62390136719 1837.57397460938 1831.90637207031 1832.60998535156 1830.87280273438 1826.91076660156 1824.34948730469 1817.31823730469 1812.8779296875 1807.60131835938 1806.90625 1806.48303222656 1805.75622558594 1800.40100097656 1792.11669921875 1787.27734375 1784.66052246094 1781.49780273438 1776.57238769531 1774.39636230469 1771.76306152344 1767.07214355469 1766.37805175781 1763.62890625 1760.93884277344 1758.26550292969 1755.77893066406 1752.30505371094 1749.43359375 -3.4e+38 -3.4e+38 -3.4e+38 -3.4e+38 -3.4e+38 -3.4e+38 -3.4e+38 -3.4e+38 -3.4e+38 -3.4e+38 -3.4e+38
1878.16162109375 1875.79479980469 1873.43444824219 1869.59240722656 1870.30822753906 1875.34545898438 1878.81616210938 1881.86437988281 1870.28955078125 1850.29431152344 1843.08129882812 1838.92114257812 1837.78930664062 1832.14453125 1829.82238769531 1827.97143554688 1822.34436035156 1818.42053222656 1815.22888183594 1814.71887207031 1810.318359375 1808.04370117188 1807.34533691406 1803.99597167969 1794.89050292969 1791.05700683594 1788.19018554688 1782.98193359375 1780.84094238281 1777.27990722656 1770.08251953125 1767.3427734375 1765.41577148438 1764.43212890625 1761.9921875 1759.05908203125 1755.79553222656 1753.22424316406 1750.45397949219 -3.4e+38 -3.4e+38 -3.4e+38 -3.4e+38 -3.4e+38 -3.4e+38 -3.4e+38 -3.4e+38 -3.4e+38 -3.4e+38
1889.5498046875 1890.66198730469 1893.01513671875 1895.13098144531 1889.31408691406 1886.30676269531 1894.4775390625 1874.20861816406 1864.40075683594 1854.671875 1850.22448730469 1848.53125 1845.95349121094 1839.20861816406 1834.91052246094 1831.8203125 1828.24035644531 1825.2412109375 1820.36743164062 1817.86486816406 1811.806640625 1808.08764648438 1808.39587402344 1810.72326660156 1802.48742675781 1796.22229003906 1793.60437011719 1789.20874023438 1786.27404785156 1782.81176757812 1775.2275390625 1770.73010253906 1767.38940429688 1766.31469726562 1764.41687011719 1763.31127929688 1759.90075683594 1756.24609375 1752.97143554688 1751.12951660156 -3.4e+38 -3.4e+38 -3.4e+38 -3.4e+38 -3.4e+38 -3.4e+38 -3.4e+38 -3.4e+38 -3.4e+38
1903.91198730469 1906.63024902344 1909.91442871094 1919.037109375 1917.02612304688 1890.10754394531 1893.65161132812 1908.44030761719 1891.78723144531 1878.29516601562 1875.04821777344 1863.77331542969 1861.80749511719 1852.28234863281 1845.58984375 1842.05480957031 1838.51330566406 1833.62451171875 1825.02709960938 1819.89172363281 1815.65087890625 1812.31628417969 1810.71594238281 1811.63269042969 1806.58825683594 1800.8955078125 1797.36303710938 1794.36535644531 1791.88073730469 1788.40747070312 1780.75451660156 1775.1943359375 -3.4e+38 -3.4e+38 -3.4e+38 -3.4e+38 1763.04907226562 1758.90759277344 1756.10412597656 1753.40637207031 1750.09411621094 1742.76831054688 -3.4e+38 -3.4e+38 -3.4e+38 -3.4e+38 -3.4e+38 -3.4e+38 -3.4e+38
1918.21215820312 1918.86608886719 1915.21215820312 1916.36120605469 1916.41345214844 1899.3828125 1900.98620605469 1934.11340332031 1930.63500976562 1905.44641113281 1915.84240722656 1894.45202636719 1872.73779296875 1865.57153320312 1857.91491699219 1852.19470214844 1846.83044433594 1842.43737792969 1833.63696289062 1828.50610351562 1824.70849609375 1819.94311523438 1814.61352539062 1812.84411621094 1809.77111816406 1805.73510742188 1802.03369140625 1798.25500488281 1796.11535644531 1794.29797363281 1788.06469726562 1781.99267578125 -3.4e+38 -3.4e+38 -3.4e+38 -3.4e+38 -3.4e+38 1761.1552734375 1758.96984863281 1755.056640625 1751.66064453125 1746.1796875 1744.49523925781 -3.4e+38 -3.4e+38 -3.4e+38 -3.4e+38 -3.4e+38 -3.4e+38
1938.173828125 1943.08459472656 1957.68298339844 1982.80456542969 1965.076171875 1942.36328125 1939.29479980469 1923.54650878906 1913.08984375 1901.841796875 1893.42456054688 1894.27697753906 1882.29870605469 1873.25646972656 1878.84387207031 1864.24072265625 1851.16943359375 1850.62866210938 1842.78137207031 1839.6650390625 1835.66333007812 1832.74621582031 1828.54675292969 1826.10668945312 1822.69775390625 1818.70104980469 1814.09155273438 1810.53442382812 1805.45178222656 1799.70568847656 1792.26867675781 -3.4e+38 -3.4e+38 -3.4e+38 -3.4e+38 -3.4e+38 -3.4e+38 -3.4e+38 -3.4e+38 -3.4e+38 1755.85705566406 1752.79382324219 1748.26940917969 1744.20678710938 -3.4e+38 -3.4e+38 -3.4e+38 -3.4e+38 -3.4e+38
1948.58117675781 1966.35131835938 1990.87133789062 2002.98010253906 1989.85498046875 1954.68359375 1950.70190429688 1933.02795410156 1914.93054199219 1905.53100585938 1891.19482421875 1887.69897460938 1883.1533203125 1875.89440917969 1880.63122558594 1868.90991210938 1855.9716796875 1854.2255859375 1848.06140136719 1843.92126464844 1841.12646484375 1839.56823730469 1835.70776367188 1831.90759277344 1827.35339355469 1824.32214355469 1820.56774902344 1817.26123046875 1812.2490234375 1803.27099609375 1795.87915039062 1792.94104003906 -3.4e+38 -3.4e+38 -3.4e+38 -3.4e+38 -3.4e+38 -3.4e+38 -3.4e+38 -3.4e+38 -3.4e+38 1755.58203125 1751.90673828125 1748.32580566406 1742.91467285156 1740.75610351562 -3.4e+38 -3.4e+38 -3.4e+38
1956.57873535156 1987.619140625 2012.50073242188 1972.11047363281 1969.32666015625 1957.25415039062 1950.77978515625 1950.26257324219 1917.30029296875 1913.13537597656 1906.44836425781 -3.4e+38 1886.74060058594 1883.28295898438 1880.01513671875 1871.86755371094 1864.81982421875 1861.361328125 1855.63134765625 1851.685546875 1847.5341796875 1845.27490234375 1842.90844726562 1838.59924316406 1833.84069824219 1830.646484375 1827.28820800781 1822.43908691406 1815.72534179688 1808.70483398438 1798.62927246094 -3.4e+38 -3.4e+38 -3.4e+38 -3.4e+38 -3.4e+38 1780.18481445312 -3.4e+38 -3.4e+38 -3.4e+38 -3.4e+38 1757.15881347656 -3.4e+38 1748.35681152344 1746.12646484375 -3.4e+38 -3.4e+38 -3.4e+38 -3.4e+38
1962.75061035156 1980.81567382812 1992.82592773438 1966.47668457031 1959.58911132812 1957.61291503906 1952.03662109375 1948.94482421875 1927.27783203125 1917.65026855469 1928.38220214844 1930.03674316406 1890.78039550781 1888.08264160156 1882.31066894531 1877.6123046875 1873.3525390625 1869.97790527344 1863.24133300781 1860.50268554688 1855.78674316406 1852.75671386719 1849.54602050781 1844.85339355469 1839.24645996094 1834.84594726562 1829.79638671875 1825.18530273438 1819.12365722656 1813.79333496094 1805.50158691406 1804.48034667969 1797.97436523438 1792.96960449219 -3.4e+38 1787.20764160156 1786.73229980469 1778.19665527344 1772.71997070312 -3.4e+38 -3.4e+38 1758.60998535156 1754.63500976562 -3.4e+38 1748.46411132812 -3.4e+38 1742.05297851562 -3.4e+38 -3.4e+38
1965.85510253906 1968.97277832031 1973.705078125 1974.21130371094 1965.24694824219 1955.37170410156 1954.021484375 1950.86267089844 1944.48156738281 1926.32641601562 1929.82775878906 1935.35095214844 1902.98156738281 1893.32177734375 1889.70520019531 1887.66772460938 1881.4140625 1875.90502929688 1870.33569335938 1867.89343261719 1863.29443359375 -3.4e+38 1855.86804199219 1852.02221679688 1845.47094726562 1839.77868652344 1833.14868164062 1829.73718261719 1825.72827148438 1820.16235351562 1812.4873046875 1809.76696777344 1802.69067382812 1797.12939453125 1792.88342285156 1790.78784179688 1789.43603515625 1782.66442871094 -3.4e+38 -3.4e+38 -3.4e+38 1760.63354492188 1756.88171386719 1753.53527832031 1749.84765625 -3.4e+38 1744.29565429688 1740.93664550781 -3.4e+38
1975.29528808594 1976.26049804688 1985.99682617188 1985.09594726562 1972.48156738281 1957.97021484375 1957.736328125 1958.42126464844 1952.47595214844 1940.75390625 1927.30847167969 1918.31140136719 1911.50219726562 1903.3427734375 1900.09582519531 1897.78063964844 1887.98376464844 1882.22045898438 1877.3212890625 1874.64831542969 1870.30090332031 1866.6162109375 1863.32360839844 1860.23864746094 -3.4e+38 1849.45947265625 1846.78649902344 1838.97766113281 1831.34020996094 1826.93627929688 1816.65173339844 1814.51977539062 1808.29748535156 1802.91821289062 1796.94482421875 1794.22277832031 1792.06726074219 1786.26574707031 -3.4e+38 1777.54602050781 -3.4e+38 -3.4e+38 1758.8466796875 -3.4e+38 -3.4e+38 -3.4e+38 1747.10754394531 1741.9384765625 -3.4e+38
1989.95935058594 1985.75183105469 1989.96459960938 1989.08508300781 1979.68969726562 1969.60974121094 1964.90063476562 1961.09814453125 1955.08032226562 1946.51965332031 1938.12548828125 -3.4e+38 1918.56457519531 1913.68579101562 1912.25366210938 1904.78405761719 1895.04541015625 1890.64978027344 1884.05517578125 1882.068359375 1879.61853027344 1876.59838867188 1870.0078125 -3.4e+38 1860.27380371094 1859.54675292969 1861.41650390625 1850.07983398438 1837.72631835938 1830.94946289062 1821.83374023438 1818.61608886719 1812.37756347656 1808.23388671875 1802.79528808594 1799.59826660156 1797.19030761719 1790.76806640625 1786.78735351562 1782.44787597656 1775.97412109375 -3.4e+38 -3.4e+38 -3.4e+38 -3.4e+38 -3.4e+38 -3.4e+38 1747.11926269531 1743.47705078125
2003.91015625 1994.27526855469 1989.62915039062 1984.06811523438 1977.55017089844 1973.17028808594 1971.99584960938 1968.14453125 1966.07641601562 1946.80786132812 1943.07604980469 1934.32397460938 1926.47058105469 1920.99487304688 1916.1279296875 1909.18383789062 1902.63098144531 1898.45544433594 1891.57556152344 1888.73864746094 1887.33142089844 1885.830078125 1879.28295898438 1873.85803222656 1871.33117675781 1869.51159667969 1865.43078613281 1855.92785644531 1844.05383300781 1837.67712402344 1828.65502929688 1822.00231933594 1817.33642578125 1813.1142578125 1810.19104003906 1806.20141601562 1801.87854003906 1796.20251464844 1790.57177734375 1786.06518554688 1780.16418457031 -3.4e+38 -3.4e+38 -3.4e+38 -3.4e+38 -3.4e+38 -3.4e+38 1752.03845214844 1747.61987304688
2015.62194824219 2006.33215332031 1999.72741699219 1989.95959472656 1981.56567382812 1974.27124023438 1976.0107421875 1973.72631835938 1973.35815429688 1955.34545898438 1944.88928222656 1941.66577148438 1933.20104980469 1927.12609863281 1920.60852050781 1915.36291503906 1909.77185058594 1906.33618164062 1898.40051269531 1894.72705078125 1893.98999023438 1896.33996582031 1894.44311523438 1886.8779296875 1882.50744628906 1882.57556152344 1872.033203125 1858.25634765625 1851.0087890625 1847.91064453125 1837.63146972656 1827.01245117188 1822.92578125 1819.61853027344 1819.41540527344 1814.73767089844 1807.07238769531 1801.16003417969 1795.05859375 1790.19665527344 1784.68225097656 -3.4e+38 1767.21166992188 1762.97692871094 -3.4e+38 -3.4e+38 -3.4e+38 -3.4e+38 1751.77172851562
2023.78039550781 2018.92749023438 2009.54699707031 1999.46655273438 1991.642578125 1983.76953125 1979.31848144531 1972.40856933594 1969.52111816406 1961.396484375 1951.01086425781 1947.44738769531 1942.91882324219 1934.29968261719 1931.50109863281 1931.1796875 1922.6513671875 1915.61157226562 1904.84448242188 1901.52502441406 -3.4e+38 1905.73181152344 1904.51867675781 1896.01977539062 1886.95886230469 1886.396484375 1876.64953613281 1862.69140625 1858.33728027344 1855.51489257812 1842.32873535156 1833.53051757812 1827.93371582031 1826.10412597656 1828.10998535156 1823.57263183594 1815.90734863281 1808.14526367188 1800.30151367188 1795.12585449219 1789.18969726562 1778.83459472656 1772.31909179688 1768.37622070312 -3.4e+38 -3.4e+38 -3.4e+38 -3.4e+38 1753.69409179688
2036.05432128906 2029.95422363281 2017.35729980469 2006.26037597656 1997.3837890625 1992.80224609375 1984.53796386719 1979.70922851562 1974.76513671875 1967.60693359375 1964.67333984375 1957.20373535156 1950.06433105469 1947.095703125 1947.88781738281 1943.83325195312 1930.76147460938 -3.4e+38 1913.23364257812 1909.6923828125 -3.4e+38 1907.27868652344 1906.6162109375 1902.79577636719 1891.52197265625 1884.64685058594 1880.0615234375 1874.35302734375 1868.16259765625 1860.00891113281 1844.62109375 1839.42980957031 1833.64208984375 1830.82727050781 1833.97583007812 1830.44140625 1821.00219726562 1813.91149902344 1807.60131835938 1800.68798828125 1794.51525878906 1782.28857421875 1777.32543945312 -3.4e+38 -3.4e+38 -3.4e+38 -3.4e+38 1756.43603515625 1754.69360351562
