rcp4.5models/MPi_ESM_LR/sc1gr7.21
NCOLS 261 
NROWS 433 
XLLCORNER 336357.134 
YLLCORNER 654653.479 
CELLSIZE 1000 
NODATA_value -3.4e+38 
[rows 352 to 373 of 433, columns 98 to 146 of 261]
97.0984878540039 96.8757400512695 95.8167877197266 95.4517440795898 97.9280853271484 98.5331344604492 97.1755828857422 97.4699020385742 97.6866073608398 96.3876495361328 95.9835052490234 96.2954025268555 96.213981628418 95.8423080444336 94.7941360473633 92.4530792236328 90.2825164794922 89.7524795532227 89.1471481323242 88.0013732910156 90.0620880126953 -3.4e+38 93.3456649780273 94.6433258056641 95.0242080688477 93.6447448730469 94.783332824707 93.6315231323242 89.1407699584961 82.8775939941406 77.065299987793 74.7855682373047 74.5491943359375 74.406120300293 74.4726867675781 74.4256973266602 74.1789627075195 74.1417617797852 74.0796737670898 73.8666534423828 73.5971298217773 73.5037155151367 73.5909042358398 -3.4e+38 -3.4e+38 73.2279434204102 73.1002960205078 72.9682540893555 72.9899139404297
97.3048248291016 97.3586883544922 96.9514083862305 94.7597579956055 96.6061248779297 97.7344589233398 95.4332885742188 94.3404312133789 95.539665222168 96.1440124511719 95.9231185913086 95.1348495483398 95.1029510498047 95.2199630737305 94.8199768066406 94.1023101806641 92.4734497070312 90.0529861450195 87.7601928710938 86.682861328125 87.2016143798828 88.668586730957 88.5476226806641 88.9238739013672 91.3368606567383 93.1884155273438 87.4347686767578 88.71044921875 85.7161865234375 81.1186065673828 78.2397994995117 75.5504989624023 74.3911056518555 74.3696517944336 73.9867553710938 74.0405120849609 73.9432373046875 73.9884338378906 74.0634918212891 73.7630844116211 73.5464935302734 73.5630111694336 -3.4e+38 -3.4e+38 -3.4e+38 73.1620635986328 72.9814682006836 72.7931900024414 72.85205078125
97.0273818969727 97.5130615234375 98.1192321777344 96.0757904052734 95.7826843261719 96.0063781738281 95.7725982666016 94.2075424194336 93.2675628662109 94.4744262695312 96.0464248657227 95.8615188598633 95.0332794189453 94.4320068359375 93.8043518066406 93.6663818359375 93.5722732543945 91.5349197387695 88.0556488037109 87.2181167602539 89.1531143188477 90.2865447998047 88.3836441040039 86.0449600219727 85.4825820922852 86.4099655151367 81.0799407958984 83.0333557128906 81.1149749755859 79.1549911499023 79.5214538574219 77.7272415161133 76.2216720581055 75.367073059082 73.6668243408203 73.6050262451172 73.7137603759766 74.3633346557617 73.9684066772461 73.8655395507812 73.5754013061523 73.4208221435547 -3.4e+38 73.1083450317383 73.0776672363281 73.2458724975586 73.1620178222656 72.973503112793 72.9238739013672
96.2704544067383 96.8923797607422 97.9502563476562 97.2131576538086 95.7611312866211 94.7468032836914 95.7636871337891 96.1742782592773 95.3591613769531 93.6443862915039 92.9371795654297 93.712272644043 94.4866027832031 94.8350372314453 93.4294509887695 92.9223251342773 92.6600341796875 92.3656692504883 90.5836868286133 89.5125274658203 90.4959564208984 90.1837539672852 89.6893081665039 89.1467514038086 86.7985153198242 84.7832489013672 83.5417938232422 84.3241958618164 82.1379013061523 79.7177047729492 79.755500793457 78.8383941650391 77.4936828613281 75.3582305908203 73.6645050048828 73.4909362792969 73.5742568969727 74.0278167724609 73.4952392578125 73.6868057250977 73.4618072509766 73.2135543823242 73.0993728637695 73.0966415405273 73.2934265136719 73.4692611694336 73.3735046386719 73.1333770751953 72.8609771728516
95.9745712280273 95.7038421630859 96.2503967285156 97.2102508544922 96.1573104858398 94.6430358886719 94.5357437133789 95.4320907592773 96.609016418457 95.3590393066406 91.8900680541992 90.5903701782227 91.7343826293945 93.4155197143555 93.7763290405273 92.8572387695312 92.0504531860352 91.9487609863281 91.764518737793 91.1687469482422 90.4691467285156 89.7413482666016 89.2186126708984 88.6663589477539 87.873893737793 87.0093002319336 84.4889678955078 81.5649185180664 79.8012390136719 78.4698181152344 80.8264541625977 82.8438720703125 80.1380844116211 76.526481628418 74.2693405151367 73.7054214477539 73.6653518676758 73.477897644043 73.3360443115234 73.4660568237305 73.3041610717773 73.176872253418 73.0686416625977 73.1992950439453 73.2854614257812 73.1418609619141 73.0363693237305 72.8982925415039 72.7174453735352
96.4782028198242 95.8128356933594 95.5027389526367 96.8997421264648 96.2333221435547 95.3736419677734 95.4851379394531 95.0242614746094 94.9941101074219 95.8834381103516 94.6400299072266 92.6442184448242 91.4037170410156 91.2427444458008 93.7722930908203 93.0469589233398 92.3550643920898 91.9970779418945 91.4864349365234 90.8760223388672 90.1702880859375 89.4154510498047 88.7300338745117 88.0293273925781 87.2844772338867 86.6614837646484 84.3874282836914 81.2275772094727 79.9400100708008 78.4261779785156 80.1630859375 84.8691635131836 83.8846130371094 79.6576080322266 75.4181747436523 74.3634796142578 73.7094421386719 74.0207977294922 73.3104248046875 73.2425689697266 73.2069778442383 73.1557540893555 73.2020111083984 73.2239761352539 73.0405044555664 72.873046875 72.8756103515625 72.8227233886719 72.6578521728516
97.0132522583008 96.179313659668 95.4201965332031 95.5070877075195 95.3362884521484 95.2957000732422 95.7350997924805 94.9070434570312 93.7826080322266 94.5623931884766 94.9694900512695 94.6533126831055 93.9556655883789 92.9025650024414 93.5896377563477 93.0780563354492 92.4483489990234 91.9246978759766 91.3796768188477 90.8421325683594 90.2307891845703 89.2650756835938 88.3320999145508 87.7857360839844 87.2740478515625 86.685905456543 84.5483856201172 83.2370681762695 81.7503814697266 78.4253311157227 76.3846130371094 79.6208267211914 81.3490600585938 78.4106826782227 75.3197021484375 74.3208312988281 74.1061172485352 74.3991851806641 73.6214447021484 73.4791564941406 73.466667175293 73.4656829833984 73.4812622070312 73.2162399291992 73.0798950195312 73.0836868286133 73.0398941040039 72.9772338867188 72.6745758056641
96.9510116577148 96.489387512207 95.8182525634766 94.7247085571289 94.6979751586914 94.3561935424805 94.7479782104492 95.0713500976562 94.295166015625 93.9584808349609 93.6147918701172 94.0669784545898 94.8353805541992 94.5720367431641 93.4916229248047 92.8740463256836 92.2765579223633 91.6282119750977 91.0749816894531 90.7382125854492 90.1605606079102 89.1299819946289 88.1748580932617 87.6899185180664 87.1795806884766 86.6701278686523 84.0797424316406 82.6174545288086 80.9249572753906 78.0214996337891 75.1834106445312 76.6312866210938 78.1160583496094 76.0735473632812 75.543342590332 75.3645324707031 74.9087677001953 73.8429718017578 73.8449859619141 73.9465789794922 73.8235168457031 74.3354339599609 74.3222274780273 73.8718490600586 73.5623931884766 73.5058746337891 73.1291885375977 72.954948425293 72.7020416259766
95.9761276245117 96.7591552734375 96.847770690918 96.3017654418945 95.5902633666992 94.9068756103516 94.2602844238281 94.7852554321289 95.1449661254883 94.6901321411133 94.4727554321289 94.180061340332 93.8333282470703 93.1415939331055 92.7855682373047 92.2126159667969 91.720588684082 90.9978942871094 90.290412902832 89.5441589355469 88.9233627319336 88.3609237670898 88.0899124145508 87.6527938842773 86.9002075195312 86.1818161010742 84.8143081665039 84.0269317626953 82.8035507202148 81.2883071899414 81.0330123901367 80.2989654541016 78.2952575683594 78.3053588867188 78.3408813476562 77.6117324829102 76.3773422241211 77.1272277832031 76.6711883544922 75.9441986083984 75.3267059326172 74.6680297851562 74.1807479858398 73.7833938598633 73.4666519165039 73.1568908691406 72.9723892211914 72.8175048828125 72.5304107666016
94.1046524047852 95.4776000976562 96.1986694335938 96.6772003173828 96.1687927246094 95.5281143188477 95.2525482177734 94.9402313232422 94.4924240112305 94.4641952514648 94.5596084594727 94.3660736083984 94.0401382446289 93.3211975097656 91.6282577514648 90.1052627563477 89.839958190918 90.4280853271484 90.4572906494141 89.7006301879883 89.0861053466797 88.5321197509766 88.0992126464844 87.453010559082 86.5989379882812 85.7525024414062 84.5133743286133 83.8291854858398 82.7332458496094 80.2522201538086 79.1929168701172 80.133659362793 79.1953201293945 79.21533203125 78.7531204223633 77.2663955688477 75.7191848754883 76.3348922729492 76.1477203369141 75.8913345336914 75.5321731567383 74.7927856445312 74.23681640625 73.8418350219727 73.5353851318359 73.1478881835938 72.9208831787109 72.7522506713867 72.5370025634766
94.796989440918 93.9500885009766 94.5687103271484 96.3482131958008 95.5837936401367 94.593147277832 94.9032669067383 95.2569274902344 94.8938522338867 94.9253692626953 94.4043502807617 93.3162460327148 92.2376022338867 92.0528869628906 90.5503616333008 87.5229339599609 86.8427658081055 88.9759063720703 90.2295837402344 89.7647094726562 89.1853408813477 88.5526580810547 87.955078125 87.2556686401367 86.4002075195312 85.5627746582031 83.0626525878906 82.3356170654297 82.9782638549805 81.4766082763672 80.1110458374023 80.6570358276367 80.2860488891602 79.8162078857422 79.1164398193359 78.1092224121094 77.1928405761719 75.9411239624023 75.9198150634766 75.8387680053711 75.5852203369141 74.7919921875 74.227180480957 73.9791107177734 73.6454925537109 73.1459503173828 72.9179229736328 72.7437744140625 72.6006088256836
96.4428405761719 94.7546768188477 93.0290374755859 95.7167816162109 95.7547378540039 93.3485488891602 91.7251205444336 92.7328796386719 93.8337631225586 94.5983810424805 94.237060546875 93.0284118652344 91.8783874511719 91.6755981445312 90.9681091308594 87.5268096923828 86.0230712890625 88.379264831543 89.8890838623047 89.6125640869141 89.0394973754883 88.4171371459961 87.804069519043 86.8155288696289 85.9818115234375 85.6579132080078 82.8923950195312 82.1144180297852 83.0082473754883 82.3319549560547 81.5414505004883 80.8429260253906 80.0767211914062 79.6808090209961 79.1801605224609 78.316032409668 77.3140182495117 76.1586151123047 76.1882553100586 75.889289855957 75.5303268432617 74.7171478271484 74.1981658935547 73.9275207519531 73.5954513549805 73.1217346191406 72.9216690063477 72.7927093505859 72.6084365844727
96.6719055175781 96.1147155761719 94.6231155395508 94.2138366699219 95.7718276977539 94.4783096313477 91.9439392089844 90.7403106689453 90.9367523193359 92.2508926391602 93.6473770141602 93.6988372802734 93.1990203857422 92.8199920654297 90.7575759887695 88.3484268188477 87.7527008056641 88.6937484741211 89.5427780151367 89.3596420288086 88.8796157836914 88.2602310180664 87.6010513305664 86.5278778076172 85.2845611572266 84.6222839355469 83.3093414306641 82.3886032104492 81.9649353027344 81.5913543701172 81.4374542236328 80.5966110229492 79.6678237915039 79.1686325073242 78.7603759765625 78.1802673339844 77.4880828857422 75.9143447875977 75.9071731567383 75.6110382080078 75.2777709960938 74.703498840332 74.1560974121094 73.7453155517578 73.3935165405273 73.0880813598633 72.9031219482422 72.8042526245117 72.6474456787109
96.5504455566406 96.0078277587891 95.6447067260742 94.3829040527344 95.4142837524414 95.5953521728516 94.66552734375 92.8402633666992 90.3634033203125 88.8399047851562 90.4725570678711 92.326042175293 92.7377853393555 92.8749771118164 91.0700988769531 89.9294357299805 89.7194366455078 89.1442337036133 89.0506820678711 88.9523468017578 88.7201843261719 88.1639709472656 87.4629058837891 86.6780319213867 85.5372085571289 84.4490280151367 82.6504058837891 81.7953414916992 81.2188491821289 81.3856048583984 81.5387268066406 80.747917175293 79.723388671875 78.9187088012695 78.2363662719727 77.7796783447266 77.581901550293 76.4324798583984 75.7529220581055 75.0346069335938 74.8692398071289 74.6357269287109 74.0359497070312 73.6753540039062 73.2723999023438 73.022331237793 72.8963928222656 72.7990112304688 72.7536926269531
96.351188659668 95.8481826782227 93.9086074829102 94.0261840820312 94.9329223632812 95.2259063720703 95.3803634643555 94.7949676513672 93.0005264282227 90.4561920166016 89.9083251953125 90.5651931762695 90.3726654052734 90.5686264038086 91.8946304321289 91.3338851928711 90.4039611816406 89.4887466430664 88.6090774536133 88.4170150756836 88.5937347412109 88.0628433227539 87.3921356201172 86.7534790039062 86.0487442016602 85.239143371582 83.2336654663086 82.6133346557617 82.1496429443359 81.9949111938477 81.6172027587891 80.9002151489258 79.9457397460938 78.9639587402344 78.0566253662109 77.4335021972656 77.1517868041992 76.8136749267578 75.7926483154297 74.8784942626953 74.5868759155273 74.3204956054688 73.8846435546875 73.558349609375 73.2802505493164 73.0616912841797 72.9171752929688 72.8183441162109 72.8289413452148
96.2971420288086 95.9026718139648 93.8265609741211 89.0553512573242 91.0303955078125 92.3787384033203 92.9293823242188 93.4463958740234 93.4499206542969 93.1158981323242 92.3044281005859 91.5501861572266 89.8250732421875 88.6634902954102 91.5684509277344 91.2540054321289 90.594841003418 89.6692733764648 88.3629302978516 87.9628295898438 88.2353134155273 87.7854156494141 87.2249908447266 86.6890258789062 86.0561447143555 85.3620071411133 84.0043182373047 83.3606872558594 82.8246688842773 82.2266082763672 81.5943450927734 80.844108581543 80.0021057128906 79.1938171386719 78.2950668334961 77.4030380249023 76.8498306274414 76.1164398193359 75.3872375488281 74.8145217895508 74.3954391479492 74.0302505493164 73.7477874755859 73.4682388305664 73.3070602416992 73.1060333251953 72.9473724365234 72.8550796508789 72.8872680664062
95.2119827270508 93.3738555908203 93.3904800415039 88.5296936035156 87.6594161987305 87.6856460571289 87.7021255493164 88.2047500610352 88.4612426757812 88.9208450317383 89.5927429199219 90.725830078125 90.3697967529297 88.8747940063477 90.6546249389648 90.7060089111328 90.3818206787109 89.7019500732422 88.8037719726562 88.1057662963867 87.6264190673828 86.7810440063477 86.1799926757812 86.0452194213867 85.8432388305664 85.3906326293945 84.0379257202148 83.4118270874023 82.8595886230469 82.2242813110352 81.5483779907227 80.8270874023438 80.0487060546875 79.4495010375977 78.6482315063477 77.5348205566406 76.8741607666016 75.6802597045898 75.2171325683594 74.7723007202148 74.3623504638672 73.9918975830078 73.6853103637695 73.4953155517578 73.3413925170898 73.1151885986328 72.97021484375 72.9243469238281 72.9593734741211
94.898063659668 90.6189727783203 89.095458984375 90.8833465576172 89.8488922119141 87.1478805541992 85.1938095092773 84.9461898803711 85.3016662597656 85.2891616821289 85.8396377563477 87.0074615478516 87.07275390625 86.6740112304688 87.7135772705078 88.4959259033203 88.6024627685547 88.9299545288086 88.9433670043945 88.2845001220703 87.5224685668945 86.5024719238281 85.7582855224609 85.5714874267578 85.5497131347656 85.1925201416016 84.0581130981445 83.4265518188477 82.7774124145508 82.1271820068359 81.4958343505859 80.8501205444336 80.0935745239258 79.5342559814453 78.7680435180664 77.7295303344727 77.227409362793 75.8347320556641 75.2317733764648 74.7719268798828 74.4044036865234 74.0495986938477 73.6982040405273 73.4950103759766 73.3310470581055 73.1376724243164 -3.4e+38 73.0581436157227 72.9903869628906
95.4750518798828 90.5162887573242 86.2361145019531 89.022819519043 91.4340209960938 90.6847457885742 88.4282989501953 86.3480224609375 85.182014465332 85.2660827636719 85.2972183227539 85.3843841552734 85.1003570556641 85.4089279174805 84.5621490478516 85.0350875854492 85.2948226928711 86.1360168457031 86.8947906494141 86.9059066772461 86.8349685668945 86.750846862793 86.1548843383789 85.2297668457031 85.0541458129883 85.1309204101562 84.1383209228516 83.4742889404297 82.7950744628906 82.1122894287109 81.3838272094727 80.7495498657227 80.0366287231445 79.5428009033203 78.9474945068359 78.0652618408203 77.6284027099609 76.0515747070312 75.2585678100586 74.7333145141602 74.3826751708984 74.0903701782227 73.7534332275391 73.4785995483398 73.3020248413086 73.1743774414062 -3.4e+38 73.1544723510742 73.0973434448242
94.0507965087891 94.1448516845703 92.30419921875 86.1463165283203 84.9262390136719 87.7115478515625 89.6068267822266 89.7302703857422 89.4528503417969 88.358772277832 87.6199493408203 87.5021209716797 86.6886367797852 85.2825088500977 85.5216903686523 86.0744171142578 85.6254348754883 84.398307800293 83.3459701538086 83.3836135864258 83.881721496582 84.3430786132812 84.9681167602539 84.671012878418 83.6453094482422 82.6777267456055 82.7826538085938 82.9333648681641 82.3397750854492 81.5371932983398 81.245979309082 81.027587890625 80.2579193115234 79.3020858764648 78.7066879272461 78.0563278198242 77.4211273193359 76.6718215942383 76.2408981323242 75.2198181152344 74.5774230957031 74.183967590332 73.8419647216797 73.6768646240234 73.500244140625 73.3607406616211 73.3524017333984 -3.4e+38 73.3949127197266
93.4447860717773 94.2934417724609 94.691780090332 89.2604675292969 86.7099380493164 86.6322784423828 86.6624221801758 87.0390548706055 88.9892730712891 90.0047454833984 89.9068374633789 89.9837951660156 89.193244934082 87.4077758789062 84.5289840698242 84.5442428588867 85.0660705566406 84.8984069824219 84.6000823974609 84.1869583129883 83.1171875 82.7240905761719 83.2792053222656 83.0217208862305 82.1295623779297 81.1490936279297 81.1494140625 81.3225936889648 80.9778900146484 80.358642578125 80.3703002929688 80.7018356323242 80.3534088134766 79.8220291137695 79.1566848754883 78.1087036132812 77.2258377075195 77.2106170654297 77.0156784057617 75.931266784668 74.7382125854492 74.2191696166992 73.9401473999023 73.7413558959961 73.5721282958984 73.458984375 -3.4e+38 -3.4e+38 -3.4e+38
93.7088165283203 92.9506301879883 93.9596939086914 92.5428161621094 89.7698593139648 87.1297149658203 85.3242034912109 84.6917266845703 85.8359451293945 88.7144927978516 90.3753128051758 90.180793762207 89.4523849487305 88.2578887939453 84.2751998901367 83.0433959960938 82.8597946166992 83.3920288085938 84.3049468994141 84.3914794921875 83.899284362793 84.0367660522461 83.8717727661133 83.3397216796875 82.5630874633789 82.0863342285156 82.1999969482422 81.3907852172852 81.4673080444336 80.7341461181641 79.8352813720703 80.0486297607422 80.0136947631836 79.6957702636719 79.3016128540039 78.2803268432617 76.9368591308594 77.6377410888672 77.4968795776367 76.6001358032227 75.1788024902344 74.3009719848633 74.0278701782227 73.8078231811523 73.6398010253906 73.5524826049805 73.5322494506836 -3.4e+38 -3.4e+38
