rcp4.5models/MPi_ESM_LR/sc1gr10.2
NCOLS 261 
NROWS 433 
XLLCORNER 336357.134 
YLLCORNER 654653.479 
CELLSIZE 1000 
NODATA_value -9999 
[rows 264 to 285 of 433, columns 100 to 149 of 261]
312.954371952189 317.233922634127 319.457910590414 321.792029299742 324.323136739382 326.982462100773 331.006293014291 350.84031147813 355.015675917331 323.351398077048 341.708413591425 344.659653379856 398.605367386977 425.920218954501 441.904057874688 424.034984791091 402.629727352801 413.88047326048 343.054691439165 366.693836339247 385.281865218483 388.02769930271 392.434738842241 377.107928076004 393.556040798412 391.703950228669 429.584133066487 494.160020112024 544.205225940937 518.784400786497 523.688080538311 529.97272439589 525.354808852295 539.681247893733 545.566197742193 557.436503746305 510.717155650481 552.240744678247 582.147333406398 573.421053111359 575.491282414039 588.234789006666 595.317634929349 597.135129589198 576.911770922188 563.488926320417 579.941950857365 568.280095781152 540.983212984919 542.914552661987
315.176556797304 319.509901335161 321.165907495888 323.299668451443 325.660225034358 327.935207701068 331.685732269547 321.560491702503 325.413702108164 362.283418162639 343.203763557434 345.886179952268 367.086460846079 389.546450744232 413.39611530377 417.536604592428 400.712898503966 434.073052546022 371.032030270507 382.641079828245 362.973224380149 347.589302336343 391.884685528201 382.458311243776 350.77041133886 361.870664128369 379.509240951802 461.123131286616 509.611002509797 509.915822517283 515.957092284877 528.129354359118 518.950941707245 525.167396325385 542.145628370523 516.731161513119 513.43179977489 515.03458404064 552.3462601323 560.778877836537 581.158860228519 595.356892407652 600.834128498735 595.131263890485 571.628537643845 563.236464813961 544.372453944481 547.994644024266 544.781696606603 554.81167774776
318.592362391674 323.67784218304 325.069912114518 326.609891326719 328.916520482848 331.351416898974 333.931219207022 336.65595754743 325.157104428263 303.793196311401 331.128051974938 364.691781316557 355.545988187736 398.439347130351 439.916226014121 434.369934665028 478.057754362084 458.270708886343 480.262087789954 399.897590005281 393.902018638007 405.819938770324 392.447372853284 377.90384266349 368.663465464131 342.63343339013 405.773400375461 466.802075834026 541.053042010023 503.41925398229 507.710138517163 532.713053245366 528.05416964808 511.572651028436 518.546090682765 545.40403082335 558.764610049833 564.298710904798 559.877164991858 532.222935187154 521.953158141832 556.738006006798 577.425578085538 565.148834680862 566.41608373442 570.265262102454 544.076454584873 549.740185780737 579.337511554482 593.167946576402
322.482210688682 327.316768474182 329.205176250454 328.120387095256 330.384406097811 332.855022297634 335.223280097049 337.72318427961 341.882893956578 337.193429985856 326.649251138873 333.548341860311 361.705030176779 393.147944755059 422.104379884859 437.283900553695 472.639183348001 422.366928926302 442.769687539275 402.071619576765 375.960117053346 418.185036578091 365.874073240908 373.060036295211 362.748941722282 324.3650926727 403.738265537579 491.234987342966 549.108017710249 502.03478753825 509.442342293165 529.608153489021 527.248737642321 514.250438930521 518.887981177096 529.372605149979 540.487799403624 544.80584178091 560.440942935459 561.177072247279 545.118985904717 557.665118085142 572.28638500575 576.928851536731 568.326995741908 582.699145043756 498.832596966077 535.611620221628 568.381801221698 572.566326056295
324.507133811023 327.517653514439 329.747145752388 329.873329391161 332.032370533069 335.752569275948 340.75565446707 341.983210609269 341.962489373735 348.317456882967 344.027615711289 317.181554662515 398.346304204636 403.192023728278 421.565650856117 437.740373174061 464.680558219447 427.39572045398 415.255261775644 409.515960070735 427.381342213762 443.646904056119 386.167542088209 343.197214446004 383.121613133774 359.872394655462 394.720155049821 485.392504807809 555.115395863499 496.085852397236 503.64937300592 526.092803527317 523.482623881094 510.21367510845 515.289059972338 525.334498956876 527.145537109447 529.082010625775 540.791930517638 553.739860824526 563.971819142432 573.907595651123 552.056031603794 543.198361945925 560.919507318975 584.073347537314 517.68828063785 537.984307406441 570.41980177501 572.056547318333
324.160855596237 327.088795343179 329.284518586755 331.981542403654 334.230589444917 337.533322495825 344.531161762221 351.565890912412 350.23139095471 346.441593060237 349.548376741472 351.22431511036 425.3951098582 424.915114067024 447.41283560049 453.688741651734 475.633128190885 467.070150432354 429.772682191061 438.821649782744 469.972259504558 462.909286075025 447.266478113802 396.457651266601 440.863985491182 389.354271743924 347.420806592184 398.583661387124 504.190756909478 487.086620897504 494.831103090007 522.140398991993 516.869823824623 499.494397797295 508.341796736762 540.769293137738 517.332684970683 526.932958176767 529.519634432706 536.002795147398 560.001872767768 567.986596276962 571.906554785483 602.540196266184 569.694867314071 565.443270326305 559.970259612395 568.078702657449 593.765254953495 589.909158637647
325.026120021162 328.834670585707 331.19344246511 334.400004198748 336.837488160366 338.398742456043 343.143019911102 355.463738061048 368.002983434698 362.973287930704 351.265155094285 367.319578064169 417.074662637295 421.868822257523 413.383553744362 410.982859108908 468.219016178261 460.860891614528 443.623135480985 454.931421932226 462.590271991714 437.223879650271 389.526142947432 407.474392972856 497.564110234285 422.114111010541 375.771947774073 428.577344928588 466.681932469597 483.852401603299 499.176413532828 507.176056477136 512.893761479795 502.24410418231 505.132956139378 544.6277923656 506.759952457708 521.444704716328 523.267959029804 538.638323256549 565.933813358581 560.369000160651 576.185542939706 621.035457948089 577.009551850914 545.295451728055 563.752401822032 594.896991349641 611.684122947269 599.500171923842
327.579444259209 331.169413215945 333.897530861489 337.212675153238 339.392067071314 340.83803513484 344.026776130362 349.964902604805 363.007625420254 364.832934510146 353.096035131829 361.808128394374 407.564459057106 414.858208740791 373.944847555985 353.900495110396 444.028235298435 415.900344576515 387.542610688789 431.092121211415 423.232439705533 390.516202698322 382.364333912099 409.556884698071 497.535356939659 464.541261350325 432.122139616786 470.580324572044 471.268099889166 479.361309821963 487.953357387402 488.183965365959 505.761954268352 502.044943865075 494.773110285143 551.431741910754 538.799863592104 514.724267497659 515.288640787481 529.06107165618 552.554979459453 561.403584363262 556.700280576116 561.697578605818 568.039059452164 555.463290342543 585.489931902401 603.897269602471 607.18698783835 596.06799755518
331.311517419009 335.049323331015 338.249989900353 340.62329451203 341.412485662751 343.76895036039 347.445685312097 349.625531719663 351.588331472698 353.936749813784 354.627184779271 357.093274226823 404.987969412797 415.538299734479 391.473099421509 381.417958914138 420.10779582101 401.186742603342 359.325163128166 371.873033039303 403.530585099467 370.955325771676 381.604846113269 437.130988817088 469.823891419695 459.927432144341 431.587963462165 436.080053306258 448.541620516374 466.670394045945 469.778468106548 480.975203569007 493.923797514694 508.344277488865 524.760166137958 547.914719472665 564.196694320097 509.434106945857 511.03002024437 516.052228344882 529.161877787029 549.970315773181 565.615689926879 602.22217411641 623.407018953247 548.402823033745 574.28724181803 581.273906708015 578.35716679666 567.418453804266
333.29009728641 340.142182127355 344.302256821016 347.153788989684 345.521540509163 345.742185469337 349.267604203553 353.352167239982 354.641348685481 354.076626974338 356.325640617812 358.655222440033 403.015424422486 416.576662355391 415.394339355163 417.975287512894 411.139389159137 414.424081968773 393.090208014399 369.046549226476 381.626848730319 345.49158253493 386.886330803115 448.462573829253 455.290950341442 461.127214038761 424.023270076087 385.042801422192 441.036744102492 443.211422100063 469.186595759003 510.395999666901 480.678523525816 507.960081643235 541.093713780534 537.580051506972 570.369295428215 534.322272430196 504.575429042111 512.665469831721 524.533222975909 545.825361176588 550.060719915134 588.864283398554 630.371135902837 562.685342832208 550.620719206835 553.8985092059 565.093377076929 564.589777666348
333.614674217679 342.199002306954 348.193739471998 351.854757030078 347.398738234011 347.215513936425 350.162333439308 352.734471697103 357.679137457732 360.131774805916 359.183165094701 360.631442933102 397.415022843173 418.024413459669 417.80978966703 422.974008177996 414.374383743596 412.015259516944 410.143235919877 407.777557143762 383.779704918282 366.203225599916 422.44234877865 447.961536180669 440.07333132108 452.805115850954 434.951901073626 380.85900080955 387.92114417495 430.858054806402 505.78375223489 525.74134185976 464.52444929483 495.025051947324 532.165124954715 555.296094419291 563.499006540503 527.599110132955 500.710526557557 507.880036535862 524.236490120134 548.742368204359 548.711059379173 559.452305877971 576.890907540696 581.166322342567 562.732116775207 596.777735678228 598.991908633185 594.056295040749
335.088316149794 340.992826874393 347.236849925038 351.496153609271 347.449534776824 348.324917496398 350.748601625166 352.68623475646 358.203773919217 364.441644909359 365.52592581687 363.898498387546 388.587444031067 415.594702356655 416.839647507026 421.896903068626 417.839955070297 414.817847229025 409.274785053133 408.411375443608 405.2460162092 376.814498758498 365.08126004681 425.505701693802 430.286930761862 435.972254406213 417.272355302416 350.427215391452 347.366556459602 461.351041867313 534.221081414437 508.866939006057 444.785045401819 479.057276348888 515.465267604328 539.719460578865 524.107717985962 531.058325946643 500.012624350534 503.51581764996 515.366046795979 531.286411405437 557.502188249391 569.498757857107 564.445581830285 577.119003521756 557.669983250432 589.177057819877 575.261631804057 583.640242978389
338.167643230978 341.65115249866 345.067690081412 348.260209391574 348.288119635029 350.003522718551 352.197954175557 355.089990097611 358.67559557587 369.831423403379 394.578820741166 399.915271738566 389.580700649738 421.037822347853 417.687169845413 418.880104513307 421.822873103141 419.209036360217 412.205796187075 412.878821449329 409.365435468709 379.974521541204 338.069145250295 335.334717422407 423.350722463356 425.507937651194 380.03742764357 329.428643720745 409.65027901661 477.240809536834 491.075073464377 467.652905801461 447.726647388622 478.670131836675 517.001689255924 517.425134268555 479.636965619639 517.540351132784 496.011682329394 499.783186052217 505.465377837729 511.819340500695 529.953592813611 542.500412714697 555.173210454415 582.159814735279 558.343390834069 550.212836193621 539.092341074878 547.744099643434
340.447292667801 344.344841313149 345.732832327711 347.837525910543 349.745248364179 352.177542561702 354.583741341728 357.070527147585 359.440395485031 367.780705520598 391.050280750484 402.018249898427 411.42843892068 432.185713858195 426.698305046929 428.184201241331 432.80236275122 431.452421882486 424.394681226616 421.43624179263 416.199001279629 405.183374639166 379.083913501385 338.204321279454 367.440151947042 418.612626058694 402.442332809058 392.838660194071 446.418721852125 463.8199611148 468.76930870334 478.280590790995 489.870282399708 490.834859274445 544.543320461715 512.82814718917 511.860924725906 517.335202764494 485.630112201951 486.307422505661 511.879034062506 530.831158168923 506.350223421709 515.462667757432 535.622676891611 560.6594606648 580.766757986025 569.346409830329 545.178498366617 544.632601830839
344.597245786297 356.656853546742 362.611115828521 367.864172947106 364.238478664192 360.900658582187 362.909853225517 368.993185238754 371.066680915693 370.012170037812 367.611846559247 369.528178404075 415.055870748691 458.668925263364 451.670288173761 451.440205840035 461.536237429 474.547648884862 463.919400480912 429.886890925354 419.726543079968 405.882206572354 403.277176283824 404.879927616097 382.617388299297 373.202300914061 426.035238839784 434.722301307958 435.199188813439 441.57453542757 449.714742038835 459.48422980454 488.787191714902 523.485790497023 501.248905877471 465.459060616352 493.779331770798 539.215513095874 548.89460853461 534.113447224729 568.563542372567 534.898496876541 508.411855970131 526.598348610174 509.284659513696 536.319593805866 583.842013436251 572.101728573741 534.693730948848 515.529264137709
347.215298881423 351.856383017727 366.444286563813 373.064945789647 374.820483828521 396.076152358262 387.62446687602 416.009175526057 422.872179128037 406.940314979719 384.24775549553 396.312824809366 452.735091583149 483.115839336488 466.697177974627 445.46691436256 447.631079313797 473.950374321186 469.995027046264 430.218258859019 411.431605161448 409.041976564444 412.835820080259 424.963718177917 406.151675533648 413.986714238701 425.33655331065 431.284126902946 428.701247076177 432.454987775167 443.507987056592 455.0368234254 474.452031527362 490.856170809564 483.41004058586 463.178317220521 471.961427108807 491.773584668986 524.383832682553 533.715666903989 543.321118192468 555.332173976489 -9999 552.571049933311 504.406712896 524.303760890333 550.187363132999 547.020828146444 526.20884792086 526.569059030077
350.897998062394 354.546584004944 362.365122451809 369.698019848125 405.655580094492 447.908598629435 420.661237779405 436.646505203127 443.608906979274 437.235736616308 427.93602943185 431.59362177552 478.879355933429 463.568386918457 445.648935565559 433.912803638745 436.322505571469 451.401802140503 460.468416135769 436.881173636885 404.4947943971 416.945957613953 432.145235219984 440.480385507579 424.741017085893 413.870320169519 423.818109998279 420.570674679175 425.205133465056 429.885132814788 436.298808452715 446.039021772179 459.432182309715 470.86028763217 479.760057150191 463.856737214796 467.727055070766 -9999 500.91612522686 528.203261210289 559.910125932674 587.346194603622 544.5376305374 546.326928510053 522.783553714565 498.805741074367 512.752216691908 515.143695609928 508.380552536182 505.52658978531
355.237179654119 357.076959422742 359.182014897489 366.607785340739 398.932482017564 430.330406592875 423.386857723795 424.611609833448 426.194685845368 429.717139774975 432.576491678038 429.056834219026 447.436403081803 428.764747451999 422.109586795247 430.745736973078 446.174982677879 443.209556507955 446.550141290416 446.344131220945 405.778547585758 419.750135620273 434.875293087521 427.936287801914 449.19609302639 441.892107919229 416.514019844095 411.899833769275 423.820123982512 430.773345203663 430.617291532524 434.542598039264 444.897596424879 457.077051630847 475.658817326536 474.522442580465 474.974135665562 480.289459483048 -9999 528.392759969758 573.515549463737 564.268556022692 535.953163691661 525.371251365559 501.118034750708 493.018398926326 508.201796368334 498.246441343782 480.332136809561 481.462607714272
358.213942397633 360.719867696292 362.075173398652 364.630821832841 371.353946746207 388.228625378187 411.9060763909 425.995129006546 422.806005396452 418.281137446799 414.865756933141 416.352846292771 421.613674550649 423.065075351262 420.629622580724 425.314483192401 438.150732610628 434.042995831701 416.957147374018 427.348913615687 408.877426554905 414.678920804072 428.822586684716 448.897167177269 485.490807272725 477.866954176061 437.208800296199 409.133658076724 421.475109351766 430.612142352101 430.962922311029 432.127619491454 439.178455042264 451.399765709931 472.405372813697 477.444647774646 480.674062073743 484.262070077157 484.945799533195 503.408225813119 531.079101837453 529.352524315911 528.820888588566 526.905375557207 531.596978182459 543.154905511429 502.907029974591 504.262057349119 519.132277055317 534.476293069424
359.677381147255 363.612786818192 365.147163355415 367.645484668225 369.513542832441 380.729763648187 404.997131052635 421.548183864588 425.691811233458 421.629094537366 418.918877680105 416.025455206733 418.829072376787 419.589086413231 419.461546578186 419.820955768583 425.885140261319 429.50853543565 411.583660099073 408.076048307399 410.277086808228 426.633891206544 467.764265971923 510.269388851176 478.343833022867 492.093028798825 456.187947655089 429.707006133222 432.635711166299 423.737692523845 427.065447068984 431.106172414561 436.956011003487 447.171944185215 467.021874957231 475.004357570716 -9999 485.939960152174 490.122008617013 -9999 -9999 535.692415498372 531.70580182686 551.327815683032 575.916913936395 535.590939130264 496.889875348672 517.740223982277 569.782116073304 572.313926228209
364.49361422228 366.019691190017 368.268445490013 370.690417322357 372.600384324504 378.558958641614 389.602415400247 403.162231323004 427.770902001596 446.257838133647 442.509826257302 429.682134576396 417.350991315548 418.648435158654 420.462272124665 421.066635269847 423.276267831841 427.4183456389 417.293943017642 418.546608587953 434.774430512035 461.996933937598 485.499897500021 466.489356412046 455.499356489965 514.561560017746 472.522236769489 453.702450579378 440.477380594817 430.924919355803 440.586540559897 441.368060303845 439.731249963885 444.884588291759 457.862896507029 473.399153699266 475.661358889529 -9999 492.163771252676 494.729290009578 520.979084346435 553.510414369409 540.237532842392 533.445254449926 502.052237034157 492.382413721979 494.087157222644 514.901171118507 568.282509997486 574.593442245382
367.507350371988 369.418530726495 371.503422111473 373.495949194704 376.20444063188 378.545203084122 380.54059316416 389.841530807777 413.771088375806 435.388075487908 439.781622588714 444.865845188615 420.502728899003 423.268810872823 423.291092796005 423.579103562957 421.599851893491 419.006258983424 414.176175385793 427.436363760286 463.728059142268 500.079182346704 477.879315698437 430.134247278145 485.587974438778 499.615478398175 467.725071025875 456.149628284755 447.290548645189 443.887978749101 463.630635218354 469.195184466633 474.265364685992 475.708729504193 -9999 468.257797139754 -9999 -9999 -9999 495.27771399123 -9999 -9999 540.733255074052 526.262391906228 462.050661721019 485.395402017662 506.334286791342 540.625104851408 561.304155373197 576.917099943891
