rcp4.5models/MPi_ESM_LR/sc1gr10.39
NCOLS 261 
NROWS 433 
XLLCORNER 336357.134 
YLLCORNER 654653.479 
CELLSIZE 1000 
NODATA_value -3.4e+38 
[rows 352 to 373 of 433, columns 147 to 195 of 261]
1175.9033203125 1181.48852539062 1139.3740234375 1047.15576171875 1033.7783203125 1028.07678222656 1022.89733886719 1024.21984863281 1025.49841308594 1018.11840820312 1028.28686523438 1119.60559082031 1174.95654296875 1207.0087890625 1147.794921875 1071.47058105469 1062.11242675781 1098.43249511719 1104.94909667969 1073.56872558594 1070.82287597656 1054.28234863281 1081.33190917969 1127.07202148438 1111.45434570312 1051.28063964844 1039.46057128906 1049.51586914062 1050.04028320312 1052.29077148438 1057.02990722656 1057.41748046875 1056.20300292969 1075.6171875 1082.3544921875 1089.53674316406 1089.24035644531 1084.25561523438 1105.54431152344 1109.36437988281 1115.55261230469 1122.31958007812 1127.86608886719 1134.90942382812 1140.90612792969 1155.78466796875 1164.38989257812 1171.65026855469 1180.11120605469
1195.33081054688 1186.66564941406 1132.30163574219 1037.21533203125 1025.41955566406 1019.17376708984 1014.80462646484 1011.41668701172 1009.47125244141 1008.34875488281 1011.72241210938 1047.35095214844 1081.55615234375 1113.61511230469 1080.69079589844 1021.98229980469 1024.37878417969 1083.548828125 1157.75036621094 1106.76098632812 1024.11853027344 1016.994140625 1058.82336425781 1073.47473144531 1077.11865234375 1051.462890625 1030.19018554688 1041.22485351562 1038.33117675781 1035.08166503906 1049.72998046875 1050.53332519531 1048.025390625 1068.81469726562 1075.48657226562 1083.95727539062 1089.27893066406 1092.72473144531 1099.064453125 1104.10266113281 1108.39990234375 1115.21447753906 1120.81335449219 1128.36413574219 1135.23364257812 1148.86145019531 1157.49291992188 1164.85400390625 1173.32971191406
1202.73986816406 1172.44592285156 1095.83605957031 1023.06573486328 1016.61468505859 1011.68884277344 1006.79986572266 1002.02563476562 998.845520019531 998.059387207031 997.699096679688 998.533264160156 1003.24731445312 1008.15936279297 1010.07849121094 1006.38079833984 1002.71142578125 1020.583984375 1067.78259277344 1057.21801757812 1021.66094970703 1006.44946289062 1018.47192382812 1023.52685546875 1027.90881347656 1026.86779785156 1029.763671875 1033.48315429688 1031.15673828125 1029.2021484375 1043.58520507812 1048.33129882812 1052.64172363281 1062.68041992188 1069.95434570312 1076.53564453125 1081.90405273438 1085.62744140625 1092.41650390625 1097.29931640625 1102.92431640625 1109.55212402344 1114.3125 1121.22778320312 1128.14599609375 1141.89111328125 1151.0625 1159.11401367188 1166.11499023438
1213.03381347656 1176.77868652344 1080.31945800781 1015.28344726562 1008.95239257812 1004.20922851562 999.293518066406 994.355102539062 990.086181640625 987.831298828125 986.703002929688 993.385559082031 996.493957519531 1011.08416748047 1028.42419433594 1041.82446289062 981.556457519531 980.985412597656 984.131958007812 997.149291992188 1022.04724121094 994.539001464844 1014.29913330078 1015.13806152344 1021.60906982422 1018.2958984375 1017.12579345703 1009.89862060547 1011.90728759766 1021.29321289062 1037.08996582031 1040.60998535156 1045.7421875 1055.56359863281 1064.89990234375 1072.46337890625 1075.57678222656 1079.44775390625 1085.23413085938 1091.28125 1097.50329589844 1102.20642089844 1107.03295898438 1114.0068359375 1121.43530273438 1136.12451171875 1146.85070800781 1156.31103515625 1163.7978515625
1229.06176757812 1158.50463867188 1047.22387695312 1007.50054931641 1001.28179931641 996.603820800781 996.038330078125 998.632995605469 990.415161132812 979.92041015625 978.678527832031 994.569152832031 1004.05236816406 1038.51013183594 1046.33093261719 1024.76892089844 975.118591308594 975.444641113281 976.183227539062 977.360778808594 992.301635742188 1005.24560546875 1023.79138183594 1009.18121337891 1017.46966552734 1014.72155761719 1009.12628173828 1002.46820068359 1005.24200439453 1008.33203125 1017.68334960938 1034.33361816406 1038.6142578125 1049.1298828125 1058.23327636719 1067.3857421875 1068.71435546875 1074.29113769531 1079.49853515625 1085.09545898438 1090.06359863281 1095.5419921875 1102.33374023438 1109.35534667969 1117.05151367188 1130.22143554688 1139.66931152344 1149.3291015625 1157.71411132812
1210.1025390625 1071.685546875 1007.07604980469 999.586791992188 994.175415039062 994.084289550781 996.349731445312 993.665405273438 989.442565917969 986.041748046875 979.907531738281 975.622253417969 985.803771972656 1012.94030761719 1006.40856933594 966.808410644531 969.546325683594 966.253173828125 964.740661621094 966.811828613281 964.178161621094 1000.85528564453 1036.84619140625 1005.02282714844 1004.78039550781 1010.39788818359 1007.19958496094 995.613403320312 1003.20031738281 1013.90441894531 1012.41320800781 1028.86999511719 1032.25146484375 1043.25061035156 1049.9560546875 1058.3896484375 1061.51733398438 1068.66857910156 1074.31164550781 1079.29321289062 1084.53955078125 1090.92028808594 1098.15832519531 1104.32836914062 1111.380859375 1124.20837402344 1132.43774414062 1141.56921386719 1149.796875
1160.11828613281 1011.63751220703 999.045959472656 992.448974609375 987.960815429688 987.443054199219 990.239440917969 983.2333984375 976.316955566406 978.7470703125 971.373657226562 952.527587890625 951.920043945312 955.166931152344 959.737976074219 955.602966308594 957.831909179688 961.052490234375 970.103576660156 971.790771484375 964.395080566406 976.028991699219 1023.85656738281 998.388916015625 995.005920410156 1003.32684326172 1006.57769775391 988.677734375 995.579345703125 1013.21875 1019.50811767578 1022.65600585938 1026.5791015625 1037.13671875 1043.37670898438 1051.32580566406 1055.943359375 1061.57678222656 1067.06689453125 1073.62353515625 1079.57531738281 1086.01477050781 1092.57995605469 1096.7890625 1103.89916992188 1118.15490722656 1127.74633789062 1136.87866210938 1145.14440917969
1072.38549804688 1001.09899902344 991.034118652344 985.389038085938 981.465942382812 975.615600585938 975.289001464844 978.641967773438 969.964599609375 957.697204589844 954.06201171875 943.385498046875 945.037658691406 944.842956542969 947.162353515625 953.418151855469 951.602844238281 964.4091796875 966.801452636719 960.502075195312 970.892211914062 974.321838378906 993.392395019531 986.13623046875 986.927429199219 994.254943847656 995.215393066406 985.790161132812 999.774353027344 1007.103515625 1013.8388671875 1016.61883544922 1020.96630859375 1031.18249511719 1038.12658691406 1046.12634277344 1050.50341796875 1055.02099609375 1059.98168945312 1068.56091308594 1074.53674316406 1080.73864746094 1086.67456054688 1091.18823242188 1099.00756835938 1114.01098632812 1122.48742675781 1130.80944824219 1140.25573730469
997.243591308594 987.781066894531 980.486694335938 973.580749511719 966.827758789062 960.965576171875 959.691040039062 961.552612304688 950.734130859375 940.312133789062 937.672668457031 925.790954589844 925.204040527344 925.598510742188 932.4677734375 938.991149902344 940.31005859375 948.19970703125 -3.4e+38 933.761108398438 948.231384277344 -3.4e+38 949.127868652344 947.835205078125 951.071044921875 967.91357421875 946.799377441406 961.13623046875 989.684448242188 996.106323242188 999.600219726562 1004.27978515625 1009.68920898438 1020.84564208984 1028.62841796875 1034.67419433594 1037.1103515625 1042.70190429688 1042.49780273438 1037.53942871094 1064.14855957031 1069.71691894531 1074.93481445312 1081.8818359375 1087.0947265625 1104.52209472656 1111.33288574219 1118.33605957031 -3.4e+38
-3.4e+38 981.878784179688 975.024536132812 968.02685546875 962.142395019531 955.420043945312 947.978271484375 941.152221679688 933.962585449219 929.74755859375 926.397705078125 915.647399902344 915.388732910156 916.000427246094 924.458251953125 937.99169921875 932.949584960938 947.067993164062 939.418395996094 939.30322265625 943.961120605469 955.353759765625 942.761169433594 945.572875976562 949.2802734375 953.843322753906 956.638671875 966.382019042969 983.60595703125 989.735595703125 993.920532226562 998.609191894531 1004.02795410156 1015.29705810547 1023.11791992188 1029.43713378906 1032.2919921875 1037.52758789062 1037.83081054688 1032.11584472656 1058.15966796875 1064.89990234375 1071.0087890625 1076.65307617188 1081.92053222656 1099.38403320312 1106.44848632812 1113.75427246094 1121.76965332031
984.829833984375 975.32421875 967.366577148438 961.758605957031 955.317016601562 953.240112304688 948.856872558594 932.14892578125 926.887268066406 921.330322265625 916.21728515625 907.56689453125 907.359619140625 908.026184082031 916.748352050781 929.807861328125 924.089782714844 941.479553222656 939.929321289062 949.616394042969 950.068481445312 951.149719238281 936.841003417969 945.196044921875 954.388916015625 952.635620117188 968.854919433594 973.665222167969 978.415222167969 978.121826171875 973.912048339844 992.201904296875 998.322814941406 1011.49554443359 1018.84002685547 1023.87670898438 1027.25708007812 1026.12426757812 1019.83447265625 1044.82434082031 1051.83032226562 1058.86022949219 1065.66125488281 1072.06018066406 -3.4e+38 1092.61328125 1100.62158203125 1108.599609375 1116.65026855469
978.920715332031 969.716735839844 961.448669433594 955.544494628906 948.128967285156 946.92333984375 942.068664550781 924.794006347656 919.472961425781 913.063781738281 907.919982910156 899.957092285156 904.141967773438 908.637756347656 911.848327636719 926.599670410156 919.662475585938 936.441162109375 936.287353515625 949.805725097656 945.809509277344 947.1748046875 934.609802246094 936.317565917969 943.843444824219 959.935180664062 957.4189453125 953.66455078125 972.495666503906 972.19873046875 967.946533203125 986.326049804688 992.525329589844 1006.92687988281 1014.22094726562 1018.05328369141 1022.95739746094 1020.56066894531 1013.87762451172 1037.45092773438 1044.74377441406 1052.71997070312 1060.71459960938 1068.24011230469 -3.4e+38 -3.4e+38 1095.13293457031 1102.28955078125 1109.66760253906
972.706665039062 965.240234375 957.582275390625 950.3994140625 942.632690429688 935.258850097656 926.644104003906 923.802185058594 920.736022949219 909.661743164062 909.544128417969 -3.4e+38 -3.4e+38 911.472961425781 902.046081542969 910.279724121094 907.417907714844 919.680908203125 928.656982421875 949.922241210938 954.991027832031 938.042663574219 938.212646484375 946.745178222656 941.649658203125 956.333129882812 946.829040527344 934.075927734375 965.920166015625 970.741333007812 976.298645019531 981.031311035156 987.171020507812 1001.75433349609 1008.44604492188 1005.54254150391 999.498718261719 1022.54888916016 1029.27819824219 1033.16943359375 1039.15795898438 1047.16748046875 1055.1796875 1062.74865722656 1068.75646972656 -3.4e+38 1090.72717285156 1097.92626953125 1105.13244628906
967.092346191406 959.913391113281 952.362487792969 946.05908203125 939.230590820312 930.760986328125 921.354125976562 918.180786132812 914.601989746094 904.222412109375 904.4169921875 901.830627441406 905.439208984375 907.160766601562 891.938415527344 891.387023925781 898.051208496094 913.03369140625 920.846130371094 946.470886230469 957.102294921875 919.400024414062 932.704895019531 948.591918945312 949.949768066406 952.7041015625 948.611450195312 943.868103027344 961.138061523438 964.917663574219 965.209289550781 961.193237304688 981.194030761719 978.83203125 1002.26947021484 1002.38360595703 994.460815429688 1019.28308105469 1025.63098144531 1029.97082519531 1035.3125 1042.638671875 1048.41967773438 1055.80688476562 1063.43640136719 1076.90270996094 1085.9423828125 1092.72241210938 1100.43566894531
963.742919921875 957.021545410156 948.917907714844 940.681884765625 933.772033691406 926.05859375 917.938720703125 909.173522949219 901.324584960938 896.816101074219 891.904602050781 898.664367675781 897.42333984375 894.472229003906 886.474243164062 886.203979492188 898.013977050781 922.954956054688 920.916564941406 928.231323242188 945.600646972656 925.031677246094 927.639282226562 942.259521484375 943.940368652344 947.682434082031 950.093627929688 953.362365722656 957.5 960.901062011719 961.003295898438 954.980285644531 975.379760742188 956.173156738281 996.563232421875 1004.64886474609 1009.08087158203 1015.43914794922 1020.29718017578 1026.2685546875 1031.58374023438 1037.13903808594 1043.40661621094 1050.14953613281 1058.27819824219 1073.42028808594 1080.43298339844 1087.24951171875 1095.23107910156
961.700256347656 954.866455078125 946.104248046875 937.191955566406 929.57568359375 920.3916015625 913.031188964844 911.782287597656 915.153747558594 904.266235351562 888.251586914062 881.345275878906 880.125549316406 881.488464355469 881.026000976562 881.296447753906 894.156921386719 913.609191894531 904.671752929688 912.199523925781 -3.4e+38 939.721984863281 924.934143066406 937.763732910156 938.874877929688 941.893005371094 946.239196777344 950.573913574219 954.6171875 958.513061523438 962.66796875 965.278991699219 964.785522460938 951.889038085938 991.869995117188 999.418090820312 1005.13787841797 1009.49572753906 1014.38397216797 1020.86761474609 1027.32958984375 1032.48913574219 1039.22583007812 1045.07104492188 1052.53686523438 1068.67919921875 1075.73278808594 1082.3330078125 1089.87683105469
958.228637695312 949.343322753906 941.156860351562 933.494506835938 926.526733398438 917.034484863281 907.423950195312 906.828186035156 911.155883789062 905.63037109375 896.354309082031 877.625305175781 877.121337890625 877.099975585938 882.013610839844 888.355834960938 885.990478515625 892.88623046875 888.580139160156 904.893371582031 922.736083984375 946.997131347656 932.647338867188 934.071960449219 937.179870605469 940.21630859375 944.593933105469 948.10693359375 950.715393066406 954.842651367188 957.19970703125 962.103149414062 961.705444335938 947.807434082031 980.979431152344 975.66015625 999.328979492188 1004.39263916016 1009.05187988281 1015.14495849609 1022.314453125 1027.48657226562 1034.26818847656 -3.4e+38 1046.7353515625 1063.18518066406 1070.51245117188 1076.16638183594 1085.17333984375
953.358276367188 943.504455566406 937.936279296875 931.059448242188 924.125 914.732482910156 904.41259765625 896.3994140625 896.901977539062 903.983276367188 893.442016601562 875.380737304688 874.745910644531 873.981811523438 878.446105957031 885.965148925781 876.448120117188 882.201049804688 896.067443847656 900.892333984375 919.506286621094 944.969604492188 929.149475097656 931.583435058594 935.456909179688 938.796936035156 943.259460449219 945.12158203125 946.530944824219 949.094787597656 951.622131347656 958.28076171875 963.608276367188 943.931213378906 975.398986816406 969.650573730469 994.615051269531 1000.82556152344 1004.81927490234 1010.95758056641 1018.40924072266 1023.81665039062 1029.70739746094 1036.30383300781 1041.52368164062 1057.33264160156 1064.9365234375 1071.34729003906 1080.30981445312
947.392822265625 939.731872558594 934.826721191406 928.694946289062 921.825500488281 913.475463867188 904.151123046875 894.099426269531 894.386779785156 895.153869628906 879.049072265625 874.316101074219 872.460388183594 871.772094726562 870.65625 871.981262207031 877.536437988281 890.427429199219 900.708129882812 911.175598144531 909.6748046875 926.972900390625 927.582580566406 927.823852539062 930.30908203125 935.304565429688 940.182739257812 941.686157226562 943.22998046875 945.347900390625 949.348449707031 953.852416992188 957.463928222656 956.267639160156 975.902221679688 981.37451171875 989.050109863281 995.381164550781 1001.45532226562 1007.37658691406 1014.42169189453 1020.29046630859 1025.76232910156 1032.83862304688 1037.40673828125 1051.42407226562 1059.74243164062 1067.84680175781 1075.24291992188
939.865295410156 933.66845703125 927.482727050781 921.173767089844 914.570861816406 908.075439453125 907.426391601562 902.341430664062 883.344482421875 878.598266601562 874.193359375 871.520263671875 870.948913574219 867.750427246094 865.36474609375 871.102294921875 878.274169921875 874.955749511719 888.896301269531 897.158264160156 912.455749511719 916.098388671875 921.679809570312 922.431518554688 915.90380859375 914.073608398438 932.539672851562 934.117919921875 936.271667480469 939.227722167969 941.896423339844 946.189208984375 949.425720214844 963.539123535156 968.715576171875 973.430297851562 978.890441894531 984.589538574219 992.002319335938 1000.68206787109 1005.69354248047 1012.36145019531 1018.55285644531 1022.44372558594 1030.07507324219 1044.67687988281 1051.88720703125 1058.19775390625 1064.50549316406
937.297058105469 930.670166015625 923.539428710938 916.50390625 910.967346191406 908.239318847656 900.915344238281 891.074645996094 882.326843261719 876.069274902344 871.482299804688 887.478149414062 886.08935546875 882.532470703125 876.360473632812 869.920043945312 877.022583007812 878.149047851562 902.913269042969 905.004150390625 907.404479980469 910.289184570312 915.626281738281 917.044616699219 917.847351074219 923.645446777344 929.207641601562 931.577209472656 932.381713867188 935.594482421875 937.869873046875 940.60302734375 946.566040039062 960.077514648438 965.430236816406 968.812622070312 974.013305664062 979.308654785156 987.193420410156 995.973205566406 1002.62542724609 1008.16967773438 1015.80242919922 1021.11462402344 1026.41394042969 1038.74523925781 1046.93432617188 1054.19116210938 1061.205078125
933.167663574219 924.440673828125 917.402038574219 912.503723144531 909.641967773438 905.502136230469 899.377502441406 891.837829589844 883.069519042969 883.203979492188 889.548583984375 884.494506835938 888.513854980469 898.811340332031 892.14453125 879.5869140625 883.538940429688 889.186462402344 900.941772460938 903.995788574219 899.628601074219 886.245239257812 897.605163574219 912.44873046875 916.054138183594 920.234924316406 926.053833007812 930.485229492188 931.28564453125 934.283325195312 935.619079589844 937.619445800781 943.1044921875 955.333740234375 961.210632324219 965.217102050781 969.148315429688 976.554443359375 983.713256835938 991.182250976562 999.967468261719 1005.06060791016 1011.56317138672 1017.8173828125 1023.62860107422 1035.06335449219 1042.82043457031 1051.05493164062 1058.5654296875
