rcp4.5models/MPi_ESM_LR/sc1gr7.29
NCOLS 261 
NROWS 433 
XLLCORNER 336357.134 
YLLCORNER 654653.479 
CELLSIZE 1000 
NODATA_value -3.4e+38 
[rows 88 to 109 of 433, columns 49 to 97 of 261]
-3.4e+38 -3.4e+38 -3.4e+38 -3.4e+38 -3.4e+38 -3.4e+38 -3.4e+38 -3.4e+38 -3.4e+38 -3.4e+38 95.7365264892578 -3.4e+38 95.6330108642578 95.4017791748047 95.3568420410156 95.2417907714844 95.2196884155273 94.9486846923828 94.5362854003906 94.1494140625 94.0308685302734 93.9240951538086 93.8079223632812 93.7275772094727 93.4409713745117 93.1610565185547 93.0116424560547 92.9188919067383 92.7278671264648 92.5891876220703 92.3898620605469 92.2873916625977 -3.4e+38 91.7637405395508 91.612434387207 91.4154510498047 91.4521942138672 91.2792663574219 91.086311340332 90.9020156860352 90.764518737793 90.3116149902344 90.1276779174805 90.0781326293945 89.8284912109375 89.8583602905273 89.8298721313477 89.6954345703125 89.7454147338867
-3.4e+38 -3.4e+38 -3.4e+38 -3.4e+38 -3.4e+38 -3.4e+38 -3.4e+38 -3.4e+38 -3.4e+38 -3.4e+38 95.7181396484375 95.5801315307617 95.4817733764648 95.3107986450195 95.2913360595703 95.1357040405273 94.9843826293945 94.6025848388672 94.1519012451172 93.9415283203125 93.7761688232422 93.7347259521484 93.617561340332 93.4631652832031 93.038818359375 92.9571228027344 92.7347640991211 92.7002487182617 92.4344711303711 92.0951995849609 91.8667221069336 91.768669128418 91.4465408325195 91.3353881835938 91.1763076782227 91.1516342163086 91.1808547973633 90.850830078125 90.7684097290039 90.5425262451172 90.4222412109375 89.9503402709961 89.7908325195312 89.6836547851562 89.4466094970703 89.50244140625 89.4436111450195 89.3018493652344 89.2040405273438
-3.4e+38 -3.4e+38 -3.4e+38 -3.4e+38 -3.4e+38 -3.4e+38 -3.4e+38 -3.4e+38 -3.4e+38 -3.4e+38 95.640754699707 95.5159606933594 95.3703460693359 95.2682189941406 95.1114349365234 94.9879684448242 94.52099609375 94.3427658081055 93.9690551757812 93.7904968261719 93.6577529907227 93.5807037353516 93.2643280029297 93.0764999389648 92.7403335571289 92.7195053100586 92.4959869384766 92.4414443969727 92.2127685546875 91.7815551757812 91.4337005615234 91.2888336181641 91.1114807128906 90.996208190918 90.9881210327148 90.8360443115234 90.7101974487305 90.6106643676758 90.4862060546875 90.2289047241211 90.1484298706055 89.8532485961914 89.6256713867188 89.4794158935547 89.3278350830078 89.3017501831055 88.9846420288086 89.0010452270508 88.6918792724609
-3.4e+38 -3.4e+38 -3.4e+38 -3.4e+38 -3.4e+38 -3.4e+38 -3.4e+38 -3.4e+38 -3.4e+38 95.5773696899414 95.39599609375 95.2956924438477 94.9485168457031 94.7748718261719 94.7190856933594 94.2889251708984 94.2172927856445 94.1013031005859 93.768669128418 93.3989791870117 93.1552734375 92.9575576782227 92.7965850830078 92.605224609375 92.4814910888672 92.3939208984375 92.1864547729492 92.0262680053711 91.7199096679688 91.2079772949219 91.0049057006836 90.6945953369141 90.4187850952148 90.1969985961914 90.1763153076172 89.9619979858398 89.9517059326172 89.8259201049805 89.7866668701172 89.7713012695312 89.6209945678711 89.2086410522461 89.1485443115234 89.0083999633789 88.812255859375 88.4394607543945 88.1302871704102 88.0408935546875 87.7443466186523
-3.4e+38 -3.4e+38 -3.4e+38 -3.4e+38 -3.4e+38 -3.4e+38 -3.4e+38 -3.4e+38 95.6201324462891 95.4474868774414 95.1503677368164 94.9888000488281 94.776611328125 94.6969757080078 94.4671630859375 94.1781997680664 94.1009750366211 93.9748840332031 93.5307922363281 93.1471557617188 92.867546081543 92.8027877807617 92.6715316772461 92.4781646728516 92.2901077270508 92.2086181640625 91.9307174682617 91.5943298339844 91.3750076293945 90.97119140625 90.7846832275391 90.3141708374023 90.0452194213867 89.9539108276367 89.8050537109375 89.5400695800781 89.6196823120117 89.5913391113281 89.5826950073242 89.496940612793 89.2207412719727 88.949462890625 88.766845703125 88.5146255493164 88.4056015014648 88.1253280639648 87.9129638671875 87.6219482421875 87.51416015625
-3.4e+38 -3.4e+38 -3.4e+38 -3.4e+38 -3.4e+38 96.109001159668 95.7926864624023 95.5212783813477 -3.4e+38 95.2032318115234 94.981689453125 94.7942199707031 94.673583984375 94.6480560302734 94.2845001220703 94.0141677856445 93.9044723510742 -3.4e+38 -3.4e+38 93.0517120361328 92.8195190429688 92.6862640380859 92.5376205444336 92.2428131103516 -3.4e+38 91.8639831542969 91.6852416992188 91.2250213623047 91.1820373535156 90.805778503418 90.4887771606445 90.2977752685547 90.1136856079102 89.6230316162109 89.5059509277344 89.2511520385742 89.2217483520508 89.2934417724609 89.022102355957 89.1104354858398 88.945686340332 88.7145690917969 88.5556030273438 88.1711883544922 88.1009826660156 87.7724533081055 87.4461135864258 87.2810897827148 87.2727813720703
-3.4e+38 -3.4e+38 -3.4e+38 -3.4e+38 96.157112121582 -3.4e+38 95.7958755493164 95.3246459960938 95.1779174804688 95.0346984863281 94.8535232543945 94.7251510620117 94.6199722290039 94.4981460571289 94.0493316650391 93.8450622558594 93.7495422363281 93.4501266479492 93.1852111816406 92.9178009033203 92.6732711791992 92.4905166625977 92.2561340332031 92.0998611450195 -3.4e+38 -3.4e+38 91.4952850341797 91.0520095825195 91.0776672363281 90.3560028076172 90.1696929931641 90.1085357666016 89.7456665039062 89.4173431396484 89.2050399780273 88.9637451171875 88.9073638916016 88.8304901123047 88.3887481689453 88.7015686035156 88.5920333862305 88.3801422119141 88.1091613769531 87.7522354125977 87.751594543457 87.5070953369141 87.07177734375 87.1348876953125 86.9906158447266
-3.4e+38 -3.4e+38 -3.4e+38 -3.4e+38 96.0517501831055 95.8434753417969 95.692268371582 95.3086318969727 95.1592330932617 94.9697341918945 94.7893142700195 94.4579620361328 94.4278259277344 94.1966171264648 93.8216171264648 93.7100219726562 93.5717086791992 93.2806167602539 92.9205551147461 92.6240463256836 92.3497695922852 92.2875671386719 92.0290374755859 91.8850173950195 91.7519760131836 91.4067840576172 -3.4e+38 90.974853515625 90.7745056152344 90.1222305297852 90.0315933227539 89.7058868408203 89.4011001586914 89.2722244262695 88.810661315918 88.5607757568359 88.4704666137695 88.3198471069336 88.2901840209961 88.319694519043 88.2581481933594 87.9099884033203 87.7584533691406 87.5183639526367 87.4528884887695 87.0997619628906 86.9354400634766 86.8608474731445 86.7386627197266
-3.4e+38 96.3074798583984 96.2088623046875 96.1999740600586 95.923942565918 95.5646362304688 95.532600402832 95.2924499511719 95.1173095703125 94.7929382324219 94.5754165649414 94.3228378295898 94.2048263549805 94.0225601196289 93.7287750244141 93.6030426025391 93.3327178955078 93.0987396240234 92.5976715087891 92.395393371582 92.2031555175781 92.0165786743164 91.794319152832 91.5307846069336 91.239128112793 91.0224075317383 90.8463287353516 90.7583236694336 90.5724945068359 90.13525390625 89.6402893066406 89.3598251342773 89.2026290893555 89.0354232788086 88.5714111328125 88.3060150146484 88.1397705078125 87.9565734863281 87.9310302734375 87.9886093139648 87.7271881103516 87.5694351196289 87.3823089599609 87.2712860107422 86.8967971801758 86.6897583007812 86.7206420898438 86.6486892700195 86.3056716918945
96.5903396606445 96.2076034545898 96.1295394897461 96.1566543579102 95.9368362426758 95.5236434936523 95.4702987670898 95.1043548583984 94.9576110839844 94.7192840576172 94.4997940063477 94.2907638549805 94.0126037597656 93.8129653930664 93.6355361938477 93.2765731811523 93.0915069580078 92.9687881469727 92.4081268310547 92.1469497680664 91.9940490722656 91.7139663696289 91.6771011352539 91.2072372436523 90.918830871582 90.7572631835938 90.6181488037109 90.5526885986328 90.4398193359375 89.8940658569336 89.4161224365234 89.1180419921875 89.0451889038086 88.6692962646484 88.3825378417969 88.1757659912109 87.9213409423828 87.7174453735352 87.5120849609375 87.5513000488281 87.4004364013672 87.2339706420898 87.1168441772461 86.9109420776367 86.5837326049805 86.4373931884766 86.4132232666016 86.3333969116211 85.976936340332
96.5846557617188 96.1811218261719 96.0788497924805 96.0476531982422 95.8501358032227 95.5102691650391 95.2550888061523 94.9278564453125 94.8416366577148 94.6588592529297 94.4949645996094 94.263671875 93.7842254638672 93.6290817260742 93.4236831665039 93.0858993530273 92.9476470947266 92.8794631958008 92.1792755126953 91.9190139770508 91.76513671875 91.5522308349609 91.3507308959961 91.0960388183594 90.8607940673828 90.5366363525391 90.4357604980469 90.2716674804688 90.2027130126953 89.5872116088867 89.4261856079102 89.0224456787109 88.969352722168 88.5440063476562 88.1718215942383 88.0556793212891 87.8855895996094 87.4214401245117 87.206169128418 87.1780471801758 87.089469909668 86.8783493041992 86.734130859375 86.522216796875 86.3229522705078 86.2239608764648 85.9951248168945 85.8677749633789 85.4509429931641
96.4689331054688 96.163932800293 95.89453125 95.8614120483398 95.6384658813477 95.4732894897461 95.1638946533203 94.8905181884766 94.7122955322266 94.555290222168 94.3273696899414 94.1719436645508 93.7347869873047 93.3992691040039 93.2409591674805 93.0875473022461 92.7445678710938 92.6656112670898 92.0336074829102 91.826057434082 91.6687850952148 91.2437515258789 91.039306640625 90.8125686645508 90.6268768310547 90.3972396850586 90.1771545410156 90.0797805786133 89.9262847900391 89.4088973999023 89.1884155273438 88.8890762329102 88.7287292480469 88.4143295288086 88.0472030639648 87.7977142333984 87.6285858154297 87.1635131835938 87.0196838378906 86.8645706176758 86.6768646240234 86.4120788574219 86.2505645751953 86.0967483520508 85.9414215087891 85.7306976318359 85.5937576293945 85.4985656738281 85.0675277709961
96.3667221069336 96.1339492797852 95.8818817138672 95.6953506469727 95.6608581542969 95.4352111816406 95.2428665161133 94.6884231567383 94.5666656494141 94.3800506591797 94.2847061157227 94.1227722167969 93.6023941040039 93.1475219726562 93.0259017944336 92.8927383422852 92.5327453613281 92.4387283325195 91.7623825073242 91.6289672851562 91.3788757324219 90.9978790283203 90.8151779174805 90.6245574951172 90.4333419799805 90.3334884643555 90.055534362793 89.9028778076172 89.7130737304688 89.0959930419922 88.8317489624023 88.6038208007812 88.3854904174805 88.0889739990234 87.7349548339844 87.3337097167969 87.1638793945312 86.919563293457 86.6720581054688 86.3850555419922 86.2785491943359 85.9989547729492 85.6651916503906 85.7058029174805 85.5530014038086 85.2839202880859 85.2386779785156 85.0083236694336 84.7429504394531
96.3280944824219 96.039421081543 95.7604675292969 95.5689392089844 95.4768295288086 95.3609390258789 95.0131683349609 94.6070022583008 94.446418762207 94.3367385864258 94.1557312011719 93.9457321166992 93.2869186401367 92.9382858276367 92.8201446533203 92.7491455078125 92.3403244018555 92.0860595703125 91.6287612915039 91.3077011108398 91.1997451782227 90.9305725097656 90.6421661376953 90.3865127563477 90.2266845703125 -3.4e+38 89.8525314331055 89.4805908203125 89.3598556518555 88.8314743041992 88.6491470336914 88.3440322875977 88.1655654907227 87.6962814331055 87.2480545043945 86.9055328369141 86.8281631469727 86.6301803588867 86.4178085327148 86.0140380859375 85.8120803833008 85.5419006347656 85.2938842773438 85.2747497558594 85.0735855102539 84.8448104858398 84.624382019043 84.5255126953125 84.2480697631836
96.1475143432617 96.0252838134766 95.7357559204102 95.5554428100586 95.4537811279297 95.2753601074219 95.0448532104492 94.6415252685547 94.3052978515625 94.1319732666016 94.0087585449219 93.7924118041992 93.1018981933594 92.8614044189453 92.6333694458008 92.4908905029297 92.2980651855469 91.9378890991211 91.5139007568359 91.2220611572266 90.9666519165039 90.6797561645508 90.4353561401367 90.2308044433594 89.9416885375977 89.7868881225586 89.4999771118164 89.1271514892578 88.9943389892578 88.7053451538086 88.2546997070312 88.0381088256836 87.9130859375 87.5097122192383 87.1623992919922 86.7070541381836 86.5409393310547 86.2355041503906 86.1174163818359 85.845329284668 85.4052429199219 85.1991195678711 84.9812316894531 84.9112930297852 84.702880859375 84.5011901855469 84.01708984375 84.0926895141602 83.8304214477539
96.063117980957 95.8456344604492 95.5677185058594 95.4301376342773 95.1918029785156 95.0689392089844 94.7980804443359 94.255256652832 94.2135543823242 94.026123046875 93.7018890380859 93.4673004150391 92.8065338134766 92.6485824584961 92.4514083862305 92.0588836669922 92.0256271362305 91.6721115112305 91.263298034668 90.8353729248047 90.6030883789062 90.2731094360352 90.0048904418945 89.8504867553711 89.5781631469727 89.0299911499023 88.9302062988281 88.8981170654297 88.5693435668945 88.0710220336914 87.8357849121094 87.6219787597656 87.0805053710938 86.6656188964844 86.4669952392578 86.2841033935547 86.1231994628906 85.7654342651367 85.5239105224609 85.0542678833008 84.6433258056641 84.0208587646484 84.0989608764648 84.0063629150391 83.6346893310547 83.4955062866211 83.2036972045898 82.8210220336914 82.654411315918
95.9250640869141 95.9147415161133 95.5469589233398 95.359504699707 95.1435470581055 95.0328521728516 94.8408966064453 94.2360382080078 94.0293579101562 93.8059997558594 93.5637969970703 93.2356262207031 92.7939224243164 92.4995727539062 92.3551025390625 91.9659194946289 91.8166885375977 91.5959854125977 91.2300567626953 90.8218307495117 90.3119812011719 90.1020278930664 89.8623886108398 89.7208938598633 89.3568725585938 88.7621536254883 88.7003326416016 88.7413635253906 88.4494857788086 87.7520523071289 87.5729827880859 87.0860824584961 86.6417617797852 86.3694000244141 86.2234344482422 86.0605621337891 85.6917114257812 85.5868225097656 85.2536544799805 84.7618255615234 84.3755645751953 83.6197052001953 83.6439208984375 83.5095062255859 83.2203140258789 83.0612716674805 82.877555847168 82.3548889160156 82.0760040283203
95.8777770996094 95.8435440063477 95.4703979492188 95.3369216918945 94.9921569824219 94.8288421630859 94.7174682617188 94.2337341308594 -3.4e+38 -3.4e+38 93.405876159668 93.1233215332031 92.7280960083008 92.369873046875 92.1554565429688 91.9375610351562 91.7209320068359 91.3728179931641 90.904167175293 90.6711730957031 90.2368927001953 90.0234756469727 89.7228775024414 89.4723968505859 89.0717620849609 88.6886215209961 88.5182342529297 -3.4e+38 88.1884231567383 -3.4e+38 87.401123046875 86.9438323974609 86.1780090332031 85.9874114990234 85.8499374389648 85.5906219482422 85.3917770385742 85.0964736938477 -3.4e+38 84.5457000732422 84.1978149414062 83.4245758056641 83.0752792358398 82.9703674316406 82.7968902587891 82.7754287719727 82.4544525146484 81.8850708007812 81.5709609985352
95.8112030029297 95.7276000976562 95.4131774902344 95.2412185668945 95.0123291015625 94.8341064453125 94.6087036132812 -3.4e+38 -3.4e+38 -3.4e+38 93.3613052368164 93.1605606079102 92.6323089599609 92.2959671020508 92.0127334594727 91.8004150390625 91.5553359985352 91.233772277832 90.65234375 90.5254821777344 90.0823135375977 89.7976608276367 89.5200729370117 89.3151626586914 88.8919296264648 88.6680755615234 88.3850860595703 88.240364074707 87.8538513183594 87.3859176635742 87.1950607299805 86.5694351196289 85.9823303222656 85.5721664428711 85.3770370483398 85.1805419921875 85.0049667358398 84.5382308959961 84.3619918823242 84.1645202636719 83.9260787963867 83.0410766601562 82.708854675293 82.638298034668 -3.4e+38 82.3071212768555 81.9272232055664 81.3794326782227 81.0903701782227
95.8950958251953 95.760627746582 95.3490676879883 95.2200088500977 95.0187606811523 94.7144317626953 -3.4e+38 -3.4e+38 -3.4e+38 -3.4e+38 93.2496566772461 93.143310546875 92.5261764526367 92.1739883422852 91.9553604125977 91.640266418457 91.4389038085938 91.1412734985352 90.4592666625977 90.2805099487305 89.8874130249023 89.6275634765625 89.4125900268555 89.007194519043 88.769660949707 88.4439086914062 88.1416854858398 88.0499496459961 87.5974502563477 87.177131652832 86.8635330200195 86.1542892456055 85.7569351196289 85.3871841430664 85.1017379760742 84.8623199462891 84.5672760009766 84.2011489868164 84.0470962524414 83.8778533935547 83.4559936523438 82.6197967529297 82.4954299926758 82.1940536499023 81.9070663452148 81.7040252685547 81.4909210205078 81.0032958984375 80.6384735107422
95.891471862793 95.6982727050781 95.2246704101562 95.091438293457 94.9275665283203 94.664909362793 -3.4e+38 -3.4e+38 -3.4e+38 -3.4e+38 93.228141784668 92.9513168334961 92.6038818359375 92.0741500854492 91.9326782226562 91.5253524780273 91.2050704956055 90.9702606201172 90.4666595458984 90.2003021240234 89.8451690673828 89.6199035644531 89.2747344970703 88.8029174804688 88.659049987793 88.3077850341797 87.9990081787109 87.8162307739258 87.4807510375977 86.7776641845703 86.3939971923828 85.9811019897461 85.5156555175781 85.1197738647461 84.8371963500977 84.3736953735352 84.208869934082 83.9117050170898 83.7331314086914 83.5430221557617 83.1412811279297 82.2880249023438 81.9663314819336 81.7033920288086 81.5126800537109 81.3056335449219 80.9474105834961 80.7246322631836 80.2560348510742
95.8469543457031 95.5203552246094 95.3697357177734 95.0509262084961 94.9606781005859 94.643798828125 94.4936370849609 -3.4e+38 93.647102355957 -3.4e+38 93.1299514770508 92.9395141601562 92.6228332519531 92.1561660766602 91.7185287475586 91.5176849365234 91.1200942993164 90.9425048828125 90.384880065918 89.9686508178711 89.713508605957 89.4297790527344 89.1183013916016 88.7302703857422 88.4331283569336 88.0532989501953 87.7765350341797 87.5188598632812 87.2626571655273 86.4813079833984 86.0893325805664 85.8297958374023 85.2057571411133 84.8891220092773 84.6271362304688 84.1255645751953 83.8807067871094 83.5352249145508 83.4798583984375 83.1855316162109 82.8737487792969 82.0474700927734 81.5407791137695 81.3396682739258 81.0833511352539 80.7831573486328 80.4914321899414 80.2666015625 79.9414825439453
