rcp4.5models/MPi_ESM_LR/sc1gr7.7
NCOLS 261 
NROWS 433 
XLLCORNER 336357.134 
YLLCORNER 654653.479 
CELLSIZE 1000 
NODATA_value -9999 
[rows 308 to 329 of 433, columns 100 to 149 of 261]
47.976649885191 45.8710336695712 46.9313655337716 46.7856724079341 46.3721369231023 47.377803627489 48.4322304448265 46.7238525210902 47.1336679231738 49.6801782418068 50.4127667710402 52.217904690178 51.6889002058196 48.4237412926317 47.3251092298365 46.8413372984403 47.4838017225228 49.0285792988538 48.7145217959834 47.8945367064222 48.1650035599717 47.7734139151708 48.2496777178638 49.1302447961373 49.5718780605913 48.5384800154349 49.3813933202023 51.077008378728 50.1502471609653 51.4839610884522 52.699325934457 54.0030091511797 54.8972451713014 53.7400435372825 53.7918978280815 54.8941407972134 58.5780378613191 61.9625514245205 60.3290362786951 62.1351662698808 63.3486087680694 55.4202687809263 56.5318542153149 55.680419289227 55.8512503146398 56.3286988023203 58.968660561626 60.5380812945525 62.4024663843441 74.6759149488629
49.5537907617689 48.9447604488949 48.966947200369 50.6734150413542 48.0455826048673 45.7375639037175 45.8206206442082 45.6282473370172 49.3561385293703 54.2814109905065 54.7706783018111 54.6818242575843 50.7038454430937 47.098305762593 46.0340822238517 46.5194925338681 47.8254770442056 49.2562608509009 49.2280427148238 49.9198566453022 49.6578747330229 49.443615856412 50.0589755461402 50.4743485330026 50.1031414494028 48.235916965964 50.2182567091219 52.755193755121 52.6965293932682 51.8556775911897 52.294378908526 54.5569005214371 54.315601831712 53.7798744959806 53.8132556075747 54.2001239539743 55.45411474489 59.8568258751102 61.8180771106972 62.1639506084277 61.4713750964535 54.5160034953047 55.631778990059 55.7891641204777 55.8162979221725 56.2820430653873 57.7761117268542 59.3388439493397 67.8329016769219 80.6305484830264
51.5759934265497 51.1088512447675 47.9940673205782 51.1076152297857 50.993455591424 47.7022773526992 46.6480776306196 47.5348983854372 51.9947719804003 55.4435941613182 54.8150285464593 54.3521205441508 49.4251860913671 46.7129797155075 46.1628285179609 45.8926004080756 46.7275578938965 47.6497039512493 48.8822761323117 50.5330368565379 50.6921863705974 51.1214536129831 50.4421225011599 49.6225584737705 50.2797391183793 49.0274491266636 49.8634570203001 53.8658428083373 56.9259244833583 55.0991648498926 54.7195906447118 55.3810751044561 54.5304580107502 53.946612261115 53.9440987227788 54.2878873963366 53.993576739936 55.047249664678 59.6419434105925 64.9325342525873 62.2092419618985 54.6856360551117 56.3162801929058 56.0628639021584 55.7797972900674 56.4983304273199 57.4146883659562 60.9907412517646 71.5378277464516 81.6615390319749
49.7823267559003 52.3483519738547 50.7075498861727 51.4216897127915 52.1281845216024 49.6674116846459 49.7417620173811 51.485924432148 54.9542719240656 56.2620398410477 54.687175989715 52.7599495967582 50.0658545953537 47.5899045204365 47.2044642020978 47.8589403437155 46.6273470041601 46.701290714651 48.5375896588876 50.5647629872336 52.3165569803865 53.3042791767362 50.6179094558951 49.532243114489 50.7886970199368 50.2616789431478 49.8534438420237 52.5489216008456 56.3516912183168 57.0503106885127 56.227966540701 55.567881315401 54.9609022640588 54.3684404765047 54.0585016903453 54.8324992512751 54.8634302230993 54.4890808387742 55.9529178300972 59.8230146960072 58.4193871642599 55.3718046004279 56.4957114599592 56.4840102890665 56.26487828601 56.6079030975642 57.8810656076839 63.0206540113478 71.5345311246625 79.6425141651775
46.7503606954547 53.430856627561 54.0820177510771 52.945467162206 52.5778868253447 49.5146152110345 52.013468690308 54.763680187596 55.7490611647898 54.9762341843145 52.4753335065891 49.7697182375566 49.7072393918489 47.2457720593986 48.3277191980061 51.0388381200659 49.7296105262111 49.22128339679 49.4206041671329 50.9166575827468 52.0986075983237 52.5850052535562 50.0520485192666 48.7846102455847 50.1657266558752 49.8703164986179 49.2558402138247 49.8384874015762 52.5670053555148 54.9885593118631 55.2900370328376 55.8875266779166 55.2000469889986 54.4970368725611 54.1737373302639 55.0958459999127 55.2486976678964 54.9778076130254 54.4008484564899 54.5703488872403 55.3340350787571 56.2696320882323 56.6023416616308 56.7481329843516 56.5723190084295 56.2157899532374 60.1215740908532 65.7584650394098 71.3541843875988 78.7095059035845
45.8134692776754 53.7713700343935 52.8474103824386 53.1472749766649 54.8198488885543 54.7173282228147 53.3598045093965 53.8778802402208 50.97873207958 47.7392943247268 47.040098196313 48.028571672122 48.859447810117 51.898325961459 54.5160350439521 54.7733022811561 53.6586972113765 53.0529473410305 52.6928420295662 51.9064168145308 51.8533309734762 51.7624111655864 49.763768663155 48.325400589975 50.5088415643162 51.5673101734706 51.4949000612004 52.7039521279458 52.5143958330993 52.1606371195811 53.75174591606 55.3000699818452 55.2019434498884 54.1952986114311 53.9386585227783 54.6921201010238 55.2942237650947 55.9109647035352 56.3770642339339 56.6600387327762 56.4901166473881 56.3347301405028 56.402964870785 56.5990258567565 56.7635095616597 56.9159045620978 57.1420792122038 61.81364634433 67.6661913999698 69.6682082521736
44.1972555619279 48.0277270808464 48.9881165868636 52.1015681098052 53.5592124540675 53.0092219946883 54.2138075822571 54.5705575423531 50.4020058705759 49.5008073050004 50.3893455958717 48.1340975029132 49.9826086212534 54.1347329533661 56.2412582857155 54.9091380357338 54.6005436197416 55.4570181182121 53.625710145536 52.3386224209675 52.9810153080395 53.0370852063969 50.2766479733654 48.3460116852579 50.7711341993116 53.2462706951339 55.538175693084 55.8233458568468 56.3135588454608 55.0616672483147 55.1478383775334 56.0829489931239 55.3634623666523 54.3285395918732 54.0721257917605 54.5531888016016 54.8896117675984 55.4437517406484 56.0076328289355 56.397998135327 56.3768398452868 56.2414926754656 56.3079894439135 56.5663960253972 56.9858913594961 57.3137422744927 56.9125884379686 57.7087046647417 59.634302267267 65.5123261016599
44.6921904818651 49.8566715849322 46.6884467760909 47.9380546252003 51.6150648303988 50.9580201607509 52.6590241428155 55.3060160207442 51.0315327722656 52.7134171686298 56.8972302930166 53.5299686365308 50.4474440068089 55.078785261708 56.8856976971133 55.8425820682368 57.0763951080924 58.7280239699816 56.1871250388222 53.3237318675684 53.044604720019 53.0224541647888 50.6089926518096 49.0591731427325 50.5842219812346 54.3453524713869 57.7673998921111 54.6796893377388 55.8459368630407 55.3526773347287 54.4039916131728 54.7803375731161 54.2280187406921 53.9771614274086 54.0654022042565 54.5037546604649 54.695571412166 55.0024979200325 55.5261003950106 55.9725562089701 56.1649799470683 56.1452116189667 56.2106547167562 56.496437971576 56.9199979887485 57.2316570859854 57.1540371071635 57.1903518678565 59.9570386862892 70.3170459099671
48.849610061134 56.4372144940106 50.1991393079761 47.6412195962286 52.2438223043093 52.3714176019514 50.4600737617831 54.6088885171986 53.2803147379187 51.2633954901351 57.0951249640223 59.411405030021 55.9757158176683 57.7081898194572 56.765982171833 56.5124549861748 58.7952515294866 59.312437389209 58.6081371236478 55.8191446036423 52.998739713362 52.3059261539195 50.9626407316771 50.1344987352459 51.4665473496132 53.0339191394809 55.8854136171495 55.1344467972314 53.6485103423801 53.230358675625 53.1991243242068 53.4754177863326 53.5413157507879 53.7589628684094 53.9883242005326 54.5017204933624 54.6939940667978 54.9184600939848 55.2781328339926 55.5209392852654 55.710792920686 55.9153556791294 56.1513315852444 56.4743969558957 56.7626199501712 56.5494630501278 57.8616165945145 58.4347124709097 65.8460957036228 75.5463650823143
52.2915159483346 57.0215921007134 53.2371023620357 49.3939564788902 51.7177912418164 55.8304718934471 53.308134630883 54.5679496452407 56.6592449522792 53.9022122733067 54.1613169151515 59.280791144456 58.7112938262769 58.8009479949922 56.479968045126 55.7506761257212 58.3530579407476 59.3076415510045 58.418631927172 55.8701610697803 53.3639510665041 52.6110166203385 51.6531871165607 51.0917526891187 51.7776806416849 51.6334624729788 53.1114880938195 54.7611443515475 54.6800895644753 54.5705577232046 53.0939112455486 53.267361836032 53.4646097755723 53.7776207834291 53.9918715256486 54.4908336745007 54.7452102167921 54.9251047488108 55.1020707764578 55.2728814511922 55.4952810891515 55.5858499043805 55.77964486186 56.3205753170269 56.6380906941944 56.2241240767314 65.3591871953549 65.929715413375 71.294661996395 75.9301086180037
53.710909248007 56.1010244440342 53.8017201073425 49.8982519321003 51.862911490396 56.8679918922088 57.5840559772934 57.6474183789427 58.5797226178963 57.7206980090421 55.7121423645605 61.0616168527042 58.2527029922688 58.4325298368507 56.7879923524704 55.675832504144 56.9106484205463 57.4927198409881 56.6029756341714 54.3028290763079 53.4296602686326 53.1715519487441 52.6216652294435 52.1100580831361 51.4963934882019 51.4622958900512 51.5286255993484 51.9556670358688 53.524058820084 55.2856434389292 55.9194847736804 55.3366697552567 54.3136091501548 53.976529496342 53.9150159227506 54.3093232919281 54.5505806864886 54.8383977352093 55.0007143862389 55.1783331344734 55.4623437630529 55.5481252279959 55.565760334774 55.5884387748227 55.5555098243989 55.4324239466014 70.3454048396423 69.3270386625335 68.6246346305443 68.9609109406339
55.0065251851799 55.8105933041277 57.175712450448 53.1136436257115 52.5101985711076 55.5472490542361 55.926697767984 58.2149629169651 59.9769077637462 58.1781028171435 60.4483992008782 63.2605777815103 61.3009558925485 59.8698814680201 57.311122882891 55.6895955768764 55.709585092794 55.3926617470711 55.1724699490467 54.2932076592889 53.8053008377187 53.5322486023261 53.0854194742901 52.6823223405792 51.6129243737978 51.3402142490732 51.3466406016635 51.2434111521709 51.3253750556865 52.8844565144084 54.7928960784283 54.9271698550686 55.3389348645728 55.306030318394 54.9850817268474 54.5079831470613 54.3365581147141 54.6110366045709 54.8170343024754 55.0793088442494 55.3707001138556 55.6412062896378 55.8497588478212 55.5304937197869 55.7020990062426 58.7737716717481 68.8752021924658 67.2778138873525 65.2788963479691 65.4779633476963
54.1217999838266 55.5851238094048 57.907939214715 56.7319657452927 55.4347746034682 55.128897552574 54.6744655837155 52.9093532363215 55.4703573206264 57.6788982395344 62.4095543470664 62.1050419772805 63.7657485501954 61.5349872631689 57.6065604641448 55.5730806791696 55.2191720572467 55.0889062976434 54.7706489881698 54.5019713951024 54.1312459198482 53.7691184192772 53.3518924841009 52.9227209590468 52.1100972104486 51.5700429977741 51.3143205217 51.3350738397436 51.3657055582726 51.4408021542006 51.3506922169415 52.0894993121961 53.4960645986008 53.9745959962293 54.466100921512 54.7782269863738 54.4073766215234 54.6953774992167 54.8262634436263 54.9992380367769 55.0769646864437 55.1650174381561 55.5693613369947 55.9073585689371 56.1479973737803 61.5360002849487 66.906513006485 68.2858515335255 66.271301327839 65.7758456819474
52.2093725317753 55.4908301779027 56.0875622582196 53.7712270208057 54.53453668189 54.2192181323435 56.1704608091523 54.169228459171 51.6704250083194 54.8534865762257 59.2163033039856 61.2888726145005 62.1690504257292 60.711002663541 58.8928822292731 55.82450288522 55.4260683730134 55.2680198648773 55.1625745085909 54.8969437129972 54.5016205155202 54.0788264501595 53.7310187269577 53.4233853877564 52.706873233986 52.1570996796217 51.6877063213887 51.5834144692372 51.4404128163053 51.3315363979753 51.6984872997274 51.8458693580945 51.5832454033737 51.7334871112502 52.8327654849647 54.435631015899 54.4227933236987 54.8598897992392 54.8957712022445 55.0301586184607 55.02120355075 54.77212085966 54.7998438835857 55.1649115411834 54.8423792280392 59.0769938758474 65.2286748571312 66.6425840759338 65.8574142503922 65.6143062006324
52.0760928692184 55.8433089473418 56.4852451682364 51.5438283802185 53.7480467265172 56.0951500945291 56.5032155147342 58.8914919156152 55.1795155630253 52.2057066574124 57.622030670385 64.0589541655974 59.1227965535347 59.0390068886638 60.3633826726469 58.5010990794904 56.2100355868148 55.5076051182109 55.4383279939408 55.280658012222 54.8911094077943 54.4687248746118 54.1706282193688 54.208386999029 53.0559268894231 52.611141193382 52.2260515035689 51.9132677364049 51.5392431381043 51.3712483752269 51.7370061154839 51.7931952824216 51.4780452973793 51.6195669291149 52.2032619846386 54.5020177937987 54.2519656758749 54.6170726166214 54.8087881938576 55.1146316337813 55.2371046505212 55.1003504252147 55.1945245700836 55.265170283004 54.4653249115959 58.3568369874132 66.4780565648091 64.4315462745013 63.9181334554493 64.5158202910701
52.3519176584437 55.6076632795099 56.0269604811955 53.3910979859774 55.0938461396383 58.4926122071497 60.8910804687096 62.8030562292782 58.5881321871426 54.6083905054753 58.9902343951135 62.3134235369224 57.6318932456397 57.8023620192007 58.7778454793295 60.1822912845586 58.5610970665615 56.0383067775563 55.7190134722401 55.5436412852427 55.2622124652644 54.8979528177376 54.6039047251323 54.6873845971178 53.9830317396403 52.8579852033024 52.390442851152 52.0932451170841 51.7811582054047 51.5836560698659 51.5108912389028 51.3828541723647 51.2839043573981 51.4102783385433 51.5191082258616 53.7226437292633 54.2760015266781 54.403406856867 54.8893748044085 55.0842045613788 55.1635067713157 55.3424137050207 55.78474170397 56.0754071272236 54.8976685102755 58.5930607731591 66.6395291275897 64.4381379246356 63.6970908110683 64.2486324837983
52.21896962148 55.9670591178419 56.9071246647909 55.5493547265009 52.5234514291111 54.8648422579436 58.5147287223385 58.4062742712447 55.0598583604678 56.587973110714 62.2475529763262 61.7188411162329 59.6121115238908 57.258120499187 56.8423340501579 57.9403987878178 58.3716786536829 56.7594138684228 56.1612164601103 55.81161983139 55.5646578815513 55.1353424561753 54.7388730078606 55.0502103109647 53.9578584566797 52.9954660908055 52.6270452750321 52.2882589786679 51.8922736130395 51.6234346477998 51.5946412732303 51.4049581259174 51.219279492664 51.3574050194324 51.3747861394014 53.6817699100557 54.3743435855363 54.1945281924253 54.5771705445142 54.8492390232255 55.0515284846335 55.3112336758137 55.4171945914521 55.3818496545218 54.4521875883202 56.7723949096466 66.921838320646 66.2734083967521 65.178242209016 65.4157219600032
49.1764046889571 53.5431455402973 55.0520449624333 57.1231260057385 58.4020188267756 59.2504786464913 62.7956713362538 59.7594616979379 56.7720565164762 57.3126199419905 58.4681811736716 61.0345572648667 59.8219168707324 61.3432136472956 58.3151125590842 56.5570637875088 56.6309507138257 56.629004500226 56.4884684023938 56.2709792106031 55.8739504584271 55.6981347065011 55.43533107675 55.3408913180474 54.7104943662215 55.5683649927815 54.4647198034301 53.5390103997506 51.8453156638405 51.6630667636571 51.4545535045175 51.2888165782226 51.2704630809664 51.198881081003 51.2306412968423 53.4916012762298 53.8594077986914 53.4553729715944 53.8545534437017 54.2516262090589 54.545844122433 54.7794563035713 55.0765305628674 54.8595035964052 54.2733433889815 56.1941345586296 64.0659688233422 66.1978190046136 65.5352300188003 66.1072648388233
51.2256476272108 53.8646859312512 56.1597528690178 55.0797732356814 54.8502369158421 58.8964950192888 61.3069141494821 59.0482417081128 59.9157764572267 61.5663170737018 57.9437549838577 60.0325471751615 58.709234068302 61.9565144171901 62.3573295919554 59.1237139370995 56.5316799797739 56.4917748878906 56.607649986002 56.4436991206623 56.1400783976462 55.8221614305156 55.3259559028845 55.0185969225465 56.1965299566679 57.1780096593656 56.3692892827324 55.1114289834234 51.8507581783792 51.6538780497071 51.4389238136615 51.1540687611875 51.0564075906471 51.6962203645615 52.8258525881626 54.161355495534 53.6676534526461 53.450630742424 53.9031757958873 54.1183141711356 54.2186809914302 54.5213741544656 54.9283679716208 55.0481802839585 54.4238160183621 55.9920792003588 64.415460816841 64.6991678427693 64.8888851835578 65.5577894523496
51.5911092551717 57.3587358961894 55.7434322316293 51.9315943118 55.9067959602253 61.1279918171675 59.5761141482925 57.0705294075639 57.1838511655004 59.0702731765862 58.9699102167923 60.6622219553195 56.8459082462443 57.600738452426 61.3318423820436 61.4316060371235 58.6533274856287 56.9567822658103 56.6820000149527 56.5835844262318 56.314862423889 56.1172989580216 55.8942746536504 54.9530552439663 55.8259034116293 55.4456737123606 54.3797328808823 53.7665304014146 51.8824479413225 51.6548296858387 51.4498126203468 51.1912367380396 51.0010670303328 51.6192752173086 53.5554839875041 54.0015324570066 53.7789338329741 53.977975270998 54.2620800573496 54.3699951268888 54.3789946574439 54.4776543951818 54.7716752186758 55.161663168415 55.0022790841885 56.4434985503358 63.7028577695119 64.1664460418488 64.7261252781238 65.5457311716027
52.6104675918338 57.8107599822803 54.2592687993161 52.2787656277815 56.0443112724403 56.7428511087405 56.3381389386589 55.6998745335041 54.9191723843979 55.7572936423228 60.2700612912195 63.8640275522633 59.5918580127287 55.8950563222945 56.8396096620492 59.4611848714862 -9999 60.5913338539443 58.8111359575065 57.1293121162637 56.4321458225758 56.2399764647746 56.1172251899104 55.1612628430822 54.7627666815887 54.6755263630803 52.2842376685027 51.8952679174829 51.6883418959864 51.5292878705302 51.3438268206065 51.145722437369 51.0165934091087 50.9459900990602 51.746299309262 53.0062037199164 53.2324950717838 53.5385637571618 54.1205226572003 54.4838183394244 54.8714809147368 54.8279042505447 54.7611242034358 55.1433224361335 55.4214252521721 56.6943534609729 62.9847660380058 65.8300296780676 65.6867166423023 66.0323903184095
51.0777926118225 53.0483939162383 51.8663160801831 52.3359925951465 55.267082469532 54.2619932673411 54.4150142728174 54.8114346484485 54.4808796545975 54.7565499040878 57.0746659019923 60.3601880394431 60.391406155898 57.3194480712078 55.3293148325244 56.028039060384 59.9965018183353 -9999 -9999 58.8552939149029 57.2384379846998 56.3993907629671 55.9451053285385 55.0585361304628 54.5344756693522 55.0521155192988 52.5145389584961 51.7533209051122 51.4137550544936 51.8266662770954 52.2219811269177 52.0182282551889 51.8707212553616 50.8817365451323 50.9329902676617 51.8309713535083 52.4640788981442 52.5158673000091 53.2630385140831 54.1144513512675 55.0838853192064 55.3729868557779 55.1032964495813 55.0514668504425 55.5416088847877 55.5179146788939 59.9002287402759 65.9643537172605 66.1721136813832 66.5170099009284
