rcp4.5models/MPi_ESM_LR/sc1gr0.16
NCOLS 261 
NROWS 433 
XLLCORNER 336357.134 
YLLCORNER 654653.479 
CELLSIZE 1000 
NODATA_value -3.4e+38 
[rows 286 to 307 of 433, columns 147 to 195 of 261]
65.123405456543 63.8198890686035 64.7573013305664 65.983039855957 66.5349731445312 65.9294662475586 64.3124923706055 64.407096862793 66.8751907348633 67.01416015625 66.4238052368164 62.9128341674805 63.1737747192383 63.5139465332031 60.0099906921387 58.4531555175781 58.0845336914062 57.8172607421875 57.9043388366699 58.3573341369629 58.3494834899902 -3.4e+38 57.9387321472168 58.1032752990723 58.1879043579102 58.4398536682129 58.5593872070312 58.1457939147949 57.9438819885254 58.0793914794922 59.3757133483887 61.1710968017578 58.8600616455078 58.4238204956055 57.9583854675293 57.7416763305664 58.1707000732422 58.2654800415039 57.8398666381836 58.3996772766113 58.896297454834 57.7953491210938 57.2536544799805 57.0731773376465 57.1795959472656 58.639347076416 60.0852355957031 58.7942047119141 57.5117378234863
65.3058624267578 64.0086822509766 64.8796005249023 66.1061859130859 66.0785064697266 64.8292846679688 64.3406524658203 64.5298690795898 66.6754150390625 66.8236312866211 65.6522598266602 61.9463691711426 62.3164672851562 62.298900604248 59.50830078125 58.8195686340332 58.3609924316406 58.0853233337402 57.8130760192871 57.8072929382324 57.9384727478027 -3.4e+38 58.2318496704102 58.3440551757812 58.5688095092773 59.3285903930664 60.664363861084 60.1716537475586 58.455867767334 58.26953125 59.9540061950684 62.8325843811035 60.5578155517578 58.6349029541016 58.1588554382324 57.8359718322754 58.0552291870117 58.6149101257324 58.8044052124023 58.8019790649414 59.4543190002441 58.1875267028809 57.5253868103027 57.2431831359863 57.4387321472168 58.6356430053711 59.3530502319336 58.4117126464844 58.0435447692871
64.3854522705078 63.7706413269043 65.278205871582 66.4541702270508 65.4441680908203 63.9468116760254 63.4297180175781 64.1840896606445 66.6938934326172 66.543327331543 64.2775039672852 62.0894432067871 62.0515365600586 61.1326065063477 59.6015472412109 59.094482421875 58.6716384887695 58.2590522766113 57.9547462463379 58.0277290344238 58.1941452026367 58.1369895935059 58.2520408630371 58.5572814941406 59.1610145568848 60.5482177734375 61.9005546569824 61.4053268432617 58.9129981994629 58.5729370117188 59.3355140686035 62.0061836242676 63.0658149719238 58.8981285095215 58.4107818603516 58.0533714294434 58.1829872131348 59.1182746887207 60.0096321105957 59.9509086608887 59.7685127258301 57.9434471130371 57.5974617004395 57.6632270812988 57.6426162719727 58.7444343566895 58.5756912231445 58.059154510498 57.8234024047852
63.4895858764648 63.8352890014648 65.0571212768555 65.4673767089844 63.9425506591797 -3.4e+38 62.4273719787598 63.3525772094727 66.23779296875 65.9959259033203 63.0946578979492 62.6936340332031 61.6008071899414 60.1720123291016 59.539234161377 -3.4e+38 58.7881507873535 -3.4e+38 58.1726608276367 58.228157043457 58.5965766906738 58.664379119873 58.5486373901367 59.0221328735352 60.2128601074219 61.3683815002441 61.6904525756836 61.5696144104004 60.0857048034668 58.9708442687988 59.0843353271484 60.6870574951172 62.7774543762207 59.1037940979004 58.6604347229004 58.4181785583496 58.4098625183105 59.1604232788086 60.7230453491211 60.9782867431641 59.4261856079102 57.9493675231934 58.0392875671387 58.1268310546875 57.8303871154785 58.9595985412598 58.4198722839355 57.972957611084 57.8238639831543
64.0857849121094 64.9224090576172 -3.4e+38 62.5356788635254 62.8316078186035 -3.4e+38 62.0777587890625 62.4520530700684 63.4174270629883 62.6872673034668 61.1383895874023 60.8732261657715 60.6035423278809 60.4511375427246 59.2683601379395 59.0422515869141 58.8056716918945 58.922046661377 -3.4e+38 -3.4e+38 -3.4e+38 58.582763671875 -3.4e+38 59.5522766113281 60.2117729187012 60.8000030517578 60.7358360290527 61.9181785583496 62.6430130004883 60.8269119262695 59.8294105529785 59.6950302124023 60.2349395751953 60.2057304382324 59.6715049743652 59.6280136108398 60.4676895141602 60.076732635498 59.6964530944824 59.7032203674316 59.4370079040527 60.0919303894043 59.6780052185059 59.1678733825684 59.019157409668 58.8232917785645 58.6301460266113 58.0636711120605 57.6780014038086
63.4012069702148 63.5410575866699 63.5330657958984 62.3735580444336 -3.4e+38 -3.4e+38 -3.4e+38 -3.4e+38 61.5869941711426 -3.4e+38 -3.4e+38 60.1240119934082 60.0336990356445 60.1486854553223 60.2537879943848 59.8067169189453 59.1906776428223 59.3936157226562 59.5294609069824 -3.4e+38 -3.4e+38 -3.4e+38 58.9308395385742 59.304141998291 59.741138458252 60.3567848205566 60.6235237121582 62.8284759521484 63.3973731994629 62.7281532287598 60.9670486450195 60.1074409484863 59.9383544921875 61.3720855712891 60.2046852111816 60.6044578552246 63.1303863525391 62.3974876403809 60.393798828125 59.7665710449219 59.6196594238281 59.4942359924316 59.4963188171387 59.0794219970703 58.9256706237793 58.8636016845703 58.8285064697266 58.418815612793 58.0571403503418
-3.4e+38 -3.4e+38 -3.4e+38 -3.4e+38 -3.4e+38 -3.4e+38 -3.4e+38 -3.4e+38 64.0693511962891 63.8523063659668 62.0261344909668 61.2597007751465 60.8188247680664 61.1749000549316 62.4331932067871 61.7400398254395 59.7307510375977 59.532169342041 59.8789901733398 59.8984413146973 59.8778038024902 59.4263916015625 58.9560012817383 59.2140960693359 59.4942779541016 59.9525184631348 61.1010360717773 64.4633483886719 65.4710388183594 64.5972061157227 63.2100219726562 60.708683013916 59.8691215515137 61.7574806213379 60.490161895752 60.7822189331055 62.5066757202148 62.0774192810059 61.1815223693848 60.3496780395508 59.5323600769043 59.3084831237793 59.1815528869629 58.8800354003906 58.7851600646973 59.1863899230957 58.9921951293945 58.5656242370605 58.6400833129883
-3.4e+38 -3.4e+38 63.072322845459 -3.4e+38 -3.4e+38 -3.4e+38 -3.4e+38 64.0551834106445 66.7844314575195 66.8841857910156 63.423225402832 62.9024963378906 63.5152854919434 63.5986099243164 64.3205795288086 62.7367286682129 59.9631042480469 59.5838584899902 59.8669662475586 60.2285308837891 60.8151779174805 61.042121887207 59.0317344665527 59.3640022277832 59.6432456970215 60.4141693115234 62.2556571960449 65.9873199462891 67.5090408325195 66.5173416137695 65.2926559448242 62.2678146362305 60.9209022521973 61.010498046875 60.791431427002 60.5449752807617 60.5201873779297 60.488883972168 60.8168182373047 60.3386077880859 59.6503639221191 59.569221496582 59.3461456298828 59.070671081543 58.7169380187988 59.1678428649902 58.8481216430664 58.4478492736816 58.7938652038574
-3.4e+38 65.4246368408203 63.4095458984375 -3.4e+38 -3.4e+38 -3.4e+38 63.7574615478516 65.7322769165039 67.993537902832 68.182502746582 66.0507888793945 62.5171775817871 64.4445648193359 66.3293380737305 65.4315643310547 62.6419906616211 60.0138740539551 59.8725090026855 60.0100364685059 60.6526679992676 61.9074249267578 63.1686973571777 59.3017463684082 59.3838996887207 60.1367530822754 61.8519020080566 64.0934982299805 66.797737121582 68.074462890625 67.5016403198242 66.9709320068359 64.9099807739258 62.9069290161133 60.5743598937988 61.0557060241699 60.65673828125 60.3800659179688 60.2034339904785 60.0990524291992 60.1431922912598 60.1509780883789 59.8287010192871 59.5708465576172 59.204776763916 58.7714080810547 58.7485542297363 58.6819725036621 58.361686706543 58.5650367736816
67.7038726806641 66.2097015380859 64.2471618652344 -3.4e+38 -3.4e+38 -3.4e+38 64.8618240356445 67.1246185302734 68.6670608520508 68.7155380249023 68.0357818603516 62.8404502868652 63.5654602050781 66.4903106689453 65.4813842773438 61.8822631835938 60.3394737243652 60.592113494873 60.6942520141602 61.2290306091309 63.1972961425781 65.2515182495117 59.5411949157715 59.4086799621582 60.4389991760254 62.4330406188965 64.3475112915039 67.0677337646484 68.3456649780273 67.7933349609375 67.7939300537109 67.1810684204102 64.7697525024414 61.0137748718262 61.0728302001953 60.8246612548828 60.4924354553223 60.2567443847656 60.0117721557617 60.1672325134277 60.3409309387207 59.851692199707 59.4499206542969 59.082347869873 58.8803558349609 58.5163764953613 58.5760459899902 58.4249229431152 58.3462944030762
67.037712097168 66.0831451416016 65.0164260864258 64.4899826049805 -3.4e+38 64.040168762207 65.4891128540039 68.0627059936523 68.7219696044922 68.686408996582 68.8899307250977 64.2859115600586 63.4438781738281 66.5020294189453 66.1061096191406 61.5591659545898 60.8199043273926 61.0344657897949 61.2455406188965 61.9047927856445 65.8395843505859 67.2639923095703 59.8934860229492 59.6476135253906 60.5978469848633 62.426685333252 64.1221466064453 67.003791809082 68.5150909423828 67.4728622436523 67.1370849609375 67.6391448974609 65.9525756835938 61.7849578857422 61.3100509643555 60.9933090209961 60.6479644775391 60.5658416748047 60.3027076721191 60.1286163330078 60.2483367919922 59.9120674133301 59.3737487792969 59.010669708252 58.6703033447266 58.3811531066895 58.2959327697754 58.4957237243652 58.5536613464355
66.523078918457 66.961296081543 66.7705688476562 65.7433395385742 65.1011657714844 66.7996978759766 67.3625793457031 68.7483978271484 69.0444793701172 68.9483795166016 68.3462066650391 64.6570739746094 63.8041687011719 67.1642532348633 67.3794403076172 62.6110954284668 61.4917068481445 61.8004417419434 62.0734901428223 64.5513381958008 68.5522689819336 67.9263000488281 60.5954818725586 59.9784278869629 60.4712677001953 62.0805053710938 64.4447631835938 67.4977340698242 68.6554946899414 67.3315963745117 66.7998199462891 67.8569641113281 67.2826232910156 63.1007423400879 61.7914657592773 61.1733551025391 60.7726020812988 60.7112617492676 60.597095489502 60.1850624084473 60.0447845458984 59.7447471618652 59.1341743469238 58.924919128418 58.7592658996582 58.3379859924316 58.1110572814941 58.2461814880371 58.3068771362305
66.8813629150391 67.8818054199219 67.291633605957 65.7585220336914 67.252311706543 69.1267242431641 69.1454238891602 69.1889038085938 69.1401214599609 68.8964462280273 67.5702743530273 64.4862060546875 65.1079788208008 67.3470306396484 67.6574554443359 63.1422080993652 62.0536727905273 62.5944366455078 62.5050773620605 65.8340606689453 69.1704177856445 67.7324295043945 61.4478492736816 60.2590827941895 60.1025123596191 61.117504119873 63.8370628356934 67.1975631713867 68.8074035644531 67.5178680419922 66.9631271362305 67.6680679321289 67.9152679443359 64.7853546142578 62.5696296691895 61.3412284851074 61.1921501159668 61.177173614502 60.9463920593262 60.1765785217285 59.934642791748 59.6249351501465 59.1512260437012 58.7348213195801 58.8459091186523 58.4262886047363 58.1383934020996 57.9962158203125 57.9361267089844
67.9365005493164 67.9679489135742 66.9668197631836 67.0410690307617 68.7530517578125 69.0408706665039 69.3333358764648 69.6226577758789 69.4368057250977 69.0831832885742 67.6076507568359 64.5331649780273 66.4426803588867 68.3091125488281 67.8717193603516 63.4025344848633 62.4466819763184 62.7665519714355 62.1432342529297 64.3606491088867 67.2485885620117 67.1095123291016 62.0527572631836 60.5726852416992 60.1989822387695 60.9608726501465 63.0306091308594 65.6321258544922 68.9230346679688 67.7017211914062 66.9830780029297 67.1625900268555 67.3816070556641 66.7208786010742 64.4397277832031 62.0404167175293 61.4767837524414 61.77001953125 61.9849967956543 60.6745109558105 60.0060424804688 59.6862602233887 59.3308410644531 58.8774185180664 58.7295684814453 58.4901008605957 58.2762794494629 58.1972045898438 58.2869758605957
69.1722412109375 68.2779541015625 67.1712417602539 68.5248184204102 69.5031204223633 68.7737731933594 69.0567169189453 69.7972946166992 70.1240234375 69.6515274047852 67.9525299072266 65.0244064331055 66.2312927246094 68.504035949707 67.6959533691406 63.5880928039551 62.7664680480957 62.757194519043 62.5240478515625 64.1871948242188 65.0968475341797 65.8185882568359 62.9494400024414 62.0925102233887 61.1758918762207 61.3043785095215 62.814338684082 65.6791763305664 69.0137710571289 68.2437057495117 67.3065490722656 67.4824142456055 67.059440612793 68.099250793457 67.1483535766602 64.5215911865234 62.2378578186035 62.0850410461426 62.5018119812012 61.6603164672852 60.1831092834473 59.7638168334961 59.5608901977539 59.1491279602051 58.7700386047363 58.486499786377 58.4305763244629 58.6468391418457 59.4881439208984
69.580680847168 69.9644241333008 69.4724502563477 69.0680618286133 69.8880844116211 69.5162963867188 68.7084732055664 69.0422439575195 69.9001159667969 69.9522018432617 68.9246826171875 65.3561477661133 66.4917449951172 65.9816055297852 65.2146911621094 64.4959030151367 65.37646484375 63.9214210510254 63.9168128967285 67.6496047973633 68.5507888793945 64.8315963745117 66.6815567016602 67.0901489257812 67.4999160766602 65.0746536254883 62.5839042663574 63.609920501709 66.7970352172852 68.8987426757812 67.9690551757812 67.9623336791992 67.265266418457 66.8837661743164 67.8327331542969 68.3689270019531 68.100944519043 67.148078918457 65.0280838012695 62.033332824707 61.8171119689941 61.6350517272949 59.945743560791 59.2479133605957 59.0618591308594 58.9423141479492 58.7449607849121 58.7286262512207 58.4511680603027
69.5140228271484 70.1570587158203 70.215217590332 69.9535369873047 69.9792861938477 69.2981491088867 68.3410263061523 68.6300506591797 70.0000076293945 70.226203918457 69.0233612060547 66.4185028076172 68.0543518066406 66.9738693237305 65.4922561645508 65.3827285766602 65.0295333862305 63.7875709533691 64.0275650024414 66.7386093139648 69.2890167236328 67.0262603759766 66.1120681762695 68.5270843505859 69.6748886108398 68.1579284667969 63.5061187744141 62.7472114562988 67.5071792602539 69.5423583984375 69.1024169921875 68.8295822143555 68.0337371826172 66.4849472045898 67.1623992919922 68.7207870483398 68.6726455688477 68.2769775390625 67.203254699707 64.7510070800781 64.5342330932617 64.7414169311523 61.8610954284668 59.7794647216797 59.332950592041 59.1629638671875 58.8284797668457 58.6671104431152 58.2942276000977
69.2804641723633 69.9389572143555 70.1669082641602 70.0888061523438 69.8175888061523 68.8871231079102 68.0154266357422 68.4872436523438 70.1191635131836 70.2105178833008 69.1530838012695 66.869758605957 68.2911148071289 67.3394393920898 66.7431182861328 67.0605087280273 65.7607574462891 65.475944519043 64.7198638916016 66.227165222168 69.7434844970703 67.9950714111328 65.2500839233398 68.4898681640625 70.0315856933594 69.5219573974609 66.0010604858398 63.1892776489258 65.6656494140625 68.1435165405273 67.8232574462891 68.3634643554688 68.9218902587891 66.8199005126953 66.9603271484375 68.1649398803711 68.0970230102539 67.8577346801758 68.2486038208008 67.3540725708008 66.5462646484375 66.6847229003906 64.5640335083008 60.678108215332 59.5656051635742 59.3532257080078 58.9779472351074 58.7420883178711 58.3931350708008
68.2002868652344 68.9343795776367 69.4138336181641 69.457275390625 69.3001861572266 68.904052734375 68.7427215576172 69.0015716552734 70.1351318359375 69.9552536010742 69.1499710083008 66.9969253540039 67.282600402832 66.9196243286133 67.6933517456055 69.0412826538086 67.7040863037109 67.7244110107422 66.3558349609375 66.9645462036133 69.2689743041992 68.0569000244141 65.5984649658203 69.6455383300781 70.7038192749023 70.2358322143555 68.727294921875 64.3905181884766 63.1427688598633 65.7471160888672 64.8971710205078 66.2291488647461 69.2981033325195 68.0158157348633 67.1116638183594 67.4024810791016 67.6099319458008 67.4587173461914 68.4193267822266 68.0755920410156 67.2794342041016 67.2081069946289 65.631477355957 61.2634963989258 59.8967056274414 59.3515090942383 58.9610786437988 58.7044563293457 58.428394317627
67.2882385253906 68.2151107788086 68.7230834960938 68.8551559448242 69.317008972168 69.8848724365234 70.1675033569336 70.2498092651367 70.5714263916016 70.2065887451172 70.0313415527344 68.2980728149414 67.6439208984375 66.6089172363281 68.2463150024414 70.5170364379883 69.8036422729492 69.2443923950195 68.3063659667969 68.3534164428711 69.8704605102539 68.8823165893555 66.0995483398438 70.3645095825195 70.8894271850586 70.34912109375 69.738899230957 67.5621871948242 64.1452178955078 63.7747764587402 64.2834854125977 66.3750534057617 69.4319610595703 69.0615158081055 67.6877288818359 67.4727783203125 68.0520553588867 67.7926177978516 68.5317535400391 68.435432434082 67.8929824829102 67.412971496582 65.3860931396484 62.0816917419434 59.9236602783203 59.445873260498 58.9873008728027 58.8552093505859 58.6222534179688
66.8766479492188 67.556282043457 68.0791244506836 68.5240859985352 69.6814804077148 70.9133224487305 70.9248504638672 70.8684234619141 70.8013916015625 70.6914215087891 70.8858489990234 69.3934631347656 68.8148727416992 67.9405975341797 68.7166137695312 70.9225082397461 71.0741271972656 70.932014465332 70.2968063354492 69.8610076904297 71.2808609008789 70.0417633056641 66.1648635864258 68.1422882080078 70.9398651123047 70.4506759643555 69.5737228393555 69.4826812744141 66.9308624267578 63.7183837890625 65.2451629638672 68.4618682861328 69.6508407592773 68.9462814331055 67.9527359008789 67.6870651245117 68.4261322021484 68.3756256103516 68.6893997192383 68.7089233398438 68.5031967163086 67.6150360107422 66.0196685791016 64.318473815918 60.7881927490234 59.5287437438965 59.2205848693848 59.1130256652832 58.7771110534668
66.8782196044922 66.8932189941406 67.4923400878906 68.4887847900391 69.811393737793 70.8527450561523 70.8527069091797 70.6957778930664 70.7571716308594 71.1179504394531 71.1483459472656 70.024299621582 68.8108749389648 69.8673782348633 70.3797760009766 70.9436645507812 70.453857421875 71.037467956543 70.8147048950195 70.3196487426758 70.5600891113281 70.3897552490234 66.2312698364258 66.9056015014648 70.5321044921875 70.6206741333008 69.6207275390625 69.6382217407227 69.6839828491211 66.9668121337891 66.3791427612305 69.6158294677734 69.0544891357422 67.9874954223633 67.4034805297852 67.3792724609375 68.5193023681641 68.8227081298828 68.9762954711914 68.7426910400391 68.5738067626953 67.8717193603516 66.6404190063477 65.7302856445312 61.6371192932129 59.7081756591797 59.4954872131348 59.3037109375 58.8083305358887
