rcp4.5models/MPi_ESM_LR/sc1gr1.32
NCOLS 261 
NROWS 433 
XLLCORNER 336357.134 
YLLCORNER 654653.479 
CELLSIZE 1000 
NODATA_value -3.4e+38 
[rows 330 to 351 of 433, columns 147 to 195 of 261]
60.2544288635254 61.2333908081055 61.8132362365723 61.9511795043945 61.6473617553711 61.6966857910156 62.4831314086914 62.2277679443359 62.1404762268066 62.5418319702148 63.2146835327148 62.9940299987793 63.5530319213867 63.0794258117676 63.1956367492676 63.0053787231445 62.2808723449707 62.3461494445801 63.5181465148926 63.699031829834 63.2815017700195 62.8212623596191 64.9324722290039 65.5342788696289 65.177116394043 65.1091842651367 64.561408996582 64.1295013427734 62.6155586242676 61.7186965942383 63.6052856445312 64.2867584228516 64.6598968505859 64.2495574951172 64.1580581665039 63.5652923583984 63.9595108032227 63.4335403442383 63.5216522216797 63.329402923584 62.7933082580566 61.9379005432129 61.9001007080078 61.7391204833984 61.4105834960938 61.9382514953613 62.2503623962402 62.141902923584 60.9552154541016
59.8720588684082 61.0551300048828 61.6172790527344 61.8301048278809 61.9093818664551 61.6873512268066 62.2610282897949 62.2501258850098 62.188720703125 62.1533660888672 62.7100563049316 62.0460968017578 63.115894317627 62.946460723877 62.464469909668 62.4752655029297 62.5878677368164 62.9211883544922 63.3312225341797 62.9191207885742 62.900806427002 62.7693519592285 64.8375625610352 64.8512573242188 65.0109405517578 65.0519180297852 65.1986770629883 65.0407943725586 64.2923049926758 63.8439826965332 64.3969421386719 64.6697463989258 64.6632308959961 63.5268592834473 63.3872261047363 63.5656242370605 63.7192649841309 63.6743392944336 63.5165710449219 62.8630027770996 62.5298690795898 61.6896743774414 61.4461860656738 61.1230201721191 61.0971832275391 62.0346565246582 62.3337593078613 62.0119323730469 60.9520416259766
59.6352500915527 60.4468154907227 60.8976554870605 61.7723541259766 62.3256416320801 61.9246292114258 61.8799209594727 61.9762649536133 61.7868461608887 61.9280586242676 62.667121887207 61.4309005737305 62.0706443786621 62.8140869140625 62.6335563659668 62.4613952636719 62.3368797302246 62.3804168701172 62.2444839477539 62.3076362609863 62.2435455322266 62.9066123962402 64.4758071899414 64.7800140380859 65.4507675170898 65.0348129272461 64.7098617553711 64.8092803955078 64.9804534912109 64.5579147338867 64.5140686035156 64.5432205200195 64.5429916381836 63.1057205200195 63.059700012207 63.1025314331055 63.2388038635254 63.8509635925293 63.411506652832 62.6758918762207 62.3300590515137 61.8006591796875 61.0064315795898 60.532299041748 60.9546432495117 61.9569625854492 61.8157081604004 61.1317825317383 60.5957489013672
58.53271484375 58.2028198242188 58.8563423156738 61.1672515869141 62.1894836425781 62.0194511413574 62.1483917236328 62.1657943725586 61.7027740478516 62.2069625854492 63.2465057373047 61.4954566955566 61.4277801513672 62.6294708251953 63.0055046081543 62.1588973999023 61.6870613098145 61.3441123962402 60.9683723449707 61.1560974121094 61.6577758789062 63.0005187988281 64.3925323486328 64.7300567626953 65.6515884399414 65.3996734619141 64.2157821655273 64.2431106567383 64.7362289428711 64.2725982666016 64.5007705688477 64.3254165649414 64.2631912231445 63.105655670166 62.7734031677246 62.9515037536621 62.8928604125977 63.3883743286133 62.7444877624512 61.8395652770996 62.0720748901367 61.8171844482422 60.756519317627 60.6093902587891 61.2827377319336 61.6412467956543 61.2432289123535 60.8008308410645 60.4013175964355
58.3589096069336 58.0778961181641 58.3882942199707 60.5443840026855 61.8967475891113 62.1283378601074 62.298469543457 62.5755996704102 62.8018341064453 62.8184967041016 63.2029571533203 61.8790855407715 61.9028663635254 62.7797012329102 62.8694496154785 61.6800193786621 61.0426445007324 60.3188362121582 59.4716644287109 59.9195404052734 61.6482963562012 63.126895904541 63.2761001586914 64.1995391845703 65.5255813598633 65.3528289794922 64.1997833251953 63.7640838623047 64.198600769043 64.1864318847656 64.3871612548828 64.003059387207 63.6494560241699 63.1298713684082 62.380744934082 62.7751312255859 62.8789596557617 63.3239517211914 62.3581962585449 61.3590240478516 61.9287414550781 61.824821472168 60.696949005127 60.5863952636719 61.1893272399902 61.8356246948242 61.1272964477539 60.7704467773438 60.3629112243652
57.4074172973633 58.5275115966797 59.223217010498 60.5030136108398 61.7382888793945 62.0710296630859 62.5038833618164 63.0011711120605 63.174633026123 62.8708381652832 62.6317863464355 61.7784881591797 61.6085548400879 61.7844047546387 61.7228050231934 60.7537384033203 60.0285949707031 58.9487953186035 57.6720237731934 59.1711616516113 61.7630310058594 62.7808303833008 61.4519233703613 63.9001541137695 65.4834899902344 64.9994659423828 64.2169036865234 63.6966743469238 63.5956802368164 63.7687606811523 63.7041816711426 63.3616371154785 63.0434951782227 62.9831924438477 62.098575592041 62.4075660705566 62.9537467956543 63.236629486084 62.1583213806152 61.5368270874023 61.5739822387695 61.5492858886719 61.0806083679199 61.067985534668 61.1160011291504 62.0691757202148 61.049373626709 60.4805488586426 59.8023223876953
57.2703895568848 55.9255561828613 56.9668350219727 58.1423263549805 59.7572593688965 61.635181427002 62.7192993164062 62.5278205871582 61.9863929748535 61.7206382751465 62.4436416625977 61.4298820495605 60.1854286193848 59.7548484802246 58.6805000305176 58.3551483154297 58.0073585510254 56.6393051147461 55.9832954406738 56.6784019470215 57.9034957885742 59.9862403869629 62.9767913818359 65.1103591918945 65.3524322509766 64.88037109375 64.1228866577148 63.6517105102539 63.545051574707 63.0019149780273 63.0321006774902 62.8965339660645 62.7240600585938 62.6132850646973 62.483959197998 61.9058303833008 61.7770729064941 61.6670913696289 61.4924697875977 60.921070098877 61.1524925231934 61.0550842285156 61.0068168640137 61.0991706848145 61.2363510131836 62.310115814209 60.4216918945312 59.9630889892578 59.933910369873
60.9742088317871 58.8827056884766 58.4586219787598 57.2106513977051 59.1125526428223 61.0036582946777 60.9602661132812 60.9654922485352 61.3561668395996 61.4951400756836 62.1700744628906 60.7872314453125 59.7688674926758 58.8751564025879 58.9535369873047 59.6673126220703 59.6495666503906 58.1675033569336 56.9432945251465 57.2441825866699 58.7236480712891 60.3367729187012 63.6828918457031 64.6835632324219 65.0520477294922 64.7941360473633 63.8220863342285 63.3458595275879 63.5431098937988 62.7653884887695 63.0124664306641 63.2191543579102 63.1255340576172 62.8397445678711 62.4374313354492 62.1843376159668 61.8397598266602 61.4978637695312 61.4469528198242 60.8585777282715 60.8111381530762 61.1781311035156 60.7750854492188 60.755542755127 61.128662109375 61.690315246582 60.2536582946777 59.8682632446289 59.8912544250488
65.0752868652344 63.3374214172363 61.8138160705566 60.2816009521484 61.3678398132324 62.1784553527832 60.9625816345215 59.6292953491211 59.9840888977051 60.2375030517578 60.9743843078613 60.7266540527344 59.4698715209961 58.7598686218262 60.1657447814941 61.7917175292969 62.0233039855957 59.4666862487793 58.5029563903809 58.9426231384277 61.2711067199707 61.2092437744141 62.912181854248 64.7926254272461 64.8822250366211 64.6875991821289 63.834644317627 63.0520553588867 63.6073951721191 62.6314010620117 62.9081649780273 63.5046730041504 63.0216903686523 62.1219825744629 61.9597434997559 62.012134552002 62.0688285827637 61.1545867919922 61.0850639343262 60.9726295471191 60.8472366333008 61.36669921875 61.0921020507812 60.8569145202637 60.9983825683594 61.4659996032715 61.0994415283203 59.6664123535156 60.1139373779297
66.4389190673828 65.7557678222656 64.9393310546875 64.5905075073242 64.4679565429688 64.7578048706055 64.1069793701172 62.4215126037598 61.6924324035645 61.1703033447266 60.5960807800293 61.2097969055176 60.0571746826172 59.8359489440918 61.7263031005859 64.3003845214844 64.4340286254883 61.8977317810059 61.3395233154297 62.1798400878906 62.7879219055176 62.2097969055176 62.4406547546387 64.9708480834961 65.0580978393555 64.4456787109375 63.458911895752 62.7445259094238 63.0402641296387 62.5114479064941 63.0201148986816 63.3973197937012 62.4889793395996 61.7712593078613 62.1512603759766 61.8527908325195 61.7628517150879 61.4949378967285 61.2699089050293 61.166374206543 61.1243591308594 61.0592575073242 60.7384490966797 61.0129508972168 61.141845703125 61.5306663513184 61.3095245361328 60.0546035766602 59.9290618896484
67.0811386108398 66.4926147460938 66.3008651733398 66.1647491455078 66.0228805541992 66.4430770874023 66.601936340332 66.0942764282227 65.4702911376953 64.6171798706055 63.3724136352539 63.5867118835449 63.0886878967285 63.0133171081543 64.2544708251953 65.9113922119141 65.5141220092773 64.1975402832031 64.181999206543 65.0313262939453 64.360710144043 63.7809448242188 63.0967712402344 64.7934951782227 64.7989120483398 64.2037658691406 63.064811706543 62.5402183532715 62.4608497619629 62.702880859375 62.7087326049805 62.5727996826172 62.3199119567871 62.3579750061035 62.0915412902832 61.7324523925781 61.6697120666504 61.6383399963379 61.4262237548828 61.2348365783691 61.2124633789062 60.9930992126465 60.6156349182129 60.5699844360352 60.8695030212402 60.8935813903809 60.7193222045898 60.2098693847656 59.8700523376465
67.2347640991211 66.5786819458008 66.3238067626953 66.565673828125 66.530891418457 66.4404907226562 66.5865631103516 66.6046981811523 66.5749206542969 66.2669982910156 66.0645446777344 65.6120223999023 65.761604309082 65.6767120361328 65.8065032958984 66.061408996582 66.0956268310547 65.5119247436523 65.3549728393555 65.336799621582 65.2074813842773 64.9360733032227 64.1477279663086 64.6648941040039 64.5752258300781 64.1289825439453 63.2597160339355 62.5180320739746 62.6701622009277 62.9150505065918 62.7624359130859 62.6376342773438 62.5025291442871 62.6162300109863 62.0627861022949 61.5533981323242 61.6281051635742 61.4447059631348 61.289005279541 60.9006881713867 60.7483863830566 61.0666847229004 61.0139999389648 60.7556114196777 60.6698608398438 60.4459495544434 60.4847946166992 59.9922943115234 59.7966804504395
67.0840911865234 66.7434539794922 66.3155288696289 66.5676116943359 66.5279541015625 66.2688827514648 66.1891250610352 66.2409515380859 66.4190368652344 66.4484481811523 66.3683776855469 66.0020523071289 66.2914810180664 65.9419326782227 65.7910461425781 65.7744522094727 65.9803009033203 65.8972396850586 65.651725769043 65.401123046875 65.3348846435547 65.2440490722656 65.0119934082031 64.7677536010742 64.3233032226562 64.0860595703125 63.2183418273926 62.4901313781738 62.8511962890625 62.6907615661621 62.7044830322266 63.0041275024414 62.3566780090332 62.3142852783203 62.0906791687012 61.5659065246582 61.3213386535645 61.3239250183105 61.3683700561523 61.0989151000977 60.8942718505859 60.9795455932617 61.3130111694336 61.255989074707 60.7429084777832 61.4195365905762 60.5547828674316 59.866626739502 59.692699432373
66.9554595947266 67.0090179443359 66.788932800293 66.5503692626953 66.5781326293945 66.4913177490234 66.4745864868164 66.3347015380859 66.2653732299805 66.1377868652344 66.0158309936523 66.0691757202148 66.2102279663086 66.0075149536133 65.8626251220703 65.6520233154297 65.6350860595703 65.8930206298828 65.6401519775391 65.4112701416016 65.5337219238281 65.2303314208984 65.5138168334961 65.0522766113281 64.6094589233398 64.0963516235352 63.0156288146973 62.838451385498 62.8110008239746 62.5989418029785 62.4354019165039 62.5639343261719 62.3561668395996 62.1052665710449 61.8180809020996 61.4917297363281 61.2835693359375 61.4236030578613 61.4745216369629 61.2979278564453 60.8036880493164 60.8612174987793 61.4330444335938 61.2599487304688 60.7914428710938 61.6125450134277 61.00439453125 60.0381202697754 59.5536270141602
66.795036315918 67.0900650024414 66.9943389892578 66.6139221191406 66.9165344238281 66.6015472412109 66.3458938598633 66.4102554321289 65.9228286743164 65.6022338867188 65.6810455322266 65.5541229248047 65.7150421142578 65.5849914550781 65.5772476196289 65.5562973022461 65.6800384521484 65.7510986328125 65.5026626586914 65.3605575561523 65.5381622314453 65.3634796142578 65.1343688964844 64.8526000976562 64.5384140014648 63.8315925598145 62.921142578125 62.841667175293 62.5365447998047 62.104320526123 62.0503616333008 62.269645690918 62.3249130249023 61.8785972595215 61.7497253417969 61.5779113769531 61.4963111877441 61.4689674377441 61.316349029541 61.0770797729492 60.6987724304199 61.0869216918945 61.066234588623 60.6933631896973 60.6965522766113 60.778938293457 60.8393974304199 60.3011360168457 59.7744941711426
66.7860641479492 66.6836242675781 66.5094528198242 66.4661178588867 66.9440078735352 66.4605102539062 65.8170623779297 65.6124649047852 65.3744812011719 65.4053497314453 65.5396575927734 65.4752807617188 65.6700057983398 65.5036926269531 65.5346069335938 65.6267547607422 65.7014083862305 65.3433227539062 65.1436767578125 65.1938705444336 65.2301177978516 65.4863510131836 64.4762191772461 64.5091094970703 64.2600326538086 63.7808303833008 63.2792205810547 62.8421096801758 62.3237953186035 62.0517044067383 62.0143508911133 62.5960578918457 62.057186126709 61.5915031433105 61.6822853088379 61.6615180969238 61.5884857177734 61.4150314331055 61.4818801879883 61.0234680175781 61.0246734619141 61.2010955810547 60.3372955322266 60.0978393554688 60.4947700500488 60.7627601623535 60.775260925293 60.2202186584473 60.060863494873
66.798828125 66.5321807861328 66.2002258300781 66.1103515625 66.1772155761719 65.9070281982422 65.6476211547852 65.3613357543945 65.3078308105469 65.4174346923828 65.8247604370117 65.8797454833984 65.9281997680664 65.799919128418 65.7183227539062 65.8270950317383 66.0900726318359 65.676513671875 65.4179153442383 65.3813171386719 65.0305633544922 64.9698867797852 64.4672698974609 64.5118789672852 63.9313087463379 63.6760597229004 63.3768081665039 62.7002334594727 62.3400001525879 62.5939903259277 62.6573028564453 63.0732955932617 61.9785690307617 61.8455085754395 61.7453880310059 61.7942581176758 61.457763671875 61.2349662780762 61.3274574279785 60.8756828308105 60.7823944091797 60.8472747802734 60.5570220947266 60.7426414489746 60.9407157897949 60.7266387939453 61.3514862060547 60.4361267089844 60.300178527832
66.9693222045898 66.6834487915039 66.5191497802734 66.2241592407227 65.8457260131836 65.685546875 65.79931640625 65.5607604980469 65.3553161621094 65.2599868774414 65.5478744506836 65.6626129150391 65.7794799804688 65.8499526977539 65.6452941894531 65.4103469848633 65.6222381591797 65.7041854858398 65.9166870117188 65.6287231445312 65.135383605957 64.7256774902344 64.546745300293 63.9986305236816 63.4139404296875 63.2581787109375 62.9087295532227 62.2805595397949 62.2767906188965 62.4540481567383 62.8534965515137 63.4359893798828 62.6715850830078 62.0439567565918 61.9704322814941 61.8535499572754 61.538402557373 60.9392890930176 60.7660789489746 60.7239456176758 60.8425750732422 60.7988739013672 61.0394515991211 61.1631965637207 60.8216323852539 60.5497589111328 61.0574111938477 60.5927391052246 60.4781303405762
66.8110733032227 66.7959594726562 66.6041259765625 66.6681060791016 66.3652267456055 66.2388610839844 66.1455993652344 65.6196060180664 64.9724502563477 64.8745651245117 65.0690155029297 65.200065612793 65.2426834106445 64.9772644042969 65.0923004150391 64.9011154174805 65.1315307617188 65.1414184570312 65.301383972168 65.3542175292969 64.7103729248047 64.4501266479492 64.1912612915039 63.7566223144531 63.3806915283203 63.3064231872559 62.9662475585938 62.3617057800293 62.050853729248 62.041862487793 61.9618911743164 61.8427810668945 61.8190155029297 61.5568809509277 61.837718963623 61.5961303710938 61.9978065490723 61.4583435058594 60.7712135314941 61.0036506652832 60.780834197998 60.7931594848633 60.9812316894531 60.7202224731445 60.202449798584 60.3456993103027 60.7026290893555 60.8049545288086 60.2103576660156
66.908073425293 66.4877166748047 65.9493179321289 66.0142211914062 66.045280456543 66.0265579223633 65.3216552734375 65.0027694702148 64.8968505859375 64.7193832397461 64.7389221191406 65.4851226806641 65.3046875 64.8586502075195 64.6892700195312 64.7285003662109 64.7915878295898 64.6134796142578 64.7793579101562 64.5490951538086 64.5407943725586 64.3106002807617 64.0221557617188 63.614086151123 63.3141860961914 63.3348770141602 62.9309310913086 62.456356048584 62.0013046264648 62.2080879211426 61.9195404052734 61.5158309936523 61.3966636657715 61.5080986022949 61.690055847168 61.5404052734375 61.7371559143066 61.6396675109863 60.9452476501465 60.832389831543 60.793155670166 60.8520240783691 60.9889678955078 60.5661888122559 60.2990531921387 60.2754592895508 60.6744651794434 60.4759864807129 60.2251205444336
66.6194610595703 66.3568267822266 65.7624435424805 65.2549209594727 65.1777191162109 65.0841751098633 64.4194869995117 64.6566390991211 65.0865631103516 64.8991088867188 64.7065200805664 65.5338592529297 65.3719329833984 64.8752365112305 64.7371597290039 64.8436965942383 64.3249969482422 64.0316619873047 64.281120300293 64.5715560913086 64.4727325439453 64.2948455810547 63.9030342102051 63.9454116821289 63.4157180786133 62.6745834350586 62.2543144226074 62.3593711853027 62.1822471618652 62.2126502990723 61.8343620300293 61.3727722167969 61.3542671203613 61.5578651428223 61.8364028930664 61.7276573181152 61.6132545471191 61.5511016845703 61.0131378173828 60.8700675964355 60.8470649719238 60.9092292785645 60.9372367858887 60.670581817627 60.4422988891602 60.0955390930176 60.0061111450195 59.917236328125 59.9571189880371
66.4173431396484 66.4865798950195 65.9463195800781 65.2364654541016 64.9843292236328 64.8226013183594 64.7120513916016 64.9102630615234 65.0842742919922 64.8598709106445 64.6926422119141 65.4437866210938 65.5400772094727 65.0339584350586 65.0805816650391 64.8589859008789 64.2406463623047 63.7546653747559 63.8009643554688 64.0797348022461 64.1890335083008 64.0739135742188 63.8913688659668 64.0028533935547 63.3525352478027 62.3199653625488 62.068172454834 62.346508026123 62.3681907653809 61.7282218933105 61.6215858459473 61.2483406066895 61.5363502502441 -3.4e+38 61.7895736694336 61.7009582519531 61.7282180786133 -3.4e+38 60.8094444274902 60.8368530273438 60.8147048950195 60.2075042724609 60.1902275085449 60.6185188293457 60.3808898925781 60.0485572814941 59.6976661682129 59.961498260498 59.9154205322266
