rcp4.5models/MPi_ESM_LR/sc1gr4.10
NCOLS 261 
NROWS 433 
XLLCORNER 336357.134 
YLLCORNER 654653.479 
CELLSIZE 1000 
NODATA_value -3.4e+38 
[rows 110 to 131 of 433, columns 49 to 97 of 261]
279.624053955078 279.805786132812 280.001739501953 280.026489257812 280.002624511719 279.899658203125 279.704956054688 280.185333251953 280.243835449219 280.014892578125 279.860015869141 280.057189941406 280.110046386719 280.035064697266 279.801666259766 279.595855712891 279.026336669922 279.180755615234 279.005523681641 279.088775634766 278.724853515625 279.031707763672 278.807220458984 278.644561767578 278.748809814453 278.834014892578 278.641143798828 279.226745605469 279.511108398438 278.870788574219 278.661010742188 278.807556152344 278.227905273438 278.327606201172 277.861450195312 277.361389160156 277.200103759766 277.874908447266 278.894775390625 278.672058105469 278.649719238281 278.684173583984 278.594116210938 278.843719482422 278.670074462891 279.572204589844 279.585845947266 279.605072021484 279.459899902344
279.734069824219 279.918975830078 279.944488525391 279.965515136719 279.864227294922 279.716064453125 279.927795410156 280.094604492188 280.10595703125 279.785980224609 279.985687255859 280.089202880859 280.213043212891 280.260040283203 279.933715820312 279.813110351562 279.45703125 279.488891601562 278.938781738281 279.038055419922 278.816955566406 278.698547363281 278.841918945312 278.470306396484 278.730285644531 278.735229492188 278.144805908203 279.106384277344 279.518676757812 279.180725097656 278.832763671875 278.534484863281 278.202880859375 278.108489990234 277.762512207031 277.567230224609 277.423461914062 277.843078613281 278.1123046875 278.244445800781 277.942626953125 278.099060058594 278.5849609375 278.586669921875 279.208923339844 279.559661865234 279.559814453125 279.402526855469 279.511932373047
279.839202880859 279.904388427734 279.927429199219 279.827117919922 279.680389404297 279.894653320312 280.002136230469 280.030090332031 279.802825927734 279.723205566406 280.062835693359 280.0712890625 280.121551513672 279.889007568359 279.573883056641 279.867523193359 279.702484130859 279.582885742188 279.369049072266 279.083618164062 279.115356445312 278.574676513672 278.666381835938 278.619842529297 278.711517333984 278.654968261719 277.903961181641 278.710968017578 279.297485351562 278.958099365234 278.809844970703 278.397369384766 277.963775634766 277.895599365234 277.931304931641 277.989898681641 277.772369384766 277.786010742188 277.615783691406 277.656188964844 277.744110107422 277.585083007812 277.856903076172 278.495635986328 278.923858642578 278.798461914062 278.821258544922 279.236724853516 279.483062744141
280.107818603516 279.890930175781 279.666900634766 279.642211914062 279.738525390625 279.846588134766 279.86376953125 279.891845703125 279.694122314453 279.942413330078 280.045288085938 280.051147460938 279.939666748047 279.849456787109 279.874420166016 280.019714355469 279.959564208984 279.571990966797 279.571075439453 279.636169433594 279.525451660156 278.553436279297 278.554443359375 278.704559326172 278.695159912109 278.636871337891 277.879730224609 278.535552978516 279.172058105469 278.790557861328 278.868072509766 278.706939697266 278.207855224609 278.025817871094 278.472381591797 278.58203125 278.293853759766 277.702239990234 277.881286621094 277.520568847656 277.71826171875 277.477203369141 277.520904541016 278.511291503906 278.362182617188 278.499450683594 278.818420410156 279.358184814453 279.476440429688
279.687530517578 279.624786376953 279.681640625 279.580474853516 279.643951416016 279.783843994141 279.920532226562 279.709289550781 279.796264648438 280.016571044922 279.910675048828 280.029937744141 279.765014648438 280.11962890625 280.285247802734 280.290435791016 280.398834228516 280.250457763672 279.891357421875 279.758666992188 279.546325683594 278.536529541016 278.532165527344 278.580688476562 278.665679931641 278.413421630859 277.955932617188 278.289611816406 278.795684814453 279.008361816406 -3.4e+38 279.206970214844 278.910491943359 278.693298339844 278.74853515625 278.386260986328 278.358245849609 277.83642578125 277.942840576172 277.649230957031 277.634552001953 278.001647949219 278.016998291016 278.287261962891 277.767395019531 278.424591064453 278.678283691406 279.551147460938 279.510284423828
280.311340332031 279.880310058594 279.768646240234 279.877197265625 279.941467285156 280.004425048828 279.930480957031 280.005676269531 280.018676757812 280.053771972656 280.087707519531 280.118560791016 280.173736572266 280.23388671875 280.461608886719 280.352783203125 280.407257080078 280.523895263672 280.6796875 280.574493408203 279.727844238281 279.538330078125 279.063537597656 278.511505126953 278.077423095703 278.695770263672 278.720092773438 278.511932373047 278.616882324219 278.302398681641 278.488464355469 278.988098144531 279.084869384766 279.202819824219 278.989685058594 278.6025390625 278.460601806641 278.736358642578 278.693115234375 278.683898925781 278.798828125 278.455780029297 -3.4e+38 277.919311523438 277.324859619141 277.587615966797 278.414459228516 278.87841796875 278.700439453125
280.169860839844 279.817108154297 279.960906982422 280.10205078125 279.8779296875 279.895629882812 279.911987304688 279.940399169922 279.953430175781 280.009948730469 279.976684570312 280.153656005859 280.382598876953 280.170013427734 280.486907958984 280.224914550781 280.452423095703 280.513122558594 280.547210693359 280.484100341797 280.253173828125 279.743743896484 279.325592041016 278.497253417969 278.943939208984 279.337768554688 279.216369628906 279.147308349609 279.0556640625 278.782501220703 278.902252197266 278.762390136719 279.001953125 279.034729003906 -3.4e+38 278.715087890625 278.759185791016 278.927947998047 278.804016113281 278.671234130859 278.536743164062 278.227294921875 278.329925537109 278.136657714844 277.836212158203 278.093139648438 278.082824707031 278.259582519531 278.300842285156
280.231658935547 280.166900634766 280.35302734375 280.172271728516 279.980804443359 279.998016357422 280.008880615234 279.923919677734 280.053131103516 280.054870605469 -3.4e+38 -3.4e+38 279.778289794922 280.265472412109 280.474487304688 280.384552001953 280.487426757812 280.597900390625 280.479766845703 280.476470947266 280.466674804688 280.352203369141 280.036651611328 279.358367919922 279.403106689453 279.595489501953 279.525360107422 279.396850585938 279.224884033203 279.161254882812 279.321258544922 279.004699707031 279.079864501953 278.940490722656 278.757904052734 279.072448730469 279.009796142578 278.993591308594 278.5556640625 278.374755859375 278.283294677734 277.915313720703 278.347259521484 278.497894287109 278.134033203125 278.739288330078 278.461608886719 277.921722412109 278.216918945312
280.503051757812 280.525268554688 -3.4e+38 280.273071289062 279.88427734375 279.784423828125 279.918151855469 280.023406982422 280.07861328125 279.960052490234 279.489532470703 279.702423095703 279.575866699219 279.817352294922 279.758728027344 279.764007568359 279.775421142578 279.945922851562 280.461395263672 280.464447021484 280.564270019531 280.494842529297 280.356842041016 279.872955322266 279.773803710938 279.925933837891 280.005554199219 279.841735839844 279.843719482422 279.923004150391 279.519226074219 279.187072753906 279.552337646484 279.348815917969 279.015808105469 278.892974853516 278.754180908203 279.003753662109 278.813903808594 278.734313964844 278.711822509766 278.507720947266 278.811004638672 278.936645507812 278.655883789062 279.022796630859 278.794158935547 278.157928466797 278.681854248047
280.817565917969 280.839508056641 -3.4e+38 -3.4e+38 -3.4e+38 279.800048828125 280.216644287109 279.9248046875 279.703491210938 279.664703369141 279.535766601562 279.590667724609 279.597442626953 279.596374511719 279.440460205078 279.438232421875 279.326080322266 279.282165527344 280.008880615234 280.449157714844 280.598815917969 280.54345703125 280.533416748047 280.472229003906 280.3447265625 280.17138671875 280.094787597656 279.933227539062 279.971710205078 280.072204589844 279.652557373047 279.700042724609 279.86279296875 -3.4e+38 279.081451416016 278.581787109375 278.330841064453 278.466461181641 278.466918945312 278.645874023438 278.770721435547 279.173645019531 279.069030761719 279.442535400391 279.245178222656 279.060363769531 278.848968505859 278.640472412109 278.973907470703
280.884918212891 280.784729003906 280.685089111328 -3.4e+38 -3.4e+38 279.578430175781 279.621368408203 280.0751953125 279.080505371094 279.553802490234 279.563232421875 279.567047119141 279.460754394531 279.464599609375 279.400634765625 278.957000732422 278.909362792969 278.86767578125 279.565948486328 280.202239990234 280.369659423828 280.577972412109 280.582641601562 280.726715087891 280.651550292969 280.423583984375 280.253509521484 280.180877685547 280.055541992188 279.768859863281 279.87060546875 280.066436767578 280.052886962891 279.122894287109 278.951171875 278.955596923828 278.758361816406 278.155181884766 278.203308105469 278.766815185547 278.808013916016 279.596405029297 279.063049316406 279.490081787109 279.191864013672 278.952911376953 278.907958984375 279.187713623047 279.49658203125
280.985809326172 280.599639892578 280.577453613281 280.6044921875 280.992370605469 279.342651367188 279.196624755859 279.327239990234 278.874267578125 279.41162109375 279.298675537109 279.097381591797 279.504577636719 279.397674560547 279.398040771484 279.319122314453 279.294982910156 278.843597412109 279.100708007812 279.750427246094 280.124114990234 280.234008789062 280.451263427734 280.607299804688 280.690856933594 280.548492431641 280.769348144531 280.416900634766 280.028167724609 279.77880859375 280.090179443359 279.385803222656 279.882385253906 279.490905761719 278.991943359375 279.041290283203 278.714874267578 278.521453857422 278.231689453125 279.111419677734 278.901184082031 279.803009033203 279.476593017578 279.260864257812 279.335479736328 278.897430419922 279.036743164062 279.579254150391 279.893310546875
281.012664794922 280.902404785156 280.783203125 279.725006103516 279.634918212891 279.273773193359 279.008758544922 278.994049072266 279.080017089844 279.218933105469 278.946075439453 278.756103515625 278.971282958984 279.383575439453 279.501434326172 279.546234130859 279.427368164062 279.208557128906 279.020202636719 279.360626220703 279.931732177734 279.934265136719 280.056335449219 280.426177978516 280.576751708984 280.668609619141 281.170867919922 280.573699951172 280.27197265625 279.813171386719 280.10888671875 279.705352783203 279.961334228516 280.029205322266 279.409545898438 278.980834960938 278.825744628906 278.964385986328 278.692993164062 279.117462158203 279.018188476562 279.942840576172 279.961639404297 279.662506103516 279.821807861328 279.414642333984 279.558288574219 279.740570068359 279.752807617188
280.993133544922 280.883544921875 280.244506835938 279.389862060547 279.311370849609 279.01416015625 278.827239990234 278.973602294922 279.027435302734 278.916137695312 278.717590332031 278.668762207031 278.460906982422 278.671478271484 278.953430175781 279.0595703125 278.892364501953 278.654571533203 278.342437744141 278.336242675781 279.102966308594 279.635986328125 279.755554199219 280.00732421875 280.089904785156 280.607666015625 281.293853759766 281.064208984375 280.814147949219 279.780181884766 279.956420898438 279.851776123047 279.938629150391 279.976623535156 279.878326416016 278.862152099609 278.822814941406 279.419555664062 279.373687744141 279.551177978516 279.282257080078 279.888610839844 279.997650146484 279.908721923828 279.809295654297 279.631134033203 279.908447265625 279.790252685547 279.808715820312
280.849822998047 280.694519042969 280.006652832031 279.490539550781 279.377014160156 278.906616210938 278.882781982422 279.080108642578 279.295166015625 278.687805175781 278.651062011719 278.643676757812 278.338623046875 278.478515625 278.899108886719 278.720825195312 278.559936523438 278.457763671875 278.002563476562 277.893585205078 278.595031738281 279.077880859375 279.466522216797 279.821868896484 279.840240478516 280.214202880859 281.080261230469 281.175811767578 281.167846679688 279.856414794922 279.886291503906 279.834564208984 279.977569580078 280.056671142578 279.899505615234 278.719024658203 279.021179199219 279.706207275391 279.790802001953 279.862152099609 279.785980224609 279.996337890625 279.914215087891 279.798583984375 279.797302246094 279.737213134766 279.870483398438 279.881744384766 279.854949951172
280.906005859375 280.632385253906 280.105224609375 279.517761230469 279.473022460938 278.891967773438 279.025634765625 279.144958496094 280.22509765625 279.105224609375 279.332794189453 279.210144042969 278.894683837891 278.830688476562 278.75146484375 278.649780273438 278.494934082031 278.517761230469 278.021667480469 278.417236328125 278.714019775391 278.732025146484 279.140960693359 279.811737060547 279.901702880859 279.868225097656 280.225463867188 280.90966796875 281.235229492188 279.878448486328 279.77490234375 279.862762451172 279.925872802734 280.124237060547 279.7958984375 279.305541992188 279.669616699219 280.007690429688 280.388214111328 280.194427490234 280.314086914062 280.296966552734 280.128479003906 280.101959228516 279.879699707031 279.999450683594 279.810150146484 279.919403076172 279.841766357422
280.562774658203 279.817138671875 279.444427490234 278.996337890625 279.081329345703 279.354827880859 279.542327880859 279.412536621094 278.858764648438 278.867248535156 278.800933837891 279.067352294922 278.872467041016 279.151306152344 278.736145019531 278.784210205078 278.591400146484 279.044372558594 278.640014648438 278.196197509766 278.030670166016 279.032836914062 279.333221435547 278.872894287109 278.920806884766 279.4921875 279.756958007812 280.032531738281 280.841461181641 280.853698730469 280.366729736328 280.223266601562 280.416656494141 280.488800048828 280.411529541016 280.2802734375 280.611724853516 280.63525390625 280.502471923828 280.0244140625 280.169006347656 280.058441162109 280.134857177734 280.204986572266 280.341644287109 280.403106689453 280.058532714844 279.973968505859 279.979095458984
280.768615722656 279.461853027344 279.433258056641 279.271148681641 279.150146484375 279.327545166016 279.331085205078 278.878509521484 278.5556640625 278.678619384766 278.693023681641 278.782135009766 278.597076416016 278.789916992188 278.765563964844 278.814270019531 278.7470703125 278.290985107422 278.066223144531 278.500274658203 278.488433837891 278.412475585938 278.447540283203 278.851440429688 278.810974121094 279.060577392578 279.637573242188 279.949462890625 280.169189453125 280.681579589844 280.743041992188 280.607421875 280.817565917969 280.632141113281 280.413421630859 280.419769287109 280.610595703125 280.635986328125 280.195495605469 279.638946533203 279.928131103516 279.654022216797 279.878204345703 280.007904052734 280.325592041016 280.413269042969 280.238555908203 280.180511474609 280.055236816406
279.885101318359 279.520355224609 279.536193847656 279.421112060547 279.004791259766 279.06689453125 279.11181640625 279.733337402344 279.348358154297 279.197998046875 279.492462158203 278.714569091797 278.571990966797 278.682739257812 278.602935791016 278.278656005859 278.242126464844 278.480804443359 278.306518554688 278.231475830078 278.809204101562 278.267395019531 277.975738525391 278.233520507812 278.427459716797 278.937286376953 279.579498291016 279.992858886719 279.753753662109 280.014312744141 280.683685302734 280.653350830078 280.882720947266 280.403533935547 279.918579101562 280.343414306641 280.09814453125 280.093872070312 279.777496337891 279.494323730469 279.723327636719 279.436065673828 279.467254638672 279.811004638672 280.399261474609 280.381561279297 280.071899414062 279.780029296875 279.864654541016
280.349609375 279.540435791016 279.4423828125 279.417572021484 279.423614501953 279.55908203125 279.688812255859 279.086944580078 278.959991455078 278.929779052734 279.724273681641 279.403350830078 279.311981201172 278.604766845703 278.660125732422 278.483764648438 278.036163330078 278.397521972656 278.429626464844 278.277130126953 278.742218017578 278.340179443359 277.878112792969 277.902008056641 278.249237060547 278.775634765625 279.117095947266 279.591705322266 279.870788574219 280.030151367188 280.613830566406 280.61083984375 280.676879882812 280.470245361328 280.162292480469 279.917938232422 279.889495849609 280.221221923828 280.057464599609 280.060333251953 279.938262939453 279.605712890625 279.202087402344 279.466583251953 279.7333984375 279.818176269531 279.433776855469 279.516845703125 279.559661865234
280.630828857422 279.635009765625 279.373413085938 279.316040039062 280.159027099609 279.619415283203 279.094787597656 278.636169433594 278.536376953125 278.571990966797 279.006561279297 279.566070556641 279.55029296875 279.238067626953 279.395568847656 279.381683349609 279.16796875 278.885803222656 278.724395751953 278.843811035156 279.021484375 278.729705810547 277.868408203125 277.973876953125 278.08154296875 278.239929199219 278.443420410156 279.040435791016 279.534515380859 280.457397460938 280.582763671875 280.420349121094 280.082916259766 280.544464111328 280.476776123047 280.123504638672 280.277374267578 280.441619873047 280.253448486328 280.038665771484 279.648254394531 279.382751464844 279.153411865234 279.208099365234 279.360473632812 279.303375244141 279.068450927734 279.283935546875 279.257354736328
280.506805419922 280.006561279297 279.393585205078 280.152435302734 279.667938232422 279.560821533203 279.208526611328 278.500579833984 278.474273681641 278.591400146484 278.529907226562 278.474304199219 278.944091796875 279.246917724609 278.869842529297 278.911041259766 279.329010009766 279.178833007812 279.198852539062 279.219451904297 278.9501953125 278.821655273438 278.067779541016 278.099517822266 277.990875244141 277.999084472656 278.230773925781 279.057464599609 279.435607910156 280.299133300781 280.557098388672 280.341461181641 279.962005615234 280.214599609375 280.311004638672 280.449493408203 280.450592041016 279.679656982422 280.268310546875 280.285491943359 279.931488037109 279.170501708984 279.248321533203 279.327362060547 279.378570556641 279.181121826172 279.017913818359 279.055053710938 279.037567138672
