rcp4.5models/MPi_ESM_LR/sc1gr8.6
NCOLS 261 
NROWS 433 
XLLCORNER 336357.134 
YLLCORNER 654653.479 
CELLSIZE 1000 
NODATA_value -9999 
[rows 308 to 329 of 433, columns 100 to 149 of 261]
153.040422217463 161.269751363141 160.947174977263 164.093713860219 166.199247533974 162.852724834421 161.193784105003 165.980909713952 161.423834292663 151.374210796005 146.620728797269 137.393893158414 139.238412628994 152.276475773985 157.88955323883 170.832647752113 182.802838051352 177.657221211305 177.004481754665 173.25471918028 171.062043096233 168.373035252835 183.128166945645 193.232396836013 198.052994651683 193.939233036342 194.360505621415 200.476828791918 194.067030115029 198.033555916369 203.599096739016 221.275015581125 225.274547522173 191.668257787158 180.04551152845 208.871479380967 243.758597406997 225.174238417106 216.080603807259 216.865733853972 218.420589261264 222.560456736048 218.214685863469 216.155149890687 215.930031627222 217.685545205714 203.898708198115 203.656127917037 198.973416441585 174.03222165308
146.756800068036 151.963134115939 158.263626859093 153.67032792877 160.34194362418 165.816312542216 166.837464428545 166.401428337813 148.396958635491 130.227697060639 128.999743661039 129.786661001219 144.379910432294 162.91302388032 170.984139743418 171.76335523872 172.676607291456 161.401514071607 162.178924877155 159.459008317405 163.165026504196 170.903475545336 184.144328937171 187.902353542024 198.798436756126 188.716696063594 191.770944949641 194.337885079451 183.188809463024 192.235481858387 202.684136583921 215.71893834297 202.897187213324 184.621413853701 177.614244411679 190.188675587918 216.918405544299 225.950431125374 223.880203374881 217.688223654952 220.142190024356 207.377299344106 197.239170463723 199.802591207746 206.985624683899 209.902943377327 201.032054076574 204.350602720341 190.145683074673 165.006463366626
137.319098829553 141.607159977578 157.689232075998 150.010343385212 150.827893747733 159.795140940476 161.467109366131 160.05618124089 140.18304446828 128.518469198256 130.707634642746 132.611903916604 151.316964519104 168.708772838678 178.398691087998 180.267863489125 178.64080637727 176.463547273253 170.18110047336 161.072086532563 170.613916652765 178.111823742568 180.079901556284 171.032384578801 200.116947029066 186.500760941988 184.355630530851 193.045450346362 180.122463474955 184.587678248006 192.660903178903 199.267125330218 186.017131511193 175.264094929286 173.357417849461 176.987307532004 185.20795776658 200.391944749867 214.788744121515 215.056734490849 212.085328381273 202.265254207732 187.493364362325 194.054375013995 200.788672934852 200.216271848407 207.797020658906 204.208639092346 184.82588161289 164.773240507432
135.967792451601 135.016527198671 148.143466492503 150.011973822084 147.756406272346 154.428746069465 149.576734502961 145.212840269522 131.833608277496 127.995914467606 133.175249317833 139.580285504518 149.985246419059 164.203970417143 172.367754738442 172.335564857319 179.784914427425 184.645525206681 172.233018846734 163.195447960221 172.714732250356 176.122163913628 182.584780649369 183.123744544731 200.409636568086 193.13678439876 184.949847113699 190.750221843763 184.268374960379 172.504816382836 175.456289542955 180.981391978959 182.534093684623 176.131527983542 171.928539614053 175.559716997771 176.812983142979 181.608389203012 196.789008739552 207.686770920709 197.528488052173 191.372423445255 185.028355384209 188.767228397998 193.588556813372 196.164231880352 213.974829332269 202.14056466817 184.221747674444 166.842587969418
141.432872682551 131.737091795919 139.642541050542 148.877674696626 147.146487189189 151.735831674361 141.548853885948 134.085420171264 131.317628922651 133.655529913717 141.736245041074 150.431876796845 152.983234831592 167.301742965403 166.545075448954 156.38287622958 163.386049695745 166.940255220787 162.687758503439 158.020183397835 166.576387855716 168.539300591085 175.348406969508 191.214572182559 179.626967036477 179.845381612295 175.874268043422 178.068116165519 188.818622080936 188.435214644124 179.582545126001 172.826646438125 173.989359959542 174.388562709779 171.829499592575 176.604652401653 177.477452051323 179.362850208285 185.725110806698 189.554022847175 185.001582931664 182.301748101433 184.061088904107 185.194828331371 189.209276829895 201.694607606331 210.563920740207 196.652709438527 184.216823750393 168.004654844167
145.46310315159 133.344310560189 136.76821163913 140.645838017557 137.685567516967 135.364993587925 139.912052695463 139.189854656671 147.9707677216 159.941066912782 164.395002914488 159.573323979134 160.470868014315 155.913559266856 144.661177963301 141.035995967734 143.476030394588 148.131082959025 151.250788912257 152.916335685418 161.568311189384 162.451071625282 163.444873793114 180.907084112234 175.146664967991 183.17322629028 181.967513418087 177.452302561874 184.319600221478 195.122030560546 189.739403255901 175.003814321397 166.492640198027 165.409841899981 165.550140206502 171.300782186499 175.638438069304 179.114490518299 181.064634223989 182.533133586245 181.587745620349 179.925709628635 180.380775682199 181.548036373098 183.655969538984 186.473768856391 212.832168766848 204.663309570626 190.975310592319 185.886056828227
148.009684349454 143.09958076137 142.680725538597 138.378946427657 136.228126022309 137.021467612612 136.84983732359 139.299123014039 151.315991958697 159.317520680085 159.728798046572 161.296035381498 157.187819581604 147.985814652267 136.622535658448 140.195072668457 145.440121398216 150.155613628383 156.058857567817 156.954534449228 160.552529007811 160.797476859049 161.459767029864 169.194620146676 161.478456109837 170.814426258485 167.203517158684 164.936277103051 169.664147616669 174.808553732243 169.199732591175 165.173781403137 164.397577570861 163.782509914949 164.51881959748 169.57318657701 171.42717908626 175.256864556488 178.333799027751 180.491912138144 179.810461765618 178.168645404834 178.419143117571 180.049162917009 181.922351456868 183.995354450274 200.525185251469 205.151050784044 206.183662990906 191.853715480057
148.873222906977 142.142450739994 147.367294688332 145.460785650881 140.263912819771 141.593711916648 139.478199827241 137.320301204688 149.626676152 151.791460506147 146.882309828235 153.213220826256 158.757587891224 146.175876846228 134.147025129848 139.480680419987 144.766535300737 144.454915458751 151.63172841693 155.939008930442 155.235318282274 154.250651761138 158.970719630366 162.503874774571 160.366554583728 161.487749200189 152.591671043695 153.021721509535 154.529192610216 156.558460981643 157.760376031943 159.222044655231 160.761155349977 161.723987128171 164.660103850667 168.188866925088 167.77107022255 169.891077446764 174.119227644189 177.10341471754 177.294128733014 176.496243051573 176.521170696762 178.504449537705 180.928566535314 182.737009939344 188.068092104291 196.475990123631 202.967662033584 182.523824553105
144.764516647295 134.322873443403 143.848952880626 147.32904119829 141.099352607524 141.388309435917 144.09073487912 139.071550381806 145.991202802992 153.756598036021 146.117933599502 139.867082893447 144.838398828843 138.465088713293 133.861907702608 138.924088370204 140.231203329534 139.141067525256 143.510253568688 149.888068899071 150.784368815632 147.087042381495 152.591844163924 156.939379161271 166.348240680351 167.981221285813 158.82768752979 150.950274303193 152.596102965627 155.414650621819 157.22947046509 157.82923660505 159.876540868143 161.573828569869 164.579719066643 166.93478316963 166.875711509641 166.511636645082 169.347559974159 171.742473602361 172.793207026673 173.520665658771 174.909902698666 177.486469894095 179.477491468598 184.454088757838 200.278713468591 200.54534032203 190.105157189649 170.840189810914
140.210661115912 134.852325092095 141.020898134546 145.943888783727 143.015314110926 137.538280357092 141.234682491752 138.94521204215 138.830281872828 149.185019485949 152.340373291501 138.793143681977 130.176997901812 129.904315231168 132.719930819172 139.629195762528 139.520089204795 137.019617223179 140.704866107229 148.682062167383 149.401583356099 144.940634238728 148.24183076738 150.872147968768 164.345358374991 169.747368874165 169.60028202526 161.973239131165 157.072350057234 153.869352632358 156.851675585706 156.699335269432 159.318536414482 162.8183128091 163.920094433005 164.744405921669 165.942602752686 165.012020988542 166.035861297256 167.680431925678 169.568541757541 171.653935637701 173.953230057081 175.875901151424 177.670386451055 189.698507584868 194.843179996894 185.832883495278 172.239830345158 159.777883561498
138.574246025337 136.497386940413 140.771647029421 146.625423648232 143.390189793293 136.602331623483 136.968017404686 135.843467694994 134.855950519713 141.658832773473 147.322077961634 135.785411058959 126.111560584771 126.1848210167 130.041447732679 137.615817536657 141.500240704277 140.747815446833 143.887625845976 147.955457398586 144.340467429008 141.584219329793 143.050682025166 144.058852351375 153.465491001685 161.308227456447 168.854417075665 171.371938226199 169.138397408615 160.203026105852 153.874969524569 154.182043465246 156.285588730941 159.496032437086 160.105372427291 161.210149002616 163.116790680196 163.951640351801 164.739002091056 166.411479160112 168.357679344061 170.464924052271 173.111193732989 176.184423528134 184.128022967786 199.339756956031 179.668262565677 167.087019947085 165.772789724319 163.699779645749
137.630682203956 138.187137222804 137.226902921304 143.677526044276 143.605517476866 139.598811272877 142.0016571941 139.074361924582 135.170909912875 141.708971280771 137.375246263316 126.541646306095 128.111785945378 128.201896215437 127.790975077655 134.929888808413 140.822045555921 143.18434780672 144.458645801218 145.271347369507 143.238133783068 142.576792253227 142.471330434508 143.091162941314 147.773241891529 153.18352922639 160.472565251025 165.569053335851 171.183239271909 170.815723882023 165.858575120597 164.221449989607 156.881247655886 156.149725386196 157.028104955869 161.335575809492 161.704138465235 162.572235861944 163.789697236402 165.280685029104 167.106206369193 168.904006475504 171.293970210156 175.372294479543 190.848407834134 204.642278773094 175.509487149614 167.689673540377 167.902322074498 167.931284910331
140.699534303903 139.830195753307 137.351946811126 139.804981551403 141.171832604837 141.364452542585 144.486799136286 149.564558624172 144.726560480878 138.572585730061 125.892153601025 121.376375771065 127.655220232904 127.564156214811 125.757776688328 132.75503268167 138.183117189205 139.249141202659 139.019171535081 140.136699217564 142.266770388987 142.908435356514 141.791355128418 145.01041477387 150.481829221283 150.408560680491 153.680550503456 161.650697553318 168.424477641676 174.114396923058 176.913330366808 175.571552412336 171.718118326531 169.040743484789 163.348038637715 160.56048954879 160.945561612631 162.202058653351 162.904269808519 164.405340393736 166.444624730906 168.7132269094 170.326579368346 172.053029995677 182.485159915603 191.763711881768 171.584804068174 167.246554416372 164.94122526074 164.902787419622
145.742051642521 140.971015751544 140.925866946683 146.264751210339 144.632764960977 143.225308816809 141.878593924126 147.194350057878 150.870414546175 143.624643771294 128.386560912224 120.64479786838 122.102062423189 123.116639234026 124.102418375483 130.278924322212 134.499784950414 135.800802454563 134.264687928736 134.341507789963 137.015723615067 138.326112821125 141.041738340587 147.40506080904 152.875885808128 152.053631018487 152.611808307581 159.160832746393 164.185936088748 169.018718174003 172.505601613307 173.557632620579 182.105139185115 182.757615670154 173.072009956299 157.625212895806 159.628314061702 162.079024885088 161.868099846099 163.533573365354 165.458449975313 168.094436151882 170.706057870012 172.669179937364 179.615818792013 189.042169691304 171.179633117179 166.998043838326 164.81208545251 164.066645990394
147.361870850736 141.602105614831 141.431075422701 150.569670852923 147.270263816439 141.461696749729 141.139504901776 139.506771563212 146.438500555331 151.940742623142 140.336648605699 122.966179900807 120.128564332928 120.687393905094 121.365564853917 124.628141905881 129.561516837359 134.208090082392 132.801765193059 131.546124846906 133.240392848958 134.759241567839 141.119299993796 148.336057238384 152.655712235675 154.383196662988 156.59532668606 159.313555643089 160.510246879856 164.50209981774 170.875497684185 172.980005182034 179.707590646216 183.440592223125 177.927136405536 156.548144796085 158.299734873959 160.27092167693 160.933652924958 162.577834177738 164.088873770237 166.238338962795 169.541959963798 172.556132795215 181.848091723571 194.35488416001 172.019080702055 167.629890203828 168.587119848006 167.642809801814
147.703132742489 142.080618417263 142.265320797722 147.442037163885 145.271804782128 140.391830854977 138.119834311648 136.596677265775 143.297198481762 144.34760819682 136.960379648558 130.998104845361 120.155208016069 120.514379254705 120.595862312737 119.848129013431 123.241631648681 129.643746329343 131.549703059159 131.330430595601 132.655813990272 135.512587221357 139.683357252949 144.75009178466 150.028077940951 154.167786104351 157.05865916469 159.126826904098 160.524870096894 164.001107081151 169.952303054866 173.161168767684 175.942201593419 179.363009936361 179.527669025221 161.649578627799 157.007784848842 158.641832138456 160.968070694493 162.178566318852 163.107683993425 164.780663736652 167.719567458455 170.372980485946 177.988261822353 190.876179082337 172.878888509908 166.896278745762 167.857715978933 166.909074572499
149.120062224086 141.933474317256 141.85903485039 145.209672117091 149.372647209492 147.023433779782 142.934508845464 143.106152820646 147.863560928386 136.097405058767 123.913633147383 133.559795423489 117.466312748399 120.460968179408 122.485030038682 122.33614402062 121.970331574043 123.808302555011 128.228028683868 131.084529991109 132.409142012707 136.614031061999 140.190127351458 141.877056880339 147.777080666329 151.322434427858 152.808641238828 154.416981166582 155.996844488818 158.985383439774 164.919128711987 169.387468605926 172.826677192554 176.033078235557 178.495428985066 160.384734070726 156.09461821101 157.695365980907 159.784126958232 161.075841222852 162.267117056954 164.047448711448 166.406352135519 169.7516691325 177.064410938143 193.259874868586 176.079977033511 169.285933814574 162.895473178063 160.146199454025
156.594850856859 148.50363356892 145.74367231902 141.883154291171 138.949776712499 136.435792124269 123.167003934742 122.552645969327 134.911875799419 141.986945473862 133.122470792656 114.869404428467 122.298135746523 115.089251024497 118.014129849694 122.248099670521 122.65527834638 123.139164405637 123.91236463424 124.954814386883 128.884807821244 134.229867685623 136.199816105671 137.568229581731 139.217030365443 140.736228176758 144.461509754925 148.587394382778 155.581955639654 158.049876746362 160.753246295512 163.089859152858 165.751663979184 169.528873586371 172.548322408918 159.778772560524 155.173955601457 157.394307557516 157.40320397564 158.648340733989 160.430946243386 162.110862630182 163.885310778962 166.920050522821 179.212433868186 191.427806059851 192.001722229189 175.605040273836 160.975503505535 154.794353874194
153.946737936454 148.760076655759 145.038313651036 146.753830816793 142.912659129091 130.041859145247 119.472024131679 115.140869525228 118.339131144296 129.690752571216 138.902648070826 123.39890471597 116.584425015008 114.5454929782 111.822561140316 117.488114920833 122.384001171725 123.165351572684 123.036401935258 123.067919720204 124.830015927539 129.492840394893 133.058127338701 135.859964651132 133.557902103948 133.890493830684 136.96676068826 142.314585638533 153.283337969584 155.708103891967 158.595321727409 162.030784156068 163.897268910501 161.693231157176 158.142346710688 150.67414948112 153.938867459357 156.191672783213 156.562536493412 157.917147252251 159.596825145591 161.316061193874 163.08668439103 165.573689849692 173.087082985264 185.786365842704 175.003904029033 167.853150194348 160.633722923881 154.568716622462
153.783817791533 144.409940129179 146.513460978535 151.019674716527 135.429440386876 114.041764050107 112.765724819411 114.715420998122 116.893199568057 120.583009643682 125.566800892657 123.974260836759 117.088972687679 118.370102945846 111.86536159536 111.997054023502 116.793360990336 119.894653529486 120.886822191223 120.295122352067 120.892252455851 124.123082926592 128.490100255876 134.055773173891 134.396522159989 136.135589431814 140.777138713086 144.264035994677 150.791401678297 153.211146138395 156.342397409383 159.944962096441 161.551099167943 158.425616847584 150.552397348899 149.328258772462 151.695388138334 153.899131083929 155.999382667292 157.287178781332 158.968018226716 160.510693566513 162.307268547366 164.337022862957 167.899615564028 181.016603632485 175.013489695518 168.667041514412 161.701406837061 155.966675247222
151.946811096575 144.851106279045 149.109553837844 149.468950522886 130.516299979208 114.990182676172 114.486407228729 114.24508301601 117.457328352795 116.765392952866 111.376444000227 116.991329764358 112.790662268626 118.741415941581 117.848100871591 112.910116904273 -9999 112.692534353433 114.989191164951 117.175503389985 120.087086650919 122.774089560693 126.047434480817 131.837142380161 135.277692261719 136.660778546311 144.302460016325 147.320665232023 149.397204763237 151.506476653844 154.298638752551 157.948483112924 160.800044780103 162.142467454211 157.937993228728 151.857320909607 152.109464211109 153.963578138388 155.170324715302 156.771091146461 158.734617794327 159.995805130344 161.445433290471 163.338173916392 165.381742377739 173.13189167244 187.160725874241 176.904499252277 166.672028432478 159.991220488393
152.997725920273 150.206693002343 151.425657252937 149.218537021248 129.529068752378 116.250429952259 117.501573216304 116.695161059609 117.863374660195 117.576060951242 114.771194127934 114.120615753123 109.566033295533 114.646360027634 120.590176153552 119.977123959907 113.595187628601 -9999 -9999 113.851563831168 118.639890408674 123.073433393733 126.094417384928 130.375250258802 134.296948719015 133.200445970333 140.572636248494 145.553497338838 148.161307829085 147.73375631119 147.457258092234 150.247436240663 153.371195469389 160.044204088123 161.971708620158 162.331661283069 162.663941788938 160.154598558442 154.607259152474 156.103383271596 158.994246154474 161.042457421 161.516080841677 162.414904703514 164.230555223531 167.524633226373 190.120390148048 183.357584771942 170.603143573851 164.299142727675
