rcp4.5models/MPi_ESM_LR/sc1gr0.30
NCOLS 261 
NROWS 433 
XLLCORNER 336357.134 
YLLCORNER 654653.479 
CELLSIZE 1000 
NODATA_value -3.4e+38 
[rows 110 to 131 of 433, columns 147 to 195 of 261]
45.8950157165527 45.5959129333496 45.3063201904297 45.0577354431152 44.7878952026367 44.4578704833984 44.072925567627 43.7075157165527 43.3665542602539 43.1339912414551 42.9111480712891 42.3782043457031 42.1215667724609 41.728458404541 41.4754447937012 41.265323638916 41.0936698913574 40.8821983337402 40.5533714294434 40.3348960876465 40.19140625 40.0351028442383 39.3320617675781 -3.4e+38 -3.4e+38 38.8626098632812 38.7213897705078 -3.4e+38 -3.4e+38 -3.4e+38 -3.4e+38 -3.4e+38 -3.4e+38 -3.4e+38 -3.4e+38 -3.4e+38 -3.4e+38 -3.4e+38 -3.4e+38 -3.4e+38 -3.4e+38 -3.4e+38 -3.4e+38 -3.4e+38 -3.4e+38 -3.4e+38 -3.4e+38 -3.4e+38 -3.4e+38
46.0691757202148 45.7249069213867 45.3550682067871 45.178050994873 -3.4e+38 44.4630661010742 44.2438354492188 43.9375534057617 43.6189041137695 43.3090667724609 42.9186058044434 42.4131507873535 42.2306938171387 41.8551750183105 41.599479675293 41.3435974121094 41.1042938232422 40.9609260559082 40.7520866394043 40.5654106140137 40.3146820068359 40.0844612121582 39.4194374084473 -3.4e+38 39.0500679016113 38.8622856140137 -3.4e+38 -3.4e+38 -3.4e+38 -3.4e+38 -3.4e+38 -3.4e+38 -3.4e+38 -3.4e+38 -3.4e+38 -3.4e+38 -3.4e+38 -3.4e+38 -3.4e+38 -3.4e+38 -3.4e+38 -3.4e+38 -3.4e+38 -3.4e+38 -3.4e+38 -3.4e+38 -3.4e+38 -3.4e+38 -3.4e+38
46.2433967590332 45.921459197998 45.5711822509766 45.327507019043 45.0553588867188 44.7508850097656 44.3816833496094 44.0842933654785 43.7948379516602 43.4607696533203 42.9637565612793 42.5441093444824 42.3962593078613 -3.4e+38 41.8334045410156 41.6239128112793 41.2668342590332 41.0043449401855 40.8001747131348 40.6343116760254 40.414134979248 40.106803894043 39.451976776123 39.2286758422852 39.1580505371094 38.866527557373 38.5885429382324 38.4869041442871 -3.4e+38 -3.4e+38 -3.4e+38 -3.4e+38 -3.4e+38 -3.4e+38 -3.4e+38 -3.4e+38 -3.4e+38 -3.4e+38 -3.4e+38 -3.4e+38 -3.4e+38 -3.4e+38 -3.4e+38 -3.4e+38 -3.4e+38 -3.4e+38 -3.4e+38 -3.4e+38 -3.4e+38
46.3219833374023 46.0321617126465 45.7333946228027 45.4447364807129 45.1692924499512 44.7385330200195 44.4311714172363 44.2110481262207 43.850643157959 43.5104789733887 43.1207580566406 42.6164054870605 42.5088920593262 42.1798210144043 41.9585647583008 41.7442283630371 41.4608726501465 41.1074333190918 40.8640785217285 40.7384872436523 40.5264854431152 40.1955490112305 39.5331916809082 39.2477836608887 39.1314811706543 38.9228858947754 -3.4e+38 38.4296226501465 -3.4e+38 -3.4e+38 -3.4e+38 -3.4e+38 -3.4e+38 -3.4e+38 -3.4e+38 -3.4e+38 -3.4e+38 -3.4e+38 -3.4e+38 -3.4e+38 -3.4e+38 -3.4e+38 -3.4e+38 -3.4e+38 -3.4e+38 -3.4e+38 -3.4e+38 -3.4e+38 -3.4e+38
46.4595069885254 46.1371917724609 45.850471496582 45.5339813232422 45.107666015625 44.7036514282227 44.5467910766602 44.3211250305176 43.9933433532715 43.7136192321777 43.471508026123 -3.4e+38 42.4877166748047 42.3343658447266 42.0607223510742 41.6875381469727 41.4155654907227 41.2499732971191 41.058895111084 40.8503074645996 40.5963897705078 40.3276672363281 39.724681854248 39.508487701416 39.2216606140137 38.9724235534668 38.7265586853027 38.4612464904785 38.3115310668945 -3.4e+38 -3.4e+38 -3.4e+38 -3.4e+38 -3.4e+38 -3.4e+38 -3.4e+38 -3.4e+38 -3.4e+38 -3.4e+38 -3.4e+38 -3.4e+38 -3.4e+38 -3.4e+38 -3.4e+38 -3.4e+38 -3.4e+38 -3.4e+38 -3.4e+38 -3.4e+38
46.8963508605957 46.347843170166 46.0073280334473 45.7489852905273 45.376277923584 45.160587310791 44.915843963623 44.594654083252 44.3443870544434 44.0809631347656 43.6614952087402 43.1806411743164 -3.4e+38 42.5733451843262 42.2875709533691 42.0168609619141 41.7436790466309 41.5196685791016 41.2185592651367 40.7765617370605 40.4926223754883 40.336856842041 39.9403038024902 39.7214317321777 39.3655662536621 39.114501953125 38.8547477722168 38.602367401123 -3.4e+38 -3.4e+38 -3.4e+38 -3.4e+38 -3.4e+38 -3.4e+38 -3.4e+38 -3.4e+38 -3.4e+38 -3.4e+38 -3.4e+38 -3.4e+38 -3.4e+38 -3.4e+38 -3.4e+38 -3.4e+38 -3.4e+38 -3.4e+38 -3.4e+38 -3.4e+38 -3.4e+38
46.6648101806641 46.248119354248 45.9693069458008 45.832160949707 45.563404083252 45.3707466125488 45.088134765625 44.77587890625 44.5115699768066 44.3255271911621 43.9047203063965 43.3335075378418 43.0222091674805 42.6959190368652 42.4034309387207 42.0327987670898 41.5985374450684 41.4992828369141 41.2943801879883 40.9081954956055 40.5932197570801 40.4857521057129 39.9905471801758 39.8033447265625 39.4123573303223 39.0986518859863 38.858341217041 38.5833930969238 38.4437675476074 -3.4e+38 -3.4e+38 -3.4e+38 -3.4e+38 -3.4e+38 -3.4e+38 -3.4e+38 -3.4e+38 -3.4e+38 -3.4e+38 -3.4e+38 -3.4e+38 -3.4e+38 -3.4e+38 -3.4e+38 -3.4e+38 -3.4e+38 -3.4e+38 -3.4e+38 -3.4e+38
46.714469909668 46.3030395507812 46.0024299621582 45.8890953063965 45.6313285827637 45.4824867248535 45.1911811828613 44.830810546875 44.5386962890625 44.4866523742676 44.1973571777344 43.5798988342285 43.1674880981445 42.916316986084 42.5022926330566 42.2044067382812 41.7866134643555 41.6686706542969 41.3895606994629 40.9809761047363 40.7569198608398 40.6176338195801 40.0262069702148 39.8211555480957 39.5481300354004 39.1576156616211 38.8568496704102 38.6355438232422 38.5209541320801 -3.4e+38 -3.4e+38 -3.4e+38 -3.4e+38 -3.4e+38 -3.4e+38 -3.4e+38 -3.4e+38 -3.4e+38 -3.4e+38 -3.4e+38 -3.4e+38 -3.4e+38 -3.4e+38 -3.4e+38 -3.4e+38 -3.4e+38 -3.4e+38 -3.4e+38 -3.4e+38
46.8728141784668 46.3523178100586 46.0826873779297 46.0099182128906 45.8684120178223 45.5141716003418 45.1724700927734 45.0265464782715 44.7754020690918 44.6747970581055 44.326602935791 43.741569519043 43.2996101379395 43.044864654541 42.5422859191895 42.3008346557617 41.9799575805664 41.8551826477051 41.5085067749023 41.1437377929688 40.9158668518066 40.6743698120117 40.1096267700195 39.8222923278809 39.5895576477051 39.326732635498 39.0911102294922 38.8604583740234 38.5635299682617 -3.4e+38 -3.4e+38 -3.4e+38 -3.4e+38 -3.4e+38 -3.4e+38 -3.4e+38 -3.4e+38 -3.4e+38 -3.4e+38 -3.4e+38 -3.4e+38 -3.4e+38 -3.4e+38 -3.4e+38 -3.4e+38 -3.4e+38 -3.4e+38 -3.4e+38 -3.4e+38
47.1168251037598 46.6104393005371 46.1998519897461 46.1183395385742 46.0481834411621 45.5492973327637 45.199390411377 45.2326583862305 45.0539207458496 44.8449592590332 44.446475982666 43.6666679382324 43.3083305358887 43.0243949890137 42.6586494445801 -3.4e+38 42.0418090820312 41.9135208129883 41.6745414733887 41.3063926696777 40.9532241821289 40.7300605773926 40.1518516540527 39.8578758239746 39.5764083862305 39.390697479248 39.2540550231934 39.0121231079102 38.5874481201172 -3.4e+38 -3.4e+38 -3.4e+38 37.7202186584473 -3.4e+38 -3.4e+38 -3.4e+38 -3.4e+38 -3.4e+38 -3.4e+38 -3.4e+38 -3.4e+38 -3.4e+38 -3.4e+38 -3.4e+38 -3.4e+38 -3.4e+38 -3.4e+38 -3.4e+38 -3.4e+38
47.3725395202637 46.8172798156738 46.2709541320801 46.0864410400391 45.9047698974609 45.6536102294922 45.395450592041 45.3364639282227 45.1424369812012 44.9365730285645 44.5367851257324 43.7572059631348 43.3503646850586 43.0328903198242 42.7769660949707 42.4956436157227 42.1977958679199 42.0111923217773 41.7184028625488 41.381462097168 40.9691925048828 40.7266807556152 40.1943511962891 39.8167533874512 39.5701522827148 39.459171295166 39.3729095458984 39.0357551574707 38.6888275146484 38.3716506958008 38.0863914489746 37.9368362426758 37.7051696777344 37.4550514221191 -3.4e+38 -3.4e+38 -3.4e+38 -3.4e+38 -3.4e+38 -3.4e+38 -3.4e+38 -3.4e+38 -3.4e+38 -3.4e+38 -3.4e+38 -3.4e+38 -3.4e+38 -3.4e+38 -3.4e+38
47.5157508850098 46.9332695007324 46.3954887390137 46.1208229064941 45.9061012268066 -3.4e+38 45.5095825195312 45.4233551025391 45.2006416320801 44.9510955810547 44.5497703552246 43.9169387817383 43.4471855163574 43.1363105773926 42.9313163757324 42.5767135620117 -3.4e+38 42.0775108337402 41.7365455627441 41.4447059631348 41.0798454284668 40.841495513916 40.3332023620605 39.9196701049805 39.711727142334 39.6355209350586 39.4280967712402 39.0793342590332 38.8214912414551 38.5616416931152 38.2312660217285 37.9230651855469 -3.4e+38 37.3650054931641 37.2627487182617 -3.4e+38 -3.4e+38 -3.4e+38 -3.4e+38 -3.4e+38 -3.4e+38 -3.4e+38 -3.4e+38 -3.4e+38 -3.4e+38 -3.4e+38 -3.4e+38 -3.4e+38 -3.4e+38
-3.4e+38 47.1375694274902 46.7486038208008 46.3367919921875 46.0669021606445 45.8689575195312 45.6068801879883 45.5395965576172 45.4453315734863 45.2176132202148 44.7366485595703 43.9945449829102 43.5922393798828 43.3100891113281 43.0143394470215 42.7130737304688 42.4382171630859 42.1147537231445 41.747444152832 41.4761199951172 41.1946144104004 40.9737930297852 40.4303703308105 40.0513572692871 39.7953071594238 39.681022644043 39.4453086853027 39.0165519714355 38.8026161193848 38.6248321533203 38.2747802734375 37.9626617431641 37.7577362060547 -3.4e+38 37.1382522583008 36.9038619995117 -3.4e+38 -3.4e+38 -3.4e+38 -3.4e+38 -3.4e+38 -3.4e+38 -3.4e+38 -3.4e+38 -3.4e+38 -3.4e+38 -3.4e+38 -3.4e+38 -3.4e+38
47.5521850585938 47.2311897277832 46.965015411377 46.5204925537109 46.1926116943359 45.9409370422363 45.6225929260254 45.4919967651367 45.460018157959 45.3966484069824 44.8513107299805 44.0320854187012 43.6752281188965 43.3514022827148 42.9854965209961 42.8998908996582 42.5715141296387 42.1911735534668 41.8395767211914 41.5613479614258 41.2212333679199 40.9305992126465 40.498893737793 40.1653327941895 39.8738403320312 39.7644004821777 39.5524978637695 39.1436920166016 38.9034538269043 38.5866317749023 38.234546661377 37.9932174682617 -3.4e+38 37.4438705444336 37.1618270874023 37.0580749511719 -3.4e+38 -3.4e+38 -3.4e+38 -3.4e+38 -3.4e+38 -3.4e+38 -3.4e+38 -3.4e+38 -3.4e+38 -3.4e+38 -3.4e+38 -3.4e+38 -3.4e+38
47.5131187438965 47.2097816467285 46.9295768737793 46.6240615844727 46.3163871765137 46.0949630737305 45.8896293640137 45.6608963012695 45.4010772705078 45.3523597717285 44.8571472167969 44.1049423217773 43.7530517578125 43.4265251159668 43.1145095825195 43.1254997253418 42.626766204834 42.215877532959 41.897632598877 41.5330848693848 41.1998481750488 40.921573638916 40.5118179321289 40.2459030151367 39.9679870605469 39.7916526794434 39.5959358215332 39.3126068115234 39.0573539733887 38.6503143310547 38.3239479064941 38.0443077087402 37.8010101318359 37.4283027648926 37.1192474365234 -3.4e+38 36.9109573364258 -3.4e+38 -3.4e+38 -3.4e+38 -3.4e+38 -3.4e+38 -3.4e+38 -3.4e+38 -3.4e+38 -3.4e+38 -3.4e+38 -3.4e+38 -3.4e+38
47.5554847717285 47.255428314209 47.004810333252 46.7835121154785 46.4214363098145 46.199649810791 45.970573425293 45.8126487731934 45.4631233215332 45.3467750549316 44.9064788818359 44.3051834106445 44.0030136108398 43.6493453979492 43.4916915893555 43.388298034668 42.6781883239746 42.239501953125 41.8468818664551 41.4508857727051 41.2416458129883 41.0140953063965 40.4631500244141 40.2060546875 39.9727630615234 39.7948188781738 39.5635299682617 39.3436393737793 39.0444717407227 38.6992340087891 38.3393402099609 38.1059494018555 37.9076232910156 37.4201545715332 37.1814880371094 36.9482192993164 36.7601470947266 36.7180252075195 -3.4e+38 -3.4e+38 -3.4e+38 -3.4e+38 -3.4e+38 -3.4e+38 -3.4e+38 -3.4e+38 -3.4e+38 -3.4e+38 -3.4e+38
47.8675117492676 47.5593032836914 47.188850402832 46.8783874511719 46.4775772094727 46.3086624145508 46.0917320251465 45.7609329223633 45.4574584960938 45.0817413330078 44.7199821472168 44.5182151794434 44.2452087402344 43.8876609802246 43.8561668395996 43.4273834228516 42.8996200561523 42.458812713623 41.9404487609863 41.5746383666992 41.4590301513672 41.3702239990234 40.5705032348633 40.3083648681641 40.0730514526367 39.9131851196289 39.6215934753418 39.4146881103516 39.1852340698242 38.7499160766602 38.3464546203613 38.2229843139648 38.0470809936523 37.4015121459961 37.2230110168457 -3.4e+38 36.7138366699219 36.489559173584 -3.4e+38 -3.4e+38 -3.4e+38 -3.4e+38 -3.4e+38 -3.4e+38 -3.4e+38 -3.4e+38 -3.4e+38 -3.4e+38 -3.4e+38
47.890926361084 47.6055946350098 47.3265838623047 46.9567985534668 46.5915451049805 46.2465362548828 46.0745887756348 45.7535438537598 45.5098876953125 45.1393165588379 44.7609901428223 44.5509300231934 44.2523612976074 43.9393501281738 43.8119697570801 43.3026123046875 42.8663711547852 42.5423927307129 42.1218719482422 41.7313041687012 41.5333824157715 41.3639755249023 40.6174926757812 40.3575325012207 40.1364555358887 40.0293464660645 39.8568801879883 39.5383224487305 39.2048263549805 38.8068695068359 38.4607849121094 38.1966896057129 37.9503593444824 37.432804107666 37.2315368652344 -3.4e+38 -3.4e+38 36.4855918884277 36.3146476745605 -3.4e+38 -3.4e+38 -3.4e+38 -3.4e+38 -3.4e+38 -3.4e+38 -3.4e+38 -3.4e+38 -3.4e+38 -3.4e+38
48.0838584899902 47.7816543579102 47.4558219909668 47.1228942871094 46.6936225891113 46.2174758911133 46.0250701904297 45.7564315795898 45.5580673217773 45.1676750183105 44.922191619873 44.6730804443359 44.3548049926758 44.0887794494629 43.7792015075684 43.3214797973633 42.8572425842285 42.5577392578125 42.2433586120605 41.8739395141602 41.6666221618652 41.440673828125 40.6966323852539 40.3856468200684 40.1447486877441 40.0446014404297 39.8854064941406 39.5015754699707 39.2234382629395 38.8776664733887 38.5474243164062 38.317813873291 38.0051307678223 37.4278564453125 37.1807250976562 36.8576736450195 36.686222076416 -3.4e+38 36.2517623901367 -3.4e+38 -3.4e+38 -3.4e+38 -3.4e+38 -3.4e+38 -3.4e+38 -3.4e+38 -3.4e+38 -3.4e+38 -3.4e+38
48.2309188842773 47.9780807495117 47.4801330566406 47.1928939819336 46.758602142334 46.2990646362305 46.0689239501953 45.8089218139648 45.6630706787109 45.1985282897949 45.0628929138184 44.728084564209 44.5294990539551 44.2175598144531 43.8852348327637 43.4055976867676 43.0619430541992 42.7010307312012 42.3120918273926 42.0252075195312 41.8203544616699 41.6369094848633 40.8380470275879 40.5618667602539 40.2621879577637 40.0140419006348 39.8120727539062 39.4572067260742 39.2442817687988 38.9526786804199 38.5634651184082 38.2676315307617 38.0335083007812 37.3421020507812 36.9731483459473 36.8044395446777 -3.4e+38 -3.4e+38 36.2758445739746 36.239860534668 -3.4e+38 -3.4e+38 -3.4e+38 -3.4e+38 -3.4e+38 -3.4e+38 -3.4e+38 -3.4e+38 -3.4e+38
48.3593254089355 48.0843811035156 47.6714744567871 47.3131484985352 46.8326454162598 46.5604705810547 46.1708488464355 46.0723114013672 45.7268218994141 45.2687568664551 45.1875610351562 45.0277061462402 44.7828102111816 44.4813804626465 44.043327331543 43.530891418457 43.1030731201172 42.7572708129883 42.4305572509766 42.2010955810547 41.9602546691895 41.690860748291 41.030933380127 40.7603492736816 40.4501304626465 40.0554313659668 39.7471923828125 39.4802436828613 39.240364074707 38.9656372070312 38.6641387939453 38.2580299377441 37.9622421264648 37.3749389648438 37.012638092041 36.8131446838379 36.6398506164551 36.4650573730469 36.2673454284668 36.0636787414551 -3.4e+38 -3.4e+38 -3.4e+38 -3.4e+38 -3.4e+38 -3.4e+38 -3.4e+38 -3.4e+38 -3.4e+38
48.398624420166 48.0174179077148 47.6755561828613 47.3109741210938 46.8674125671387 46.6961364746094 46.2826805114746 46.2122459411621 45.8078994750977 45.6171188354492 45.4878349304199 45.2091293334961 44.9850311279297 44.5430183410645 44.0237770080566 43.6510276794434 43.1660575866699 42.7749137878418 42.4867401123047 42.2772178649902 42.0523338317871 41.7134017944336 41.2756958007812 40.8871726989746 40.5118293762207 40.0960083007812 39.7710418701172 39.5164375305176 39.2434768676758 38.910327911377 38.6522560119629 38.3191909790039 37.9589767456055 37.4747505187988 37.1735038757324 36.88134765625 -3.4e+38 36.4634590148926 36.2489547729492 35.9952430725098 35.7948036193848 -3.4e+38 -3.4e+38 -3.4e+38 -3.4e+38 -3.4e+38 -3.4e+38 -3.4e+38 -3.4e+38
