rcp4.5models/MPi_ESM_LR/sc1gr5.10
NCOLS 261 
NROWS 433 
XLLCORNER 336357.134 
YLLCORNER 654653.479 
CELLSIZE 1000 
NODATA_value -3.4e+38 
[rows 198 to 219 of 433, columns 196 to 244 of 261]
287.229217529297 287.773986816406 287.910125732422 288.160461425781 288.034515380859 287.989715576172 288.138244628906 288.706970214844 288.697509765625 288.904846191406 -3.4e+38 289.338195800781 289.429962158203 289.361572265625 289.362274169922 289.451049804688 289.509674072266 289.742706298828 289.887023925781 289.910949707031 -3.4e+38 -3.4e+38 -3.4e+38 -3.4e+38 -3.4e+38 -3.4e+38 -3.4e+38 -3.4e+38 -3.4e+38 -3.4e+38 -3.4e+38 -3.4e+38 -3.4e+38 -3.4e+38 -3.4e+38 -3.4e+38 -3.4e+38 -3.4e+38 -3.4e+38 -3.4e+38 -3.4e+38 -3.4e+38 -3.4e+38 -3.4e+38 -3.4e+38 -3.4e+38 -3.4e+38 -3.4e+38 -3.4e+38
286.706329345703 287.249206542969 287.654998779297 287.929260253906 287.839691162109 287.781066894531 287.852844238281 288.714233398438 288.785064697266 289.017211914062 -3.4e+38 289.163543701172 289.520721435547 289.467102050781 289.415008544922 289.432525634766 289.513275146484 289.687713623047 -3.4e+38 290.042663574219 -3.4e+38 -3.4e+38 -3.4e+38 -3.4e+38 -3.4e+38 -3.4e+38 -3.4e+38 -3.4e+38 -3.4e+38 -3.4e+38 -3.4e+38 -3.4e+38 -3.4e+38 -3.4e+38 -3.4e+38 -3.4e+38 -3.4e+38 -3.4e+38 -3.4e+38 -3.4e+38 -3.4e+38 -3.4e+38 -3.4e+38 -3.4e+38 -3.4e+38 -3.4e+38 -3.4e+38 -3.4e+38 -3.4e+38
286.528167724609 286.850280761719 -3.4e+38 287.853668212891 287.682067871094 287.380187988281 287.430694580078 288.338531494141 -3.4e+38 288.726348876953 288.827606201172 289.046020507812 289.289978027344 289.191833496094 289.498138427734 289.524597167969 289.558532714844 289.69091796875 289.944580078125 290.158599853516 290.338104248047 -3.4e+38 -3.4e+38 -3.4e+38 -3.4e+38 -3.4e+38 -3.4e+38 -3.4e+38 -3.4e+38 -3.4e+38 -3.4e+38 -3.4e+38 -3.4e+38 -3.4e+38 -3.4e+38 -3.4e+38 -3.4e+38 -3.4e+38 -3.4e+38 -3.4e+38 -3.4e+38 -3.4e+38 -3.4e+38 -3.4e+38 -3.4e+38 -3.4e+38 -3.4e+38 -3.4e+38 -3.4e+38
286.779571533203 287.295593261719 287.6357421875 287.669769287109 287.323120117188 287.272155761719 287.553375244141 287.688293457031 288.110015869141 288.283599853516 288.789886474609 288.924896240234 288.950469970703 288.986999511719 289.543701171875 289.622344970703 289.650604248047 289.754425048828 289.919403076172 290.121215820312 290.189086914062 -3.4e+38 -3.4e+38 -3.4e+38 -3.4e+38 -3.4e+38 -3.4e+38 -3.4e+38 -3.4e+38 -3.4e+38 -3.4e+38 -3.4e+38 -3.4e+38 -3.4e+38 -3.4e+38 -3.4e+38 -3.4e+38 -3.4e+38 -3.4e+38 -3.4e+38 -3.4e+38 -3.4e+38 -3.4e+38 -3.4e+38 -3.4e+38 -3.4e+38 -3.4e+38 -3.4e+38 -3.4e+38
286.9208984375 287.304595947266 287.509490966797 287.481201171875 287.030487060547 287.168212890625 287.406890869141 286.787261962891 287.106079101562 287.721557617188 288.234985351562 288.461303710938 288.788970947266 288.903930664062 289.167846679688 289.379486083984 289.653564453125 289.725341796875 289.926055908203 -3.4e+38 290.252380371094 290.287780761719 -3.4e+38 -3.4e+38 -3.4e+38 -3.4e+38 -3.4e+38 -3.4e+38 -3.4e+38 -3.4e+38 -3.4e+38 -3.4e+38 -3.4e+38 -3.4e+38 -3.4e+38 -3.4e+38 -3.4e+38 -3.4e+38 -3.4e+38 -3.4e+38 -3.4e+38 -3.4e+38 -3.4e+38 -3.4e+38 -3.4e+38 -3.4e+38 -3.4e+38 -3.4e+38 -3.4e+38
286.732055664062 286.779449462891 286.983459472656 287.165466308594 286.914672851562 286.925964355469 287.138610839844 286.468811035156 287.092956542969 287.668823242188 287.873901367188 288.216644287109 288.632263183594 288.773254394531 288.802947998047 -3.4e+38 289.069549560547 289.366424560547 289.944854736328 290.183013916016 -3.4e+38 -3.4e+38 290.437377929688 -3.4e+38 -3.4e+38 -3.4e+38 -3.4e+38 -3.4e+38 -3.4e+38 -3.4e+38 -3.4e+38 -3.4e+38 -3.4e+38 -3.4e+38 -3.4e+38 -3.4e+38 -3.4e+38 -3.4e+38 -3.4e+38 -3.4e+38 -3.4e+38 -3.4e+38 -3.4e+38 -3.4e+38 -3.4e+38 -3.4e+38 -3.4e+38 -3.4e+38 -3.4e+38
286.307373046875 286.590270996094 286.828369140625 287.043701171875 286.903564453125 286.888977050781 287.194183349609 286.923370361328 287.258880615234 287.896087646484 287.925994873047 288.076538085938 288.394409179688 288.559204101562 288.492431640625 288.746124267578 288.683868408203 289.156219482422 -3.4e+38 289.773498535156 289.621612548828 290.074768066406 -3.4e+38 290.454925537109 290.427764892578 -3.4e+38 -3.4e+38 -3.4e+38 -3.4e+38 -3.4e+38 -3.4e+38 -3.4e+38 -3.4e+38 -3.4e+38 -3.4e+38 -3.4e+38 -3.4e+38 -3.4e+38 -3.4e+38 -3.4e+38 -3.4e+38 -3.4e+38 -3.4e+38 -3.4e+38 -3.4e+38 -3.4e+38 -3.4e+38 -3.4e+38 -3.4e+38
286.087829589844 286.405670166016 286.909637451172 287.337951660156 287.26513671875 287.289764404297 287.431640625 287.458923339844 287.16845703125 287.689758300781 287.65673828125 287.459350585938 288.147308349609 288.108978271484 288.171112060547 288.710571289062 288.686004638672 289.125305175781 -3.4e+38 289.550750732422 289.334381103516 289.805053710938 290.326965332031 -3.4e+38 290.577850341797 290.655029296875 -3.4e+38 -3.4e+38 -3.4e+38 -3.4e+38 -3.4e+38 -3.4e+38 -3.4e+38 -3.4e+38 -3.4e+38 -3.4e+38 -3.4e+38 -3.4e+38 -3.4e+38 -3.4e+38 -3.4e+38 -3.4e+38 -3.4e+38 -3.4e+38 -3.4e+38 -3.4e+38 -3.4e+38 -3.4e+38 -3.4e+38
286.473419189453 286.473785400391 286.849517822266 287.39501953125 287.549072265625 287.680908203125 287.817810058594 287.532135009766 287.384094238281 287.894073486328 287.697845458984 287.531860351562 287.870300292969 288.084991455078 288.447906494141 288.754791259766 288.902313232422 289.183349609375 289.537322998047 289.29443359375 289.559509277344 289.821319580078 290.116546630859 -3.4e+38 290.694519042969 290.682464599609 -3.4e+38 -3.4e+38 -3.4e+38 -3.4e+38 -3.4e+38 -3.4e+38 -3.4e+38 -3.4e+38 -3.4e+38 -3.4e+38 -3.4e+38 -3.4e+38 -3.4e+38 -3.4e+38 -3.4e+38 -3.4e+38 -3.4e+38 -3.4e+38 -3.4e+38 -3.4e+38 -3.4e+38 -3.4e+38 -3.4e+38
286.716735839844 286.850982666016 286.916809082031 287.300628662109 287.577667236328 287.757507324219 287.974304199219 287.922515869141 288.104888916016 288.617004394531 288.515747070312 288.375244140625 287.978820800781 288.182342529297 288.579284667969 288.764404296875 288.977111816406 288.998657226562 289.105926513672 289.105346679688 289.510559082031 289.833709716797 289.987731933594 290.346984863281 290.631011962891 -3.4e+38 290.742431640625 -3.4e+38 -3.4e+38 -3.4e+38 -3.4e+38 -3.4e+38 -3.4e+38 -3.4e+38 -3.4e+38 -3.4e+38 -3.4e+38 -3.4e+38 -3.4e+38 -3.4e+38 -3.4e+38 -3.4e+38 -3.4e+38 -3.4e+38 -3.4e+38 -3.4e+38 -3.4e+38 -3.4e+38 -3.4e+38
286.968658447266 287.010101318359 287.180603027344 287.463012695312 287.795257568359 287.977722167969 288.007385253906 288.163452148438 288.392272949219 288.565002441406 -3.4e+38 288.761077880859 288.15380859375 288.163787841797 288.569885253906 288.748504638672 288.724945068359 288.749237060547 288.865570068359 288.971313476562 289.218933105469 289.453247070312 289.539276123047 289.762847900391 289.962493896484 290.038208007812 290.303680419922 -3.4e+38 -3.4e+38 -3.4e+38 -3.4e+38 -3.4e+38 -3.4e+38 -3.4e+38 -3.4e+38 -3.4e+38 -3.4e+38 -3.4e+38 -3.4e+38 -3.4e+38 -3.4e+38 -3.4e+38 -3.4e+38 -3.4e+38 -3.4e+38 -3.4e+38 -3.4e+38 -3.4e+38 -3.4e+38
286.993743896484 287.058074951172 287.180755615234 287.443939208984 287.695434570312 287.794952392578 287.864440917969 288.054016113281 288.310089111328 288.578125 288.805236816406 288.764495849609 288.288635253906 -3.4e+38 -3.4e+38 288.757354736328 288.708038330078 288.867004394531 289.005249023438 289.154998779297 289.312591552734 289.440338134766 289.551971435547 289.733856201172 289.881317138672 290.100799560547 290.236846923828 -3.4e+38 -3.4e+38 -3.4e+38 -3.4e+38 -3.4e+38 -3.4e+38 -3.4e+38 -3.4e+38 -3.4e+38 -3.4e+38 -3.4e+38 -3.4e+38 -3.4e+38 -3.4e+38 -3.4e+38 -3.4e+38 -3.4e+38 -3.4e+38 -3.4e+38 -3.4e+38 -3.4e+38 -3.4e+38
286.992431640625 287.057495117188 287.180755615234 287.405914306641 287.605499267578 287.741394042969 287.76611328125 287.699829101562 288.026428222656 288.450164794922 288.810760498047 288.982818603516 288.848236083984 -3.4e+38 -3.4e+38 -3.4e+38 288.716918945312 288.987579345703 289.458312988281 289.585266113281 289.556091308594 289.484161376953 289.675689697266 289.579956054688 289.653625488281 289.993743896484 289.980712890625 -3.4e+38 -3.4e+38 -3.4e+38 -3.4e+38 -3.4e+38 -3.4e+38 -3.4e+38 -3.4e+38 -3.4e+38 -3.4e+38 -3.4e+38 -3.4e+38 -3.4e+38 -3.4e+38 -3.4e+38 -3.4e+38 -3.4e+38 -3.4e+38 -3.4e+38 -3.4e+38 -3.4e+38 -3.4e+38
286.655700683594 286.813018798828 287.028625488281 287.165344238281 287.1669921875 287.577545166016 287.797332763672 287.400482177734 287.725952148438 288.071716308594 288.816070556641 289.093048095703 289.128265380859 289.108489990234 -3.4e+38 288.707122802734 288.604339599609 288.988006591797 289.729370117188 289.784454345703 289.761444091797 289.755004882812 289.823394775391 289.540924072266 289.498748779297 -3.4e+38 289.862579345703 289.983734130859 290.207489013672 290.373657226562 -3.4e+38 -3.4e+38 -3.4e+38 -3.4e+38 -3.4e+38 -3.4e+38 -3.4e+38 -3.4e+38 -3.4e+38 -3.4e+38 -3.4e+38 -3.4e+38 -3.4e+38 -3.4e+38 -3.4e+38 -3.4e+38 -3.4e+38 -3.4e+38 -3.4e+38
286.137268066406 286.430114746094 286.721008300781 286.893646240234 286.805938720703 287.104278564453 287.395721435547 287.536499023438 287.823028564453 288.247161865234 288.755310058594 288.912170410156 289.039855957031 289.162628173828 289.063781738281 288.919067382812 288.76220703125 288.970550537109 289.495544433594 289.794586181641 289.849090576172 289.834045410156 289.781494140625 289.813629150391 -3.4e+38 289.772888183594 289.881530761719 290.035247802734 290.151885986328 290.371765136719 -3.4e+38 -3.4e+38 -3.4e+38 -3.4e+38 -3.4e+38 -3.4e+38 -3.4e+38 -3.4e+38 -3.4e+38 -3.4e+38 -3.4e+38 -3.4e+38 -3.4e+38 -3.4e+38 -3.4e+38 -3.4e+38 -3.4e+38 -3.4e+38 -3.4e+38
286.056427001953 286.215576171875 286.355194091797 286.585021972656 286.630523681641 286.726806640625 287.025634765625 287.683654785156 287.786407470703 288.044372558594 288.434356689453 288.579284667969 288.709533691406 289.169647216797 289.122802734375 289.090454101562 288.963409423828 289.100341796875 289.374114990234 289.682434082031 289.825378417969 289.766876220703 289.779388427734 289.887878417969 289.826049804688 289.785186767578 289.824523925781 289.924896240234 290.145568847656 290.350402832031 -3.4e+38 -3.4e+38 -3.4e+38 -3.4e+38 -3.4e+38 -3.4e+38 -3.4e+38 -3.4e+38 -3.4e+38 -3.4e+38 -3.4e+38 -3.4e+38 -3.4e+38 -3.4e+38 -3.4e+38 -3.4e+38 -3.4e+38 -3.4e+38 -3.4e+38
285.852813720703 286.098907470703 286.027282714844 286.321319580078 286.535247802734 286.725677490234 286.940734863281 287.381072998047 287.351867675781 287.226257324219 287.882934570312 288.220275878906 288.465057373047 289.176513671875 289.129974365234 289.139190673828 289.031036376953 289.013122558594 289.302642822266 289.599639892578 289.844085693359 289.818481445312 289.810455322266 289.803039550781 289.747192382812 289.797332763672 289.786560058594 289.813049316406 290.011596679688 290.142761230469 -3.4e+38 -3.4e+38 -3.4e+38 -3.4e+38 -3.4e+38 -3.4e+38 -3.4e+38 -3.4e+38 -3.4e+38 -3.4e+38 -3.4e+38 -3.4e+38 -3.4e+38 -3.4e+38 -3.4e+38 -3.4e+38 -3.4e+38 -3.4e+38 -3.4e+38
285.326934814453 285.746124267578 285.902923583984 286.214752197266 286.478912353516 286.856079101562 286.983367919922 287.163604736328 287.047515869141 287.068969726562 287.521240234375 287.908660888672 288.286163330078 288.654510498047 288.734191894531 289.015655517578 289.081787109375 288.843353271484 289.408050537109 289.731262207031 289.845855712891 289.813629150391 289.787261962891 289.752899169922 289.758758544922 289.809265136719 289.833557128906 289.862213134766 289.954711914062 290.026306152344 -3.4e+38 -3.4e+38 -3.4e+38 -3.4e+38 -3.4e+38 -3.4e+38 -3.4e+38 -3.4e+38 -3.4e+38 -3.4e+38 -3.4e+38 -3.4e+38 -3.4e+38 -3.4e+38 -3.4e+38 -3.4e+38 -3.4e+38 -3.4e+38 -3.4e+38
285.093597412109 285.474426269531 286.082275390625 286.252502441406 286.614685058594 287.035552978516 287.119842529297 287.468017578125 287.318908691406 287.374633789062 287.630249023438 287.796417236328 288.185211181641 288.248260498047 288.526397705078 289.063873291016 289.189453125 289.009063720703 289.210083007812 289.426483154297 289.61279296875 289.682708740234 289.711212158203 289.718231201172 289.770172119141 289.821075439453 289.905242919922 289.981750488281 289.967620849609 290.014465332031 -3.4e+38 -3.4e+38 -3.4e+38 -3.4e+38 -3.4e+38 -3.4e+38 -3.4e+38 -3.4e+38 -3.4e+38 -3.4e+38 -3.4e+38 -3.4e+38 -3.4e+38 -3.4e+38 -3.4e+38 -3.4e+38 -3.4e+38 -3.4e+38 -3.4e+38
285.212066650391 285.413909912109 285.928009033203 286.272186279297 286.640228271484 286.943634033203 286.957427978516 287.575714111328 287.686157226562 287.685211181641 287.84375 288.052612304688 288.401275634766 288.390014648438 288.941589355469 289.151733398438 289.240814208984 289.064208984375 288.890686035156 289.126953125 289.458068847656 289.621337890625 289.675750732422 289.729125976562 289.747497558594 -3.4e+38 -3.4e+38 290.073791503906 290.042510986328 290.027526855469 -3.4e+38 -3.4e+38 -3.4e+38 -3.4e+38 -3.4e+38 -3.4e+38 -3.4e+38 -3.4e+38 -3.4e+38 -3.4e+38 -3.4e+38 -3.4e+38 -3.4e+38 -3.4e+38 -3.4e+38 -3.4e+38 -3.4e+38 -3.4e+38 -3.4e+38
284.770355224609 285.381561279297 285.523559570312 285.945098876953 286.50830078125 286.582580566406 286.546081542969 287.357086181641 287.645782470703 287.833618164062 287.899719238281 288.093170166016 288.431549072266 288.740081787109 289.085723876953 289.078582763672 289.09619140625 288.943908691406 288.913940429688 289.135772705078 289.467468261719 289.63134765625 289.686157226562 289.739898681641 -3.4e+38 -3.4e+38 289.778106689453 289.986663818359 290.100402832031 290.040405273438 290.116149902344 -3.4e+38 -3.4e+38 -3.4e+38 -3.4e+38 -3.4e+38 -3.4e+38 -3.4e+38 -3.4e+38 -3.4e+38 -3.4e+38 -3.4e+38 -3.4e+38 -3.4e+38 -3.4e+38 -3.4e+38 -3.4e+38 -3.4e+38 -3.4e+38
283.643737792969 284.5380859375 285.425354003906 285.664489746094 285.985656738281 285.797302246094 286.355499267578 287.256591796875 287.367065429688 287.716339111328 287.904296875 287.970275878906 288.195526123047 288.52734375 288.529327392578 288.754791259766 289.071380615234 288.964935302734 289.158386230469 289.201171875 289.287139892578 289.451202392578 289.405609130859 289.40771484375 289.766662597656 -3.4e+38 -3.4e+38 289.997985839844 290.050659179688 290.053131103516 290.147888183594 -3.4e+38 -3.4e+38 -3.4e+38 -3.4e+38 -3.4e+38 -3.4e+38 -3.4e+38 -3.4e+38 -3.4e+38 -3.4e+38 -3.4e+38 -3.4e+38 -3.4e+38 -3.4e+38 -3.4e+38 -3.4e+38 -3.4e+38 -3.4e+38
