rcp4.5models/MPi_ESM_LR/sc1gr9.2
NCOLS 261 
NROWS 433 
XLLCORNER 336357.134 
YLLCORNER 654653.479 
CELLSIZE 1000 
NODATA_value -9999 
[rows 264 to 285 of 433, columns 150 to 199 of 261]
522.19656611143 530.604838470671 504.462478487039 460.102733485387 442.44687294307 438.782152317611 430.941441748682 425.766907821016 420.197722201599 419.072716193107 418.309690441711 417.087245337602 416.741962285946 415.823111519863 414.743553534408 414.526886508301 413.821391752812 413.53013426064 409.762802929913 408.704839155224 -9999 -9999 -9999 402.66400291423 403.284961349177 402.578306704372 403.205810146546 404.302744772584 403.378113824428 400.016295460332 393.529850408502 393.948490540267 392.106818360087 388.725331547131 385.800021953198 392.440774243695 399.623278961325 383.66077461212 382.151885973001 380.172509913215 377.359792104488 374.123268939338 372.75738236716 374.500845388363 375.804170064406 375.607792926433 377.665372764547 375.81132502666 371.219339275777 370.513595235814
559.871767960551 561.368827143727 539.492630084071 498.667009719738 459.584469913104 443.474165039262 437.051717732222 430.511557219645 423.417153037874 420.939660917871 419.314226664732 418.511385563186 419.07027639532 417.722334065925 415.711551565792 416.452847240323 416.7186722921 414.840847683428 411.685455457093 408.71766049335 407.208795189833 -9999 404.931686743692 403.265731118973 403.934865246024 405.092629361841 405.682943041004 406.252872243886 404.402586615421 401.726348883163 396.504612964764 395.03119517159 393.029527614636 389.649458811728 393.388751087729 420.181061232226 432.152583930489 394.018516594479 383.25528558721 380.930654405566 377.463979206615 375.504760672032 373.844005306701 375.488819661006 377.232079962011 377.00903955902 376.36000647415 376.287191329924 377.211290296074 372.810928273812
577.938115333068 575.392836175145 573.761636503336 549.468261524882 499.092701926664 453.828031882833 442.799586557125 439.093282608231 427.027830055321 425.470557193882 423.852781239957 422.613500105382 421.303036639062 419.009874191478 418.448857335632 417.274957525359 415.655785434531 415.348640165246 415.375871418346 412.568643937144 411.11290428428 -9999 407.852988625195 408.632263634303 409.751388679694 409.416973015315 407.698824425154 405.989215114018 406.582039688693 405.313267228118 398.007422457118 395.274141542006 393.691626726071 393.702460332596 390.910274803185 405.57284169004 446.61613684095 439.023275785762 395.928168884538 386.596239583256 387.261131435136 383.147489593841 378.612464518878 379.847260778395 380.745771369962 378.434332118042 373.484778413452 372.832885379929 371.317733989499 369.259538793287
571.152977608554 557.736368798518 580.727745356563 574.01986230381 539.932519506172 491.549866941255 457.730358280249 445.499250950561 427.962911694905 426.383721612093 424.759083614841 423.070236697291 421.757175916619 421.272763851731 420.231210639199 418.638757020766 417.961719583793 417.156592180468 416.862676126437 413.562865034257 412.593513759127 409.507551451984 -9999 409.119689948304 409.223868531953 408.60865404811 407.327407110021 407.970836859484 407.51539672023 406.200081979106 399.585181314915 397.607352144291 396.070157891282 396.575967265032 393.702224574411 405.893649053423 452.65657909128 458.268940242792 406.35365624579 389.899283094141 388.787928433034 383.970397386079 380.545111402469 382.634675015436 386.556806779919 382.235798327909 376.019827167834 372.439510586093 370.59647341766 368.530488685666
567.461314614332 553.888073683664 578.749773593633 580.694376016083 577.433178707005 546.996195501371 496.427607856489 454.491410910225 429.831011695768 427.286523284007 -9999 424.379593295179 423.98139910112 428.109125889307 431.958362574632 420.956973779248 420.229237867332 419.550579440847 419.195747807955 415.480319996983 413.986413394468 411.374553383697 -9999 409.130476702835 407.867000404997 408.059379430077 406.758217730908 407.856866252899 408.04255296113 406.742294758795 401.459017122445 398.597331993061 397.498016175493 398.496252382058 395.156635086656 399.135414537338 421.685468702578 428.046759781012 401.87613701564 391.482156349302 387.041282025028 385.583484865997 383.013484563691 384.453436091741 387.112714025695 383.406749695836 377.775787432165 374.435826534381 374.450172257188 372.304222361087
576.274755855211 579.647628221007 586.573107520278 585.94667187701 590.32746964242 577.277090202705 527.658249765534 464.641761135315 432.076765015219 429.094126769335 426.929448157628 426.590519452044 426.745236089783 432.179409800759 435.485989014045 422.672735708068 422.02723170559 422.924714278123 421.104841552703 417.272265987464 414.865156505309 412.289679151406 410.150623228204 409.483809013153 411.833277090384 413.84892762992 407.981842447847 406.488105492799 407.992813619104 407.683349254079 402.868926137139 401.073768522226 399.514851038312 399.507293760116 397.095077005221 395.540836594664 395.331599197045 397.274976458029 396.309640186323 392.923723352826 389.93553063087 389.32537269113 385.677344185098 386.577629980581 385.984049224571 383.548009818352 380.619665950003 380.552773874672 379.033791288316 375.051802538196
587.88678868053 593.152512598298 591.295735970505 590.092419139398 593.102216128422 589.961371359802 551.252209734542 481.482765519798 433.357556068059 431.272243332353 429.114011934945 428.267184810498 427.465736453625 428.551323579208 427.605350093009 423.548641732822 422.866378087231 423.63164488053 421.35646245626 416.652505979506 414.706597402785 413.199042982776 410.659916915493 409.930817294226 413.958023049801 416.710168782205 411.801944825712 407.478876908409 408.606030608644 407.672374427155 405.316514903525 403.900008437815 402.428474331335 400.500638099801 398.506200794866 397.058328169165 394.983546064239 398.199164652991 400.300302965778 396.875522094312 393.315356135322 391.203849404164 388.507106188592 390.326304596273 388.430317076343 383.901098037852 383.621097631397 384.561579626336 381.28712239072 376.535924752738
595.93589222767 595.06702930446 587.975921471589 584.992963069754 588.670656198105 584.97611732873 546.485190758655 470.552948824338 435.61048741409 433.476997238111 430.795702562114 -9999 427.292013976352 429.550434113953 432.834449129954 424.385044386035 422.758562493008 421.567331866071 419.792844112725 416.075443568608 414.58927451045 414.075628990421 411.534281593801 409.873596260962 410.037660276863 411.177532376553 412.112632956407 409.436083426549 409.026023466546 407.640585711875 406.721259550939 406.347062734405 403.859492665502 400.396046787429 398.922589008699 397.410131393905 396.918703216639 399.673331067698 402.429047240953 398.558373631522 394.136535797185 392.139461059415 391.792599900425 392.113534563526 388.845503319559 384.377468671622 385.579951440039 385.921063481447 383.594842732729 378.430300798172
595.717689974641 594.612404014536 587.7885182346 580.868581451523 575.809211078107 551.596729364043 498.855457496808 450.182970298193 437.339911548842 434.166717751272 431.580093169788 429.835025173843 428.045290195258 431.122473742363 435.268178461039 425.099238036031 423.023367997876 420.908530264605 419.090139833024 415.375706429677 413.912611300678 413.890803229951 412.401383193102 409.892523881007 408.165478893216 408.325786740076 408.525100137613 408.722658599056 408.469176648591 407.102467851111 407.164669282908 407.816584960587 403.890127700485 401.403739301567 399.42017158797 397.422571120239 398.253235766139 401.044208104357 402.508387468838 400.639994969305 398.178504512165 396.094461666402 394.697152185543 392.230593618567 388.282887718055 387.196292677408 388.076035315155 388.041717586648 389.174824127785 379.60726815587
594.104949990124 594.670643581738 590.635518614461 584.220116206304 570.248597333369 517.752235553577 463.190992722793 445.437119760772 436.628242631982 434.020988892119 432.320019384287 430.565359141953 428.789174377017 428.893598467768 -9999 -9999 -9999 -9999 418.427164352343 414.834958945682 413.399293925114 413.834482526913 413.337324081554 411.235615700558 410.08663462005 408.840432454745 407.628916815122 406.683029101771 406.34115123129 405.9964012567 408.05875256868 409.27203593134 406.885108166624 405.295399674455 402.917033023678 399.365748148106 399.181346871477 401.979216270413 407.227023923677 418.736668812428 421.080062145799 403.807581685772 398.119310121362 393.814325856354 389.616413028406 391.513196172743 390.443154097855 388.570517941679 386.043240230269 381.248963790109
595.222571597467 597.665759247997 597.741022604877 596.343420799035 569.896270739501 493.046808264041 450.530185356636 442.335749970281 436.374924246428 434.753131760985 433.056782525024 431.314273416812 429.535329635394 428.143887793747 427.212451919612 424.814433135659 422.200540143175 421.07597401121 419.322377191162 415.628639777264 413.761117851455 413.680268188492 414.194837307782 412.531816547886 412.367865233478 411.710504835084 410.971940279502 407.723890739527 404.876102523905 405.411919151907 409.954169355719 413.168954256004 410.593483982723 408.612418803077 405.132864005998 401.221232514498 400.103571361858 402.91664274405 411.534307980567 428.901909939845 427.273061519706 408.999768457491 399.462390324084 394.454951111314 394.276924655821 395.890963102295 390.179626422925 386.883174758935 382.906799930065 387.423055921824
599.734192077694 602.056512269059 604.798355413171 606.577887255067 574.727160988964 492.036535203362 451.760515476836 444.207429937465 437.667700056871 436.963587416507 434.729861253549 432.019135093118 430.238951717619 428.410295997047 427.528788402298 427.094106168809 424.503701687242 423.243860399993 421.121454834921 416.441947332049 414.105989634178 413.112070001859 414.035208001395 412.964087556248 412.168236264068 412.43866201595 412.208840916813 410.089542805382 406.774044892312 405.82073152385 410.727641414946 413.894012682878 410.972304048681 407.916026082136 405.026591687772 402.590989089829 401.566951103242 402.240882314499 409.402110158001 420.852538397807 416.760624086968 406.782105466584 397.861128498717 395.348347629977 396.909987919493 396.557491933818 389.897959327318 385.271041440203 385.398190869922 389.800655339413
605.490072470166 606.698334496452 610.087844049813 611.499241843055 595.794750461932 537.324383142138 479.890148854021 472.359460436669 465.431193386843 481.189961052042 435.917203398519 433.647343443753 430.924695961606 429.095803382177 427.771256896993 426.870752929083 424.743098051642 422.603745720383 420.980323992677 417.300505003353 414.865966247145 413.422328384573 413.894955401875 413.364827905738 411.671955022788 411.899566045024 412.61111941419 412.4941167175 408.594868398749 406.182150279687 409.216693089822 416.131730327243 421.999164322799 409.600548278641 405.317303270513 405.450215390797 404.485188910712 402.7633455454 405.315428813335 412.760311102428 416.449790183658 404.888828913333 399.220670670022 399.202775028733 396.506839643427 394.45610082852 390.682949844445 386.70610837298 386.502953102488 387.085570835053
608.994890805557 610.714156866014 614.188396297077 614.760984768809 614.366125119956 595.949834923338 561.043152087097 534.422598091281 485.324218631629 508.01304239595 435.967577447556 434.299057614456 431.623333102228 429.793329422703 427.95074771565 426.069792062869 -9999 421.926767567915 420.260327813955 416.612575017168 414.676702406421 413.689525725197 413.670338243276 414.170193847485 412.535598608618 412.740847859133 412.891151010586 411.661031004641 408.395312404367 406.624342882167 408.733156456306 415.188295989399 420.327291130308 411.079701485171 411.493436279637 409.227126569143 407.761276792725 404.139487845569 403.462350061474 407.907011291799 415.419122908628 412.96635729467 402.912108145286 402.403160500413 397.591753587137 392.925540848649 391.433317425696 390.361975551628 389.410495777904 388.140780250785
617.593224392621 616.152017447293 614.475388486302 616.546676026753 620.606242949174 620.630995974714 619.151347706211 612.908099759983 550.453334819252 480.334972950495 435.614883073787 433.440327257849 431.60505564227 429.349528466557 426.578231611278 424.117742858322 421.129542733675 419.501962554302 418.301156762533 415.199510451849 413.3539787949 412.853680825708 412.793963626103 412.748173688708 413.665405252479 412.962246903264 412.736995346088 411.344409534892 410.996809147292 410.352916078477 409.695751363699 414.633260551974 409.091727764195 412.035748556782 418.680378431344 412.917973544307 409.783792983373 406.320821205736 403.804669212553 405.175772314301 410.577906370242 437.741955535589 520.097284769864 475.212850029709 406.799091457063 398.125218860572 396.316561600585 398.748447614383 397.109771792415 397.440740836233
619.144368832647 619.578434269692 621.072228852218 621.988979668044 623.750918010685 624.707156428695 625.279860291478 625.687416821822 562.520031732293 454.979212508482 434.949885765492 432.857088194655 430.517928051231 427.713617610296 425.790221508278 423.366061226418 420.454448935587 -9999 417.542485242408 413.531200794859 412.650752413513 412.178165212631 412.194622471458 412.07246868908 412.94768096036 412.799044268795 413.996915809583 413.835998083155 414.933457428156 415.29568024084 408.429856195135 413.720239736176 411.399251445162 411.18795254356 415.511109309697 420.851558496738 417.244723616643 407.725035153462 406.522795971435 408.426644137226 412.158861708155 432.885926260911 540.742893881192 491.889263664068 406.215172179042 399.378401412048 402.994604324931 411.239215150319 398.820831468252 403.975492928861
622.077641186802 622.467718857512 623.942092824869 625.211627857704 625.681085798556 625.830123462517 626.903147630563 625.70939681779 568.548194617204 447.374902843432 434.248989591778 432.155247578908 429.822214994559 427.032004689678 424.642358942564 421.770469728207 419.714798334085 -9999 415.941684090734 413.371825451197 412.961353716537 411.086246634574 410.969494125308 411.850666480024 411.717565578869 413.145817491318 414.333655603279 416.539629440442 417.182641941805 415.432397641756 406.46131509724 411.905735760238 416.285601249657 414.639640760635 416.85142901229 420.041091911152 416.890084719084 407.346027147485 407.632847192771 410.614955498492 412.379169251466 424.524112399216 523.042289188742 497.284380741948 408.540703925506 400.633098837975 404.895318416395 412.859091929876 401.609593509223 405.336650516296
630.814788991522 627.548909293132 627.585370489216 629.168062565305 628.295467968355 624.344311797753 626.009241555352 623.167762836656 585.721828611627 464.845779201334 434.278986940178 430.1229020146 428.20839873203 426.271902676488 423.898745269315 421.068434075817 419.024263471392 416.930234418415 415.230737455097 412.624715036531 412.138417369901 410.208490825771 409.644618789642 410.109204635073 411.547628872101 413.414701559887 413.570528097853 415.768740077758 415.071763059136 412.702550075819 406.326714042411 410.078638449345 415.74741918458 415.238868669165 414.857435477267 411.240256837815 409.363468950921 406.874194882246 407.021661700187 410.382189857562 413.599194226398 425.809077931795 491.982878352921 491.124346932873 411.98200719721 403.172211352439 407.518633747782 408.951343141208 417.479212682843 435.045034374293
636.339257311675 630.691545511161 629.452290904103 633.490507777422 634.852190415696 627.640546417977 629.202203439135 628.112415989904 594.165005155076 483.565753742079 447.371458820548 428.11112124825 426.147659883555 424.166675358422 422.197632880758 420.203046581951 418.171349900657 416.077565382342 413.94730628602 411.356739664869 412.92611118051 415.376830608465 409.515370131385 408.345560851135 411.732117784659 414.299067416277 410.809280224629 412.974458444426 414.392424995449 411.977543121899 407.672798815094 408.022254731786 412.053615285334 414.663444754739 413.813318287619 410.101809287197 411.11950072052 410.129831589757 408.410409266439 410.631407068367 430.261352628834 474.899332612154 470.291105829787 449.980403661435 410.195867819131 405.756915915617 412.222902289995 428.849872585755 465.42290691224 474.451244287663
641.710218843334 630.970254137426 631.443380805191 640.546093485497 646.701946413952 633.565107537809 633.269340308084 635.749082829948 598.469714855819 509.222653208685 482.210327860825 427.630817421793 425.466207654775 423.453221250652 421.462716167348 418.97840066958 415.994461514044 -9999 -9999 410.036230988424 411.04426685261 414.277422655986 408.771001946585 407.058714753443 408.822367880287 410.796644087903 409.606866401706 413.876578168917 415.031559016919 412.658985222133 409.339052317864 407.849485273014 414.089235167404 421.891704887115 412.460280110003 411.287157056555 413.729201677142 413.822970486694 410.755593914649 410.304020818809 443.344958449163 509.070894480587 445.976878321803 431.366700737312 418.433222775209 408.111810002938 420.04745181864 455.897036212479 480.652405259605 480.220834260327
641.839069759118 633.02848343418 637.723119600296 650.921712284628 653.408846477382 634.376924359479 633.269836745946 640.849126902004 612.371472781319 552.87617804186 507.520808859906 428.010809917576 424.668790757504 422.628915056693 420.633115610825 420.829062770635 421.350277806778 414.888910921771 412.299534280499 408.266310152151 407.415979599598 406.93276824585 406.962300714286 406.40327041019 -9999 407.002693170588 409.245827113844 414.404729559194 415.715264864317 413.822815368256 411.151692267198 407.711018145848 417.322916843102 433.84708956452 415.979877299475 413.09522568322 414.973707724962 416.02426969931 412.509316037384 410.710249100257 433.097128776956 471.016107156353 435.914671774427 461.968952634004 453.987470809256 413.17526206488 431.819998896886 471.122749385624 487.553441080706 493.665952150392
640.300364966694 635.917761980168 646.619028707937 650.25805979832 625.635280268288 637.197912085247 637.306732775549 645.290313232279 624.911660397342 585.423167261994 555.057300759865 447.002792961833 422.540836177719 420.468191031216 418.456992625037 419.044336837943 420.946942503062 414.75142843978 410.222588361415 -9999 406.586189302055 406.167836449793 406.696245167294 406.607472942643 405.82213469273 -9999 407.442866408729 414.4394513901 421.781057646542 415.100235309165 414.452828523046 409.042965414156 413.5221674197 428.463091528276 420.647753912928 414.26636638753 419.230825454896 422.721410926529 414.786556070695 412.440145554693 420.269541654567 429.399407435735 442.112810662697 482.094117577456 470.235078854678 421.646226799902 442.596213607698 463.666547317297 495.299759048652 504.392278898977
