rcp4.5models/MPi_ESM_LR/sc1gr7.16
NCOLS 261 
NROWS 433 
XLLCORNER 336357.134 
YLLCORNER 654653.479 
CELLSIZE 1000 
NODATA_value -3.4e+38 
[rows 220 to 241 of 433, columns 196 to 244 of 261]
95.8670196533203 95.9717483520508 96.0091400146484 96.0577392578125 96.1333770751953 96.2344512939453 96.3139114379883 96.5543746948242 96.6668167114258 96.7751083374023 96.8051910400391 96.8694763183594 97.1062240600586 97.186164855957 97.2127380371094 97.335807800293 97.3954086303711 97.4277877807617 97.7465133666992 97.8855438232422 97.9748077392578 98.0579528808594 98.0816268920898 98.1990509033203 98.2675323486328 98.3695755004883 98.5266189575195 -3.4e+38 98.7249908447266 98.8576965332031 99.0721054077148 99.1690292358398 -3.4e+38 -3.4e+38 -3.4e+38 -3.4e+38 -3.4e+38 -3.4e+38 -3.4e+38 -3.4e+38 -3.4e+38 -3.4e+38 -3.4e+38 -3.4e+38 -3.4e+38 -3.4e+38 -3.4e+38 -3.4e+38 -3.4e+38
95.537841796875 95.6745834350586 95.7395172119141 95.8156204223633 95.8619613647461 96.035774230957 96.1041488647461 96.332405090332 96.3879318237305 96.5130004882812 96.5324096679688 96.6227340698242 96.827522277832 96.8428268432617 96.8654403686523 97.074821472168 97.1727294921875 97.1876525878906 97.5394897460938 97.6796493530273 97.7715301513672 97.8183288574219 97.8775405883789 98.0338592529297 98.2061309814453 98.2974548339844 98.3371505737305 -3.4e+38 98.5906066894531 98.6385803222656 98.9548416137695 98.9595184326172 -3.4e+38 -3.4e+38 -3.4e+38 -3.4e+38 -3.4e+38 -3.4e+38 -3.4e+38 -3.4e+38 -3.4e+38 -3.4e+38 -3.4e+38 -3.4e+38 -3.4e+38 -3.4e+38 -3.4e+38 -3.4e+38 -3.4e+38
95.197021484375 95.4025802612305 95.4903945922852 95.5770034790039 95.6648788452148 95.7732772827148 95.886962890625 95.9880905151367 96.1042633056641 96.2108459472656 96.3188858032227 96.4075469970703 96.5097045898438 96.5787124633789 96.6624069213867 96.8487930297852 96.9694671630859 97.0340042114258 97.3534240722656 97.5033798217773 97.5826263427734 97.6936264038086 97.7922592163086 97.8691482543945 -3.4e+38 -3.4e+38 -3.4e+38 -3.4e+38 98.4409408569336 98.4872207641602 98.7794418334961 98.8171844482422 98.8775482177734 -3.4e+38 -3.4e+38 -3.4e+38 -3.4e+38 -3.4e+38 -3.4e+38 -3.4e+38 -3.4e+38 -3.4e+38 -3.4e+38 -3.4e+38 -3.4e+38 -3.4e+38 -3.4e+38 -3.4e+38 -3.4e+38
94.9886322021484 95.1369476318359 95.2673416137695 95.3128890991211 95.4586486816406 95.4935684204102 95.5891189575195 95.7482986450195 95.9082412719727 95.9975051879883 96.1044845581055 96.1627807617188 96.2581634521484 96.4708251953125 96.5779418945312 96.6637191772461 96.7580413818359 96.9264450073242 97.1876754760742 97.3186721801758 97.3737487792969 97.5326614379883 97.7397003173828 97.7612991333008 -3.4e+38 -3.4e+38 -3.4e+38 -3.4e+38 98.3058929443359 98.372932434082 98.6489105224609 98.7382125854492 98.8317260742188 98.97802734375 99.067756652832 -3.4e+38 -3.4e+38 -3.4e+38 -3.4e+38 -3.4e+38 -3.4e+38 -3.4e+38 -3.4e+38 -3.4e+38 -3.4e+38 -3.4e+38 -3.4e+38 -3.4e+38 -3.4e+38
94.8435287475586 94.875 95.0039443969727 95.1135864257812 95.2279281616211 95.2044296264648 95.2974548339844 95.5694427490234 95.6749114990234 95.8301315307617 95.9536361694336 95.9792785644531 96.0240097045898 96.1831283569336 96.4020233154297 96.5331497192383 96.5880432128906 96.7695617675781 96.9843368530273 97.0990600585938 97.1638336181641 97.3024978637695 97.5283432006836 -3.4e+38 -3.4e+38 97.8533554077148 98.0048599243164 98.1313095092773 98.2339324951172 98.2977828979492 98.4882659912109 98.6466598510742 98.7744293212891 98.8516845703125 98.9696044921875 99.063835144043 99.2053451538086 -3.4e+38 -3.4e+38 -3.4e+38 -3.4e+38 -3.4e+38 -3.4e+38 -3.4e+38 -3.4e+38 -3.4e+38 -3.4e+38 -3.4e+38 -3.4e+38
94.6001892089844 94.6062774658203 94.7044296264648 94.8873138427734 95.025016784668 -3.4e+38 -3.4e+38 95.3269958496094 95.4215698242188 95.5427703857422 95.7105178833008 95.7731018066406 95.7481307983398 95.8499755859375 96.1231155395508 96.2728576660156 96.3582916259766 96.4969863891602 96.7396697998047 96.8888702392578 96.9772338867188 97.0590362548828 97.2533798217773 97.4726638793945 97.6053771972656 97.6823272705078 97.8114547729492 98.0363464355469 98.1200942993164 98.1719360351562 98.378288269043 98.5051574707031 98.6731719970703 98.7318954467773 98.8403625488281 98.9514236450195 99.0703964233398 99.2376937866211 -3.4e+38 -3.4e+38 -3.4e+38 -3.4e+38 -3.4e+38 -3.4e+38 -3.4e+38 -3.4e+38 -3.4e+38 -3.4e+38 -3.4e+38
94.3005065917969 94.332649230957 94.4192962646484 94.5755462646484 94.7276382446289 94.7818603515625 94.8494186401367 94.903938293457 95.0362854003906 95.2195739746094 95.3695068359375 95.5176391601562 95.5884475708008 95.7013092041016 95.8922653198242 95.9996337890625 96.1467514038086 96.3084411621094 96.5379791259766 96.677734375 96.8306579589844 96.8413162231445 96.9927978515625 97.2018814086914 97.357551574707 97.4523086547852 97.6560134887695 97.8915405273438 97.924934387207 98.0508499145508 98.3308258056641 98.383430480957 98.5341873168945 98.6252059936523 98.7584075927734 98.8952178955078 98.9909896850586 99.1216049194336 -3.4e+38 -3.4e+38 -3.4e+38 -3.4e+38 -3.4e+38 -3.4e+38 -3.4e+38 -3.4e+38 -3.4e+38 -3.4e+38 -3.4e+38
94.0367279052734 94.0937881469727 94.1487579345703 94.3121337890625 94.3780288696289 94.3946228027344 94.5120620727539 94.5723342895508 94.7854156494141 95.0322341918945 95.1177673339844 95.286491394043 95.406120300293 95.5304641723633 95.657958984375 95.8236465454102 95.9543838500977 96.083869934082 96.3278579711914 96.4520492553711 96.6516647338867 96.7138824462891 96.8027267456055 96.9669570922852 97.1664352416992 97.3190078735352 97.4354095458984 97.6363143920898 97.6950607299805 97.870979309082 98.2171630859375 98.3242111206055 98.4447250366211 98.4959259033203 98.6695861816406 98.877311706543 98.9434661865234 99.0162811279297 99.1713104248047 -3.4e+38 -3.4e+38 -3.4e+38 -3.4e+38 -3.4e+38 -3.4e+38 -3.4e+38 -3.4e+38 -3.4e+38 -3.4e+38
93.7071228027344 93.7763595581055 93.8515167236328 93.9534759521484 94.0034484863281 94.0674438476562 94.1534805297852 94.5119476318359 94.6695022583008 94.8454666137695 94.9319686889648 95.0400314331055 95.1572341918945 95.3611679077148 95.5249557495117 95.6521453857422 95.7361679077148 95.8459625244141 96.1312866210938 96.2639312744141 96.4346618652344 96.6082611083984 96.7439041137695 96.8043441772461 97.0047454833984 97.1970825195312 97.2356262207031 97.3915100097656 97.5530853271484 97.7484130859375 98.030647277832 98.2054061889648 98.3464050292969 98.404411315918 98.6052093505859 98.7312774658203 98.8154373168945 98.9781494140625 99.1117095947266 99.1346893310547 -3.4e+38 -3.4e+38 -3.4e+38 -3.4e+38 -3.4e+38 -3.4e+38 -3.4e+38 -3.4e+38 -3.4e+38
93.3786773681641 93.4333877563477 93.5207977294922 93.5578994750977 93.5750961303711 93.8656158447266 93.9563369750977 94.0121459960938 94.2375106811523 94.4679336547852 94.5670013427734 94.7310333251953 94.8856658935547 95.1030044555664 95.2712936401367 95.3819580078125 95.4969635009766 95.6418228149414 95.9350967407227 96.1312637329102 96.2156677246094 96.3964996337891 96.6310577392578 96.6868057250977 96.841682434082 97.0208282470703 97.133415222168 97.2604827880859 97.4229507446289 97.5824203491211 97.8225479125977 98.0577392578125 -3.4e+38 -3.4e+38 -3.4e+38 -3.4e+38 98.7375717163086 98.9168548583984 99.0122604370117 99.1092300415039 99.2158737182617 99.4890213012695 -3.4e+38 -3.4e+38 -3.4e+38 -3.4e+38 -3.4e+38 -3.4e+38 -3.4e+38
93.0957107543945 93.1489944458008 93.2908172607422 93.4173431396484 93.4316177368164 93.6516876220703 93.7215576171875 93.6069793701172 93.744255065918 94.0620803833008 94.0096588134766 94.2939605712891 94.6253128051758 94.7646102905273 94.921501159668 95.0997161865234 95.2665328979492 95.4143218994141 95.7081756591797 95.8643417358398 95.9694900512695 96.1632537841797 96.4389266967773 96.5389785766602 96.6798400878906 96.8277587890625 96.9747695922852 97.1475219726562 97.2419662475586 97.3718109130859 97.6389846801758 97.8842391967773 -3.4e+38 -3.4e+38 -3.4e+38 -3.4e+38 -3.4e+38 98.8091812133789 98.9380416870117 99.0948791503906 99.2292251586914 99.4297866821289 99.6223297119141 -3.4e+38 -3.4e+38 -3.4e+38 -3.4e+38 -3.4e+38 -3.4e+38
92.5224533081055 92.605598449707 92.5375671386719 92.4147262573242 92.6636276245117 92.8892822265625 92.9815673828125 93.3264999389648 93.4812316894531 93.6859130859375 93.8334121704102 93.9721832275391 94.2038116455078 94.3578414916992 94.4160614013672 94.7224655151367 94.9623260498047 95.009521484375 95.3144378662109 95.4148941040039 95.6219177246094 95.7760696411133 95.9406433105469 96.1056747436523 96.2558212280273 96.3668975830078 96.5805740356445 96.8140029907227 97.0131301879883 97.1896667480469 97.4886856079102 -3.4e+38 -3.4e+38 -3.4e+38 -3.4e+38 -3.4e+38 -3.4e+38 -3.4e+38 -3.4e+38 -3.4e+38 99.0957565307617 99.3096008300781 99.3808898925781 99.5130004882812 -3.4e+38 -3.4e+38 -3.4e+38 -3.4e+38 -3.4e+38
92.2388229370117 92.2595596313477 92.1105194091797 92.1012344360352 92.3330078125 92.6083297729492 92.6871871948242 93.0097351074219 93.2427291870117 93.4823226928711 93.6847839355469 93.7646026611328 93.9591445922852 94.14501953125 94.2255096435547 94.5160217285156 94.8045349121094 94.8942260742188 95.1209030151367 95.2998962402344 95.4573822021484 95.5353088378906 95.7727432250977 95.958137512207 96.0959701538086 96.1696090698242 96.337646484375 96.5880737304688 96.723030090332 97.0018920898438 97.3007736206055 97.4461059570312 -3.4e+38 -3.4e+38 -3.4e+38 -3.4e+38 -3.4e+38 -3.4e+38 -3.4e+38 -3.4e+38 -3.4e+38 99.2158813476562 99.3281860351562 99.468879699707 99.586067199707 99.6510467529297 -3.4e+38 -3.4e+38 -3.4e+38
91.9637985229492 91.8785171508789 91.7573318481445 92.1346664428711 92.2230606079102 92.3522720336914 92.5058441162109 92.6814270019531 93.0724105834961 93.2684173583984 93.3877944946289 -3.4e+38 93.7536010742188 93.9125900268555 94.0685729980469 94.2832565307617 94.457649230957 94.575813293457 94.8988494873047 95.1109771728516 95.2694778442383 95.3505859375 95.5348434448242 95.6871566772461 95.8587036132812 95.9847717285156 96.1611328125 96.3882675170898 96.5416946411133 96.7693862915039 97.1959609985352 -3.4e+38 -3.4e+38 -3.4e+38 -3.4e+38 -3.4e+38 98.1160659790039 -3.4e+38 -3.4e+38 -3.4e+38 -3.4e+38 99.1471481323242 -3.4e+38 99.4734649658203 99.5257797241211 -3.4e+38 -3.4e+38 -3.4e+38 -3.4e+38
91.689208984375 91.6872177124023 91.7382965087891 92.005256652832 92.1024017333984 92.1824569702148 92.3229293823242 92.5489730834961 92.8241806030273 92.9929885864258 92.974250793457 93.0743408203125 93.5479507446289 93.7099151611328 93.8853912353516 94.0273056030273 94.1602249145508 94.2643966674805 94.6610336303711 94.8354797363281 94.9675140380859 95.1006851196289 95.3112411499023 95.4716720581055 95.6709594726562 95.8557662963867 96.0962448120117 96.2354736328125 96.3919219970703 96.6130065917969 96.9357299804688 97.0326690673828 97.3010864257812 97.4999618530273 -3.4e+38 97.7943801879883 97.9147109985352 98.2536544799805 98.4598388671875 -3.4e+38 -3.4e+38 99.1725006103516 99.3064041137695 -3.4e+38 99.5209045410156 -3.4e+38 99.6352844238281 -3.4e+38 -3.4e+38
91.4438095092773 91.5132827758789 91.6099700927734 91.6869583129883 91.8270111083984 92.0452728271484 92.1235961914062 92.2913284301758 92.4248580932617 92.7097015380859 92.7638549804688 92.8498229980469 93.2427062988281 93.4725112915039 93.6832809448242 93.8107528686523 93.9396286010742 94.0922470092773 94.3894500732422 94.5601043701172 94.7099838256836 -3.4e+38 95.0264053344727 95.2031326293945 95.4582595825195 95.686279296875 95.9326553344727 96.0146102905273 96.1189880371094 96.354133605957 96.6826782226562 96.8929748535156 97.1658325195312 97.3668365478516 97.5322418212891 97.6808242797852 97.8569793701172 98.0519561767578 -3.4e+38 -3.4e+38 -3.4e+38 99.0376892089844 99.1962890625 99.3188552856445 99.4720840454102 -3.4e+38 99.5955200195312 99.5608062744141 -3.4e+38
91.1914596557617 91.2620620727539 91.2646865844727 91.4111557006836 91.5793151855469 91.8249130249023 91.9061431884766 91.9850845336914 92.1635894775391 92.3770980834961 92.6010437011719 92.8476943969727 93.0116958618164 93.1398849487305 93.348030090332 93.5474548339844 93.7022705078125 93.8914337158203 94.1318206787109 94.3163681030273 94.5101852416992 94.6768112182617 94.7915496826172 94.9717712402344 -3.4e+38 95.3687362670898 95.5195236206055 95.7046127319336 95.9226150512695 96.0752258300781 96.5686798095703 96.7229537963867 96.8891677856445 97.1137924194336 97.3976287841797 97.5652542114258 97.7280349731445 97.8535995483398 -3.4e+38 98.3199234008789 -3.4e+38 -3.4e+38 99.0928344726562 -3.4e+38 -3.4e+38 -3.4e+38 99.4763870239258 99.5777816772461 -3.4e+38
90.8862228393555 90.9873275756836 91.0729064941406 91.2287826538086 91.3685913085938 91.5156631469727 91.6497955322266 91.7733612060547 91.9636688232422 92.1533966064453 92.3420639038086 -3.4e+38 92.7179946899414 92.8512344360352 93.0083923339844 93.2674255371094 93.5237045288086 93.672248840332 93.9281005859375 94.0758361816406 94.1918487548828 94.3530883789062 94.6063537597656 -3.4e+38 94.9238739013672 95.039924621582 95.1275939941406 95.3963165283203 95.7482681274414 95.9873886108398 96.3426666259766 96.4936141967773 96.7057037353516 96.9063110351562 97.1969680786133 97.3561019897461 97.4793319702148 97.6473159790039 97.8033065795898 98.0134124755859 98.2908477783203 -3.4e+38 -3.4e+38 -3.4e+38 -3.4e+38 -3.4e+38 -3.4e+38 99.365104675293 99.3415145874023
90.6454925537109 90.7624435424805 90.9333038330078 91.0695419311523 91.1846008300781 91.2279281616211 91.3697128295898 91.528938293457 91.6885528564453 92.0028381347656 92.1300582885742 92.2870101928711 92.4433288574219 92.6701507568359 92.8301467895508 93.0089492797852 93.2786560058594 93.477294921875 93.6701431274414 93.8673477172852 93.9200210571289 94.0405197143555 94.31103515625 94.4973831176758 94.6930770874023 94.7546463012695 94.9872970581055 95.1805267333984 95.5496978759766 95.7786483764648 96.1222534179688 96.3447265625 96.5398101806641 96.7321166992188 96.9087600708008 97.0557632446289 97.223876953125 97.4339599609375 97.6790924072266 97.8404083251953 98.0940246582031 -3.4e+38 -3.4e+38 -3.4e+38 -3.4e+38 -3.4e+38 -3.4e+38 99.1323852539062 99.1778564453125
90.3832778930664 90.5142288208008 90.6152420043945 90.7965393066406 90.9428405761719 91.0390472412109 91.1858444213867 91.3171768188477 91.4398956298828 91.7430801391602 91.9124298095703 92.0250701904297 92.2141571044922 92.4198379516602 92.5613021850586 92.7295608520508 92.9744491577148 93.2056198120117 93.434196472168 93.6528396606445 93.7123565673828 93.8051681518555 93.976692199707 94.1431121826172 94.3691787719727 94.4142227172852 94.7406845092773 95.0452346801758 95.3278732299805 95.4309921264648 95.8474426269531 96.1642227172852 96.3307876586914 96.4820098876953 96.5535125732422 96.7758255004883 97.0311737060547 97.263801574707 97.5310211181641 97.7397689819336 97.9330139160156 -3.4e+38 98.5535659790039 98.6972808837891 -3.4e+38 -3.4e+38 -3.4e+38 -3.4e+38 98.9746704101562
90.0743179321289 90.225715637207 90.3266983032227 90.5648422241211 90.644157409668 90.765625 90.9487380981445 91.1456604003906 91.2910614013672 91.476676940918 91.7076873779297 91.7960968017578 91.9330215454102 92.1428451538086 92.2755661010742 92.404426574707 92.6466445922852 92.8769912719727 93.19482421875 93.3860015869141 -3.4e+38 93.5445556640625 93.6908874511719 93.8574676513672 94.0915374755859 94.2408981323242 94.5277786254883 94.8874130249023 95.0913772583008 95.2457809448242 95.5411834716797 95.8373031616211 96.1438217163086 96.2681121826172 96.3147506713867 96.5126266479492 96.7678604125977 97.0086364746094 97.3321990966797 97.5254058837891 97.6860275268555 98.055908203125 98.3084716796875 98.4889678955078 -3.4e+38 -3.4e+38 -3.4e+38 -3.4e+38 98.7855758666992
89.8282699584961 89.9307250976562 90.1350555419922 90.3099899291992 90.3950576782227 90.492805480957 90.686393737793 90.9006881713867 91.0668182373047 91.2231292724609 91.3730163574219 91.5021896362305 91.6984100341797 91.8413925170898 91.9470443725586 92.1222763061523 92.4064407348633 -3.4e+38 92.8899307250977 93.0640029907227 -3.4e+38 93.3612442016602 93.4811019897461 93.6422119140625 93.9108047485352 94.1624603271484 94.3211288452148 94.537727355957 94.7385177612305 95.0131225585938 95.3913192749023 95.5538558959961 95.8329391479492 96.0246200561523 96.0912475585938 96.2316665649414 96.5295181274414 96.7337341308594 97.0604629516602 97.2805328369141 97.4266815185547 97.8407440185547 98.0390014648438 -3.4e+38 -3.4e+38 -3.4e+38 -3.4e+38 98.6591720581055 98.6102066040039
