rcp4.5models/MPi_ESM_LR/sc1gr8.15
NCOLS 261 
NROWS 433 
XLLCORNER 336357.134 
YLLCORNER 654653.479 
CELLSIZE 1000 
NODATA_value -3.4e+38 
[rows 220 to 241 of 433, columns 147 to 195 of 261]
171.157150268555 173.555450439453 175.489547729492 177.752288818359 179.711395263672 177.047790527344 171.902816772461 175.762817382812 172.365966796875 168.702941894531 165.598892211914 159.579055786133 156.894165039062 153.822570800781 151.794555664062 149.626953125 147.1064453125 145.091827392578 -3.4e+38 141.476623535156 139.934387207031 138.65315246582 136.080154418945 134.990417480469 134.079406738281 133.471984863281 132.820358276367 131.591522216797 131.033386230469 130.308471679688 129.845077514648 129.721908569336 129.48095703125 128.462661743164 128.407608032227 127.999908447266 127.201324462891 126.291305541992 125.250335693359 124.404739379883 123.527519226074 123.319206237793 123.195945739746 123.104354858398 122.758087158203 122.55330657959 122.614524841309 122.728363037109 122.320014953613
170.928283691406 173.400390625 175.475860595703 177.278778076172 177.855239868164 173.250442504883 167.640228271484 175.224990844727 172.652633666992 169.640274047852 166.729995727539 160.178146362305 157.242492675781 154.458709716797 151.720687866211 149.502944946289 147.259231567383 145.233673095703 143.574630737305 142.087921142578 140.457901000977 138.981140136719 136.083557128906 135.095947265625 134.459075927734 134.476119995117 133.665252685547 132.3876953125 131.009185791016 130.292404174805 129.83561706543 129.799789428711 129.560592651367 128.453582763672 128.399917602539 128.307418823242 127.282157897949 126.423599243164 125.389373779297 124.564865112305 123.961456298828 123.779457092285 123.355453491211 123.201110839844 122.989761352539 122.989402770996 122.617149353027 122.564270019531 122.298439025879
170.47607421875 172.832305908203 174.737274169922 175.898803710938 175.703018188477 173.714736938477 171.945281982422 173.948028564453 171.822479248047 169.188903808594 166.200225830078 159.90559387207 157.000671386719 154.284957885742 151.725021362305 149.578384399414 147.796005249023 145.915481567383 144.614196777344 142.928253173828 141.003829956055 139.640518188477 136.344787597656 135.431289672852 135.417343139648 135.270431518555 134.716049194336 132.924987792969 131.52033996582 131.10578918457 130.302825927734 130.026565551758 129.801345825195 129.46321105957 129.138336181641 128.418228149414 127.546615600586 127.185173034668 126.336982727051 125.240875244141 124.330474853516 123.733871459961 123.545860290527 123.572898864746 123.573471069336 123.221061706543 122.840637207031 122.914367675781 122.910942077637
170.478439331055 172.141479492188 173.809509277344 174.144912719727 174.006942749023 173.294769287109 172.725784301758 172.319549560547 170.396331787109 167.768295288086 164.816253662109 159.25032043457 156.624465942383 154.001495361328 151.971832275391 149.955520629883 148.007675170898 146.201843261719 144.845886230469 142.743911743164 140.858245849609 139.463821411133 137.374710083008 136.195022583008 135.767196655273 135.491333007812 135.229797363281 133.025924682617 131.976989746094 131.807754516602 130.896759033203 129.815826416016 129.450134277344 129.897064208984 129.602752685547 128.685256958008 127.56404876709 127.605392456055 126.64525604248 125.594955444336 124.455436706543 123.827438354492 123.575439453125 124.047370910645 123.922294616699 123.421699523926 123.63988494873 123.866851806641 123.557960510254
170.171859741211 171.225433349609 172.623153686523 172.730209350586 170.910202026367 167.695251464844 169.327987670898 171.109680175781 169.387023925781 166.887512207031 164.047302246094 158.608001708984 156.251708984375 154.1689453125 152.151992797852 150.396942138672 148.791061401367 146.367568969727 144.698638916016 142.790542602539 141.047790527344 139.468276977539 138.070129394531 136.87614440918 135.689407348633 135.284255981445 134.958923339844 133.221267700195 132.077239990234 131.44548034668 130.862228393555 129.960510253906 129.697372436523 129.444152832031 129.227157592773 128.425567626953 127.349411010742 127.218193054199 125.995254516602 125.136642456055 124.417907714844 124.138946533203 124.195236206055 124.253494262695 123.91219329834 124.086303710938 124.007469177246 124.005104064941 123.353393554688
169.079925537109 169.867538452148 170.910736083984 171.081924438477 168.56462097168 164.577926635742 167.806198120117 169.769653320312 168.145370483398 166.013534545898 163.478851318359 158.548263549805 156.219131469727 153.802917480469 151.881607055664 150.304168701172 148.941619873047 146.478408813477 144.921020507812 143.004302978516 141.282348632812 139.705764770508 137.606140136719 136.642044067383 135.54768371582 135.356948852539 134.559509277344 133.277114868164 132.269012451172 131.263687133789 131.030807495117 130.591888427734 130.302398681641 129.309143066406 129.167709350586 128.46418762207 127.490936279297 126.657211303711 125.723503112793 125.265441894531 124.971519470215 124.595764160156 124.606498718262 124.343109130859 124.017074584961 124.306854248047 123.661231994629 123.869277954102 123.067161560059
168.027420043945 168.560668945312 168.872512817383 168.662292480469 167.403366088867 166.141159057617 168.257751464844 167.789291381836 166.464706420898 164.598861694336 162.702972412109 157.749404907227 155.641937255859 153.309936523438 151.316314697266 149.625289916992 148.63508605957 146.698501586914 144.964492797852 142.646896362305 140.868408203125 139.580322265625 137.321273803711 136.681411743164 135.905868530273 135.530044555664 134.505340576172 133.398025512695 132.874389648438 131.915420532227 131.394027709961 131.153503417969 130.45475769043 129.70051574707 129.317993164062 128.667037963867 127.887535095215 126.79426574707 125.903594970703 125.655853271484 125.542175292969 124.943710327148 124.616592407227 124.701438903809 124.612457275391 124.051300048828 124.116218566895 124.540046691895 123.413177490234
166.714706420898 166.766220092773 166.048980712891 165.15217590332 165.725723266602 164.989944458008 166.932327270508 166.017730712891 164.845138549805 163.435592651367 161.880279541016 156.850738525391 154.995010375977 153.162933349609 151.205322265625 149.384094238281 148.439117431641 146.981063842773 144.580490112305 142.506942749023 140.756103515625 139.436904907227 137.951690673828 136.946212768555 136.037536621094 135.520812988281 134.465255737305 133.267028808594 133.203323364258 132.257354736328 131.568557739258 130.944381713867 130.785186767578 129.904541015625 128.991943359375 128.129913330078 127.561752319336 127.227401733398 126.286247253418 125.990936279297 125.473182678223 124.999137878418 124.63582611084 125.158195495605 125.099273681641 124.439964294434 124.982955932617 124.659767150879 123.659637451172
165.619033813477 165.331909179688 163.271087646484 160.909530639648 162.384796142578 161.99462890625 165.274124145508 164.769821166992 163.584167480469 161.819580078125 160.082092285156 155.967590332031 154.493850708008 152.853866577148 150.716583251953 149.11589050293 148.043167114258 146.49967956543 143.792022705078 142.121078491211 140.609710693359 139.2626953125 138.210189819336 137.183944702148 135.874893188477 135.370010375977 134.833969116211 133.677062988281 133.461761474609 132.405532836914 132.011276245117 131.481399536133 131.329055786133 129.579391479492 128.815200805664 128.371551513672 127.591659545898 127.153411865234 126.487380981445 126.093070983887 125.707565307617 125.457092285156 125.235717773438 125.352920532227 125.083320617676 125.373817443848 125.217063903809 124.66837310791 123.744888305664
164.414260864258 164.303894042969 161.800582885742 158.460525512695 159.28645324707 159.236328125 163.022079467773 163.282806396484 162.22216796875 160.172134399414 158.104751586914 154.664566040039 153.554351806641 152.583374023438 150.067764282227 148.253433227539 147.344528198242 145.920181274414 143.60498046875 141.779739379883 140.602691650391 139.335693359375 137.314041137695 136.498275756836 135.80615234375 135.3662109375 134.958877563477 134.150497436523 133.670074462891 133.099090576172 132.548110961914 132.149459838867 131.336090087891 129.601501464844 129.206558227539 128.609970092773 127.821166992188 127.075592041016 126.502708435059 126.193580627441 126.188507080078 125.846694946289 125.371299743652 124.738357543945 124.845405578613 125.057563781738 124.847518920898 125.046463012695 124.792442321777
163.145294189453 163.107269287109 161.637252807617 159.146774291992 158.284286499023 158.342575073242 161.367111206055 161.570098876953 160.566833496094 159.015350341797 157.180435180664 154.118545532227 152.991668701172 151.631225585938 149.148788452148 147.489730834961 146.854690551758 145.632415771484 143.491470336914 141.702926635742 140.381622314453 138.973022460938 136.953155517578 136.292114257812 135.940765380859 135.437194824219 134.712280273438 134.138778686523 133.761657714844 133.2353515625 132.679702758789 132.076416015625 131.704071044922 129.954162597656 129.225631713867 128.420852661133 127.628105163574 126.961380004883 126.671203613281 126.480415344238 126.430633544922 125.902976989746 125.249198913574 124.760734558105 125.109329223633 124.784507751465 125.014274597168 125.611709594727 125.623489379883
161.108169555664 160.445373535156 158.982955932617 158.55322265625 159.127655029297 158.559494018555 158.775772094727 159.049865722656 157.956344604492 156.396469116211 155.23600769043 152.707778930664 150.908020019531 149.290298461914 147.492080688477 146.010513305664 145.479339599609 144.922012329102 142.769256591797 141.262283325195 139.921539306641 139.118301391602 136.213073730469 135.204223632812 134.712615966797 133.879760742188 134.080307006836 133.661056518555 132.726089477539 132.130752563477 132.801544189453 132.526519775391 131.844207763672 130.289901733398 130.047119140625 129.357666015625 128.704071044922 128.146209716797 127.225730895996 127.283782958984 127.887641906738 127.838470458984 126.664459228516 125.50764465332 125.42992401123 126.083419799805 125.58349609375 125.367454528809 125.56812286377
160.136276245117 159.51953125 158.505462646484 159.679489135742 160.648834228516 157.49169921875 157.473739624023 157.822616577148 156.725845336914 155.149719238281 154.01789855957 151.753997802734 150.082015991211 148.832656860352 147.054916381836 145.45573425293 144.463989257812 143.91520690918 142.61555480957 141.112014770508 139.456512451172 138.185302734375 135.369140625 134.506881713867 134.454818725586 133.78337097168 133.649169921875 133.421371459961 133.097763061523 132.744415283203 132.730072021484 132.633804321289 132.498931884766 130.711685180664 130.518936157227 128.947448730469 -3.4e+38 -3.4e+38 127.703254699707 127.600212097168 127.964515686035 127.579986572266 126.553512573242 125.557151794434 125.68856048584 125.730094909668 125.845504760742 126.070655822754 126.009536743164
159.139038085938 159.041259765625 158.921768188477 158.889541625977 159.132171630859 157.582992553711 157.003646850586 156.421463012695 155.487243652344 153.953155517578 152.688140869141 149.909759521484 148.342224121094 147.689315795898 146.178115844727 -3.4e+38 143.197967529297 142.148422241211 141.420516967773 140.040603637695 138.488998413086 137.047668457031 135.085464477539 134.383544921875 134.229721069336 133.850463867188 133.08349609375 132.87370300293 134.185119628906 134.0634765625 132.112045288086 132.513854980469 132.731414794922 130.525100708008 129.948135375977 128.851501464844 128.199325561523 -3.4e+38 -3.4e+38 128.189697265625 127.54077911377 126.772476196289 126.261726379395 125.931121826172 126.128433227539 126.186172485352 126.331840515137 126.633010864258 126.321395874023
158.484420776367 158.434188842773 158.237594604492 157.319351196289 157.086532592773 157.2578125 156.056228637695 154.648483276367 153.820831298828 152.526565551758 151.305679321289 148.561904907227 147.114044189453 145.782577514648 144.615631103516 143.363784790039 142.226821899414 141.532821655273 140.726333618164 139.536819458008 138.002243041992 136.492980957031 135.052825927734 134.076126098633 133.406997680664 133.293960571289 132.975891113281 132.348327636719 133.747680664062 134.454498291016 132.294662475586 132.057312011719 132.001388549805 130.161041259766 129.588394165039 129.030670166016 128.230621337891 -3.4e+38 128.387405395508 128.4912109375 127.331726074219 126.51953125 126.337593078613 126.093101501465 126.110054016113 127.062995910645 126.447059631348 126.285850524902 126.436302185059
157.470550537109 157.332397460938 157.255783081055 157.120651245117 157.020568847656 156.007415771484 154.537750244141 153.593505859375 152.3369140625 150.961273193359 150.165908813477 147.654190063477 146.081283569336 144.684494018555 143.829681396484 -3.4e+38 141.382995605469 140.767715454102 140.071304321289 138.797302246094 137.476272583008 136.136169433594 134.499969482422 133.315658569336 132.761932373047 132.859832763672 133.006881713867 131.989028930664 133.149520874023 135.095642089844 132.825744628906 131.881484985352 131.279998779297 129.710723876953 129.605804443359 128.769439697266 -3.4e+38 127.963180541992 128.671356201172 128.906921386719 128.02897644043 127.004821777344 126.325965881348 125.842094421387 126.362449645996 127.876068115234 127.573921203613 127.222549438477 126.988258361816
156.667053222656 156.806243896484 157.603729248047 159.483306884766 158.87077331543 154.676879882812 153.323303222656 152.539184570312 151.290252685547 150.255142211914 149.289520263672 146.411880493164 144.971420288086 143.922805786133 143.315292358398 141.871292114258 140.344451904297 139.403549194336 139.051834106445 138.112335205078 136.878860473633 135.858016967773 134.063919067383 132.945068359375 132.440948486328 132.287704467773 132.322937011719 131.775955200195 133.182037353516 135.047180175781 132.898529052734 131.743728637695 130.940246582031 129.476699829102 129.18928527832 128.101348876953 -3.4e+38 130.398071289062 132.453018188477 130.993988037109 129.175628662109 127.499626159668 126.714370727539 126.229095458984 126.699554443359 127.579681396484 128.273818969727 128.945999145508 128.405319213867
155.950897216797 156.539855957031 157.577880859375 159.597579956055 157.534439086914 153.425857543945 152.130004882812 151.016464233398 150.13557434082 149.154296875 147.914566040039 145.363357543945 144.118698120117 143.101669311523 142.217483520508 140.359664916992 139.165756225586 138.257766723633 138.008178710938 137.28645324707 136.326583862305 135.801696777344 133.696166992188 132.485687255859 132.028289794922 131.580047607422 131.456848144531 132.177764892578 132.862518310547 133.554672241211 132.469955444336 131.60383605957 130.558135986328 129.822769165039 128.524780273438 127.519302368164 127.769195556641 131.192977905273 135.894073486328 134.613571166992 128.757736206055 127.777244567871 126.97021484375 126.366561889648 126.909149169922 127.621040344238 128.243438720703 129.110122680664 129.332290649414
155.144729614258 156.008193969727 156.577911376953 156.432098388672 154.045013427734 152.179153442383 150.657409667969 149.822479248047 149.09635925293 147.72151184082 146.248901367188 144.489120483398 143.244262695312 142.06330871582 140.824920654297 138.949630737305 -3.4e+38 137.455993652344 137.227096557617 136.629486083984 135.894180297852 135.424041748047 133.030548095703 131.79426574707 131.500473022461 131.767303466797 132.05647277832 133.747955322266 135.412902832031 133.966690063477 131.844482421875 130.84928894043 129.855010986328 128.98876953125 127.811126708984 127.443206787109 127.481750488281 130.736663818359 138.293991088867 138.958862304688 130.977142333984 127.276947021484 126.417472839355 126.138198852539 -3.4e+38 127.886489868164 128.273834228516 128.793960571289 129.379150390625
154.728057861328 155.37971496582 159.032073974609 161.578552246094 152.601913452148 151.278869628906 149.77912902832 148.675338745117 147.594635009766 146.553970336914 145.117858886719 143.508666992188 141.947998046875 140.469451904297 139.305160522461 137.986389160156 136.966415405273 136.506240844727 135.996917724609 135.583114624023 135.290649414062 135.053558349609 132.270843505859 131.223022460938 131.089508056641 131.440399169922 131.619018554688 133.033889770508 135.424850463867 133.755889892578 131.397506713867 -3.4e+38 129.363708496094 128.519500732422 127.544151306152 127.732040405273 128.002288818359 130.792999267578 137.279556274414 137.974243164062 130.152084350586 126.540229797363 126.176322937012 -3.4e+38 127.303092956543 128.091583251953 128.056015014648 128.922775268555 129.870635986328
154.578659057617 155.835388183594 160.220016479492 163.438217163086 152.425109863281 150.792633056641 149.100601196289 147.813446044922 146.780227661133 145.699401855469 144.247894287109 141.917892456055 140.639846801758 139.670318603516 138.389129638672 136.978012084961 135.984817504883 134.926803588867 134.322341918945 133.675399780273 133.533843994141 133.718460083008 131.847213745117 130.707092285156 130.760406494141 131.30632019043 130.334411621094 131.106094360352 131.919631958008 131.679992675781 131.204696655273 130.412933349609 129.408676147461 128.63639831543 127.576919555664 127.86304473877 128.891723632812 129.748672485352 131.502517700195 132.805740356445 129.668243408203 126.284034729004 126.762084960938 -3.4e+38 -3.4e+38 128.445419311523 128.348648071289 128.878234863281 129.790756225586
154.666366577148 158.184692382812 162.045425415039 160.823211669922 152.94596862793 150.723449707031 148.364517211914 147.366561889648 145.994323730469 144.353744506836 142.971221923828 140.604339599609 139.822937011719 138.80827331543 137.56169128418 136.183746337891 135.188842773438 134.210586547852 133.686126708984 133.024688720703 132.315734863281 132.165756225586 131.192443847656 130.213562011719 130.238891601562 131.071884155273 130.390823364258 130.534194946289 130.261032104492 130.65934753418 130.745178222656 129.871673583984 129.308151245117 128.106582641602 127.198539733887 127.483337402344 128.910140991211 128.79931640625 -3.4e+38 -3.4e+38 129.781402587891 126.445587158203 127.271217346191 127.222610473633 127.323745727539 128.470474243164 128.595413208008 129.02897644043 129.526992797852
