rcp8.5models/MPI_ESM_LR/sc1gr9.32
NCOLS 261 
NROWS 433 
XLLCORNER 336357.134 
YLLCORNER 654653.479 
CELLSIZE 1000 
NODATA_value -3.4e+38 
[rows 198 to 219 of 433, columns 147 to 195 of 261]
238.152587890625 238.649627685547 238.668807983398 -3.4e+38 -3.4e+38 -3.4e+38 243.51545715332 221.164642333984 196.347503662109 249.043594360352 251.242858886719 156.799575805664 160.691757202148 234.426422119141 208.890441894531 264.679840087891 244.366256713867 222.829284667969 220.716247558594 118.7861328125 147.670440673828 229.396987915039 179.009780883789 175.56982421875 283.818450927734 285.645629882812 261.703521728516 182.442413330078 122.956832885742 123.084892272949 123.270156860352 123.861976623535 124.24976348877 186.367477416992 124.246803283691 124.575050354004 125.435905456543 125.227088928223 125.346481323242 125.571434020996 125.875267028809 126.318237304688 126.149604797363 126.103721618652 125.874694824219 125.509628295898 126.033073425293 125.953742980957 125.934463500977
239.629745483398 240.028411865234 -3.4e+38 -3.4e+38 -3.4e+38 241.805206298828 225.989883422852 188.300735473633 204.727798461914 249.859329223633 232.555511474609 113.194107055664 161.550842285156 213.015411376953 138.340362548828 211.541931152344 241.276962280273 187.576629638672 165.962158203125 119.428375244141 172.379241943359 249.31901550293 227.831481933594 175.934417724609 284.729522705078 256.332550048828 198.046768188477 204.006103515625 183.343612670898 123.522972106934 123.562896728516 155.972015380859 185.964996337891 176.388641357422 124.458351135254 124.917144775391 125.716522216797 125.435173034668 125.236137390137 125.25186920166 125.556701660156 126.020210266113 125.780502319336 125.623725891113 125.476272583008 125.15641784668 125.566612243652 125.660354614258 125.668418884277
241.032180786133 -3.4e+38 -3.4e+38 -3.4e+38 -3.4e+38 227.171264648438 193.955596923828 216.422485351562 225.970092773438 200.280548095703 237.252456665039 114.042129516602 136.530700683594 187.112396240234 170.926864624023 139.96272277832 164.149978637695 118.586585998535 119.659164428711 120.267532348633 144.73063659668 198.207290649414 200.122161865234 235.454406738281 285.953948974609 231.554473876953 122.91121673584 149.489166259766 174.173004150391 123.785736083984 123.879432678223 151.175506591797 176.329620361328 124.960647583008 124.65771484375 124.705429077148 125.209533691406 125.122367858887 125.206108093262 125.683174133301 125.878753662109 126.228080749512 126.183624267578 125.956550598145 125.71997833252 125.166152954102 125.326286315918 125.310218811035 125.207984924316
242.607513427734 -3.4e+38 -3.4e+38 -3.4e+38 246.554916381836 235.159881591797 200.073699951172 213.424575805664 234.332733154297 210.236190795898 255.755462646484 114.469650268555 115.375633239746 164.953186035156 221.388198852539 153.691070556641 173.967742919922 119.720008850098 148.178970336914 205.460922241211 206.829696655273 203.745712280273 205.588653564453 197.138519287109 227.769073486328 262.611114501953 213.808135986328 184.175933837891 155.417419433594 216.908966064453 185.331726074219 124.892021179199 124.989791870117 124.683036804199 125.174835205078 125.387771606445 125.508735656738 125.309768676758 125.526664733887 126.07772064209 126.42399597168 126.417976379395 126.261779785156 -3.4e+38 125.805854797363 125.832664489746 125.721138000488 125.732749938965 125.311859130859
245.703231811523 246.119277954102 -3.4e+38 -3.4e+38 250.318466186523 234.579071044922 199.099746704102 221.138626098633 256.6337890625 235.832321166992 216.526596069336 168.63671875 116.776443481445 143.933013916016 176.612670898438 149.061752319336 166.484161376953 120.50212097168 172.806869506836 278.220245361328 251.379653930664 170.701965332031 172.661239624023 152.904739379883 237.878860473633 259.265319824219 200.737319946289 175.154800415039 182.212249755859 263.853271484375 176.055969238281 125.502937316895 125.359001159668 -3.4e+38 125.557121276855 125.843757629395 125.755561828613 125.594276428223 125.503456115723 125.595428466797 126.14241027832 126.098197937012 125.871864318848 125.636497497559 125.53833770752 126.104949951172 125.922760009766 125.823318481445 125.531219482422
216.876998901367 249.292526245117 236.100891113281 -3.4e+38 252.919052124023 239.419647216797 -3.4e+38 -3.4e+38 238.110092163086 180.356948852539 157.731018066406 241.077774047852 197.869750976562 202.704223632812 181.405395507812 119.589233398438 120.483901977539 121.103225708008 173.655334472656 279.9873046875 257.305694580078 181.041564941406 123.647438049316 178.825622558594 289.582702636719 265.218017578125 215.463317871094 185.350982666016 151.522476196289 176.548110961914 125.091506958008 -3.4e+38 125.589958190918 177.779602050781 125.211883544922 125.768524169922 126.117294311523 125.925750732422 125.85774230957 125.877342224121 126.218971252441 126.271133422852 126.240280151367 126.027549743652 125.809814453125 125.610862731934 125.62451171875 125.455696105957 125.276741027832
208.877777099609 218.276458740234 236.046279907227 -3.4e+38 255.860458374023 240.303985595703 221.150527954102 -3.4e+38 203.230209350586 208.797958374023 205.622207641602 266.407592773438 241.327758789062 215.000640869141 226.003540039062 129.003952026367 125.476676940918 129.680969238281 146.139663696289 224.401641845703 283.472198486328 260.743835449219 123.980964660645 149.368377685547 200.771072387695 201.630981445312 201.849365234375 176.326614379883 125.265060424805 125.368865966797 126.058143615723 126.06665802002 125.928207397461 125.622016906738 125.618858337402 126.042747497559 126.338661193848 126.184783935547 126.246620178223 126.379981994629 126.484519958496 126.430679321289 126.288650512695 126.270294189453 126.150390625 126.027008056641 125.784950256348 125.159553527832 125.004272460938
208.582550048828 227.452911376953 225.103942871094 173.316375732422 223.340408325195 228.876693725586 -3.4e+38 247.281753540039 210.154098510742 222.240692138672 245.41357421875 243.362609863281 166.574951171875 170.619201660156 254.933837890625 185.500213623047 126.391929626465 133.325180053711 130.57470703125 148.353363037109 227.239151000977 258.051422119141 214.527770996094 184.453903198242 155.63020324707 186.740707397461 125.989654541016 125.719245910645 125.57120513916 125.784194946289 126.49299621582 -3.4e+38 126.131271362305 125.773155212402 126.082374572754 125.98070526123 126.021751403809 126.488578796387 126.691757202148 126.716255187988 126.119415283203 126.089569091797 125.988708496094 126.106140136719 126.300010681152 126.250900268555 125.966857910156 125.352645874023 125.311515808105
180.307846069336 224.481307983398 228.72331237793 179.304443359375 215.925170898438 193.64453125 176.690307617188 210.450271606445 191.362487792969 169.872482299805 187.784164428711 178.023406982422 121.920989990234 145.305938720703 193.518753051758 171.632995605469 124.609504699707 127.702239990234 131.12092590332 154.258102416992 208.978500366211 175.826690673828 292.379791259766 236.959945678711 182.693588256836 239.358917236328 126.174911499023 126.164916992188 126.555442810059 126.64134979248 126.77759552002 126.570327758789 126.438453674316 126.086288452148 126.362991333008 126.283050537109 126.323860168457 126.614189147949 126.703636169434 126.958297729492 126.476371765137 126.433982849121 126.303314208984 126.457130432129 126.446479797363 125.646820068359 125.677757263184 125.526733398438 125.54753112793
185.510482788086 234.608520507812 233.001586914062 179.004257202148 196.518646240234 162.757308959961 161.223693847656 182.060897827148 201.61701965332 175.841751098633 197.262634277344 191.831085205078 160.526321411133 208.744918823242 182.057022094727 125.418357849121 154.639587402344 184.844528198242 126.339080810547 151.241592407227 176.723358154297 126.630928039551 203.692565917969 178.331985473633 184.328872680664 240.802261352539 126.560691833496 158.442840576172 189.604522705078 127.063117980957 126.961738586426 126.72599029541 126.613578796387 127.168685913086 126.575103759766 126.482215881348 126.299476623535 126.379371643066 126.631706237793 126.800010681152 126.656715393066 126.528259277344 126.376441955566 126.771347045898 126.627342224121 125.246978759766 125.168106079102 125.101020812988 125.151344299316
254.231979370117 220.968246459961 209.222503662109 168.513519287109 166.957702636719 165.152404785156 166.052886962891 167.534103393555 185.21076965332 224.122940063477 194.721389770508 195.435134887695 232.170364379883 127.749794006348 127.699142456055 128.266189575195 131.908889770508 135.343276977539 128.822479248047 128.576782226562 158.510040283203 218.98860168457 189.895767211914 186.684936523438 243.739364624023 128.718078613281 128.364105224609 155.381729125977 181.969497680664 155.864166259766 182.033538818359 127.800132751465 127.824401855469 127.917617797852 127.842262268066 127.468391418457 127.095603942871 127.217346191406 127.319358825684 127.276023864746 126.945747375488 126.601837158203 126.630668640137 126.452178955078 125.838233947754 125.606582641602 125.504356384277 125.094367980957 124.963722229004
205.529754638672 188.512832641602 205.709594726562 171.094055175781 169.8359375 167.870727539062 168.995620727539 170.082122802734 204.882537841797 271.387634277344 229.358154296875 174.316589355469 215.501876831055 188.522689819336 -3.4e+38 189.438980102539 133.697448730469 140.527328491211 136.870361328125 129.635238647461 155.133453369141 237.498138427734 273.904754638672 249.393112182617 244.984497070312 129.04768371582 129.373077392578 129.564895629883 129.437728881836 128.903961181641 128.149551391602 128.082641601562 -3.4e+38 128.080444335938 127.993438720703 127.760040283203 127.712966918945 127.702407836914 127.558486938477 127.207160949707 126.390357971191 126.456314086914 126.838768005371 126.671127319336 125.927803039551 125.33683013916 125.586563110352 125.505577087402 125.114631652832
177.256164550781 195.765930175781 216.880218505859 172.641143798828 171.483139038086 169.930770874023 170.994155883789 194.310760498047 232.171752929688 222.119491577148 219.909744262695 205.748687744141 172.741134643555 182.340347290039 156.817932128906 -3.4e+38 138.536102294922 150.864120483398 144.063827514648 131.105850219727 130.621856689453 187.619918823242 302.544525146484 304.087127685547 246.37385559082 161.338531494141 193.451309204102 129.862976074219 162.316635131836 226.615325927734 193.228088378906 -3.4e+38 -3.4e+38 194.247512817383 128.213943481445 128.096115112305 163.070037841797 195.389541625977 127.626052856445 127.219718933105 126.80451965332 126.760551452637 126.384170532227 126.296585083008 126.036918640137 125.536956787109 125.487586975098 125.357849121094 125.253623962402
179.640090942383 194.613998413086 212.27799987793 196.573608398438 220.261962890625 171.908081054688 172.060363769531 189.503814697266 231.275192260742 238.109268188477 210.952713012695 251.428375244141 153.334518432617 141.755249023438 134.191314697266 -3.4e+38 198.801574707031 145.531509399414 145.858352661133 132.697967529297 132.360778808594 158.701675415039 242.417709350586 306.450408935547 280.305358886719 221.341598510742 184.579849243164 -3.4e+38 157.632461547852 212.614486694336 184.625244140625 -3.4e+38 129.596755981445 184.256896972656 128.467132568359 128.47607421875 157.714431762695 184.882843017578 127.635955810547 127.150337219238 127.321075439453 127.179832458496 126.645278930664 126.268852233887 125.683372497559 126.047203063965 125.564895629883 125.035293579102 124.920822143555
181.116744995117 178.739593505859 177.490371704102 195.4970703125 215.441848754883 173.826858520508 173.055816650391 169.690048217773 213.047378540039 281.4931640625 205.964874267578 255.725891113281 -3.4e+38 -3.4e+38 -3.4e+38 -3.4e+38 188.952056884766 141.627822875977 150.780654907227 140.816131591797 134.029876708984 165.099487304688 159.140548706055 212.757232666016 213.221069335938 185.830383300781 -3.4e+38 130.945465087891 130.537750244141 -3.4e+38 130.568130493164 130.27815246582 129.657897949219 128.91357421875 129.011016845703 129.097244262695 128.834030151367 128.188720703125 127.936508178711 127.743606567383 127.564987182617 126.962837219238 126.806381225586 126.458106994629 -3.4e+38 -3.4e+38 125.80241394043 125.338966369629 125.360939025879
-3.4e+38 180.847076416016 179.100082397461 178.073547363281 176.532562255859 175.597549438477 174.838409423828 172.09375 217.448333740234 266.835327148438 164.127716064453 206.569412231445 -3.4e+38 -3.4e+38 -3.4e+38 -3.4e+38 141.235717773438 150.376663208008 155.110763549805 148.031173706055 134.959442138672 161.595932006836 133.647964477539 132.743621826172 132.402252197266 132.176132202148 -3.4e+38 131.707595825195 131.624603271484 131.539779663086 130.93815612793 130.566253662109 129.842147827148 129.756958007812 129.313201904297 129.164566040039 128.957489013672 128.40022277832 128.11198425293 127.880500793457 127.717742919922 127.20743560791 126.824775695801 126.404418945312 -3.4e+38 126.509567260742 125.627281188965 125.537437438965 125.675559997559
184.727142333984 183.223678588867 181.50666809082 180.096054077148 178.130889892578 177.848831176758 177.053314208984 174.646438598633 194.321395874023 244.795516967773 224.866317749023 -3.4e+38 -3.4e+38 -3.4e+38 -3.4e+38 -3.4e+38 152.111022949219 157.299072265625 156.808197021484 149.5732421875 136.117568969727 167.628524780273 134.859222412109 134.255096435547 133.324584960938 133.106262207031 132.879806518555 132.161743164062 131.735336303711 131.884140014648 131.247650146484 130.965423583984 130.49528503418 130.169219970703 129.673233032227 129.359619140625 129.113616943359 128.615783691406 128.518646240234 127.894790649414 127.491035461426 127.324012756348 127.135162353516 127.012542724609 -3.4e+38 126.245063781738 125.491592407227 125.326171875 125.756477355957
186.694610595703 185.444717407227 210.610275268555 238.27018737793 181.046569824219 180.769638061523 180.09065246582 176.994857788086 174.211853027344 196.16813659668 219.989761352539 214.578811645508 193.159713745117 -3.4e+38 -3.4e+38 214.722732543945 152.725250244141 158.513061523438 155.163177490234 144.441589355469 137.568389892578 164.458221435547 135.863540649414 135.253860473633 134.051544189453 133.909881591797 133.587524414062 132.924987792969 131.984741210938 131.974639892578 131.890747070312 131.419296264648 130.677795410156 130.669158935547 130.436325073242 130.017364501953 129.337005615234 128.939346313477 128.547302246094 128.204086303711 127.581192016602 127.257904052734 127.2685546875 127.364334106445 -3.4e+38 126.082069396973 125.862091064453 126.003913879395 126.022453308105
189.233489990234 188.119583129883 209.451202392578 232.835845947266 184.126770019531 183.822708129883 183.802337646484 179.730072021484 177.084136962891 174.525909423828 172.526580810547 -3.4e+38 -3.4e+38 -3.4e+38 274.734924316406 264.299560546875 148.698913574219 160.41716003418 156.973648071289 150.095642089844 145.715362548828 141.384231567383 176.436859130859 205.745758056641 141.894180297852 134.501449584961 167.918029785156 201.024810791016 132.991958618164 132.410675048828 131.907104492188 131.574798583984 131.411254882812 131.309432983398 130.711181640625 130.65461730957 129.8115234375 129.238555908203 128.725433349609 128.239730834961 127.627075195312 127.779968261719 127.485900878906 126.949951171875 126.848587036133 126.551803588867 126.645874023438 126.379096984863 126.149200439453
191.47883605957 190.040222167969 188.92546081543 187.95671081543 186.892654418945 186.040405273438 185.694885253906 182.837707519531 180.150848388672 208.490188598633 -3.4e+38 170.093002319336 198.518035888672 253.241668701172 270.138397216797 301.082916259766 216.521881103516 162.281509399414 161.111114501953 160.190338134766 156.837860107422 152.832489013672 182.27278137207 -3.4e+38 148.940902709961 134.987701416016 163.465911865234 192.072296142578 133.864608764648 133.113998413086 132.703399658203 133.083557128906 132.202453613281 131.558639526367 131.137664794922 130.626358032227 130.083999633789 129.673782348633 129.288208007812 128.293762207031 127.958518981934 127.712341308594 127.611152648926 127.166275024414 126.84659576416 127.070732116699 127.035110473633 126.431205749512 125.962913513184
193.293014526367 191.856262207031 190.985397338867 190.264282226562 189.464080810547 188.686187744141 187.399765014648 184.802093505859 214.748397827148 273.393035888672 232.198150634766 172.460205078125 196.594543457031 221.926971435547 192.660614013672 243.295715332031 213.481018066406 157.568176269531 163.0966796875 162.205062866211 -3.4e+38 160.267929077148 154.568557739258 150.377655029297 153.846145629883 143.057632446289 -3.4e+38 168.861953735352 202.721603393555 134.397979736328 143.122817993164 159.436920166016 152.236938476562 131.730819702148 131.37385559082 166.499771118164 200.502899169922 129.895843505859 129.281341552734 128.370712280273 128.261749267578 127.703880310059 127.368492126465 127.389457702637 127.38410949707 126.88826751709 126.837814331055 126.602989196777 126.480911254883
194.62516784668 193.84619140625 193.160354614258 192.241714477539 191.868087768555 191.550354003906 189.956192016602 186.750579833984 212.016204833984 271.397979736328 246.280532836914 174.469451904297 172.566711425781 170.764617919922 169.433471679688 198.604522705078 223.153518676758 153.594451904297 165.200881958008 193.829772949219 223.169143676758 161.375076293945 156.340911865234 149.152572631836 146.971740722656 143.060012817383 135.330871582031 164.039779663086 193.273239135742 134.798248291016 142.083206176758 161.900970458984 162.890258789062 131.97297668457 131.641815185547 161.631805419922 190.213928222656 129.822006225586 129.26335144043 128.708038330078 127.989990234375 127.78303527832 127.6650390625 127.73397064209 127.458236694336 127.113571166992 126.983131408691 126.918594360352 127.293411254883
