rcp8.5models/MPI_ESM_LR/sc1gr7.10
NCOLS 261 
NROWS 433 
XLLCORNER 336357.134 
YLLCORNER 654653.479 
CELLSIZE 1000 
NODATA_value -3.4e+38 
[rows 396 to 417 of 433, columns 147 to 195 of 261]
102.54963684082 102.817596435547 103.079322814941 103.383644104004 103.771659851074 104.186302185059 104.356155395508 104.461296081543 104.694534301758 104.649063110352 104.674896240234 104.94686126709 105.027847290039 105.164360046387 105.242958068848 105.560180664062 105.928451538086 105.75577545166 105.479820251465 105.429542541504 105.314407348633 105.411956787109 105.705032348633 105.708755493164 105.985717773438 105.67700958252 105.029327392578 -3.4e+38 -3.4e+38 104.369522094727 104.310546875 -3.4e+38 -3.4e+38 103.798004150391 103.714065551758 103.649185180664 103.672393798828 103.855522155762 103.676734924316 103.233436584473 103.060585021973 103.067398071289 102.95825958252 102.702095031738 102.224166870117 -3.4e+38 101.618721008301 101.573051452637 101.42008972168
102.193008422852 102.445617675781 102.688270568848 102.859443664551 103.16682434082 103.603614807129 103.835296630859 103.806312561035 103.978630065918 104.053779602051 104.200721740723 104.396171569824 104.545097351074 104.758499145508 104.942481994629 105.112274169922 105.395133972168 105.154472351074 104.908325195312 104.80150604248 104.782035827637 104.999122619629 104.988151550293 105.16707611084 105.561553955078 105.512344360352 104.736480712891 104.512428283691 -3.4e+38 -3.4e+38 103.891815185547 -3.4e+38 -3.4e+38 103.393089294434 103.360595703125 103.30436706543 103.295349121094 103.358375549316 103.116775512695 102.704315185547 102.824531555176 102.737480163574 102.548301696777 102.382186889648 102.197860717773 -3.4e+38 -3.4e+38 101.461334228516 101.365379333496
101.645904541016 101.876640319824 102.127319335938 102.336357116699 102.553604125977 102.953666687012 103.28125 103.414184570312 103.40357208252 103.467697143555 103.60530090332 103.974945068359 104.20100402832 104.237419128418 104.334342956543 104.388313293457 104.591278076172 104.559539794922 104.444519042969 104.280738830566 104.166442871094 104.399368286133 104.473297119141 104.872817993164 105.213195800781 105.3095703125 104.629951477051 104.247451782227 103.904243469238 103.683609008789 103.490867614746 103.26390838623 103.295463562012 102.930213928223 102.895988464355 102.849838256836 102.84587097168 102.779426574707 102.699340820312 102.425918579102 102.643028259277 102.378761291504 102.139289855957 102.060775756836 -3.4e+38 101.957099914551 101.61946105957 -3.4e+38 101.322319030762
100.957862854004 101.366630554199 101.567375183105 101.780555725098 102.012878417969 102.332626342773 102.691886901855 103.000762939453 103.048301696777 103.078178405762 103.152824401855 103.455062866211 103.642211914062 103.48397064209 103.501251220703 103.614685058594 103.887413024902 104.083755493164 103.656547546387 103.616806030273 103.420127868652 103.608932495117 103.996528625488 104.288818359375 104.586112976074 104.800506591797 104.64542388916 104.141181945801 103.792144775391 103.511749267578 103.22119140625 102.761444091797 102.563278198242 102.600692749023 102.592971801758 102.43962097168 102.394508361816 102.302574157715 102.336082458496 102.107452392578 102.135009765625 102.021179199219 102.043022155762 101.882995605469 -3.4e+38 101.786743164062 101.656967163086 101.516899108887 101.201332092285
100.467193603516 100.884124755859 101.083084106445 101.326347351074 101.507659912109 101.792350769043 102.078903198242 102.308052062988 102.621604919434 102.724296569824 102.644081115723 102.968704223633 103.174385070801 102.978385925293 -3.4e+38 -3.4e+38 103.123634338379 103.499031066895 102.925071716309 102.885139465332 102.688690185547 102.976776123047 103.609558105469 103.743476867676 103.862106323242 103.996322631836 104.099189758301 103.911148071289 103.477149963379 103.155723571777 102.836296081543 102.380027770996 102.134078979492 102.30647277832 102.189567565918 102.013656616211 101.909187316895 101.774101257324 101.856384277344 101.821006774902 101.770294189453 101.859939575195 101.826286315918 101.582618713379 101.492004394531 101.659217834473 101.465385437012 101.487594604492 101.229705810547
99.8938980102539 100.274856567383 100.580284118652 100.888076782227 101.182174682617 101.479629516602 101.635894775391 101.727813720703 102.141357421875 102.146347045898 102.028366088867 102.450889587402 102.487403869629 102.282272338867 -3.4e+38 -3.4e+38 -3.4e+38 102.734069824219 102.418334960938 102.188217163086 102.137062072754 102.530563354492 103.188293457031 103.203491210938 103.185150146484 103.119010925293 103.415184020996 103.522689819336 103.01065826416 102.542343139648 102.263191223145 102.029823303223 101.856781005859 101.831535339355 101.696411132812 101.737342834473 101.66088104248 101.453811645508 101.417549133301 101.53581237793 101.543182373047 101.632995605469 101.553405761719 101.267753601074 101.259033203125 101.487831115723 101.314949035645 101.176902770996 101.255363464355
99.387321472168 99.786506652832 100.086387634277 100.345268249512 100.743370056152 101.025344848633 101.176780700684 101.286712646484 101.682601928711 101.653739929199 101.576721191406 101.772193908691 101.723159790039 -3.4e+38 -3.4e+38 -3.4e+38 101.846977233887 101.996376037598 101.76342010498 101.667930603027 101.998565673828 102.272041320801 102.629211425781 102.464973449707 102.418846130371 102.445663452148 102.777389526367 102.83765411377 102.649574279785 102.122680664062 102.056503295898 101.797676086426 101.482788085938 101.396942138672 101.445243835449 101.484519958496 101.444114685059 101.271049499512 101.068603515625 101.130317687988 101.224487304688 101.2666015625 101.433479309082 -3.4e+38 100.965827941895 101.266593933105 101.221000671387 101.157752990723 101.125717163086
99.0896682739258 99.3398208618164 99.6599502563477 99.8884353637695 100.198112487793 100.475776672363 100.510055541992 100.682594299316 101.080207824707 101.292594909668 101.250511169434 101.136978149414 101.226867675781 101.42733001709 101.34260559082 101.366813659668 101.268455505371 101.165687561035 101.161689758301 101.355033874512 101.666145324707 101.657516479492 101.997528076172 101.795402526855 101.70964050293 101.634178161621 101.798706054688 102.056053161621 102.191513061523 101.719955444336 101.819763183594 101.61368560791 101.318626403809 101.021842956543 101.079986572266 101.083694458008 101.056343078613 100.982559204102 100.936050415039 100.89575958252 100.944313049316 101.01929473877 101.115455627441 -3.4e+38 -3.4e+38 -3.4e+38 101.085998535156 -3.4e+38 -3.4e+38
98.6786651611328 98.9024429321289 99.1652603149414 99.5241928100586 99.7222061157227 99.9480667114258 99.9389801025391 99.9749298095703 100.318351745605 100.656372070312 100.822967529297 100.701835632324 100.809638977051 100.78133392334 100.766677856445 100.714080810547 100.776870727539 100.663612365723 100.735229492188 100.95743560791 101.133903503418 100.883209228516 101.163681030273 101.137977600098 101.057586669922 101.153495788574 101.157508850098 101.51301574707 101.401550292969 101.292839050293 101.372848510742 101.253196716309 101.122512817383 100.72777557373 100.589797973633 100.607734680176 -3.4e+38 -3.4e+38 -3.4e+38 100.700950622559 -3.4e+38 100.920562744141 -3.4e+38 -3.4e+38 -3.4e+38 -3.4e+38 -3.4e+38 -3.4e+38 -3.4e+38
98.2035522460938 98.5078735351562 98.6696090698242 99.0243759155273 99.1490249633789 99.2595291137695 99.3484878540039 99.3663940429688 99.6122436523438 99.9619903564453 100.20629119873 100.374366760254 100.411552429199 100.256622314453 100.149917602539 100.184852600098 100.418235778809 100.326683044434 100.322387695312 100.463348388672 100.787178039551 100.376449584961 100.347175598145 100.447448730469 100.354156494141 100.586585998535 100.733909606934 100.983016967773 100.575553894043 100.900848388672 100.923706054688 100.80924987793 100.701057434082 100.433280944824 100.322738647461 100.262908935547 -3.4e+38 -3.4e+38 -3.4e+38 100.497863769531 100.623542785645 100.833312988281 -3.4e+38 -3.4e+38 -3.4e+38 -3.4e+38 -3.4e+38 -3.4e+38 -3.4e+38
97.2412872314453 97.7713623046875 98.1675415039062 98.4083404541016 98.5107116699219 98.6294174194336 98.6334838867188 98.4986114501953 98.3824768066406 98.4625625610352 98.7449035644531 99.5701522827148 99.6209335327148 99.3998947143555 99.2729187011719 99.0962829589844 99.154541015625 99.3430709838867 99.2431106567383 99.2020416259766 99.1873931884766 99.1774520874023 99.3439636230469 99.5036239624023 99.4319839477539 99.2106094360352 99.163215637207 99.3777694702148 99.4715270996094 99.814094543457 99.6679306030273 99.6747817993164 99.7184295654297 99.5754928588867 99.7999801635742 99.9709243774414 -3.4e+38 -3.4e+38 -3.4e+38 -3.4e+38 -3.4e+38 -3.4e+38 -3.4e+38 -3.4e+38 -3.4e+38 -3.4e+38 -3.4e+38 -3.4e+38 -3.4e+38
96.6229782104492 97.2125930786133 97.5941390991211 97.7947998046875 97.9821014404297 98.1872863769531 98.211799621582 98.1384658813477 98.0041198730469 97.9350891113281 98.1924591064453 99.0297698974609 99.0556335449219 98.8754043579102 98.6159439086914 98.6253051757812 98.6725616455078 98.7687072753906 98.6405639648438 98.7188568115234 98.5533752441406 98.5846557617188 98.735481262207 99.0002212524414 99.1835250854492 98.7809066772461 98.5573501586914 98.7627334594727 99.0956878662109 99.1033630371094 99.0217132568359 98.9996337890625 99.2278594970703 99.289680480957 -3.4e+38 99.7727203369141 -3.4e+38 -3.4e+38 -3.4e+38 -3.4e+38 -3.4e+38 -3.4e+38 -3.4e+38 -3.4e+38 -3.4e+38 -3.4e+38 -3.4e+38 -3.4e+38 -3.4e+38
96.2439117431641 96.6197357177734 96.8155899047852 96.880989074707 97.2906799316406 97.7474746704102 97.8723297119141 97.7879486083984 97.616096496582 97.4951477050781 97.6181259155273 98.2759246826172 98.2047805786133 98.3095932006836 98.1041717529297 98.1258316040039 98.3143768310547 98.4363555908203 98.3411636352539 98.1983413696289 98.1271896362305 98.209114074707 98.124397277832 98.3834381103516 98.5132217407227 98.3982391357422 98.0788040161133 98.0724029541016 98.412483215332 98.3565216064453 98.4176712036133 98.4516067504883 98.6234436035156 99.186164855957 99.2854156494141 -3.4e+38 -3.4e+38 -3.4e+38 -3.4e+38 -3.4e+38 -3.4e+38 -3.4e+38 -3.4e+38 -3.4e+38 -3.4e+38 -3.4e+38 -3.4e+38 -3.4e+38 -3.4e+38
96.0402069091797 96.0690078735352 96.1360778808594 96.2469253540039 96.7369613647461 96.9755859375 96.9849090576172 97.0934143066406 97.0345764160156 96.912109375 97.1580810546875 97.5921936035156 97.7162017822266 97.9003448486328 97.9312133789062 97.9328918457031 97.9649047851562 98.0523376464844 98.0011444091797 97.8248672485352 97.7060623168945 97.7599182128906 97.6814498901367 97.7983245849609 97.7267837524414 97.9170227050781 97.6476745605469 97.4012451171875 97.4206161499023 97.7004013061523 98.0503845214844 98.1900939941406 -3.4e+38 -3.4e+38 -3.4e+38 -3.4e+38 -3.4e+38 -3.4e+38 -3.4e+38 -3.4e+38 -3.4e+38 -3.4e+38 -3.4e+38 -3.4e+38 -3.4e+38 -3.4e+38 -3.4e+38 -3.4e+38 -3.4e+38
95.4937286376953 95.4071044921875 95.4684982299805 95.7825088500977 96.2020568847656 96.2194671630859 96.1191787719727 96.3392868041992 96.3856735229492 96.3386611938477 96.5727386474609 97.0312194824219 97.2590942382812 97.5520782470703 97.7810821533203 97.6749954223633 97.4637680053711 97.4637832641602 97.4922637939453 97.4760665893555 97.3445129394531 97.2887420654297 97.4135131835938 97.3177490234375 97.2812728881836 97.4292068481445 97.1788101196289 97.0085678100586 96.9822158813477 97.3253326416016 -3.4e+38 -3.4e+38 -3.4e+38 -3.4e+38 -3.4e+38 -3.4e+38 -3.4e+38 -3.4e+38 -3.4e+38 -3.4e+38 -3.4e+38 -3.4e+38 -3.4e+38 -3.4e+38 -3.4e+38 -3.4e+38 -3.4e+38 -3.4e+38 -3.4e+38
94.834846496582 94.9410781860352 94.955207824707 95.0782623291016 95.4182739257812 95.5965957641602 95.4677200317383 95.7380599975586 95.8835144042969 95.9271850585938 96.0077514648438 96.5789260864258 96.8564453125 97.1303253173828 97.3081359863281 97.1451950073242 96.9235305786133 96.9181976318359 97.0832366943359 97.1029968261719 97.0327987670898 96.895393371582 97.0858535766602 96.924430847168 96.8134460449219 96.8843078613281 96.6846923828125 -3.4e+38 -3.4e+38 -3.4e+38 -3.4e+38 -3.4e+38 -3.4e+38 -3.4e+38 -3.4e+38 -3.4e+38 -3.4e+38 -3.4e+38 -3.4e+38 -3.4e+38 -3.4e+38 -3.4e+38 -3.4e+38 -3.4e+38 -3.4e+38 -3.4e+38 -3.4e+38 -3.4e+38 -3.4e+38
94.2123794555664 94.4513854980469 94.5082244873047 94.4812164306641 94.9885025024414 95.2054748535156 94.8728179931641 95.1098175048828 95.4114379882812 95.540771484375 95.6814880371094 96.249137878418 96.5072708129883 96.6240386962891 96.6791915893555 96.7265701293945 96.5889053344727 96.6274032592773 -3.4e+38 96.9000854492188 96.6346282958984 96.5441055297852 -3.4e+38 -3.4e+38 -3.4e+38 -3.4e+38 -3.4e+38 -3.4e+38 -3.4e+38 -3.4e+38 -3.4e+38 -3.4e+38 -3.4e+38 -3.4e+38 -3.4e+38 -3.4e+38 -3.4e+38 -3.4e+38 -3.4e+38 -3.4e+38 -3.4e+38 -3.4e+38 -3.4e+38 -3.4e+38 -3.4e+38 -3.4e+38 -3.4e+38 -3.4e+38 -3.4e+38
93.9967803955078 94.0952529907227 94.1707077026367 94.2656555175781 94.7128829956055 95.0013046264648 94.9195938110352 94.9009017944336 94.9255065917969 95.1394729614258 95.3934783935547 -3.4e+38 96.0049743652344 -3.4e+38 96.2972259521484 96.4533767700195 -3.4e+38 -3.4e+38 -3.4e+38 -3.4e+38 -3.4e+38 -3.4e+38 -3.4e+38 -3.4e+38 -3.4e+38 -3.4e+38 -3.4e+38 -3.4e+38 -3.4e+38 -3.4e+38 -3.4e+38 -3.4e+38 -3.4e+38 -3.4e+38 -3.4e+38 -3.4e+38 -3.4e+38 -3.4e+38 -3.4e+38 -3.4e+38 -3.4e+38 -3.4e+38 -3.4e+38 -3.4e+38 -3.4e+38 -3.4e+38 -3.4e+38 -3.4e+38 -3.4e+38
94.1754455566406 94.0253295898438 93.9551391601562 94.0423965454102 94.2215042114258 94.4922561645508 94.7817687988281 94.7577972412109 94.7033767700195 94.7701644897461 -3.4e+38 95.4266815185547 -3.4e+38 -3.4e+38 96.0341720581055 -3.4e+38 -3.4e+38 -3.4e+38 -3.4e+38 -3.4e+38 -3.4e+38 -3.4e+38 -3.4e+38 -3.4e+38 -3.4e+38 -3.4e+38 -3.4e+38 -3.4e+38 -3.4e+38 -3.4e+38 -3.4e+38 -3.4e+38 -3.4e+38 -3.4e+38 -3.4e+38 -3.4e+38 -3.4e+38 -3.4e+38 -3.4e+38 -3.4e+38 -3.4e+38 -3.4e+38 -3.4e+38 -3.4e+38 -3.4e+38 -3.4e+38 -3.4e+38 -3.4e+38 -3.4e+38
94.0922470092773 93.8371047973633 93.7040939331055 93.7122268676758 93.8210067749023 94.119384765625 94.2571411132812 -3.4e+38 94.521858215332 -3.4e+38 -3.4e+38 -3.4e+38 -3.4e+38 -3.4e+38 -3.4e+38 -3.4e+38 -3.4e+38 -3.4e+38 -3.4e+38 -3.4e+38 -3.4e+38 -3.4e+38 -3.4e+38 -3.4e+38 -3.4e+38 -3.4e+38 -3.4e+38 -3.4e+38 -3.4e+38 -3.4e+38 -3.4e+38 -3.4e+38 -3.4e+38 -3.4e+38 -3.4e+38 -3.4e+38 -3.4e+38 -3.4e+38 -3.4e+38 -3.4e+38 -3.4e+38 -3.4e+38 -3.4e+38 -3.4e+38 -3.4e+38 -3.4e+38 -3.4e+38 -3.4e+38 -3.4e+38
93.7118606567383 93.6249771118164 93.4370651245117 93.3761444091797 93.5488128662109 93.9436416625977 94.090461730957 94.1524505615234 -3.4e+38 -3.4e+38 -3.4e+38 -3.4e+38 -3.4e+38 -3.4e+38 -3.4e+38 -3.4e+38 -3.4e+38 -3.4e+38 -3.4e+38 -3.4e+38 -3.4e+38 -3.4e+38 -3.4e+38 -3.4e+38 -3.4e+38 -3.4e+38 -3.4e+38 -3.4e+38 -3.4e+38 -3.4e+38 -3.4e+38 -3.4e+38 -3.4e+38 -3.4e+38 -3.4e+38 -3.4e+38 -3.4e+38 -3.4e+38 -3.4e+38 -3.4e+38 -3.4e+38 -3.4e+38 -3.4e+38 -3.4e+38 -3.4e+38 -3.4e+38 -3.4e+38 -3.4e+38 -3.4e+38
93.4394454956055 93.5522842407227 93.4088592529297 93.2512893676758 -3.4e+38 -3.4e+38 -3.4e+38 -3.4e+38 -3.4e+38 -3.4e+38 -3.4e+38 -3.4e+38 -3.4e+38 -3.4e+38 -3.4e+38 -3.4e+38 -3.4e+38 -3.4e+38 -3.4e+38 -3.4e+38 -3.4e+38 -3.4e+38 -3.4e+38 -3.4e+38 -3.4e+38 -3.4e+38 -3.4e+38 -3.4e+38 -3.4e+38 -3.4e+38 -3.4e+38 -3.4e+38 -3.4e+38 -3.4e+38 -3.4e+38 -3.4e+38 -3.4e+38 -3.4e+38 -3.4e+38 -3.4e+38 -3.4e+38 -3.4e+38 -3.4e+38 -3.4e+38 -3.4e+38 -3.4e+38 -3.4e+38 -3.4e+38 -3.4e+38
