rcp8.5models/MPI_ESM_LR/sc1gr5.39
NCOLS 261 
NROWS 433 
XLLCORNER 336357.134 
YLLCORNER 654653.479 
CELLSIZE 1000 
NODATA_value -3.4e+38 
[rows 220 to 241 of 433, columns 98 to 146 of 261]
294.769165039062 294.549224853516 294.098114013672 293.453491210938 292.510284423828 291.410919189453 290.944305419922 290.024810791016 289.421356201172 289.610626220703 288.369812011719 287.425750732422 290.62060546875 291.372467041016 291.287445068359 291.663238525391 291.267669677734 290.963714599609 290.248382568359 290.414764404297 290.844604492188 291.231903076172 291.22900390625 291.2197265625 291.171813964844 291.038848876953 290.489074707031 290.458038330078 290.076202392578 286.013458251953 282.128997802734 287.609680175781 289.627410888672 289.458099365234 288.311401367188 286.592468261719 286.432708740234 286.497833251953 285.394683837891 281.496612548828 275.889984130859 277.736572265625 283.961029052734 277.610809326172 278.724761962891 289.321533203125 289.73486328125 290.020294189453 292.713043212891
294.543670654297 294.414947509766 293.842590332031 293.116119384766 292.383178710938 291.816070556641 291.553771972656 291.506408691406 290.753295898438 289.954284667969 288.510772705078 288.164123535156 291.012084960938 291.462005615234 291.219268798828 291.416564941406 291.250762939453 290.617828369141 289.645904541016 289.345947265625 290.570770263672 291.092681884766 291.235443115234 291.125 291.077056884766 290.822387695312 290.669158935547 290.062042236328 289.620208740234 284.266571044922 279.378509521484 288.337890625 289.133758544922 289.020721435547 288.190460205078 286.296112060547 284.105987548828 285.811187744141 283.502044677734 277.317749023438 275.162170410156 280.820922851562 284.647064208984 276.699401855469 278.382354736328 289.767517089844 289.958099365234 290.541137695312 292.322021484375
294.3369140625 294.220489501953 293.913269042969 292.780792236328 291.956451416016 290.978179931641 290.640899658203 291.871337890625 291.570892333984 290.022857666016 288.193267822266 288.756195068359 291.099243164062 291.484710693359 291.092376708984 291.225524902344 291.158477783203 290.3017578125 289.228210449219 289.204162597656 290.408599853516 290.646484375 290.896179199219 291.045806884766 290.958801269531 290.747741699219 290.351898193359 289.789611816406 288.994415283203 284.183746337891 279.049011230469 288.083862304688 288.890045166016 288.800354003906 288.050964355469 286.733489990234 284.957275390625 284.819580078125 281.424377441406 276.790740966797 280.569732666016 287.006195068359 286.857666015625 281.982299804688 281.321350097656 288.975311279297 290.643249511719 290.954467773438 292.449645996094
294.003326416016 293.944305419922 294.636413574219 293.136688232422 291.5380859375 289.748840332031 289.334289550781 291.446899414062 291.379089355469 290.003021240234 288.505828857422 289.767883300781 290.906372070312 290.901641845703 291.046997070312 290.761871337891 290.296508789062 290.026733398438 289.418212890625 287.013519287109 284.427856445312 289.669006347656 290.695739746094 290.695343017578 290.621765136719 290.398864746094 290.116088867188 289.605346679688 287.830474853516 283.17333984375 281.057556152344 287.8408203125 288.383148193359 288.447021484375 287.817901611328 286.919525146484 284.770751953125 282.549530029297 280.91064453125 283.5751953125 286.483428955078 289.237030029297 288.226196289062 287.369293212891 285.581451416016 287.845550537109 291.314270019531 291.797485351562 293.00048828125
293.918548583984 294.202911376953 295.151641845703 293.472991943359 290.954467773438 289.120910644531 290.316680908203 291.646087646484 291.427062988281 290.018280029297 288.699676513672 290.255523681641 290.859252929688 290.734222412109 291.065734863281 -3.4e+38 290.291625976562 290.230804443359 288.926177978516 -3.4e+38 283.058013916016 289.795379638672 290.639862060547 290.297210693359 290.073394775391 289.670684814453 289.808502197266 289.450134277344 288.108612060547 285.397155761719 285.042541503906 287.275299072266 286.880645751953 287.965118408203 286.657409667969 283.832366943359 282.322296142578 280.715789794922 281.239166259766 289.069213867188 289.204864501953 289.647094726562 289.010955810547 288.884735107422 288.6923828125 289.30322265625 291.814819335938 292.362274169922 292.999816894531
294.720642089844 295.079620361328 295.317077636719 293.459747314453 290.841461181641 289.575012207031 292.208038330078 292.012634277344 291.824554443359 289.708312988281 287.150146484375 290.352752685547 290.595916748047 290.352630615234 290.986145019531 -3.4e+38 290.747985839844 290.468414306641 289.116851806641 287.159515380859 288.082305908203 290.361328125 290.447052001953 290.159332275391 289.421264648438 288.734741210938 289.279266357422 288.800933837891 289.033935546875 288.649719238281 287.864349365234 286.560638427734 285.394195556641 287.010559082031 283.649566650391 278.444061279297 281.157836914062 280.604949951172 283.039886474609 288.158905029297 286.589385986328 288.919372558594 289.295227050781 287.997131347656 290.643035888672 291.122283935547 292.201080322266 292.631195068359 292.996459960938
295.484313964844 295.7763671875 295.38671875 294.118377685547 291.747375488281 290.911956787109 293.027374267578 292.499633789062 292.102416992188 289.844085693359 286.558410644531 290.098968505859 289.9638671875 289.554046630859 290.584655761719 290.682769775391 290.327758789062 290.398712158203 289.739013671875 289.634460449219 289.997985839844 -3.4e+38 290.070404052734 289.981658935547 289.112487792969 287.936096191406 288.776733398438 288.65673828125 288.883270263672 288.526641845703 287.864624023438 285.160430908203 280.917785644531 280.716064453125 275.855987548828 271.503448486328 280.186981201172 284.722686767578 286.5400390625 285.861968994141 283.145538330078 287.435211181641 289.276611328125 288.779846191406 291.243835449219 291.525451660156 292.320922851562 292.895874023438 293.308471679688
295.646423339844 295.944610595703 295.364685058594 294.763214111328 293.076080322266 292.670501708984 293.553161621094 293.020111083984 292.541015625 290.509094238281 287.960235595703 290.233642578125 290.011260986328 289.170471191406 290.014617919922 290.039611816406 289.79931640625 290.311645507812 289.720886230469 289.623107910156 289.858184814453 289.909729003906 289.856353759766 289.924865722656 289.420959472656 288.235626220703 288.281585693359 288.523956298828 288.77880859375 288.220275878906 287.113830566406 282.508972167969 274.518402099609 268.877227783203 265.196258544922 270.845458984375 281.641082763672 287.5029296875 285.573333740234 281.782318115234 281.80029296875 284.387603759766 287.755645751953 290.793609619141 291.288330078125 291.517364501953 291.970550537109 292.684875488281 293.396942138672
296.0244140625 295.891021728516 295.062255859375 294.875640869141 294.016082763672 -3.4e+38 -3.4e+38 293.522644042969 292.749053955078 291.18212890625 289.914245605469 290.663360595703 290.095520019531 288.683044433594 289.907775878906 289.561584472656 289.408172607422 289.984405517578 289.687286376953 289.369415283203 289.122131347656 289.279174804688 289.64794921875 289.427795410156 289.133544921875 288.667510986328 287.817657470703 288.135406494141 288.6240234375 288.093994140625 286.964324951172 282.780029296875 271.763275146484 261.595367431641 266.190948486328 279.22705078125 284.384857177734 286.545013427734 283.409027099609 280.124908447266 284.063018798828 284.935791015625 286.361480712891 289.695953369141 291.441131591797 291.924987792969 292.016571044922 292.472503662109 293.208038330078
296.186340332031 295.542297363281 293.860900878906 294.608703613281 293.958892822266 293.5703125 294.045593261719 293.430999755859 292.591766357422 291.245361328125 290.771697998047 290.244689941406 289.659912109375 287.124755859375 289.567199707031 289.405029296875 288.905548095703 289.825439453125 289.592468261719 288.850494384766 288.080108642578 288.410461425781 288.928741455078 288.804962158203 288.480255126953 287.461181640625 285.733428955078 285.377960205078 288.239501953125 287.811096191406 286.919525146484 283.483215332031 272.052062988281 262.62255859375 273.511444091797 285.057067871094 285.583526611328 286.355895996094 286.078277587891 285.862274169922 288.369842529297 288.659240722656 288.658081054688 289.943725585938 291.324035644531 291.817535400391 292.251403808594 292.451904296875 293.132843017578
296.100738525391 295.40478515625 294.136383056641 294.170837402344 293.429016113281 292.704315185547 293.617706298828 293.398254394531 292.713317871094 291.642761230469 291.302917480469 290.530548095703 288.867370605469 284.021636962891 288.689331054688 288.995422363281 288.449279785156 289.230285644531 289.06640625 288.421783447266 287.280731201172 287.248413085938 288.337738037109 287.981292724609 -3.4e+38 283.846527099609 278.860748291016 281.26220703125 287.798095703125 287.467041015625 286.302032470703 281.020812988281 268.297637939453 265.763580322266 279.034118652344 286.206726074219 286.461181640625 285.776702880859 289.192687988281 290.068603515625 290.276885986328 289.905334472656 290.574066162109 291.391815185547 290.954040527344 291.561462402344 292.608734130859 292.601684570312 292.996063232422
296.129150390625 295.471771240234 294.9453125 294.491912841797 293.154815673828 291.658782958984 292.808532714844 292.308776855469 291.439117431641 291.635101318359 291.726623535156 291.205932617188 287.623321533203 280.281951904297 283.143798828125 288.097229003906 287.703033447266 287.983245849609 287.613403320312 285.048889160156 282.937438964844 286.675079345703 286.00244140625 284.632415771484 282.076324462891 277.533264160156 272.902496337891 283.184295654297 286.695831298828 286.184143066406 283.818939208984 274.847534179688 266.465423583984 274.424133300781 285.724365234375 287.347229003906 285.632934570312 282.945587158203 287.072357177734 290.537445068359 290.84521484375 291.269714355469 291.708221435547 292.107788085938 292.094482421875 292.227111816406 292.373992919922 292.698547363281 292.736999511719
296.186218261719 295.685516357422 295.16552734375 294.410491943359 293.921203613281 292.771362304688 293.2421875 292.542053222656 291.424713134766 291.019989013672 291.534423828125 290.64306640625 288.956298828125 285.204956054688 281.360626220703 287.515747070312 286.775634765625 284.986999511719 282.686187744141 282.190673828125 280.477905273438 283.660186767578 283.683837890625 282.820098876953 278.063537597656 275.718078613281 279.918853759766 284.059906005859 285.302490234375 284.270355224609 283.973175048828 277.506988525391 268.969360351562 278.761596679688 286.581787109375 287.543975830078 285.312774658203 285.903717041016 286.711486816406 289.220916748047 290.674102783203 291.124084472656 291.231231689453 291.768829345703 291.302825927734 291.531036376953 292.321563720703 292.716033935547 292.306732177734
295.813079833984 295.452453613281 295.213043212891 294.641448974609 294.654541015625 294.185363769531 293.789947509766 293.445037841797 292.755615234375 291.700012207031 292.210144042969 291.40087890625 290.481567382812 288.882507324219 282.960388183594 287.490936279297 285.762145996094 281.096252441406 277.529754638672 277.987823486328 277.891784667969 279.680053710938 280.880798339844 280.144104003906 276.761932373047 273.960784912109 281.564025878906 283.120941162109 283.291534423828 282.646240234375 283.86083984375 279.199829101562 273.592132568359 283.209747314453 287.415679931641 287.766174316406 284.921752929688 283.223571777344 -3.4e+38 288.984985351562 290.565338134766 290.687286376953 290.751159667969 291.386596679688 290.843444824219 290.853790283203 292.295684814453 292.790985107422 292.109588623047
295.989624023438 295.766632080078 295.350830078125 295.02099609375 294.861022949219 294.597961425781 294.328582763672 294.120635986328 293.517700195312 292.45458984375 292.614624023438 290.776245117188 287.112762451172 284.26171875 281.862640380859 286.895721435547 284.163604736328 278.190338134766 276.313507080078 276.235107421875 276.512451171875 276.941131591797 278.022857666016 278.0654296875 275.509063720703 273.170928955078 281.751373291016 281.933715820312 281.018676757812 282.091339111328 284.707366943359 280.956756591797 277.232727050781 285.332427978516 287.565460205078 288.320190429688 285.769744873047 280.476287841797 -3.4e+38 289.364990234375 290.703918457031 290.658050537109 290.723083496094 290.778869628906 290.634490966797 291.039733886719 292.029479980469 292.354736328125 292.251739501953
296.473968505859 296.201782226562 295.576385498047 295.321746826172 295.250793457031 294.964691162109 294.630798339844 294.183410644531 293.182586669922 292.226593017578 292.113342285156 290.602416992188 285.244537353516 278.251861572266 281.664123535156 284.902709960938 282.491851806641 277.025421142578 276.977966308594 276.61865234375 276.315185546875 276.154937744141 276.977691650391 278.158142089844 276.302978515625 274.195739746094 281.651947021484 281.995971679688 281.09716796875 282.705505371094 284.359741210938 279.094573974609 275.778411865234 285.151153564453 288.111114501953 288.637512207031 287.172485351562 281.024993896484 283.028289794922 288.585113525391 290.694244384766 290.627716064453 290.611602783203 290.463745117188 290.178527832031 290.812225341797 291.505462646484 291.870635986328 291.820709228516
296.521759033203 296.079040527344 295.744049072266 295.252136230469 295.20166015625 295.046325683594 294.465850830078 294.008148193359 293.122467041016 291.702423095703 290.883728027344 290.149963378906 285.966217041016 281.699676513672 284.282806396484 284.74658203125 283.017303466797 277.088470458984 277.361572265625 277.280029296875 276.890045166016 276.328125 277.1376953125 277.404937744141 275.755615234375 272.323211669922 281.200256347656 282.1630859375 280.815673828125 280.369873046875 284.503631591797 281.194671630859 279.956756591797 286.047576904297 288.468963623047 288.739837646484 287.883178710938 285.599456787109 286.762145996094 289.334167480469 289.638214111328 288.752532958984 289.486572265625 290.117095947266 289.958038330078 290.269500732422 290.973968505859 291.511810302734 291.774078369141
296.236389160156 296.045623779297 295.792541503906 295.447998046875 295.037872314453 294.597045898438 293.665130615234 293.705596923828 293.290588378906 291.637176513672 290.414337158203 290.300201416016 288.955200195312 287.914520263672 286.932769775391 286.212738037109 284.581939697266 278.144653320312 277.166534423828 277.503265380859 277.458618164062 276.886596679688 278.293212890625 277.534088134766 275.494689941406 273.46533203125 281.887939453125 282.506774902344 279.900970458984 277.367431640625 285.554260253906 285.210876464844 285.153564453125 286.136657714844 288.349334716797 288.883331298828 289.026672363281 289.198699951172 290.972381591797 -3.4e+38 -3.4e+38 285.720947265625 286.9423828125 288.305206298828 288.842346191406 290.213623046875 290.755004882812 290.943511962891 291.606140136719
295.915069580078 295.637054443359 295.386871337891 295.606323242188 295.018280029297 294.190551757812 293.799682617188 293.555236816406 293.108764648438 291.769561767578 290.994720458984 291.485931396484 291.424591064453 290.629486083984 288.682403564453 287.617919921875 285.019775390625 279.552001953125 278.131896972656 277.108276367188 277.412963867188 277.864379882812 278.936401367188 278.47509765625 277.051147460938 278.349792480469 283.367614746094 283.402954101562 280.65625 275.803253173828 282.213562011719 286.139801025391 286.752563476562 286.944732666016 287.859222412109 287.500030517578 289.453826904297 289.382232666016 290.446014404297 -3.4e+38 285.548309326172 284.084167480469 284.692230224609 287.033905029297 287.985778808594 290.283660888672 290.77734375 290.911010742188 291.382293701172
295.906585693359 295.328582763672 294.635955810547 295.305877685547 295.027252197266 294.25537109375 293.244140625 292.158569335938 292.964630126953 292.013336181641 291.444641113281 291.667694091797 291.450958251953 290.973266601562 288.129089355469 288.420471191406 286.306060791016 282.831146240234 281.047943115234 276.927978515625 277.285125732422 278.087249755859 278.086761474609 277.982818603516 277.905914306641 280.740661621094 -3.4e+38 -3.4e+38 -3.4e+38 277.538787841797 279.409545898438 285.092132568359 287.475402832031 288.478790283203 287.091430664062 285.051361083984 288.580017089844 289.779449462891 290.207275390625 -3.4e+38 285.371429443359 281.003265380859 282.764862060547 287.700439453125 288.650207519531 290.269409179688 290.639190673828 290.782043457031 291.498565673828
295.948394775391 295.481658935547 294.510192871094 295.031646728516 294.933715820312 294.637939453125 292.832916259766 290.839385986328 292.784301757812 292.441772460938 292.108520507812 291.878601074219 291.491241455078 290.862426757812 288.270568847656 289.259002685547 288.033752441406 285.459655761719 280.642303466797 276.957214355469 277.119079589844 277.550537109375 277.074768066406 277.160400390625 277.994750976562 279.521881103516 285.196075439453 285.285400390625 -3.4e+38 283.649230957031 283.853118896484 285.718841552734 287.080993652344 288.122100830078 286.753936767578 284.954254150391 288.141815185547 288.881958007812 289.649566650391 289.871887207031 285.677337646484 278.08349609375 279.444580078125 287.596282958984 -3.4e+38 290.172210693359 290.680786132812 290.635528564453 291.405700683594
296.066558837891 296.037170410156 295.387756347656 294.899749755859 294.841522216797 294.799835205078 293.823211669922 292.100158691406 292.485961914062 292.793762207031 292.490661621094 292.293731689453 291.986053466797 291.522552490234 290.249755859375 289.801208496094 286.857330322266 282.144348144531 278.245391845703 276.475799560547 276.172027587891 275.944702148438 276.692260742188 276.857147216797 277.44921875 277.769683837891 284.439819335938 -3.4e+38 285.172454833984 285.564300537109 287.467254638672 287.385498046875 287.152526855469 287.32177734375 286.631408691406 285.041870117188 287.346130371094 287.088775634766 288.845397949219 289.630157470703 287.246704101562 280.123626708984 279.118194580078 287.850860595703 289.349060058594 290.108856201172 290.850891113281 290.784851074219 291.167358398438
