rcp8.5models/MPI_ESM_LR/sc1gr6.35
NCOLS 261 
NROWS 433 
XLLCORNER 336357.134 
YLLCORNER 654653.479 
CELLSIZE 1000 
NODATA_value -9999 
[rows 184 to 206 of 433, columns 50 to 99 of 261]
998.045104980469 997.999267578125 997.493286132812 997.4833984375 1000.68060302734 1000.17547607422 999.40185546875 1003.11193847656 1006.42254638672 1005.71844482422 1003.63165283203 1006.19390869141 1009.03479003906 1006.24517822266 1006.28015136719 1003.40509033203 1004.46112060547 1007.05206298828 1008.24639892578 1009.71246337891 1011.00396728516 1013.86987304688 1015.70477294922 1018.31036376953 1020.92742919922 1023.44122314453 1027.64721679688 1031.5419921875 1037.2607421875 1042.08654785156 1047.25219726562 1049.36193847656 1053.45178222656 1059.93505859375 1064.86706542969 -9999 1075.05358886719 1081.25598144531 1086.79174804688 1092.35571289062 1101.73303222656 1105.96594238281 1111.38000488281 1117.046875 1119.81811523438 1126.29821777344 1130.39270019531 1135.44482421875 1143.03039550781 1147.53930664062
1001.40270996094 1000.74627685547 1003.39459228516 1003.6728515625 1004.81066894531 1005.48278808594 1004.35394287109 1003.86279296875 1008.98211669922 1010.78179931641 1010.09680175781 1009.76171875 1012.33905029297 1008.22119140625 1007.13592529297 1005.74688720703 1009.05090332031 1010.26159667969 1011.91235351562 1015.09265136719 1015.1162109375 1014.74462890625 1016.03619384766 1017.74279785156 1021.56884765625 1025.21154785156 1027.08239746094 1030.66333007812 1040.82275390625 1044.03503417969 1046.99377441406 1050.81616210938 1056.974609375 1060.27258300781 1065.09521484375 1069.81958007812 1074.69885253906 1079.24792480469 1085.58166503906 1089.67907714844 1099.1708984375 1101.14562988281 1104.49291992188 1109.3427734375 1111.22094726562 1117.37475585938 1123.42724609375 1129.21496582031 1134.75964355469 -9999
1002.93267822266 1002.03076171875 1003.95495605469 1005.69036865234 1006.05316162109 1007.22296142578 1006.62536621094 1005.62005615234 1009.87371826172 1012.56121826172 1015.61187744141 1014.59033203125 1014.76599121094 1009.57995605469 1009.29254150391 1006.41009521484 1009.34698486328 -9999 1012.02545166016 1014.30413818359 1016.25164794922 1018.13055419922 1019.43737792969 1022.27520751953 1022.96423339844 1026.40661621094 1027.58166503906 1028.87915039062 1038.22045898438 -9999 1045.89501953125 1049.28100585938 1054.22998046875 1057.89001464844 1063.15539550781 1068.33020019531 1073.9716796875 1076.18103027344 -9999 1086.86743164062 1094.4267578125 1097.25219726562 1100.43688964844 1106.25695800781 1109.31311035156 1113.44079589844 1119.681640625 1126.244140625 1130.40563964844 1133.95483398438
1002.21124267578 1001.20471191406 1003.25970458984 1005.6669921875 1005.41925048828 1006.18548583984 1009.19805908203 1009.90777587891 1011.66882324219 1012.65686035156 1018.69952392578 1018.02490234375 1016.03887939453 1013.10888671875 1011.42779541016 1009.51818847656 1010.75317382812 1012.80065917969 1013.97650146484 1016.28582763672 1017.77697753906 1021.17163085938 1022.56573486328 1024.36083984375 1025.29235839844 1027.63781738281 1027.40551757812 1028.73022460938 -9999 -9999 -9999 -9999 1052.03137207031 1055.037109375 1060.40270996094 1065.24951171875 1070.95104980469 1074.04223632812 1078.22668457031 1082.53283691406 1090.82836914062 1094.2509765625 1097.86682128906 1101.84948730469 1106.94775390625 1111.72790527344 1116.57397460938 1122.37158203125 1126.28283691406 1131.15051269531
1001.04956054688 1000.73779296875 1002.58435058594 1004.81689453125 1005.32348632812 1007.14770507812 1009.60144042969 1010.47564697266 1012.77062988281 1016.19378662109 1019.49176025391 1018.15051269531 1015.75634765625 1013.84399414062 1011.22680664062 1010.8583984375 1011.69494628906 1015.400390625 1016.85339355469 1017.71728515625 1018.95678710938 1021.56628417969 1023.59906005859 1026.19128417969 1026.35998535156 1028.48706054688 1031.39929199219 1032.82604980469 -9999 -9999 -9999 -9999 1051.14514160156 1054.98681640625 1059.767578125 1062.66296386719 1067.98388671875 1071.19140625 1075.42419433594 1077.70874023438 1087.16687011719 1092.06481933594 1093.75354003906 1098.5556640625 1104.95959472656 1111.34167480469 1114.37231445312 1118.50146484375 1123.65625 1129.74365234375
1001.43218994141 1001.51867675781 1005.30731201172 -9999 1006.84118652344 1007.56274414062 1011.06579589844 1011.05889892578 1012.77380371094 1017.85382080078 1019.3955078125 1016.42175292969 1014.84796142578 1014.00061035156 1011.59289550781 1012.16046142578 1015.19366455078 1016.1474609375 1018.03820800781 1018.78588867188 1022.67120361328 1024.30590820312 1024.29931640625 1025.61560058594 1027.7451171875 1031.24816894531 1033.65979003906 -9999 -9999 1040.90942382812 1043.67333984375 -9999 -9999 1054.46606445312 1058.90893554688 1060.63110351562 1064.48803710938 1067.70422363281 1072.50061035156 1075.53369140625 1083.9501953125 1088.79772949219 1091.01928710938 1095.06958007812 1101.56384277344 1106.79809570312 1111.79638671875 1118.03125 1122.33422851562 1126.95690917969
1003.16357421875 1006.97912597656 1009.5986328125 1007.90472412109 1008.43341064453 1009.71142578125 1014.27154541016 1015.03607177734 1014.90380859375 1018.6015625 1020.41729736328 1018.29901123047 1017.31243896484 1015.35406494141 1014.50451660156 1015.65411376953 1017.13879394531 1017.72869873047 1020.39422607422 1020.39862060547 1024.33984375 1026.72521972656 1026.15856933594 1026.68701171875 1029.31323242188 1032.29150390625 1035.33374023438 1037.47204589844 1039.85070800781 1043.13232421875 1045.43200683594 1047.99768066406 1049.54797363281 1053.08166503906 1056.32885742188 1060.18811035156 1063.57043457031 1066.84912109375 1071.12512207031 1074.45581054688 1082.97131347656 1086.10571289062 1090.06945800781 1094.76525878906 1098.53332519531 1102.93310546875 1107.64331054688 1114.77612304688 1119.55212402344 1122.720703125
1005.26416015625 1007.94689941406 1009.97674560547 1010.02471923828 1010.5400390625 1011.54571533203 1015.03283691406 1016.69653320312 1018.55047607422 1021.27893066406 1024.02209472656 1021.61901855469 1017.80908203125 1018.115234375 1017.98321533203 1017.60504150391 1017.86901855469 1021.37286376953 1022.57196044922 1022.65313720703 1024.4619140625 1027.35607910156 1031.22705078125 1030.47265625 1031.29846191406 1032.11987304688 1035.02087402344 1038.87731933594 1043.22583007812 1045.82202148438 1047.18957519531 1049.79296875 1051.00170898438 1054.33129882812 1055.9140625 1061.08044433594 1066.72314453125 1068.78454589844 1071.61450195312 1073.53625488281 1085.63916015625 1086.39880371094 1088.70324707031 1093.67211914062 1098.31408691406 1103.53039550781 1106.60559082031 1112.35888671875 -9999 1120.11596679688
1006.19537353516 1006.53631591797 1009.80517578125 1012.04620361328 1013.36651611328 1012.57897949219 1014.3798828125 1016.21685791016 1020.26013183594 1023.89978027344 1024.26623535156 1022.05877685547 1020.36413574219 1020.76727294922 1022.04620361328 1021.83941650391 1021.68127441406 1024.25158691406 1024.98327636719 1024.92236328125 1026.40209960938 1028.53979492188 1033.68981933594 1033.26354980469 1031.916015625 1032.845703125 1037.19116210938 1039.20263671875 1046.87548828125 1047.86059570312 1047.53491210938 1051.22937011719 1055.6181640625 1057.16748046875 1057.00708007812 1060.31970214844 1067.26342773438 1069.15783691406 1072.42687988281 1074.12658691406 1083.5771484375 1086.19360351562 1088.77905273438 1091.46813964844 1096.658203125 1101.72375488281 1106.70568847656 1110.51013183594 1115.91015625 1120.91125488281
1007.61688232422 1008.650390625 1011.13067626953 1011.88616943359 1013.58947753906 1015.81726074219 1014.46099853516 1016.615234375 1020.18029785156 1023.02325439453 1024.51574707031 1022.75 1021.59289550781 1021.24859619141 1023.47717285156 1026.5390625 1026.07104492188 1027.26928710938 1027.43811035156 1029.1904296875 1030.91870117188 1030.65051269531 1031.99243164062 1034.82495117188 1035.04650878906 1036.36950683594 1040.94506835938 1039.26599121094 1048.13317871094 1049.33374023438 1049.49645996094 1051.80029296875 1056.57006835938 1058.3828125 1057.69677734375 1058.42578125 1064.2431640625 1068.89868164062 1075.75939941406 1074.04760742188 1080.87756347656 1085.6865234375 1091.53759765625 1091.56909179688 1095.30749511719 1099.72546386719 1104.36767578125 1108.12585449219 1113.33081054688 1118.80322265625
1009.88195800781 1010.31280517578 1011.10809326172 1011.80346679688 1014.23138427734 1014.7578125 1014.87933349609 1018.08819580078 1020.162109375 1022.01800537109 1024.52587890625 1021.93408203125 1020.61822509766 1021.52307128906 1023.54547119141 1024.88598632812 1027.61901855469 1032.77258300781 1033.62939453125 1038.30847167969 1034.56286621094 1033.19152832031 1032.59216308594 1036.53076171875 1039.43530273438 1039.81860351562 1042.88391113281 1041.08166503906 1047.21740722656 1050.98022460938 1052.60607910156 1052.67053222656 1056.13134765625 1057.66467285156 1056.26599121094 1057.31042480469 1061.7763671875 1068.18676757812 1075.1728515625 1073.92065429688 1080.0400390625 1084.50830078125 1089.26745605469 1091.90258789062 1096.4560546875 1100.32080078125 1103.31750488281 1107.09606933594 1110.27099609375 1115.43664550781
1010.08203125 1012.18487548828 1013.1416015625 1013.94177246094 1013.40533447266 1012.556640625 1016.21252441406 1018.33441162109 1021.07940673828 1021.91845703125 1022.17730712891 1020.87017822266 1022.97515869141 1021.52526855469 1021.91235351562 1023.80297851562 1027.98303222656 1029.54577636719 1036.46484375 1047.89904785156 1035.83898925781 1034.51831054688 1036.3017578125 1038.23352050781 1039.38208007812 1041.0322265625 1044.9716796875 1043.73828125 1047.31274414062 1056.2978515625 1068.33374023438 1056.06091308594 1062.1611328125 1058.33618164062 1057.39721679688 1059.14294433594 1060.31481933594 1063.8212890625 -9999 1074.04663085938 1081.09753417969 1086.07885742188 1087.76110839844 1092.95703125 1098.46557617188 1103.86474609375 1104.591796875 1108.10290527344 1111.73461914062 1116.6171875
1011.32891845703 1013.02862548828 1013.01055908203 1012.78570556641 1012.96569824219 1014.85882568359 1018.94702148438 1019.95385742188 1020.02801513672 1018.81994628906 1019.30523681641 1020.43792724609 1020.3505859375 1020.45989990234 1021.16845703125 1024.39990234375 1025.27368164062 1027.57019042969 1030.9990234375 1033.06896972656 1031.95153808594 1035.40441894531 1035.88513183594 1034.84252929688 1037.86791992188 1040.86340332031 1044.32763671875 1048.55920410156 1050.07067871094 1053.93420410156 1059.40795898438 1059.02355957031 1058.40637207031 1058.3740234375 1058.99926757812 1060.09948730469 1061.04760742188 1065.5556640625 -9999 1070.16870117188 1079.54736328125 1086.49047851562 1087.96252441406 -9999 1095.83093261719 1099.41467285156 1103.15686035156 1108.75561523438 1114.00524902344 1117.04638671875
1014.36560058594 1015.14849853516 1014.70965576172 1014.68408203125 1015.30773925781 1016.03515625 1017.79931640625 1018.55865478516 1018.33123779297 1017.48095703125 1017.49731445312 1019.17565917969 1019.90997314453 1021.22668457031 1022.51025390625 1024.27661132812 1024.20166015625 1028.99377441406 1031.68981933594 1032.10705566406 1032.798828125 1034.87890625 1033.82800292969 1036.38171386719 1038.77819824219 1039.2294921875 1043.53771972656 1048.14025878906 1052.00805664062 1056.15466308594 1058.41723632812 1059.64074707031 1057.76171875 1056.76708984375 1059.65563964844 1061.93432617188 1061.60498046875 1065.8486328125 1069.81005859375 1072.03869628906 1077.62268066406 1083.39086914062 1087.052734375 1091.21862792969 1096.14440917969 1101.25244140625 1103.47973632812 1109.71618652344 1115.88305664062 -9999
1017.06164550781 1016.96264648438 1017.5927734375 1019.11016845703 1018.53973388672 1016.98840332031 1018.58026123047 1018.5849609375 1018.33489990234 1019.97613525391 1019.63330078125 1020.78143310547 1020.80474853516 1022.11004638672 1021.50476074219 1022.76507568359 1024.48901367188 1027.40881347656 1029.81433105469 1030.02868652344 1032.60986328125 1033.27416992188 1033.14453125 1036.748046875 1037.92907714844 1039.24340820312 1043.74060058594 1045.97668457031 1051.6796875 1053.89538574219 1057.57739257812 1062.5380859375 1061.95434570312 1059.41809082031 1062.025390625 1062.33081054688 1062.57641601562 1067.06896972656 1072.65441894531 1074.41723632812 1077.85083007812 1081.54077148438 1085.23205566406 1091.48913574219 1097.86401367188 1104.17736816406 1106.30529785156 1110.61206054688 1117.72741699219 1120.404296875
1020.6796875 1022.28234863281 1021.79876708984 1020.78643798828 1021.51428222656 1020.40161132812 1019.30688476562 1021.80621337891 1023.45428466797 1024.82177734375 1023.99389648438 1023.22705078125 1022.04833984375 1021.88714599609 1022.97033691406 1024.37939453125 1025.15844726562 1026.53369140625 1028.51440429688 1029.94909667969 1032.09289550781 1032.31579589844 1032.84399414062 1036.55883789062 1039.22094726562 1042.11267089844 1043.89892578125 1045.24475097656 1049.37036132812 1053.45263671875 1057.08618164062 1060.73547363281 1062.064453125 1062.93225097656 1064.33239746094 1062.712890625 1063.39953613281 1067.53393554688 1074.18762207031 1076.48327636719 1078.69873046875 1082.47729492188 1085.23486328125 1090.95104980469 1097.80297851562 1105.05187988281 1109.14916992188 1111.61352539062 1117.396484375 1121.8916015625
1022.46978759766 1023.69244384766 1025.19775390625 1024.34838867188 1024.91845703125 1024.36193847656 1021.29010009766 1022.98376464844 1024.71325683594 1024.69506835938 1025.25012207031 1027.27746582031 1026.64074707031 1026.15051269531 1026.14013671875 1026.72326660156 1026.83728027344 1029.97534179688 1029.17517089844 1030.60998535156 1032.03344726562 1032.89562988281 1036.43518066406 1039.75451660156 1041.54431152344 1043.40185546875 1042.41369628906 1042.94836425781 1050.51293945312 1053.43688964844 1055.43432617188 1058.31127929688 1059.27575683594 1061.64965820312 1065.52966308594 1064.822265625 1065.234375 1068.29772949219 1073.32189941406 1077.03161621094 1080.58154296875 1083.19873046875 1084.86437988281 1090.43469238281 1097.580078125 1103.89672851562 1110.783203125 1114.21630859375 1119.6123046875 1123.48327636719
1024.67822265625 1025.23657226562 1025.4912109375 1026.41088867188 1029.61669921875 1030.78747558594 1024.56811523438 1025.34423828125 1027.66638183594 1027.34411621094 1027.85864257812 1030.224609375 1030.67309570312 1028.87158203125 1027.45751953125 1027.35302734375 1030.43884277344 1033.14331054688 1031.72216796875 1031.60473632812 1032.80603027344 1035.31140136719 1039.24621582031 1040.20849609375 1041.11560058594 1041.82373046875 1041.25 1044.96496582031 1052.70458984375 1052.36450195312 1054.28979492188 1056.810546875 1056.47937011719 1058.46728515625 1063.85766601562 1064.75708007812 1066.65087890625 1071.53881835938 1074.32775878906 1077.12658691406 1082.30859375 1084.18225097656 1085.76867675781 1089.96630859375 1097.44995117188 1103.18603515625 1108.34838867188 1113.27685546875 1121.61608886719 1126.45129394531
1029.07531738281 1028.80151367188 1027.49926757812 1027.94299316406 1030.1865234375 1033.32177734375 1028.99841308594 1028.76330566406 1028.9521484375 1030.41040039062 1032.38989257812 1034.82202148438 1035.81140136719 1034.57275390625 1031.96508789062 1032.09436035156 1033.65832519531 1034.560546875 1034.34521484375 1032.99279785156 1035.10192871094 1037.53356933594 1038.83154296875 1039.03063964844 1039.87048339844 1040.34936523438 1042.8896484375 1046.91613769531 1051.37097167969 1051.52392578125 1051.73645019531 1054.15771484375 1054.67004394531 1056.74633789062 1061.83056640625 1063.88940429688 1067.54248046875 1071.92077636719 1074.79211425781 1079.62841796875 1083.90588378906 1085.91589355469 1087.00659179688 1090.66442871094 1095.6669921875 1101.81420898438 1108.26977539062 1113.51293945312 1122.06750488281 1132.32092285156
1030.08508300781 1031.02514648438 1030.2470703125 1030.7333984375 1031.36889648438 1034.11401367188 1032.91955566406 1032.18737792969 1031.82250976562 1032.76904296875 1035.44226074219 1037.36059570312 1038.83129882812 1040.17199707031 1037.91845703125 1036.28869628906 1037.40783691406 1037.0986328125 1038.88439941406 1036.0234375 1036.06018066406 1036.55590820312 1038.63256835938 -9999 1042.48315429688 1042.794921875 1046.76318359375 1048.04211425781 1048.24780273438 1051.00415039062 1050.53137207031 1052.05749511719 1053.76611328125 1054.64013671875 1058.42858886719 -9999 1065.01770019531 1069.84887695312 1073.37316894531 1079.71948242188 1084.68273925781 1085.28576660156 1087.36938476562 1092.86633300781 1095.646484375 1101.37145996094 1107.82934570312 1114.28503417969 1120.45043945312 1130.87121582031
1030.544921875 1031.8779296875 1030.67883300781 1032.65002441406 1035.67163085938 1037.21032714844 1033.9013671875 1034.95288085938 1036.49597167969 1036.1259765625 1036.96533203125 1038.23059082031 1039.56823730469 1041.04431152344 1039.48400878906 1038.2734375 1039.501953125 1040.927734375 1042.18359375 1040.48156738281 1039.55920410156 1039.84399414062 1042.46179199219 1044.05407714844 1045.71057128906 1046.77124023438 1048.25231933594 1047.70825195312 1046.41162109375 1048.85998535156 1050.37329101562 1049.96240234375 1051.03564453125 1052.75146484375 1055.77746582031 1060.90576171875 1063.86376953125 1067.94836425781 1073.42639160156 1080.65380859375 1085.47253417969 1085.888671875 1088.005859375 1095.115234375 1097.87036132812 1101.43029785156 1106.26892089844 1113.98181152344 1118.44543457031 1125.34606933594
1030.45397949219 1031.92370605469 1033.60437011719 1033.884765625 1034.53881835938 1034.09020996094 1033.97961425781 1034.58056640625 1037.30249023438 1038.48693847656 1038.86254882812 1038.26672363281 1039.85852050781 1040.04125976562 1040.22631835938 1038.89831542969 1040.76977539062 1042.02392578125 1043.93664550781 1043.2275390625 1044.62133789062 1044.79846191406 1047.02453613281 1047.326171875 1048.74389648438 1048.4599609375 1047.18139648438 1047.80224609375 1045.32482910156 1047.46875 1048.67956542969 1049.50634765625 1051.78234863281 1054.33447265625 1059.78942871094 1063.98315429688 1068.18298339844 1068.40979003906 1075.36083984375 1082.14501953125 1086.39880371094 1087.32568359375 1091.66625976562 1097.48498535156 1100.30224609375 1102.13354492188 1106.77478027344 1112.35192871094 1118.22033691406 1124.76599121094
1031.3310546875 1032.3857421875 1033.19287109375 1033.15771484375 1032.83288574219 1032.41320800781 1033.62048339844 1035.83093261719 1038.38342285156 1037.94860839844 1037.49096679688 1038.14794921875 1040.3759765625 1039.59594726562 1040.87280273438 1040.88317871094 1042.10266113281 1041.31188964844 1043.21850585938 1044.755859375 1046.69116210938 1046.95129394531 1047.93811035156 1049.17932128906 1048.91979980469 1047.28137207031 1046.96533203125 1046.70446777344 1045.978515625 1048.40124511719 1049.63305664062 1051.05395507812 1051.85473632812 1055.96203613281 1064.36853027344 1067.40942382812 1069.681640625 1071.52722167969 1075.62072753906 1081.2880859375 1089.20715332031 1089.09167480469 1092.8720703125 1098.078125 1103.68725585938 1107.10546875 1109.04711914062 1111.10461425781 1117.73315429688 1124.54931640625
