rcp8.5models/MPI_ESM_LR/sc1gr3.30
NCOLS 261 
NROWS 433 
XLLCORNER 336357.134 
YLLCORNER 654653.479 
CELLSIZE 1000 
NODATA_value -3.4e+38 
[rows 330 to 351 of 433, columns 98 to 146 of 261]
247.689758300781 233.816986083984 226.547485351562 221.150939941406 218.044158935547 221.948272705078 213.36408996582 194.745727539062 184.09553527832 185.615951538086 187.017929077148 187.634841918945 189.090103149414 189.155380249023 -3.4e+38 -3.4e+38 197.290008544922 194.173080444336 198.443557739258 204.474365234375 -3.4e+38 -3.4e+38 204.560241699219 199.180374145508 196.738220214844 195.368942260742 186.690338134766 175.726516723633 174.955444335938 184.238967895508 186.352188110352 184.067504882812 182.281280517578 182.252105712891 184.501388549805 185.997940063477 185.153503417969 186.435150146484 188.212326049805 186.693923950195 181.924331665039 175.382202148438 167.897644042969 162.289916992188 162.130081176758 167.248168945312 168.671234130859 167.787139892578 181.309188842773
256.793731689453 241.747665405273 228.867446899414 215.601196289062 205.779525756836 211.974655151367 212.867492675781 199.381378173828 186.451263427734 180.323364257812 177.83235168457 178.477951049805 182.977981567383 184.199584960938 201.625061035156 -3.4e+38 203.08903503418 200.980422973633 199.483627319336 197.474029541016 198.980529785156 203.583053588867 205.282730102539 204.475845336914 200.955368041992 196.744323730469 189.266448974609 180.993286132812 175.11750793457 173.352661132812 175.706069946289 178.277038574219 177.154541015625 179.362045288086 182.931564331055 184.662902832031 183.183883666992 182.057098388672 182.105941772461 183.012908935547 182.887466430664 177.548233032227 171.313079833984 163.440200805664 157.492858886719 160.204208374023 164.525619506836 165.121337890625 182.34846496582
261.847839355469 254.070755004883 242.721603393555 221.936996459961 207.774032592773 205.580856323242 205.724517822266 200.402709960938 190.853622436523 178.677490234375 173.878005981445 177.287734985352 185.55827331543 191.308822631836 202.277893066406 206.243392944336 -3.4e+38 -3.4e+38 202.140350341797 197.829864501953 194.457580566406 196.373672485352 201.906814575195 206.183120727539 205.105621337891 199.77180480957 192.986373901367 187.993621826172 181.481597900391 171.206497192383 167.3701171875 173.262130737305 176.274398803711 179.017578125 181.660171508789 184.33576965332 184.169921875 181.270751953125 177.89811706543 175.936660766602 175.665298461914 172.266876220703 167.214492797852 160.655532836914 154.942794799805 154.534057617188 159.01887512207 163.579299926758 178.405807495117
257.424621582031 257.417755126953 249.024475097656 222.901611328125 213.683135986328 207.073654174805 201.924530029297 199.173049926758 192.249221801758 181.754547119141 180.153427124023 187.053466796875 194.539489746094 198.230392456055 -3.4e+38 -3.4e+38 -3.4e+38 -3.4e+38 201.601226806641 199.971267700195 196.699676513672 194.48649597168 196.47917175293 201.201385498047 203.892288208008 201.228454589844 194.918640136719 192.129730224609 187.156143188477 179.894119262695 172.454284667969 172.896926879883 178.717086791992 181.589462280273 181.853332519531 181.922775268555 182.247024536133 179.512161254883 174.967712402344 170.427017211914 166.688461303711 164.524047851562 161.780395507812 157.864501953125 154.86100769043 154.447463989258 157.802719116211 165.489593505859 174.386611938477
248.832122802734 252.266937255859 247.766235351562 216.819305419922 207.360122680664 204.438674926758 200.683670043945 196.537582397461 188.786071777344 179.112167358398 178.3515625 185.389251708984 190.23747253418 193.440460205078 199.132278442383 205.788757324219 -3.4e+38 -3.4e+38 202.342102050781 200.04850769043 198.210342407227 196.19091796875 194.562576293945 194.620056152344 197.450485229492 198.522125244141 196.343246459961 195.537246704102 193.093704223633 188.501953125 182.6552734375 179.062850952148 181.419158935547 183.456115722656 182.228149414062 179.990982055664 179.764541625977 175.358657836914 169.312484741211 165.053909301758 159.742080688477 156.697967529297 158.493286132812 157.48551940918 155.751266479492 155.582565307617 156.974136352539 161.111892700195 174.066024780273
237.660125732422 242.516952514648 244.057373046875 229.275924682617 216.062774658203 209.412689208984 204.704574584961 193.663146972656 182.439849853516 173.656127929688 172.79768371582 178.035598754883 179.831588745117 183.373931884766 197.42253112793 205.113220214844 203.909088134766 202.454574584961 200.908279418945 198.485229492188 197.654174804688 197.190612792969 195.43147277832 192.198226928711 190.974456787109 191.650100708008 194.395416259766 195.325729370117 196.468490600586 195.259307861328 191.095901489258 185.748611450195 182.537445068359 180.577835083008 180.65495300293 179.599472045898 176.893096923828 171.519912719727 164.189483642578 158.318237304688 155.473083496094 154.165679931641 156.392120361328 156.622848510742 156.242645263672 156.075119018555 155.589401245117 155.979888916016 167.446441650391
239.493743896484 244.063262939453 251.238021850586 253.777328491211 250.529739379883 242.378707885742 225.611145019531 211.789291381836 194.599533081055 178.24365234375 179.354476928711 181.073959350586 184.128890991211 187.676452636719 191.879135131836 191.928741455078 186.751449584961 176.192977905273 174.669372558594 184.22135925293 191.561553955078 194.102767944336 195.63703918457 194.600463867188 191.306228637695 185.127197265625 182.381286621094 186.929336547852 190.90168762207 193.803970336914 194.691177368164 193.184783935547 188.987686157227 182.062683105469 177.864273071289 175.59700012207 170.96923828125 161.182006835938 158.405258178711 154.1103515625 153.576705932617 155.765609741211 157.150650024414 157.227279663086 158.044189453125 158.037231445312 161.373916625977 166.098495483398 179.720611572266
250.402069091797 254.926666259766 259.130767822266 259.719818115234 257.335113525391 249.738555908203 235.209548950195 222.896911621094 202.321136474609 182.101196289062 181.311874389648 180.208419799805 181.954574584961 184.559600830078 181.628799438477 179.982299804688 178.599655151367 173.820465087891 170.483001708984 179.034072875977 191.361099243164 194.026245117188 193.547836303711 193.192352294922 193.121292114258 187.624633789062 177.45295715332 180.734436035156 184.370895385742 188.519256591797 190.651351928711 190.313842773438 189.267059326172 185.934219360352 183.573623657227 181.2158203125 175.193923950195 161.448638916016 160.555023193359 158.503662109375 156.445983886719 157.195648193359 159.808471679688 164.90576171875 166.545272827148 165.899642944336 175.489379882812 183.916122436523 194.712142944336
258.014465332031 263.244293212891 264.818176269531 265.091247558594 262.975891113281 256.693145751953 246.2548828125 231.735610961914 210.165985107422 195.883438110352 191.608917236328 185.330551147461 183.596725463867 183.795928955078 178.032730102539 172.892807006836 173.532501220703 172.769180297852 170.843521118164 178.023056030273 188.988815307617 190.344223022461 190.148590087891 190.241790771484 192.406478881836 189.216705322266 173.496932983398 172.398284912109 176.337554931641 182.049499511719 185.293823242188 185.698135375977 186.324005126953 185.443817138672 184.013305664062 182.27766418457 177.683227539062 164.557189941406 159.255798339844 157.881759643555 159.059646606445 159.674743652344 167.631683349609 179.314865112305 176.834457397461 178.075271606445 191.141708374023 199.432556152344 209.803771972656
262.729034423828 268.210357666016 269.835845947266 269.058227539062 264.328247070312 260.664367675781 256.437255859375 244.596694946289 228.934326171875 217.958572387695 210.115249633789 203.191207885742 196.800643920898 194.289093017578 194.569076538086 183.079742431641 176.705718994141 175.654388427734 174.94660949707 175.505523681641 178.399017333984 179.618743896484 184.145889282227 187.964736938477 188.261489868164 185.797073364258 173.659896850586 168.338012695312 169.489837646484 174.583847045898 180.780029296875 184.392395019531 183.733383178711 182.470611572266 180.305892944336 177.62532043457 175.680313110352 168.838897705078 167.163101196289 167.370864868164 165.337936401367 170.447402954102 183.668869018555 189.988845825195 178.749298095703 178.846664428711 193.453216552734 203.38410949707 219.757034301758
263.886291503906 269.393676757812 272.066162109375 271.03271484375 263.230987548828 259.100189208984 259.121032714844 253.069259643555 244.164825439453 237.520812988281 230.334945678711 220.754119873047 212.03678894043 211.245620727539 210.626022338867 197.581726074219 189.703582763672 190.577529907227 190.080917358398 185.59602355957 182.812713623047 184.157196044922 186.110366821289 188.492431640625 185.497207641602 181.955078125 173.309234619141 169.182861328125 169.263534545898 174.424530029297 183.794296264648 187.080459594727 183.863189697266 181.877990722656 181.315444946289 181.721237182617 181.738479614258 181.069839477539 186.031478881836 184.006637573242 174.180236816406 182.968841552734 197.301300048828 189.986770629883 176.172241210938 177.869644165039 194.166442871094 204.167724609375 224.027877807617
261.680755615234 267.446228027344 271.875518798828 273.260314941406 266.564178466797 261.075317382812 259.816101074219 255.559143066406 250.517288208008 247.454833984375 241.842880249023 232.571960449219 225.710800170898 223.450256347656 217.088958740234 205.265029907227 201.692398071289 205.374969482422 205.638092041016 203.178161621094 201.767227172852 199.805709838867 196.072067260742 193.41032409668 187.492416381836 181.831359863281 175.537063598633 180.48030090332 182.994537353516 180.400451660156 188.607681274414 194.902725219727 192.404647827148 189.778839111328 191.959442138672 194.982452392578 196.837982177734 200.544708251953 202.439041137695 194.298645019531 187.208099365234 196.632141113281 202.824935913086 188.309432983398 182.918197631836 193.603637695312 205.228424072266 214.139495849609 225.255920410156
257.940612792969 263.851531982422 271.419586181641 274.359619140625 270.087615966797 264.126342773438 259.883544921875 256.732208251953 254.162506103516 251.078735351562 246.142333984375 239.944839477539 234.191146850586 229.859283447266 222.357711791992 212.868087768555 208.630767822266 211.311050415039 214.050369262695 216.086944580078 217.245529174805 214.892288208008 211.755187988281 205.638854980469 196.974090576172 191.096572875977 189.212142944336 196.994873046875 199.125701904297 192.972961425781 197.706100463867 205.160018920898 205.347015380859 202.249420166016 201.771484375 203.201110839844 207.267028808594 214.530426025391 214.388854980469 206.434555053711 205.17121887207 211.041809082031 206.272171020508 198.50798034668 202.274551391602 209.357833862305 215.582992553711 224.602874755859 232.932067871094
255.911666870117 257.861297607422 267.055816650391 273.059448242188 269.849395751953 263.780029296875 256.263061523438 253.317443847656 251.166488647461 248.847137451172 246.371719360352 242.74186706543 236.862487792969 231.723220825195 226.161392211914 220.714202880859 216.365341186523 214.4052734375 213.034698486328 216.62451171875 224.310165405273 227.672134399414 226.761535644531 221.036178588867 213.515121459961 209.088485717773 204.399993896484 208.430419921875 213.081665039062 213.550796508789 212.973617553711 213.845825195312 213.463790893555 208.957489013672 204.748733520508 203.296035766602 205.770858764648 217.459655761719 222.788909912109 221.699096679688 221.082702636719 220.097869873047 214.997177124023 215.131500244141 219.431411743164 221.298202514648 225.707107543945 232.569244384766 240.334503173828
258.046112060547 254.511993408203 259.806518554688 272.685791015625 269.531982421875 261.216491699219 253.124038696289 250.877151489258 249.026565551758 245.271575927734 244.884780883789 245.508743286133 241.312774658203 237.028549194336 233.80143737793 228.937591552734 222.541976928711 217.516128540039 213.294509887695 212.651351928711 217.833892822266 223.233993530273 228.905685424805 231.649841308594 228.524002075195 224.204284667969 214.131759643555 218.573806762695 224.206329345703 227.119186401367 225.577178955078 224.657089233398 225.128005981445 220.321716308594 213.978530883789 212.011825561523 207.203796386719 210.141540527344 222.604354858398 230.195098876953 231.189086914062 228.901947021484 227.987808227539 228.676727294922 230.205856323242 232.479064941406 234.506408691406 238.572952270508 242.913223266602
262.24169921875 257.298217773438 258.631164550781 273.149719238281 267.730865478516 260.242584228516 256.095245361328 253.960235595703 252.7646484375 251.255035400391 252.90380859375 253.380706787109 249.901901245117 248.594192504883 244.673278808594 236.311721801758 228.859298706055 225.985305786133 223.821487426758 219.824279785156 215.399185180664 214.892669677734 220.070602416992 225.737060546875 232.111938476562 234.305419921875 228.149856567383 230.741134643555 232.26708984375 234.370269775391 235.807876586914 236.750305175781 237.35237121582 234.634750366211 229.144714355469 225.602905273438 218.442535400391 211.637985229492 223.373886108398 233.870666503906 236.695281982422 235.693588256836 236.022537231445 236.141723632812 236.753112792969 238.113800048828 239.369522094727 242.835037231445 247.757278442383
265.493743896484 261.757904052734 265.657989501953 273.8740234375 269.649444580078 265.369750976562 263.062286376953 262.005249023438 261.644470214844 262.017639160156 264.168640136719 263.833648681641 260.950988769531 260.642456054688 254.693740844727 246.767959594727 242.004302978516 240.296203613281 236.554153442383 231.756195068359 226.930633544922 222.333053588867 220.083389282227 222.943450927734 232.176193237305 237.731781005859 238.926986694336 239.184097290039 239.370788574219 239.974044799805 240.751022338867 240.723190307617 238.783447265625 239.111450195312 239.861755371094 235.903457641602 233.053115844727 228.774597167969 232.49821472168 238.58171081543 -3.4e+38 238.889053344727 238.336868286133 238.6103515625 238.741973876953 241.835693359375 244.700500488281 246.322891235352 246.645034790039
270.563385009766 266.654663085938 270.314056396484 270.697967529297 270.612670898438 269.814331054688 268.723937988281 268.85888671875 268.873596191406 268.894866943359 268.312591552734 267.021423339844 263.745880126953 259.527008056641 260.532836914062 257.558258056641 252.155502319336 247.096038818359 242.479705810547 238.90055847168 236.156265258789 230.289352416992 225.579345703125 227.487197875977 234.036743164062 238.297592163086 241.36701965332 241.459686279297 241.68522644043 242.015808105469 241.457778930664 239.722717285156 236.534545898438 236.57649230957 239.623352050781 239.681121826172 240.885543823242 241.797271728516 241.640670776367 243.133026123047 241.472274780273 240.493301391602 240.618469238281 240.843627929688 239.349182128906 242.234039306641 245.391326904297 244.724700927734 242.608123779297
276.059265136719 275.777282714844 270.630523681641 257.21533203125 262.481781005859 266.30419921875 266.270782470703 266.207611083984 267.922790527344 267.214111328125 263.051788330078 257.584411621094 250.593185424805 244.808624267578 250.236129760742 253.506683349609 251.62483215332 249.698028564453 249.412811279297 246.81916809082 238.125 230.771423339844 222.059005737305 217.534561157227 222.673080444336 228.230682373047 232.394195556641 236.423004150391 239.900772094727 241.667541503906 242.723983764648 241.841064453125 241.113357543945 240.525787353516 239.524108886719 238.571670532227 239.33088684082 242.92919921875 242.96842956543 244.193344116211 -3.4e+38 -3.4e+38 245.564590454102 245.261672973633 244.352096557617 242.647079467773 243.105270385742 244.427383422852 241.357894897461
276.075805664062 275.930572509766 273.523712158203 259.826568603516 265.913330078125 269.286285400391 265.883636474609 263.056732177734 265.114471435547 265.881500244141 263.724304199219 259.507354736328 249.055786132812 243.339294433594 245.659362792969 245.878402709961 244.967697143555 243.350570678711 241.440994262695 240.013473510742 235.579483032227 230.565841674805 223.649810791016 218.268173217773 218.187652587891 219.425003051758 223.108779907227 228.832214355469 235.434860229492 240.024612426758 241.662139892578 241.9033203125 241.931167602539 241.261016845703 240.700302124023 239.835708618164 238.771621704102 241.684036254883 240.833145141602 240.185012817383 242.337966918945 -3.4e+38 246.392364501953 246.809997558594 247.213668823242 246.204299926758 246.510406494141 249.104461669922 245.846145629883
275.164398193359 276.099761962891 276.115051269531 267.743621826172 268.817810058594 270.360748291016 268.082122802734 266.581237792969 267.384582519531 266.434844970703 264.532592773438 261.792358398438 255.386215209961 249.658920288086 237.931701660156 236.790496826172 238.99479675293 234.3671875 228.582656860352 225.565383911133 222.206512451172 219.946838378906 220.042251586914 218.854843139648 214.855331420898 213.782897949219 221.191223144531 224.481872558594 231.267486572266 238.692932128906 240.266555786133 241.170486450195 242.175964355469 241.735794067383 241.77180480957 240.084762573242 237.993865966797 240.475433349609 239.164993286133 238.89323425293 241.468490600586 243.536544799805 -3.4e+38 246.324584960938 245.572998046875 244.197158813477 244.715927124023 248.361373901367 253.087127685547
272.985504150391 274.247741699219 275.084350585938 272.226165771484 267.892425537109 264.439361572266 264.747894287109 267.247924804688 268.36376953125 268.363098144531 265.975891113281 262.995880126953 262.375122070312 260.550964355469 242.579193115234 236.60856628418 237.668365478516 233.202301025391 228.294372558594 225.790084838867 218.004150390625 210.473571777344 207.751556396484 206.444732666016 203.223968505859 201.362014770508 214.560409545898 220.566070556641 228.714752197266 237.209274291992 240.66032409668 240.863616943359 241.372253417969 241.745712280273 242.562057495117 241.015014648438 239.714614868164 240.43879699707 238.546478271484 239.152542114258 241.182373046875 241.756393432617 -3.4e+38 -3.4e+38 -3.4e+38 239.454330444336 241.360656738281 246.013717651367 252.285446166992
