rcp8.5models/MPI_ESM_LR/sc1gr0.28
NCOLS 261 
NROWS 433 
XLLCORNER 336357.134 
YLLCORNER 654653.479 
CELLSIZE 1000 
NODATA_value -3.4e+38 
[rows 44 to 65 of 433, columns 49 to 97 of 261]
-3.4e+38 -3.4e+38 -3.4e+38 -3.4e+38 -3.4e+38 -3.4e+38 -3.4e+38 -3.4e+38 -3.4e+38 -3.4e+38 -3.4e+38 -3.4e+38 -3.4e+38 -3.4e+38 -3.4e+38 -3.4e+38 -3.4e+38 -3.4e+38 -3.4e+38 -3.4e+38 -3.4e+38 55.0864295959473 55.2002792358398 -3.4e+38 -3.4e+38 55.7000732421875 55.7745208740234 56.1178245544434 56.3210105895996 56.4906692504883 56.7742576599121 56.892147064209 57.1149978637695 -3.4e+38 -3.4e+38 57.7280006408691 57.8782691955566 57.9246597290039 58.1514091491699 58.4138565063477 58.6513595581055 59.0127334594727 59.2983665466309 59.3439865112305 59.3554306030273 59.475025177002 59.7329177856445 60.13232421875 60.1998863220215
-3.4e+38 -3.4e+38 -3.4e+38 -3.4e+38 -3.4e+38 -3.4e+38 -3.4e+38 -3.4e+38 -3.4e+38 -3.4e+38 -3.4e+38 -3.4e+38 -3.4e+38 -3.4e+38 -3.4e+38 -3.4e+38 -3.4e+38 -3.4e+38 -3.4e+38 55.0069313049316 55.0973052978516 55.322151184082 55.514331817627 55.7724075317383 55.9449462890625 56.0424270629883 56.2692337036133 56.5118789672852 56.6255111694336 56.8776969909668 -3.4e+38 57.2165832519531 -3.4e+38 57.6298332214355 57.8639869689941 57.9409828186035 58.1439933776855 58.167724609375 58.4729423522949 58.6566734313965 58.864330291748 59.1949615478516 59.4281616210938 59.525993347168 59.7023544311523 60.1265411376953 60.3071212768555 60.5105094909668 60.493236541748
-3.4e+38 -3.4e+38 -3.4e+38 -3.4e+38 -3.4e+38 -3.4e+38 -3.4e+38 -3.4e+38 -3.4e+38 -3.4e+38 -3.4e+38 -3.4e+38 -3.4e+38 -3.4e+38 -3.4e+38 -3.4e+38 -3.4e+38 -3.4e+38 54.9143943786621 55.0896759033203 55.2341651916504 55.3810997009277 55.6139869689941 55.8266906738281 55.9611320495605 56.1481781005859 56.3548622131348 56.5102310180664 56.6679534912109 57.0085792541504 57.2891693115234 57.3555488586426 57.4738159179688 57.6464881896973 57.8816909790039 58.1244049072266 58.2796592712402 58.2999153137207 58.6855201721191 58.7949028015137 58.9972839355469 59.2744789123535 59.5876235961914 59.8504753112793 60.0291442871094 60.2628173828125 60.4672622680664 60.6722145080566 60.65234375
-3.4e+38 -3.4e+38 -3.4e+38 -3.4e+38 -3.4e+38 -3.4e+38 -3.4e+38 -3.4e+38 -3.4e+38 -3.4e+38 -3.4e+38 -3.4e+38 -3.4e+38 -3.4e+38 -3.4e+38 -3.4e+38 54.5516357421875 54.7251014709473 54.9338150024414 55.2178153991699 55.3132858276367 55.5150909423828 55.7774848937988 55.9186325073242 55.9689750671387 56.212516784668 56.5108833312988 56.683292388916 56.7575149536133 57.3258399963379 57.4965362548828 57.4381446838379 57.6311149597168 57.951244354248 -3.4e+38 58.2866668701172 58.3880462646484 58.5672912597656 58.8784866333008 58.9294395446777 59.1037483215332 59.5982360839844 59.7792091369629 60.0120544433594 60.2455711364746 60.4504356384277 60.6556015014648 60.7221069335938 60.7862739562988
-3.4e+38 -3.4e+38 -3.4e+38 -3.4e+38 -3.4e+38 -3.4e+38 -3.4e+38 -3.4e+38 -3.4e+38 -3.4e+38 -3.4e+38 -3.4e+38 54.1403694152832 54.3405990600586 54.4328269958496 54.5120964050293 54.6492080688477 54.7057113647461 55.131908416748 55.3572463989258 55.4544143676758 55.6467399597168 55.8552017211914 56.0738258361816 56.2182083129883 56.3653907775879 56.6428985595703 56.7835540771484 56.9691047668457 57.4906234741211 57.546012878418 -3.4e+38 57.8245010375977 58.1846961975098 58.2454261779785 58.3935241699219 -3.4e+38 58.8110656738281 59.0155220031738 59.0898017883301 59.319522857666 59.813907623291 59.9681396484375 60.2002716064453 60.2965965270996 60.5013999938965 60.7887687683105 60.7985649108887 60.9462356567383
-3.4e+38 -3.4e+38 -3.4e+38 -3.4e+38 -3.4e+38 -3.4e+38 -3.4e+38 -3.4e+38 -3.4e+38 -3.4e+38 -3.4e+38 53.930606842041 54.1581153869629 54.4100532531738 54.430793762207 54.6196060180664 -3.4e+38 54.9351768493652 55.3447189331055 55.5296401977539 55.5883522033691 55.861385345459 56.0592727661133 56.2646484375 56.5570678710938 56.5180702209473 56.7515678405762 56.8136444091797 57.1137313842773 57.4562225341797 57.6474914550781 57.8002014160156 57.9556999206543 -3.4e+38 58.4305801391602 -3.4e+38 -3.4e+38 59.0537414550781 59.2346649169922 59.3334579467773 -3.4e+38 59.9192199707031 60.1003646850586 60.3607368469238 60.5384368896484 60.6602745056152 60.8931694030762 60.9035949707031 61.1357307434082
-3.4e+38 -3.4e+38 -3.4e+38 -3.4e+38 -3.4e+38 -3.4e+38 -3.4e+38 -3.4e+38 -3.4e+38 -3.4e+38 -3.4e+38 54.0121994018555 54.1392402648926 -3.4e+38 54.6288833618164 54.7461051940918 54.8652763366699 55.0427131652832 55.5343551635742 55.6138229370117 55.7427673339844 55.9637641906738 56.2067222595215 56.4504356384277 56.6841773986816 56.5185165405273 56.8469543457031 56.9498901367188 57.2760810852051 57.6361656188965 57.9424667358398 58.1634635925293 -3.4e+38 58.386604309082 58.587459564209 -3.4e+38 58.9552841186523 59.1562767028809 59.3374481201172 59.4365043640137 59.667839050293 60.0805816650391 60.2059631347656 60.5204849243164 60.727165222168 60.8762550354004 61.2174682617188 61.3361740112305 61.4866142272949
-3.4e+38 -3.4e+38 -3.4e+38 -3.4e+38 -3.4e+38 -3.4e+38 -3.4e+38 -3.4e+38 -3.4e+38 -3.4e+38 -3.4e+38 54.1770286560059 54.2707138061523 54.3918037414551 -3.4e+38 54.8177757263184 54.9962692260742 55.1343269348145 55.7312965393066 55.7619171142578 55.9266510009766 56.1640319824219 56.376033782959 56.6373672485352 56.7232398986816 56.837646484375 56.9216613769531 57.1266288757324 57.4119453430176 57.7937774658203 58.0696830749512 58.3372344970703 58.4459953308105 58.519100189209 58.7482147216797 59.0364952087402 59.11669921875 59.2377510070801 59.3610763549805 59.5124816894531 59.7721557617188 60.3249320983887 60.5315093994141 60.819522857666 61.0523948669434 61.1190223693848 -3.4e+38 61.6121864318848 61.8122138977051
-3.4e+38 -3.4e+38 -3.4e+38 -3.4e+38 -3.4e+38 -3.4e+38 -3.4e+38 -3.4e+38 -3.4e+38 -3.4e+38 -3.4e+38 54.3663787841797 54.4078178405762 54.7108421325684 54.9958572387695 54.9071235656738 55.0664253234863 55.2354278564453 55.8030242919922 55.9368057250977 56.0629005432129 56.4742813110352 56.6332702636719 56.832592010498 56.8679847717285 57.1112251281738 57.1807746887207 57.3746871948242 57.5824775695801 57.9509506225586 58.1551361083984 58.4169006347656 58.5790634155273 58.6797904968262 58.9896430969238 59.2564926147461 59.3602981567383 59.4563903808594 59.5521697998047 59.7832450866699 59.9902076721191 60.7050857543945 60.7491111755371 -3.4e+38 -3.4e+38 61.3897857666016 61.5381126403809 61.7716903686523 62.0297203063965
-3.4e+38 -3.4e+38 -3.4e+38 -3.4e+38 -3.4e+38 -3.4e+38 -3.4e+38 -3.4e+38 -3.4e+38 -3.4e+38 -3.4e+38 -3.4e+38 54.6102485656738 54.8576507568359 55.1586837768555 55.1260032653809 55.2216491699219 55.3990135192871 55.977237701416 56.0743103027344 56.1180686950684 56.4254493713379 56.6053619384766 56.8942527770996 57.0455169677734 57.2468032836914 57.4096527099609 57.6977386474609 57.7820434570312 58.0221977233887 58.312328338623 58.4716529846191 58.8678321838379 58.9820938110352 59.1544647216797 59.469051361084 59.5206298828125 59.5603523254395 59.7637634277344 60.079719543457 60.3167266845703 60.866325378418 61.0185623168945 60.9753494262695 61.1814384460449 -3.4e+38 61.7805519104004 61.7964668273926 62.1628799438477
-3.4e+38 -3.4e+38 -3.4e+38 -3.4e+38 -3.4e+38 -3.4e+38 -3.4e+38 -3.4e+38 -3.4e+38 -3.4e+38 -3.4e+38 -3.4e+38 54.874195098877 -3.4e+38 55.1840133666992 55.2568855285645 55.4058113098145 55.5352401733398 56.059009552002 56.284610748291 56.3748626708984 56.5152969360352 56.6956558227539 57.0302810668945 57.1762199401855 57.300838470459 57.5865592956543 57.8252410888672 57.857852935791 58.1519393920898 -3.4e+38 58.6618576049805 58.9979095458984 59.2713241577148 59.4308624267578 59.4977111816406 59.567455291748 59.7459297180176 60.0063667297363 60.2957305908203 60.5588989257812 60.9434585571289 61.2607345581055 -3.4e+38 61.3650856018066 61.7078475952148 61.9134674072266 62.0064468383789 62.3153953552246
-3.4e+38 -3.4e+38 -3.4e+38 -3.4e+38 -3.4e+38 -3.4e+38 -3.4e+38 -3.4e+38 -3.4e+38 -3.4e+38 -3.4e+38 -3.4e+38 54.8972358703613 55.1350402832031 55.2015151977539 55.2956771850586 55.5766754150391 55.810188293457 55.9755706787109 56.4630889892578 56.6082916259766 56.7088241577148 56.9378662109375 -3.4e+38 57.2627296447754 57.2760238647461 57.5422592163086 57.8421669006348 57.8792915344238 58.3949356079102 58.5572891235352 58.9242095947266 59.2495269775391 59.487491607666 59.6162033081055 59.6083793640137 59.7005310058594 59.9036407470703 60.3840713500977 60.4877738952637 60.7466239929199 61.1591033935547 61.4484519958496 61.6252822875977 61.8575096130371 62.1971054077148 -3.4e+38 62.3574638366699 62.5010375976562
-3.4e+38 -3.4e+38 -3.4e+38 -3.4e+38 -3.4e+38 -3.4e+38 -3.4e+38 -3.4e+38 -3.4e+38 -3.4e+38 -3.4e+38 -3.4e+38 -3.4e+38 -3.4e+38 -3.4e+38 55.4073715209961 55.7363662719727 56.0691413879395 -3.4e+38 56.3818473815918 56.7540016174316 56.883544921875 57.1354446411133 57.3587074279785 57.3386840820312 57.6109199523926 57.980152130127 58.2080345153809 58.3383903503418 58.7492752075195 58.9613227844238 -3.4e+38 59.4289207458496 59.7749900817871 59.8826370239258 59.9791831970215 60.0754241943359 60.4980659484863 60.7085075378418 60.9969902038574 61.1228675842285 61.8672904968262 61.7953491210938 62.0840644836426 61.9839096069336 62.1608085632324 62.5304870605469 62.5947875976562 62.988899230957
-3.4e+38 -3.4e+38 -3.4e+38 -3.4e+38 -3.4e+38 -3.4e+38 -3.4e+38 -3.4e+38 -3.4e+38 -3.4e+38 -3.4e+38 -3.4e+38 -3.4e+38 -3.4e+38 -3.4e+38 -3.4e+38 -3.4e+38 56.2553825378418 56.4261627197266 -3.4e+38 56.8486442565918 57.2330703735352 57.1892051696777 57.5327529907227 57.6116218566895 57.9912910461426 58.291446685791 58.3968811035156 58.4952430725098 58.9070358276367 59.1723175048828 59.5213890075684 59.6557388305664 59.9643325805664 60.0153312683105 60.3288230895996 60.4317626953125 60.7692451477051 60.9256362915039 61.1858520507812 61.1729965209961 61.9163360595703 62.1206130981445 62.350902557373 62.2235870361328 62.3754997253418 62.6900367736816 63.0003395080566 63.1460723876953
-3.4e+38 -3.4e+38 -3.4e+38 -3.4e+38 -3.4e+38 -3.4e+38 -3.4e+38 -3.4e+38 -3.4e+38 -3.4e+38 -3.4e+38 -3.4e+38 -3.4e+38 -3.4e+38 -3.4e+38 -3.4e+38 -3.4e+38 -3.4e+38 56.6514205932617 56.8358573913574 57.1814155578613 57.4155006408691 57.4384422302246 57.673095703125 57.8400230407715 58.1982688903809 58.4189529418945 58.6108436584473 58.7154159545898 59.0405006408691 59.3572196960449 59.729434967041 59.8397560119629 60.1518974304199 60.2314338684082 60.5952682495117 60.8643264770508 60.8523063659668 61.1374893188477 61.4004936218262 61.3876342773438 62.0191421508789 62.3079948425293 62.4035568237305 62.5766830444336 62.7252922058105 62.9594879150391 63.244197845459 63.3848609924316
-3.4e+38 -3.4e+38 -3.4e+38 -3.4e+38 -3.4e+38 -3.4e+38 -3.4e+38 -3.4e+38 -3.4e+38 -3.4e+38 -3.4e+38 -3.4e+38 -3.4e+38 -3.4e+38 -3.4e+38 -3.4e+38 -3.4e+38 -3.4e+38 56.879753112793 57.0836486816406 57.3865432739258 57.4530601501465 57.4942245483398 57.7743301391602 57.9673194885254 -3.4e+38 58.5584373474121 58.7645950317383 58.8160400390625 59.2581672668457 -3.4e+38 59.7284049987793 59.9937286376953 60.3385124206543 60.6635055541992 60.7898979187012 61.0207138061523 61.1501312255859 61.3264389038086 61.6978378295898 -3.4e+38 -3.4e+38 -3.4e+38 62.6430549621582 62.9285926818848 62.9964714050293 63.1740531921387 63.4324226379395 63.6577987670898
-3.4e+38 -3.4e+38 -3.4e+38 -3.4e+38 -3.4e+38 -3.4e+38 -3.4e+38 -3.4e+38 -3.4e+38 -3.4e+38 -3.4e+38 -3.4e+38 -3.4e+38 -3.4e+38 -3.4e+38 -3.4e+38 -3.4e+38 -3.4e+38 -3.4e+38 57.235782623291 57.4418754577637 57.5301818847656 57.6600723266602 57.9928512573242 58.2432060241699 58.4996490478516 58.7421913146973 58.8741264343262 59.0593757629395 59.5276756286621 59.8472328186035 60.0641326904297 60.4058876037598 60.4789047241211 60.897819519043 61.0880317687988 61.2123756408691 61.4721450805664 61.7357864379883 61.9416160583496 -3.4e+38 -3.4e+38 62.6260070800781 62.9674530029297 63.0618591308594 63.1289863586426 63.3628044128418 63.7266654968262 63.9262351989746
-3.4e+38 -3.4e+38 -3.4e+38 -3.4e+38 -3.4e+38 -3.4e+38 -3.4e+38 -3.4e+38 -3.4e+38 -3.4e+38 -3.4e+38 -3.4e+38 -3.4e+38 -3.4e+38 -3.4e+38 -3.4e+38 -3.4e+38 -3.4e+38 57.0886726379395 57.3348655700684 57.5246238708496 57.6323585510254 58.0260162353516 58.1103363037109 -3.4e+38 58.6051826477051 58.8699989318848 58.9796371459961 59.2901725769043 59.7409439086914 59.9214019775391 60.401969909668 60.6460075378418 60.8062782287598 61.0082817077637 61.3253898620605 61.5368690490723 61.6328544616699 61.9752998352051 62.2945709228516 -3.4e+38 -3.4e+38 62.9495964050293 63.1258163452148 63.1391677856445 63.3975219726562 63.710033416748 63.9696273803711 64.146125793457
-3.4e+38 -3.4e+38 -3.4e+38 -3.4e+38 -3.4e+38 -3.4e+38 -3.4e+38 -3.4e+38 -3.4e+38 -3.4e+38 -3.4e+38 -3.4e+38 -3.4e+38 -3.4e+38 -3.4e+38 -3.4e+38 -3.4e+38 -3.4e+38 57.2233200073242 57.4968185424805 57.6883125305176 57.7955932617188 58.1710357666016 -3.4e+38 58.5077667236328 58.7660942077637 58.9778251647949 59.3018188476562 59.4856643676758 59.980339050293 60.2552032470703 60.4558525085449 60.8025932312012 61.0146446228027 61.2247009277344 61.5681343078613 61.667407989502 61.9020538330078 62.0804710388184 62.2861709594727 -3.4e+38 62.9315910339355 63.2446708679199 63.1780471801758 63.5154151916504 63.7496757507324 64.0303344726562 64.0500030517578 64.3358917236328
-3.4e+38 -3.4e+38 -3.4e+38 -3.4e+38 -3.4e+38 -3.4e+38 -3.4e+38 -3.4e+38 -3.4e+38 -3.4e+38 -3.4e+38 -3.4e+38 -3.4e+38 -3.4e+38 -3.4e+38 -3.4e+38 -3.4e+38 -3.4e+38 57.4091453552246 57.5217895507812 57.7523498535156 57.9734649658203 58.368236541748 -3.4e+38 -3.4e+38 58.8989372253418 59.1925468444824 59.5629615783691 59.6766777038574 60.1988945007324 60.4886360168457 60.6783409118652 60.8256912231445 60.9503974914551 61.3763542175293 61.6704521179199 61.7436637878418 61.975227355957 62.1278800964355 62.5006866455078 62.7068824768066 63.2008514404297 63.3493270874023 63.3624038696289 63.7082481384277 64.0429840087891 64.1363067626953 64.1848983764648 64.6724090576172
-3.4e+38 -3.4e+38 -3.4e+38 -3.4e+38 -3.4e+38 -3.4e+38 -3.4e+38 -3.4e+38 -3.4e+38 -3.4e+38 -3.4e+38 -3.4e+38 -3.4e+38 -3.4e+38 -3.4e+38 -3.4e+38 -3.4e+38 -3.4e+38 -3.4e+38 57.6978607177734 57.8945960998535 58.2116050720215 58.5284729003906 58.6985855102539 58.8252182006836 59.1683769226074 59.4635696411133 59.700023651123 59.9153785705566 60.3890800476074 60.705436706543 60.9168891906738 60.9917793273926 61.0322761535645 61.4242706298828 61.8015174865723 61.9022064208984 -3.4e+38 62.2033653259277 62.7697906494141 62.8374176025391 63.3304214477539 63.3694229125977 63.4656600952148 63.7306976318359 64.2032089233398 64.3264541625977 64.63232421875 64.8444976806641
-3.4e+38 -3.4e+38 -3.4e+38 -3.4e+38 -3.4e+38 -3.4e+38 -3.4e+38 -3.4e+38 -3.4e+38 -3.4e+38 -3.4e+38 -3.4e+38 -3.4e+38 -3.4e+38 -3.4e+38 -3.4e+38 -3.4e+38 -3.4e+38 57.6733055114746 57.9514923095703 58.1429634094238 58.4260025024414 58.6948738098145 58.8292427062988 59.0398139953613 59.4596405029297 59.6805458068848 59.8641128540039 60.125415802002 60.5779609680176 60.7522735595703 61.0988845825195 61.3693695068359 61.4992790222168 61.619213104248 61.9881820678711 -3.4e+38 -3.4e+38 62.361629486084 62.7897109985352 63.1883583068848 63.4348831176758 63.659725189209 63.5417938232422 63.9109687805176 64.2553482055664 64.5446472167969 64.9576950073242 65.0271453857422
