rcp8.5models/MPI_ESM_LR/sc1gr7.20
NCOLS 261 
NROWS 433 
XLLCORNER 336357.134 
YLLCORNER 654653.479 
CELLSIZE 1000 
NODATA_value -3.4e+38 
[rows 330 to 351 of 433, columns 98 to 146 of 261]
73.9806289672852 72.7085571289062 70.3539581298828 72.6278305053711 75.2921905517578 74.2396774291992 75.3443756103516 75.6403045654297 73.4348449707031 73.2778549194336 73.0808563232422 72.8461837768555 72.7976531982422 73.1580657958984 -3.4e+38 -3.4e+38 72.109489440918 70.5991516113281 72.1475830078125 74.6793823242188 -3.4e+38 -3.4e+38 71.6722640991211 69.3173751831055 68.5990371704102 67.7931900024414 66.999267578125 67.0848083496094 66.0587539672852 66.3590927124023 66.4894714355469 66.7898788452148 66.7005157470703 66.5936126708984 67.0078201293945 67.6652221679688 68.2151031494141 70.4623489379883 72.519889831543 72.8319931030273 71.0858001708984 71.0915679931641 73.306755065918 75.2578735351562 76.0951232910156 76.0140914916992 76.6893920898438 77.7998886108398 84.119140625
71.4878845214844 73.0243148803711 70.9166641235352 73.18994140625 76.2737808227539 76.0659103393555 77.5835571289062 76.3369216918945 73.0592803955078 72.2681732177734 71.2860794067383 71.4501647949219 72.2319717407227 71.5973587036133 74.6184616088867 -3.4e+38 74.3053970336914 72.7823486328125 71.6299438476562 70.3465423583984 70.7950668334961 71.9524383544922 71.3377075195312 70.4899444580078 69.3629379272461 68.1833724975586 67.0429153442383 66.9798736572266 66.5429306030273 66.6245803833008 66.979133605957 67.0104522705078 66.8574600219727 66.9267272949219 67.3469467163086 68.0020446777344 68.163948059082 68.7746276855469 70.2522048950195 72.1196212768555 72.1330642700195 71.327033996582 73.0393600463867 75.6272430419922 77.4471206665039 77.8043899536133 78.0318756103516 78.9509887695312 86.6244659423828
68.9743804931641 70.9860916137695 72.6927337646484 72.8686599731445 74.8479156494141 76.3469009399414 76.4148330688477 74.5629577636719 72.8760299682617 71.4478378295898 69.8785171508789 70.302734375 71.4963226318359 71.5094604492188 74.4321060180664 76.6722793579102 -3.4e+38 -3.4e+38 72.3880844116211 70.3520126342773 68.9429244995117 69.0762100219727 70.1879348754883 70.6097183227539 69.7175827026367 68.5719985961914 67.315559387207 66.8378677368164 66.9547729492188 66.9356002807617 67.0498504638672 66.9763412475586 66.9818496704102 67.3227615356445 67.811164855957 68.8066253662109 69.2842102050781 69.2173004150391 69.4840469360352 70.8552551269531 72.0792388916016 72.7157135009766 74.5618591308594 76.6701049804688 78.4468841552734 79.2983322143555 79.4945755004883 79.8732833862305 86.4892807006836
70.3526916503906 70.4199447631836 73.2104797363281 73.2402954101562 76.231559753418 76.6693572998047 74.3860549926758 73.1209335327148 72.4536209106445 71.4621124267578 70.6338272094727 70.9555587768555 71.9674606323242 72.5124816894531 -3.4e+38 -3.4e+38 -3.4e+38 -3.4e+38 71.6448211669922 70.7242050170898 69.4743804931641 68.5888519287109 68.7296447753906 69.1880340576172 69.2590560913086 68.6132659912109 67.8842926025391 67.430061340332 67.2583389282227 67.3924102783203 67.2688980102539 67.1858062744141 67.4510803222656 67.9676895141602 68.3554306030273 68.8623580932617 69.5746078491211 69.8286056518555 70.5406036376953 72.1146392822266 73.7335510253906 74.9319152832031 76.2843170166016 77.7413940429688 79.0757064819336 80.0058898925781 80.3983612060547 80.4366989135742 83.219841003418
72.4593887329102 71.7908096313477 72.9068908691406 71.7092208862305 75.0137634277344 74.6801910400391 73.3404312133789 72.1825637817383 71.4647216796875 70.3817672729492 69.8652267456055 70.8262710571289 71.5344161987305 71.7392883300781 72.3518218994141 75.1953811645508 -3.4e+38 -3.4e+38 71.7554321289062 70.4842376708984 69.8025665283203 69.0359497070312 68.3224258422852 67.957389831543 68.3474197387695 68.5787124633789 68.4978637695312 68.3772964477539 68.2099304199219 68.1404037475586 67.9484405517578 67.7386016845703 68.1168823242188 68.6490936279297 68.8975677490234 68.8479385375977 69.4390106201172 70.5892868041992 72.1457748413086 73.7724914550781 75.5402908325195 76.8578262329102 77.4490509033203 78.4628601074219 79.5377655029297 80.4407577514648 81.1517105102539 81.6259078979492 83.7236404418945
69.8087921142578 71.1174545288086 72.8017883300781 71.5887298583984 72.5925979614258 73.1354141235352 72.9070510864258 71.6578979492188 70.5085067749023 68.9435195922852 68.6138153076172 70.0296096801758 70.1402587890625 70.084228515625 71.5775833129883 74.0717315673828 73.1559066772461 72.1632843017578 71.1217498779297 69.9315643310547 69.5282669067383 69.3279495239258 68.6591567993164 67.6740798950195 67.4887390136719 67.8431854248047 68.4098205566406 68.7218627929688 69.2030181884766 69.3480834960938 69.2177429199219 68.9341583251953 68.7031631469727 68.7317352294922 69.1627731323242 69.4031829833984 69.667839050293 71.6287002563477 73.7434539794922 75.5477981567383 76.8099822998047 77.8756637573242 78.4157943725586 79.2077102661133 80.1016540527344 81.0117797851562 81.9110260009766 82.7322540283203 84.1545867919922
68.7600860595703 69.8449478149414 69.9041976928711 69.5179748535156 70.5162506103516 70.2946319580078 71.0928726196289 71.2808990478516 69.31689453125 69.3193054199219 69.495475769043 69.5500564575195 69.4518508911133 69.213264465332 68.9644317626953 68.9600448608398 68.7854766845703 67.886604309082 66.9656600952148 67.4040679931641 67.966423034668 68.4429550170898 68.7873611450195 68.5352096557617 67.9686965942383 67.6765365600586 67.9295349121094 68.5484085083008 69.464599609375 70.3474731445312 71.1312637329102 71.7877578735352 71.6859741210938 70.717643737793 70.2946548461914 70.3740768432617 71.5468292236328 74.7510986328125 75.9089660644531 77.3408126831055 78.3197937011719 78.8312072753906 79.4699630737305 80.3693008422852 81.1284561157227 82.0415496826172 83.041862487793 84.1211471557617 91.2218170166016
69.3141708374023 68.1532897949219 66.900749206543 66.764404296875 67.5908203125 69.7060928344727 70.1002578735352 68.8887100219727 69.4549179077148 69.4170074462891 69.2465896606445 69.0760955810547 69.0073394775391 68.991569519043 68.1491165161133 67.7413787841797 67.8459625244141 67.4372940063477 66.7093048095703 67.1459884643555 67.9571075439453 68.4361724853516 68.3626708984375 68.4313507080078 68.5230484008789 68.0957412719727 67.8597717285156 68.3244857788086 69.0390625 70.1983795166016 71.3317108154297 72.0854034423828 72.7595825195312 72.6841430664062 72.5069580078125 72.6137237548828 72.8431930541992 75.2203369140625 76.2078170776367 77.3281784057617 78.4722366333008 79.2092361450195 79.7549133300781 80.4011764526367 81.3782806396484 82.6704330444336 86.6962814331055 91.5809555053711 99.7609558105469
66.5738143920898 64.9811706542969 64.5109939575195 64.41259765625 65.1690902709961 67.1502075195312 68.6501846313477 68.1579895019531 69.3786315917969 71.0073089599609 69.8454437255859 68.695426940918 68.5973434448242 68.6855239868164 67.7461013793945 67.2334976196289 67.3208770751953 67.1075668334961 66.8095397949219 67.1398773193359 67.8469085693359 68.04345703125 67.8344116210938 68.1033325195312 68.6986465454102 68.5091552734375 67.9107208251953 68.2242965698242 68.6160583496094 69.610969543457 70.8425064086914 71.7017211914062 72.618766784668 73.1594009399414 73.42919921875 73.4746932983398 73.2731323242188 75.3022613525391 76.944206237793 78.0139617919922 78.694465637207 79.4598083496094 82.1201171875 84.5858459472656 82.9247283935547 86.1162109375 94.0043411254883 99.6237869262695 105.627510070801
64.5826187133789 62.9564933776855 62.5079574584961 62.6949310302734 64.2184066772461 65.3943939208984 66.6860809326172 67.7638854980469 68.3769989013672 69.1181411743164 69.1746444702148 69.9651641845703 70.0373611450195 69.7246627807617 69.2139205932617 68.1328048706055 67.5444183349609 67.3873977661133 67.3115844726562 67.1881408691406 67.2594985961914 67.3954620361328 67.6769561767578 68.0251617431641 68.4109954833984 68.5579986572266 68.212760925293 68.4199600219727 68.8143463134766 69.270622253418 70.5706787109375 72.1027755737305 72.3645401000977 72.4977035522461 72.5894088745117 72.5405044555664 73.0539855957031 75.2617416381836 77.2842864990234 78.7481384277344 78.6121826171875 81.5353546142578 87.9071197509766 90.1313629150391 85.9455261230469 88.4218063354492 97.3898391723633 100.750350952148 111.595718383789
63.8475608825684 62.3108444213867 61.5455627441406 61.9408988952637 64.2499542236328 65.4337768554688 65.4095458984375 66.9544677734375 67.7613296508789 67.1963119506836 67.6381683349609 68.7410430908203 69.499870300293 69.1696929931641 69.5465316772461 69.4621124267578 68.5094757080078 68.6573028564453 68.6169815063477 68.0739212036133 67.7264404296875 68.0490341186523 68.1918716430664 68.4673538208008 68.4690170288086 68.4763107299805 68.4004821777344 68.6742630004883 69.06298828125 70.0634307861328 72.2563781738281 73.7148208618164 73.3316497802734 73.1657638549805 74.0675659179688 75.5228576660156 76.5281448364258 79.6777267456055 81.7286071777344 81.9960250854492 79.6634521484375 83.8428039550781 91.8882827758789 90.7507553100586 85.6686477661133 89.0080947875977 98.3927536010742 101.806587219238 114.990814208984
64.0423049926758 62.605842590332 61.499584197998 61.2629585266113 63.1141929626465 64.5545349121094 64.8364181518555 65.9131240844727 67.0595474243164 67.5220413208008 67.1236877441406 66.4618911743164 66.4769897460938 66.0588455200195 67.5916290283203 69.652961730957 69.275634765625 69.3569030761719 69.0827713012695 68.6904678344727 68.5074920654297 68.9954376220703 69.202278137207 69.2873611450195 69.0730819702148 68.7852935791016 68.9860305786133 69.9391403198242 70.3294296264648 71.1596069335938 73.39453125 74.8113403320312 75.0987091064453 76.1440200805664 77.3893508911133 78.9837341308594 79.9342956542969 83.7664108276367 85.8976135253906 86.3308410644531 85.4472351074219 87.8357391357422 93.0956420898438 91.80859375 88.7223892211914 94.5227966308594 101.557960510254 106.481285095215 116.638198852539
64.5363388061523 63.2197418212891 61.5043678283691 60.9465599060059 62.0319976806641 63.4324073791504 64.4429168701172 65.1897354125977 65.6957931518555 66.2283020019531 66.6264801025391 66.3208923339844 65.3748626708984 64.623161315918 65.6744689941406 67.8700485229492 68.8612518310547 68.4166564941406 67.4225616455078 67.047233581543 66.9374008178711 67.4124069213867 67.8908538818359 68.5066223144531 69.5695953369141 70.0614700317383 70.82421875 71.3554382324219 71.6797180175781 72.2754745483398 73.0497055053711 74.1882553100586 75.2997589111328 77.1618270874023 78.6016616821289 79.6326293945312 80.6506118774414 86.0960083007812 88.5904312133789 89.3446350097656 91.3053894042969 93.3303985595703 94.1292343139648 95.130241394043 96.8559265136719 100.654388427734 105.835441589355 112.577239990234 117.532218933105
64.4828567504883 64.1328506469727 62.3271141052246 61.1796646118164 61.9158592224121 63.2397270202637 64.8596038818359 65.3931121826172 65.6666030883789 65.9399337768555 66.2945251464844 66.2475204467773 65.5464248657227 64.703369140625 64.6084823608398 65.5043716430664 66.6684341430664 67.0877151489258 67.2022171020508 66.4409713745117 65.7402572631836 66.3586273193359 66.8600769042969 67.5475540161133 68.6273727416992 69.4032440185547 70.6194305419922 70.953010559082 72.1897430419922 73.7554702758789 73.7572326660156 74.4351806640625 75.5758285522461 76.5497283935547 78.6516876220703 80.4602584838867 81.8535690307617 88.1225662231445 92.7531433105469 94.2367782592773 96.2156219482422 97.9796829223633 98.227180480957 101.077186584473 104.329597473145 107.175483703613 111.220672607422 115.48543548584 118.120590209961
63.6506690979004 64.4075622558594 63.508129119873 61.2171974182129 61.8812141418457 63.5083847045898 65.0534515380859 65.4186935424805 65.6690139770508 65.912239074707 65.8465270996094 65.7889785766602 65.6723709106445 65.2331085205078 65.0897216796875 64.9425964355469 65.0744857788086 65.9130172729492 67.0525054931641 67.1657791137695 66.7546005249023 66.8838729858398 67.5021591186523 68.6118774414062 68.9607772827148 69.2074432373047 69.6794052124023 71.3143539428711 73.6919784545898 75.9005737304688 76.9266738891602 78.2691802978516 80.0578994750977 80.5326614379883 81.3377456665039 83.200569152832 83.4212875366211 87.7186431884766 93.4185256958008 98.8341217041016 101.237686157227 102.702758789062 104.542121887207 107.277770996094 109.810813903809 112.608024597168 114.589073181152 116.094985961914 118.725997924805
62.5816955566406 63.5647468566895 63.4147186279297 61.0869522094727 62.0709648132324 63.4612731933594 64.2134857177734 64.5665054321289 64.7378463745117 64.7666778564453 64.5052261352539 64.6203994750977 64.9939804077148 64.9933471679688 65.4204483032227 65.4316711425781 65.1909561157227 65.4905319213867 65.9630279541016 66.5142364501953 66.9190063476562 66.968391418457 67.4590072631836 68.795036315918 70.1564636230469 71.6482162475586 72.8126602172852 74.7231750488281 76.6879959106445 78.8652954101562 80.8402938842773 82.7056198120117 84.911247253418 86.156120300293 86.5244445800781 87.2978973388672 86.9932403564453 89.2677764892578 94.761833190918 100.92041015625 103.608154296875 105.601516723633 107.813377380371 109.898002624512 111.850456237793 113.834182739258 115.446884155273 116.457504272461 118.757904052734
61.7756004333496 62.517894744873 62.0682029724121 60.9747886657715 61.7237396240234 62.4681358337402 62.8397750854492 63.0836334228516 63.1926536560059 63.1791000366211 62.9879035949707 63.1192626953125 63.5372200012207 63.6837005615234 64.6685104370117 65.3136978149414 65.5863189697266 66.0647125244141 66.5575485229492 66.8187789916992 67.2221069335938 67.5403213500977 67.8081588745117 68.9053497314453 70.9358139038086 73.1191177368164 76.1562881469727 77.8643341064453 79.5048065185547 81.3257904052734 83.2605514526367 85.0182952880859 86.5791244506836 88.4698181152344 90.2593994140625 91.403923034668 92.6071166992188 95.3422317504883 99.1699905395508 102.736213684082 -3.4e+38 107.167434692383 109.250289916992 111.233627319336 113.070556640625 114.349624633789 115.262397766113 116.707656860352 120.431846618652
60.9177474975586 61.5522308349609 61.1860122680664 61.3256301879883 61.4462585449219 61.6708374023438 61.9182586669922 61.985912322998 62.1032333374023 62.2438201904297 62.4161720275879 62.653881072998 63.1278228759766 63.7680130004883 64.0910110473633 64.6980819702148 65.6758346557617 66.6539840698242 67.3914031982422 67.9962615966797 68.3921813964844 68.3591690063477 68.3908462524414 69.6861343383789 72.0680847167969 74.1170349121094 77.5823211669922 79.3584289550781 81.1633377075195 82.9773941040039 84.9084167480469 86.4865570068359 87.4547805786133 88.9335708618164 91.4641418457031 94.0818786621094 96.1832046508789 99.985969543457 101.672271728516 103.766136169434 106.394554138184 108.414733886719 110.193290710449 112.138160705566 114.357788085938 115.525184631348 116.406532287598 118.560386657715 122.680923461914
60.0912742614746 60.281177520752 60.9391098022461 62.6149024963379 62.193115234375 61.8980331420898 62.0354614257812 62.1848602294922 62.1968765258789 62.396068572998 62.9130020141602 63.670581817627 64.5289154052734 65.1898345947266 65.4822998046875 65.5369033813477 66.1808395385742 66.9713516235352 67.6106719970703 68.6044845581055 69.7466125488281 69.6220626831055 69.0326461791992 69.0250930786133 70.8531875610352 73.4017486572266 77.2706146240234 80.2080078125 83.3955841064453 85.6478500366211 87.8114929199219 89.9788818359375 91.9872512817383 93.8093414306641 95.4591369628906 97.1390686035156 99.0040512084961 102.969619750977 104.756278991699 106.140380859375 -3.4e+38 -3.4e+38 111.257034301758 113.300605773926 115.588439941406 118.044364929199 119.708480834961 120.946388244629 125.478950500488
60.0018615722656 60.1747055053711 60.5712394714355 62.1339874267578 61.7378768920898 61.5712585449219 62.0023803710938 62.4100875854492 62.3982162475586 62.4791412353516 62.8318176269531 63.4959030151367 64.5974502563477 65.3194046020508 66.1317520141602 66.5946731567383 67.2516174316406 67.8323440551758 68.0368881225586 68.7667617797852 70.0290832519531 70.2433242797852 69.7732620239258 69.5405883789062 70.4334335327148 71.71337890625 75.2129211425781 78.730094909668 83.1405639648438 86.8256759643555 89.2228622436523 91.3607864379883 93.2545928955078 95.4653778076172 97.3570251464844 99.0045547485352 100.589057922363 104.65608215332 106.350410461426 108.143218994141 109.694351196289 -3.4e+38 112.110366821289 113.801429748535 115.555450439453 117.93669128418 119.75724029541 120.736030578613 125.313949584961
60.0148086547852 60.0776786804199 60.27001953125 61.3384475708008 61.4205589294434 61.4664306640625 61.8147468566895 62.1303100585938 62.2708892822266 62.4802742004395 62.7993507385254 63.3177070617676 64.0893630981445 64.9756088256836 66.2099609375 66.7455673217773 67.6354293823242 67.83642578125 67.9771728515625 68.3222122192383 68.9473266601562 69.5600891113281 69.9025344848633 70.2180938720703 70.5549697875977 71.581184387207 75.3003845214844 77.888053894043 82.3552322387695 87.7846450805664 90.8700790405273 92.8381042480469 94.7894287109375 96.882194519043 98.6575164794922 99.8797302246094 101.431304931641 106.154426574707 107.762168884277 109.422668457031 111.305778503418 112.642883300781 -3.4e+38 115.172966003418 117.314102172852 119.514015197754 121.219573974609 122.01342010498 124.888793945312
60.1125907897949 60.1963386535645 60.338809967041 60.9488830566406 61.4204406738281 61.8690795898438 62.0130233764648 62.0371971130371 62.2241439819336 62.4355316162109 62.7996139526367 63.2422943115234 63.5784645080566 64.1745681762695 66.0764999389648 67.1170043945312 68.1030883789062 68.2767715454102 68.5027236938477 68.9639892578125 68.776611328125 69.2610397338867 71.0315093994141 72.4036026000977 72.9472579956055 73.8942642211914 75.4728927612305 77.3200836181641 82.0760116577148 88.2868957519531 92.6679153442383 94.6896514892578 96.6862182617188 98.3675155639648 99.8969955444336 101.155082702637 102.8505859375 107.143264770508 108.801467895508 110.632537841797 112.575256347656 114.280235290527 -3.4e+38 -3.4e+38 -3.4e+38 121.827743530273 123.168441772461 123.759376525879 126.200508117676
