rcp8.5models/MPI_ESM_LR/sc1gr0.3
NCOLS 261 
NROWS 433 
XLLCORNER 336357.134 
YLLCORNER 654653.479 
CELLSIZE 1000 
NODATA_value -9999 
[rows 264 to 285 of 433, columns 200 to 249 of 261]
71.7028205366545 71.2940372068191 70.9750127272098 70.8158309571457 70.4182024708734 70.4431155781353 70.3844941969477 69.9157791221362 69.5560323610895 70.8753932593692 74.237224473271 74.4714870855004 72.1721917771267 70.5994553925841 68.3483440785426 67.9273809056843 67.6884864662709 67.9618042437308 69.2346968840307 70.7495389631152 69.0997834602963 66.8756813742826 66.6575965517971 66.4643626042023 65.8873939785935 65.7185554252978 66.3587377356893 65.8563384771471 -9999 -9999 64.3151969105241 64.1740202481418 64.0485048386363 63.8361905051315 63.5544883569408 63.4402099304248 63.296486645711 62.9128628905248 62.6917487237336 62.5632629829035 62.36236376459 62.1650704887976 62.0886439919486 61.9734092172142 61.7774922129762 61.4720834336105 61.3927513799606 61.3520749209654 61.0648657791388 60.9757871792563
71.8265573735666 71.3134547189037 71.1001369764972 71.0107634185351 70.8089461922938 70.7258792025045 70.7164126443675 70.2038753069592 69.6526345208034 70.486898327949 72.8280312481733 73.1385602260656 70.1411274972304 69.5193663835584 68.4420347842819 67.9764799823355 67.8240144448 67.993167026514 68.7913689420701 69.4430110694592 68.6163582804853 66.842151458062 66.5915768307308 66.2178501955121 65.9530986581211 65.8299393316164 65.3496705207609 65.1706175874548 64.9599105131985 64.6600846799328 64.5374815040295 64.4360014455219 64.17027983722 63.9744388121038 63.7556232555828 63.6261096592382 63.418051088338 62.9882539069273 62.8520613321649 62.6269352847081 62.4434789374122 62.3402786969821 62.2387434906599 62.0761555781008 61.8806650419029 61.6484007788128 61.5599535301624 61.5139053758382 61.112929907497 61.0260824932597
71.6020300375126 71.2159397742959 71.3665076231983 72.1155988527612 72.8395433049208 71.8107298096363 70.9159518624607 70.3426034677355 69.9292862074776 70.1015584386292 70.5894378408753 70.381562924983 70.3689648661457 69.3348998356465 68.4949350370021 68.5021515967829 68.6684949975743 68.653240397551 67.7484453938266 67.3658833807199 67.2227653813981 67.1061965143048 66.849080524517 66.9573313131413 66.4220182463379 66.2130550130994 65.6115768910577 65.5261239640579 65.4230163788951 65.219648937616 64.8471606023554 64.7652848146906 64.3533661410995 64.1494676972934 64.0963914880699 63.7900944630226 63.6831728187314 63.1396017436368 62.9814076089602 62.8432364811862 62.6939908892271 62.5216303413125 62.4867022072696 62.3345456095622 62.224764154755 62.0255836537157 61.8281374974834 61.6622229523242 61.2929247687217 61.1191243010566
71.7951981779051 71.4199956860862 71.5772044494286 72.2110616923321 73.2641280860751 72.1988111753861 70.6969519164684 70.3961253886289 70.1208420079027 71.1731726922351 73.4465466522746 72.8075444368835 71.8681748237949 69.3293772216795 70.7278396087124 70.8059627874509 70.3541449464554 69.7027944453082 68.0227222729687 68.1302055148642 68.0634423101174 67.2529235828611 66.9372511089024 66.951563282836 66.7260548409636 66.4547853321892 65.8592541268325 65.9060061390294 65.7601113650315 65.3092745099075 64.9701098801915 64.7739045042993 64.4462563735983 64.2808429497588 64.0122255085702 63.7360063825029 63.6504491963297 63.2559021718666 63.1172847851869 62.9907396663123 62.8100808131306 62.6305543625847 62.594458559319 62.5003779919294 62.2750243938655 62.2018976760449 61.932859661782 61.7241241289923 61.3497184961389 61.1631755532654
72.0794275516566 71.6986085397035 71.8852133079554 73.1230669880866 73.2116613846207 71.9797346454668 70.78299093925 70.6286613652856 70.3412772443848 71.3410280172516 74.2939829451127 74.1483747630982 72.099458219116 69.2518595628063 73.9069481665798 73.1220278666142 71.4069766331591 69.7320358211624 68.1710155922825 68.3834263061701 68.2778549685105 67.4352580226321 66.9449542479807 67.0110632705343 67.0167922736514 66.6083420596896 66.229282098823 66.1653990624165 65.8578808748012 65.2357976057151 64.9518538381019 64.7847551032707 64.6098391865129 64.3717595517949 64.004380172057 63.7691202217945 63.6510357695579 63.4051539018394 63.2871436524573 63.0581712669849 62.8840047598195 62.7013111307728 62.705396920392 62.6381909091659 62.3196095172246 62.2044759283947 62.0351063164807 61.8148089400588 61.4649291837804 61.2640170260387
72.13812332241 71.7766103559105 72.3513217477076 74.2179403117853 73.7071213176392 72.2793797933889 71.0935793994082 70.8096974749679 70.3924986300693 70.369220119051 71.6279928629211 72.0720469881274 70.6681666156801 69.3632063729952 73.762255519897 73.4923425407275 72.360898077017 70.7983600134526 68.3462411601683 68.0825071644421 67.9424827914973 67.5469683421735 67.2066765002208 67.2279742548333 67.3645787636238 66.806595134959 66.7184335144394 66.7708961152914 66.2447216065199 65.3863349298189 65.0190704242952 64.818379350703 64.6688596647066 64.3555261178888 64.0961039648595 63.8822209903079 63.7099725123729 63.56265274261 63.4460372767442 63.2175618472639 63.0055879554061 62.8931558342261 62.7810669907363 62.7462649263905 62.3835193478476 62.1814260296863 62.0399444873907 61.8614808083833 61.5143839153419 61.3703307215497
71.938660744595 71.8844571834383 72.2575545431469 74.2278227579715 74.4823448855712 73.1331614802765 71.1639835777431 70.7826019562584 70.3868426368595 70.0420236698837 70.0930540755488 70.2699353157698 69.9302723893149 69.6061391745767 72.8286665249881 74.0846939723057 74.0237834950572 73.2036166885274 70.0300557515366 68.2040365869465 68.121694062085 68.0980491699768 67.9319289290833 67.3457748643131 67.2946223922686 66.9931023945272 68.115566626094 67.4457228587431 66.000958993744 65.3430004055189 65.0763293583289 64.8000115883332 64.5771541588948 64.4175569980156 64.1843782401842 63.9862269749387 63.8540885709383 63.6752149567409 63.4946095079451 63.4597160638649 63.250335317355 63.0659938613022 62.928414859023 62.8055949426563 62.5222393665781 62.2776974172263 62.0682189782984 61.9389929141666 61.5173674875902 61.4062735123575
71.921530814788 72.1700359505371 72.3129840462444 73.2995031243533 74.4894662616409 73.374993095696 71.1753796199037 70.8185899803274 70.4037534606004 70.1899449727622 70.2795138162276 70.1139245497479 69.9523692551084 69.9261999135283 74.042407115116 75.3234319647732 75.871362914205 75.1940938684708 73.1144215696459 70.8862336631534 69.1125976631312 68.6613856315168 68.2030751684836 67.180584943227 67.0150697593691 66.9319706745087 67.3776672742388 66.5523640468807 65.5901986400409 65.4194167845743 65.1196399362102 64.8269748430378 64.5708254575235 64.4264876559491 64.1933033928646 64.0779248487251 64.0149998071729 63.693389932086 63.6377243884673 63.6135025514355 63.4692496817854 63.130134962867 62.9283699682074 62.8637834529493 62.6229218641494 62.3936821132001 62.1956464129727 62.0581216477484 61.5988299076231 61.4377778650122
72.2270099036027 72.74177458129 74.2999381885125 73.6868976171547 73.1105715430283 72.6931910221024 72.0565236205613 70.9974364382153 70.5074934145598 70.271819412135 70.4551662234972 70.180072654683 69.9948513545722 70.7953953924985 73.0757537658179 74.3252887556445 74.4776276376181 75.5472466418824 74.4100696825145 72.346433030731 69.1826145909932 68.6954915310478 67.6585891977273 67.0815688668669 66.9176156668633 66.7751629746116 66.1609757481257 65.7999369481518 65.6732234456759 65.5213527186248 65.1644665858218 64.9680467484907 64.7949165600218 64.4735542215201 64.3642519912203 64.3363011736585 64.2947704203964 63.939359281539 63.8861155263961 63.6133797150228 63.4001106738328 63.1024479370557 62.9027665735883 -9999 62.6889939560783 62.5430809747754 62.3805924157382 62.1522500161644 61.7384624082096 61.4941318202854
73.1533829181149 74.2998251514056 75.2354801340474 75.3988483927096 72.5578510120872 72.3706804037307 72.1672377637047 71.130224191667 70.5755945207461 70.3119665846081 70.4947591005609 70.4668541204547 70.1855912992242 70.553099741363 71.2517453204092 72.3781212905566 71.4345659868992 72.395170215414 71.1741475305375 69.9007240463415 68.3538108611672 68.2031878919184 67.4479284092063 67.1874626883216 66.9186194704545 66.6705900803807 66.2895326494403 66.0962756113223 65.7980001808766 65.5862306571404 65.2651848785782 65.1077087280883 64.9693207957845 64.6898607542078 64.6412379140145 64.4659044046462 64.3964130550015 64.2543544652319 63.9481435133464 63.6325872609157 63.4961158315325 63.2478242372604 63.0515723932412 62.8268881617674 62.7760172813212 62.6509998280405 62.4591459514966 62.1935881059113 61.8669481461011 61.689644093392
74.1404698961127 75.8674273825776 75.3711610871345 76.6839662284268 73.5221037364118 72.5180551339418 71.6801801851448 71.1567383958992 70.7482868997871 70.4829742576708 70.530577773166 70.7585249921414 70.3922305520637 69.8831200063505 71.6891352144305 73.2853898082691 72.0352419513204 71.7764396594818 71.1568891565132 70.821261217999 70.2243501447007 69.967149285606 69.677198546009 67.6610334339835 67.0384422520612 66.9130754706226 66.4484867949769 66.179249175778 65.8058915537637 65.7062026720003 65.4841239161462 65.1903818261368 65.033011036703 64.8935184702616 64.731418269539 64.5513571297693 64.5069368583685 64.2979568058605 64.0152505016318 63.7231381579795 63.6193832752137 63.4183113191287 63.1105290425126 63.0013746956708 62.7921827390905 62.6599189558745 62.5533278396028 62.296533352233 61.9747137495273 61.8882565921063
73.6487666178862 74.9126988148432 75.9448926863412 77.6675320580041 74.4231648306225 73.527996492144 71.8810267184307 71.346534942287 70.938940266408 70.63936609065 70.5613737829356 70.7276334535353 70.5331900303191 70.0358461931739 71.7485555506026 74.4592191866391 74.2297426528595 74.0632135752167 73.7277819679722 73.0810694513501 72.6129540941749 72.4229255538608 72.1599361294973 70.2623094961682 69.5837813752014 67.8809516259767 66.5468481914608 66.0578522156486 65.7844895235934 65.6982520693882 65.6770791270768 65.2729480256162 65.1402086190028 65.0057966460605 64.7809181566332 64.6974983246427 64.6173521168157 64.3902625564638 64.0958815580209 63.9804278346379 63.874084396361 63.6551407803231 63.2463834551479 63.0251877401668 62.8165325353685 62.7444305619556 62.5791766157945 62.3840857418421 62.0364165736479 62.0538809424951
72.9237909289428 73.7150488209514 76.2812362329125 77.5721247790358 74.0654653737041 73.281273475025 72.125582397799 71.4514984895659 71.1044851016162 71.0361741379461 70.6681211667285 70.7972860141808 70.8299899065243 70.2695143925413 70.6448934696883 72.1908083995578 72.4651742561297 72.0611540932026 72.1471492327417 72.8806953305569 72.4977427991626 72.0545091229392 72.6566422310529 71.9198456163085 71.784587190176 67.8108966429799 66.5129371443387 66.1654137861179 66.0018376561125 65.8807774356691 65.8343486836588 65.5774173451322 65.4422728776434 65.0757220370165 64.9905208698666 64.9850924302 64.8278458890691 64.436647183151 64.3063114096609 64.1921038120234 63.9978606013865 63.7128074829932 63.3530537779371 63.0918008584868 62.8617143931902 62.7322196592985 62.4509127893377 62.4205314426025 62.047429675531 61.985829453708
72.9732225563439 73.6181570529561 76.1648194060585 74.8542805997506 72.9466187645006 72.3119601992415 71.9968205267026 71.4630077823142 71.3944729925433 71.6104933594808 70.9136608287127 70.8901036708099 70.9356141178363 70.4971003097105 70.1084987406405 70.0242362398348 70.0262849678095 69.9948750570602 70.9607454585742 72.2811555041266 71.2564377787242 70.3734390855305 71.8180207779207 72.6976857233612 72.8607245278879 68.9943007739433 66.4598936522739 66.318789276103 66.3166848669398 66.1958791874092 65.9401063799303 65.7592676752071 65.6003068012967 65.1730886867283 65.1918435388733 65.0748282487591 64.9081816454365 64.5536845671327 64.4026092923744 64.3022584937402 63.9248722187702 63.5884899529892 63.348240029627 63.0754611499612 62.8977524486608 62.6772340483797 62.4769120989644 62.3951708550724 62.1046327524835 61.976682576636
73.3271822294458 74.0905293359797 76.3844760816283 72.9374060544686 72.5890306613706 72.2129146600498 71.8517081463918 71.6359246767384 71.9751020122952 72.4426020495729 72.1552568272388 71.1339369617816 71.1334103064934 70.6063016553402 70.6040654765082 70.6770150846528 69.7351421970953 69.8931966109895 70.2473437425035 70.581912837585 70.5334067977109 69.2014170983484 71.2672833539928 71.9250923121784 69.2061931992385 67.0644298942601 66.962322098837 66.8561621976691 66.6175202435671 66.2215370576918 65.7708828299568 65.6039726351016 -9999 65.4049836721604 65.3124973563459 65.0250864394217 64.8189188957662 64.6395706700668 64.2414848718036 64.1207409537357 63.8096818329024 63.5453016030472 63.3336197387378 63.1547331983616 63.018490103542 62.8726562136289 62.7464276001226 62.5667287669723 62.2818362295936 62.1877304800484
74.0204421875492 73.4895549843086 75.393831870992 74.1247805137225 72.7762319571633 72.2831418891186 71.9593404583952 71.946434977943 72.6632535684683 74.1585526704547 74.3960553242311 71.4022479405787 71.0409626263558 70.5318718617647 70.9026962530033 71.5179228984692 70.2093117387663 69.6093718703345 69.4292608059567 69.2087328178282 69.5721929484825 -9999 71.4223626057909 71.27310278993 67.8404366706731 67.1563368009424 67.1250392800305 67.0204192081805 66.6961076787344 66.2856028292745 65.939505976254 65.819836567229 65.657599950601 65.4265367973536 65.2840143495726 65.0943524343132 64.7608828705711 64.5823131226327 64.2969563326514 64.1294964661117 63.8077884073799 63.6665103043486 63.4958996813632 63.2751506090562 63.0299239310895 62.9248615457752 62.80095069588 62.6886766621233 62.3937904608531 62.261774218984
74.4681053938645 73.8082499225749 74.6380504101293 77.0473558981009 74.6357552805634 72.3701543814881 72.1077790393844 72.1793050332867 73.2100399664066 75.5292511636329 75.6965238379736 72.3449398941814 70.9519256711844 70.584167633423 70.6400701590107 71.4109226217725 71.1059715003413 69.7673071316406 69.2331065187314 -9999 68.8199716163347 -9999 71.7436768480029 70.3526868935448 67.5083455457951 67.3332307979074 67.2488618901719 66.9876025401141 66.6070438200828 66.2636710433662 66.0780783549837 65.8117305040897 65.6153673964309 65.3612389216741 65.3049406823713 65.1711270557003 64.7684367518628 64.5148568213724 64.3383272858733 64.0475230290294 63.8053570924679 63.6966553115442 63.5972382925867 63.334766953317 63.0913899024011 63.0087174223496 62.8084029687065 62.7213282545258 62.4639051094153 62.3286404601238
74.2502325502168 74.5335725187661 74.9124242834376 78.5622478020943 77.1140485550942 73.6439237243557 72.4744583383609 73.1400785741921 73.5933427337723 74.7543373661114 76.2502993006312 73.7533655002388 70.8333832933061 70.6244665794008 70.8207876447673 71.7170078005362 71.4576419462615 69.9026138824876 69.4752410328826 69.1076735622788 -9999 -9999 69.8197063122211 68.5997592027098 67.7502074679018 67.5137540768243 67.3387621197432 66.9137659177435 66.5830015442864 66.2489584829721 -9999 65.7343111611972 65.6322675459811 -9999 65.1886772377669 65.1740743964291 64.8574210996026 64.5018718271597 64.2542865672502 63.9832841396468 63.820192435992 63.6367512634564 63.5823611884556 63.3512439323051 63.158007707227 63.0542401664865 62.8986159238002 62.8038319895061 62.4752472714064 62.3907582849942
75.1162068095804 74.2798485983651 74.5386692246254 78.5519491849975 77.3851416955774 73.7421133996456 73.9224004625147 76.3477694312503 76.6734177366701 75.0581209906851 73.8850078450583 73.2257999314655 71.9291238093641 70.4833388566565 70.9449269280985 71.9882582246741 71.3881440426408 70.8823450695336 69.7393576062572 69.0596664367051 -9999 -9999 68.3088929475217 68.0704338616316 67.8816925125008 67.4887214612527 67.3090912243173 66.9653670869938 66.69514334347 66.5065212810024 -9999 66.0087185352868 65.8690721315955 -9999 -9999 65.1236311296393 -9999 64.5702294785806 64.2868628911393 64.0201976042949 63.8909011822047 63.6603582233184 63.5762455517238 63.4292993772627 63.1674326583405 63.0292562103727 62.9418041493546 62.8037778466359 62.4584543330876 62.3760347146394
76.9366048298258 74.2638839027737 74.3955012290348 77.4032667158349 76.0728222468004 73.4650744204071 76.0739979653161 78.709155592239 79.8553288026377 77.4879287673335 73.1024082176729 71.8197604040599 71.8948910291789 70.5259472010671 70.6480816753497 71.3276078810721 71.8546185208602 72.3179156141323 70.715589237683 69.0224558246139 68.7058772914458 68.5655454854307 68.4603475013904 68.2251685375444 67.8701652611489 67.4628564075636 67.2814062861747 66.9811327660075 66.8355532229066 66.6849797138221 66.3446327100454 66.2609997206618 65.9409957918034 65.5012768478315 65.2694020718301 65.1111478577705 64.8708599777105 64.6193681258932 64.4037414211385 64.1620616050651 63.9703461791129 63.7428339666792 63.6863585711409 63.5989049284516 63.3270020629527 63.0733206478429 62.9410239373874 62.8701033003066 62.5450874432071 62.4414843297548
77.6480864801416 75.0183757142292 75.0308384977079 75.9649812731029 74.8913008934895 73.8174859414009 77.1344342472979 79.492351258484 80.6363942830612 77.9643120184937 74.0253603617009 71.5519282933656 71.1686383363959 70.7005230741512 70.5318416825117 71.2610388339457 72.4254400118576 71.9653337592091 70.6542021230854 69.111249514327 68.747718244381 68.5210881460256 68.5240777043387 68.2979852093857 68.0034169047257 67.509403338228 67.2864972674864 66.9308010474622 66.8149904499108 66.5774455704012 66.3476552963941 66.3154267950932 66.0462228469929 65.4799255175823 65.2658239168695 65.1077362767481 64.8671430164174 64.5914350424698 64.4775244006359 64.3042065530031 64.0498207751354 63.8185214861191 63.7393428007213 63.6434602337738 63.4436960567251 63.1208875958181 62.9447268580618 62.9430383898741 62.8325890833197 62.6101640660093
77.0444510041964 75.4143518438987 75.290845992763 75.7217777080709 75.3756192240492 76.3759612126495 76.8741806528431 79.0399213969315 79.3334717685288 75.7598864833546 72.565444145078 71.5348074564942 71.2402586438328 70.7124340334553 70.3787738740223 71.2934635254897 72.0915828501996 70.4508891497273 69.7284862684749 69.1125824584671 68.6883532335455 68.4535548922528 68.4412628910467 68.3562860112898 67.9881198004026 67.467012774031 67.2873291661423 67.1141440038588 66.7460384730869 66.5512701934657 66.2396963538132 66.1338178269959 66.1607397812486 65.6457658767427 65.3691080339701 65.1401197727845 65.0068438444072 64.7263080469686 64.5537582532556 64.3736882222286 64.1647288290377 63.9995042412622 63.7636375917017 63.62479339663 -9999 -9999 63.1863465720396 63.1458823260652 62.7673774418429 62.6065056537494
