rcp8.5models/MPI_ESM_LR/sc1gr6.13
NCOLS 261 
NROWS 433 
XLLCORNER 336357.134 
YLLCORNER 654653.479 
CELLSIZE 1000 
NODATA_value -3.4e+38 
[rows 66 to 87 of 433, columns 49 to 97 of 261]
-3.4e+38 -3.4e+38 -3.4e+38 -3.4e+38 -3.4e+38 -3.4e+38 -3.4e+38 -3.4e+38 -3.4e+38 -3.4e+38 -3.4e+38 -3.4e+38 -3.4e+38 -3.4e+38 -3.4e+38 -3.4e+38 -3.4e+38 -3.4e+38 1635.12036132812 1638.17468261719 -3.4e+38 1652.64697265625 1657.56970214844 1662.3046875 1669.51391601562 1675.95532226562 1683.77185058594 1691.02026367188 1696.60095214844 1706.46142578125 1710.95727539062 1719.65380859375 1724.66101074219 1731.12048339844 1734.3935546875 1739.2001953125 1746.95336914062 1755.16760253906 1759.81384277344 1767.52258300781 -3.4e+38 1784.12646484375 1793.07495117188 1797.3525390625 -3.4e+38 -3.4e+38 1814.41015625 1820.90405273438 1828.00415039062
-3.4e+38 -3.4e+38 -3.4e+38 -3.4e+38 -3.4e+38 -3.4e+38 -3.4e+38 -3.4e+38 -3.4e+38 -3.4e+38 -3.4e+38 -3.4e+38 -3.4e+38 -3.4e+38 -3.4e+38 -3.4e+38 -3.4e+38 -3.4e+38 1634.88757324219 1639.39440917969 1644.44873046875 -3.4e+38 1655.87255859375 1662.94262695312 1671.60375976562 1676.96203613281 1683.06213378906 1688.31481933594 1694.10473632812 1706.46264648438 1714.88403320312 1715.76831054688 1723.16735839844 1730.3671875 1735.08520507812 1738.37646484375 -3.4e+38 -3.4e+38 1758.865234375 1765.63696289062 1770.41577148438 1784.09497070312 1791.18701171875 1797.61926269531 1802.36975097656 1806.25598144531 1813.28295898438 1819.92736816406 1826.27404785156
-3.4e+38 -3.4e+38 -3.4e+38 -3.4e+38 -3.4e+38 -3.4e+38 -3.4e+38 -3.4e+38 -3.4e+38 -3.4e+38 -3.4e+38 -3.4e+38 -3.4e+38 -3.4e+38 -3.4e+38 -3.4e+38 -3.4e+38 -3.4e+38 1630.81701660156 1638.26440429688 1643.90026855469 1649.37573242188 1655.66320800781 1662.19067382812 1672.27673339844 1678.18444824219 1683.04699707031 1691.00524902344 1697.45739746094 1709.240234375 1714.90637207031 1715.35705566406 1721.35949707031 1727.560546875 1734.34106445312 1739.78149414062 1744.12377929688 1749.830078125 1756.96411132812 1763.88793945312 1769.08557128906 1779.00463867188 1789.19909667969 1795.42431640625 1800.61291503906 1805.50134277344 1812.50109863281 1817.31982421875 1824.02844238281
-3.4e+38 -3.4e+38 -3.4e+38 -3.4e+38 -3.4e+38 -3.4e+38 -3.4e+38 -3.4e+38 -3.4e+38 -3.4e+38 -3.4e+38 -3.4e+38 -3.4e+38 -3.4e+38 -3.4e+38 -3.4e+38 -3.4e+38 -3.4e+38 1629.55200195312 1638.82080078125 1643.37133789062 1651.97509765625 1658.05908203125 1662.79943847656 1672.47143554688 1678.49853515625 1683.29833984375 1692.8623046875 1697.474609375 1709.32006835938 1714.6318359375 1716.69982910156 1720.83581542969 1727.8671875 1734.154296875 1742.12927246094 1744.82690429688 1750.353515625 1757.84069824219 1765.55578613281 1770.75024414062 -3.4e+38 -3.4e+38 1796.35021972656 1802.02941894531 1803.23486328125 1810.85595703125 1815.78393554688 1822.37463378906
-3.4e+38 -3.4e+38 -3.4e+38 -3.4e+38 -3.4e+38 -3.4e+38 -3.4e+38 -3.4e+38 -3.4e+38 -3.4e+38 -3.4e+38 -3.4e+38 -3.4e+38 -3.4e+38 -3.4e+38 -3.4e+38 -3.4e+38 -3.4e+38 1630.45007324219 1639.78039550781 1645.18505859375 1652.69946289062 1658.15368652344 1664.74475097656 1672.03381347656 1676.53112792969 1683.66357421875 1691.98132324219 1696.89575195312 1706.00500488281 1713.95434570312 1717.51354980469 1722.72509765625 1728.35192871094 1733.40502929688 1742.43920898438 1745.49487304688 1751.68139648438 1757.59753417969 1765.31701660156 1771.45129394531 1781.05041503906 -3.4e+38 1795.13366699219 1801.40087890625 1805.06115722656 1809.990234375 1815.83581542969 1823.61804199219
-3.4e+38 -3.4e+38 -3.4e+38 -3.4e+38 -3.4e+38 -3.4e+38 -3.4e+38 -3.4e+38 -3.4e+38 -3.4e+38 -3.4e+38 -3.4e+38 -3.4e+38 -3.4e+38 -3.4e+38 -3.4e+38 -3.4e+38 1617.28369140625 1630.23620605469 1637.74768066406 1645.6767578125 1651.63073730469 1656.34045410156 1663.72680664062 1671.69250488281 1677.96960449219 1684.75952148438 1690.15625 1696.09582519531 1706.591796875 1712.58874511719 1715.53967285156 -3.4e+38 1727.70678710938 1734.09497070312 1739.33862304688 1743.87451171875 1752.55871582031 1756.45739746094 1765.29248046875 1770.85290527344 1780.7626953125 1789.29028320312 1794.29248046875 1799.25415039062 1805.06652832031 1811.22302246094 1817.14392089844 1822.89013671875
-3.4e+38 -3.4e+38 -3.4e+38 -3.4e+38 -3.4e+38 -3.4e+38 -3.4e+38 -3.4e+38 -3.4e+38 -3.4e+38 -3.4e+38 -3.4e+38 -3.4e+38 -3.4e+38 -3.4e+38 -3.4e+38 -3.4e+38 1619.10046386719 1632.15258789062 1636.77209472656 1644.21740722656 1649.04382324219 1655.8046875 1662.72290039062 1670.74938964844 1677.21569824219 1684.70483398438 1689.939453125 1694.95739746094 1707.99206542969 1713.1728515625 1716.37646484375 -3.4e+38 1726.47241210938 1733.6103515625 1738.26110839844 1743.01428222656 1750.35070800781 1757.39428710938 1764.36682128906 1770.67175292969 1780.40063476562 1788.32592773438 1793.81848144531 1798.27087402344 1804.73779296875 1811.76586914062 1816.3330078125 1820.77404785156
-3.4e+38 -3.4e+38 -3.4e+38 -3.4e+38 -3.4e+38 -3.4e+38 -3.4e+38 -3.4e+38 -3.4e+38 -3.4e+38 -3.4e+38 -3.4e+38 -3.4e+38 -3.4e+38 -3.4e+38 -3.4e+38 1612.07067871094 1617.75048828125 1631.5625 1637.12683105469 1644.04162597656 1648.34289550781 1654.11547851562 1663.07800292969 1670.00305175781 1677.44543457031 1685.26452636719 1690.6865234375 1695.701171875 1710.20825195312 1711.14025878906 1716.00146484375 1720.57995605469 1725.22314453125 1730.84265136719 1737.33447265625 1743.81091308594 1749.83947753906 1757.08764648438 -3.4e+38 1768.01257324219 1778.89733886719 1787.18420410156 1792.81225585938 1798.17712402344 1803.9541015625 1810.02819824219 1815.79309082031 1820.51293945312
-3.4e+38 -3.4e+38 -3.4e+38 -3.4e+38 -3.4e+38 -3.4e+38 -3.4e+38 -3.4e+38 -3.4e+38 -3.4e+38 -3.4e+38 -3.4e+38 -3.4e+38 -3.4e+38 -3.4e+38 -3.4e+38 1610.994140625 1618.64282226562 1630.5771484375 1637.54321289062 1642.65368652344 1647.2939453125 1653.77038574219 1661.14111328125 1669.96789550781 1676.63134765625 1684.12561035156 1687.40808105469 1695.66149902344 1708.74560546875 1710.71301269531 1712.79675292969 1721.490234375 1726.80554199219 1731.30712890625 1737.8681640625 1744.6142578125 1751.66772460938 1756.49719238281 1764.64831542969 1770.38781738281 1779.48059082031 1788.93310546875 1793.4541015625 1797.85729980469 1803.42053222656 1809.20288085938 1816.48681640625 1822.25988769531
-3.4e+38 -3.4e+38 -3.4e+38 -3.4e+38 -3.4e+38 -3.4e+38 -3.4e+38 -3.4e+38 -3.4e+38 -3.4e+38 -3.4e+38 -3.4e+38 -3.4e+38 -3.4e+38 -3.4e+38 -3.4e+38 1610.50964355469 1618.37060546875 1629.93615722656 1636.57177734375 1642.67565917969 1647.01965332031 1653.21008300781 1661.55419921875 1668.62133789062 1672.88684082031 1678.25671386719 1685.70593261719 1693.37890625 1702.48046875 1708.7275390625 -3.4e+38 1719.7216796875 1725.67468261719 1732.03125 -3.4e+38 1743.87939453125 1751.44519042969 1758.287109375 1764.24560546875 1769.17517089844 1779.27709960938 1788.2705078125 1793.35009765625 1797.27380371094 1802.72705078125 1809.15307617188 1817.75732421875 1822.40844726562
-3.4e+38 -3.4e+38 -3.4e+38 -3.4e+38 -3.4e+38 -3.4e+38 -3.4e+38 -3.4e+38 -3.4e+38 -3.4e+38 -3.4e+38 -3.4e+38 -3.4e+38 -3.4e+38 -3.4e+38 1607.80310058594 1613.08776855469 1617.73132324219 1631.4248046875 1637.72045898438 1643.69519042969 1648.99230957031 1655.81958007812 1660.52368164062 1666.98461914062 1672.33996582031 1676.84619140625 1683.86950683594 1689.22729492188 1698.345703125 1707.32470703125 1713.29919433594 1717.90075683594 1721.98095703125 1730.69201660156 1736.10778808594 1742.61169433594 1747.65417480469 1755.74377441406 1762.60693359375 1767.57946777344 1779.72204589844 1787.43054199219 1793.07470703125 1796.8271484375 1801.42077636719 1809.50219726562 1816.99328613281 1819.66040039062
-3.4e+38 -3.4e+38 -3.4e+38 -3.4e+38 -3.4e+38 -3.4e+38 -3.4e+38 -3.4e+38 -3.4e+38 -3.4e+38 -3.4e+38 -3.4e+38 -3.4e+38 -3.4e+38 -3.4e+38 -3.4e+38 1615.94860839844 1620.15612792969 1632.11889648438 1638.89477539062 1644.31262207031 1650.5283203125 1656.29797363281 1662.44372558594 1665.56396484375 1670.45422363281 1679.333984375 1684.36315917969 1686.9130859375 1697.84680175781 1705.44958496094 1710.64807128906 1715.2470703125 1720.51208496094 1727.79516601562 1733.67639160156 1739.81750488281 1745.02673339844 1751.49462890625 1760.00988769531 1766.33178710938 1777.3828125 1785.91198730469 1790.67785644531 1794.50524902344 1801.35424804688 1808.62707519531 1813.76831054688 1818.64453125
-3.4e+38 -3.4e+38 -3.4e+38 -3.4e+38 -3.4e+38 -3.4e+38 -3.4e+38 -3.4e+38 -3.4e+38 -3.4e+38 -3.4e+38 -3.4e+38 -3.4e+38 -3.4e+38 1604.91235351562 1610.60729980469 1616.67138671875 1621.57177734375 1633.32678222656 1638.39013671875 1643.72131347656 1650.26257324219 1656.46081542969 1661.31384277344 1666.31994628906 1671.62316894531 1678.07421875 1683.80700683594 1688.083984375 1699.01818847656 1704.31884765625 1708.46313476562 1714.83776855469 1721.0478515625 1725.42614746094 1731.30358886719 1738.12438964844 1744.17578125 1749.82238769531 1758.63256835938 1764.57348632812 1777.30895996094 1785.59704589844 1788.80322265625 1794.33984375 1800.86596679688 1805.44494628906 1809.67443847656 1816.67858886719
-3.4e+38 -3.4e+38 -3.4e+38 -3.4e+38 -3.4e+38 -3.4e+38 -3.4e+38 -3.4e+38 -3.4e+38 -3.4e+38 -3.4e+38 -3.4e+38 -3.4e+38 1600.68420410156 1604.74426269531 1610.19287109375 1616.11340332031 1622.05358886719 1632.84008789062 1636.83654785156 1642.32666015625 1649.24255371094 1656.49841308594 1659.60693359375 1665.90686035156 1673.46337890625 1678.72973632812 1684.6630859375 1692.82885742188 1702.97863769531 1705.86450195312 1710.27795410156 1715.65563964844 1718.693359375 1726.74072265625 1732.27795410156 1737.96142578125 1744.57568359375 1751.5986328125 1756.89501953125 1762.51892089844 1773.78454589844 1782.08422851562 1789.37036132812 1792.70776367188 1800.18188476562 1803.80017089844 1807.58898925781 1815.99169921875
-3.4e+38 -3.4e+38 -3.4e+38 -3.4e+38 -3.4e+38 -3.4e+38 -3.4e+38 -3.4e+38 -3.4e+38 -3.4e+38 -3.4e+38 -3.4e+38 -3.4e+38 1597.74938964844 1604.80993652344 1610.37719726562 1616.30615234375 1622.89685058594 1633.28088378906 1638.62878417969 1642.74291992188 1648.74645996094 1656.20397949219 1661.95715332031 1668.7421875 1672.53955078125 1678.69702148438 1683.13122558594 1691.00805664062 1700.82373046875 1704.44787597656 1710.06176757812 1714.92065429688 1720.45385742188 1726.00329589844 1730.37280273438 1735.93579101562 1741.51501464844 1747.61584472656 1755.181640625 1759.83850097656 1770.68005371094 1776.37341308594 1784.1171875 1789.4267578125 1794.04455566406 1799.78149414062 1804.37939453125 1814.62084960938
-3.4e+38 -3.4e+38 -3.4e+38 -3.4e+38 -3.4e+38 -3.4e+38 -3.4e+38 -3.4e+38 -3.4e+38 -3.4e+38 -3.4e+38 -3.4e+38 -3.4e+38 -3.4e+38 1604.64147949219 1612.369140625 1617.49291992188 1622.79919433594 1633.5595703125 1639.53039550781 1644.24523925781 1650.04455566406 1656.49816894531 1660.54418945312 1667.63073730469 1672.82678222656 1678.63732910156 1684.74755859375 1690.27453613281 1698.48229980469 1703.94860839844 1708.95776367188 1714.52368164062 1718.92236328125 1726.87939453125 1731.21105957031 1735.99060058594 1741.15563964844 1745.18347167969 1752.2041015625 1757.3837890625 1770.36376953125 1775.41735839844 1780.01831054688 1786.96069335938 1792.2119140625 1797.30541992188 1802.21325683594 1813.44201660156
-3.4e+38 -3.4e+38 -3.4e+38 -3.4e+38 -3.4e+38 -3.4e+38 -3.4e+38 -3.4e+38 -3.4e+38 -3.4e+38 -3.4e+38 -3.4e+38 -3.4e+38 -3.4e+38 1606.74267578125 1613.27233886719 1618.50341796875 1622.02648925781 1633.06176757812 1639.74291992188 1643.75903320312 1649.10522460938 1655.87524414062 1661.08349609375 1666.55358886719 1675.41625976562 1679.919921875 1687.63854980469 1690.92980957031 1699.74230957031 1705.30895996094 1707.89050292969 1716.1796875 1721.0498046875 1726.81481933594 1733.10766601562 1737.08801269531 1741.95739746094 1742.80017089844 1749.72253417969 1755.21044921875 1771.61096191406 -3.4e+38 -3.4e+38 1784.96850585938 1789.39953613281 1794.95886230469 1801.9755859375 1808.66369628906
-3.4e+38 -3.4e+38 -3.4e+38 -3.4e+38 -3.4e+38 -3.4e+38 -3.4e+38 -3.4e+38 -3.4e+38 -3.4e+38 -3.4e+38 -3.4e+38 -3.4e+38 1603.13793945312 1607.93786621094 1612.19494628906 1618.43688964844 1623.02062988281 1632.74060058594 1638.86767578125 1641.88244628906 1648.82165527344 1657.47229003906 1665.1484375 1669.02380371094 1674.1630859375 1680.82556152344 1686.88720703125 1690.84838867188 1700.30139160156 1704.18359375 1708.83972167969 1716.07421875 1722.79089355469 1726.72692871094 1731.39477539062 1737.98754882812 1740.75390625 1744.24645996094 1750.34338378906 1756.03955078125 1769.75427246094 -3.4e+38 1779.24743652344 1784.3330078125 1789.06872558594 1795.65441894531 1800.63854980469 1806.21350097656
-3.4e+38 -3.4e+38 -3.4e+38 -3.4e+38 -3.4e+38 -3.4e+38 -3.4e+38 -3.4e+38 -3.4e+38 -3.4e+38 -3.4e+38 -3.4e+38 -3.4e+38 1603.0361328125 1607.86340332031 1613.15893554688 1619.1591796875 1623.00476074219 1632.89526367188 1639.43078613281 1641.51550292969 1649.03955078125 1657.29113769531 1664.96142578125 1668.45092773438 1673.68017578125 1681.75805664062 1685.27807617188 1691.77380371094 1696.89196777344 1703.69030761719 1708.76916503906 1713.0576171875 1720.38110351562 1725.01098632812 1729.3994140625 1737.63293457031 1739.52270507812 1746.10717773438 1750.77722167969 1756.39758300781 1766.96923828125 1774.65698242188 1780.63610839844 1785.93701171875 1790.07214355469 1795.59448242188 1800.46203613281 1805.06872558594
-3.4e+38 -3.4e+38 -3.4e+38 -3.4e+38 -3.4e+38 -3.4e+38 -3.4e+38 -3.4e+38 -3.4e+38 -3.4e+38 -3.4e+38 -3.4e+38 1599.93701171875 1602.28100585938 1609.22619628906 1614.08740234375 1618.72607421875 1621.82385253906 1634.01135253906 1639.08825683594 1643.23901367188 1649.32702636719 1656.66723632812 1661.80554199219 1667.62316894531 1672.21545410156 1678.85314941406 1681.64611816406 1688.96789550781 1695.27209472656 1703.60705566406 1707.75891113281 1710.90588378906 1717.6103515625 1721.47448730469 1726.31860351562 1734.89245605469 1738.71398925781 1747.32092285156 1752.55334472656 1754.91394042969 1767.26220703125 -3.4e+38 1781.2080078125 1788.39343261719 1792.04357910156 1794.90319824219 1800.82543945312 1803.4033203125
-3.4e+38 -3.4e+38 -3.4e+38 -3.4e+38 -3.4e+38 -3.4e+38 -3.4e+38 -3.4e+38 -3.4e+38 -3.4e+38 -3.4e+38 -3.4e+38 -3.4e+38 1602.88854980469 1610.17858886719 1615.93212890625 1621.00524902344 1622.52490234375 1635.02172851562 1637.98828125 1643.73352050781 1647.89807128906 1654.89282226562 1658.46435546875 1663.12451171875 1667.2724609375 1674.39111328125 1677.34252929688 1682.44982910156 1695.30395507812 1702.62072753906 1706.98779296875 1710.8525390625 1716.55883789062 1720.76721191406 1725.60131835938 1734.53515625 1738.25183105469 1745.17260742188 1752.9443359375 1755.42614746094 1770.07556152344 1772.66552734375 1779.50268554688 1788.28503417969 1792.22705078125 1796.43237304688 1801.66467285156 1803.38342285156
-3.4e+38 -3.4e+38 -3.4e+38 -3.4e+38 -3.4e+38 -3.4e+38 -3.4e+38 -3.4e+38 -3.4e+38 -3.4e+38 -3.4e+38 -3.4e+38 1601.14050292969 1605.74389648438 1612.35778808594 1617.673828125 1619.82958984375 1624.77844238281 1633.00415039062 1638.23254394531 1642.56335449219 1647.47351074219 1652.91687011719 1655.88232421875 1660.27026367188 1668.18981933594 1672.62512207031 1677.75769042969 1682.4248046875 1693.2626953125 1701.33337402344 1705.017578125 1710.66650390625 1716.12365722656 1719.93872070312 1726.14074707031 1733.28491210938 1736.45837402344 1741.99963378906 1749.87854003906 1755.28869628906 1768.20654296875 1772.02355957031 1779.69885253906 1785.15600585938 1789.41040039062 1796.75793457031 1800.54321289062 1804.32287597656
