rcp8.5models/MPI_ESM_LR/sc1gr10.15
NCOLS 261 
NROWS 433 
XLLCORNER 336357.134 
YLLCORNER 654653.479 
CELLSIZE 1000 
NODATA_value -3.4e+38 
[rows 308 to 329 of 433, columns 196 to 244 of 261]
1053.74072265625 1060.4814453125 1055.68408203125 1061.81091308594 1071.10046386719 1092.20178222656 1117.47802734375 1130.63708496094 1144.63659667969 1156.64013671875 1169.5205078125 1165.07116699219 1169.0439453125 1163.76098632812 1149.89038085938 1156.59741210938 1164.93212890625 1167.74182128906 1223.21826171875 1228.62084960938 1235.5146484375 1242.61828613281 1248.38623046875 1251.18591308594 1255.77722167969 1265.25476074219 1272.59130859375 1277.30310058594 1280.64270019531 1287.26647949219 1297.37939453125 1301.99743652344 1306.70043945312 1309.66125488281 1311.22607421875 1314.18530273438 1319.302734375 1324.74438476562 1325.33544921875 1326.15478515625 1329.34875488281 1337.19677734375 1339.33837890625 1341.15832519531 1343.08056640625 1343.09582519531 1342.97937011719 1344.52709960938 1346.10290527344
1033.45983886719 1048.74157714844 1046.99853515625 1050.84643554688 1063.3056640625 1080.82775878906 1084.40673828125 1117.53234863281 1128.41552734375 1139.15258789062 1152.56091308594 1146.60595703125 1144.43603515625 1143.54443359375 1136.001953125 1147.896484375 1154.36877441406 1151.42712402344 1199.58190917969 1211.6328125 1218.06787109375 1223.83154296875 1229.83288574219 1234.81481933594 1241.44299316406 1250.87280273438 1257.43212890625 1259.89379882812 1261.294921875 1270.0966796875 1280.61010742188 1284.55285644531 1290.30493164062 1293.08190917969 1294.15356445312 1296.80737304688 1304.60656738281 1308.64929199219 1310.95581054688 1311.50561523438 1312.69213867188 1321.2763671875 1323.34033203125 1325.74255371094 1327.52062988281 1329.08703613281 1329.46301269531 1331.03576660156 1331.08251953125
1017.26391601562 1034.34326171875 1038.28869628906 1036.88879394531 1048.26049804688 1061.16772460938 1055.50671386719 1093.98657226562 1106.99047851562 1119.6240234375 1124.41564941406 1120.73071289062 1116.54455566406 1119.47436523438 1119.70642089844 1131.65710449219 1145.41357421875 1148.70727539062 1181.57006835938 1195.45617675781 1201.62927246094 1206.74340820312 1211.97399902344 1219.02502441406 1226.68395996094 1234.0107421875 1239.11267089844 1242.81823730469 1242.52978515625 1247.83813476562 1262.42687988281 1267.85461425781 1272.67028808594 1277.05895996094 1279.52294921875 1281.84875488281 1288.03076171875 1292.41955566406 1295.1064453125 1296.8603515625 1296.79809570312 1305.57055664062 1308.1875 1311.39477539062 1311.77001953125 1313.99633789062 1316.08972167969 1317.35693359375 1317.75854492188
1002.68634033203 1018.97937011719 1025.42663574219 1020.17749023438 1027.86474609375 1039.58044433594 1047.50317382812 1074.92907714844 1091.69921875 1108.38159179688 1121.505859375 1105.83361816406 1100.92614746094 1104.9228515625 1109.32849121094 1114.79248046875 1127.85522460938 1134.90417480469 1170.396484375 1179.36096191406 1185.541015625 1190.26208496094 1195.84631347656 1202.89575195312 1210.35681152344 1216.7666015625 1221.05847167969 1226.05505371094 1225.36743164062 1229.86206054688 1244.70190429688 1250.69299316406 -3.4e+38 -3.4e+38 1262.43994140625 1266.74365234375 1270.88317871094 1276.66540527344 1279.16711425781 1281.65710449219 1283.14038085938 1290.03234863281 1292.58605957031 1296.96667480469 1296.5078125 1299.10595703125 1302.60998535156 1304.59692382812 1306.02099609375
989.187255859375 1001.44317626953 1012.48114013672 1012.39318847656 1016.85229492188 1029.83947753906 1042.47375488281 1067.90124511719 1081.09338378906 1092.23132324219 1106.01599121094 1097.95434570312 1098.17785644531 1103.84411621094 1109.41186523438 1111.46362304688 1111.59191894531 1118.90222167969 1156.32238769531 1162.953125 1168.84643554688 1173.03930664062 1179.82983398438 1186.77270507812 1193.7421875 1200.81750488281 1206.26159667969 1210.6806640625 1213.23291015625 1216.982421875 1230.44360351562 1235.37121582031 1239.51672363281 1241.25830078125 1245.0458984375 1250.61401367188 1254.82885742188 1260.904296875 1263.69006347656 1266.00085449219 1268.40869140625 1274.56530761719 1278.54345703125 1282.04931640625 1283.13159179688 1285.29870605469 1288.66320800781 1290.8837890625 1292.28662109375
959.511962890625 975.88232421875 983.785522460938 984.350646972656 986.275024414062 1002.60546875 1021.77142333984 1043.43090820312 1048.78149414062 1052.43518066406 1062.03149414062 1066.7783203125 1067.36120605469 1076.01953125 1087.1591796875 1092.47888183594 1094.93054199219 1088.79711914062 1115.71142578125 1131.203125 1136.66589355469 1140.77490234375 1147.50671386719 1154.36706542969 1159.79772949219 1165.61560058594 1173.04382324219 1179.27282714844 1184.12280273438 1189.00695800781 1200.60546875 1204.33679199219 1207.36389160156 1213.06433105469 1216.48083496094 1219.76257324219 1223.41357421875 1229.79284667969 1234.0341796875 1235.21740722656 1238.43322753906 1245.11083984375 1248.33947753906 1249.59997558594 1253.57080078125 1255.74841308594 1258.20959472656 1260.26770019531 1261.95935058594
945.746704101562 959.852355957031 969.608947753906 971.713745117188 969.055847167969 982.099304199219 1009.72998046875 1026.19970703125 1031.61474609375 1035.75500488281 1045.18469238281 1050.45837402344 1054.50598144531 1066.70336914062 1072.056640625 1079.63110351562 1088.55249023438 1091.65600585938 1092.69738769531 1115.44079589844 1119.73449707031 1124.78527832031 1131.83935546875 -3.4e+38 1143.70751953125 1149.88842773438 1156.80969238281 1162.95446777344 1167.3740234375 1173.53100585938 1184.349609375 1187.525390625 1191.39404296875 1197.42456054688 1200.82556152344 1204.10815429688 1207.77954101562 1213.91638183594 1218.34484863281 1221.58776855469 1224.80065917969 1230.85461425781 1233.24719238281 1235.04418945312 1238.45935058594 1240.587890625 1242.89868164062 1244.91186523438 1247.04724121094
933.331176757812 945.195617675781 955.125427246094 958.608703613281 955.508911132812 966.368469238281 994.041076660156 1009.15960693359 1015.46057128906 1021.68212890625 1030.04956054688 1037.60559082031 1044.07019042969 1052.75939941406 1058.48474121094 1065.39404296875 1073.29577636719 1079.75708007812 1085.22119140625 1099.49523925781 1103.26062011719 -3.4e+38 -3.4e+38 -3.4e+38 1128.3359375 1134.171875 1141.34045410156 1147.16430664062 1151.13903808594 1156.38012695312 1166.91149902344 1171.79614257812 1175.67919921875 1180.59680175781 1185.28784179688 1188.68041992188 1193.70092773438 1198.18859863281 1201.90759277344 1207.63098144531 1210.76293945312 1216.52490234375 1219.80859375 1221.00317382812 1223.23986816406 1225.83361816406 1227.75317382812 1229.87182617188 1232.47290039062
921.2109375 931.74365234375 940.743347167969 945.375061035156 944.771484375 953.379028320312 977.552673339844 994.284912109375 1000.47747802734 1006.33941650391 1014.55786132812 1022.66687011719 1029.93969726562 1038.00756835938 1044.55432128906 1050.96557617188 1057.80578613281 1063.88391113281 1077.80480957031 1083.658203125 1087.76171875 -3.4e+38 -3.4e+38 -3.4e+38 1112.77905273438 1118.5673828125 1125.95971679688 1132.05200195312 1135.39929199219 1139.73303222656 1150.16662597656 1155.97595214844 1159.69641113281 1163.89367675781 1169.71716308594 1173.8701171875 1179.78015136719 1183.44030761719 1188.30444335938 1192.52661132812 1195.56970214844 1201.17395019531 1204.35131835938 1205.94860839844 1208.36755371094 1210.76647949219 1212.806640625 1214.80480957031 1217.29406738281
908.546142578125 914.46923828125 920.738647460938 928.287780761719 932.671081542969 938.644470214844 959.20458984375 978.961486816406 983.916687011719 988.695556640625 993.390869140625 1004.11041259766 1014.57507324219 1022.75665283203 1029.14538574219 1035.9208984375 1042.43957519531 1048.91027832031 1062.50659179688 1068.39343261719 1072.50769042969 1078.99401855469 -3.4e+38 1090.52551269531 1096.23034667969 1103.24353027344 1110.66857910156 1116.84265136719 1120.94177246094 1125.7001953125 1135.12963867188 1141.46252441406 1146.36596679688 1150.15502929688 1154.90979003906 1160.11108398438 1164.65002441406 1167.88488769531 1172.52856445312 1177.47778320312 1182.11669921875 1187.29504394531 1188.4306640625 1190.76025390625 1193.55773925781 1195.86181640625 1197.85766601562 1199.96630859375 1202.31286621094
896.337524414062 900.804321289062 906.259399414062 910.567626953125 923.670166015625 932.734619140625 946.521789550781 963.208923339844 966.464172363281 972.204650878906 972.997985839844 984.076599121094 994.34521484375 1006.38037109375 1014.32049560547 1020.8271484375 1027.24011230469 1034.20166015625 1047.36206054688 1053.44372558594 1057.68627929688 1063.93762207031 1070.68432617188 1076.55737304688 1080.75500488281 1088.27709960938 1095.5654296875 1101.41723632812 1105.90966796875 1111.88305664062 1122.17565917969 1128.86169433594 1132.91979980469 1136.599609375 1139.98388671875 1144.70520019531 1149.52062988281 1152.51708984375 1155.91857910156 1160.84936523438 1167.03491210938 1173.72045898438 1175.10241699219 1177.81103515625 1180.74365234375 1182.49169921875 1183.17016601562 1185.58361816406 1187.72839355469
887.231323242188 892.888061523438 898.257629394531 899.628479003906 911.879150390625 927.0234375 936.917297363281 948.517578125 951.940063476562 958.607849121094 961.196655273438 966.144470214844 977.1982421875 990.361572265625 999.488342285156 1005.65075683594 1012.34173583984 1019.19458007812 1032.19323730469 1038.15209960938 1042.64086914062 1048.99365234375 1055.51025390625 1061.60412597656 1065.54467773438 1072.95678710938 1080.26550292969 1086.21899414062 1090.49829101562 1097.16442871094 1107.53466796875 1114.98156738281 1118.39965820312 1123.08850097656 1126.31335449219 1130.11364746094 1134.48132324219 1137.83068847656 1142.38757324219 1145.59240722656 1150.31750488281 1159.09777832031 1161.62866210938 1164.68969726562 1167.09387207031 1168.99621582031 1168.78430175781 1170.86572265625 1173.25463867188
879.942626953125 881.811218261719 885.868041992188 892.234741210938 902.636657714844 914.262573242188 923.519897460938 933.578735351562 937.327087402344 945.449157714844 951.877258300781 954.283325195312 963.523010253906 975.525146484375 984.463012695312 991.020629882812 997.463256835938 1004.07110595703 1017.2158203125 1023.15826416016 1027.47399902344 1033.88403320312 1040.60998535156 1046.65270996094 1050.88330078125 1057.55859375 1064.42687988281 1070.01049804688 1075.52392578125 1082.57165527344 1092.59899902344 1099.51831054688 1103.67785644531 1108.24682617188 1112.93835449219 1116.9306640625 1121.40161132812 1124.73657226562 1128.96447753906 1131.77355957031 1135.21301269531 1144.40600585938 1146.71496582031 1149.62829589844 1152.2744140625 1154.72973632812 1155.72778320312 1158.18737792969 1160.36083984375
866.256896972656 866.19873046875 871.707946777344 883.618713378906 895.684204101562 902.709533691406 910.147766113281 919.677917480469 924.129943847656 931.057312011719 939.681579589844 944.540710449219 949.5908203125 958.59130859375 966.072570800781 976.471923828125 982.650695800781 989.493530273438 1002.21649169922 1008.84906005859 1013.95269775391 1019.33026123047 1025.90283203125 1031.72802734375 1036.28955078125 1042.83630371094 1048.89343261719 1053.83190917969 1060.95288085938 1068.09301757812 1078.56042480469 1084.35046386719 1088.46655273438 1093.66979980469 1098.46472167969 1102.52136230469 1108.04772949219 1111.3681640625 1115.21606445312 1119.51708984375 1122.44213867188 1127.98352050781 1132.02331542969 1134.81921386719 1137.51733398438 1140.17199707031 1142.71862792969 1145.33837890625 1146.83630371094
851.041320800781 852.259643554688 858.958862304688 873.025756835938 883.248474121094 891.019958496094 896.982482910156 904.416137695312 903.566467285156 917.919738769531 926.126159667969 933.650207519531 939.114807128906 944.73779296875 949.481079101562 961.634338378906 968.167297363281 975.003723144531 987.687866210938 994.455444335938 1000.35754394531 1004.66912841797 1011.35974121094 1017.06762695312 1021.74133300781 1028.54016113281 1034.3369140625 1039.00500488281 1046.15686035156 1053.08422851562 1064.08776855469 1069.93957519531 1073.48974609375 1078.52062988281 1083.6337890625 1087.52990722656 1093.05529785156 1096.36987304688 1100.12170410156 1104.33044433594 1107.37756347656 1112.32824707031 1117.80395507812 1120.39685058594 1123.00915527344 1125.79919433594 1128.72412109375 1130.80969238281 1132.43200683594
841.199401855469 841.158874511719 847.068664550781 858.854736328125 869.42822265625 878.008728027344 881.604614257812 881.891967773438 885.817504882812 897.578735351562 913.429382324219 921.315063476562 927.662353515625 933.528381347656 938.38232421875 947.125610351562 953.777954101562 960.0166015625 973.597473144531 979.901428222656 985.824462890625 990.184631347656 996.854919433594 1003.15466308594 1008.82922363281 1014.21282958984 1019.98547363281 1024.52282714844 1031.30981445312 1038.09484863281 1049.30847167969 1056.06372070312 1060.40393066406 1063.01843261719 1068.79040527344 1072.74182128906 1078.47119140625 1081.77111816406 1085.47729492188 1089.90856933594 1093.21557617188 1099.25341796875 1103.48693847656 1106.51843261719 1110.5107421875 1112.19543457031 1115.53344726562 1116.4501953125 1118.33972167969
829.619384765625 828.97705078125 835.161560058594 844.903015136719 855.223693847656 862.41357421875 860.752868652344 873.471618652344 890.056762695312 877.737976074219 893.557495117188 907.19140625 914.448303222656 920.257690429688 927.826354980469 934.319458007812 940.597229003906 945.71826171875 959.132568359375 965.502197265625 972.022216796875 977.474731445312 982.709655761719 989.251159667969 995.938720703125 1001.20428466797 1006.06427001953 1011.30560302734 1017.04650878906 1023.43920898438 1034.3564453125 1041.42822265625 1047.30676269531 1049.77429199219 1054.69445800781 1058.13330078125 1062.9482421875 1067.73303222656 1071.45959472656 1075.54858398438 1080.13708496094 1086.03723144531 1089.34448242188 1092.38073730469 1096.01867675781 1099.46752929688 1102.8115234375 1104.32543945312 1105.91442871094
805.562072753906 806.739318847656 811.628479003906 820.689819335938 829.984558105469 836.79443359375 834.133850097656 843.268676757812 876.513366699219 888.0322265625 888.992614746094 868.831909179688 887.593566894531 894.56298828125 900.832763671875 905.944763183594 911.999694824219 917.072448730469 930.851806640625 937.654602050781 944.280944824219 950.288452148438 955.51318359375 961.36669921875 967.702697753906 973.917846679688 978.406433105469 984.559448242188 989.653015136719 995.286743164062 1005.45422363281 1010.71362304688 1016.48870849609 1022.19458007812 1026.5595703125 1032.22082519531 1035.17932128906 1038.55297851562 1042.16271972656 1045.90063476562 1051.38513183594 1058.08337402344 1063.76086425781 1066.14208984375 1067.99487304688 1070.90441894531 1075.0185546875 1077.50964355469 1081.43542480469
792.808532714844 796.509338378906 799.485473632812 808.632934570312 817.055786132812 823.747192382812 824.100708007812 824.828308105469 836.301818847656 864.379516601562 886.79736328125 855.405395507812 872.774047851562 880.686950683594 885.096069335938 886.496276855469 896.027526855469 899.948364257812 916.973449707031 923.691833496094 930.324157714844 936.77685546875 942.404724121094 947.490783691406 953.972595214844 959.983947753906 964.272338867188 970.912292480469 976.876892089844 981.337768554688 991.409240722656 996.613647460938 1003.31896972656 1008.15954589844 1012.36059570312 1018.27935791016 1021.65643310547 1024.89794921875 1028.2470703125 1033.08483886719 1037.16284179688 1043.96069335938 1049.50134277344 1052.595703125 1055.22570800781 1057.91381835938 1060.7529296875 1063.33483886719 1067.021484375
778.831848144531 783.4423828125 788.641052246094 797.267456054688 804.382995605469 810.27685546875 814.247680664062 814.289184570312 820.765502929688 850.442077636719 873.614074707031 839.810180664062 858.084167480469 865.322265625 866.093872070312 870.222900390625 883.977783203125 888.601135253906 903.196960449219 909.336059570312 914.658203125 923.188659667969 928.555969238281 933.505126953125 940.141052246094 946.382263183594 951.218933105469 956.783020019531 963.258056640625 967.714416503906 977.601623535156 983.448608398438 988.795532226562 993.773742675781 997.956665039062 1003.73950195312 1007.78167724609 1012.404296875 1015.98120117188 1021.60595703125 1023.67340087891 1031.92248535156 1035.86791992188 1038.73608398438 1041.46447753906 1044.20764160156 1046.56652832031 1049.3349609375 1052.23364257812
765.985229492188 768.853393554688 775.399353027344 784.429809570312 790.755432128906 796.987426757812 803.272216796875 801.913024902344 808.966796875 833.6015625 851.880432128906 827.440612792969 845.572509765625 851.489624023438 853.672424316406 862.076416015625 872.253540039062 879.142150878906 889.360412597656 895.562072753906 900.895874023438 908.342712402344 915.254333496094 920.554931640625 926.207946777344 932.7470703125 938.425109863281 942.837219238281 949.04541015625 953.587829589844 965.056396484375 969.617065429688 973.990234375 979.658935546875 984.012878417969 990.10302734375 995.21533203125 999.534790039062 1003.82360839844 1009.46435546875 1011.81274414062 1020.69793701172 1023.51135253906 1026.52270507812 1029.33923339844 1031.44555664062 1032.76684570312 1035.79162597656 1038.23193359375
753.963623046875 756.8359375 762.637756347656 770.119873046875 777.305908203125 783.622497558594 789.98974609375 792.56298828125 796.368469238281 807.131591796875 819.43408203125 818.062316894531 832.898742675781 839.103332519531 845.114501953125 852.366333007812 858.599609375 865.476745605469 877.289733886719 883.285827636719 889.028625488281 894.536437988281 901.88330078125 907.722351074219 912.189880371094 918.807312011719 924.871826171875 929.324462890625 935.346496582031 940.710266113281 952.013305664062 956.463623046875 961.749267578125 966.734069824219 972.282897949219 978.426452636719 982.906494140625 986.652282714844 991.888671875 996.446899414062 1000.6484375 1007.97863769531 1011.07928466797 1014.21032714844 1016.96997070312 1018.93505859375 1020.97027587891 1023.43334960938 1026.05236816406
