rcp8.5models/MPI_ESM_LR/sc1gr3.12
NCOLS 261 
NROWS 433 
XLLCORNER 336357.134 
YLLCORNER 654653.479 
CELLSIZE 1000 
NODATA_value -3.4e+38 
[rows 176 to 197 of 433, columns 98 to 146 of 261]
291.27880859375 291.502227783203 291.204772949219 291.320556640625 291.202117919922 290.911193847656 290.634948730469 -3.4e+38 -3.4e+38 -3.4e+38 290.897338867188 290.797729492188 290.960174560547 290.716430664062 290.267425537109 290.064117431641 290.109100341797 289.764099121094 289.512603759766 289.469482421875 289.628967285156 289.477020263672 289.362915039062 289.445617675781 288.929931640625 288.836029052734 288.412841796875 288.288330078125 287.836334228516 287.63037109375 287.538299560547 287.854278564453 287.978454589844 288.358337402344 288.677703857422 288.551086425781 288.543762207031 287.603820800781 287.775177001953 287.467926025391 286.845855712891 286.946868896484 286.587677001953 286.316925048828 286.440887451172 286.398040771484 286.677856445312 283.962097167969 265.321014404297
291.202392578125 291.345703125 291.248626708984 291.030517578125 290.736694335938 290.487915039062 290.447998046875 290.711029052734 290.609313964844 290.393981933594 290.448638916016 290.559875488281 290.733489990234 290.463775634766 290.238525390625 290.025329589844 290.309204101562 290.143096923828 289.899200439453 -3.4e+38 289.555877685547 289.205139160156 289.150848388672 289.466918945312 288.994781494141 288.825256347656 288.096618652344 287.966583251953 287.725128173828 287.648071289062 287.477081298828 287.686462402344 287.923614501953 288.159240722656 288.326324462891 288.681640625 288.380493164062 287.715637207031 287.707244873047 287.066925048828 286.825775146484 286.405242919922 286.0166015625 286.298522949219 286.891876220703 286.897796630859 287.123168945312 287.244659423828 273.796875
290.940124511719 291.140289306641 -3.4e+38 -3.4e+38 290.716156005859 290.446838378906 290.440582275391 290.72265625 290.453063964844 290.470794677734 290.434417724609 290.402801513672 290.560363769531 290.303009033203 290.191131591797 289.798431396484 289.993408203125 290.081817626953 289.972625732422 289.845458984375 289.463134765625 288.905914306641 288.855010986328 289.123077392578 289.200073242188 288.911895751953 288.271270751953 287.862396240234 287.686706542969 287.743316650391 287.412872314453 287.573120117188 287.981414794922 287.962615966797 288.198516845703 -3.4e+38 287.972076416016 287.720642089844 287.600280761719 286.462371826172 285.964782714844 285.151458740234 284.911956787109 286.383605957031 286.968048095703 287.190673828125 287.190216064453 287.355224609375 280.760955810547
290.519012451172 290.842071533203 291.066070556641 -3.4e+38 290.883697509766 290.386199951172 290.505889892578 -3.4e+38 289.998382568359 290.413787841797 290.569061279297 290.398681640625 290.449829101562 290.360260009766 290.193298339844 289.690551757812 289.540802001953 289.773681640625 289.891357421875 289.848388671875 289.6435546875 289.229217529297 288.770721435547 288.703308105469 288.893768310547 -3.4e+38 288.515838623047 288.16552734375 -3.4e+38 287.719299316406 287.476867675781 287.484924316406 287.726318359375 287.904998779297 -3.4e+38 -3.4e+38 -3.4e+38 287.422485351562 286.983367919922 286.429565429688 285.775054931641 284.639801025391 285.152648925781 286.633575439453 287.090393066406 287.406677246094 287.690521240234 287.644409179688 284.182495117188
290.491516113281 290.761993408203 291.061737060547 290.981475830078 290.670532226562 290.445007324219 290.452575683594 290.065795898438 289.849975585938 290.299713134766 290.578338623047 290.380157470703 290.105285644531 290.327026367188 290.110046386719 289.680358886719 289.531005859375 289.628387451172 289.816345214844 289.708862304688 289.372314453125 289.106231689453 288.706085205078 288.449279785156 288.385437011719 288.730834960938 288.662048339844 288.243988037109 -3.4e+38 287.699005126953 287.660186767578 287.346038818359 287.347137451172 287.826141357422 288.175018310547 -3.4e+38 288.316619873047 287.349304199219 286.996246337891 286.692779541016 286.472473144531 285.503295898438 285.971221923828 286.775085449219 287.535949707031 287.796478271484 288.112731933594 287.901641845703 286.734527587891
290.558624267578 290.261077880859 290.531341552734 290.950836181641 290.546936035156 290.197631835938 289.970825195312 289.772644042969 289.923767089844 290.155548095703 290.25244140625 290.042266845703 290.133148193359 290.080657958984 290.034881591797 289.635467529297 289.515533447266 289.501800537109 289.811889648438 289.602386474609 288.974945068359 288.776153564453 288.698791503906 288.452514648438 288.069183349609 288.373931884766 288.322570800781 287.951202392578 287.904937744141 287.923217773438 287.786956787109 287.394256591797 287.211151123047 287.632354736328 288.227020263672 -3.4e+38 288.312957763672 287.509979248047 287.434204101562 286.867156982422 286.794738769531 286.373779296875 286.207550048828 287.011138916016 287.726806640625 287.946502685547 287.981781005859 287.870849609375 286.909790039062
290.1689453125 290.086700439453 290.4990234375 290.962341308594 290.615692138672 290.224975585938 289.880065917969 289.834259033203 289.926727294922 290.162139892578 290.178161621094 289.870666503906 289.914184570312 289.881866455078 289.938110351562 289.779174804688 289.459747314453 289.305023193359 289.807220458984 289.629211425781 289.108825683594 288.90380859375 288.716033935547 288.551513671875 287.908050537109 287.843475341797 287.954498291016 287.84375 287.851806640625 287.862213134766 287.656311035156 287.208709716797 287.057525634766 287.184661865234 287.544830322266 288.073486328125 288.123077392578 287.438842773438 287.397186279297 287.049560546875 286.778259277344 286.728088378906 286.640533447266 287.423095703125 287.751708984375 288.046234130859 288.039428710938 287.753173828125 286.893951416016
289.930084228516 289.867248535156 290.241668701172 290.561248779297 290.513031005859 290.185791015625 289.954223632812 289.738464355469 289.841888427734 290.103668212891 290.090148925781 289.781219482422 289.536956787109 289.702392578125 289.724884033203 289.845031738281 289.327606201172 289.120300292969 289.592468261719 289.662048339844 289.143035888672 288.732116699219 288.702362060547 288.529205322266 287.980865478516 287.642547607422 287.446685791016 287.573181152344 287.832214355469 287.665374755859 287.537139892578 287.059112548828 287.114685058594 287.110015869141 287.165283203125 288.026947021484 287.971649169922 287.230773925781 286.934661865234 286.82958984375 286.93017578125 287.369781494141 287.480072021484 287.69287109375 287.882263183594 288.475280761719 288.297760009766 287.759246826172 287.121063232422
290.298767089844 290.102172851562 289.991577148438 290.161865234375 290.257568359375 290.002655029297 289.747955322266 289.243530273438 289.477844238281 290.036834716797 290.036163330078 289.655303955078 289.294219970703 289.485870361328 289.494995117188 289.635070800781 289.122497558594 289.014373779297 289.450378417969 289.543121337891 289.258728027344 288.936279296875 288.893493652344 -3.4e+38 288.284942626953 -3.4e+38 286.537231445312 287.228607177734 287.525085449219 287.433624267578 287.652282714844 287.176513671875 287.043334960938 287.262054443359 287.835723876953 288.154693603516 288.021545410156 287.194122314453 286.770538330078 286.624450683594 286.909149169922 287.505187988281 287.796142578125 287.723480224609 288.226409912109 288.753295898438 288.518218994141 288.092224121094 288.049133300781
290.912048339844 -3.4e+38 -3.4e+38 290.072387695312 289.946899414062 289.913421630859 289.481872558594 289.164794921875 289.502624511719 290.000549316406 289.828857421875 289.246612548828 288.985687255859 289.040588378906 289.292663574219 289.456665039062 -3.4e+38 288.906463623047 289.160247802734 289.566680908203 289.121734619141 288.907928466797 288.711517333984 288.421905517578 287.941558837891 287.406433105469 286.855590820312 286.975494384766 286.963836669922 286.866882324219 286.833343505859 286.935699462891 286.938262939453 287.431030273438 287.492553710938 287.2626953125 287.646942138672 287.023986816406 286.665771484375 286.210083007812 286.673095703125 287.292449951172 287.8857421875 288.033813476562 288.776611328125 288.718231201172 288.746917724609 289.109313964844 289.069793701172
291.422241210938 291.318572998047 290.948486328125 290.248565673828 290.160614013672 290.12109375 289.739959716797 289.418884277344 289.603973388672 289.753601074219 289.787170410156 289.3466796875 288.917602539062 288.707366943359 288.942047119141 289.174011230469 289.086822509766 288.606048583984 287.933959960938 289.220642089844 289.034301757812 288.979553222656 288.684143066406 288.590484619141 288.114532470703 287.789642333984 286.432189941406 285.878082275391 286.395935058594 286.515533447266 286.760955810547 286.607238769531 286.718780517578 287.050323486328 286.978576660156 286.764221191406 287.406188964844 286.989013671875 286.70751953125 286.126922607422 286.539337158203 287.295288085938 287.941680908203 288.300689697266 288.360809326172 288.650543212891 288.659393310547 288.864044189453 289.129730224609
291.675384521484 291.519836425781 291.038909912109 290.813018798828 290.633514404297 290.276824951172 289.942901611328 289.573425292969 289.785339355469 289.714508056641 289.463836669922 289.186309814453 288.879791259766 288.625793457031 288.807220458984 289.034057617188 288.988433837891 288.392120361328 287.697845458984 288.935974121094 288.976654052734 288.927001953125 288.43896484375 288.270751953125 288.14306640625 287.950317382812 284.825775146484 281.054168701172 284.273681640625 286.208374023438 286.917541503906 286.594848632812 286.619018554688 286.898040771484 286.799346923828 286.591278076172 287.325103759766 286.81982421875 286.318267822266 285.969818115234 286.259338378906 287.617828369141 288.058990478516 288.033081054688 287.838195800781 288.466949462891 288.614929199219 288.744903564453 288.92529296875
291.635284423828 291.348022460938 290.939117431641 291.103485107422 290.883605957031 290.599578857422 289.918792724609 289.837860107422 289.986389160156 289.908752441406 289.577911376953 289.244415283203 289.188659667969 288.811614990234 287.958984375 288.559844970703 288.505676269531 288.311614990234 288.226715087891 288.791931152344 288.944274902344 288.937316894531 288.752075195312 288.542175292969 288.220672607422 288.043121337891 281.663360595703 273.998260498047 279.652679443359 285.975646972656 286.588043212891 286.638763427734 286.283538818359 286.892730712891 286.74951171875 286.453979492188 287.183654785156 286.709777832031 285.949615478516 285.698181152344 286.265228271484 287.64794921875 287.971557617188 287.662292480469 287.728607177734 288.027709960938 288.288055419922 -3.4e+38 287.414459228516
291.519989013672 291.273315429688 291.120971679688 291.078796386719 290.812896728516 290.570648193359 290.009124755859 289.983825683594 290.083129882812 290.261108398438 289.897064208984 289.680480957031 289.566192626953 289.137542724609 287.538726806641 288.118377685547 288.325378417969 288.524230957031 288.249572753906 288.544799804688 288.91796875 288.959136962891 289.100372314453 289.022277832031 288.489471435547 287.977325439453 280.020538330078 -3.4e+38 279.417083740234 285.565155029297 286.111022949219 286.29931640625 285.827972412109 286.399719238281 286.618377685547 286.284301757812 287.104156494141 286.466552734375 285.885467529297 285.709777832031 286.880645751953 287.562042236328 287.931793212891 287.687103271484 287.640289306641 287.597442626953 287.965637207031 288.488494873047 287.177276611328
291.934448242188 291.681243896484 291.581634521484 291.268463134766 290.982299804688 290.763153076172 290.345184326172 290.126403808594 290.261169433594 290.172607421875 289.964691162109 289.837341308594 289.409515380859 289.033721923828 288.16162109375 287.880065917969 288.135681152344 288.440155029297 288.186248779297 288.382446289062 288.721496582031 288.816253662109 288.901397705078 288.518585205078 288.466674804688 288.015716552734 276.992919921875 -3.4e+38 280.160583496094 285.249267578125 285.892791748047 285.954345703125 285.830688476562 285.882995605469 286.068572998047 286.146301269531 286.968200683594 286.354400634766 285.980590820312 286.254089355469 287.396881103516 287.857269287109 287.762115478516 287.428375244141 287.47412109375 287.550109863281 287.926116943359 287.959136962891 287.754669189453
-3.4e+38 291.960266113281 291.891754150391 291.469848632812 291.14794921875 291.089691162109 290.878814697266 290.732696533203 290.598083496094 290.103942871094 290.009918212891 290.044891357422 289.621856689453 289.089965820312 288.354644775391 287.736938476562 287.748138427734 287.973846435547 288.032653808594 288.267517089844 288.571044921875 288.6796875 288.663391113281 288.077056884766 288.461059570312 288.22607421875 275.558654785156 -3.4e+38 273.012786865234 285.458740234375 285.976043701172 285.859619140625 285.693908691406 285.509643554688 286.330322265625 286.514831542969 286.830718994141 286.393463134766 286.176605224609 286.713409423828 287.551452636719 287.944183349609 287.306091308594 287.108551025391 287.114318847656 287.136138916016 287.437347412109 287.620574951172 287.520263671875
291.69384765625 291.61767578125 291.662170410156 291.320983886719 291.134674072266 290.895324707031 291.035522460938 290.856597900391 290.352783203125 290.302795410156 290.323211669922 290.207916259766 289.856414794922 289.254699707031 288.323211669922 287.944152832031 287.726165771484 287.861236572266 287.954162597656 288.102752685547 288.184692382812 288.407623291016 288.671264648438 287.990264892578 288.319915771484 288.255523681641 281.752807617188 276.931060791016 277.1142578125 285.968109130859 286.073425292969 285.831695556641 285.619812011719 285.427795410156 286.187683105469 286.404998779297 286.802703857422 286.366912841797 286.13916015625 286.757080078125 287.256683349609 287.503509521484 287.044525146484 286.640197753906 285.898468017578 285.111846923828 286.519348144531 286.684387207031 287.134796142578
291.813507080078 291.82666015625 291.880249023438 291.299224853516 291.128540039062 290.93359375 290.827972412109 290.356170654297 290.059661865234 289.992767333984 289.832122802734 290.09326171875 289.937255859375 289.246429443359 288.592163085938 288.476318359375 288.309509277344 288.179840087891 287.8935546875 287.824951171875 287.780517578125 288.255889892578 288.646942138672 287.894592285156 288.057250976562 288.169067382812 287.130004882812 286.667724609375 285.664489746094 286.542358398438 286.384338378906 286.010955810547 285.797637939453 285.398956298828 285.668823242188 286.047393798828 286.686340332031 286.34033203125 285.965148925781 286.762084960938 286.6611328125 286.026153564453 286.752471923828 286.212646484375 285.727508544922 285.179138183594 286.233459472656 -3.4e+38 285.076873779297
292.168884277344 292.23828125 292.252593994141 291.864440917969 291.536590576172 291.246124267578 290.955627441406 290.724578857422 290.560333251953 289.818054199219 289.584381103516 289.899291992188 289.864410400391 289.168334960938 289.048980712891 288.83642578125 288.758026123047 288.403930664062 287.940582275391 287.768463134766 287.758270263672 288.253509521484 288.519195556641 287.731719970703 287.594421386719 -3.4e+38 288.027374267578 287.686645507812 287.098907470703 286.856262207031 286.830261230469 286.534057617188 285.981628417969 285.288391113281 285.656799316406 286.056335449219 286.628051757812 286.403289794922 285.860778808594 286.433929443359 286.400848388672 285.661407470703 286.109344482422 285.230895996094 285.229309082031 285.066162109375 286.292449951172 285.178466796875 282.834930419922
292.178863525391 292.16650390625 291.774841308594 291.661468505859 291.476745605469 291.214141845703 291.109802246094 291.124877929688 290.993408203125 290.308074951172 289.760589599609 289.802154541016 289.734313964844 289.188568115234 288.977874755859 288.666442871094 288.759216308594 288.617767333984 288.318023681641 287.764221191406 287.748504638672 287.956024169922 288.122161865234 287.727600097656 287.386291503906 287.553619384766 288.212646484375 288.037628173828 287.298858642578 286.788665771484 286.621978759766 286.382476806641 286.084320068359 285.607543945312 285.655487060547 285.892211914062 286.198150634766 286.470855712891 285.788909912109 285.981628417969 286.272094726562 286.191223144531 285.927276611328 285.386016845703 285.402099609375 285.369079589844 286.598815917969 285.864685058594 284.000854492188
291.437927246094 291.331085205078 291.129211425781 291.254089355469 291.095581054688 291.238647460938 291.092956542969 291.089202880859 290.97021484375 290.715454101562 290.815673828125 290.587554931641 290.142211914062 289.671356201172 288.733306884766 288.281005859375 288.207061767578 288.332183837891 288.129364013672 287.878967285156 287.864044189453 287.820434570312 287.722473144531 287.751800537109 287.30810546875 287.037963867188 287.613403320312 287.611633300781 287.216522216797 286.932098388672 287.118469238281 286.748321533203 286.4892578125 286.299499511719 285.835693359375 285.584594726562 285.469818115234 286.239532470703 285.738800048828 285.539855957031 285.746795654297 285.915313720703 285.907562255859 285.091979980469 283.871765136719 286.850738525391 287.411224365234 286.055114746094 287.048034667969
291.262664794922 -3.4e+38 291.120452880859 291.048706054688 290.927215576172 291.329742431641 291.110900878906 291.150726318359 291.076538085938 291.13818359375 291.239349365234 290.831634521484 290.133087158203 289.701324462891 288.780792236328 288.033843994141 288.167449951172 288.554046630859 288.507659912109 288.324432373047 288.207397460938 288.183135986328 287.644989013672 287.579315185547 287.298706054688 286.939239501953 287.363555908203 287.360412597656 287.211059570312 287.077270507812 287.293426513672 287.001892089844 286.353332519531 286.332305908203 285.895599365234 285.259155273438 285.180358886719 285.994781494141 285.752960205078 285.446075439453 285.161376953125 285.580535888672 286.374969482422 285.840393066406 284.3642578125 285.810638427734 287.508331298828 286.099060058594 287.874633789062
