rcp8.5models/MPI_ESM_LR/sc1gr5.38
NCOLS 261 
NROWS 433 
XLLCORNER 336357.134 
YLLCORNER 654653.479 
CELLSIZE 1000 
NODATA_value -3.4e+38 
[rows 286 to 307 of 433, columns 147 to 195 of 261]
266.235229492188 273.351287841797 268.597045898438 260.866455078125 256.994964599609 261.524993896484 270.365600585938 268.178680419922 252.730850219727 249.818923950195 258.849609375 274.555541992188 273.385772705078 271.331604003906 283.916259765625 288.603973388672 289.604248046875 290.225738525391 289.743041992188 288.009796142578 287.856353759766 -3.4e+38 288.333129882812 287.390045166016 286.461212158203 285.727386474609 285.414581298828 285.963470458984 286.412902832031 286.195678710938 281.439636230469 275.111755371094 282.502319335938 283.557525634766 284.557189941406 285.069366455078 283.518859863281 282.833343505859 283.613433837891 281.640625 279.852630615234 283.226348876953 284.607208251953 285.145538330078 284.374725341797 278.986419677734 274.234710693359 278.168670654297 281.777435302734
266.461181640625 273.473663330078 268.785125732422 261.617645263672 261.607788085938 268.829498291016 271.110992431641 269.104766845703 255.498916625977 251.741088867188 263.860260009766 279.213134765625 277.016510009766 276.355834960938 286.296112060547 288.153350830078 289.31591796875 289.963562011719 290.245635986328 290.051818847656 289.424407958984 -3.4e+38 288.216674804688 286.918609619141 285.772125244141 283.166778564453 278.777008056641 280.266937255859 285.649627685547 286.04150390625 279.953948974609 270.38427734375 277.735748291016 282.74267578125 284.300079345703 284.884643554688 284.010772705078 282.105712890625 281.161224365234 280.885040283203 278.591613769531 282.468444824219 284.217926025391 284.890533447266 284.008270263672 279.284332275391 277.200897216797 279.789794921875 280.676177978516
272.404632568359 275.049591064453 267.051483154297 260.366760253906 265.891876220703 273.490753173828 275.298156738281 271.529632568359 257.320343017578 254.513778686523 270.599243164062 279.354034423828 278.570220947266 281.507843017578 286.627990722656 288.049987792969 288.724060058594 289.569885253906 290.257415771484 289.937469482422 289.148498535156 288.746795654297 287.994537353516 286.729858398438 284.618804931641 280.117950439453 275.183227539062 276.830139160156 284.307678222656 285.124145507812 282.199829101562 274.078216552734 270.309997558594 282.606018066406 284.075408935547 284.489807128906 283.947296142578 281.085174560547 277.929931640625 277.762786865234 277.858642578125 283.497863769531 284.144287109375 283.485992431641 283.516204833984 279.724731445312 279.918884277344 280.900970458984 281.423583984375
277.109741210938 275.148345947266 268.743560791016 266.271484375 273.768005371094 -3.4e+38 279.554046630859 275.591888427734 262.145050048828 260.888244628906 275.619323730469 277.819580078125 280.991088867188 285.33154296875 287.378479003906 -3.4e+38 288.768524169922 -3.4e+38 290.202026367188 289.964782714844 288.632781982422 287.876800537109 287.423187255859 285.827545166016 281.937591552734 278.0849609375 276.458251953125 276.606689453125 280.751129150391 284.239501953125 283.406005859375 278.351013183594 271.490783691406 282.641571044922 283.842895507812 284.114929199219 283.879760742188 281.23876953125 276.032653808594 274.782165527344 279.244720458984 283.739135742188 283.030792236328 282.540710449219 283.096282958984 279.373107910156 280.826324462891 281.513885498047 281.553100585938
275.877410888672 271.606536865234 -3.4e+38 281.173248291016 279.783874511719 -3.4e+38 282.999084472656 280.928863525391 276.702819824219 278.725891113281 284.541839599609 284.828704833984 285.263641357422 285.250640869141 288.821502685547 289.059173583984 289.378509521484 289.002349853516 -3.4e+38 -3.4e+38 -3.4e+38 288.721313476562 -3.4e+38 285.231170654297 282.522857666016 280.45361328125 280.394775390625 276.437377929688 273.751739501953 279.018249511719 281.864868164062 282.219604492188 280.320617675781 279.513977050781 281.172424316406 281.208831787109 278.2919921875 278.941192626953 279.892120361328 279.549987792969 279.911590576172 277.252319335938 278.459899902344 280.002227783203 280.394317626953 279.572906494141 280.2763671875 281.739166259766 282.486328125
279.230651855469 277.599426269531 277.782562255859 282.8544921875 -3.4e+38 -3.4e+38 -3.4e+38 -3.4e+38 284.049499511719 -3.4e+38 -3.4e+38 287.153564453125 286.87744140625 286.562866210938 285.771667480469 286.787384033203 288.687591552734 287.92822265625 287.265655517578 -3.4e+38 -3.4e+38 -3.4e+38 287.433135986328 286.040344238281 284.101928710938 282.12158203125 280.943176269531 273.896209716797 272.076721191406 273.800964355469 279.016784667969 281.039978027344 281.426055908203 276.561676025391 279.964324951172 278.303070068359 270.100952148438 271.727600097656 277.827423095703 279.251037597656 279.672821044922 279.664154052734 279.350311279297 280.549285888672 280.717437744141 279.409790039062 279.728790283203 280.837921142578 281.519348144531
-3.4e+38 -3.4e+38 -3.4e+38 -3.4e+38 -3.4e+38 -3.4e+38 -3.4e+38 -3.4e+38 275.397369384766 275.581176757812 282.427856445312 283.982116699219 284.868347167969 283.595642089844 279.123504638672 281.228393554688 287.653472900391 287.721832275391 286.5009765625 286.355194091797 286.118103027344 286.676208496094 287.659729003906 286.71630859375 285.466552734375 283.824554443359 279.753997802734 268.519744873047 264.792816162109 268.467254638672 272.454864501953 279.548217773438 281.873718261719 275.740173339844 279.203918457031 278.049652099609 272.031341552734 272.980163574219 275.842712402344 277.851806640625 279.984680175781 280.490966796875 280.821716308594 281.650146484375 281.336608886719 279.104705810547 279.531463623047 280.312286376953 279.965881347656
-3.4e+38 -3.4e+38 281.257415771484 -3.4e+38 -3.4e+38 -3.4e+38 -3.4e+38 276.881103515625 265.100128173828 263.627685546875 278.341491699219 279.393646240234 276.654968261719 276.344146728516 273.651123046875 278.806701660156 287.414489746094 287.701324462891 286.45703125 285.592529296875 283.304473876953 281.844055175781 287.619140625 286.796875 285.793579101562 283.241302490234 276.935363769531 262.631042480469 250.83659362793 253.969924926758 266.207672119141 275.104431152344 278.943237304688 278.408325195312 278.745849609375 278.924987792969 278.495544433594 278.335754394531 277.247222900391 278.306427001953 279.902679443359 279.904083251953 280.555480957031 281.300720214844 281.591430664062 279.270721435547 280.130401611328 280.874389648438 279.662200927734
-3.4e+38 272.122497558594 280.172088623047 -3.4e+38 -3.4e+38 -3.4e+38 278.155609130859 270.276824951172 257.142028808594 253.09358215332 267.30615234375 280.887268066406 274.069183349609 267.268463134766 270.3974609375 279.527221679688 287.664093017578 287.360015869141 286.480712890625 284.591979980469 280.535125732422 275.816131591797 287.259613037109 286.827789306641 284.577239990234 279.027099609375 271.841979980469 259.567810058594 242.843948364258 240.188034057617 256.645141601562 267.384307861328 273.516754150391 280.009704589844 278.452972412109 278.790222167969 279.405578613281 279.672912597656 279.668853759766 279.216156005859 278.712127685547 279.286102294922 279.673095703125 280.779266357422 281.648895263672 280.505889892578 281.075988769531 281.508758544922 280.430725097656
262.682159423828 269.281372070312 277.607818603516 -3.4e+38 -3.4e+38 -3.4e+38 274.332458496094 262.425140380859 246.00764465332 243.128341674805 258.807556152344 279.916687011719 277.463195800781 267.157531738281 270.393829345703 282.277099609375 287.06005859375 285.536712646484 284.790191650391 283.083801269531 276.776184082031 269.982421875 286.881439208984 286.883209228516 283.646057128906 277.354827880859 271.483123779297 260.077178955078 245.833480834961 237.08805847168 242.676284790039 258.560668945312 268.369476318359 278.872039794922 278.194763183594 278.577514648438 279.099487304688 279.916229248047 280.134460449219 279.365356445312 278.400604248047 279.535034179688 280.119537353516 281.072875976562 281.670379638672 281.984008789062 281.692535400391 281.583831787109 281.517944335938
266.627777099609 270.595367431641 275.504516601562 277.499267578125 -3.4e+38 278.481109619141 272.182708740234 257.027069091797 240.808975219727 240.929290771484 255.49967956543 275.342620849609 278.113220214844 267.294708251953 267.606414794922 283.8818359375 286.008270263672 284.615447998047 283.155181884766 281.098876953125 267.796295166016 262.106506347656 286.172424316406 286.601379394531 283.665252685547 278.082824707031 272.788940429688 261.961700439453 247.086837768555 232.127685546875 230.090896606445 248.151794433594 264.811004638672 276.846343994141 277.410430908203 278.118804931641 278.604888916016 279.149566650391 279.648162841797 279.856536865234 278.973724365234 279.738067626953 280.862396240234 281.609313964844 282.144226074219 283.031219482422 282.270935058594 281.394836425781 281.077819824219
269.575317382812 267.796081542969 268.375671386719 272.927368164062 274.636505126953 267.532928466797 264.838348388672 254.315246582031 241.957717895508 245.824264526367 259.507446289062 275.206359863281 277.468444824219 265.357879638672 263.657775878906 280.866271972656 284.257263183594 282.581207275391 281.204223632812 273.090179443359 258.503051757812 260.112487792969 284.365539550781 286.027526855469 284.156921386719 279.332214355469 272.141510009766 260.593109130859 245.084350585938 229.355865478516 224.363998413086 240.907760620117 258.175659179688 273.282928466797 276.630187988281 278.032623291016 278.742095947266 278.536376953125 279.147857666016 280.216552734375 279.994812011719 280.449188232422 281.725891113281 282.091156005859 282.037872314453 283.087432861328 282.999542236328 282.215423583984 281.784362792969
268.6142578125 264.491973876953 266.877777099609 273.451629638672 264.877288818359 252.566360473633 254.484069824219 252.474655151367 240.343704223633 246.237365722656 265.024688720703 276.631927490234 273.906066894531 265.671905517578 263.628814697266 279.479553222656 282.681732177734 280.383026123047 280.609832763672 269.632843017578 257.57177734375 262.554901123047 282.050201416016 285.467132568359 285.212158203125 282.119903564453 274.165710449219 261.052093505859 244.214309692383 230.482269287109 224.779052734375 233.264617919922 244.858947753906 268.744964599609 274.631683349609 277.892364501953 278.287841796875 277.267425537109 278.179229736328 280.188507080078 280.548858642578 280.863311767578 281.603576660156 282.403167724609 282.001617431641 282.870178222656 283.280120849609 283.160614013672 283.095397949219
264.448394775391 264.502655029297 269.246612548828 267.465850830078 251.994232177734 239.210098266602 243.425842285156 248.10124206543 242.514953613281 245.738464355469 265.691955566406 276.622711181641 270.171203613281 262.722900390625 263.106903076172 279.531066894531 281.828765869141 280.178924560547 281.986206054688 274.786193847656 265.387664794922 265.670715332031 280.391815185547 284.764831542969 285.374084472656 283.005096435547 276.988067626953 266.716552734375 246.331207275391 231.826568603516 225.939804077148 227.899658203125 232.329406738281 262.434265136719 269.265045166016 275.819793701172 277.594970703125 275.860961914062 275.349456787109 278.836395263672 280.429290771484 281.052856445312 281.429901123047 282.412902832031 282.382781982422 282.801330566406 283.063690185547 282.863830566406 282.229095458984
257.409729003906 262.942657470703 268.520721435547 260.982635498047 246.100173950195 233.964721679688 235.580474853516 244.117431640625 248.290557861328 251.808410644531 265.459197998047 275.331237792969 271.392272949219 262.870880126953 265.240661621094 279.271728515625 281.251434326172 280.523101806641 281.144683837891 275.802612304688 272.969512939453 270.580657958984 278.203033447266 280.406219482422 282.850677490234 282.469177246094 277.713134765625 267.908843994141 251.255722045898 235.90803527832 228.859191894531 230.728973388672 226.081466674805 249.591949462891 258.54931640625 268.560791015625 275.467102050781 274.805297851562 273.664428710938 276.165679931641 280.17822265625 281.312164306641 281.167053222656 281.745880126953 282.348754882812 282.565643310547 282.704864501953 281.744934082031 278.599060058594
243.016723632812 249.547912597656 256.884002685547 261.056884765625 252.495712280273 240.705856323242 232.666275024414 234.188949584961 242.185150146484 249.783554077148 262.427001953125 274.841400146484 271.139007568359 271.900238037109 274.344787597656 276.709930419922 273.730072021484 277.636260986328 277.550323486328 264.889404296875 259.9423828125 274.157653808594 268.059509277344 266.369323730469 264.071014404297 271.923767089844 278.778259277344 275.279388427734 261.801330566406 240.566925048828 232.572845458984 234.402679443359 227.752792358398 224.981979370117 239.909210205078 254.088119506836 253.321441650391 259.186126708984 265.818237304688 275.131591796875 275.450927734375 275.662628173828 280.047973632812 281.633209228516 282.065032958984 281.560363769531 282.094116210938 281.793151855469 282.012329101562
240.738815307617 246.847381591797 252.014877319336 254.360626220703 247.482696533203 237.127960205078 228.809112548828 230.254470825195 242.962158203125 253.882583618164 263.116363525391 271.700561523438 266.237243652344 269.685424804688 273.942352294922 274.515167236328 275.186096191406 278.555633544922 277.725250244141 268.174468994141 258.73193359375 268.038208007812 270.618530273438 258.595672607422 248.043182373047 261.195373535156 276.162933349609 277.819061279297 260.734008789062 244.942779541016 241.857025146484 241.750915527344 234.232345581055 219.808074951172 227.605529785156 247.807510375977 248.049377441406 249.332077026367 258.116149902344 267.414001464844 267.947296142578 266.828247070312 275.064910888672 280.323699951172 281.261932373047 281.074676513672 282.054931640625 282.001556396484 282.415954589844
236.19563293457 243.526184082031 246.607711791992 245.968811035156 241.231063842773 231.913497924805 223.550796508789 228.640090942383 243.909469604492 257.855041503906 263.147186279297 270.793060302734 265.661193847656 268.91552734375 270.558044433594 269.442199707031 273.034454345703 273.891235351562 276.177978515625 271.143676757812 260.266082763672 265.236541748047 273.012451171875 258.7275390625 245.40510559082 253.511367797852 269.522888183594 276.984832763672 268.245758056641 257.626068115234 258.510864257812 255.728881835938 242.27734375 222.103744506836 223.615158081055 238.471939086914 239.09375 238.381408691406 249.901184082031 258.290893554688 261.694946289062 260.931640625 266.662414550781 277.825775146484 280.363494873047 280.894226074219 281.734405517578 282.047088623047 282.215942382812
223.025787353516 231.63264465332 237.039657592773 236.103408813477 234.397079467773 230.366806030273 228.601440429688 231.723236083984 243.638565063477 259.654235839844 262.308013916016 270.543334960938 269.388885498047 270.249206542969 267.711853027344 263.685760498047 267.879028320312 267.365814208984 271.386352539062 269.341613769531 262.250396728516 265.774688720703 271.781188964844 258.31982421875 249.577850341797 248.19953918457 259.334442138672 274.008575439453 277.220520019531 269.580596923828 271.704772949219 266.65966796875 251.511276245117 233.563812255859 226.470794677734 229.568099975586 232.158050537109 232.017211914062 245.429092407227 254.988235473633 259.184448242188 258.781555175781 262.989624023438 276.269836425781 279.922027587891 280.866394042969 281.848907470703 282.173583984375 282.178802490234
212.411346435547 222.253387451172 228.319198608398 228.903961181641 232.947509765625 238.447647094727 242.819076538086 242.988754272461 248.396118164062 259.772766113281 257.993591308594 266.959350585938 268.79931640625 271.882110595703 266.4892578125 259.250701904297 261.589508056641 263.360656738281 266.082977294922 265.485778808594 260.594329833984 263.768463134766 270.978668212891 256.739532470703 249.298233032227 246.092254638672 249.583358764648 264.630828857422 274.296691894531 274.884460449219 273.31982421875 266.928375244141 257.000213623047 243.413314819336 231.65803527832 229.624755859375 235.751037597656 235.008102416992 245.719116210938 253.111297607422 255.029312133789 256.862701416016 264.225067138672 273.900024414062 279.688568115234 280.820343017578 281.614959716797 281.463409423828 282.046630859375
206.014617919922 212.899795532227 219.643493652344 225.478500366211 236.166870117188 247.463226318359 251.744033813477 254.472839355469 255.398452758789 257.464508056641 250.429473876953 263.673431396484 265.599060058594 268.478546142578 265.499633789062 255.828994750977 250.783630371094 255.502670288086 259.445465087891 260.364715576172 252.436462402344 256.283813476562 271.381042480469 264.612091064453 252.87190246582 246.255966186523 240.397964477539 250.859573364258 266.539154052734 275.246063232422 270.995208740234 259.915191650391 251.667022705078 241.283737182617 233.433563232422 231.190689086914 239.70393371582 240.807388305664 247.367767333984 249.653381347656 248.736221313477 252.613265991211 262.594909667969 267.304107666016 277.367523193359 280.609680175781 280.841186523438 280.787536621094 281.772979736328
203.347427368164 203.789993286133 212.018814086914 223.966018676758 236.735534667969 245.542510986328 248.480911254883 253.518951416016 258.448608398438 255.529296875 247.724868774414 259.531890869141 265.857604980469 262.301391601562 259.531066894531 249.988723754883 240.967926025391 245.266708374023 248.53678894043 249.433364868164 242.94987487793 244.623184204102 271.1669921875 269.061126708984 258.040466308594 250.143630981445 239.088760375977 242.815841674805 259.322784423828 266.703826904297 266.481140136719 249.360595703125 239.015350341797 231.409896850586 226.91374206543 227.558654785156 240.356491088867 244.759582519531 248.378067016602 248.951965332031 245.178237915039 249.766265869141 260.20361328125 262.566375732422 275.497772216797 280.044219970703 280.165649414062 280.36328125 281.759704589844
