rcp8.5models/MPI_ESM_LR/sc1gr7.18
NCOLS 261 
NROWS 433 
XLLCORNER 336357.134 
YLLCORNER 654653.479 
CELLSIZE 1000 
NODATA_value -3.4e+38 
[rows 396 to 417 of 433, columns 49 to 97 of 261]
-3.4e+38 -3.4e+38 -3.4e+38 -3.4e+38 -3.4e+38 -3.4e+38 -3.4e+38 -3.4e+38 -3.4e+38 66.4429931640625 66.1042251586914 65.7436141967773 65.3717880249023 65.0305557250977 64.6777648925781 64.299934387207 63.9620399475098 63.6597862243652 63.1337089538574 62.8718948364258 62.6455841064453 62.479679107666 62.361759185791 62.247615814209 61.9365463256836 61.6853561401367 61.6221237182617 61.6066703796387 61.3965301513672 61.1480369567871 61.0190887451172 60.8809661865234 60.8397598266602 60.7641525268555 60.7053909301758 60.7322959899902 60.70263671875 60.6550712585449 61.9033126831055 61.5278205871582 60.6515502929688 61.5597839355469 63.1625671386719 63.2271766662598 62.6061210632324 63.4686126708984 63.5419082641602 63.2441024780273 63.3957710266113
-3.4e+38 -3.4e+38 -3.4e+38 -3.4e+38 -3.4e+38 -3.4e+38 -3.4e+38 -3.4e+38 -3.4e+38 66.4670181274414 66.1150665283203 65.8015365600586 65.4264907836914 65.0888977050781 64.7143325805664 64.3596496582031 64.0698089599609 63.7715950012207 63.2043075561523 62.9672508239746 62.7085571289062 62.5258483886719 62.3503036499023 62.2291107177734 61.9781761169434 61.7828674316406 61.6462745666504 61.4952278137207 61.3717651367188 61.1966247558594 61.1234283447266 60.9886894226074 60.8956031799316 60.8141555786133 60.7555313110352 60.7278060913086 60.6929512023926 60.6723976135254 61.0731582641602 60.9512519836426 60.7319374084473 61.4909820556641 63.0946083068848 62.9909286499023 62.0805778503418 62.749568939209 63.3345184326172 63.7750701904297 64.1038513183594
-3.4e+38 -3.4e+38 -3.4e+38 -3.4e+38 -3.4e+38 -3.4e+38 -3.4e+38 -3.4e+38 -3.4e+38 -3.4e+38 66.1721801757812 65.8257446289062 65.4903564453125 65.1487350463867 64.7908630371094 64.4250335693359 64.1280899047852 63.8486175537109 63.3121795654297 63.0690383911133 62.7988319396973 62.5657157897949 62.399471282959 62.2448081970215 62.0399131774902 61.8601303100586 61.8048286437988 61.9175910949707 61.6232147216797 61.2250709533691 61.215690612793 61.089527130127 60.9133110046387 60.8417854309082 60.7940330505371 60.7418899536133 60.6899299621582 60.685115814209 60.7582473754883 60.7295532226562 60.7174606323242 61.4690399169922 62.3822174072266 62.3126792907715 62.0697631835938 62.0804862976074 62.6650657653809 63.6137390136719 63.9881744384766
-3.4e+38 -3.4e+38 -3.4e+38 -3.4e+38 -3.4e+38 -3.4e+38 -3.4e+38 -3.4e+38 -3.4e+38 -3.4e+38 66.114013671875 65.8464431762695 65.5169219970703 65.1869735717773 64.8825607299805 64.5259628295898 64.2300262451172 63.9671516418457 63.4433937072754 63.1707992553711 62.8845329284668 62.6270065307617 62.4619407653809 62.3293380737305 62.1269340515137 61.9623527526855 61.847053527832 61.9020080566406 61.6276741027832 61.3133697509766 61.2360153198242 61.0873870849609 60.9598236083984 60.9253692626953 60.8596649169922 60.7951011657715 60.7480888366699 60.7243728637695 60.7286567687988 60.7639007568359 60.7485771179199 61.4705390930176 62.0885238647461 62.4805145263672 62.6812019348145 62.3302345275879 62.3966865539551 63.4534873962402 64.2571792602539
-3.4e+38 -3.4e+38 -3.4e+38 -3.4e+38 -3.4e+38 -3.4e+38 -3.4e+38 -3.4e+38 -3.4e+38 -3.4e+38 -3.4e+38 65.927619934082 65.6162719726562 65.2798843383789 64.9452896118164 64.5940246582031 64.2751235961914 64.0453262329102 63.4917449951172 63.2286109924316 63.0174942016602 62.7690238952637 62.5091438293457 62.3425254821777 62.181022644043 62.1160507202148 61.860912322998 61.6972694396973 61.5896949768066 61.3348083496094 61.2497215270996 61.1425628662109 61.0837249755859 61.067440032959 60.9470672607422 60.8702583312988 60.8002433776855 60.7619857788086 60.7298240661621 60.7675895690918 60.7684745788574 61.1500701904297 61.5729446411133 62.3201751708984 62.8496780395508 63.1417121887207 62.7869644165039 63.043327331543 64.3403015136719
-3.4e+38 -3.4e+38 -3.4e+38 -3.4e+38 -3.4e+38 -3.4e+38 -3.4e+38 -3.4e+38 -3.4e+38 -3.4e+38 -3.4e+38 66.0715560913086 65.7693939208984 65.3854370117188 64.9825820922852 64.6318206787109 64.3480911254883 64.1220474243164 63.5331268310547 63.3283386230469 63.0953521728516 62.8783531188965 62.6152687072754 62.4803733825684 62.2774391174316 62.2458724975586 62.3930931091309 62.033447265625 61.6698036193848 61.3773155212402 61.3501434326172 61.2649230957031 61.1884880065918 61.2767486572266 61.0705528259277 60.9127807617188 60.8575477600098 60.808780670166 60.7656211853027 60.81201171875 60.8252983093262 60.819522857666 61.4440765380859 62.1063461303711 62.6008148193359 63.641170501709 64.1949081420898 63.4788360595703 63.7249946594238
-3.4e+38 -3.4e+38 -3.4e+38 -3.4e+38 -3.4e+38 -3.4e+38 -3.4e+38 -3.4e+38 -3.4e+38 -3.4e+38 -3.4e+38 66.1845397949219 65.8171920776367 65.4913024902344 65.1043548583984 64.7580337524414 64.5002746582031 64.2268829345703 63.6694984436035 63.4629364013672 63.2221488952637 62.9458160400391 62.7179183959961 62.5733680725098 62.3635406494141 62.2663993835449 62.3867607116699 62.0724220275879 61.9581298828125 61.5135955810547 61.4296417236328 61.3497314453125 61.2848892211914 61.2706336975098 61.0926704406738 60.9682083129883 60.9352035522461 60.9138488769531 60.8368911743164 60.8495140075684 60.8510627746582 61.1277732849121 61.4210395812988 62.0370445251465 62.7607040405273 63.3328285217285 64.1410293579102 63.8927230834961 63.1520729064941
-3.4e+38 -3.4e+38 -3.4e+38 -3.4e+38 -3.4e+38 -3.4e+38 -3.4e+38 -3.4e+38 -3.4e+38 -3.4e+38 -3.4e+38 -3.4e+38 65.9152069091797 65.6166229248047 65.2389907836914 64.8982315063477 64.5963745117188 64.2671432495117 63.7868614196777 63.5254440307617 63.3284950256348 63.0602340698242 62.8271369934082 62.6322441101074 62.5018653869629 62.428108215332 62.2169189453125 62.0215148925781 62.0491256713867 61.6490325927734 61.7606964111328 61.5581130981445 61.3479614257812 61.2181777954102 61.1082763671875 61.0930824279785 61.2280197143555 61.1244773864746 61.0250549316406 61.0139389038086 61.0698699951172 61.9346084594727 61.9814109802246 61.7297286987305 62.0689163208008 62.4588623046875 62.9383316040039 63.6770706176758 63.1739082336426
-3.4e+38 -3.4e+38 -3.4e+38 -3.4e+38 -3.4e+38 -3.4e+38 -3.4e+38 -3.4e+38 -3.4e+38 -3.4e+38 -3.4e+38 -3.4e+38 -3.4e+38 65.6842498779297 65.3320922851562 65.0175857543945 64.6796569824219 64.3699645996094 63.8634986877441 63.6157188415527 63.3837089538574 63.1968383789062 62.9716606140137 62.7655410766602 62.5864791870117 62.5154647827148 62.330940246582 62.2003479003906 62.0574378967285 61.7361030578613 61.8320617675781 61.6041717529297 61.3862380981445 61.3548431396484 61.3761558532715 61.3379707336426 61.3090972900391 61.2188301086426 61.3029823303223 61.3594856262207 61.3466567993164 62.2539596557617 62.4057121276855 62.1469116210938 61.6119079589844 62.016902923584 62.5211219787598 63.190601348877 63.4731788635254
-3.4e+38 -3.4e+38 -3.4e+38 -3.4e+38 -3.4e+38 -3.4e+38 -3.4e+38 -3.4e+38 -3.4e+38 -3.4e+38 -3.4e+38 -3.4e+38 -3.4e+38 -3.4e+38 65.4468383789062 65.1288604736328 64.7923049926758 64.5231399536133 63.9519538879395 63.735034942627 63.4887428283691 63.284008026123 63.0870666503906 62.8758544921875 62.6860046386719 62.5766067504883 62.4169921875 62.3207664489746 62.2771682739258 61.8664741516113 61.8348541259766 61.8636169433594 61.612060546875 61.6509895324707 61.6524047851562 61.3646011352539 61.315845489502 61.2778396606445 61.3607368469238 61.4598999023438 61.3401641845703 62.0054206848145 62.0696907043457 62.3747520446777 62.1705932617188 61.9484901428223 62.5108833312988 62.7060317993164 62.7342262268066
-3.4e+38 -3.4e+38 -3.4e+38 -3.4e+38 -3.4e+38 -3.4e+38 -3.4e+38 -3.4e+38 -3.4e+38 -3.4e+38 -3.4e+38 -3.4e+38 -3.4e+38 -3.4e+38 65.6723937988281 65.405647277832 65.0698623657227 64.7170104980469 64.2042236328125 63.9443283081055 63.7451553344727 63.4805908203125 63.3080749511719 63.1182823181152 62.9650688171387 62.852367401123 62.7442016601562 62.6452369689941 62.5153770446777 62.3604507446289 62.1792449951172 61.991340637207 61.922191619873 61.8285675048828 61.601993560791 61.5085144042969 61.593433380127 61.6092987060547 61.5456161499023 61.4136199951172 61.3356285095215 61.6394195556641 61.719539642334 61.585620880127 62.1164131164551 62.0685119628906 61.5284996032715 61.5181427001953 62.0304107666016
-3.4e+38 -3.4e+38 -3.4e+38 -3.4e+38 -3.4e+38 -3.4e+38 -3.4e+38 -3.4e+38 -3.4e+38 -3.4e+38 -3.4e+38 -3.4e+38 -3.4e+38 -3.4e+38 -3.4e+38 65.5575561523438 65.2204513549805 64.8551635742188 64.2702102661133 64.0645980834961 63.9357528686523 63.6968040466309 63.4848289489746 63.2693328857422 63.1434211730957 62.999195098877 62.8822364807129 62.8287239074707 62.931999206543 62.508861541748 62.4645462036133 62.2764053344727 62.0711631774902 61.9316940307617 61.8966331481934 61.6968879699707 61.7099685668945 61.8614234924316 62.3938369750977 62.3110580444336 61.570240020752 61.5776634216309 61.6442680358887 61.8929176330566 62.4918441772461 62.5995292663574 62.2116508483887 61.9817771911621 61.9705429077148
-3.4e+38 -3.4e+38 -3.4e+38 -3.4e+38 -3.4e+38 -3.4e+38 -3.4e+38 -3.4e+38 -3.4e+38 -3.4e+38 -3.4e+38 -3.4e+38 -3.4e+38 -3.4e+38 -3.4e+38 65.6803970336914 65.4584274291992 65.0820159912109 64.4920120239258 64.2693862915039 64.1390991210938 63.9063682556152 63.6893539428711 63.4961700439453 63.386547088623 63.2153015136719 63.0219459533691 63.1697273254395 63.407341003418 62.9204216003418 62.5772018432617 62.3920249938965 62.2540817260742 62.1495933532715 62.0749473571777 61.8541717529297 61.7824020385742 61.944896697998 62.348030090332 62.4068412780762 61.9697761535645 61.484748840332 61.5320663452148 62.4902076721191 62.8093338012695 62.4706192016602 62.9018974304199 62.86376953125 62.4958953857422
-3.4e+38 -3.4e+38 -3.4e+38 -3.4e+38 -3.4e+38 -3.4e+38 -3.4e+38 -3.4e+38 -3.4e+38 -3.4e+38 -3.4e+38 -3.4e+38 -3.4e+38 -3.4e+38 -3.4e+38 65.8661956787109 65.6849899291992 65.4123916625977 64.7618637084961 64.5911178588867 64.3548126220703 64.0493392944336 63.9437141418457 63.8141326904297 63.5968742370605 63.4271965026855 63.257266998291 63.4678153991699 63.5776329040527 63.3518180847168 62.934326171875 62.5716819763184 62.4390716552734 62.3152618408203 62.210765838623 62.024974822998 61.8835906982422 61.8059158325195 61.7526435852051 61.6805152893066 61.7520141601562 61.4143714904785 61.4610366821289 62.0431632995605 62.5219268798828 62.0530281066895 62.8122825622559 64.5983352661133 64.5214385986328
-3.4e+38 -3.4e+38 -3.4e+38 -3.4e+38 -3.4e+38 -3.4e+38 -3.4e+38 -3.4e+38 -3.4e+38 -3.4e+38 -3.4e+38 -3.4e+38 -3.4e+38 -3.4e+38 -3.4e+38 -3.4e+38 65.8765487670898 65.6692886352539 65.017204284668 64.8546142578125 64.6408462524414 64.3066482543945 64.1132965087891 63.9908256530762 63.7710876464844 63.6960678100586 63.7007026672363 63.697940826416 63.8438186645508 63.528377532959 63.3419952392578 62.9735069274902 62.7265090942383 62.4460868835449 62.3877754211426 62.2209510803223 62.125732421875 62.031982421875 61.828685760498 61.6133499145508 61.4269371032715 61.2979393005371 61.3280067443848 61.3858375549316 61.8055534362793 61.9414367675781 62.1549911499023 63.9794082641602 65.1366119384766
-3.4e+38 -3.4e+38 -3.4e+38 -3.4e+38 -3.4e+38 -3.4e+38 -3.4e+38 -3.4e+38 -3.4e+38 -3.4e+38 -3.4e+38 -3.4e+38 -3.4e+38 -3.4e+38 -3.4e+38 -3.4e+38 -3.4e+38 -3.4e+38 65.3051986694336 65.184196472168 64.9900283813477 64.6778717041016 64.4035034179688 64.196891784668 63.9843215942383 63.9132041931152 64.0539474487305 63.8909111022949 63.9316062927246 63.7640762329102 63.4834365844727 63.3099250793457 63.1695518493652 62.9553146362305 62.6999664306641 62.4341087341309 62.3197288513184 62.1993713378906 61.9310569763184 61.6871109008789 61.4860992431641 61.2897109985352 61.2544784545898 61.6671524047852 62.1927757263184 62.2541580200195 61.7771797180176 62.1731605529785 63.1954002380371
-3.4e+38 -3.4e+38 -3.4e+38 -3.4e+38 -3.4e+38 -3.4e+38 -3.4e+38 -3.4e+38 -3.4e+38 -3.4e+38 -3.4e+38 -3.4e+38 -3.4e+38 -3.4e+38 -3.4e+38 -3.4e+38 -3.4e+38 -3.4e+38 65.5457000732422 65.3811721801758 65.3654861450195 65.1791152954102 64.8773880004883 64.5303344726562 64.2711639404297 64.1547470092773 64.1417541503906 63.9257469177246 63.961254119873 64.1081314086914 63.9132041931152 63.6131439208984 63.317985534668 63.3577117919922 63.2582511901855 62.9053077697754 62.6084136962891 62.3456611633301 62.0578575134277 61.790901184082 61.6305198669434 61.3697357177734 61.2898902893066 61.9596672058105 62.7263565063477 62.2572479248047 61.6257629394531 61.7455215454102 61.8802909851074
-3.4e+38 -3.4e+38 -3.4e+38 -3.4e+38 -3.4e+38 -3.4e+38 -3.4e+38 -3.4e+38 -3.4e+38 -3.4e+38 -3.4e+38 -3.4e+38 -3.4e+38 -3.4e+38 -3.4e+38 -3.4e+38 -3.4e+38 -3.4e+38 -3.4e+38 65.6800003051758 65.6656799316406 65.4833602905273 65.0876693725586 64.7614822387695 64.5465087890625 64.445556640625 64.2924499511719 64.0970764160156 64.0796585083008 64.2215042114258 64.2470626831055 64.0977783203125 63.9704055786133 63.5900573730469 63.4792709350586 63.3506507873535 62.9957046508789 62.6618728637695 62.2954216003418 62.0745735168457 61.9322242736816 61.6190452575684 61.4355354309082 61.6966667175293 61.9893417358398 61.6472396850586 61.4649353027344 61.504695892334 61.5723075866699
-3.4e+38 -3.4e+38 -3.4e+38 -3.4e+38 -3.4e+38 -3.4e+38 -3.4e+38 -3.4e+38 -3.4e+38 -3.4e+38 -3.4e+38 -3.4e+38 -3.4e+38 -3.4e+38 -3.4e+38 -3.4e+38 -3.4e+38 -3.4e+38 -3.4e+38 -3.4e+38 65.9725723266602 65.7306747436523 65.2618179321289 65.0017395019531 64.8239593505859 64.8415679931641 64.6456146240234 64.4851531982422 64.3172302246094 64.302978515625 64.3118591308594 64.251953125 64.5859756469727 64.2161331176758 63.8278884887695 63.6376571655273 63.1610488891602 62.820011138916 62.6755905151367 62.5361137390137 62.194206237793 61.7819938659668 61.5834121704102 61.4798774719238 61.4194183349609 61.4652366638184 61.5517883300781 61.6727714538574 61.7973403930664
-3.4e+38 -3.4e+38 -3.4e+38 -3.4e+38 -3.4e+38 -3.4e+38 -3.4e+38 -3.4e+38 -3.4e+38 -3.4e+38 -3.4e+38 -3.4e+38 -3.4e+38 -3.4e+38 -3.4e+38 -3.4e+38 -3.4e+38 -3.4e+38 -3.4e+38 -3.4e+38 -3.4e+38 65.974723815918 65.5508651733398 65.3141098022461 65.1356582641602 65.5347213745117 65.7040557861328 65.2797775268555 64.8505783081055 64.4575119018555 64.4725570678711 64.2688064575195 64.4602737426758 64.7101440429688 64.4056625366211 63.9877433776855 63.4682159423828 63.0772705078125 62.8950462341309 62.6496391296387 62.4166297912598 61.8947715759277 61.7524337768555 61.6453590393066 61.5494689941406 61.6217193603516 61.8850212097168 62.1014785766602 63.043815612793
-3.4e+38 -3.4e+38 -3.4e+38 -3.4e+38 -3.4e+38 -3.4e+38 -3.4e+38 -3.4e+38 -3.4e+38 -3.4e+38 -3.4e+38 -3.4e+38 -3.4e+38 -3.4e+38 -3.4e+38 -3.4e+38 -3.4e+38 -3.4e+38 -3.4e+38 -3.4e+38 -3.4e+38 -3.4e+38 65.8884887695312 65.7820434570312 65.4705276489258 65.9208297729492 66.5450057983398 66.1244049072266 65.4702072143555 64.9170837402344 64.7444458007812 64.5101165771484 64.4523162841797 64.8195724487305 64.5840530395508 64.1738510131836 63.7879753112793 63.3811378479004 63.0343017578125 62.6884651184082 62.6320724487305 62.3859024047852 62.2050895690918 61.9265403747559 61.6862945556641 61.647762298584 62.100658416748 62.2320938110352 63.3029594421387
-3.4e+38 -3.4e+38 -3.4e+38 -3.4e+38 -3.4e+38 -3.4e+38 -3.4e+38 -3.4e+38 -3.4e+38 -3.4e+38 -3.4e+38 -3.4e+38 -3.4e+38 -3.4e+38 -3.4e+38 -3.4e+38 -3.4e+38 -3.4e+38 -3.4e+38 -3.4e+38 -3.4e+38 -3.4e+38 -3.4e+38 66.1345138549805 65.852294921875 66.1911544799805 66.533317565918 66.1218338012695 65.7599487304688 65.6882781982422 65.264030456543 64.8078002929688 64.7904205322266 65.0101165771484 64.8926467895508 64.5475234985352 64.2887878417969 63.8277320861816 63.2845916748047 63.3363189697266 63.312126159668 62.9137687683105 62.9603004455566 62.3346557617188 61.8557510375977 61.7937850952148 61.9606895446777 61.9310340881348 62.3928375244141
