rcp8.5models/MPI_ESM_LR/sc1gr5.31
NCOLS 261 
NROWS 433 
XLLCORNER 336357.134 
YLLCORNER 654653.479 
CELLSIZE 1000 
NODATA_value -3.4e+38 
[rows 374 to 395 of 433, columns 196 to 244 of 261]
285.713195800781 285.351135253906 285.451965332031 285.752960205078 285.950866699219 286.356903076172 286.236724853516 286.294616699219 286.582885742188 287.127990722656 287.148834228516 287.272338867188 287.756805419922 288.039642333984 288.058441162109 287.934997558594 287.332794189453 287.316253662109 287.827301025391 287.920104980469 288.155944824219 287.566680908203 287.765106201172 288.060546875 288.42041015625 288.549530029297 288.280609130859 288.475646972656 288.557495117188 289.035491943359 289.839172363281 289.851806640625 290.339385986328 290.068206787109 290.003265380859 290.148895263672 290.160522460938 290.205688476562 290.309143066406 289.380706787109 -3.4e+38 -3.4e+38 -3.4e+38 -3.4e+38 -3.4e+38 -3.4e+38 -3.4e+38 -3.4e+38 -3.4e+38
286.070953369141 285.861328125 285.985565185547 286.171875 286.323760986328 286.345520019531 286.330474853516 286.461547851562 286.734680175781 286.949096679688 287.020324707031 287.341125488281 287.776824951172 287.894500732422 287.969390869141 287.644805908203 287.584411621094 287.228454589844 288.198577880859 288.175323486328 288.528656005859 287.896179199219 288.120239257812 288.50634765625 288.667297363281 288.604888916016 287.874114990234 287.962341308594 288.048309326172 288.599548339844 289.595245361328 289.87158203125 290.450378417969 290.395782470703 289.973480224609 289.997436523438 290.110595703125 290.317321777344 -3.4e+38 -3.4e+38 -3.4e+38 -3.4e+38 -3.4e+38 -3.4e+38 -3.4e+38 -3.4e+38 -3.4e+38 -3.4e+38 -3.4e+38
286.237274169922 286.343597412109 286.4130859375 286.371948242188 286.411712646484 286.500366210938 286.505706787109 286.485626220703 286.869812011719 286.990631103516 286.900787353516 287.135162353516 287.650512695312 287.843566894531 287.941314697266 287.640899658203 287.885681152344 287.485687255859 288.31689453125 288.164703369141 288.565185546875 288.153442382812 288.493988037109 288.729675292969 288.79052734375 288.583435058594 288.155639648438 287.939361572266 287.935638427734 288.342346191406 289.150421142578 289.705078125 290.03759765625 290.425079345703 290.209075927734 290.107940673828 -3.4e+38 -3.4e+38 -3.4e+38 -3.4e+38 -3.4e+38 -3.4e+38 -3.4e+38 -3.4e+38 -3.4e+38 -3.4e+38 -3.4e+38 -3.4e+38 -3.4e+38
286.100036621094 286.116149902344 286.332733154297 286.374725341797 286.463989257812 286.539276123047 286.704376220703 286.707061767578 286.990631103516 287.024841308594 287.094421386719 287.106475830078 287.541107177734 287.830810546875 287.996185302734 287.895385742188 288.012420654297 288.190521240234 288.706695556641 288.407104492188 288.838714599609 288.559478759766 288.802825927734 288.942901611328 288.853607177734 288.712951660156 288.590972900391 288.479827880859 288.253326416016 288.480133056641 288.935455322266 289.197875976562 289.568420410156 290.135314941406 -3.4e+38 -3.4e+38 -3.4e+38 -3.4e+38 -3.4e+38 -3.4e+38 -3.4e+38 -3.4e+38 -3.4e+38 -3.4e+38 -3.4e+38 -3.4e+38 -3.4e+38 -3.4e+38 -3.4e+38
285.559997558594 285.789672851562 286.108245849609 286.298492431641 286.449798583984 286.509613037109 286.660949707031 286.822479248047 286.953308105469 286.985992431641 287.334655761719 287.3310546875 287.591857910156 287.946411132812 288.081512451172 288.035003662109 288.129943847656 288.486297607422 288.804443359375 288.693511962891 289.043151855469 288.993743896484 289.066436767578 289.342102050781 289.225524902344 289.228302001953 289.116638183594 288.800537109375 288.631896972656 288.713806152344 289.044372558594 288.937469482422 289.172912597656 289.181030273438 288.568511962891 290.581909179688 -3.4e+38 -3.4e+38 -3.4e+38 -3.4e+38 -3.4e+38 -3.4e+38 -3.4e+38 -3.4e+38 -3.4e+38 -3.4e+38 -3.4e+38 -3.4e+38 -3.4e+38
285.125 285.647674560547 286.095733642578 286.265563964844 286.353546142578 286.392608642578 286.498443603516 286.775604248047 286.862518310547 287.174377441406 287.406494140625 287.732666015625 287.917846679688 288.065368652344 288.100921630859 288.189666748047 288.222442626953 288.333435058594 288.613983154297 288.781799316406 289.218688964844 289.221496582031 289.204956054688 289.448913574219 289.624969482422 289.688507080078 289.448394775391 288.810943603516 288.752258300781 288.808837890625 289.216888427734 288.746734619141 288.352020263672 288.355010986328 -3.4e+38 -3.4e+38 -3.4e+38 -3.4e+38 -3.4e+38 -3.4e+38 -3.4e+38 -3.4e+38 -3.4e+38 -3.4e+38 -3.4e+38 -3.4e+38 -3.4e+38 -3.4e+38 -3.4e+38
284.595489501953 285.577575683594 285.791748046875 285.832855224609 285.147247314453 283.131683349609 285.845550537109 286.543853759766 286.819000244141 287.305328369141 287.4248046875 287.908874511719 288.184265136719 288.138641357422 288.173492431641 288.258544921875 288.262756347656 288.244293212891 288.639251708984 288.982696533203 289.194030761719 289.197509765625 289.189758300781 289.450317382812 289.626312255859 289.770416259766 289.632781982422 289.137115478516 288.990142822266 288.97802734375 289.354309082031 288.766967773438 288.57080078125 -3.4e+38 -3.4e+38 -3.4e+38 -3.4e+38 -3.4e+38 -3.4e+38 -3.4e+38 -3.4e+38 -3.4e+38 -3.4e+38 -3.4e+38 -3.4e+38 -3.4e+38 -3.4e+38 -3.4e+38 -3.4e+38
284.4833984375 285.339447021484 285.345153808594 283.819213867188 277.797698974609 277.063232421875 284.856597900391 286.488250732422 286.754821777344 286.7666015625 287.141326904297 287.578125 287.964630126953 288.057342529297 287.815399169922 287.872161865234 287.641571044922 287.181793212891 288.400054931641 288.812316894531 288.806091308594 289.039520263672 289.095001220703 289.284057617188 289.246917724609 289.758270263672 289.689086914062 289.617858886719 289.449768066406 289.302612304688 289.597869873047 -3.4e+38 -3.4e+38 -3.4e+38 -3.4e+38 -3.4e+38 -3.4e+38 -3.4e+38 -3.4e+38 -3.4e+38 -3.4e+38 -3.4e+38 -3.4e+38 -3.4e+38 -3.4e+38 -3.4e+38 -3.4e+38 -3.4e+38 -3.4e+38
284.418182373047 284.138244628906 284.138092041016 280.683837890625 275.756317138672 279.541595458984 284.773040771484 286.106628417969 285.455810546875 286.127960205078 286.661437988281 287.216186523438 287.568634033203 287.748046875 287.295288085938 287.186859130859 286.442443847656 285.625122070312 288.110473632812 288.004211425781 288.319732666016 289.100555419922 289.086791992188 289.311187744141 289.260467529297 289.286834716797 289.594146728516 289.678314208984 289.704223632812 289.567749023438 -3.4e+38 -3.4e+38 -3.4e+38 -3.4e+38 -3.4e+38 -3.4e+38 -3.4e+38 -3.4e+38 -3.4e+38 -3.4e+38 -3.4e+38 -3.4e+38 -3.4e+38 -3.4e+38 -3.4e+38 -3.4e+38 -3.4e+38 -3.4e+38 -3.4e+38
283.374298095703 283.494659423828 282.853851318359 283.447692871094 284.209259033203 284.593994140625 284.841369628906 285.257537841797 285.249786376953 285.788299560547 286.373596191406 286.812225341797 286.913940429688 286.984619140625 286.938995361328 286.872955322266 286.520812988281 286.748382568359 287.293121337891 287.4765625 288.028656005859 288.321868896484 288.7490234375 289.16552734375 289.487945556641 289.556701660156 289.478546142578 289.461822509766 289.602661132812 289.467834472656 -3.4e+38 -3.4e+38 -3.4e+38 -3.4e+38 -3.4e+38 -3.4e+38 -3.4e+38 -3.4e+38 -3.4e+38 -3.4e+38 -3.4e+38 -3.4e+38 -3.4e+38 -3.4e+38 -3.4e+38 -3.4e+38 -3.4e+38 -3.4e+38 -3.4e+38
284.392517089844 283.989532470703 283.235992431641 284.13623046875 284.187957763672 284.963195800781 285.505096435547 285.202697753906 285.238128662109 285.755981445312 286.241638183594 286.508850097656 286.544464111328 286.925811767578 287.0146484375 287.109008789062 287.497680664062 287.479064941406 287.130462646484 287.191436767578 287.641510009766 288.241485595703 288.751617431641 289.184173583984 289.542297363281 -3.4e+38 -3.4e+38 -3.4e+38 -3.4e+38 -3.4e+38 -3.4e+38 -3.4e+38 -3.4e+38 -3.4e+38 -3.4e+38 -3.4e+38 -3.4e+38 -3.4e+38 -3.4e+38 -3.4e+38 -3.4e+38 -3.4e+38 -3.4e+38 -3.4e+38 -3.4e+38 -3.4e+38 -3.4e+38 -3.4e+38 -3.4e+38
284.814178466797 284.608184814453 284.310241699219 285.113891601562 284.878845214844 285.725341796875 286.090942382812 285.691925048828 285.663116455078 285.915008544922 286.386047363281 286.541564941406 286.414184570312 286.978118896484 287.037292480469 287.278350830078 287.544677734375 287.943603515625 287.532806396484 287.403869628906 287.310333251953 288.282165527344 289.07080078125 289.464202880859 -3.4e+38 -3.4e+38 -3.4e+38 -3.4e+38 -3.4e+38 -3.4e+38 -3.4e+38 -3.4e+38 -3.4e+38 -3.4e+38 -3.4e+38 -3.4e+38 -3.4e+38 -3.4e+38 -3.4e+38 -3.4e+38 -3.4e+38 -3.4e+38 -3.4e+38 -3.4e+38 -3.4e+38 -3.4e+38 -3.4e+38 -3.4e+38 -3.4e+38
285.023162841797 285.270263671875 285.656066894531 285.773712158203 285.649291992188 285.744171142578 286.294281005859 286.191711425781 286.298248291016 286.453033447266 286.772033691406 286.828369140625 286.485900878906 286.676727294922 286.572937011719 286.749114990234 287.119964599609 287.945159912109 288.375549316406 288.412048339844 287.907043457031 288.717864990234 289.120635986328 -3.4e+38 -3.4e+38 -3.4e+38 -3.4e+38 -3.4e+38 -3.4e+38 -3.4e+38 -3.4e+38 -3.4e+38 -3.4e+38 -3.4e+38 -3.4e+38 -3.4e+38 -3.4e+38 -3.4e+38 -3.4e+38 -3.4e+38 -3.4e+38 -3.4e+38 -3.4e+38 -3.4e+38 -3.4e+38 -3.4e+38 -3.4e+38 -3.4e+38 -3.4e+38
283.697387695312 285.756591796875 286.141052246094 286.259826660156 286.063629150391 285.900909423828 286.431945800781 286.545471191406 286.801422119141 286.973114013672 287.011749267578 286.748657226562 286.433166503906 286.482635498047 286.605255126953 286.577880859375 286.968902587891 287.269073486328 288.490600585938 288.982513427734 288.984405517578 289.287322998047 289.263305664062 -3.4e+38 -3.4e+38 -3.4e+38 -3.4e+38 -3.4e+38 -3.4e+38 -3.4e+38 -3.4e+38 -3.4e+38 -3.4e+38 -3.4e+38 -3.4e+38 -3.4e+38 -3.4e+38 -3.4e+38 -3.4e+38 -3.4e+38 -3.4e+38 -3.4e+38 -3.4e+38 -3.4e+38 -3.4e+38 -3.4e+38 -3.4e+38 -3.4e+38 -3.4e+38
284.041259765625 286.121887207031 286.377471923828 286.495422363281 286.353851318359 286.309631347656 286.595611572266 286.949401855469 287.18701171875 287.228881835938 286.977142333984 286.585052490234 286.335510253906 286.492614746094 287.154632568359 287.262939453125 286.897277832031 286.611145019531 288.254486083984 288.729309082031 289.391326904297 -3.4e+38 -3.4e+38 -3.4e+38 -3.4e+38 -3.4e+38 -3.4e+38 -3.4e+38 -3.4e+38 -3.4e+38 -3.4e+38 -3.4e+38 -3.4e+38 -3.4e+38 -3.4e+38 -3.4e+38 -3.4e+38 -3.4e+38 -3.4e+38 -3.4e+38 -3.4e+38 -3.4e+38 -3.4e+38 -3.4e+38 -3.4e+38 -3.4e+38 -3.4e+38 -3.4e+38 -3.4e+38
286.084503173828 286.376708984375 286.679229736328 286.787017822266 286.841583251953 286.745361328125 286.851348876953 287.234130859375 287.559906005859 287.081146240234 286.714202880859 286.688354492188 286.495849609375 286.620086669922 287.225158691406 287.747955322266 287.436584472656 287.284942626953 288.34814453125 288.609008789062 288.753753662109 -3.4e+38 -3.4e+38 -3.4e+38 -3.4e+38 -3.4e+38 -3.4e+38 -3.4e+38 -3.4e+38 -3.4e+38 -3.4e+38 -3.4e+38 -3.4e+38 -3.4e+38 -3.4e+38 -3.4e+38 -3.4e+38 -3.4e+38 -3.4e+38 -3.4e+38 -3.4e+38 -3.4e+38 -3.4e+38 -3.4e+38 -3.4e+38 -3.4e+38 -3.4e+38 -3.4e+38 -3.4e+38
286.477935791016 286.975158691406 287.064270019531 287.105804443359 287.141815185547 286.967620849609 287.007965087891 287.39208984375 287.762634277344 286.898162841797 286.879333496094 287.033996582031 287.191558837891 287.084747314453 287.548126220703 287.990142822266 287.852996826172 288.139312744141 288.706756591797 -3.4e+38 -3.4e+38 -3.4e+38 -3.4e+38 -3.4e+38 -3.4e+38 -3.4e+38 -3.4e+38 -3.4e+38 -3.4e+38 -3.4e+38 -3.4e+38 -3.4e+38 -3.4e+38 -3.4e+38 -3.4e+38 -3.4e+38 -3.4e+38 -3.4e+38 -3.4e+38 -3.4e+38 -3.4e+38 -3.4e+38 -3.4e+38 -3.4e+38 -3.4e+38 -3.4e+38 -3.4e+38 -3.4e+38 -3.4e+38
287.029113769531 287.427062988281 287.376770019531 287.271270751953 287.009704589844 286.6689453125 286.696136474609 287.527893066406 287.950714111328 287.495941162109 287.209106445312 287.474395751953 287.748992919922 287.283081054688 287.866577148438 288.079315185547 288.422607421875 -3.4e+38 -3.4e+38 -3.4e+38 -3.4e+38 -3.4e+38 -3.4e+38 -3.4e+38 -3.4e+38 -3.4e+38 -3.4e+38 -3.4e+38 -3.4e+38 -3.4e+38 -3.4e+38 -3.4e+38 -3.4e+38 -3.4e+38 -3.4e+38 -3.4e+38 -3.4e+38 -3.4e+38 -3.4e+38 -3.4e+38 -3.4e+38 -3.4e+38 -3.4e+38 -3.4e+38 -3.4e+38 -3.4e+38 -3.4e+38 -3.4e+38 -3.4e+38
287.616851806641 287.496948242188 287.464294433594 287.370910644531 286.878692626953 286.389434814453 286.298767089844 287.057525634766 287.848388671875 288.17822265625 287.666076660156 287.775146484375 288.117340087891 287.786987304688 288.059051513672 -3.4e+38 -3.4e+38 -3.4e+38 -3.4e+38 -3.4e+38 -3.4e+38 -3.4e+38 -3.4e+38 -3.4e+38 -3.4e+38 -3.4e+38 -3.4e+38 -3.4e+38 -3.4e+38 -3.4e+38 -3.4e+38 -3.4e+38 -3.4e+38 -3.4e+38 -3.4e+38 -3.4e+38 -3.4e+38 -3.4e+38 -3.4e+38 -3.4e+38 -3.4e+38 -3.4e+38 -3.4e+38 -3.4e+38 -3.4e+38 -3.4e+38 -3.4e+38 -3.4e+38 -3.4e+38
287.705139160156 287.628814697266 287.505249023438 287.341369628906 286.769714355469 286.209442138672 285.983062744141 286.797302246094 286.970916748047 287.882965087891 288.253875732422 288.099456787109 288.557067871094 288.687255859375 288.629821777344 -3.4e+38 -3.4e+38 -3.4e+38 -3.4e+38 -3.4e+38 -3.4e+38 -3.4e+38 -3.4e+38 -3.4e+38 -3.4e+38 -3.4e+38 -3.4e+38 -3.4e+38 -3.4e+38 -3.4e+38 -3.4e+38 -3.4e+38 -3.4e+38 -3.4e+38 -3.4e+38 -3.4e+38 -3.4e+38 -3.4e+38 -3.4e+38 -3.4e+38 -3.4e+38 -3.4e+38 -3.4e+38 -3.4e+38 -3.4e+38 -3.4e+38 -3.4e+38 -3.4e+38 -3.4e+38
287.626739501953 -3.4e+38 -3.4e+38 287.409271240234 286.567199707031 286.196380615234 285.999420166016 287.030059814453 286.696960449219 287.453155517578 288.230407714844 288.399627685547 288.760833740234 288.807708740234 -3.4e+38 -3.4e+38 -3.4e+38 -3.4e+38 -3.4e+38 -3.4e+38 -3.4e+38 -3.4e+38 -3.4e+38 -3.4e+38 -3.4e+38 -3.4e+38 -3.4e+38 -3.4e+38 -3.4e+38 -3.4e+38 -3.4e+38 -3.4e+38 -3.4e+38 -3.4e+38 -3.4e+38 -3.4e+38 -3.4e+38 -3.4e+38 -3.4e+38 -3.4e+38 -3.4e+38 -3.4e+38 -3.4e+38 -3.4e+38 -3.4e+38 -3.4e+38 -3.4e+38 -3.4e+38 -3.4e+38
287.367919921875 287.476013183594 287.459075927734 287.019653320312 286.817291259766 287.092254638672 287.478302001953 287.232452392578 287.981109619141 287.909576416016 288.209136962891 287.838958740234 288.464416503906 -3.4e+38 -3.4e+38 -3.4e+38 -3.4e+38 -3.4e+38 -3.4e+38 -3.4e+38 -3.4e+38 -3.4e+38 -3.4e+38 -3.4e+38 -3.4e+38 -3.4e+38 -3.4e+38 -3.4e+38 -3.4e+38 -3.4e+38 -3.4e+38 -3.4e+38 -3.4e+38 -3.4e+38 -3.4e+38 -3.4e+38 -3.4e+38 -3.4e+38 -3.4e+38 -3.4e+38 -3.4e+38 -3.4e+38 -3.4e+38 -3.4e+38 -3.4e+38 -3.4e+38 -3.4e+38 -3.4e+38 -3.4e+38
