rcp8.5models/MPI_ESM_LR/sc1gr5.8
NCOLS 261 
NROWS 433 
XLLCORNER 336357.134 
YLLCORNER 654653.479 
CELLSIZE 1000 
NODATA_value -3.4e+38 
[rows 264 to 285 of 433, columns 147 to 195 of 261]
264.035247802734 272.977416992188 268.789367675781 262.444946289062 260.83349609375 267.150390625 277.031707763672 280.270751953125 281.083740234375 283.808380126953 285.566436767578 286.669647216797 286.992309570312 287.064849853516 287.025115966797 286.506683349609 286.0634765625 286.176086425781 285.907958984375 285.487579345703 285.400299072266 286.275695800781 285.126312255859 -3.4e+38 -3.4e+38 -3.4e+38 285.01220703125 284.749542236328 284.411315917969 283.846466064453 283.209991455078 283.009552001953 283.831176757812 284.655853271484 284.316467285156 284.600158691406 285.401458740234 286.115783691406 283.960113525391 281.436676025391 285.711212158203 286.266906738281 286.601104736328 287.110656738281 287.890380859375 287.816833496094 287.227844238281 286.791412353516 286.3359375
268.754821777344 271.132965087891 261.599395751953 251.953506469727 251.441299438477 260.137084960938 269.020477294922 276.294708251953 279.884735107422 282.017852783203 284.399200439453 286.294219970703 286.722625732422 286.870269775391 286.649780273438 285.989013671875 285.871887207031 286.270233154297 285.743713378906 285.080291748047 285.493286132812 285.874633789062 285.378479003906 285.573089599609 -3.4e+38 285.196655273438 285.028594970703 284.687927246094 284.164672851562 283.486907958984 282.748931884766 283.0009765625 283.509063720703 284.371002197266 284.495025634766 284.741516113281 285.474700927734 284.342895507812 277.25 274.140380859375 283.33984375 286.385101318359 286.850677490234 287.384216308594 287.783264160156 288.060699462891 287.432281494141 286.8515625 286.249847412109
266.477416992188 257.491302490234 246.999710083008 239.163909912109 237.811569213867 249.730087280273 258.770477294922 270.179840087891 278.077514648438 280.769836425781 281.713165283203 286.423706054688 286.605529785156 286.611175537109 286.319366455078 286.227935791016 286.560638427734 286.374816894531 286.330078125 286.367218017578 286.049072265625 285.519409179688 285.102630615234 285.011322021484 -3.4e+38 284.970031738281 284.291656494141 283.820159912109 283.396087646484 283.378234863281 283.173217773438 282.584045410156 282.847320556641 284.654083251953 284.981750488281 285.087188720703 284.757293701172 285.222564697266 281.544708251953 271.655822753906 273.343200683594 283.173553466797 285.793243408203 285.322723388672 286.735137939453 287.657562255859 287.082946777344 286.668884277344 286.899078369141
261.507263183594 256.535003662109 243.830001831055 232.761657714844 228.184997558594 239.216430664062 248.788604736328 263.124847412109 272.088745117188 277.822875976562 280.358825683594 286.247833251953 286.42236328125 286.497650146484 286.489807128906 286.520385742188 286.385986328125 286.167938232422 286.208404541016 285.978637695312 285.974029541016 285.314178466797 284.636108398438 284.540374755859 285.30517578125 -3.4e+38 284.188781738281 283.874816894531 283.628814697266 283.670013427734 282.998138427734 282.597320556641 282.793579101562 284.092834472656 284.470703125 284.8916015625 284.416076660156 284.7939453125 281.703369140625 270.904876708984 269.571105957031 280.563720703125 285.302337646484 285.217224121094 286.760498046875 287.274108886719 286.60205078125 285.312713623047 286.411224365234
251.156784057617 247.372650146484 241.438140869141 229.497680664062 224.921325683594 232.767288208008 238.455642700195 251.527267456055 262.005676269531 271.911315917969 279.213317871094 285.820495605469 286.234008789062 -3.4e+38 286.585021972656 286.370330810547 284.529968261719 282.796875 285.725219726562 285.348419189453 284.941802978516 284.374633789062 284.291412353516 284.378784179688 284.936462402344 -3.4e+38 284.547943115234 284.390594482422 283.998474121094 283.959625244141 283.238922119141 282.685424804688 282.859924316406 283.966064453125 284.464141845703 284.692962646484 284.366088867188 284.797637939453 283.550659179688 277.941925048828 276.841674804688 282.126068115234 285.079132080078 286.069915771484 286.592132568359 286.966888427734 286.43603515625 285.375549316406 286.470794677734
238.383636474609 228.409042358398 231.099822998047 230.696899414062 233.68815612793 236.944213867188 237.044937133789 240.875503540039 252.022903442383 267.612213134766 277.527526855469 285.434020996094 286.139862060547 286.488800048828 286.385223388672 285.604125976562 282.784393310547 281.540191650391 285.538848876953 285.1435546875 283.669219970703 283.843841552734 284.214691162109 284.463134765625 285.005462646484 285.088989257812 284.790893554688 283.663024902344 282.589569091797 283.529968261719 283.557312011719 282.779266357422 282.785064697266 283.948913574219 284.125305175781 284.190673828125 284.069580078125 284.38623046875 284.745422363281 284.240753173828 283.991424560547 283.838653564453 284.796173095703 285.474365234375 285.561492919922 286.710083007812 285.942687988281 285.994689941406 286.647613525391
224.119400024414 215.382736206055 221.905517578125 235.911926269531 242.766006469727 246.861740112305 246.956832885742 242.808746337891 247.177825927734 262.990509033203 274.771697998047 285.207733154297 285.738952636719 286.341644287109 286.331848144531 285.619384765625 283.990966796875 283.908203125 285.323089599609 284.963256835938 283.761413574219 284.086395263672 284.461029052734 284.541137695312 284.664276123047 284.840759277344 284.680084228516 283.065093994141 281.897918701172 282.58837890625 283.229431152344 282.607482910156 282.80126953125 283.204498291016 283.404693603516 283.757110595703 283.733642578125 283.98046875 284.637054443359 284.834136962891 283.842071533203 283.057586669922 283.779449462891 284.720947265625 285.279266357422 286.083587646484 285.265716552734 285.800476074219 286.761444091797
215.542327880859 216.06608581543 222.964080810547 241.61083984375 246.253265380859 253.889495849609 256.747955322266 254.676239013672 254.805648803711 264.463653564453 276.565124511719 284.749267578125 285.467987060547 286.201477050781 -3.4e+38 285.967651367188 284.355529785156 282.616088867188 285.027954101562 284.819610595703 284.550201416016 284.744476318359 284.820129394531 284.663391113281 284.323577880859 284.71728515625 284.675170898438 284.122009277344 283.441741943359 282.505401611328 282.577392578125 282.452606201172 282.747253417969 282.820739746094 282.809265136719 283.333862304688 283.851776123047 284.236907958984 284.552978515625 284.490447998047 283.463897705078 282.871307373047 283.569183349609 284.823699951172 285.315612792969 285.39892578125 285.296142578125 286.029388427734 286.995269775391
222.480102539062 228.99186706543 235.890228271484 247.436279296875 249.902053833008 257.050872802734 261.25927734375 262.385925292969 265.69677734375 272.669738769531 280.095550537109 284.134887695312 285.666381835938 286.083587646484 286.099975585938 286.005310058594 283.907745361328 281.691711425781 285.283447265625 285.186248779297 285.158386230469 285.446411132812 285.261199951172 284.938018798828 284.394409179688 284.501220703125 284.534118652344 284.649627685547 284.322479248047 283.569610595703 283.210021972656 282.905456542969 282.968902587891 282.847412109375 282.280883789062 283.091613769531 283.869781494141 284.161468505859 284.454132080078 284.189453125 283.264770507812 282.929870605469 283.340911865234 284.089660644531 284.291656494141 284.780792236328 285.404663085938 286.307495117188 286.410675048828
234.974548339844 241.06120300293 248.358352661133 252.942840576172 254.429885864258 258.129119873047 261.876190185547 263.548614501953 270.449615478516 277.902069091797 282.236846923828 284.904846191406 285.848663330078 286.027587890625 286.090850830078 285.984741210938 284.957763671875 -3.4e+38 -3.4e+38 -3.4e+38 -3.4e+38 285.595367431641 285.383361816406 285.008361816406 284.202972412109 283.938446044922 284.151062011719 283.852874755859 283.911346435547 284.024688720703 284.200378417969 283.747161865234 283.338836669922 282.502807617188 281.884826660156 282.434814453125 282.947448730469 283.327239990234 284.124481201172 284.134155273438 283.168243408203 281.743469238281 279.213500976562 278.879516601562 282.494140625 283.982543945312 285.080627441406 286.048767089844 285.402557373047
242.764450073242 247.592422485352 253.124099731445 255.666107177734 255.818145751953 256.056762695312 257.573028564453 262.480499267578 273.971038818359 281.089935302734 283.987274169922 285.600128173828 285.728363037109 285.818542480469 285.801788330078 285.706115722656 285.52294921875 285.119354248047 285.241241455078 285.786010742188 285.319213867188 284.985961914062 285.183685302734 284.859893798828 284.181823730469 283.608001708984 283.638488769531 283.176727294922 282.824157714844 283.086853027344 283.823303222656 283.951080322266 283.532165527344 282.037536621094 280.966125488281 281.542602539062 282.069519042969 282.927337646484 283.935150146484 284.006958007812 283.015625 280.945678710938 276.867797851562 277.175750732422 281.383544921875 283.717956542969 284.896636962891 285.06982421875 284.460296630859
239.836166381836 246.601272583008 249.631790161133 254.561264038086 256.067199707031 253.311859130859 252.055404663086 261.206085205078 274.433319091797 280.983215332031 283.204833984375 284.979919433594 284.981140136719 285.397552490234 285.640502929688 285.679138183594 285.4951171875 284.857574462891 284.146484375 284.483215332031 284.283996582031 283.899047851562 284.782196044922 284.598937988281 284.111175537109 283.332672119141 283.071655273438 283.184753417969 282.807861328125 282.651031494141 282.838775634766 283.435211181641 283.579071044922 282.003509521484 280.703948974609 281.461181640625 282.311492919922 282.978088378906 283.545654296875 283.515014648438 283.252716064453 281.36083984375 278.487091064453 279.538299560547 282.105316162109 284.566558837891 284.862884521484 284.463470458984 284.853881835938
229.548812866211 236.914978027344 242.725509643555 251.456573486328 253.447189331055 248.683944702148 247.418685913086 257.465148925781 269.260559082031 275.817413330078 277.362335205078 279.406188964844 278.145690917969 284.857696533203 285.689086914062 285.669860839844 285.542633056641 284.876678466797 283.790130615234 284.082611083984 284.004302978516 283.563018798828 284.070434570312 284.402984619141 284.030548095703 283.170471191406 282.737762451172 282.902130126953 282.703491210938 282.305847167969 281.915954589844 282.803894042969 283.360107421875 282.053039550781 280.154937744141 279.105682373047 281.689514160156 282.882415771484 282.543151855469 282.529663085938 283.240814208984 282.531127929688 280.443603515625 279.824066162109 282.610290527344 284.580780029297 284.309173583984 284.972259521484 285.643463134766
219.444854736328 231.445510864258 243.389251708984 249.706893920898 247.896331787109 242.230102539062 242.919921875 251.363128662109 260.498596191406 265.148895263672 269.363647460938 274.829071044922 273.378479003906 283.837677001953 285.510925292969 285.495941162109 285.478485107422 285.307098388672 284.632019042969 -3.4e+38 284.239471435547 283.748138427734 283.87158203125 284.047882080078 284.048614501953 283.140594482422 282.369750976562 282.3232421875 282.189483642578 282.093933105469 282.008728027344 282.520050048828 282.956970214844 281.731201171875 280.167816162109 279.314025878906 281.199615478516 281.183807373047 281.422088623047 281.930114746094 282.945129394531 283.161590576172 281.808013916016 280.187591552734 280.670013427734 283.639495849609 283.653717041016 284.887573242188 286.069732666016
215.072692871094 232.181793212891 243.278778076172 241.782669067383 238.488327026367 236.683715820312 236.499954223633 240.506378173828 242.339630126953 240.671478271484 251.335952758789 268.555358886719 275.875366210938 283.22314453125 285.087646484375 285.464294433594 285.335083007812 285.147552490234 285.341278076172 285.128173828125 284.765167236328 284.371643066406 283.494415283203 283.554870605469 283.473937988281 282.996948242188 282.440063476562 281.702453613281 281.332153320312 281.665313720703 281.638458251953 281.609832763672 281.901000976562 281.8056640625 280.312377929688 281.41162109375 280.990234375 279.376037597656 280.362243652344 281.185119628906 282.404876708984 282.915191650391 282.672607421875 281.344665527344 275.961090087891 258.562866210938 268.532531738281 282.652404785156 285.370422363281
223.840194702148 233.807876586914 245.590911865234 245.371444702148 244.225555419922 243.573547363281 240.423812866211 241.949798583984 243.779693603516 244.758071899414 247.573455810547 268.287933349609 279.167907714844 283.343841552734 284.997894287109 285.42333984375 285.499145507812 285.368286132812 285.299102783203 284.970764160156 -3.4e+38 284.364135742188 283.746734619141 283.517700195312 283.108093261719 282.412963867188 281.926940917969 281.4833984375 281.232421875 280.939758300781 280.708160400391 280.125946044922 280.321228027344 281.874298095703 280.236572265625 280.608215332031 280.722076416016 279.692718505859 278.664886474609 279.738677978516 282.223083496094 282.325836181641 281.837585449219 280.967224121094 276.9169921875 253.545944213867 264.955108642578 283.085998535156 285.060668945312
235.179931640625 239.545166015625 249.372146606445 251.969528198242 248.894149780273 245.158706665039 242.221343994141 243.277465820312 241.829483032227 244.368530273438 243.569152832031 266.15625 279.40380859375 283.001068115234 284.650970458984 285.194427490234 285.597229003906 285.357757568359 284.639007568359 284.34912109375 -3.4e+38 284.049530029297 283.413970947266 282.915069580078 282.680145263672 282.282379150391 281.769744873047 281.417510986328 280.851715087891 280.364410400391 279.714691162109 279.291717529297 279.876617431641 281.875549316406 280.460144042969 279.589019775391 279.831970214844 279.320983886719 278.68701171875 279.606414794922 282.13671875 282.187164306641 281.322448730469 280.845336914062 278.747619628906 258.988006591797 264.140350341797 282.703430175781 284.395050048828
241.617980957031 247.892196655273 254.936935424805 254.506790161133 250.477325439453 245.070999145508 242.972396850586 244.951110839844 237.122024536133 239.031448364258 236.365142822266 263.700836181641 276.5078125 282.003112792969 284.262237548828 284.936950683594 285.393615722656 285.071990966797 284.701751708984 284.403350830078 283.868621826172 283.63232421875 283.065795898438 282.94091796875 282.972808837891 282.677581787109 281.866607666016 281.199371337891 280.464324951172 280.146942138672 279.447601318359 279.506225585938 280.234375 281.639923095703 280.713439941406 279.502197265625 279.601379394531 279.944000244141 280.684753417969 281.26904296875 282.002716064453 281.965240478516 281.310394287109 280.620147705078 278.331176757812 266.350799560547 266.189483642578 282.105010986328 283.887268066406
246.043960571289 255.731384277344 258.585418701172 255.193283081055 249.860397338867 243.121826171875 246.526229858398 248.436553955078 238.034393310547 239.087646484375 239.076370239258 263.111755371094 274.366394042969 279.343017578125 283.659790039062 284.5380859375 285.054412841797 284.957489013672 285.025146484375 284.710266113281 284.105224609375 283.782867431641 283.130676269531 282.388397216797 280.842254638672 282.019348144531 282.198089599609 280.749664306641 279.777984619141 280.391296386719 279.847015380859 279.467590332031 280.164642333984 281.407836914062 281.235809326172 280.158599853516 279.780303955078 279.973083496094 280.970520019531 281.082000732422 281.261932373047 281.697235107422 281.349212646484 278.027069091797 270.056854248047 270.57568359375 274.652709960938 282.688659667969 283.633728027344
247.252365112305 259.450836181641 260.733154296875 254.704513549805 246.587646484375 242.03874206543 251.824020385742 252.711639404297 241.650619506836 240.817489624023 244.597518920898 260.077850341797 272.108581542969 275.2666015625 282.216674804688 284.290832519531 284.914886474609 285.035766601562 285.069427490234 284.518218994141 -3.4e+38 -3.4e+38 283.217498779297 282.226593017578 280.442565917969 281.471069335938 282.055999755859 281.317230224609 280.423675537109 280.561584472656 279.343566894531 279.411987304688 279.991333007812 280.832946777344 281.063171386719 279.672119140625 278.364349365234 279.947357177734 280.590728759766 280.424285888672 280.384674072266 281.305206298828 281.236480712891 275.78564453125 264.758270263672 274.810852050781 277.7421875 280.872161865234 283.407165527344
247.215179443359 260.582489013672 260.1953125 253.18376159668 246.291442871094 246.233032226562 256.32763671875 255.96272277832 241.995040893555 240.138168334961 248.617568969727 256.042449951172 269.110717773438 272.623809814453 280.749938964844 283.823669433594 284.819519042969 285.083648681641 283.714233398438 280.937774658203 281.988250732422 283.734588623047 283.345733642578 283.057556152344 282.305694580078 281.721588134766 281.562408447266 -3.4e+38 281.416687011719 280.536499023438 279.024871826172 278.932189941406 279.626770019531 280.098663330078 280.649108886719 278.953094482422 276.26416015625 279.324371337891 280.175964355469 279.727142333984 279.483703613281 280.897888183594 281.23046875 277.338897705078 270.984710693359 276.44873046875 272.173095703125 274.134307861328 282.236480712891
253.825302124023 264.056854248047 259.279144287109 251.619857788086 246.803970336914 250.089569091797 260.767883300781 258.958282470703 242.991394042969 241.629501342773 251.497116088867 258.531890869141 266.211761474609 267.423309326172 277.873413085938 282.926727294922 284.388977050781 284.875396728516 282.917907714844 278.978546142578 280.626892089844 282.609069824219 -3.4e+38 282.584289550781 281.781524658203 281.200927734375 281.057067871094 281.380584716797 -3.4e+38 280.644378662109 279.324554443359 277.739440917969 278.774993896484 279.135620117188 280.083312988281 279.524841308594 276.989562988281 278.170654296875 279.620574951172 278.491302490234 277.692810058594 279.943634033203 280.940673828125 279.587005615234 277.877655029297 275.646453857422 269.020202636719 271.553924560547 280.788665771484
