rcp8.5models/MPI_ESM_LR/sc1gr0.10
NCOLS 261 
NROWS 433 
XLLCORNER 336357.134 
YLLCORNER 654653.479 
CELLSIZE 1000 
NODATA_value -3.4e+38 
[rows 286 to 307 of 433, columns 98 to 146 of 261]
87.6928558349609 87.8886566162109 88.1380767822266 88.1285629272461 88.0967254638672 88.3226776123047 88.5022125244141 88.4936599731445 88.4034805297852 88.6197891235352 89.0619430541992 89.5912704467773 90.1655960083008 90.3955612182617 90.2571411132812 90.3063659667969 90.1273651123047 90.1900024414062 90.3357925415039 90.2094268798828 90.1595611572266 90.6230926513672 91.459831237793 91.9994201660156 92.2178039550781 92.3894958496094 91.9009628295898 91.6850204467773 91.6456069946289 91.6074295043945 91.4476318359375 91.2742691040039 91.5557708740234 91.7263641357422 91.9265365600586 91.6943283081055 91.2449951171875 -3.4e+38 -3.4e+38 91.8166809082031 91.7669372558594 -3.4e+38 -3.4e+38 92.1018524169922 92.783821105957 93.6762847900391 94.0865249633789 94.0841827392578 93.7725601196289
88.2867202758789 88.3053436279297 88.3257904052734 88.1867599487305 88.1545791625977 88.2914352416992 88.3808288574219 88.3760681152344 88.4909057617188 88.5353164672852 88.5645217895508 89.0174179077148 89.8276596069336 90.318359375 90.3369293212891 90.4439239501953 90.3034439086914 90.3730697631836 90.4613418579102 90.4356918334961 90.2641830444336 90.6451110839844 91.6022567749023 92.1900482177734 92.2382278442383 92.2916259765625 92.3855209350586 92.3388214111328 92.377082824707 92.2734222412109 91.7917633056641 91.6380844116211 91.731071472168 91.5629959106445 91.4874496459961 91.3662338256836 91.3391876220703 91.3456497192383 91.53515625 -3.4e+38 92.3878402709961 91.7573394775391 91.5893020629883 92.4812164306641 93.0373382568359 93.7720489501953 93.8982925415039 93.8887481689453 93.7503662109375
88.3201522827148 88.4752197265625 88.4955215454102 88.0694046020508 88.070915222168 88.1808013916016 88.2214126586914 88.3220291137695 88.5585784912109 88.5425262451172 88.4987487792969 88.8145980834961 89.3098449707031 89.8981552124023 90.3127670288086 90.4286117553711 90.6343460083008 90.4526748657227 90.4221878051758 90.6001510620117 90.4039077758789 90.3996276855469 91.1063766479492 92.1046524047852 92.141357421875 92.1641235351562 92.5694122314453 92.5918502807617 92.6115951538086 92.6004943847656 92.3455581665039 92.0744705200195 91.761589050293 91.5496826171875 91.3561401367188 91.4869384765625 91.6792068481445 92.0509948730469 92.1510620117188 91.9457473754883 92.6651153564453 92.8855285644531 91.8837738037109 91.7358627319336 92.7550430297852 93.4649505615234 92.9436874389648 93.4988861083984 93.0937118530273
88.0738372802734 88.2953643798828 88.3556976318359 87.9930725097656 87.9428253173828 87.9933090209961 88.0945434570312 88.1872940063477 88.3865661621094 88.7442321777344 89.0683975219727 89.1845474243164 89.5001525878906 89.8478927612305 90.3208847045898 90.5555419921875 90.6555938720703 90.3832015991211 90.3777389526367 90.519660949707 90.5310745239258 90.3815765380859 90.6942672729492 91.7987594604492 92.2035064697266 92.2263488769531 92.4740753173828 92.5912246704102 92.6555252075195 92.7316513061523 92.7867584228516 92.6031723022461 92.3366088867188 92.1800994873047 91.839241027832 91.7220077514648 91.9849853515625 92.3415145874023 92.3023376464844 91.9921264648438 92.3558807373047 93.230583190918 -3.4e+38 91.6118850708008 92.0225830078125 92.8344039916992 92.0092468261719 92.5660781860352 92.5583419799805
88.2292327880859 88.1763381958008 88.1454544067383 88.2716827392578 88.2253494262695 88.0213928222656 88.1710891723633 88.2603454589844 88.2730331420898 88.5813369750977 89.1204605102539 89.5640411376953 89.7557678222656 90.2372589111328 90.3205261230469 90.5317916870117 90.5550765991211 90.5759429931641 90.4410629272461 90.3822555541992 90.4155197143555 90.4286956787109 90.6481857299805 91.0700073242188 91.588737487793 92.0088119506836 92.5298080444336 92.6450805664062 92.6756896972656 92.7760772705078 92.7594299316406 92.579345703125 92.7353897094727 93.0221481323242 93.1897201538086 93.0607833862305 92.5695724487305 92.884407043457 93.140380859375 93.1435165405273 92.9905548095703 93.2404098510742 93.3472900390625 92.0344924926758 -3.4e+38 91.8835754394531 91.2530975341797 91.0189437866211 91.3358688354492
88.8564758300781 88.4688186645508 88.3882675170898 88.3593597412109 88.1802215576172 88.0808029174805 88.1680679321289 88.3116683959961 88.2928848266602 88.4065780639648 88.6763000488281 89.3943023681641 89.9795455932617 90.2015838623047 90.4568786621094 90.5794982910156 90.6239624023438 90.6535797119141 90.5112380981445 90.4295959472656 90.4980850219727 90.4460678100586 90.7513732910156 91.2063751220703 91.5144805908203 91.8473358154297 92.6157913208008 92.6078720092773 92.5808792114258 92.7422637939453 92.8803863525391 92.5890579223633 92.3821334838867 92.4984359741211 92.9765319824219 93.346076965332 93.2000427246094 92.9603500366211 93.2132568359375 93.2978591918945 93.2082138061523 93.3670272827148 93.3702239990234 91.9377746582031 90.317024230957 90.1967620849609 89.6992874145508 89.7208023071289 90.8841094970703
89.2644195556641 89.0461349487305 88.8308639526367 88.8365936279297 88.44091796875 88.1873550415039 88.3141098022461 88.3555221557617 88.30810546875 88.3127136230469 88.4433898925781 89.2422485351562 90.0445175170898 90.0467529296875 90.7555770874023 90.7791366577148 90.5785293579102 90.6136627197266 90.54443359375 90.631462097168 90.727897644043 90.5539321899414 90.7232360839844 91.3055191040039 91.6352615356445 91.7245635986328 92.3880233764648 92.5968551635742 92.7342758178711 92.8537673950195 92.9165115356445 92.7526931762695 92.409797668457 92.3189010620117 92.761604309082 93.2898178100586 -3.4e+38 93.053840637207 92.9719467163086 93.0781784057617 93.5154647827148 93.7202453613281 93.8603439331055 93.1037445068359 91.5731048583984 90.2821731567383 -3.4e+38 -3.4e+38 -3.4e+38
88.829948425293 89.0216064453125 88.8050308227539 88.6018142700195 88.2307357788086 88.1438140869141 88.2698287963867 88.3479385375977 88.43896484375 88.5503692626953 88.4727249145508 88.8017349243164 89.4365844726562 89.5674438476562 90.9730911254883 90.9889068603516 90.7000961303711 90.7629165649414 90.4650268554688 90.5072326660156 90.6287460327148 90.6288146972656 90.8744812011719 91.5171890258789 91.8288269042969 91.8085098266602 92.1821746826172 92.6057510375977 92.7741851806641 92.726448059082 92.6868209838867 92.9376525878906 92.8029479980469 92.7955780029297 92.9619064331055 93.2825164794922 93.4782104492188 93.0679092407227 93.0344924926758 93.2486572265625 93.7493209838867 94.0060958862305 94.1250610351562 93.9531631469727 93.3813705444336 92.8215789794922 91.6247100830078 90.3334121704102 -3.4e+38
87.8368225097656 88.1853179931641 88.0950927734375 88.136100769043 88.0142364501953 88.0557403564453 88.1265106201172 88.2400817871094 88.4049911499023 88.5614471435547 88.5413818359375 88.5998840332031 88.8035507202148 89.0595474243164 90.7059097290039 90.9072875976562 90.5297241210938 90.5951538085938 90.2479019165039 90.3486328125 90.6037139892578 90.8808441162109 91.2810974121094 91.7641372680664 92.0908660888672 92.0590515136719 92.162971496582 92.5530319213867 92.6959838867188 92.6410064697266 92.5391235351562 92.758056640625 93.0283508300781 93.1473999023438 93.2473983764648 93.4272232055664 93.4894638061523 93.1320343017578 93.4220428466797 93.5520706176758 93.7905654907227 94.1154403686523 93.8942260742188 93.4128036499023 93.5477600097656 94.1455612182617 93.7785263061523 91.8347778320312 91.6033401489258
87.6541976928711 87.9949798583984 88.19482421875 88.3154830932617 88.3438720703125 88.1537399291992 88.1364593505859 88.2675018310547 88.386344909668 88.4246368408203 88.5965881347656 88.7091293334961 88.5743179321289 88.894287109375 90.3933181762695 90.7917709350586 90.2284774780273 90.2742233276367 90.2614440917969 90.4204559326172 90.9033279418945 91.3341217041016 91.677131652832 92.0253601074219 92.1902923583984 92.2341232299805 92.3284606933594 92.5239944458008 92.7229690551758 92.725959777832 92.3805847167969 92.2162475585938 92.6816329956055 93.1436157226562 93.353889465332 93.4361267089844 93.3966751098633 93.3954696655273 93.7514343261719 93.775764465332 93.8548583984375 94.0751266479492 93.6365966796875 92.6808700561523 92.9053039550781 93.8806076049805 93.9194717407227 91.9878463745117 91.8089294433594
87.8468170166016 88.2876510620117 88.9373550415039 89.0555191040039 88.7871627807617 88.2729339599609 88.0978851318359 88.2583770751953 88.3744583129883 88.4897003173828 88.8687210083008 89.1619110107422 89.1016311645508 89.3772964477539 90.6724090576172 90.8320846557617 90.2687301635742 90.1877822875977 90.2986450195312 90.5714111328125 91.2470397949219 91.7431716918945 91.9447021484375 92.1491928100586 92.2111587524414 92.3334121704102 92.5239944458008 92.6331634521484 92.7317733764648 92.7167587280273 92.2022933959961 91.8880386352539 92.1870727539062 93.000732421875 93.3757247924805 93.3919525146484 93.2314987182617 93.6544036865234 93.8423690795898 93.7848892211914 93.9038314819336 94.0501022338867 93.6696853637695 92.9211883544922 92.9683303833008 93.9030151367188 93.8278961181641 91.8916244506836 91.6335067749023
87.8560180664062 88.4637298583984 89.3670120239258 89.5601272583008 88.9281311035156 88.0958023071289 87.967399597168 88.1176223754883 88.2567901611328 88.3497085571289 88.7602157592773 89.6222076416016 90.0294952392578 90.0572128295898 90.8780975341797 90.7608871459961 90.3842239379883 90.2127380371094 90.2735214233398 90.7326202392578 91.4812698364258 91.9781799316406 92.0151443481445 91.9449310302734 92.0937881469727 92.3758087158203 92.4367904663086 92.6205520629883 92.7642211914062 92.7297286987305 92.2437133789062 91.7509613037109 91.7295608520508 92.4028930664062 93.2654190063477 93.3997039794922 93.3885345458984 93.7695770263672 93.7453155517578 93.6181488037109 93.6117553710938 93.8389663696289 93.7215194702148 93.2704925537109 93.3207702636719 94.1136093139648 93.7695007324219 91.7842483520508 91.8143310546875
88.2289886474609 88.6563034057617 89.2825012207031 89.4165267944336 88.8434982299805 88.1924896240234 87.9734573364258 88.058235168457 88.3424987792969 88.7212066650391 89.2052917480469 89.8584442138672 90.5927886962891 90.5501403808594 91.0581970214844 90.9950561523438 90.722900390625 90.3872222900391 90.4237442016602 90.7552795410156 91.3642120361328 91.6476440429688 91.9037857055664 91.9458084106445 92.0953369140625 92.375862121582 92.3931274414062 92.5391540527344 92.6649398803711 92.6143493652344 92.2653274536133 91.6194152832031 91.3885116577148 91.9322052001953 92.8834686279297 93.3178634643555 93.5497741699219 93.8110733032227 93.7728652954102 93.7291946411133 93.6488571166992 93.7857894897461 94.020751953125 93.8940963745117 94.0091781616211 94.1803131103516 93.2796173095703 91.507209777832 92.8403244018555
88.1009902954102 88.6514358520508 89.2509536743164 89.5005111694336 89.3989715576172 89.1529846191406 88.6104507446289 88.4114379882812 88.9797286987305 89.9256896972656 90.1777191162109 90.2681350708008 90.7116622924805 90.7019577026367 91.2174072265625 91.1452407836914 90.8155288696289 90.5383911132812 90.6429443359375 90.7961883544922 91.2716979980469 91.5557174682617 91.8571472167969 92.0025405883789 92.0378723144531 92.1809310913086 92.3911972045898 92.5064468383789 92.4889984130859 92.33740234375 92.0334167480469 91.4142608642578 91.2029876708984 91.9025421142578 92.5154800415039 92.8123092651367 93.0602264404297 93.5580978393555 93.6859130859375 93.6851577758789 93.5994110107422 93.9188842773438 94.2402114868164 94.2915496826172 94.1385192871094 93.5097503662109 92.36279296875 92.2086029052734 93.837272644043
88.3314514160156 89.0708618164062 89.4860763549805 89.8498611450195 89.9025344848633 89.9203567504883 89.6726989746094 89.3380661010742 89.4371795654297 90.2748794555664 90.6526031494141 90.5239791870117 90.5747680664062 90.7963104248047 91.1592178344727 91.0680999755859 90.731315612793 90.6158218383789 90.8664169311523 90.9562377929688 91.084228515625 91.6125106811523 91.9202194213867 91.9006729125977 91.8494033813477 91.985466003418 92.2911071777344 92.5060348510742 92.520149230957 92.1325454711914 91.6429595947266 91.1853103637695 91.0625915527344 91.773323059082 92.0809631347656 91.9202041625977 92.2163543701172 93.0947799682617 93.2984771728516 93.3294448852539 93.2886734008789 93.5785064697266 94.0400619506836 94.1278305053711 93.6368103027344 93.2617721557617 93.2344284057617 93.7238845825195 94.4248123168945
89.2942733764648 89.524658203125 89.7242126464844 89.83251953125 89.8714752197266 89.9629974365234 90.0752792358398 90.2310028076172 90.3035202026367 90.2993392944336 90.4729461669922 90.6214981079102 90.6868438720703 90.8829116821289 90.9194564819336 91.099494934082 90.741081237793 90.48974609375 90.9627075195312 91.4928665161133 91.6282119750977 91.7371368408203 91.8844146728516 91.9003982543945 92.0505905151367 92.2520980834961 91.8503952026367 91.7601776123047 91.8926315307617 91.9065017700195 91.6894302368164 91.2869720458984 90.8169097900391 90.7005233764648 90.5205230712891 90.4213943481445 90.9252014160156 92.0121002197266 92.4289932250977 92.3688735961914 92.3092575073242 92.6193313598633 93.4172821044922 94.1946563720703 94.193603515625 94.5457382202148 94.3967514038086 93.9492111206055 93.6425628662109
88.7963256835938 89.1855697631836 89.5444564819336 89.8412017822266 89.8651809692383 90.041145324707 90.1557006835938 90.1821594238281 90.2430648803711 90.3397445678711 90.4048538208008 90.4604644775391 90.5873413085938 90.8121871948242 90.9994049072266 90.9873199462891 90.5379638671875 90.6653518676758 91.0763854980469 91.5731430053711 91.6544494628906 91.716682434082 91.8700637817383 91.8131484985352 91.8076324462891 92.0165328979492 91.9800033569336 91.8560562133789 91.702880859375 91.3342590332031 91.1893310546875 91.2164459228516 90.7914886474609 90.2859954833984 89.9065475463867 89.7673187255859 90.434814453125 91.5301513671875 91.6896591186523 91.7446670532227 91.6095428466797 91.8704528808594 92.9944610595703 94.1533432006836 94.3606338500977 94.2701950073242 93.8165969848633 93.2986831665039 93.1769561767578
88.7810134887695 89.2447509765625 89.4962158203125 89.7963714599609 89.8310699462891 89.9901504516602 90.1227340698242 90.1679229736328 90.2574920654297 90.3849945068359 90.4944229125977 90.573127746582 90.7331237792969 90.8288803100586 90.9814987182617 90.9743041992188 90.7019653320312 90.8935852050781 91.1332855224609 91.46826171875 91.5222244262695 91.4969482421875 91.5269393920898 91.4417114257812 91.2047271728516 91.3820114135742 92.0999221801758 92.0712738037109 91.884391784668 91.3022003173828 90.9690017700195 91.0248641967773 90.6958923339844 90.2723159790039 89.7605972290039 89.5355224609375 90.1689758300781 91.1195297241211 91.0869293212891 91.1528167724609 91.4118194580078 91.996337890625 93.2605895996094 94.2659225463867 94.3363571166992 93.6746292114258 93.036750793457 92.6940612792969 93.2383499145508
88.864990234375 89.0525283813477 89.2641448974609 89.4982604980469 89.7609786987305 89.8999862670898 90.0364532470703 90.148323059082 90.1393356323242 90.2343292236328 90.410026550293 90.5712203979492 90.7364349365234 90.8557815551758 90.699821472168 90.6280059814453 90.6920700073242 90.8794479370117 91.0755233764648 91.3981170654297 91.4107055664062 91.2816009521484 91.1276702880859 91.0622406005859 90.933837890625 91.1567535400391 92.2567672729492 92.2881240844727 92.2728424072266 91.8266830444336 91.2198867797852 90.7768859863281 90.687614440918 90.5279998779297 90.1224899291992 89.7310638427734 89.8233184814453 90.5394058227539 90.6025238037109 90.8304824829102 91.7855834960938 93.0612335205078 94.0493240356445 94.3424301147461 94.0476303100586 93.1023864746094 92.2778472900391 91.8660125732422 92.517578125
88.4019546508789 88.6470794677734 88.8884735107422 89.2931137084961 89.7548675537109 89.8115768432617 89.9276275634766 90.0462417602539 89.8837432861328 89.9741058349609 90.1242828369141 90.2457122802734 90.5765762329102 90.7289733886719 90.4538955688477 90.4687042236328 90.6980056762695 90.9526596069336 91.0922622680664 91.2238311767578 91.3890228271484 91.439826965332 91.4311447143555 91.4800643920898 91.4555740356445 91.5885009765625 92.3507537841797 92.323371887207 92.556022644043 92.3968200683594 91.9277648925781 91.2779006958008 90.960578918457 90.7172241210938 90.4358291625977 90.0570297241211 89.5422286987305 90.2952423095703 90.791259765625 91.253776550293 92.2951583862305 93.5326690673828 93.9659576416016 93.841423034668 93.4273681640625 92.5956039428711 91.9319610595703 91.3969345092773 91.5571746826172
88.4681930541992 88.8439025878906 88.8911590576172 89.3134155273438 89.7429504394531 89.8376312255859 89.9001846313477 89.9332580566406 89.9231185913086 89.9751892089844 89.9233474731445 90.2115783691406 90.5634918212891 90.6936950683594 90.3861083984375 90.5365600585938 90.8153076171875 91.161506652832 91.2296447753906 91.1927490234375 91.3186492919922 91.50390625 91.6700134277344 91.7670288085938 91.8863983154297 91.9663391113281 92.2390975952148 -3.4e+38 92.4317398071289 92.6764144897461 92.6013717651367 92.2331085205078 91.5627670288086 91.0041961669922 90.6530303955078 90.2717437744141 89.6694412231445 90.2504119873047 91.4109954833984 92.032096862793 92.7163619995117 93.1439666748047 92.8886566162109 92.8512802124023 92.5866851806641 91.9885406494141 91.5245666503906 91.2312927246094 91.2907791137695
88.8925018310547 89.1920700073242 89.0833969116211 89.3834991455078 89.5648193359375 89.7743759155273 89.8904724121094 89.8832473754883 89.9142761230469 90.0660934448242 90.1458053588867 90.4324264526367 90.5002593994141 90.498908996582 90.3461608886719 90.4698181152344 90.7208786010742 91.1036148071289 91.2269134521484 91.294075012207 91.309684753418 -3.4e+38 -3.4e+38 -3.4e+38 -3.4e+38 -3.4e+38 -3.4e+38 92.1958160400391 -3.4e+38 -3.4e+38 92.7850723266602 92.7456665039062 92.1582870483398 91.3698120117188 90.8430252075195 90.3670883178711 89.8826141357422 90.4610061645508 91.6739883422852 92.4264755249023 92.8826751708984 92.6632766723633 91.8778533935547 91.7323989868164 91.690559387207 91.2901763916016 90.9700393676758 90.9381790161133 91.0792770385742
