rcp8.5models/MPI_ESM_LR/sc1gr8.13
NCOLS 261 
NROWS 433 
XLLCORNER 336357.134 
YLLCORNER 654653.479 
CELLSIZE 1000 
NODATA_value -3.4e+38 
[rows 198 to 219 of 433, columns 49 to 97 of 261]
87.7542419433594 88.2218933105469 88.4550552368164 88.9904022216797 90.5711212158203 90.6792221069336 91.0632247924805 92.6989440917969 92.9218673706055 93.1394653320312 93.7210693359375 94.1773834228516 95.5088653564453 95.6668930053711 96.3029479980469 97.0886154174805 97.1352386474609 97.2957992553711 99.0373840332031 100.346267700195 100.966682434082 101.004135131836 101.155769348145 101.716842651367 102.340827941895 102.790016174316 103.763359069824 104.598358154297 104.813461303711 107.523300170898 107.726104736328 107.83618927002 108.400184631348 109.050437927246 109.414352416992 110.517074584961 110.472480773926 110.420272827148 111.042556762695 112.873458862305 112.615516662598 111.918785095215 113.077560424805 112.312507629395 112.495552062988 112.912628173828 112.692268371582 112.017585754395 112.237823486328
88.7744598388672 90.1235809326172 90.5534820556641 90.8276977539062 91.6867599487305 92.2255477905273 92.6419296264648 93.4327239990234 94.4741058349609 95.2884521484375 95.5055389404297 95.8374557495117 96.7856750488281 96.8881072998047 97.1128845214844 97.3855972290039 98.1291122436523 98.2290878295898 100.003410339355 100.969314575195 101.004280090332 101.153991699219 101.599533081055 102.235008239746 103.602966308594 104.103462219238 104.583992004395 104.795829772949 105.158004760742 107.37841796875 107.694053649902 107.870506286621 108.780097961426 109.834426879883 109.97883605957 110.44849395752 110.396728515625 110.69295501709 111.91764831543 112.783950805664 112.931915283203 113.905029296875 114.350898742676 113.34211730957 112.744613647461 113.967132568359 114.163719177246 113.35009765625 112.750259399414
90.6817474365234 91.3094711303711 91.6573257446289 92.4533386230469 93.7087097167969 93.9828186035156 94.3163146972656 95.0015258789062 95.8759994506836 96.2653121948242 96.4258499145508 97.2392654418945 98.5566787719727 98.7100448608398 99.0995407104492 99.2526779174805 99.6498489379883 99.8013763427734 100.793411254883 101.014266967773 101.16227722168 101.718338012695 102.512390136719 103.552841186523 104.56714630127 104.778930664062 104.789375305176 104.914772033691 105.708236694336 107.165946960449 107.787757873535 108.418304443359 109.413185119629 109.78589630127 109.933753967285 110.53288269043 110.789253234863 111.183570861816 112.394500732422 112.495185852051 113.032455444336 114.849876403809 114.987251281738 114.400718688965 114.27555847168 115.40210723877 114.636596679688 114.646133422852 114.764907836914
93.0251007080078 93.2096633911133 93.6882629394531 94.1971130371094 95.502815246582 96.6903991699219 96.7931976318359 96.0976257324219 96.7906188964844 98.2977676391602 98.3914031982422 98.8972091674805 99.8347244262695 99.9322280883789 100.149475097656 100.186622619629 100.454963684082 101.245170593262 101.60865020752 101.984245300293 102.314178466797 103.297828674316 103.753524780273 104.575302124023 104.783874511719 104.913269042969 105.263633728027 105.572792053223 106.594200134277 107.500869750977 107.858909606934 108.741874694824 109.785469055176 109.743507385254 109.8916015625 110.456069946289 110.939743041992 111.984954833984 112.440093994141 112.758560180664 113.286293029785 114.875183105469 114.9873046875 115.03205871582 115.629295349121 116.688697814941 115.653465270996 114.82544708252 115.516906738281
94.3851547241211 95.1298522949219 96.1410293579102 96.2605514526367 96.769660949707 97.8174209594727 98.232666015625 97.9616088867188 98.5844345092773 99.3318862915039 99.6069488525391 100.654815673828 101.605911254883 101.755218505859 102.135055541992 102.16291809082 102.311424255371 102.701240539551 103.279350280762 103.488059997559 103.759399414062 104.511543273926 104.592849731445 104.798377990723 104.927383422852 105.586608886719 106.473152160645 106.606178283691 107.115913391113 107.696624755859 107.739448547363 108.285774230957 109.55834197998 110.167900085449 110.18807220459 110.574691772461 111.381492614746 112.148101806641 112.784805297852 113.141807556152 114.021461486816 114.829025268555 115.21516418457 115.849617004395 116.60440826416 116.94677734375 116.724258422852 116.425430297852 117.170570373535
95.3718795776367 96.7369155883789 97.8764419555664 97.9457626342773 98.0626983642578 98.7051773071289 100.037628173828 100.654022216797 100.976348876953 101.361434936523 101.510284423828 102.132629394531 102.885192871094 103.096817016602 103.773811340332 104.032859802246 103.832801818848 104.084854125977 104.273887634277 104.861503601074 104.604858398438 104.809730529785 104.821662902832 105.194313049316 -3.4e+38 106.633773803711 107.145111083984 107.476829528809 107.532875061035 107.930358886719 108.56908416748 108.796432495117 109.638328552246 110.103385925293 110.360328674316 110.683029174805 -3.4e+38 112.196228027344 112.628112792969 113.228561401367 114.487342834473 115.153579711914 115.309471130371 115.872467041016 117.057662963867 117.0078125 117.299751281738 117.951072692871 118.978416442871
97.0218963623047 97.915885925293 99.4355392456055 99.6244430541992 100.167022705078 100.742614746094 101.308868408203 101.742752075195 102.189018249512 102.517646789551 103.026779174805 103.46671295166 103.673133850098 104.133567810059 105.224914550781 104.644836425781 104.553680419922 105.063980102539 106.102699279785 106.421310424805 106.367691040039 106.716644287109 106.71858215332 106.923469543457 107.62703704834 107.961639404297 107.903251647949 107.758758544922 107.740242004395 108.19669342041 109.568550109863 109.598731994629 109.753814697266 109.768516540527 110.023338317871 110.794059753418 112.164703369141 112.286880493164 112.378379821777 113.294960021973 114.833152770996 115.291915893555 115.151733398438 115.588798522949 117.094856262207 117.440116882324 117.813423156738 118.320739746094 119.488868713379
98.0581893920898 99.5475845336914 100.603187561035 101.076927185059 101.359855651855 101.579208374023 101.631278991699 102.722518920898 103.182456970215 104.137100219727 104.746467590332 104.948280334473 105.096000671387 105.656196594238 106.101509094238 105.751770019531 105.892448425293 106.449928283691 107.166915893555 107.522132873535 107.598365783691 107.794151306152 107.919860839844 108.259735107422 108.57088470459 109.440040588379 109.236602783203 108.697860717773 108.794189453125 109.280128479004 109.840843200684 109.793235778809 109.738792419434 109.801086425781 110.501556396484 111.820381164551 112.462394714355 112.700119018555 112.913528442383 113.990356445312 114.875381469727 115.223541259766 115.442939758301 116.588706970215 117.41837310791 117.541191101074 117.91234588623 118.87223815918 119.369491577148
-3.4e+38 100.83081817627 102.003746032715 102.575347900391 102.759719848633 103.174797058105 103.339691162109 104.214729309082 104.494239807129 105.292816162109 105.619026184082 106.122055053711 106.553733825684 106.754035949707 106.898681640625 107.262229919434 107.344123840332 107.541496276855 108.09546661377 108.168647766113 108.21036529541 109.247116088867 109.31175994873 109.495658874512 109.626319885254 110.003540039062 110.039260864258 110.042098999023 109.760101318359 109.886245727539 109.964653015137 110.245986938477 110.186370849609 110.440994262695 111.450233459473 112.211929321289 112.842094421387 113.197189331055 113.887893676758 114.374534606934 114.751289367676 116.485290527344 116.574829101562 117.123687744141 117.268562316895 117.627388000488 118.414512634277 119.129776000977 119.247138977051
102.037620544434 102.938980102539 103.403312683105 103.626419067383 103.864791870117 104.432830810547 104.664161682129 105.391410827637 105.829322814941 106.030586242676 106.24382019043 106.850891113281 107.051139831543 107.198196411133 107.625045776367 107.823257446289 108.21809387207 109.027038574219 109.544509887695 109.60440826416 109.964050292969 110.53328704834 110.406806945801 110.189399719238 110.513511657715 110.495742797852 110.544906616211 110.643356323242 110.29988861084 110.352897644043 110.624816894531 111.428276062012 111.362846374512 111.442512512207 111.893569946289 112.535003662109 113.606201171875 113.966644287109 114.265159606934 114.347290039062 114.858612060547 117.006645202637 117.150520324707 116.988609313965 -3.4e+38 118.580780029297 119.49634552002 119.497894287109 119.573600769043
106.974060058594 107.379013061523 107.684181213379 108.163368225098 107.593246459961 108.311027526855 109.384147644043 110.328453063965 109.690994262695 109.455291748047 109.886405944824 110.084632873535 110.23316192627 110.97900390625 112.05396270752 111.868179321289 111.34415435791 111.354591369629 111.927391052246 -3.4e+38 -3.4e+38 111.422706604004 111.600692749023 111.586814880371 111.622596740723 111.871742248535 112.185028076172 112.220771789551 112.302062988281 112.569236755371 112.587707519531 112.725074768066 112.6552734375 112.578323364258 112.49405670166 112.931793212891 114.202766418457 114.174644470215 114.461357116699 115.082389831543 115.814315795898 116.990142822266 117.351989746094 118.669624328613 119.100486755371 119.403121948242 120.732604980469 123.018798828125 119.727432250977
108.787010192871 109.251617431641 110.472427368164 110.306999206543 109.580543518066 110.616073608398 111.070648193359 112.946533203125 112.41242980957 111.539779663086 112.070343017578 112.092002868652 112.296920776367 113.02188873291 113.583595275879 113.459869384766 113.094352722168 113.223403930664 113.638320922852 -3.4e+38 113.261848449707 -3.4e+38 113.378707885742 -3.4e+38 113.071899414062 113.308906555176 113.477462768555 113.445068359375 113.401565551758 113.182723999023 113.181259155273 113.841583251953 113.117332458496 113.285888671875 113.839096069336 113.977172851562 -3.4e+38 114.37272644043 114.823799133301 116.30525970459 116.57608795166 117.506500244141 118.321434020996 119.053283691406 119.068649291992 124.8232421875 -3.4e+38 122.382064819336 120.898750305176
110.731819152832 111.342124938965 112.025283813477 112.30485534668 112.390205383301 113.465538024902 -3.4e+38 114.417274475098 114.783195495605 114.729202270508 114.709373474121 115.066627502441 115.272262573242 115.794471740723 115.543983459473 114.850631713867 114.858726501465 114.802597045898 115.034507751465 -3.4e+38 -3.4e+38 -3.4e+38 -3.4e+38 114.323287963867 114.297805786133 114.26927947998 114.234680175781 114.072677612305 113.704307556152 114.758590698242 114.412109375 114.783462524414 114.307075500488 114.377716064453 114.68724822998 114.715980529785 115.181900024414 115.698860168457 115.893852233887 116.693778991699 116.856491088867 118.273696899414 118.842491149902 119.47452545166 119.371681213379 128.821868896484 143.380813598633 121.799034118652 121.59139251709
112.946250915527 113.435340881348 114.382392883301 114.935371398926 115.367294311523 116.440689086914 116.487258911133 116.749221801758 117.341651916504 117.599220275879 117.853561401367 118.04222869873 118.12321472168 118.044204711914 117.215705871582 -3.4e+38 116.848823547363 116.781387329102 116.963768005371 117.156471252441 116.736679077148 116.531890869141 116.122261047363 115.351226806641 116.117881774902 116.284439086914 115.917167663574 115.796539306641 115.427429199219 115.606964111328 115.030914306641 115.085899353027 115.330116271973 115.120452880859 114.716697692871 114.949119567871 115.960319519043 116.553596496582 116.429656982422 116.62353515625 117.545669555664 119.118804931641 119.115623474121 119.714904785156 120.55078125 -3.4e+38 135.791427612305 121.498008728027 121.574317932129
115.777404785156 116.43253326416 117.232429504395 117.707191467285 118.70467376709 119.41667175293 119.463829040527 118.609802246094 118.935317993164 119.36336517334 119.684478759766 120.041946411133 120.062133789062 119.940010070801 119.454193115234 118.849128723145 118.54549407959 119.303916931152 118.545555114746 118.700553894043 119.247444152832 118.42308807373 117.849464416504 117.3994140625 117.695709228516 117.448944091797 117.219436645508 117.175506591797 117.048652648926 116.214210510254 115.826217651367 115.51318359375 115.631149291992 115.342620849609 114.996597290039 115.815498352051 -3.4e+38 -3.4e+38 116.881164550781 117.280181884766 118.624404907227 119.661270141602 120.224113464355 120.712493896484 121.645164489746 123.802215576172 126.300811767578 121.978729248047 122.846588134766
119.278526306152 119.921264648438 120.275871276855 121.053184509277 122.184089660645 122.393608093262 122.441368103027 122.09578704834 121.265815734863 121.790542602539 122.005386352539 122.524894714355 122.54167175293 122.285484313965 121.396339416504 120.739456176758 120.583557128906 121.113166809082 120.515869140625 120.66130065918 121.253692626953 120.321022033691 119.908317565918 119.811988830566 118.970680236816 119.274108886719 118.902359008789 118.724197387695 118.345802307129 117.502403259277 117.354209899902 117.087142944336 116.999839782715 116.703422546387 116.25895690918 116.634689331055 116.726470947266 117.06233215332 118.055992126465 118.411865234375 119.482429504395 120.888900756836 121.326370239258 121.722595214844 121.947532653809 122.739456176758 123.499938964844 123.054656982422 123.73942565918
122.953536987305 124.064727783203 125.61693572998 125.94847869873 126.173446655273 125.96736907959 126.234817504883 124.994995117188 124.578666687012 124.898811340332 125.317291259766 125.504829406738 125.250205993652 124.425559997559 123.868347167969 123.349082946777 123.080093383789 122.327857971191 123.299453735352 123.482109069824 123.764915466309 123.01978302002 122.158248901367 121.092193603516 120.506378173828 120.447074890137 120.210899353027 120.083023071289 119.965232849121 118.856292724609 118.466026306152 118.262733459473 117.863403320312 117.567054748535 117.093276977539 117.304885864258 -3.4e+38 118.314018249512 119.083999633789 119.232627868652 120.040466308594 121.603912353516 121.885665893555 122.928802490234 123.249961853027 123.709442138672 124.039024353027 124.199234008789 124.550682067871
127.031555175781 128.930847167969 129.648620605469 129.432754516602 128.962829589844 129.448806762695 129.247680664062 127.688697814941 127.723579406738 127.945838928223 128.465057373047 128.486129760742 128.088714599609 126.909774780273 126.232421875 125.368659973145 125.091835021973 124.309143066406 125.325744628906 125.249488830566 125.005432128906 124.591247558594 123.822311401367 123.087280273438 122.642280578613 122.274864196777 121.898048400879 121.840744018555 121.85765838623 120.841903686523 120.181434631348 119.197715759277 119.235534667969 118.931716918945 118.405502319336 118.496391296387 118.543823242188 119.026542663574 119.64892578125 120.459014892578 121.283477783203 122.314903259277 123.120498657227 123.922988891602 124.147827148438 -3.4e+38 124.691474914551 125.561515808105 125.724685668945
130.357147216797 131.207748413086 131.613296508789 131.551666259766 131.670532226562 132.671127319336 132.552429199219 131.162078857422 130.779586791992 130.227355957031 131.447906494141 131.193374633789 130.374282836914 129.546401977539 128.199752807617 127.840522766113 127.630699157715 126.831954956055 126.647933959961 127.217041015625 127.007171630859 126.769058227539 126.217010498047 125.702842712402 124.487106323242 124.23152923584 123.534194946289 123.154922485352 122.962684631348 123.190925598145 121.65860748291 120.567886352539 120.864074707031 120.375839233398 120.076812744141 119.965034484863 -3.4e+38 120.800712585449 121.327896118164 121.75269317627 122.382965087891 123.534149169922 124.142097473145 124.661155700684 125.749786376953 125.869400024414 126.207908630371 126.608413696289 126.850196838379
134.69140625 135.464385986328 134.757934570312 135.022125244141 135.01203918457 135.720199584961 135.90283203125 134.84440612793 134.671722412109 133.961029052734 133.865524291992 134.358825683594 133.000854492188 132.382827758789 130.820465087891 130.82243347168 130.336212158203 128.984436035156 128.600479125977 128.743408203125 128.907867431641 128.473724365234 128.119842529297 127.523063659668 126.776779174805 126.323219299316 125.866134643555 125.290672302246 125.011985778809 124.483474731445 123.527442932129 122.814735412598 122.964340209961 122.721298217773 122.505928039551 122.98511505127 121.610824584961 122.397003173828 123.024940490723 123.61775970459 124.137916564941 125.644752502441 125.786529541016 126.235466003418 126.858131408691 126.868576049805 127.40308380127 127.907943725586 128.237854003906
138.007415771484 138.704559326172 138.358474731445 138.649917602539 138.817474365234 138.835479736328 138.993087768555 138.055557250977 137.811889648438 136.936233520508 136.225311279297 135.521438598633 135.020950317383 134.678771972656 133.804916381836 133.806106567383 133.167037963867 131.598358154297 131.081619262695 129.949035644531 130.163833618164 130.407699584961 130.477508544922 129.918609619141 129.657867431641 129.089614868164 128.551254272461 127.465217590332 127.638008117676 126.566200256348 126.003082275391 124.64281463623 124.578407287598 125.003646850586 124.650062561035 125.215675354004 124.183326721191 124.329170227051 124.81681060791 125.762474060059 126.012550354004 127.564346313477 128.362701416016 128.496322631836 128.592086791992 128.476272583008 128.766250610352 129.33659362793 129.694763183594
141.330596923828 141.774353027344 141.76887512207 142.018478393555 140.914749145508 141.212829589844 141.28955078125 140.759140014648 139.96012878418 139.363174438477 138.34375 137.492095947266 137.228897094727 136.764984130859 136.853805541992 135.837783813477 135.473342895508 134.580856323242 133.241088867188 132.329971313477 132.240142822266 132.138092041016 -3.4e+38 131.962493896484 131.970687866211 132.048278808594 131.345062255859 129.688690185547 129.757278442383 129.110137939453 127.700225830078 126.628707885742 126.498825073242 126.964340209961 127.226913452148 127.122627258301 127.297874450684 127.160491943359 127.185737609863 127.820755004883 128.522308349609 129.052963256836 129.601165771484 129.792282104492 130.053497314453 130.570907592773 130.737457275391 130.725952148438 130.898406982422
