rcp8.5models/MPI_ESM_LR/sc1gr4.38
NCOLS 261 
NROWS 433 
XLLCORNER 336357.134 
YLLCORNER 654653.479 
CELLSIZE 1000 
NODATA_value -3.4e+38 
[rows 88 to 109 of 433, columns 49 to 97 of 261]
-3.4e+38 -3.4e+38 -3.4e+38 -3.4e+38 -3.4e+38 -3.4e+38 -3.4e+38 -3.4e+38 -3.4e+38 -3.4e+38 298.425567626953 -3.4e+38 298.707580566406 301.134887695312 301.148986816406 301.203399658203 301.333282470703 301.464965820312 301.266571044922 300.65234375 300.751007080078 300.832397460938 300.696441650391 300.478576660156 300.603973388672 300.793853759766 300.734802246094 301.149841308594 301.159790039062 301.184783935547 301.415557861328 301.364044189453 -3.4e+38 301.329528808594 301.293914794922 301.566131591797 301.409637451172 301.316619873047 301.403289794922 300.827880859375 300.707305908203 300.3291015625 299.991607666016 300.23046875 300.018920898438 300.409515380859 300.212707519531 300.327545166016 300.448455810547
-3.4e+38 -3.4e+38 -3.4e+38 -3.4e+38 -3.4e+38 -3.4e+38 -3.4e+38 -3.4e+38 -3.4e+38 -3.4e+38 298.549713134766 298.711242675781 300.274627685547 301.153991699219 301.158233642578 301.284210205078 301.348022460938 301.524353027344 300.768737792969 300.293579101562 300.411071777344 300.475067138672 300.373565673828 300.282775878906 300.345153808594 300.804779052734 300.483245849609 300.702026367188 300.265075683594 300.849395751953 300.637908935547 300.759002685547 300.720184326172 300.78759765625 300.912963867188 301.148010253906 301.415802001953 301.266418457031 301.320709228516 301.162719726562 301.176544189453 300.188446044922 300.129364013672 300.071868896484 299.758728027344 300.388244628906 300.425903320312 300.236755371094 299.694946289062
-3.4e+38 -3.4e+38 -3.4e+38 -3.4e+38 -3.4e+38 -3.4e+38 -3.4e+38 -3.4e+38 -3.4e+38 -3.4e+38 298.596435546875 298.994598388672 301.004333496094 301.153289794922 299.521362304688 301.284881591797 301.361572265625 301.536560058594 300.466674804688 299.79052734375 300.415130615234 300.321472167969 300.396301269531 300.407989501953 300.533599853516 300.58544921875 300.149993896484 300.047821044922 299.964691162109 300.5810546875 300.209411621094 300.158752441406 300.020751953125 300.570129394531 300.531372070312 300.707855224609 300.900177001953 301.382202148438 301.392425537109 301.442901611328 301.191192626953 300.552154541016 300.220153808594 300.425476074219 300.498596191406 300.197296142578 299.894989013672 300.205596923828 299.386810302734
-3.4e+38 -3.4e+38 -3.4e+38 -3.4e+38 -3.4e+38 -3.4e+38 -3.4e+38 -3.4e+38 -3.4e+38 298.725036621094 298.783874511719 299.577331542969 298.981201171875 298.841674804688 301.278350830078 301.534027099609 301.091156005859 300.584930419922 300.539184570312 300.287414550781 300.329559326172 300.751617431641 300.7001953125 300.71044921875 300.823974609375 300.607360839844 300.677215576172 300.459136962891 300.203674316406 300.214447021484 299.994567871094 299.609771728516 299.144836425781 299.450531005859 300.185668945312 299.621643066406 299.919311523438 300.437469482422 301.136688232422 301.193786621094 301.194213867188 301.158569335938 301.309387207031 301.121246337891 300.372222900391 300.108734130859 299.30419921875 299.456451416016 299.401184082031
-3.4e+38 -3.4e+38 -3.4e+38 -3.4e+38 -3.4e+38 -3.4e+38 -3.4e+38 -3.4e+38 298.566345214844 298.781982421875 298.90869140625 298.728607177734 298.723205566406 300.569213867188 301.464538574219 301.549163818359 301.257995605469 301.070007324219 300.840057373047 300.218719482422 300.289611816406 300.619750976562 301.043182373047 300.593994140625 300.605651855469 300.624786376953 300.460205078125 300.367004394531 300.433441162109 300.119140625 300.217315673828 299.410217285156 299.315795898438 299.443695068359 299.7578125 299.391296386719 299.444030761719 300.341217041016 301.186157226562 301.150054931641 301.259338378906 301.117431640625 301.120788574219 300.357360839844 300.297973632812 300.268310546875 299.948669433594 299.439819335938 299.623199462891
-3.4e+38 -3.4e+38 -3.4e+38 -3.4e+38 -3.4e+38 298.457244873047 298.616363525391 298.413818359375 -3.4e+38 298.676055908203 298.955688476562 298.878845214844 298.991577148438 301.2978515625 299.871795654297 301.405059814453 300.715362548828 -3.4e+38 -3.4e+38 300.706573486328 300.764495849609 300.940887451172 301.156097412109 300.959686279297 -3.4e+38 300.687316894531 300.592987060547 300.601257324219 300.545074462891 300.061676025391 299.751770019531 300.092254638672 300.090698242188 299.872222900391 299.597412109375 299.242370605469 299.450531005859 300.304443359375 300.360198974609 300.955810546875 301.324371337891 301.111541748047 301.075958251953 300.548706054688 300.504516601562 300.421264648438 299.914459228516 299.725189208984 300.065063476562
-3.4e+38 -3.4e+38 -3.4e+38 -3.4e+38 298.462707519531 -3.4e+38 298.385437011719 298.467681884766 298.630798339844 298.639587402344 298.961944580078 299.091674804688 299.142272949219 299.763610839844 299.046142578125 301.007965087891 300.4306640625 300.546661376953 300.950164794922 300.966217041016 301.093231201172 301.270874023438 301.051605224609 301.175201416016 -3.4e+38 -3.4e+38 301.041809082031 300.603637695312 300.55859375 299.624206542969 299.454345703125 300.406890869141 299.771697998047 299.765045166016 299.398345947266 299.371826171875 299.832122802734 300.37548828125 299.676574707031 300.964477539062 301.433044433594 301.277191162109 301.125823974609 300.42822265625 300.490875244141 300.603851318359 300.240295410156 300.304931640625 300.283477783203
-3.4e+38 -3.4e+38 -3.4e+38 -3.4e+38 298.470245361328 298.4306640625 298.429656982422 298.709716796875 298.6484375 298.646850585938 298.970031738281 299.028198242188 299.147491455078 299.036010742188 300.788665771484 300.56787109375 300.548004150391 300.491760253906 300.730804443359 301.091613769531 301.154418945312 300.753936767578 300.548675537109 300.498474121094 300.522064208984 300.63916015625 -3.4e+38 301.001159667969 300.45703125 299.667053222656 300.309661865234 299.889892578125 300.089447021484 299.496551513672 299.199096679688 299.479339599609 299.651794433594 299.736236572266 300.062561035156 300.492401123047 301.080993652344 301.229858398438 301.037902832031 300.537811279297 300.7685546875 300.502960205078 300.628814697266 300.413848876953 300.125640869141
-3.4e+38 298.140472412109 298.455688476562 298.475799560547 298.360809326172 298.47314453125 298.481109619141 298.803955078125 298.658996582031 298.654083251953 298.861694335938 298.986663818359 299.037384033203 298.761016845703 301.294738769531 300.560089111328 300.490234375 300.568969726562 300.64208984375 300.6884765625 300.700500488281 300.391693115234 300.122039794922 300.082305908203 300.146331787109 300.270294189453 300.339385986328 300.674407958984 300.866424560547 300.420867919922 299.975372314453 299.642333984375 300.325073242188 299.880737304688 299.363891601562 299.472503662109 299.378570556641 299.468078613281 300.021545410156 300.324188232422 300.968688964844 301.185272216797 301.135131835938 301.104248046875 300.786010742188 300.423522949219 300.934753417969 300.960296630859 300.345733642578
297.812591552734 298.126007080078 298.345062255859 298.359375 298.437530517578 298.484649658203 298.488464355469 298.704742431641 298.661499023438 298.778015136719 298.944641113281 299.112670898438 298.768157958984 298.668273925781 300.982879638672 300.844757080078 300.455474853516 300.628051757812 300.535888671875 300.496185302734 300.160614013672 300.234619140625 300.028747558594 300.0390625 300.049987792969 300.111785888672 300.128234863281 300.431732177734 301.188354492188 300.641937255859 300.163360595703 299.964996337891 300.162841796875 299.678527832031 299.37353515625 299.488433837891 299.554901123047 299.711822509766 299.666687011719 300.353607177734 300.525268554688 301.195861816406 301.214263916016 301.352966308594 301.128234863281 301.033538818359 301.150177001953 301.021942138672 300.557922363281
298.073303222656 298.266021728516 298.437072753906 298.447540283203 298.490264892578 298.494110107422 298.495819091797 298.667266845703 298.784118652344 298.599914550781 298.992248535156 299.050323486328 299.030670166016 298.563018798828 300.669342041016 300.596893310547 300.812530517578 300.640655517578 300.495269775391 300.15771484375 300.018310546875 300.192779541016 300.03955078125 300.162719726562 300.167938232422 299.946502685547 299.649200439453 300.660003662109 301.139221191406 300.718658447266 300.557250976562 300.347106933594 300.232543945312 299.928985595703 300.099884033203 300.247161865234 300.005035400391 300.146636962891 299.858428955078 300.130493164062 300.154418945312 301.301300048828 301.220458984375 301.378326416016 301.373443603516 301.255615234375 300.980316162109 300.680908203125 300.676361083984
298.291015625 298.3251953125 298.605133056641 298.503936767578 298.499694824219 298.501434326172 298.620513916016 298.790191650391 298.722412109375 298.866455078125 299.006958007812 299.011627197266 299.176391601562 299.991088867188 300.607513427734 300.461547851562 300.73486328125 300.533203125 300.039672851562 300.016754150391 300.143768310547 300.31689453125 300.162841796875 300.221801757812 300.117309570312 300.019683837891 299.887359619141 300.436218261719 300.876708984375 300.673400878906 300.631408691406 300.680023193359 300.4140625 300.274230957031 300.501831054688 300.637176513672 300.176483154297 300.229431152344 300.127899169922 300.133544921875 300.188598632812 301.072357177734 301.325012207031 301.365478515625 301.188262939453 301.311279296875 301.127502441406 301.314208984375 301.295257568359
298.453308105469 298.459320068359 298.659942626953 298.512939453125 298.507049560547 298.508758544922 298.670928955078 298.845397949219 298.568725585938 298.887573242188 299.014923095703 299.253356933594 298.835906982422 300.356414794922 300.505828857422 300.470550537109 300.647735595703 300.025054931641 299.965362548828 300.142791748047 300.3173828125 300.263641357422 300.222869873047 300.231628417969 300.186950683594 300.091064453125 300.325653076172 300.511932373047 300.995574951172 300.623870849609 300.527526855469 300.578033447266 300.371551513672 300.334869384766 300.477661132812 300.133392333984 300.289123535156 300.273376464844 299.943969726562 299.585601806641 300.132720947266 300.859466552734 300.678802490234 301.136535644531 300.750701904297 300.889282226562 301.166381835938 301.525817871094 301.474456787109
298.504852294922 298.627227783203 298.675537109375 298.519805908203 298.514373779297 298.634033203125 298.800750732422 298.618469238281 298.5244140625 298.967010498047 299.023773193359 298.883636474609 297.991302490234 300.384216308594 300.585784912109 300.363464355469 300.657867431641 300.186401367188 300.140869140625 300.200744628906 300.148376464844 300.221801757812 300.227142333984 300.017913818359 300.255279541016 -3.4e+38 300.207366943359 300.185028076172 300.899108886719 300.628784179688 300.482543945312 300.598815917969 300.640319824219 300.3359375 300.350372314453 299.671478271484 300.345581054688 300.230529785156 299.918334960938 299.24951171875 299.864715576172 300.543243408203 300.365905761719 300.762573242188 300.952667236328 300.596557617188 300.914123535156 301.409088134766 301.405609130859
298.63916015625 298.681060791016 298.566375732422 298.521697998047 298.639984130859 298.806732177734 298.738708496094 298.533325195312 298.647247314453 299.023132324219 299.267456054688 298.589691162109 298.063262939453 300.448577880859 300.644622802734 300.559112548828 300.550079345703 300.111053466797 300.200164794922 300.208343505859 300.054840087891 300.111236572266 299.899230957031 300.021911621094 299.705505371094 300.245544433594 299.780670166016 300.087554931641 300.685943603516 300.524108886719 300.381317138672 300.562072753906 300.835510253906 300.86572265625 300.432312011719 300.044036865234 299.706237792969 299.781005859375 300.040100097656 300.057373046875 299.828277587891 300.292755126953 300.419738769531 300.704925537109 301.011077880859 300.867828369141 300.662139892578 300.906463623047 301.122283935547
298.411804199219 298.366058349609 298.6455078125 298.818603515625 298.8681640625 298.75244140625 298.588562011719 298.660766601562 299.110076904297 299.091796875 298.666320800781 298.146453857422 298.166809082031 298.215545654297 299.049163818359 300.274322509766 300.352844238281 300.265808105469 300.494140625 300.063568115234 300.174896240234 299.626403808594 299.369567871094 299.311950683594 299.385223388672 299.297637939453 299.715789794922 300.624816894531 300.427612304688 300.646514892578 300.433776855469 300.283782958984 300.283203125 300.182342529297 300.142913818359 300.2666015625 300.430694580078 300.524108886719 300.360076904297 300.190582275391 299.203216552734 299.505676269531 300.485931396484 300.694610595703 300.675842285156 300.583068847656 300.564147949219 300.443969726562 301.042724609375
298.490936279297 298.495635986328 298.818695068359 298.873748779297 298.757720947266 298.474914550781 298.544769287109 298.831848144531 299.330444335938 298.699554443359 298.152130126953 298.173187255859 298.339996337891 298.104400634766 298.276947021484 300.067993164062 300.132354736328 300.605773925781 300.32373046875 300.071105957031 300.129150390625 300.032073974609 299.422180175781 299.121673583984 299.565399169922 299.626922607422 299.560913085938 300.524200439453 300.443725585938 300.535614013672 300.193542480469 299.615051269531 299.491912841797 299.882781982422 300.198364257812 300.21240234375 300.353271484375 300.724029541016 300.781646728516 300.166107177734 299.501739501953 299.111297607422 300.027862548828 300.490112304688 300.638458251953 300.598297119141 300.661102294922 300.373718261719 300.508575439453
298.542144775391 298.784759521484 298.758392333984 298.639923095703 298.476623535156 298.506927490234 298.671966552734 298.769470214844 -3.4e+38 -3.4e+38 298.421844482422 298.465850830078 298.3955078125 298.184173583984 299.489685058594 298.655975341797 300.157440185547 300.364685058594 300.234375 300.193908691406 300.207244873047 300.364837646484 299.879486083984 299.352386474609 299.621673583984 299.568359375 299.511810302734 -3.4e+38 300.153137207031 -3.4e+38 300.260772705078 299.754760742188 299.142761230469 299.312622070312 300.056701660156 299.600799560547 300.220581054688 300.299011230469 -3.4e+38 300.315734863281 300.035766601562 299.552398681641 299.55712890625 299.868255615234 300.694946289062 300.715118408203 300.819885253906 300.411926269531 300.298583984375
298.670989990234 298.87939453125 298.606353759766 298.796752929688 298.759674072266 298.922027587891 299.208740234375 -3.4e+38 -3.4e+38 -3.4e+38 299.164825439453 298.568756103516 298.283752441406 298.24560546875 300.139465332031 299.580841064453 300.327575683594 300.107391357422 299.906524658203 300.368682861328 300.375915527344 300.306732177734 299.764373779297 299.571960449219 299.624816894531 299.468231201172 299.415771484375 300.407958984375 299.881652832031 300.331115722656 300.122680664062 299.993499755859 299.496429443359 299.053009033203 299.270904541016 299.2734375 299.956939697266 299.412109375 299.549041748047 300.39794921875 300.338165283203 299.577270507812 299.481689453125 300.131927490234 -3.4e+38 300.757507324219 300.711761474609 300.614624023438 300.381774902344
298.851776123047 298.89208984375 298.810668945312 298.894683837891 299.138031005859 299.067932128906 -3.4e+38 -3.4e+38 -3.4e+38 -3.4e+38 299.526672363281 298.337127685547 298.242706298828 298.249328613281 299.067199707031 300.326995849609 300.153717041016 300.067901611328 299.872528076172 300.088287353516 300.317291259766 300.146911621094 299.625732421875 299.735260009766 299.527648925781 299.585754394531 299.488891601562 300.602752685547 300.472930908203 300.069488525391 300.003723144531 299.677429199219 299.342895507812 298.898376464844 298.492065429688 299.145843505859 299.526428222656 299.064971923828 299.191558837891 300.459197998047 299.873474121094 299.430358886719 299.576568603516 300.034759521484 300.349487304688 300.464538574219 300.620483398438 300.721252441406 300.334503173828
298.903686523438 298.900573730469 299.142822265625 299.029266357422 299.475128173828 299.439971923828 -3.4e+38 -3.4e+38 -3.4e+38 -3.4e+38 299.461364746094 299.077331542969 298.251281738281 298.487426757812 298.605529785156 300.263244628906 299.834747314453 300.077514648438 300.157775878906 300.165924072266 300.161682128906 300.098876953125 299.521240234375 299.681427001953 299.481292724609 299.548614501953 299.760772705078 300.559478759766 300.557983398438 299.828033447266 300.248321533203 300.133697509766 299.193939208984 298.975463867188 298.773712158203 298.858703613281 299.053466796875 298.907135009766 299.562469482422 300.125457763672 299.866668701172 299.398742675781 299.237884521484 299.916351318359 300.342010498047 300.600952148438 300.741821289062 300.964019775391 300.739776611328
298.796203613281 298.90478515625 299.476806640625 299.446563720703 299.456817626953 299.458923339844 299.130798339844 -3.4e+38 299.538940429688 -3.4e+38 299.420959472656 299.302154541016 299.081512451172 298.708618164062 298.709045410156 298.746795654297 299.860229492188 300.083312988281 300.162170410156 300.494537353516 300.126983642578 300.327392578125 299.585693359375 299.642211914062 299.599151611328 299.617309570312 299.857330322266 300.290344238281 300.350189208984 299.710052490234 299.951446533203 300.222564697266 298.896087646484 299.053955078125 299.008666992188 298.425994873047 298.689727783203 298.835968017578 299.840209960938 299.706481933594 299.732604980469 299.603271484375 299.332397460938 300.037811279297 300.060577392578 300.479400634766 300.732147216797 301.154937744141 300.655883789062
