rcp8.5models/MPI_ESM_LR/sc1gr9.27
NCOLS 261 
NROWS 433 
XLLCORNER 336357.134 
YLLCORNER 654653.479 
CELLSIZE 1000 
NODATA_value -3.4e+38 
[rows 308 to 329 of 433, columns 98 to 146 of 261]
658.328674316406 711.236389160156 524.92919921875 649.818115234375 825.332702636719 794.036926269531 750.325378417969 758.729187011719 767.682434082031 740.500671386719 707.252563476562 625.394897460938 513.834350585938 514.468872070312 509.345245361328 503.653930664062 500.849090576172 619.764038085938 815.999389648438 830.232177734375 828.258361816406 844.521789550781 849.303405761719 860.76904296875 785.74755859375 735.798156738281 704.214904785156 737.700439453125 730.830078125 676.466857910156 688.325500488281 660.175720214844 640.682739257812 671.063415527344 744.714599609375 694.502990722656 439.589294433594 552.820617675781 626.862609863281 545.905212402344 523.4306640625 521.550415039062 553.03466796875 601.267456054688 575.925659179688 568.256225585938 559.332153320312 548.210998535156 439.963226318359
637.313903808594 679.192321777344 534.868225097656 767.61328125 1091.14086914062 1008.36657714844 712.310546875 513.969909667969 621.972961425781 662.640808105469 518.969665527344 526.405212402344 524.810791015625 522.64697265625 511.682556152344 578.836853027344 699.418640136719 765.009765625 866.579650878906 911.380126953125 894.602111816406 896.291748046875 875.236022949219 848.512634277344 793.386291503906 748.85400390625 696.125244140625 747.086669921875 718.470764160156 716.498229980469 793.703796386719 759.473083496094 664.017456054688 705.200622558594 780.773315429688 661.820190429688 430.692291259766 447.123474121094 666.54931640625 613.58984375 541.116943359375 524.941528320312 571.309448242188 555.345520019531 484.271575927734 557.084533691406 554.780212402344 544.666259765625 376.006500244141
579.16357421875 570.758666992188 565.166320800781 658.748229980469 784.755615234375 936.944152832031 998.42919921875 703.839050292969 726.16748046875 804.595031738281 528.228332519531 533.484558105469 529.20361328125 526.152099609375 512.995361328125 659.841491699219 874.620727539062 856.491821289062 850.416809082031 846.071105957031 858.446716308594 904.751831054688 894.310668945312 891.296875 853.958557128906 825.689819335938 692.625061035156 737.174743652344 755.660034179688 820.887634277344 914.819702148438 845.789123535156 781.019470214844 807.957824707031 804.491943359375 569.754760742188 313.814544677734 373.966674804688 488.904266357422 484.399658203125 479.923522949219 518.316162109375 553.001708984375 506.840881347656 345.515960693359 471.738464355469 552.427673339844 537.594848632812 455.902435302734
656.551147460938 652.084594726562 635.126831054688 590.776733398438 693.286071777344 980.28515625 982.919067382812 677.752197265625 626.702453613281 664.888244628906 538.451354980469 539.491760253906 532.700500488281 526.384399414062 517.433288574219 675.736267089844 910.881652832031 899.663452148438 851.980346679688 809.797729492188 853.181823730469 909.218811035156 928.168762207031 943.179931640625 840.680847167969 767.068664550781 678.2607421875 696.111450195312 737.466735839844 825.883239746094 916.787231445312 883.494140625 857.510192871094 845.771362304688 816.856689453125 674.495788574219 429.042449951172 307.889312744141 308.294586181641 380.068878173828 537.947204589844 588.292724609375 523.2734375 401.44677734375 301.193969726562 346.137451171875 423.213592529297 460.029083251953 527.404602050781
688.109375 682.349182128906 678.84130859375 618.219787597656 826.789306640625 1164.77783203125 902.266784667969 529.256225585938 538.109252929688 543.063171386719 543.464965820312 539.045776367188 530.642028808594 522.807006835938 610.613647460938 803.360412597656 946.824829101562 988.645935058594 935.201721191406 900.180969238281 907.802917480469 923.245422363281 922.561218261719 926.474060058594 826.65283203125 732.395446777344 749.097290039062 738.143432617188 741.637451171875 768.724975585938 814.155029296875 848.586486816406 852.622253417969 831.548217773438 716.396850585938 543.7587890625 432.168548583984 308.199401855469 307.559539794922 370.791229248047 480.362182617188 473.334777832031 402.963012695312 302.710571289062 302.433990478516 300.793487548828 347.234222412109 473.359741210938 513.973754882812
686.687622070312 686.202453613281 699.931518554688 638.457763671875 622.378601074219 691.141845703125 726.004272460938 585.122802734375 563.097839355469 546.552185058594 535.415222167969 640.536743164062 890.324768066406 812.453491210938 1040.953125 1040.82495117188 1064.84326171875 1047.31323242188 1005.70001220703 979.649230957031 965.843017578125 934.17529296875 919.817077636719 916.921630859375 851.461242675781 773.560974121094 815.052795410156 832.656860351562 812.455505371094 840.040710449219 809.275390625 792.445129394531 845.867065429688 768.059204101562 580.3427734375 455.696502685547 315.981658935547 306.915954589844 309.033386230469 310.707946777344 311.418762207031 310.760864257812 307.565155029297 303.334564208984 301.380157470703 300.698760986328 300.906951904297 302.522521972656 535.623168945312
690.498901367188 682.440368652344 691.306335449219 668.284729003906 675.860107421875 653.6875 641.293518066406 640.216003417969 608.67919921875 558.646545410156 660.265197753906 946.750305175781 1085.85986328125 939.952453613281 904.918334960938 1083.2265625 1083.42309570312 1038.9375 1001.72198486328 1003.50341796875 974.492309570312 938.754333496094 945.24658203125 937.692749023438 873.31689453125 824.860229492188 847.941284179688 868.083984375 784.905822753906 730.727905273438 886.49462890625 760.655700683594 690.342224121094 826.219299316406 696.944213867188 448.112213134766 312.706573486328 306.950561523438 306.838836669922 308.472045898438 309.768768310547 310.098907470703 307.197631835938 303.373382568359 301.35546875 300.967010498047 300.782562255859 301.119476318359 527.1884765625
719.312255859375 703.919189453125 704.042663574219 663.892211914062 691.112670898438 677.380187988281 667.792663574219 664.426940917969 645.481506347656 584.52392578125 646.123229980469 972.250732421875 1201.26184082031 1140.29553222656 923.085815429688 1105.71423339844 1092.28771972656 1045.478515625 1024.21057128906 1032.30102539062 1009.67462158203 959.78369140625 943.136413574219 934.971252441406 885.426818847656 851.661743164062 830.286010742188 874.908020019531 718.693420410156 433.633117675781 597.231567382812 499.570617675781 415.869476318359 545.51416015625 448.441772460938 318.839385986328 310.829132080078 307.537384033203 305.357208251953 305.772064208984 307.189208984375 307.905395507812 306.026397705078 303.501495361328 301.605407714844 301.553985595703 301.827514648438 301.93017578125 517.389831542969
719.824340820312 705.592102050781 716.689086914062 624.286743164062 662.100219726562 688.667724609375 654.359497070312 642.268676757812 667.248413085938 612.216613769531 683.623107910156 984.716979980469 1213.59814453125 1229.96032714844 1139.59313964844 1146.72412109375 1082.83752441406 1039.54602050781 1029.49328613281 1009.65930175781 1015.919921875 990.610595703125 939.693176269531 926.745544433594 910.696350097656 873.254516601562 851.54638671875 861.719909667969 793.581298828125 508.205780029297 327.884521484375 319.398498535156 315.31591796875 315.131011962891 311.464080810547 311.077575683594 309.874145507812 308.256896972656 306.625152587891 304.840087890625 304.93408203125 305.478302001953 304.693725585938 303.360137939453 302.895263671875 302.905853271484 302.866607666016 351.152557373047 521.273498535156
714.611755371094 701.409423828125 702.863647460938 606.060302734375 627.809814453125 696.326721191406 661.949645996094 617.609741210938 642.420104980469 641.341064453125 705.661315917969 957.046447753906 1176.10498046875 1229.42333984375 1148.07836914062 1141.068359375 1067.89514160156 1024.0029296875 1029.82385253906 876.435607910156 813.224548339844 991.599304199219 945.809997558594 928.897033691406 922.828369140625 897.466186523438 856.095703125 840.982543945312 850.609680175781 768.827697753906 613.433959960938 487.164001464844 313.884552001953 313.128814697266 312.317596435547 311.636413574219 310.741302490234 308.580108642578 307.650665283203 305.433349609375 304.979858398438 304.657440185547 304.323791503906 305.572692871094 306.537811279297 303.95361328125 303.210327148438 395.782501220703 469.97265625
714.315979003906 692.352783203125 691.4228515625 640.869995117188 655.10009765625 707.300537109375 682.689880371094 615.228271484375 597.901428222656 631.426330566406 613.883056640625 831.397399902344 1198.35827636719 1264.88464355469 1120.80151367188 1117.11315917969 1070.82885742188 1030.02209472656 1032.90148925781 902.534362792969 835.918884277344 973.189208984375 943.493896484375 930.607727050781 920.682556152344 915.21923828125 847.336059570312 832.097717285156 822.408447265625 824.510681152344 841.4189453125 753.019226074219 613.166809082031 499.861602783203 327.162658691406 318.599456787109 312.226257324219 310.595550537109 308.819732666016 306.460418701172 305.90625 305.192932128906 304.786315917969 306.467010498047 308.920440673828 357.985626220703 441.790435791016 485.9033203125 423.883117675781
717.82958984375 682.974304199219 682.923400878906 670.472229003906 644.28759765625 684.713684082031 694.481567382812 627.110473632812 571.778686523438 590.226989746094 599.866271972656 871.734313964844 1275.61999511719 1280.67846679688 1216.10815429688 1167.58923339844 1078.4228515625 1028.9384765625 1021.34362792969 1010.32653808594 996.94873046875 971.039367675781 948.755859375 932.845336914062 915.082763671875 905.936401367188 852.710083007812 830.2421875 810.111267089844 793.723083496094 789.504028320312 803.92919921875 820.118713378906 736.705322265625 600.383911132812 583.072570800781 559.347534179688 467.186279296875 318.746551513672 310.30029296875 308.322967529297 306.520233154297 306.483520507812 306.421478271484 307.078094482422 357.828125 480.2744140625 530.4111328125 414.462646484375
747.001892089844 727.224609375 704.868225097656 683.215393066406 614.561889648438 622.910339355469 681.640197753906 661.651062011719 582.916625976562 703.162170410156 761.634094238281 876.393310546875 1271.00244140625 1229.90087890625 1282.19140625 1213.45788574219 1082.11157226562 1026.81872558594 1011.73382568359 1000.68615722656 984.377563476562 969.678649902344 951.791259765625 935.310852050781 916.075561523438 895.313720703125 858.28076171875 835.114196777344 812.985595703125 796.664428710938 787.299865722656 773.599731445312 753.184997558594 755.924743652344 781.354431152344 788.936340332031 787.403747558594 598.603088378906 319.296691894531 311.460266113281 309.912017822266 309.498565673828 311.232940673828 361.043701171875 393.483428955078 308.666839599609 395.475830078125 501.048034667969 405.676788330078
776.641662597656 771.287841796875 741.77734375 697.88232421875 616.777648925781 736.227783203125 843.22216796875 691.030944824219 629.446655273438 690.8935546875 873.193542480469 1055.57568359375 1208.45263671875 1208.4267578125 1217.0673828125 1173.01306152344 1111.29223632812 1029.79577636719 1012.67639160156 999.017517089844 986.543579101562 973.014587402344 956.273010253906 940.270629882812 924.664794921875 907.561157226562 867.467102050781 843.313781738281 819.809814453125 802.314086914062 789.369384765625 779.659301757812 778.646545410156 759.653869628906 729.858825683594 731.697570800781 766.424438476562 565.208312988281 313.684356689453 310.069580078125 309.566772460938 310.413604736328 312.704772949219 412.888854980469 530.205139160156 446.209930419922 494.022277832031 529.034851074219 405.507690429688
774.733947753906 783.628112792969 752.381896972656 700.170471191406 618.588317871094 858.473449707031 981.253173828125 680.620361328125 664.037414550781 611.275024414062 852.708923339844 1204.60437011719 1246.63854980469 1297.52270507812 1130.24401855469 1119.91284179688 1144.47900390625 1092.24694824219 1026.97021484375 1001.51782226562 991.229431152344 978.843811035156 960.736083984375 943.584655761719 933.582458496094 930.796569824219 880.543762207031 857.724731445312 839.571960449219 818.344421386719 788.133728027344 774.036865234375 785.467529296875 776.291564941406 737.140563964844 711.756103515625 736.859497070312 644.701171875 429.374938964844 311.476318359375 310.894866943359 310.472106933594 310.818328857422 360.442810058594 441.894073486328 441.925506591797 497.347320556641 539.513793945312 407.099365234375
714.687744140625 745.585693359375 752.512634277344 701.357849121094 633.295288085938 713.608764648438 762.986267089844 631.81640625 650.695129394531 631.011352539062 865.886962890625 1214.17810058594 1270.45617675781 1306.29553222656 1092.77282714844 1087.33117675781 1102.56115722656 1129.15930175781 1079.83813476562 1009.36657714844 993.340942382812 980.011474609375 964.606811523438 947.761474609375 935.315612792969 937.703796386719 906.173156738281 874.634460449219 853.134765625 828.005554199219 797.35009765625 780.583557128906 772.914733886719 756.713195800781 746.789733886719 727.005615234375 721.754089355469 737.439880371094 561.213562011719 316.424072265625 312.101348876953 311.918334960938 311.739929199219 311.632629394531 311.539886474609 312.202026367188 414.456359863281 537.059631347656 408.992126464844
720.283935546875 739.54248046875 758.66015625 697.52685546875 657.479064941406 760.859497070312 779.1201171875 741.975341796875 804.923950195312 595.644104003906 854.015441894531 1224.01538085938 1281.73706054688 1311.92602539062 1136.15148925781 1071.22790527344 1051.34240722656 1069.04284667969 1071.87573242188 1024.16137695312 998.967407226562 980.88427734375 966.932556152344 951.6416015625 940.259460449219 942.364013671875 903.669982910156 873.874206542969 846.858825683594 820.563171386719 795.475158691406 777.226257324219 765.344604492188 750.44921875 745.911804199219 727.405822753906 710.64697265625 755.699462890625 661.334167480469 441.764221191406 316.704925537109 314.932037353516 313.9716796875 313.607208251953 315.752166748047 366.936737060547 502.204132080078 552.74169921875 416.323852539062
809.373901367188 808.552307128906 792.859252929688 738.195251464844 676.595031738281 781.993286132812 1132.05395507812 1346.8740234375 1341.10681152344 1244.92163085938 1233.65795898438 1288.88500976562 1250.25756835938 1195.16931152344 1183.81518554688 1169.65197753906 1081.67614746094 1031.34545898438 1021.98950195312 1012.17156982422 999.951293945312 986.359741210938 973.831604003906 963.713806152344 949.671081542969 941.681030273438 741.031555175781 908.088745117188 890.111694335938 865.447998046875 820.855590820312 792.8984375 769.131042480469 749.384643554688 727.168212890625 717.855285644531 709.477600097656 736.987609863281 734.693481445312 689.71630859375 594.040954589844 413.487182617188 322.113952636719 320.406677246094 320.441253662109 416.645843505859 577.238830566406 545.205993652344 457.690368652344
784.8583984375 802.195983886719 772.905944824219 734.47021484375 679.760131835938 613.321838378906 900.838012695312 1305.41430664062 1287.85009765625 1183.4697265625 1211.4736328125 1325.99475097656 1276.24584960938 1226.29528808594 1116.28625488281 1181.94885253906 1171.76342773438 1088.13037109375 1019.26965332031 1008.74340820312 999.361328125 987.285522460938 973.017700195312 956.8681640625 940.130737304688 931.879211425781 647.828979492188 750.70068359375 910.246398925781 874.87939453125 817.048706054688 792.500366210938 770.404968261719 757.859008789062 750.845275878906 756.92529296875 758.981079101562 540.490173339844 533.278503417969 520.049438476562 491.708312988281 412.508819580078 327.220489501953 325.008453369141 323.379760742188 369.436553955078 498.925384521484 550.354614257812 415.534851074219
757.142395019531 794.069702148438 770.397399902344 687.387634277344 634.378845214844 740.441162109375 1096.48779296875 1267.23596191406 1209.32165527344 1135.55200195312 1126.55419921875 1195.6953125 1229.55114746094 1253.38110351562 1070.08813476562 1077.12976074219 1148.85009765625 1142.26000976562 1071.10107421875 1021.81231689453 1000.50872802734 992.252075195312 979.574890136719 959.247009277344 942.934143066406 925.453674316406 816.485717773438 749.69580078125 882.975402832031 851.5576171875 807.5810546875 785.906005859375 767.478149414062 756.492858886719 751.832275390625 760.67236328125 775.108947753906 470.450561523438 330.903839111328 327.437652587891 325.004425048828 325.958343505859 326.401123046875 327.3330078125 326.554107666016 324.837341308594 415.443084716797 547.2685546875 416.164947509766
727.217346191406 729.297912597656 732.480163574219 656.316772460938 611.552856445312 895.098937988281 1240.5029296875 1004.8369140625 948.570556640625 1103.44091796875 1071.29931640625 1080.44458007812 1178.32836914062 1300.66540527344 1132.4482421875 1040.224609375 1050.21447753906 1099.494140625 -3.4e+38 1109.80847167969 1057.70544433594 1009.17236328125 978.916442871094 959.170715332031 943.61962890625 923.151916503906 910.952697753906 895.825622558594 860.145935058594 833.436462402344 808.388061523438 785.75537109375 766.437744140625 752.405944824219 737.797485351562 730.46826171875 741.049621582031 668.404113769531 538.278198242188 454.028991699219 328.980773925781 325.684509277344 322.753967285156 325.390686035156 327.582977294922 325.647430419922 366.250915527344 468.325958251953 458.907318115234
690.454711914062 631.139038085938 626.870300292969 773.716186523438 792.391723632812 902.22265625 1217.42431640625 815.065490722656 596.399291992188 898.578247070312 1061.11181640625 1060.99609375 1105.59045410156 1193.29724121094 1150.69921875 1072.048828125 1020.63677978516 1028.49353027344 1108.92810058594 -3.4e+38 -3.4e+38 1056.81005859375 997.822326660156 957.732238769531 940.515625 920.786193847656 787.236450195312 620.937561035156 700.927551269531 836.522888183594 814.215515136719 804.630432128906 796.258972167969 780.390380859375 761.314758300781 730.439636230469 719.245544433594 699.83447265625 689.8935546875 624.083251953125 511.623870849609 428.087890625 322.782409667969 322.300994873047 325.685119628906 368.496063232422 396.05029296875 370.571166992188 506.921325683594
