rcp8.5models/MPI_ESM_LR/sc1gr7.23
NCOLS 261 
NROWS 433 
XLLCORNER 336357.134 
YLLCORNER 654653.479 
CELLSIZE 1000 
NODATA_value -3.4e+38 
[rows 220 to 241 of 433, columns 98 to 146 of 261]
165.756973266602 165.055786132812 164.428024291992 163.215637207031 162.639175415039 162.155471801758 161.745254516602 161.341079711914 160.988250732422 160.601333618164 160.322692871094 160.005187988281 159.284866333008 158.771987915039 158.177230834961 157.675796508789 157.563919067383 157.655776977539 157.581695556641 157.254272460938 157.044799804688 156.794555664062 156.490737915039 156.319305419922 156.115524291992 155.925048828125 155.74104309082 155.516586303711 155.333724975586 155.858383178711 156.367797851562 155.272659301758 154.237167358398 153.865295410156 153.841812133789 153.960372924805 153.56071472168 152.677124023438 152.343032836914 152.492279052734 152.666458129883 151.472946166992 150.077835083008 151.272537231445 149.384796142578 145.084838867188 144.072189331055 142.899871826172 139.029571533203
167.146362304688 166.387817382812 165.683822631836 164.628112792969 163.997650146484 163.540237426758 163.019470214844 162.616058349609 162.203842163086 162.014511108398 161.836639404297 161.478012084961 160.667282104492 160.28125 159.676040649414 159.332489013672 159.249847412109 159.193603515625 159.264831542969 159.190536499023 158.703506469727 158.298080444336 158.130844116211 157.936874389648 157.673049926758 157.69303894043 157.401275634766 157.330612182617 157.20149230957 157.628616333008 157.591094970703 156.631942749023 156.056976318359 155.616012573242 155.504455566406 155.640060424805 155.851364135742 154.507141113281 154.304016113281 154.623107910156 154.120712280273 152.465347290039 151.148086547852 152.738342285156 150.647720336914 146.204574584961 145.057647705078 143.789474487305 140.475006103516
168.425247192383 167.720458984375 166.961410522461 165.960845947266 165.429702758789 165.186706542969 164.616851806641 163.982528686523 163.522338867188 163.351623535156 163.415130615234 162.913558959961 162.074020385742 161.687454223633 161.199127197266 160.917068481445 160.781494140625 160.806900024414 160.986618041992 160.863632202148 160.268264770508 159.979339599609 159.786422729492 159.616470336914 159.460906982422 159.510208129883 159.19157409668 159.047210693359 159.094680786133 159.389663696289 159.267974853516 158.304306030273 157.70068359375 157.447937011719 157.264694213867 157.228622436523 157.24365234375 156.230941772461 156.295013427734 156.393783569336 154.933792114258 152.37451171875 151.720428466797 152.676406860352 152.083953857422 148.320098876953 146.11393737793 144.859634399414 141.746734619141
169.700454711914 169.069595336914 168.337188720703 167.272567749023 166.863967895508 166.652282714844 166.182662963867 165.380004882812 164.91943359375 164.700424194336 164.726867675781 164.156600952148 163.464599609375 163.255752563477 162.822967529297 162.487365722656 162.428817749023 162.495330810547 162.592880249023 162.524978637695 162.324401855469 162.000244140625 161.570816040039 161.369338989258 161.215377807617 161.196685791016 160.913467407227 160.789443969727 161.236328125 161.718353271484 161.23991394043 160.105987548828 159.511566162109 159.196853637695 158.971481323242 158.878692626953 159.009521484375 158.469390869141 157.918731689453 156.343551635742 154.866226196289 152.878021240234 152.664535522461 152.318344116211 152.620208740234 150.493026733398 147.165084838867 145.855178833008 143.061187744141
171.072418212891 170.308166503906 169.594787597656 168.641586303711 168.38916015625 167.918502807617 167.315048217773 166.645538330078 166.323959350586 166.195388793945 166.15852355957 165.530960083008 165.064331054688 164.91357421875 164.431457519531 -3.4e+38 164.120712280273 164.09619140625 164.191177368164 -3.4e+38 164.45849609375 163.677993774414 163.371734619141 163.253616333008 163.124328613281 163.114288330078 162.701080322266 162.636413574219 162.905731201172 163.165786743164 162.62516784668 162.118835449219 162.001541137695 161.234970092773 161.095611572266 161.485549926758 161.411056518555 160.634765625 159.27864074707 156.204147338867 155.244415283203 154.334106445312 153.878799438477 152.924926757812 152.206649780273 150.901931762695 148.457794189453 147.19499206543 144.719177246094
172.26594543457 171.487869262695 170.948150634766 170.023849487305 169.888778686523 169.39128112793 168.502502441406 167.873504638672 167.599456787109 167.647064208984 167.748229980469 166.941452026367 166.597671508789 166.37532043457 165.937240600586 -3.4e+38 165.482940673828 165.609878540039 165.758422851562 166.118530273438 165.790451049805 165.173248291016 165.154098510742 165.116943359375 165.250717163086 165.340240478516 164.696731567383 164.609512329102 164.222534179688 164.137268066406 164.039932250977 164.202499389648 164.363845825195 163.399383544922 163.310256958008 163.621856689453 163.360595703125 162.460052490234 160.736785888672 158.251251220703 158.35026550293 156.560897827148 155.456756591797 155.09326171875 152.527908325195 151.406112670898 149.988235473633 148.704132080078 146.385864257812
173.530807495117 172.885025024414 172.389144897461 171.261077880859 171.036560058594 170.659576416016 169.795120239258 169.241577148438 169.0078125 169.050399780273 169.423492431641 168.589004516602 168.219848632812 168.052505493164 167.66845703125 167.307907104492 167.167938232422 167.313400268555 167.407043457031 167.212188720703 167.084335327148 -3.4e+38 166.902694702148 166.852432250977 167.231338500977 167.469146728516 166.812973022461 166.553176879883 165.934265136719 166.004302978516 166.116073608398 166.301498413086 166.569351196289 165.867462158203 165.359313964844 164.948669433594 164.914047241211 162.853332519531 161.630401611328 161.189956665039 161.657287597656 159.047210693359 157.138885498047 156.25276184082 153.855682373047 152.925170898438 151.725677490234 150.324310302734 148.085983276367
174.943832397461 174.311614990234 173.680892944336 172.577758789062 172.123992919922 171.685424804688 171.104293823242 170.542282104492 170.378173828125 170.388687133789 170.785903930664 170.165161132812 169.788040161133 169.828201293945 169.398513793945 169.095397949219 169.131790161133 169.017181396484 169.164916992188 169.028533935547 168.962509155273 168.838897705078 168.785552978516 168.707305908203 168.837539672852 169.128799438477 168.789245605469 168.401672363281 167.902648925781 168.078384399414 168.306747436523 168.552139282227 168.23469543457 167.137222290039 166.392944335938 166.768524169922 166.572052001953 163.677337646484 163.69775390625 164.305526733398 163.932983398438 162.210098266602 159.552658081055 156.750534057617 155.690170288086 154.646011352539 153.501434326172 152.09587097168 149.890365600586
176.148498535156 175.569625854492 175.045211791992 173.922241210938 173.323837280273 -3.4e+38 -3.4e+38 171.967880249023 171.89518737793 171.844314575195 171.837677001953 171.519027709961 171.369827270508 171.617416381836 170.906539916992 170.83268737793 170.904571533203 170.647994995117 170.784393310547 170.938858032227 170.951095581055 170.917846679688 170.733001708984 170.62971496582 170.690948486328 170.884338378906 170.837509155273 170.414215087891 170.048263549805 169.979278564453 170.173416137695 170.487838745117 169.739898681641 167.871078491211 168.066955566406 168.94580078125 168.282043457031 165.971878051758 166.271194458008 166.546722412109 164.999465942383 163.962951660156 162.270263671875 159.506622314453 157.658386230469 156.442260742188 155.294342041016 154.010848999023 151.858062744141
177.487060546875 176.889541625977 176.608154296875 175.28971862793 174.780410766602 174.302383422852 173.765625 173.51969909668 173.498733520508 173.416976928711 173.175384521484 173.077117919922 173.007934570312 173.636749267578 172.699096679688 172.713943481445 172.688720703125 172.350601196289 172.403259277344 172.738204956055 172.980545043945 173.036071777344 172.680847167969 172.716430664062 172.868591308594 173.227233886719 173.277435302734 172.978408813477 172.220886230469 171.889739990234 172.024169921875 172.397659301758 171.62956237793 169.854461669922 170.677612304688 170.591339111328 169.857330322266 168.064895629883 167.076873779297 166.30500793457 164.83154296875 163.906478881836 162.941818237305 161.458526611328 159.5908203125 158.40852355957 157.245071411133 156.103927612305 153.866744995117
178.896011352539 178.238540649414 177.869750976562 176.750198364258 176.44303894043 175.976852416992 175.377685546875 174.910049438477 174.792083740234 174.756210327148 174.464660644531 174.503387451172 174.711074829102 175.515365600586 174.5869140625 174.542495727539 174.660171508789 174.322418212891 174.355728149414 174.608764648438 175.095687866211 175.225311279297 174.872543334961 175.016830444336 -3.4e+38 174.959991455078 175.184463500977 175.097412109375 174.372985839844 174.014099121094 174.295043945312 174.203231811523 172.952041625977 172.236343383789 173.145553588867 172.124923706055 171.511428833008 170.196075439453 167.824127197266 166.594421386719 165.7529296875 165.022750854492 163.729339599609 162.476745605469 161.698364257812 160.531204223633 159.092025756836 158.080474853516 155.943008422852
181.693695068359 181.023376464844 180.44514465332 179.35514831543 179.138092041016 179.013153076172 178.19856262207 178.009704589844 177.766296386719 177.591491699219 177.319458007812 177.280563354492 177.997131347656 178.569671630859 178.046859741211 178.12126159668 178.421630859375 178.421157836914 178.677322387695 179.152709960938 179.353332519531 179.247711181641 179.497116088867 179.790420532227 179.333755493164 179.07194519043 178.110687255859 179.619903564453 179.021087646484 178.698257446289 178.647155761719 177.881332397461 176.471801757812 176.928314208984 176.761840820312 175.565734863281 175.318283081055 175.036743164062 172.668502807617 170.463394165039 169.310897827148 168.290588378906 167.278411865234 166.181137084961 165.335983276367 164.233673095703 163.161804199219 162.209716796875 160.174194335938
182.995330810547 182.296142578125 181.770858764648 180.741683959961 180.476165771484 180.099319458008 179.391082763672 179.383911132812 179.348739624023 179.186889648438 178.782897949219 178.985092163086 179.370727539062 179.848556518555 180.016189575195 180.009490966797 180.297821044922 180.508804321289 180.70524597168 181.066268920898 181.057281494141 181.471221923828 181.758422851562 181.919967651367 181.270385742188 180.72607421875 181.555633544922 181.853210449219 181.39241027832 181.218276977539 181.035751342773 180.073150634766 178.793914794922 179.400238037109 178.537826538086 177.44465637207 177.498275756836 176.140686035156 174.961486816406 173.077163696289 171.490921020508 170.394485473633 169.510635375977 168.421676635742 167.66926574707 166.609817504883 165.303146362305 164.354049682617 162.321792602539
184.256744384766 183.657989501953 183.21028137207 182.01318359375 181.695587158203 181.164031982422 180.839889526367 180.579223632812 180.519561767578 180.501052856445 179.96711730957 180.12370300293 180.556793212891 181.039703369141 182.045684814453 181.930694580078 182.229476928711 182.489791870117 182.315078735352 182.619262695312 182.67121887207 183.098831176758 183.541458129883 183.515228271484 182.867340087891 182.292907714844 183.860061645508 183.926177978516 183.678146362305 183.475021362305 183.225036621094 182.322174072266 181.383544921875 181.478607177734 180.075775146484 179.385528564453 179.522506713867 178.693389892578 -3.4e+38 175.252655029297 173.672546386719 172.654693603516 171.782180786133 170.71647644043 169.968643188477 169.085662841797 167.555847167969 166.415542602539 164.505401611328
185.511703491211 184.93798828125 184.455261230469 183.262710571289 182.850830078125 182.459426879883 182.124404907227 181.751586914062 181.725051879883 181.784576416016 181.380554199219 181.778961181641 182.821350097656 183.298950195312 183.734527587891 183.854522705078 183.971450805664 184.014022827148 183.873046875 184.162078857422 184.391326904297 184.489028930664 184.852416992188 185.053375244141 184.471054077148 184.126678466797 185.846038818359 185.904251098633 185.610626220703 185.421829223633 185.009094238281 184.390686035156 183.800964355469 183.547668457031 182.049102783203 181.198669433594 181.367263793945 181.515853881836 -3.4e+38 177.234466552734 175.813140869141 174.763336181641 173.788772583008 172.8740234375 172.090927124023 171.015518188477 169.735473632812 168.660552978516 166.740509033203
186.806594848633 186.145431518555 185.65185546875 184.705749511719 184.158843994141 183.689865112305 183.361480712891 183.085800170898 183.197402954102 183.3642578125 183.147384643555 183.423889160156 184.747406005859 185.164962768555 185.507690429688 185.894668579102 185.854553222656 185.623107910156 185.762115478516 186.008499145508 186.132675170898 186.188781738281 186.489181518555 186.938903808594 186.635513305664 186.273712158203 187.896682739258 187.933380126953 187.765594482422 187.54167175293 187.035858154297 186.289245605469 185.580825805664 185.72428894043 184.072998046875 183.095123291016 183.148040771484 183.465423583984 182.147689819336 179.525177001953 177.758163452148 176.862213134766 175.863327026367 175.060653686523 174.314743041992 173.158920288086 172.007797241211 170.930725097656 168.905410766602
188.126190185547 187.451248168945 186.949249267578 186.14469909668 185.565216064453 185.058059692383 184.829742431641 184.565124511719 184.570571899414 184.932174682617 185.11833190918 185.134674072266 186.40251159668 186.64192199707 187.193115234375 187.682052612305 187.604690551758 187.550094604492 187.721054077148 187.978881835938 188.053375244141 188.143829345703 188.535400390625 188.686767578125 188.483596801758 187.789016723633 189.975967407227 189.943572998047 189.64372253418 189.107192993164 189.1943359375 188.685729980469 187.954986572266 187.332412719727 185.811080932617 185.006103515625 184.885787963867 184.11701965332 182.794906616211 181.23030090332 180.200912475586 179.861099243164 178.577346801758 177.520401000977 176.605972290039 175.629943847656 174.389419555664 173.188552856445 171.135559082031
189.40852355957 188.811737060547 188.253265380859 187.292144775391 186.788375854492 186.592849731445 186.478225708008 186.100601196289 185.855514526367 186.281204223633 186.746734619141 186.575103759766 187.132797241211 187.507537841797 188.362564086914 189.105743408203 189.276641845703 189.54573059082 189.502395629883 189.863555908203 190.076293945312 190.159225463867 190.734878540039 190.661926269531 190.375595092773 189.98600769043 192.115036010742 192.097412109375 191.395568847656 190.492370605469 191.176544189453 190.791961669922 190.335998535156 189.318817138672 187.746322631836 186.854949951172 186.325347900391 184.937088012695 183.494705200195 -3.4e+38 -3.4e+38 183.104476928711 181.768661499023 180.460922241211 179.187805175781 177.881423950195 176.680023193359 175.45915222168 173.415481567383
190.720367431641 190.173797607422 189.643646240234 188.469055175781 188.106094360352 187.96516418457 187.661468505859 187.3876953125 187.211059570312 187.608688354492 187.765274047852 187.497299194336 187.675872802734 188.021026611328 189.413299560547 190.277542114258 190.88020324707 191.521377563477 191.474639892578 191.630966186523 191.915023803711 192.28239440918 192.777435302734 192.792617797852 192.748046875 193.071029663086 194.426376342773 194.276077270508 193.537109375 192.411224365234 192.929901123047 192.478073120117 191.692092895508 191.047866821289 190.025619506836 189.577529907227 188.060455322266 186.78498840332 185.759017944336 -3.4e+38 186.067718505859 185.695709228516 184.567855834961 182.995681762695 181.62467956543 179.911346435547 178.767761230469 177.685989379883 175.613586425781
191.995361328125 191.445220947266 190.971450805664 189.818634033203 189.408706665039 189.040435791016 189.051834106445 189.228424072266 188.586776733398 188.869445800781 188.98860168457 188.85009765625 189.103927612305 189.466766357422 191.364242553711 191.562576293945 192.414932250977 193.566055297852 193.610046386719 193.398178100586 193.789321899414 194.290954589844 194.484878540039 194.661148071289 194.949813842773 195.646041870117 -3.4e+38 -3.4e+38 -3.4e+38 194.928009033203 194.941070556641 194.667037963867 193.35514831543 192.364685058594 192.263153076172 192.556442260742 190.601211547852 188.685836791992 187.785308837891 -3.4e+38 187.930389404297 188.105911254883 186.798706054688 184.757095336914 183.444458007812 182.081878662109 180.906188964844 179.895080566406 177.720275878906
193.248901367188 192.715026855469 192.219039916992 191.199523925781 190.666458129883 190.294876098633 190.653686523438 191.010864257812 190.136688232422 190.118423461914 190.179321289062 190.286148071289 190.597961425781 191.084243774414 192.929122924805 192.838104248047 193.710525512695 194.718536376953 195.350677490234 195.207000732422 195.739730834961 196.018249511719 196.086364746094 196.379745483398 196.833862304688 197.38932800293 198.507202148438 198.142623901367 -3.4e+38 196.944091796875 196.376968383789 196.283462524414 195.470001220703 194.501022338867 194.535537719727 194.666000366211 192.868606567383 191.294799804688 190.147933959961 189.250122070312 189.731887817383 190.333618164062 188.869735717773 186.844589233398 -3.4e+38 184.272521972656 183.088912963867 181.996047973633 179.955673217773
194.492904663086 193.796600341797 193.337356567383 192.348739624023 192.004058837891 191.668807983398 191.606903076172 191.839401245117 191.644393920898 191.346420288086 191.264511108398 191.426605224609 191.75846862793 192.115386962891 193.481353759766 194.149337768555 195.384948730469 196.275741577148 196.882476806641 196.931076049805 197.322891235352 197.492980957031 197.894424438477 198.177841186523 198.505294799805 198.868606567383 200.297302246094 -3.4e+38 199.837997436523 199.001251220703 197.766723632812 197.556518554688 197.381896972656 196.874923706055 196.604309082031 196.694869995117 195.241226196289 194.021087646484 192.642684936523 191.440124511719 191.432662963867 192.055435180664 190.871505737305 188.85725402832 187.445281982422 186.401992797852 185.272933959961 184.114059448242 182.182495117188
