rcp8.5models/MPI_ESM_LR/sc1gr1.6
NCOLS 261 
NROWS 433 
XLLCORNER 336357.134 
YLLCORNER 654653.479 
CELLSIZE 1000 
NODATA_value -9999 
[rows 264 to 285 of 433, columns 200 to 249 of 261]
55.828865585841 55.3803007396612 55.3725757578716 55.1308222189782 55.086804066648 54.9366128952021 55.0574922113402 54.8741055874156 55.1895379330311 55.6030252104709 56.908384341232 57.0928293010305 56.1368736115762 55.3574994206556 54.4237470992088 54.1544644666669 53.9464198537099 53.8624908536683 54.6056578142142 55.5724583485661 54.6466613410133 53.4654968621581 53.5923493942748 53.4233681504668 53.213586220712 53.3312706509746 53.5678367916255 53.4482438592086 -9999 -9999 52.6499420281747 52.3943554869231 52.1738031704203 52.2873013376786 52.6321256665141 52.4136403622352 52.3626869277907 51.9522230300021 51.9353241071846 52.171871014993 52.0529559964465 51.9363005719509 51.8690530969524 51.7430437906015 51.7461077361168 51.5404048679415 51.5154570472151 51.5211243682012 51.3657935001072 51.3313640695585
55.5095027117828 55.5060446151203 55.5761337302061 55.5011619106032 55.5101756129426 55.1597181926922 55.3721066006444 55.2711746080043 55.1623582165919 55.2418388736081 56.3481906147316 56.2789011118224 55.0001144394649 54.7833522660268 54.2494855454551 53.8883226268727 53.9143027132901 53.9248932509949 54.5449627662814 55.226690206017 54.5370050975093 53.5336471059716 53.7203075084325 53.2932310698289 53.4053776968642 53.317318913956 53.2835638108729 53.2897568886233 52.8045480768709 52.8852422500951 52.7357635895544 52.7551837717946 52.4341710650692 52.6321726224974 52.4974664012969 52.590605318864 52.3459116415139 52.0429440928981 52.0250913852787 52.0787971733359 52.149484321975 52.1081226473303 51.9998971102607 51.7324193485492 51.6823968798006 51.7136546396429 51.6137933123923 51.4352164931127 51.4361859460894 51.403543399571
56.0325978095847 55.8982330143533 55.8293070599106 55.9922484255717 56.1845018717988 56.0580950510365 55.6589305973109 55.0697521014119 55.0250536806032 55.239510225877 55.4544743748581 55.4093485794029 55.2466805616419 54.8237063584692 54.4599157319732 54.6968030943362 54.7703093600775 54.7059051635509 54.3987088430446 54.0134995670601 54.172915810371 53.9598101195833 53.7444776981292 54.0137479203721 53.6561030394148 53.5490027783826 53.1378247407139 52.9965990848915 53.0678356762137 53.2630508232635 53.0480347402637 52.9601392120604 53.0382464087142 52.7421712907231 53.0461635652431 52.8494985201317 52.7426260591706 52.592883251707 52.3850989737499 52.2981666879046 52.2351259319851 52.3163192179571 52.2830115349443 52.1252782555295 52.1542950378725 51.8452707290088 51.5909029562498 51.6172942304624 51.6521407079476 51.7270733514444
55.8675597294399 56.0633629052705 55.9762691727066 56.0721128006741 56.4298487915111 56.0998788664665 55.6529177601769 55.3963311016751 54.9459352684052 55.5458601282797 56.6881159764254 56.342251326102 56.1639666015792 54.9371892976673 55.508087183953 55.9041224308747 55.8456259961649 55.3076659892581 54.4878663926772 54.4010675216391 54.3801840681284 54.1507991950176 53.9667527060151 54.0357374643474 53.8513995730036 53.5962746020328 53.4757390586331 53.6669875821075 53.500614943202 53.3698508122368 53.0877245597769 53.0457335852997 53.2532768932089 52.8109686333848 52.9452170582071 52.8385600680046 52.9419464996624 52.76470034315 52.6302695396718 52.3468723505172 52.2336058442235 52.4348428818845 52.4471435270256 52.4124330515865 52.2718565659761 52.2076269248569 51.8420895599001 51.59863876712 51.7130361280977 51.9165970145755
55.7149933444564 55.9217072123577 56.034154268841 56.4458780373551 56.7753616519033 56.0498524011417 55.6273981135235 55.7702041607711 55.3612395857496 55.8096697565422 57.0794566004832 56.9334972572837 56.2131439628555 54.8859667211319 57.0823532011701 56.9838195477013 56.315010598649 55.1538719627573 54.4753803716562 54.6816588535515 54.6385821095236 54.3168168850068 53.9983833786341 54.1079550498335 54.1177840328962 53.712647084796 53.7746898667728 53.8564187413029 53.6552414176868 53.4541551121966 53.1937321398108 53.2945918293745 53.1504407107006 53.0825832119653 52.7912097232681 52.699764734606 52.8454782460794 52.7372336414304 52.7496988034546 52.305625827347 52.2559172750563 52.2767573403251 52.3871331744102 52.5543790523473 52.3390036494319 52.2863670274877 52.1447840595994 51.9288966947139 51.8900621433082 51.8437060430533
55.8615650913846 55.8863491846958 56.3347581617304 56.9985315342479 57.1306349945455 56.2815592510385 55.850823360876 55.7830200428569 55.3859619065956 55.2740343572752 55.8327322838684 56.2289547920073 55.5953313160516 54.915647779437 57.0718707451449 57.124419750748 56.5189757929344 55.8275598697236 54.7206682689094 54.648684451916 54.5048663708518 54.4958035277061 54.39547960392 54.3017335108785 54.4651543234799 54.0379248212822 54.1306447916051 54.2923993181383 54.0920681418603 53.378830693997 53.2457603415359 53.6436103896649 53.2818517956961 53.0084543129872 52.9600321492374 52.9464646170139 52.7272682925189 52.9435191280448 52.9077198242403 52.4625974844798 52.4029163839966 52.5354450054318 52.5336674145018 52.6723669225621 52.4215292672477 52.2990507379874 52.2246974128246 52.1200082492789 52.1710915667542 52.0931910001974
55.9473173463262 56.1224873190058 56.3638270446379 56.9918660732375 57.0774059970666 56.4718888272602 55.9011604816939 55.7958557915784 55.3737995792551 55.0976705658452 55.3062825275662 55.476699512752 55.5367837974638 55.285929640826 56.6609727423607 57.3804261192391 57.1566665904516 57.0396116143683 55.5880665167297 54.6140006787853 54.634530953588 54.7636321431445 54.9458064996978 54.4185873281601 54.4372325420011 54.2606547160547 54.9333305446426 54.4814821589243 53.9041425836149 53.548147664482 53.6652293705588 53.6912917318409 53.2239789584852 52.8943487053141 53.2844356569115 53.2547144445155 53.0002184514857 53.1915653352127 52.9773694455526 52.6852370642032 52.6742471567518 52.877013260781 52.8084951526588 52.6849457674119 52.3811414113851 52.4075973250794 52.2785854189555 52.2136111173492 52.3732924687877 52.3212550040595
56.023438926158 56.1995428799238 56.4085863655542 56.5716607509401 56.9435872814734 56.5025367178401 55.728894709069 55.741432430087 55.5443542479396 55.2206800221768 55.4431877241272 55.3813981997713 55.6322408690258 55.6873506390871 57.1322651547656 57.8945442108245 58.1323674922821 57.9793433195354 56.9411271106519 55.9505395625813 55.1618240693013 55.0351418211081 55.0468232496631 54.3163593143049 54.2467624772523 54.1739972953401 54.8705388577216 54.0799494469439 53.6346780737804 53.6274289938272 53.7475567922833 53.5161835308711 53.1826817835371 53.1520366502411 53.3193611282975 52.9873626810996 53.0437834142421 53.2364673020724 53.1890703949364 53.0852877134682 53.0603652841562 52.893483861931 52.6574129226522 52.7175069740927 52.433237661278 52.7188956647506 52.4122569735305 52.340690252232 52.2822303355923 52.3783515033692
56.1244055747328 56.5998811766006 57.4243512779872 56.9555477975467 56.8183588209902 56.5677928793648 56.2587703526365 55.9238070427689 55.7122984688637 55.476809616618 55.692868378189 55.550236309658 55.4576012827602 56.0026163868189 56.767813038691 57.2545121262413 57.6493179294736 58.2248493434081 57.6747125903343 56.6353184828905 55.140428039114 55.0843417569085 54.7178495713776 54.5022615923681 54.3679351380957 54.0280730676963 54.2293741344119 54.2130406341053 53.9846349497575 53.553031530634 53.6285411241044 53.5241187312489 53.4368995348761 53.3468644522319 53.5200588350148 53.2679373501336 53.1832772084169 53.0379860010406 53.2837097063138 53.2255083946605 52.9818286213347 52.8561697923767 52.4739491231863 -9999 52.4294878413512 52.5609558102391 52.4729597145644 52.6364130088543 52.2345562432116 52.1998324173054
56.551119513344 57.3086067235902 57.8715742262618 57.7469200048435 56.7867758891955 56.6115244676834 56.4450162872479 56.1164446819096 55.6812117201811 55.721253845445 55.9379262490735 55.8718477265011 55.5005084600336 55.905446830483 56.1076101798619 56.4475161662408 56.3848026914674 56.8807917436368 56.3325808477848 55.5998936002592 54.8335948828528 54.7307518125015 54.5662107293932 54.6258061215558 54.5294122759153 54.104347154226 54.2458135492256 54.3512239356639 53.8960249563548 53.5654675953576 53.6281617758462 53.8398791210465 53.6692003759993 53.59331834027 53.444873210651 53.4810293291629 53.2756749662434 53.1900949626758 53.2327120606522 53.2247176175379 52.9589319988437 53.0691256735921 52.7609258241102 52.438746880562 52.4386322728692 52.5099282922875 52.859736258355 52.8289739062882 52.3255187968439 52.2202357852599
57.285197548946 57.878581450953 57.6434271381921 58.078324713179 56.9417218039908 56.5033561802277 56.1738787373053 56.0076465738917 55.8596329058513 55.8737762307829 55.9213223177815 55.8859583452228 55.6389847245787 55.8917759969902 56.5034045616473 57.1074264625229 56.5807904146453 56.5427952467971 55.9351801442677 55.8772902524749 55.7761952608184 55.4947653902838 55.5580005776792 54.8830603733593 54.7154659376385 54.5280217493303 54.3054707305901 54.3394028614079 54.1441293752707 53.9886461816074 53.6138674021044 53.7145139713258 53.7310843981748 53.771357606938 53.589648541274 53.511922347965 53.6575180546356 53.4488562030225 53.43300871467 53.2102442028455 53.2703509020736 53.2823163115945 53.0321793826878 52.8583993820623 52.6671162279817 52.5055226485793 52.8454833063685 52.9443519685373 52.6348074171819 52.4117728341429
57.216043554298 57.3971999993114 57.6163874451441 58.3975001370048 57.1643323586159 56.8799727664774 56.4530098876592 56.0913706455086 56.1633099493817 56.0153113899538 55.9786386888333 55.9235481117534 55.7841265623565 55.937074389682 56.6831054534126 57.6417736862383 57.4944068145703 57.6407750002538 57.1865529352519 56.9439820052665 57.0361881107054 56.7323972338404 56.733111386771 56.0532554280966 55.7492540376739 55.0414135111485 54.2087497451358 54.1984241608614 54.5237260676069 54.2781708436939 53.6930912578662 53.4763087769127 53.5536286060795 53.6098795341729 53.8079611011127 53.8201383363235 53.7553291016778 53.4690205684355 53.2484026374011 53.4275719069206 53.7584360195997 53.3172006955495 53.2171818476993 53.0167670337043 52.7243276182039 52.700935821735 52.6391626779236 53.1123947855783 52.8440254950704 52.576634167447
56.8853583905019 57.0391317224242 57.8582873474337 58.3699943124534 57.0740153006005 57.0122930724244 56.4732877519511 56.1923753934523 56.1788984934446 56.0119223577682 56.0724302328454 56.0276485860484 56.1120227058124 55.9452892382186 56.2120882045143 56.6751159972458 56.8035804170796 56.6062389693894 56.847282083928 57.2967327479621 57.1189307513558 56.856461708624 57.0441715451002 56.8504874677459 56.7336743988706 54.9149319498546 54.2233627625035 54.2832945639577 54.4794950332595 54.2727311189715 53.9745269800787 54.050972260832 53.7678713604987 53.8053721307085 53.6736754872654 53.9814287932151 53.770406295785 53.7547750377676 53.4843839994905 53.2948815517114 53.4199940379937 53.2622670812535 53.3332833515085 53.1205806504046 52.8924772722062 52.9788432456185 52.9426494533104 53.2171747809476 52.9493131530125 52.8098036447279
57.0021097926928 57.1865029721978 57.874073907034 57.7074727643147 56.9114649017964 56.7264132421648 56.4463163457851 56.157177518488 56.1454590708079 56.191375989772 56.2267566620085 55.9829558540206 56.1490443586808 55.9758288090006 56.0623588897818 55.932372955793 55.9527921725092 55.8513160435852 56.43680835003 57.0401452095277 56.6663208841113 56.4985658671232 56.7002020428123 57.1866564375901 57.3179972020657 55.6369291535679 54.258527124477 54.5143385263813 54.5031595909281 54.3009039286655 54.2947530738838 54.3118724320924 53.88679654444 53.8363646431388 53.7946335567914 53.767786523817 53.8631120904741 53.8551272570502 53.6874335744859 53.3245848607212 53.0587547575993 53.3780766129374 53.4244489099887 53.3716413266003 53.0807865466122 52.9883254773479 53.061833969915 53.227329888998 53.0702451373366 53.0049741162642
56.9427672531777 57.3615272465408 58.2491124015876 56.9114357676036 57.1751761172687 56.9082634969541 56.6205798835162 56.7026691877031 56.7953384928684 56.7281990602406 56.9990305321432 56.4548079630573 56.246075736275 56.3401250751919 56.4117750811958 56.331522563812 55.9708302366795 55.8401892203682 55.7786016117768 56.1718172011989 56.1481922688106 55.7195820353381 56.6258225016669 57.0566282795518 55.8104597886093 54.9276156968306 54.9016157616086 54.6117298601594 54.6815452141118 54.6028310445444 54.3012814112113 54.2713177095215 -9999 54.3039143512416 54.0805821074868 53.8488574844114 54.033721139568 54.0978092624799 53.9139370866355 53.7295175674455 53.5248979056469 53.5124499905187 53.7965734974795 53.5615763036139 53.4941041052605 53.3542957398281 53.144785640193 53.170893554663 53.2765825290798 53.2391560513736
57.3257741553418 57.2184164494769 57.9694855096372 57.6599364202172 57.01338111516 56.9936827355077 56.7483394908238 56.8942236267612 57.1041113112897 57.4893712538577 57.6144787497566 56.4263722480725 56.3280400544807 56.1289031259504 56.3858270371009 56.6499719198461 56.2412183251255 55.9174776549134 55.6766693240141 55.7474314395884 55.9197995405547 -9999 56.7049915433544 56.5859927543572 55.2706275555363 55.0118716974004 55.0565271134675 54.7167555846411 54.632979628604 54.6808602164328 54.5270431168707 54.6678371506555 54.591935327633 54.3957335363944 54.0395169505929 53.9098710833889 54.4038980145296 54.0306022996145 54.0340959610513 53.8819659989571 53.4813780230795 53.4566774138176 53.559909781529 53.6761379479445 53.7115927423124 53.6243624714724 53.3689283836536 53.1250015794999 53.3987764226007 53.3304276136401
57.4644302546736 57.3394479526332 57.4854498547566 58.721588471405 57.6353518235934 57.1392893879499 56.9578283958778 56.8719961946675 57.2075421479499 57.8355712046346 57.8630930462095 56.8197332899866 56.5091717218649 56.0632914457468 56.2401281913721 56.4102099939735 56.4682949837889 56.1704573046582 55.8293036652078 -9999 55.8869760973821 -9999 56.9428982720356 56.3318201511583 55.0768497391872 55.0146519347436 55.0673778516576 54.8962593580337 54.5896495614258 54.6910548928506 54.6484876158006 54.6298078783722 54.5901177844598 54.5740920889006 54.3320694744866 54.0989895522101 54.1889782001852 54.0558762687751 54.0967637339005 53.8635992872404 53.580167740345 53.4746944582994 53.3574331045407 53.6193554361516 53.7919804286237 53.7671321034393 53.6022356439062 53.3766499608883 53.2902333489775 53.4157664179816
57.5310767284765 57.4368320825899 57.4646165928265 59.0496830793002 58.6959805723363 57.6855009799057 57.2368936621331 57.0133603678077 57.3379444167508 57.663378905593 58.1775435726536 57.5835814044697 56.5083301290215 56.3403649415629 56.3734655104554 56.6240795599248 56.6486843628412 56.2348506733978 55.8690317207146 55.944725235012 -9999 -9999 56.0950064186841 55.5560937870575 55.1656703229122 55.2062548226321 55.0752493042147 55.0043541190653 54.6619645071651 54.8888685211784 -9999 54.472909273392 54.6762597641125 -9999 54.3327930238407 54.2918694536313 53.7837593028572 54.0877652956187 54.2483277859365 53.8867220338899 53.8007858620721 53.6530491089398 53.5635804422429 53.6619606645904 53.8764856457066 53.8345820648898 53.7497113329306 53.6709381526584 53.1966294760491 53.4971700648892
57.8286998210384 57.3458293574994 57.5755768684545 58.9428333141106 58.6359991406925 57.7760582159985 57.9064703192129 58.4164936657115 58.5103796564937 57.7967956231906 57.4115297696608 57.3770523457224 56.9077343587014 56.3975161957951 56.5211423618602 56.9717398492023 56.8023825787615 56.6095505173914 56.0209780686877 56.0424670900592 -9999 -9999 55.6753312090846 55.5550968029344 55.458075654025 55.1895463969866 55.2571831216367 55.072584483484 54.7619158079436 55.1424085854866 -9999 54.5852936189718 54.968384158136 -9999 -9999 54.2494174105266 -9999 54.2682019420381 54.5067649634431 54.2003308308418 54.0790107679636 53.7461555655279 53.7223850730777 53.7541619788518 53.9142963108276 53.8444157400511 53.81523704809 53.7441103147596 53.4097088462111 53.5155439785497
58.2932060006961 57.406046831476 57.6710875777396 58.6610052025696 58.2502948638151 57.3796805159229 58.629992965069 59.5978245448427 59.78937103258 58.902987724831 57.462374746362 57.0406611061847 57.2247187115546 56.6265060539596 56.5924869896048 56.8910650047969 57.2190776499073 57.380623537233 56.6051431341533 55.9542443383743 55.6352214086142 55.7101984072135 56.0126796388177 55.8942212138889 55.5657269293318 55.0420458754303 55.4025994728994 55.1125066808163 54.8489336232233 55.0925741473004 54.8046678682563 54.7914942237371 54.8848525933689 54.6801189342865 54.6388492384915 54.4249346342092 54.1747236324867 54.4732475289196 54.6772584758448 54.528559858098 54.3742101287236 54.0349801799645 53.8408826524747 53.8578688091951 53.8790793445878 53.9105199768611 53.8447935470048 53.8286454098419 53.6443877334766 53.599568429027
58.6449257136318 57.7012233819418 57.7949265156579 58.3102690129153 57.994000082892 57.5400463731632 58.9434568998471 59.8355708599327 59.9632428619433 59.3354374765725 57.8201956586097 56.8253808977057 57.1587340792055 56.9298108431412 56.5725565806047 56.8489980465876 57.3325178255997 57.1494193101274 56.5619405363844 55.9060384800108 55.7575186099998 55.87730420532 56.088960772493 55.9778825395159 55.6972788325475 55.1822518542303 55.433748943888 55.100546335121 54.8591719860525 54.9378344032542 54.5400792556825 54.7700850991832 54.9034609122825 54.8949173014241 54.9642483548364 54.8257416213818 54.4472788770315 54.416142462513 54.5746539962311 54.673688737394 54.5137460497077 54.2643322165821 53.9131619163587 53.8794771942318 53.8664774283117 53.9793988753426 53.8779169849625 53.9185166878546 53.8486604779245 53.5675833160456
58.4765449258683 57.9490446558704 58.1375552755799 58.1983789010717 58.1905959562529 58.5734115273394 58.7209152377874 59.5394890122128 59.6103616357641 58.410416756864 57.2730903999862 56.8326320811057 57.093426189266 56.9645983826207 56.4913584075929 56.886395124714 57.1825788867951 56.7223978801363 56.3710903544788 55.9328414144179 55.7251311359862 55.8167729083397 56.0507255196016 55.9866026116272 55.5341892302947 55.2758893794832 55.4617081282972 55.3357685894294 55.012314164923 55.0709780500085 54.9251332444233 54.9445928983494 55.2726323191337 55.2296751894575 55.076314910185 55.0226754564202 54.6345690204527 54.3180146473716 54.524980808441 54.7597948513009 54.6369583350786 54.5042247940435 54.2193600909948 54.0895222913251 -9999 -9999 53.7121509533301 54.1147093299725 53.8454801705445 53.7218326142543
