rcp8.5models/MPI_ESM_LR/sc1gr0.0
NCOLS 261 
NROWS 433 
XLLCORNER 336357.134 
YLLCORNER 654653.479 
CELLSIZE 1000 
NODATA_value -9999 
[rows 308 to 329 of 433, columns 200 to 249 of 261]
82.7494993144434 79.5418142945029 77.4505458460731 77.5206814666889 76.6300997051126 76.2172739741017 76.4375706565151 76.1986410939287 76.7660244381124 78.5319826216501 80.9667703708716 80.726622025731 80.130382809958 80.5328710214742 75.4191174013085 74.760621416095 74.6950889483608 74.952055686162 74.2395703657835 73.7444224833629 73.5251632585083 74.1769711440655 75.3216129096629 74.9636981793103 73.4045407283797 73.3401338095166 73.0050760247645 72.9223241844589 72.8034616271577 72.3821637274273 72.1830289353391 72.0431545315691 71.9924088392372 71.865073914401 71.5468624875176 71.1509695813403 71.1198933599635 71.4083581592065 71.1352745398892 70.6893335523212 70.4944953741718 70.2077399957991 69.9172938818961 69.7454771625126 69.6656129198063 69.5003167695332 69.105473588873 69.028993088 68.7690123264856 68.6169387343378
80.4757726895346 79.0923878460132 79.8230472441899 77.3446024561087 76.6091784381742 76.5640112570184 76.496130072796 76.7597330182582 77.9884936010423 79.1154083289478 80.7613786726976 79.9200088104864 79.7216879355967 80.538184244218 76.2323004994015 74.7562201688917 74.5204000998293 74.7255942203862 74.1606727679344 73.8094926895727 73.9258435852022 74.6848217218534 74.647902878054 74.9341165269377 74.5214484915938 73.2132326192682 72.9621868960492 72.8392927061964 72.7336398056537 72.4151835111009 72.0176646293764 71.9767096271113 72.0431564237641 71.8099997921618 71.6083420025078 71.2648121144281 71.0103084153999 71.1173481023294 70.941525615536 70.5670584618319 70.484566667721 70.2598017176188 69.9566975950686 69.8225752785135 69.738830825687 69.4389130880706 69.1860493366304 69.0314407006163 -9999 68.7544270438653
81.0211066189478 79.7673572446104 81.8029524278026 78.0774517100084 77.169630050286 76.5133200457845 76.9106552864423 78.2193593247563 79.5178659492112 80.1138426962426 80.8213053919199 80.0426115154269 79.1540039226559 79.2670815122867 76.8068287956767 74.8681712737489 74.388263810236 74.1876006768534 74.0031085024272 73.8290619010418 74.1315482304564 74.6009892292057 74.1126024105958 74.6896281274713 75.7903559040441 74.6487571159447 72.7476277697915 72.6723120759059 72.4830698631872 72.2979988562625 72.0227431789243 71.84988784685 72.001445021816 71.7797839707677 71.4842745335211 71.29791396618 70.8921283415626 70.8539954250686 70.7496670247589 70.6103674591906 70.4963110154655 70.2289640753928 70.2130114802028 69.9035155137727 69.7304670809931 69.439686602157 69.3047273069678 69.2991162947982 68.8572449067319 68.5956674903731
82.0317253067347 80.7570690705853 80.6773598024588 78.3857130209225 76.969259969293 76.3942826891724 76.8797678549416 78.1129723269226 79.5875016156479 79.9406843334051 80.1531433689931 80.0854107790077 79.2459896913505 79.1639060657818 75.731270679115 74.8853876833779 74.4957194239025 74.1841360248471 74.0167857069555 73.893522620564 74.0412689423293 74.1450436688555 73.9076208367978 74.2486877972325 76.1210820002642 75.4825851916303 72.6253726851566 72.4229100132497 -9999 -9999 71.9097547906143 71.812508092193 71.7523170046453 71.7522725898479 71.4090001784237 71.2184885064802 70.9062215250522 70.7605936878445 70.6596849886354 70.5651933657701 70.2995400025962 70.1128764399613 70.2853195146308 70.0617595372501 69.9343724123787 69.7166552921082 69.5641811257399 69.2762429712219 69.0273480369312 68.753820728638
81.036596169035 80.1633408547837 79.2342195224832 77.5330844914888 76.4037413748043 76.4707132206507 76.5271296249614 77.1925452922169 77.9150335168655 78.1007066494947 78.1268587451065 78.4587226850736 79.2645456539244 79.1044690551375 75.0482753711675 74.7507647165164 74.5428758718668 74.2024499436178 74.0922404726406 73.9910693810873 73.9444826530311 74.0707104920699 74.0816022134356 73.9215329142768 75.491869542771 75.3830160834054 72.8371231467587 72.6400837472225 72.2642725009061 71.9824536856245 71.885386929323 71.8220721314652 71.646612969071 71.7414312907435 71.4319513069328 71.1607774771058 70.8634482554375 70.7778979473119 70.6457671093966 70.4705266052722 70.2622840247268 70.1681546104242 70.1282015988285 70.0280955312176 70.0223026100474 69.9102696202062 69.5448434886191 69.286164023267 69.1357733879801 68.9689122708055
81.6111276093041 80.1468692396685 78.2199842023173 77.0903489730015 76.9978671776025 77.3324985945847 76.8970334945175 77.0277452284815 77.8463754212877 77.5341876065146 76.8086995804158 77.1835728685233 77.449729246137 78.97844074269 76.9620669889505 74.8139255829 74.4340733213811 74.2292259908908 73.9643416192372 73.9367779424627 73.7475674465511 74.0014382246611 74.3896463800114 73.5442867553261 73.661889038227 74.1961543701541 72.9766807028228 72.7002718750087 72.426329302535 72.117683017302 71.7772517628716 71.6924462233716 71.6206082526478 71.5744447607691 71.4785597176705 71.1658702383383 71.0294953689133 70.7454911470202 70.4919076526178 70.2380657249507 70.1481775549384 70.1155345308322 70.1073612069772 70.0215371420892 69.8688442648035 69.7745904684208 69.5638750539807 69.4029433816382 69.1644344074123 68.9397344731683
82.4503941333219 81.6670217036837 77.8532681492177 77.1290207953933 77.2953943553744 77.5722032247508 77.2623620554844 77.2121989913979 77.647995843355 76.6764650485929 76.6042791915999 76.6380256734693 76.1232953619428 76.4761436939362 77.9087700320775 74.8824767053251 74.3281386402782 74.0377703925978 73.9405957026386 -9999 73.7424087239371 73.9209927415128 73.8221869234989 73.4441634160038 73.2274380185731 73.1264533880783 72.8253533142322 72.4314569968257 72.3248842962343 72.0850464759748 71.8637700043373 71.674767228465 71.5530757726912 71.484935630495 71.4874952042834 71.1595643860639 71.0661104301148 70.6816557961188 70.4585541372098 70.3303533024738 70.2063480305378 69.991358190204 69.9873132011734 69.9152117916985 69.7567829980289 69.7175701423921 69.5174062246387 69.4265121172797 69.1310135857173 68.8802915120382
82.5528426702276 81.9012115601108 77.9237904177072 77.4282407797708 77.5170284982909 77.4920606918345 77.1259254655566 76.8186030211417 76.8529516699129 76.4613074792717 76.4804183653211 76.3833452868521 75.9873755095825 75.9615045732393 76.4352164023605 74.8606146474318 74.3073651001295 -9999 -9999 -9999 73.8338392331392 73.8769201161462 73.7662247378413 73.3830901876835 73.09064814049 72.8302274491296 72.5596240859136 72.3958069619172 72.1417882932182 71.979667167771 71.8934510322007 71.640345316111 71.5239507236994 71.4287838411455 71.4005139999751 71.2489634734312 71.2452329311364 70.7686308398186 70.5840303441484 70.415193527139 70.1186649918932 69.8849200526971 69.7972535160222 69.7125862986063 69.6396202790583 69.6655625934467 69.4173481728144 69.3769998040494 69.1374805310273 68.8458743344872
81.7624681516406 81.3951854067492 78.2510206460908 77.6026488364359 77.6599215558594 77.4691600060439 77.1862910966056 76.7121623894406 76.4785876847877 76.1598055369009 76.0857326158048 75.9893413178033 75.8714517680851 75.9165490850914 75.0182339461592 74.6883706737271 74.3750821093532 -9999 -9999 -9999 73.827866271912 73.6268427289629 73.655617674867 73.4429800913611 73.1216491421751 72.8247569444009 72.429757986326 72.298920430433 72.0475401675468 71.8666843804391 71.7585886026192 71.5837511980993 71.4522553427526 71.3237327236625 71.3253411781395 71.3523651033473 71.3074643799801 70.7543118349414 70.5286881883282 70.3753417347645 70.051127240152 69.9083527000906 69.8224460442314 69.6761872254005 69.6571466208641 69.6217628852204 69.3569889005248 69.3038907864512 69.0762712057936 68.8669110387793
81.2143437731151 81.5913785526323 78.8351533677663 77.5495466922929 77.749173757561 77.893876165881 78.3386434606791 77.4440697047018 76.5633461736667 76.0197359926023 75.8175947084998 75.7991902920198 75.6434153244662 75.7311128937944 75.1606861283463 74.8126193593413 74.5024109535824 74.2352037689898 -9999 73.7101127550156 73.5598224672145 73.5590349815055 73.6709174372054 73.5069447523183 73.182073774574 72.7838702314569 72.4346757807323 72.253378688962 72.1636527005433 72.1167931274017 71.8091950381643 71.6511536505567 71.5082873838537 71.2813561105001 71.188944455885 71.2550069120748 71.3561203717453 70.8098192310028 70.4532531919011 70.3364548325955 70.1175297300824 69.9792002603452 69.9080492337977 69.7314501086007 69.6522645777668 69.5831998150747 69.3778686824485 69.3373357174527 69.0463579723304 68.9146779474664
80.5117814867645 80.0864376232687 78.5985526645583 77.8384289906476 78.1747243044935 78.4169182285627 79.3802816183759 78.6004577092319 77.6072027703994 76.3758387159816 75.9633310836966 75.7147521778284 75.3748663233756 75.5550455995871 75.1299112494959 74.8148056725097 74.5114880948009 74.2062458517104 74.131820376401 73.7147113918773 73.4395174326988 73.602198617834 73.6423726566599 73.3713268309814 73.0333088750731 72.8268701613469 72.9118846258719 73.0710475658551 72.2644498507683 72.1905501374995 71.795093861355 71.602989671141 71.4384311306951 71.2928285013916 71.1206495835305 70.9841048245988 71.1206087523778 70.8856675040412 70.5124008379357 70.4369316576702 70.3055817364409 70.0951804040344 69.8857617914572 69.7334287371481 69.6155748481857 69.4924911043453 69.4334986649046 69.3471404719173 68.950315331848 68.9667307389489
80.3694900147552 78.4955496969872 77.8475787535322 77.9028852107692 78.3283085617487 78.4025853644077 78.8575837003558 79.0384274830124 78.1648831120036 76.6186367424322 75.8988402737969 75.6413941267068 75.3551155185116 75.3904855373789 74.8256431550658 74.4652055087088 74.3502763904183 74.1389269287126 74.0201162812554 73.5842164171915 73.4024657773383 73.5247518186896 73.5369691704934 73.2227147489338 72.9348433084957 73.0320529858717 74.0039283939731 73.2579898241356 72.4456705464188 72.1607554344463 71.8026614656872 71.6537017094686 71.5055473432682 71.2749816933915 71.2760259175614 70.8753620569538 70.7958799910498 70.875624445935 70.5267759923538 70.4577291680658 70.4163064595119 70.1267677533098 69.8600004653324 69.666428047976 69.545090302215 69.4699058921879 69.4659979233871 69.3114816456032 68.8654446180496 68.9245120362039
79.4857391448318 78.3294542233708 77.7096653692791 77.8932139925581 78.4053228503499 78.0664804128277 77.8715139673741 78.5455018436018 78.0436126202293 76.6751769697118 75.9110042956992 75.5533107675422 75.2787735232442 75.1609206427994 74.7145954420648 74.2771693204833 74.114707975538 73.9382356416202 74.0055081137659 73.6248569541944 73.3783127653477 73.3078464178378 73.2603746794557 73.0718965276745 72.985350825782 73.1682370542409 73.807737531433 72.7873546358172 72.4604515087026 72.163887899951 71.9784899892172 71.8153606981631 71.7501236605686 71.4310330352129 71.1961246667023 70.9089987588484 70.7259753186415 70.7335082925602 70.4575219572293 70.2284695330738 70.2476128315075 70.0001241996207 69.8895626432228 69.7385251967674 69.59040864631 69.4999895454782 69.3989617866255 69.2898533433071 68.9675156481458 68.7448222884468
78.1836748356495 77.9452883069257 77.6322089857837 77.9437234910207 78.2537463716161 78.0590035034935 77.4135207996468 77.6890206452228 77.9872909661743 77.3662716838572 76.9213460290388 75.6408744184625 75.0484732067323 74.9989349681506 74.6058443036914 74.2311599881945 74.1350928131572 73.9000794173548 73.9635650398117 73.6009818371581 73.2855037419503 73.1224170009874 72.9468431050018 72.9287137879199 73.0827757944739 73.0617548466617 73.0142875788309 72.5465198658107 72.2692469976495 72.2727471077513 71.9904533320913 71.8520397884959 71.7130910887744 71.4150127646606 71.280599822047 71.0667161043005 70.952745891484 70.4956886550471 70.3609247349528 70.1705081216821 70.108193102581 70.0084267236697 69.9036769621781 69.7411382891275 69.6275965418695 69.5058484403388 69.359269474132 69.3040684681077 69.0878690241054 68.8046526642789
77.9496771188144 77.7018494625739 77.4981551134455 78.5998102462664 80.0920217908568 77.7923907717574 77.1283020020343 76.9637933657441 77.2928834708468 77.4123991523828 77.3297035935674 75.545379366515 74.9579221403585 74.9050679282049 74.4428794190102 74.2338567995822 74.3991428488542 73.7896108594291 73.6941208052234 73.5046254976981 73.3007843411113 73.0886513165265 72.9946205132367 72.8838042863992 73.0547183598603 72.9130267715021 72.9585632703121 72.5802216168168 72.1139172710419 72.204894992871 71.9214592070144 71.7447001379135 71.6375121806991 71.2909778127778 71.2764855238573 71.0176473219363 70.8928021442392 70.3180060711391 70.2575684955656 70.2233354987343 70.0243537467577 70.0378587060217 69.8787632380317 69.7253472412072 69.5603773329885 69.4365778933341 69.3376421536852 69.2867324409327 69.0569811809371 68.9676801738836
78.0010814153481 77.4986267406331 77.8271925281453 81.6661187544929 83.6584501552529 79.6132050486217 76.9796103348869 76.6135754344477 76.4469665350794 76.5644508344991 76.3989146390873 75.3223578560203 74.9564831195025 74.8308925508544 74.590150371109 74.3177799080737 74.3912992390319 73.8111311266234 73.8019468939445 73.7079176866937 73.5097577934611 73.222815157914 73.0314104045761 72.8457811189113 72.8234598189102 72.7501263802529 72.6354897792532 72.5667460558822 72.211038971298 72.0721861753475 71.8618683575602 71.5628660101806 71.5242361348562 71.3488001280027 71.1628511020779 70.90643817497 70.787172965684 70.4602762096658 70.4259025885112 70.3576891288051 70.1920015408098 69.9339631101751 69.8264943387709 69.7189595705558 69.4974480456978 69.3818825131392 69.2619223668765 69.1550509834047 68.9984744346612 68.9093137991395
78.0534311798829 77.5867889939401 79.4094300118973 84.9917798121113 85.5969761738304 82.8534890840778 78.3737420476443 76.4096081748463 76.0973114746726 76.0595274398503 75.5990159197191 75.1555524459869 74.8979384085538 74.8516698103399 74.7104047902915 74.3665780029878 74.3848640186736 74.0423544141681 73.9389250911196 73.8723065196136 73.6761687587335 73.4237682837747 73.0347377715074 72.8371094838058 72.572703269307 72.5742483103622 72.4446206718537 72.440012574346 72.364376205182 72.0025735392183 71.854021842867 71.5565633589888 71.3753785477569 71.3111537814442 71.1449106010048 70.9514443472221 70.7674215556651 70.7069441827262 70.5704363877319 70.2685191370263 70.1418001912618 69.9122302274882 69.9346541794361 69.7660475186401 69.6130588306596 69.4336468466065 69.2409223693273 69.1337804065521 68.8618063595296 68.7701910392937
77.5547053595094 77.4067613947894 79.1705938413133 84.2533051551209 85.7071322543104 85.945648264966 84.5491225269841 79.2817507641677 76.157871976492 75.8970680648875 75.4606509466951 75.4940064671613 75.4731593256611 75.7600367950513 74.4863345377145 74.7703886656628 74.7381277746853 74.2962938708549 74.0250272168957 73.7509063927013 73.5839840277255 73.442365189304 72.9623628001963 72.8772608791786 72.6895022422497 72.4375693864467 72.2140319723533 72.1768811420994 72.0338299356714 71.8931669189971 71.7644252957422 71.6377839032711 71.3044803890937 71.0958844054712 70.8969172279798 70.7585796716754 70.5881098932698 70.3384767549557 70.4953096536817 70.1147385246752 70.013498949294 69.8949047475218 70.0622486205667 69.6882888986538 69.7242930243837 69.5295205625156 69.4183290267582 -9999 68.8202356330024 68.6102333134905
77.3297105808671 76.9319391784284 78.3588183516198 82.2996523149492 84.0309088966635 85.5869692813429 84.9390569325558 80.4785458847398 76.432638805835 75.8417327085022 75.9452222550386 77.1799967717666 75.9921496909904 76.9075340891758 74.5978932715578 74.791774357549 74.7385584209287 74.1090945952652 73.7075261831554 73.7024017883328 73.6012745590929 73.6247322046409 73.0544269797163 72.9272245049505 72.8166742601823 72.6100375576785 72.098732863406 71.9182545126921 71.9397417933361 71.6795853617468 71.5472117023056 71.5697248501606 71.4090225470508 71.0442266901738 70.9187476125702 70.6828226298432 70.5220892410542 70.2785914925427 70.3018887534179 70.1350831808746 70.0140564318793 69.9390373923265 69.9002411661501 69.5337258615215 69.6804224970502 69.5990177669724 69.5430496707044 69.3786678962013 68.8479552160235 68.7499295792499
77.3184674427488 76.8950904859887 77.3636211251242 80.8132734873089 83.0996953866718 85.4688886787857 85.2295110578568 81.7306939660292 76.806689993834 76.1910049404528 77.7429858287195 78.1608014636005 75.7579609388288 76.1447992954958 74.7783589459459 75.2101457112578 75.81046269837 74.195155135076 73.5476273978388 73.3674501139565 73.4660087917904 73.4425724746575 73.0625872922433 72.7870627982643 72.6997400842504 72.565241842626 72.0177075426528 71.7920007043659 71.8816344167291 71.63083814264 71.3955382617899 71.3466869947028 71.2400817174613 70.9503242296071 70.9089724341612 70.8769157615293 70.7164295455361 70.4487119457403 70.3393507733164 70.2685549115225 70.0814682648054 69.9634917169612 69.7052906623715 69.473048707387 69.4663728697989 69.5988506611075 69.3469785649681 69.5456440653672 69.0025629272032 68.7854984992599
77.3389335229218 76.8860595261701 76.7237598269133 81.5485311252192 83.6238964251111 85.2653645216175 84.9380486915612 80.8162121845448 76.5573027724592 76.2985030495129 77.9319866440252 76.8416699020982 75.4203528010587 75.0539261509084 75.1025481783667 75.0980582435166 75.8458222718329 74.8599168376956 73.5976832190813 73.221450965812 73.1934894185462 72.9892294528236 72.8971174784549 72.5535809697142 72.3643987573184 72.3442995110368 71.9975238832259 71.7531057272398 71.7701594773644 71.5266891163925 71.3081956341091 71.2201852547508 71.200007233681 71.0110297267353 70.9487137764159 71.0343750398385 70.8061974283132 70.6659067305386 70.3490698248484 70.1972849760955 70.122735906698 69.9330585021586 69.6418884868728 69.5361885176209 69.4979102983667 69.5177843340179 69.2219385199901 69.3647580502487 69.1149295203788 68.9041592082489
77.1732426286588 76.8673794567554 76.6491849922906 80.537364472166 82.2133936988407 83.2285979258371 83.2367635934402 79.2642419396625 76.3031655397639 76.0654491522783 76.4959304064417 75.7735266148301 75.3631277899605 75.1729204294922 75.02721849716 74.5852237447951 74.7035390028589 74.5591871444331 73.5879069615014 73.3854699531438 73.1072097465568 72.9169731796343 72.8200067088225 72.5158908035786 72.1902017413381 72.2196968613273 71.9058815557459 71.7642131984095 71.7401333436325 71.4680166588793 71.4416406124985 71.3863139048972 71.3856486817815 71.2309679163196 71.083598348781 71.0080643821016 70.8571365550228 70.6154362030225 70.2894158210158 70.1092665184332 70.0313920343485 69.9822102137016 69.6101992068223 69.5142853299719 69.5452801555997 69.4400889445842 69.2299936403782 69.2297567291469 68.9894053322068 69.0043907749638
