rcp8.5models/MPI_ESM_LR/sc1gr2.31
NCOLS 261 
NROWS 433 
XLLCORNER 336357.134 
YLLCORNER 654653.479 
CELLSIZE 1000 
NODATA_value -3.4e+38 
[rows 110 to 131 of 433, columns 98 to 146 of 261]
348.035949707031 348.043395996094 348.146667480469 348.972717285156 348.437957763672 348.439422607422 348.384246826172 348.053771972656 348.049102783203 347.949371337891 347.423156738281 347.511779785156 347.886993408203 347.212585449219 347.646636962891 346.779937744141 346.649627685547 346.806457519531 346.802337646484 346.797790527344 346.792877197266 346.78759765625 346.781921386719 346.855010986328 347.293090820312 347.643432617188 347.424438476562 347.702819824219 347.679138183594 348.389801025391 349.394012451172 349.485992431641 348.605529785156 348.368621826172 348.909606933594 349.805847167969 350.243041992188 349.779968261719 350.067932128906 349.618225097656 349.462280273438 348.910614013672 348.692962646484 348.73681640625 348.246490478516 349.126342773438 349.538879394531 349.527038574219 350.385681152344
348.365997314453 347.907684326172 348.460510253906 348.796752929688 348.47265625 348.4736328125 348.473022460938 348.562133789062 349.081512451172 349.015289306641 348.582366943359 348.118957519531 348.335632324219 347.802734375 347.808807373047 347.707397460938 347.306335449219 346.806304931641 346.802154541016 346.686676025391 346.306945800781 346.787414550781 346.78173828125 346.775695800781 346.850280761719 347.207214355469 347.748229980469 347.654174804688 347.535461425781 348.618316650391 349.586975097656 349.028564453125 348.829895019531 349.140441894531 348.910034179688 349.630493164062 349.631866455078 349.740447998047 349.802673339844 349.037658691406 349.067230224609 349.174621582031 348.866088867188 348.035766601562 348.249725341797 348.815155029297 349.538208007812 349.526336669922 350.502258300781
348.434204101562 348.082794189453 347.872039794922 348.504974365234 348.507019042969 348.507476806641 348.506439208984 348.653442382812 349.499572753906 349.493774414062 349.328338623047 348.477478027344 348.566589355469 348.961090087891 347.919036865234 -3.4e+38 347.801147460938 347.692749023438 347.291931152344 346.722717285156 346.466369628906 346.787170410156 346.781494140625 346.775451660156 346.769073486328 346.965545654297 347.871307373047 348.330047607422 348.409362792969 348.813598632812 349.037475585938 348.706726074219 348.923553466797 349.593414306641 349.359100341797 349.571380615234 349.478759765625 349.937316894531 348.944488525391 348.761322021484 349.145599365234 349.163757324219 349.366882324219 348.837188720703 349.137847900391 349.238220214844 349.537506103516 349.525604248047 350.50146484375
347.890960693359 347.933166503906 348.155609130859 348.626342773438 349.160369873047 349.158905029297 349.155944824219 349.209564208984 349.531677246094 349.525421142578 349.455535888672 349.117706298828 349.170043945312 349.350799560547 348.424163818359 348.395965576172 348.266693115234 348.595886230469 348.106109619141 346.909301757812 347.389678955078 347.268188476562 346.781219482422 346.775146484375 346.888275146484 347.437591552734 347.833557128906 348.275817871094 348.731964111328 348.723663330078 348.585418701172 348.120391845703 348.338836669922 349.103637695312 349.094848632812 349.222869873047 349.758087158203 -3.4e+38 -3.4e+38 -3.4e+38 -3.4e+38 348.702087402344 349.005706787109 349.145141601562 349.560302734375 349.548583984375 349.691589355469 350.099914550781 350.500640869141
348.180603027344 348.236114501953 348.566802978516 348.715026855469 349.574676513672 349.574188232422 349.572174072266 349.568603515625 349.563415527344 349.556701660156 349.548370361328 349.538482666016 349.425903320312 348.863037109375 348.790466308594 348.667999267578 348.686248779297 348.805480957031 348.652526855469 348.069030761719 348.274780273438 347.708160400391 347.375854492188 347.250213623047 346.850830078125 347.169738769531 347.747222900391 347.827301025391 348.270629882812 348.594573974609 347.906372070312 347.251892089844 347.924346923828 348.687530517578 348.813903808594 349.34912109375 -3.4e+38 -3.4e+38 -3.4e+38 -3.4e+38 -3.4e+38 348.741577148438 349.159912109375 349.258422851562 349.559600830078 349.5478515625 349.805480957031 350.524047851562 350.499786376953
349.300659179688 349.579833984375 349.258544921875 348.640716552734 348.731872558594 349.348724365234 349.984619140625 350.572052001953 350.238433837891 350.291900634766 350.445495605469 349.663208007812 350.081115722656 350.376800537109 348.814727783203 348.811828613281 348.808471679688 348.619445800781 347.988616943359 348.682037353516 348.31005859375 348.589538574219 347.661804199219 347.136322021484 347.035461425781 347.436798095703 348.210388183594 347.954071044922 348.858825683594 348.958526611328 347.713775634766 347.704956054688 347.829681396484 348.231170654297 348.094360351562 348.460754394531 349.657043457031 349.953369140625 349.521087646484 349.299072265625 349.710968017578 350.055053710938 350.00830078125 349.3076171875 348.975463867188 349.967468261719 349.649475097656 349.988800048828 349.952362060547
349.034149169922 349.04150390625 349.047332763672 349.822021484375 349.348114013672 349.729644775391 350.05322265625 350.145812988281 350.656646728516 350.648498535156 350.473937988281 349.62744140625 349.681488037109 349.943206787109 349.274566650391 349.181030273438 348.697692871094 348.130157470703 347.989318847656 348.603698730469 347.869232177734 348.227783203125 348.173522949219 347.448974609375 347.767120361328 347.760375976562 348.194915771484 348.288146972656 348.362030029297 348.952056884766 348.167266845703 347.837249755859 348.509002685547 349.171875 348.703704833984 348.585723876953 349.796295166016 349.635681152344 349.480895996094 349.181610107422 349.603118896484 349.552368164062 349.467620849609 349.306335449219 349.088165283203 350.277404785156 349.689178466797 350.054962158203 350.910186767578
348.694061279297 348.699401855469 348.703247070312 350.122497558594 350.230438232422 349.703338623047 349.699493408203 349.852172851562 350.68701171875 350.678405761719 350.502044677734 349.673187255859 349.743560791016 349.716400146484 349.509490966797 349.028961181641 348.5048828125 347.884857177734 348.22509765625 348.120452880859 347.790161132812 347.865203857422 -3.4e+38 347.773040771484 347.766632080078 347.759857177734 347.707305908203 347.727996826172 348.407318115234 348.721282958984 348.619201660156 348.382904052734 348.790832519531 349.102691650391 348.9951171875 348.904724121094 349.757171630859 349.492034912109 348.940704345703 348.865844726562 349.749603271484 350.058502197266 349.692108154297 349.607940673828 349.932403564453 350.430389404297 350.222320556641 350.40380859375 350.804229736328
349.352844238281 349.268310546875 348.825744628906 349.795471191406 350.062286376953 349.734710693359 349.730407714844 349.884063720703 350.717010498047 350.808532714844 351.240478515625 350.704040527344 349.752075195312 349.698669433594 349.071929931641 348.682586669922 348.054351806641 347.829223632812 347.993774414062 348.142883300781 347.672454833984 347.308502197266 347.778564453125 347.772491455078 347.766082763672 347.759307861328 347.656066894531 347.504486083984 348.272094726562 348.720733642578 348.712127685547 348.703247070312 348.694122314453 348.684722900391 348.675109863281 348.765686035156 349.215637207031 349.386688232422 348.623657226562 348.865753173828 349.709899902344 350.163116455078 350.317932128906 349.679534912109 350.134307861328 350.389434814453 349.802490234375 349.530975341797 350.243469238281
349.761749267578 349.712432861328 349.445434570312 349.770538330078 349.768920898438 349.765716552734 349.760955810547 349.915588378906 350.746643066406 350.802001953125 351.11767578125 350.971496582031 350.20947265625 349.673004150391 349.305297851562 348.71533203125 348.201995849609 347.757385253906 347.661773681641 348.029541015625 347.591186523438 346.984252929688 347.657531738281 347.180053710938 347.297821044922 347.758728027344 348.332183837891 348.323516845703 348.406341552734 348.588775634766 348.392486572266 349.152130126953 348.558074951172 348.238891601562 348.674468994141 348.804077148438 349.336334228516 349.385314941406 348.767913818359 349.296356201172 349.600921630859 349.699523925781 349.741333007812 349.143829345703 349.668609619141 349.854431152344 349.570983886719 349.62451171875 350.878295898438
349.795013427734 349.888763427734 350.331298828125 349.802032470703 349.799957275391 349.892974853516 350.306610107422 349.946716308594 350.775939941406 350.765960693359 350.75439453125 350.7412109375 350.6572265625 350.218383789062 349.137756347656 -3.4e+38 348.556243896484 347.761291503906 347.625274658203 347.676483154297 347.113159179688 346.865081787109 347.101654052734 346.893707275391 347.564910888672 348.222625732422 348.743591308594 348.73583984375 348.727813720703 348.6259765625 348.484527587891 349.022674560547 348.731262207031 348.945343017578 349.254638671875 349.345245361328 349.512573242188 348.949829101562 348.728546142578 349.181182861328 349.600158691406 349.588897705078 349.466003417969 349.252990722656 349.554138183594 349.542236328125 349.803009033203 350.242706298828 350.921936035156
349.827819824219 349.886474609375 350.15673828125 349.927917480469 350.446655273438 350.502258300781 350.758544921875 350.488983154297 350.804840087891 350.794403076172 350.782379150391 350.768737792969 350.753540039062 350.574066162109 349.240203857422 348.638977050781 348.130523681641 347.785858154297 347.614807128906 347.117523193359 346.787872314453 346.782531738281 346.898376464844 347.446899414062 347.850524902344 348.206329345703 348.742950439453 348.735198974609 348.858032226562 349.303405761719 349.2939453125 349.284210205078 349.372009277344 349.682739257812 349.534210205078 349.083404541016 348.546508789062 348.342956542969 349.198455810547 349.294891357422 349.599395751953 349.588104248047 349.57666015625 349.717407226562 350.126861572266 350.114440917969 350.21875 350.399200439453 349.671264648438
349.950408935547 350.393463134766 349.865051269531 350.018798828125 350.860900878906 350.954742431641 351.363433837891 350.943634033203 351.341033935547 350.822509765625 350.81103515625 350.800750732422 350.780242919922 350.697235107422 349.584381103516 348.681793212891 348.348785400391 348.264831542969 347.505065917969 346.706665039062 346.90673828125 347.374816894531 347.452239990234 347.770050048828 347.888366699219 348.433715820312 348.870971679688 349.320556640625 349.404724121094 349.718170166016 349.575592041016 349.253326416016 349.691467285156 349.544128417969 348.852233886719 347.942474365234 347.326934814453 348.56494140625 349.620697021484 349.609741210938 349.5986328125 349.587341308594 349.575866699219 349.830169677734 350.552459716797 350.540557861328 -3.4e+38 -3.4e+38 349.714447021484
349.947326660156 350.217254638672 349.990020751953 350.570831298828 350.890777587891 350.9482421875 351.303833007812 351.547027587891 351.795471191406 351.354034423828 350.837921142578 350.825836181641 350.6982421875 350.295471191406 349.623687744141 348.7890625 348.610168457031 348.112762451172 347.534118652344 346.852172851562 347.462432861328 347.781219482422 347.898162841797 348.359893798828 348.439666748047 348.882720947266 349.419219970703 349.733856201172 349.725799560547 349.584411621094 349.029693603516 348.932952880859 349.553771972656 349.000823974609 348.291351318359 346.980224609375 347.181884765625 348.881713867188 349.619934082031 349.608978271484 349.597839355469 349.586517333984 349.575042724609 349.677093505859 349.978729248047 349.500915527344 348.867218017578 -3.4e+38 -3.4e+38
350.454071044922 350.019439697266 350.604461669922 350.924011230469 350.920257568359 350.914886474609 350.972137451172 351.288787841797 351.279998779297 351.201751708984 350.864135742188 350.849151611328 350.651947021484 349.887084960938 349.134552001953 348.800262451172 348.697265625 348.279602050781 347.597259521484 346.872375488281 347.313262939453 347.780548095703 347.860015869141 348.303070068359 348.762237548828 348.844421386719 349.154663085938 349.278717041016 349.725067138672 349.621459960938 349.290802001953 349.378845214844 349.178924560547 347.52001953125 347.44873046875 347.381011962891 348.261627197266 348.736480712891 349.189575195312 349.608215332031 349.597045898438 349.435363769531 349.152282714844 349.715606689453 350.123382568359 349.761627197266 -3.4e+38 350.633483886719 -3.4e+38
350.898223876953 350.634918212891 350.957153320312 350.953460693359 350.949279785156 350.943511962891 350.936157226562 350.927185058594 350.916625976562 350.904418945312 350.890625 350.875183105469 350.676208496094 349.728393554688 349.294311523438 348.682464599609 348.205444335938 348.113159179688 347.554321289062 346.910186767578 347.461395263672 347.779846191406 347.774108886719 347.854949951172 348.299041748047 348.754730224609 348.870269775391 349.410614013672 349.591705322266 349.132781982422 349.260192871094 349.698455810547 349.115478515625 347.259796142578 347.491607666016 348.341888427734 348.897399902344 349.060089111328 348.873260498047 349.607421875 349.596252441406 349.322479248047 348.838439941406 349.676055908203 350.132263183594 350.538024902344 350.525939941406 350.19677734375 350.463287353516
351.015502929688 351.016662597656 -3.4e+38 -3.4e+38 351.006072998047 350.999481201172 350.991302490234 350.981536865234 350.970092773438 350.95703125 350.942352294922 350.744018554688 349.908081054688 349.888488769531 348.844512939453 348.625823974609 347.878662109375 348.202056884766 347.915466308594 346.871795654297 347.313903808594 347.987487792969 348.647766113281 348.303497314453 348.760070800781 348.753265380859 348.83154296875 349.052490234375 348.589324951172 348.401489257812 349.015533447266 347.879760742188 347.284454345703 348.039916992188 348.527618408203 348.119262695312 348.43603515625 348.627624511719 348.873016357422 349.605865478516 349.444854736328 348.897613525391 348.837951660156 349.713836669922 350.236083984375 350.536376953125 350.405731201172 349.764556884766 350.487274169922
351.045196533203 -3.4e+38 -3.4e+38 351.039184570312 351.033813476562 351.026824951172 351.018249511719 351.008056640625 350.996215820312 350.87451171875 350.362487792969 350.2744140625 349.932464599609 349.912414550781 348.751861572266 348.283203125 348.295928955078 347.799468994141 347.58984375 346.788055419922 346.867797851562 347.396942138672 348.220245361328 348.316345214844 348.299377441406 348.752502441406 348.737915039062 348.730133056641 348.626281738281 348.354766845703 348.345886230469 347.734375 348.0478515625 348.817687988281 349.142944335938 348.917205810547 349.224548339844 348.626861572266 348.725311279297 349.179840087891 349.332183837891 348.733917236328 349.257415771484 349.674621582031 350.131439208984 350.535583496094 350.365753173828 349.701354980469 350.486419677734
351.074401855469 -3.4e+38 350.974517822266 350.553955078125 350.958221435547 350.442108154297 350.539855957031 350.927581787109 350.522186279297 350.937164306641 350.486999511719 349.863830566406 349.466857910156 349.822052001953 348.329864501953 348.541168212891 348.638702392578 347.811004638672 347.709808349609 347.135314941406 346.314208984375 346.988067626953 347.984741210938 348.548889160156 347.977020263672 348.622131347656 348.737121582031 348.729370117188 348.586883544922 347.897979736328 347.39697265625 348.37548828125 348.546936035156 348.481506347656 349.667114257812 349.657196044922 349.502868652344 348.626098632812 348.615295410156 348.715087890625 348.908020019531 348.846588134766 349.570281982422 349.55859375 349.818878173828 350.534790039062 350.245666503906 349.669586181641 350.485595703125
351.103088378906 -3.4e+38 350.939544677734 350.055969238281 349.900634765625 350.18505859375 350.74853515625 350.99072265625 350.724456787109 351.032806396484 350.944244384766 350.416381835938 349.656707763672 349.768249511719 348.588836669922 348.886383056641 348.65869140625 347.830078125 347.680572509766 346.902099609375 345.991363525391 346.988342285156 347.858520507812 348.086669921875 347.848327636719 348.072937011719 348.736328125 348.594909667969 348.041412353516 347.6142578125 347.619689941406 348.694610595703 348.583923339844 348.600646972656 349.666351318359 349.656433105469 349.539916992188 349.200042724609 349.040435791016 348.603576660156 348.592407226562 348.694549560547 348.997833251953 349.141021728516 349.663055419922 349.963897705078 349.674774169922 349.379638671875 349.916442871094
350.511444091797 350.612365722656 351.06640625 350.159088134766 350.300598144531 350.279174804688 350.882537841797 349.868804931641 349.9677734375 350.451843261719 350.436767578125 350.345611572266 349.888977050781 349.3046875 348.933898925781 348.896331787109 348.513153076172 347.135009765625 346.549743652344 345.992370605469 345.525421142578 346.988616943359 347.769500732422 347.763366699219 347.756896972656 347.750091552734 348.336761474609 347.151153564453 347.449127197266 346.821899414062 347.93994140625 348.69384765625 348.684661865234 348.919647216797 349.380706787109 348.646392822266 349.214599609375 349.197448730469 349.355041503906 348.602813720703 348.591644287109 348.580291748047 348.568786621094 348.827819824219 349.545257568359 349.533264160156 349.243225097656 348.910095214844 349.484039306641
350.158966064453 350.321105957031 351.054260253906 350.212677001953 350.461334228516 350.306121826172 350.875549316406 349.608551025391 349.277770996094 350.081146240234 349.951904296875 349.557006835938 349.834777832031 349.003814697266 348.955169677734 348.801300048828 348.110229492188 347.259033203125 346.431457519531 346.188873291016 345.671966552734 346.988861083984 347.768676757812 347.762542724609 347.626190185547 347.294921875 348.182373046875 346.636932373047 347.523742675781 347.069885253906 347.940002441406 348.693054199219 348.543487548828 348.342010498047 348.878479003906 348.480926513672 349.182159423828 348.306793212891 349.077728271484 348.875 348.018737792969 348.160308837891 348.568054199219 348.82763671875 349.544525146484 349.532562255859 349.400421142578 349.038208007812 349.077697753906
