rcp8.5models/MPI_ESM_LR/sc1gr9.8
NCOLS 261 
NROWS 433 
XLLCORNER 336357.134 
YLLCORNER 654653.479 
CELLSIZE 1000 
NODATA_value -3.4e+38 
[rows 242 to 263 of 433, columns 147 to 195 of 261]
160.758651733398 164.180053710938 170.223327636719 167.881393432617 157.374328613281 152.114440917969 149.812286376953 147.574234008789 145.280548095703 143.309448242188 141.553817749023 138.471664428711 137.723297119141 136.820236206055 135.614807128906 134.299392700195 133.050308227539 132.284149169922 131.468017578125 130.853820800781 129.6923828125 129.036407470703 123.788024902344 115.279693603516 114.711151123047 110.48348236084 109.646278381348 122.262237548828 118.436485290527 122.588439941406 113.556701660156 107.771331787109 99.8543090820312 98.8906402587891 98.7473068237305 99.237419128418 99.8292541503906 99.9759216308594 -3.4e+38 -3.4e+38 98.9135284423828 98.3906478881836 98.8433303833008 99.0776214599609 99.029914855957 100.144104003906 100.460166931152 100.648559570312 100.882751464844
159.593124389648 162.808929443359 167.216995239258 161.650238037109 154.022277832031 150.491241455078 147.853485107422 145.8017578125 144.076614379883 142.500137329102 140.422622680664 137.378723144531 135.618423461914 134.732360839844 133.671569824219 132.766204833984 131.904495239258 131.125122070312 130.845184326172 130.391128540039 129.790283203125 129.315628051758 127.129898071289 121.797325134277 116.136932373047 121.496215820312 117.406852722168 125.751152038574 125.857696533203 126.017593383789 121.030555725098 111.009429931641 106.473838806152 97.5835952758789 97.8460083007812 98.3922500610352 98.4567184448242 97.7832565307617 97.737548828125 -3.4e+38 -3.4e+38 98.4288101196289 98.0231704711914 98.4865036010742 99.2908248901367 102.153251647949 102.171096801758 100.897521972656 100.695152282715
159.803894042969 163.986129760742 167.765441894531 159.705902099609 153.248748779297 149.611968994141 146.872802734375 144.448974609375 142.935165405273 141.580535888672 139.693588256836 136.638732910156 135.188537597656 134.052169799805 -3.4e+38 132.224304199219 131.819030761719 131.084060668945 130.177307128906 129.666473388672 129.127792358398 128.597442626953 126.954498291016 122.532676696777 117.48184967041 125.446960449219 125.864631652832 126.524406433105 128.166015625 127.707260131836 121.579559326172 107.731475830078 97.4740219116211 106.318244934082 97.1163711547852 97.647590637207 97.3147354125977 -3.4e+38 -3.4e+38 -3.4e+38 -3.4e+38 97.4510879516602 97.4960556030273 98.2201766967773 98.7917633056641 99.9496002197266 100.333061218262 100.110900878906 99.8881072998047
160.352249145508 166.627456665039 171.234161376953 159.090209960938 152.236679077148 148.752624511719 146.543334960938 143.863906860352 141.756362915039 140.269577026367 138.748626708984 135.385971069336 134.238967895508 133.24626159668 -3.4e+38 131.484176635742 130.964935302734 130.40104675293 129.316055297852 128.630584716797 127.865173339844 127.344078063965 126.523986816406 127.11939239502 126.635307312012 125.650840759277 120.82568359375 118.825981140137 134.633941650391 131.898620605469 127.437232971191 120.76895904541 106.664764404297 109.422065734863 106.422302246094 96.7320251464844 96.0880889892578 -3.4e+38 -3.4e+38 -3.4e+38 96.8731460571289 96.9654159545898 97.6412353515625 98.0400009155273 98.5680084228516 98.857795715332 99.0369644165039 99.1990127563477 99.6591644287109
159.512496948242 165.772033691406 173.843826293945 164.062866210938 151.421508789062 147.899688720703 145.949523925781 143.684753417969 141.121307373047 139.216491699219 137.860748291016 134.656097412109 133.45149230957 132.299743652344 131.477096557617 130.554748535156 129.902557373047 129.206161499023 128.257766723633 127.462821960449 126.933555603027 126.465278625488 125.643203735352 126.129470825195 125.601081848145 125.166213989258 121.332473754883 119.869087219238 133.910018920898 133.495208740234 128.738433837891 124.95166015625 114.721870422363 99.5709533691406 104.497375488281 95.5813980102539 95.236328125 -3.4e+38 -3.4e+38 -3.4e+38 -3.4e+38 96.5010147094727 98.6115341186523 100.597793579102 98.2204971313477 98.355598449707 98.5462646484375 98.5113525390625 99.0510330200195
158.000778198242 162.460144042969 168.30451965332 159.528793334961 149.7314453125 146.359939575195 144.377319335938 142.367874145508 140.416778564453 -3.4e+38 137.041641235352 134.301528930664 133.121459960938 131.772171020508 130.501159667969 129.600555419922 128.8486328125 128.015823364258 127.36653137207 126.600662231445 126.053176879883 125.61254119873 124.669075012207 124.830787658691 124.467041015625 124.899520874023 120.542854309082 116.278549194336 127.916458129883 128.695709228516 126.417442321777 124.560760498047 114.467384338379 94.0704727172852 94.4189987182617 94.2576370239258 94.2301559448242 94.5905380249023 -3.4e+38 -3.4e+38 -3.4e+38 -3.4e+38 97.442756652832 99.5339202880859 96.9788208007812 98.0187301635742 98.2322769165039 97.8287734985352 97.7662963867188
157.11442565918 159.331771850586 160.00048828125 152.253936767578 147.549575805664 145.541107177734 143.336334228516 141.072525024414 139.740676879883 138.564529418945 136.583541870117 133.927673339844 132.48747253418 131.132736206055 130.175994873047 129.156692504883 128.358657836914 127.571510314941 126.686981201172 126.175415039062 125.433837890625 125.200981140137 123.927177429199 123.710655212402 123.772102355957 124.431694030762 120.539749145508 116.691200256348 126.066650390625 125.416847229004 120.088386535645 113.707321166992 114.122283935547 93.1545791625977 93.135986328125 -3.4e+38 93.3481216430664 -3.4e+38 -3.4e+38 -3.4e+38 94.6096801757812 94.9708023071289 95.5390396118164 96.2058868408203 95.8948822021484 97.1684875488281 97.6787948608398 97.0937957763672 96.8586349487305
156.611343383789 159.531585693359 163.378921508789 157.075759887695 146.871932983398 144.944213867188 142.732803344727 140.803619384766 139.090179443359 137.550598144531 136.024932861328 133.136032104492 131.614532470703 130.189483642578 129.405563354492 128.571319580078 128.048309326172 127.162773132324 126.003318786621 125.644302368164 125.252166748047 124.978157043457 123.524719238281 123.019874572754 123.008964538574 -3.4e+38 -3.4e+38 124.503677368164 119.477424621582 114.371383666992 121.646644592285 109.229141235352 102.665924072266 97.9071884155273 103.600433349609 92.603385925293 -3.4e+38 -3.4e+38 -3.4e+38 93.2429046630859 93.9829940795898 94.6779403686523 95.1950454711914 95.5517272949219 95.3249588012695 95.9897766113281 96.8199691772461 96.8826293945312 96.6646881103516
156.936859130859 159.430145263672 168.215240478516 167.550933837891 146.597412109375 144.429809570312 142.21549987793 140.656631469727 138.754653930664 136.680160522461 135.101409912109 131.746627807617 130.499588012695 -3.4e+38 -3.4e+38 128.153915405273 127.794090270996 126.74235534668 125.204322814941 124.925338745117 124.897827148438 124.58268737793 123.06608581543 122.865646362305 123.280029296875 122.86270904541 -3.4e+38 -3.4e+38 113.601844787598 103.542556762695 125.437469482422 119.638626098633 105.107490539551 101.090538024902 117.271263122559 107.893402099609 -3.4e+38 -3.4e+38 -3.4e+38 92.82470703125 93.8699340820312 94.8370056152344 95.4054489135742 95.6622467041016 94.8097991943359 94.9635925292969 95.5093231201172 96.7703475952148 96.9880142211914
156.545532226562 155.734970092773 163.880432128906 168.569869995117 145.670944213867 143.515441894531 141.340301513672 139.836517333984 138.042404174805 136.197311401367 134.337356567383 130.73063659668 129.562561035156 -3.4e+38 127.544387817383 127.565002441406 126.762298583984 125.719612121582 124.422309875488 124.215812683105 123.88939666748 123.887855529785 122.61563873291 122.552139282227 123.241142272949 123.01065826416 123.693115234375 118.709167480469 106.930465698242 113.911903381348 123.997299194336 118.652717590332 102.417709350586 99.5928726196289 115.15941619873 109.590873718262 111.151580810547 -3.4e+38 -3.4e+38 91.8671112060547 93.3241119384766 94.0522384643555 94.7584533691406 95.224853515625 94.4914169311523 94.3434753417969 94.6238708496094 95.8353881835938 96.7852630615234
155.734664916992 155.623687744141 162.82893371582 165.863250732422 149.662246704102 143.0966796875 140.703109741211 138.291305541992 136.582458496094 135.239242553711 133.697265625 129.667404174805 128.678573608398 -3.4e+38 126.742256164551 126.24853515625 125.119079589844 124.476905822754 123.70825958252 123.241981506348 122.840194702148 122.707931518555 122.478393554688 122.396949768066 123.207626342773 123.833862304688 128.213928222656 126.304527282715 113.345611572266 123.892097473145 123.649856567383 117.80980682373 101.117485046387 110.295051574707 110.343124389648 99.0402069091797 110.577690124512 89.6604156494141 89.6799697875977 -3.4e+38 91.6235427856445 92.6839294433594 93.9555587768555 94.3775405883789 94.0625076293945 94.5683975219727 94.1769104003906 94.6715698242188 95.8213958740234
156.796173095703 155.80940246582 164.669616699219 170.979736328125 152.668640136719 143.898910522461 141.35237121582 137.002395629883 135.262878417969 134.678604125977 133.313659667969 128.795150756836 127.647743225098 -3.4e+38 125.817024230957 125.131477355957 124.514266967773 124.054801940918 122.994415283203 122.297378540039 121.805419921875 121.323875427246 121.800392150879 121.75212097168 122.989532470703 124.419532775879 130.424560546875 135.170639038086 123.554733276367 123.516593933105 123.708137512207 122.185806274414 116.424957275391 102.781784057617 98.7973785400391 93.0932312011719 98.4342498779297 88.6066589355469 89.0947494506836 -3.4e+38 90.1995239257812 91.5515365600586 93.1588592529297 93.7966232299805 93.279296875 94.1256866455078 93.6083755493164 93.9277801513672 94.9211807250977
156.09098815918 153.181335449219 158.836090087891 163.785110473633 148.646514892578 141.710998535156 139.325271606445 135.821868896484 134.020065307617 133.187210083008 131.987579345703 128.261016845703 126.856834411621 -3.4e+38 125.115234375 124.722869873047 124.269592285156 123.412132263184 122.463752746582 121.24048614502 120.851806640625 120.980773925781 121.160255432129 121.44913482666 122.463188171387 123.799873352051 126.076507568359 127.942428588867 122.862777709961 124.287811279297 125.24674987793 123.317840576172 121.062187194824 86.8125686645508 93.2659378051758 104.692756652832 98.9306411743164 87.6054534912109 88.2537155151367 -3.4e+38 89.1919631958008 96.160774230957 103.314460754395 92.1254959106445 92.2406768798828 93.0732879638672 93.002311706543 93.6136016845703 93.9680023193359
164.137847900391 159.925674438477 163.77018737793 165.827270507812 145.914398193359 137.628982543945 135.541366577148 133.839065551758 131.934707641602 130.413635253906 128.808364868164 125.786926269531 124.620399475098 123.694190979004 122.892303466797 122.23649597168 121.436988830566 120.987098693848 120.645072937012 119.635208129883 118.967376708984 118.633544921875 120.118591308594 119.498153686523 119.968536376953 120.563095092773 119.178695678711 120.007362365723 121.029968261719 121.667778015137 116.717056274414 109.00154876709 114.222183227539 95.5175170898438 114.710525512695 102.854278564453 96.4782485961914 86.2749328613281 86.3763275146484 86.4571762084961 87.3024978637695 88.4098358154297 94.0386352539062 101.143592834473 90.4514389038086 91.0793304443359 91.7610473632812 92.2163696289062 92.5599975585938
192.736434936523 160.903610229492 166.375183105469 172.072860717773 149.283493041992 136.747955322266 134.788436889648 133.434860229492 131.736892700195 129.884140014648 128.026931762695 124.77271270752 123.711906433105 -3.4e+38 121.84073638916 121.235458374023 120.505043029785 120.269035339355 119.988952636719 118.8955078125 117.99934387207 117.696548461914 118.283096313477 -3.4e+38 -3.4e+38 118.100845336914 -3.4e+38 118.19856262207 119.506072998047 121.414344787598 119.022109985352 110.802673339844 119.188575744629 94.9553985595703 119.49161529541 114.567779541016 103.353858947754 97.1700744628906 90.3855285644531 97.4899215698242 86.16064453125 87.289924621582 97.6648178100586 110.219139099121 88.9255905151367 89.9335708618164 90.4270629882812 90.8051986694336 91.5051345825195
196.614318847656 168.890441894531 166.203643798828 167.469055175781 148.196334838867 136.794357299805 135.821746826172 133.683517456055 130.511413574219 128.37629699707 127.104881286621 123.651405334473 122.500640869141 -3.4e+38 120.832550048828 120.221611022949 119.407211303711 118.920639038086 118.802452087402 118.161064147949 117.039978027344 116.540115356445 116.416511535645 -3.4e+38 -3.4e+38 -3.4e+38 117.330757141113 -3.4e+38 119.378005981445 123.592353820801 121.90616607666 108.182456970215 118.413063049316 107.054916381836 118.589141845703 119.0751953125 118.64298248291 112.875823974609 101.198570251465 94.9589691162109 85.2407379150391 86.4741744995117 96.9878311157227 109.738418579102 87.3288040161133 88.3316802978516 89.0042114257812 89.894416809082 90.7169647216797
204.051605224609 173.121520996094 165.91145324707 166.160385131836 151.032409667969 143.171005249023 147.930160522461 140.526718139648 129.253051757812 127.129020690918 126.139221191406 122.607551574707 121.455863952637 120.283752441406 119.864845275879 119.415939331055 118.418426513672 117.890953063965 117.885955810547 117.43083190918 116.091514587402 115.580444335938 115.644805908203 -3.4e+38 116.650177001953 117.040885925293 118.625762939453 119.862091064453 119.656517028809 126.569221496582 122.035774230957 93.4733505249023 117.752723693848 117.737937927246 111.635292053223 104.629608154297 111.623847961426 98.6556854248047 93.6372528076172 89.5684967041016 97.5924606323242 85.4973449707031 90.6322326660156 96.3676986694336 85.6533508300781 87.0080871582031 88.1228866577148 89.306022644043 90.0631408691406
210.362457275391 190.261642456055 195.091491699219 173.219955444336 160.688400268555 149.362106323242 150.831466674805 144.218963623047 128.063629150391 125.848274230957 124.595962524414 121.480278015137 120.344841003418 119.089683532715 118.554756164551 118.418212890625 117.713165283203 116.945846557617 116.457527160645 116.09114074707 115.35228729248 114.624176025391 115.012435913086 115.597221374512 115.918830871582 117.321105957031 122.30078125 133.778747558594 142.432235717773 135.97265625 121.61262512207 105.880546569824 117.472839355469 117.094505310059 111.523399353027 104.998199462891 111.240234375 99.8029174804688 94.2057723999023 88.0522384643555 95.3730850219727 83.9996337890625 84.1518402099609 83.7351760864258 83.9193420410156 86.1811904907227 87.2710800170898 87.9051818847656 88.995979309082
202.397705078125 202.632400512695 201.972808837891 172.317474365234 159.262664794922 148.121170043945 141.461608886719 140.700500488281 126.63224029541 124.670600891113 123.237548828125 120.258232116699 118.88501739502 117.771263122559 117.298484802246 117.167640686035 117.097122192383 115.715476989746 114.934303283691 115.088562011719 114.786087036133 113.558685302734 -3.4e+38 -3.4e+38 -3.4e+38 119.028373718262 133.182205200195 151.294876098633 151.354751586914 129.653961181641 118.268341064453 117.697822570801 117.029861450195 116.356742858887 116.138000488281 115.39542388916 109.289978027344 96.5704727172852 97.5985717773438 94.4838104248047 83.0691146850586 82.9944229125977 82.4896240234375 88.7726440429688 96.0287094116211 85.6184692382812 86.4807357788086 86.7446136474609 88.1599731445312
208.766052246094 197.793014526367 174.764892578125 153.527603149414 144.383316040039 140.409088134766 136.950531005859 136.506271362305 125.337532043457 123.940574645996 122.681327819824 119.356513977051 117.810585021973 -3.4e+38 116.215919494629 116.272941589355 116.326103210449 114.891395568848 114.148452758789 113.86962890625 113.297836303711 112.398040771484 -3.4e+38 -3.4e+38 -3.4e+38 118.045379638672 130.484329223633 135.371292114258 126.446998596191 115.753059387207 117.135971069336 117.044921875 115.798896789551 115.459663391113 114.749053955078 114.360252380371 109.499603271484 98.2762832641602 97.6516952514648 91.7427749633789 81.2242126464844 81.4961547851562 81.3916549682617 87.4255905151367 93.6906127929688 98.1499481201172 86.0385589599609 86.1703643798828 87.2619705200195
202.900009155273 185.467834472656 158.39225769043 147.16535949707 146.230239868164 139.883483886719 132.769332885742 132.414535522461 129.354598999023 126.975296020508 121.668731689453 118.160095214844 117.00724029541 -3.4e+38 115.161575317383 115.111236572266 115.089950561523 114.11173248291 113.616554260254 112.860885620117 112.159553527832 111.449752807617 -3.4e+38 -3.4e+38 -3.4e+38 -3.4e+38 115.959686279297 113.785018920898 112.733871459961 113.885971069336 115.42399597168 115.677284240723 114.828857421875 114.090682983398 113.648551940918 113.996116638184 115.020011901855 115.237037658691 109.62133026123 92.1373596191406 78.9990768432617 80.2979888916016 81.4814987182617 87.5869979858398 100.805236816406 95.6777877807617 85.550422668457 85.8877487182617 86.285888671875
195.399856567383 169.616897583008 155.634704589844 166.547500610352 171.067520141602 153.483108520508 129.918411254883 130.108322143555 130.843658447266 125.793952941895 120.242118835449 116.458335876465 115.519683837891 114.575637817383 113.890167236328 113.410293579102 113.363372802734 112.669364929199 112.605415344238 112.096580505371 111.646385192871 110.54801940918 -3.4e+38 -3.4e+38 -3.4e+38 110.054359436035 110.62899017334 111.405937194824 111.804565429688 113.021179199219 114.222587585449 114.636871337891 114.362716674805 112.818916320801 113.396301269531 113.539245605469 107.595436096191 100.187019348145 107.794563293457 89.8547668457031 78.451057434082 79.6601409912109 80.5821762084961 85.5465698242188 97.2047958374023 82.5604248046875 84.2542877197266 85.0775146484375 85.6590194702148
