rcp8.5models/MPI_ESM_LR/sc1gr10.23
NCOLS 261 
NROWS 433 
XLLCORNER 336357.134 
YLLCORNER 654653.479 
CELLSIZE 1000 
NODATA_value -3.4e+38 
[rows 110 to 131 of 433, columns 147 to 195 of 261]
117.505043029785 118.45841217041 119.287773132324 120.162742614746 121.315032958984 122.202033996582 122.934471130371 123.974815368652 124.902740478516 125.862861633301 126.94750213623 129.000991821289 129.875747680664 130.698745727539 131.565063476562 132.532150268555 133.473983764648 134.318298339844 135.501327514648 136.703750610352 137.478515625 138.208923339844 140.099624633789 -3.4e+38 -3.4e+38 142.800323486328 143.278579711914 -3.4e+38 -3.4e+38 -3.4e+38 -3.4e+38 -3.4e+38 -3.4e+38 -3.4e+38 -3.4e+38 -3.4e+38 -3.4e+38 -3.4e+38 -3.4e+38 -3.4e+38 -3.4e+38 -3.4e+38 -3.4e+38 -3.4e+38 -3.4e+38 -3.4e+38 -3.4e+38 -3.4e+38 -3.4e+38
117.318916320801 118.301948547363 119.27751159668 120.121643066406 -3.4e+38 122.107879638672 123.105339050293 124.116622924805 125.113037109375 126.123382568359 126.969520568848 129.194732666016 130.030746459961 130.897491455078 131.817153930664 132.751831054688 133.667846679688 134.57942199707 135.743576049805 136.900497436523 137.575119018555 138.490249633789 140.149978637695 -3.4e+38 142.092391967773 143.029876708984 -3.4e+38 -3.4e+38 -3.4e+38 -3.4e+38 -3.4e+38 -3.4e+38 -3.4e+38 -3.4e+38 -3.4e+38 -3.4e+38 -3.4e+38 -3.4e+38 -3.4e+38 -3.4e+38 -3.4e+38 -3.4e+38 -3.4e+38 -3.4e+38 -3.4e+38 -3.4e+38 -3.4e+38 -3.4e+38 -3.4e+38
117.58358001709 118.392967224121 119.33504486084 120.260696411133 121.40690612793 122.265243530273 123.312446594238 124.371215820312 125.383117675781 126.294921875 127.060325622559 129.215560913086 130.038879394531 -3.4e+38 132.057495117188 132.948013305664 133.902755737305 134.817337036133 136.020431518555 137.157958984375 137.916152954102 138.837783813477 140.269546508789 141.282333374023 142.382232666016 143.292938232422 144.073440551758 144.768295288086 -3.4e+38 -3.4e+38 -3.4e+38 -3.4e+38 -3.4e+38 -3.4e+38 -3.4e+38 -3.4e+38 -3.4e+38 -3.4e+38 -3.4e+38 -3.4e+38 -3.4e+38 -3.4e+38 -3.4e+38 -3.4e+38 -3.4e+38 -3.4e+38 -3.4e+38 -3.4e+38 -3.4e+38
117.684356689453 118.569435119629 119.647071838379 120.561248779297 121.575439453125 122.288864135742 123.370170593262 124.501312255859 125.460205078125 126.469612121582 127.36279296875 129.441116333008 130.270446777344 131.25325012207 132.172393798828 133.277969360352 134.154800415039 135.052505493164 136.243774414062 137.355484008789 138.222091674805 138.830078125 140.502792358398 141.369033813477 142.514785766602 143.418960571289 -3.4e+38 145.012313842773 -3.4e+38 -3.4e+38 -3.4e+38 -3.4e+38 -3.4e+38 -3.4e+38 -3.4e+38 -3.4e+38 -3.4e+38 -3.4e+38 -3.4e+38 -3.4e+38 -3.4e+38 -3.4e+38 -3.4e+38 -3.4e+38 -3.4e+38 -3.4e+38 -3.4e+38 -3.4e+38 -3.4e+38
117.619094848633 118.778930664062 119.782516479492 120.566734313965 121.492469787598 122.515098571777 123.517951965332 124.573524475098 125.623580932617 126.561668395996 127.532073974609 -3.4e+38 130.553802490234 131.548049926758 132.419158935547 133.551635742188 134.526702880859 135.417816162109 136.399993896484 137.409515380859 138.255081176758 138.918014526367 140.702056884766 141.721908569336 142.69401550293 143.380111694336 144.129928588867 145.142730712891 145.854888916016 -3.4e+38 -3.4e+38 -3.4e+38 -3.4e+38 -3.4e+38 -3.4e+38 -3.4e+38 -3.4e+38 -3.4e+38 -3.4e+38 -3.4e+38 -3.4e+38 -3.4e+38 -3.4e+38 -3.4e+38 -3.4e+38 -3.4e+38 -3.4e+38 -3.4e+38 -3.4e+38
118.314750671387 119.056907653809 119.749549865723 120.846374511719 121.831665039062 122.815780639648 124.008598327637 125.136543273926 126.146492004395 127.162063598633 128.440307617188 130.183013916016 -3.4e+38 132.306579589844 133.179809570312 134.181091308594 135.258697509766 136.116226196289 136.834274291992 137.754180908203 138.748275756836 139.603607177734 141.500015258789 142.133026123047 142.950714111328 143.717132568359 144.568252563477 145.512252807617 -3.4e+38 -3.4e+38 -3.4e+38 -3.4e+38 -3.4e+38 -3.4e+38 -3.4e+38 -3.4e+38 -3.4e+38 -3.4e+38 -3.4e+38 -3.4e+38 -3.4e+38 -3.4e+38 -3.4e+38 -3.4e+38 -3.4e+38 -3.4e+38 -3.4e+38 -3.4e+38 -3.4e+38
117.874420166016 118.809906005859 119.787246704102 120.927894592285 121.906791687012 123.094955444336 124.257316589355 125.428520202637 126.542678833008 127.764228820801 128.770538330078 130.710083007812 131.702056884766 132.579727172852 133.449234008789 134.231521606445 135.193511962891 136.197875976562 137.185501098633 138.068176269531 139.034362792969 139.951309204102 141.706130981445 142.297485351562 143.036209106445 144.053588867188 144.854598999023 145.733596801758 146.575271606445 -3.4e+38 -3.4e+38 -3.4e+38 -3.4e+38 -3.4e+38 -3.4e+38 -3.4e+38 -3.4e+38 -3.4e+38 -3.4e+38 -3.4e+38 -3.4e+38 -3.4e+38 -3.4e+38 -3.4e+38 -3.4e+38 -3.4e+38 -3.4e+38 -3.4e+38 -3.4e+38
117.804039001465 118.885078430176 119.98030090332 121.022262573242 122.205711364746 123.325080871582 124.469100952148 125.691635131836 126.871650695801 128.174835205078 129.164993286133 131.450439453125 132.193084716797 132.888412475586 133.707412719727 134.414932250977 135.3046875 136.624542236328 137.528778076172 138.36833190918 139.352920532227 140.211380004883 141.717575073242 142.500305175781 143.232681274414 144.213409423828 145.070419311523 145.986465454102 146.751327514648 -3.4e+38 -3.4e+38 -3.4e+38 -3.4e+38 -3.4e+38 -3.4e+38 -3.4e+38 -3.4e+38 -3.4e+38 -3.4e+38 -3.4e+38 -3.4e+38 -3.4e+38 -3.4e+38 -3.4e+38 -3.4e+38 -3.4e+38 -3.4e+38 -3.4e+38 -3.4e+38
118.145217895508 119.079322814941 120.078788757324 121.267913818359 122.565795898438 123.518867492676 124.765182495117 126.076286315918 127.257484436035 128.593276977539 129.469863891602 131.826538085938 132.485931396484 133.24739074707 133.968063354492 134.621978759766 135.683807373047 136.935241699219 137.892181396484 138.5771484375 139.635208129883 140.516265869141 141.930374145508 142.737167358398 143.56233215332 144.575881958008 145.448867797852 146.360153198242 146.958114624023 -3.4e+38 -3.4e+38 -3.4e+38 -3.4e+38 -3.4e+38 -3.4e+38 -3.4e+38 -3.4e+38 -3.4e+38 -3.4e+38 -3.4e+38 -3.4e+38 -3.4e+38 -3.4e+38 -3.4e+38 -3.4e+38 -3.4e+38 -3.4e+38 -3.4e+38 -3.4e+38
118.319557189941 119.142692565918 120.153167724609 121.534126281738 122.83048248291 123.739204406738 124.899955749512 126.350616455078 127.662948608398 128.978332519531 129.80583190918 131.82763671875 132.436752319336 133.239013671875 134.194915771484 -3.4e+38 135.878540039062 137.085006713867 138.153381347656 138.812454223633 139.788040161133 140.697479248047 142.225357055664 143.051513671875 143.842636108398 144.825729370117 145.765869140625 146.748229980469 147.232147216797 -3.4e+38 -3.4e+38 -3.4e+38 150.451873779297 -3.4e+38 -3.4e+38 -3.4e+38 -3.4e+38 -3.4e+38 -3.4e+38 -3.4e+38 -3.4e+38 -3.4e+38 -3.4e+38 -3.4e+38 -3.4e+38 -3.4e+38 -3.4e+38 -3.4e+38 -3.4e+38
118.711860656738 119.258445739746 120.379272460938 121.624374389648 122.793243408203 123.905052185059 125.269241333008 126.647514343262 127.993392944336 129.419937133789 130.08740234375 131.978790283203 132.5791015625 133.401962280273 134.288467407227 135.131591796875 136.312164306641 137.536254882812 138.362609863281 139.193328857422 139.909713745117 140.554611206055 142.457244873047 143.340469360352 144.049758911133 145.183441162109 146.444488525391 146.913208007812 147.446807861328 148.166137695312 148.880310058594 149.766204833984 150.729995727539 151.886947631836 -3.4e+38 -3.4e+38 -3.4e+38 -3.4e+38 -3.4e+38 -3.4e+38 -3.4e+38 -3.4e+38 -3.4e+38 -3.4e+38 -3.4e+38 -3.4e+38 -3.4e+38 -3.4e+38 -3.4e+38
119.079887390137 119.593864440918 120.595100402832 121.707489013672 122.775299072266 -3.4e+38 125.551902770996 127.07421875 128.324035644531 129.543579101562 130.163116455078 132.013076782227 132.845733642578 133.553192138672 134.41877746582 135.502716064453 -3.4e+38 137.859680175781 138.647537231445 139.399673461914 140.015396118164 140.752868652344 142.697113037109 143.521865844727 144.402297973633 145.684356689453 146.847412109375 147.097229003906 147.825531005859 148.620681762695 149.310562133789 150.134033203125 -3.4e+38 152.529586791992 153.1416015625 -3.4e+38 -3.4e+38 -3.4e+38 -3.4e+38 -3.4e+38 -3.4e+38 -3.4e+38 -3.4e+38 -3.4e+38 -3.4e+38 -3.4e+38 -3.4e+38 -3.4e+38 -3.4e+38
-3.4e+38 119.762992858887 120.730781555176 121.947311401367 122.970405578613 124.338371276855 125.79167175293 127.187850952148 128.541412353516 129.834106445312 130.552261352539 132.019454956055 132.91535949707 133.925659179688 134.807113647461 135.768157958984 136.853134155273 138.048370361328 138.896209716797 139.553787231445 140.216735839844 141.069381713867 142.997024536133 143.837005615234 144.800003051758 146.023239135742 146.90185546875 147.441650390625 148.342819213867 149.168197631836 149.594482421875 150.392318725586 151.062698364258 -3.4e+38 153.569000244141 154.152709960938 -3.4e+38 -3.4e+38 -3.4e+38 -3.4e+38 -3.4e+38 -3.4e+38 -3.4e+38 -3.4e+38 -3.4e+38 -3.4e+38 -3.4e+38 -3.4e+38 -3.4e+38
119.121726989746 119.858993530273 121.039031982422 122.156936645508 123.270004272461 124.561988830566 125.935737609863 127.024337768555 128.671936035156 130.267654418945 130.868469238281 132.142120361328 133.140853881836 134.246520996094 135.309814453125 136.198471069336 137.188461303711 138.330703735352 139.15104675293 139.774597167969 140.552581787109 141.461944580078 143.244888305664 144.037445068359 145.082901000977 146.195541381836 146.997604370117 147.781814575195 148.611328125 149.228363037109 149.77653503418 150.517639160156 -3.4e+38 152.891372680664 153.627487182617 154.218017578125 -3.4e+38 -3.4e+38 -3.4e+38 -3.4e+38 -3.4e+38 -3.4e+38 -3.4e+38 -3.4e+38 -3.4e+38 -3.4e+38 -3.4e+38 -3.4e+38 -3.4e+38
119.028198242188 120.203277587891 121.235122680664 122.199333190918 123.453880310059 124.557388305664 125.885925292969 127.162185668945 128.67057800293 130.304931640625 130.899108886719 132.545318603516 133.642150878906 134.556838989258 135.786987304688 136.895126342773 137.361831665039 138.257751464844 139.118041992188 139.869659423828 140.826461791992 141.714614868164 143.549194335938 144.325149536133 145.271667480469 146.405426025391 147.253662109375 148.192047119141 148.982208251953 149.435653686523 150.229476928711 150.603866577148 151.290802001953 153.074569702148 153.673873901367 -3.4e+38 155.285568237305 -3.4e+38 -3.4e+38 -3.4e+38 -3.4e+38 -3.4e+38 -3.4e+38 -3.4e+38 -3.4e+38 -3.4e+38 -3.4e+38 -3.4e+38 -3.4e+38
119.232711791992 120.512008666992 121.543869018555 122.344184875488 123.561943054199 124.685081481934 126.027000427246 127.55590057373 128.851791381836 130.157684326172 130.820190429688 133.260009765625 134.19255065918 134.993423461914 136.377304077148 137.645751953125 137.511276245117 138.142181396484 139.048721313477 140.063140869141 141.050689697266 142.034484863281 143.822082519531 144.586563110352 145.576675415039 146.690460205078 147.61604309082 148.623046875 149.331085205078 149.906936645508 150.564483642578 150.924575805664 151.647445678711 153.054443359375 153.834548950195 154.735046386719 155.597244262695 156.195846557617 -3.4e+38 -3.4e+38 -3.4e+38 -3.4e+38 -3.4e+38 -3.4e+38 -3.4e+38 -3.4e+38 -3.4e+38 -3.4e+38 -3.4e+38
119.773872375488 120.862899780273 122.037567138672 122.952186584473 124.135780334473 125.057388305664 126.316078186035 127.63744354248 128.622207641602 129.726455688477 130.917892456055 133.733764648438 134.824554443359 135.753082275391 137.402923583984 138.25227355957 138.127136230469 138.666976928711 139.479354858398 140.516021728516 141.694854736328 142.755279541016 144.286056518555 145.038162231445 146.033157348633 147.339447021484 148.374038696289 149.240447998047 149.934829711914 150.611602783203 151.092315673828 151.62353515625 152.379470825195 153.469009399414 154.061294555664 -3.4e+38 155.516967773438 156.554214477539 -3.4e+38 -3.4e+38 -3.4e+38 -3.4e+38 -3.4e+38 -3.4e+38 -3.4e+38 -3.4e+38 -3.4e+38 -3.4e+38 -3.4e+38
119.969200134277 121.243759155273 122.51545715332 123.350120544434 124.254043579102 125.349685668945 126.497718811035 127.589179992676 128.682601928711 129.873825073242 131.027694702148 133.67692565918 134.930786132812 135.928619384766 137.471435546875 138.313430786133 138.479934692383 139.048324584961 139.805450439453 140.842391967773 141.950180053711 143.150405883789 144.674880981445 145.342147827148 146.256134033203 147.528442382812 148.718200683594 149.488235473633 150.073532104492 150.592514038086 151.138442993164 151.621276855469 152.126037597656 153.476669311523 154.25358581543 -3.4e+38 -3.4e+38 156.595703125 157.163131713867 -3.4e+38 -3.4e+38 -3.4e+38 -3.4e+38 -3.4e+38 -3.4e+38 -3.4e+38 -3.4e+38 -3.4e+38 -3.4e+38
120.393577575684 121.516700744629 122.627212524414 123.734382629395 124.456901550293 125.601654052734 126.687065124512 127.83122253418 128.945236206055 130.117385864258 131.294479370117 133.982299804688 135.270095825195 136.25862121582 137.544464111328 138.307510375977 138.697601318359 139.3193359375 140.189300537109 141.234786987305 142.311157226562 143.376678466797 145.004135131836 145.678741455078 146.626892089844 147.695220947266 148.757049560547 149.499237060547 150.154479980469 150.716796875 151.367233276367 151.934646606445 152.404541015625 153.646347045898 154.401428222656 155.057037353516 155.722564697266 -3.4e+38 157.60481262207 -3.4e+38 -3.4e+38 -3.4e+38 -3.4e+38 -3.4e+38 -3.4e+38 -3.4e+38 -3.4e+38 -3.4e+38 -3.4e+38
120.783309936523 121.701881408691 122.716300964355 123.89608001709 124.822807312012 125.817413330078 126.938438415527 128.021209716797 129.289184570312 130.269989013672 131.667266845703 134.415618896484 135.809310913086 136.875198364258 137.71711730957 138.234359741211 138.747787475586 139.574096679688 140.664779663086 141.617294311523 142.693420410156 143.652740478516 145.358688354492 146.138061523438 147.058563232422 147.898254394531 148.835159301758 149.602401733398 150.309967041016 150.868209838867 151.406066894531 151.939392089844 152.62353515625 153.656280517578 154.387756347656 155.051849365234 -3.4e+38 -3.4e+38 157.477966308594 158.033905029297 -3.4e+38 -3.4e+38 -3.4e+38 -3.4e+38 -3.4e+38 -3.4e+38 -3.4e+38 -3.4e+38 -3.4e+38
121.138771057129 122.106506347656 123.066825866699 124.147804260254 125.056343078613 125.938888549805 127.149223327637 128.446640014648 129.6005859375 130.537811279297 131.804748535156 134.858047485352 136.371154785156 137.697067260742 138.178665161133 138.532440185547 139.106399536133 139.999923706055 140.952301025391 141.958984375 142.958480834961 144.038543701172 146.142196655273 146.918731689453 147.487976074219 148.098037719727 148.912628173828 149.744888305664 150.369232177734 150.811981201172 151.338653564453 151.874313354492 152.468688964844 153.697387695312 154.300918579102 155.112442016602 155.905136108398 156.627319335938 157.499649047852 158.482849121094 -3.4e+38 -3.4e+38 -3.4e+38 -3.4e+38 -3.4e+38 -3.4e+38 -3.4e+38 -3.4e+38 -3.4e+38
121.391677856445 122.230224609375 123.109825134277 124.23755645752 125.080841064453 126.122161865234 127.327560424805 128.819122314453 129.936508178711 130.826324462891 132.126251220703 135.438934326172 137.187713623047 137.744155883789 138.130508422852 138.792373657227 139.494094848633 140.386962890625 141.246566772461 142.230560302734 143.230361938477 144.424652099609 147.069427490234 147.729248046875 147.874801635742 148.372283935547 149.230438232422 150.00798034668 150.550170898438 151.100784301758 151.781585693359 152.252807617188 152.704620361328 153.942245483398 154.499816894531 155.283050537109 -3.4e+38 156.76171875 157.670883178711 158.572463989258 159.267379760742 -3.4e+38 -3.4e+38 -3.4e+38 -3.4e+38 -3.4e+38 -3.4e+38 -3.4e+38 -3.4e+38
