rcp8.5models/MPI_ESM_LR/sc1gr2.14
NCOLS 261 
NROWS 433 
XLLCORNER 336357.134 
YLLCORNER 654653.479 
CELLSIZE 1000 
NODATA_value -3.4e+38 
[rows 198 to 219 of 433, columns 147 to 195 of 261]
335.078643798828 335.165710449219 335.420715332031 -3.4e+38 -3.4e+38 -3.4e+38 335.87744140625 336.302551269531 336.436767578125 336.329315185547 336.945587158203 336.995849609375 337.446929931641 337.541442871094 336.989624023438 336.557830810547 336.790771484375 337.336456298828 337.445129394531 337.736694335938 337.484252929688 336.896362304688 336.927825927734 336.908905029297 336.832763671875 336.756011962891 336.833038330078 337.241485595703 337.522521972656 337.443725585938 337.364501953125 337.284851074219 337.204833984375 336.686126708984 336.962799072266 336.6923828125 336.095947265625 335.718292236328 335.636383056641 335.362640380859 334.951354980469 335.085357666016 335.056884765625 334.643157958984 334.987487792969 335.680297851562 335.961730957031 335.795135498047 335.501434326172
335.539703369141 335.483551025391 -3.4e+38 -3.4e+38 -3.4e+38 336.115600585938 336.737426757812 336.650146484375 336.559295654297 336.703369140625 336.951843261719 336.974853515625 337.396545410156 337.697143554688 337.481292724609 336.928253173828 336.674041748047 336.968353271484 337.049255371094 337.284515380859 336.880004882812 336.499206542969 336.684509277344 336.913513183594 336.837158203125 336.760192871094 336.865966796875 337.118530273438 336.982635498047 336.903350830078 337.009033203125 337.101715087891 336.662841796875 336.202392578125 336.607208251953 336.726257324219 336.158599853516 335.719451904297 335.637298583984 335.223510742188 334.560607910156 334.650817871094 334.708587646484 334.562530517578 334.837524414062 335.543182373047 335.53662109375 335.529998779297 335.523315429688
335.545532226562 -3.4e+38 -3.4e+38 -3.4e+38 -3.4e+38 336.035552978516 336.657623291016 336.103454589844 335.666137695312 337.019470214844 336.957794189453 337.008026123047 337.458862304688 337.703063964844 337.637115478516 337.419738769531 337.016082763672 336.890960693359 336.999084472656 337.289916992188 337.065002441406 336.809875488281 337.354522705078 336.917816162109 336.841247558594 336.946685791016 337.38330078125 337.453460693359 336.888275146484 336.450042724609 336.525787353516 336.590637207031 336.209808349609 336.0478515625 336.310913085938 336.884674072266 336.45654296875 335.720458984375 335.638061523438 335.221435546875 334.526245117188 334.490447998047 334.519073486328 334.584381103516 334.930419921875 335.565032958984 335.558441162109 335.551818847656 335.545135498047
335.551086425781 -3.4e+38 -3.4e+38 -3.4e+38 335.150268554688 334.868347167969 335.468444824219 335.330322265625 334.509216308594 336.483215332031 336.596771240234 337.162506103516 337.773590087891 337.708618164062 337.465637207031 336.857025146484 336.4521484375 336.616088867188 336.880889892578 336.753662109375 336.680603027344 336.634185791016 337.123474121094 337.282165527344 336.845062255859 336.921722412109 337.147399902344 337.068695068359 336.834594726562 336.452850341797 336.372955322266 336.292663574219 336.211975097656 336.049560546875 336.124420166016 336.340393066406 336.100799560547 335.721282958984 335.459808349609 335.062164306641 334.829620361328 334.487213134766 334.612518310547 -3.4e+38 334.956604003906 335.586791992188 335.580200195312 335.573547363281 335.566864013672
335.012481689453 335.128845214844 -3.4e+38 -3.4e+38 335.009643554688 334.443572998047 335.220458984375 335.5361328125 334.791687011719 336.205017089844 336.658264160156 336.991943359375 337.413909912109 337.537139892578 336.956665039062 336.607574462891 336.7451171875 337.134857177734 337.041412353516 336.299438476562 336.585205078125 337.386993408203 336.849487304688 337.230529785156 336.848541259766 336.77099609375 336.69287109375 336.614196777344 336.535034179688 336.455383300781 336.375305175781 336.294799804688 336.213897705078 -3.4e+38 335.969177246094 335.887023925781 335.804565429688 335.721893310547 335.490966796875 335.277648925781 335.169158935547 334.518493652344 334.523101806641 334.7158203125 334.784088134766 335.387145996094 335.406860351562 335.238403320312 335.588500976562
334.561370849609 334.822265625 335.448608398438 -3.4e+38 334.645172119141 334.421691894531 -3.4e+38 -3.4e+38 335.592712402344 336.724517822266 336.973388671875 336.847595214844 336.933044433594 337.027740478516 336.829284667969 337.276580810547 337.516937255859 337.447082519531 337.045684814453 336.303527832031 336.534820556641 337.433898925781 337.36572265625 336.928833007812 336.851715087891 336.774017333984 336.695709228516 336.616882324219 336.537536621094 336.457702636719 336.37744140625 -3.4e+38 336.215637207031 336.052398681641 335.970275878906 335.887908935547 335.805236816406 335.722351074219 335.639251708984 335.555969238281 335.351959228516 334.878540039062 334.485565185547 334.502716064453 334.64306640625 335.079986572266 335.013336181641 334.775085449219 335.253021240234
334.738159179688 335.197998046875 335.453369140625 -3.4e+38 335.076110839844 334.1064453125 334.347747802734 -3.4e+38 335.570983886719 336.498748779297 336.437072753906 336.311401367188 336.423370361328 336.722564697266 336.983734130859 337.412017822266 336.98046875 337.088500976562 337.227783203125 336.668701171875 336.233703613281 336.464752197266 337.494873046875 337.291900634766 336.673278808594 336.417236328125 336.698303222656 336.619293212891 336.539794921875 336.459777832031 336.379333496094 336.298461914062 336.217163085938 336.053527832031 335.97119140625 335.888610839844 335.805755615234 335.72265625 335.450531005859 335.198638916016 335.335083007812 334.903045654297 334.529693603516 334.395385742188 334.551300048828 334.799499511719 334.72607421875 334.638244628906 334.789672851562
335.086364746094 335.144256591797 335.457855224609 335.546722412109 335.161590576172 333.942932128906 -3.4e+38 335.302642822266 335.061126708984 336.0439453125 335.982055664062 336.031646728516 336.481628417969 336.726318359375 336.810607910156 336.901763916016 336.524047851562 336.605560302734 337.020935058594 337.158142089844 336.597900390625 336.341888427734 336.624053955078 337.061187744141 336.881927490234 336.114837646484 336.700622558594 336.621490478516 336.541809082031 336.461639404297 336.381011962891 -3.4e+38 336.218475341797 336.054473876953 335.971954345703 335.88916015625 335.618743896484 335.177520751953 334.936676025391 334.712493896484 334.811492919922 334.525787353516 334.408355712891 334.299682617188 334.402313232422 334.672943115234 334.859893798828 335.211181640625 335.010314941406
334.887115478516 334.836791992188 335.634826660156 335.427612304688 333.970581054688 333.756256103516 334.340698242188 333.747619628906 334.579986572266 335.682189941406 335.985870361328 336.184875488281 336.795043945312 336.729644775391 336.663208007812 336.595642089844 336.526885986328 336.456817626953 336.537384033203 336.594665527344 336.365112304688 336.857818603516 336.013763427734 336.424652099609 336.830444335938 336.116821289062 336.884490966797 336.982299804688 336.543579101562 336.463256835938 336.382476806641 336.301239013672 336.219604492188 336.055236816406 335.972534179688 335.889526367188 335.649841308594 335.080200195312 334.639007568359 334.41259765625 334.201019287109 334.386688232422 334.302276611328 334.324127197266 334.55029296875 334.796661376953 335.038391113281 335.680938720703 335.516448974609
334.949066162109 334.668579101562 335.070526123047 335.059295654297 334.086669921875 333.786895751953 334.478515625 333.916748046875 334.435638427734 335.200225830078 335.624450683594 336.012603759766 336.258544921875 336.193054199219 336.303131103516 336.598266601562 336.35205078125 336.097442626953 336.565887451172 336.70263671875 336.447357177734 336.806915283203 336.555877685547 336.632751464844 336.526977539062 336.118560791016 337.040405273438 337.106567382812 336.186492919922 336.464691162109 336.383758544922 336.302368164062 336.220581054688 335.698028564453 335.972961425781 335.889770507812 335.806304931641 335.37890625 334.638610839844 334.436065673828 334.245788574219 334.465789794922 334.547576904297 334.673614501953 334.878662109375 334.929077148438 335.125061035156 335.702178955078 335.695434570312
334.077209472656 334.898986816406 334.792999267578 335.069702148438 334.476318359375 334.839813232422 334.110382080078 332.840118408203 333.645111083984 334.693023681641 335.320007324219 335.868408203125 336.129760742188 336.737579345703 336.670654296875 336.602630615234 336.533477783203 336.463195800781 336.721710205078 337.319244384766 337.067169189453 336.632080078125 336.172973632812 336.249481201172 336.199096679688 336.786499023438 336.526306152344 335.933074951172 335.702331542969 335.953674316406 336.081878662109 336.148803710938 335.735382080078 335.716247558594 335.129150390625 335.346527099609 335.106109619141 334.721801757812 334.637451171875 334.552886962891 334.541381835938 334.592407226562 334.70166015625 335.010070800781 335.010620117188 335.096801757812 335.457855224609 335.744415283203 335.737640380859
334.227172851562 335.214263916016 334.450592041016 334.043701171875 333.656463623047 334.222442626953 333.370758056641 332.463317871094 334.296722412109 334.749176025391 335.322814941406 335.870819091797 335.956268310547 336.377136230469 -3.4e+38 336.242584228516 336.535186767578 336.642211914062 337.084197998047 337.320770263672 336.916107177734 336.172698974609 336.200439453125 336.303405761719 336.200256347656 336.787750244141 336.373413085938 335.628936767578 335.548614501953 335.804779052734 336.386444091797 336.304656982422 -3.4e+38 335.35888671875 334.973266601562 334.889526367188 334.805511474609 334.721221923828 334.636688232422 334.551910400391 334.605194091797 334.737548828125 334.736358642578 335.057403564453 335.125823974609 335.379028320312 335.454742431641 335.765411376953 335.758636474609
334.254241943359 334.308135986328 334.138397216797 334.156494140625 333.71142578125 334.037658691406 332.949157714844 333.059478759766 334.813232421875 335.237945556641 335.689270019531 335.873016357422 335.807769775391 336.068603515625 336.346771240234 -3.4e+38 336.536712646484 336.795562744141 337.394714355469 337.322143554688 337.095764160156 336.533966064453 336.175720214844 336.432189941406 336.560333251953 336.608459472656 336.015869140625 335.629821777344 335.549438476562 335.623291015625 336.02880859375 -3.4e+38 -3.4e+38 335.056671142578 334.973114013672 334.889190673828 334.619659423828 334.36279296875 334.635803222656 334.550842285156 334.530090332031 334.767669677734 335.076232910156 335.019836425781 335.006317138672 335.660888671875 335.532318115234 335.786315917969 335.779541015625
334.622161865234 334.621032714844 334.858184814453 334.783294677734 334.010375976562 334.837890625 333.7880859375 334.199798583984 335.127471923828 335.389953613281 336.0029296875 336.050476074219 336.347839355469 336.432464599609 336.348297119141 -3.4e+38 336.176910400391 336.619659423828 336.857879638672 336.962982177734 337.249694824219 336.843627929688 336.023315429688 336.099884033203 336.329498291016 336.096618652344 335.71044921875 -3.4e+38 335.550079345703 335.469024658203 335.542388916016 -3.4e+38 335.222839355469 335.056549072266 334.972808837891 334.888763427734 334.463562011719 334.061096191406 334.634796142578 334.549652099609 334.464324951172 334.635467529297 335.054931640625 334.961090087891 334.915008544922 335.324645996094 335.455383300781 335.807159423828 335.800415039062
334.918579101562 335.369506835938 334.945617675781 334.766021728516 334.571655273438 334.449371337891 333.886383056641 334.688659667969 335.668365478516 335.756042480469 336.005035400391 336.565490722656 -3.4e+38 -3.4e+38 -3.4e+38 -3.4e+38 336.228973388672 336.468658447266 336.397003173828 336.654663085938 337.250671386719 337.02294921875 336.024200439453 335.947052001953 335.869110107422 335.970397949219 -3.4e+38 335.631164550781 335.550567626953 -3.4e+38 335.569519042969 335.663635253906 335.222900390625 335.056304931641 334.972442626953 334.703979492188 334.290100097656 334.277069091797 334.362060546875 334.548400878906 334.552215576172 334.736846923828 334.867156982422 334.860778808594 -3.4e+38 -3.4e+38 335.180755615234 335.827941894531 335.630279541016
-3.4e+38 335.224639892578 334.48828125 334.752288818359 335.05029296875 334.338562011719 334.480194091797 335.030426025391 335.768157958984 336.069885253906 336.006988525391 336.516143798828 -3.4e+38 -3.4e+38 -3.4e+38 -3.4e+38 336.540374755859 336.469665527344 336.39794921875 336.655517578125 337.251525878906 337.176879882812 336.562896728516 336.48583984375 336.408020019531 336.483581542969 -3.4e+38 336.170471191406 336.090057373047 336.009094238281 335.900909423828 335.610687255859 335.222839355469 335.055969238281 334.971923828125 334.548126220703 334.142791748047 334.599670410156 334.403991699219 334.625366210938 334.687072753906 334.714477539062 334.887847900391 334.881469726562 -3.4e+38 334.861999511719 335.011413574219 335.299743652344 335.136260986328
334.211334228516 334.666931152344 334.856872558594 334.928588867188 335.417572021484 334.638580322266 335.255920410156 335.195343017578 335.283813476562 335.708648681641 336.008758544922 -3.4e+38 -3.4e+38 -3.4e+38 -3.4e+38 -3.4e+38 336.541351318359 336.470581054688 336.398803710938 336.65625 337.252288818359 337.177612304688 337.025604248047 336.948333740234 336.870330810547 336.791564941406 336.712097167969 336.631958007812 336.370635986328 336.111694335938 335.870635986328 335.129180908203 335.580688476562 334.872772216797 334.430267333984 334.189880371094 334.141448974609 334.716796875 334.63134765625 334.611328125 334.683746337891 334.764312744141 334.780822753906 334.513977050781 -3.4e+38 334.882629394531 334.8759765625 334.869262695312 334.862518310547
334.146392822266 334.558837890625 335.171417236328 335.079772949219 335.731719970703 334.467041015625 335.068115234375 335.560974121094 335.310394287109 335.761444091797 336.010437011719 336.344299316406 336.278503417969 -3.4e+38 -3.4e+38 336.788360595703 337.079162597656 336.83154296875 336.576599121094 337.016571044922 337.075378417969 336.818939208984 337.026123046875 336.948852539062 336.870758056641 336.791931152344 336.712432861328 336.632232666016 336.216522216797 335.805297851562 335.897430419922 334.973236083984 334.988006591797 334.541900634766 334.511535644531 334.427276611328 334.314392089844 334.357604980469 334.630035400391 334.544158935547 334.539581298828 334.739471435547 334.69091796875 334.198699951172 -3.4e+38 334.544189453125 334.708068847656 334.530456542969 334.883087158203
334.242584228516 334.527221679688 334.442626953125 335.082550048828 336.081024169922 334.700164794922 334.180206298828 335.875 335.46240234375 336.075286865234 336.012054443359 -3.4e+38 -3.4e+38 -3.4e+38 336.681945800781 336.76513671875 337.006469726562 336.782989501953 336.553009033203 336.790679931641 336.741088867188 336.868927001953 337.026611328125 336.949249267578 336.871154785156 336.792266845703 336.353759765625 335.736145019531 335.858734130859 335.624603271484 335.694366455078 334.969329833984 334.403594970703 334.209564208984 334.429473876953 334.527160644531 334.461364746094 333.869842529297 334.161560058594 334.330596923828 334.456329345703 334.46728515625 334.606811523438 334.608947753906 334.400207519531 334.438323974609 334.402221679688 334.425323486328 334.354858398438
334.125122070312 334.214263916016 334.723541259766 335.276062011719 335.843139648438 335.011840820312 334.284790039062 335.876586914062 335.289764404297 335.714599609375 -3.4e+38 336.210723876953 336.642547607422 336.390167236328 336.682922363281 336.613891601562 336.543884277344 336.472869873047 336.400909423828 336.327972412109 336.407257080078 336.642700195312 337.027008056641 -3.4e+38 336.871429443359 336.792510986328 336.0458984375 334.786865234375 335.193420410156 335.289733886719 334.668701171875 334.25341796875 334.557830810547 333.871978759766 333.793487548828 334.3974609375 334.28564453125 334.071411132812 333.874420166016 334.362182617188 334.45458984375 334.367919921875 334.394409179688 334.538818359375 334.519714355469 334.788787841797 334.639801025391 334.775512695312 334.472412109375
334.638336181641 334.757843017578 335.308624267578 335.632202148438 335.019317626953 335.174072265625 335.10107421875 335.515411376953 335.315582275391 335.765991210938 336.015014648438 336.212066650391 336.667449951172 336.440063476562 336.683868408203 336.61474609375 336.368408203125 336.113952636719 336.401550292969 336.328521728516 -3.4e+38 336.179718017578 336.849456787109 336.413238525391 336.513336181641 336.792724609375 -3.4e+38 335.348815917969 334.885620117188 334.0556640625 330.282348632812 327.709503173828 329.006622314453 333.716674804688 333.460418701172 334.187896728516 333.952911376953 333.900573730469 333.638702392578 334.343017578125 334.452819824219 334.365936279297 334.237274169922 334.084228515625 334.182739257812 334.777801513672 334.411071777344 334.403686523438 334.208251953125
335.302642822266 335.236297607422 335.1474609375 335.970977783203 335.072296142578 335.32568359375 335.265502929688 335.204498291016 335.467926025391 336.079986572266 336.016418457031 336.038208007812 336.284301757812 336.392669677734 336.684783935547 336.439636230469 336.033142089844 336.162841796875 336.402130126953 336.329071044922 336.255096435547 336.18017578125 336.337738037109 335.950225830078 336.025939941406 336.434692382812 336.713104248047 336.144866943359 335.063903808594 334.030120849609 331.354705810547 327.831848144531 327.292663574219 333.897644042969 333.662261962891 333.700378417969 333.256195068359 333.326812744141 333.731292724609 334.18310546875 334.451019287109 334.363952636719 334.204467773438 334.004180908203 333.997772216797 334.283996582031 333.978149414062 333.784362792969 333.262084960938
