rcp8.5models/MPI_ESM_LR/sc1gr4.28
NCOLS 261 
NROWS 433 
XLLCORNER 336357.134 
YLLCORNER 654653.479 
CELLSIZE 1000 
NODATA_value -3.4e+38 
[rows 176 to 197 of 433, columns 147 to 195 of 261]
298.100128173828 298.910675048828 298.810363769531 298.403137207031 298.917510986328 299.466339111328 299.380004882812 299.705810546875 300.012359619141 300.998138427734 301.509582519531 301.710083007812 302.066192626953 301.851135253906 302.219085693359 302.221008300781 302.495483398438 302.982788085938 303.320739746094 303.362457275391 303.423706054688 303.446075439453 303.936248779297 303.950988769531 303.917266845703 304.139190673828 304.511657714844 304.708190917969 304.970642089844 304.891143798828 304.977905273438 305.352630615234 305.341583251953 305.334075927734 305.382049560547 303.960723876953 301.372528076172 301.171112060547 300.924468994141 301.108795166016 301.293823242188 300.963928222656 300.882141113281 301.093597412109 301.50732421875 301.656188964844 301.739349365234 -3.4e+38 301.420837402344
298.157897949219 298.910186767578 299.11767578125 299.121337890625 299.151580810547 299.721160888672 299.773132324219 299.271697998047 299.146331787109 300.890533447266 301.323883056641 301.468170166016 301.597839355469 301.636169433594 302.0771484375 302.242370605469 302.445526123047 302.760803222656 303.075500488281 303.311889648438 303.2783203125 303.3564453125 303.852355957031 303.600524902344 303.746795654297 304.167449951172 304.461608886719 304.701477050781 304.964569091797 304.843536376953 304.8681640625 305.255249023438 305.096954345703 305.058532714844 305.181518554688 304.493072509766 302.639343261719 301.213897705078 300.847930908203 300.743408203125 301.034790039062 300.869934082031 300.814880371094 300.944732666016 301.094879150391 301.466125488281 301.505279541016 301.482788085938 301.366027832031
298.045043945312 298.493591308594 298.845123291016 298.916778564453 299.552886962891 299.910125732422 -3.4e+38 299.282043457031 299.209747314453 300.585510253906 300.915161132812 301.400207519531 301.450378417969 301.624664306641 302.125640869141 302.343017578125 302.384918212891 302.538482666016 302.873748779297 303.372131347656 303.394165039062 303.344970703125 304.082916259766 303.936401367188 304.175720214844 304.445007324219 304.52099609375 304.611724853516 304.69384765625 304.594177246094 304.566711425781 304.72119140625 304.718841552734 304.658355712891 304.966278076172 305.078796386719 304.383270263672 302.619964599609 301.191314697266 301.023742675781 300.916015625 300.676727294922 300.705749511719 300.837677001953 300.931091308594 301.503692626953 -3.4e+38 301.331176757812 301.337249755859
297.54736328125 297.894348144531 297.681640625 297.960815429688 299.563171386719 300.231811523438 300.12548828125 299.777740478516 299.954193115234 300.200134277344 300.348419189453 301.338531494141 301.196838378906 301.635040283203 302.154937744141 302.403930664062 302.455017089844 302.802551269531 303.117645263672 303.421630859375 303.621276855469 303.720733642578 304.169250488281 304.18115234375 304.362518310547 304.438659667969 304.478057861328 304.467742919922 304.431335449219 304.339752197266 304.300811767578 304.349639892578 304.443237304688 304.368255615234 304.754302978516 305.173706054688 304.979705810547 303.667663574219 301.275787353516 301.179931640625 300.719665527344 300.5810546875 300.677490234375 300.721557617188 300.812194824219 301.179229736328 301.257476806641 301.238555908203 301.090362548828
297.037994384766 297.171905517578 297.205047607422 298.11865234375 299.204193115234 300.252685546875 300.320892333984 300.259124755859 300.271667480469 300.304534912109 300.285278320312 301.013977050781 301.183624267578 301.505065917969 301.843505859375 302.269836425781 302.553527832031 303.103271484375 303.318603515625 303.421112060547 303.685394287109 303.827423095703 304.007141113281 304.060760498047 303.855041503906 304.110992431641 304.214263916016 303.874084472656 304.018188476562 304.129730224609 304.035766601562 304.169403076172 304.337432861328 304.314453125 304.461151123047 304.718231201172 304.728485107422 304.303894042969 302.617431640625 301.012878417969 300.528930664062 300.579650878906 300.676177978516 300.700164794922 300.776245117188 300.830108642578 300.947875976562 300.967407226562 300.827087402344
297.426330566406 296.990234375 297.051208496094 298.789123535156 299.115447998047 299.876007080078 300.376251220703 300.723297119141 300.690490722656 300.678070068359 300.411956787109 300.742553710938 301.392059326172 301.595336914062 301.994720458984 302.240051269531 302.433074951172 302.797973632812 303.196044921875 303.359954833984 303.452056884766 303.504364013672 303.527526855469 303.740905761719 303.478271484375 303.800109863281 303.939117431641 303.4169921875 303.533416748047 303.644226074219 303.711181640625 303.985870361328 304.157409667969 304.313385009766 304.301574707031 304.348693847656 304.568969726562 304.862762451172 304.375213623047 302.279235839844 300.461029052734 300.426727294922 300.582305908203 300.599334716797 300.636260986328 300.674591064453 300.674163818359 300.747039794922 300.712707519531
297.902770996094 296.973541259766 296.059600830078 298.337036132812 298.507476806641 299.272644042969 300.010345458984 300.584533691406 300.891662597656 300.779937744141 300.474853515625 300.535034179688 301.507202148438 301.765411376953 302.104370117188 302.248199462891 302.5146484375 302.850280761719 303.1865234375 303.187866210938 303.17919921875 303.311950683594 303.305297851562 -3.4e+38 303.327667236328 303.714965820312 303.721649169922 303.510620117188 303.348388671875 303.309173583984 303.525695800781 303.836029052734 304.010070800781 304.069122314453 304.116668701172 304.261138916016 304.679901123047 304.897888183594 304.859069824219 303.984527587891 301.592681884766 300.362854003906 300.507019042969 300.530883789062 300.546234130859 300.665740966797 300.570220947266 300.601348876953 300.665374755859
298.051483154297 296.723968505859 -3.4e+38 297.861907958984 297.946929931641 298.957366943359 300.296325683594 300.638763427734 300.832916259766 -3.4e+38 300.575866699219 300.564544677734 301.338104248047 301.530303955078 301.777404785156 302.263732910156 302.542938232422 302.889495849609 302.988586425781 302.904235839844 303.047760009766 303.205627441406 302.964385986328 302.988739013672 303.080993652344 303.535522460938 303.407653808594 303.183197021484 302.987518310547 303.047882080078 303.349456787109 303.5859375 303.853393554688 303.837554931641 303.906524658203 304.254577636719 304.714874267578 304.665679931641 304.836151123047 304.633392333984 303.587677001953 301.660766601562 300.505859375 300.556518554688 300.625885009766 300.645568847656 300.571075439453 300.625030517578 300.629669189453
298.393737792969 297.761169433594 297.114532470703 298.112457275391 298.013671875 299.050170898438 300.297180175781 -3.4e+38 -3.4e+38 300.734069824219 300.723388671875 300.789489746094 300.955932617188 301.137969970703 301.675598144531 302.217590332031 302.38232421875 302.500915527344 302.518463134766 302.5703125 302.931030273438 303.118927001953 302.631469726562 302.671905517578 302.857177734375 303.258422851562 303.137634277344 302.772003173828 302.743194580078 302.964782714844 303.307281494141 303.524475097656 303.844451904297 303.626800537109 303.737945556641 304.208557128906 304.526306152344 304.400299072266 304.612762451172 304.551940917969 304.471710205078 302.962982177734 300.504699707031 300.555297851562 300.651733398438 300.5458984375 300.3974609375 300.065399169922 300.189971923828
298.759582519531 298.785949707031 298.799774169922 299.005096435547 299.626129150391 299.827575683594 300.198364257812 -3.4e+38 -3.4e+38 300.703369140625 301.334716796875 301.150024414062 301.187194824219 301.342407226562 301.571044921875 301.794830322266 301.700592041016 301.702392578125 301.779602050781 302.114776611328 302.511108398438 302.45654296875 302.635803222656 302.63037109375 302.535705566406 302.549865722656 302.541198730469 302.712860107422 303.038299560547 303.397613525391 303.446350097656 303.466705322266 303.668365478516 303.740325927734 304.168579101562 304.138366699219 304.271545410156 304.318084716797 304.413024902344 304.400238037109 304.46728515625 304.486877441406 303.562042236328 301.782745361328 300.923950195312 300.488891601562 300.069366455078 300.180389404297 300.552978515625
298.918365478516 299.316009521484 299.186828613281 299.004364013672 299.625244140625 299.945709228516 300.445556640625 -3.4e+38 -3.4e+38 300.793975830078 301.492950439453 301.446533203125 301.534149169922 301.70166015625 301.744171142578 301.953155517578 302.080596923828 301.8095703125 301.669525146484 301.862060546875 302.349243164062 302.304656982422 302.722076416016 302.949127197266 302.949584960938 302.939575195312 302.8671875 302.824615478516 303.149658203125 303.482727050781 303.583984375 303.813262939453 304.0712890625 303.788421630859 304.052429199219 304.164001464844 304.270416259766 304.316802978516 304.411743164062 304.398895263672 304.320098876953 304.406982421875 304.509552001953 303.344451904297 301.634643554688 300.260223388672 299.849609375 299.837219238281 300.103424072266
298.777404785156 299.109588623047 299.137084960938 299.066284179688 299.624389648438 299.801147460938 300.027923583984 -3.4e+38 -3.4e+38 300.839996337891 301.452728271484 301.419311523438 301.574951171875 301.670745849609 301.723297119141 301.942840576172 302.209106445312 302.243530273438 301.992828369141 301.9228515625 302.177185058594 302.178283691406 302.620330810547 302.939270019531 303.160369873047 303.212005615234 303.270477294922 303.211883544922 303.352203369141 303.534393310547 303.723327636719 303.860504150391 304.003936767578 303.838409423828 303.880035400391 304.006164550781 304.172332763672 304.040130615234 304.134857177734 304.121673583984 304.087982177734 304.237274169922 304.501251220703 304.102844238281 302.513122558594 300.525573730469 300.121429443359 299.793731689453 300.062164306641
297.891357421875 298.633239746094 -3.4e+38 299.367614746094 299.594787597656 299.618743896484 299.634735107422 -3.4e+38 -3.4e+38 300.727935791016 301.045227050781 301.360076904297 301.402618408203 301.459747314453 301.528228759766 301.954010009766 302.107086181641 302.298187255859 302.184234619141 302.064361572266 302.196990966797 302.420532226562 302.676025390625 303.004119873047 303.053588867188 303.09619140625 303.39892578125 303.537445068359 303.528961181641 303.684295654297 303.767120361328 303.728942871094 303.646911621094 303.831787109375 303.874145507812 303.951477050781 303.973449707031 303.814361572266 303.941833496094 303.988220214844 304.001770019531 304.089874267578 304.172210693359 304.23779296875 303.06640625 300.554931640625 300.235076904297 300.016906738281 300.470977783203
297.293609619141 297.707824707031 298.628692626953 299.573699951172 299.570098876953 299.566223144531 299.562072753906 -3.4e+38 -3.4e+38 300.225646972656 300.703918457031 301.340026855469 301.302276611328 301.405792236328 301.695251464844 302.064178466797 302.228759765625 302.29296875 302.22900390625 302.290985107422 302.479522705078 302.622375488281 303.069122314453 303.265747070312 303.086578369141 302.9306640625 303.243347167969 303.273406982422 303.653167724609 303.718017578125 -3.4e+38 303.606079101562 303.495544433594 303.717407226562 303.878173828125 303.85498046875 303.815856933594 303.813171386719 303.902160644531 303.877990722656 303.930023193359 304.100891113281 304.140167236328 304.148193359375 303.793975830078 300.258850097656 299.9208984375 300.059356689453 300.421264648438
297.126617431641 297.462219238281 298.601593017578 299.51025390625 299.569183349609 299.565368652344 299.561279296875 299.735443115234 299.991851806641 300.020477294922 300.652526855469 300.910034179688 301.026733398438 301.404052734375 301.776977539062 302.054138183594 302.178649902344 302.206848144531 302.263122558594 302.508117675781 302.540252685547 302.622222900391 303.239593505859 303.256195068359 303.289001464844 303.156311035156 303.205688476562 303.098663330078 303.590789794922 303.581604003906 303.617431640625 303.506683349609 303.494812011719 303.823272705078 303.963806152344 -3.4e+38 303.830505371094 303.963043212891 303.939880371094 303.819000244141 303.891540527344 304.087036132812 304.116271972656 304.066467285156 304.060363769531 301.429626464844 300.662292480469 299.927215576172 300.266448974609
296.425201416016 297.49169921875 298.505798339844 298.973510742188 299.194549560547 299.564514160156 299.358306884766 299.199981689453 299.765075683594 299.820007324219 300.106628417969 300.468994140625 300.794830322266 301.405487060547 301.644866943359 301.943115234375 302.081359863281 302.246459960938 302.313812255859 302.492980957031 302.524688720703 302.561462402344 303.062744140625 303.084167480469 303.296264648438 303.406311035156 303.344268798828 303.341857910156 303.54052734375 303.529266357422 303.517761230469 303.506042480469 303.494140625 303.82275390625 303.947479248047 303.692901611328 303.666931152344 303.907409667969 303.949127197266 303.709106445312 303.689544677734 303.697418212891 303.84130859375 303.966064453125 303.669158935547 302.446563720703 301.693328857422 300.16943359375 300.199462890625
296.14892578125 296.699554443359 298.043395996094 298.570678710938 298.825775146484 299.266540527344 298.759094238281 298.574401855469 299.417297363281 299.575317382812 299.651519775391 300.598693847656 300.917053222656 301.346099853516 301.379180908203 301.647979736328 302.046508789062 302.140869140625 302.192810058594 302.386352539062 302.544799804688 302.571044921875 302.997131347656 303.102935791016 303.134185791016 303.285766601562 303.395355224609 303.441223144531 303.540069580078 303.528747558594 303.517211914062 303.474090576172 303.433807373047 303.573699951172 303.652862548828 303.443786621094 303.585388183594 303.938385009766 303.992218017578 303.703796386719 303.426452636719 303.39111328125 303.603576660156 303.694183349609 303.181304931641 302.903991699219 302.3515625 301.108184814453 299.956726074219
295.126983642578 297.004486083984 297.801208496094 298.354125976562 298.600036621094 298.769805908203 298.342071533203 298.076416015625 298.840087890625 299.540863037109 299.530578613281 300.566314697266 300.96044921875 301.115051269531 301.114501953125 301.446472167969 301.633850097656 301.805419921875 302.182281494141 302.270355224609 302.458679199219 302.621459960938 302.866394042969 303.113525390625 303.142852783203 303.18505859375 303.39501953125 303.409881591797 303.479736328125 303.528259277344 303.485473632812 303.356475830078 303.324005126953 303.468231201172 303.455657958984 303.442901611328 303.535217285156 303.749633789062 303.892211914062 303.822021484375 303.31201171875 303.147033691406 303.186096191406 303.242614746094 302.988555908203 303.364135742188 302.650329589844 301.561340332031 299.880523681641
294.407745361328 297.199462890625 297.64306640625 298.015869140625 298.513641357422 298.475463867188 297.847076416016 297.184295654297 298.257934570312 299.248596191406 299.245788574219 300.233154296875 300.577758789062 300.868041992188 301.185333251953 301.416107177734 301.630981445312 301.834655761719 302.107574462891 302.103576660156 302.317138671875 302.530700683594 302.653411865234 302.795654296875 302.982971191406 303.183441162109 303.274658203125 303.383758544922 303.398406982422 303.405853271484 303.308319091797 303.220642089844 303.273773193359 303.467529296875 303.454895019531 303.442077636719 303.429107666016 303.474334716797 303.616363525391 303.583770751953 303.258087158203 303.002227783203 302.966705322266 302.935607910156 302.868591308594 303.338409423828 302.712158203125 302.076049804688 300.751068115234
295.692169189453 296.715698242188 297.196807861328 297.711273193359 298.019561767578 297.944091796875 297.201080322266 296.605834960938 298.250671386719 298.772583007812 298.909088134766 300.205291748047 300.38623046875 300.971435546875 301.289031982422 301.269744873047 301.641021728516 301.988372802734 301.980407714844 302.057342529297 302.241180419922 302.333709716797 302.542022705078 302.592376708984 302.684631347656 302.850006103516 302.932525634766 303.263519287109 303.372192382812 303.334838867188 303.211029052734 303.110748291016 303.147766113281 303.466857910156 303.359222412109 303.16748046875 303.249816894531 303.345458984375 303.079803466797 302.967529296875 303.138397216797 303.092346191406 303.067230224609 302.730102539062 302.711730957031 303.166687011719 303.098602294922 302.856994628906 -3.4e+38
296.455993652344 297.310974121094 297.592193603516 297.617462158203 -3.4e+38 297.38623046875 296.592163085938 296.476623535156 298.197723388672 298.639434814453 299.457550048828 300.121917724609 300.449829101562 300.757141113281 301.012939453125 301.169586181641 301.322082519531 301.755157470703 301.980224609375 301.971893310547 302.013885498047 302.02099609375 302.163360595703 302.073516845703 302.370239257812 302.5712890625 302.637664794922 302.808197021484 302.774230957031 302.602508544922 302.5078125 302.440093994141 302.751922607422 303.017822265625 303.051605224609 302.939788818359 302.926635742188 302.802612304688 302.576965332031 302.573516845703 -3.4e+38 302.648162841797 302.688018798828 302.534454345703 302.660339355469 302.995910644531 303.014526367188 302.911651611328 302.468597412109
296.714324951172 297.196166992188 297.567138671875 -3.4e+38 -3.4e+38 -3.4e+38 296.734008789062 297.260711669922 298.321594238281 298.606414794922 299.538146972656 299.817687988281 300.236145019531 300.679046630859 301.064086914062 301.169464111328 301.271850585938 301.53369140625 301.678314208984 301.791046142578 301.782348632812 301.782745361328 301.753936767578 301.810760498047 302.229095458984 302.361572265625 302.620208740234 302.574951171875 302.588043212891 302.526275634766 302.488525390625 302.395477294922 302.427520751953 302.786193847656 303.046600341797 -3.4e+38 302.830810546875 302.612426757812 -3.4e+38 302.338134765625 302.096862792969 -3.4e+38 302.311157226562 302.020935058594 302.323699951172 302.991821289062 303.101348876953 303.003540039062 302.495178222656
