rcp8.5models/MPI_ESM_LR/sc1gr2.0
NCOLS 261 
NROWS 433 
XLLCORNER 336357.134 
YLLCORNER 654653.479 
CELLSIZE 1000 
NODATA_value -9999 
[rows 66 to 87 of 433, columns 50 to 99 of 261]
-9999 -9999 -9999 -9999 -9999 -9999 -9999 -9999 -9999 -9999 -9999 -9999 -9999 -9999 -9999 -9999 -9999 326.505217793397 327.121351960308 -9999 327.230134858751 327.36487663332 327.347313569248 327.317665187385 327.288035407703 326.311307113367 326.228848787859 326.199281202055 327.140217928446 327.11072295579 327.744021446256 327.732571600974 327.058099341621 327.364777525232 327.9549868194 327.93415052368 327.904788748876 327.875457612391 328.178730155533 -9999 327.758308784169 327.729070747345 327.699863161862 -9999 -9999 328.600740305841 328.233635132279 328.176057462332 327.525075717488 327.545241305103
-9999 -9999 -9999 -9999 -9999 -9999 -9999 -9999 -9999 -9999 -9999 -9999 -9999 -9999 -9999 -9999 -9999 326.641893578984 326.912116762139 326.944506259185 -9999 327.365789130954 327.367154490407 327.337587461996 327.308041253794 326.989437783623 326.942285530949 326.910609040946 326.498072339639 327.109927722363 328.074583124269 327.408121760076 327.059495016185 327.039845086191 327.973134267295 -9999 -9999 327.896783975802 327.867546080952 327.838359156742 327.780017057768 327.750891688251 327.721776637339 327.710571319292 328.307482404758 328.005755960252 328.605505699131 328.533508163984 327.54752426067 327.536629544663
-9999 -9999 -9999 -9999 -9999 -9999 -9999 -9999 -9999 -9999 -9999 -9999 -9999 -9999 -9999 -9999 -9999 327.986065900002 327.558075428023 327.494790067511 327.465306277501 327.435861678209 327.406439931917 326.998396213886 327.187105982629 326.648888030927 326.30205582476 326.259760012681 326.526881162133 326.180578426704 328.096733302018 327.799351551562 327.094975989378 327.055446200432 327.026332137725 327.993422107225 327.9681957608 327.939163662123 327.910141894687 327.881140509141 327.835938605598 328.437013537567 327.774631380664 328.082014132184 328.054911025237 328.027785921087 327.985746671502 327.621015711643 327.592211063942 327.56343568857
-9999 -9999 -9999 -9999 -9999 -9999 -9999 -9999 -9999 -9999 -9999 -9999 -9999 -9999 -9999 -9999 -9999 328.551530110092 327.613812383167 327.513975162999 327.484584396791 327.455224331068 327.425915183913 326.83233939909 327.339020632097 327.045672785684 327.000814091709 326.304670826287 326.715543859835 326.870452665991 328.1355814415 328.134130413139 327.717429622638 327.750349953248 327.719989744681 328.017485506297 327.989125759898 327.960196688722 327.931288052775 327.902389882678 -9999 -9999 327.786992126391 327.758187029223 327.729411702037 327.700637748193 327.671893343829 327.643150561946 327.647970656859 328.193596867035
-9999 -9999 -9999 -9999 -9999 -9999 -9999 -9999 -9999 -9999 -9999 -9999 -9999 -9999 -9999 -9999 -9999 328.591717619519 327.630351254866 327.533029918778 327.503732098503 327.474464974651 326.988756182357 327.21895270419 327.378542206363 327.357734106307 326.663251076113 326.310069998513 327.149173023407 327.210246012546 328.007828749696 328.152050329366 328.092505945671 328.096357354674 328.067709042487 328.038831729606 328.00996470916 327.975934868998 327.29538607404 327.923537848019 328.206995232383 -9999 327.808552660053 327.77985974106 327.751177147752 327.722495978827 327.693845212949 327.665214035091 327.655630416552 327.981092406404
-9999 -9999 -9999 -9999 -9999 -9999 -9999 -9999 -9999 -9999 -9999 -9999 -9999 -9999 -9999 -9999 328.66654629481 328.610465038191 327.646750121502 327.551941651357 327.522736843678 326.981275877822 326.762794685395 327.402076040285 327.406254719502 327.377224167989 327.050225707719 326.697101686324 326.999900251773 327.015354157287 328.109407636326 -9999 328.145830477378 328.117025319614 328.088220300026 328.05946641241 328.030712608201 327.992225824141 326.986807025764 327.944594608561 327.887281634884 327.858631644171 327.830030705089 327.80142215068 327.772852293086 327.772794652681 328.332793149254 327.720455179452 328.303261950701 328.294211294852
-9999 -9999 -9999 -9999 -9999 -9999 -9999 -9999 -9999 -9999 -9999 -9999 -9999 -9999 -9999 -9999 328.685048004721 327.965183682785 327.618241590108 327.57072301453 327.541611141722 326.760420331942 327.239459999008 327.444791403488 327.425521463183 326.729423947569 327.344659872748 327.197790801805 327.145753127352 327.151144282129 328.207423707247 -9999 328.166014010643 328.137322164039 328.108630547658 328.079979596308 328.051329028014 328.018810349912 327.663135153237 327.965540490855 327.908443811706 327.879906513428 327.851408818991 327.822902532193 327.82167947981 328.431247985443 328.720092879896 328.373768144836 328.680625055366 328.65221864953
-9999 -9999 -9999 -9999 -9999 -9999 -9999 -9999 -9999 -9999 -9999 -9999 -9999 -9999 -9999 328.737915039062 328.706148044553 327.666113572115 327.618410927863 327.589361380855 327.560342509461 327.303622872377 327.491335263913 327.473520908305 327.444634601124 326.450588136661 327.355901429588 327.002933756481 327.294433204605 327.94248178861 328.239364294023 328.214716134835 328.186086592732 328.157497578916 328.128929368499 328.10037147222 328.078462929544 328.699571018922 -9999 327.986384869065 327.929504290397 327.901070629064 327.872685388842 327.844282111927 327.831145951624 328.138684169271 328.145122728885 328.730859567664 328.664769244492 328.07208431941
-9999 -9999 -9999 -9999 -9999 -9999 -9999 -9999 -9999 -9999 -9999 -9999 -9999 -9999 -9999 328.750575567442 328.723868751196 327.665771228638 327.636782747659 328.27501029349 328.282292843086 328.251083094608 327.551681778945 327.492409476589 327.463627922803 327.136840740271 327.397220441122 327.215776282807 327.314009845286 328.277574710118 328.263090354569 328.234553674825 328.206047535063 328.177572053648 328.149106747047 328.120662213634 328.096214121423 328.393730745872 328.035471336191 328.007118270999 327.950453961785 327.92213292181 327.918636175203 328.490367454276 327.866798505608 328.425677789459 327.79946152183 328.107478787236 328.098204629148 328.360781097804
-9999 -9999 -9999 -9999 -9999 -9999 -9999 -9999 -9999 -9999 -9999 -9999 -9999 -9999 -9999 328.7685277452 328.074689305515 327.683910075575 327.655015338084 328.573902919201 328.597348376097 328.568576352588 328.250566563819 328.207132641482 328.176190569457 328.145322029111 328.114507947328 327.684212067816 328.019832707903 328.307333888959 -9999 328.254269832457 328.225887079819 328.197514549852 -9999 328.140841385648 328.112530361229 328.084240001818 328.055979905295 328.012499722163 327.992532092369 328.598226668759 328.556059886477 328.248362438375 328.49426480202 328.164480858425 327.802276524357 327.774139615268 327.807974956069 328.717874428045
-9999 -9999 -9999 -9999 -9999 -9999 -9999 -9999 -9999 -9999 -9999 -9999 -9999 -9999 328.820373535156 328.788874340099 328.492453136334 327.701884465446 327.673103749389 328.594463433204 328.615623547377 328.586965399602 328.558338777698 328.529731186703 328.501165378328 328.472660214336 328.444166080019 327.811432669289 328.358877474417 328.330525942522 328.302184870868 328.273864485469 328.245584658221 328.21732566259 328.18909714524 328.16087912829 328.132701301354 328.104514394598 328.076377472612 328.04053683619 328.039495108801 327.763016056403 328.268543991693 327.923573552033 328.213234427727 327.851715067612 327.823670729598 327.795636718637 327.790341801669 328.184888381855
-9999 -9999 -9999 -9999 -9999 -9999 -9999 -9999 -9999 -9999 -9999 -9999 -9999 -9999 -9999 328.806048060684 328.107413513057 327.71969860632 327.691019409806 328.614877247767 328.633767698418 328.605212225909 328.576687824423 328.548185104509 328.519742213551 328.491319555521 328.462938631812 328.241461420876 329.052179305513 328.354985855567 328.321534673746 328.293337700687 328.26733619824 328.908528000112 328.878418053256 328.83889944634 328.152741145139 328.124687172903 328.096653818642 328.069172322622 328.066580843888 327.784797160249 328.609225902064 328.5489126018 327.900827465646 327.87288598128 327.844945767841 327.833416290673 328.037107162892 327.810726789337
-9999 -9999 -9999 -9999 -9999 -9999 -9999 -9999 -9999 -9999 -9999 -9999 -9999 328.8837890625 328.852493497427 328.152506361481 327.811705255558 327.737360818805 327.708774678425 328.635136554753 328.651748187683 328.623286152539 328.594875321907 327.968499361447 327.956695921985 327.964564051581 328.47074247638 328.45335353957 328.712613495253 328.370629011389 328.680967807074 328.684939346983 328.690965230326 329.256583486746 329.228581438096 329.184484157989 328.172649009286 328.158353080777 328.683588449041 328.109151841246 328.707686704466 328.706294421881 328.952586826107 328.409970537189 328.570342092184 328.54078757435 328.511256829366 328.491084122014 328.590361522063 328.422822824899
-9999 -9999 -9999 -9999 -9999 -9999 -9999 -9999 -9999 -9999 -9999 -9999 328.929412841797 328.898313046055 328.869256734644 327.901075221258 327.811963859421 327.754870024851 327.726378012125 328.655221252315 328.669567197865 328.641198962362 327.959774234293 327.681821984463 328.281906291833 328.283094900148 328.49568211439 327.79635479768 328.415810767021 328.387799422123 328.841399661712 329.185959231973 329.173637046658 329.276009760197 329.248121210449 329.214230345034 328.857163714253 328.832358540059 328.989809431367 328.779107464089 329.053522777054 329.025786523805 328.984245823904 328.656696030914 328.329508756217 328.914884508254 328.887177736735 328.859453783763 328.831746993486 328.804022000165
-9999 -9999 -9999 -9999 -9999 -9999 -9999 -9999 -9999 -9999 -9999 -9999 328.957890170325 328.256829157724 327.91960528431 327.874441348373 327.846033587774 328.776189193103 328.761105200979 328.732882413289 328.704698952868 328.676576055118 328.648505506081 328.62046613582 328.319981309596 328.559787728961 328.536591865196 328.508705292255 328.241544788817 328.4260750879 329.397525966418 329.367231422362 329.01768299158 329.314457741837 329.286815750192 329.259184608028 329.231593528039 329.223317699674 329.826047211682 329.50221199596 329.093884195575 329.066383624261 329.042129529628 329.07580190688 329.080467833112 329.574671713138 329.137317784243 329.259165492896 329.207481941079 328.846436392343
-9999 -9999 -9999 -9999 -9999 -9999 -9999 -9999 -9999 -9999 -9999 -9999 -9999 328.007164607096 327.919470291171 327.891123780553 328.539237909612 328.806352156228 328.778200495775 328.75010050359 328.722031839776 328.694023317611 327.988385777552 328.623158497599 328.610253691811 327.963208332046 327.961143504932 327.968426584847 328.471308672165 329.122320958459 329.416166484401 329.388556712903 329.356620348452 329.010060033195 329.020085439612 329.278442588651 329.250965081522 329.234032223566 329.547493248066 329.839475682699 329.113862876783 329.118300346758 329.711154643202 329.677041753998 329.134263849518 329.958825579854 329.655007478064 329.564123058178 329.535086383913 329.456813209913
-9999 -9999 -9999 -9999 -9999 -9999 -9999 -9999 -9999 -9999 -9999 -9999 -9999 327.964430579897 327.935855858461 328.58521440487 328.865805256445 328.823171990165 328.79513443169 328.767137016109 329.417671338454 328.050978170361 328.369251939772 328.649710259836 328.627898254712 327.677774410518 327.615334764121 327.602985350031 328.49017642251 328.788393519807 329.434645273266 329.40260367851 329.000013190699 328.853591749627 329.182564253498 329.314850165401 329.933259851271 329.90400182849 329.887244996068 330.188264963626 329.133718696774 -9999 -9999 330.039051433389 329.713725053195 329.997453198966 329.970181842695 329.942935456838 329.879438402628 329.467826366059
-9999 -9999 -9999 -9999 -9999 -9999 -9999 -9999 -9999 -9999 -9999 -9999 328.006671310778 327.980270195555 327.952059814248 328.875858829119 328.895812127799 328.839808968471 328.811894751393 329.463550438246 329.747933236177 328.456177382336 328.694403398754 328.673008107871 328.645369933605 328.325903792566 328.275639554148 328.245829025933 329.186606865799 329.159418498411 329.448374598326 328.988036497722 328.542557393057 328.549016434459 329.343754691322 329.344504838522 330.289303156281 330.26209320794 330.234912740731 330.20773348585 329.774744760655 -9999 330.099165579071 330.072044281968 330.044896078539 330.01777455178 329.996286455224 330.046349641983 330.026020084104 329.863801834145
-9999 -9999 -9999 -9999 -9999 -9999 -9999 -9999 -9999 -9999 -9999 -9999 328.0245716272 327.996176800402 328.64826325663 328.926955291201 328.912050478718 328.856284838768 328.828473471549 329.772219381375 329.092135418882 328.751927154711 328.717740698095 328.690174184751 328.662659285613 327.953581533662 328.604672811313 328.580359678291 329.522658806162 328.979961070337 328.989112894383 329.224865511547 328.67491818442 329.065355390811 329.362454114239 329.345399694091 329.646028484187 329.620863018871 329.614109305727 330.034320300253 330.155386507538 329.815942685651 330.081534985423 329.484070115983 330.064971399291 330.037954750402 330.018360128357 330.091074170603 330.107648147963 330.186839314851
-9999 -9999 -9999 -9999 -9999 -9999 -9999 -9999 -9999 -9999 -9999 328.066261010252 328.03992685141 328.693370764261 328.970641273336 328.955985660645 328.928105949673 328.872566598739 329.526750039778 329.809401102546 328.812390055821 328.762114277921 328.734630990322 328.707178788605 328.679787331457 328.340869374302 328.624403236399 328.59862211519 329.541478784079 329.267861056943 329.257733335854 329.458335367534 329.246902806077 330.06620477218 329.66106774999 329.354007938201 329.327043799219 329.30008075283 329.283159267755 329.51933743255 329.574285627428 -9999 330.079200947567 329.133977691089 329.482349934472 330.058609979085 330.044219722187 330.121079947374 330.665876641526 330.676907198341
-9999 -9999 -9999 -9999 -9999 -9999 -9999 -9999 -9999 -9999 -9999 -9999 328.055335804217 328.980070073165 328.999544896717 328.971735751679 328.943978782945 329.571728101113 329.853020570809 329.833570736546 329.509778593024 329.473882258249 329.444238636346 328.731091953967 329.380434888987 328.671926009221 328.642350453894 329.298250339734 329.561057711717 329.534034621886 329.507042098163 329.484291028593 329.678936874984 330.421138269458 330.205192691535 330.035835936276 329.995626936221 329.658495313344 329.292056841118 329.312814199264 329.266112228985 330.184968581063 330.096953772934 329.131438991388 329.128835018576 329.435008828109 329.464743211699 330.084677818647 330.35925472163 330.388309130449
-9999 -9999 -9999 -9999 -9999 -9999 -9999 -9999 -9999 -9999 -9999 328.098657197769 328.75476793523 329.030031886946 329.014997387485 328.987302983179 328.959669350144 329.896277031951 329.877144449341 329.849746538393 329.822397630185 329.110578349424 329.075409782304 328.743154792079 329.024142729445 329.371731094403 329.343622933149 329.632513659266 329.578488874491 329.551589702967 329.524740986223 329.515164276106 330.248281072298 330.444337806875 330.417590753639 330.390863590558 330.35798389999 330.171763710039 329.967970114744 329.9240818789 329.287078599324 330.165488129285 329.548189742913 329.797237495758 329.768867339407 329.740511030061 329.789416957156 330.640065675299 330.021552354537 330.12060633779
