rcp8.5models/MPI_ESM_LR/sc1gr2.28
NCOLS 261 
NROWS 433 
XLLCORNER 336357.134 
YLLCORNER 654653.479 
CELLSIZE 1000 
NODATA_value -3.4e+38 
[rows 330 to 351 of 433, columns 196 to 244 of 261]
339.164703369141 339.334533691406 338.782043457031 338.592651367188 339.396850585938 339.824188232422 340.019989013672 336.596649169922 334.863494873047 332.743957519531 330.425231933594 337.084655761719 339.079437255859 338.891754150391 339.484619140625 339.2939453125 340.002410888672 340.050048828125 340.15380859375 341.233337402344 341.394409179688 341.998291015625 341.520721435547 341.676086425781 342.304168701172 341.980041503906 342.3984375 342.863861083984 343.170196533203 343.223449707031 343.527282714844 343.415222167969 343.417236328125 343.002227783203 341.883026123047 342.464477539062 343.033752441406 342.354827880859 343.034790039062 342.520202636719 342.113433837891 342.448089599609 342.859741210938 342.884552001953 343.193786621094 343.238189697266 343.732086181641 344.134979248047 344.562316894531
339.501007080078 339.573425292969 339.504272460938 338.307159423828 338.480773925781 339.575073242188 340.530517578125 339.442565917969 339.116912841797 338.631713867188 336.812377929688 339.160247802734 338.823913574219 339.152374267578 339.173370361328 339.625946044922 340.169799804688 340.925811767578 341.031219482422 341.513946533203 340.726867675781 341.161499023438 341.460906982422 341.081726074219 341.501190185547 341.867614746094 342.018432617188 342.753967285156 342.697723388672 342.734130859375 343.003723144531 343.112030029297 343.227661132812 342.281188964844 341.950256347656 342.345458984375 342.571624755859 342.135345458984 342.093505859375 342.414215087891 342.078582763672 341.974212646484 342.381713867188 342.796569824219 342.842163085938 343.336090087891 343.647674560547 343.668884277344 344.070861816406
339.479797363281 339.543731689453 339.459503173828 338.040832519531 337.740203857422 339.544555664062 340.721069335938 340.74267578125 340.042938232422 340.227325439453 339.803833007812 339.629547119141 339.194763183594 338.984039306641 338.791870117188 339.620788574219 340.303192138672 -3.4e+38 341.364074707031 341.345153808594 340.258209228516 340.819000244141 341.504821777344 341.503295898438 341.544219970703 341.852264404297 341.890594482422 342.198303222656 342.141052246094 342.193237304688 342.606231689453 342.915588378906 342.772735595703 342.248901367188 341.958312988281 342.798400878906 342.542053222656 341.505981445312 341.170196533203 341.580993652344 341.986267089844 341.884307861328 342.005340576172 342.783660888672 342.901397705078 343.684295654297 343.635070800781 343.586151123047 343.606048583984
339.973510742188 339.913146972656 339.596527099609 338.669403076172 338.623321533203 339.79150390625 340.210601806641 340.851318359375 340.428741455078 340.242645263672 339.785064697266 339.724090576172 339.551635742188 339.005737304688 338.773132324219 339.831665039062 341.05712890625 -3.4e+38 341.656585693359 341.198059082031 341.292724609375 341.600860595703 341.643096923828 341.951110839844 341.893707275391 341.836700439453 341.779998779297 341.723663330078 341.776885986328 342.246002197266 342.395263671875 342.007202148438 342.393310546875 342.253784179688 342.005096435547 342.681976318359 342.564849853516 342.134399414062 341.630798339844 341.560394287109 341.513366699219 341.967498779297 342.361450195312 342.302124023438 342.793212890625 343.105377197266 343.054779052734 343.004455566406 342.954437255859
339.921630859375 339.860290527344 339.675201416016 339.123016357422 338.536437988281 338.447204589844 339.680541992188 341.075714111328 341.282989501953 340.587005615234 339.890472412109 340.228942871094 340.046447753906 339.352233886719 338.875244140625 340.086608886719 340.467742919922 340.710052490234 341.708862304688 341.68505859375 341.576049804688 341.631225585938 341.992584228516 341.935028076172 341.989715576172 342.358764648438 342.303344726562 342.248260498047 342.394134521484 343.031555175781 342.837158203125 342.066070556641 342.378753662109 342.428527832031 342.718719482422 342.218841552734 342.348907470703 342.833282470703 341.507385253906 341.376037597656 341.036560058594 342.028411865234 342.733459472656 342.393218994141 342.707824707031 342.750549316406 343.085571289062 342.560760498047 342.601623535156
339.547821044922 339.604797363281 338.777618408203 338.594024658203 337.800109863281 335.957672119141 335.263488769531 341.171966552734 341.627075195312 340.568359375 339.984008789062 340.686370849609 340.392822265625 339.091827392578 338.033050537109 339.811645507812 339.492706298828 339.916351318359 341.195465087891 340.985534667969 340.559478759766 340.82763671875 341.976135253906 341.918762207031 342.069091796875 342.694549560547 342.2099609375 342.261566162109 342.620635986328 342.621215820312 -3.4e+38 342.522338867188 342.807189941406 342.395202636719 342.62451171875 342.204498291016 342.233337402344 342.386474609375 341.602447509766 341.552337646484 341.502532958984 341.918762207031 342.326782226562 342.744232177734 342.694702148438 342.806671142578 343.437347412109 342.547912597656 342.654693603516
338.840240478516 337.521453857422 338.250030517578 338.068176269531 335.52099609375 328.446136474609 327.191741943359 340.610321044922 341.192840576172 340.767974853516 340.584899902344 340.125 339.954010009766 339.419036865234 338.993957519531 339.160888671875 339.653656005859 338.806640625 339.160766601562 338.939453125 338.561920166016 339.319030761719 340.956848144531 341.148284912109 341.828948974609 341.772583007812 341.716552734375 341.844451904297 342.540802001953 342.461090087891 342.441650390625 342.387725830078 342.334136962891 342.382141113281 342.67626953125 342.27490234375 342.575836181641 342.071350097656 342.019836425781 341.968627929688 341.917724609375 341.983459472656 342.766998291016 342.717376708984 342.738067626953 343.05419921875 343.004028320312 342.887481689453 342.560363769531
339.361785888672 337.444793701172 336.688201904297 338.426910400391 337.801208496094 331.813537597656 326.123596191406 340.108673095703 340.807861328125 340.624572753906 340.298950195312 340.430145263672 339.689300537109 339.913421630859 339.44970703125 339.733215332031 340.518585205078 339.168640136719 338.710235595703 336.936065673828 336.960205078125 339.197875976562 341.445220947266 341.334167480469 341.386016845703 341.756103515625 341.807891845703 342.076934814453 341.679748535156 341.993591308594 342.426177978516 342.372375488281 342.318939208984 342.349060058594 342.582702636719 342.241607666016 342.575805664062 342.512176513672 342.005493164062 341.954406738281 341.997802734375 342.434814453125 342.753265380859 342.794189453125 343.217681884766 343.081665039062 342.557067871094 342.595397949219 343.094604492188
339.810729980469 338.748138427734 336.499786376953 339.033050537109 339.718017578125 335.844146728516 329.145538330078 340.481719970703 340.787322998047 340.491668701172 340.013854980469 340.743499755859 339.658599853516 339.976684570312 339.955413818359 340.109527587891 340.576416015625 339.666015625 339.2490234375 337.671203613281 338.237518310547 340.693481445312 341.278350830078 340.961456298828 341.316497802734 341.202972412109 341.23828125 341.566375732422 341.573486328125 341.518829345703 341.867309570312 341.8125 341.858703613281 342.250701904297 342.198089599609 342.145843505859 342.270172119141 342.964233398438 342.544219970703 342.494598388672 342.519897460938 342.880615234375 343.299407958984 343.231842041016 343.078216552734 342.960266113281 342.543701171875 342.560943603516 342.878936767578
339.301391601562 338.995758056641 338.456726074219 339.24462890625 339.428405761719 337.818603515625 335.537780761719 340.431396484375 340.7666015625 340.594360351562 340.280609130859 340.357391357422 339.529266357422 339.697143554688 340.411285400391 340.352569580078 340.177825927734 339.489776611328 339.489593505859 339.174774169922 339.844940185547 340.947784423828 340.891021728516 340.929718017578 341.041198730469 340.400939941406 341.098083496094 340.702423095703 341.017669677734 341.065704345703 341.394744873047 341.240386962891 340.926208496094 341.787902832031 342.182922363281 342.130828857422 342.254028320312 343.027587890625 342.976440429688 342.832153320312 342.412139892578 342.937469482422 343.725555419922 343.518127441406 342.627319335938 342.578643798828 342.530242919922 342.482147216797 342.434356689453
339.147155761719 338.835418701172 339.289428710938 339.488159179688 339.169372558594 339.499328613281 339.557922363281 340.043518066406 340.745697021484 340.686492919922 340.506286621094 339.936370849609 339.509307861328 339.676574707031 340.391815185547 340.333312988281 340.055145263672 339.113891601562 339.630218505859 339.673248291016 340.196258544922 340.930023193359 340.873474121094 340.708770751953 340.132873535156 339.890289306641 340.485168457031 340.162078857422 340.540740966797 340.676971435547 340.836151123047 340.797821044922 340.900482177734 341.399963378906 342.167633056641 342.115692138672 342.237731933594 343.012725830078 342.868103027344 342.282501220703 342.025939941406 342.363952636719 343.240997314453 343.505615234375 342.613525390625 342.564971923828 342.516693115234 342.468719482422 342.421020507812
339.000061035156 338.448455810547 339.387664794922 339.958129882812 339.654449462891 339.960693359375 340.026763916016 340.416534423828 340.846954345703 341.064086914062 340.495758056641 340.069427490234 339.774047851562 339.250457763672 340.489074707031 340.722778320312 340.036834716797 339.312103271484 339.666595458984 340.025604248047 340.066558837891 340.380554199219 340.323181152344 340.171844482422 339.743927001953 339.6884765625 339.738464355469 340.101776123047 340.088409423828 340.659393310547 340.362731933594 340.393157958984 340.810607910156 341.383148193359 342.152221679688 342.100402832031 342.221343994141 342.903930664062 342.3193359375 341.896392822266 341.919097900391 342.374908447266 342.766784667969 343.019592285156 342.599609375 342.551177978516 342.503051757812 342.455200195312 342.489685058594
338.976989746094 338.295135498047 338.849884033203 339.668426513672 339.997039794922 339.938354492188 339.996215820312 340.243896484375 340.541198730469 341.53271484375 341.106384277344 340.929443359375 340.134094238281 339.382232666016 340.749084472656 340.255737304688 340.132934570312 339.693756103516 337.193267822266 339.896148681641 339.420104980469 339.471771240234 339.837799072266 339.674713134766 339.085784912109 338.916473388672 340.138519287109 339.935028076172 339.59521484375 340.101867675781 340.446258544922 340.836822509766 340.867279052734 341.3662109375 342.136657714844 341.989990234375 341.655395507812 342.356018066406 342.024078369141 342.343780517578 341.921661376953 342.174896240234 342.124328613281 342.074066162109 342.024047851562 342.058532714844 342.489288330078 342.441558837891 342.455993652344
339.466217041016 338.533233642578 337.9560546875 337.990325927734 339.459167480469 339.525238037109 339.733123779297 339.617919921875 339.510009765625 340.704986572266 341.164306640625 341.3974609375 340.744537353516 340.126312255859 340.481811523438 339.378692626953 339.805541992188 340.057495117188 338.227081298828 339.89013671875 339.352478027344 339.079986572266 339.927276611328 340.097045898438 339.044891357422 338.671264648438 340.509155273438 339.978973388672 339.592346191406 339.961395263672 340.512939453125 341.27734375 341.224884033203 341.2529296875 341.669525146484 341.991668701172 341.64404296875 341.967437744141 341.991088867188 342.330963134766 342.353576660156 341.630401611328 341.196655273438 341.619964599609 341.571533203125 341.588134765625 341.911285400391 341.943542480469 342.380462646484
339.676818847656 339.387542724609 338.211639404297 337.269989013672 337.795928955078 337.713287353516 338.934051513672 339.604766845703 339.290985107422 339.713104248047 340.133728027344 340.562286376953 340.798492431641 340.369781494141 339.97607421875 338.501342773438 338.178741455078 340.139801025391 340.288421630859 339.550506591797 339.707733154297 339.060516357422 339.895660400391 340.226287841797 340.132873535156 339.678588867188 339.715972900391 340.439147949219 339.997161865234 339.794830322266 340.495269775391 341.261016845703 341.208709716797 341.15673828125 341.18359375 341.599731445312 341.910247802734 341.493530273438 341.811126708984 341.371368408203 341.622436523438 341.461120605469 340.249420166016 341.046112060547 340.996368408203 340.946899414062 340.979156494141 341.475860595703 341.799987792969
339.027709960938 339.851318359375 338.923065185547 338.001831054688 336.170104980469 335.961883544922 338.290557861328 339.817779541016 340.156494140625 340.099273681641 340.042114257812 339.975799560547 340.002227783203 340.233306884766 339.329254150391 337.617218017578 337.7490234375 339.706481933594 340.215301513672 339.157104492188 339.581634521484 338.617736816406 339.676666259766 339.393280029297 340.243774414062 340.43798828125 339.812957763672 340.509857177734 340.369689941406 339.941741943359 340.379760742188 340.798797607422 341.192413330078 341.140625 340.901611328125 340.112945556641 340.814483642578 340.551940917969 341.262145996094 340.747680664062 340.408660888672 341.380249023438 339.706878662109 340.032012939453 340.065063476562 340.576782226562 340.992828369141 340.914672851562 341.431488037109
338.634124755859 338.673736572266 339.019775390625 338.856628417969 338.108917236328 337.381286621094 339.051879882812 339.787048339844 340.098358154297 340.159027099609 340.382690429688 339.814910888672 339.608947753906 340.107360839844 338.947845458984 337.727355957031 337.959411621094 339.3125 339.934661865234 338.189086914062 339.154541015625 338.539154052734 339.245666503906 339.228942871094 339.420013427734 340.600250244141 340.648010253906 340.927825927734 340.438781738281 340.286590576172 339.739166259766 339.862884521484 340.727691650391 341.124389648438 340.732116699219 339.190399169922 340.0625 340.454376220703 340.4091796875 340.837860107422 340.932098388672 340.510681152344 340.014770507812 339.183532714844 340.153228759766 340.624694824219 341.371520996094 341.011444091797 341.476226806641
337.456481933594 336.013549804688 337.836517333984 339.176300048828 339.866790771484 339.846435546875 339.766540527344 339.651580810547 339.713745117188 340.165313720703 340.370208740234 339.94189453125 339.991973876953 340.087249755859 339.260192871094 338.911590576172 338.088134765625 339.705718994141 339.237854003906 337.009552001953 339.170928955078 338.483215332031 339.264404296875 339.275665283203 339.883270263672 340.582153320312 340.717468261719 341.287536621094 340.421264648438 340.283966064453 339.803955078125 339.833648681641 340.238830566406 340.470397949219 339.904388427734 339.537231445312 339.482086181641 339.733581542969 339.553527832031 340.789489746094 340.666748046875 339.726013183594 339.920989990234 339.250396728516 339.954132080078 340.047454833984 340.935119628906 341.449859619141 341.949890136719
337.059875488281 337.124420166016 337.686065673828 338.521850585938 338.833862304688 338.654357910156 338.326873779297 338.725982666016 339.177337646484 339.601928710938 340.033447265625 340.378509521484 340.542419433594 340.941955566406 339.514251708984 338.777038574219 339.307525634766 340.039672851562 337.095916748047 333.582702636719 339.817443847656 339.669158935547 339.330291748047 339.744232177734 340.168853759766 340.356140136719 339.866149902344 341.339721679688 340.849090576172 340.795379638672 340.22900390625 340.177337646484 340.218902587891 340.526702880859 339.9482421875 339.609741210938 340.091857910156 340.014617919922 338.068634033203 339.395874023438 339.725860595703 340.628692626953 340.580535888672 340.388519287109 339.626770019531 340.577117919922 341.313293457031 340.779846191406 340.881744384766
337.418395996094 337.105010986328 337.67333984375 338.353637695312 338.173278808594 337.73193359375 337.932342529297 338.695159912109 339.128021240234 339.469940185547 339.521301269531 339.952697753906 340.519958496094 340.912628173828 339.562530517578 339.131103515625 339.396331787109 340.434173583984 338.466339111328 337.274261474609 340.325988769531 340.167816162109 339.585205078125 339.103302001953 339.137512207031 339.472961425781 339.746276855469 340.701477050781 339.928802490234 340.315551757812 340.305999755859 340.608001708984 340.186920166016 340.529357910156 340.371948242188 339.485626220703 339.901214599609 340.007232666016 338.584869384766 339.844116210938 340.262664794922 340.695220947266 341.121856689453 340.932800292969 340.091278076172 340.328857421875 339.706848144531 339.841033935547 340.471069335938
337.634307861328 336.814666748047 337.897979736328 337.841949462891 337.54638671875 336.844848632812 337.272705078125 338.044372558594 338.333129882812 339.330535888672 338.988616943359 339.555938720703 340.383483886719 340.493591308594 339.687469482422 339.743255615234 340.300903320312 340.899688720703 339.684692382812 339.234649658203 340.778076171875 340.527191162109 339.475250244141 338.615356445312 338.662475585938 339.028869628906 339.106079101562 339.880096435547 339.969757080078 340.297729492188 340.720123291016 340.523620605469 340.092041015625 340.117492675781 340.296875 339.398101806641 339.050872802734 339.770477294922 339.411682128906 339.812103271484 340.225860595703 340.744140625 341.550354003906 341.440216064453 340.936584472656 340.211578369141 339.057525634766 339.935699462891 340.324981689453
337.231170654297 336.805358886719 337.748718261719 337.428649902344 337.522827148438 336.70556640625 336.529052734375 336.861022949219 338.217254638672 338.915283203125 339.109344482422 339.937316894531 340.256378173828 340.200378417969 340.14453125 340.189788818359 340.619537353516 340.761077880859 339.352203369141 339.528686523438 340.230560302734 339.979919433594 339.131683349609 339.025512695312 338.731109619141 339.402465820312 339.056091308594 339.371368408203 339.355926513672 339.837768554688 341.097351074219 340.574249267578 340.165771484375 340.477508544922 339.974273681641 339.851257324219 339.493194580078 339.739868164062 339.311737060547 339.811004638672 340.215393066406 340.647277832031 341.058441162109 341.409759521484 340.821228027344 -3.4e+38 -3.4e+38 340.300384521484 340.254180908203
