rcp8.5models/MPI_ESM_LR/sc1gr8.27
NCOLS 261 
NROWS 433 
XLLCORNER 336357.134 
YLLCORNER 654653.479 
CELLSIZE 1000 
NODATA_value -3.4e+38 
[rows 264 to 285 of 433, columns 98 to 146 of 261]
114.50269317627 115.507888793945 114.788398742676 115.846031188965 116.426239013672 117.20191192627 117.946090698242 118.138473510742 118.200454711914 123.601013183594 130.337341308594 123.355537414551 121.240631103516 122.14005279541 153.114990234375 186.578796386719 191.750839233398 190.185165405273 189.853469848633 188.650146484375 157.073272705078 139.231857299805 131.933486938477 133.822036743164 136.436889648438 139.984161376953 148.376098632812 174.678024291992 213.281753540039 238.314987182617 256.827697753906 257.401885986328 259.595458984375 263.029052734375 261.872375488281 270.347869873047 274.238891601562 238.40559387207 259.770050048828 283.608032226562 301.347290039062 298.717437744141 301.988250732422 305.274230957031 306.416168212891 320.055999755859 312.074340820312 298.496124267578 271.435089111328
117.366622924805 118.903648376465 113.196174621582 114.278244018555 115.037528991699 115.866859436035 116.420074462891 116.998718261719 117.180702209473 119.020950317383 124.674339294434 124.358467102051 119.354911804199 120.444381713867 133.946868896484 170.185516357422 192.925048828125 188.052627563477 184.700347900391 181.869277954102 140.124893188477 128.205642700195 129.908248901367 131.633666992188 133.80793762207 139.074035644531 145.938034057617 160.740859985352 186.101898193359 226.521408081055 249.924377441406 249.03581237793 251.864440917969 258.616973876953 255.266815185547 259.57275390625 269.123687744141 257.985137939453 257.571411132812 260.106903076172 281.611694335938 287.814819335938 299.638946533203 301.578308105469 302.334869384766 315.131439208984 305.49951171875 295.244812011719 246.297592163086
129.928466796875 126.559288024902 110.995658874512 111.034858703613 112.322937011719 113.372581481934 113.748184204102 114.416000366211 114.910499572754 115.644660949707 115.632690429688 118.215270996094 123.644996643066 121.790107727051 117.248931884766 134.795257568359 174.332992553711 187.219818115234 182.282028198242 179.394317626953 194.048263549805 189.571380615234 166.680450439453 136.108993530273 129.516098022461 132.257034301758 139.803466796875 153.493682861328 166.859161376953 190.309951782227 226.865661621094 240.504653930664 241.25895690918 253.835525512695 252.618789672852 246.114700317383 251.12956237793 266.434173583984 274.391174316406 278.732879638672 277.923858642578 265.058868408203 261.488830566406 281.798980712891 295.224822998047 291.786560058594 286.068786621094 272.977355957031 238.379089355469
117.454719543457 114.268188476562 109.137786865234 109.299491882324 110.169639587402 111.916717529297 112.375640869141 112.909706115723 113.609321594238 114.297180175781 114.04736328125 116.300224304199 126.008224487305 133.913528442383 115.60311126709 129.08576965332 162.873397827148 185.7890625 178.410079956055 173.631774902344 181.368682861328 169.622543334961 156.773864746094 151.620468139648 134.921096801758 129.911148071289 134.916854858398 144.608047485352 165.046478271484 196.157730102539 226.58544921875 236.059707641602 238.495132446289 248.87907409668 248.745071411133 244.147827148438 248.59521484375 255.483428955078 261.67138671875 265.416656494141 274.766754150391 276.549682617188 269.915679931641 278.367004394531 288.146423339844 293.118072509766 283.525115966797 268.869384765625 237.535980224609
124.897560119629 109.753242492676 107.63053894043 108.503913879395 109.015274047852 110.281768798828 111.099914550781 110.799247741699 110.43285369873 111.659706115723 113.244194030762 113.638977050781 117.216247558594 130.625289916992 128.162811279297 130.043304443359 148.190017700195 163.009399414062 169.065017700195 167.651443481445 164.003921508789 163.294906616211 159.001571655273 159.440139770508 150.598663330078 143.129455566406 131.702758789062 138.060028076172 156.937484741211 193.05158996582 225.430938720703 229.929840087891 232.70964050293 243.817123413086 243.568496704102 238.994323730469 243.947769165039 251.093032836914 252.37060546875 254.847244262695 262.043609619141 269.831695556641 276.35400390625 283.068267822266 273.662109375 271.315643310547 281.960632324219 287.742919921875 250.283477783203
118.557487487793 106.231735229492 107.157104492188 108.34593963623 108.607757568359 108.630073547363 109.449813842773 109.632942199707 108.727363586426 109.427711486816 111.60083770752 112.302764892578 112.385787963867 118.601501464844 138.3427734375 137.760284423828 148.466674804688 151.173126220703 161.805145263672 157.878112792969 149.662643432617 161.257263183594 159.360580444336 155.955139160156 158.391403198242 162.708541870117 147.41520690918 134.905029296875 144.641311645508 176.02311706543 216.414825439453 222.439239501953 225.451278686523 238.424713134766 237.010482788086 230.630401611328 237.086090087891 238.405899047852 245.856231689453 251.567077636719 253.571212768555 257.422271728516 270.576141357422 276.166473388672 254.537994384766 249.202499389648 282.348114013672 282.525299072266 270.773773193359
110.867828369141 105.908714294434 107.822128295898 108.006172180176 107.622039794922 106.680168151855 107.024993896484 108.094314575195 107.829223632812 108.508842468262 112.916450500488 113.703498840332 110.116065979004 114.37239074707 131.955474853516 133.825836181641 142.081100463867 149.425582885742 155.076797485352 151.833129882812 143.744384765625 149.117889404297 152.745010375977 152.781509399414 151.299026489258 157.823120117188 170.853393554688 146.107330322266 142.051193237305 176.42399597168 211.175720214844 217.172088623047 224.036056518555 228.460906982422 232.016464233398 228.760620117188 232.515106201172 221.53010559082 238.470733642578 245.698471069336 246.657836914062 254.79035949707 269.562469482422 268.437194824219 255.500366210938 259.844360351562 283.444183349609 270.526062011719 284.515960693359
107.935768127441 104.782524108887 105.731651306152 106.105987548828 105.443397521973 104.879745483398 105.026016235352 105.568855285645 105.462890625 106.343383789062 109.418983459473 109.825386047363 107.378646850586 109.836044311523 124.895118713379 127.91480255127 131.445434570312 138.197296142578 141.08659362793 140.341949462891 136.225051879883 135.431823730469 143.448791503906 147.539123535156 140.85563659668 143.969207763672 167.767608642578 153.470840454102 139.544509887695 176.226257324219 210.02262878418 212.451248168945 216.494812011719 217.128799438477 225.701217651367 225.990585327148 225.885482788086 211.12532043457 231.787658691406 238.776260375977 238.986709594727 246.810821533203 259.483612060547 265.376373291016 264.741485595703 269.143493652344 274.689453125 271.1650390625 288.194458007812
105.289916992188 104.38582611084 103.127746582031 103.514183044434 102.956115722656 103.181930541992 103.579978942871 103.627304077148 103.459175109863 103.613739013672 104.33056640625 105.065628051758 105.608345031738 106.256950378418 121.396354675293 125.701377868652 124.813690185547 127.523933410645 127.637802124023 129.138336181641 129.803955078125 127.373931884766 130.619201660156 135.31770324707 132.356155395508 137.09147644043 152.295150756836 148.454742431641 136.722412109375 158.754058837891 198.516494750977 205.927597045898 207.56982421875 212.665557861328 218.846008300781 216.884963989258 208.710647583008 197.473007202148 223.776458740234 233.113021850586 234.320602416992 238.465042114258 245.43147277832 256.6474609375 265.526275634766 261.544372558594 252.625137329102 263.097869873047 278.853149414062
104.369064331055 104.548095703125 101.875267028809 101.638412475586 101.810653686523 102.004577636719 102.065200805664 102.250686645508 102.176605224609 102.217208862305 102.88907623291 103.531913757324 103.92749786377 104.660232543945 118.340393066406 123.708122253418 122.826179504395 124.070617675781 121.24144744873 122.679801940918 123.557960510254 120.673355102539 120.935516357422 123.828811645508 128.956115722656 139.098266601562 142.993743896484 146.04150390625 141.66487121582 143.400039672852 175.069686889648 194.6015625 196.08967590332 205.685348510742 211.896926879883 206.100189208984 188.15397644043 189.069778442383 213.063415527344 223.526794433594 229.371383666992 233.960510253906 239.768585205078 250.745513916016 254.106628417969 253.50959777832 256.534545898438 266.211273193359 265.854553222656
103.715148925781 104.360847473145 102.108955383301 100.442306518555 101.030181884766 101.259895324707 100.975311279297 101.158348083496 101.29370880127 102.073837280273 101.698905944824 101.917526245117 102.306625366211 102.926773071289 113.931640625 122.022918701172 121.459602355957 123.624687194824 120.27067565918 119.187255859375 118.654747009277 118.12281036377 117.802513122559 117.976249694824 125.008544921875 136.039749145508 133.927276611328 139.888458251953 142.460372924805 138.417175292969 153.479476928711 176.986404418945 181.36491394043 193.488861083984 202.708648681641 197.745635986328 180.55451965332 192.85124206543 207.226974487305 219.096130371094 223.938323974609 227.470413208008 235.809951782227 248.348068237305 249.770599365234 256.797424316406 267.491333007812 271.736389160156 258.000366210938
103.908027648926 102.262565612793 100.930610656738 100.510681152344 100.157653808594 99.9493026733398 100.035629272461 100.83162689209 101.441360473633 101.590026855469 100.451141357422 100.69010925293 101.133079528809 101.140571594238 108.753974914551 118.62712097168 118.665229797363 120.604820251465 119.213150024414 118.038688659668 115.813903808594 116.067672729492 115.051986694336 115.254234313965 119.052848815918 124.383697509766 127.451164245605 130.583984375 134.473114013672 135.702728271484 140.579681396484 159.529113769531 173.737548828125 183.397964477539 192.174514770508 188.331039428711 170.704437255859 192.534744262695 203.783676147461 214.573196411133 219.648818969727 221.715728759766 228.422760009766 237.211563110352 250.700546264648 258.028778076172 257.804046630859 265.793518066406 252.492599487305
103.685005187988 101.914138793945 100.568664550781 100.169944763184 100.466087341309 100.006118774414 100.408317565918 101.545715332031 101.428894042969 100.201774597168 99.0805358886719 100.905853271484 109.166305541992 111.741394042969 107.252281188965 118.372200012207 116.688766479492 116.86710357666 118.23974609375 117.496849060059 114.890930175781 115.516716003418 114.408569335938 112.823036193848 114.540550231934 116.724182128906 122.607383728027 124.311477661133 126.586936950684 131.196929931641 135.973846435547 147.343811035156 163.59049987793 181.911712646484 190.403823852539 185.063690185547 167.813140869141 188.335403442383 199.492752075195 208.250045776367 215.324935913086 217.223083496094 221.311431884766 225.883392333984 234.90852355957 242.210922241211 249.801940917969 264.145141601562 257.536499023438
102.966529846191 101.811683654785 100.629531860352 98.6058654785156 99.6906585693359 99.6903076171875 100.635986328125 101.322227478027 101.041610717773 99.5718078613281 98.812629699707 99.6439590454102 106.35652923584 109.439720153809 112.746940612793 120.243293762207 117.789863586426 118.318496704102 120.376518249512 120.00520324707 117.556800842285 116.503547668457 114.678504943848 111.234802246094 111.06120300293 111.978553771973 117.65682220459 119.54541015625 122.98713684082 126.750366210938 132.290481567383 139.516677856445 150.694473266602 170.786041259766 185.873199462891 186.605285644531 174.763732910156 173.919494628906 190.161041259766 202.910629272461 209.060287475586 210.193389892578 212.246475219727 213.282516479492 222.225738525391 227.386291503906 237.383087158203 250.603012084961 263.961364746094
100.112731933594 97.8818435668945 98.5685806274414 97.4400863647461 97.4394378662109 97.9872131347656 96.5785980224609 96.2934188842773 96.6208724975586 97.3427505493164 97.6353988647461 98.3132705688477 98.4544677734375 97.8582229614258 109.818939208984 126.175415039062 123.021896362305 122.695686340332 126.612030029297 131.52555847168 127.404884338379 114.714469909668 111.351531982422 106.755439758301 106.526657104492 107.862548828125 110.524208068848 114.352691650391 118.782768249512 122.452697753906 123.70955657959 126.81226348877 130.484466552734 134.783493041992 146.06037902832 159.404037475586 152.83837890625 142.732421875 153.947509765625 171.482269287109 184.32975769043 187.468322753906 186.273132324219 184.647171020508 192.489318847656 208.033645629883 219.694030761719 232.543106079102 257.312164306641
98.6714019775391 97.3656845092773 98.6242980957031 97.0148391723633 98.7225494384766 109.991973876953 119.006843566895 105.003311157227 100.851448059082 110.151161193848 112.366607666016 106.821784973145 99.0340576171875 102.73609161377 121.681770324707 132.903854370117 126.071189880371 117.817878723145 118.738929748535 128.634231567383 127.13890838623 112.540168762207 106.104248046875 105.803428649902 107.615913391113 112.411422729492 108.09790802002 111.613494873047 116.172416687012 119.052017211914 119.26969909668 121.449485778809 126.04859161377 130.86262512207 138.351531982422 144.882202148438 143.622116088867 139.521560668945 143.658416748047 151.748840332031 164.227172851562 178.127944946289 190.440399169922 187.110809326172 -3.4e+38 198.855209350586 214.687393188477 223.863967895508 239.063140869141
98.6434326171875 98.2965698242188 98.2160186767578 96.4358291625977 98.8979644775391 107.366821289062 124.41780090332 122.33332824707 110.077835083008 115.477516174316 117.613822937012 114.723159790039 110.751396179199 111.694648742676 129.15364074707 123.022567749023 115.775527954102 111.104164123535 112.200836181641 117.880035400391 121.091094970703 112.717041015625 101.679244995117 106.59595489502 112.14917755127 115.467376708984 111.974739074707 109.300239562988 113.434371948242 113.631423950195 116.021682739258 118.494964599609 121.717315673828 125.745361328125 130.864883422852 135.741912841797 139.827941894531 137.27880859375 139.475784301758 -3.4e+38 153.432037353516 171.930206298828 190.763427734375 186.750030517578 174.214599609375 184.676452636719 201.465789794922 211.194885253906 219.895645141602
99.7278060913086 100.197265625 98.833625793457 96.0404815673828 97.4392776489258 98.2832946777344 105.166358947754 113.042465209961 108.611679077148 108.398567199707 108.323905944824 109.277313232422 110.137001037598 108.309684753418 114.489318847656 107.182106018066 104.782524108887 107.889274597168 113.485038757324 112.669944763184 114.039474487305 113.985260009766 99.9788360595703 105.200561523438 111.036933898926 109.288291931152 117.705764770508 116.449256896973 109.503219604492 109.356269836426 113.673492431641 116.679092407227 117.879241943359 120.182418823242 124.042327880859 129.089569091797 136.234909057617 137.845352172852 139.125045776367 142.429565429688 -3.4e+38 160.76921081543 176.88591003418 175.598373413086 168.027145385742 174.974365234375 191.981079101562 205.672485351562 214.823089599609
98.0632781982422 98.5222930908203 98.7292404174805 97.1703491210938 96.3674621582031 97.4522171020508 97.4715042114258 97.6115798950195 102.096549987793 106.802726745605 104.933448791504 102.644386291504 101.279853820801 101.460319519043 102.592079162598 102.797317504883 101.897575378418 103.871269226074 108.338104248047 107.154342651367 101.38843536377 105.180053710938 99.1050643920898 101.430587768555 106.952774047852 114.207695007324 127.177673339844 125.407524108887 113.757911682129 106.558792114258 110.982139587402 114.566421508789 115.79118347168 117.072937011719 120.196136474609 124.932312011719 132.394912719727 136.268768310547 138.653045654297 141.236083984375 142.677398681641 149.821258544922 160.220153808594 161.464447021484 162.813354492188 171.398223876953 188.379119873047 202.187072753906 209.283020019531
96.2851715087891 95.7567596435547 95.4997177124023 95.5024642944336 94.3879165649414 95.5261306762695 96.3949279785156 95.0079574584961 97.7310791015625 103.092445373535 104.050155639648 101.843360900879 100.548400878906 99.1247024536133 99.6550827026367 99.5876007080078 99.2552795410156 99.5315780639648 101.60205078125 103.102355957031 97.0069351196289 96.2197799682617 97.6074371337891 103.417198181152 117.619728088379 132.248321533203 140.466293334961 127.215072631836 116.774826049805 109.767791748047 111.771217346191 110.563682556152 112.620819091797 114.557861328125 117.254531860352 121.222015380859 128.190933227539 133.231170654297 -3.4e+38 139.245864868164 141.730758666992 -3.4e+38 -3.4e+38 159.928939819336 160.43132019043 168.293380737305 185.540084838867 197.974594116211 203.654251098633
95.3320999145508 93.859245300293 92.4810409545898 93.5179061889648 93.4321823120117 93.4617919921875 93.7267684936523 92.9413223266602 93.2067337036133 95.1834564208984 102.836029052734 108.896507263184 106.781921386719 101.709953308105 96.7911834716797 97.0898056030273 97.5109710693359 97.7968444824219 98.6252670288086 100.174995422363 96.8972091674805 97.8386383056641 103.554138183594 112.793502807617 132.168884277344 144.982940673828 146.197570800781 131.953659057617 119.288597106934 114.240943908691 111.705795288086 110.326942443848 114.190338134766 115.365753173828 115.903022766113 118.443878173828 123.46809387207 130.307067871094 132.416732788086 -3.4e+38 140.041366577148 142.145950317383 151.501892089844 161.91242980957 159.73127746582 167.52294921875 182.372680664062 195.513900756836 199.353576660156
96.5771560668945 94.2128601074219 92.2117233276367 93.3756713867188 93.4952545166016 92.730712890625 91.8269348144531 91.5473785400391 92.065559387207 91.5624771118164 96.2832717895508 103.148124694824 103.867378234863 105.022239685059 95.7130126953125 96.6585922241211 96.5956192016602 96.7218856811523 96.2555999755859 95.4260101318359 93.9004440307617 98.6794281005859 110.852188110352 122.854225158691 136.638122558594 144.876708984375 135.293273925781 124.774375915527 115.764686584473 112.801177978516 111.444938659668 111.614822387695 118.047348022461 120.747077941895 123.232063293457 124.766647338867 -3.4e+38 126.43367767334 -3.4e+38 -3.4e+38 -3.4e+38 139.737808227539 -3.4e+38 -3.4e+38 156.997375488281 169.289581298828 181.250259399414 189.979217529297 191.300323486328
