rcp8.5models/MPI_ESM_LR/sc1gr10.31
NCOLS 261 
NROWS 433 
XLLCORNER 336357.134 
YLLCORNER 654653.479 
CELLSIZE 1000 
NODATA_value -3.4e+38 
[rows 198 to 219 of 433, columns 147 to 195 of 261]
1333.20568847656 1338.75 1342.56030273438 -3.4e+38 -3.4e+38 -3.4e+38 1370.47058105469 1372.0263671875 1382.06286621094 1392.19763183594 1396.76477050781 1419.92126464844 1424.46203613281 1432.58483886719 1441.27258300781 1450.04968261719 1460.64514160156 1471.52819824219 1483.30310058594 1495.13940429688 1505.5283203125 1514.45861816406 1535.53918457031 1543.55236816406 1551.52380371094 1560.88562011719 1568.88854980469 1576.39416503906 1585.384765625 1595.36120605469 1604.71350097656 1614.44604492188 1623.20764160156 1639.51721191406 1618.31079101562 1603.08239746094 1666.23962402344 1643.439453125 1623.49060058594 1662.71447753906 1609.88684082031 1648.96508789062 1655.68432617188 1577.0478515625 1667.18518066406 1552.91223144531 1557.42944335938 1600.42041015625 1672.27624511719
1329.21374511719 1334.01647949219 -3.4e+38 -3.4e+38 -3.4e+38 1354.54602050781 1360.21728515625 1369.70715332031 1380.24731445312 1388.21362304688 1395.00366210938 1417.76965332031 1423.86279296875 1432.67102050781 1442.91650390625 1452.21228027344 1462.74475097656 1474.64416503906 1488.9091796875 1501.66711425781 1510.56750488281 1517.43151855469 1536.06115722656 1544.404296875 1551.484375 1560.21398925781 1570.609375 1579.08386230469 1588.51086425781 1597.90747070312 1607.99853515625 1617.10583496094 1625.12170410156 1642.56958007812 1649.71716308594 1657.51000976562 1668.6083984375 1617.51623535156 1576.03845214844 1673.17944335938 1596.89929199219 1567.97180175781 1597.89001464844 1550.4072265625 1582.1005859375 1557.12365722656 1561.71813964844 1633.70080566406 1758.97888183594
1325.46923828125 -3.4e+38 -3.4e+38 -3.4e+38 -3.4e+38 1361.56823730469 1362.30017089844 1376.87084960938 1393.64904785156 1386.87158203125 1397.28283691406 1415.88916015625 1425.23547363281 1433.88000488281 1442.88708496094 1454.05017089844 1466.77978515625 1482.48657226562 1493.94860839844 1502.74047851562 1512.494140625 1522.25183105469 1535.92919921875 1544.81188964844 1551.30627441406 1560.53942871094 1570.44006347656 1580.47863769531 1590.86669921875 1601.22119140625 1611.96130371094 1620.18884277344 1627.40954589844 1645.67626953125 1654.46850585938 1660.34936523438 1670.62756347656 1621.2255859375 1578.77075195312 1704.01098632812 1685.92919921875 1607.46826171875 1550.02600097656 1553.39392089844 1556.40869140625 1561.28564453125 1565.59020996094 1637.01123046875 1762.30908203125
1329.29382324219 -3.4e+38 -3.4e+38 -3.4e+38 1373.49780273438 1390.24279785156 1379.4697265625 1389.89929199219 1414.71594238281 1393.54907226562 1402.73095703125 1415.37475585938 1425.33410644531 1435.53430175781 1446.00427246094 1459.28784179688 1472.31823730469 1486.25720214844 1494.53393554688 1501.95275878906 1512.19799804688 1522.68579101562 1538.44372558594 1546.57189941406 1554.4326171875 1563.443359375 1571.91809082031 1582.67700195312 1593.80700683594 1604.43310546875 1614.74755859375 1624.0107421875 1632.96948242188 1648.92785644531 1659.17724609375 1666.04455566406 1673.1533203125 1624.16687011719 1581.11730957031 1704.93408203125 1681.28576660156 1633.59008789062 1648.02001953125 -3.4e+38 1623.25073242188 1564.34350585938 1569.93054199219 1641.68054199219 1765.24670410156
1339.87902832031 1341.62158203125 -3.4e+38 -3.4e+38 1376.62329101562 1394.84899902344 1387.74694824219 1393.87084960938 1414.38549804688 1398.94836425781 1403.39575195312 1417.61975097656 1427.45056152344 1438.27453613281 1452.21411132812 1466.75329589844 1473.71423339844 1485.48937988281 1495.57580566406 1501.28735351562 1510.68334960938 1520.41918945312 1541.87707519531 1549.919921875 1557.42138671875 1565.43933105469 1574.46020507812 1586.22155761719 1597.88500976562 1607.25061035156 1616.22839355469 1627.01489257812 1637.22546386719 -3.4e+38 1661.35119628906 1669.99975585938 1675.13427734375 1657.09851074219 1611.13537597656 1643.65832519531 1687.60815429688 1672.75695800781 1730.47082519531 1701.45300292969 1615.70886230469 1568.03515625 1574.03796386719 1646.57299804688 1731.35192871094
1346.55993652344 1349.244140625 1351.7080078125 -3.4e+38 1378.71398925781 1390.17553710938 -3.4e+38 -3.4e+38 1404.05920410156 1398.83386230469 1403.92468261719 1421.50671386719 1432.01647949219 1442.83251953125 1454.83435058594 1465.24255371094 1471.896484375 1483.99169921875 1495.19970703125 1502.06042480469 1512.31848144531 1522.92492675781 1542.70837402344 1551.78259277344 1559.94128417969 1568.07702636719 1577.91516113281 1589.87390136719 1601.79064941406 1611.09252929688 1619.34545898438 -3.4e+38 1638.98754882812 1603.12536621094 1662.6708984375 1671.92163085938 1681.14038085938 1687.84008789062 1669.67248535156 1621.64929199219 1653.67407226562 1724.14270019531 1699.51257324219 1615.91296386719 1602.17260742188 1572.09155273438 1578.50036621094 1615.67578125 1641.55224609375
1349.18884277344 1352.54528808594 1355.95373535156 -3.4e+38 1383.1513671875 1398.0908203125 1404.68811035156 -3.4e+38 1405.75256347656 1402.43676757812 1410.11169433594 1432.11499023438 1441.28430175781 1449.51196289062 1456.765625 1464.431640625 1476.60876464844 1486.94714355469 1495.53759765625 1505.48193359375 1516.22766113281 1527.15930175781 1544.35729980469 1553.25903320312 1563.72094726562 1574.45300292969 1582.14038085938 1593.09338378906 1605.0771484375 1616.2392578125 1624.51110839844 1633.50988769531 1641.52661132812 1656.44226074219 1664.88977050781 1676.30676269531 1687.04272460938 1660.88903808594 1640.17529296875 1649.73693847656 1604.22375488281 1726.72277832031 1707.79370117188 1631.60559082031 1600.61572265625 1579.41662597656 1584.69128417969 1590.10607910156 1593.642578125
1354.34118652344 1356.97155761719 1361.02331542969 1372.79919433594 1394.63745117188 1410.02648925781 -3.4e+38 1409.17309570312 1417.66577148438 1413.78759765625 1422.884765625 1440.38049316406 1446.50207519531 1453.87268066406 1461.79260253906 1472.69409179688 1486.21691894531 1496.90783691406 1501.87707519531 1512.04992675781 1521.94409179688 1530.88903808594 1549.92016601562 1559.09631347656 1569.7548828125 1582.17712402344 1587.48950195312 1596.75634765625 1608.68359375 1619.50170898438 1627.47814941406 -3.4e+38 1643.56726074219 1597.30627441406 1666.60339355469 1678.81530761719 1657.22412109375 1610.32885742188 1657.54431152344 1689.96069335938 1671.10705566406 1698.87512207031 1679.037109375 1721.4619140625 1640.24572753906 1681.05456542969 1649.50219726562 1590.00756835938 1630.12646484375
1360.15698242188 1364.41333007812 1368.64416503906 1384.15380859375 1410.5517578125 1424.6494140625 1433.34838867188 1441.58630371094 1440.49951171875 1426.96630859375 1432.12426757812 1442.93591308594 1448.39514160156 1459.08874511719 1468.12512207031 1481.27392578125 1494.716796875 1504.55322265625 1510.60205078125 1520.95629882812 1529.390625 1536.8349609375 1555.21447753906 1564.57751464844 1574.48718261719 1586.20288085938 1591.16125488281 1601.29174804688 1612.40551757812 1621.54675292969 1629.90551757812 1639.04150390625 1646.48010253906 1611.01000976562 1670.89025878906 1680.08166503906 1662.50073242188 1649.41442871094 1712.64685058594 1691.70251464844 1668.9853515625 1677.08251953125 1600.220703125 1689.37951660156 1726.73461914062 1726.69494628906 1637.96337890625 1589.109375 1622.25720214844
1368.65673828125 1373.96801757812 1379.36254882812 1394.73999023438 1416.88220214844 1427.95812988281 1434.77465820312 1450.34582519531 1447.8125 1438.37158203125 1439.15405273438 1448.77966308594 1457.54089355469 1466.38745117188 1477.13208007812 1488.03381347656 1501.7744140625 1509.79821777344 1514.57958984375 1523.9296875 1535.52709960938 1544.50793457031 1561.41833496094 1571.77526855469 1580.64819335938 1587.30847167969 1593.80078125 1605.65197753906 1617.56311035156 1625.76281738281 1635.19396972656 1642.66918945312 1650.36743164062 1668.45715332031 1675.81799316406 1682.74047851562 1690.8701171875 1669.44970703125 1653.27355957031 1700.19372558594 1681.87670898438 1710.65710449219 1632.6044921875 1634.88623046875 1752.25366210938 1636.24670410156 1588.22216796875 1590.20324707031 1594.609375
1386.22766113281 1390.98474121094 1402.81494140625 1418.76428222656 1430.46594238281 1434.12292480469 1456.40502929688 1485.30993652344 1470.70703125 1456.32983398438 1452.24792480469 1460.67553710938 1464.06433105469 1472.6318359375 1483.75012207031 1497.72412109375 1508.97155761719 1515.98474121094 1522.86633300781 1527.36486816406 1535.59460449219 1545.19799804688 1566.24462890625 1578.57727050781 1585.04943847656 1593.1220703125 1603.58801269531 1614.35888671875 1625.462890625 1633.38940429688 1640.82299804688 1649.70654296875 1659.61987304688 1674.63671875 1684.76599121094 1694.00048828125 1701.55432128906 1683.91076660156 1671.97302246094 1697.71044921875 1639.36535644531 1676.73266601562 1683.61975097656 1602.42456054688 1665.21081542969 1614.9765625 1643.22412109375 1594.76770019531 1598.658203125
1397.06640625 1405.38659667969 1417.61987304688 1429.88562011719 1442.84448242188 1448.91711425781 1473.65283203125 1498.15771484375 1467.26989746094 1462.57836914062 1459.5703125 1468.08154296875 1475.0400390625 1481.22961425781 -3.4e+38 1505.53515625 1512.21069335938 1516.30139160156 1525.00207519531 1531.66577148438 1540.05065917969 1548.52563476562 1567.57946777344 1579.07458496094 1587.56811523438 1595.78515625 1608.01940917969 1620.3828125 1628.76184082031 1636.38989257812 1643.69653320312 1652.09814453125 -3.4e+38 1679.68444824219 1687.80358886719 1697.98095703125 1707.61486816406 1715.49584960938 1725.49328613281 1672.75854492188 1562.83544921875 1595.38842773438 1658.13122558594 1639.97021484375 1642.39965820312 1588.99536132812 1593.75183105469 1598.08666992188 1635.39733886719
1408.82177734375 1418.28015136719 1428.67858886719 1438.46032714844 1450.21154785156 1458.08850097656 1482.11926269531 1498.2939453125 1467.07312011719 1464.35400390625 1460.13830566406 1472.46020507812 1485.17712402344 1491.77722167969 1501.76232910156 -3.4e+38 1514.53552246094 1519.46520996094 1527.87670898438 1537.31726074219 1547.82958984375 1557.11242675781 1571.65576171875 1581.83618164062 1590.955078125 1600.80578613281 1612.64453125 1624.10363769531 1631.1171875 1639.30285644531 1647.76513671875 -3.4e+38 -3.4e+38 1682.45520019531 1690.61413574219 1700.68432617188 1712.54260253906 1721.33142089844 1694.37121582031 1613.39196777344 1566.8984375 1603.06909179688 1695.51647949219 1692.60083007812 1644.3466796875 1655.11987304688 1630.33337402344 1696.29833984375 1728.53112792969
1418.40490722656 1424.74145507812 1433.68225097656 1445.6923828125 1458.43884277344 1467.69055175781 1486.04235839844 1484.9013671875 1468.28173828125 1468.26953125 1465.546875 1477.17944335938 1486.302734375 1494.40258789062 1508.1826171875 -3.4e+38 1524.08618164062 1531.09838867188 1539.91552734375 1547.38366699219 1554.1728515625 1562.6748046875 1577.61328125 1586.72229003906 1596.15307617188 1606.81970214844 1618.36279296875 -3.4e+38 1634.39514160156 1643.91845703125 1652.12609863281 -3.4e+38 1670.59936523438 1687.8994140625 1694.8720703125 1674.94665527344 1657.20336914062 1694.90051269531 1640.96704101562 1654.26770019531 1628.79089355469 1631.96411132812 1716.53393554688 1633.70166015625 1614.54626464844 1682.12219238281 1691.10473632812 1715.64233398438 1750.38879394531
1425.30847167969 1430.32470703125 1441.15466308594 1453.65478515625 1465.56005859375 1476.93872070312 1490.83923339844 1484.43481445312 1478.87927246094 1475.31396484375 1477.83923339844 1482.46801757812 -3.4e+38 -3.4e+38 -3.4e+38 -3.4e+38 1535.2236328125 1543.13635253906 1549.25085449219 1555.5107421875 1560.08947753906 1567.62902832031 1582.48217773438 1592.58032226562 1602.72583007812 1611.71508789062 -3.4e+38 1629.85009765625 1639.369140625 -3.4e+38 1658.17431640625 1667.22290039062 1673.99731445312 1694.70568847656 1700.80615234375 1686.15576171875 1672.150390625 1703.53466796875 1681.71203613281 1733.23913574219 1712.72338867188 1695.24340820312 1693.74475097656 1620.40576171875 -3.4e+38 -3.4e+38 1719.83508300781 1635.11791992188 1666.46618652344
-3.4e+38 1440.82946777344 1449.68347167969 1460.30114746094 1471.11889648438 1485.83801269531 1499.41027832031 1497.87915039062 1490.166015625 1485.47583007812 1488.61560058594 1495.00366210938 -3.4e+38 -3.4e+38 -3.4e+38 -3.4e+38 1540.96716308594 1548.67041015625 1553.45495605469 1559.49658203125 1564.69787597656 1574.73718261719 1592.31323242188 1601.66394042969 1609.86962890625 1617.92272949219 -3.4e+38 1635.09423828125 1645.11962890625 1655.16040039062 1665.81811523438 1673.71435546875 1677.84460449219 1699.1103515625 1707.1337890625 1717.06579589844 1695.64892578125 1640.33605957031 1675.07861328125 1736.24230957031 1742.27697753906 1748.37268066406 1696.43627929688 1618.54382324219 -3.4e+38 1750.19750976562 1695.23059082031 1677.794921875 1656.07922363281
1441.69323730469 1452.63000488281 1462.11206054688 1472.35534667969 1480.31372070312 1497.06506347656 1511.55822753906 1512.28137207031 1502.8017578125 1501.66772460938 1502.314453125 -3.4e+38 -3.4e+38 -3.4e+38 -3.4e+38 -3.4e+38 1543.2275390625 1551.44702148438 1559.51721191406 1565.09143066406 1569.87109375 1578.56591796875 1600.13037109375 1607.828125 1615.38903808594 1624.30395507812 1632.81762695312 1641.52551269531 1649.37426757812 1659.06408691406 1670.982421875 1678.41491699219 1682.51977539062 1704.80615234375 1714.60754394531 1722.12561035156 1702.79064941406 1624.20666503906 1625.89050292969 1739.4306640625 1745.57556152344 1719.86730957031 1639.72094726562 1628.75341796875 -3.4e+38 1758.11120605469 1735.998046875 1733.3466796875 1655.25646972656
1451.75268554688 1464.87390136719 1475.5087890625 1485.42944335938 1494.63439941406 1512.09240722656 1525.65356445312 1523.67163085938 1519.26220703125 1518.169921875 1519.95703125 1522.94860839844 1527.73852539062 -3.4e+38 -3.4e+38 1538.13989257812 1544.59655761719 1553.607421875 1563.20336914062 1571.60461425781 1578.75341796875 1586.41967773438 1604.53662109375 1612.13256835938 1620.09655761719 1628.73303222656 1637.98974609375 1646.34143066406 1652.23132324219 1661.22497558594 1673.28271484375 1682.69616699219 1689.98193359375 1710.60437011719 1722.62072753906 1728.55895996094 1732.57092285156 1679.13525390625 1599.62219238281 1684.75134277344 1748.69128417969 1697.01550292969 1593.08642578125 1659.36560058594 -3.4e+38 1790.27124023438 1761.3115234375 1677.06103515625 1631.16589355469
1464.50183105469 1477.75 1489.08825683594 1498.87487792969 1510.82995605469 1529.19799804688 1542.99145507812 1536.06481933594 1534.27075195312 1531.59484863281 1531.990234375 -3.4e+38 -3.4e+38 -3.4e+38 1540.53039550781 1543.61352539062 1550.83361816406 1560.98657226562 1569.70617675781 1579.89245605469 1587.41796875 1594.01330566406 1610.77697753906 1618.74304199219 1626.40625 1633.28686523438 1643.48034667969 1653.24719238281 1659.02465820312 1667.91040039062 1676.24340820312 1686.53527832031 1697.4033203125 1718.99182128906 1728.13195800781 1733.12097167969 1736.2314453125 1715.48608398438 1670.3759765625 1699.96850585938 1752.07495117188 1731.83422851562 1656.33666992188 1628.52331542969 1719.39208984375 1702.42956542969 1680.03576660156 1634.09448242188 1669.85400390625
1473.07495117188 1487.84899902344 1502.12927246094 1514.70434570312 1527.12854003906 1540.810546875 1554.58728027344 1552.42749023438 1552.54443359375 1548.77258300781 -3.4e+38 1541.748046875 1544.48950195312 1550.71166992188 1550.94580078125 1553.875 1561.07507324219 1571.79443359375 1578.53686523438 1586.40930175781 1594.65563964844 1600.474609375 1615.953125 -3.4e+38 1632.00061035156 1637.5927734375 1648.00146484375 1659.9345703125 1667.84338378906 1676.83666992188 1688.57153320312 1702.91381835938 1701.94641113281 1726.15747070312 1732.59460449219 1735.09741210938 1738.86145019531 1746.8603515625 1752.55981445312 1752.36206054688 1724.95483398438 1703.09033203125 1742.89489746094 1699.32751464844 1732.09655761719 1628.91564941406 1666.82727050781 1734.21923828125 1732.99719238281
1479.57141113281 1495.86474609375 1511.86401367188 1527.69262695312 1543.24377441406 1554.16320800781 1565.06689453125 1565.95837402344 1565.89367675781 1559.55029296875 1553.26049804688 1552.88891601562 1555.20642089844 1559.59191894531 1562.22668457031 1565.85620117188 1575.85498046875 1585.06604003906 1588.34655761719 1594.71789550781 -3.4e+38 1607.86560058594 1621.18481445312 1630.76611328125 1637.08618164062 1642.36474609375 -3.4e+38 1661.85559082031 1673.27648925781 1699.77709960938 1753.31274414062 1801.61450195312 1786.64013671875 1728.76586914062 1736.27697753906 1738.25170898438 1743.93957519531 1723.03991699219 1698.93835449219 1754.58435058594 1703.03979492188 1656.26208496094 1774.11889648438 1782.28247070312 1788.35754394531 1632.44812011719 1699.47277832031 1786.8359375 1705.01196289062
1484.72790527344 1502.37561035156 1520.32983398438 1537.30920410156 1556.72314453125 1571.7333984375 1578.50854492188 1573.9150390625 1571.74047851562 1564.74499511719 1563.63342285156 1563.83325195312 1566.29553222656 1570.15942382812 1572.48583984375 1578.34216308594 1588.34338378906 1594.49731445312 1597.24426269531 1603.37487792969 1608.00854492188 1614.03771972656 1626.14208984375 1635.27465820312 1644.01440429688 1651.14770507812 1654.1611328125 1665.05041503906 1676.90588378906 1700.86120605469 1747.41735839844 1803.84887695312 1817.83959960938 1732.99987792969 1740.62231445312 1745.51037597656 1751.86059570312 1732.84167480469 1711.06494140625 1759.810546875 1707.33081054688 1628.93176269531 1717.14733886719 1786.33642578125 1762.56677246094 1637.42529296875 1672.6787109375 1706.27526855469 1696.70166015625
