rcp8.5models/MPI_ESM_LR/sc1gr4.2
NCOLS 261 
NROWS 433 
XLLCORNER 336357.134 
YLLCORNER 654653.479 
CELLSIZE 1000 
NODATA_value -9999 
[rows 264 to 285 of 433, columns 150 to 199 of 261]
266.793174411728 265.324230368111 271.94614667763 282.159507156624 285.520491101928 286.393485857663 289.332783888266 291.335637194862 292.353936526355 292.864150452285 292.954174690392 293.04795678083 292.516540702113 292.220684235438 292.402765368681 292.062826451809 291.567549456814 291.345842732327 292.248989758714 291.381820946168 -9999 -9999 -9999 291.421501717108 291.095850479535 290.715889081829 290.203841419817 289.531365795963 289.370893042859 290.120057949627 290.831012037133 290.668079973787 291.057429502119 291.894067091156 292.568737909023 290.373873841769 287.806854438747 292.060676389013 292.622603514783 292.921099982496 293.394255849629 294.136955504609 293.987508495644 293.359710277906 292.88398800027 292.388679901192 291.511109739048 291.892819327765 293.1346833718 292.607524196231
256.622439727486 256.258233619407 264.836899976174 273.888869502459 281.386170291456 285.234008522778 287.481010330355 289.969539851613 291.998993926338 292.617844881502 292.669001158711 292.631937786229 292.017361777016 291.940937377873 292.37776926854 291.773134586527 291.152029324774 291.459222383652 291.903683781433 291.539335744014 291.737636973159 -9999 291.578663938826 291.402894055406 290.970936476482 290.414488251299 289.747492404004 289.112176681062 289.358704758788 289.797473940098 290.574766859738 290.795627867821 291.21963327976 291.967329353966 290.765567364382 283.639908041873 280.473450583947 289.685657393604 292.732766910666 293.162721434559 293.659974671026 294.022048737562 294.223729560362 293.556613931975 292.936634694012 292.295200181173 292.377878860276 292.15089557878 291.568168411094 292.551420729422
244.289520424377 243.045882868352 254.535980040662 263.546491142381 275.066126731388 283.239659434417 285.964094168524 287.265626342028 292.158669166833 292.592831233845 292.643415670815 292.341376944422 292.237839150839 292.558869681473 292.388069015505 292.404985856146 292.447317061196 292.02287306144 291.467842060244 291.249668189774 291.219131385521 -9999 291.308699106505 290.453440255634 289.978595816018 289.459596549585 289.460637353631 289.389392646825 288.902132901466 289.154046775497 291.011502092531 291.402338907415 291.584374986303 291.227602664252 291.6426708695 287.826631884908 277.752732143187 279.494486504113 289.460794811065 292.089025276372 291.582394178246 292.958026100895 293.805012222837 293.19184637312 292.738682200388 292.929307312018 293.979363696782 294.0199209667 293.926635908135 294.35654448874
237.979430765539 233.409110501029 244.402352788671 253.868008035363 267.86134430337 277.077573312701 282.951996207876 285.732630677618 291.869185204347 292.366224089042 292.461920642155 292.502038251664 292.520484488921 292.398281653254 292.246356142996 292.298837288475 291.964763879593 291.884885397704 291.258296402772 290.718249598356 290.79104770976 291.641243723588 -9999 290.288637778453 289.999885773472 289.661127234225 289.834882713503 289.258333032501 288.953224000303 289.176072836074 290.409916380834 290.796894304799 291.287228809638 290.812688148287 291.226561285893 287.973586709826 276.907178739489 275.529208715678 286.804085778385 291.589771795789 291.468616502918 292.975203688955 293.413601176892 292.703057091838 291.374734195934 292.433755330876 293.87050474266 294.473409183427 294.595382735653 294.842560357326
234.736605857755 230.139221402914 238.129197376201 243.763854517292 256.405784820418 266.90258313597 276.858808523052 284.355098537779 291.4005042482 292.116889190577 -9999 292.587113309071 292.360325836832 290.39165780498 288.549733491991 291.721207714455 291.299542339327 290.901616119534 290.36122860624 290.484308589908 290.592639438735 291.194931587359 -9999 290.754502529662 290.653764399921 290.104961518308 290.165368620816 289.521701145145 289.098569071073 289.290611414945 290.196765149204 290.704085573068 291.002548828808 290.691562435864 291.213355090004 289.914299300984 284.174683878133 282.976491022614 288.401644517041 291.358060355085 292.312939081557 292.79858249996 293.098301110709 292.529081503927 291.429698722606 292.485545421731 293.796064578598 294.197687381163 294.014541281133 294.338345289036
236.006437313183 238.835694355405 242.237418074536 242.432125381331 246.274806394277 257.172062639874 272.445522188063 282.552818556006 291.00843948184 292.038733307613 292.490641623729 292.434230731168 291.64285438586 288.499871569352 287.245710639427 291.472502790956 290.965364214758 289.642686412434 289.85095210212 290.386122092274 290.613650006235 291.123840174839 291.399405036307 291.096999625179 289.905171739585 288.657072703905 289.701264343454 289.886475522736 289.173783931285 289.258415077584 290.172135121227 290.357814274755 290.493020533741 290.388067424137 290.794250096203 291.09956598079 290.538862404112 290.276262665047 290.102436484387 291.066470196703 291.708860514915 291.758417926268 292.833322564018 292.02764630067 292.040860033524 292.654530731214 293.296911166702 292.969626086173 293.13278164217 294.000142749996
241.121353588722 247.735270338241 251.771921909068 251.949656702961 248.026617898393 252.320904272952 267.840138460333 279.902065990811 290.853806434679 291.51145897602 292.216582059569 292.36546767486 291.642629107148 289.812428370185 289.791496238468 291.159343272162 290.727988653122 289.755411528141 290.111306652638 290.46092654867 290.59519422379 290.801490071 291.085644274724 290.921018432047 289.192689213191 287.961824143657 288.748693147178 289.494398693956 288.885378563155 289.238927852114 289.392389492968 289.542086863023 289.991967139605 290.052392380344 290.387506643058 290.974288087247 291.156053845363 290.105117706066 289.275928940319 290.04096744869 290.94676433496 291.467792456886 292.198521955316 291.342494060961 291.838603496311 292.760414527318 292.779158565581 292.4051967809 293.052967363213 293.950108609733
246.618569643941 251.217946085587 258.553788071219 261.246207270663 259.284738611192 259.554349628533 269.273954146863 281.906668008286 290.324274244695 291.065116238273 291.901050570465 -9999 291.810089533954 290.125993010816 288.373164258353 290.829019725326 290.770323796069 290.559178059198 290.700477010997 290.840440107321 290.799266908902 290.509996432579 290.871110734687 290.734712854482 290.321782202333 289.669240393393 288.631499987566 288.834968926181 288.840888472514 289.123843974904 288.975587983436 288.859448620029 289.506592002162 290.126475078134 290.55670967583 290.88143327465 290.81607548807 289.750823768561 289.0614243995 289.726038442997 290.928594374194 291.495937176459 291.505419294058 291.364621257811 292.059327864767 292.986168322419 292.54169249129 292.357446508284 292.812410937432 293.877410727374
252.295667525887 254.790620787829 261.699104746786 265.721873053496 266.823007914746 270.273395245687 277.586687669002 285.445520859837 289.734265964215 291.31469155108 291.747635397606 291.866931442591 291.78834833383 289.478628520825 287.300496122717 291.184105460717 291.205284088676 291.100375006524 291.396424157819 291.353495941282 291.082767902934 290.479267030192 290.563014139747 290.534772601546 290.807504086793 290.499439043672 289.745853315448 289.453894679825 289.274589790153 289.366977667828 289.021504592071 288.35526801698 289.14146896863 289.983838312411 290.402006306557 290.762765258636 290.464741464691 289.509030494869 289.114165573042 289.49876005407 290.197504355254 290.463032870584 290.878770386624 291.464746080407 292.329153788609 292.393434973933 291.922427985389 292.044625940734 291.531014751236 293.651623684949
257.562756355865 259.059540639665 262.713036972447 266.383447489886 268.147899199011 275.248837981482 283.026833332464 287.582134902048 290.512407571184 291.534220557468 291.677793504766 291.839467153745 291.751729201358 290.547888043618 -9999 -9999 -9999 -9999 291.588410997047 291.493221004623 291.065123917668 290.146586437141 289.843938213474 290.196020535891 289.980110841185 290.032088139756 290.186625569603 290.384447668041 289.970944799328 289.663747729977 288.693368735175 288.065103665696 288.585183639391 288.977121252405 289.472214977759 290.364882958332 290.387602408029 289.391051733503 287.976792330111 285.425606430741 285.028590772703 288.657058786396 290.071861321582 291.13217871988 292.062017783537 291.37703132773 291.378344576869 292.161165432357 292.403272361428 293.394238663908
259.972188445458 260.358587100757 260.630091218036 262.239757112462 267.19833783483 278.853740078416 286.369488535909 289.400355698656 291.14470816363 291.435274486355 291.545734185966 291.574610085215 291.464842651976 291.298767203452 290.959762872357 291.11829976964 291.591908046518 291.103183330424 290.967904676712 291.226643763935 290.786361363933 290.058884558734 289.394795549028 289.673315935905 289.317270085922 288.959139842231 289.18483125309 290.053163058853 290.259255999995 289.798324339493 288.072368033117 287.124930249211 287.866996711402 288.268016759948 289.045005290523 290.112831615775 290.26704990403 289.261495226013 287.14728585113 283.007188018383 283.271440332446 287.537594667446 289.798477733202 290.939540455553 291.074578186882 290.426413842773 291.871645245323 292.928814010355 293.545906752436 292.29710268199
258.778482881077 260.391626362708 257.90367832086 256.841645401469 265.769025114926 279.142536413107 286.243924638836 288.489871394771 290.481334890358 290.640224567505 291.190519568258 291.450451350881 291.478623180321 291.33578918813 290.623561976203 290.011771578696 290.386309018464 290.281135044788 289.841493112085 290.731826483661 290.439160912963 289.923377800143 289.081050723796 289.037121014732 289.289608369633 288.90617188684 288.770765317596 288.96742729914 289.664413036147 289.831183247017 288.069479509918 286.891738296742 287.739466777198 288.575175151055 289.141848142422 289.726831938822 289.792009853481 289.488438840713 287.512413633112 284.517892353656 285.625689516347 288.250168916071 290.638190373842 290.897028952803 290.459606858697 290.811524355547 292.537544339668 293.469204540341 293.419005449671 292.08979001253
255.884465427681 257.69254261124 253.347913010454 252.250012826041 262.024646337826 273.872352415143 280.870574731052 282.586142954804 284.726503691093 283.541110180638 290.582602262422 291.519697780842 291.486582865329 291.260380439125 290.523000760052 289.643457552318 289.997896445507 290.01115424077 289.409428564388 289.893938972854 290.199651171743 289.828854788957 289.000155342639 288.582747562854 288.878463441672 288.789316055388 288.357748015062 287.872539269136 288.891786868595 289.492842551719 288.149171910005 286.38818512511 285.202943549256 287.80246200224 288.950105482345 288.654195562189 288.796543341828 289.48509817526 288.729565918206 286.536419643422 285.951267364784 288.745832205301 290.643397342855 290.334439064721 290.959684588698 291.592511414677 292.448782375212 293.310115809258 293.251041302618 292.848698770342
254.255786590218 252.610431312193 247.366556433114 248.023346381743 256.189262430343 265.188133026328 270.024420358863 274.340024422667 279.972351331639 278.454723252579 289.378685914952 291.322663669651 291.269523126134 291.158587475251 290.999285117036 290.47319050165 -9999 290.210648396618 289.673684736551 289.631523099573 289.86771714596 289.894754884847 289.0057894241 288.298370492384 288.211444517074 288.180271339947 288.165958426083 288.190723174829 288.71417823183 289.084872708263 287.7734375967 286.276734741881 285.415071556952 287.257084687923 287.130073036211 287.519022554067 288.162922795786 289.177330785342 289.391612649431 287.983087050411 286.301233441662 286.796095822058 289.692977045394 289.669978640144 290.866133492384 291.99933199836 292.467792178535 292.834015465334 292.690388655119 292.855485377125
246.868583388628 243.821428153438 242.152812796497 242.120275256104 245.991279110973 247.720695981118 246.192077887619 256.635167200994 273.454698048921 280.936460526073 288.634321166145 290.628393434071 291.158751757722 291.071091826196 290.923766584486 291.039261354573 290.867609369359 290.458957847868 290.24057149132 289.341584421928 289.317099240675 289.261820762261 288.949694832981 288.478796413467 287.593160638256 287.246791316196 287.631298331501 287.616522093255 287.753672373957 287.944224566687 287.937596344566 286.450368709094 287.622590521807 287.080977488113 285.331178091761 286.490094293512 287.400534904546 288.604161374916 289.089366238221 288.830065435466 287.443850084123 282.021098028141 264.458303719561 274.468068682784 288.612894609727 291.293033361256 291.740891219531 291.00413975155 291.527315264988 291.331222946281
250.088427424383 249.034592165746 248.567390872443 245.723852813182 247.399543332383 249.086137087166 249.973247402686 252.847682410042 273.256327210437 284.351884141885 288.710758948907 290.579281531633 291.104769598857 291.222243980861 291.07903483722 290.852153195005 290.704083636113 -9999 290.218784668027 289.583878166296 289.302158145423 288.97702505087 288.389528931488 287.844201256646 287.253722589215 287.135916794802 286.924399459834 286.709807847738 286.144718248123 286.271748345863 288.000581738745 286.351013257621 286.73487761734 286.778169421692 285.697879989316 284.794092570199 285.916740765807 288.335312596099 288.413272152443 287.881570298708 287.052569463159 282.96236526663 259.567979895044 270.936184536037 289.03726539339 290.974210370707 290.339626833743 288.177543141266 291.327659198705 290.112180909751
256.273075203865 253.434375809953 250.118384346417 247.406782004755 248.594848120519 247.128675215641 249.595228432866 249.044869891154 271.10921558283 284.572402448696 288.330098514712 290.10420399787 290.74697931733 291.278836601012 290.997492184397 290.233662487811 290.234297430699 -9999 289.837299559646 289.147720957381 288.793442827532 288.641965189556 288.185227241527 287.561985273265 287.148794852297 286.657258789186 286.329265622754 285.764268718193 285.244723961811 285.960513942107 288.100971853712 286.67189829868 285.671269533394 285.785926941389 285.25129252874 284.768938996442 285.717686888228 288.247013112297 288.251544991132 287.280800458115 286.817927928527 284.788214086864 264.87618240343 270.112708975417 288.645344560468 290.299406363274 289.634087603897 287.720727533646 290.491067474622 289.937081435028
258.82584703809 255.081751310218 250.185068030474 248.278547036702 250.124724544355 242.604079820213 244.651697091467 242.116730078667 268.670873111071 281.549474072883 287.374711668683 289.594492540026 290.398720967275 290.8334482407 290.614920398786 290.311235534955 290.185253960827 289.662898846441 289.349263006259 288.678365295498 288.751425943038 288.781403926211 288.492551798618 287.62003420674 287.007539556953 286.296438336648 285.990911704841 285.367418198484 285.443942517358 286.270792044115 287.822852516854 286.857141410254 285.52989062512 285.437473254488 285.8204699838 286.622262615856 287.311958276693 288.110229640592 288.052036626107 287.276008055168 286.612498153787 284.356617122893 272.244763429109 272.158859222546 288.037471517086 289.772448369215 288.950219899289 288.664177651375 286.85675249863 283.588545422745
259.580420192747 254.484369452689 248.38672174509 251.696778995968 253.394666376496 243.609793344788 244.744433720624 244.674365131566 268.150314456087 279.400440601803 284.612316888241 289.064757093679 290.042115219251 290.466211618814 290.487749115051 290.680948392057 290.34456301525 289.832345790805 289.462828730876 288.84760471765 288.134831023406 286.527532469822 287.873223335546 288.055276857703 286.565128287742 285.648788213904 286.200432795613 285.705102043021 285.398191717582 286.201313440506 287.52718303352 287.371551916238 286.224707173864 285.724055142342 285.834150107991 286.924607004913 287.139589375051 287.250054892917 287.686388055165 287.245709147136 283.979588571691 276.026089515469 276.57067340172 280.607249891454 288.599553043483 289.500861291859 288.025599495486 284.699093817187 276.90337108325 274.910151602455
251.491086212112 251.423033050138 247.250157301107 256.589924054525 257.414065428919 247.154665674838 246.374982895056 249.928511204969 265.215491185124 277.151864831426 280.414276507006 287.688915787439 289.806904372436 290.503342188164 290.608585115325 290.736165109027 290.169234104873 -9999 -9999 288.916484567186 287.871069155706 286.148269859338 287.254104870538 287.867122579759 287.040439921865 286.227867528707 286.356977050894 285.185650536186 285.381345323166 286.1516673157 287.025918144303 287.218469842829 285.721747103795 284.410152579923 285.829857637879 286.619217071779 286.553613914111 286.385701792439 287.198190327674 287.081376935143 281.631984193812 270.717683146958 280.767073736099 283.614633009579 286.755646417982 289.257282895615 286.76478575359 279.525446460597 274.113077071943 273.887145253246
250.46189316363 251.154853669567 251.236003835202 260.953235152489 260.71004888471 247.459550530246 245.569962738089 253.802501993716 261.188700692547 273.971271951913 277.728934723994 286.17915174522 289.383657512884 290.420752445468 290.670520330793 289.226903090311 286.399183519719 287.660825619232 289.468848207821 288.953324429618 288.664520915527 288.108653613168 287.558347574631 287.224290844562 -9999 287.06334916267 286.290049996424 284.918863002072 284.835605084127 285.602479953355 286.042567633318 286.700484927325 285.025034113028 282.263700876726 285.249213812724 286.198306952011 285.904177142773 285.583839330162 286.86814054246 287.152841103339 283.236549123232 276.934166899011 282.272639542991 278.041654983421 280.013455125379 288.070369118086 284.379045312079 276.635444078525 273.000493722424 271.386357907079
256.05413018584 251.601856977754 250.696023818419 257.187914581815 263.827122554435 248.382339635343 247.021528567037 256.579465994555 263.466631195274 271.008241916473 272.401795418376 283.059991913104 288.497432757399 290.062468228511 290.50640459876 288.424307236297 284.439765433836 286.228026187971 288.217416454097 -9999 288.34999069763 287.595562580982 287.075773299947 286.680903311876 286.914401664878 -9999 286.354186542067 285.25727667966 283.553770713109 284.519401783544 284.830810492742 285.951051049595 285.529587027137 282.836121476618 284.000003395619 285.585400522848 284.676293779407 283.818593108995 285.989480737146 286.845000777477 285.490376482326 283.866921899524 281.498195084955 274.944428867041 277.440716643481 286.62987364125 282.042002950279 278.038615189015 271.709096007447 269.365751823812
