rcp8.5models/MPI_ESM_LR/sc1gr8.0
NCOLS 261 
NROWS 433 
XLLCORNER 336357.134 
YLLCORNER 654653.479 
CELLSIZE 1000 
NODATA_value -9999 
[rows 330 to 351 of 433, columns 150 to 199 of 261]
164.733950775528 157.947521739439 150.831547773866 138.988647640496 132.629162932535 126.55637304066 121.430937047775 115.033802896286 110.363835582513 109.823791539885 107.487397036218 105.044268728815 103.040652058014 97.2424066172288 99.7312890028226 108.66324943773 107.95076669964 100.695760904666 96.1551408929013 109.605658200095 103.615267989623 101.635390312182 102.191991138033 106.384892342466 105.129052064465 98.3058866548995 93.6978786974994 102.401039158474 101.660519736655 89.7182914945738 84.6515924046597 81.644278758178 81.649962389659 79.7570576301461 78.9516285146756 77.8166505901522 76.560950848294 74.4921128700681 72.248489698827 69.6409587115129 67.3298768730766 66.0911450135265 69.43167084785 69.56293649226 68.4235315560286 64.8914814163159 59.9770813418891 59.9334613135013 59.4449546182675 59.4172349295553
167.403218769725 158.925198204424 151.152370955604 140.329148339263 133.206237101614 127.431530882838 122.125964975651 117.46125676425 111.122259470069 108.460391994275 105.301196541006 101.758898553929 100.192310471568 98.1396242067799 100.810520537415 105.11307189793 97.6454765124614 96.4805019246179 95.2913021768031 112.074542507157 106.227025749153 100.630695325634 97.8756325014082 94.1145406003963 96.824894762351 101.269332700895 102.07063531768 102.492660304174 93.2388366038469 84.9487178468262 82.6307806969908 81.5372276815266 80.2967081298222 78.8372089826189 77.7677455968216 77.0283568642771 75.227809984705 72.7850114547086 69.8990522340009 66.0416664583225 64.5584694972788 63.607758540568 69.207602196757 69.291498225104 66.5685191520366 63.2489762511345 58.8730421032526 58.7889559749906 58.6839378759103 58.9713749044828
169.025214545665 158.143228798115 149.231621897658 141.328741375061 134.473377602128 129.97577234719 124.297891630874 118.701251538988 111.977981729429 107.158294571684 105.49928058106 103.343367440299 100.036058886974 98.5055645285111 97.3753002316203 96.142743628292 94.5605854696357 92.9303258564651 97.1849551634428 111.108430151169 106.06750259812 96.0204717467618 98.6255547351013 95.4382256050513 93.4324059554061 91.8191032930039 93.855295544644 90.9015999612376 88.4226265813519 82.43001383362 79.8779144908282 77.3756849746938 77.7312557440808 77.2287510794682 76.9628075412049 75.7874694684229 73.1672321065653 70.2997354920963 68.0742797219679 63.92450441655 62.7399935105827 61.523790866998 66.641353594855 65.9450270471914 63.1431435195784 61.785157632567 58.1492696839769 57.9088567409053 58.5726333706012 58.9100441349393
175.535490649901 159.870991624644 149.909139311625 140.83797385222 133.828312280312 130.083028586699 127.539550638284 121.551430631357 111.959550965419 108.300600290795 105.871113160863 104.951092880538 100.587881036901 98.2181319549453 95.9125588887972 93.7442352118143 92.0120905725068 92.2317303654323 99.1697218626586 109.367629974071 107.689707135137 95.1041778784251 95.5510126146788 96.5099369444889 92.7445494266699 89.6884675840703 86.9685799694667 85.1853169849109 85.3558110482801 82.4252782107489 78.0227767526797 73.4849472267247 76.2829011688276 75.3213193857655 75.9483666212338 73.0633006016826 68.4395772001904 66.8054639171324 65.3059540948108 62.7771879429995 61.7674664534626 60.9148273853497 65.0743036587514 62.0795450262675 61.1349823933812 60.699362091597 57.4902871448074 57.3388507114071 57.9476928622804 58.0237538451645
187.786628737511 162.755704510419 150.584147769965 141.517406585981 134.600573491799 130.641281041035 128.150142998273 123.2286616231 111.909723108959 109.138753667118 107.286503466978 104.70404080368 100.888919887464 98.1285072006317 99.9634841379334 109.072275434606 106.270045291821 93.4706185225414 99.121953380424 99.0844453659609 99.0735976254118 93.3436461311523 93.4185433414907 93.6656667914407 88.3594638895409 89.3235023675595 88.3631178446105 85.5093412805249 83.0744250138354 80.3981624516701 76.0627902435811 71.4949841361607 73.9332145532634 74.0855415777247 74.433060476802 70.4807163871509 64.5510719934283 64.1872054447843 62.4745536429691 61.1526832390662 60.4492455440209 60.3304776105139 65.4048906784988 61.1680722011682 60.0633079555206 58.6908796704002 56.8448203075883 56.763453395401 57.248302659229 56.8682672773827
185.901222855222 163.678032828527 151.393216766722 142.086685001495 135.950260533012 131.205634450234 126.142955911479 120.859100008036 113.301534143011 110.372694187505 107.706650946763 104.270163417024 101.722678021315 104.499911572627 126.36529173902 151.140786019743 122.666115604099 93.2344871456664 95.5762208158114 89.5346081666358 93.5047209467071 94.2908463903946 94.4083078013398 92.8432415281156 87.1279697774913 84.7007322303876 83.3545607197405 83.2157219480149 79.9768041634058 77.1270842989511 74.0114308587743 70.2996125770288 69.9384774267445 73.4736787936033 72.5505445739293 67.3762663299369 63.3612789051337 62.8926823957388 61.5476992244025 59.8219484277536 59.8385226566122 59.5562466095896 65.0809889846651 60.7626816134046 58.107844586121 56.7284424230825 56.2774399581049 56.203052231729 56.7004138624453 56.5744162533681
254.435958741986 204.8483605131 157.090963624633 145.144502403931 139.022087848952 133.288813685445 128.182573990329 122.774033045705 115.763802184461 114.846247937357 123.192664519322 146.239388763626 158.119161155431 159.352669746134 181.558499515791 197.993832661688 177.793282459661 132.295087316429 89.7954579054453 92.322430233026 93.6195148692358 91.8492855848733 93.7322638110111 87.6037930172666 81.7754328513832 79.832880089652 77.0682960278761 77.6084891105805 76.6375471685947 75.1292161814619 68.8017739724768 66.7865319974706 65.4088734245372 64.7904153117138 62.9687130502206 62.2286809881206 61.2161253018184 61.151530638253 61.1135262862978 59.0731801820787 58.6065988010009 58.5387701545272 63.5915977901069 56.480180374605 55.5165612538713 55.2102755734549 55.738486945423 56.5367660456868 55.7299303906706 55.6170749085851
261.286933305265 226.065337847291 160.060715147271 152.378893460468 144.973462487313 135.640483782133 129.70173761686 124.371846915362 116.161699753584 128.875421256379 154.59208520674 138.215537091433 120.04199191816 117.960399974916 137.036874417608 170.96151764886 164.194250115917 124.415483586884 89.6094802350201 97.9068027671064 97.5529662801035 91.6525503611829 92.1617009361228 85.530919297379 79.7496809741206 79.6935873363954 75.6606844203829 76.8386154249982 76.1414669717263 74.1899372887126 68.5571893516021 66.1970937814698 64.3749811590498 63.0685157467062 62.3360250533309 61.4964475783208 60.2443363218503 60.54237938523 60.4508632169939 58.5076265408643 58.0499372790239 57.9322109750077 61.0142133764438 56.0386175132536 55.306503364878 54.6416857253442 55.0959379030332 56.3453554078962 56.2648444412385 54.632708007675
214.068902350508 192.336488637863 157.178056200277 155.242918828725 156.83229696284 162.730064364475 150.134816597557 125.628098283505 117.349653830846 135.739708794831 156.499243955262 113.834036649396 105.80309655963 106.644713966442 107.646472238186 124.713013321783 123.448457839189 93.635227175484 90.2425431472955 95.7150638509559 99.6162240589615 91.3220392309978 90.6068205594914 83.9267849749765 78.7497489609081 79.635271438387 74.918015503901 77.5905718394202 76.9071483240488 72.6003599561956 67.4001112001171 65.0931280115338 63.3652953262024 62.2359635112198 61.4992415756625 60.233965426977 59.4665376994325 59.0868023447994 58.4545603368997 57.5142398974741 57.4175506889814 57.0329408743885 58.8410159342676 57.8323941704671 54.9476745970729 54.4044211010551 54.0957974705029 54.7276680985246 55.5430579999131 53.6067766750446
181.894081721039 172.836141984499 167.998173548509 163.317606933354 161.952094771766 165.447404226262 151.207223909054 126.408683414158 118.090691640242 121.231920617959 124.157803898515 109.711958540445 112.388887427824 108.99641960788 102.580257699205 104.33086988469 109.218938885036 99.5948185873354 94.4855564466471 92.1742007220066 98.5025237699107 89.1022556965684 88.5128804307653 81.5985346601942 76.2716203591387 75.9594684847076 73.6837721671694 76.6066893181909 74.7018986086738 69.6351526072705 65.041347951755 63.773067660374 62.7380750795416 61.5108340459938 60.4116172893066 59.3483546279046 58.8811295467073 58.2146073045361 57.2072437978505 56.8761759828901 56.8006117480335 56.37548963737 58.0165065480751 57.5989406989337 54.376837756662 53.7757395375543 53.5652325949813 53.7070532264897 53.5451287302942 52.9947130174629
194.245502188716 183.818308417576 178.158557904384 170.322030951326 159.197266817685 148.65126179388 141.177170278927 136.205933012626 127.378226940859 122.194193216324 118.107747884683 115.761689034443 113.464934843188 108.480435743263 111.491983001244 108.63075378337 108.450346116005 106.09663748094 101.430961098428 94.629038545575 98.2471509918309 89.6381570427531 86.4204855867098 78.2987021140336 73.713222793305 72.1307548006191 72.0814016398462 72.8535666208281 70.0235490793351 67.1201436656208 65.1065072522028 62.8010705263288 61.9526915841543 60.5329365117283 59.7949445383355 58.7930841159835 58.3321803601275 57.6614958063784 56.6367698965648 56.2501435969073 56.2231326598438 55.6621621086078 56.4821239083344 54.8615926588174 53.6518632720522 53.1665428782245 53.0153649035004 53.018470768574 52.5859403388307 52.4534842109568
194.160175102497 186.454789125206 178.249836468543 170.493540702795 162.519714628002 156.727552828787 151.478736029238 144.555174811814 134.331154130188 125.527508016335 121.620028450402 117.771138428498 113.173314282396 109.786857379414 109.146715682828 105.370285556683 102.464988440409 105.52011131467 102.508126196437 97.4686893978642 92.8098465733776 90.2419617796535 85.6914260679258 77.2404745096064 72.6427526022208 71.0339380274651 70.7380053728492 71.2371041704569 69.3875398899062 66.1991647030868 64.708799069194 62.4314993617489 60.7119441814783 59.9196210578878 59.2415780507035 58.2480531794202 57.782187907765 57.2478649888362 56.4316177718678 55.5915693198903 55.3176300778752 55.0474595966656 54.935085874399 54.1097405121909 52.700546013823 52.6269175320854 52.3933247758097 52.1760383581877 51.8387063490763 51.4652764305329
197.217203141387 190.633731912049 182.365706636413 175.090140797679 168.567739273601 161.989813242425 156.686764834064 148.193777613855 135.240496129422 126.338516531331 122.484093223539 120.524591241469 117.416555276353 113.247878253714 106.050872748608 101.18017514908 98.1132125920003 96.7260804309661 94.7786264611829 92.4581103397385 87.4419002725657 88.6971309055916 84.5291093044126 76.9848785094354 71.9753694233716 70.1193648037892 69.0488250695536 70.0405625665298 69.811652811676 65.1492803453691 63.0854835416421 61.8065703461222 59.8417752605564 59.2384179298907 58.3393036739295 57.6093543865295 57.1745071741133 56.7003474287935 55.9124140069904 55.1200483882529 54.6872116630637 54.2113628156725 56.2211556528849 54.8599996492941 52.180336190466 52.2214532440106 52.2244761229766 51.7083159304985 51.3125308891704 50.959394808511
199.802896376183 190.673178616017 182.466825071631 176.094538412239 170.481471569255 164.105787897065 158.218169883543 151.538229746629 138.895521351681 133.418732253288 128.56243910943 124.323170077605 119.476260402527 114.876494012734 107.791500745472 103.713482239401 100.690708838892 94.7668265491996 91.1890193479896 87.4572812005001 88.2743167246016 86.2657801868817 81.5596277398841 74.9109995241704 70.9264762970721 69.0537821126539 67.5007784409447 67.1815200391327 66.8569276558036 63.7861140739319 62.0270790792459 60.8043445144131 59.2702250479588 58.5052984465063 57.3164598112074 56.6469808693161 56.4652386137365 55.7736490586532 55.0207230885526 54.519375832388 54.050241641343 53.384248212031 55.8355015735006 55.0553945267968 51.9893603519866 51.6571870170729 51.6074043626692 51.2061389267697 51.2184427905241 51.6031617292894
196.835885790191 188.516011720247 180.582012258922 173.107398598568 167.706238939279 161.204834815944 152.941329179907 143.19379393134 136.046190535635 132.613571366525 127.023346584997 121.874735413539 118.056331637586 113.597648810173 107.93190882603 105.103935445237 102.998711480296 98.9472746998603 94.5481249654989 89.6514008620464 88.4466889601481 84.503417325897 78.2585384606744 72.1697239174061 69.8731776991785 67.9136233538735 66.3633452236931 65.5531374350551 64.3584483817235 62.6917928173357 61.0688112132197 60.2299243524994 58.7718904410943 57.7712250338449 56.4533102558373 56.1189090984053 55.8091049221252 54.8831840718664 54.3989567985462 53.8920904972676 53.431370866699 52.7895399497071 53.453648244669 53.2902846465164 51.9647333838222 51.1471333855939 51.0738247038522 50.6987063951648 50.9422909201305 51.2101705819686
193.96284176102 187.15147308684 176.585960552708 163.764400885853 160.200892889591 153.959715298139 144.444303337547 135.047427363919 133.443307911194 129.618529943986 124.459929829951 120.137168206282 116.270571999373 112.801579293555 108.772216132129 105.034475810787 102.195538511923 98.845582361667 95.9571557621602 90.6818197831582 86.8996255238247 82.831607022279 77.2795735948225 72.4540620887856 69.5257068790062 66.6853557989538 64.9234893938596 65.6289308017308 66.3523452024452 62.0189518535383 60.1118186063344 59.6244356157541 58.102810507788 56.910370353653 55.9005132194798 55.5175369442958 55.2535323992503 54.2681529242223 53.8036016385217 53.4701457665144 53.1446993492213 52.1944599906814 52.9055409600528 52.7523925159227 51.6552805319085 51.1183336855659 50.7367427980096 50.0397959572163 50.0419430249052 50.0975506496946
184.882320016611 179.758213547507 169.790651566003 156.887904483465 152.474889804595 143.698894890952 136.324567854573 138.227387041624 132.631955469317 126.48728789409 122.374860732245 118.863539886058 115.070066918652 110.451061735605 106.574488922596 102.076764423668 99.7776497280741 97.629263401278 94.5703455280495 88.9822995095933 85.639117565052 80.5825310478329 76.4919150471287 72.6966685908361 68.4435323467992 65.6872014890329 64.2237315052037 66.6931094267174 69.2332334522608 62.4944407268967 59.1938924216338 58.3943103861313 57.4500233386829 56.3588118154959 55.2822524927625 54.7778462386278 54.3295659268841 53.7455464769772 53.2867789520929 52.9441044359849 52.6232552625034 51.6821559897111 52.653708195291 54.3718446480574 51.1753882267711 50.6744527054629 50.2841210984229 49.6788112415252 49.4035963205018 49.2183477595873
182.095059841057 171.560883494025 158.228713144258 151.974000539881 143.48336227129 135.081872912097 132.742999495812 138.258653226946 128.921442689371 124.404106125155 119.673189908767 115.185175767378 112.898983368481 107.537242712717 104.651050803222 100.191021888567 97.7898449225751 96.1358590475458 93.3581987435093 86.5204175360278 82.8263354022565 78.8009664851017 75.2958083693648 70.9509431595397 66.6010097845222 64.7315607107035 63.4537244089568 65.8495046192749 70.0181615975512 64.609828874108 58.4735431183302 57.5531662566578 57.0535838421027 56.1663781705061 54.7658778771727 54.2304379259523 53.7230616014743 53.1625672889498 52.7689430265381 52.3118118219317 51.7746224704626 51.1403722629882 52.0251285084728 53.8472426946246 51.0280706005263 50.2798467625468 50.2207461953691 50.4572454859279 49.4924062010478 48.6496666047396
182.070463523937 172.834685376739 163.729595971413 150.435268307717 132.568431063169 124.088971672051 126.828586789151 126.937775401444 121.56396386753 116.746092848162 115.053921705204 112.150670861984 106.673100414114 103.125141203866 102.146132171095 99.7914313726592 97.1321988081172 93.5473055968136 88.8732371488189 82.0721235187483 76.5326778191686 71.0965644636263 68.2767081928339 66.2634836384592 64.0355768619012 62.3135544737368 61.2805257150524 60.3017269071905 59.9655502622534 59.2308787314801 56.5457255027514 56.0341144317758 56.0292999317083 55.3044619228044 53.6724395513754 53.1782703465766 52.4789494089442 51.6895576655936 51.5845213328931 51.3453816704719 51.0977118044011 50.1044135353409 49.8617181362587 50.4049203796464 50.9176329577192 50.0405874275334 49.1798257946184 49.1874638495131 48.7553088618234 48.5955926661059
170.404723864005 165.485190279565 157.3858968309 138.561215533055 125.144930856168 120.060229634879 123.769799781465 123.746602636327 120.426904476517 115.532912589953 112.541997727191 108.831387915176 102.73089100272 97.8896045130955 96.1832078868104 95.6907692830935 93.8090339996471 90.41654050847 86.4088143765302 78.7541350905513 74.2996323609859 70.3150816141548 66.6938735519838 65.0149762067024 63.3104895380875 61.4541671957142 60.5295795065596 59.3690095497093 58.8852447470712 57.3301499412479 55.6949776308881 55.3312701579889 55.0385492513569 54.405385510449 53.1379918217839 52.605900488671 51.9472726100822 51.121482075833 51.0585022489115 50.7401359360384 50.4933189634789 49.6537973598263 49.3532473116405 49.7236325372932 49.8924345563547 49.5533516596093 48.9782691654095 48.6706354508711 48.1428392105444 48.013722534236
150.031699808762 147.218304581717 140.256079576068 123.794491494371 116.509451060843 116.222233802527 117.798676162547 117.531082919165 119.35339936787 116.333156092738 111.152772762537 105.715342666271 99.9224758114066 91.7738318515325 87.1280084102281 87.5837790989689 90.637234597059 88.1150929308574 83.8761537721902 76.5241499456304 75.4095981336203 71.7653909933022 65.2841993652079 63.8527401461508 62.3173801625511 60.7055301511591 59.437672382214 58.2464305784467 57.9590791399445 56.7326789356265 54.7728779899177 54.7062815958332 54.1006814534328 53.1048145169579 52.5439373194924 51.9370829819959 51.2890114915654 50.8558334870273 50.4595578494499 50.1483274297559 49.9012416089055 49.0527581669352 48.8130127107377 49.0068634959264 49.1502808692139 49.1642184222814 48.9832200579687 48.0908216879184 47.6888232942754 47.7514465589772
137.08681191276 129.75672945433 124.268642402618 118.371395091529 115.15325675019 115.189369447361 111.203150518728 109.631443463894 119.489861120997 117.178326902029 112.085267761017 105.709303932804 97.9695759180402 91.3168958002685 85.4217604084981 81.390941078826 84.0910132606646 85.505163703352 79.6247638672337 74.6587513835149 77.1097172287203 72.2191121064846 64.0239688177808 63.0394449933873 61.2234046929687 59.4803137891555 58.2731010389678 57.3860478030335 56.7347888054144 56.1606132793181 -9999 53.6971191807554 53.4426850154728 52.5154811320344 -9999 51.5417486948048 51.0559752451109 50.3331527323675 49.9932984629031 49.91179186136 49.5007092331544 48.8082481933699 48.7699224477144 48.9632772104496 48.9915420369957 48.6382413305963 48.3838026830128 47.6670808622415 47.756809973032 47.8435726189203
