rcp8.5models/MPI_ESM_LR/sc1gr7.3
NCOLS 261 
NROWS 433 
XLLCORNER 336357.134 
YLLCORNER 654653.479 
CELLSIZE 1000 
NODATA_value -9999 
[rows 242 to 263 of 433, columns 50 to 99 of 261]
93.2533963146665 93.3680563094314 93.1791474208514 93.0783625431708 93.3707155335825 93.5394547953769 93.2928617854805 93.3890690622551 93.4748110429329 93.3967059631979 93.1416967377396 92.9680831028363 92.9769511797759 93.1302275869143 93.0024542474709 92.7258159814373 92.6042382323641 92.250280709745 91.9581456058967 91.900719197838 91.8677154597085 91.7356372007691 91.5137626807486 91.3050681249299 91.139688299998 90.9175141249909 90.7881214256339 90.5058552816085 90.1899220830019 89.9765574247953 89.8250638062895 89.8574741263193 89.8266821586985 89.9282526442402 90.0638474096331 90.1287206515234 90.0503932835631 90.0781781403251 90.1770674591401 90.0665109499308 89.5464227000358 89.132901861074 88.7762893618684 88.5442348327099 88.1247904218744 87.4111080103142 86.2274043963915 85.185799449958 85.8965863750537 86.6342292657708
92.6992804036049 92.5602356922267 92.5230368039147 92.7526733526287 92.8463721956714 92.6884398611548 92.6232433369495 92.4144114550253 92.39307349446 92.6508672873444 92.5713397567604 92.1883385620886 92.1887594476076 92.2485415004502 92.0954026280828 91.8544237055384 91.5604593478981 91.2526262666415 91.205329803504 91.0845819921436 90.7523466228189 90.4980933513344 90.2061828063011 90.0122873192457 89.7936291395079 89.6658831298795 89.4946876415001 89.1715035295798 88.8464521665582 88.7482447193488 88.6581005087919 88.5442200086419 88.4934953915989 88.5585809216905 88.7759585808653 88.8869421297326 89.0985177023497 88.9145359807868 88.8861889456863 89.0217888474825 88.5945653495436 88.0753258798511 87.6071720933978 87.1313724145363 86.841384377388 86.3782090913362 85.7600386526172 84.8454657620701 83.2896645440339 82.3049761664256
92.5267123237992 92.5348433298794 92.3787908819779 92.552788972387 92.5965625007093 92.2371339649349 92.2317416561814 91.9609617493662 91.8898819428869 92.0995391764965 92.0348999883327 91.8906520445991 91.7520068075455 91.7823713813189 91.7723529734757 91.4318847556096 91.128169049399 90.9672653449755 90.8563016346596 90.5577902223297 90.2717900147234 90.1096267678997 89.785233678374 89.5454407886459 89.3051518941853 89.0711000611114 88.877265406254 88.7034662601035 88.302737312844 88.2077991999209 87.9826224638625 87.9036218006164 87.8767234654944 87.9740598271866 88.1569010872331 88.3141104501101 88.3722951354834 87.5501947207235 86.7478974290167 87.932231150467 87.8543831285572 87.3584603024472 87.0253714437317 86.6590716765211 86.2639504140797 85.7772883701745 85.1608190057038 84.0992664406582 81.7130696730568 80.7637610205834
92.281837607897 92.2105800790999 92.2432814221592 92.1880592493221 92.1537819634189 91.9837752652947 91.8185540250558 91.5241952534631 91.5028107458437 91.6017810693049 91.5127870015895 91.5600479236943 91.3753983680951 91.3885593085727 91.3246207972326 91.0368496489332 90.7272350090217 90.5811001725337 90.3931981435978 90.0476595015074 89.8640926722753 89.7009000397562 89.3392356312076 89.2139815362898 89.0753439678013 88.7182302785923 88.3745001527451 88.1954903564072 87.8037541508267 87.5899598985305 87.4116225767792 87.2925505456124 87.2427289863973 87.4593611387939 87.4853979704266 87.5719146526054 87.6123619247955 86.2554496919174 84.9982721686847 87.0081728177063 86.9661264052228 86.6109834014488 86.2469205679667 85.77262155831 85.3576949410795 84.9092261973824 84.4577315749173 83.6252043013373 80.0124099928788 77.600584478555
91.9448376125384 91.9036969729331 91.7906282432399 91.6157365711005 91.5097145649783 91.5356847140286 91.4870068150367 91.204144574275 91.0658255533904 91.1325519095564 90.9026637471951 90.9589577309468 90.8993382821271 90.9426626451602 90.8412240815233 90.6009529366229 90.3582853608118 90.2201710966889 89.8794892277553 89.6510202549849 89.4524744155141 89.1980734744098 88.9049676335882 88.8449048053788 88.692929289752 88.2525126646123 87.8956343595684 87.7290688862448 87.2692001844069 87.0676701882634 86.8840606128079 86.7332812680608 86.7106835417718 86.7781212815636 86.7978427605816 86.8681197849312 86.8838702399377 85.9327289679774 85.1395977668055 86.3028532399332 86.08956290781 85.8150063502687 85.4266315755461 84.9054776756612 84.4019521713797 84.0153628375085 83.6583148759272 83.2111514683499 80.0475157506294 77.2407918791398
91.5167063228351 91.5336083189109 91.4118583515458 91.2147483239021 90.9471048500988 90.9500902524553 90.9445677780431 90.7763480749555 90.5696344644827 90.5386774172704 90.3058081455944 90.3278860648859 90.4111131967472 90.340195184352 90.1125621960974 89.9231365987598 89.8792526251014 89.7926020639552 89.4990629948925 89.2183101875756 88.9693258925589 88.8259141774562 88.5730521390041 88.3415584209675 88.0408390902249 87.669296894771 87.4584299578698 87.3482793487341 86.7672733858477 86.7055378774172 86.5940142466608 86.3752489651556 86.2293764407137 86.0594255860969 86.0739080916521 86.1622575505232 86.2007216914419 85.6537204169275 85.2661259972518 85.5417888593779 85.0807556044757 84.9256529412935 84.5442989842275 84.2083703739807 83.7318748969343 83.3131626856878 82.9512861878217 82.5072894290357 81.021505047009 79.8105013969912
91.1158585906279 91.0101824949652 91.0036044684797 90.9494706503149 90.6454604686478 90.5850942994355 90.4545462646164 90.2995892537766 90.1638701035566 90.22230847857 90.0934958931991 89.9731017928177 89.8730455986581 89.7509956801987 89.4341933941594 89.2344347141867 89.3122990830282 89.0473697227405 88.9477594148913 88.8844205500375 88.6434020600767 88.3772862582926 88.1872502351893 87.9041863423458 87.4817007071911 87.1312164313107 86.984028725779 86.9654910295287 86.5419381316101 86.2620617212211 86.062686527566 85.8426892064038 85.636228496148 85.4120730746875 85.2892265326178 85.4094746220135 85.4702491038757 85.0690507614993 83.4924985238272 82.3396888789484 84.1806908891436 83.9972817229193 83.6289557476187 83.3842662678799 83.0143428083909 82.6485457733492 82.2363154844976 81.6993341997185 81.1404538491161 80.6792904773043
90.5255407515012 90.5086687477236 90.5169251468393 90.4585296297927 90.2607478043408 90.245008645951 90.2037951769403 89.996117095048 89.8490292665189 89.9851412717351 89.8434486111923 89.606436859431 89.5145894295675 89.2769685188177 88.9991251871468 88.7885032845224 88.7487303302184 88.3163761780034 88.3727301150728 88.3573227354433 88.1234155806966 87.9769145782717 87.6985742007708 87.2737122532779 86.9336350610521 86.7570103753319 86.7215038512792 86.5470835610678 86.0236318163786 85.7160334135479 85.2363234389622 84.7092981705112 84.6667344123597 84.7952879770163 84.5833343357777 84.6566497888682 84.7677360676448 84.4397722635339 83.1234981283003 81.5239110609731 83.3769876643878 83.1054799932752 82.63782235167 82.4140837391335 82.2000464702594 81.8571439536749 81.4105447341496 80.7399379647151 79.8797632055244 79.6078401633171
89.9835791649117 89.9074518853485 89.9919916874068 90.1327426198773 89.9850534386639 89.777528971519 89.734478279837 89.6921965115387 89.5281879534529 89.4799115233296 89.3412265792305 89.1433102489295 89.1466335344813 88.9260013733462 88.7730911542364 88.5236911914341 88.2167294543044 87.3662555588954 87.8698522500879 87.6703657621663 87.4778179417054 87.3934990336822 87.1040070187673 86.746653444229 86.6013231802525 86.4138178327404 86.3651637690051 85.9738528128815 85.2877671469891 85.1096144308104 84.7079357221063 84.146919620665 84.0625366537616 83.3608665013406 82.5215164680825 83.8539011729276 83.9304157565668 83.7840154224233 83.2666000587524 82.5657391903621 80.933650951643 82.3768888457997 81.8991250372983 81.5021505877403 81.208682048672 80.9367638081333 80.6113142372622 80.1272951133486 79.0629156352055 78.2910819788775
89.7960003470249 89.6263803289719 89.6262834343007 89.701868730041 89.6573936893767 89.3905360450718 89.4196950543854 89.3379511545066 89.1892958610082 89.0550740650881 88.9893489923346 88.788075031587 88.7853781679864 88.5569244128776 88.270516508126 88.0899807178319 87.7603293419024 87.1306742360173 87.2753222718699 87.0078313151428 86.8797759842571 86.6565644218096 86.5534434437699 86.4863962430382 86.2405990363471 85.9684553855814 85.7731824919159 85.4166978412111 84.6075204853694 84.512433772063 84.2128352552749 83.848492343151 83.5849810990293 82.8271090165016 82.2445249174849 83.104685611602 83.0695794090863 83.0822180497617 82.4772513986741 82.080069793112 80.1454618435709 80.9496311221617 81.1884730531324 80.6822236964439 80.2390652806566 79.9674409332732 79.6784295757858 79.5046753489795 78.8778048045328 78.0601471262165
89.4256955261295 89.273710211824 89.4213482469397 89.3798114857165 89.2764623808528 89.1826021721648 88.9702394896534 88.9243628455869 88.8606375001997 88.6876695327418 88.6775267901092 88.5013702903772 88.4236116691097 88.086090963036 87.7540478481268 87.6360171834678 87.3415064141731 87.1920494113248 86.8580069738329 86.5248359224645 86.3132984522673 86.1397956732029 85.9519743034941 85.8741807549766 85.7330133835015 85.475132443692 85.1896462058385 84.7668707148745 84.1220255931651 83.9758548609583 83.6233316967696 83.3366295757294 83.0423212710418 82.7723496175632 82.5348296490132 82.4052358349636 82.3085853206199 82.1964105930986 81.7073588189838 81.3680829576197 80.56025500384 80.1435345454538 80.3053951712025 79.9375239740125 79.4472880246965 79.0185079666816 78.7819354888505 78.6582352989155 78.3247044493285 77.8892867834591
89.0819191027795 89.0149019665459 89.1802203705816 89.0939920947946 89.0008419387279 88.9154236758921 88.6874319513097 88.5433909749791 88.3872748438864 88.276918586708 88.1464823784949 87.9502316838449 87.874961861285 87.5650703740497 87.3478712506527 87.1469646237211 86.9460196193391 86.7573722000886 86.4335745332926 86.037448918363 85.814113190127 85.773921635874 85.3643745722183 85.1920370690657 85.0841191924554 84.8176926650837 84.5862069756689 84.3929805550843 83.7441003937109 83.3502188966958 83.1457740184317 82.9007831670338 82.5585406291301 82.4403186456054 81.9732146104053 81.7338633985558 81.6389319953069 81.4433805450806 81.1326094975234 80.893847925537 80.0558562486592 79.2617037542303 78.799846093693 79.1277638775684 78.7064550591942 78.2336638308392 77.9475390314155 77.7362332837835 77.5577552713629 77.2112458900692
88.7285559956168 88.7541226589243 88.7157427714617 88.6844784775107 88.5684815924846 88.5082683012189 88.2483288325221 87.8941895900299 87.7444513507955 87.9115754957762 87.7255614648939 87.5224243150352 87.4532708460947 87.2258961813632 87.0343777799944 86.7777340905333 86.6749241017434 86.3549085505279 86.0802543560596 85.8179336407555 85.532037857105 85.2682254747996 84.946622316246 84.718599401729 84.4486856506712 84.3097641045175 84.1080530560647 84.0173617093056 83.3080000361309 82.9392100969151 82.7695883160231 82.5373042740686 82.1282222771064 81.8409928363942 81.3062719526901 80.868519088219 80.9495827033673 80.7974110401153 80.4057278441013 79.9127264239309 79.399416999444 78.5813374205132 77.2708425463273 77.0629951732867 77.9700878545401 77.4543478155729 77.0897018485914 76.8048090624774 76.6121587149622 76.3905276098079
88.0884815017962 88.1128540977839 87.9027550736757 87.7060825226962 87.519803744066 87.4404199585829 87.0817700102146 86.8109114314412 86.6737493434248 86.7338004836174 86.6220199167969 86.5742709417882 86.4524297042269 86.1265662029432 85.9794063887922 85.8141603696338 85.6208350692877 85.1266743574354 85.130379907551 84.9315974630754 84.5985765816637 84.3879508500143 84.1332924214396 83.9169543839472 83.6360057716098 83.2376688096846 82.9317449595878 82.7721649913903 82.3478288291777 81.9589857465143 81.6844910377617 81.4506841513745 81.0559824939871 80.6944564144392 80.1543712748316 79.6037007560162 79.2822143723093 79.4520619466875 79.1088138771109 78.433140590823 77.4173092723964 77.1984564852201 76.7567458304365 76.4077937353346 76.4457807406251 75.9903549609366 75.4778180197714 75.1366331624974 74.9795038568023 74.8235909246869
87.566889973733 87.4846871299728 87.4225707666753 87.2612959476755 86.9899542591812 86.88249405196 86.479324090927 86.1853109840146 85.9200110928137 85.7672142106531 85.9952024981424 85.8791235136058 85.7410656085991 85.6987235177157 85.4999400204447 85.2397364102826 84.9222542231011 84.6697687956148 84.4665437478859 84.2345312177045 84.2462431032639 84.0953219958991 83.7557813042805 83.5275207081399 83.1910999831632 82.7685679641456 82.4138688055205 82.0750333029285 81.5998803627414 81.3540264598284 81.0978825711929 80.7538963649222 80.4050435867009 80.1037996916749 79.6369003068595 79.0834230415126 78.667547477765 78.7368716113806 78.3969513420232 77.8926251916084 76.7378313318469 76.3102833505334 75.6871905300336 75.1649667121837 74.8611978406867 75.1693021671062 74.615530627589 74.2327846533794 74.1266613320765 73.9836072015213
87.2005200433631 86.9640669008564 86.784552077834 86.7371425494562 86.4240824397847 86.2963062560772 85.8870343935092 85.7397597178816 85.5158095610642 85.44212940216 85.5239220761688 85.3564119560783 85.1789648306266 85.0778627885986 84.9389969845317 84.710602620844 84.3780983448336 84.0973425516885 83.8860814827245 83.7187910025226 83.6860630966672 83.4603777890763 83.2120353117908 83.1001606023404 82.8560141857238 82.4795162573519 82.0698352748905 81.639877567899 80.9943187688671 80.8480995054384 80.3988086438407 79.9874636639173 79.5639428435101 79.2732823485249 78.930673603141 78.496358118981 78.0242845453703 77.9329134217749 77.6633939143545 77.3679951551927 76.3388238201367 75.7383166982121 75.047635174377 74.579153704649 74.2212021061432 74.448428065678 73.8708633935856 73.3275027213877 73.1871011849385 73.1921020357588
86.5682947922594 86.4767605855066 86.2858744170219 86.0611470282867 85.9599921252246 85.8996878441063 85.4719136270345 85.3481427614807 85.1397296250719 85.2267078232351 85.1417976490523 84.9179615944428 84.6182510801565 84.4003996932403 84.3595981175422 84.2296367165479 84.0391911319972 83.6615112570242 83.5422228957032 83.2230679409974 82.9798783646555 82.8130580691758 82.7489138686532 82.6023618653825 82.2236750406756 82.0153652345142 81.6954401537626 81.1533363863932 80.4643988986831 80.2425842580515 79.8788821869585 79.3381998549778 78.8745871219157 78.3768530941071 78.0900937677669 77.8592100000508 77.3693286782498 77.2180005190963 77.0415268843091 76.7868459358402 75.8563041482915 75.3012833580539 74.8325265188978 74.4286010997099 74.1443101640392 73.8483258190941 73.2865911630884 72.8063470669515 72.5872759466243 72.5047412121212
86.0479984898243 86.0371270584937 85.9624207418824 85.6748973770117 85.5171671045438 85.4057615467392 85.0606311837304 84.9760760607668 84.8463682829107 84.8840390087076 84.7136370391774 84.3631566440266 84.0520338184924 83.7976227746104 83.7079467032479 83.7453953050875 83.6748718826879 83.1984121990176 83.0624716094204 82.6420658384118 82.4218056905432 82.2105888811455 82.1385691583772 82.0095091785742 81.5458836858595 81.3808516235393 81.1179716580929 80.585526125279 79.1886924712461 79.6269722685874 79.2524867191764 78.8170673564045 78.3693688857809 77.6876026554162 77.3092032982781 77.115451336829 76.7720254587113 76.6113892096234 76.474093504329 76.11422817681 75.2723726756875 74.862355115099 74.423039365282 73.4907078142194 72.7788315666599 73.2760319913179 72.7005912088313 72.2482534591077 72.0199886921736 71.8313017872235
85.5007118970697 85.6021017585966 85.5135230479604 85.3184866766776 85.2052443871732 84.9718796436831 84.6019904916693 84.4765779522479 84.316810593073 84.2264047900286 84.0560118396016 83.7776228717199 83.629314266887 83.3010303472988 83.1006906117269 83.1809748768202 82.9391402561524 82.5020625708156 82.4434755966799 82.2459404197162 81.9003356718311 81.5898561215227 81.429686450444 81.3199620753375 80.996004078411 80.9094049707934 80.5237745652491 80.0190862388338 78.8396789985143 78.9836822128981 78.6245264818418 78.4066584785632 77.8201712519535 77.2440402469228 76.8636328656282 76.4039487551348 76.0218235809227 75.9387321647172 75.8619229161685 75.3818895707862 74.5004133981897 74.2480339256161 73.9278745259545 73.1543966192097 72.4655851303716 72.6145196112327 72.0673239844461 71.5347874457786 71.2213127985306 71.0696939945761
84.9956098955832 84.9832715969379 84.8660555440519 84.6611293720311 84.6245222323417 84.523100746709 84.2276012962961 84.0309568142319 83.7754101065914 83.6190898248631 83.5266507987559 83.247717672024 82.9641418778894 82.6461408119032 82.5112147084149 82.5563070076351 82.0976118609414 81.6833516368598 81.838613405163 81.7897929784621 81.3738780995448 80.9518993833971 80.8585308986366 80.845461706855 80.5304461859725 80.4013629388601 79.9223302532641 79.4666923127794 78.7071304735968 78.2706471628673 77.9206701537811 77.7921339176534 77.2907369251983 76.8032947249292 76.5064118183019 75.9479251139559 75.359352031675 75.2557020165081 75.1628753843686 74.7898539640174 73.8484276156226 73.5180031246028 73.183346318479 73.0165128055104 72.4338752382244 71.785724552141 71.5649397878158 70.7695048044302 70.1725789735265 70.132161938832
84.4164749311363 84.3278848203626 84.2454811230051 84.0226148275172 83.9404767997159 83.8001351799933 83.6852928749441 83.5156885864683 83.3538223713279 83.233960809112 83.0256479355168 82.7444484471947 82.5481630090699 82.3409365469134 82.1373523864026 81.988432633255 81.5929558791056 81.0717447744421 81.3227423724849 81.1862754641985 80.8903454193124 80.5037260445026 80.3983267277575 80.3157007740543 79.9541289153505 79.7672633118385 79.3152501459796 78.9646170463116 78.2476307831795 77.4644516219458 77.2317630190754 77.0793991667436 76.8261878420064 76.4084321902074 75.9208931371841 75.3097881563742 74.7766572339302 74.7044255954872 74.4895747674669 74.1398831048869 73.3023755302529 72.8418629123893 72.2800047172979 72.1893713140016 71.8599879323965 71.3416797752454 71.0629322368795 70.3065446669325 69.4391472059986 69.1741765550709
83.8963646721493 83.7945436335145 83.677704947276 83.5749767870923 83.5409998548127 83.2269316080851 83.0200116682503 82.947612343978 82.7031710058543 82.5440241048087 82.374311565536 82.2286517924778 82.0831994613877 81.9020173331972 81.6679551914094 81.3671960904364 81.2103968074731 80.6728206967028 80.6776035419036 80.6927555691055 80.4521445716923 80.0754590320237 79.8604129364506 79.6290210986503 79.2622134512725 79.0298308499122 78.7600141847702 78.5941232641147 77.8298828491882 76.9024818749764 76.5387554108721 76.3059201923336 76.2289954089996 75.9563607590142 75.3115516595975 74.6461287520575 74.2008752934801 74.1153936655858 73.8491805935515 73.5073214096281 72.3985584172099 71.9058828046775 71.324767641311 71.3593025941584 71.2849776116268 70.8008654642566 70.335265896399 69.3994684276302 67.9153490343318 68.0686847046534
