rcp8.5models/MPI_ESM_LR/sc1gr7.24
NCOLS 261 
NROWS 433 
XLLCORNER 336357.134 
YLLCORNER 654653.479 
CELLSIZE 1000 
NODATA_value -3.4e+38 
[rows 352 to 373 of 433, columns 49 to 97 of 261]
68.3160095214844 68.2871170043945 68.2119369506836 68.1798095703125 68.1670761108398 68.1168441772461 68.0748977661133 68.0450973510742 68.0110702514648 67.9429397583008 67.9464492797852 67.8835067749023 67.8697128295898 67.8786773681641 67.8655548095703 67.8728866577148 67.8000946044922 67.7076950073242 67.6601867675781 67.4333724975586 67.2473373413086 67.1420669555664 66.9827880859375 66.8257064819336 66.6744003295898 66.8100128173828 66.6163330078125 66.4968872070312 66.5961303710938 66.3519134521484 66.38671875 66.4944839477539 66.6703948974609 66.7007675170898 66.6350402832031 66.3101196289062 65.5572052001953 65.3430709838867 65.2153472900391 65.5644302368164 65.6239929199219 64.9143600463867 63.9394073486328 63.661792755127 63.3977355957031 63.1536026000977 62.7752418518066 62.6928825378418 62.8752593994141
68.3691101074219 68.3085632324219 68.2578277587891 68.2116622924805 68.1687927246094 68.0869445800781 68.0235214233398 68.0003128051758 67.9721221923828 67.9109344482422 67.8260726928711 67.7654647827148 67.767936706543 67.7380905151367 67.7278518676758 67.7204742431641 67.6350708007812 67.5445251464844 67.3700561523438 67.162467956543 67.0660095214844 66.9404296875 66.8618774414062 66.6944351196289 66.4727401733398 66.386474609375 66.2483520507812 66.0356826782227 65.9120483398438 66.1612548828125 66.2163162231445 66.1634674072266 66.0952606201172 66.2905120849609 66.3089370727539 66.1604919433594 65.6874160766602 65.0805892944336 64.7140655517578 65.0283889770508 65.1087188720703 65.0146713256836 64.135009765625 63.4361457824707 63.3592567443848 63.2091026306152 62.5881500244141 62.1638603210449 62.5198669433594
68.4093017578125 68.3358764648438 68.3178787231445 68.2407531738281 68.1408538818359 68.0727691650391 68.0149002075195 67.9041748046875 67.833122253418 67.7865600585938 67.707389831543 67.6681671142578 67.6415100097656 67.5688247680664 67.586799621582 67.5636215209961 67.4574203491211 67.3230438232422 67.1843948364258 67.0038375854492 66.8422927856445 66.6950149536133 66.6085968017578 66.6084365844727 66.4703979492188 66.1948089599609 65.9984817504883 65.9067840576172 65.758430480957 66.0355453491211 66.1407089233398 65.8511276245117 65.676399230957 65.9255828857422 66.0470657348633 65.9594955444336 65.7554626464844 65.2632598876953 64.6564102172852 64.6284103393555 65.0866851806641 63.3558692932129 64.2749786376953 63.424144744873 62.9020614624023 63.1720771789551 62.8625640869141 62.0275535583496 62.1345443725586
68.4720687866211 68.3886489868164 68.3178634643555 68.228141784668 68.1183319091797 68.0551147460938 67.9896011352539 67.7985534667969 67.6918487548828 67.6281356811523 67.5840759277344 67.5606384277344 67.5151748657227 67.4121475219727 67.3643798828125 67.3434677124023 67.2859420776367 67.1332855224609 67.0659408569336 66.8902587890625 66.6288452148438 66.4831237792969 66.3475494384766 66.3796844482422 66.2861251831055 65.9932861328125 65.7571716308594 65.7059555053711 65.5213623046875 65.4341735839844 65.672966003418 65.3868408203125 65.0681686401367 65.2778854370117 65.3548583984375 65.321159362793 65.4438934326172 65.337760925293 64.8068771362305 64.3128356933594 64.5680923461914 61.79931640625 62.5162391662598 63.5406150817871 62.9335060119629 62.9588165283203 63.0676612854004 62.4379615783691 62.002628326416
68.5501480102539 68.4741134643555 68.3804626464844 68.2575759887695 68.1497802734375 68.0659713745117 67.9518127441406 67.7345123291016 67.6315231323242 67.5623931884766 67.5325469970703 67.4517440795898 67.3837585449219 67.3097686767578 67.2254180908203 67.2022247314453 67.1302490234375 67.0084381103516 66.9112167358398 66.6962280273438 66.4578094482422 66.4399185180664 66.4016647338867 66.2292404174805 65.9631500244141 65.8191528320312 65.6114120483398 65.4258728027344 65.2726211547852 65.0277557373047 65.2178039550781 65.2450408935547 65.0996704101562 65.1222457885742 64.9628829956055 64.7631683349609 64.9047393798828 65.0008316040039 64.7833557128906 64.1475067138672 63.8631935119629 62.85302734375 61.9672813415527 63.2690544128418 63.3956985473633 62.9150428771973 62.9726600646973 62.794807434082 62.1711807250977
68.679573059082 68.586181640625 68.4393844604492 68.2821044921875 68.1621246337891 68.0172576904297 67.8774795532227 67.6509017944336 67.5607833862305 67.4782867431641 67.3810348510742 67.2622756958008 67.2155838012695 67.2260284423828 67.1148147583008 67.0440673828125 66.981575012207 66.8260116577148 66.6675186157227 66.5237045288086 66.3857727050781 66.2639541625977 66.3415756225586 66.1411209106445 65.7756881713867 65.8423004150391 65.5834503173828 65.1884384155273 65.0782318115234 64.7368316650391 65.0309906005859 65.3226165771484 65.3012924194336 65.2034606933594 64.9336166381836 64.7053527832031 64.6496963500977 64.6603927612305 64.598876953125 64.2255401611328 63.7913131713867 63.6500968933105 62.5935249328613 62.2865943908691 63.1000022888184 63.0363235473633 62.593578338623 62.4713554382324 62.1535339355469
68.8369064331055 68.6312942504883 68.4353713989258 68.2710571289062 68.1696319580078 68.0230331420898 67.8463973999023 67.5702590942383 67.478645324707 67.357551574707 67.233512878418 67.138542175293 67.0986251831055 67.0552291870117 66.9645233154297 66.9005737304688 66.8563919067383 66.7290115356445 66.4323348999023 66.23876953125 66.2430953979492 66.0322494506836 66.0769195556641 65.8950424194336 65.6438598632812 65.7275161743164 65.4003448486328 64.9703674316406 64.8279113769531 64.5065383911133 64.6006851196289 64.9636459350586 65.086784362793 64.9785842895508 64.7929229736328 64.6470489501953 64.5023880004883 64.391487121582 64.3478622436523 64.2204895019531 63.9420204162598 63.3834266662598 62.8807220458984 61.3906326293945 61.5989761352539 62.7837028503418 62.3492126464844 61.908863067627 61.8532905578613
68.9248123168945 68.6795425415039 68.4733047485352 68.3205184936523 68.1530303955078 67.9890289306641 67.7536926269531 67.4934539794922 67.3480606079102 67.2107238769531 67.1088333129883 67.028694152832 66.960205078125 66.8147964477539 66.7685394287109 66.7700042724609 66.6998062133789 66.5922546386719 66.1143035888672 65.9303131103516 65.8919067382812 65.7302551269531 65.6362991333008 65.5121383666992 65.4023284912109 65.4847106933594 65.3993072509766 64.9213333129883 64.5828170776367 64.2845916748047 64.1241302490234 64.4556732177734 64.7858810424805 64.7175216674805 64.5801010131836 64.4447479248047 64.2262878417969 64.1164779663086 63.9099731445312 63.8064422607422 63.762077331543 63.1041603088379 63.0523529052734 62.167537689209 61.6717529296875 62.0961608886719 62.1375350952148 61.7494506835938 61.3446846008301
69.0870208740234 68.7838897705078 68.5764236450195 68.3565902709961 68.0744171142578 67.8659744262695 67.7042770385742 67.3372268676758 67.1486511230469 66.9571228027344 66.7890625 66.6864624023438 66.5871505737305 66.4799652099609 66.4084701538086 66.2784042358398 66.2127456665039 66.1092147827148 65.8886795043945 65.6902084350586 65.5201873779297 65.3768768310547 65.3240280151367 65.1668853759766 65.1821975708008 65.1961059570312 65.0609512329102 64.7698593139648 64.3781661987305 63.9903106689453 63.7672157287598 63.7861442565918 64.013298034668 64.0573577880859 63.8254585266113 63.760181427002 63.6947593688965 63.5417137145996 63.3600234985352 63.1065216064453 63.052116394043 62.8092765808105 62.6555404663086 62.4140434265137 62.2984504699707 62.1816062927246 61.9101257324219 61.6313667297363 61.305492401123
69.1620025634766 68.8849029541016 68.595703125 68.3276672363281 68.0068893432617 67.8139495849609 67.6221237182617 67.2138748168945 67.0207901000977 66.8573379516602 66.6218643188477 66.458869934082 66.3931579589844 66.3023223876953 66.2116851806641 66.0608673095703 65.9733657836914 65.9435882568359 65.6810531616211 65.5335540771484 65.3031158447266 65.1567687988281 65.1195831298828 64.9467315673828 64.9220199584961 64.86279296875 64.7709350585938 64.6739959716797 64.2468872070312 63.7844505310059 63.6126518249512 63.4255256652832 63.3819580078125 63.5594482421875 63.5552520751953 63.4721870422363 63.4615287780762 63.3051147460938 62.9738922119141 62.7068138122559 62.6474723815918 62.561206817627 62.4063873291016 62.2395439147949 62.0582046508789 61.8918342590332 61.6605033874512 61.3594017028809 60.9730377197266
69.1094055175781 68.9219360351562 68.6105728149414 68.2965927124023 68.0030059814453 67.7889251708984 67.5450134277344 67.1229476928711 66.9212799072266 66.7297668457031 66.5155181884766 66.3158874511719 66.1754302978516 66.0896530151367 66.0216522216797 65.8493194580078 65.7332153320312 65.695426940918 65.3759155273438 65.2688140869141 65.0978012084961 64.9166412353516 64.7687301635742 64.7307968139648 64.5995864868164 64.4841842651367 64.5259170532227 64.4102172851562 64.102653503418 63.5249443054199 63.4528121948242 63.2034301757812 62.9665374755859 63.1846885681152 63.3702812194824 63.2668113708496 63.1736755371094 63.03076171875 62.7204971313477 62.5089378356934 62.3283157348633 62.2695007324219 62.1097946166992 61.9596519470215 61.7560691833496 61.5490951538086 61.3536109924316 61.176700592041 60.905345916748
-3.4e+38 68.8535690307617 68.5933990478516 68.3220291137695 68.0627975463867 67.7837677001953 67.4684371948242 67.0305404663086 66.8020095825195 66.5755767822266 66.3919296264648 66.1744766235352 65.9688186645508 65.8666000366211 65.7771987915039 65.6757583618164 65.5656051635742 65.4634475708008 65.0745849609375 64.9509048461914 64.8212814331055 64.6609497070312 64.6075592041016 64.5759353637695 64.3492736816406 64.2590560913086 64.2904663085938 64.0283813476562 63.7971458435059 63.2221374511719 63.1786231994629 63.1053314208984 62.8541030883789 62.7411460876465 62.7743644714355 62.863525390625 62.8821182250977 62.7183036804199 62.5664024353027 62.3731536865234 62.1003723144531 61.9185028076172 61.8042449951172 61.6527404785156 61.486156463623 61.2791023254395 60.9559478759766 60.8273468017578 60.7582740783691
-3.4e+38 68.7741546630859 68.5451354980469 68.2936248779297 68.0389862060547 67.7182846069336 67.3872451782227 66.9084320068359 66.6705169677734 66.395637512207 66.1695785522461 65.9333572387695 65.7788391113281 65.6680374145508 65.5496368408203 65.4671936035156 65.34130859375 65.2316207885742 64.91015625 64.7530822753906 64.5935440063477 64.4262313842773 64.4048309326172 64.3725357055664 64.2046432495117 64.1400375366211 64.0901718139648 63.704231262207 63.4067115783691 63.0730476379395 62.8812065124512 62.8726921081543 62.6763153076172 62.371639251709 62.4490280151367 62.5418739318848 62.4898071289062 62.4358024597168 62.3256416320801 62.1596221923828 61.9487152099609 61.6131057739258 61.5244293212891 61.3590126037598 61.2145118713379 61.0641975402832 60.7389602661133 60.5621299743652 60.488826751709
-3.4e+38 68.7067489624023 68.4221115112305 68.1752853393555 67.915901184082 67.6274108886719 67.3277893066406 66.7897109985352 66.5374755859375 66.2891998291016 65.9975128173828 65.7169876098633 65.5562438964844 65.5122985839844 65.4091720581055 65.2792282104492 65.1361846923828 65.0383148193359 64.7065887451172 64.5575103759766 64.4137344360352 64.2947082519531 64.1399230957031 64.0239791870117 63.9012069702148 63.889720916748 63.8375854492188 63.5235748291016 63.198055267334 63.0905456542969 62.7725791931152 62.572998046875 62.480827331543 62.2174339294434 62.2638893127441 62.366584777832 62.2695922851562 62.2035522460938 62.1054840087891 61.9332122802734 61.7370986938477 61.4295501708984 61.278018951416 61.0878028869629 60.9403800964355 60.7879409790039 60.5654525756836 60.3662872314453 60.191089630127
-3.4e+38 -3.4e+38 68.327262878418 68.1203002929688 67.8031234741211 67.4812088012695 67.1912841796875 66.7072448730469 66.431022644043 66.1766510009766 65.9352416992188 65.6998443603516 65.4783706665039 65.3836441040039 65.2730865478516 65.0981979370117 64.9304504394531 64.8272094726562 64.4917068481445 64.3660202026367 64.2314910888672 64.1356887817383 63.9339218139648 63.7588424682617 63.6840209960938 63.573112487793 63.5098342895508 63.3530464172363 63.0506210327148 62.7828330993652 62.5148658752441 62.2775497436523 62.2664680480957 62.1560325622559 61.9796829223633 62.0765419006348 62.1248397827148 61.9079666137695 61.744197845459 61.5478820800781 61.3028564453125 61.0238571166992 60.8678398132324 60.827507019043 60.6832618713379 60.5303001403809 60.3304481506348 60.1358909606934 59.9579696655273
-3.4e+38 -3.4e+38 68.2228164672852 67.9923477172852 67.7243499755859 67.3983154296875 67.1371612548828 66.6084671020508 66.3222503662109 66.0585556030273 65.8239440917969 65.6127853393555 65.4351654052734 65.2422485351562 65.0713806152344 64.897102355957 64.7354354858398 64.6040496826172 64.3164978027344 64.2121429443359 64.0683517456055 63.942497253418 63.7929954528809 63.5817565917969 63.5322723388672 63.3996467590332 63.2976188659668 63.2092628479004 62.8884353637695 62.4214019775391 62.2369079589844 62.0808372497559 61.9995574951172 61.9538192749023 61.8489532470703 61.8284187316895 61.8220710754395 61.619930267334 61.4813041687012 61.252986907959 60.8237228393555 60.7226257324219 60.549430847168 60.5543899536133 60.4173316955566 60.2843704223633 60.1203880310059 59.9305839538574 59.7539939880371
-3.4e+38 -3.4e+38 68.0153350830078 67.862174987793 67.5762023925781 67.3524932861328 67.1127319335938 66.4690780639648 66.1734924316406 65.9564819335938 65.7211761474609 65.460090637207 65.3013229370117 65.1138687133789 64.9481735229492 64.7549362182617 64.5822143554688 64.4276504516602 64.1364593505859 64.0447769165039 63.8996429443359 63.7672271728516 63.646068572998 63.3749008178711 63.2907524108887 63.2356185913086 63.0806121826172 62.9723854064941 62.7502517700195 62.2454719543457 62.0746383666992 61.9129371643066 61.7365226745605 61.7182846069336 61.7719421386719 61.6835517883301 61.5646286010742 61.440616607666 61.2972640991211 61.0924949645996 60.4914093017578 60.5127830505371 60.3414077758789 60.2904281616211 60.1446228027344 59.9986457824707 59.8697547912598 59.6946487426758 59.515323638916
-3.4e+38 -3.4e+38 67.9641494750977 67.6415710449219 67.442985534668 67.2724761962891 67.0176773071289 66.3659896850586 66.0834732055664 65.8358154296875 65.6011505126953 65.193733215332 65.0773468017578 65.0041122436523 64.8295822143555 64.58984375 64.3918685913086 64.24658203125 63.9247932434082 63.8141860961914 63.7188148498535 63.5894660949707 63.4471778869629 63.244026184082 63.1022682189941 63.0134544372559 62.869758605957 62.7453155517578 62.6060028076172 62.0978012084961 61.881965637207 61.7075958251953 61.5231437683105 61.5518264770508 61.6013298034668 61.5008125305176 61.383228302002 61.2416381835938 61.0090599060059 60.8577690124512 60.5046920776367 60.1332855224609 60.1538009643555 60.0212020874023 59.8420677185059 59.6203308105469 59.5198249816895 59.4541015625 59.2744789123535
-3.4e+38 -3.4e+38 67.8719024658203 67.5303039550781 67.3426971435547 67.1270523071289 66.8714218139648 66.2571258544922 65.9711074829102 65.6913528442383 65.4260940551758 65.1051025390625 64.9365615844727 64.8250885009766 64.6211013793945 64.4270095825195 64.2273864746094 64.0607452392578 63.7324066162109 63.6067848205566 63.4866180419922 63.3445739746094 63.171989440918 63.0272026062012 62.8829574584961 62.7790718078613 62.6326141357422 62.5210723876953 62.371753692627 61.931640625 61.6793556213379 61.5347480773926 61.3544921875 61.3603401184082 61.3887176513672 61.2725296020508 61.1393585205078 60.9751358032227 60.7904052734375 60.6506423950195 60.507022857666 59.9975357055664 59.9128913879395 59.4875297546387 59.3652610778809 59.3313407897949 59.1246604919434 59.1173286437988 59.0643844604492
-3.4e+38 -3.4e+38 67.6015167236328 67.3650131225586 67.1040115356445 66.8435821533203 66.5383911132812 66.0039138793945 65.6887588500977 65.442268371582 65.1801681518555 64.9440078735352 64.6762161254883 64.474967956543 64.3065948486328 64.0919189453125 63.8980522155762 63.7373008728027 63.3930854797363 63.2156295776367 63.0752220153809 62.9176406860352 62.7979774475098 62.6945037841797 62.5281982421875 62.2866706848145 62.0884284973145 62.0358619689941 61.9725456237793 61.5829124450684 61.3678359985352 61.2149353027344 61.0625953674316 60.9102325439453 60.8490867614746 60.7722511291504 60.663143157959 60.5180473327637 60.3725814819336 60.216667175293 60.0970077514648 59.5599212646484 58.8686485290527 58.7185554504395 58.705867767334 58.5074462890625 58.6586647033691 58.5546646118164 58.3672065734863
-3.4e+38 67.6025009155273 67.4122619628906 67.1655044555664 66.9292068481445 66.6244277954102 66.296272277832 65.8505935668945 65.5302886962891 65.2367782592773 65.001838684082 64.7948760986328 64.5204696655273 64.3343048095703 64.1542739868164 63.9494819641113 63.7541007995605 63.5861740112305 63.1946601867676 63.0112152099609 62.8648986816406 62.7286796569824 62.6193580627441 62.4756813049316 62.2809143066406 62.099536895752 61.9218482971191 61.8221092224121 61.7433395385742 61.397819519043 61.261531829834 61.0879821777344 60.9114799499512 60.7526168823242 60.6390838623047 60.5305442810059 60.4367446899414 60.3126754760742 60.143497467041 60.012378692627 59.8885192871094 59.4524459838867 58.9765472412109 58.7036018371582 58.6818542480469 58.2781219482422 58.262939453125 58.4370384216309 58.278491973877
-3.4e+38 67.3430633544922 67.2124786376953 66.9763565063477 66.7462692260742 66.4596939086914 66.1612243652344 65.6845016479492 65.3638610839844 65.1003189086914 64.8672943115234 64.6758880615234 64.4206390380859 64.2338333129883 64.0509338378906 63.8157043457031 63.5977783203125 63.4003677368164 63.0151748657227 62.8145065307617 62.6633567810059 62.5354766845703 62.4182395935059 62.2684783935547 62.0697898864746 61.9226951599121 61.7577247619629 61.6061744689941 61.4814300537109 61.098274230957 60.9892730712891 60.8468246459961 60.681812286377 60.52685546875 60.4289321899414 60.3489799499512 60.22705078125 60.084358215332 59.9022254943848 59.7836723327637 59.6650428771973 59.2619132995605 59.0927314758301 58.7584495544434 58.501651763916 58.2483901977539 57.7143440246582 57.7336883544922 58.1187019348145
