rcp8.5models/MPI_ESM_LR/sc1gr10.6
NCOLS 261 
NROWS 433 
XLLCORNER 336357.134 
YLLCORNER 654653.479 
CELLSIZE 1000 
NODATA_value -9999 
[rows 330 to 351 of 433, columns 150 to 199 of 261]
290.403794595408 300.646937066559 305.086660110267 286.555623455454 286.506465828855 285.795626953455 284.584978022953 278.223255492173 282.057541847232 285.92627817358 287.675111879471 289.357052652183 292.580944218716 297.119757127553 304.106396273101 305.453027611144 308.500493343191 310.085296278381 313.107438472506 316.088129295598 302.852947204851 308.242889919008 320.684054592227 332.176457436491 338.242073278326 352.745301330935 366.099419819547 351.942533195761 349.167294360976 341.490077635366 339.24278193481 337.340321585492 338.613515371447 342.16079857205 346.009843173323 349.603164011956 352.385477877608 355.998962050612 359.448209013805 363.201685903323 367.484823392161 371.681635961782 380.08071725093 385.008729444598 389.757612932915 481.98557388295 645.688328913504 403.712085943756 408.366882765174 412.921841337182
295.959336809017 298.36019505693 300.878939545549 287.079641007818 284.638469202554 283.304621454873 283.246255329947 283.52726540858 294.978318295587 282.638652182242 283.818833482039 284.744170929056 287.889351319606 291.128799199041 296.501882041537 301.585572657667 303.298354117755 306.788696211989 310.633491792796 318.823240099907 310.289137049901 305.611714355724 308.751620371302 316.938089139237 324.812309924981 338.699374389024 345.159451971338 346.434541503662 342.453313405129 333.369368749949 331.072864200076 334.179127014979 337.491560231014 341.335343974201 345.326815969305 348.370169295016 351.115277573444 354.542378789976 357.607058754726 451.792438686391 693.37406427118 699.146801942485 379.171480807782 384.894370356272 479.404805760398 728.611134123159 628.463011186456 401.751373164183 406.025022732885 410.604899126412
299.335071218842 289.353629679821 286.006456858728 284.642950120873 283.731142216888 289.963306498564 288.835198665539 281.021396370248 302.41668405272 283.211942712041 280.5585799336 283.482158476643 284.848777776883 289.231258522575 297.798354186005 307.747940950515 306.876276180953 305.254524286599 309.068510567762 321.587181699098 319.706165805767 308.145557711822 306.023857384054 308.861532694456 313.627546362833 324.04606310402 330.938968178118 335.738578342654 337.434990623014 327.490477912773 422.184081542922 557.629920819004 335.823442342353 339.642493564709 344.000503343528 346.831702046294 349.604311171985 352.522216820603 355.768249338296 537.316910955649 1006.77734065139 1011.14938841829 377.26169894006 382.274735293633 471.148960116443 629.249172110794 394.788583616283 399.494339647378 403.878274726587 408.712818553776
310.819226088131 291.94137345338 283.843060177122 276.590330170282 275.547646511131 287.888039040313 292.810398567347 273.795709537635 287.09740570609 285.946856739168 278.306168290828 283.783691128611 288.818421122237 303.795694994662 313.532340186127 321.83107409648 329.383464221973 315.432864895023 307.731186111299 320.241012745069 322.142703952154 313.453632365193 307.712178342234 307.569490789598 309.436271947176 313.69209562509 317.248881021853 323.561363452563 328.113753781058 325.519157525561 418.085609322744 548.799954302833 334.304838493407 337.441023457458 342.760132476096 345.00388031617 438.786571511352 585.770680229329 354.070445664726 535.193268769814 914.780763304373 680.322864211752 375.208301032649 469.12354707814 633.419354033406 387.656739176037 392.630669991358 397.097397904546 401.81371375256 406.513384764853
322.532843901863 301.507603488508 281.91949730331 273.474611372406 270.671463029893 276.563189790954 284.035427369429 275.469846633993 276.029773192559 279.482598699735 277.432693427292 283.741871596752 300.444432303551 324.485563106159 339.379503856343 343.096753815467 344.248990807605 317.261771583575 306.107085966248 318.826316799987 318.278893084484 314.12870617773 308.06117892292 306.391516481604 307.083752514103 311.068501334543 313.849092367121 316.999486517248 319.350774169665 322.131278223024 326.250817635348 328.173532485979 332.513603140335 336.094024801255 341.669317496408 343.113098354707 433.02491039488 575.059142375182 352.297046141823 532.852157006474 827.177969471655 454.607510604177 374.156949865586 462.388982823078 618.077232059084 385.474244452939 390.336180513182 394.739830399545 399.671210806293 404.006552869679
321.313194368093 302.631870211025 280.585526014718 271.406964414862 269.462651769205 269.322748622037 270.724469805104 272.363136151738 282.774529234611 295.520426281732 297.846917798308 303.556522890929 321.659599158487 343.837937925292 348.579087838483 343.116701206245 344.018168071831 318.613346896727 308.83145510277 333.447388624266 315.150151368008 314.443911385187 306.434347323863 305.722013486188 401.771851521434 526.358279500044 310.785020237292 313.910258939872 316.065207049187 318.345650701 324.369991359765 326.536169288526 330.277062286002 335.410439900861 339.822608789385 340.786936082626 343.109185778368 438.233048202043 678.209092629784 767.617747751936 916.608478019924 688.224770484639 373.112100595108 375.058125444007 466.716798576597 630.474941666547 388.426304630613 392.768660066435 397.424849681954 401.817587882886
539.742157494259 315.666005404098 302.550315005197 277.012222409054 278.411515145419 281.907182118474 281.803961613682 272.864648662797 301.671344780885 340.040280989189 342.30667816819 342.258521170083 337.980327783242 467.958476853885 856.828857750089 993.191849127526 737.469653322378 626.357390126331 351.179588123647 319.377248523408 316.293332845381 309.128040730831 304.149636174261 302.296492633382 398.531974425716 617.333516599336 614.681325261728 623.171788811199 633.030582374478 542.773184598013 546.833965325093 412.759319900594 639.572846838418 559.198578144646 421.191137185027 649.324402420984 652.809845350885 569.946140244014 437.841322723143 765.591835531639 998.390040584674 830.394643955655 461.248591232101 700.900717070727 608.112725494738 379.668201890722 384.418329440984 389.219798377572 393.057946992116 484.602925739249
770.077600984806 308.264752088617 316.133376861663 311.525446631929 310.005856666429 303.82460404792 296.269814542038 283.237077292278 306.814021379343 333.088007079046 337.314546161118 341.787333554929 335.930273594911 334.623552564104 476.933267882136 733.170526743011 736.474763195105 615.972719470963 344.275349864819 312.43753188973 320.318906509979 314.577412913575 303.847500210827 300.836982859732 395.007471460653 615.215208553395 525.308795114245 402.523614623997 625.774400838091 536.635671630648 634.033190009134 550.465995981109 413.705943908553 643.001003978226 654.4898867682 659.426563145409 662.613453582017 577.032274556145 522.673238549147 994.070457554008 908.062177734192 588.106352849956 452.855544417742 604.198649776666 373.502197391126 377.69427688943 382.160890574271 387.177894250441 391.939488832635 562.61444546622
514.959394550055 285.538304967097 292.219606627655 313.578742731936 332.105633505761 322.217527344669 318.785787753948 311.043551609739 311.831069452898 335.23185861776 334.599899699164 336.015229470365 307.48673644474 314.164058648768 347.984159068919 348.765707747063 338.751038080908 322.98581691568 322.845800406755 317.323553589445 318.578512100936 312.84287013238 303.506894498 395.779966270834 517.404213641514 493.216053813927 838.776987350688 535.6220392082 313.165231268374 312.897613261819 408.382038368676 636.079869991408 644.961179134135 737.945183950228 966.781602946814 972.590652754274 976.694489430549 894.184707457371 756.519937193688 901.789706779591 581.165184690739 354.748528605415 364.662134937566 369.128444085589 371.364662751155 375.382356054576 379.934919109085 384.956164477249 475.777984799843 814.224759172242
274.640887252153 274.722114087638 278.41739285877 291.447600573 307.00037831459 299.652073292727 307.149185535279 323.362713231109 304.974944098434 330.868594754113 333.871231164142 315.104437608253 295.43688735203 306.40540227335 317.721109820232 324.999025895733 322.700851059329 301.160331800338 304.387990511229 323.380779438768 316.295504639029 307.898407743723 301.289133351213 392.318647834539 607.846667450533 711.142470028939 934.021561975416 756.554765444336 311.171826250251 310.076750875737 408.019359476396 730.520735286785 957.528902425982 961.342976573899 874.106741533487 736.415327756377 975.291572855429 980.717692092546 983.375960563923 813.022607609164 348.85599898095 442.264294020372 362.664633029207 367.07810044873 369.617411143449 373.720504075067 377.878267466588 468.951556813757 808.251736773291 1052.62883407816
291.813090108206 293.765187363349 296.540392792854 297.242949932705 292.78931082177 288.675178513325 293.374386027085 307.493847181288 293.592697188889 305.396279289318 312.994830773971 303.971520053257 302.619351155474 306.11779978062 300.077222995479 302.901593955087 310.374469088968 306.419714272197 306.007345338933 317.900050163825 316.675212693675 305.653640871719 397.233342554746 514.053226549625 485.429150861724 925.090282439491 933.013730419273 847.935406097338 627.439693387239 628.913270789039 405.304617762352 723.48470351458 955.812801899209 959.524270590368 784.392256473245 507.690821397571 973.279511759297 979.697938715331 893.996514501661 662.525520635768 676.744197348805 678.221770029931 700.503933297154 615.119167343806 367.904058349676 372.171662629747 462.009761997962 799.396067716988 1045.88305091513 1050.13203327078
303.603421294333 304.35625789137 304.156031801649 303.563276112297 302.872056832353 302.545104509348 301.579588756052 301.848506643219 298.696833984414 299.975672871407 303.295215453134 305.204848888502 304.014304183104 306.438419920758 308.892659169095 311.484592255527 313.194129986667 313.221460527079 314.263402899254 314.704824838922 315.163324529472 303.582576359169 396.013664491859 607.053653552267 704.468807594934 924.114741252024 931.604096622679 942.31086752203 849.895665480165 715.707221242855 635.979881141371 636.611832161541 724.110923432217 957.827987936804 874.216251593166 740.501384086105 972.293185155472 978.34441148896 897.597170101524 666.849193218709 751.640676662089 912.963415045695 1018.89914087426 851.435636098581 451.609994112048 617.4132266309 541.777989136735 1035.88500607651 1040.62870068181 1045.28167576498
305.420224060319 304.109383843964 303.522783666961 302.586379534968 300.994614752096 300.201392665356 298.839337027977 299.927778275315 301.513339725231 303.439199628618 407.193273166267 508.023486044943 300.328245806822 301.170594971298 306.09674714588 309.614162384412 311.548911357381 315.927276430224 317.576533774117 317.132427469534 310.896295194153 300.580830661434 397.137525376165 706.693796250931 921.846454067762 924.368016867711 929.494868587016 941.710000837682 855.570313135047 623.482359520559 627.001625921519 632.578061086473 728.121110187688 956.236923922732 961.280231209493 965.632453180173 970.979569046881 977.861662159712 893.673196470169 571.155630955058 517.919245186848 997.070474239033 679.739901163628 599.737534340441 531.464723348012 936.641795198538 788.48565445493 1035.08823876896 1040.55765486889 1046.78518899174
305.805929231719 305.364556033686 304.292278300047 302.390805722341 300.408195518483 298.442913161265 295.198082651061 294.591944505586 402.903492724525 501.825806718766 501.39615448018 809.589800042452 505.494388972207 298.875389155386 304.178119595669 305.717804334845 306.202672081283 311.106080213512 314.721561086743 314.800302777974 306.31745148705 298.169286783925 392.929048042733 703.219578517159 922.70911166013 924.118524580307 927.26818768133 934.816984839546 847.576388320989 619.891061006285 631.715292989651 724.810771560444 952.594358992381 954.321641959469 959.320500391601 962.994102585024 969.24969990921 976.946685248125 894.647507310155 577.055428926479 516.047580408655 995.131759470287 357.186927226186 360.884880688657 529.459837354885 1015.97252203228 1023.04391605842 1034.15869996236 958.660074338089 792.146040022848
308.064491140945 306.73537431263 407.496632995686 594.648622804513 597.224848963657 491.219228281296 393.120282967884 582.093350513451 396.493830534114 496.918051526028 393.913350102381 598.652036473601 501.562480217436 299.254755447987 303.27909596681 301.997403242701 300.417975685203 303.971636554825 307.63484089732 306.591164146161 301.548075004636 297.044519168774 388.924360859694 702.084844461079 922.23459514586 922.854909849879 925.7780812999 834.892408187043 616.142944832715 620.43733194395 947.439290732049 951.120034018631 954.3557583887 953.707003664435 957.609982595729 961.565980429796 967.587950547087 974.507411250965 978.740788462243 896.522394932592 754.516330014397 992.873573098105 353.872395909626 358.396961148224 442.302331321695 766.860707715461 1021.20797497305 1029.69465894734 960.852630661176 719.533038999578
494.436058235942 305.645290239125 502.987789611906 769.379988082185 588.782053333571 587.513644259814 682.064598779924 870.285951388288 293.954084637369 298.441470997017 296.69984012747 397.510007206775 504.941825853208 298.990761920881 301.279290619647 301.354091355761 298.967662303021 299.199682516194 301.773739645536 300.293043310628 297.885164690248 295.895917863226 387.740446907693 700.858089676031 922.32553901724 921.162701468465 828.10226645288 516.949617866469 395.3155258897 617.199512070862 944.088552758741 949.966722830666 953.665755047734 953.194752272074 956.023918303778 959.527611669202 965.915523537953 972.548495065806 975.887086678391 980.330351215136 985.145173389051 990.664945157588 690.521900684517 699.8774075975 694.409275373452 779.236920079821 1022.62590505893 1024.033369621 1033.61536430339 964.476565574878
769.815119398237 589.159881350451 686.788300206099 660.613002506832 391.868037459938 678.326080419942 762.676357455002 584.954493714618 302.814636315321 305.796407352236 303.587243774071 404.200240519184 509.50739609089 303.618017214684 304.945200643594 307.253716727097 304.467457204667 401.221871420939 516.083575148348 299.930209337649 397.760184463938 514.474718790426 389.533649335797 705.284107973737 919.966629110482 918.863009222599 732.174123968124 298.120245902033 307.173390721934 486.209946354703 940.513838416179 946.234980982147 949.375318523531 951.441130529879 954.695432685401 958.568754300146 963.490198050882 969.863100727251 973.728600643571 889.452658159098 655.020858056126 747.005692955496 924.228632443377 688.831526994141 764.620530694582 1016.55991847393 1023.67812351721 1027.52608833053 1027.13108611231 1036.95112512845
692.55616307243 875.89788225487 861.329375552832 761.25439669636 672.215745975804 857.328830976115 762.621744751209 594.178753136424 403.240324583032 506.74957328115 308.361695630365 307.518773825542 404.143195584872 510.309978993908 307.944024920629 310.713439437895 309.75795610257 406.652978328044 516.341657770471 297.364007303973 394.174724864409 611.092791724995 709.548047288917 923.390295066341 914.343832461878 915.657637141019 825.100293140094 521.894660314911 311.648731300089 491.293590059183 938.394761724597 944.792747761818 948.422813557908 951.288980475741 954.161127597668 956.761524422976 960.722341871872 967.202580166404 971.950295692873 802.771054824938 335.885080232026 510.739190358498 833.023762964958 443.905118566342 688.903129062902 766.768870678554 940.872525297243 779.133418262661 1033.2801077341 948.258066832028
806.320542907463 601.632936386903 704.551962188059 878.539538598778 850.437968288897 741.669121062943 571.149910065547 481.056229319404 899.049599759977 898.613658613352 699.751853705947 294.893058090449 394.230711201549 603.302119635303 614.385562569842 516.831840423051 305.917209305314 303.887701575774 499.03140045608 511.186640905892 384.494684357989 692.854419010566 911.216610250606 911.410148203729 815.074233379241 502.810897920238 286.982458095204 383.701004383464 705.105219606084 933.646205500094 934.418247043289 942.225947659419 950.991760253904 956.060965259071 949.802345336175 952.659705492034 956.183148117143 875.638673347043 735.961764293418 885.601017184271 738.044640422762 981.155415555256 908.769701185956 673.175225623057 767.710510751859 1020.48390992892 1026.66844865266 1031.92455123048 1032.60972086651 957.872323312228
884.606216928665 675.831319296823 504.908886710323 857.28027350222 839.303351014434 739.23689941653 469.825536069049 390.647267960364 904.313033884495 799.405088062694 598.792168984432 498.25615233395 493.294492067697 804.467418230449 605.180159676384 610.47458055621 510.890036189887 297.537325481985 495.148357676653 287.541409526366 481.61386773078 912.630611394236 905.90162452239 908.592852474403 720.771710763114 283.807653008614 379.489401922345 696.508034663686 922.925400502847 923.901318664578 930.624242016141 938.929993310434 947.934138923203 952.47077125751 948.582366902363 951.526762461752 955.209756205527 958.883455648469 964.149436465357 885.156381237717 742.048487202867 979.406230882328 908.711934415272 595.307099225099 520.968241446736 1016.91231205564 1023.12723049047 1028.60718407531 1028.85468246957 1031.54759380504
844.299030302353 746.975437623892 661.462760789134 827.450530183622 824.072673567069 839.065341689682 756.030939610076 679.27739751755 600.639782885689 500.438820269795 501.55080826162 805.784608007817 696.502430216483 789.469840924749 577.600806096848 689.289017834573 720.717293345256 292.649270959234 489.116737328665 502.515504333872 388.067016312735 699.788289478907 806.973592965852 687.257877409639 717.117005993766 376.187446625603 690.171705763192 913.022753680047 920.243342953496 922.251804866058 928.062548822886 935.701873718575 942.450681745463 945.399360492893 946.806930555519 948.815547269981 952.447965097989 956.105685504138 874.498386880784 729.851577258725 972.934822533136 977.329321520755 988.802656493188 915.716133118178 769.803132056597 1013.64019632167 1019.96547054729 1027.02857588633 1028.68008568936 1031.76273410873
823.139777797631 820.208771348512 820.10152890157 819.079451965931 827.086241377114 843.083184199159 845.692977695443 856.15289651547 504.062620018164 306.107690942206 407.709179019488 604.879122396733 697.347476262381 792.737000858881 678.030495366598 883.515351244024 803.262825267552 605.412608807274 595.750426110316 715.401508343286 294.38835480464 481.500228027897 804.965059219633 590.829596597688 497.585448082135 468.304440971923 905.998752011379 910.481368397665 917.226589168202 921.664692773909 -9999 931.604483488559 938.022700081225 942.814200654534 -9999 947.228247083434 950.047404341854 867.578846232733 639.237797472038 732.38207512591 969.742993157022 975.236438159456 986.011269371262 995.744831319018 1007.10962209496 1010.84300040797 1016.91821158303 1024.11079357632 1028.8824247628 1034.52261377406
