rcp8.5models/MPI_ESM_LR/sc1gr6.32
NCOLS 261 
NROWS 433 
XLLCORNER 336357.134 
YLLCORNER 654653.479 
CELLSIZE 1000 
NODATA_value -3.4e+38 
[rows 352 to 373 of 433, columns 98 to 146 of 261]
3373.07543945312 3328.63671875 3214.12280273438 3137.06787109375 3324.28247070312 3394.54077148438 3295.17211914062 3269.10498046875 3221.82861328125 3078.693359375 3032.310546875 3042.9189453125 3026.56811523438 2985.95263671875 2983.431640625 2912.96142578125 2832.2646484375 2768.06567382812 2690.59350585938 2624.17602539062 2522.46557617188 -3.4e+38 2312.9921875 2157.95776367188 2090.16479492188 2017.77746582031 2045.65380859375 2152.36059570312 2237.8388671875 2260.27807617188 2221.1669921875 2171.07763671875 2151.97778320312 2134.72412109375 2125.1767578125 2111.07348632812 2090.70751953125 2063.21484375 2050.01977539062 2034.70361328125 2016.54138183594 2001.30310058594 1987.03369140625 -3.4e+38 -3.4e+38 1950.79162597656 1928.54260253906 1917.20202636719 1863.18041992188
3407.193359375 3381.72412109375 3322.42333984375 3087.04370117188 3221.50537109375 3347.58276367188 3216.26708984375 3112.25024414062 3163.48193359375 3138.46801757812 3046.2919921875 2967.06640625 2952.046875 2948.72631835938 2915.43383789062 2940.5029296875 2926.87866210938 2844.82641601562 2726.38354492188 2641.5517578125 2644.6181640625 2690.59643554688 2594.31909179688 2409.19165039062 2313.62622070312 2202.19140625 2191.88598632812 2222.47827148438 2242.20751953125 2257.55200195312 2267.615234375 2202.60278320312 2160.98559570312 2148.83715820312 2122.86401367188 2110.53784179688 2095.27368164062 2068.73974609375 2056.94140625 2038.55725097656 2021.75744628906 2007.81896972656 -3.4e+38 -3.4e+38 -3.4e+38 1954.16967773438 1940.48010253906 1929.57360839844 1875.01818847656
3390.40942382812 3407.83666992188 3441.92822265625 3206.15966796875 3157.86987304688 3172.00634765625 3208.45874023438 3146.416015625 3098.56640625 3141.58569335938 3146.63452148438 3058.609375 2964.5576171875 2900.43334960938 2836.91845703125 2849.28833007812 2885.28833007812 2861.64086914062 2747.0595703125 2681.1875 2712.53930664062 2695.072265625 2646.33422851562 2591.4853515625 2506.63330078125 2423.07836914062 2406.99755859375 2413.19140625 2367.14306640625 2329.85205078125 2324.29931640625 2269.158203125 2218.03515625 2184.02270507812 2126.07397460938 2109.64282226562 2099.29711914062 2086.6865234375 2066.03393554688 2050.947265625 2032.03649902344 2012.50817871094 -3.4e+38 1981.48974609375 1972.15991210938 1970.88549804688 1965.90844726562 1942.38659667969 1872.73608398438
3323.490234375 3358.29296875 3441.48486328125 3311.91479492188 3171.10205078125 3059.52294921875 3150.57080078125 3237.64208984375 3209.39282226562 3103.47705078125 3046.03100585938 3065.33544921875 3061.16796875 2996.74829101562 2821.38842773438 2784.482421875 2771.28344726562 2811.83251953125 2818.857421875 2766.083984375 2708.69897460938 2626.09375 2618.93579101562 2622.8388671875 2559.50512695312 2528.62109375 2465.94458007812 2464.15698242188 2406.1337890625 2343.38842773438 2320.38110351562 2286.3291015625 2247.85986328125 2190.44653320312 2138.3056640625 2119.693359375 2106.90600585938 2090.82788085938 2067.50903320312 2059.30322265625 2042.07592773438 2023.77075195312 2007.81909179688 1994.96850585938 1993.96899414062 1991.875 1981.552734375 1953.72387695312 1875.06030273438
3299.95483398438 3249.14672851562 3284.90063476562 3337.79467773438 3228.53491210938 3065.36694335938 3034.49951171875 3098.5458984375 3199.77758789062 3156.27661132812 2988.34741210938 2870.32470703125 2932.9658203125 3044.52294921875 2872.876953125 2794.04248046875 2734.68090820312 2742.77758789062 2766.75170898438 2732.03247070312 2654.15942382812 2605.38403320312 2584.91528320312 2561.419921875 2512.60424804688 2492.17553710938 2467.47216796875 2416.70068359375 2356.27270507812 2309.54931640625 2271.2978515625 2231.0830078125 2230.58715820312 2203.26098632812 2161.92431640625 2135.46826171875 2120.63354492188 2090.00170898438 2071.59399414062 2060.83374023438 2044.75561523438 2031.76147460938 2018.9326171875 2012.53857421875 2006.04760742188 1985.71118164062 1966.43505859375 1942.95080566406 1885.78015136719
3358.05395507812 3264.09497070312 3212.91430664062 3318.595703125 3235.88403320312 3140.00268554688 3152.94458007812 3090.4189453125 3047.88818359375 3128.23510742188 3095.34301757812 2969.78442382812 2959.77734375 3030.57397460938 2945.0546875 2834.3818359375 2787.0498046875 2767.80053710938 2735.11987304688 2693.2060546875 2639.82641601562 2597.81713867188 2553.3466796875 2513.654296875 2474.35034179688 2444.64892578125 2456.18896484375 2418.69360351562 2385.78564453125 2332.80224609375 2262.67944335938 2225.57568359375 2218.56372070312 2218.14306640625 2195.4677734375 2160.23583984375 2134.083984375 2112.01196289062 2081.34448242188 2063.86987304688 2048.06884765625 2033.18957519531 2021.5234375 2012.32629394531 1997.33813476562 1972.79064941406 1949.50415039062 1929.91247558594 1899.529296875
3430.57934570312 3311.57373046875 3214.38427734375 3186.09033203125 3149.43481445312 3134.53979492188 3175.10131835938 3088.97729492188 2960.794921875 3007.92358398438 3043.6435546875 3088.79614257812 3123.80712890625 3057.72338867188 2957.49926757812 2860.89038085938 2807.64599609375 2775.84204101562 2749.32250976562 2728.35131835938 2693.92456054688 2620.78466796875 2532.14086914062 2512.47216796875 2502.55029296875 2483.87915039062 2496.15405273438 2473.56201171875 2444.01440429688 2363.09008789062 2279.1484375 2267.61840820312 2255.53588867188 2229.046875 2207.75610351562 2171.4287109375 2152.17041015625 2129.470703125 2094.99072265625 2075.07885742188 2058.84814453125 2041.22314453125 2024.28015136719 2007.15405273438 1989.65124511719 1971.00415039062 1949.86328125 1928.80187988281 1901.888671875
3433.87719726562 3362.15576171875 3270.02563476562 3122.91137695312 3103.88940429688 3057.16528320312 3077.8974609375 3093.07885742188 3012.63598632812 2967.9912109375 2927.2978515625 2973.96752929688 3072.16284179688 3058.16186523438 2945.40893554688 2865.72998046875 2817.46215820312 2768.53125 2751.08764648438 2770.8466796875 2734.03149414062 2627.49145507812 2538.220703125 2527.4970703125 2524.0361328125 2536.79150390625 2517.76489257812 2485.86059570312 2444.41918945312 2368.83984375 2290.70922851562 2293.28393554688 2304.81274414062 2256.0458984375 2223.92919921875 2197.26635742188 2173.98461914062 2127.29956054688 2105.09399414062 2089.31860351562 2022.98303222656 1969.1318359375 1994.75183105469 1935.93640136719 1909.34423828125 1914.26806640625 1831.69860839844 1806.11779785156 1776.29711914062
3498.65649414062 3451.28784179688 3421.65283203125 3331.6025390625 3224.93334960938 3125.81372070312 3045.85083007812 3093.59643554688 3129.54663085938 3069.02392578125 3029.25073242188 3004.17846679688 2970.13330078125 2894.8857421875 2872.77099609375 2838.50805664062 2808.482421875 2741.49877929688 2684.60107421875 2638.63427734375 2604.87817382812 2574.15087890625 2604.29956054688 2628.30908203125 2575.58764648438 2509.91845703125 2466.10083007812 2456.5546875 2440.64331054688 2401.01391601562 2324.9287109375 2311.63916015625 2326.84228515625 2295.84643554688 2262.68579101562 2222.47045898438 2180.99658203125 2115.98364257812 2024.45190429688 1940.22375488281 1894.85607910156 1831.93640136719 1786.92919921875 1752.91455078125 1725.52612304688 1696.70837402344 1666.09143066406 1641.28088378906 1601.83154296875
3497.59106445312 3486.52783203125 3399.88623046875 3395.38598632812 3378.45385742188 3303.9033203125 3198.56396484375 3121.47583007812 3061.6484375 3071.5625 3105.2578125 3106.85961914062 3095.7041015625 3018.22778320312 2957.77514648438 2903.03076171875 2893.03369140625 2846.65209960938 2747.56909179688 2680.7109375 2652.71557617188 2618.7470703125 2615.10083007812 2619.51586914062 2619.03881835938 2578.748046875 2497.4384765625 2465.56689453125 2439.0751953125 2413.74047851562 2366.35546875 2293.3232421875 2276.14892578125 2287.82739257812 2255.55102539062 2238.16918945312 2208.80541992188 2149.72412109375 2085.59643554688 2009.67761230469 1946.69165039062 1854.31518554688 1802.31188964844 1772.45092773438 1748.84423828125 1708.02197265625 1670.19970703125 1638.90979003906 1588.85876464844
3537.7666015625 3490.38061523438 3444.5107421875 3380.04174804688 3384.99755859375 3402.15649414062 3343.84106445312 3256.0546875 3179.49584960938 3174.38061523438 3195.68530273438 3193.44189453125 3154.86987304688 3116.14111328125 3048.08618164062 2975.69848632812 2932.41577148438 2917.4755859375 2810.54931640625 2723.85986328125 2700.58984375 2668.72021484375 2647.81396484375 2633.6640625 2617.556640625 2581.7275390625 2536.96801757812 2495.10571289062 2440.4912109375 2366.06103515625 2338.84033203125 2286.99633789062 2221.42065429688 2240.9091796875 2231.45825195312 2233.60498046875 2216.09130859375 2169.15209960938 2137.27807617188 2071.46337890625 1961.2421875 1867.21789550781 1810.16076660156 1801.55114746094 1780.3095703125 1709.55859375 1675.95910644531 1645.60217285156 1588.0107421875
3592.798828125 3524.109375 3444.87353515625 3419.77490234375 3384.83251953125 3365.021484375 3303.50708007812 3297.26782226562 3292.84985351562 3242.5537109375 3189.89453125 3187.65551757812 3167.72387695312 3131.65283203125 3048.43432617188 2977.45263671875 2929.25366210938 2929.87377929688 2854.94409179688 2756.57861328125 2707.13110351562 2693.5693359375 2671.51977539062 2661.50122070312 2631.00048828125 2575.37524414062 2542.2919921875 2502.95166015625 2420.18798828125 2314.89965820312 2262.5703125 2234.80053710938 2177.09887695312 2176.74145507812 2216.35473632812 2233.55737304688 2220.73291015625 2171.82690429688 2108.19702148438 2034.13684082031 1955.63940429688 1861.80639648438 1813.52465820312 1805.37036132812 1773.6318359375 1697.67541503906 1667.38598632812 1643.7802734375 1582.98815917969
3589.576171875 3563.82055664062 3491.05322265625 3441.17724609375 3402.93579101562 3314.23706054688 3280.40844726562 3282.00268554688 3263.03588867188 3249.84008789062 3214.80346679688 3162.70043945312 3127.52661132812 3093.89721679688 3038.47607421875 3011.22094726562 2976.56909179688 2947.1142578125 2891.42260742188 2803.85888671875 2722.18188476562 2684.64697265625 2663.80590820312 2674.28491210938 2667.75 2625.24291992188 2557.76733398438 2525.37426757812 2457.16284179688 2351.44580078125 2253.98754882812 2197.05224609375 2134.75830078125 2119.81030273438 2139.47290039062 2182.41870117188 2225.51733398438 2187.69458007812 2071.5546875 1942.52429199219 1922.83508300781 1862.51098632812 1813.88354492188 1784.46911621094 1739.1591796875 1690.30969238281 1654.73779296875 1628.03820800781 1571.54943847656
3585.82104492188 3564.27612304688 3541.31201171875 3461.11376953125 3425.791015625 3328.40112304688 3284.16796875 3298.24047851562 3253.44189453125 3176.0078125 3185.59643554688 3191.5830078125 3139.31665039062 3084.04956054688 3007.8759765625 3000.03344726562 2994.17846679688 2959.64624023438 2912.46606445312 2841.31469726562 2746.46118164062 2689.90625 2683.13061523438 2673.10375976562 2661.91625976562 2642.63061523438 2583.57153320312 2550.68383789062 2511.13793945312 2405.53540039062 2287.29809570312 2230.705078125 2148.97436523438 2093.91650390625 2056.98046875 2067.8837890625 2128.55541992188 2143.34375 2012.02795410156 1869.57653808594 1870.41796875 1858.78149414062 1797.8759765625 1765.25085449219 1717.76489257812 1681.00646972656 1642.47387695312 1612.34301757812 1560.26806640625
3590.4091796875 3569.00708007812 3498.8779296875 3465.59790039062 3457.57104492188 3378.80517578125 3280.48022460938 3271.25146484375 3270.0390625 3206.65234375 3202.06127929688 3219.26025390625 3178.96362304688 3126.57666015625 3009.09692382812 2980.19262695312 2977.83203125 2957.46484375 2928.06103515625 2865.26489257812 2764.63500976562 2709.69555664062 2698.74584960938 2665.36669921875 2638.97045898438 2616.6044921875 2567.78076171875 2533.455078125 2485.93090820312 2401.32104492188 2327.79833984375 2281.62133789062 2189.41772460938 2110.052734375 2048.1708984375 2009.68615722656 2010.96398925781 2048.1787109375 1942.13220214844 1853.25732421875 1834.39501953125 1816.63818359375 1772.59240722656 1741.02722167969 1707.35021972656 1672.66772460938 1630.61596679688 1602.96606445312 1553.00939941406
3591.0146484375 3570.2978515625 3504.30419921875 3232.13940429688 3316.01440429688 3368.86352539062 3323.26684570312 3308.48461914062 3304.46069335938 3291.01440429688 3261.35815429688 3219.09228515625 3173.2861328125 3147.50415039062 3037.4853515625 2980.08154296875 2953.08813476562 2944.87036132812 2938.48413085938 2889.091796875 2806.45629882812 2753.81811523438 2713.59252929688 2654.396484375 2611.95092773438 2579.271484375 2534.58911132812 2497.09765625 2441.06860351562 2390.29418945312 2339.19506835938 2293.63500976562 2214.41235351562 2149.05053710938 2082.66796875 2011.00134277344 1979.10559082031 1953.14770507812 1896.05676269531 1844.20593261719 1810.39465332031 1779.73950195312 1749.81787109375 1721.37194824219 1692.47375488281 1659.19445800781 1622.71606445312 1591.6337890625 1553.27465820312
3587.82373046875 3512.03588867188 3496.5068359375 3238.248046875 3207.28247070312 3189.46826171875 3120.53100585938 3105.2548828125 3137.21313476562 3162.69384765625 3186.86962890625 3212.13916015625 3195.42651367188 3164.40258789062 3078.86645507812 3014.10961914062 2968.43286132812 2942.5810546875 2919.13940429688 2895.08129882812 2857.71240234375 2820.77734375 2770.40869140625 2701.30053710938 2633.18188476562 2568.83081054688 2486.20141601562 2448.80224609375 2419.71362304688 2388.59008789062 2343.05859375 2296.06884765625 2220.060546875 2182.04248046875 2119.36181640625 2024.17517089844 1980.76525878906 1897.99108886719 1865.892578125 1833.83557128906 1801.7626953125 1768.7568359375 1735.18872070312 1709.14196777344 1678.11218261719 1643.32348632812 1612.154296875 1582.17883300781 1556.40832519531
3587.27905273438 3406.45556640625 3311.35546875 3410.57739257812 3341.19165039062 3170.84545898438 2930.09692382812 2795.30200195312 2792.73706054688 2850.88745117188 2891.15209960938 2925.47607421875 3024.21948242188 3078.8740234375 3079.65454101562 3063.89306640625 3025.19555664062 2976.20385742188 2924.72143554688 2898.28637695312 2870.84619140625 2843.712890625 2811.81420898438 2760.17407226562 2689.5380859375 2617.9365234375 2462.14233398438 2416.5380859375 2391.54125976562 2369.89013671875 2337.99340820312 2290.5224609375 2223.04736328125 2197.05981445312 2137.0009765625 2047.32177734375 2023.59326171875 1915.46765136719 1869.16796875 1831.36218261719 1796.62573242188 1764.83666992188 1727.75146484375 1697.29943847656 1670.53784179688 1639.38403320312 -3.4e+38 1577.75439453125 1559.13269042969
3597.87475585938 3395.76416015625 3196.90649414062 3345.93896484375 3420.80297851562 3361.12866210938 3179.71215820312 2957.03295898438 2734.44848632812 2673.3740234375 2666.31518554688 2642.76733398438 2706.91577148438 2750.78930664062 2928.06127929688 2989.65795898438 3000.08154296875 2989.24682617188 2970.076171875 2937.8642578125 2895.66235351562 2849.22290039062 2813.43310546875 2786.61450195312 2728.7294921875 2656.40185546875 2489.79541015625 2448.51049804688 2409.07543945312 2359.05737304688 2307.6044921875 2262.1708984375 2210.80639648438 2194.91040039062 2162.2685546875 2091.11376953125 2070.48364257812 1937.22814941406 1879.41552734375 1835.51025390625 1794.39916992188 1760.41931152344 1723.4296875 1688.12414550781 1660.83288574219 1635.21899414062 -3.4e+38 1573.58544921875 1553.40844726562
3592.0380859375 3563.82495117188 3491.01684570312 3132.69750976562 3056.42944335938 3287.50415039062 3370.25854492188 3354.498046875 3322.14672851562 3273.08447265625 3232.60473632812 3197.72265625 3111.18994140625 2922.25512695312 2619.81762695312 2488.0302734375 2513.2265625 2628.6484375 2719.30810546875 2748.47705078125 2815.904296875 2901.58251953125 2883.18701171875 2844.70751953125 2803.94018554688 2759.54443359375 2662.16577148438 2610.75122070312 2563.24072265625 2539.71044921875 2466.0302734375 2361.2265625 2249.30126953125 2152.9453125 2114.50415039062 2072.27783203125 2031.12524414062 2001.05480957031 1980.19738769531 1878.65649414062 1804.98303222656 1761.04284667969 1720.10119628906 1693.5458984375 1662.62475585938 1626.30383300781 1596.00317382812 -3.4e+38 1533.70727539062
3590.720703125 3582.18041992188 3556.95190429688 3340.16284179688 3225.64526367188 3265.779296875 3255.81860351562 3250.5166015625 3314.4755859375 3334.84716796875 3310.17041015625 3285.54663085938 3251.82543945312 3185.52563476562 2942.7548828125 2694.623046875 2560.60620117188 2530.7998046875 2531.28979492188 2540.93920898438 2667.59155273438 2855.70336914062 2856.39282226562 2781.94262695312 2758.15991210938 2759.22900390625 2646.68212890625 2648.06640625 2649.34423828125 2635.04663085938 2583.23974609375 2500.58666992188 2386.28686523438 2280.12182617188 2192.90234375 2072.07202148438 2000.88562011719 2070.30981445312 2102.2109375 1971.18676757812 1816.09716796875 1756.19958496094 1720.98010253906 1693.6005859375 1658.64794921875 1623.62426757812 -3.4e+38 -3.4e+38 -3.4e+38
3601.27563476562 3568.6923828125 3547.04174804688 3496.2607421875 3417.18969726562 3308.95141601562 3201.81811523438 3146.47412109375 3198.62036132812 3296.56005859375 3325.060546875 3297.61694335938 3269.22314453125 3235.50537109375 3061.84594726562 2917.66284179688 2773.4267578125 2664.0537109375 2554.64111328125 2517.41040039062 2551.2861328125 2585.32885742188 2577.58325195312 2532.244140625 2566.1123046875 2592.69116210938 2471.7744140625 2520.68115234375 2520.0625 2539.87768554688 2590.04272460938 2579.94091796875 2527.85107421875 2469.63403320312 2374.11645507812 2158.15576171875 1966.93176269531 2158.14672851562 2234.3154296875 2084.64721679688 1857.94018554688 1756.97644042969 1716.29248046875 1684.8173828125 1648.98645019531 1615.859375 1593.14526367188 -3.4e+38 -3.4e+38
