rcp8.5models/MPI_ESM_LR/sc1gr8.FIL
NCOLS 261 
NROWS 433 
XLLCORNER 336357.134 
YLLCORNER 654653.479 
CELLSIZE 1000 
NODATA_value -3.4e+38 
[rows 154 to 175 of 433, columns 147 to 195 of 261]
70.3128204345703 71.1274490356445 71.8307876586914 72.0220336914062 72.0395965576172 72.4692230224609 72.996223449707 73.5244369506836 74.3216552734375 74.3637466430664 74.4323959350586 75.4440383911133 75.7218322753906 76.6938400268555 77.0725555419922 77.2208023071289 77.5447387695312 78.0440063476562 79.0531234741211 79.4257049560547 -3.4e+38 80.9485168457031 81.9478759765625 82.2843856811523 82.8316421508789 82.894775390625 83.3099212646484 83.8301696777344 84.0326080322266 83.824951171875 83.4763336181641 83.2346725463867 83.1607360839844 82.2587738037109 81.7021179199219 81.1509704589844 80.8570098876953 80.5017471313477 80.5272064208984 80.6193542480469 -3.4e+38 79.9904861450195 79.650505065918 79.4897155761719 79.2282791137695 78.7433624267578 78.4706344604492 78.268310546875 78.2523498535156
69.804573059082 69.9937438964844 70.6574172973633 70.9686889648438 71.7888870239258 71.9409027099609 71.9117126464844 72.438102722168 -3.4e+38 73.3965301513672 73.9876403808594 74.4104232788086 74.4778747558594 75.3018798828125 75.8604736328125 76.3271789550781 76.3105392456055 76.7992553710938 -3.4e+38 78.7849807739258 79.1887817382812 79.5672454833984 80.7530746459961 81.5492095947266 81.580078125 81.6960601806641 82.0447845458984 82.5409851074219 82.9501419067383 83.4303817749023 83.5380630493164 83.1221771240234 82.5880813598633 81.6278686523438 81.0737075805664 80.5484848022461 80.2740325927734 79.9039688110352 79.9038314819336 79.8556671142578 79.4938430786133 79.2276763916016 78.8712997436523 78.7270584106445 78.4494476318359 77.9643783569336 77.7080917358398 77.5809326171875 77.6917953491211
69.5438003540039 69.5656890869141 69.7062683105469 69.8510055541992 70.8506927490234 71.4767303466797 71.744499206543 71.8969497680664 71.8725357055664 72.3728103637695 73.1197280883789 73.948371887207 74.0131149291992 74.0976104736328 74.4619369506836 75.1580352783203 75.7710876464844 76.0552520751953 76.5825424194336 -3.4e+38 78.2787933349609 78.6626663208008 79.524772644043 80.137451171875 80.6031036376953 81.1831207275391 81.2194519042969 81.341911315918 81.6979675292969 82.1810302734375 82.2864837646484 82.0711059570312 82.0183258056641 81.4159088134766 80.9733276367188 80.6172561645508 -3.4e+38 79.9775085449219 79.6943817138672 79.2625045776367 78.9198150634766 78.7051467895508 78.4104385375977 78.1433639526367 77.8848419189453 77.404182434082 77.203010559082 77.1333770751953 77.0927658081055
69.295295715332 69.2898712158203 69.4779586791992 69.5044174194336 69.8391265869141 70.2372283935547 70.8526611328125 71.5410995483398 71.5944519042969 71.7195281982422 72.1841201782227 72.8056869506836 73.3869323730469 73.6074905395508 73.8727874755859 74.0848617553711 75.0881652832031 75.6645584106445 75.9961776733398 76.4213104248047 76.9830856323242 77.6433563232422 78.7719879150391 78.9341506958008 79.3297653198242 79.7724227905273 80.2449035644531 80.8268127441406 80.986083984375 81.2735366821289 81.2430648803711 81.1148986816406 81.1923217773438 80.6164474487305 80.1054077148438 80.1435623168945 -3.4e+38 79.9208374023438 79.6033020019531 79.3388748168945 78.9819259643555 78.8372039794922 78.5615310668945 78.2295227050781 77.8406372070312 77.4814758300781 77.2830505371094 77.0695266723633 76.9131546020508
68.0173416137695 68.3993835449219 68.9945068359375 69.2714920043945 69.5259780883789 69.4412460327148 69.8202972412109 70.5694885253906 71.3754501342773 71.4008026123047 71.7554779052734 71.7480163574219 72.1238250732422 72.6591339111328 73.3780670166016 73.5917434692383 73.9825210571289 74.5824508666992 74.7734146118164 75.5076522827148 76.2120208740234 76.4805450439453 77.6648406982422 78.4471969604492 78.6164245605469 78.5697174072266 79.1435317993164 79.7405853271484 79.7058563232422 80.2357025146484 80.8480606079102 80.9475250244141 80.8752670288086 79.9422912597656 79.4195861816406 79.4976806640625 79.6235733032227 79.1892471313477 78.8483428955078 78.56787109375 78.5391159057617 78.8995819091797 78.6432495117188 78.1819458007812 77.7660980224609 77.3850326538086 77.3772277832031 77.1006088256836 76.8532409667969
66.9656524658203 67.4235992431641 68.1122970581055 68.9108200073242 69.0628509521484 69.2156600952148 69.2310409545898 69.51171875 70.1110610961914 70.5630493164062 71.2209854125977 71.1708984375 71.2251281738281 71.4635391235352 72.3059921264648 73.0764923095703 73.3367614746094 -3.4e+38 73.7711639404297 74.7267761230469 75.7274475097656 75.9947967529297 76.3918380737305 77.1765518188477 77.6913681030273 78.2956848144531 78.4505004882812 78.6975860595703 78.7853698730469 79.0278854370117 79.4598999023438 79.6239852905273 79.8671112060547 80.0271835327148 79.4847183227539 79.3108596801758 79.0446929931641 78.6827545166016 78.4462127685547 77.9964141845703 77.8844757080078 78.1475296020508 77.761116027832 77.2686767578125 77.0820007324219 76.6613616943359 77.0040588378906 77.2625732421875 76.9513397216797
66.8189392089844 66.9834823608398 67.2104721069336 67.8898620605469 68.0748291015625 68.8933258056641 68.9209365844727 69.0590133666992 69.0725936889648 69.6164169311523 69.9763641357422 70.8393325805664 70.9841537475586 70.9213256835938 -3.4e+38 -3.4e+38 72.5271301269531 -3.4e+38 73.4425888061523 73.887809753418 74.4685516357422 75.0698776245117 75.7072448730469 75.9895858764648 76.4174423217773 77.09619140625 77.5938034057617 78.1194839477539 78.2738723754883 78.358024597168 78.4542236328125 78.5365219116211 78.7450103759766 79.1961517333984 79.1761093139648 79.3758773803711 78.9864730834961 78.5645599365234 78.4785079956055 78.0554504394531 77.7207412719727 77.4511795043945 77.0343170166016 76.7072067260742 76.5576324462891 76.0634918212891 76.2410583496094 76.3254165649414 76.1857452392578
66.2436218261719 66.3747177124023 66.5482406616211 66.5958023071289 66.5694351196289 66.7135162353516 67.091064453125 67.9550018310547 68.6979827880859 68.6355743408203 68.6629028320312 68.8156127929688 69.0592346191406 69.8783493041992 -3.4e+38 -3.4e+38 70.8121643066406 71.3598175048828 71.8246383666992 72.4240646362305 72.9928283691406 73.3305969238281 73.8245697021484 74.5015182495117 74.9183883666992 75.7121505737305 75.7637710571289 75.9212341308594 76.4294128417969 76.8140106201172 76.6987838745117 77.1587066650391 77.9409866333008 78.0405654907227 77.9186553955078 77.9260330200195 77.6512451171875 77.3815383911133 77.6420440673828 77.2600631713867 76.76416015625 76.9322280883789 77.1802444458008 76.8585662841797 76.7139511108398 76.1410369873047 76.0199356079102 75.9237213134766 75.7103652954102
65.2439575195312 65.3998489379883 66.1957778930664 66.2016220092773 66.32373046875 66.3144760131836 66.6439437866211 66.6854934692383 67.2541732788086 67.3895874023438 67.7121505737305 68.2986145019531 68.4834518432617 -3.4e+38 -3.4e+38 -3.4e+38 70.5336837768555 70.7599411010742 70.9079437255859 71.346794128418 71.9201507568359 72.4142837524414 73.1427307128906 73.3794097900391 73.7630920410156 74.5248718261719 -3.4e+38 75.4522705078125 75.6951141357422 75.7810668945312 75.8795394897461 76.1896438598633 76.6751174926758 77.6489486694336 77.7703475952148 77.8416366577148 77.642951965332 77.2168350219727 77.0576171875 76.7186889648438 76.2017974853516 76.2884216308594 76.442024230957 76.1043472290039 76.2870330810547 76.2307891845703 76.0959854125977 75.9799880981445 75.7307586669922
64.4044799804688 64.584587097168 65.1674346923828 65.0981674194336 65.4405517578125 66.0331726074219 66.1235885620117 66.1198883056641 66.1398849487305 66.3090057373047 66.5629653930664 67.9223327636719 68.1505584716797 -3.4e+38 -3.4e+38 -3.4e+38 69.4993362426758 69.8904876708984 70.6447677612305 70.7843704223633 71.021858215332 71.2695159912109 72.8696746826172 73.0236434936523 73.2722854614258 73.4237213134766 73.8889007568359 74.3893508911133 74.7365493774414 75.3121185302734 75.485221862793 75.7235870361328 75.6583786010742 76.3852920532227 76.4631271362305 76.9790649414062 77.6028137207031 77.268913269043 77.1287078857422 76.7531051635742 76.262565612793 76.1293563842773 75.8685073852539 75.549690246582 75.6484985351562 75.586181640625 75.3605346679688 75.5466690063477 75.827392578125
64.1523818969727 64.170280456543 64.3947448730469 64.1413040161133 64.3605880737305 65.0163116455078 65.1516799926758 65.8402099609375 65.8867111206055 66.1228485107422 66.0767669677734 66.9966278076172 67.4690475463867 -3.4e+38 -3.4e+38 68.2561340332031 68.4315948486328 68.8261871337891 69.7351455688477 70.4974136352539 70.6274948120117 70.7893829345703 71.9076232910156 72.2158203125 72.8743515014648 73.1492919921875 73.2025909423828 73.3619613647461 73.8677597045898 74.2507476806641 74.5080337524414 75.2823257446289 75.3921356201172 -3.4e+38 75.3900375366211 75.822135925293 76.470832824707 76.461784362793 76.6752777099609 76.848876953125 76.3381118774414 76.1910781860352 76.0131912231445 75.7238464355469 75.4938888549805 75.1220245361328 74.7997436523438 74.9303970336914 75.0777893066406
63.9995155334473 63.8153266906738 63.9364585876465 63.9784851074219 63.9054222106934 64.1598510742188 64.3571319580078 64.8987655639648 65.0308380126953 65.7553482055664 65.7836532592773 66.1167297363281 66.4236450195312 66.9950561523438 67.1698226928711 67.9130325317383 68.0423126220703 68.2728576660156 68.7115859985352 69.461181640625 69.6532211303711 70.3937225341797 70.8837280273438 71.2650985717773 71.6312561035156 72.2430191040039 72.9270477294922 72.8944931030273 73.2526321411133 73.4384460449219 73.5495758056641 74.0306854248047 74.3770599365234 75.2999420166016 75.2134323120117 75.3223876953125 75.4222717285156 75.4647521972656 75.7780456542969 76.2526321411133 76.1841812133789 76.2676086425781 76.1258697509766 75.8893966674805 75.5627746582031 75.082389831543 74.7065887451172 74.7658920288086 74.6055068969727
63.8839683532715 63.5785865783691 63.4946212768555 63.7418899536133 63.7378730773926 63.939380645752 63.9316253662109 63.9252853393555 64.1477890014648 64.6718368530273 65.0333099365234 65.8767395019531 65.8883972167969 66.213020324707 66.3383636474609 67.2301406860352 67.7639541625977 67.8835678100586 68.1689529418945 68.3381652832031 68.7155151367188 69.271858215332 70.4185256958008 70.6557235717773 70.7329940795898 71.043815612793 71.650276184082 72.1141967773438 72.7273025512695 72.9379043579102 73.1468353271484 -3.4e+38 73.2520370483398 74.4066848754883 -3.4e+38 75.1461181640625 75.1526641845703 75.0812759399414 75.2437438964844 75.4815063476562 75.6101608276367 75.5268096923828 75.4015655517578 75.450553894043 75.6465835571289 75.1978530883789 74.7104644775391 74.6743392944336 74.7386779785156
62.6268272399902 62.5948181152344 62.8102684020996 63.5257797241211 63.5087394714355 63.5839347839355 63.7148551940918 63.6081314086914 63.7632331848145 63.8037643432617 64.2258529663086 65.7184906005859 65.5726852416992 65.7244873046875 65.8679962158203 66.1813735961914 66.7468414306641 67.026008605957 67.9158477783203 68.0071258544922 68.3293609619141 68.3628311157227 69.6414566040039 70.2994613647461 70.5498504638672 70.511116027832 70.586784362793 71.2564468383789 71.6349029541016 71.8834838867188 -3.4e+38 72.9486923217773 72.8504943847656 73.2608947753906 73.8645782470703 -3.4e+38 75.0375213623047 75.0139541625977 75.033317565918 75.1964340209961 75.190559387207 74.9136123657227 74.8359832763672 74.9012756347656 75.015251159668 75.3097305297852 74.8922958374023 74.7947006225586 74.8356323242188
61.5979499816895 61.7833976745605 62.0891799926758 62.9910430908203 63.3463935852051 63.4298439025879 63.6873435974121 63.4682121276855 63.5797843933105 63.4679222106934 63.6634826660156 64.4820175170898 64.7765808105469 65.2962646484375 65.6173324584961 65.6367263793945 65.96044921875 66.1910552978516 66.9736557006836 67.1982116699219 67.9363479614258 68.0957336425781 68.7922134399414 69.2444686889648 69.6529006958008 70.3274383544922 70.2925415039062 70.6470565795898 70.8316116333008 70.9371109008789 -3.4e+38 72.5557327270508 72.67041015625 72.7666625976562 72.7781677246094 73.4019012451172 74.1280288696289 74.4257354736328 74.8612365722656 74.9924240112305 75.017448425293 74.9085311889648 74.8677215576172 74.6720581054688 74.3683166503906 74.6667175292969 74.5633850097656 74.8458023071289 74.9153823852539
61.4835357666016 61.6174278259277 61.564323425293 61.972297668457 62.7392997741699 63.4225845336914 63.6365509033203 63.2255096435547 63.2149620056152 63.1882286071777 63.2274360656738 63.4510459899902 63.9625473022461 64.3845367431641 64.9462814331055 65.3631286621094 65.5748596191406 65.7107162475586 65.9277648925781 66.1879348754883 67.0822830200195 67.914909362793 68.1893081665039 68.3568572998047 68.5231628417969 69.4336929321289 70.0183715820312 70.1810531616211 70.4390487670898 70.5399780273438 70.8424377441406 71.4945907592773 72.0988998413086 72.6476440429688 72.6137161254883 72.8351516723633 73.3320541381836 73.5731201171875 73.9072494506836 74.3252563476562 74.8490295410156 74.8012847900391 74.88134765625 74.7419509887695 74.3668975830078 74.2006988525391 74.1941833496094 74.1474380493164 74.0126419067383
61.2565765380859 61.459358215332 61.2337112426758 61.3914642333984 62.1921577453613 63.3334121704102 63.3728103637695 62.2603607177734 62.1503829956055 62.4934043884277 62.9885559082031 63.2956199645996 63.6078834533691 63.5108489990234 63.9124908447266 64.6076354980469 65.2280426025391 65.4519653320312 -3.4e+38 65.8094253540039 66.139289855957 66.7720565795898 67.8348159790039 68.1755218505859 68.0425567626953 68.471794128418 69.1843490600586 69.4126739501953 70.0856475830078 70.3589019775391 70.4454574584961 70.6288375854492 71.1239547729492 72.0227355957031 72.5212936401367 72.5421905517578 72.9490966796875 73.1766586303711 73.116569519043 73.4764251708984 73.958984375 74.2446441650391 74.7814865112305 74.7654495239258 74.4355621337891 74.1049957275391 74.0589981079102 73.6819152832031 73.5090637207031
60.9513320922852 61.1131019592285 61.1103591918945 61.2159652709961 61.6741561889648 62.1405601501465 62.0777778625488 61.5190010070801 61.4061965942383 61.7024383544922 62.1002502441406 63.0357818603516 63.2316017150879 63.2652359008789 63.3755111694336 63.7897415161133 64.3155975341797 64.7822723388672 65.2988128662109 65.4206466674805 -3.4e+38 65.810920715332 67.0504150390625 67.781120300293 -3.4e+38 68.0142364501953 68.2646942138672 68.5697860717773 69.3544540405273 70.0707550048828 70.2646255493164 70.3572311401367 70.4436492919922 -3.4e+38 71.8529357910156 72.2722244262695 72.4887847900391 72.8547744750977 73.0524597167969 73.0825958251953 73.2213516235352 73.48291015625 73.8332138061523 74.1998443603516 74.5060043334961 74.1071243286133 73.9904327392578 73.7779388427734 73.5659484863281
60.0196647644043 60.3001899719238 60.9370460510254 60.8395614624023 61.055061340332 61.2257843017578 61.0345802307129 61.221752166748 61.1564865112305 61.3673477172852 61.2493858337402 62.06103515625 62.398021697998 63.1028060913086 63.2112464904785 63.4258079528809 63.5422859191895 63.9625244140625 64.5441055297852 65.0700912475586 65.4941558837891 -3.4e+38 66.1282806396484 66.683349609375 67.1892242431641 67.7424392700195 67.9123687744141 68.1782989501953 68.4683380126953 69.0519561767578 69.5948257446289 70.176887512207 70.1727294921875 -3.4e+38 71.010627746582 71.3337249755859 71.7309494018555 72.5620727539062 72.966064453125 72.915283203125 73.0562515258789 73.1529083251953 73.1573791503906 73.4341659545898 74.141471862793 74.1798324584961 74.0822067260742 73.9209213256836 73.7949523925781
59.1091537475586 59.0007972717285 59.2207221984863 59.0475044250488 59.3595924377441 60.2085990905762 59.9936866760254 60.087947845459 60.10302734375 60.6769905090332 60.7783966064453 61.0626182556152 61.057014465332 -3.4e+38 61.8582725524902 62.3883056640625 63.013988494873 63.0351638793945 63.3544883728027 63.3865356445312 64.0081939697266 64.5957641601562 65.565185546875 65.6110382080078 65.7624282836914 66.2439193725586 66.9537582397461 67.6057586669922 67.8966598510742 67.8816452026367 67.9879302978516 68.6761474609375 69.0675430297852 -3.4e+38 70.5482940673828 70.5651016235352 70.5031204223633 70.8529205322266 71.4252090454102 71.9869003295898 72.7241363525391 72.8736343383789 72.9788589477539 72.9921569824219 73.0480728149414 73.2736434936523 73.755615234375 74.1417388916016 73.9412002563477
58.8838882446289 58.8426933288574 59.0107650756836 58.8829879760742 58.872501373291 59.2905883789062 59.218994140625 59.2527885437012 59.2804145812988 59.7037506103516 60.1385078430176 60.9078636169434 60.7975463867188 60.9873962402344 61.0169448852539 61.4111022949219 62.3592338562012 62.863842010498 63.1822395324707 63.1081161499023 63.4225120544434 63.7780532836914 64.9038925170898 65.3427352905273 65.4117889404297 65.8594207763672 66.037239074707 66.5188827514648 67.2353820800781 67.7021636962891 67.6975936889648 68.0776519775391 -3.4e+38 -3.4e+38 70.1637573242188 70.4502182006836 70.4366149902344 70.4648818969727 70.6007461547852 71.0711135864258 72.0732269287109 72.709098815918 72.8648300170898 72.9153747558594 72.8914184570312 73.0319061279297 73.0415191650391 73.2622909545898 73.5927276611328
58.6310195922852 58.5150375366211 58.6631851196289 58.7565307617188 58.6559982299805 58.9160919189453 58.8371772766113 58.8089141845703 58.9139556884766 58.8845138549805 59.3614387512207 60.2671890258789 60.5555877685547 60.6514663696289 60.8560104370117 61.053897857666 61.5579414367676 61.9740867614746 62.5289421081543 62.8479156494141 63.0747337341309 63.4034805297852 64.0873870849609 64.6844711303711 65.2322387695312 65.6805114746094 65.6533279418945 65.7422180175781 66.4118347167969 67.0995025634766 67.5308609008789 67.7307586669922 68.2139129638672 -3.4e+38 -3.4e+38 70.3231506347656 70.348991394043 70.296630859375 70.4347305297852 70.5665588378906 71.0356674194336 72.0615081787109 72.7022705078125 72.7556915283203 72.7344589233398 -3.4e+38 -3.4e+38 -3.4e+38 72.8736877441406
