rcp8.5models/MPI_ESM_LR/sc1gr9.10
NCOLS 261 
NROWS 433 
XLLCORNER 336357.134 
YLLCORNER 654653.479 
CELLSIZE 1000 
NODATA_value -3.4e+38 
[rows 176 to 197 of 433, columns 147 to 195 of 261]
148.349365234375 135.955078125 121.861061096191 136.222900390625 108.3232421875 96.5359420776367 122.870391845703 121.922027587891 88.5260467529297 102.227378845215 118.378105163574 102.148963928223 91.0724945068359 91.8528442382812 92.4974517822266 92.9826507568359 93.7522964477539 93.79443359375 94.5191268920898 95.3693389892578 96.2944183349609 97.1357040405273 97.8200149536133 98.4946060180664 99.4018402099609 100.589042663574 100.605361938477 100.686370849609 101.402961730957 102.15811920166 102.742721557617 103.477973937988 104.404457092285 104.500381469727 105.138984680176 106.63850402832 107.095977783203 107.031295776367 107.223861694336 107.355125427246 107.787498474121 108.787330627441 109.321723937988 109.703453063965 110.1298828125 110.350952148438 110.37020111084 -3.4e+38 110.671699523926
148.055877685547 137.477447509766 115.605278015137 121.235969543457 134.297088623047 114.318626403809 110.028289794922 103.063293457031 88.4203948974609 94.6710357666016 102.315216064453 89.6128540039062 90.4199676513672 91.1242370605469 91.9702301025391 92.8720474243164 93.6409301757812 93.5106582641602 93.953742980957 94.8396835327148 95.7641296386719 97.0755767822266 97.3570175170898 98.2588500976562 98.6227645874023 99.6348190307617 100.555519104004 100.520935058594 100.938400268555 101.855140686035 102.060928344727 102.939811706543 104.277984619141 104.486015319824 104.826995849609 105.94799041748 106.325012207031 106.489730834961 107.093635559082 107.289260864258 107.851036071777 108.609817504883 108.673133850098 109.071624755859 109.699989318848 110.286468505859 110.439376831055 110.46110534668 110.540191650391
148.418670654297 135.999557495117 113.087219238281 125.091773986816 140.894104003906 122.923149108887 -3.4e+38 86.8723831176758 87.7646179199219 88.4217376708984 89.0622177124023 89.5047378540039 90.146842956543 90.5055847167969 91.3149185180664 92.3439331054688 93.5286636352539 93.3982925415039 93.8289947509766 94.5321426391602 95.0992431640625 96.5441131591797 97.2390823364258 98.139778137207 98.1497268676758 98.6161956787109 100.078575134277 100.509727478027 100.81502532959 101.730804443359 101.82950592041 102.393325805664 103.738708496094 104.433731079102 104.836853027344 105.634178161621 105.756088256836 105.937934875488 106.551261901855 107.157928466797 107.78337097168 108.591369628906 108.541030883789 108.74974822998 109.08504486084 110.153610229492 -3.4e+38 110.443389892578 110.408210754395
149.119064331055 138.926666259766 127.234527587891 144.183975219727 131.692108154297 111.427185058594 105.388427734375 94.6211700439453 113.423500061035 105.473747253418 88.6651382446289 89.3956985473633 90.0375213623047 90.3956604003906 91.0383148193359 91.6863250732422 98.3908004760742 104.278457641602 93.6607666015625 94.3085632324219 94.8123550415039 95.8768844604492 97.1202087402344 98.0197677612305 98.0292587280273 98.3190765380859 99.401969909668 100.04483795166 100.826080322266 101.605560302734 101.763389587402 102.197906494141 103.053367614746 104.365913391113 104.590751647949 105.087295532227 105.688285827637 105.735046386719 105.858131408691 106.614768981934 107.650024414062 108.53938293457 108.550399780273 108.61678314209 108.828643798828 109.608688354492 110.241004943848 110.396903991699 110.421630859375
149.644866943359 148.279846191406 136.917526245117 121.783676147461 133.754241943359 113.435409545898 101.777503967285 101.463203430176 126.683532714844 101.70401763916 87.9936370849609 88.8688354492188 89.9272232055664 90.2847747802734 90.9271469116211 91.4068832397461 96.7872619628906 101.620338439941 93.1966018676758 94.3244476318359 94.6958541870117 95.5871353149414 96.5875473022461 97.8987731933594 97.9767456054688 98.3307418823242 99.1022415161133 99.4246292114258 100.399673461914 101.479377746582 101.636421203613 102.143264770508 102.880973815918 103.824577331543 104.578674316406 105.173431396484 105.556663513184 105.681381225586 105.680908203125 105.920463562012 107.105110168457 108.470031738281 108.530235290527 108.483154296875 108.694892883301 109.053009033203 109.695571899414 110.33088684082 110.489616394043
149.676452636719 148.534713745117 139.003631591797 125.565437316895 132.501098632812 111.518440246582 105.618858337402 92.8235549926758 101.635871887207 86.9790191650391 87.6172866821289 88.2164535522461 96.3055572509766 104.570938110352 90.8149719238281 91.2936248779297 92.0582809448242 91.9265365600586 92.5876693725586 93.9025955200195 94.5783309936523 95.4684143066406 95.9169387817383 97.1537246704102 97.4988555908203 98.3172149658203 98.9781646728516 99.1224746704102 99.7900466918945 101.07600402832 101.508483886719 102.073905944824 102.936614990234 103.135932922363 104.282432556152 105.490989685059 105.424194335938 105.611503601074 105.739387512207 105.741958618164 106.640342712402 108.334983825684 108.476593017578 108.490875244141 108.560485839844 108.843170166016 108.995330810547 109.784950256348 110.423324584961
149.027709960938 148.301193237305 148.491012573242 144.241516113281 125.070137023926 101.938018798828 130.858489990234 104.899742126465 94.6519393920898 104.269271850586 87.5080490112305 87.9417572021484 94.453369140625 101.544410705566 90.7017593383789 91.1793365478516 97.5832824707031 103.313468933105 92.301887512207 93.2377777099609 94.0473403930664 95.3486328125 95.7543411254883 -3.4e+38 97.2512588500977 98.6108627319336 98.8530349731445 99.2147445678711 99.9607238769531 100.575439453125 101.103881835938 101.94361114502 102.865699768066 102.823013305664 103.591438293457 105.023063659668 105.428916931152 105.477783203125 105.668556213379 105.721252441406 106.273933410645 107.788841247559 108.405570983887 108.469078063965 108.425399780273 108.792266845703 108.81494140625 109.325393676758 110.288330078125
148.245468139648 148.492111206055 -3.4e+38 144.128723144531 134.32341003418 113.568885803223 108.577301025391 100.98983001709 101.449829101562 -3.4e+38 87.3977279663086 87.8298187255859 88.4693069458008 88.9893798828125 89.9733963012695 90.6507186889648 102.158744812012 118.244575500488 103.299674987793 92.9494781494141 93.3808746337891 94.8161773681641 95.807487487793 96.5261383056641 97.0928573608398 98.4877014160156 98.9285278320312 99.399787902832 100.175247192383 100.326530456543 100.530158996582 101.402359008789 102.733604431152 103.052307128906 103.691444396973 104.392166137695 104.996604919434 105.34317779541 105.533653259277 105.896987915039 106.586944580078 107.231452941895 107.858695983887 108.413841247559 108.431587219238 108.722961425781 108.877990722656 109.09349822998 109.74153137207
147.769790649414 147.100891113281 147.083618164062 143.744918823242 142.220413208008 132.143173217773 113.248985290527 -3.4e+38 -3.4e+38 100.833518981934 87.2862930297852 87.5905151367188 95.5136489868164 103.617866516113 89.3501052856445 89.991325378418 95.9908142089844 105.898567199707 101.70027923584 92.8945999145508 93.2197113037109 94.1471633911133 96.1579360961914 96.5101013183594 96.7928619384766 97.8664016723633 98.5567932128906 99.4496307373047 100.178520202637 100.196090698242 100.512413024902 101.266159057617 102.19100189209 103.286956787109 104.032203674316 104.074729919434 104.603660583496 105.345474243164 105.397880554199 106.010833740234 106.96142578125 107.021591186523 107.160057067871 107.931190490723 108.489555358887 108.586570739746 108.808326721191 109.210067749023 109.60285949707
147.222702026367 146.183212280273 144.447158813477 134.650451660156 122.461097717285 129.361557006836 116.822006225586 -3.4e+38 -3.4e+38 118.10718536377 92.4407577514648 87.6278228759766 94.0890960693359 107.714996337891 103.243057250977 89.5903015136719 90.4121017456055 96.5712585449219 109.20093536377 103.999794006348 93.5673904418945 93.8590240478516 95.8430480957031 96.5915222167969 97.2614212036133 97.5652313232422 97.7868576049805 98.9128112792969 100.024055480957 99.9317626953125 100.4853515625 101.401512145996 101.612525939941 103.488967895508 104.00464630127 104.049438476562 103.984313964844 104.57829284668 105.864631652832 106.623550415039 106.684410095215 106.824005126953 106.838417053223 107.093406677246 107.867683410645 108.888793945312 109.525253295898 109.941009521484 110.104667663574
147.224319458008 145.900787353516 143.968048095703 142.600128173828 140.642013549805 131.024017333984 120.367462158203 -3.4e+38 -3.4e+38 99.9652633666992 85.7243576049805 86.97314453125 87.8017654418945 101.125411987305 114.752059936523 89.8949661254883 90.3439483642578 95.4325180053711 111.379653930664 113.301582336426 93.8455047607422 98.7985534667969 95.1679534912109 96.2300262451172 97.5326232910156 97.5427474975586 97.8337783813477 98.9114532470703 99.5507507324219 100.147804260254 100.765182495117 101.265464782715 101.297210693359 103.690559387207 103.865898132324 103.984893798828 103.982307434082 104.44214630127 105.791915893555 106.595527648926 106.544540405273 106.747505187988 106.890769958496 106.908592224121 107.399406433105 109.420524597168 109.913200378418 109.945083618164 110.032485961914
146.889709472656 144.978958129883 143.345397949219 141.733505249023 140.251327514648 138.752899169922 137.335479736328 -3.4e+38 -3.4e+38 85.2866668701172 85.6096572875977 86.6933364868164 87.314567565918 94.161003112793 100.747344970703 90.127082824707 90.4292373657227 91.0090179443359 101.502235412598 118.130882263184 104.362022399902 102.806083679199 94.8671112060547 95.7600936889648 97.4005889892578 97.6244125366211 98.1168365478516 98.6016464233398 99.1348114013672 100.300720214844 100.971015930176 101.128196716309 101.451400756836 103.27734375 103.726013183594 103.905372619629 104.25366973877 104.854766845703 105.65502166748 106.530517578125 106.541816711426 106.606712341309 106.81364440918 106.960639953613 107.402809143066 109.611518859863 109.837768554688 109.918853759766 109.892906188965
147.529830932617 144.673431396484 -3.4e+38 141.148025512695 139.694320678711 138.056228637695 136.891418457031 -3.4e+38 -3.4e+38 93.6903381347656 110.839584350586 86.5759735107422 87.0317230224609 87.9510192871094 95.2159576416016 103.365020751953 90.478645324707 97.0212860107422 107.656593322754 105.886077880859 102.052551269531 97.9972305297852 95.0765228271484 95.8378143310547 96.859619140625 97.7345809936523 98.4570922851562 98.4663696289062 99.001953125 100.23908996582 100.964637756348 100.98966217041 101.551956176758 102.91162109375 103.584976196289 103.987892150879 104.770156860352 105.162063598633 105.288566589355 106.041702270508 106.58837890625 106.603355407715 106.903694152832 107.530586242676 107.871315002441 109.469360351562 109.695915222168 109.860298156738 109.896141052246
148.392166137695 146.314697265625 143.885726928711 140.89680480957 139.144546508789 137.496643066406 136.394073486328 -3.4e+38 -3.4e+38 109.943336486816 114.493675231934 93.9082717895508 102.470077514648 87.9295196533203 100.728897094727 114.418472290039 96.2781982421875 113.817665100098 118.325180053711 108.456253051758 108.52619934082 108.919700622559 95.2917251586914 96.0070266723633 96.5985870361328 98.0696029663086 98.4953002929688 98.6742095947266 99.281623840332 100.162727355957 -3.4e+38 101.269691467285 101.956802368164 102.623168945312 103.391700744629 104.441390991211 104.965118408203 105.093086242676 105.099517822266 105.565841674805 106.506881713867 106.879234313965 107.500244140625 107.909477233887 108.1259765625 109.467666625977 109.553314208984 109.783737182617 109.869003295898
148.615936279297 146.556777954102 143.76789855957 140.932739257812 139.208694458008 137.491790771484 136.384231567383 135.041366577148 133.570907592773 125.825736999512 116.94896697998 100.02375793457 115.361167907715 88.0279159545898 94.3801803588867 106.863342285156 114.080261230469 123.834594726562 122.76831817627 121.907829284668 121.629013061523 116.585601806641 95.6281280517578 95.9787826538086 96.4317855834961 97.8711853027344 98.4124298095703 98.8885040283203 99.6157760620117 99.809455871582 100.729064941406 101.887718200684 102.264785766602 102.580230712891 103.690216064453 -3.4e+38 104.820274353027 105.009033203125 105.141189575195 105.560760498047 106.595748901367 107.396072387695 107.880165100098 107.904022216797 107.981788635254 109.108039855957 109.551612854004 109.64079284668 109.809471130371
150.060546875 146.961196899414 143.689849853516 141.443969726562 139.505096435547 137.47200012207 136.705978393555 135.899536132812 133.847961425781 132.624099731445 131.408538818359 100.228103637695 115.652206420898 87.9039154052734 88.7159194946289 100.439697265625 124.436721801758 123.951690673828 117.710395812988 111.085388183594 121.54174041748 112.48755645752 100.124214172363 104.587554931641 96.6638641357422 97.3934478759766 98.4854354858398 99.2171173095703 99.6494216918945 99.8368225097656 100.841445922852 102.085334777832 102.189949035645 103.162017822266 103.942977905273 104.806289672852 104.881446838379 104.997924804688 105.281257629395 106.01636505127 106.851409912109 107.722663879395 107.796226501465 107.948417663574 108.054397583008 108.698631286621 109.520706176758 109.497108459473 109.731895446777
150.888031005859 148.155303955078 144.128768920898 141.732437133789 139.647491455078 137.983932495117 137.327728271484 136.704452514648 134.291458129883 132.720321655273 131.647079467773 116.387344360352 116.077926635742 95.0920028686523 103.086463928223 100.926635742188 118.767028808594 112.311408996582 113.65412902832 102.40397644043 116.517181396484 102.51188659668 99.4924392700195 103.702987670898 97.0421524047852 97.6576309204102 99.0625534057617 99.4186935424805 99.7760620117188 100.460311889648 101.168998718262 101.939117431641 102.318946838379 103.53556060791 103.927764892578 104.717544555664 105.125984191895 105.596672058105 105.729751586914 106.266738891602 106.87574005127 107.76212310791 107.786346435547 107.864013671875 108.083534240723 108.552299499512 109.455574035645 109.575401306152 109.730590820312
153.133422851562 147.347900390625 144.32160949707 142.359451293945 140.12043762207 138.562271118164 137.955825805664 137.010818481445 135.007965087891 132.830368041992 131.948181152344 129.701263427734 123.23705291748 115.796722412109 115.080810546875 95.0442352294922 101.182334899902 96.4376754760742 107.71435546875 108.632705688477 107.064155578613 104.406318664551 96.0729827880859 96.8305435180664 97.1654357910156 98.2661285400391 99.4356536865234 99.6146240234375 100.22135925293 100.713569641113 100.985877990723 101.801055908203 102.893249511719 103.444648742676 103.742149353027 104.515853881836 105.570190429688 106.041297912598 106.053085327148 106.117378234863 106.725601196289 107.674011230469 107.825592041016 108.082939147949 108.579452514648 109.192306518555 110.021903991699 110.258094787598 110.432945251465
154.577117919922 147.128173828125 144.649749755859 142.260177612305 140.000549316406 138.723419189453 138.771209716797 138.484634399414 135.781967163086 133.264678955078 132.348098754883 129.480453491211 128.854187011719 121.441688537598 101.141006469727 89.8210830688477 90.5024185180664 97.2233047485352 114.61474609375 118.977653503418 113.246078491211 117.525550842285 100.763626098633 109.512649536133 105.643928527832 98.259635925293 99.1509552001953 100.230224609375 100.612014770508 100.693473815918 100.932312011719 102.070434570312 103.261535644531 103.51203918457 104.101638793945 104.803649902344 105.890548706055 105.949325561523 106.085861206055 106.17586517334 106.935218811035 108.16136932373 108.376792907715 108.719802856445 109.08918762207 109.755592346191 110.534957885742 110.630981445312 110.871353149414
151.86946105957 147.752807617188 145.407012939453 142.064849853516 139.786956787109 139.121109008789 139.302230834961 139.510314941406 135.828903198242 133.825546264648 132.881607055664 129.266250610352 128.563354492188 115.868499755859 89.7810974121094 90.3996353149414 90.9248504638672 102.47240447998 124.624992370605 123.477607727051 122.450096130371 121.787231445312 109.404975891113 112.111846923828 116.607452392578 106.14608001709 99.3797302246094 100.480010986328 100.83659362793 101.342041015625 101.500198364258 102.260467529297 103.165596008301 104.151435852051 104.601493835449 105.048149108887 105.918212890625 106.001792907715 106.349540710449 106.829582214355 107.562622070312 108.665321350098 108.744911193848 108.96509552002 109.127067565918 109.667938232422 110.577331542969 110.623161315918 -3.4e+38
149.906173706055 146.31379699707 143.920028686523 141.663558959961 -3.4e+38 139.420303344727 139.784439086914 139.349014282227 134.736892700195 133.883544921875 132.277893066406 129.731430053711 128.970565795898 128.681823730469 127.920974731445 115.627548217773 91.921875 103.005615234375 125.214485168457 124.406311035156 119.317916870117 109.845840454102 105.355003356934 98.2362823486328 98.8447799682617 105.938110351562 116.245910644531 107.697135925293 101.653686523438 101.949806213379 102.387893676758 103.112838745117 104.305503845215 104.562034606934 105.153266906738 105.674598693848 106.607131958008 107.010223388672 107.210945129395 107.356567382812 -3.4e+38 108.736175537109 108.819496154785 108.981262207031 109.020225524902 109.692604064941 110.477401733398 110.514686584473 110.645286560059
150.201187133789 146.736724853516 143.895782470703 -3.4e+38 -3.4e+38 -3.4e+38 139.22151184082 137.469390869141 134.007598876953 133.278945922852 132.321426391602 130.180801391602 129.234619140625 128.609161376953 127.94847869873 115.65746307373 92.1027145385742 97.8093109130859 114.002662658691 124.571044921875 123.90364074707 119.26619720459 102.941215515137 107.442123413086 99.4029998779297 103.005340576172 112.732986450195 116.899147033691 108.18579864502 102.551460266113 102.944221496582 103.423583984375 104.416046142578 109.156524658203 105.644470214844 -3.4e+38 106.966361999512 107.054313659668 -3.4e+38 107.889305114746 108.500968933105 -3.4e+38 109.508033752441 109.65975189209 109.691062927246 110.241966247559 111.080017089844 111.070610046387 111.31795501709
