rcp8.5models/MPI_ESM_LR/sc1gr6.29
NCOLS 261 
NROWS 433 
XLLCORNER 336357.134 
YLLCORNER 654653.479 
CELLSIZE 1000 
NODATA_value -3.4e+38 
[rows 374 to 395 of 433, columns 196 to 244 of 261]
2055.03881835938 2061.32641601562 2065.4892578125 2065.87890625 2067.69506835938 2067.23168945312 2076.3115234375 2084.72241210938 2085.8662109375 2084.5986328125 2088.62573242188 2088.88134765625 2090.61450195312 2094.13745117188 2098.9580078125 2102.9150390625 2113.10913085938 2120.5595703125 2123.01049804688 2125.67553710938 2128.47436523438 2139.89770507812 2141.85180664062 2143.94848632812 2142.08349609375 2149.09692382812 2154.23950195312 2153.58984375 2159.44287109375 2159.44848632812 2161.4111328125 2163.07373046875 2167.66088867188 2173.29956054688 2178.154296875 2184.603515625 2185.51440429688 2191.94213867188 2194.0986328125 2207.8837890625 -3.4e+38 -3.4e+38 -3.4e+38 -3.4e+38 -3.4e+38 -3.4e+38 -3.4e+38 -3.4e+38 -3.4e+38
2043.43041992188 2047.55847167969 2051.203125 2054.77661132812 2057.0302734375 2057.759765625 2065.59643554688 2074.2470703125 2075.90747070312 2079.10327148438 2081.33325195312 2081.5439453125 2082.3173828125 2085.73120117188 2092.14086914062 2098.02490234375 2102.17919921875 2111.80786132812 2111.89697265625 2117.80688476562 2119.60034179688 2129.9609375 2131.45556640625 2133.02490234375 2132.08081054688 2141.17626953125 2150.00512695312 2153.44482421875 2157.52075195312 2157.69287109375 2160.05346679688 2159.97583007812 2161.55517578125 2165.01123046875 2171.64086914062 2177.7744140625 2181.53686523438 2184.58984375 -3.4e+38 -3.4e+38 -3.4e+38 -3.4e+38 -3.4e+38 -3.4e+38 -3.4e+38 -3.4e+38 -3.4e+38 -3.4e+38 -3.4e+38
2033.40759277344 2036.40087890625 2040.8173828125 2043.50036621094 2047.81274414062 2049.33227539062 2055.318359375 2063.03466796875 2064.59204101562 2069.94995117188 2073.51318359375 2074.296875 2074.01342773438 2075.47998046875 2083.830078125 2091.97241210938 2092.64282226562 2101.08862304688 2101.52124023438 2108.00927734375 2111.48461914062 2120.2724609375 2119.69921875 2124.30639648438 2124.0556640625 2134.279296875 2141.92700195312 2147.31005859375 2153.05639648438 2155.01684570312 2158.50805664062 2158.23510742188 2158.66479492188 2159.42626953125 2166.158203125 2170.84790039062 -3.4e+38 -3.4e+38 -3.4e+38 -3.4e+38 -3.4e+38 -3.4e+38 -3.4e+38 -3.4e+38 -3.4e+38 -3.4e+38 -3.4e+38 -3.4e+38 -3.4e+38
2024.92993164062 2029.47998046875 2031.77868652344 2034.48803710938 2039.23852539062 2040.38684082031 2045.68273925781 2053.73095703125 2054.13354492188 2058.95727539062 2064.11083984375 2065.2666015625 2067.83129882812 2069.17919921875 2073.52392578125 2081.12548828125 2083.02954101562 2086.78735351562 2093.1494140625 2097.46655273438 2101.982421875 2110.19580078125 2110.45092773438 2115.96606445312 2118.85620117188 2127.18115234375 2132.78637695312 2136.74365234375 2146.15673828125 2150.59643554688 2154.20361328125 2155.85498046875 2156.8095703125 2155.84301757812 -3.4e+38 -3.4e+38 -3.4e+38 -3.4e+38 -3.4e+38 -3.4e+38 -3.4e+38 -3.4e+38 -3.4e+38 -3.4e+38 -3.4e+38 -3.4e+38 -3.4e+38 -3.4e+38 -3.4e+38
2020.58837890625 2024.77673339844 2026.35229492188 2027.42956542969 2030.93090820312 2033.39208984375 2038.19482421875 2046.04504394531 2047.33142089844 2051.37426757812 2055.890625 2057.65234375 2061.4892578125 2065.07934570312 2066.28393554688 2071.83544921875 2074.21704101562 2078.1474609375 2087.72412109375 2089.341796875 2094.04321289062 2099.56640625 2104.07446289062 2106.42578125 2111.50244140625 2117.05493164062 2123.29956054688 2128.76220703125 2137.80639648438 2140.64379882812 2148.49975585938 2152.95849609375 2155.25708007812 2158.51440429688 2170.90502929688 2155.93334960938 -3.4e+38 -3.4e+38 -3.4e+38 -3.4e+38 -3.4e+38 -3.4e+38 -3.4e+38 -3.4e+38 -3.4e+38 -3.4e+38 -3.4e+38 -3.4e+38 -3.4e+38
2019.10375976562 2019.05932617188 2019.30749511719 2019.0400390625 2024.88403320312 2028.28369140625 2032.77612304688 2040.90246582031 2041.9248046875 2045.4052734375 2047.69677734375 2050.95947265625 2054.669921875 2057.18725585938 2062.640625 2066.74829101562 2069.55395507812 2073.41748046875 2082.68920898438 2086.28295898438 2088.33081054688 2093.37109375 2096.4033203125 2100.40258789062 2103.05883789062 2106.73559570312 2114.86547851562 2120.81372070312 2129.09008789062 2133.34033203125 2140.62866210938 2148.11572265625 2157.08276367188 2161.44506835938 -3.4e+38 -3.4e+38 -3.4e+38 -3.4e+38 -3.4e+38 -3.4e+38 -3.4e+38 -3.4e+38 -3.4e+38 -3.4e+38 -3.4e+38 -3.4e+38 -3.4e+38 -3.4e+38 -3.4e+38
2020.09338378906 2012.84606933594 2013.37341308594 2015.70092773438 2033.70239257812 2068.56494140625 2031.59887695312 2036.74572753906 2035.33837890625 2038.25 2041.0634765625 2043.70129394531 2047.6142578125 2049.67724609375 2057.19262695312 2061.5830078125 2064.58178710938 2068.96362304688 2076.27954101562 2080.84033203125 2080.72778320312 2087.51416015625 2091.23559570312 2094.13256835938 2097.41455078125 2099.9521484375 2107.40869140625 2111.42944335938 2119.48974609375 2127.0751953125 2132.58666992188 2142.7373046875 2150.14819335938 -3.4e+38 -3.4e+38 -3.4e+38 -3.4e+38 -3.4e+38 -3.4e+38 -3.4e+38 -3.4e+38 -3.4e+38 -3.4e+38 -3.4e+38 -3.4e+38 -3.4e+38 -3.4e+38 -3.4e+38 -3.4e+38
2014.76000976562 2006.36096191406 2011.0771484375 2043.69689941406 2154.58520507812 2166.23461914062 2039.79699707031 2030.46447753906 2031.89514160156 2034.90246582031 2037.28271484375 2038.84350585938 2041.33325195312 2044.91845703125 2052.51733398438 2057.71459960938 2064.865234375 2074.36376953125 2072.85571289062 2072.51806640625 2076.21826171875 2079.23754882812 2086.25415039062 2088.31030273438 2092.83251953125 2092.77661132812 2099.5048828125 2103.70703125 2111.63647460938 2117.32104492188 2121.76538085938 -3.4e+38 -3.4e+38 -3.4e+38 -3.4e+38 -3.4e+38 -3.4e+38 -3.4e+38 -3.4e+38 -3.4e+38 -3.4e+38 -3.4e+38 -3.4e+38 -3.4e+38 -3.4e+38 -3.4e+38 -3.4e+38 -3.4e+38 -3.4e+38
2008.31689453125 2015.26831054688 2021.78051757812 2084.48120117188 2178.60278320312 2122.76586914062 2036.71252441406 2029.45703125 2041.85986328125 2035.73950195312 2035.35327148438 2036.03686523438 2037.65209960938 2041.98010253906 2051.43505859375 2058.4404296875 2070.93774414062 2083.10961914062 2069.87744140625 2071.38891601562 2076.57373046875 2071.84423828125 2078.73754882812 2082.88745117188 2088.015625 2092.58764648438 2092.52368164062 2097.69213867188 2105.66528320312 2107.5859375 -3.4e+38 -3.4e+38 -3.4e+38 -3.4e+38 -3.4e+38 -3.4e+38 -3.4e+38 -3.4e+38 -3.4e+38 -3.4e+38 -3.4e+38 -3.4e+38 -3.4e+38 -3.4e+38 -3.4e+38 -3.4e+38 -3.4e+38 -3.4e+38 -3.4e+38
2008.40075683594 2012.64233398438 2026.60864257812 2021.81115722656 2015.85949707031 2018.37329101562 2021.06176757812 2025.89270019531 2029.59240722656 2028.81689453125 2027.95495605469 2029.59533691406 2034.44738769531 2036.92565917969 2044.91772460938 2048.75048828125 2060.98413085938 2059.44677734375 2067.4521484375 2072.0537109375 2068.64038085938 2069.19946289062 2069.11303710938 2072.16333007812 2075.15502929688 2080.80297851562 2081.59375 2087.14184570312 2092.58911132812 2097.06518554688 -3.4e+38 -3.4e+38 -3.4e+38 -3.4e+38 -3.4e+38 -3.4e+38 -3.4e+38 -3.4e+38 -3.4e+38 -3.4e+38 -3.4e+38 -3.4e+38 -3.4e+38 -3.4e+38 -3.4e+38 -3.4e+38 -3.4e+38 -3.4e+38 -3.4e+38
1986.68395996094 2000.35424804688 2016.30480957031 2008.24645996094 2011.05615234375 2005.15966796875 2005.892578125 2019.28857421875 2023.48486328125 2022.53344726562 2022.34716796875 2025.322265625 2033.35290527344 2030.98193359375 2036.33117675781 2040.07861328125 2042.59802246094 2043.55871582031 2061.68188476562 2066.31225585938 2067.37548828125 2065.9912109375 2064.185546875 2064.947265625 2068.2763671875 -3.4e+38 -3.4e+38 -3.4e+38 -3.4e+38 -3.4e+38 -3.4e+38 -3.4e+38 -3.4e+38 -3.4e+38 -3.4e+38 -3.4e+38 -3.4e+38 -3.4e+38 -3.4e+38 -3.4e+38 -3.4e+38 -3.4e+38 -3.4e+38 -3.4e+38 -3.4e+38 -3.4e+38 -3.4e+38 -3.4e+38 -3.4e+38
1974.87231445312 1985.30126953125 1994.87902832031 1990.41040039062 1997.11535644531 1990.20434570312 1994.71838378906 2007.59313964844 2012.28515625 2014.79467773438 2015.63928222656 2018.67846679688 2026.78479003906 2026.63696289062 2031.302734375 2034.01745605469 2036.15185546875 2035.81286621094 2048.767578125 2056.01806640625 2064.56298828125 2058.91796875 2057.91748046875 2058.71948242188 -3.4e+38 -3.4e+38 -3.4e+38 -3.4e+38 -3.4e+38 -3.4e+38 -3.4e+38 -3.4e+38 -3.4e+38 -3.4e+38 -3.4e+38 -3.4e+38 -3.4e+38 -3.4e+38 -3.4e+38 -3.4e+38 -3.4e+38 -3.4e+38 -3.4e+38 -3.4e+38 -3.4e+38 -3.4e+38 -3.4e+38 -3.4e+38 -3.4e+38
1966.73583984375 1968.4990234375 1970.51611328125 1975.6298828125 1982.4443359375 1986.57165527344 1985.71801757812 1997.21716308594 2001.04907226562 2003.50122070312 2006.71252441406 2011.85266113281 2021.73425292969 2025.53076171875 2030.0087890625 2033.15185546875 2034.87817382812 2031.70153808594 2036.17297363281 2041.03430175781 2051.849609375 2050.06298828125 2053.01806640625 -3.4e+38 -3.4e+38 -3.4e+38 -3.4e+38 -3.4e+38 -3.4e+38 -3.4e+38 -3.4e+38 -3.4e+38 -3.4e+38 -3.4e+38 -3.4e+38 -3.4e+38 -3.4e+38 -3.4e+38 -3.4e+38 -3.4e+38 -3.4e+38 -3.4e+38 -3.4e+38 -3.4e+38 -3.4e+38 -3.4e+38 -3.4e+38 -3.4e+38 -3.4e+38
1981.11279296875 1958.16333007812 1961.40637207031 1964.56750488281 1973.4755859375 1980.58227539062 1977.06616210938 1986.74328613281 1990.76806640625 1993.06604003906 1997.96020507812 2006.69030761719 2017.02758789062 2021.89758300781 2023.94482421875 2029.23510742188 2033.34338378906 2035.29248046875 2031.0185546875 2031.93762207031 2036.60705566406 2039.82690429688 2045.16796875 -3.4e+38 -3.4e+38 -3.4e+38 -3.4e+38 -3.4e+38 -3.4e+38 -3.4e+38 -3.4e+38 -3.4e+38 -3.4e+38 -3.4e+38 -3.4e+38 -3.4e+38 -3.4e+38 -3.4e+38 -3.4e+38 -3.4e+38 -3.4e+38 -3.4e+38 -3.4e+38 -3.4e+38 -3.4e+38 -3.4e+38 -3.4e+38 -3.4e+38 -3.4e+38
1973.87829589844 1950.5419921875 1950.67431640625 1955.48461914062 1961.34643554688 1968.80627441406 1970.22741699219 1977.07153320312 1981.30554199219 1986.18957519531 1992.57092285156 2003.69287109375 2012.45166015625 2016.75720214844 2011.39770507812 2017.7177734375 2028.541015625 2036.30603027344 2028.72827148438 2030.34753417969 2029.37658691406 -3.4e+38 -3.4e+38 -3.4e+38 -3.4e+38 -3.4e+38 -3.4e+38 -3.4e+38 -3.4e+38 -3.4e+38 -3.4e+38 -3.4e+38 -3.4e+38 -3.4e+38 -3.4e+38 -3.4e+38 -3.4e+38 -3.4e+38 -3.4e+38 -3.4e+38 -3.4e+38 -3.4e+38 -3.4e+38 -3.4e+38 -3.4e+38 -3.4e+38 -3.4e+38 -3.4e+38 -3.4e+38
1941.61511230469 1940.87609863281 1940.26000976562 1946.0712890625 1949.66491699219 1956.67602539062 1962.48986816406 1967.60034179688 1971.95556640625 1982.8349609375 1990.28137207031 1997.42041015625 2004.13000488281 2007.89562988281 2004.36486816406 2007.46203613281 2017.33911132812 2023.38708496094 2023.62561035156 2026.65246582031 2029.96398925781 -3.4e+38 -3.4e+38 -3.4e+38 -3.4e+38 -3.4e+38 -3.4e+38 -3.4e+38 -3.4e+38 -3.4e+38 -3.4e+38 -3.4e+38 -3.4e+38 -3.4e+38 -3.4e+38 -3.4e+38 -3.4e+38 -3.4e+38 -3.4e+38 -3.4e+38 -3.4e+38 -3.4e+38 -3.4e+38 -3.4e+38 -3.4e+38 -3.4e+38 -3.4e+38 -3.4e+38 -3.4e+38
1930.14440917969 1928.93005371094 1932.10925292969 1938.24157714844 1941.78515625 1950.45568847656 1955.48889160156 1960.06640625 1964.30480957031 1979.63745117188 1985.34008789062 1987.0634765625 1990.05578613281 1996.28002929688 1996.28112792969 1997.84680175781 2007.462890625 2010.48425292969 2015.33972167969 -3.4e+38 -3.4e+38 -3.4e+38 -3.4e+38 -3.4e+38 -3.4e+38 -3.4e+38 -3.4e+38 -3.4e+38 -3.4e+38 -3.4e+38 -3.4e+38 -3.4e+38 -3.4e+38 -3.4e+38 -3.4e+38 -3.4e+38 -3.4e+38 -3.4e+38 -3.4e+38 -3.4e+38 -3.4e+38 -3.4e+38 -3.4e+38 -3.4e+38 -3.4e+38 -3.4e+38 -3.4e+38 -3.4e+38 -3.4e+38
1919.908203125 1920.16760253906 1922.74682617188 1929.82641601562 1937.99279785156 1950.91003417969 1953.90856933594 1955.21069335938 1958.24768066406 1967.30847167969 1978.19885253906 1977.29406738281 1980.78430175781 1989.74377441406 1989.38122558594 1991.20422363281 1995.42749023438 -3.4e+38 -3.4e+38 -3.4e+38 -3.4e+38 -3.4e+38 -3.4e+38 -3.4e+38 -3.4e+38 -3.4e+38 -3.4e+38 -3.4e+38 -3.4e+38 -3.4e+38 -3.4e+38 -3.4e+38 -3.4e+38 -3.4e+38 -3.4e+38 -3.4e+38 -3.4e+38 -3.4e+38 -3.4e+38 -3.4e+38 -3.4e+38 -3.4e+38 -3.4e+38 -3.4e+38 -3.4e+38 -3.4e+38 -3.4e+38 -3.4e+38 -3.4e+38
1910.17883300781 1913.41784667969 1917.49694824219 1923.83630371094 1934.45239257812 1946.95935058594 1954.09069824219 1956.34899902344 1954.56079101562 1956.96923828125 1967.49169921875 1970.50695800781 1972.81372070312 1981.37121582031 1985.96411132812 -3.4e+38 -3.4e+38 -3.4e+38 -3.4e+38 -3.4e+38 -3.4e+38 -3.4e+38 -3.4e+38 -3.4e+38 -3.4e+38 -3.4e+38 -3.4e+38 -3.4e+38 -3.4e+38 -3.4e+38 -3.4e+38 -3.4e+38 -3.4e+38 -3.4e+38 -3.4e+38 -3.4e+38 -3.4e+38 -3.4e+38 -3.4e+38 -3.4e+38 -3.4e+38 -3.4e+38 -3.4e+38 -3.4e+38 -3.4e+38 -3.4e+38 -3.4e+38 -3.4e+38 -3.4e+38
1903.90905761719 1907.55383300781 1913.92358398438 1923.4345703125 1931.66784667969 1943.39855957031 1952.658203125 1954.57189941406 1956.90502929688 1954.23559570312 1957.26049804688 1963.70397949219 1964.02954101562 1971.32885742188 1976.50231933594 -3.4e+38 -3.4e+38 -3.4e+38 -3.4e+38 -3.4e+38 -3.4e+38 -3.4e+38 -3.4e+38 -3.4e+38 -3.4e+38 -3.4e+38 -3.4e+38 -3.4e+38 -3.4e+38 -3.4e+38 -3.4e+38 -3.4e+38 -3.4e+38 -3.4e+38 -3.4e+38 -3.4e+38 -3.4e+38 -3.4e+38 -3.4e+38 -3.4e+38 -3.4e+38 -3.4e+38 -3.4e+38 -3.4e+38 -3.4e+38 -3.4e+38 -3.4e+38 -3.4e+38 -3.4e+38
1899.73620605469 -3.4e+38 -3.4e+38 1918.19885253906 1929.84887695312 1939.63513183594 1946.19982910156 1947.07409667969 1954.80529785156 1953.99133300781 1953.48461914062 1956.67639160156 1957.7158203125 1965.84033203125 -3.4e+38 -3.4e+38 -3.4e+38 -3.4e+38 -3.4e+38 -3.4e+38 -3.4e+38 -3.4e+38 -3.4e+38 -3.4e+38 -3.4e+38 -3.4e+38 -3.4e+38 -3.4e+38 -3.4e+38 -3.4e+38 -3.4e+38 -3.4e+38 -3.4e+38 -3.4e+38 -3.4e+38 -3.4e+38 -3.4e+38 -3.4e+38 -3.4e+38 -3.4e+38 -3.4e+38 -3.4e+38 -3.4e+38 -3.4e+38 -3.4e+38 -3.4e+38 -3.4e+38 -3.4e+38 -3.4e+38
1892.30102539062 1897.54357910156 1905.60681152344 1913.72180175781 1919.81945800781 1924.07104492188 1928.01147460938 1937.16247558594 1933.99353027344 1940.97192382812 1945.73913574219 1953.25109863281 1953.27258300781 -3.4e+38 -3.4e+38 -3.4e+38 -3.4e+38 -3.4e+38 -3.4e+38 -3.4e+38 -3.4e+38 -3.4e+38 -3.4e+38 -3.4e+38 -3.4e+38 -3.4e+38 -3.4e+38 -3.4e+38 -3.4e+38 -3.4e+38 -3.4e+38 -3.4e+38 -3.4e+38 -3.4e+38 -3.4e+38 -3.4e+38 -3.4e+38 -3.4e+38 -3.4e+38 -3.4e+38 -3.4e+38 -3.4e+38 -3.4e+38 -3.4e+38 -3.4e+38 -3.4e+38 -3.4e+38 -3.4e+38 -3.4e+38
