rcp8.5models/MPI_ESM_LR/sc1gr0.20
NCOLS 261 
NROWS 433 
XLLCORNER 336357.134 
YLLCORNER 654653.479 
CELLSIZE 1000 
NODATA_value -3.4e+38 
[rows 88 to 109 of 433, columns 98 to 146 of 261]
66.9170837402344 67.2920074462891 67.2496566772461 67.4716720581055 67.5705490112305 67.9185409545898 68.08154296875 68.4982833862305 68.716911315918 68.5311813354492 68.6683654785156 68.5322647094727 68.7916412353516 68.7068099975586 68.9358291625977 69.0215530395508 69.0916366577148 69.2606964111328 69.5462951660156 69.5507354736328 69.3212509155273 69.3855514526367 69.5407638549805 69.5622634887695 69.7181777954102 69.4222564697266 69.2642288208008 69.0876617431641 68.8564987182617 68.7019958496094 68.6476516723633 68.5998153686523 68.5016784667969 68.4593124389648 68.1807327270508 68.0936126708984 68.2972564697266 68.0823593139648 67.9209060668945 67.7582702636719 67.6365966796875 67.5705261230469 67.3106918334961 67.2958145141602 67.0983657836914 66.9321823120117 66.7603454589844 66.675422668457 66.3950119018555
67.4067153930664 67.6285781860352 67.6466674804688 67.7800598144531 68.0908203125 68.3069915771484 68.4833297729492 68.7589645385742 68.9120178222656 68.8793716430664 69.1121444702148 68.9339141845703 69.0801467895508 69.1977157592773 69.1662673950195 69.3955917358398 69.5190505981445 69.5697250366211 69.7942810058594 69.9586486816406 69.7259674072266 69.6806869506836 69.8542022705078 69.8951797485352 69.9829711914062 69.5521011352539 69.4570007324219 69.3152389526367 69.1996231079102 68.9330291748047 68.969367980957 68.9257507324219 68.8549423217773 68.6608581542969 68.4001007080078 68.2843704223633 68.5475769042969 68.1708374023438 68.0587005615234 67.9623413085938 67.8991546630859 67.7659683227539 67.6526794433594 67.6368255615234 67.5172424316406 67.3026809692383 67.0115203857422 66.7633666992188 66.4455184936523
67.7420349121094 68.0143585205078 67.996223449707 68.290657043457 68.6615219116211 68.7759628295898 68.9270935058594 69.0775680541992 69.2113800048828 69.3059539794922 69.4942855834961 69.4724731445312 69.3709487915039 69.4515228271484 69.5469741821289 69.7685546875 69.8692245483398 69.8686370849609 70.0091705322266 70.1238708496094 70.1320114135742 70.1876907348633 70.072380065918 70.0486602783203 70.0783081054688 69.9016571044922 69.7232971191406 69.56591796875 69.5559463500977 69.2920532226562 69.3687515258789 69.2319946289062 69.1582641601562 68.8115310668945 68.7496643066406 68.5164947509766 68.6829605102539 68.2812652587891 68.3213348388672 68.1300506591797 68.0438690185547 67.9325103759766 67.8359909057617 67.7771377563477 67.7370681762695 67.6107025146484 67.2352600097656 66.9052581787109 66.4769287109375
68.6400909423828 68.5913848876953 68.8701629638672 69.2733154296875 69.1023483276367 69.1877593994141 69.6012725830078 69.5930938720703 69.9910049438477 70.0681533813477 70.1782073974609 70.1088409423828 70.2259826660156 70.3085708618164 70.426155090332 70.4827651977539 70.3635635375977 70.4890899658203 70.5576248168945 70.7496719360352 70.7940063476562 70.9241943359375 70.8879241943359 70.7594909667969 70.7802200317383 70.7414321899414 70.5419082641602 70.5033645629883 70.1196441650391 70.0086288452148 69.9402770996094 69.7736663818359 69.6217727661133 69.6318969726562 69.5518569946289 69.3248825073242 69.0586471557617 68.8800735473633 68.6182327270508 68.3209609985352 68.1958694458008 68.2074127197266 -3.4e+38 67.8527908325195 67.7187576293945 67.5926361083984 67.3391494750977 67.0824432373047 66.7686080932617
68.9180221557617 68.9677047729492 69.3671569824219 69.6308212280273 69.5965881347656 69.6909103393555 70.0664138793945 70.3140106201172 70.4786224365234 70.4595260620117 70.6024932861328 70.5706634521484 70.6766891479492 70.5988922119141 70.7725067138672 70.9066848754883 70.6903381347656 70.7712326049805 70.697265625 70.9760284423828 71.0814590454102 71.1062622070312 71.216667175293 71.2040863037109 71.0106201171875 71.0340423583984 70.7177581787109 70.574577331543 70.3821792602539 70.2811965942383 70.2077331542969 70.0753707885742 69.9564895629883 69.9075164794922 69.7910385131836 69.636344909668 69.2721328735352 68.9870834350586 68.8858871459961 68.6784820556641 68.4718170166016 68.2830200195312 68.1925201416016 67.9622955322266 67.8506774902344 67.6097106933594 67.3234176635742 -3.4e+38 66.9850311279297
69.2604675292969 69.3597640991211 69.7807006835938 70.0932006835938 70.0573196411133 70.062614440918 70.2557907104492 70.5961685180664 70.8447265625 70.9725189208984 71.0711059570312 71.0401992797852 71.0880813598633 71.0244598388672 71.2896041870117 71.3567123413086 71.171012878418 71.2752304077148 71.1951370239258 71.2001495361328 71.3119277954102 71.4652633666992 71.6226272583008 71.5331802368164 71.3955535888672 71.2907791137695 70.8799209594727 70.7465591430664 70.5684356689453 70.5641021728516 70.4463119506836 70.3233795166016 70.2567520141602 70.0997695922852 69.9071502685547 69.7577056884766 69.5101852416992 -3.4e+38 69.09619140625 68.957145690918 68.7611999511719 68.4123458862305 -3.4e+38 68.1033477783203 67.9951095581055 67.7767944335938 67.5014343261719 67.3108520507812 67.1214141845703
69.6016616821289 69.8610076904297 70.1791152954102 70.466438293457 70.4996109008789 70.4434356689453 70.5729598999023 70.8095855712891 71.244026184082 71.3814010620117 71.3966903686523 71.3063659667969 71.4596710205078 71.5537185668945 71.6162872314453 71.6124267578125 71.4483947753906 71.665412902832 71.5953063964844 71.6378555297852 71.6408538818359 71.8692169189453 71.9788284301758 71.8348922729492 71.864387512207 71.635139465332 71.1957015991211 71.0890426635742 70.8739471435547 70.7411727905273 70.6895446777344 70.5925064086914 70.632682800293 70.444465637207 70.1506958007812 70.0168762207031 69.7721405029297 69.3356094360352 69.1558227539062 69.0893936157227 68.9486923217773 68.59765625 68.6305694580078 68.4008178710938 68.1068649291992 67.995979309082 67.7285003662109 67.4610214233398 67.275032043457
69.7674179077148 70.1121215820312 70.4629287719727 70.7691650390625 70.9707489013672 71.0034942626953 71.1077575683594 71.3277282714844 71.5089797973633 71.6004409790039 71.6937942504883 71.7084350585938 71.8500137329102 71.9183731079102 71.9341125488281 71.8741989135742 71.7985992431641 72.0166091918945 71.9314575195312 72.1670303344727 72.0727233886719 72.1279449462891 72.1121444702148 72.1703720092773 72.2224884033203 71.8808059692383 71.5217056274414 71.2146911621094 71.2709121704102 70.8904876708984 -3.4e+38 70.8552474975586 70.8028945922852 70.7244186401367 70.4579467773438 70.2329788208008 70.0892181396484 69.6046295166016 69.326301574707 -3.4e+38 69.0273361206055 -3.4e+38 68.8058700561523 68.6266250610352 68.3272171020508 68.1479415893555 67.9525146484375 67.6539916992188 67.5529251098633
70.180534362793 70.5112762451172 70.7621078491211 71.2168426513672 71.4063262939453 71.4943771362305 71.5901641845703 71.7168045043945 71.6939010620117 71.8589935302734 72.1611633300781 72.2800827026367 72.2615509033203 72.2278594970703 72.4228591918945 72.4313049316406 72.3658905029297 72.3748168945312 72.3991088867188 72.3523788452148 72.3963775634766 72.4328460693359 72.3869705200195 72.4185638427734 72.4399032592773 72.1881942749023 71.8317413330078 71.4430770874023 71.478157043457 71.205322265625 71.1616134643555 71.1038131713867 70.985481262207 70.8602676391602 70.7322311401367 70.4364700317383 70.3054428100586 69.8530578613281 69.4949111938477 -3.4e+38 69.2563400268555 69.0361022949219 68.8897323608398 68.7398910522461 68.5718460083008 68.2942199707031 68.1144256591797 67.8068237304688 67.6673583984375
70.5493087768555 70.7398452758789 71.02294921875 71.6208801269531 71.7888641357422 71.9103469848633 71.9263534545898 72.1494064331055 72.2179794311523 72.2608261108398 72.4783020019531 72.6747207641602 72.6920547485352 72.6847381591797 72.9203414916992 72.8388214111328 72.6865768432617 72.6826858520508 72.6881790161133 72.6460342407227 72.7371978759766 72.7137680053711 72.8293151855469 72.7758407592773 72.7890243530273 72.533332824707 72.0898132324219 71.8342590332031 71.6304550170898 71.5057144165039 71.3391876220703 71.2431793212891 71.2080001831055 70.9851913452148 70.8347549438477 70.6691284179688 70.5489959716797 70.0730209350586 69.7319107055664 69.6940994262695 69.5248260498047 69.3173294067383 68.9942321777344 68.8652267456055 68.6874389648438 68.4969100952148 68.2803726196289 68.0570602416992 67.7946243286133
70.8188171386719 71.0693511962891 71.3699417114258 71.9202423095703 72.1380081176758 72.2854919433594 72.2975463867188 72.5830459594727 72.8256607055664 72.8446960449219 72.845588684082 72.9524078369141 73.0733871459961 73.1033477783203 73.3223190307617 73.1987609863281 -3.4e+38 73.0859603881836 73.1709289550781 73.3021087646484 73.3134918212891 73.0501480102539 73.1702346801758 72.9587783813477 73.0055313110352 72.7732162475586 72.3451538085938 72.2203521728516 72.031364440918 71.8009338378906 71.5732269287109 71.4125595092773 71.2785034179688 71.1776351928711 70.9307556152344 70.8528594970703 70.7638244628906 70.351448059082 70.0515213012695 69.9109191894531 69.6569671630859 69.4753570556641 69.1683807373047 68.9749221801758 68.7469253540039 68.6031036376953 68.5226440429688 68.3345642089844 67.9670181274414
71.1967010498047 71.5147933959961 71.6945190429688 72.2968444824219 72.5877456665039 72.7384796142578 72.7677383422852 72.9817428588867 73.242561340332 73.322265625 73.3367691040039 73.3284530639648 73.5203857421875 73.5350952148438 73.7224197387695 73.6392440795898 73.5389862060547 73.5046920776367 73.5596618652344 73.7434921264648 73.6834259033203 73.4449691772461 73.4075546264648 73.1782302856445 73.2310943603516 72.9032745361328 72.5825042724609 72.4049987792969 72.376335144043 72.1438217163086 71.916145324707 71.7402877807617 71.5257568359375 71.3740692138672 71.1999893188477 70.9639282226562 70.9699172973633 70.4949645996094 70.2687149047852 70.0530776977539 69.814811706543 69.5706329345703 -3.4e+38 69.1280822753906 68.9184722900391 68.7336730957031 68.6975250244141 68.513786315918 68.046630859375
71.4155502319336 71.7615509033203 72.149543762207 72.6316070556641 72.9895553588867 73.1205596923828 73.3144073486328 73.3997268676758 73.6016311645508 73.7577972412109 73.7113876342773 73.7907104492188 73.9083938598633 74.0801696777344 74.1072158813477 74.0558242797852 73.8763046264648 73.7389678955078 73.8267364501953 73.9425201416016 73.8591537475586 73.7630615234375 73.6963958740234 73.4913940429688 73.4423522949219 73.2934799194336 72.9119262695312 72.6167831420898 72.6159133911133 72.4373931884766 72.2098159790039 72.0483703613281 71.8615875244141 71.6227188110352 71.4951934814453 71.2405242919922 71.0103225708008 70.6554107666016 70.4248809814453 70.1973876953125 70.1056900024414 69.7934875488281 69.5373687744141 69.3003921508789 69.1054153442383 68.9621429443359 68.8347702026367 68.6573944091797 68.2324752807617
71.6871109008789 72.1646041870117 72.5028610229492 72.8981857299805 73.2921447753906 73.5026245117188 73.7980194091797 73.8243789672852 73.9862747192383 74.1003799438477 74.25830078125 74.1638031005859 74.0870971679688 74.3871078491211 74.4916229248047 74.3796615600586 74.2017517089844 74.1525421142578 74.2853469848633 74.2377395629883 74.2428817749023 74.1797714233398 74.1126022338867 73.8066024780273 73.8484039306641 73.6878128051758 73.2918167114258 72.9532318115234 72.7677154541016 72.7566299438477 72.5163650512695 72.1813659667969 72.089958190918 71.8908004760742 71.6985549926758 71.5139083862305 71.1966552734375 70.9324722290039 70.61572265625 70.4494094848633 70.423225402832 70.1432800292969 69.7495269775391 69.5410079956055 69.4677200317383 69.1279602050781 69.0013046264648 68.8165969848633 68.6062469482422
72.1672286987305 72.4462509155273 72.793212890625 73.2717056274414 73.698974609375 73.8347854614258 74.1749725341797 74.2085342407227 74.3948364257812 74.4060821533203 74.7112121582031 74.6267471313477 74.6191787719727 74.8025588989258 74.8663787841797 74.7389678955078 74.5622024536133 74.6040954589844 74.7532196044922 74.5846176147461 74.6029586791992 74.5581359863281 74.5634918212891 74.2014617919922 74.1637115478516 73.9861526489258 73.6018905639648 73.3359985351562 73.129997253418 72.9690475463867 72.7796401977539 72.4130249023438 72.3890380859375 72.0937805175781 71.8671569824219 71.6977005004883 71.5316619873047 71.2357864379883 70.8082122802734 70.6747589111328 70.5785217285156 70.3207015991211 70.0361862182617 69.8185272216797 69.8757781982422 69.4334945678711 69.2253265380859 69.0276565551758 68.8366394042969
72.8942184448242 73.1324768066406 73.490608215332 73.9111022949219 74.198600769043 74.434326171875 74.7178039550781 74.8038864135742 75.0643463134766 75.2551345825195 75.5196990966797 75.5440826416016 75.5761642456055 75.4925765991211 75.7163162231445 75.5888366699219 75.5559005737305 75.4866790771484 75.4011383056641 75.3810501098633 75.1422805786133 75.1766815185547 75.2101745605469 74.9984970092773 74.7934341430664 74.6255645751953 74.1426162719727 73.9467010498047 73.7027740478516 73.5574417114258 73.2711563110352 73.0824432373047 72.7824020385742 72.7904357910156 72.5064468383789 72.3901519775391 72.2282562255859 71.5057525634766 71.1509094238281 71.0279235839844 71.1974945068359 70.9101638793945 70.5844879150391 70.4574356079102 70.1869277954102 69.9591522216797 69.6280822753906 69.5257720947266 69.0973663330078
73.4055633544922 73.561882019043 74.1114120483398 74.4147033691406 74.6214370727539 74.7405471801758 74.9727554321289 75.109245300293 75.4837646484375 75.4880905151367 75.7233581542969 75.9253540039062 75.9513244628906 75.923957824707 76.0272064208984 75.9755096435547 75.8961486816406 75.8956069946289 75.8733215332031 75.8282775878906 75.6063537597656 75.6266555786133 75.5683975219727 75.447509765625 75.059944152832 74.9111557006836 74.4044952392578 74.0399551391602 73.9006576538086 73.8464889526367 73.5815658569336 73.3590240478516 73.1574783325195 73.1041030883789 72.8127288818359 72.6364822387695 72.3747940063477 71.6684417724609 71.4885406494141 71.2874374389648 71.2986831665039 71.108772277832 70.7646484375 70.6876983642578 70.4110717773438 70.1704635620117 69.7807159423828 69.5766220092773 69.2540130615234
74.0340347290039 74.1654663085938 74.4490051269531 74.9381256103516 75.2116851806641 75.2589569091797 75.2950820922852 75.6043853759766 75.9334869384766 75.870361328125 76.1072616577148 76.3433990478516 76.197624206543 76.5115127563477 76.4876480102539 76.4327621459961 76.4163284301758 76.3793640136719 76.3491134643555 76.1889953613281 76.1672668457031 76.0189895629883 75.8853073120117 75.7854995727539 75.3830184936523 75.2592849731445 74.7577133178711 74.4491348266602 74.332145690918 74.1182556152344 73.8235778808594 73.5897369384766 73.5074234008789 73.2262115478516 73.0536575317383 72.7737731933594 72.5428085327148 71.9097518920898 71.7910079956055 71.5655746459961 71.3846130371094 71.1791000366211 71.0624542236328 70.8824005126953 70.6094741821289 70.3238067626953 69.9093933105469 69.6950836181641 69.3339462280273
74.4153137207031 74.515251159668 74.8399505615234 75.4031600952148 75.7148208618164 75.8340682983398 75.8635177612305 76.1399688720703 76.4032669067383 76.2773818969727 76.5117568969727 76.8156127929688 76.6476821899414 77.0238265991211 77.0149612426758 77.0881271362305 76.862663269043 76.8402328491211 76.7775039672852 76.4607543945312 76.4386520385742 76.4128723144531 76.2571792602539 76.0937042236328 75.7875442504883 75.4934692382812 75.0685501098633 74.8171234130859 74.6457824707031 74.376708984375 74.1462554931641 73.9422149658203 73.7921600341797 73.5164642333984 73.2864990234375 72.988151550293 72.8126602172852 72.083740234375 72.0370788574219 71.9337997436523 71.7580032348633 71.4424667358398 71.2673187255859 71.0360107421875 70.7279891967773 70.4668121337891 70.2097244262695 70.015022277832 69.4143447875977
74.7484512329102 74.9588241577148 75.1559219360352 75.9435272216797 76.2899169921875 76.3593826293945 76.4437255859375 76.5424346923828 76.7966537475586 76.8591537475586 76.9469604492188 77.1400680541992 77.2977905273438 77.4168090820312 77.2485427856445 77.3976593017578 77.3553619384766 77.2920227050781 77.125373840332 76.8812103271484 76.7526168823242 76.7404403686523 76.5785293579102 76.3910598754883 76.0827102661133 75.7462158203125 75.4635620117188 75.1190643310547 74.8162078857422 74.6557388305664 74.444580078125 74.2582092285156 74.1133117675781 73.7887344360352 73.4773864746094 73.337890625 72.997428894043 72.2103652954102 72.1180725097656 72.0768280029297 72.0702285766602 71.7441940307617 71.5262603759766 71.2140502929688 71.000846862793 70.7661514282227 70.6102142333984 70.2035751342773 69.5737380981445
75.20849609375 75.4651260375977 75.5430297851562 76.4265975952148 76.7227172851562 76.8718948364258 76.9762420654297 77.1849212646484 77.3723220825195 77.4350814819336 77.3243179321289 77.455940246582 77.7234878540039 77.9660186767578 77.9081039428711 77.6287231445312 77.7429275512695 77.626106262207 77.3808441162109 77.3420257568359 77.1859359741211 77.0603866577148 76.9292373657227 76.6946716308594 76.3752288818359 76.12890625 75.8014907836914 75.3702011108398 75.1058197021484 74.9602432250977 74.6096572875977 74.4467544555664 74.3428573608398 74.0281600952148 73.7828369140625 73.6499557495117 73.1665878295898 72.4941253662109 72.1343231201172 72.1241149902344 72.1528015136719 71.8809967041016 71.7705993652344 71.4171295166016 71.2603530883789 70.9320449829102 70.6906280517578 70.3477783203125 69.7486724853516
75.6657104492188 75.8855438232422 75.9118423461914 76.7372741699219 76.939697265625 77.1624069213867 77.4923324584961 77.7327194213867 77.9817123413086 78.0501327514648 77.9301376342773 77.9715118408203 78.1499786376953 -3.4e+38 78.3720245361328 78.2373046875 78.0217895507812 77.9993896484375 77.8091506958008 77.7695922851562 77.6072463989258 77.4418716430664 77.260124206543 77.0384216308594 76.7256011962891 76.5232162475586 76.074821472168 75.7397842407227 75.6459884643555 75.4566497802734 74.9342422485352 74.7354049682617 74.652099609375 74.2546844482422 74.0360946655273 73.815299987793 73.3395919799805 72.8543319702148 72.4765014648438 72.3687515258789 72.2071075439453 72.0704498291016 71.9686050415039 71.62890625 71.4144134521484 71.0001449584961 70.7278442382812 70.4874801635742 69.9264068603516
