rcp8.5models/MPI_ESM_LR/sc1gr21.1
NCOLS 261 
NROWS 433 
XLLCORNER 336357.134 
YLLCORNER 654653.479 
CELLSIZE 1000 
NODATA_value -9999 
[rows 110 to 131 of 433, columns 50 to 99 of 261]
64.4955444335938 81.9447326660156 111.967529296875 122.951103210449 95.2752227783203 54.2289962768555 39.2750549316406 78.1452789306641 226.708557128906 293.458251953125 241.062271118164 109.975311279297 26.3060073852539 3.54606580734253 3.58310127258301 3.6017484664917 3.56957530975342 3.53250169754028 3.58124804496765 3.68259024620056 3.72589659690857 3.72589683532715 3.72589683532715 3.72589683532715 3.72885370254517 4.88675594329834 7.70074653625488 10.1436214447021 11.3958234786987 19.7305469512939 43.1319389343262 62.9028663635254 60.1000709533691 41.3804473876953 18.8536281585693 15.182991027832 15.1824607849121 15.1803369522095 15.1764125823975 15.1660861968994 15.1180992126465 15.2756414413452 17.0672187805176 21.2500400543213 26.7425441741943 44.3109931945801 84.561393737793 180.74462890625 237.889358520508 255.436721801758
103.355903625488 108.563774108887 161.433776855469 147.660095214844 107.34984588623 63.2517166137695 45.1938629150391 85.0770111083984 161.062728881836 189.106689453125 120.970962524414 48.772346496582 21.8452796936035 3.71825242042542 3.72284460067749 3.72479319572449 3.72161436080933 3.71626973152161 3.71881341934204 3.72487473487854 3.72589659690857 3.72589659690857 3.72589683532715 3.72589659690857 3.72653579711914 4.27663230895996 6.40835475921631 9.38659381866455 12.9379472732544 25.640604019165 50.3042793273926 66.1656265258789 62.274600982666 44.6229820251465 22.0203514099121 15.179708480835 15.1220006942749 14.9281578063965 14.6453723907471 14.4629402160645 14.3664016723633 14.399806022644 14.9176054000854 15.9405488967896 19.6669445037842 44.1026878356934 111.179321289062 232.324508666992 258.49560546875 263.089691162109
104.946228027344 130.061416625977 344.578948974609 236.887603759766 114.679313659668 64.5078582763672 43.2721977233887 77.3468170166016 115.704940795898 117.366539001465 93.0519027709961 58.9991989135742 28.2331562042236 3.72769474983215 3.72779870033264 3.7278368473053 3.72775292396545 3.72638130187988 3.72580528259277 3.72589063644409 3.72589659690857 3.72589659690857 3.72589683532715 3.72589659690857 3.72594809532166 3.90774512290955 5.20712184906006 8.98351669311523 14.3144674301147 21.5541324615479 32.1925315856934 39.7512054443359 40.4228324890137 33.3105812072754 20.3957366943359 14.7408275604248 14.5361452102661 14.2059917449951 13.9793376922607 13.9530029296875 15.5158834457397 22.1431484222412 30.1648597717285 28.0681133270264 21.2016124725342 40.0747489929199 119.635391235352 256.926330566406 261.017059326172 261.724456787109
88.419563293457 126.538619995117 388.224273681641 213.407409667969 112.174507141113 86.1873245239258 77.9608154296875 97.8061294555664 109.043975830078 103.868453979492 94.7645568847656 79.8881378173828 50.7757720947266 11.9010190963745 5.02598190307617 3.72784757614136 3.72782182693481 3.72652363777161 3.72589659690857 3.72589659690857 3.72589659690857 3.72589683532715 3.72589659690857 3.72589659690857 3.72589707374573 3.82048749923706 5.11703824996948 10.0659990310669 15.7771263122559 17.8957176208496 19.5585021972656 21.2798557281494 22.3477249145508 21.0559406280518 16.7687835693359 14.0688076019287 13.9262542724609 13.7785186767578 13.7205963134766 13.8631277084351 16.902416229248 30.8893280029297 53.6003112792969 61.9346694946289 50.1139144897461 43.4418258666992 78.0721588134766 181.901733398438 178.92268371582 193.150512695312
52.700813293457 58.7768478393555 90.0781707763672 72.8519592285156 62.2415580749512 62.6521186828613 74.1236801147461 108.27653503418 127.52384185791 108.349685668945 91.9601898193359 82.8098526000977 69.316764831543 29.727180480957 14.8142385482788 20.5197696685791 30.9029445648193 30.8295402526855 18.0595569610596 8.20391750335693 3.75275850296021 3.72589683532715 3.72589683532715 3.72589683532715 3.72624325752258 4.45824575424194 7.61104488372803 12.0062122344971 13.9921436309814 -9999 16.5564346313477 17.2456035614014 17.2463760375977 17.1026039123535 16.3409099578857 14.8004322052002 13.6896228790283 13.6896238327026 13.6896238327026 13.8585176467896 17.0898590087891 33.2393264770508 63.8805351257324 80.9546737670898 66.7575531005859 43.959171295166 37.9526329040527 79.2477264404297 81.8849411010742 118.432426452637
53.4231643676758 19.26389503479 39.4771347045898 44.2448768615723 40.3848075866699 35.9416618347168 36.949047088623 56.735179901123 70.5243988037109 69.194450378418 70.3939971923828 60.5557518005371 42.9597511291504 13.5923070907593 7.75535440444946 11.5474605560303 20.6154708862305 33.6857872009277 46.1883735656738 57.6835060119629 55.0216331481934 25.2968921661377 3.72633576393127 3.72589683532715 3.73898243904114 6.00426292419434 9.11101818084717 10.9977073669434 11.5296249389648 12.6246976852417 14.8791303634644 16.7484722137451 17.2472896575928 17.188756942749 16.7003021240234 15.2727737426758 13.6896228790283 13.6896228790283 13.6903991699219 14.0158805847168 19.4989356994629 -9999 71.8198471069336 79.4260330200195 61.5224571228027 38.7033081054688 36.260440826416 74.7279281616211 78.7377777099609 103.468643188477
111.238822937012 10.8107376098633 68.5282592773438 53.8027610778809 34.8912658691406 32.229679107666 29.7096252441406 24.6832523345947 20.7493629455566 22.5133152008057 25.3547668457031 22.0073852539062 15.5179967880249 7.21864604949951 6.39511823654175 6.89736270904541 9.10369777679443 18.1424598693848 51.2564964294434 130.689819335938 188.476486206055 150.329483032227 76.1085662841797 20.9475898742676 3.77417373657227 9.7747220993042 12.6924304962158 10.7349538803101 10.8284702301025 11.4311189651489 13.309778213501 15.4797821044922 16.3051128387451 -9999 16.0700607299805 14.9651718139648 13.6902132034302 13.6896619796753 13.7433576583862 15.0467357635498 25.0573596954346 53.1817588806152 80.0764007568359 78.6033554077148 58.7507591247559 35.9396896362305 35.2676162719727 71.863525390625 77.4983291625977 87.9277038574219
91.4774551391602 13.7084035873413 39.3033485412598 29.9336338043213 15.8014078140259 14.6818723678589 15.7750444412231 11.4512767791748 6.45011472702026 -9999 -9999 6.86016845703125 6.48328304290771 6.37397146224976 6.35407209396362 6.36361217498779 6.52041482925415 8.72007465362549 24.0904846191406 77.5835571289062 161.802215576172 216.752166748047 197.728546142578 109.583953857422 27.6992206573486 14.2199487686157 16.147159576416 10.7216777801514 10.8064737319946 11.460129737854 13.2294912338257 14.9008960723877 15.2565746307373 15.3646326065063 15.2059259414673 14.7395544052124 13.742166519165 13.7037763595581 13.9222955703735 16.8118762969971 31.3912010192871 61.5723342895508 83.3891983032227 78.6157379150391 58.8747367858887 36.0736274719238 35.0548934936523 70.9873962402344 76.9836730957031 82.6851425170898
101.03116607666 -9999 17.7180881500244 10.4865055084229 6.09281873703003 5.80236673355103 6.6010627746582 5.90161466598511 4.70531702041626 4.76460886001587 4.83253574371338 5.02048349380493 5.25962829589844 5.57189846038818 5.62113189697266 5.67737483978271 5.7653603553772 6.20725917816162 8.93406772613525 21.9374752044678 58.8123512268066 123.290130615234 177.418182373047 128.173812866211 33.0772933959961 20.3283348083496 16.9271678924561 10.7345180511475 11.0082731246948 12.1867542266846 13.9542713165283 14.8400459289551 14.8884801864624 14.9038772583008 14.8811683654785 14.7601003646851 14.0523147583008 14.593602180481 16.8803768157959 21.4967021942139 32.5412940979004 55.7064781188965 78.0684127807617 79.2376937866211 61.1529884338379 38.1572914123535 32.7602272033691 60.181713104248 75.0521011352539 86.8673934936523
143.495529174805 -9999 -9999 -9999 14.7988796234131 7.50133991241455 4.4612455368042 4.49038410186768 4.65237998962402 4.92744827270508 4.99046039581299 5.05498313903809 5.11801290512085 5.16422033309937 5.18486356735229 5.21150541305542 5.28351974487305 5.57623434066772 6.20516633987427 7.6609148979187 13.8669013977051 35.1511459350586 67.5248641967773 61.8395195007324 28.8006935119629 24.2541809082031 18.1353149414062 11.4839458465576 11.0311613082886 12.2152881622314 14.1651544570923 15.2151193618774 -9999 15.2797689437866 15.2860622406006 15.2379350662231 17.1873016357422 20.5456085205078 23.6094245910645 25.9843769073486 30.1842060089111 43.1558990478516 66.3419647216797 78.3655319213867 62.7895622253418 39.8528366088867 31.3382759094238 79.9858856201172 144.706466674805 188.110321044922
149.425201416016 58.0179443359375 -9999 -9999 26.2673568725586 16.3859767913818 6.77530860900879 4.30435371398926 4.5207200050354 4.89007568359375 5.0867280960083 5.09381723403931 5.09967422485352 5.10165739059448 5.10408401489258 5.1076979637146 5.13106489181519 5.28858613967896 5.73892784118652 6.240159034729 6.76916170120239 9.68340396881104 17.8355808258057 24.8701610565186 26.1412296295166 26.3579025268555 24.0287628173828 25.409553527832 46.0654945373535 83.4285888671875 99.1678695678711 85.1201858520508 74.6623001098633 69.0510635375977 62.4672584533691 52.4823913574219 29.9407138824463 25.8788890838623 27.130952835083 27.546178817749 28.3431568145752 32.9179801940918 47.1071395874023 63.4629592895508 57.2605819702148 35.9089088439941 31.7641639709473 122.655822753906 218.585693359375 256.799865722656
122.672927856445 61.8379745483398 24.7565956115723 29.9287548065186 30.5595111846924 23.0189914703369 10.6233730316162 4.26968383789062 4.372154712677 4.71044969558716 5.03694534301758 5.09905481338501 5.09918212890625 5.099205493927 5.09924936294556 5.09939813613892 5.103759765625 5.15929412841797 5.44309139251709 6.00508451461792 6.38699769973755 6.78075408935547 9.32822322845459 15.7046165466309 22.6225032806396 27.0423889160156 27.7302169799805 41.0801811218262 93.2958984375 155.76611328125 169.972061157227 161.729721069336 155.585464477539 152.135360717773 147.763137817383 136.37141418457 55.5957183837891 27.5412902832031 27.694393157959 27.7055034637451 27.6829166412354 28.1426887512207 32.0084190368652 40.211124420166 40.7630653381348 31.86350440979 33.6080474853516 155.490951538086 250.029922485352 258.075164794922
49.5658302307129 33.4617652893066 16.8650016784668 21.6123733520508 25.053653717041 24.2624454498291 14.5537357330322 4.66042232513428 4.29358911514282 4.48174619674683 4.84833097457886 5.08469581604004 5.09922409057617 5.09922409057617 5.09922409057617 5.09923124313354 5.10044717788696 5.13383865356445 5.37350034713745 5.95348787307739 6.49411344528198 7.49371385574341 10.8337364196777 15.5690956115723 19.2245616912842 26.2399826049805 34.1923141479492 69.4576873779297 137.509201049805 184.859924316406 189.188690185547 188.220657348633 187.437622070312 186.941390991211 185.74040222168 174.270553588867 60.1562957763672 27.7111320495605 27.7019481658936 27.4934768676758 25.9665927886963 21.9377002716064 20.1371173858643 27.1586856842041 34.1588287353516 32.7726402282715 38.4524459838867 160.634414672852 220.056945800781 207.177703857422
16.648380279541 15.6672620773315 13.7373132705688 15.2651462554932 18.378589630127 23.7908496856689 20.1862831115723 8.23456478118896 4.26609897613525 4.33808946609497 4.60466289520264 4.95358753204346 5.09922456741333 5.09922456741333 5.09922456741333 5.09922456741333 5.10396957397461 5.24530410766602 6.21486186981201 8.64858531951904 11.0810127258301 12.7622375488281 15.0286102294922 16.8137397766113 17.7434101104736 27.7138538360596 54.044979095459 114.927993774414 174.808288574219 190.455947875977 190.893493652344 191.076263427734 191.155471801758 191.155471801758 190.29768371582 176.023635864258 50.3167304992676 27.7111339569092 27.6914100646973 27.2810916900635 24.5529518127441 20.3914661407471 52.1976280212402 166.82373046875 226.021774291992 110.306854248047 48.2736549377441 150.083419799805 170.224349975586 162.358810424805
11.0550651550293 11.5831594467163 13.1605577468872 13.4122533798218 14.702109336853 18.9356460571289 20.1014213562012 11.6356334686279 4.55600118637085 4.27764225006104 4.4032826423645 4.74432182312012 5.04775285720825 5.09922456741333 5.09922409057617 5.09922409057617 5.11010456085205 5.41723775863647 7.40421056747437 12.0157585144043 15.642373085022 16.3311328887939 16.9334163665771 17.203577041626 17.3427066802979 32.843692779541 85.5615310668945 157.303512573242 188.930358886719 190.87971496582 190.89387512207 191.076431274414 191.155471801758 191.155471801758 190.166748046875 174.179885864258 44.5012130737305 27.8880519866943 28.0304832458496 27.6517391204834 25.0176658630371 24.0658683776855 99.9942321777344 363.464477539062 538.112243652344 292.19189453125 83.640495300293 156.549392700195 145.118301391602 148.090957641602
10.6023263931274 10.8120908737183 12.5673122406006 13.1413106918335 13.4243516921997 14.7291851043701 16.1280632019043 13.1310062408447 6.99559831619263 4.26188087463379 4.30419111251831 4.51221179962158 4.87996482849121 5.09922409057617 5.09922409057617 5.09922409057617 5.10886812210083 5.37384939193726 7.11287212371826 11.382625579834 15.4190464019775 16.8023090362549 17.2242317199707 17.237325668335 17.2515430450439 28.601541519165 74.8177719116211 146.540191650391 186.118530273438 190.879699707031 190.894256591797 191.076599121094 191.155456542969 191.155380249023 190.140335083008 174.053588867188 47.673698425293 40.0646095275879 48.5349311828613 44.323917388916 32.3754844665527 24.4607810974121 60.906177520752 200.677825927734 305.509155273438 185.729644775391 108.851295471191 287.302764892578 162.51106262207 143.212783813477
10.5699644088745 10.5734577178955 10.8937320709229 11.6920900344849 12.6961402893066 13.1492576599121 12.9033946990967 11.0281009674072 6.93620729446411 4.25915098190308 4.26058626174927 4.28663301467896 4.4425196647644 5.07531261444092 5.09922456741333 5.09922456741333 5.10332775115967 5.22178840637207 6.17414283752441 8.82115173339844 11.1669025421143 12.2706604003906 14.7770090103149 16.6061363220215 16.2141361236572 14.7256717681885 21.2924003601074 49.258358001709 109.494766235352 167.026992797852 178.661773681641 171.285568237305 163.470184326172 137.177429199219 105.975746154785 86.538459777832 91.9691848754883 148.595245361328 183.961135864258 152.120712280273 75.5486068725586 20.0232086181641 27.4224281311035 66.3189239501953 105.741630554199 102.575317382812 102.681182861328 135.576324462891 95.6432571411133 68.2237167358398
10.5698471069336 10.5699987411499 10.6285753250122 10.9460916519165 11.8033618927002 12.7694501876831 13.0523824691772 11.9852247238159 8.23190116882324 4.69322824478149 4.25926399230957 4.26470518112183 4.33470010757446 4.9669246673584 5.09922456741333 5.09922504425049 5.10275936126709 5.20740556716919 6.10769891738892 8.70225715637207 10.883129119873 11.1910171508789 12.1673603057861 12.9557313919067 12.7045927047729 11.8693571090698 14.4302968978882 25.190731048584 50.3641014099121 76.4893035888672 78.260124206543 68.9613723754883 64.7469787597656 49.6658134460449 31.716480255127 22.9701042175293 64.2500534057617 118.060668945312 126.440559387207 80.5657119750977 37.0175437927246 17.1655941009521 22.1977500915527 42.6673927307129 67.9804229736328 78.4574203491211 94.3888244628906 152.510391235352 138.515274047852 -9999
10.5698461532593 10.5698480606079 10.5755844116211 10.6410512924194 10.9514446258545 11.3986978530884 10.8077077865601 8.9722900390625 7.05107259750366 5.55531454086304 4.66631364822388 4.26022529602051 4.28575038909912 4.81877613067627 5.0915150642395 5.09922456741333 5.10118913650513 5.17391157150269 5.9764552116394 8.57559299468994 10.8541488647461 10.8899431228638 11.0274639129639 11.2379751205444 11.6833772659302 17.3167037963867 23.4662322998047 28.398250579834 31.1634712219238 27.769172668457 19.0109748840332 14.8591976165771 14.4700527191162 14.4359483718872 21.7995491027832 41.522274017334 96.8718872070312 121.466163635254 94.2307739257812 47.7752952575684 34.5126342773438 29.7999668121338 26.6310005187988 24.9987907409668 28.2911071777344 35.1480979919434 53.4191131591797 166.209228515625 185.253555297852 -9999
10.569845199585 10.5697917938232 10.3163194656372 9.03864860534668 6.9985728263855 5.6148099899292 4.69111394882202 4.09189558029175 5.18646907806396 7.21852254867554 7.15527677536011 5.52493238449097 4.60845041275024 4.65926122665405 5.00680923461914 5.09922456741333 5.10016489028931 5.15314102172852 5.89128875732422 8.46533012390137 10.7773790359497 10.9028253555298 11.7618999481201 13.3602657318115 15.0023345947266 26.6319961547852 32.8862991333008 33.2567405700684 30.7981758117676 20.7756862640381 9.72241973876953 7.96116161346436 10.8746557235718 25.1713333129883 54.2372817993164 81.1176147460938 114.213638305664 122.530174255371 101.380165100098 68.816535949707 62.674488067627 60.7644348144531 54.116397857666 37.1211700439453 20.6030788421631 19.2413311004639 27.4183902740479 134.161468505859 177.895309448242 -9999
10.569845199585 10.5584058761597 8.21566581726074 5.02717161178589 3.04493832588196 2.41096663475037 2.10111212730408 2.17566776275635 3.71945428848267 7.29505681991577 9.40865325927734 8.57579898834229 7.63257360458374 6.60675621032715 6.03962087631226 5.62770700454712 5.68020248413086 6.31155347824097 7.3760085105896 9.07988929748535 10.3735055923462 10.8709268569946 12.8548803329468 15.3472309112549 17.3310260772705 32.136417388916 35.8090362548828 33.9054985046387 30.1008224487305 18.9782238006592 8.52578830718994 7.89353322982788 9.64040565490723 18.2718029022217 36.8633041381836 61.6535530090332 119.825256347656 114.604904174805 97.0429382324219 79.8160400390625 77.211051940918 76.4907913208008 70.8362731933594 53.5840530395508 38.7097473144531 43.2545166015625 49.478874206543 82.3579559326172 99.3655853271484 77.7496490478516
10.5261869430542 10.0118608474731 4.55677318572998 2.41805195808411 1.84375274181366 1.76714980602264 1.73451328277588 1.80808162689209 2.80273056030273 6.28674745559692 9.62783050537109 9.94975471496582 9.65855026245117 9.17932605743408 8.85237693786621 8.62619590759277 8.64482593536377 8.94524955749512 9.37125968933105 9.86813926696777 10.294979095459 11.2171039581299 13.7732849121094 16.1330394744873 17.8291645050049 33.4159469604492 36.2216987609863 34.1431083679199 30.6847057342529 20.2704238891602 9.48167705535889 7.80613470077515 8.14281845092773 10.7809982299805 21.9292449951172 49.9179763793945 117.565338134766 114.746238708496 97.6520080566406 85.4582443237305 82.2103958129883 79.1538772583008 76.7964172363281 70.3500900268555 65.7060546875 69.4839401245117 72.4463424682617 64.1234130859375 55.7903861999512 50.0250358581543
