rcp8.5models/MPI_ESM_LR/sc1gr10.29
NCOLS 261 
NROWS 433 
XLLCORNER 336357.134 
YLLCORNER 654653.479 
CELLSIZE 1000 
NODATA_value -3.4e+38 
[rows 220 to 241 of 433, columns 98 to 146 of 261]
642.180786132812 646.898498535156 652.143920898438 662.192443847656 670.020080566406 680.703186035156 689.101257324219 699.388549804688 708.555847167969 709.593383789062 724.693908691406 736.875366210938 715.549255371094 713.410827636719 720.985107421875 724.235473632812 730.695556640625 739.504577636719 749.771240234375 753 756.126403808594 759.161987304688 763.097351074219 768.574157714844 773.500732421875 780.738830566406 796.521301269531 802.179016113281 810.178405761719 849.237731933594 894.222717285156 847.482482910156 840.190734863281 847.764465332031 860.060668945312 879.715393066406 889.5654296875 902.944396972656 918.521301269531 959.914794921875 1024.23266601562 1013.72790527344 956.239379882812 1021.90240478516 1024.65649414062 941.493957519531 948.160583496094 953.428649902344 959.354919433594
643.946716308594 648.015441894531 653.296813964844 665.734436035156 672.050415039062 680.589111328125 685.610107421875 690.223327636719 699.765625 707.403869628906 723.750183105469 731.373596191406 714.9619140625 714.998229980469 724.341735839844 727.173583984375 733.151428222656 743.186096191406 755.68505859375 762.369140625 758.69970703125 761.395935058594 766.449340820312 771.649841308594 776.617248535156 784.352661132812 798.839050292969 807.436767578125 815.778991699219 872.514587402344 930.728820800781 841.440612792969 845.453735351562 852.740478515625 863.345886230469 885.973327636719 911.236083984375 909.977233886719 938.763427734375 1005.50213623047 1037.51879882812 986.586120605469 955.59521484375 1032.64477539062 1034.54455566406 943.5537109375 948.81640625 954.367919921875 964.797424316406
645.039794921875 649.417053222656 654.383850097656 667.4541015625 676.138732910156 689.1171875 694.316345214844 688.671569824219 694.705444335938 708.66162109375 729.164184570312 727.598876953125 714.731872558594 715.59521484375 727.312622070312 729.812683105469 735.697387695312 746.951538085938 759.556823730469 765.209106445312 761.431091308594 765.57470703125 770.148010253906 774.462524414062 781.398803710938 788.827880859375 801.927307128906 811.159240722656 821.930480957031 877.797302246094 937.464721679688 845.672424316406 849.429077148438 857.326171875 867.901489257812 885.648803710938 906.89453125 919.792907714844 959.71435546875 1012.70135498047 986.008911132812 935.101989746094 942.808898925781 988.96923828125 1004.33862304688 951.482543945312 950.119873046875 956.751403808594 967.394226074219
647.608825683594 652.548706054688 652.399841308594 666.410827636719 679.216125488281 697.046325683594 704.212768554688 690.649169921875 695.68408203125 709.968688964844 727.3583984375 720.039184570312 715.729370117188 719.239074707031 728.075378417969 734.189514160156 742.907958984375 750.862731933594 758.719482421875 788.759643554688 821.932678222656 774.336791992188 772.768615722656 778.364807128906 784.88134765625 792.234008789062 804.9501953125 814.011962890625 835.266479492188 888.467224121094 916.5048828125 849.961059570312 854.477783203125 861.935241699219 872.163452148438 886.305236816406 912.515563964844 943.724731445312 967.702819824219 954.063110351562 935.633605957031 923.421569824219 936.003784179688 948.601989746094 966.331909179688 959.996337890625 951.936645507812 958.067687988281 968.476257324219
647.898315429688 651.419372558594 650.074096679688 665.269958496094 683.186645507812 700.325866699219 695.303588867188 689.067321777344 695.654602050781 710.137756347656 726.921325683594 718.189025878906 717.445007324219 722.494567871094 731.117065429688 -3.4e+38 745.269470214844 751.519714355469 765.532653808594 -3.4e+38 833.438720703125 775.216064453125 775.935119628906 783.780883789062 790.058227539062 798.001281738281 809.987426757812 818.083984375 835.783752441406 867.701293945312 876.255004882812 857.552734375 869.811218261719 868.441467285156 884.913391113281 915.860473632812 938.639892578125 965.255859375 971.210632324219 911.460327148438 918.632873535156 924.311157226562 934.868103027344 941.647705078125 950.557434082031 955.684509277344 953.34765625 958.801818847656 971.158813476562
644.483642578125 646.760986328125 649.423217773438 665.668823242188 686.403381347656 698.848449707031 683.094848632812 687.652648925781 693.130493164062 713.947998046875 740.934631347656 719.105895996094 720.174865722656 725.919921875 732.964172363281 -3.4e+38 743.411193847656 751.279296875 766.812805175781 786.989807128906 786.317810058594 772.729125976562 779.209533691406 787.058532714844 796.605224609375 807.194885253906 816.081787109375 824.32666015625 829.382934570312 839.457824707031 850.011352539062 867.059814453125 884.417175292969 876.873779296875 917.973815917969 977.598266601562 951.517028808594 967.485107421875 957.068908691406 920.401733398438 939.069702148438 931.260375976562 936.347839355469 950.324951171875 944.4462890625 950.850952148438 954.179809570312 959.40478515625 973.247375488281
642.502807617188 645.51611328125 650.013854980469 663.558898925781 680.221801757812 689.843566894531 679.861694335938 686.066589355469 691.173828125 714.378356933594 746.15673828125 721.289733886719 724.270141601562 730.918273925781 735.635925292969 739.837097167969 746.406555175781 752.854125976562 763.081848144531 767.809448242188 770.461486816406 -3.4e+38 782.737426757812 789.465270996094 801.428100585938 815.483642578125 821.662414550781 828.510314941406 831.842407226562 842.596984863281 854.246276855469 885.488403320312 932.494445800781 941.729675292969 1014.34375 1074.18151855469 967.19091796875 934.2763671875 928.293762207031 939.301330566406 965.514587402344 942.615539550781 939.63818359375 949.2412109375 944.303283691406 951.261657714844 956.328125 960.743835449219 973.143432617188
642.736450195312 646.484130859375 652.30126953125 661.569091796875 672.588134765625 679.854064941406 678.128540039062 683.849914550781 690.705139160156 709.441833496094 734.194763183594 721.805725097656 726.198181152344 736.453796386719 739.385314941406 743.929931640625 752.0234375 754.702453613281 763.569030761719 770.169189453125 774.266723632812 780.389770507812 786.530456542969 793.411254882812 802.631225585938 815.278991699219 827.341613769531 831.913635253906 836.138122558594 847.402160644531 863.638122558594 915.963745117188 1013.64477539062 1098.58898925781 1158.48596191406 1085.455078125 955.560791015625 912.593017578125 938.024841308594 976.883666992188 978.665222167969 965.856811523438 951.270874023438 939.886535644531 946.1318359375 952.867797851562 959.160766601562 962.662536621094 974.218139648438
642.967590332031 647.222534179688 654.452758789062 662.168884277344 669.226928710938 -3.4e+38 -3.4e+38 683.409484863281 692.163452148438 705.113037109375 717.985534667969 717.6845703125 726.610778808594 742.455139160156 740.742919921875 747.150207519531 756.034057617188 757.182189941406 764.437072753906 773.047180175781 780.759460449219 786.926574707031 790.342956542969 797.803283691406 806.460571289062 815.119873046875 833.387817382812 836.466064453125 841.301330566406 851.3310546875 867.44091796875 915.644226074219 1055.9033203125 1211.82141113281 1152.59020996094 982.458251953125 928.762939453125 921.784545898438 954.760864257812 991.505432128906 965.185302734375 964.986267089844 961.080444335938 949.105163574219 948.530822753906 954.471984863281 960.167541503906 964.753173828125 976.65234375
643.682556152344 650.068054199219 660.98779296875 664.14404296875 670.926452636719 675.965026855469 676.979675292969 684.400573730469 694.538513183594 705.655090332031 711.747924804688 720.060180664062 730.698547363281 755.0634765625 746.398010253906 751.592834472656 761.260009765625 759.969848632812 766.992309570312 776.997619628906 788.680297851562 794.392761230469 795.273986816406 802.683654785156 813.235778808594 827.120422363281 854.031494140625 863.09423828125 846.317321777344 855.652954101562 869.593627929688 909.050170898438 1056.48693847656 1200.66809082031 1051.61010742188 917.526428222656 920.173583984375 928.76220703125 937.00048828125 949.990478515625 938.088989257812 943.49365234375 950.443908691406 951.508850097656 951.344787597656 956.910827636719 960.966613769531 967.637451171875 978.695068359375
644.980224609375 650.755249023438 659.754272460938 666.176635742188 674.184875488281 681.339538574219 680.10009765625 685.252624511719 693.871704101562 703.911560058594 709.597473144531 719.114135742188 738.620666503906 781.608703613281 754.664428710938 757.558410644531 766.455749511719 764.839172363281 772.234558105469 781.70654296875 796.635009765625 804.789001464844 801.862976074219 810.030883789062 -3.4e+38 869.545959472656 929.63525390625 908.304992675781 853.234619140625 861.918212890625 877.703369140625 943.996032714844 1114.3369140625 1160.080078125 976.974182128906 911.104125976562 917.131286621094 937.465209960938 920.565307617188 923.255493164062 929.269165039062 937.793212890625 941.887634277344 946.2900390625 955.678344726562 960.195495605469 962.147338867188 969.482666015625 981.761413574219
648.045959472656 652.883178710938 657.835815429688 666.472961425781 676.822631835938 688.646423339844 685.8125 692.701538085938 700.819641113281 703.120239257812 708.196533203125 716.858703613281 749.765686035156 819.972351074219 807.881469726562 763.940551757812 773.418579101562 776.99755859375 786.452331542969 815.781921386719 841.854675292969 813.052917480469 823.705139160156 842.927673339844 876.297058105469 932.673156738281 1018.16625976562 891.018493652344 868.281188964844 876.306457519531 906.291687011719 1021.28680419922 1147.04663085938 1043.27673339844 914.87939453125 909.705993652344 929.942443847656 963.524353027344 940.219970703125 926.367614746094 930.832824707031 936.285522460938 941.043334960938 946.482421875 953.572692871094 960.054748535156 967.709045410156 973.012756347656 986.833312988281
649.523498535156 653.378234863281 658.266296386719 667.444274902344 673.8603515625 683.475158691406 683.549743652344 691.258605957031 702.286865234375 708.978088378906 710.405517578125 720.972778320312 737.937316894531 773.58935546875 822.003479003906 769.116455078125 780.701782226562 803.240905761719 831.327392578125 843.660034179688 866.381774902344 839.290832519531 845.066162109375 860.333923339844 913.0400390625 947.191101074219 916.755065917969 885.714721679688 881.720947265625 893.883056640625 904.570129394531 993.382141113281 1108.78454589844 982.032836914062 911.221557617188 910.22900390625 935.393920898438 942.337585449219 943.574768066406 934.794006347656 933.883544921875 938.701965332031 945.771423339844 950.990234375 959.94775390625 966.5361328125 969.906188964844 974.719970703125 990.123413085938
652.07568359375 655.192932128906 658.74609375 666.593322753906 670.54052734375 676.211791992188 680.711364746094 686.0771484375 695.731872558594 705.944946289062 706.469970703125 716.786987304688 727.834167480469 744.265502929688 804.898254394531 771.211486816406 790.820495605469 840.567932128906 883.812927246094 883.810363769531 888.999816894531 875.491271972656 870.365905761719 887.346740722656 927.981567382812 976.23095703125 899.101257324219 893.415405273438 898.458740234375 909.586181640625 907.36669921875 971.040161132812 1045.32189941406 936.302795410156 906.37451171875 910.879760742188 942.378234863281 966.258239746094 -3.4e+38 938.649658203125 937.435913085938 944.068725585938 950.996337890625 955.632019042969 965.695678710938 973.388793945312 972.557495117188 976.189147949219 992.608154296875
652.635925292969 654.955322265625 658.778869628906 665.822082519531 670.290649414062 675.496154785156 679.285827636719 683.91455078125 691.6533203125 700.779418945312 703.842346191406 720.793579101562 752.547241210938 784.79638671875 818.598022460938 776.786865234375 806.183837890625 868.79296875 896.110717773438 900.123718261719 903.805297851562 906.74951171875 902.0673828125 910.156982421875 946.033752441406 990.847961425781 899.436767578125 902.381530761719 917.750305175781 917.510681152344 903.023681640625 948.015441894531 993.785400390625 917.506713867188 907.746643066406 910.3818359375 938.889953613281 989.880615234375 -3.4e+38 940.035095214844 939.77587890625 945.501525878906 952.203247070312 959.362060546875 968.693481445312 974.208618164062 976.020751953125 981.100341796875 995.522155761719
652.400146484375 655.446044921875 660.3203125 666.128479003906 669.41796875 674.428466796875 678.90380859375 684.234130859375 692.839294433594 702.806396484375 708.304565429688 721.868591308594 766.992553710938 840.527099609375 817.591125488281 791.181335449219 821.147277832031 879.6943359375 886.428161621094 895.974975585938 907.122131347656 916.616027832031 913.829406738281 909.566772460938 936.021606445312 973.700866699219 901.231262207031 902.321960449219 917.829162597656 914.015869140625 908.707092285156 969.257629394531 1017.96514892578 921.868591308594 908.053649902344 910.59912109375 927.559936523438 988.019409179688 979.736328125 945.919738769531 940.141662597656 947.200927734375 955.165100097656 963.1162109375 972.474609375 976.835754394531 980.628662109375 985.724243164062 998.734741210938
653.450988769531 656.645629882812 660.79443359375 667.477905273438 670.310546875 674.662109375 680.100524902344 685.129333496094 693.517150878906 706.05810546875 716.271545410156 725.495361328125 760.102478027344 806.770935058594 790.678588867188 791.648132324219 817.398742675781 877.043273925781 880.484924316406 888.809509277344 901.133544921875 913.823974609375 910.383728027344 916.716674804688 945.081237792969 1003.86053466797 905.563903808594 903.083374023438 926.798767089844 943.317199707031 910.482849121094 950.559997558594 976.692565917969 917.905578613281 907.166137695312 911.047119140625 923.888671875 956.487670898438 956.684509277344 942.987487792969 948.501770019531 962.265991210938 965.395202636719 970.028564453125 977.317077636719 983.128845214844 985.575500488281 988.772888183594 1001.06701660156
655.284851074219 657.268737792969 660.275573730469 667.959350585938 671.628112792969 676.844482421875 684.038757324219 687.702209472656 692.983276367188 706.252563476562 718.955688476562 724.871520996094 738.719970703125 750.620666503906 768.373352050781 781.433898925781 805.093994140625 865.254333496094 881.605834960938 883.702392578125 891.979370117188 906.816833496094 899.869262695312 915.891418457031 948.560424804688 987.904968261719 901.136047363281 901.561889648438 941.5830078125 979.927429199219 904.175170898438 911.09716796875 919.060729980469 918.039001464844 908.249267578125 911.011535644531 918.313781738281 932.022216796875 929.244445800781 -3.4e+38 -3.4e+38 982.3564453125 982.212036132812 982.978088378906 985.730590820312 986.665161132812 989.185241699219 993.398620605469 1004.96099853516
657.407775878906 660.621887207031 662.563598632812 668.108703613281 672.445007324219 679.089782714844 684.225341796875 688.941650390625 694.002563476562 705.599853515625 715.054870605469 716.486572265625 722.496276855469 732.431579589844 757.331848144531 772.574584960938 799.239074707031 850.757690429688 871.887390136719 886.646057128906 891.815124511719 895.848754882812 892.029174804688 904.967163085938 925.56689453125 922.759460449219 891.410339355469 896.058349609375 935.157836914062 992.214538574219 933.974365234375 905.626159667969 908.734069824219 914.298645019531 913.671142578125 923.429260253906 916.958190917969 932.84716796875 935.072937011719 -3.4e+38 978.878662109375 995.196166992188 998.522583007812 991.515441894531 992.247680664062 987.570373535156 989.973937988281 995.692321777344 1007.85534667969
658.913024902344 662.765380859375 666.247619628906 669.268737792969 672.629638671875 678.542114257812 686.686462402344 695.727478027344 694.993591308594 704.764282226562 712.300903320312 714.837768554688 722.248291015625 730.958679199219 761.831298828125 766.783264160156 789.106872558594 823.036071777344 847.452575683594 888.56787109375 891.646423339844 890.717346191406 899.20263671875 909.154968261719 914.868286132812 898.48193359375 -3.4e+38 -3.4e+38 -3.4e+38 966.415222167969 954.418762207031 914.387145996094 904.451232910156 904.589721679688 920.151916503906 942.979431152344 925.295104980469 932.209228515625 937.468933105469 -3.4e+38 983.431518554688 1020.96362304688 1013.76647949219 988.684020996094 990.4306640625 990.06103515625 993.118041992188 998.640380859375 1008.76934814453
659.756713867188 662.56298828125 667.460021972656 670.878112792969 673.381713867188 677.945373535156 689.522094726562 701.975402832031 696.320007324219 702.393310546875 708.258972167969 714.076599121094 722.467834472656 732.141479492188 761.028686523438 761.265625 776.777282714844 803.060729980469 850.183166503906 889.1826171875 890.790283203125 895.268676757812 911.032653808594 917.164489746094 914.720031738281 911.224487304688 883.26318359375 888.9697265625 -3.4e+38 912.783569335938 917.159851074219 910.453918457031 907.439025878906 907.148864746094 924.860717773438 944.988647460938 930.727966308594 939.870544433594 942.476013183594 948.955322265625 984.170593261719 1046.59875488281 1046.95141601562 990.825500488281 -3.4e+38 993.079223632812 996.836853027344 1002.44525146484 1011.64343261719
660.560241699219 661.279174804688 665.282165527344 671.152404785156 674.586608886719 677.874877929688 685.581237792969 696.35546875 698.516174316406 700.10498046875 704.690673828125 710.996215820312 719.1708984375 727.22216796875 748.215576171875 757.659240722656 785.627685546875 829.241027832031 868.865234375 894.071655273438 902.435607910156 914.825378417969 912.450317382812 918.088317871094 919.620666503906 928.218017578125 887.932250976562 -3.4e+38 896.410705566406 897.728149414062 890.848693847656 899.336975097656 908.180236816406 914.185729980469 927.900268554688 946.013549804688 938.280395507812 953.351135253906 949.267150878906 951.49072265625 974.810791015625 1032.6416015625 1054.12939453125 992.255493164062 990.810180664062 994.454650878906 998.627075195312 1003.69940185547 1015.62084960938
