rcp8.5models/MPI_ESM_LR/sc1gr6.22
NCOLS 261 
NROWS 433 
XLLCORNER 336357.134 
YLLCORNER 654653.479 
CELLSIZE 1000 
NODATA_value -3.4e+38 
[rows 44 to 65 of 433, columns 98 to 146 of 261]
804.857055664062 806.217163085938 808.157165527344 811.049865722656 812.070556640625 814.670227050781 814.4130859375 815.693603515625 817.281921386719 817.763305664062 820.555297851562 821.2275390625 822.606567382812 825.1484375 828.690612792969 828.986145019531 830.747192382812 832.368591308594 832.809875488281 835.728149414062 836.963256835938 838.821411132812 839.5888671875 840.706420898438 -3.4e+38 -3.4e+38 -3.4e+38 -3.4e+38 -3.4e+38 -3.4e+38 -3.4e+38 -3.4e+38 -3.4e+38 -3.4e+38 -3.4e+38 -3.4e+38 -3.4e+38 -3.4e+38 -3.4e+38 -3.4e+38 -3.4e+38 -3.4e+38 -3.4e+38 -3.4e+38 -3.4e+38 -3.4e+38 -3.4e+38 -3.4e+38 -3.4e+38
803.660888671875 806.192749023438 807.043579101562 810.244934082031 811.106567382812 811.948486328125 814.923583984375 815.487182617188 816.719421386719 817.7275390625 819.400268554688 821.420288085938 822.012878417969 824.317199707031 828.035339355469 830.161682128906 831.601867675781 832.523620605469 834.196166992188 835.669555664062 837.417358398438 840.100402832031 840.154479980469 841.946350097656 844.001525878906 -3.4e+38 -3.4e+38 -3.4e+38 -3.4e+38 -3.4e+38 -3.4e+38 -3.4e+38 -3.4e+38 -3.4e+38 -3.4e+38 -3.4e+38 -3.4e+38 -3.4e+38 -3.4e+38 -3.4e+38 -3.4e+38 -3.4e+38 -3.4e+38 -3.4e+38 -3.4e+38 -3.4e+38 -3.4e+38 -3.4e+38 -3.4e+38
802.335693359375 805.716674804688 806.338256835938 809.818969726562 810.739685058594 810.868591308594 814.039916992188 814.563720703125 816.199401855469 817.204528808594 818.220764160156 821.214172363281 822.268615722656 824.190856933594 827.449096679688 828.482116699219 829.502685546875 831.686401367188 833.492980957031 835.774291992188 837.93212890625 840.31640625 841.00244140625 842.875671386719 844.9755859375 845.430236816406 847.987670898438 -3.4e+38 -3.4e+38 -3.4e+38 -3.4e+38 -3.4e+38 -3.4e+38 -3.4e+38 -3.4e+38 -3.4e+38 -3.4e+38 -3.4e+38 -3.4e+38 -3.4e+38 -3.4e+38 -3.4e+38 -3.4e+38 -3.4e+38 -3.4e+38 -3.4e+38 -3.4e+38 -3.4e+38 -3.4e+38
801.481323242188 803.561584472656 805.157592773438 809.343811035156 809.997863769531 810.473571777344 812.953430175781 814.5908203125 815.601013183594 817.4384765625 817.985168457031 820.556823730469 822.152465820312 823.835510253906 826.893249511719 827.693359375 828.627807617188 831.069946289062 833.901672363281 835.810363769531 837.418334960938 840.110290527344 840.678100585938 842.116394042969 843.176879882812 845.171081542969 847.812194824219 -3.4e+38 852.284057617188 -3.4e+38 -3.4e+38 -3.4e+38 -3.4e+38 -3.4e+38 -3.4e+38 -3.4e+38 -3.4e+38 -3.4e+38 -3.4e+38 -3.4e+38 -3.4e+38 -3.4e+38 -3.4e+38 -3.4e+38 -3.4e+38 -3.4e+38 -3.4e+38 -3.4e+38 -3.4e+38
801.923034667969 802.756469726562 804.429138183594 807.3642578125 808.525756835938 810.756774902344 812.398559570312 814.382629394531 814.780395507812 817.341491699219 817.836853027344 820.079467773438 821.833312988281 822.717224121094 825.544250488281 827.427978515625 829.025268554688 831.237731933594 833.647521972656 836.021057128906 837.020202636719 839.734619140625 841.096252441406 842.180114746094 842.664916992188 844.417236328125 847.986145019531 849.65087890625 -3.4e+38 -3.4e+38 -3.4e+38 -3.4e+38 -3.4e+38 -3.4e+38 -3.4e+38 -3.4e+38 -3.4e+38 -3.4e+38 -3.4e+38 -3.4e+38 -3.4e+38 -3.4e+38 -3.4e+38 -3.4e+38 -3.4e+38 -3.4e+38 -3.4e+38 -3.4e+38 -3.4e+38
802.66650390625 802.9599609375 805.141845703125 806.878845214844 808.776672363281 810.624816894531 812.198364257812 813.411560058594 815.03369140625 817.235229492188 817.249572753906 818.522216796875 821.315246582031 822.173583984375 825.848022460938 827.996704101562 829.272644042969 830.938171386719 832.474487304688 -3.4e+38 836.55224609375 838.897033691406 840.0234375 842.521423339844 842.58349609375 844.799743652344 848.470520019531 850.398742675781 852.268249511719 852.93017578125 855.636901855469 -3.4e+38 -3.4e+38 -3.4e+38 -3.4e+38 -3.4e+38 -3.4e+38 -3.4e+38 -3.4e+38 -3.4e+38 -3.4e+38 -3.4e+38 -3.4e+38 -3.4e+38 -3.4e+38 -3.4e+38 -3.4e+38 -3.4e+38 -3.4e+38
803.345642089844 802.838745117188 805.696105957031 807.228271484375 808.966552734375 811.311950683594 810.874145507812 812.014770507812 814.330993652344 817.445434570312 816.711120605469 819.189331054688 821.947448730469 822.737060546875 826.413696289062 828.166198730469 829.584777832031 830.901428222656 832.403747558594 -3.4e+38 836.461669921875 839.302551269531 840.067993164062 842.066711425781 842.720764160156 845.132751464844 848.401733398438 850.10107421875 850.53857421875 851.996032714844 855.239624023438 855.947570800781 -3.4e+38 -3.4e+38 -3.4e+38 -3.4e+38 -3.4e+38 -3.4e+38 -3.4e+38 -3.4e+38 -3.4e+38 -3.4e+38 -3.4e+38 -3.4e+38 -3.4e+38 -3.4e+38 -3.4e+38 -3.4e+38 -3.4e+38
803.205505371094 803.150695800781 805.729553222656 806.191650390625 808.443908691406 810.562683105469 810.417236328125 813.261596679688 814.27099609375 817.408081054688 819.666625976562 822.57958984375 823.720275878906 823.314392089844 827.011535644531 829.776306152344 830.208068847656 829.28564453125 832.102111816406 835.734008789062 837.039855957031 839.864562988281 840.671081542969 841.541381835938 842.862854003906 845.634338378906 847.8515625 849.850891113281 850.820129394531 851.901000976562 854.459533691406 856.70947265625 -3.4e+38 -3.4e+38 -3.4e+38 -3.4e+38 -3.4e+38 -3.4e+38 -3.4e+38 -3.4e+38 -3.4e+38 -3.4e+38 -3.4e+38 -3.4e+38 -3.4e+38 -3.4e+38 -3.4e+38 -3.4e+38 -3.4e+38
803.347106933594 803.039855957031 804.377197265625 805.125732421875 806.65185546875 809.637268066406 811.383239746094 814.219665527344 814.894165039062 816.937744140625 819.347412109375 823.157531738281 823.813415527344 823.659851074219 827.36279296875 829.756713867188 829.937805175781 829.823181152344 833.311401367188 834.481201171875 836.229736328125 838.552185058594 839.222412109375 840.856506347656 842.382202148438 844.379333496094 847.490600585938 850.082763671875 850.579284667969 852.891662597656 855.621826171875 857.627258300781 858.193481445312 -3.4e+38 -3.4e+38 -3.4e+38 -3.4e+38 -3.4e+38 -3.4e+38 -3.4e+38 -3.4e+38 -3.4e+38 -3.4e+38 -3.4e+38 -3.4e+38 -3.4e+38 -3.4e+38 -3.4e+38 -3.4e+38
804.106628417969 802.457092285156 803.42138671875 805.218811035156 806.807983398438 809.165588378906 812.402954101562 814.170593261719 814.835876464844 817.041809082031 818.939514160156 821.601257324219 823.5087890625 822.075561523438 828.221496582031 829.009216308594 830.220336914062 831.389404296875 834.039978027344 834.467651367188 836.386474609375 837.04736328125 838.974304199219 841.436218261719 842.860229492188 844.379943847656 847.177490234375 850.265258789062 851.549194335938 852.637023925781 855.473876953125 856.989318847656 857.855834960938 859.575500488281 -3.4e+38 -3.4e+38 865.238464355469 -3.4e+38 -3.4e+38 -3.4e+38 -3.4e+38 -3.4e+38 -3.4e+38 -3.4e+38 -3.4e+38 -3.4e+38 -3.4e+38 -3.4e+38 -3.4e+38
803.154113769531 803.290893554688 803.401489257812 806.372253417969 806.760498046875 809.379150390625 812.247619628906 814.699645996094 814.646057128906 818.636108398438 819.766723632812 821.685974121094 822.279418945312 822.305541992188 829.124206542969 -3.4e+38 831.39111328125 831.885986328125 834.076110839844 834.863342285156 836.722045898438 836.18017578125 839.717468261719 -3.4e+38 842.636596679688 845.458557128906 848.161315917969 850.558288574219 852.764038085938 853.209350585938 855.171508789062 855.57568359375 858.356628417969 859.848815917969 860.982482910156 -3.4e+38 -3.4e+38 867.744567871094 -3.4e+38 -3.4e+38 -3.4e+38 -3.4e+38 -3.4e+38 -3.4e+38 -3.4e+38 -3.4e+38 -3.4e+38 -3.4e+38 -3.4e+38
801.139221191406 -3.4e+38 803.761901855469 808.189147949219 806.285766601562 -3.4e+38 812.549255371094 815.538635253906 -3.4e+38 818.487487792969 820.005065917969 821.961547851562 -3.4e+38 822.5732421875 826.985717773438 -3.4e+38 832.115173339844 831.328002929688 834.146057128906 835.830688476562 835.906799316406 836.108459472656 839.95458984375 840.638427734375 842.477478027344 846.769226074219 848.693786621094 850.865600585938 852.90673828125 853.786499023438 856.538269042969 856.192749023438 858.265991210938 860.842163085938 862.9052734375 -3.4e+38 864.999267578125 -3.4e+38 870.508728027344 -3.4e+38 -3.4e+38 -3.4e+38 -3.4e+38 -3.4e+38 -3.4e+38 -3.4e+38 -3.4e+38 -3.4e+38 -3.4e+38
799.785766601562 801.511901855469 803.765258789062 806.274475097656 -3.4e+38 -3.4e+38 812.116027832031 815.174438476562 817.132873535156 817.357299804688 820.326599121094 820.077270507812 -3.4e+38 821.552307128906 825.086059570312 829.234680175781 831.732666015625 833.9052734375 836.464660644531 836.064819335938 835.030090332031 839.019897460938 841.450866699219 841.17822265625 844.0078125 846.018676757812 849.381103515625 852.59619140625 852.507141113281 854.094787597656 857.801452636719 858.937438964844 861.244140625 863.36328125 863.189392089844 864.541137695312 866.237731933594 869.866760253906 -3.4e+38 -3.4e+38 -3.4e+38 -3.4e+38 -3.4e+38 -3.4e+38 -3.4e+38 -3.4e+38 -3.4e+38 -3.4e+38 -3.4e+38
799.361450195312 801.518920898438 805.049133300781 804.946533203125 -3.4e+38 -3.4e+38 810.603149414062 812.484252929688 814.369140625 817.22119140625 819.065246582031 819.737487792969 819.628845214844 822.904113769531 825.828063964844 828.910827636719 831.30029296875 834.872863769531 836.920166015625 835.000732421875 -3.4e+38 840.840270996094 842.256164550781 842.029174804688 846.550842285156 846.914245605469 -3.4e+38 852.39306640625 855.051147460938 856.058776855469 858.433166503906 858.584167480469 861.162658691406 863.351135253906 863.442443847656 865.724914550781 -3.4e+38 -3.4e+38 -3.4e+38 -3.4e+38 -3.4e+38 -3.4e+38 -3.4e+38 -3.4e+38 -3.4e+38 -3.4e+38 -3.4e+38 -3.4e+38 -3.4e+38
799.199401855469 801.778991699219 804.595031738281 803.611755371094 -3.4e+38 807.182800292969 810.154296875 811.255187988281 812.683776855469 818.06591796875 819.450256347656 819.022094726562 819.696533203125 823.415649414062 827.442504882812 828.662536621094 830.470092773438 833.2177734375 834.590515136719 -3.4e+38 -3.4e+38 841.162109375 841.613037109375 843.302734375 847.614013671875 848.5068359375 852.372375488281 853.187744140625 855.857482910156 858.359313964844 859.629455566406 859.851867675781 862.138122558594 864.469909667969 865.700866699219 866.975708007812 -3.4e+38 -3.4e+38 -3.4e+38 -3.4e+38 -3.4e+38 879.114074707031 881.591613769531 -3.4e+38 -3.4e+38 -3.4e+38 -3.4e+38 -3.4e+38 -3.4e+38
800.001098632812 803.702270507812 804.76513671875 802.998718261719 804.298950195312 805.982788085938 810.759460449219 811.365295410156 811.993041992188 816.337158203125 818.779357910156 818.497802734375 820.348205566406 823.124084472656 826.486999511719 828.226684570312 830.380981445312 832.498474121094 833.54833984375 835.110046386719 837.144775390625 840.766662597656 841.917663574219 844.249206542969 848.285339355469 848.61865234375 854.257629394531 855.388549804688 857.075439453125 859.450073242188 860.704650878906 862.322570800781 863.450317382812 865.054748535156 866.336669921875 865.777893066406 -3.4e+38 -3.4e+38 -3.4e+38 -3.4e+38 -3.4e+38 -3.4e+38 881.575622558594 884.012634277344 -3.4e+38 -3.4e+38 -3.4e+38 -3.4e+38 -3.4e+38
800.466003417969 803.874450683594 804.246704101562 803.262817382812 804.153869628906 806.070617675781 809.1337890625 810.99072265625 813.133605957031 816.431518554688 817.654235839844 817.693298339844 821.239990234375 823.007019042969 825.57275390625 827.934631347656 830.058654785156 831.874694824219 833.526306152344 834.310180664062 837.852416992188 841.108459472656 842.250854492188 843.924377441406 847.186767578125 847.406677246094 855.998107910156 856.627746582031 858.018920898438 859.755493164062 862.032287597656 863.430847167969 864.106811523438 863.502807617188 863.286315917969 864.597412109375 -3.4e+38 -3.4e+38 -3.4e+38 -3.4e+38 -3.4e+38 -3.4e+38 880.845825195312 884.129638671875 -3.4e+38 -3.4e+38 -3.4e+38 -3.4e+38 -3.4e+38
801.057067871094 803.491149902344 803.784851074219 803.115478515625 803.595397949219 805.296997070312 808.144958496094 810.227783203125 812.792358398438 816.305419921875 816.280639648438 816.875915527344 819.945007324219 823.69384765625 825.85302734375 829.090454101562 830.302368164062 832.052795410156 833.459655761719 833.869812011719 837.094604492188 841.287231445312 843.103149414062 844.559143066406 846.715454101562 847.146911621094 856.574401855469 858.062438964844 858.401733398438 858.676147460938 863.077880859375 863.243103027344 863.645812988281 862.205688476562 862.327819824219 864.88330078125 866.737976074219 -3.4e+38 -3.4e+38 -3.4e+38 -3.4e+38 -3.4e+38 -3.4e+38 883.808166503906 886.844299316406 -3.4e+38 -3.4e+38 -3.4e+38 -3.4e+38
800.474060058594 801.329956054688 803.386169433594 803.076171875 803.637023925781 804.780578613281 808.156188964844 811.049987792969 813.69921875 816.988830566406 816.7470703125 817.547119140625 819.166870117188 822.976684570312 827.31982421875 829.668090820312 831.789184570312 831.901916503906 833.941772460938 834.495056152344 836.253479003906 840.237243652344 843.035827636719 844.971008300781 847.606567382812 847.42724609375 854.612121582031 857.527038574219 857.540588378906 859.1875 863.155212402344 863.382934570312 862.418823242188 860.294128417969 862.689758300781 865.591796875 868.340942382812 873.831481933594 875.91357421875 875.861083984375 -3.4e+38 -3.4e+38 -3.4e+38 -3.4e+38 886.807189941406 -3.4e+38 -3.4e+38 -3.4e+38 -3.4e+38
799.110900878906 799.583862304688 800.639526367188 804.033386230469 804.317810058594 804.699279785156 808.121520996094 810.445495605469 813.705322265625 815.513732910156 817.701599121094 818.276123046875 820.56591796875 823.223999023438 828.066467285156 828.954956054688 831.359985351562 832.307739257812 833.164367675781 834.286010742188 835.798706054688 840.305236816406 844.207580566406 846.788635253906 847.044555664062 847.932006835938 853.40283203125 854.161926269531 858.376220703125 861.06201171875 863.342651367188 863.657043457031 861.698913574219 859.8212890625 862.950866699219 865.403747558594 871.377319335938 877.551208496094 878.167724609375 878.623779296875 880.280700683594 -3.4e+38 -3.4e+38 -3.4e+38 886.852416992188 889.173400878906 -3.4e+38 -3.4e+38 -3.4e+38
798.585632324219 798.019226074219 798.923156738281 802.711853027344 803.1806640625 805.001220703125 807.421447753906 810.015380859375 812.685424804688 814.215270996094 816.566162109375 817.509094238281 819.981323242188 823.451416015625 827.875 829.541442871094 831.525634765625 832.24072265625 833.395385742188 834.943237304688 836.674011230469 839.969482421875 843.649841308594 847.078002929688 847.8046875 850.757873535156 852.86669921875 855.946655273438 860.844177246094 862.691345214844 863.661376953125 863.373962402344 861.186950683594 861.114990234375 864.434265136719 869.642272949219 874.661865234375 877.832824707031 877.689575195312 879.958068847656 882.608154296875 882.97119140625 -3.4e+38 -3.4e+38 -3.4e+38 890.399108886719 -3.4e+38 -3.4e+38 -3.4e+38
799.179809570312 799.507446289062 799.452087402344 802.2978515625 803.608764648438 804.787658691406 806.105407714844 810.007568359375 812.635986328125 814.675048828125 816.210021972656 817.547058105469 819.568786621094 822.803039550781 827.226684570312 830.169616699219 832.207580566406 832.366333007812 834.01123046875 836.133422851562 838.224182128906 840.065795898438 843.578674316406 847.21728515625 848.9404296875 850.992065429688 853.678466796875 858.398620605469 861.636047363281 863.495971679688 861.927795410156 861.09326171875 861.109924316406 862.522583007812 865.147033691406 871.744323730469 878.017395019531 878.038940429688 879.06884765625 881.172485351562 883.12548828125 884.042297363281 -3.4e+38 -3.4e+38 -3.4e+38 890.825622558594 893.389221191406 -3.4e+38 -3.4e+38
