rcp8.5models/MPI_ESM_LR/sc1gr6.19
NCOLS 261 
NROWS 433 
XLLCORNER 336357.134 
YLLCORNER 654653.479 
CELLSIZE 1000 
NODATA_value -3.4e+38 
[rows 88 to 109 of 433, columns 49 to 97 of 261]
-3.4e+38 -3.4e+38 -3.4e+38 -3.4e+38 -3.4e+38 -3.4e+38 -3.4e+38 -3.4e+38 -3.4e+38 -3.4e+38 1147.73962402344 -3.4e+38 1150.10266113281 1153.55505371094 1155.62158203125 1157.61645507812 1157.70166015625 1161.29968261719 1164.70764160156 1171.07556152344 1171.95629882812 1173.93920898438 1175.08935546875 1175.74780273438 1180.17504882812 1183.74365234375 1184.27893066406 1186.59680175781 1187.15051269531 1191.02917480469 1193.41552734375 1195.0546875 -3.4e+38 1201.46264648438 1202.79907226562 1205.28576660156 1207.55041503906 1208.91198730469 1211.54455566406 1215.08898925781 1217.24499511719 1224.98876953125 1227.73266601562 1229.75122070312 1232.34704589844 1233.09143066406 1236.03076171875 1237.32653808594 1238.16796875
-3.4e+38 -3.4e+38 -3.4e+38 -3.4e+38 -3.4e+38 -3.4e+38 -3.4e+38 -3.4e+38 -3.4e+38 -3.4e+38 1146.94384765625 1149.43542480469 1151.54223632812 1152.62109375 1154.63244628906 1155.90502929688 1158.9833984375 1161.70764160156 1166.79284667969 1172.55285644531 1172.86145019531 1175.04125976562 1175.03869628906 1177.26977539062 1181.54956054688 1182.80065917969 1184.97351074219 1186.53625488281 1188.98767089844 1193.4345703125 1196.09631347656 1196.46899414062 1201.70935058594 1203.60534667969 1204.82727050781 1205.89367675781 1207.98583984375 1210.61865234375 1211.92041015625 1214.92895507812 1217.96716308594 1225.83764648438 1227.74584960938 1229.93969726562 1234.07873535156 1234.53784179688 1236.59301757812 1238.58764648438 1241.20751953125
-3.4e+38 -3.4e+38 -3.4e+38 -3.4e+38 -3.4e+38 -3.4e+38 -3.4e+38 -3.4e+38 -3.4e+38 -3.4e+38 1147.11889648438 1149.32971191406 1150.57104492188 1152.640625 1154.74035644531 1156.32800292969 1160.24157714844 1162.93725585938 1167.94519042969 1171.98608398438 1171.75402832031 1173.85485839844 1175.19677734375 1179.34545898438 1181.48962402344 1183.34155273438 1185.13269042969 1187.58020019531 1190.17956542969 1194.23815917969 1197.79162597656 1199.69982910156 1203.03930664062 1204.34362792969 1204.02026367188 1205.99108886719 1209.53295898438 1210.02661132812 1212.18811035156 1215.78405761719 1218.71826171875 1223.35314941406 1226.46655273438 1228.24523925781 1232.09765625 1233.60168457031 1237.39379882812 1238.15600585938 1242.64392089844
-3.4e+38 -3.4e+38 -3.4e+38 -3.4e+38 -3.4e+38 -3.4e+38 -3.4e+38 -3.4e+38 -3.4e+38 1146.59851074219 1147.61572265625 1149.61181640625 1153.15246582031 1154.92541503906 1156.08581542969 1160.15588378906 1160.41577148438 1162.76586914062 1167.44592285156 1170.22351074219 1171.2099609375 1173.69470214844 1176.20739746094 1179.46423339844 1179.4921875 1181.78454589844 1182.95910644531 1186.31750488281 1189.31701660156 1195.1875 1197.60144042969 1201.8779296875 1204.53356933594 1206.80297851562 1206.36853027344 1211.35388183594 1211.853515625 1212.56115722656 1212.86169433594 1213.873046875 1216.38269042969 1222.84887695312 1224.08764648438 1227.16381835938 1229.83666992188 1235.74841308594 1238.2919921875 1241.3974609375 1244.7958984375
-3.4e+38 -3.4e+38 -3.4e+38 -3.4e+38 -3.4e+38 -3.4e+38 -3.4e+38 -3.4e+38 1144.48522949219 1145.66625976562 1150.0146484375 1151.34912109375 1152.9462890625 1154.70056152344 1156.45056152344 1157.96875 1160.02465820312 1161.86364746094 1166.60290527344 1170.30981445312 1171.04675292969 1173.27062988281 1174.4775390625 1178.94580078125 1179.73828125 1180.93444824219 1183.65063476562 1185.83862304688 1190.66552734375 1195.60485839844 1196.64404296875 1202.09606933594 1204.9912109375 1206.04357910156 1207.79833984375 1212.08850097656 1212.29541015625 1212.46496582031 1212.99475097656 1213.99243164062 1216.86389160156 1221.7490234375 1225.02270507812 1228.17138671875 1230.16442871094 1234.28601074219 1237.55554199219 1241.77136230469 1244.43249511719
-3.4e+38 -3.4e+38 -3.4e+38 -3.4e+38 -3.4e+38 1139.673828125 1142.20104980469 1144.65478515625 -3.4e+38 1147.58166503906 1149.69189453125 1151.50415039062 1151.95812988281 1153.423828125 1155.27612304688 1157.48132324219 1160.58020019531 -3.4e+38 -3.4e+38 1168.18615722656 1170.49133300781 1172.10949707031 1174.05102539062 1177.76574707031 -3.4e+38 1181.66479492188 1184.1865234375 1186.56567382812 1189.78833007812 1195.38903808594 1196.88586425781 1199.19323730469 1202.14001464844 1206.01000976562 1209.42712402344 1211.39794921875 1212.90979003906 1212.13415527344 1215.4365234375 1213.66149902344 1216.18579101562 1220.31799316406 1223.34985351562 1227.58337402344 1230.19396972656 1233.96630859375 1237.83410644531 1241.32458496094 1243.33483886719
-3.4e+38 -3.4e+38 -3.4e+38 -3.4e+38 1139.38171386719 -3.4e+38 1142.50561523438 1144.93408203125 1145.80053710938 1148.61804199219 1149.35180664062 1149.55017089844 1151.54638671875 1152.74365234375 1155.38305664062 1157.38134765625 1161.13134765625 1162.216796875 1165.37243652344 1167.52648925781 1169.20336914062 1171.79052734375 1172.94274902344 1176.46130371094 -3.4e+38 -3.4e+38 1182.15625 1186.42260742188 1188.51037597656 1196.59252929688 1197.88244628906 1197.08837890625 1203.57751464844 1205.39636230469 1209.41491699219 1211.64196777344 1212.08911132812 1213.07067871094 1218.78820800781 1215.71032714844 1216.50085449219 1221.48864746094 1224.45031738281 1228.4326171875 1230.23388671875 1233.5146484375 1238.20751953125 1238.96826171875 1241.42749023438
-3.4e+38 -3.4e+38 -3.4e+38 -3.4e+38 1138.2255859375 1140.53552246094 1142.06372070312 1143.81909179688 1145.82885742188 1146.92919921875 1147.02575683594 1150.458984375 1151.43188476562 1153.1318359375 1155.58251953125 1157.47277832031 1159.60888671875 1162.4873046875 1166.32214355469 1167.466796875 1170.40856933594 1171.62329101562 1174.0791015625 1176.10461425781 1178.515625 1180.06042480469 -3.4e+38 1183.8720703125 1186.96948242188 1195.02294921875 1196.02136230469 1199.05432128906 1203.46838378906 1205.37426757812 1209.37731933594 1212.34301757812 1214.22814941406 1216.42358398438 1216.61865234375 1216.65051269531 1217.76672363281 1221.93835449219 1225.35473632812 1227.58435058594 1229.63208007812 1233.7294921875 1235.97180175781 1237.51538085938 1240.43908691406
-3.4e+38 1120.7607421875 1126.30187988281 1132.82946777344 1136.68408203125 1139.68505859375 1140.880859375 1141.55407714844 1143.79602050781 1146.54626464844 1147.47045898438 1149.37072753906 1150.23596191406 1152.71252441406 1153.78784179688 1156.94018554688 1159.48693847656 1161.98864746094 1166.11108398438 1167.07702636719 1169.42993164062 1171.52893066406 1175.39172363281 1177.13903808594 1180.17590332031 1182.14099121094 1183.60595703125 1184.74731445312 1185.76391601562 1192.12780761719 1197.20959472656 1201.38623046875 1202.15002441406 1205.33996582031 1209.71630859375 1211.36462402344 1214.8125 1216.58740234375 1216.88537597656 1217.1435546875 1219.32678222656 1221.19958496094 1224.35632324219 1226.83410644531 1231.2783203125 1234.25964355469 1233.92248535156 1235.53210449219 1241.14501953125
1108.83032226562 1117.47045898438 1123.23486328125 1128.49670410156 1132.39904785156 1136.00756835938 1136.75512695312 1140.79406738281 1142.31640625 1143.88879394531 1146.81970214844 1147.8212890625 1149.12414550781 1153.01232910156 1153.68579101562 1156.587890625 1159.4296875 1161.16015625 1164.36511230469 1168.34826660156 1170.056640625 1171.4736328125 1173.97155761719 1177.62744140625 1180.32214355469 1181.97924804688 1184.28796386719 1183.55236816406 1184.18530273438 1192.04711914062 1196.68408203125 1200.37243652344 1201.3583984375 1204.267578125 1208.85180664062 1210.14660644531 1212.83374023438 1215.79846191406 1216.77990722656 1218.34887695312 1220.20764160156 1221.3212890625 1223.37768554688 1226.00512695312 1230.29919433594 1232.54931640625 1232.958984375 1234.98449707031 1239.80798339844
1104.11462402344 1113.310546875 1118.65734863281 1124.3564453125 1129.01110839844 1131.75427246094 1135.02868652344 1138.42456054688 1140.87707519531 1141.59741210938 1143.59436035156 1145.01281738281 1149.38427734375 1150.97570800781 1154.10717773438 1155.97583007812 1157.27392578125 1158.37878417969 1165.15502929688 1167.87548828125 1169.59265136719 1170.8916015625 1173.42126464844 1176.79357910156 1179.12512207031 1181.76611328125 1183.884765625 1183.45166015625 1184.88366699219 1191.10168457031 1193.99536132812 1197.20385742188 1198.92846679688 1202.78918457031 1206.77648925781 1207.966796875 1209.89404296875 1215.03857421875 1216.78955078125 1218.615234375 1219.1923828125 1221.69958496094 1223.27856445312 1225.92504882812 1228.80322265625 1230.87060546875 1233.36596679688 1236.455078125 1240.58703613281
1102.18054199219 1109.81579589844 1115.68676757812 1121.12170410156 1125.95971679688 1128.67602539062 1132.44909667969 1136.40869140625 1138.09497070312 1139.55346679688 1142.44055175781 1143.12756347656 1147.57470703125 1150.42150878906 1151.92700195312 1153.64624023438 1156.9921875 1158.71154785156 1165.19177246094 1165.70581054688 1167.45617675781 1171.98840332031 1174.08117675781 1175.91052246094 1179.71118164062 1181.34484863281 1182.96862792969 1184.11938476562 1184.84130859375 1189.14770507812 1191.45166015625 1195.21252441406 1197.18334960938 1201.76782226562 1204.46826171875 1206.12890625 1208.69641113281 1214.33959960938 1216.615234375 1218.171875 1219.80822753906 1222.66467285156 1224.0009765625 1226.67736816406 1229.69689941406 1231.59387207031 1233.24633789062 1235.50573730469 1240.07250976562
1099.33581542969 1107.01867675781 1112.71887207031 1117.64367675781 1120.82189941406 1124.37854003906 1128.43542480469 1133.58703613281 1137.22082519531 1137.85107421875 1140.38464355469 1140.36413574219 1145.64270019531 1151.79504394531 1151.60559082031 1153.22619628906 1156.16076660156 1159.05786132812 1165.03173828125 1166.3701171875 1168.05871582031 1171.23864746094 1174.09936523438 1175.1064453125 1177.28515625 1179.43908691406 1180.421875 1183.21923828125 1183.26306152344 1189.818359375 1191.6943359375 1194.78186035156 1199.0576171875 1201.36645507812 1204.26770019531 1208.34765625 1208.78259277344 1213.77526855469 1217.05432128906 1219.4462890625 1220.76806640625 1222.17651367188 1226.3798828125 1226.62451171875 1229.79711914062 1231.8095703125 1233.24328613281 1235.42138671875 1238.14392089844
1096.98291015625 1102.79174804688 1110.12805175781 1114.10900878906 1119.49194335938 1121.25573730469 1125.79309082031 1131.75549316406 1133.55224609375 1136.27429199219 1138.4833984375 1139.99401855469 1145.79125976562 1151.228515625 1150.76159667969 1152.85485839844 1155.14660644531 1158.73498535156 1163.39013671875 1166.71008300781 1168.11169433594 1169.79309082031 1171.89904785156 1175.73413085938 1176.52685546875 -3.4e+38 1181.40466308594 1184.40478515625 1183.20397949219 1189.51171875 1191.72387695312 1194.38330078125 1196.38098144531 1202.37121582031 1206.0361328125 1209.21899414062 1209.35925292969 1212.62866210938 1215.76025390625 1220.564453125 1222.70336914062 1223.73547363281 1226.51928710938 1227.57092285156 1229.89123535156 1232.41015625 1235.78454589844 1236.935546875 1239.7060546875
1095.12292480469 1100.16296386719 1106.31372070312 1111.46765136719 1115.01416015625 1118.38330078125 1122.90185546875 1127.45922851562 1132.3466796875 1134.158203125 1135.810546875 1138.84765625 1144.62780761719 1148.49182128906 1149.73486328125 1152.06091308594 1153.86108398438 1156.94348144531 1161.82263183594 1164.63671875 1166.87170410156 1170.32153320312 1171.50500488281 1173.78076171875 1177.08752441406 1178.26525878906 1181.369140625 1184.10083007812 1184.15307617188 1188.36755371094 1192.81481933594 1194.373046875 1195.21728515625 1200.1455078125 1203.52380371094 1208.5703125 1210.43237304688 1212.75622558594 1214.97875976562 1218.08081054688 1224.11279296875 1224.71557617188 1225.88305664062 1227.8505859375 1230.08532714844 1232.13415527344 1238.05590820312 1237.71008300781 1240.35412597656
1090.40905761719 1095.63830566406 1100.85766601562 1104.87451171875 1109.61486816406 1113.24914550781 1116.70629882812 1124.78649902344 1125.89965820312 1128.17431640625 1133.37414550781 1135.41711425781 1141.93872070312 1144.92578125 1146.35363769531 1149.08117675781 1150.1904296875 1152.96594238281 1158.29028320312 1162.06677246094 1163.96740722656 1168.02282714844 1172.09216308594 1173.02990722656 1176.66101074219 1181.52355957031 1181.45056152344 1180.54284667969 1182.32763671875 1188.00390625 1190.73583984375 1192.61682128906 1198.91149902344 1202.5361328125 1203.29541015625 1205.48779296875 1207.06311035156 1211.09741210938 1213.84643554688 1219.03210449219 1223.28674316406 1230.80834960938 1229.15087890625 1229.12963867188 1233.75366210938 1233.68444824219 1236.58947753906 1242.37158203125 1242.35314941406
1088.79187011719 1092.48620605469 1098.14025878906 1102.18139648438 1106.56958007812 1109.9853515625 1112.47277832031 1121.05627441406 1123.58740234375 1126.5009765625 1132.49597167969 1134.34130859375 1138.06091308594 1143.11145019531 1144.85009765625 1148.330078125 1149.29711914062 1151.09130859375 1154.7119140625 1159.38073730469 1164.70141601562 1166.44812011719 1170.50122070312 1172.71228027344 1175.27746582031 1180.69543457031 1180.83203125 1179.02294921875 1181.64611816406 1188.34301757812 1191.31848144531 1195.92724609375 1201.01147460938 1202.55212402344 1203.52465820312 1205.71948242188 1209.22290039062 1209.35583496094 1213.12878417969 1218.64758300781 1223.01611328125 1231.45178222656 1230.75988769531 1230.81579589844 1234.39575195312 1234.19897460938 1236.14636230469 1241.66674804688 1243.77612304688
1086.1220703125 1089.55541992188 1094.22924804688 1099.51574707031 1104.09741210938 1107.20629882812 1110.69067382812 1118.9541015625 -3.4e+38 -3.4e+38 1129.76440429688 1133.96740722656 1136.08923339844 1140.05932617188 1143.16235351562 1145.94055175781 1148.37902832031 1150.8828125 1154.74194335938 1158.39978027344 1162.56298828125 1164.38061523438 1167.89855957031 1171.13830566406 1175.24890136719 1178.72155761719 1179.72399902344 -3.4e+38 1182.59289550781 -3.4e+38 1189.64855957031 1194.28881835938 1202.26391601562 1204.98010253906 1205.36975097656 1207.56018066406 1209.68322753906 1211.92358398438 -3.4e+38 1217.64221191406 1220.87536621094 1229.08251953125 1232.19299316406 1233.36694335938 1233.66748046875 1233.94519042969 1236.43005371094 1242.21740722656 1244.95959472656
1084.64514160156 1088.1142578125 1093.00231933594 1096.83020019531 1101.33349609375 1104.70739746094 1108.44836425781 -3.4e+38 -3.4e+38 -3.4e+38 1125.72082519531 1129.42578125 1133.84130859375 1137.44152832031 1141.79907226562 1144.30688476562 1146.87170410156 1151.0830078125 1154.85083007812 1156.40124511719 1160.19458007812 1163.853515625 1168.49523925781 1170.06945800781 1173.31762695312 1175.82995605469 1177.43493652344 1177.6044921875 1183.93041992188 1186.93005371094 1189.40844726562 1195.22827148438 1200.4130859375 1206.35388183594 1207.97473144531 1209.5166015625 1210.31201171875 1215.03381347656 1217.03979492188 1217.58764648438 1220.58972167969 1228.45581054688 1232.41479492188 1232.29138183594 -3.4e+38 1235.46740722656 1237.54760742188 1242.92504882812 1245.84204101562
1080.51550292969 1085.88452148438 1090.892578125 1095.3310546875 1097.71887207031 1101.84448242188 -3.4e+38 -3.4e+38 -3.4e+38 -3.4e+38 1122.85083007812 1127.15173339844 1132.53930664062 1134.89050292969 1139.13977050781 1142.34423828125 1144.99865722656 1148.22546386719 1155.34143066406 1155.70922851562 1159.13989257812 1162.35180664062 1166.08508300781 1170.29858398438 1172.52026367188 1174.99084472656 1176.75268554688 1177.23071289062 1182.17980957031 1186.60021972656 1189.03100585938 1197.37158203125 1200.23706054688 1205.99621582031 1208.86694335938 1209.96545410156 1211.77990722656 1215.56384277344 1217.04516601562 1217.92102050781 1222.35705566406 1229.75390625 1232.11059570312 1233.4541015625 1235.36535644531 1238.46557617188 1238.27209472656 1242.12036132812 1246.62475585938
1078.65905761719 1082.37463378906 1088.83190917969 1093.3935546875 1096.47216796875 1099.70629882812 -3.4e+38 -3.4e+38 -3.4e+38 -3.4e+38 1120.02624511719 1124.50305175781 1129.60778808594 1132.77416992188 1135.30554199219 1140.87927246094 1144.59558105469 1147.02185058594 1152.14611816406 1154.99816894531 1157.15124511719 1159.79858398438 1164.49731445312 1168.61413574219 1169.88366699219 1174.65515136719 1176.43188476562 1177.0908203125 1180.75219726562 1187.27331542969 1190.11291503906 1194.82824707031 1200.57873535156 1205.44934082031 1208.49926757812 1211.3203125 1213.81274414062 1215.7158203125 1217.46630859375 1218.85583496094 1221.52282714844 1230.26000976562 1234.59741210938 1234.50854492188 1236.32238769531 1237.78820800781 1239.07446289062 1242.06384277344 1246.41870117188
1076.83837890625 1082.05029296875 1085.30725097656 1090.24536132812 1094.11901855469 1097.84985351562 1100.67749023438 -3.4e+38 1111.81689453125 -3.4e+38 1117.56799316406 1121.31958007812 1125.20581054688 1129.798828125 1134.23266601562 1137.31225585938 1142.23095703125 1144.14672851562 1149.06994628906 1153.46325683594 1157.64587402344 1159.12585449219 1163.51525878906 1167.32592773438 1168.58715820312 1173.31298828125 1176.48071289062 1177.845703125 1180.6826171875 1188.30346679688 1191.09533691406 1192.57885742188 1200.97961425781 1204.40808105469 1207.25476074219 1212.2783203125 1214.73608398438 1216.79797363281 1216.50720214844 1219.47827148438 1221.73999023438 1230.14782714844 1234.84130859375 1236.07604980469 1237.52502441406 1239.26245117188 1240.40893554688 1243.57604980469 1246.66296386719
