rcp8.5models/MPI_ESM_LR/sc1gr5.18
NCOLS 261 
NROWS 433 
XLLCORNER 336357.134 
YLLCORNER 654653.479 
CELLSIZE 1000 
NODATA_value -3.4e+38 
[rows 396 to 417 of 433, columns 98 to 146 of 261]
271.284790039062 275.00732421875 273.524841308594 268.599792480469 267.227661132812 269.05224609375 271.513702392578 270.981597900391 271.511688232422 273.4326171875 273.522735595703 271.527069091797 268.657440185547 264.868774414062 260.28857421875 261.259033203125 260.518920898438 261.046661376953 264.789611816406 267.751281738281 267.392303466797 266.555725097656 265.972503662109 263.608367919922 255.683486938477 244.588256835938 262.242248535156 270.925689697266 271.891387939453 272.453887939453 272.839874267578 273.205993652344 273.044891357422 272.759826660156 272.701995849609 272.798583984375 272.265686035156 272.241882324219 272.2900390625 272.482269287109 271.881866455078 271.472991943359 272.282836914062 273.002593994141 273.519897460938 273.969268798828 274.128784179688 274.180877685547 274.729125976562
268.491668701172 273.287170410156 274.630828857422 272.143859863281 269.395599365234 268.757019042969 270.043670654297 269.79833984375 270.784759521484 273.452941894531 273.286560058594 270.717956542969 267.965637207031 266.069427490234 261.479522705078 260.165435791016 262.212615966797 265.249938964844 268.183197021484 269.082672119141 266.418884277344 265.384368896484 265.681823730469 260.685089111328 250.399322509766 247.291763305664 268.272399902344 271.439361572266 271.584503173828 272.059326171875 272.526611328125 273.298583984375 273.659851074219 272.948547363281 272.412231445312 272.739349365234 272.414001464844 272.092224121094 272.136535644531 272.403167724609 272.836151123047 272.650939941406 272.557586669922 272.697845458984 273.284332275391 273.906158447266 273.421234130859 273.278259277344 274.278930664062
267.796966552734 272.314117431641 275.183898925781 274.107116699219 270.00732421875 268.554656982422 269.541259765625 271.716766357422 274.010925292969 274.959442138672 273.628723144531 269.946105957031 267.172393798828 266.855346679688 264.427886962891 265.577789306641 268.309448242188 269.298706054688 269.734313964844 269.213806152344 265.912261962891 264.979705810547 264.527496337891 258.196441650391 251.015472412109 255.319427490234 272.12646484375 271.291320800781 271.360137939453 271.762603759766 271.713531494141 272.560455322266 273.429229736328 272.658813476562 272.218566894531 273.229309082031 272.811889648438 271.951690673828 271.871246337891 272.003631591797 272.929046630859 273.335968017578 273.117584228516 272.891998291016 273.427795410156 273.866455078125 273.512268066406 273.699676513672 275.199676513672
266.521362304688 269.098022460938 271.818878173828 274.296722412109 271.7158203125 269.887908935547 270.385101318359 273.98974609375 276.066833496094 275.941101074219 275.383941650391 271.645904541016 267.758148193359 267.035888671875 268.903289794922 269.866363525391 270.403717041016 270.740264892578 270.468872070312 267.178314208984 263.739471435547 264.133911132812 262.08544921875 257.100891113281 257.217071533203 265.222625732422 272.421203613281 270.858032226562 270.998596191406 271.163665771484 270.159423828125 271.138153076172 273.211334228516 -3.4e+38 273.248718261719 273.844940185547 273.885162353516 272.824340820312 272.453063964844 272.271087646484 272.731262207031 273.399871826172 273.517486572266 273.410095214844 273.053924560547 272.717071533203 274.566802978516 275.297943115234 276.0693359375
264.821960449219 265.745849609375 267.3642578125 274.643951416016 274.506134033203 273.122314453125 272.437133789062 275.045532226562 276.165618896484 274.598571777344 275.030792236328 274.108764648438 270.169830322266 268.702789306641 271.645629882812 272.044067382812 272.752258300781 272.319580078125 268.287811279297 262.957458496094 261.73388671875 260.9599609375 254.695831298828 251.708450317383 260.109069824219 270.286102294922 273.210693359375 272.507843017578 271.937347412109 270.615051269531 269.169464111328 270.686309814453 273.437194824219 274.287719726562 -3.4e+38 274.513397216797 274.517822265625 273.060791015625 272.697235107422 272.840759277344 272.739074707031 273.310485839844 273.871490478516 274.33544921875 272.766662597656 271.735382080078 275.13330078125 275.9013671875 276.490356445312
266.511444091797 265.718322753906 265.297180175781 273.219116210938 275.139862060547 275.055725097656 274.906433105469 276.331939697266 276.998046875 274.554473876953 273.508331298828 274.496826171875 272.490936279297 269.635009765625 271.556518554688 271.531005859375 270.130065917969 267.104644775391 263.188079833984 261.691284179688 262.379425048828 258.485137939453 250.171188354492 250.958847045898 263.743530273438 272.240997314453 272.850219726562 273.040496826172 273.256622314453 271.852630615234 270.946044921875 272.704162597656 273.665374755859 273.61328125 274.24609375 274.887573242188 275.124633789062 273.552276611328 273.397918701172 273.731719970703 273.4521484375 273.871307373047 274.557220458984 275.189514160156 274.2548828125 273.714324951172 275.460815429688 275.917053222656 276.771728515625
268.248870849609 265.342651367188 265.26416015625 272.075897216797 275.281097412109 275.715209960938 276.312896728516 276.496612548828 275.764312744141 275.231872558594 274.979705810547 274.480926513672 273.250152587891 271.106140136719 267.810638427734 265.690643310547 265.430358886719 263.783538818359 262.294860839844 263.181182861328 262.978271484375 258.7216796875 254.657577514648 258.962005615234 269.013366699219 273.654815673828 272.216156005859 272.323364257812 273.049438476562 273.441192626953 273.63720703125 274.550140380859 273.982727050781 273.439605712891 273.783996582031 274.477325439453 275.145111083984 274.860565185547 274.726531982422 274.851196289062 274.580932617188 274.916198730469 275.353179931641 275.553161621094 275.573425292969 275.542663574219 275.560699462891 275.997283935547 276.667236328125
269.04052734375 266.333099365234 266.953308105469 273.352325439453 275.852935791016 276.576354980469 276.925811767578 276.118011474609 273.395629882812 272.175689697266 273.927581787109 272.885711669922 270.225646972656 268.319671630859 262.991333007812 263.113555908203 265.347930908203 266.238739013672 264.947937011719 263.163269042969 261.652587890625 260.190490722656 261.278076171875 267.071746826172 272.7451171875 273.038635253906 271.993835449219 272.049652099609 272.871215820312 273.812438964844 274.498107910156 274.831512451172 274.510925292969 274.033630371094 273.918609619141 274.032806396484 274.66943359375 275.638885498047 275.471710205078 275.700988769531 275.846466064453 275.983367919922 276.16650390625 276.214691162109 276.2666015625 276.316101074219 276.344696044922 276.513061523438 276.596282958984
270.254333496094 269.878326416016 268.869110107422 272.162384033203 274.877899169922 276.610443115234 277.245361328125 276.91943359375 273.611480712891 269.121978759766 268.124420166016 268.539672851562 267.211761474609 264.662445068359 261.410217285156 263.140960693359 263.369842529297 263.044708251953 265.211547851562 264.978698730469 262.387542724609 262.973510742188 265.579284667969 269.774963378906 273.564117431641 272.738372802734 270.975067138672 270.366241455078 272.068237304688 273.808135986328 274.396362304688 274.910980224609 275.244323730469 275.097686767578 275.021087646484 274.873229980469 275.26953125 276.229736328125 276.266418457031 276.416625976562 276.349365234375 276.376800537109 276.753845214844 276.703277587891 276.677581787109 277.155242919922 277.423095703125 277.210723876953 277.04541015625
272.113555908203 273.640899658203 272.384796142578 271.921691894531 275.054382324219 276.782653808594 277.295288085938 277.568786621094 275.477874755859 271.365661621094 268.627197265625 266.890563964844 263.982879638672 261.582214355469 260.192932128906 260.190979003906 259.920959472656 259.703918457031 263.60205078125 267.881225585938 266.921478271484 267.347564697266 270.434265136719 272.424621582031 273.505004882812 272.803039550781 270.691284179688 269.463165283203 271.252136230469 273.744567871094 274.450744628906 275.180877685547 275.517608642578 275.714935302734 275.851531982422 275.653167724609 275.756408691406 276.546081542969 276.775268554688 276.851013183594 276.504974365234 276.531585693359 277.149841308594 276.882415771484 276.787384033203 277.358093261719 277.741485595703 277.663360595703 277.449310302734
271.210632324219 272.958038330078 274.858703613281 272.032196044922 272.763854980469 273.509552001953 275.290313720703 276.748443603516 277.093139648438 276.592712402344 275.139556884766 273.414123535156 272.904876708984 272.943115234375 271.898895263672 271.116241455078 270.942565917969 271.740203857422 273.067810058594 275.551940917969 276.449005126953 276.239074707031 276.048278808594 275.2724609375 274.562103271484 273.684936523438 271.81787109375 270.406463623047 271.626037597656 273.905364990234 274.979522705078 275.714324951172 275.182556152344 274.903137207031 275.543579101562 276.043334960938 276.321228027344 276.482452392578 277.106109619141 277.344329833984 277.068878173828 277.223022460938 277.50244140625 277.753967285156 277.939575195312 277.973999023438 277.922424316406 277.785461425781 277.943267822266
273.761871337891 274.775238037109 273.612823486328 271.43212890625 268.390747070312 269.803253173828 274.809722900391 276.8037109375 277.007232666016 276.883544921875 276.308380126953 275.373931884766 274.712219238281 273.887329101562 275.474822998047 276.147888183594 275.649688720703 274.996429443359 275.688018798828 276.142517089844 275.943115234375 276.429260253906 276.607391357422 275.290679931641 274.475555419922 273.968017578125 271.948699951172 271.660400390625 272.238647460938 273.189605712891 274.967468261719 276.119567871094 275.000549316406 274.210540771484 274.955657958984 275.598907470703 275.649536132812 276.164733886719 276.710754394531 277.027130126953 276.992797851562 276.909790039062 276.922973632812 277.3369140625 277.548950195312 277.554138183594 277.894470214844 278.108489990234 278.340576171875
274.654907226562 276.899322509766 274.82275390625 273.507110595703 271.118103027344 272.514434814453 276.257110595703 277.303924560547 277.510894775391 277.240020751953 276.48291015625 276.49365234375 276.300170898438 274.714294433594 276.110931396484 276.762023925781 276.724853515625 276.603210449219 276.318664550781 275.827941894531 275.372131347656 275.854064941406 276.380737304688 275.864898681641 275.28173828125 274.601165771484 273.335601806641 272.723022460938 272.73388671875 273.085968017578 274.714813232422 276.372009277344 276.197082519531 275.662078857422 275.521423339844 275.106872558594 274.639282226562 275.560455322266 275.997802734375 276.169677734375 276.398223876953 276.436248779297 276.384033203125 276.593170166016 276.816802978516 277.001586914062 277.626953125 278.190002441406 278.496948242188
271.837310791016 275.887939453125 276.037811279297 275.884155273438 275.564758300781 275.889709472656 276.809295654297 277.179809570312 277.687072753906 277.552185058594 276.960083007812 276.857543945312 276.95654296875 276.11865234375 275.986297607422 276.727203369141 276.689422607422 276.779724121094 276.492492675781 275.746673583984 275.660949707031 275.477386474609 275.287902832031 275.964172363281 274.800262451172 273.354278564453 273.71728515625 272.982757568359 272.902618408203 273.940155029297 275.586029052734 276.589141845703 276.826782226562 276.234130859375 276.131011962891 275.830780029297 275.040008544922 275.894104003906 276.110992431641 275.888885498047 276.149353027344 276.641479492188 276.853088378906 276.669494628906 276.598907470703 277.241058349609 277.726257324219 277.963165283203 278.454223632812
269.420959472656 274.958374023438 276.888458251953 276.089416503906 276.599884033203 276.985015869141 277.392578125 277.553039550781 277.812438964844 277.674865722656 276.888702392578 275.940002441406 275.709930419922 276.024047851562 276.042785644531 276.3505859375 276.488433837891 277.118865966797 276.582946777344 276.044128417969 276.219360351562 274.052032470703 272.160247802734 273.593383789062 273.391021728516 271.868469238281 272.939453125 273.395446777344 274.340301513672 275.617858886719 276.912048339844 277.292724609375 276.898986816406 275.97998046875 276.213043212891 275.940307617188 274.460266113281 275.351013183594 275.992462158203 276.246002197266 276.508636474609 276.676666259766 276.931427001953 277.052062988281 276.799957275391 277.254364013672 277.760528564453 278.063354492188 278.321197509766
272.314117431641 276.112640380859 276.677001953125 274.893737792969 276.521820068359 277.447357177734 277.625885009766 277.827453613281 277.859375 277.370269775391 276.230682373047 274.861450195312 274.755401611328 275.708404541016 276.327331542969 276.326477050781 276.586791992188 276.825103759766 276.585296630859 276.58984375 275.809387207031 271.303558349609 268.200347900391 270.631866455078 272.567077636719 272.12060546875 273.987426757812 274.676727294922 274.99072265625 275.514770507812 276.551605224609 277.346405029297 277.275329589844 276.629302978516 276.266998291016 275.846984863281 274.874359130859 275.142700195312 275.754821777344 276.447570800781 277.091888427734 277.040863037109 277.179565429688 277.478637695312 276.985321044922 277.003234863281 277.507965087891 278.291320800781 278.486175537109
275.258697509766 275.477478027344 274.219696044922 272.522766113281 275.106628417969 276.728973388672 276.948822021484 277.603271484375 277.857757568359 277.437957763672 276.599426269531 275.661987304688 275.343841552734 275.450469970703 275.998107910156 276.155822753906 276.672576904297 276.16259765625 275.790161132812 275.760925292969 273.528045654297 270.64111328125 269.003173828125 270.233673095703 271.911529541016 272.6044921875 275.027252197266 274.490356445312 273.305877685547 273.022033691406 274.592163085938 275.761535644531 276.235229492188 276.933929443359 276.489837646484 276.213012695312 276.289611816406 275.795776367188 276.048400878906 276.416015625 277.160186767578 277.374542236328 277.568420410156 277.881561279297 277.580718994141 277.448272705078 277.339630126953 277.939392089844 278.675811767578
275.105651855469 274.330352783203 272.523345947266 269.922607421875 272.116760253906 274.515899658203 276.005432128906 277.407287597656 277.701965332031 277.665985107422 277.135284423828 276.305816650391 276.000061035156 275.792694091797 275.957153320312 275.930999755859 276.597991943359 276.302642822266 275.856872558594 275.360992431641 273.093597412109 272.351135253906 271.947814941406 270.987060546875 271.619567871094 273.237396240234 275.464935302734 273.212432861328 270.746215820312 270.735290527344 271.885437011719 272.715484619141 273.995544433594 276.416656494141 277.002868652344 276.412689208984 276.388916015625 276.174377441406 276.203369140625 276.125885009766 276.613616943359 277.081298828125 277.369262695312 277.766937255859 277.974884033203 277.754516601562 277.484954833984 277.706787109375 278.231414794922
274.650146484375 274.115539550781 272.655517578125 268.435119628906 268.909851074219 272.006256103516 275.562408447266 277.274261474609 277.550659179688 277.083923339844 276.433685302734 276.307800292969 276.524932861328 276.151000976562 276.176910400391 276.653930664062 276.974914550781 276.980377197266 276.855682373047 275.444885253906 274.114715576172 273.4609375 272.549407958984 271.565185546875 271.770385742188 273.517242431641 276.535430908203 274.664886474609 272.460235595703 271.801666259766 271.490844726562 272.275512695312 273.803375244141 276.064331054688 277.064544677734 276.602294921875 276.394195556641 276.877563476562 276.619842529297 276.459655761719 276.747344970703 277.215484619141 277.281829833984 277.236602783203 277.848052978516 278.12060546875 277.952239990234 277.704315185547 277.776397705078
271.590759277344 272.855133056641 272.079315185547 267.831787109375 267.351745605469 271.952026367188 276.295684814453 277.283782958984 277.520782470703 277.075378417969 276.662506103516 277.131439208984 276.674835205078 275.484497070312 276.329467773438 277.019378662109 277.231109619141 277.443359375 276.983581542969 275.747131347656 275 274.511291503906 273.602874755859 272.854187011719 273.601196289062 275.128356933594 276.539886474609 276.346801757812 276.098297119141 275.205078125 274.607879638672 275.140655517578 275.629852294922 276.469482421875 276.953674316406 276.844024658203 276.650543212891 277.418670654297 277.378601074219 277.463775634766 277.574005126953 277.797393798828 277.831726074219 277.455535888672 277.782684326172 278.38525390625 278.457122802734 278.2294921875 277.819580078125
269.576110839844 271.475372314453 271.591735839844 267.238464355469 266.702331542969 272.231628417969 276.6376953125 277.002197265625 277.290924072266 277.557922363281 277.565490722656 277.648315429688 277.042907714844 276.333374023438 276.7099609375 276.979064941406 277.201934814453 277.400726318359 277.075836181641 276.832672119141 276.006805419922 275.583618164062 275.111297607422 273.659210205078 273.942932128906 274.828216552734 274.694671630859 275.837585449219 276.953826904297 277.004608154297 276.853485107422 277.004638671875 277.043090820312 277.034881591797 277.167877197266 277.498748779297 277.438354492188 278.012573242188 278.146667480469 278.23974609375 278.283599853516 278.05126953125 278.122772216797 278.000885009766 277.874176025391 278.162994384766 278.660430908203 278.821655273438 278.229644775391
272.345397949219 273.163818359375 273.791809082031 270.153656005859 269.592132568359 272.705230712891 276.218383789062 277.166290283203 277.390289306641 277.474853515625 277.490783691406 277.653533935547 277.69384765625 277.516632080078 276.914367675781 277.157531738281 277.245361328125 277.201202392578 277.038269042969 276.6220703125 275.50732421875 275.045379638672 275.6337890625 274.684356689453 273.639709472656 273.312042236328 273.606231689453 274.640350341797 275.636413574219 275.881195068359 276.179290771484 276.63916015625 277.098480224609 277.537658691406 277.486267089844 277.670562744141 277.807952880859 277.946136474609 278.029174804688 278.638793945312 278.86865234375 278.38037109375 278.351837158203 278.434783935547 278.057342529297 278.141143798828 278.691497802734 279.119781494141 278.679595947266
