rcp8.5models/MPI_ESM_LR/sc1gr4.21
NCOLS 261 
NROWS 433 
XLLCORNER 336357.134 
YLLCORNER 654653.479 
CELLSIZE 1000 
NODATA_value -3.4e+38 
[rows 154 to 175 of 433, columns 49 to 97 of 261]
291.216949462891 290.3681640625 290.968444824219 290.848663330078 291.060363769531 291.066680908203 291.071594238281 289.97216796875 288.964141845703 290.045166015625 290.968719482422 291.199951171875 291.715942382812 291.249725341797 291.181854248047 291.723571777344 291.668060302734 291.332489013672 291.564544677734 291.554046630859 291.522186279297 291.616912841797 291.657897949219 291.868591308594 291.650604248047 291.192321777344 291.059661865234 291.424743652344 291.804901123047 291.643707275391 291.460021972656 291.273529052734 290.986450195312 290.928833007812 290.801361083984 290.507995605469 290.024871826172 290.089904785156 289.983154296875 290.063781738281 290.570831298828 290.126617431641 290.983795166016 291.150665283203 291.105804443359 291.207763671875 290.925140380859 290.852203369141 290.761657714844
291.603942871094 290.622528076172 290.960784912109 291.127319335938 291.108245849609 291.095367431641 290.966918945312 289.786926269531 289.000183105469 290.598754882812 290.968536376953 291.111267089844 291.096466064453 291.162017822266 291.485321044922 291.622894287109 291.5771484375 291.089141845703 291.774932861328 291.711517333984 291.616119384766 291.616058349609 291.632873535156 291.686828613281 291.393005371094 291.011444091797 290.722320556641 290.820495605469 291.572631835938 291.623748779297 291.599853515625 291.212463378906 291.066589355469 290.792572021484 290.555847167969 290.481597900391 290.358581542969 290.264617919922 289.963745117188 289.809509277344 290.015380859375 289.984497070312 290.679992675781 290.867309570312 290.796051025391 291.040283203125 290.936218261719 290.862121582031 290.469818115234
291.3408203125 291.001525878906 291.060211181641 291.867980957031 290.989501953125 290.956573486328 290.659088134766 289.696197509766 289.265472412109 290.308898925781 290.953186035156 290.969757080078 290.809967041016 291.075164794922 291.562133789062 291.520233154297 290.954559326172 291.156005859375 291.765625 291.596527099609 291.236938476562 291.6318359375 291.742248535156 291.698760986328 290.934448242188 290.820373535156 290.679321289062 290.538238525391 -3.4e+38 291.523132324219 291.510650634766 291.059509277344 291.231506347656 290.757019042969 290.674743652344 290.734283447266 290.523620605469 290.074768066406 289.78759765625 289.565277099609 289.576721191406 289.755096435547 290.230560302734 290.615814208984 290.461944580078 290.730438232422 290.750213623047 290.793212890625 290.564117431641
290.290679931641 290.570648193359 291.088287353516 291.277801513672 290.9404296875 290.885772705078 290.42919921875 289.886322021484 289.169097900391 290.090576171875 290.653747558594 290.280914306641 290.474792480469 290.803466796875 291.372528076172 291.472534179688 290.637145996094 290.921844482422 291.068939208984 290.801147460938 290.664764404297 291.076934814453 291.789306640625 291.723510742188 291.057189941406 290.745086669922 290.543182373047 290.518096923828 290.870910644531 291.132080078125 291.214599609375 291.384399414062 291.328308105469 290.795104980469 290.836608886719 290.603240966797 290.401885986328 289.910705566406 289.712585449219 289.478363037109 289.608551025391 289.712097167969 289.818145751953 290.185455322266 290.250671386719 290.600830078125 290.612670898438 290.683990478516 290.710327148438
290.122406005859 290.684600830078 291.098419189453 291.013549804688 290.703552246094 290.716491699219 290.759399414062 289.987640380859 289.200592041016 289.440155029297 289.861145019531 289.594757080078 290.325134277344 290.658081054688 290.937469482422 290.887451171875 290.613037109375 290.685394287109 290.763305664062 290.652221679688 290.599945068359 290.963653564453 291.669097900391 291.607452392578 291.198913574219 290.760131835938 290.609497070312 290.400817871094 290.690460205078 290.728515625 290.769561767578 291.050262451172 291.362915039062 290.979522705078 290.889831542969 290.632934570312 290.435424804688 289.928161621094 289.853973388672 289.813751220703 290.000854492188 289.530059814453 289.479583740234 289.863739013672 290.075469970703 290.475555419922 290.761779785156 290.589691162109 290.532958984375
290.138122558594 290.524688720703 291.282348632812 290.923767089844 291.223724365234 290.558685302734 290.231292724609 289.958953857422 289.795440673828 290.075988769531 289.659729003906 290.041290283203 290.521209716797 290.618927001953 290.657043457031 290.611785888672 290.628509521484 290.732421875 290.683959960938 290.752838134766 290.715423583984 291.329315185547 291.611419677734 291.504760742188 290.921264648438 290.777313232422 290.694305419922 290.277984619141 290.257080078125 290.519805908203 290.645568847656 290.892700195312 291.131011962891 290.671203613281 290.649139404297 290.703674316406 290.388122558594 290.338348388672 290.231658935547 290.070343017578 289.732635498047 289.321838378906 288.971343994141 289.388336181641 289.3798828125 290.520385742188 290.555023193359 289.972442626953 290.346893310547
289.745422363281 290.711883544922 291.307952880859 291.183776855469 290.726013183594 290.421722412109 290.728240966797 290.475036621094 290.137664794922 289.905578613281 289.78759765625 289.537414550781 289.957275390625 290.204345703125 290.513549804688 290.610534667969 290.618713378906 290.716033935547 -3.4e+38 290.111602783203 290.852752685547 291.545349121094 291.517578125 291.474212646484 290.740173339844 290.53955078125 290.383728027344 290.085113525391 290.132354736328 290.450866699219 290.539367675781 290.717712402344 290.751037597656 290.960479736328 290.440826416016 290.459167480469 290.464263916016 290.400939941406 290.403961181641 290.129333496094 289.550018310547 289.350524902344 289.101593017578 289.296752929688 288.893890380859 290.083526611328 289.992004394531 289.655212402344 289.911499023438
290.033905029297 290.650573730469 292.204010009766 291.783569335938 291.721893310547 291.2431640625 290.535247802734 290.056304931641 289.903900146484 289.516418457031 289.884368896484 290.147644042969 289.652038574219 289.672119140625 289.958221435547 289.588500976562 290.193328857422 290.696716308594 290.863037109375 290.216400146484 290.577819824219 290.944000244141 290.700927734375 290.901092529297 290.957305908203 290.886871337891 290.342193603516 290.040985107422 289.477813720703 289.820770263672 290.258728027344 290.424987792969 290.559753417969 291.072082519531 290.772033691406 290.308410644531 290.230926513672 290.297302246094 290.311553955078 289.805877685547 289.751678466797 289.317810058594 288.883575439453 288.893005371094 288.81640625 289.11279296875 289.428497314453 289.649230957031 290.019195556641
290.275939941406 291.212799072266 292.708465576172 292.455200195312 291.974029541016 290.882019042969 290.9423828125 290.414489746094 289.870025634766 289.872589111328 290.491455078125 290.577545166016 289.9931640625 289.596740722656 289.58203125 289.881561279297 290.486724853516 290.709106445312 290.531982421875 290.457153320312 290.567932128906 290.652313232422 290.623443603516 290.67724609375 290.561767578125 290.808959960938 290.389129638672 290.129364013672 289.888793945312 289.554931640625 290.19189453125 290.531158447266 290.313110351562 290.681457519531 290.463775634766 290.193450927734 289.859100341797 289.852386474609 290.308990478516 290.180023193359 289.862182617188 289.288024902344 288.689758300781 288.479522705078 288.480743408203 289.114593505859 289.566375732422 289.658752441406 289.944885253906
290.572418212891 292.620361328125 292.853485107422 292.359130859375 292.247467041016 291.676239013672 291.463562011719 290.473876953125 290.356964111328 290.246948242188 290.999847412109 290.906219482422 290.3525390625 290.076202392578 289.575958251953 289.781646728516 290.234893798828 290.686218261719 290.457733154297 290.094268798828 290.511627197266 290.10791015625 290.430297851562 290.621673583984 290.436798095703 290.403137207031 290.216613769531 290.219696044922 290.148223876953 289.388580322266 289.724273681641 289.926086425781 289.931915283203 290.554565429688 290.348907470703 290.126922607422 289.508056640625 289.383392333984 289.748504638672 290.14013671875 289.776153564453 289.095642089844 288.541351318359 288.221282958984 288.307647705078 289.212860107422 289.433197021484 289.457885742188 289.723297119141
292.312316894531 293.158935546875 292.784820556641 292.625091552734 292.502410888672 291.408050537109 290.809509277344 290.6220703125 290.389617919922 290.624359130859 291.29638671875 291.034820556641 290.610473632812 290.20947265625 289.656372070312 289.940063476562 289.989105224609 290.247955322266 290.464111328125 289.870971679688 290.2587890625 289.724365234375 290.086608886719 290.224639892578 290.063507080078 290.346038818359 290.199035644531 290.177001953125 290.105804443359 289.314453125 289.5283203125 289.509735107422 289.764007568359 290.477691650391 290.395843505859 290.140228271484 289.624114990234 289.511260986328 289.340301513672 289.691040039062 289.660736083984 289.036468505859 288.755798339844 288.381378173828 288.250915527344 288.9365234375 289.083618164062 288.942932128906 289.457427978516
293.433380126953 293.547119140625 293.100189208984 292.863403320312 291.892578125 290.876861572266 290.679626464844 290.992004394531 290.921691894531 290.860473632812 291.57568359375 291.030517578125 290.646423339844 290.537628173828 290.137298583984 289.979339599609 289.942901611328 289.896728515625 290.331268310547 290.052337646484 289.748443603516 289.379760742188 289.412689208984 289.627563476562 289.985168457031 290.044189453125 290.253509521484 290.117614746094 289.640228271484 289.236633300781 289.583374023438 289.545074462891 289.751831054688 290.426025390625 290.393127441406 290.078735351562 289.3583984375 289.405975341797 289.226593017578 289.176544189453 289.433990478516 288.919036865234 288.6337890625 288.377075195312 288.098907470703 288.614837646484 288.900726318359 289.085052490234 289.597961425781
293.820098876953 293.688049316406 293.270568847656 293.101196289062 291.614593505859 290.814819335938 291.112884521484 291.452484130859 291.38232421875 290.920654296875 291.714263916016 291.379760742188 290.971099853516 290.466552734375 290.030120849609 289.780944824219 290.119171142578 289.782897949219 289.931488037109 289.874908447266 289.520751953125 289.143951416016 289.126159667969 289.31396484375 289.588989257812 289.871917724609 290.350280761719 -3.4e+38 289.308776855469 289.253448486328 289.485534667969 289.505493164062 289.750946044922 290.403076171875 290.326049804688 290.193206787109 289.436401367188 289.170257568359 289.186126708984 288.944366455078 289.154449462891 288.915924072266 288.432495117188 288.066528320312 288.084014892578 288.745880126953 288.931793212891 289.315551757812 289.596466064453
294.103424072266 293.702423095703 293.297180175781 292.677429199219 291.6630859375 291.187194824219 291.628631591797 291.711242675781 291.598541259766 291.150848388672 291.947113037109 291.675323486328 291.373748779297 290.706512451172 290.307830810547 289.932769775391 289.814147949219 289.260070800781 289.762542724609 289.752502441406 289.5986328125 289.153167724609 289.452941894531 289.529632568359 289.331024169922 289.693603515625 289.874084472656 289.741851806641 289.345611572266 289.080291748047 288.885314941406 289.34814453125 289.561798095703 289.963409423828 290.22412109375 290.055480957031 289.70263671875 289.055053710938 288.933776855469 288.831451416016 288.617004394531 289.040405273438 288.725830078125 288.073211669922 288.080169677734 288.771392822266 289.082183837891 289.370544433594 289.479614257812
294.335906982422 294.009674072266 293.35205078125 292.818206787109 292.033935546875 291.686370849609 292.116516113281 291.778564453125 291.806274414062 291.525421142578 291.944488525391 291.733917236328 291.484649658203 290.797210693359 290.097198486328 289.851165771484 289.618927001953 289.051635742188 289.982116699219 289.981079101562 289.900848388672 289.582092285156 289.841125488281 289.945281982422 289.763336181641 289.570556640625 289.481903076172 289.430267333984 289.216369628906 289.103179931641 289.203369140625 289.370910644531 289.513763427734 289.928955078125 289.932189941406 289.580902099609 289.832305908203 289.38916015625 288.947265625 288.882995605469 288.716796875 288.562713623047 288.38671875 287.833740234375 288.335266113281 288.819091796875 289.065307617188 289.315734863281 289.035797119141
294.413269042969 294.247161865234 293.47119140625 293.015411376953 292.548675537109 292.229187011719 292.220825195312 291.919006347656 292.175933837891 292.259826660156 292.070343017578 291.428497314453 290.421875 290.7392578125 290.271606445312 289.816467285156 289.931335449219 289.293243408203 290.182373046875 290.169494628906 -3.4e+38 289.986511230469 290.042724609375 290.089019775391 290.016082763672 289.645050048828 289.400421142578 289.269683837891 288.995056152344 288.606475830078 288.910339355469 289.246246337891 289.485137939453 289.753326416016 289.549407958984 289.024749755859 289.419982910156 289.443115234375 289.108001708984 289.170104980469 288.919921875 288.403198242188 288.062286376953 287.466735839844 287.864685058594 288.585144042969 288.967651367188 289.141235351562 288.860534667969
294.565734863281 294.008941650391 293.645416259766 293.270233154297 292.917724609375 292.548919677734 292.569396972656 292.226654052734 292.618347167969 292.611328125 292.050170898438 291.434814453125 290.641418457031 290.482635498047 290.205261230469 290.009216308594 290.106292724609 289.855743408203 290.577667236328 290.6103515625 290.813446044922 290.087280273438 290.086822509766 290.106567382812 290.193115234375 290.040710449219 289.365753173828 289.049285888672 288.576110839844 288.322967529297 288.758605957031 289.316711425781 289.425323486328 289.494812011719 289.430908203125 288.874176025391 289.019073486328 289.174896240234 289.122680664062 289.220764160156 288.906494140625 288.522064208984 288.138275146484 287.477233886719 287.851654052734 288.380035400391 288.913818359375 288.986206054688 288.959899902344
294.475402832031 294.209228515625 293.798095703125 293.272399902344 292.570465087891 292.962860107422 293.036865234375 292.798858642578 292.600708007812 292.356201171875 291.944946289062 291.199798583984 290.918029785156 290.549865722656 290.185546875 290.687713623047 290.80029296875 290.377288818359 291.064727783203 290.993438720703 -3.4e+38 290.543548583984 290.651031494141 290.625305175781 290.172515869141 290.096130371094 289.197326660156 289.143035888672 288.813293457031 288.386474609375 289.026702880859 289.326080322266 289.367523193359 289.232391357422 289.293273925781 288.990936279297 288.962982177734 289.176849365234 289.05810546875 288.589385986328 288.490081787109 288.473693847656 288.397216796875 287.935119628906 287.760955810547 288.321075439453 288.975036621094 288.932281494141 289.053588867188
294.058685302734 294.037536621094 293.892364501953 293.674926757812 293.207122802734 293.267883300781 292.974487304688 292.770324707031 292.337646484375 292.262298583984 292.239532470703 291.852111816406 291.662689208984 291.272399902344 290.602569580078 290.957153320312 291.07958984375 290.706146240234 290.968322753906 291.192962646484 291.150573730469 290.957702636719 290.822235107422 290.381988525391 290.199645996094 290.083801269531 289.371917724609 289.244689941406 289.173858642578 288.429931640625 289.0869140625 288.85205078125 289.274688720703 288.834106445312 -3.4e+38 288.761993408203 288.516571044922 289.049743652344 289.007690429688 288.478759765625 288.255462646484 288.1484375 288.322509765625 288.016937255859 287.542358398438 288.23779296875 288.774078369141 288.593078613281 288.994018554688
294.407806396484 294.018280029297 293.417358398438 293.548736572266 292.829132080078 292.903991699219 292.796691894531 292.615631103516 292.994018554688 293.079833984375 293.024017333984 292.630584716797 291.907897949219 291.353210449219 291.354553222656 291.469757080078 290.988677978516 291.150177001953 291.354736328125 291.908508300781 291.111724853516 290.656799316406 290.063903808594 290.017852783203 290.033355712891 290.017211914062 289.81884765625 289.823181152344 289.323150634766 288.912170410156 288.694458007812 288.429504394531 288.474761962891 288.521240234375 288.573028564453 287.812652587891 287.701629638672 288.530029296875 288.597412109375 -3.4e+38 288.648986816406 288.206329345703 287.97265625 287.727447509766 287.330871582031 287.597015380859 287.768981933594 288.190612792969 288.346557617188
294.399963378906 294.319244384766 294.130737304688 294.090179443359 293.374053955078 292.873382568359 293.200286865234 292.897033691406 293.137786865234 293.379364013672 293.129852294922 292.710815429688 291.986114501953 291.607757568359 291.766479492188 291.772583007812 291.472534179688 291.773468017578 291.578033447266 291.893188476562 291.065765380859 290.783264160156 290.598510742188 290.081085205078 290.153411865234 290.252655029297 290.033599853516 289.703277587891 289.623077392578 289.172271728516 289.086669921875 288.627807617188 288.093353271484 288.076721191406 288.332824707031 287.8408203125 287.846923828125 288.279418945312 288.260711669922 288.332794189453 288.436096191406 288.319061279297 287.982360839844 287.677551269531 287.699066162109 287.383056640625 287.534240722656 288.062530517578 288.204498291016
294.700927734375 294.406005859375 294.406433105469 294.352691650391 293.877349853516 292.993011474609 293.580749511719 293.031829833984 293.122711181641 293.4091796875 293.564239501953 292.804565429688 292.044219970703 291.952178955078 292.131011962891 292.109375 292.049591064453 292.161987304688 292.023712158203 291.983367919922 291.510620117188 291.02197265625 290.696350097656 290.208526611328 290.700378417969 290.366149902344 290.172546386719 289.992553710938 290.147430419922 289.544128417969 289.109497070312 288.851013183594 288.100524902344 288.325347900391 288.489990234375 288.047790527344 287.971557617188 288.081756591797 287.882720947266 287.767486572266 288.141876220703 288.340423583984 288.099517822266 287.755401611328 287.604400634766 287.410980224609 287.352447509766 287.989349365234 288.173675537109
