rcp8.5models/MPI_ESM_LR/sc1gr5.20
NCOLS 261 
NROWS 433 
XLLCORNER 336357.134 
YLLCORNER 654653.479 
CELLSIZE 1000 
NODATA_value -3.4e+38 
[rows 396 to 417 of 433, columns 147 to 195 of 261]
278.604553222656 279.667785644531 280.211700439453 280.559997558594 280.252044677734 280.035888671875 280.354675292969 280.702728271484 280.88818359375 281.404846191406 282.021148681641 282.1728515625 282.091339111328 281.904693603516 281.590301513672 281.151641845703 280.787170410156 281.115203857422 281.731872558594 281.838195800781 281.971343994141 281.5283203125 281.150939941406 280.878601074219 280.391387939453 281.048034667969 281.698944091797 -3.4e+38 -3.4e+38 282.927856445312 282.697296142578 -3.4e+38 -3.4e+38 283.129608154297 282.797698974609 282.504943847656 282.394592285156 282.041198730469 282.112091064453 282.373168945312 282.591094970703 282.474914550781 282.543975830078 282.760986328125 283.033508300781 -3.4e+38 283.979858398438 284.153869628906 284.291625976562
278.051239013672 279.206115722656 279.89208984375 280.625305175781 280.737518310547 280.376403808594 280.493347167969 281.213470458984 281.334136962891 281.583526611328 281.990386962891 282.273010253906 282.063842773438 281.840209960938 281.390197753906 281.247772216797 281.222412109375 281.364868164062 281.851715087891 282.040283203125 282.037048339844 281.399444580078 281.645355224609 281.018218994141 280.290740966797 280.421142578125 281.653350830078 281.919097900391 -3.4e+38 -3.4e+38 282.778076171875 -3.4e+38 -3.4e+38 282.962158203125 282.822906494141 283.002502441406 282.615631103516 282.204772949219 282.465393066406 282.894073486328 282.632843017578 282.623626708984 282.884674072266 282.965057373047 283.027770996094 -3.4e+38 -3.4e+38 284.442718505859 284.469085693359
278.810302734375 279.481231689453 280.069610595703 280.6025390625 280.983062744141 280.881683349609 280.62890625 280.937652587891 281.485229492188 281.903717041016 282.237579345703 282.008911132812 281.579376220703 281.658843994141 281.612487792969 281.836486816406 281.596740722656 281.563995361328 281.925537109375 282.168395996094 282.280883789062 281.6953125 281.764984130859 280.899383544922 280.136322021484 279.849243164062 281.160614013672 281.769409179688 282.079132080078 282.496002197266 282.742340087891 282.844146728516 282.774566650391 282.887939453125 282.946807861328 283.068817138672 282.978668212891 282.787353515625 282.818939208984 283.263427734375 282.696441650391 282.930450439453 283.188629150391 283.118072509766 -3.4e+38 283.426177978516 284.087738037109 -3.4e+38 284.350128173828
279.653015136719 280.038391113281 280.413391113281 280.821655273438 281.051696777344 281.210113525391 280.976806640625 280.844787597656 281.348510742188 281.690948486328 282.137725830078 282.013610839844 281.647918701172 282.1630859375 282.055480957031 282.118133544922 281.568908691406 281.424377441406 282.318054199219 282.505523681641 282.798431396484 282.424102783203 281.655212402344 280.872772216797 280.273712158203 280.095001220703 280.50732421875 281.480987548828 281.980743408203 282.215515136719 282.609375 282.783081054688 282.751068115234 282.730133056641 282.6982421875 283.116058349609 283.274719238281 283.224395751953 283.052459716797 283.472045898438 283.116180419922 283.124206542969 283.061706542969 283.318023681641 -3.4e+38 283.064575195312 283.661224365234 283.983764648438 284.239501953125
279.764617919922 280.140686035156 280.546478271484 280.778381347656 281.149139404297 281.374176025391 281.254577636719 281.331604003906 281.231628417969 281.447143554688 282.052673339844 281.957977294922 281.618927001953 282.258483886719 -3.4e+38 -3.4e+38 281.980529785156 281.687805175781 282.676971435547 282.838439941406 283.102783203125 282.861694335938 281.670623779297 281.002746582031 280.671844482422 280.658874511719 280.486358642578 281.019775390625 281.502197265625 281.943939208984 282.533416748047 282.824371337891 282.954467773438 282.989715576172 282.99169921875 283.352661132812 283.517852783203 283.536285400391 283.5400390625 283.777191162109 283.476318359375 283.109313964844 283.194732666016 283.537719726562 283.762084960938 283.117828369141 283.614471435547 283.899566650391 284.389068603516
280.039916992188 280.377044677734 280.759643554688 280.813201904297 281.120513916016 281.199432373047 281.422576904297 281.710021972656 281.236328125 281.536071777344 282.190277099609 282.104248046875 281.892028808594 282.255798339844 -3.4e+38 -3.4e+38 -3.4e+38 282.313201904297 282.793609619141 283.098449707031 283.160247802734 282.809387207031 281.812286376953 281.376831054688 281.357604980469 281.366546630859 280.901458740234 280.942260742188 281.307891845703 282.061187744141 282.860809326172 282.931274414062 283.257202148438 283.801208496094 283.707489013672 283.258056640625 283.504058837891 284.029754638672 284.035552978516 283.835205078125 283.7568359375 283.513427734375 283.607086181641 283.906829833984 283.983764648438 283.513793945312 283.726928710938 284.086303710938 284.382415771484
280.240417480469 280.443450927734 280.897735595703 281.121185302734 281.216003417969 281.090972900391 281.459320068359 281.746704101562 281.247863769531 281.50830078125 281.962127685547 282.333618164062 282.310455322266 -3.4e+38 -3.4e+38 -3.4e+38 282.845275878906 282.787689208984 282.844360351562 282.995422363281 282.837066650391 282.509155273438 281.826721191406 281.7802734375 282.012878417969 281.732177734375 281.173156738281 281.173767089844 281.349090576172 282.022766113281 282.497589111328 282.753173828125 283.259033203125 284.22607421875 284.127319335938 283.559936523438 283.549499511719 284.230499267578 284.215728759766 283.952117919922 283.956726074219 283.826019287109 283.639526367188 -3.4e+38 284.289306640625 283.922302246094 284.077484130859 284.115234375 284.049499511719
280.241973876953 280.630706787109 280.986206054688 281.280364990234 281.417297363281 281.216949462891 281.540618896484 281.869537353516 281.537902832031 281.279541015625 281.665008544922 282.509948730469 282.537445068359 282.489135742188 282.629608154297 282.795135498047 282.882446289062 282.886047363281 282.883087158203 282.754211425781 282.277252197266 282.212158203125 282.044830322266 282.039367675781 282.152099609375 282.05810546875 281.693328857422 281.609680175781 281.419250488281 281.912872314453 281.932800292969 282.391174316406 283.118713378906 284.140319824219 284.246398925781 284.216796875 283.970733642578 284.099578857422 284.008239746094 283.943237304688 284.070037841797 283.747741699219 283.860717773438 -3.4e+38 -3.4e+38 -3.4e+38 284.385894775391 -3.4e+38 -3.4e+38
280.497924804688 280.959808349609 281.315948486328 281.327697753906 281.472229003906 281.479370117188 281.609832763672 282.199157714844 282.068817138672 281.544738769531 281.498779296875 282.134613037109 282.194244384766 282.378295898438 282.519287109375 282.769561767578 282.743255615234 282.659820556641 282.74169921875 282.667724609375 282.238891601562 282.370574951172 282.294555664062 282.263244628906 282.263092041016 282.233428955078 282.110992431641 281.881103515625 282.068359375 281.887054443359 281.806365966797 282.209625244141 283.048187255859 283.676086425781 284.079010009766 284.184600830078 -3.4e+38 -3.4e+38 -3.4e+38 283.83154296875 -3.4e+38 283.693603515625 -3.4e+38 -3.4e+38 -3.4e+38 -3.4e+38 -3.4e+38 -3.4e+38 -3.4e+38
280.668731689453 280.908294677734 281.263336181641 281.483123779297 281.819000244141 281.990081787109 281.957000732422 282.288726806641 282.342407226562 282.019927978516 281.539245605469 281.843414306641 281.830688476562 282.328521728516 282.495544433594 282.66455078125 282.63720703125 282.635833740234 282.688934326172 282.620452880859 282.266540527344 282.786346435547 282.608856201172 282.42578125 282.572723388672 282.528228759766 282.353454589844 281.932495117188 282.536254882812 282.048553466797 281.948760986328 282.267486572266 283.023773193359 283.251647949219 283.610107421875 284.014129638672 -3.4e+38 -3.4e+38 -3.4e+38 284.032775878906 283.858917236328 283.705780029297 -3.4e+38 -3.4e+38 -3.4e+38 -3.4e+38 -3.4e+38 -3.4e+38 -3.4e+38
280.867248535156 280.406311035156 280.446044921875 280.548492431641 280.744354248047 281.163482666016 281.639678955078 282.297576904297 282.250610351562 282.303833007812 282.305938720703 281.828552246094 281.870056152344 282.279174804688 282.471832275391 282.640228271484 282.667022705078 282.663421630859 282.912750244141 283.052642822266 283.100311279297 283.344573974609 283.147338867188 282.846160888672 283.05029296875 283.216552734375 283.489288330078 283.17919921875 282.71142578125 282.221466064453 282.671875 282.925201416016 283.180114746094 284.134735107422 283.899261474609 283.354583740234 -3.4e+38 -3.4e+38 -3.4e+38 -3.4e+38 -3.4e+38 -3.4e+38 -3.4e+38 -3.4e+38 -3.4e+38 -3.4e+38 -3.4e+38 -3.4e+38 -3.4e+38
281.370269775391 280.869201660156 280.889068603516 280.886322021484 280.580627441406 280.664764404297 281.214965820312 281.847473144531 281.996032714844 282.279052734375 282.261322021484 281.923797607422 282.029388427734 282.39697265625 282.752014160156 282.807891845703 282.864074707031 282.889495849609 283.084014892578 283.275115966797 283.443542480469 283.551849365234 283.231506347656 282.754058837891 282.64990234375 283.105773925781 283.622650146484 283.462036132812 282.771911621094 282.634368896484 283.064208984375 283.273132324219 283.592041015625 283.683807373047 -3.4e+38 283.293609619141 -3.4e+38 -3.4e+38 -3.4e+38 -3.4e+38 -3.4e+38 -3.4e+38 -3.4e+38 -3.4e+38 -3.4e+38 -3.4e+38 -3.4e+38 -3.4e+38 -3.4e+38
281.589294433594 281.364685058594 281.486480712891 281.824920654297 281.16796875 280.492218017578 281.020263671875 281.549957275391 282.043365478516 282.373931884766 282.421203613281 282.121765136719 282.316223144531 282.377655029297 282.766448974609 282.954956054688 282.981842041016 282.982086181641 283.061584472656 283.365356445312 283.503112792969 283.506622314453 283.236572265625 282.851501464844 282.796661376953 282.878845214844 283.477844238281 283.495422363281 283.262603759766 283.450469970703 283.529815673828 283.520294189453 283.81201171875 283.189544677734 282.966979980469 -3.4e+38 -3.4e+38 -3.4e+38 -3.4e+38 -3.4e+38 -3.4e+38 -3.4e+38 -3.4e+38 -3.4e+38 -3.4e+38 -3.4e+38 -3.4e+38 -3.4e+38 -3.4e+38
281.289886474609 281.525787353516 281.874298095703 282.08984375 281.494842529297 281.320953369141 281.804107666016 281.870025634766 282.355804443359 282.552398681641 282.651458740234 282.404968261719 282.377471923828 282.37548828125 282.519836425781 282.824676513672 282.769775390625 282.95458984375 283.198944091797 283.311859130859 283.482177734375 283.396942138672 283.204284667969 283.065551757812 283.131988525391 282.795989990234 283.397888183594 283.657043457031 284.110931396484 284.349609375 283.903533935547 283.691040039062 -3.4e+38 -3.4e+38 -3.4e+38 -3.4e+38 -3.4e+38 -3.4e+38 -3.4e+38 -3.4e+38 -3.4e+38 -3.4e+38 -3.4e+38 -3.4e+38 -3.4e+38 -3.4e+38 -3.4e+38 -3.4e+38 -3.4e+38
281.280151367188 281.787353515625 282.113983154297 281.755737304688 281.310089111328 281.707336425781 282.124420166016 281.907958984375 282.312347412109 282.710144042969 283.119323730469 282.62939453125 282.576385498047 282.408874511719 282.169982910156 282.740447998047 282.951324462891 283.092346191406 283.353912353516 283.207061767578 283.345886230469 283.344268798828 283.120574951172 283.053619384766 282.963745117188 282.796234130859 283.394927978516 283.707244873047 284.130920410156 283.962615966797 -3.4e+38 -3.4e+38 -3.4e+38 -3.4e+38 -3.4e+38 -3.4e+38 -3.4e+38 -3.4e+38 -3.4e+38 -3.4e+38 -3.4e+38 -3.4e+38 -3.4e+38 -3.4e+38 -3.4e+38 -3.4e+38 -3.4e+38 -3.4e+38 -3.4e+38
281.707580566406 281.805053710938 281.997436523438 281.900665283203 281.443023681641 281.603088378906 282.051574707031 281.962860107422 282.346649169922 282.888000488281 283.564605712891 282.913330078125 282.724700927734 282.547302246094 282.266510009766 282.721527099609 283.276153564453 283.272033691406 283.081787109375 283.070098876953 283.263702392578 283.288604736328 282.923461914062 282.970825195312 282.972503662109 283.0185546875 283.539245605469 -3.4e+38 -3.4e+38 -3.4e+38 -3.4e+38 -3.4e+38 -3.4e+38 -3.4e+38 -3.4e+38 -3.4e+38 -3.4e+38 -3.4e+38 -3.4e+38 -3.4e+38 -3.4e+38 -3.4e+38 -3.4e+38 -3.4e+38 -3.4e+38 -3.4e+38 -3.4e+38 -3.4e+38 -3.4e+38
282.063568115234 282.019836425781 282.133422851562 282.160400390625 281.450622558594 281.448364257812 282.081939697266 282.275573730469 282.719757080078 283.239959716797 283.486724853516 282.873565673828 282.758972167969 282.892883300781 282.831909179688 282.695220947266 283.247039794922 283.2275390625 -3.4e+38 282.988525390625 283.160980224609 283.130249023438 -3.4e+38 -3.4e+38 -3.4e+38 -3.4e+38 -3.4e+38 -3.4e+38 -3.4e+38 -3.4e+38 -3.4e+38 -3.4e+38 -3.4e+38 -3.4e+38 -3.4e+38 -3.4e+38 -3.4e+38 -3.4e+38 -3.4e+38 -3.4e+38 -3.4e+38 -3.4e+38 -3.4e+38 -3.4e+38 -3.4e+38 -3.4e+38 -3.4e+38 -3.4e+38 -3.4e+38
281.681274414062 281.952484130859 282.282287597656 282.218872070312 281.423858642578 281.132110595703 281.447479248047 282.012725830078 282.912841796875 283.469207763672 283.380584716797 -3.4e+38 282.986938476562 -3.4e+38 282.712463378906 282.596130371094 -3.4e+38 -3.4e+38 -3.4e+38 -3.4e+38 -3.4e+38 -3.4e+38 -3.4e+38 -3.4e+38 -3.4e+38 -3.4e+38 -3.4e+38 -3.4e+38 -3.4e+38 -3.4e+38 -3.4e+38 -3.4e+38 -3.4e+38 -3.4e+38 -3.4e+38 -3.4e+38 -3.4e+38 -3.4e+38 -3.4e+38 -3.4e+38 -3.4e+38 -3.4e+38 -3.4e+38 -3.4e+38 -3.4e+38 -3.4e+38 -3.4e+38 -3.4e+38 -3.4e+38
281.188720703125 281.682495117188 282.377288818359 282.409027099609 281.885620117188 281.629272460938 281.608673095703 281.990905761719 282.695953369141 283.269561767578 -3.4e+38 282.886688232422 -3.4e+38 -3.4e+38 282.671691894531 -3.4e+38 -3.4e+38 -3.4e+38 -3.4e+38 -3.4e+38 -3.4e+38 -3.4e+38 -3.4e+38 -3.4e+38 -3.4e+38 -3.4e+38 -3.4e+38 -3.4e+38 -3.4e+38 -3.4e+38 -3.4e+38 -3.4e+38 -3.4e+38 -3.4e+38 -3.4e+38 -3.4e+38 -3.4e+38 -3.4e+38 -3.4e+38 -3.4e+38 -3.4e+38 -3.4e+38 -3.4e+38 -3.4e+38 -3.4e+38 -3.4e+38 -3.4e+38 -3.4e+38 -3.4e+38
281.257995605469 281.9189453125 282.593566894531 282.576690673828 282.412139892578 282.388610839844 282.413024902344 -3.4e+38 282.598419189453 -3.4e+38 -3.4e+38 -3.4e+38 -3.4e+38 -3.4e+38 -3.4e+38 -3.4e+38 -3.4e+38 -3.4e+38 -3.4e+38 -3.4e+38 -3.4e+38 -3.4e+38 -3.4e+38 -3.4e+38 -3.4e+38 -3.4e+38 -3.4e+38 -3.4e+38 -3.4e+38 -3.4e+38 -3.4e+38 -3.4e+38 -3.4e+38 -3.4e+38 -3.4e+38 -3.4e+38 -3.4e+38 -3.4e+38 -3.4e+38 -3.4e+38 -3.4e+38 -3.4e+38 -3.4e+38 -3.4e+38 -3.4e+38 -3.4e+38 -3.4e+38 -3.4e+38 -3.4e+38
281.836944580078 282.226593017578 282.633941650391 282.604400634766 282.533905029297 282.429565429688 282.474853515625 282.715667724609 -3.4e+38 -3.4e+38 -3.4e+38 -3.4e+38 -3.4e+38 -3.4e+38 -3.4e+38 -3.4e+38 -3.4e+38 -3.4e+38 -3.4e+38 -3.4e+38 -3.4e+38 -3.4e+38 -3.4e+38 -3.4e+38 -3.4e+38 -3.4e+38 -3.4e+38 -3.4e+38 -3.4e+38 -3.4e+38 -3.4e+38 -3.4e+38 -3.4e+38 -3.4e+38 -3.4e+38 -3.4e+38 -3.4e+38 -3.4e+38 -3.4e+38 -3.4e+38 -3.4e+38 -3.4e+38 -3.4e+38 -3.4e+38 -3.4e+38 -3.4e+38 -3.4e+38 -3.4e+38 -3.4e+38
282.200042724609 282.198699951172 282.426940917969 282.449981689453 -3.4e+38 -3.4e+38 -3.4e+38 -3.4e+38 -3.4e+38 -3.4e+38 -3.4e+38 -3.4e+38 -3.4e+38 -3.4e+38 -3.4e+38 -3.4e+38 -3.4e+38 -3.4e+38 -3.4e+38 -3.4e+38 -3.4e+38 -3.4e+38 -3.4e+38 -3.4e+38 -3.4e+38 -3.4e+38 -3.4e+38 -3.4e+38 -3.4e+38 -3.4e+38 -3.4e+38 -3.4e+38 -3.4e+38 -3.4e+38 -3.4e+38 -3.4e+38 -3.4e+38 -3.4e+38 -3.4e+38 -3.4e+38 -3.4e+38 -3.4e+38 -3.4e+38 -3.4e+38 -3.4e+38 -3.4e+38 -3.4e+38 -3.4e+38 -3.4e+38
