rcp8.5models/MPI_ESM_LR/sc1gr9.21
NCOLS 261 
NROWS 433 
XLLCORNER 336357.134 
YLLCORNER 654653.479 
CELLSIZE 1000 
NODATA_value -3.4e+38 
[rows 330 to 351 of 433, columns 196 to 244 of 261]
123.402488708496 123.418266296387 123.167549133301 122.72110748291 120.76734161377 119.544258117676 118.905174255371 123.793159484863 126.816719055176 129.377166748047 130.020614624023 120.984886169434 118.267135620117 118.024543762207 117.724708557129 116.214073181152 115.608329772949 115.191734313965 115.445251464844 115.649101257324 115.227058410645 114.667953491211 113.61043548584 113.17049407959 112.60041809082 112.570198059082 112.694885253906 112.682342529297 112.295967102051 111.95573425293 111.116004943848 111.424209594727 111.987846374512 111.154693603516 111.907341003418 111.475372314453 111.332931518555 111.462554931641 111.384704589844 110.595558166504 110.51880645752 109.865684509277 109.267837524414 108.453811645508 108.681175231934 109.226348876953 108.62264251709 107.794494628906 107.726638793945
122.613815307617 121.894081115723 121.994827270508 122.571640014648 121.936347961426 119.403259277344 118.675148010254 119.510078430176 119.649169921875 120.449645996094 121.304672241211 117.180778503418 118.058601379395 117.774360656738 117.349899291992 115.547660827637 115.242614746094 114.41739654541 113.74747467041 113.787017822266 113.528038024902 113.595932006836 113.482521057129 113.388656616211 112.556427001953 112.170196533203 111.794624328613 111.699600219727 111.491729736328 111.315116882324 110.841262817383 110.97395324707 110.959533691406 110.630210876465 111.15592956543 110.407005310059 110.644439697266 110.657943725586 110.18603515625 109.991264343262 110.312118530273 109.44059753418 108.54712677002 108.152038574219 107.782768249512 108.007354736328 107.663398742676 107.52604675293 107.459312438965
122.131271362305 121.128883361816 122.038139343262 122.850105285645 122.852043151855 119.722808837891 118.110725402832 117.407127380371 117.360717773438 116.901596069336 116.791854858398 116.498634338379 117.60489654541 117.058853149414 117.210487365723 115.599624633789 114.388412475586 -3.4e+38 112.709983825684 112.249717712402 112.261451721191 112.12361907959 112.850509643555 112.647178649902 112.260208129883 111.824249267578 111.453269958496 111.01261138916 110.470741271973 110.561935424805 110.24129486084 110.749641418457 110.882369995117 110.897666931152 110.438034057617 110.045478820801 109.672325134277 109.706916809082 109.425506591797 109.508338928223 109.345527648926 109.168083190918 108.358703613281 108.288024902344 107.279495239258 106.455261230469 106.489418029785 106.18253326416 106.217514038086
121.48828125 120.863861083984 121.600677490234 121.674026489258 120.989753723145 118.913436889648 117.479347229004 116.482368469238 116.143432617188 116.08911895752 116.113105773926 115.990661621094 116.407859802246 116.413505554199 116.940124511719 115.16349029541 113.627418518066 -3.4e+38 111.92911529541 111.386032104492 111.284713745117 110.648887634277 111.255493164062 111.882926940918 111.449851989746 111.18480682373 111.199157714844 110.758720397949 110.368797302246 109.922752380371 109.254638671875 109.730247497559 109.997016906738 110.03076171875 109.638038635254 109.174407958984 108.893539428711 109.019889831543 109.145690917969 109.071060180664 108.162460327148 107.83553314209 107.021697998047 107.140289306641 107.184356689453 106.789131164551 106.291862487793 105.895690917969 105.468742370605
120.828948974609 120.606300354004 121.168525695801 120.503059387207 120.294647216797 120.283676147461 117.755752563477 116.035163879395 115.223129272461 115.486961364746 115.340515136719 115.590408325195 115.603370666504 115.33219909668 115.337448120117 114.578247070312 113.76927947998 113.320854187012 112.119033813477 111.079971313477 110.653823852539 110.266174316406 110.135459899902 110.969841003418 110.88134765625 110.313583374023 110.343368530273 109.95320892334 109.509078979492 109.236137390137 108.391082763672 108.430763244629 108.183456420898 108.309799194336 108.22762298584 107.649589538574 108.672752380371 108.799827575684 108.926368713379 108.854187011719 107.859809875488 106.98543548584 106.065620422363 105.721656799316 106.055625915527 105.743019104004 106.410171508789 106.449348449707 106.004402160645
120.586738586426 120.339462280273 121.016021728516 120.99609375 121.615669250488 123.615341186523 123.084259033203 114.784362792969 113.979438781738 114.229904174805 114.103973388672 114.208625793457 113.930282592773 114.282272338867 114.694282531738 113.74193572998 113.373321533203 112.651191711426 112.437965393066 111.616539001465 111.230476379395 110.615295410156 109.657653808594 109.752082824707 109.575820922852 109.197639465332 109.702102661133 109.614501953125 108.86856842041 108.88256072998 -3.4e+38 107.586723327637 107.307258605957 107.320327758789 106.857643127441 106.738731384277 107.59407043457 107.605949401855 107.417457580566 108.370452880859 107.889739990234 106.705421447754 105.808174133301 105.411231994629 104.814346313477 104.127174377441 104.978507995605 104.988700866699 104.442070007324
121.35969543457 122.474090576172 120.710411071777 120.302047729492 121.109886169434 132.174041748047 132.652130126953 114.045433044434 112.601921081543 112.26473236084 112.224952697754 112.207939147949 111.953689575195 112.270545959473 112.829971313477 112.12483215332 111.34693145752 111.286041259766 111.009490966797 111.37084197998 111.631568908691 110.928092956543 109.526657104492 109.730072021484 108.412132263184 107.735572814941 107.240394592285 106.674476623535 107.413787841797 107.173957824707 107.42781829834 106.662803649902 106.583084106445 105.808929443359 105.93416595459 105.857727050781 105.070411682129 105.192863464355 105.31485748291 105.243217468262 104.591896057129 105.573417663574 105.521537780762 104.700950622559 104.637321472168 103.807182312012 103.821891784668 103.270263671875 102.701026916504
120.652412414551 123.049934387207 122.917671203613 118.636734008789 118.073722839355 126.106491088867 133.594802856445 113.736541748047 112.218376159668 111.665229797363 112.074119567871 111.752166748047 111.665809631348 111.674194335938 111.375160217285 111.268157958984 110.393463134766 110.222457885742 111.191993713379 112.731437683105 112.120040893555 110.781105041504 109.011375427246 108.577507019043 108.029510498047 107.084678649902 107.11344909668 106.721717834473 106.277076721191 106.06128692627 106.358917236328 105.589141845703 105.82299041748 106.323303222656 105.954231262207 105.879364013672 105.09147644043 105.213935852051 105.17537689209 104.443916320801 104.045539855957 103.827705383301 104.095321655273 103.268737792969 103.385261535645 103.524215698242 103.562286376953 103.12816619873 102.493789672852
119.198760986328 120.236854553223 121.490516662598 116.757034301758 115.648017883301 119.856704711914 129.086578369141 113.080078125 112.066368103027 111.814781188965 111.822967529297 111.470909118652 111.274353027344 110.861259460449 110.474411010742 110.057022094727 109.794471740723 110.166130065918 110.983467102051 111.770919799805 110.129516601562 108.526969909668 108.776634216309 108.387901306152 107.953758239746 107.563636779785 107.225486755371 107.139259338379 106.38752746582 106.303405761719 105.270668029785 104.875801086426 104.679672241211 105.344055175781 104.760200500488 105.594345092773 104.805198669434 104.819969177246 104.303733825684 103.805549621582 103.737480163574 102.940956115723 102.452774047852 102.15389251709 102.232353210449 102.15111541748 102.163536071777 101.834503173828 102.525848388672
118.94026184082 118.811454772949 117.672302246094 116.104347229004 115.237701416016 116.865196228027 119.766357421875 112.800804138184 111.793411254883 111.508079528809 111.525512695312 111.269805908203 111.289367675781 110.904197692871 110.297142028809 109.369995117188 109.503288269043 109.748275756836 109.779968261719 109.175674438477 107.910598754883 106.974327087402 107.714477539062 107.277885437012 107.119445800781 107.532524108887 106.935592651367 106.96556854248 106.573768615723 106.013740539551 105.122360229492 105.154815673828 104.761047363281 104.192901611328 103.574073791504 104.248542785645 103.45524597168 103.575653076172 103.706695556641 103.826881408691 103.760536193848 102.884086608887 102.062591552734 102.177520751953 102.116516113281 101.281341552734 101.222221374512 100.511444091797 101.379447937012
118.66535949707 118.335945129395 116.803047180176 115.826469421387 114.765983581543 114.018928527832 113.358436584473 112.181182861328 111.608268737793 110.708946228027 110.845085144043 110.981094360352 111.116996765137 110.883026123047 109.577331542969 109.107696533203 109.241035461426 109.374351501465 108.838302612305 108.010627746582 107.450263977051 106.487236022949 106.511390686035 106.236701965332 106.350456237793 106.347679138184 106.081596374512 105.946884155273 106.734680175781 105.769012451172 105.133445739746 105.148750305176 104.692253112793 104.206436157227 103.423027038574 103.349723815918 102.557037353516 102.64281463623 102.59676361084 102.851051330566 103.473159790039 102.596397399902 101.773498535156 101.887741088867 101.827812194824 100.991157531738 100.933135986328 100.086799621582 100.19571685791
118.156234741211 117.207389831543 115.922012329102 114.795440673828 113.949645996094 113.241104125977 112.447692871094 111.373779296875 110.905342102051 110.444274902344 110.451538085938 110.15901184082 110.420417785645 110.504608154297 108.977409362793 109.110305786133 109.243179321289 109.188941955566 108.839561462402 107.766929626465 107.164031982422 106.227890014648 106.356712341309 106.485557556152 106.396453857422 105.537536621094 105.095756530762 104.994804382324 105.658065795898 104.896209716797 105.144401550293 105.178001403809 104.729827880859 103.91429901123 103.129699707031 103.057304382324 102.263404846191 102.193031311035 101.389709472656 101.616897583008 102.104499816895 101.321022033691 101.102958679199 101.665435791016 101.608154296875 100.771621704102 100.810913085938 100.413589477539 99.9799499511719
117.932586669922 116.457565307617 115.672073364258 114.559326171875 113.77416229248 113.37939453125 112.806419372559 111.537017822266 110.734268188477 110.318901062012 109.910293579102 109.650787353516 109.900611877441 110.008460998535 108.686401367188 108.818351745605 108.827049255371 108.348373413086 109.694778442383 107.575653076172 107.532264709473 106.687103271484 106.358612060547 106.487213134766 106.63060760498 106.376853942871 104.633583068848 104.574600219727 104.677665710449 103.75212097168 103.749084472656 103.962715148926 104.366027832031 103.673210144043 102.888809204102 102.818710327148 102.025009155273 102.06022644043 101.663963317871 101.271179199219 101.307403564453 100.504936218262 100.587135314941 100.524955749512 100.560485839844 100.335456848145 100.907859802246 100.85619354248 100.005081176758
117.253509521484 116.306259155273 116.460105895996 116.518409729004 114.094413757324 113.218200683594 113.168968200684 112.182685852051 111.680801391602 110.688804626465 109.654808044434 109.361267089844 109.368339538574 108.894073486328 108.421585083008 108.553573608398 108.452171325684 107.742370605469 108.403282165527 107.161437988281 107.58797454834 107.093002319336 106.299987792969 106.189582824707 106.302871704102 105.957893371582 104.343963623047 104.309631347656 104.388328552246 103.417335510254 102.568489074707 102.66056060791 102.842102050781 103.685836791992 102.900939941406 102.936592102051 102.541969299316 102.157760620117 102.093215942383 101.285537719727 101.402503967285 101.043785095215 100.558418273926 100.160911560059 99.7428359985352 99.7764892578125 99.4360961914062 99.3808746337891 98.6920776367188
116.872589111328 115.566268920898 115.959938049316 116.492172241211 115.188743591309 113.994201660156 112.957550048828 112.108100891113 111.482002258301 110.916786193848 109.782287597656 108.968788146973 108.556327819824 108.291961669922 108.547027587891 109.011711120605 108.519332885742 107.559593200684 106.630966186523 106.759536743164 106.888214111328 106.796920776367 106.01033782959 105.813552856445 105.263702392578 104.531677246094 104.607330322266 104.150680541992 103.816230773926 103.899726867676 102.464576721191 102.009284973145 101.883834838867 102.683036804199 102.232772827148 101.688209533691 101.966514587402 100.914215087891 101.798637390137 100.989707946777 101.106025695801 101.260604858398 100.864067077637 100.281578063965 99.4450225830078 99.4478912353516 98.8412551879883 98.3404769897461 98.0697250366211
116.727653503418 114.634765625 114.304138183594 114.697448730469 116.326271057129 116.067436218262 113.597473144531 111.284774780273 110.693214416504 110.287582397461 109.91138458252 109.410041809082 108.528457641602 108.000205993652 108.324981689453 108.96923828125 108.219879150391 107.163650512695 106.366920471191 106.495697021484 106.741493225098 106.991661071777 105.801246643066 105.714530944824 104.760154724121 104.111473083496 104.547180175781 104.000831604004 103.09139251709 103.530738830566 102.181350708008 101.785842895508 101.417572021484 101.537422180176 101.527397155762 100.994583129883 100.714637756348 99.7053985595703 100.416816711426 99.7022094726562 100.416358947754 100.923675537109 99.9773178100586 99.6796340942383 99.748908996582 99.3269500732422 99.2778396606445 98.4274444580078 98.3805465698242
116.737342834473 115.042358398438 113.384841918945 113.150733947754 114.251914978027 114.540954589844 112.719612121582 110.559715270996 110.087768554688 109.477462768555 109.185165405273 109.201271057129 108.639114379883 107.732925415039 108.060317993164 108.714981079102 107.95337677002 106.955688476562 106.382789611816 106.553680419922 106.51049041748 105.984016418457 105.225677490234 104.954605102539 104.462661743164 103.714950561523 103.728790283203 103.23690032959 102.739791870117 102.863731384277 102.503082275391 102.05118560791 101.65699005127 101.28621673584 101.406616210938 101.341285705566 100.461181640625 100.065078735352 99.593994140625 99.276008605957 99.3612442016602 99.810173034668 99.1381759643555 99.2226181030273 99.1782073974609 99.3430938720703 99.2958526611328 98.4447631835938 98.3997802734375
117.651359558105 117.640556335449 114.542724609375 112.524345397949 112.124000549316 111.727951049805 111.224594116211 110.151100158691 109.283561706543 108.667701721191 108.405471801758 108.412742614746 108.000717163086 107.734130859375 107.975471496582 108.302803039551 107.563255310059 106.894744873047 106.160316467285 106.424819946289 105.462760925293 104.530029296875 104.994781494141 104.747840881348 104.202178955078 103.454620361328 103.37410736084 102.618186950684 102.742012023926 102.86589050293 102.433517456055 102.143280029297 102.074951171875 101.290420532227 101.410858154297 101.447662353516 101.053314208984 100.586685180664 100.191284179688 99.6219863891602 98.80517578125 99.032844543457 99.0068969726562 98.296745300293 98.1832275390625 97.8578720092773 97.9740905761719 98.1447525024414 98.1008834838867
116.164726257324 115.847747802734 114.333587646484 113.23193359375 111.901992797852 111.707893371582 111.327362060547 110.519996643066 110.018257141113 109.153388977051 108.540634155273 108.008331298828 107.25301361084 107.171119689941 107.300369262695 107.105010986328 106.019027709961 105.952354431152 106.235389709473 108.94352722168 104.985427856445 104.921806335449 104.258033752441 104.075744628906 103.26522064209 103.156112670898 103.077507019043 102.320175170898 102.336738586426 101.890899658203 101.676704406738 101.482765197754 101.028869628906 100.734855651855 100.855415344238 100.794929504395 99.996337890625 100.114784240723 100.058837890625 99.1519393920898 98.7519454956055 98.3201217651367 97.4883804321289 97.6000442504883 97.5532836914062 96.7074127197266 96.7492523193359 96.4771499633789 96.6893844604492
116.637802124023 115.442970275879 113.534004211426 112.560432434082 111.823532104492 112.241645812988 111.718299865723 110.061065673828 109.726844787598 108.981986999512 108.664688110352 107.738151550293 107.042533874512 107.171264648438 107.180419921875 106.763854980469 106.266075134277 105.551010131836 105.442810058594 105.648910522461 104.686943054199 104.486351013184 103.293815612793 103.282913208008 102.558418273926 102.261825561523 101.821228027344 101.425643920898 101.076843261719 101.220710754395 101.465476989746 101.399543762207 100.617630004883 100.73836517334 100.85897064209 100.800071716309 100.001037597656 100.119552612305 100.065269470215 99.0823287963867 98.2640075683594 98.328987121582 97.4966735839844 97.6084442138672 97.5634918212891 96.8032913208008 97.3675231933594 96.7855682373047 95.8608551025391
116.75496673584 114.755111694336 113.389122009277 112.888877868652 112.354927062988 112.631050109863 111.973136901855 110.316955566406 109.874565124512 108.77099609375 108.66520690918 107.739189147949 107.043022155762 107.051383972168 106.572868347168 106.067886352539 105.970672607422 105.254585266113 105.091598510742 103.731948852539 104.204704284668 103.171051025391 102.100318908691 102.170188903809 102.195953369141 101.706787109375 100.950698852539 100.874206542969 100.19255065918 100.583908081055 101.365844726562 100.915191650391 100.621070861816 100.642845153809 100.078804016113 99.1568908691406 99.0381469726562 99.8471450805664 98.4007186889648 98.196174621582 98.7413330078125 98.0246200561523 97.1910018920898 97.2146377563477 96.7237777709961 96.4773330688477 96.9417343139648 96.5623626708984 96.1658325195312
115.963691711426 114.292541503906 113.917587280273 113.528800964355 113.081840515137 112.535827636719 112.556587219238 110.908264160156 109.848342895508 108.770805358887 108.665580749512 107.796318054199 107.178695678711 106.766075134277 106.318572998047 105.679702758789 105.261108398438 104.985092163086 104.927505493164 103.924766540527 104.012962341309 102.488830566406 102.403678894043 101.658477783203 101.672332763672 101.234268188477 100.839004516602 100.396812438965 100.105163574219 100.033432006836 99.3630676269531 99.0644683837891 99.180549621582 99.1156692504883 98.1624603271484 97.476676940918 97.6483383178711 97.9264678955078 97.2326049804688 97.0644226074219 98.1740188598633 97.7817001342773 96.9483108520508 96.905029296875 96.0616226196289 -3.4e+38 -3.4e+38 96.3077621459961 95.8061065673828
