rcp8.5models/MPI_ESM_LR/sc1gr10.2
NCOLS 261 
NROWS 433 
XLLCORNER 336357.134 
YLLCORNER 654653.479 
CELLSIZE 1000 
NODATA_value -9999 
[rows 198 to 219 of 433, columns 100 to 149 of 261]
252.197571696876 259.933482585236 262.889836171002 265.200273233669 267.729568270425 271.583289328708 274.051079890741 277.058472929616 280.726910768774 285.125027556522 289.362664026008 293.346634903853 302.573817768338 307.284064327145 310.548862037884 313.52398047661 317.321632794436 320.538857403883 325.206587596171 329.433117447351 333.977197714707 338.470069069785 343.928800589342 348.440653023764 355.633888877359 360.022730730122 364.640794007616 368.274336144495 370.757740881042 375.502592877221 381.761642374386 386.665073156826 390.712513340475 396.19265202919 400.061180734909 403.80308000813 408.748212601904 412.961720140581 417.369555860314 419.051444345643 418.13525348505 420.255902349616 428.429571732839 430.343739579316 426.048494123446 434.374806269364 433.585463055136 435.624600423968 437.732517344993 439.900372749546
251.412771844063 258.959725777602 261.709782640691 265.099960586579 267.702512230357 271.553130815944 273.857782806885 276.391629245399 279.47453503475 283.435683157988 287.467503186644 291.156171702861 301.234471502293 304.742218178173 308.379980207098 311.728794453967 315.736426569234 319.068376082594 323.342468772764 327.801766553112 332.166284662805 337.010206956448 342.961573603888 346.73608245617 355.403073909057 359.944755652336 365.00896285908 367.501678749642 370.034079122698 374.578140528334 380.438428606399 386.101973080334 390.852106632041 395.798352165249 398.605754613939 403.49427180415 409.472123695073 412.431537959393 416.263493393204 417.541599098426 415.757886789425 416.637340000014 422.153590789996 424.525295566085 423.453735006499 430.328694878496 431.138600371161 432.20242782124 434.282626195127 -9999
251.021170854444 -9999 259.913491146921 263.982184775524 267.51771126367 271.066426618575 273.809249847773 276.192774213521 278.633323312201 281.857346822695 286.026423055869 290.109106596558 298.985373756847 -9999 306.177247531706 -9999 314.109612429162 317.968755932332 322.209759969787 326.793044521767 330.584372874198 335.114869388415 340.229901715387 344.107816878368 353.61296955139 358.552700178811 364.266221971011 366.061226585959 369.290350446343 373.50417638128 378.552352332681 383.749856338897 388.992558759517 394.05649812986 395.945874117223 402.531794700709 407.743540741826 411.68657800722 415.407486057302 416.327114342406 412.836099720307 413.201221570705 416.826651482243 419.964393797763 420.418402617744 424.543455346838 428.142726891699 429.252305234974 -9999 -9999
250.523957850812 255.54002696028 259.360026210088 262.757356830069 266.887846026048 270.473237516759 273.17902953226 275.645192624941 278.358680672423 281.269387588556 285.208309798883 288.760865001714 297.071607143967 -9999 -9999 -9999 -9999 316.286071566237 320.86324479568 324.517834321942 328.207144961383 332.747256601797 337.396773365855 341.891410581011 353.156849665577 356.670848998713 362.653702036378 364.678609489236 368.60387724709 372.981830153419 378.040096957665 382.293809700543 386.758507923569 391.674908803744 394.024622061393 401.721346650664 406.168032641965 410.387048625902 414.498992242861 416.262491947922 413.454249746061 411.907930630885 414.423492206648 417.205873399627 418.540662710509 421.998005001655 426.472099683058 428.187704930927 -9999 -9999
250.067434710853 254.674381181673 258.51519976287 261.745035735882 265.832269159386 269.148702876067 271.863179374585 275.063769846734 278.005832276887 281.508324264546 284.965458558643 288.104398232907 -9999 -9999 -9999 -9999 311.275959899585 -9999 318.863408206058 322.41093294849 326.356081350298 330.948738135569 335.984785407365 341.041673547918 351.660552256636 355.87922829908 360.692874335928 363.518441440436 -9999 372.661283448809 378.223464155663 383.199157040667 386.360908311384 391.051060230375 393.493847261535 400.231504316629 406.095005608221 410.470476885273 414.074421171864 415.637396665918 414.392144202676 411.641300250754 412.848862838091 414.737566167699 418.121966891056 424.091733641337 427.046395302128 428.450064473429 429.954081843604 -9999
250.189131237754 253.842791880641 257.308798602047 261.248739067676 265.069663155652 268.059590295471 271.39814684065 274.612411329489 277.918849905335 280.88048046343 283.766790052085 287.343288988889 295.244235099029 -9999 303.60418520399 -9999 -9999 313.80465224883 317.78498578868 322.163789941223 326.434493868647 330.195563242029 334.722333072098 339.878842122931 349.721030367977 355.85903727446 360.060090303184 363.599042630956 366.98828597763 372.057164139683 378.412511558461 383.949649199688 386.395786428399 390.601447551913 392.107541139196 398.508228289896 404.802873669461 409.839204350496 413.362093453707 414.819401853825 414.951994765228 413.589270628711 412.397055830415 413.664822002643 418.637786924511 428.057738593664 425.991704599624 427.974838475478 429.525896859595 430.588487936036
248.663652415004 253.262783498348 256.504196707784 260.996339695825 264.622985441326 267.865466204786 270.607259496415 274.259204898999 277.934819053216 280.128210127567 282.561817255829 285.805451938832 294.496074856531 -9999 302.724199726651 305.626400418015 308.689327786993 312.54530808417 316.947225077284 321.782037163176 326.253372149737 330.046172357754 333.980359529089 338.377776007088 349.415048432454 356.384659178573 360.889780252011 364.114706206407 367.183530775687 372.008976513586 377.006877545928 382.303312221303 387.096925825292 390.535249938547 390.600591322391 397.256655402734 402.841680899366 407.861268264871 411.676169714926 413.865060634295 414.869081415961 414.231376086798 412.014965645214 413.48399376631 418.854853018194 428.439034475615 423.701240068609 426.129651793773 427.553034404828 428.848753811489
246.905677693134 253.646605664586 256.3931620855 260.449594586698 264.020198496028 266.913976238259 270.005556039423 274.254220770479 277.167080151597 279.414180762121 282.024504681619 285.443859435617 -9999 -9999 300.894332269988 304.765946928622 307.800353122435 311.515122859564 315.487339013404 320.369808398258 325.120808456766 328.770682998116 333.392513723113 338.035175365195 349.832438438301 357.225043536182 362.725524485183 364.876932817444 368.072291026787 372.954138667269 376.576277391274 380.638393557642 385.888732476895 388.190480322733 389.385088280583 395.958221877884 400.714124822608 405.792872177646 410.619674800305 413.308560956644 415.795308573507 417.524618031205 416.529918249734 413.037550858916 418.549400454343 425.035177168542 422.708868034002 424.835768309169 425.618000002908 427.173835931282
244.822090460227 253.025617933916 256.114320207864 260.186724582642 264.029292236231 266.155810713553 270.004090998674 274.40092538562 276.898907856854 278.971226706289 281.713651369511 284.737111897141 -9999 -9999 -9999 304.021467551615 307.344590665128 310.589328113781 314.300180891552 318.448301218409 323.201519251348 327.288613155266 331.905281170042 337.289162365639 354.013854129374 365.056749747017 365.013272776123 364.873261215224 368.135507730703 374.177738620658 378.007341174584 381.222584221422 384.441487345089 385.903936600187 388.444486542905 396.124506136944 399.836211211775 404.859166841138 409.681881222258 413.221056780765 416.672654491792 420.771152037044 422.463304507262 414.185792744094 419.12863616943 424.066178919742 427.209514021557 423.870606990764 424.961792639392 426.341164945419
243.243245206735 251.844775696472 255.550166742396 259.648292400004 263.673429888066 265.633919788461 269.641256358709 273.803910941814 276.616781426234 278.552012826278 280.877466381447 284.440904489431 290.787253839352 -9999 -9999 302.550145809001 306.717811319204 309.657499671884 313.332358234121 317.059736195653 321.036873562946 325.48893119732 329.974942353392 335.996433169117 356.760032155041 372.910403726679 368.398333290503 364.957577511737 368.595758628887 374.160704281955 378.593418733668 380.156753273932 382.852549676832 385.616394810246 388.805412301479 395.980802618801 400.73898991793 406.638311273485 409.033522492046 412.82717988638 415.583122013474 419.904587124333 421.943370657379 414.097221767106 421.589845960241 430.82874087616 433.243825920173 423.279859000715 424.749537938043 426.043592240488
241.107090610724 248.60524284852 251.983995378267 255.902640846175 260.360370212173 265.007443689064 269.567657635918 275.476415392673 281.527859813336 279.734849274761 280.974500144799 283.633038866009 289.129576365906 292.942100495343 296.856642922287 300.304912213197 304.449370981658 308.074802880802 312.25968349231 315.438873988895 318.732695854272 322.52643660673 327.220395777111 333.564104010273 349.481787704865 360.318444397552 358.739029882744 359.496977763516 362.366585410337 368.76748980719 372.259184820746 374.534973443299 376.589595180035 381.637284930056 386.004407081182 395.319049294023 398.727055129941 403.578012394318 407.355950564118 409.073355956918 409.290060180871 410.54907143109 412.266030915118 419.340504584046 430.463959163356 431.512402728701 421.988496187987 421.602530885565 422.430132511024 426.05976632717
240.317698406801 248.128540286587 251.935624523106 256.504425572471 -9999 263.040852977242 268.133725013359 274.923252228551 282.1676927248 280.875966118421 280.479528783219 282.756251679715 288.26974132525 292.405601836788 296.757684148323 299.870560069435 303.597008192827 307.13067516583 311.769866622517 315.474017273776 317.912655546178 321.710555110364 325.816394084529 331.75919437049 344.655009776625 352.462888010074 353.429437402049 355.585820533387 358.853713952938 364.685469700139 368.768954956925 371.438147088922 374.371471594155 378.567774036801 382.823510550909 393.210613128051 397.478687118873 401.774146197431 406.39001558243 409.040931811532 408.777617593394 411.420212199037 415.627625250509 425.55608124609 436.694300876564 431.512246386889 420.188423542169 421.413557327583 423.265572451507 427.131754496606
240.588081936481 247.502665008357 252.136885491267 258.358327139528 259.91728291921 262.314083262976 266.713775821129 273.637459315718 282.052790034169 283.241650475221 279.388838028988 282.387521304508 287.834670003521 291.283192071099 296.016949301494 300.439007487068 303.064907485817 306.585061196109 310.899264137119 314.921139468076 317.365261882441 320.963587406837 324.415686510116 329.566796259438 343.012376392554 350.450931462002 349.121120827883 352.221323879268 357.103608927328 362.576420118556 365.478634978541 368.521849026901 372.045046904409 375.837313558131 380.919753449928 391.281109081435 396.661167707742 401.473815333828 405.573325252643 408.002361359607 407.804910498935 409.887466195142 414.143738203618 421.59118733093 424.667077859578 422.322845812735 420.104322819485 421.334814218997 423.579481097774 426.638081373485
240.382550014138 247.187472161164 252.43475080181 259.83573225797 261.943559944601 262.503227207896 265.463900675233 273.751206035681 290.304178731525 296.678939510361 279.558573417779 282.398046614936 287.259703027024 290.473961620946 295.610036211053 301.106795925551 304.110647625481 306.743804996334 310.497360516506 314.903894612153 317.984090595202 320.580620557466 323.419566218961 328.732439738023 342.132280069956 348.753767504853 346.816783878614 351.108893588339 -9999 360.854727202976 362.425370058328 366.260772067553 370.879623446568 374.780614342762 379.472869760057 390.066699562439 395.760502165375 401.664778033571 404.469275877069 405.417465774066 406.297670772522 409.639855294119 416.616167574363 418.770524481299 413.277187159549 415.166761025797 419.923157974928 420.944314701444 422.046168200934 424.29483214152
239.130078983908 247.053544596743 -9999 258.003061738877 262.631211115529 262.784380654247 264.546469969983 272.766969369545 287.911257630816 290.485544831248 279.543389120802 282.152497308757 286.457556640787 289.695700418462 294.779929605298 300.204621553465 306.969273041617 312.276384852278 -9999 315.593678431941 317.912418063133 320.094873678755 324.035916923109 330.141478409447 340.056382045487 346.144989727878 345.413495688762 350.826264685128 355.138762918207 358.206130366588 360.402706442391 365.894518244304 371.408753979279 374.928461525404 378.458977449333 389.206416606177 395.015074466627 400.659297699279 403.128262199526 403.053527173629 405.898947323407 411.891821360746 422.184909584072 424.154386693507 412.239046300522 412.85178283906 418.0903384125 419.896699961865 420.15577601091 422.479188760104
238.012088246655 246.021036432299 250.684919494048 256.791439394202 262.454334283516 265.106496618179 264.942711295291 270.354392343435 280.551680240789 283.539562801489 278.608406016712 280.579597259936 285.701740490723 289.412255108279 294.166898743985 299.174480634772 307.799499550738 315.386127255944 311.714007426553 314.555223281422 317.126634238073 318.751605512508 322.85601617017 328.258136442518 336.251802228865 341.049485182389 343.57923096535 348.50315558386 352.100250421385 355.958916509883 359.332662233736 365.045295977482 370.425781973072 375.137588981033 378.404067250708 387.685820862415 392.975653141044 398.184138978187 402.055559759897 402.881464784822 407.458166743849 417.207653868053 426.214667245461 428.595596006902 413.97332160024 412.528674118021 416.331726112832 -9999 419.454505504373 421.128006658689
236.759907645689 245.759279081522 252.557834634205 258.521425407677 261.876107650587 264.879697076988 264.897259505402 268.778838388416 276.987307512599 282.225949435334 277.52796923159 279.060242869511 285.093965152957 289.523597565524 294.699022549919 299.085991288821 304.357119397268 309.927063909334 310.728247513616 313.345401302271 316.816565156409 317.331389535154 320.891328798324 324.771971416798 333.350937199049 337.766553652281 342.646575563559 346.312200870304 350.08172507526 353.346842630935 358.237236824373 364.239292254184 368.837040094263 374.12017221941 378.483340175927 387.975466929258 391.560256890597 396.389477416575 400.203092934906 402.727508834671 407.23210179459 421.949756022362 440.9185467152 434.249251390673 412.456608915757 412.415954528238 414.951840419991 417.202499066801 419.328152865427 420.897122450854
-9999 245.281457958836 253.615703045765 261.268236463227 262.598988899245 265.22472456155 264.944854969963 267.449857267971 273.562258577861 278.286428846118 276.732511575351 278.431470958769 284.920793222629 288.709978817287 294.259904621067 298.797616031849 302.620475721635 306.326955303606 309.126862003566 313.037538168317 316.00394534787 316.402071324139 320.540504856479 324.644477350291 331.88696748681 336.583105331281 341.127343289735 344.525175017196 348.284565402528 351.845021844036 356.924604023912 362.762588452669 367.049613757102 371.803019378231 377.039760326919 387.112365189065 390.897141156096 395.610845449597 399.056557684205 401.797400203692 405.730775063543 421.410248990303 455.460428880466 449.323240067945 408.930364219245 411.490299045393 414.292974428163 416.081042551549 418.754377465307 420.786830642009
234.647882359162 244.826133365735 251.625337111654 259.343009331391 263.188879398207 266.872680780587 267.682777951609 267.576307875417 273.168262180338 277.913622610665 275.394656752833 277.811935612788 285.17560608041 288.211513242758 293.320722692726 297.888869436453 302.061421585399 306.071126987764 308.717885390028 312.024487644168 313.847674482396 316.158021521875 320.006867533281 324.389451063186 330.776163282372 334.986775814616 338.920036052619 342.74007320805 346.701079920947 351.581207349709 -9999 -9999 364.959129044512 371.143720709013 378.215763766065 389.814119632863 390.021973507259 395.273955549178 399.028917338492 401.748217708075 407.341565712504 424.612474882391 454.535599744705 440.686270326966 410.499666838129 411.523984999052 414.156189597206 416.733683395069 419.015280993056 420.788504249592
234.616198998107 243.893707619825 249.372936267813 254.991116358253 260.724125829001 266.763355965493 269.68905651116 268.100964583668 273.762173848885 278.749923142295 276.213037840606 277.066672243719 285.491827006832 287.69059524068 292.760500526403 298.970408688302 301.830302889535 305.45968750323 308.668386102099 310.534569837792 312.057138092118 315.509333119546 319.278759240949 323.750729084185 330.376376797009 334.275018858216 338.426812496409 342.505913372584 346.806634512117 352.300647059297 -9999 359.996445370927 364.933871729593 372.210495395305 389.12449883311 389.465697761018 389.443146362028 394.736947159734 399.603605875147 403.722979102163 409.100229717717 425.388888861545 444.357771788292 422.6171275814 410.454463438643 411.756437968836 412.699975124216 416.313395225205 418.253837740145 420.243500676292
233.837799490877 242.66685863776 249.137718422603 255.78364592566 261.0904003483 265.266434837415 268.231284222473 268.562110300229 274.892749335044 281.76341559162 281.472500745241 276.938745569335 284.809140357227 286.648966372373 292.081474496862 299.582136130371 301.944265997129 305.204012856295 309.39557243612 310.117773510404 311.658587748906 314.708371248232 319.179527871011 323.952128325453 330.58158845061 333.786401813839 338.691031655997 343.021251463188 347.321673079548 352.095074854778 -9999 359.20500489366 365.283959454098 385.609467285158 416.271197513189 385.590377252015 388.779269787744 394.376753559019 402.888858750501 411.374770787044 410.842025883695 422.701867859709 441.687346884969 425.962020814994 409.037088155593 411.240661652063 410.885449363294 414.476809924655 416.52652134847 418.788882361553
233.346225815655 242.331263959933 248.696389350169 253.760070344716 259.181021584366 263.962637480658 267.391481702894 269.384014165976 276.422269149467 285.527909491005 287.701651607504 277.159204217005 283.919799014704 285.892842307146 290.777871656878 297.341597758196 301.750914396939 305.393039769448 310.069592801011 312.21763637484 311.791540657054 -9999 318.762630571519 323.66708343289 331.480160200365 333.214544672071 338.567881011081 343.542119890333 347.264263836097 351.000533377198 354.054343965039 358.947673166568 374.638818731951 402.507243816155 402.446754399394 383.662174720516 388.315958368003 394.31760451271 405.368697307753 418.821673054849 416.84471057618 424.322752753483 436.715183658362 417.586378204218 409.416142187934 411.896530906054 409.428827217217 412.258986734741 414.888045372821 417.57079583663
