rcp8.5models/MPI_ESM_LR/sc1gr2.21
NCOLS 261 
NROWS 433 
XLLCORNER 336357.134 
YLLCORNER 654653.479 
CELLSIZE 1000 
NODATA_value -3.4e+38 
[rows 308 to 329 of 433, columns 147 to 195 of 261]
258.093353271484 259.019134521484 264.818023681641 272.009002685547 278.645935058594 283.021484375 285.615844726562 290.722320556641 296.785247802734 292.064727783203 287.845489501953 296.92138671875 303.423889160156 299.037628173828 295.662902832031 286.726257324219 279.811462402344 279.657867431641 279.1962890625 278.927795410156 279.03857421875 282.950012207031 308.522064208984 309.026397705078 304.377685546875 297.875915527344 286.679046630859 284.569427490234 297.564727783203 306.605743408203 307.688659667969 294.34912109375 281.6220703125 270.138824462891 267.998596191406 270.146392822266 281.654968261719 292.100036621094 295.008178710938 295.443359375 289.691131591797 297.877258300781 307.438323974609 306.655212402344 311.557922363281 320.336029052734 320.731109619141 320.887542724609 321.109008789062
255.89533996582 261.019989013672 266.142852783203 269.650268554688 275.678070068359 284.057922363281 287.219757080078 290.716888427734 291.998382568359 285.211303710938 284.411346435547 295.23486328125 300.134674072266 291.596740722656 291.210601806641 286.732238769531 278.560668945312 272.54833984375 270.56640625 274.159149169922 279.854705810547 285.660705566406 307.499542236328 309.005340576172 304.838714599609 300.867950439453 291.673889160156 282.804748535156 288.882843017578 304.14599609375 308.528930664062 302.479736328125 288.650482177734 267.883117675781 266.559173583984 268.685180664062 277.523956298828 288.938873291016 294.860443115234 294.830932617188 293.277648925781 304.376983642578 309.175354003906 305.779876708984 304.320892333984 319.589141845703 320.7021484375 320.288360595703 318.760772705078
258.811187744141 263.616577148438 266.110473632812 267.908477783203 274.566314697266 284.158081054688 289.078063964844 290.794311523438 286.722900390625 280.053253173828 283.837677001953 295.575744628906 298.208648681641 287.518829345703 287.256530761719 284.708068847656 276.109313964844 269.374267578125 269.081695556641 275.981506347656 285.136444091797 294.509857177734 307.854766845703 307.249725341797 303.922515869141 302.409149169922 298.281585693359 286.951751708984 283.426544189453 293.862609863281 305.212524414062 306.688873291016 295.255126953125 269.218078613281 266.831726074219 267.197021484375 272.744995117188 284.163757324219 295.011352539062 295.456451416016 294.679626464844 306.865600585938 311.027069091797 307.086364746094 304.540313720703 319.586730957031 320.527465820312 319.774108886719 317.916198730469
261.610656738281 263.828369140625 266.043060302734 268.308654785156 271.455932617188 276.748901367188 286.1220703125 289.261596679688 283.651611328125 279.878753662109 285.902191162109 298.971588134766 297.666931152344 288.662445068359 285.493469238281 280.079071044922 276.215789794922 273.29541015625 274.803344726562 281.74169921875 291.343811035156 301.591827392578 305.796661376953 304.398101806641 298.823547363281 292.707305908203 292.401397705078 285.558929443359 280.072387695312 282.627990722656 294.473205566406 306.994995117188 302.971435546875 271.388580322266 265.861175537109 265.981719970703 269.697509765625 280.642120361328 296.548156738281 295.618988037109 294.069213867188 306.344909667969 311.725402832031 309.045654296875 307.502838134766 319.756530761719 320.135345458984 320.041717529297 318.582244873047
263.109283447266 264.015045166016 265.738861083984 268.153991699219 270.741607666016 275.285217285156 282.673583984375 281.849517822266 277.686767578125 281.237091064453 287.854278564453 295.433380126953 296.763122558594 293.017120361328 285.538421630859 282.279541015625 283.464691162109 280.038787841797 279.538513183594 283.356231689453 291.371429443359 299.656158447266 299.180206298828 299.655364990234 291.130950927734 279.781127929688 281.527038574219 278.271484375 276.616638183594 278.018371582031 286.732299804688 305.03662109375 305.592529296875 272.674621582031 266.964385986328 268.120391845703 270.963317871094 280.062622070312 296.463623046875 296.355438232422 296.710601806641 308.455780029297 311.7294921875 309.623992919922 309.208221435547 318.700256347656 319.519317626953 320.215362548828 318.466003417969
261.189117431641 262.718597412109 263.102447509766 266.0078125 271.82275390625 272.478698730469 270.516906738281 267.099090576172 267.594268798828 272.937774658203 276.604431152344 280.5771484375 289.229034423828 296.936828613281 300.078857421875 297.10302734375 290.191986083984 285.098968505859 282.028961181641 279.023162841797 280.798767089844 283.961242675781 301.070068359375 298.496032714844 288.679656982422 284.870178222656 281.533050537109 278.399444580078 278.02734375 275.96484375 276.823028564453 289.216369628906 300.931701660156 279.977569580078 270.399688720703 268.398742675781 271.996734619141 282.555236816406 294.934600830078 297.747772216797 297.999816894531 307.279174804688 310.634307861328 309.291412353516 314.978363037109 317.906188964844 317.96728515625 318.926208496094 317.216125488281
256.434326171875 259.832824707031 262.30126953125 266.592346191406 270.104675292969 268.695373535156 267.053894042969 264.359375 265.479461669922 268.157409667969 270.292144775391 280.164154052734 287.250915527344 293.60693359375 297.344329833984 298.272430419922 289.067230224609 283.913879394531 283.861877441406 280.465362548828 280.655700683594 285.977386474609 302.734588623047 301.173217773438 297.728820800781 292.430358886719 283.696960449219 280.642944335938 277.732147216797 275.727569580078 273.744262695312 281.008209228516 296.31494140625 290.187103271484 276.037231445312 270.768341064453 270.68017578125 278.140075683594 294.869171142578 298.669036865234 298.549499511719 307.402709960938 310.427734375 307.962921142578 314.875396728516 317.706512451172 317.284912109375 318.315887451172 317.446014404297
253.579650878906 259.142944335938 263.998107910156 265.931610107422 265.161956787109 264.578308105469 264.72314453125 266.3310546875 267.407562255859 269.131256103516 271.540618896484 283.787567138672 287.165802001953 291.161834716797 296.595825195312 294.153228759766 286.494293212891 283.601470947266 286.979583740234 284.226165771484 280.033660888672 286.305603027344 303.038940429688 302.578857421875 299.439422607422 294.997680664062 291.40380859375 286.865753173828 279.000793457031 275.794250488281 272.862152099609 276.163482666016 288.202667236328 298.140289306641 282.955993652344 274.530883789062 273.026031494141 278.150421142578 292.370666503906 296.266906738281 301.410186767578 309.264556884766 312.360992431641 310.193908691406 314.854095458984 316.965606689453 317.291107177734 318.445220947266 318.184539794922
257.36279296875 262.438842773438 266.175903320312 265.742584228516 265.333343505859 265.241729736328 267.728485107422 272.056091308594 273.653747558594 274.667358398438 273.892791748047 282.341033935547 285.238616943359 290.736541748047 297.885528564453 289.048828125 282.839660644531 283.337036132812 287.764434814453 288.743347167969 284.644226074219 288.787994384766 297.793518066406 301.127197265625 292.776641845703 287.664154052734 293.395355224609 291.315734863281 284.498352050781 278.332672119141 273.458892822266 272.462554931641 282.58154296875 300.339172363281 288.688415527344 277.551147460938 274.435699462891 281.560241699219 294.231597900391 296.733673095703 305.816741943359 312.005584716797 314.297149658203 313.454711914062 315.330322265625 317.238555908203 318.117401123047 318.906005859375 318.939239501953
266.369567871094 268.416595458984 270.226654052734 270.515045166016 270.849029541016 269.604949951172 271.738189697266 276.253234863281 278.155517578125 279.194519042969 277.976745605469 285.025787353516 290.494079589844 291.976409912109 293.658508300781 285.175048828125 279.026184082031 279.923156738281 284.12451171875 290.540161132812 291.103424072266 291.441619873047 291.650512695312 298.166229248047 291.963775634766 282.825256347656 286.610931396484 287.473449707031 285.252410888672 278.261413574219 274.63330078125 275.181793212891 284.360168457031 297.958801269531 292.810485839844 280.619476318359 275.620971679688 286.547790527344 299.984100341797 303.00927734375 307.982635498047 314.034545898438 315.413787841797 314.938751220703 316.679504394531 318.294830322266 317.918823242188 318.772735595703 319.911560058594
272.984802246094 273.930725097656 274.965087890625 275.193634033203 275.41552734375 274.835906982422 275.458679199219 277.942810058594 278.847930908203 280.065673828125 280.465789794922 287.374694824219 291.773345947266 287.930114746094 286.305267333984 280.052551269531 275.452362060547 275.670806884766 280.515197753906 290.736724853516 292.735900878906 289.81396484375 292.104064941406 296.253692626953 294.948486328125 286.575347900391 277.988006591797 276.160552978516 276.718780517578 273.47216796875 274.851715087891 280.656524658203 288.919677734375 294.495330810547 288.886749267578 279.013732910156 274.815673828125 284.453094482422 297.401641845703 302.182983398438 307.905944824219 313.071746826172 314.831420898438 314.766082763672 317.616821289062 318.973083496094 317.639221191406 318.146057128906 320.365203857422
274.209686279297 276.422546386719 277.459869384766 277.363067626953 277.27587890625 277.843414306641 278.069213867188 277.808624267578 278.224151611328 278.603637695312 278.693756103516 285.367004394531 285.584381103516 280.936340332031 279.675811767578 277.280853271484 274.693878173828 275.255126953125 280.230194091797 287.341491699219 290.87109375 287.8994140625 288.341064453125 293.523834228516 293.150726318359 286.677001953125 275.603363037109 269.396545410156 264.869293212891 265.184844970703 274.492126464844 280.548095703125 287.158416748047 291.487518310547 279.988983154297 275.282867431641 277.534545898438 285.186767578125 291.77197265625 296.968444824219 304.827911376953 311.080780029297 313.246826171875 314.284057617188 317.070495605469 319.593627929688 318.628295898438 319.033416748047 320.996337890625
272.742279052734 275.131652832031 276.677062988281 276.712768554688 276.672760009766 277.729125976562 277.265380859375 276.704895019531 277.611114501953 277.494659423828 277.434844970703 283.3818359375 282.100494384766 277.693542480469 275.249786376953 274.655212402344 274.070343017578 276.939819335938 281.252044677734 280.597900390625 287.689178466797 289.215118408203 280.965637207031 286.831970214844 291.689758300781 286.504150390625 278.016326904297 269.643859863281 259.680328369141 258.207824707031 271.291839599609 278.207916259766 283.159973144531 290.1884765625 283.425567626953 283.290740966797 287.424377441406 293.885803222656 291.835998535156 297.711761474609 306.684906005859 310.772857666016 312.793365478516 314.958099365234 316.782928466797 319.299133300781 319.62890625 320.797637939453 321.482482910156
273.820495605469 275.044036865234 276.243133544922 276.290344238281 276.232147216797 277.089294433594 276.146545410156 275.2548828125 276.320922851562 277.064880371094 277.482971191406 283.448028564453 279.832855224609 276.580017089844 273.833526611328 273.407196044922 273.466766357422 275.986572265625 278.100708007812 276.611785888672 284.457855224609 290.869750976562 277.595428466797 280.655364990234 287.183319091797 285.0712890625 278.590728759766 271.508422851562 261.163848876953 255.118896484375 264.218231201172 273.983917236328 280.856689453125 285.414520263672 290.316711425781 296.250274658203 296.472076416016 300.703491210938 297.037292480469 300.385406494141 309.80224609375 311.032379150391 313.644958496094 315.432586669922 317.110656738281 318.709167480469 319.955078125 320.584869384766 321.081756591797
275.497589111328 276.5498046875 276.976043701172 277.340118408203 276.765319824219 276.837707519531 276.214477539062 275.158782958984 276.077484130859 277.297210693359 277.866668701172 284.488128662109 279.909088134766 274.965515136719 273.208251953125 273.789886474609 274.37109375 274.60107421875 273.994140625 273.862976074219 279.008819580078 286.856689453125 281.606170654297 279.556610107422 280.068603515625 278.740447998047 275.403564453125 271.281219482422 264.845397949219 258.554962158203 260.473693847656 269.039733886719 277.472808837891 279.268493652344 288.615936279297 298.772857666016 303.257141113281 305.354736328125 303.208648681641 304.310211181641 309.752746582031 311.275512695312 314.159912109375 315.009490966797 317.215026855469 318.760284423828 318.322357177734 318.342254638672 320.931671142578
274.910278320312 276.580413818359 276.827453613281 277.403198242188 277.815765380859 278.066467285156 277.596710205078 276.557312011719 277.96044921875 278.688873291016 279.103088378906 283.199279785156 279.595489501953 274.204711914062 272.780731201172 273.842926025391 274.91845703125 273.985778808594 272.736175537109 271.615997314453 274.152374267578 278.796051025391 284.163818359375 281.665588378906 277.897674560547 275.359100341797 269.928436279297 265.1650390625 264.254089355469 263.682373046875 265.634643554688 271.834045410156 276.061340332031 279.903503417969 289.470550537109 296.025146484375 304.619506835938 307.533020019531 307.280517578125 307.287902832031 309.518585205078 311.176147460938 312.892272949219 314.503936767578 316.527160644531 317.934753417969 317.271942138672 318.547302246094 321.548980712891
272.602996826172 274.97509765625 275.88330078125 276.632171630859 277.163330078125 277.436248779297 278.15283203125 278.111755371094 278.980987548828 278.71337890625 278.609649658203 280.428192138672 278.5068359375 273.918579101562 272.828033447266 273.564422607422 273.971252441406 273.048156738281 271.624908447266 270.496643066406 271.897308349609 273.442230224609 280.793792724609 284.289581298828 280.775238037109 275.472930908203 268.598815917969 262.382141113281 261.925415039062 266.309356689453 271.503051757812 277.105529785156 281.050079345703 281.427947998047 293.103454589844 297.589599609375 303.208251953125 308.057464599609 308.945709228516 307.823974609375 309.112945556641 310.713775634766 311.94677734375 314.400695800781 315.275238037109 317.574951171875 317.906768798828 320.433166503906 322.140197753906
269.654174804688 273.598602294922 274.681243896484 275.748016357422 276.458740234375 276.528594970703 276.240875244141 276.183715820312 276.396331787109 274.325256347656 273.743774414062 278.373229980469 276.795318603516 275.540313720703 273.617004394531 272.338897705078 272.740234375 274.141357421875 276.550445556641 278.176910400391 277.399871826172 278.387145996094 281.384857177734 280.893920898438 278.156280517578 278.521789550781 276.034606933594 272.974914550781 265.734924316406 265.651184082031 272.559661865234 277.395202636719 282.171722412109 296.954772949219 295.632629394531 297.354522705078 304.862731933594 308.882598876953 309.822021484375 309.197814941406 309.500762939453 311.612396240234 311.089782714844 313.117034912109 314.873565673828 317.542907714844 318.9169921875 319.937744140625 321.096130371094
272.640655517578 274.469757080078 275.20654296875 275.566345214844 275.523468017578 276.233825683594 274.962371826172 274.249450683594 275.296325683594 274.697906494141 273.983154296875 277.096923828125 276.008575439453 275.420288085938 273.497589111328 270.566925048828 269.958923339844 271.336364746094 274.910583496094 276.815216064453 278.534515380859 281.268371582031 279.930084228516 279.45703125 276.728637695312 278.483489990234 278.956878662109 274.632476806641 265.912353515625 266.002075195312 269.235473632812 271.456268310547 275.448059082031 299.290313720703 301.553802490234 301.795593261719 305.3076171875 309.304351806641 310.410552978516 310.31201171875 310.972717285156 312.946228027344 311.822204589844 313.380859375 315.574127197266 317.379333496094 318.400848388672 319.560424804688 321.088439941406
272.583679199219 273.669494628906 274.220825195312 273.251983642578 273.274749755859 274.914916992188 273.340393066406 273.126495361328 273.859497070312 274.105743408203 274.859466552734 276.661346435547 275.407135009766 274.476013183594 272.890167236328 270.474945068359 268.88623046875 268.915252685547 271.999481201172 274.218627929688 277.651916503906 278.522552490234 278.876068115234 277.960052490234 276.828125 277.690856933594 278.145111083984 274.540252685547 268.547607421875 267.729187011719 270.286895751953 270.71044921875 276.516143798828 298.099761962891 302.887512207031 306.528289794922 306.587249755859 309.090423583984 311.044525146484 311.709381103516 313.024627685547 314.332427978516 314.148742675781 314.948089599609 316.029479980469 316.929473876953 317.101776123047 318.72900390625 319.895721435547
269.647979736328 271.257598876953 272.401489257812 271.348266601562 271.990875244141 272.974975585938 271.939483642578 272.512908935547 272.908264160156 273.680358886719 275.242156982422 276.890441894531 276.464630126953 274.542510986328 273.286071777344 271.694763183594 270.444488525391 269.337860107422 271.859954833984 277.142272949219 277.750183105469 276.094696044922 284.878387451172 280.356964111328 281.874603271484 280.020782470703 275.397857666016 273.044403076172 268.741943359375 268.169830322266 273.745300292969 277.024353027344 283.623840332031 297.899780273438 302.2138671875 306.345428466797 308.385437011719 310.122772216797 310.977355957031 311.933135986328 313.672119140625 314.414520263672 314.8583984375 315.974395751953 315.998260498047 315.379425048828 315.598327636719 316.657348632812 317.165863037109
267.92041015625 270.106109619141 270.857086181641 271.590301513672 271.833099365234 272.056488037109 271.986328125 272.037567138672 271.633575439453 273.070007324219 274.945922851562 275.934143066406 276.001220703125 275.261596679688 274.509857177734 273.0888671875 271.660552978516 270.896270751953 273.916351318359 278.553466796875 276.124359130859 274.977447509766 287.696533203125 292.521514892578 291.6083984375 284.496917724609 277.641021728516 275.018676757812 268.596710205078 266.842651367188 274.989959716797 281.760650634766 289.156158447266 295.611755371094 302.141418457031 307.060699462891 308.34228515625 309.489990234375 309.230834960938 310.901062011719 312.496887207031 313.157623291016 314.615661621094 316.314208984375 315.966979980469 314.0068359375 314.139068603516 314.394836425781 316.070861816406
