rcp8.5models/MPI_ESM_LR/sc1gr5.0
NCOLS 261 
NROWS 433 
XLLCORNER 336357.134 
YLLCORNER 654653.479 
CELLSIZE 1000 
NODATA_value -9999 
[rows 154 to 175 of 433, columns 100 to 149 of 261]
287.348173036255 287.550303736309 287.566012942055 287.508551303737 287.167082379381 287.479707426784 287.624992164203 287.885776915631 287.97630254176 288.054456985983 288.160846373328 287.842574658 287.127147868329 286.781449957759 286.89853752308 286.847572404654 286.802341458975 286.777772295965 286.88861184086 286.844770741073 286.46119781227 286.44393032651 286.425061282333 286.301438190525 286.006744274533 285.943407400563 285.963776045794 286.045086683968 286.172206614207 285.918009902711 286.143629278134 286.473074018878 286.811890126633 287.410533856861 287.584055576006 288.063945190827 288.514508575146 286.68221913443 283.726298260534 288.467316867272 288.55502213992 288.532098627501 288.365020130138 288.273948377242 287.879759350051 287.926243133824 288.793693489326 289.071062404197 288.841927379923 288.603387168831
287.769056372634 287.45852814873 287.142416350194 287.046816422383 286.766802348007 287.184384243013 287.588339748647 287.684558186361 -9999 287.715240360153 287.999384405516 287.91810399804 287.186230846466 286.999774852572 286.826678610285 286.54350473472 286.449849446138 286.435960354938 286.425441026824 -9999 286.30638169042 286.182275568806 286.195280052096 286.189793995112 285.956695025614 285.90114396817 286.1479209639 286.285786436378 286.183580589849 285.853239432079 285.687232728635 286.086319786035 286.714497594308 287.137929879217 287.502888854821 287.880359852335 288.260762096312 287.467946703798 286.199770835458 288.285133994905 288.391926658962 288.442531610056 288.279634325256 288.200598949771 287.56577533491 287.295463121344 288.38477003448 288.78276980742 288.557496511672 288.360837309025
287.713344063381 287.436645612986 287.027741140783 286.800443500234 286.568688059715 286.777088737316 287.225982988635 287.499601576414 287.449299146377 287.526024537355 287.787253113864 287.805056102894 287.225561769627 287.127636177313 286.698104241414 286.337822084386 286.280324358044 286.384053788556 286.255314874298 286.310643468615 286.272284764341 286.148739139928 286.15752549288 286.137373576162 285.927077492044 286.012164777262 286.210890658292 286.24315669597 286.126843596397 285.705468963489 285.555597611022 285.735377808301 286.60086416564 286.819237767227 287.443763866885 287.779840057216 287.913073010815 288.158215952406 288.116625235119 287.854721552239 288.194478666901 288.347614168082 288.252168209653 288.093207972353 287.829884100974 287.448803505295 288.349247901647 288.439979671909 288.390727315576 288.112017579457
287.762149345313 287.19622447181 287.08721721857 287.034784662473 286.845051676571 286.56308529461 286.714761859421 287.007036562448 287.318181878176 286.946641077808 287.558650757485 287.690901010515 287.322869226051 286.907696982064 286.455247018125 286.316435634547 286.5556609766 286.381106371023 286.377723343291 286.25670179858 286.362068539199 286.408740486972 286.355041589092 286.488269221853 285.980268169964 286.174789580898 286.146272497823 286.081061671644 285.895635378281 285.4126750994 285.371040017989 285.631111193783 286.557454715978 286.587351415844 287.047070261255 287.515076980619 287.683314965565 288.009053708357 287.658599450381 287.533843716219 287.766519774333 287.819658963201 287.75154562714 287.718644629675 287.911542998357 287.56396395492 288.144586335701 288.290299564285 288.230327137947 287.76447898485
287.749269333892 287.2975623327 287.255570845545 287.34507319287 287.045380784406 286.525632103564 286.549671568477 286.697087072608 286.854428980426 286.746178179937 287.423143214102 287.59128465118 287.214874681991 286.755262464094 286.657006635678 286.671653424347 286.818699355968 286.619030736511 286.548802136486 286.289942594971 286.549327430648 286.671321379929 286.548191631784 286.644796668937 285.989360638029 285.937203171654 285.887024215075 285.895904662097 285.744087347705 285.134516372226 284.958558716204 285.707422794342 286.388806785104 286.572720140747 287.200476076075 287.463657520805 287.593621386897 287.654669122364 287.366459179462 287.218410868695 287.35414320102 287.381214101424 287.418337599977 287.446444135574 -9999 287.385070205099 287.773523840823 288.183699357691 288.003734800391 287.424880557304
287.355028189998 287.451894006528 287.258412781876 287.284168697043 287.036086014744 286.539183514262 286.589585001433 286.474985536575 286.462479124229 286.67816054402 287.050906387992 287.356585443931 287.06178848967 -9999 -9999 287.023165939724 286.900800614406 286.912797301549 286.711444776734 286.711331864117 286.73982453859 286.65704148926 286.510425934426 286.626046113439 286.029197228299 285.876418982652 285.687729779344 285.567995205275 285.523428002785 284.973945274794 284.535013850511 285.623183925455 286.310158385429 286.623186622681 287.144609340123 287.495238848835 287.456429948178 287.513055429471 287.38216402465 287.235914689238 287.142269038287 286.886335298043 287.105185094435 287.209177177138 287.240574084276 287.089095150635 287.541677673868 287.739401411195 287.603916658027 287.20102764762
287.380233371187 287.170738795178 287.003882611151 286.771561049419 286.759519940418 286.634457866082 286.261187181842 285.873704147133 286.103272411049 286.676813951476 286.862584793351 286.811977851494 -9999 -9999 286.7852485081 286.727665738298 286.83618368685 286.957380032595 286.670795742261 286.567280606417 286.57259045958 286.487249423553 286.371222986352 286.300485804295 285.987146210469 286.023819681758 285.883232776881 285.729736415065 285.447490456168 284.838935930515 284.54924100397 285.580717805515 286.318841811627 286.544678179057 286.833943828956 287.551013576009 287.441905070883 287.343036049245 287.163690552249 287.191291102968 287.057983683613 286.575378997362 286.697757642218 286.794248306278 286.818703691567 286.490741476267 287.001920965032 287.289267175723 287.334071334985 287.017510196006
287.030722404511 286.983037056481 286.853459240449 286.394773107599 286.392960233885 286.106770371282 285.412791715075 285.343129331732 285.760705143004 285.993244057759 286.365973816764 286.338773666834 286.604381983594 -9999 286.401047076156 286.310438343336 286.09204637121 285.802128979275 285.911612001199 286.220798713457 286.153254115598 286.120990211718 286.201040427544 286.214677079569 285.444273499068 285.220271745192 285.469510883384 285.71774381293 285.49932981089 285.073913851139 285.703995761887 286.085414068918 286.210809701285 286.371620033845 286.924523510826 287.455730355422 287.303294347918 286.948823814499 286.582468784354 286.601770764149 286.822944119938 286.614805865879 286.180622278661 286.08944460291 285.81616305808 284.777916497984 286.100350159665 286.161244192905 286.937862433669 286.316784429966
286.891164373808 286.839731858015 286.951153600002 286.437459683731 286.08520127082 285.578817747039 285.000587135694 285.1555596449 285.456674076457 285.518934979562 286.24607216716 286.526300762887 286.621879022869 -9999 286.266330508302 286.325614673065 286.183141898709 285.805666328588 285.521177639971 285.609937663564 285.781322477952 285.6406312857 285.686378768133 285.77115551743 285.598931034017 284.941801363886 284.993260815311 285.305322797084 285.193806048884 285.320399325887 285.970819692038 286.004311792217 286.353992098783 286.572973834236 286.989506519063 287.149188632034 286.920063222304 286.772055260456 286.564296589998 286.184728557307 286.708849353156 286.541986583439 286.137400461488 285.729544262052 285.097461355339 284.553107498416 285.531434685385 285.684491315657 286.508263898625 286.302704859268
286.800027802527 286.431534608615 286.390238197196 286.177627841537 285.926435323779 285.680865128663 285.327220383902 285.214728628863 285.360745358135 285.357189196524 285.449896165722 286.384312505055 286.580058132039 286.28892416176 286.11105829219 286.017379632132 286.22278480639 286.00759423894 285.545810436127 285.591609472426 285.380937497858 285.350018404804 285.395343386123 285.479234957976 285.74629184857 285.127230631519 284.910540244001 285.017043038673 284.980124221444 285.313176956543 286.128915321785 286.05984703242 285.929150598359 286.512538512769 287.036499278857 286.836019844551 286.637496928541 286.662294851028 286.627711175988 286.051876484477 286.168233642718 286.390103194244 285.950728785666 285.115220187545 284.33668300753 284.313851801153 285.077911585593 285.542656128446 286.165274189941 286.342812108813
286.622083329037 286.504818127826 285.880993250007 286.005603335264 286.116680146804 285.979736064263 285.953436210222 285.64540460518 285.495310537293 285.384609317172 285.095669254053 286.06960644656 286.470035911088 286.427642229333 286.034507901922 285.662885380442 285.797550594311 285.998564548835 285.649723379411 285.865175075891 285.214757520781 285.293001942385 285.220562018554 285.350849610382 285.366229915605 285.039208689638 284.947728947431 284.857884698741 284.557190367488 284.690849591095 285.690701618263 285.465773545433 285.506373170784 286.25935843886 286.926240753145 286.692300542744 286.368185698184 286.258427723142 286.539417249877 286.228550628858 285.868874505449 285.863426508831 285.286239732078 284.605861578845 284.008445798658 284.058000337538 284.78077483058 285.149739075075 285.820929117225 285.969240196519
286.773700320865 286.831206608786 286.052301016309 285.982112502106 286.080575148192 286.063681197224 286.108609517077 285.996092075086 285.433315978513 285.296483086529 285.394969100268 286.071842228793 286.537809688805 286.523526312462 286.096784041064 285.835124249657 285.552200812297 285.57916095661 285.370077458278 285.47743739829 285.182262408749 285.177096462506 285.039828861034 285.03723688987 284.860122065224 284.931800281092 284.619016731442 284.436231753405 284.015131421226 284.233773615492 285.142452200362 285.086160352777 285.727272030605 286.039011451543 286.620521657774 286.737156167162 286.213798557881 285.961817086262 286.435001477999 286.305441866387 285.793775564218 285.439391280875 284.760476892764 284.213081308709 284.031373232291 284.068504134077 284.346418294249 284.613515637931 285.522427429785 285.948113225893
286.386954967288 286.694852215895 286.147425880402 286.693265076135 286.419326190277 286.045015044444 286.178861491029 286.113421850081 285.474409471253 285.284696822119 284.541860958098 282.613064698438 286.097001076132 286.196828741496 286.090097273119 286.138939744044 285.706727692698 285.272372683481 285.150315345253 285.15313426504 285.180497380972 285.211808594116 285.11545068647 285.083739439229 284.529121354169 284.458302351416 284.058659265791 284.004354730248 284.078836670342 284.788563341257 284.97691083364 284.997759028453 285.531434257476 285.993486103857 286.326109797224 286.568698652841 286.062983995203 285.951364371404 286.471937250046 286.292024943628 285.794632663862 285.569015636302 285.18907686532 284.39588612024 284.299342077246 284.129781315359 283.767039995671 284.415612431926 285.37544002169 286.066515341026
286.006020863936 286.794035239024 286.540242847828 286.440292564565 286.246966370171 285.969553012999 286.122498992745 286.026605401798 285.209690303264 285.215891606184 284.621509173335 283.18035455235 285.537932363959 285.668176333513 285.998428904981 285.975317239989 285.488707218371 285.191509162339 285.166195990013 285.289750177903 285.379654872824 285.227866671883 285.217922889829 285.095120798311 284.572991714169 284.197305629389 283.974412962906 283.838544923915 284.246991224203 285.254306094335 285.201100093382 285.621205482603 285.559275419168 285.988594155222 286.274454386637 286.191570184534 286.008627013407 286.04278232771 286.246862287455 286.030154715216 285.868861473181 285.847850508092 -9999 284.876995996835 284.794192057697 284.453521382988 283.931546629244 284.678112061475 285.443228220075 285.934965716953
285.867174679646 286.612409261329 286.482727827586 286.077011134814 285.972529957798 286.034263668202 285.835502014022 285.92303314097 285.149235211853 285.180199822383 285.148394089184 285.270573314416 285.456444976891 285.548609967379 285.809479170822 285.887971494769 285.614055559033 285.395016644501 285.343526848521 285.43500777598 285.513254023803 285.447578153428 285.341398413862 284.961149508349 284.929126012545 284.608928855091 284.260994514987 284.01991805824 284.378160053353 285.246296339577 285.372426322387 286.283743350774 285.894657398756 285.58323726887 286.379972980358 286.027129862703 286.027582618875 285.98277858947 285.719527479748 285.383659474398 285.598188559602 285.535225503036 -9999 -9999 284.9322183052 284.578122740734 284.203777563581 284.888931768264 285.531032157534 285.603523995467
285.543949890133 286.07248084224 285.947013754108 285.941843538699 285.948683990932 286.014636192937 285.932967201927 285.939810526056 285.36289328721 285.074139361579 285.115777480155 285.153998756443 285.409754016556 285.391192149444 285.59938598071 285.610974110429 285.699187392192 285.482937689347 285.337188947256 285.219625969242 285.198099717522 285.513160529044 285.352729818169 285.148773721196 284.956373194151 284.615225230051 284.276238422447 283.864539065492 284.063726661587 285.238201297197 285.236294861494 285.787748510487 285.536562052724 285.588898696787 286.111974183064 285.979481098174 286.068377571383 285.823339934541 285.365190170271 285.018703312885 285.059204111287 285.018416755913 284.856992168217 284.923335859777 284.834702087932 284.42202169327 284.274002954753 284.971383733383 285.354844137244 284.928476221877
285.791029933373 285.961849437048 285.835721104806 285.853598288725 285.907684701509 285.762671244517 285.478092669549 285.891673911146 285.247687439249 285.109387503534 285.089886238149 284.973101122727 285.202726727424 285.177339765191 285.399560198644 285.332347693762 285.206245892482 285.213056462411 285.28647465297 284.912191037611 284.770121639949 285.198823807465 285.008651756537 285.012331956701 284.932852702308 284.524681006553 284.296594722151 283.899798632784 283.339002648985 283.29720813598 285.161933088912 285.292939301679 285.798661873633 285.902851771874 285.885765565581 285.554152266175 285.606059382112 285.618817646853 284.977767278271 284.464229017023 284.481865520589 284.747435151535 284.685540740885 284.753765102824 284.801827632843 284.210712297183 284.335121203959 284.76306078241 284.815796839994 284.813365128884
285.898687376432 285.99579883101 285.840294584237 285.878399115171 285.619147433812 285.722105860624 284.96541250084 285.285520021301 285.017350918256 285.106034039365 284.815433194436 284.290175770381 284.554701990066 284.818795936419 285.158028420919 285.088217511038 284.885056219934 284.897550568318 285.240185435326 284.789052612772 284.449753709626 284.747091596594 284.761206553396 284.719599463251 284.692317911423 284.569832495458 284.517545720397 284.145847767017 283.672655469398 283.149077946942 285.136709117082 285.070124900529 285.648463092848 286.067630653514 286.039159193894 285.604148203552 285.239782279084 285.394231699126 284.660883209922 284.074143041022 284.187193665403 284.14275978592 284.147543403356 284.287909606387 284.546013590335 283.949424771359 283.847723679242 284.152515783207 284.340256111664 284.646402054515
286.094924105606 285.916978311368 285.84794432396 285.733247272055 285.104497186505 285.276657598477 284.992179848527 284.970828197117 284.939555773767 284.884016314287 284.199746166208 284.058296822614 284.308821593527 284.72816691422 284.826873559808 284.922074227684 284.889133593079 284.760820526356 284.652302736635 284.477631175006 284.289670902694 284.408086308144 284.568178748946 284.563456081063 284.454451912311 284.445626403909 284.338188953374 284.151270995748 284.122098740973 284.111334183108 284.782302892282 285.000658126272 285.058271235707 285.816756966347 286.157067594691 285.718932017668 285.170779422487 285.300598638069 -9999 284.385352630011 283.996493188146 283.370657093559 283.129487745641 283.898010087398 284.03461006241 283.885963037028 283.477477046405 283.838090479103 284.171209913818 284.315899887303
285.921418145666 286.012375528186 285.955710864061 285.917965221072 285.932872352012 286.113108142722 -9999 285.330271873127 284.938831982436 284.928503298983 284.862813954914 284.639031145738 285.115893657669 284.898606798299 284.602229919655 284.570284068937 284.525694216529 284.243349993518 284.340056563261 284.557808659395 284.363704145789 284.203044684979 284.277371255404 284.448977069598 284.187960787036 283.697137056923 283.631033803931 283.95889087879 283.81180374497 283.787395512344 284.185906219888 284.713562744334 284.993283795169 285.06929149547 285.346928386088 284.876254115966 284.261423542939 284.287052410837 -9999 284.505837078558 283.799495794579 282.536937405264 282.024973493572 282.951880724944 283.049142694398 283.387182119775 283.572259424703 284.143676533905 284.488293045496 284.513030807714
285.735072830405 285.866660902261 285.980890344705 285.85659413536 285.915875724149 286.080068930535 -9999 285.235731392706 285.403082298684 284.990446346729 285.115666278284 285.094317401582 285.103596179577 285.061444962213 285.059384732133 284.965788526812 284.674966918005 284.142131442421 284.534859828901 284.773893511186 284.576574784265 284.516011182705 284.54942060152 284.555835163983 284.134381141142 283.913007786783 283.611964300215 283.591458694319 283.228107122636 283.586624477551 283.88289979308 284.408265145304 284.912176932521 284.817231344759 284.852908947012 284.86451939162 284.041352291184 283.976964167646 283.748258550162 284.169971188066 283.458992553037 281.966908410579 282.195246745169 282.871368589794 282.771280616131 283.111539309119 283.873717394192 284.558374734982 285.218248034134 284.702223372863
285.691278036902 285.78699741452 285.570184463879 285.651987236507 285.39617550207 -9999 -9999 -9999 285.907322646685 285.556705817736 285.571807443172 285.48339668848 285.186251860476 285.063010162831 285.075554605711 284.812400956266 284.272461316507 284.115930538749 284.790287941136 284.879484895314 284.83691044631 284.825927846437 284.697482134654 284.572877650691 284.295392588754 -9999 283.546111700133 283.341911567356 283.131034641125 283.631883138341 283.978694984177 284.38922500421 284.863318071414 284.881975926547 284.885973905501 284.262040629153 284.006222746619 283.835929600007 283.405756691139 283.952095538295 283.056197755578 282.318417807232 282.739056517379 282.834642401506 283.005199508923 283.523429126732 284.123719366884 284.834648891626 285.425196535116 284.991205887145
