rcp8.5models/MPI_ESM_LR/sc1gr0.1
NCOLS 261 
NROWS 433 
XLLCORNER 336357.134 
YLLCORNER 654653.479 
CELLSIZE 1000 
NODATA_value -9999 
[rows 184 to 206 of 433, columns 100 to 149 of 261]
84.950043878246 84.8722263169907 84.814455649639 84.8505237135449 84.8381737091139 84.813145381669 84.7264691474801 84.6215293777728 84.6212014310079 84.5233119385127 84.5278999483833 84.497665139836 84.3029818597662 84.020467067189 84.1679862194779 84.0615193697356 83.8717066920246 83.7928790459491 83.7181152018158 83.6217760272297 83.5925744718705 -9999 83.4589553122011 -9999 83.4842065410955 83.2669550797963 83.0110751517984 82.7755157893078 82.4675829792754 82.4081228114682 82.4749733015275 82.0392145575374 81.9745533543257 81.7050222685582 81.4409945549343 81.4409800863648 81.3528857148138 81.2499885281878 81.0788774813462 80.6579699783878 80.3766994180208 80.1540716589406 79.9302101056519 79.7239016395397 79.545874531863 79.2294724015582 78.7677867858796 78.4446556331193 78.4587654283002 78.6833504564232
-9999 84.9325234639543 84.8545653440517 84.8829602310228 84.9938782809876 84.9089698229219 84.8727307939224 84.7404768011384 84.6715180162251 84.6778216469888 84.6635773859256 84.624067672207 84.3627522043475 84.3200249751378 -9999 84.1361495860033 83.98619951841 83.7932873250869 83.7511960975516 83.7776115135882 83.6195063728295 83.5479671662112 83.528376682315 83.5200643666458 83.4581424627911 83.4332034228101 83.1719268666252 82.978216258939 82.690682678611 82.6092458716235 82.4666126104973 82.2833767813177 82.0962826539863 82.0383176678677 81.8927429748237 81.5903431651378 81.5806116970344 81.3485748424353 81.1865683597392 80.8513689964545 80.6170455906912 80.1756551959007 79.7099245318742 79.6970775177615 79.4313563198446 79.0844641640812 78.7128151160464 78.6256655798458 78.4647185012862 78.2852189441766
84.9120549857484 85.0337716045699 85.0002811905015 84.9660429258081 84.8972176255847 85.0154968858809 85.0083918232542 84.8276137071565 84.7673568519144 84.7151059334712 84.7819259241791 84.746606141303 84.6046607941955 84.3952176923536 84.2606834774207 84.1995142592825 84.2519893581656 83.9160965402987 83.7905373008996 83.7137110236884 83.6375556331917 83.5808214844587 83.5405353662402 83.5150584280558 83.395438545534 83.5096894011744 83.2967986349126 83.0567934899186 82.8630994633298 82.640362107181 82.491612722892 82.378165522763 82.1962287989143 82.2069846126272 81.8709550866011 81.5933064636059 81.6428620302344 81.5284926967187 81.2505526405217 80.8071436598973 80.5011103881539 80.2526283243672 79.8993333892413 79.6970175694583 79.5086934831594 79.1662148125383 78.7938621372411 78.7479248617232 78.5484224811934 78.3145807342556
84.8930962406496 84.9704465952966 84.981921294696 85.0802048096793 84.9205277269886 84.9808077430672 84.9308598706051 84.8418497438595 84.8071213631218 84.7551518374768 84.8162854037485 84.7528430839016 84.6868740057363 84.4584346862717 84.2835942264551 84.2140380595838 84.3144190780957 84.0038507833366 83.7933522083092 83.7615806904675 83.7603224994768 83.7333636981779 83.6188119229272 83.6021815151357 83.5737847019776 84.036902879611 83.5231325581034 83.1362482532259 82.9990915497868 82.608024853845 82.5428936041754 82.5055048920259 82.3225367123158 82.1725652252673 81.8681399244375 81.6667152823541 81.6741795153352 81.5910171925003 81.2682966524274 80.7581567177602 80.4322835354333 80.2741456297129 80.1285892602297 79.8820519890792 79.6515494230057 79.3819796890428 78.9618807344521 78.7197125972254 78.5838604737893 78.3728709389935
84.9937769763095 84.8877661689513 84.9333823830466 84.9578143142767 84.9547176389578 84.8973269449921 84.8466186212664 84.7982689289527 84.7764174155068 84.7344096231887 84.7081329292917 84.6702967861284 84.697101330308 84.4865785145974 84.4702875175677 84.2723807419967 84.2857730839905 84.0243741832444 83.7657505401605 83.769682232997 83.8339211500129 83.7724065407122 83.5702095137831 83.5589846970371 84.109697370217 84.9115409914023 84.3583591877721 83.3628029637134 83.0753215310423 82.8149233667769 82.6889686331098 82.5927761570151 82.3537422835492 82.2973385101507 81.9958975341245 81.7541523022669 81.6485581275632 81.5794822194447 81.3592187536102 80.7653678056317 80.5299695285357 80.344007528011 80.1939578557601 80.0633559935224 79.7650119801241 -9999 79.4807737825821 78.8606721260846 78.5847905563579 -9999
85.0994711581196 84.8855198292979 84.9661791418908 84.8979828231855 84.9763995405134 84.9745611922118 84.9010647821845 84.7199253846864 84.7332041738679 84.7689882319083 84.6464591135049 84.5504195131753 84.8174576998047 84.5730620659418 84.4888709333869 84.3171130081879 84.3373990599569 84.0207002688041 83.8718568655231 83.8593382682328 83.8153030659352 83.6998180960262 83.5136111694569 83.535966078716 84.321422364344 -9999 84.4239036205838 83.394986681718 83.1288485683409 83.0402934886558 82.9350167118634 82.7330214918703 82.4664770104802 82.3411890405091 82.1038388568785 81.7833143554479 81.7552191624607 81.6478340615996 81.3875520353513 80.9036739644563 80.684132119338 80.5535115231758 80.3807597901328 80.2416281793912 79.8915324317846 79.5625483177532 79.6074207844321 79.0503994020688 78.764961246812 78.4703770909729
85.0348540166306 84.8180610333717 84.9928926499102 84.9515659862524 84.9118617662138 84.8662712179221 84.8660077970955 84.7872251111873 84.7929595910388 84.8086224939255 84.7193053071191 84.7058780434738 84.8197625675749 84.6833149136182 84.4929096890273 84.3750546928527 84.4103402057932 84.19609137829 84.07079631383 83.9541126444451 83.8023154854677 83.7828670210299 83.6353101538435 83.5942155773798 84.745280145818 -9999 84.3365266570171 83.431254782907 83.2506496332986 83.1032733998508 83.0395338368026 82.8331413418609 82.5977374480597 82.3849188289134 82.1146588317472 81.8144565212019 81.8398524980358 81.739383096061 81.4031965894962 80.930163549981 80.8277802589496 80.7147798658664 80.5250227530403 80.3204011843191 79.9371721736971 79.7302017417244 79.4940380602658 79.1836065750227 78.9077704609109 78.5272953421907
85.0046944343857 84.8560545423589 84.9344794290301 84.9855257076856 84.9295871894932 84.8494863703652 84.7870579448113 84.7904615481334 84.822582320971 84.7296064773921 84.6875309688173 84.7139494213946 84.7478180188187 84.7231222185339 84.542566562279 84.4179999375579 84.4067438236073 84.2993917392759 84.1394160238183 83.9541598961868 83.8764271692667 83.778446332172 83.6547965588131 83.5569980582876 85.088784424569 -9999 84.882917004932 83.4762318913729 83.2542971717843 83.1332407091683 82.9729085395563 82.930723664074 82.6705820216746 82.3715489457487 82.0968609175039 81.8623016809254 81.8560200681805 81.6862449688268 81.4162677563683 80.9442181264865 80.882919367077 80.7564848997558 80.6122191287783 80.3275095417998 80.0689723428309 79.8513966888052 79.5895664881939 79.4015367069735 79.075589493298 78.5872017353859
85.0880717163635 84.9572790487176 85.0102730317989 85.0222815617623 84.9512901259711 84.9692086435674 84.8797426845157 84.718265176439 84.7375767132758 84.726219005636 84.7650112441034 84.5579407085525 84.7267133883531 84.700929448835 84.4777941758131 84.4655674806995 84.5257126320764 84.3120253701046 84.1601188535621 84.017669316101 83.9441383079989 83.8219556988097 83.6497209839183 83.6727956008453 84.3932448736831 84.6242778965343 84.5415230781787 83.4379954948699 83.2034701452999 83.2914034389704 83.0444287664474 82.8973883937656 82.7030862552382 82.4396636149547 82.1893325415349 81.922140432669 81.877090157957 81.5570838618615 81.3554728293026 81.0658131844322 80.9608156364638 80.9894540700111 80.9162646961659 80.7618614964956 80.2934509639258 80.155998565949 79.7306435780298 79.5155655251308 79.3404122033762 78.7603426464425
84.9772270921581 85.1206319756649 85.0505320365096 85.0331162088006 85.0021824033514 85.0017251582492 85.0256614380483 84.9202267984349 84.8363678832275 84.8481435121671 84.7914583285847 84.5476346017133 84.7658175406782 84.6852575603612 84.4705296553819 84.6128920954354 84.6427216844712 84.3419133838388 84.1978606782984 84.0838199218043 83.8926425264382 83.8630919614132 83.7419533859895 83.710718545915 83.6737436370255 83.6578858485185 83.6929553595774 83.4169114886136 83.2741049915578 83.2295702379273 83.0483197844449 82.8678045613795 82.8586767511447 82.5990760758637 82.3314011000271 81.9395755473402 81.8386770561777 81.5553743456473 81.5664445486384 81.5125041080493 81.1803210602261 81.1423604446871 81.013941370549 80.895172145173 80.4765473193392 -9999 80.2533212386107 79.7330725573979 79.2150234889575 78.8610665143148
84.9821484876253 85.1441883472432 85.0076751491755 84.9820589512166 85.0346081085731 85.0286552006203 85.0153772615275 85.0355992422234 85.0158905934254 84.9097165345936 84.8106133490956 84.8084647628653 84.6999268665207 84.6334728808039 84.539100041939 84.6809754512915 84.6257439158104 84.3933117823989 84.2594896784016 84.1773827184977 83.9919498458605 83.9908917464505 83.9455112522107 -9999 83.390722105955 83.582435234271 83.5016572605095 83.300359959637 83.1763190095363 83.1630852521207 83.0020782021535 82.967871664541 82.9321244775075 82.6386007004702 82.4639280521783 82.1038696434751 81.9972263543254 81.7729333215278 81.6478733777045 81.6575621566575 81.378397463099 81.2591589851654 81.1323198667611 80.9233420549621 80.4892939207775 80.5945082407015 80.7390472014692 79.9387750510166 79.2270079406574 78.9626017825674
85.1471172074918 85.0756613091928 85.0386088723706 84.9653552967021 85.0323163631758 84.9911862847726 84.9975971921074 84.9599401312765 85.0357294751167 84.913876192145 84.8766017866049 84.9876388308328 84.7366504322256 84.6228100847299 84.6509701450815 84.6957767171791 84.5798500091779 84.4330579640226 84.2860404679413 84.1905688029296 84.0572850816235 84.0535023739036 84.0233812337867 83.7925641483881 83.4893011381084 83.6329775242016 83.5593151548337 83.2600801276995 83.2229875185466 83.2003738895759 83.0610744008123 83.0273648644598 83.0008627715033 82.812498924308 82.5770817477478 82.2328354565904 82.129810170725 82.0106161620563 81.6727557278782 81.4441067870488 81.3068356855282 81.2680391532492 81.1809141933347 80.9122173964831 80.4488598141929 80.4869288810334 80.5265296890993 79.8698892212962 79.4459415692506 79.1386994503748
85.3786153056815 85.2721183476841 85.31240680569 85.16299401002 85.1434028295617 85.0508179356579 85.0476868871102 84.9756401017994 84.8422477199984 84.8499971715042 84.8852578080201 84.7981626859967 84.8466325883636 84.838151407027 84.7921144852953 84.7116472559218 84.6327799929542 84.5263242146626 84.53896933039 84.3788493956383 84.212779447878 84.1010378466424 84.0806612272763 83.998159961631 83.6815384890395 83.6794099838516 83.5125188467838 83.2764406161309 83.3914151758067 83.2947535223845 83.1803877108389 83.0364236055466 83.0153811488725 82.8486607218852 82.6857083097425 82.3788941085448 82.3199547302351 82.0544691091297 81.8511726766515 81.7898580448949 81.6287351097966 81.4750800215391 81.5495860904174 80.9360837213207 80.5522560408066 80.6848757252815 80.0268073319512 79.6772990838762 79.3130636465501 79.1191180530925
85.3853494175962 85.3219078076384 85.3477614305492 85.1566966171357 85.1701448115257 85.1093919273558 85.0459077167947 85.0195185950716 84.8879572313961 84.8634149406691 84.9157946949707 84.8711595288425 84.8691709609703 84.8842697098261 84.8551334615964 84.7779891046893 84.6809534176472 84.5008767259161 84.4802659611352 84.3250250729248 84.2737387222396 84.1864134585578 84.2540425541209 84.1212182549381 83.738717114233 83.7520967102691 83.6162855872722 83.5604088262125 83.5538239561207 83.3398854735832 83.21377489541 83.1954189933087 83.119628855034 83.016500188175 82.839183081424 82.3992352033346 82.3121647396152 82.1845880990867 82.0795595202036 81.9141773402999 81.5163532394253 81.3959094593354 81.5649067549338 81.0997140097748 80.5783594108431 80.6484819715152 79.9557153131823 79.7028414484365 79.3643865050776 79.0966845229244
85.4385168783546 85.4813646414849 85.4339477212234 85.2988304770295 85.1886294838696 85.2531620975105 85.0749448959495 85.075584206072 85.0642594792822 84.9753924320279 84.9872660540912 84.9466248168206 84.9937479664444 85.003390140593 84.9845085132084 84.7987624569178 84.6771676376442 84.4454378755075 84.3632169705804 84.2880873895255 84.3226039626003 84.3036690792502 84.3410864860711 84.249181047199 83.8685090395428 83.7801742041985 83.7768102341562 83.7034027968952 83.5322326803013 83.431673343186 83.4059035435714 83.3332460029514 83.1511695683979 83.1159709681189 82.9058740247596 82.4671817315907 82.3541116320931 82.2931237863851 82.2321226652399 82.0366263967821 81.555190012473 81.3344843567663 81.4519867005032 81.0827421043895 80.5410407305048 80.5656536591422 80.0111258601012 79.7131210468322 79.4268760091057 79.2184618710709
85.5256418625062 85.5838983711725 85.5339943164352 85.5204056721545 85.3585466211334 85.3373528777586 85.2103288140518 85.1451441714739 85.0509598759541 84.9568522317458 84.9916545407992 84.9789288337001 85.0753225886719 84.9422132361489 84.8316005867462 84.6952311726827 84.6704558150283 84.5080287420363 84.4042213408643 84.4219881801033 84.4668967668115 84.452628489994 84.3972393863141 84.2729752042787 84.0609586692031 83.8661177537175 83.8513679995028 83.6526251507121 83.4814713318432 83.4457338540244 83.4602217317762 83.4076231043227 83.2724069659238 83.1438678906953 82.8903253798995 82.5765010475173 82.5778233056085 82.4156599945141 82.289043962405 82.0360696334919 81.6041742587034 81.2497522290569 81.2002785895989 80.9529147995709 80.5880269599475 80.5773381390523 80.0361393325775 79.6953653228214 79.4977891694345 -9999
85.5634682125953 -9999 85.5098469259451 85.5264414805776 85.4911506988763 85.3797339351991 85.3087328112757 85.2026358469551 85.0438278721627 84.9134217588043 85.0177470417775 85.0264507240617 84.9199861641142 -9999 84.6864525713177 -9999 84.5973092064027 84.5106380257261 84.5288869760439 84.4567081114823 84.4429740767683 84.473861292247 84.2814759982555 84.129578190486 84.1156946477057 83.958333429739 83.8837209948844 83.6768077412944 83.5206585380235 83.461806197363 83.4632283266822 83.4102625696443 83.3874080957814 83.2913604163892 83.0446695345456 82.6486772595729 82.6279997079816 82.5272656535162 82.3600110696226 82.0750432795412 81.6311870037359 81.2643129911283 81.0968577612766 80.83512964729 80.5609979225051 80.4665267526464 80.0989506041347 79.7131844299972 -9999 -9999
85.6433232036758 85.6614061957989 85.4908012131024 85.4312764581558 85.4827298690962 85.4565180233299 85.3602918133905 85.2775602193846 85.1683535854745 85.0502130668288 85.1799684306925 85.0342249623535 84.7804352489612 -9999 -9999 -9999 -9999 84.547331143934 84.5891840379766 84.4888485598834 84.380657215834 84.3429512442478 84.3006048507795 84.2335393678339 84.1915437492508 84.0034067891997 83.9960407466284 83.7727785187911 83.7467113658441 83.6017470412811 83.4527586656772 83.4738512312014 83.4020997913155 83.4134726947144 83.1495513920338 82.7907365247909 82.7213259675953 82.6355009622369 82.4221145882951 82.1772539447047 81.762558960086 81.3880707444296 81.2084619851687 80.8960922322342 80.5533375774616 80.4394206225932 80.1280610880101 79.8097168098794 -9999 -9999
85.7137315719585 85.7133509311443 85.5091494545037 85.4545961702621 85.5965759002788 85.4869816988181 85.4949288664504 85.3947330504696 85.2551743161902 85.1648940384874 85.2258185674882 85.0152093839859 -9999 -9999 -9999 -9999 84.6976578479205 -9999 84.5632918436618 84.5191991046831 84.4393046476389 84.2946990349313 84.3388569128585 84.2774002865789 84.2809542032149 84.1239909135295 84.0860069092098 83.8903754753906 -9999 83.7451775627572 83.6016994097782 83.6199583753042 83.4316054465231 83.4755676420938 83.1536932267481 82.938981588364 82.8847674462774 82.7178057048654 82.4961187135539 82.2878028237675 81.9852876486327 81.4820361325846 81.2088245474389 80.9143756660613 80.6510946560697 80.6663667967171 80.2391082205945 79.951145515548 79.7557914589644 -9999
85.805549101704 85.7129113079674 85.5867378632777 85.8175577576253 85.8348699573861 85.5613792148637 85.5122804254052 85.495876697151 85.3296324743751 85.2378379684497 85.2135860477618 85.1494453985295 85.0389650825154 -9999 84.8674439358493 -9999 -9999 84.6743951224353 84.6301819760977 84.6205326852104 84.5391629300766 84.3788079167131 84.3113008931263 84.2306361328348 84.305048164892 84.2403849406005 84.170861047304 84.088322073297 83.8965342744821 83.8509490486291 83.8039448411649 83.7635884793789 83.6033243814371 83.5834719070983 83.2177231468814 82.9351820999353 82.8977017765082 82.779728340856 82.6148593304753 82.4370765728216 82.1112716109949 81.6787511486597 81.292654373449 81.0522438965542 80.8280606213766 81.067861119736 80.241648652667 80.0069892043188 79.8158885151592 79.5312212195053
85.8556368492029 85.8069912212718 85.6932273335587 85.8823069012442 85.8584847286266 85.6395579818159 85.6404929264461 85.6435224827515 85.5215787970026 85.3831283797748 85.231597935128 85.2669069826242 85.0889607933644 -9999 84.962313761528 84.8383458451322 84.8105105523446 84.7387430681506 84.6905059314965 84.6831636468849 84.5506541653962 84.5267065725808 84.4293510178129 84.3568197934847 84.3470827465179 84.3733989920814 84.2704248409896 84.1657828629188 84.0535287534134 83.9057043451168 83.8771525235738 83.9085287339182 83.9079213952746 83.6685607740549 83.2809442773162 82.962013804826 82.9511271566433 82.8501783637076 82.7694135991352 82.5822429245489 82.1879825755752 81.8308222816559 81.3261050997677 81.1005763939571 81.0166284679922 81.2635580885757 80.2312630269965 80.0414570526407 79.9098989442739 79.5796442585299
85.9023679564553 85.8636510174921 85.7451971425981 85.8007105977573 85.8286380364032 85.7261537795256 85.7493255148974 85.6780210592758 85.59536002017 85.4882831865847 85.3158371994721 85.3272336055999 -9999 -9999 84.9912403865233 84.9632172543986 84.8051283291288 84.7689676578845 84.7178276045925 84.5927532344143 84.5758040689225 84.5834997865362 84.5520672244116 84.5076206562083 84.4188903418502 84.5386326233797 84.4745206568305 84.2647440265778 84.2151025994232 84.0310811260857 83.9529434869197 83.9311007175601 83.8510546072461 83.5771554542138 83.2618038284291 83.0613622906245 83.039208801067 82.8639748019587 82.8063867231158 82.6788478790666 82.4216299800839 82.1743049893709 81.684305304821 81.1952601539636 81.1822882603684 81.1635237661068 80.4700034745007 80.2093654745896 80.010611592806 79.6282038250087
85.9323610817907 85.9149411788549 85.8342227860321 85.9738513155066 85.9822897095288 85.8473317168097 85.7691826000492 85.727244606006 85.6342419526548 85.6203173750411 85.4943208308717 85.4265551744181 -9999 -9999 -9999 85.1533723146217 84.9289331715746 84.8259780387473 84.7389936558716 84.5680112573322 84.6985887275823 84.5903460519153 84.5865696462652 84.6485258865864 84.7286799323674 84.9082939530018 84.5636124250491 84.4003268609787 84.3599733280391 84.3080636732922 84.1641511167917 84.0559728989676 83.8185686956436 83.5479160503035 83.3812280537923 83.2123782133771 83.1152806614673 82.9308544718183 82.8935839048994 82.7218386055329 82.5008937535042 82.482044801694 82.1733310786957 81.5337674085856 81.4327667981107 81.2118393715023 80.967982050399 80.3168796163027 80.0546289257838 79.7507646006317
