rcp8.5models/MPI_ESM_LR/sc1gr1.39
NCOLS 261 
NROWS 433 
XLLCORNER 336357.134 
YLLCORNER 654653.479 
CELLSIZE 1000 
NODATA_value -3.4e+38 
[rows 264 to 285 of 433, columns 98 to 146 of 261]
67.5493927001953 67.6924057006836 67.3290023803711 67.480354309082 67.7322540283203 67.6128616333008 67.6747665405273 67.7838821411133 67.98291015625 67.947135925293 67.7963180541992 68.2375869750977 68.6212005615234 68.6571960449219 67.9710083007812 68.3911895751953 68.5854568481445 68.5484466552734 68.605583190918 68.5378723144531 68.4274673461914 68.6266860961914 68.4837265014648 68.6426010131836 68.6137542724609 68.760498046875 69.4623947143555 69.2585296630859 69.2548141479492 69.8516159057617 69.8423309326172 69.4049911499023 69.0525588989258 68.7557525634766 68.9284591674805 68.5507354736328 67.7659759521484 64.3573760986328 65.8977813720703 67.4888458251953 68.5333862304688 69.1872177124023 69.5001449584961 68.8739929199219 68.7804412841797 69.3427886962891 70.9049606323242 71.6196594238281 71.6006469726562
67.8326873779297 67.734977722168 67.3251113891602 67.5759582519531 67.6029357910156 67.7757949829102 67.9798889160156 67.9518661499023 67.9879608154297 68.025260925293 67.9914779663086 68.1307373046875 68.2831039428711 68.6747360229492 68.5182037353516 68.6699676513672 68.6823120117188 68.6016235351562 68.5621337890625 68.4038238525391 68.4523620605469 68.7077178955078 68.7095336914062 68.9335403442383 68.6896591186523 68.7210540771484 69.3925933837891 69.2192993164062 69.445930480957 69.6980819702148 69.6801223754883 69.3123092651367 69.1632614135742 68.5513000488281 69.1048049926758 69.1338195800781 68.5348663330078 66.0219497680664 65.7711791992188 66.0149612426758 67.2164001464844 67.6254348754883 68.4182662963867 68.0632171630859 68.2801055908203 69.2966995239258 71.0176391601562 71.4470291137695 71.7638473510742
68.0151138305664 67.7380218505859 67.5411758422852 67.6363067626953 67.7693405151367 68.2039337158203 68.512939453125 68.2759399414062 68.3025894165039 68.3132171630859 68.1542587280273 68.1519165039062 68.2140808105469 68.3691024780273 68.8378982543945 68.7324295043945 68.6475143432617 68.9792175292969 68.7556228637695 68.9448928833008 69.0928421020508 69.0402755737305 68.7372741699219 68.7977905273438 68.8910140991211 69.1088180541992 69.4230041503906 69.5210571289062 69.1814804077148 69.5541915893555 70.0801086425781 69.8584060668945 68.8421630859375 68.0361938476562 68.3823852539062 69.8225173950195 70.2495498657227 68.7089691162109 68.3128890991211 67.994255065918 67.5053634643555 66.2327117919922 65.7374420166016 67.0776443481445 68.8516082763672 70.7239990234375 71.5948028564453 72.0212860107422 71.8535995483398
68.0247116088867 67.8532791137695 67.7442855834961 67.7208633422852 67.7765731811523 68.0156936645508 68.2726669311523 68.4348297119141 68.5465393066406 68.4247589111328 68.2784729003906 68.2330780029297 68.1835479736328 68.4250640869141 68.7892990112305 68.3894271850586 68.5928115844727 68.8583145141602 68.8579788208008 69.1345138549805 69.1550369262695 69.131477355957 68.7956390380859 68.8802947998047 68.7976303100586 69.0604019165039 69.7358322143555 69.4835433959961 69.5562973022461 70.0503997802734 70.265739440918 69.8659744262695 68.6451416015625 68.0949935913086 68.3835144042969 69.7019119262695 70.3913726806641 69.4709167480469 68.9705505371094 69.3348007202148 68.6701889038086 67.71728515625 67.4417037963867 67.4824447631836 67.8793258666992 69.5888748168945 71.3227081298828 71.7280197143555 71.8824996948242
68.0116500854492 68.1337509155273 68.0885238647461 68.0808181762695 68.0518341064453 67.8474655151367 68.0572357177734 68.3395843505859 68.5624618530273 68.5639877319336 68.6714553833008 68.555305480957 68.3643569946289 68.6136703491211 68.7402496337891 68.2369155883789 68.4213790893555 68.544563293457 68.8625335693359 68.9367294311523 68.9474258422852 69.1565170288086 68.9508056640625 69.212028503418 69.1427001953125 68.9657974243164 69.3899383544922 69.1325607299805 69.5931930541992 70.2640991210938 70.3955230712891 69.7062072753906 68.6132049560547 68.1954727172852 68.4527282714844 69.4815902709961 70.3512268066406 70.3302383422852 70.2126846313477 70.4964904785156 69.9975433349609 69.5253753662109 69.3746185302734 68.2968597412109 66.94873046875 67.03076171875 69.1784439086914 70.7220153808594 71.8292770385742
68.2327117919922 67.9908905029297 67.9954147338867 68.13525390625 68.2640380859375 68.1655960083008 68.3029632568359 68.6686782836914 68.5719604492188 68.3783493041992 68.6004333496094 68.6946487426758 68.6151428222656 68.7438659667969 68.5661087036133 68.2852020263672 68.6265563964844 68.6587066650391 68.8418426513672 68.8241882324219 68.9551467895508 69.2394027709961 69.1217422485352 69.3938522338867 69.6801452636719 69.4187850952148 69.3829040527344 69.1306838989258 69.5659637451172 69.8999176025391 70.443489074707 69.8486099243164 68.6701889038086 67.883171081543 68.4565200805664 69.5430068969727 70.4908065795898 70.9901885986328 70.7601776123047 71.0053176879883 71.0673904418945 70.3110961914062 69.0785751342773 67.7513046264648 65.6155242919922 64.9804916381836 68.2899398803711 70.4021224975586 72.1328277587891
68.3339920043945 67.9197082519531 68.0454406738281 68.2275924682617 68.4998321533203 68.7668762207031 68.8272018432617 68.9475860595703 68.7963333129883 68.551383972168 68.4308166503906 68.478889465332 68.6541595458984 68.8374633789062 68.4033126831055 68.3415374755859 68.7338409423828 68.846305847168 68.6596908569336 68.917610168457 69.0124282836914 68.9732284545898 69.3547439575195 69.5878143310547 69.666877746582 69.615478515625 69.7862319946289 69.4049072265625 69.6814575195312 69.7422714233398 70.0508041381836 69.4986267089844 68.4573745727539 68.3502197265625 68.6416702270508 69.4742584228516 70.7721099853516 71.0114593505859 70.7274551391602 71.0685577392578 70.8485565185547 69.9656982421875 68.2957763671875 67.546760559082 66.2041702270508 66.2159881591797 69.2530670166016 71.0803756713867 71.3412933349609
68.222900390625 68.1518096923828 68.392578125 68.5494766235352 68.7560729980469 68.9732131958008 69.1651992797852 68.9564208984375 68.8885498046875 69.0270919799805 68.7330780029297 68.6325378417969 69.0246963500977 69.1112442016602 68.501220703125 68.4871368408203 68.649299621582 68.7508010864258 68.5049209594727 68.916015625 69.1882019042969 68.7032852172852 69.0798110961914 69.5847930908203 69.5155868530273 69.5447463989258 69.6625137329102 69.6355361938477 69.5451812744141 69.7690887451172 70.1044845581055 69.7607421875 69.1018371582031 69.1988677978516 68.7328796386719 69.4606170654297 70.990852355957 71.1344451904297 71.0799102783203 71.042121887207 70.4437408447266 70.1682052612305 68.975341796875 68.4065856933594 68.1197967529297 67.4061965942383 68.2420425415039 69.9807052612305 69.7999572753906
68.5235824584961 68.555046081543 68.7452850341797 68.6601638793945 68.8402099609375 69.0336532592773 69.202507019043 68.9966430664062 68.738151550293 68.9339294433594 68.913459777832 69.0231704711914 69.2740707397461 69.2720565795898 68.6429901123047 68.8237609863281 68.7160797119141 68.6721878051758 68.6809844970703 68.7015914916992 69.107292175293 68.9392013549805 68.8131484985352 69.0600204467773 69.0598449707031 69.3215560913086 69.7193603515625 69.7904281616211 69.5542602539062 69.6759948730469 70.4462432861328 70.411735534668 70.3435974121094 70.0126953125 69.5720748901367 70.4670867919922 71.1691513061523 71.427848815918 71.4772796630859 71.0567321777344 70.6571350097656 70.8737106323242 70.3380584716797 69.7047119140625 68.8110198974609 67.1548080444336 65.9838333129883 67.3167572021484 70.1197967529297
68.4853439331055 68.7451553344727 68.8063812255859 68.8825988769531 68.6815032958984 68.8534927368164 69.2011566162109 68.9919357299805 68.6536254882812 68.7617645263672 68.9270172119141 69.0153579711914 69.0011596679688 69.0957565307617 68.8994369506836 69.0518188476562 68.9070892333984 68.9168548583984 68.8818664550781 68.726432800293 68.9080123901367 68.9959182739258 68.6889495849609 68.7378845214844 69.3967742919922 69.6939010620117 69.9466247558594 70.0281829833984 69.7668762207031 69.7555084228516 70.4387664794922 70.7047882080078 70.8831176757812 70.7343139648438 70.7284774780273 71.288948059082 71.4968185424805 71.7067413330078 71.7486038208008 71.4619369506836 71.2239685058594 71.3568572998047 70.5057373046875 69.2326431274414 67.5254211425781 66.7810440063477 66.7993392944336 67.2257308959961 71.2566223144531
68.5096130371094 68.7665863037109 68.5293807983398 69.1047744750977 68.787467956543 68.8398056030273 69.2502517700195 69.2213897705078 68.9616317749023 68.9709854125977 69.0287551879883 68.9696578979492 69.1090316772461 69.0549697875977 68.7827377319336 68.8466339111328 68.7592620849609 68.9118499755859 68.8919982910156 68.9852294921875 68.9546890258789 68.8674392700195 68.6939849853516 68.729377746582 69.4521255493164 69.9975280761719 69.8738861083984 69.9572143554688 70.0777359008789 70.0580673217773 70.3607864379883 70.8202819824219 70.8539962768555 71.0043869018555 71.1268768310547 71.4135818481445 71.6704177856445 71.8440475463867 71.7220077514648 71.4919357299805 71.3026580810547 71.0688781738281 70.2599258422852 68.9384002685547 67.7533111572266 67.8938903808594 69.1176300048828 69.0192642211914 71.832633972168
68.7139663696289 69.0202026367188 68.7404022216797 69.2963333129883 69.2691497802734 69.1598129272461 69.3341522216797 69.6097259521484 69.4387283325195 69.1898574829102 69.1443786621094 69.1286087036133 69.1082458496094 69.1168212890625 68.9626922607422 69.0636749267578 69.0526657104492 69.2362899780273 69.0842208862305 68.9323425292969 68.9638366699219 68.9834594726562 69.1251373291016 68.9082794189453 68.9355010986328 69.5178375244141 69.6083145141602 69.5874099731445 69.8681106567383 70.0848083496094 70.4456176757812 70.7208404541016 70.9696502685547 71.2070846557617 71.3805084228516 71.6023788452148 71.6352767944336 71.8193740844727 71.7495956420898 71.4235534667969 71.2911605834961 70.6634902954102 70.3964462280273 70.0001373291016 69.201904296875 69.0210647583008 69.6274108886719 69.2761154174805 71.6098785400391
69.0209655761719 69.1886749267578 69.0697708129883 69.1146697998047 69.377197265625 69.3920822143555 69.4496688842773 69.5891571044922 69.5824356079102 69.4112243652344 69.3215255737305 69.2159652709961 69.0990295410156 69.3618011474609 69.0816955566406 69.2967071533203 69.5813064575195 69.6753005981445 69.5378570556641 69.2000732421875 69.0220489501953 69.2913208007812 69.6084136962891 69.1464614868164 69.1006698608398 69.2709503173828 69.5308151245117 69.5290756225586 69.7704010009766 70.1535568237305 70.5963973999023 70.5545196533203 71.0005416870117 71.3329772949219 71.4276580810547 71.5628509521484 71.5044784545898 71.8649215698242 71.9041595458984 71.7928848266602 71.8182983398438 70.9294509887695 71.0288314819336 71.3204879760742 70.4030151367188 70.0069427490234 69.7331008911133 68.9328231811523 69.9036178588867
69.0235366821289 69.1024856567383 69.1908493041992 69.021240234375 69.2834777832031 69.5936584472656 69.5444793701172 69.5665817260742 69.644889831543 69.702033996582 69.4420547485352 69.1706161499023 69.2737884521484 69.1753997802734 69.1726913452148 69.2336273193359 69.3879699707031 69.6566543579102 69.7792739868164 69.7977447509766 69.4460372924805 69.6590805053711 69.7569580078125 69.1686096191406 69.4259796142578 69.542839050293 69.6071624755859 69.9184799194336 70.3791427612305 70.4418258666992 70.4310913085938 70.7200317382812 71.2756500244141 71.381462097168 71.4599609375 71.685432434082 71.789665222168 71.7323608398438 71.853630065918 71.9304580688477 71.9765090942383 71.8435745239258 72.1217803955078 72.5611801147461 71.9105072021484 71.2661743164062 70.2017135620117 69.6911926269531 68.9702453613281
69.3773498535156 69.4119033813477 69.4424819946289 69.3671951293945 69.4472274780273 69.5958862304688 69.6690444946289 69.5929794311523 69.43310546875 69.3638610839844 69.5070419311523 69.6202087402344 69.8072357177734 69.9325485229492 69.5878219604492 70.0224304199219 69.9875030517578 69.8602752685547 70.0451583862305 70.3456192016602 70.0377883911133 69.9836196899414 69.733268737793 69.2933120727539 69.7274169921875 69.8822326660156 70.3632888793945 70.2838745117188 70.5309371948242 70.7466888427734 70.9448623657227 70.9061737060547 71.0453109741211 71.6269378662109 71.7117233276367 71.5407943725586 71.5021362304688 71.8031158447266 71.9907150268555 72.4352951049805 72.5523147583008 72.7484817504883 72.5340576171875 72.6756439208984 73.1773300170898 73.0540542602539 72.0694961547852 70.737174987793 68.2580413818359
69.429313659668 69.6240997314453 69.3961029052734 69.5408020019531 69.4901580810547 69.1624603271484 69.4553146362305 69.554084777832 69.2937545776367 69.4269027709961 69.4477462768555 69.604606628418 69.7764129638672 69.8645324707031 69.5168380737305 69.9295272827148 70.0641021728516 69.9981307983398 70.0371704101562 70.1579055786133 69.9094924926758 69.7586059570312 69.7193984985352 69.840202331543 70.1311798095703 70.1001281738281 70.6461715698242 70.548583984375 70.599494934082 70.9271850585938 71.3013153076172 71.1955108642578 71.3572540283203 71.6431121826172 71.7799758911133 71.6853866577148 71.4170608520508 71.6846466064453 71.9233016967773 72.2577362060547 72.7237167358398 72.8336715698242 72.6496200561523 72.6864776611328 -3.4e+38 73.1096725463867 72.2112121582031 70.9957504272461 70.1834716796875
69.6571350097656 69.585693359375 69.4615097045898 69.7244873046875 69.9047927856445 69.4243698120117 69.6025009155273 69.5531463623047 69.2720184326172 69.3235778808594 69.6939849853516 70.0840606689453 69.7457809448242 69.6135864257812 69.9633255004883 70.0841598510742 70.1244964599609 70.1010665893555 69.9015045166016 69.8023300170898 69.9944152832031 70.0278244018555 69.9774551391602 70.1793594360352 70.5191802978516 70.4769973754883 70.9723205566406 70.7721710205078 70.5782852172852 70.669792175293 71.3452911376953 71.2242584228516 71.2292938232422 71.2454528808594 71.4441146850586 71.7469253540039 71.370475769043 72.1184539794922 71.9893417358398 -3.4e+38 72.7071762084961 72.7328491210938 72.9365386962891 72.9697265625 73.0130844116211 73.2070083618164 72.9750213623047 72.3103561401367 72.1228790283203
69.7646102905273 69.663932800293 69.7463073730469 70.0575866699219 70.3258361816406 70.2085571289062 70.0246429443359 69.605842590332 69.3482666015625 69.2519302368164 69.4992752075195 69.9306564331055 69.7900314331055 69.7889785766602 69.9928131103516 70.1166915893555 69.9117660522461 70.0247421264648 70.3335952758789 70.014289855957 70.1781311035156 70.4356536865234 70.1541442871094 70.2488021850586 70.6961212158203 70.7365341186523 71.0958709716797 71.2548751831055 70.8432464599609 70.8798980712891 71.5255279541016 71.489128112793 71.271240234375 71.2167129516602 71.36962890625 71.9426879882812 71.8923034667969 72.4701385498047 72.04931640625 72.227653503418 -3.4e+38 72.5823287963867 73.0144195556641 73.2295913696289 73.4279556274414 73.2806777954102 73.1156463623047 72.6855926513672 72.4649200439453
69.8116073608398 69.7671585083008 70.1813201904297 70.3565902709961 70.4790725708008 70.4813766479492 70.4251327514648 69.8977508544922 69.4821395874023 69.6119384765625 69.5398712158203 69.7212982177734 69.9145431518555 69.944221496582 69.8076477050781 70.2290725708008 69.9994964599609 69.8550872802734 70.5277633666992 70.3669204711914 69.8744049072266 70.0912780761719 70.4635772705078 70.6257476806641 70.7021484375 71.0596618652344 71.197021484375 71.5578918457031 71.2237319946289 71.0640716552734 71.4354400634766 71.63720703125 71.5768737792969 71.3876419067383 71.2819366455078 72.0969314575195 72.3146667480469 72.4132461547852 72.3576965332031 72.7572784423828 72.8618698120117 72.7575073242188 72.8113021850586 73.3049774169922 73.6507720947266 73.3879013061523 73.2967681884766 72.7415237426758 72.6779708862305
70.0947799682617 70.0677871704102 70.3472900390625 70.4538650512695 70.6153793334961 70.5186309814453 70.5987396240234 70.1598129272461 69.4349899291992 69.7110595703125 69.8613967895508 69.9024124145508 69.9938201904297 69.8845901489258 69.9726867675781 70.244873046875 70.1642684936523 70.054557800293 70.4522705078125 70.4405212402344 70.0273666381836 69.8430328369141 70.2977600097656 70.5887603759766 70.8721237182617 71.3045196533203 71.4463653564453 71.5701904296875 71.4834289550781 71.2779235839844 71.5007934570312 71.6755752563477 71.8125305175781 71.6472320556641 71.5356826782227 72.149055480957 72.162467956543 72.8304290771484 -3.4e+38 73.0603866577148 73.2402267456055 -3.4e+38 -3.4e+38 73.5818099975586 73.665641784668 73.7066345214844 73.7273559570312 72.9201812744141 72.8707122802734
70.1463775634766 70.0197067260742 70.0990447998047 70.5598220825195 70.5523681640625 70.6574630737305 70.6158065795898 70.2821502685547 69.7824935913086 69.7646026611328 70.1591262817383 70.2500305175781 69.9319534301758 69.7302932739258 70.0987319946289 70.1788330078125 70.2334671020508 70.393798828125 70.5973663330078 70.5650482177734 70.4891586303711 70.2607040405273 70.3083419799805 70.5960311889648 71.0595169067383 71.1615676879883 71.5015563964844 71.784049987793 71.6396713256836 71.6174468994141 71.577522277832 71.6998519897461 72.1541290283203 72.2465744018555 72.1687774658203 72.4165649414062 72.235481262207 72.65625 72.9909820556641 -3.4e+38 73.2980499267578 73.4171142578125 73.384162902832 73.5153427124023 73.8397369384766 74.0849380493164 73.8049850463867 72.5727233886719 72.6356658935547
70.1397018432617 70.0737380981445 70.3585205078125 70.622917175293 70.5703964233398 70.8583831787109 70.6105728149414 70.353515625 70.5224990844727 70.162956237793 70.1347885131836 70.3307647705078 70.1298141479492 70.0381317138672 70.0204391479492 70.2407760620117 70.3400955200195 70.5789337158203 70.561393737793 70.5000686645508 70.6145172119141 70.7022552490234 70.9099273681641 70.9215240478516 70.8735122680664 71.0019454956055 71.6604995727539 71.8923950195312 71.8105239868164 71.9083938598633 71.8117523193359 71.7518005371094 72.3358688354492 72.615592956543 72.5484924316406 72.6335144042969 -3.4e+38 72.5915298461914 -3.4e+38 -3.4e+38 -3.4e+38 73.5041732788086 -3.4e+38 -3.4e+38 73.9543075561523 73.99853515625 73.5288696289062 72.8353424072266 72.7981491088867
