rcp8.5models/MPI_ESM_LR/sc1gr5.9
NCOLS 261 
NROWS 433 
XLLCORNER 336357.134 
YLLCORNER 654653.479 
CELLSIZE 1000 
NODATA_value -3.4e+38 
[rows 352 to 373 of 433, columns 49 to 97 of 261]
280.701507568359 281.232269287109 281.668731689453 281.749389648438 281.888000488281 282.018127441406 281.858032226562 281.3974609375 281.495574951172 281.625061035156 281.454650878906 281.812591552734 281.804046630859 281.575225830078 281.634521484375 281.6943359375 281.811859130859 281.759643554688 280.279876708984 281.027160644531 281.518157958984 281.360778808594 281.416961669922 281.51806640625 281.474243164062 279.393249511719 279.766876220703 278.255462646484 276.140228271484 276.729827880859 275.788635253906 274.538299560547 270.966156005859 266.976623535156 266.551513671875 271.167419433594 277.011077880859 277.588684082031 277.525085449219 272.597320556641 261.010131835938 274.244903564453 280.1689453125 280.584594726562 280.688171386719 280.856903076172 281.533111572266 280.620544433594 278.397552490234
281.106628417969 281.350433349609 281.614776611328 281.601959228516 281.705017089844 282.022491455078 282.116851806641 281.291687011719 281.194580078125 281.295288085938 281.5595703125 281.725006103516 281.702545166016 281.529205322266 281.531341552734 281.579681396484 281.573303222656 281.62353515625 281.072174072266 281.808471679688 281.685668945312 281.517486572266 280.818267822266 280.912353515625 281.461273193359 281.155212402344 281.100006103516 281.332275390625 281.140563964844 277.220825195312 275.532409667969 275.652587890625 275.5595703125 270.439636230469 265.624633789062 267.078460693359 272.994262695312 277.705017089844 279.266296386719 275.479858398438 262.98193359375 267.757415771484 276.585357666016 280.049194335938 279.593994140625 279.178314208984 280.772094726562 281.459289550781 278.365051269531
281.198150634766 281.488311767578 281.711151123047 281.721893310547 281.675994873047 281.762390136719 281.777648925781 281.557464599609 281.554107666016 281.44189453125 281.611450195312 281.658996582031 281.605010986328 281.6630859375 281.378997802734 281.27392578125 281.420684814453 281.798492431641 281.0966796875 281.457550048828 281.646057128906 281.549438476562 280.995666503906 280.091217041016 280.372192382812 281.186096191406 281.391845703125 281.064453125 280.997222900391 276.592346191406 274.566711425781 276.251373291016 277.043365478516 271.628570556641 265.592254638672 264.231567382812 266.246368408203 272.295013427734 277.843536376953 276.818695068359 268.501190185547 255.56510925293 268.275146484375 278.268096923828 280.449920654297 277.374664306641 277.518432617188 280.606048583984 278.737884521484
280.916168212891 281.360534667969 281.672241210938 281.792846679688 281.614929199219 281.447967529297 281.645965576172 281.853820800781 281.861846923828 281.698059082031 281.663940429688 281.597198486328 281.589477539062 281.766448974609 281.671783447266 281.234375 281.023223876953 281.539184570312 279.492065429688 280.199920654297 281.692504882812 281.548431396484 281.540161132812 280.527923583984 280.401275634766 281.211120605469 281.627197265625 281.128631591797 281.149261474609 279.647003173828 276.782501220703 277.876617431641 279.20751953125 276.132598876953 273.667327880859 266.653472900391 262.102752685547 265.448303222656 272.048522949219 276.970825195312 273.145935058594 249.75341796875 255.048629760742 269.235687255859 278.359436035156 276.966400146484 274.831939697266 276.968200683594 278.067291259766
280.815368652344 281.408050537109 281.696136474609 281.594421386719 281.639770507812 281.141510009766 280.818756103516 281.821899414062 281.467559814453 281.358428955078 280.883361816406 281.175689697266 281.244598388672 281.342224121094 281.496337890625 280.699462890625 280.530212402344 280.871124267578 279.10986328125 279.994445800781 281.477752685547 280.415802001953 279.492858886719 279.937194824219 280.943908691406 280.820220947266 281.194702148438 281.440795898438 281.424102783203 280.893951416016 278.656127929688 277.238647460938 276.644104003906 275.590270996094 276.363891601562 273.148620605469 268.921722412109 267.944732666016 270.082733154297 275.9267578125 277.140655517578 256.522491455078 250.125122070312 259.159057617188 271.732940673828 275.385772705078 273.126159667969 272.569274902344 275.365844726562
281.383911132812 281.624481201172 281.593475341797 281.494934082031 281.717498779297 281.136383056641 280.333831787109 281.750305175781 281.481384277344 281.324554443359 281.006042480469 281.261047363281 281.362518310547 279.572601318359 280.188873291016 280.453857421875 279.537353515625 280.284606933594 279.739227294922 280.058471679688 280.469421386719 280.545623779297 277.103302001953 277.959838867188 280.644134521484 278.126739501953 279.153045654297 281.446136474609 281.487731933594 281.558807373047 278.034515380859 273.541534423828 272.068511962891 270.911315917969 272.943359375 274.6357421875 273.350341796875 270.980499267578 269.670318603516 272.383972167969 275.528686523438 268.209655761719 256.152618408203 252.949829101562 261.582580566406 270.362182617188 273.844451904297 272.897766113281 273.829254150391
281.798461914062 281.441986083984 281.214904785156 280.975372314453 281.461883544922 281.269744873047 280.666534423828 281.274871826172 281.247741699219 281.402130126953 281.581848144531 280.897125244141 280.384185791016 279.516418457031 278.080932617188 278.019744873047 277.359375 277.685607910156 279.095611572266 280.779174804688 279.584320068359 280.254913330078 276.537414550781 277.618347167969 280.010192871094 277.400238037109 278.990631103516 281.346649169922 281.446014404297 281.662536621094 279.424285888672 272.283538818359 269.110290527344 269.530548095703 271.061614990234 272.201934814453 272.201690673828 270.779632568359 267.792999267578 267.970733642578 268.032073974609 273.278167724609 263.431671142578 250.762390136719 252.222396850586 262.550842285156 272.214904785156 275.550109863281 274.204742431641
281.536041259766 280.991790771484 281.023559570312 281.198883056641 280.959655761719 281.037963867188 280.226318359375 280.985443115234 281.201141357422 281.578277587891 281.598571777344 278.971466064453 276.563201904297 279.143676757812 277.238647460938 274.913848876953 275.359161376953 276.044677734375 280.184661865234 281.429046630859 280.578521728516 280.588928222656 279.381866455078 279.7451171875 280.163482666016 277.250061035156 276.331207275391 279.502166748047 281.406616210938 281.415740966797 281.495422363281 276.016174316406 269.871002197266 269.325744628906 270.233978271484 270.383209228516 271.921966552734 270.749786376953 264.858825683594 264.93408203125 265.123718261719 269.470611572266 268.626281738281 258.622192382812 254.205108642578 255.712631225586 263.569305419922 273.297698974609 275.808380126953
281.324432373047 281.081298828125 281.340515136719 281.224884033203 280.463775634766 280.611877441406 280.580291748047 281.236358642578 281.250122070312 279.794494628906 278.144104003906 276.945404052734 276.543701171875 276.753509521484 276.704498291016 274.440216064453 274.060821533203 275.766662597656 276.338439941406 279.298950195312 280.235961914062 280.244171142578 278.126159667969 278.652679443359 276.452697753906 274.772766113281 275.4296875 276.935546875 279.407165527344 280.465850830078 280.821899414062 279.542205810547 275.871276855469 272.799530029297 272.678680419922 270.334716796875 269.769805908203 270.577819824219 266.238403320312 262.857482910156 265.357208251953 265.290283203125 268.6748046875 269.446350097656 267.985229492188 264.346527099609 261.023345947266 259.201110839844 260.413604736328
281.315643310547 281.272155761719 281.316070556641 281.136199951172 280.569641113281 280.585784912109 280.501861572266 281.194671630859 281.12451171875 280.291107177734 278.482299804688 277.215118408203 277.017547607422 277.368347167969 275.869445800781 276.979858398438 277.481048583984 274.790222167969 276.987426757812 278.407470703125 279.850769042969 280.15234375 278.330413818359 278.9052734375 277.460144042969 276.862396240234 276.283843994141 275.541809082031 278.705169677734 280.409423828125 280.391540527344 280.415618896484 279.494659423828 276.234588623047 274.121917724609 272.148620605469 269.029968261719 267.498931884766 264.359893798828 261.342163085938 262.187377929688 265.264709472656 266.318511962891 267.327331542969 266.047973632812 264.299255371094 263.595489501953 262.5400390625 258.534301757812
280.942352294922 281.116973876953 281.054901123047 280.933685302734 280.904357910156 280.861938476562 280.761383056641 280.9697265625 280.803649902344 280.422393798828 279.154174804688 277.640228271484 275.487823486328 275.6689453125 275.607208251953 278.047088623047 278.851837158203 276.688110351562 279.359008789062 279.150390625 279.934387207031 280.664764404297 280.382141113281 279.364318847656 279.102020263672 278.796600341797 275.957092285156 275.845764160156 278.225891113281 280.54736328125 279.865966796875 280.450225830078 280.836059570312 277.506530761719 273.610870361328 271.071716308594 268.600189208984 266.343017578125 264.552795410156 263.046173095703 261.341857910156 266.738800048828 265.651031494141 266.648223876953 265.696533203125 263.202819824219 263.169525146484 264.766082763672 263.480224609375
-3.4e+38 280.920043945312 281.122955322266 281.238952636719 281.317962646484 281.115783691406 280.67333984375 280.795013427734 280.337738037109 279.684478759766 279.359008789062 277.899810791016 275.015350341797 274.392791748047 275.648590087891 277.203674316406 278.369537353516 277.925750732422 280.1435546875 280.715423583984 280.639434814453 280.878997802734 279.501922607422 277.803497314453 279.128784179688 278.611083984375 275.302978515625 277.147827148438 279.021484375 280.944549560547 280.115539550781 279.486022949219 280.078826904297 279.427429199219 277.504852294922 273.568481445312 270.629821777344 267.167388916016 265.393798828125 264.418304443359 262.226806640625 266.778045654297 267.584106445312 267.084991455078 266.346862792969 263.816802978516 260.779266357422 262.571502685547 266.305267333984
-3.4e+38 280.808319091797 281.113677978516 281.362640380859 281.320159912109 281.033996582031 280.733123779297 280.674468994141 280.585113525391 279.362213134766 278.873474121094 277.221466064453 276.198364257812 275.753021240234 277.048065185547 277.16845703125 278.757659912109 278.242950439453 279.22802734375 280.236663818359 280.393218994141 280.725494384766 279.406280517578 277.622985839844 278.21435546875 277.192016601562 275.223846435547 278.129333496094 280.312286376953 280.335174560547 280.648559570312 279.391906738281 279.650482177734 280.533172607422 278.05078125 275.980529785156 274.403137207031 270.125732421875 266.916412353516 265.646606445312 264.138397216797 266.039276123047 269.313812255859 268.74462890625 267.842651367188 266.088043212891 262.719085693359 263.088195800781 266.692779541016
-3.4e+38 280.763824462891 280.649047851562 280.874176025391 280.967681884766 280.824493408203 280.714538574219 280.418090820312 280.170104980469 279.905822753906 279.036651611328 276.736328125 276.329833984375 278.050994873047 279.831481933594 279.488800048828 279.585388183594 278.676116943359 279.830993652344 280.150787353516 280.245422363281 279.238983154297 279.560607910156 279.886779785156 279.537231445312 276.130065917969 274.586029052734 277.573394775391 279.951110839844 277.678863525391 279.246215820312 280.209411621094 279.270385742188 279.820190429688 277.812805175781 274.730438232422 273.359558105469 271.884368896484 268.960418701172 266.637420654297 266.081329345703 266.647796630859 268.594177246094 269.281951904297 267.814575195312 266.700256347656 266.357238769531 266.164337158203 267.208557128906
-3.4e+38 -3.4e+38 280.538635253906 280.646942138672 280.484191894531 280.391418457031 280.515289306641 280.613983154297 280.052490234375 280.019348144531 279.759521484375 278.787841796875 277.794982910156 278.703216552734 280.382751464844 280.840148925781 280.356750488281 279.813446044922 280.253173828125 280.045166015625 280.309661865234 278.884613037109 279.592590332031 280.649871826172 279.379455566406 277.673522949219 276.407775878906 277.258758544922 279.075469970703 278.361663818359 279.289123535156 280.444946289062 279.027587890625 278.243316650391 278.712829589844 274.326477050781 270.080291748047 271.993713378906 269.153961181641 264.165344238281 263.520141601562 264.540924072266 264.465087890625 268.244659423828 268.554534912109 267.773498535156 267.895751953125 267.870239257812 267.699584960938
-3.4e+38 -3.4e+38 280.619750976562 280.534057617188 280.330291748047 280.155548095703 280.467041015625 280.814514160156 280.251617431641 280.213165283203 280.006256103516 279.998077392578 279.408569335938 279.519775390625 280.48388671875 280.869445800781 280.539459228516 280.359191894531 279.393859863281 277.950958251953 278.575256347656 278.797271728516 278.363433837891 279.478271484375 276.859741210938 276.909820556641 276.673950195312 275.513031005859 278.018249511719 280.298370361328 280.276275634766 280.424743652344 279.759582519531 278.387786865234 277.819366455078 275.168731689453 269.558227539062 268.639038085938 267.8818359375 263.858581542969 260.442352294922 263.607238769531 262.274963378906 265.516021728516 267.866455078125 267.906646728516 267.600891113281 267.896484375 267.352294921875
-3.4e+38 -3.4e+38 280.556884765625 280.454254150391 280.061889648438 280.465667724609 280.869171142578 280.660736083984 280.181884765625 280.378875732422 280.271759033203 279.834136962891 279.908660888672 280.281036376953 280.545654296875 280.602111816406 280.567138671875 280.680541992188 278.416320800781 276.049072265625 276.2333984375 276.700744628906 275.918334960938 278.320007324219 277.010620117188 275.499542236328 275.971038818359 274.492767333984 276.268524169922 280.227844238281 280.264862060547 280.385284423828 280.184417724609 278.464569091797 274.243835449219 271.457153320312 268.493347167969 266.853057861328 266.564117431641 265.196228027344 260.457580566406 262.897888183594 262.279998779297 264.056335449219 265.109771728516 265.591278076172 267.449859619141 267.537445068359 265.568328857422
-3.4e+38 -3.4e+38 280.855743408203 280.145385742188 280.219665527344 280.720245361328 281.261688232422 280.506774902344 280.376892089844 280.5380859375 280.598999023438 278.312316894531 279.168548583984 280.428680419922 280.470123291016 279.882446289062 280.010498046875 280.472900390625 278.101196289062 274.746643066406 274.582153320312 275.017517089844 274.897674560547 276.669097900391 277.652404785156 275.473388671875 275.148284912109 274.684020996094 273.778961181641 279.265686035156 280.101043701172 280.155151367188 280.146789550781 277.90185546875 273.264556884766 269.973754882812 269.411895751953 269.471557617188 266.556335449219 265.714447021484 263.867828369141 260.978393554688 263.480285644531 263.805297851562 262.814819335938 262.039398193359 263.994689941406 266.710876464844 266.776123046875
-3.4e+38 -3.4e+38 280.725555419922 280.280639648438 280.619537353516 280.753631591797 281.159606933594 280.568206787109 280.569061279297 280.594207763672 280.640594482422 279.298248291016 279.409240722656 280.284637451172 280.648559570312 280.032409667969 279.520385742188 279.505615234375 279.263946533203 276.278656005859 274.345092773438 273.959838867188 275.716583251953 277.189300537109 277.871795654297 276.673187255859 276.612762451172 275.509460449219 271.124114990234 276.542053222656 280.002563476562 279.688629150391 279.948394775391 277.510192871094 274.329895019531 272.427642822266 270.609008789062 269.679290771484 267.967651367188 266.892272949219 266.488586425781 262.610137939453 263.197479248047 260.142211914062 259.946258544922 260.722045898438 259.852722167969 264.603057861328 267.926635742188
-3.4e+38 -3.4e+38 280.802001953125 280.822143554688 280.825775146484 281.073303222656 281.0224609375 280.748718261719 280.422027587891 280.401275634766 280.533264160156 280.465881347656 280.200927734375 279.988952636719 280.550140380859 280.629974365234 280.581909179688 279.963562011719 280.234008789062 279.296997070312 278.683319091797 278.072296142578 277.322845458984 275.187377929688 274.295928955078 277.991363525391 280.318176269531 277.126831054688 272.721160888672 272.245666503906 277.231964111328 279.088531494141 279.230133056641 278.920318603516 276.556121826172 274.636108398438 273.034698486328 272.14794921875 271.719360351562 269.851898193359 268.682586669922 263.121765136719 256.657653808594 256.480621337891 257.142639160156 257.577941894531 261.218627929688 259.91357421875 257.96728515625
-3.4e+38 280.713989257812 280.731201171875 280.715606689453 280.744140625 280.711456298828 280.597473144531 280.572387695312 280.307464599609 280.079620361328 280.219451904297 280.38818359375 280.111389160156 280.234405517578 280.377197265625 280.470062255859 280.719421386719 280.533752441406 278.802947998047 278.470184326172 279.360321044922 279.466583251953 277.174468994141 275.731597900391 276.696075439453 278.868957519531 280.128723144531 277.250152587891 273.058288574219 268.704895019531 272.210601806641 276.367095947266 278.260864257812 278.075347900391 276.780731201172 275.793975830078 274.369567871094 273.135589599609 273.042022705078 273.198760986328 272.347290039062 263.747497558594 260.089782714844 258.073425292969 258.83056640625 256.182708740234 257.891510009766 261.151489257812 259.738372802734
-3.4e+38 280.806396484375 280.787750244141 280.749572753906 280.753265380859 280.60986328125 280.543975830078 280.615020751953 280.200408935547 279.961303710938 280.339630126953 280.700347900391 280.388458251953 280.701690673828 280.784729003906 280.435668945312 279.584442138672 279.971649169922 277.640502929688 276.174499511719 275.905883789062 276.991851806641 277.229583740234 277.100616455078 278.933929443359 280.030426025391 280.054443359375 278.649047851562 273.154296875 266.67529296875 267.7763671875 274.002410888672 278.779541015625 278.993743896484 277.640167236328 275.884460449219 274.759002685547 274.131622314453 274.466918945312 274.280212402344 273.093963623047 264.247406005859 264.207672119141 260.709503173828 258.731536865234 257.375732421875 253.042617797852 254.917205810547 260.473205566406
