rcp8.5models/MPI_ESM_LR/sc1gr8.6
NCOLS 261 
NROWS 433 
XLLCORNER 336357.134 
YLLCORNER 654653.479 
CELLSIZE 1000 
NODATA_value -9999 
[rows 308 to 329 of 433, columns 100 to 149 of 261]
230.168873578416 239.88580103073 236.797970838785 240.161086057254 241.590731083919 233.574124723811 228.691293582711 234.917724314776 225.229755931447 206.463962003443 197.103325638392 180.618439293689 182.288934826706 203.06400051565 211.796074427435 233.108295840891 252.936484471073 243.658895814012 241.726038754626 234.66107937948 230.484331510117 225.559086212509 249.210056302154 265.24617559018 272.701489212126 264.905965562657 258.977151091929 265.146032371835 262.723766392456 261.681258443513 265.302377072744 292.928794383049 292.747634469038 244.286665950569 217.728476399331 249.722122665305 271.877310589856 219.441873321089 204.575277618476 204.062318066722 228.609137457655 263.429059647766 248.778604399551 250.3225618377 249.904017655169 244.696827769597 218.82613433778 211.578119960905 200.84180804948 149.343639528584
221.176982482747 225.602074910533 234.997495350043 224.518346732512 233.863956332939 241.115509192959 240.634114000792 237.791930520492 204.680785700919 171.992746699576 168.803220688459 169.504544173713 192.688965756503 223.257242876036 236.374149121411 237.155399413779 238.562247983964 218.725768877761 219.490850219974 214.281587061316 219.522298168008 231.233622572279 252.257806419387 258.411543307914 276.62946739933 258.591651320933 257.327374495243 256.207497522704 244.423440199798 259.60114334983 272.72617185154 286.716074340117 267.644918023682 233.479412508044 216.305927254767 231.739593650322 264.3215215095 245.924567007878 217.658433646527 206.896765782605 236.570809770907 253.448685436179 233.97450134771 236.644217345697 244.516742795497 243.318347615965 221.11424896764 216.002278226892 178.918699748157 128.119734388395
206.32611665999 209.439566777403 236.477306667317 220.700911781214 219.685265779164 232.919290128198 233.418978467008 229.13652394226 192.553130345826 170.973848817163 173.500103499824 176.004164795867 206.359363355167 235.92509239666 252.105422278842 254.322489491173 251.011822816215 246.880732917542 235.815609923037 218.922836431664 232.754570262815 243.40339617419 246.800695616981 233.064094085981 281.472272154557 257.965226048762 252.540269931045 262.409371748506 238.201305279729 245.941612989626 256.647716053122 263.005240440863 242.262858068624 218.230316629719 208.943599087249 212.831756663962 227.493787542805 239.80865404417 226.384702009882 202.166076373794 223.045344828996 247.31634313267 218.967198657522 229.440670991722 239.799038376775 236.109959906281 226.438862340877 208.683536930869 163.06863586834 124.483444025299
207.160214944575 200.20488179504 221.714317310229 223.369812653108 216.884609573124 225.872458327349 214.714770964058 205.171288909733 180.027837255364 172.034496791091 179.66584099123 190.041789015034 206.28390609836 230.439339410397 244.531151978817 243.857090692738 255.698871018894 263.770217383082 242.252410247355 224.676484798758 237.312263455823 241.377798144577 254.045954121965 257.076681518598 285.313687087759 272.464174361076 256.989732353457 262.101617910375 247.632972368948 227.635983925776 231.793756088141 239.882016991909 240.834075160214 224.808079836532 209.144954290158 210.090989570021 211.589273519966 220.797480569691 234.629823773534 229.304652221881 222.846702757408 230.307307642644 216.763199543549 222.152384341461 229.182586352135 231.285883479366 226.704295048624 198.820992895405 161.426250847458 129.121564568195
220.189510489784 196.723144160592 208.747972295541 224.072002782513 218.337976250804 223.306675975084 202.729208352099 187.464794565455 181.10840224272 184.012613649357 196.878245434329 211.20315373726 214.243412989573 238.900892059394 237.606815387789 219.858060307033 231.118331218472 236.793037889707 229.094682353456 219.415637717362 230.666759521911 232.950633388106 246.825826620833 274.0842462054 253.384232896572 253.145627152159 245.760212555973 246.944339580947 260.545889343617 257.18239800917 241.24312538959 229.420992209235 229.551996521926 225.945939776278 214.787478329486 213.04340637172 213.698480104576 217.58270820823 229.318394400744 233.566126294028 223.408741578671 215.855829868492 217.372497871501 217.860934319464 223.721633820716 236.205622451126 214.652920557123 185.245855674148 160.503056214151 131.031561500587
233.157813566125 204.642463439872 208.49943599933 213.386250765788 205.803751379457 199.035741924992 205.313888320618 202.022468936675 216.048631117844 236.4108746149 243.328114790463 233.086907007445 233.355639268372 226.161088119144 206.592439177441 199.586383556638 202.411661329551 208.887494211499 213.429492426947 215.887165576895 228.22050349496 229.717288737064 233.997751795613 262.841655937703 249.505031853891 259.245681709573 256.997681211584 248.290978290417 258.86318315612 275.07827715321 263.235703712857 237.045567280894 219.304070176463 210.650669408102 205.609645931784 208.796482260425 214.778154217686 219.234326151604 219.349843159414 217.988096474261 217.672484377989 215.630422276581 215.050889942706 216.200779906351 218.812561375751 222.273768756628 229.719941194753 202.140224131649 173.549856662755 163.859225648074
241.616114253916 226.501968359182 222.62376606356 211.976894113933 205.651529694733 204.965142697764 202.686295841914 205.084135730499 225.273513221113 239.160834820034 238.882196323033 239.639693272287 230.69993468113 215.70127529853 195.985257506345 200.525990461711 206.424432057593 212.227287127129 221.908180696495 223.806443474979 228.515682680029 228.781061888643 232.311043313317 246.223682948422 229.678099888048 241.419785668354 232.396198449666 226.822453790135 235.032853635183 241.73360762918 230.282198824973 223.415731040827 218.815409848454 210.53760897723 204.219538568024 207.789844904335 209.656319639249 214.799562077792 217.716764917338 218.766460362784 217.954698460346 215.041259662116 214.326749506935 215.830598877113 217.479134793313 218.903883884206 228.119583550283 220.598289989484 206.410938023634 177.666211103586
246.03840931701 227.423481403801 234.635531097325 228.43568284374 215.730273412743 216.106412994126 210.318833495697 204.532360087156 225.452279749167 229.141227963619 219.866652814682 229.401557110894 237.151831115807 215.719358791752 194.838638426433 201.205612650365 206.13976715034 204.068023078241 216.439677839096 224.374865887035 223.141481934771 221.63756818894 231.202000929824 237.896836453651 230.634271710888 229.019747175095 206.988743532112 202.834865498789 206.835076953187 206.886236050982 205.905218599985 208.34699825294 206.769755831694 204.657997063435 204.621852616142 207.464016838266 205.416554021269 208.026689981987 213.913470046884 217.452431714046 216.578064407031 214.397305703713 213.505852449813 215.390190961532 217.742792996126 219.196685274501 224.24514244594 221.965467785388 205.948743004248 157.195617337274
240.03906891228 215.031094002021 230.801107790726 234.988633060872 220.555277729434 218.94212941618 221.682092500004 210.531743530429 221.959331313111 235.756563515737 221.818744394768 210.047620901924 217.107716839333 205.630318377374 196.66432273695 201.732130899241 200.517549294186 197.567762149953 204.763450534287 216.321734241407 219.317291402416 214.507224088869 224.582271680801 230.949631382281 241.662127081096 242.622772519043 222.02497686201 201.567267919382 199.791782405927 199.659903099168 200.017899903806 200.211296888735 200.825584678711 202.56794889701 205.569919709523 207.466860275763 205.881815078217 204.160209665345 207.719646005669 210.607305672239 211.62136075626 211.948048591353 213.06498198103 215.817187037052 218.074906157841 224.16746208833 219.714410649875 215.270713946599 176.635055616962 132.820440801733
233.766836783989 219.270853075958 228.347222950661 235.150384701065 227.651102067213 215.087736478171 219.591579295998 213.128333430677 211.79531522976 230.414129642851 236.048804084816 211.703194352101 194.857000137468 194.035152629149 197.04601179021 205.432141830034 202.507973138971 196.844188054851 202.782555043112 217.182164659257 219.670425609251 213.66634405165 220.010847964514 223.594615959349 240.973148462887 249.003077377195 246.941872835053 230.321321515464 216.233871729834 203.227072200009 200.125243495821 199.012311947658 201.782708588247 205.927791351492 206.637933839163 205.700720212344 206.500155510673 203.940275396524 204.638063511216 206.390281423523 208.827393980004 211.991745711758 214.662632641559 215.539845430976 217.439970343701 225.998456379087 178.320962161372 166.48173228382 136.310088089519 114.280089194545
233.937371460155 225.391568216407 230.910076845139 239.513386322718 231.435112990228 216.632444100451 215.386137429504 210.916342355355 207.742507357644 220.155146531105 231.096548232219 209.835770750178 190.814652008459 190.596034911039 195.707227399612 205.568306351188 209.792539459965 207.26012403047 212.027152279494 219.827104982721 214.71833975925 210.67923670849 213.390385622647 215.416061157042 227.328089491971 238.836966953586 249.840349569557 252.641064674917 246.892585049564 226.604656334974 208.729350122958 207.149867873001 206.108617327752 206.024211802159 203.333410628098 203.27621991536 204.596939858158 204.608929249949 204.84501445154 206.321499276408 208.449246618302 211.934448747333 216.086750877217 220.804822395657 228.100902197539 235.702428211248 146.143368840759 126.656031765048 122.862942220209 118.824928068402
235.648327030441 231.808432837964 227.940969002719 237.573456366477 234.770767069774 225.51173222944 228.871168037978 221.475433197809 211.984663847006 223.77871171111 217.052928678027 197.290266225425 197.983888445853 197.171224903181 194.950203706843 204.331935807734 212.494604042312 215.738761930805 217.159284653417 218.491925366517 215.363393634868 214.204600069109 213.998422965536 215.293597553619 221.255139518245 229.132855011572 239.873327994678 247.12912554253 254.922650267487 252.690899379197 243.013738758223 237.397792240588 220.782792546271 214.393747367104 210.94840737981 215.033796779198 208.699034036161 205.57696421432 205.829105699127 206.584774463887 208.594306350139 210.786478665549 214.041540377088 221.773247997133 228.417782095906 216.324483752999 140.232491227374 127.392921743741 124.870563078842 122.773456917131
244.975820255939 238.579265553123 232.223286277109 234.522740512371 233.796250606087 231.972253773367 237.204987928069 245.697435202651 234.225647473785 222.391447440841 200.251025821444 191.671012024142 200.867067148074 199.475282097965 194.418634985619 203.891837881824 211.587381497107 212.764204220432 212.030348631478 213.421516591005 216.221088233485 216.871467082123 215.187186454861 219.892891096872 227.492652346166 227.294725431484 231.935077184247 243.60289752258 253.58765967739 261.664343886602 265.396348055479 261.863659858653 253.590149403677 246.826725433682 234.882998230227 220.681054604978 209.269969317449 206.55932242285 206.514297193102 208.135112764049 211.532318462076 214.895659035848 215.637330085806 216.472058330393 220.944689866802 194.822069959598 133.771332869623 127.137641185335 121.870298080914 119.525361579853
258.553983713391 244.345044166047 242.808209205257 251.783455768779 245.28404476966 238.790739783991 235.3147300279 244.638728065332 249.750846637293 235.89816700284 208.097236996098 193.15534607675 194.038407976696 194.684863948945 194.800268609731 202.643223991722 208.642209657287 210.180631068957 207.523597122435 207.374284612792 211.029790698932 212.62482719717 216.639798886649 225.943044134765 233.38897144513 232.029286186209 232.543528386861 242.275010375779 249.599974363576 256.264754018577 260.606162354961 261.616931117353 274.824842645451 274.177916002949 256.346428338263 213.572702282278 206.12536743791 206.994155539833 206.180421479834 208.690245079508 212.176603177649 217.741680864736 222.06298869854 223.179666234036 232.557615328142 212.889424385517 133.24360417061 126.571288305439 121.521220769935 118.291346529153
265.610016574667 249.541287154092 247.847514041094 264.632803605671 255.184617269514 239.427322017266 237.038330888944 233.070634867534 245.32397671859 255.010704201628 232.622942005413 200.493595485934 192.671650677368 192.967180616704 193.932313810922 197.808251055978 204.020587524914 210.413723164555 207.910933488265 205.707480991848 207.923979544424 209.827181840286 219.125040363812 229.68351766066 235.699844060516 238.034283934633 241.00411902057 245.003090960452 246.536557044173 251.993877632419 260.850891540821 263.251246373199 273.739007735924 278.891701949214 267.971924467091 217.443870562966 209.873612538587 206.472479543969 206.807636810523 208.734265930518 210.615386824983 214.507368364732 220.146355551811 224.989984352252 236.997456400964 219.35808795982 134.501413350408 126.881446996396 124.957196152067 121.536758045998
270.177110204602 254.393294269029 253.277310767399 262.08495584365 255.247042036872 242.500982184104 235.893046330595 231.678219454217 243.747631642963 245.748340892108 230.734496963044 219.000712672885 195.121983023629 195.036576809586 194.927548792969 193.817972437587 197.916274460354 206.131050052186 208.456748840986 207.731633205059 209.389381352365 213.427346181017 219.237492409872 226.66451220953 233.94413208596 240.346300291423 244.366134355346 247.225204253956 249.067922686225 253.921242128017 262.725583459452 267.073983873775 270.341839716699 274.914986693852 273.81739326073 236.023178460209 216.541759462188 207.877046240894 208.317851452643 209.791851815233 210.976409417112 212.904861703277 216.105656899698 219.355892256456 231.682420310908 216.938380029566 135.666466698241 126.212203944693 124.00899956602 120.56212316822
277.179848460727 257.916436504746 256.073420759913 261.709006381818 268.006482174113 261.072231381741 250.823596011958 248.769770169789 256.726651678611 234.666362148573 210.835274503078 227.19285392418 194.349197085524 197.421026793104 199.682793675552 199.276035276394 198.398158292088 200.140237141043 206.034762235692 209.674027845009 211.242066586886 217.622984575279 222.914303573782 224.910792640138 233.238265369561 238.609906232433 240.382997734537 242.42012712199 244.435983483288 248.661500754236 257.507907601994 263.95828675718 268.358735533553 272.635348920916 275.519426547202 239.503174386099 223.937947946432 214.955490981909 210.430276969759 211.030568317891 211.953925852366 213.724888387753 217.639498597886 223.873895405856 236.416935952498 226.106647068595 139.060255632979 129.163951640948 119.46304640488 114.279169689731
302.022380785029 279.594696408315 272.207400008226 263.674776192816 256.999633757396 250.772246065793 223.438303809735 219.460015169013 240.679537086704 253.41881700247 235.536809216696 198.961428003195 210.333597627858 196.292333654706 198.858495840351 204.057619803413 204.065839094092 204.079292308517 204.573057568105 205.548846529341 211.396296553641 219.789594901646 222.344341559154 223.675049301223 217.560932299143 226.577679916296 232.348172527273 238.543580604767 249.731202497285 253.130271030181 256.723468913108 259.780675161363 263.191412664114 268.375629160008 272.173313064634 243.775596198622 232.856624091433 230.043967201728 221.860616256839 216.069122608971 216.127512254478 216.695602072899 218.568709516554 225.787701178664 234.603435130171 218.400726477435 162.378099592523 137.632807728074 118.499087534333 110.249454919057
300.883587311057 284.337211931531 275.006324639599 276.860256199142 268.289722212404 242.149903003569 219.617966556549 208.136892356023 212.483501740933 234.489762640177 250.553854532106 219.295183064495 201.944360108647 198.926582224457 193.314538358405 200.376203054746 206.714097982319 207.147867837028 205.902774907418 205.354140912074 207.599074843797 214.502759709406 219.710292139643 223.862991119546 210.079344817214 215.794077478496 222.649710198134 230.905893035048 248.972119287889 252.198640271323 256.080796022809 260.93798542736 263.020735925391 258.128911701538 249.177305613379 220.384535281496 224.97004340591 226.305616881499 220.57068369427 217.816854950772 218.828334215976 219.211208319875 220.369657323256 224.576654258729 234.999765203469 221.528148830515 137.668859262649 127.352505133855 117.292844555217 109.479787115621
305.134451900948 280.587836232916 281.256835582616 286.628308694693 255.879283385863 214.242696090471 209.30689516944 210.165993365554 212.721251697237 219.549290159034 228.229528757025 224.313920146627 205.688082776965 207.122350347072 196.020306448553 195.558987148053 201.66723680899 205.141551253148 205.386535015145 203.984724851849 204.447609620396 208.533587867543 214.760980946443 223.690068515594 222.147192965384 223.610075847555 232.839114065378 237.646597227591 247.774223349534 251.009571122236 255.41825915806 260.678862239965 262.283139803352 255.846565737433 238.161952282322 217.40461510378 211.721322542183 212.544181138704 214.034609575412 215.998114441569 218.163826106675 220.377246971321 222.409118201467 223.574890246634 230.174174904489 220.815972511754 137.365258061907 128.117725760991 118.721584240046 110.988706748315
304.204010329173 287.063892448008 289.653291831094 284.010605978141 247.456815112055 217.924789708123 214.649375168817 212.366980843889 216.64570392315 213.95018013641 203.919545757315 214.946303347687 202.337373648978 210.319949209081 208.009845346181 199.591162665755 -9999 197.954375095105 200.232003275883 202.400960402846 205.784468233456 209.102939736225 213.65822797052 222.996101641918 228.603403800503 229.873531655963 242.585982792396 246.541502192287 248.772617779762 251.326259442873 255.081154780507 260.489280260015 264.305273629603 265.527041602276 255.787882479705 236.605295010104 227.947799814925 223.490184939072 216.098226834403 216.006931436592 216.557365749251 219.725069599649 222.730944814939 223.443613248811 225.773728684711 218.756443529665 160.086953954018 136.937367980554 124.665559121248 115.814676100122
299.04842541008 292.305144534964 292.224004623602 285.066505083547 247.595967418563 220.707326705303 219.325499820616 219.245959387978 221.24753568678 218.928200927476 212.782641954019 211.471528802951 200.027820347887 206.858404239307 216.184376020821 214.617371826237 203.738570406361 -9999 -9999 201.117165820343 206.626871631936 212.230657325771 216.833053287789 223.687793695112 227.271331692147 217.32378157851 230.711444280349 247.051217955715 250.443624376896 248.461465428395 246.763394775631 250.689914539472 255.006021732932 265.38314388694 267.499613045305 262.871358079476 258.069539106322 249.383365346155 229.505453946351 220.907725233934 217.478414594519 219.848189365649 222.150449731165 224.017490802653 225.112246645679 227.991674382093 188.422211454381 143.364985210523 128.536109306991 120.37730389976
