rcp8.5models/MPI_ESM_LR/sc1gr4.6
NCOLS 261 
NROWS 433 
XLLCORNER 336357.134 
YLLCORNER 654653.479 
CELLSIZE 1000 
NODATA_value -9999 
[rows 88 to 109 of 433, columns 50 to 99 of 261]
-9999 -9999 -9999 -9999 -9999 -9999 -9999 -9999 -9999 308.635620117188 -9999 308.756344035723 309.002314552939 308.873575467656 308.887575354183 308.977477250018 309.069596368966 308.793400588073 308.140915764631 308.201813318138 308.245861643073 308.07305970653 307.818813004379 307.908272091049 308.062701033418 307.968711921789 308.349319866416 308.325301766541 308.283906293194 308.482268282871 308.398833531331 -9999 308.30210768025 308.236194896809 308.47867112027 308.292979016342 308.171336785743 308.229917595975 307.626989538511 307.479511919674 307.049183809962 306.686503067098 306.9007787877 306.665241127908 307.032484425093 306.812909735588 306.905614988474 307.004978247318 306.744801025141 306.560152518963
-9999 -9999 -9999 -9999 -9999 -9999 -9999 -9999 -9999 308.733944502826 308.867401985088 308.733381963713 308.905183095148 308.842363438396 308.928330009858 308.952538461882 309.089713526846 308.25706614027 307.744090301354 307.824198530904 307.851305678174 307.71333443484 307.58653984979 307.613468692115 308.038044809304 307.682008696037 307.86675755788 307.396268555788 307.915057056878 307.671577979964 307.761170496184 307.691418916027 307.728455070648 307.823925251287 308.02965874221 308.268672028223 308.091068921578 308.117726655384 307.932613045571 307.919954745615 306.880575201587 306.796720619062 306.715014344869 306.378314456858 306.984860025651 307.000171972058 306.789231190518 306.226272313613 306.738852234775 306.197932766964
-9999 -9999 -9999 -9999 -9999 -9999 -9999 -9999 -9999 308.74512131162 309.114848669542 308.83193060006 308.83726153927 308.812524317313 308.947141987921 308.926679766976 309.06290608759 307.916812614837 307.203248026914 307.79086538169 307.660728840456 307.699482735249 307.675601755689 307.766174718348 307.783373899969 307.313855110284 307.178084242486 307.061803134579 307.613536436252 307.210316594238 307.12859260005 306.960085290362 307.479499291933 307.41129152438 307.558862123588 307.722854002205 308.177090724207 308.160062112457 308.183873996841 307.906076239488 307.216576373065 306.86020582036 307.041766862942 307.091691751692 306.767826350506 306.443567429637 306.732778888029 305.893246694173 306.280286895591 306.074895209498
-9999 -9999 -9999 -9999 -9999 -9999 -9999 -9999 308.88178882521 308.863064411736 308.88061071753 308.811294203087 308.783075031688 308.918211112249 309.059523330653 308.57819960697 308.034035019796 307.913695569841 307.625299485586 307.631296252869 308.017672107186 307.931046956571 307.906613087246 307.985876297921 307.73551747948 307.772127761671 307.521284283129 307.233577916085 307.181370780239 306.930754135137 306.51578226363 306.021197975503 306.297754184173 307.004294111207 306.412228821168 306.68241200768 307.173613039645 307.846455835685 307.877693672686 307.852871785698 307.768410196996 307.895686801073 307.684581301849 306.913169218591 306.627928103612 305.802175300527 305.933854902861 305.858559070925 305.822244469045 306.037109207941
-9999 -9999 -9999 -9999 -9999 -9999 -9999 308.827072725967 308.859291008002 308.834438799861 308.576875070727 308.541824318879 308.862722400682 309.00988794384 309.035654457216 308.706458689452 308.480888872839 308.177165962947 307.519626009018 307.554769425501 307.849645769511 308.238280801365 307.754799673847 307.73264703595 307.718426724439 307.521052166948 307.395487240792 307.430128601874 307.05370809361 307.12157489025 306.284753221333 306.161068127643 306.260275985063 306.546226478359 306.152060215513 306.177748039292 307.048420776299 307.867357155825 307.805843610594 307.890290821791 307.700386754064 307.680595227507 306.894623762147 306.813249450045 306.762231320036 306.421758081518 305.892691967698 306.056448209582 305.885162358749 305.839840017533
-9999 -9999 -9999 -9999 308.636043581546 308.608565357572 308.661011002804 -9999 308.601125167395 308.796306595821 308.689772983827 308.774964600027 308.889699612048 309.030478123751 308.894045521772 308.125492480565 -9999 -9999 307.970759048375 307.993338381296 308.134901948004 308.315726396359 308.085415391046 -9999 307.746770260527 307.620030081386 307.596396858352 307.508824396893 306.964178913923 306.624389276191 306.935541805427 306.905162371393 306.658414314021 306.355893382443 305.973619569955 306.155119140639 306.982960525926 307.013149507573 307.583761737928 307.927871991273 307.667876085057 307.60956389303 307.060171216627 306.99438170904 306.890132149836 306.362918096011 306.153798530425 306.47442879495 305.830699347182 305.883310521114
-9999 -9999 -9999 308.633410290608 -9999 308.4563582007 308.686779051729 308.707387287993 308.479223341903 308.765056200742 308.86719694415 308.890543765237 308.866312072321 308.887608790537 308.469376003284 307.802755033236 307.881954200816 308.213292630552 308.193954869747 308.286070197025 308.429264689584 308.176063080987 308.266191149135 -9999 -9999 308.035338837375 307.565694333069 307.489667628065 306.494863821376 306.295558708763 307.219241613662 306.555641955475 306.521140630353 306.127115772807 306.073806174882 306.507858779392 307.025585944206 306.30153851625 307.564861642852 308.009381099934 307.807165231592 307.633486660393 306.914140513153 306.955581209777 307.047927322674 306.664381602869 306.7095857348 306.669221740161 305.753751268706 305.827894368893
-9999 -9999 -9999 308.60429719535 308.41925495515 308.615643317878 308.661953476136 308.518944603544 308.443800655506 308.737572523313 308.884571068359 308.864147412132 308.838701001928 308.929568974301 307.952362915265 307.882292154864 307.789671473179 307.957321941883 308.283170473243 308.311476303024 307.877013162434 307.638221250996 307.55494436463 307.54598402519 307.631013004205 -9999 307.930423944793 307.355709678173 306.506209658415 307.119793046437 306.671535853907 306.843144281607 306.222815888397 305.898473233243 306.152356439601 306.299013955132 306.358193478642 306.659796510544 307.065472767154 307.63043613536 307.733764692899 307.519896373181 306.998428140264 307.208386138451 306.922565283852 307.028782433308 306.794782790748 306.488065700356 306.026662645029 305.844640648526
301.979309082031 302.275214919415 308.242704553932 308.574915408639 308.505883964291 308.676765847474 308.62798683892 308.446220046185 308.413572866469 308.593783932963 308.853529949933 308.836383967444 308.578564553587 308.712396702721 307.893268704567 307.786976797639 307.82973291547 307.832293743694 307.844146313039 307.822073750392 307.479698346447 307.176927843836 307.104522858569 307.136424806812 307.228764279834 307.266728852311 307.571104861617 307.733011649105 307.228774215209 306.754701404594 306.393611186421 307.048804364218 306.577477110077 306.034172486601 306.116839883372 305.997512025561 306.062184490019 306.591320275537 306.870242037483 307.491537989576 307.663373166671 307.591697952931 307.539881900104 307.201234160766 306.818929583229 307.310879030171 307.317729636704 306.685052316831 306.401319663183 306.155367734581
301.948194562548 302.147195025085 303.68011537906 308.30107836889 308.634840336233 308.538618340936 308.485618473447 308.412836753084 308.501906114555 308.75805632526 308.948067711654 308.57837789726 308.452353731744 308.356551965986 308.140295946523 307.714949134788 307.851965200046 307.690071321732 307.616221691515 307.24698160145 307.287791832627 307.049241517177 307.027327427636 307.006569492002 307.037148846025 307.022895307892 307.29618494857 308.023124483627 307.41885414277 306.912141223734 306.686137760658 306.856889092282 306.345991575298 306.014957991571 306.104343588733 306.145835006469 306.27833516714 306.209306075187 306.872896312787 307.02176777433 307.648411054446 307.645687606818 307.763841136269 307.519092090788 307.404964694908 307.502707041404 307.356169550158 306.874411243817 306.83921554328 306.695230888077
302.065135025848 302.215937079749 302.20637400134 303.791079695893 308.438401057541 308.468668550142 308.410385358997 308.499687539811 308.405247008949 308.819147811446 308.851972692359 308.806158581374 308.079174550783 307.995781408888 307.855040426244 308.035053055951 307.828004994602 307.613707766674 307.242411010966 307.069751057153 307.211444654378 307.025959138454 307.117338843962 307.091254801643 306.839035342799 306.511462350845 307.49248364613 307.942444252209 307.464903159301 307.275745956342 307.038425543444 306.89716645289 306.567449063903 306.712728235305 306.834909018251 306.568241669168 306.68585447574 306.374150861595 306.623294236381 306.62484427205 307.728580678951 307.627020201628 307.764723691736 307.740226629183 307.603336785153 307.30953499769 306.992186893485 306.970306633845 307.011324619614 306.965247476381
302.100949864638 302.360808577211 302.23974348701 302.215904302796 303.824941762368 308.253055013503 308.497382508201 308.402307607909 308.681516372299 308.800011832617 308.77841749118 308.917280771282 307.911158568311 307.871651083647 307.682607015461 307.920657986317 307.684252448436 307.122615974431 307.066381147229 307.160540827472 307.301345069386 307.115425959891 307.142997358465 307.007663481696 306.87968694931 306.717497505257 307.237015203564 307.648666395042 307.389206992676 307.319928841458 307.341771540918 307.049545590535 306.883998169894 307.086381392921 307.197066506193 306.712229464019 306.741599297063 306.617010440107 306.600127937741 306.633211437096 307.474656190571 307.706973580107 307.727673677517 307.531224661816 307.635552573653 307.433680593458 307.602826266805 307.566897271977 306.899717504677 307.014887478064
302.21181648269 302.392480179002 302.225805981482 302.200482557159 302.182996874345 303.890533652551 308.516796429985 308.330562174253 308.788203227795 308.775568200885 308.633482492347 308.41943627394 307.641037359782 307.725319920872 307.654774156977 307.797082450707 307.140050457975 307.013102802846 307.157616860608 307.299791758816 307.214116010177 307.141928646327 307.119720884122 307.044613113211 306.918774845945 307.123968035281 307.281308259705 307.736531234611 307.309560417602 307.186327685308 307.210501673704 306.978179256828 306.916184311578 307.034190634738 306.665699680929 306.797698498487 306.758794231208 306.406733631837 306.02626172568 306.551812971262 307.23705003411 307.036454673339 307.474785221303 307.070132531324 307.190407307273 307.449759296103 307.792031764958 307.724024553779 307.249697069709 307.324221773214
302.356502507815 302.385059875147 302.209840530055 302.185130270211 302.285768411094 302.433688540855 308.489727350308 308.41960253272 308.764168834226 308.63020072668 308.322293042899 307.612890172785 307.626513992965 307.768339013098 307.511093383385 307.77107064004 307.265687022913 307.153675535988 307.181037692467 307.096684402082 307.138599022345 307.112938572221 306.873194408732 307.080559927776 -9999 306.974124886405 306.923261679158 307.609379263799 307.284604508099 307.111901211336 307.202243518667 307.218367393185 306.889089882832 306.879171355043 306.176461226877 306.827276476624 306.689451359304 306.355036179147 305.664522949938 306.258541083881 306.896359874039 306.699486873558 307.077155184041 307.248801180978 306.874765225629 307.174982307224 307.653147149573 307.633395824381 307.560638414721 307.460979930826
302.38722165922 302.252983608418 302.188972978976 302.288136654936 302.436043903321 302.34942478523 308.346394425625 308.43622328763 308.620269195793 308.672048724106 308.202035008452 307.582819562622 307.647324691429 307.790505617676 307.670451949831 307.627415030995 307.154845718307 307.178327583747 307.154429876565 306.969301230157 306.994618215969 306.752032053832 306.844621302853 306.498613776878 307.009549597785 306.516116178925 306.79493909447 307.365787947216 307.150332472964 306.981526570524 307.136789115182 307.385242671122 307.391009742558 306.933644309467 306.521997635307 306.161290585311 306.213711462289 306.450994126675 306.446970279444 306.197117610545 306.621707212257 306.72953892777 306.996110855989 307.28418398434 307.123404985385 306.900760068378 307.12864467475 307.328556885008 307.497848307004 307.442415212046
302.026272877353 302.286487205456 302.440565189132 302.471387422658 302.337165418504 302.155060774836 308.157959710328 308.660310481844 308.688497298486 307.955362981814 307.407277962305 307.734531999826 307.524867681829 307.38421975915 307.313929317974 307.359260769069 307.23949846413 307.403840800889 306.942007440046 307.022590678778 306.44383978105 306.157263752969 306.070401025536 306.114941056088 305.999123054374 306.389528463975 307.271355889884 307.047425095363 307.214453813167 306.976570097925 306.801904059359 306.777200483032 306.65274107324 306.590187814625 306.691298242493 306.833334274082 306.905251848432 306.720185500002 306.530246512552 305.522916912052 305.787073821869 306.748956367787 306.939832544765 306.903755365409 306.794218305834 306.759062314552 306.623202753372 307.20675031253 307.503045475726 307.404776143611
302.132996834366 302.43696126482 302.473209919681 302.338616638774 302.037483273856 302.08929298285 303.959090880024 308.616401816768 308.424368719637 307.407490225731 307.518241764046 307.638318704691 307.282946585653 307.093916545555 307.072185565749 307.103717503488 307.544806948788 307.199613766191 306.916143087258 306.943892481326 306.816937419859 306.177754636454 305.84843694114 306.263826902686 306.297546631937 306.204234258163 307.14072327755 307.033963690412 307.074865325826 306.708041310562 306.105299466372 305.958457850503 306.326144133996 306.619061522992 306.610924430463 306.730139066909 307.079787455609 307.116816839669 306.481218363448 305.797281433146 305.369324409231 306.267910729853 306.712723623055 306.844146313349 306.787637134605 306.834553694673 306.531847931543 306.651897734633 307.156573209204 307.288789676742
302.399352896726 302.354069659281 302.216972944893 302.035246436182 302.047409058023 302.194590767879 302.257194406789 -9999 -9999 307.520967781478 307.70541390496 307.564126939096 307.443601829409 307.018866930043 306.997661008247 307.094046730485 307.269391737199 307.076733205954 307.005840482332 306.989298522665 307.117462503869 306.603224254358 306.047702320666 306.289113962707 306.208415432733 306.125000770285 -9999 306.714119431524 -9999 306.747228694447 306.217441133204 305.582126484939 305.729237063967 306.451029525672 305.973391009922 306.571962684066 306.629686437593 -9999 306.606550288891 306.307431347369 305.787330748567 305.774481173547 306.068591321633 306.878723250078 306.882866465536 306.972141679 306.54925842286 306.421463898676 306.754161448272 307.402838011367
302.47130839596 302.179525883098 302.351457053774 302.296159525583 302.440562128986 302.709556881915 -9999 -9999 -9999 308.403658195152 307.608591732487 307.300191510844 307.277844275918 307.110448146611 307.089891061343 307.229707574363 306.977993361042 306.715660805402 307.14779833488 307.125566737958 307.027372289218 306.456549911195 306.236140598701 306.261561524325 306.077988624567 305.999119690784 306.965355271812 306.413643956738 306.8137440766 306.581423501928 306.428866082881 305.908938270549 305.443160048183 305.63919270572 305.620431550915 306.283086584844 305.717987272327 305.835132802482 306.664771193385 306.586245687784 305.789405828586 305.676644762208 306.310228346854 -9999 306.904000472258 306.843128051459 306.731383924913 306.484460164874 306.632407766163 307.416140208941
302.461427653867 302.361447911058 302.427124793663 302.652420246976 302.564573680622 -9999 -9999 -9999 -9999 308.715258000664 307.295309208594 307.177455992544 307.157756583596 307.483986152991 307.226529159165 307.021641212101 306.904750979165 306.648697083097 306.834882329129 307.034817434596 306.835855453823 306.286628150292 306.368625858907 306.133975768184 306.165545792983 306.042681200406 307.13103160717 306.976197162442 306.524292729691 306.435047249754 306.085795543701 305.728796096329 305.262344914687 304.834605872589 305.467484512248 305.82767944364 305.346319073357 305.453534136459 306.702314286767 306.098247959157 305.619989290786 305.749383271391 306.191261850165 306.490213923419 306.590025532902 306.731212402283 306.817745208841 306.417293002122 306.492903130224 307.15692696286
302.447377221902 302.671288407599 302.539569236694 302.96755932304 302.914811682362 -9999 -9999 -9999 -9999 304.476416633823 308.120195981257 307.152590776768 307.367587472035 307.60166511443 307.128462498414 306.668794488223 306.880883257969 306.901291569867 306.88027256561 306.847389142992 306.756424043857 306.151174584178 306.28425455128 306.057506075858 306.098717457594 306.285283756089 307.058903830759 307.032850000386 306.255238618754 306.652494269643 306.515350413174 305.553537061973 305.313558408242 305.090796467507 305.155302252589 305.33009030603 305.16422458844 305.800593404043 306.345118840889 306.068412992063 305.566122893848 305.388820340376 306.051372299601 306.46164855835 306.705686781669 306.832201920964 307.04051488761 306.802928500627 306.358090148075 306.61979239712
302.429199579951 302.983027984945 302.934818713637 302.927366282615 302.912065728514 302.566771632653 -9999 302.925198528771 -9999 302.781705070616 304.313658821807 308.06792421328 307.672663653092 307.691469579421 307.168540487935 306.660650424885 306.853453550633 306.873298531923 307.176918041688 306.781126863593 306.953822836376 306.184927568286 306.214759854829 306.145516526131 306.137995728442 306.352849352788 306.761206445806 306.796923842485 306.109987803829 306.328789129189 306.577774682923 305.229691557229 305.366482892598 305.300566151275 304.697802786244 304.941983057133 305.069145803446 306.054814887905 305.903016389634 305.911592437602 305.748671780202 305.461773960296 306.151661298078 306.159398867762 306.563708266802 306.802436517286 307.21170954866 306.699636641226 306.391341987318 306.272689554065
