rcp8.5models/MPI_ESM_LR/sc1gr6.23
NCOLS 261 
NROWS 433 
XLLCORNER 336357.134 
YLLCORNER 654653.479 
CELLSIZE 1000 
NODATA_value -3.4e+38 
[rows 154 to 175 of 433, columns 147 to 195 of 261]
809.665100097656 813.385559082031 817.479797363281 820.890686035156 824.902404785156 828.572204589844 832.967834472656 837.90234375 839.143676757812 840.127197265625 843.428894042969 849.566955566406 849.059326171875 853.665588378906 861.771728515625 859.265869140625 855.753295898438 858.966552734375 864.309997558594 859.891967773438 -3.4e+38 869.66357421875 867.338134765625 868.704956054688 868.942321777344 868.822021484375 868.526428222656 868.259765625 868.05712890625 867.507263183594 867.835876464844 867.928405761719 866.826782226562 863.257568359375 861.191650390625 859.894409179688 858.639953613281 856.37060546875 855.437744140625 855.164794921875 -3.4e+38 851.686828613281 850.500854492188 849.302673339844 847.827026367188 845.351013183594 844.667785644531 843.745361328125 842.806884765625
808.298095703125 811.448669433594 815.568420410156 819.286499023438 823.156799316406 827.171691894531 831.014892578125 835.371459960938 -3.4e+38 839.525085449219 843.35888671875 846.401733398438 844.774475097656 849.295227050781 856.599609375 851.813110351562 851.733093261719 854.897583007812 -3.4e+38 859.909606933594 865.785766601562 865.493103027344 864.781921386719 865.8251953125 866.317016601562 866.357666015625 866.169494628906 866.371398925781 866.376525878906 866.144409179688 866.759643554688 866.494812011719 865.244995117188 862.019775390625 860.457336425781 858.9033203125 857.557922363281 856.147888183594 855.497924804688 854.747375488281 853.385009765625 851.418884277344 850.498168945312 849.509643554688 847.700317382812 845.916625976562 844.963684082031 844.359069824219 844.067321777344
806.914245605469 810.320617675781 814.480346679688 818.203063964844 821.748107910156 825.859191894531 830.790771484375 832.976684570312 835.499206542969 839.139526367188 842.434326171875 843.452941894531 842.644775390625 845.974792480469 850.618469238281 848.338745117188 849.506042480469 853.319396972656 854.804443359375 -3.4e+38 867.118286132812 859.857299804688 862.816955566406 863.0908203125 863.705444335938 864.505493164062 864.361206054688 864.622375488281 864.482727050781 864.75927734375 865.318786621094 864.653259277344 863.973510742188 861.108764648438 859.17529296875 858.246887207031 -3.4e+38 856.078552246094 855.312377929688 854.163330078125 852.998107910156 851.670349121094 850.519836425781 849.249877929688 847.809509277344 846.210205078125 845.35693359375 844.865539550781 844.748474121094
805.403869628906 809.027099609375 813.806518554688 818.447692871094 821.880615234375 824.757446289062 829.138244628906 831.425903320312 834.868347167969 838.633483886719 842.084838867188 840.532958984375 840.149475097656 842.253601074219 844.938720703125 846.159423828125 849.162170410156 850.947143554688 852.47802734375 857.162963867188 861.537109375 857.489990234375 860.282165527344 860.454833984375 861.403442382812 862.326477050781 862.5498046875 862.942138671875 863.219909667969 864.076049804688 864.340454101562 862.929138183594 862.24755859375 859.591491699219 857.929138183594 857.895324707031 -3.4e+38 855.806823730469 855.075622558594 854.156066894531 852.843933105469 851.763854980469 850.662292480469 849.060180664062 847.353210449219 845.966003417969 845.356628417969 844.522277832031 844.224853515625
803.698059082031 807.155822753906 811.909973144531 817.375915527344 822.20166015625 824.78125 827.171752929688 830.199523925781 834.313110351562 839.445129394531 843.8916015625 839.765441894531 838.792846679688 838.998229980469 841.769897460938 844.576110839844 847.381042480469 848.018310546875 854.806518554688 861.639953613281 854.105895996094 855.190185546875 857.840454101562 858.6298828125 859.594177246094 860.351013183594 861.175537109375 861.574401855469 861.880126953125 862.965515136719 863.224487304688 862.11083984375 860.848937988281 857.816101074219 857.043518066406 857.039611816406 856.306823730469 855.058837890625 854.418029785156 853.479797363281 852.339416503906 851.724304199219 850.848083496094 849.370910644531 847.910888671875 846.673095703125 845.920532226562 844.838806152344 844.078857421875
802.263244628906 805.890563964844 810.862731933594 815.727233886719 820.380249023438 824.250610351562 826.897338867188 829.486755371094 832.813171386719 838.688049316406 843.4912109375 838.691650390625 837.430114746094 837.489013671875 839.993957519531 842.828247070312 845.072265625 -3.4e+38 852.90478515625 857.594299316406 851.654235839844 853.424865722656 855.770751953125 856.961181640625 858.237426757812 859.347412109375 860.410705566406 861.054077148438 860.752807617188 860.917663574219 860.655151367188 860.196350097656 859.326843261719 857.895568847656 857.065307617188 856.752258300781 855.993225097656 854.903930664062 854.326782226562 852.91748046875 851.948608398438 851.47314453125 850.358703613281 849.396667480469 848.262145996094 846.946899414062 846.844360351562 846.168640136719 845.158386230469
801.705993652344 804.815673828125 809.51953125 814.091064453125 817.785095214844 822.302124023438 827.710388183594 829.894592285156 833.229064941406 838.569091796875 839.636840820312 838.380981445312 836.37890625 836.952819824219 -3.4e+38 -3.4e+38 843.508483886719 -3.4e+38 847.193725585938 848.485717773438 850.557983398438 851.983520507812 853.983093261719 855.186828613281 856.642395019531 857.857543945312 859.208557128906 860.075988769531 860.296936035156 859.767944335938 859.180480957031 858.885620117188 858.221618652344 857.841125488281 857.381164550781 856.692687988281 855.661499023438 854.633361816406 854.171203613281 853.114135742188 852.369567871094 851.4384765625 849.918395996094 849.110290527344 848.400024414062 846.979675292969 847.079467773438 846.153991699219 845.567687988281
801.184143066406 803.077331542969 808.114074707031 811.149230957031 812.415283203125 817.178588867188 821.582153320312 828.370422363281 833.670043945312 835.930114746094 832.931884765625 830.87353515625 832.299072265625 834.064392089844 -3.4e+38 -3.4e+38 840.894348144531 843.005065917969 844.452514648438 846.033203125 847.30224609375 848.79833984375 851.673156738281 853.447021484375 854.478576660156 855.679443359375 856.300415039062 856.925170898438 857.525268554688 857.420959472656 856.463623046875 856.779235839844 857.127197265625 855.734008789062 855.016845703125 854.763061523438 854.632019042969 853.731811523438 853.280517578125 852.474548339844 851.365417480469 851.332275390625 851.035705566406 850.284301757812 850.174926757812 848.451843261719 848.194580078125 848.33642578125 847.817443847656
800.99658203125 802.303039550781 806.487060546875 808.338806152344 810.009155273438 813.133056640625 819.100036621094 824.547119140625 826.850708007812 829.176086425781 830.243896484375 829.116638183594 830.689147949219 -3.4e+38 -3.4e+38 -3.4e+38 839.736511230469 841.985717773438 842.589538574219 844.373291015625 846.453063964844 847.86767578125 850.50732421875 852.002563476562 853.278198242188 854.392883300781 -3.4e+38 855.467407226562 856.239196777344 856.721801757812 855.99755859375 856.580993652344 856.956726074219 854.464111328125 854.236755371094 854.522216796875 854.34912109375 853.510620117188 853.475036621094 852.527709960938 850.932006835938 851.143005371094 851.218688964844 850.288940429688 850.084655761719 849.443054199219 849.420043945312 848.814758300781 848.601684570312
799.875244140625 802.030090332031 804.953491210938 806.9384765625 809.225280761719 811.221862792969 814.791198730469 818.887084960938 820.551086425781 822.06982421875 825.3818359375 827.359191894531 829.073791503906 -3.4e+38 -3.4e+38 -3.4e+38 837.580322265625 840.176513671875 842.112121582031 843.571105957031 845.410705566406 846.6865234375 849.282897949219 850.868774414062 852.56298828125 853.870544433594 854.536010742188 854.920288085938 855.738159179688 856.100158691406 856.084838867188 856.493896484375 856.228698730469 853.603942871094 853.619140625 854.054016113281 853.958557128906 853.483337402344 853.545654296875 853.1044921875 851.845275878906 851.371826171875 851.232482910156 850.562683105469 850.470764160156 850.307739257812 850.089721679688 849.541259765625 849.541259765625
799.532592773438 801.303100585938 804.124755859375 805.107055664062 808.292297363281 810.442932128906 812.580444335938 814.908020019531 817.106323242188 819.79541015625 821.519958496094 825.738220214844 828.172180175781 -3.4e+38 -3.4e+38 834.591247558594 836.140686035156 838.134582519531 840.661315917969 842.887145996094 844.052185058594 845.405151367188 849.019714355469 850.240295410156 851.841613769531 853.797729492188 853.9853515625 854.3662109375 855.340087890625 855.31640625 855.274230957031 855.312927246094 854.410278320312 -3.4e+38 853.617431640625 853.873352050781 853.052124023438 852.766235351562 852.954284667969 853.294555664062 852.721557617188 852.117797851562 851.647277832031 851.583801269531 851.190612792969 850.50390625 850.402709960938 850.493103027344 849.995727539062
799.632873535156 800.647094726562 802.819946289062 804.961547851562 807.92236328125 810.082580566406 812.559631347656 815.295227050781 815.689819335938 818.023132324219 820.150573730469 824.248779296875 827.125854492188 830.061096191406 831.785095214844 833.488586425781 835.615844726562 837.184387207031 839.337341308594 841.456176757812 842.956665039062 844.536560058594 848.757751464844 850.052062988281 850.986267089844 853.033264160156 853.72412109375 853.992797851562 854.537902832031 854.266967773438 853.7529296875 853.542358398438 852.781555175781 853.299560546875 853.221374511719 853.321350097656 852.532592773438 852.146484375 852.679992675781 853.300964355469 853.556884765625 853.361938476562 853.029052734375 852.571350097656 851.951904296875 851.372863769531 850.553405761719 850.832763671875 850.775573730469
798.619079589844 799.777770996094 801.600769042969 804.701477050781 808.4248046875 809.711791992188 812.820129394531 816.79345703125 816.152038574219 817.220275878906 820.17236328125 823.896179199219 826.5498046875 829.667114257812 831.350036621094 833.2998046875 834.984069824219 836.572692871094 838.557373046875 840.022888183594 842.307006835938 844.182067871094 847.462524414062 848.60205078125 849.644409179688 850.872192382812 851.962707519531 853.464416503906 854.050964355469 852.772827148438 852.907897949219 -3.4e+38 852.312194824219 852.810852050781 -3.4e+38 853.32177734375 853.009704589844 852.679931640625 853.281311035156 853.003295898438 853.234802246094 853.060607910156 853.278381347656 852.959045410156 852.715759277344 852.841247558594 851.483764648438 851.749267578125 852.582092285156
796.632629394531 797.644470214844 800.742919921875 805.209899902344 808.373474121094 811.128723144531 816.194213867188 816.438354492188 815.714416503906 816.8388671875 819.50146484375 823.895324707031 825.920166015625 828.859680175781 830.670471191406 832.4296875 834.4296875 836.439392089844 838.490661621094 839.958435058594 842.020202636719 844.315612792969 846.966003417969 847.819763183594 848.607604980469 849.626953125 850.080688476562 851.980285644531 852.848754882812 851.85009765625 -3.4e+38 852.360046386719 851.8544921875 851.856567382812 852.037231445312 -3.4e+38 853.291625976562 853.355529785156 854.009094238281 853.713806152344 853.289367675781 852.847412109375 853.498779296875 854.000671386719 854.289306640625 853.5107421875 853.303161621094 853.603881835938 854.243957519531
794.841064453125 796.046936035156 800.530334472656 807.794006347656 810.871215820312 816.476501464844 819.869140625 814.358337402344 814.942932128906 816.206237792969 818.207763671875 822.614318847656 825.22412109375 827.894348144531 830.068725585938 831.117797851562 833.335266113281 835.410278320312 838.070129394531 839.692749023438 841.731201171875 844.017639160156 846.559265136719 847.443664550781 848.028930664062 848.974609375 848.85888671875 850.396545410156 851.180297851562 851.245056152344 -3.4e+38 852.294616699219 852.221618652344 852.155456542969 852.19189453125 852.625305175781 853.119934082031 853.5048828125 853.882202148438 854.114440917969 854.219604492188 853.792663574219 854.360168457031 854.902954101562 854.936096191406 855.0263671875 854.879211425781 855.1396484375 855.234252929688
793.708679199219 795.968566894531 800.951232910156 809.180725097656 814.927490234375 822.184448242188 823.644348144531 815.847106933594 815.470642089844 815.919616699219 816.78515625 822.371154785156 825.452392578125 826.740600585938 829.0546875 831.087707519531 832.604431152344 834.029296875 836.760986328125 838.8837890625 841.137573242188 843.37548828125 846.228637695312 847.191284179688 847.869995117188 848.723876953125 848.796875 849.399353027344 850.102661132812 850.645690917969 851.096740722656 851.970092773438 852.663024902344 852.924743652344 853.264221191406 853.366027832031 854.001708984375 854.445983886719 854.399841308594 854.26123046875 854.698669433594 854.350952148438 854.86962890625 855.325012207031 855.156555175781 856.565795898438 856.426574707031 856.160888671875 856.297424316406
793.300048828125 796.674133300781 799.97607421875 807.193908691406 815.866882324219 827.471313476562 829.501159667969 817.582214355469 814.474060058594 814.817077636719 816.414428710938 823.228393554688 825.196655273438 826.208801269531 828.520690917969 830.943969726562 832.567626953125 833.802490234375 -3.4e+38 837.705261230469 839.889770507812 841.784790039062 845.290161132812 846.74169921875 847.889282226562 849.21484375 849.73681640625 849.318359375 850.252746582031 850.63720703125 851.547546386719 852.939147949219 853.427368164062 852.243896484375 853.268981933594 854.015258789062 854.974243164062 855.133911132812 854.377136230469 854.552062988281 854.808410644531 854.85986328125 855.679626464844 856.271301269531 856.252197265625 857.051940917969 857.842712402344 857.321594238281 857.507446289062
794.173828125 797.495239257812 799.742797851562 805.429992675781 813.284606933594 821.89501953125 822.3876953125 815.584899902344 812.470520019531 813.686584472656 815.599243164062 822.440063476562 824.339172363281 826.495727539062 828.621520996094 829.913391113281 832.214111328125 833.717956542969 835.588195800781 837.223388671875 -3.4e+38 840.05859375 843.576232910156 845.653137207031 -3.4e+38 848.603942871094 849.432250976562 849.668090820312 850.372741699219 850.912536621094 852.118041992188 853.377685546875 853.418212890625 -3.4e+38 853.513549804688 854.062133789062 854.899291992188 855.381286621094 855.118835449219 855.450561523438 855.760925292969 856.263854980469 856.565734863281 856.728454589844 857.166381835938 858.054992675781 859.057189941406 859.454956054688 859.6572265625
794.580383300781 797.38525390625 799.928649902344 803.43701171875 810.838500976562 816.478454589844 811.488586425781 812.131408691406 811.493225097656 813.391235351562 815.166809082031 820.632873535156 822.817321777344 825.801574707031 827.762634277344 829.43896484375 831.564147949219 833.223571777344 835.349914550781 837.171203613281 839.046752929688 -3.4e+38 843.416809082031 845.03466796875 846.0283203125 847.464050292969 848.840087890625 850.26416015625 850.753295898438 851.730712890625 852.734558105469 853.5830078125 852.986450195312 -3.4e+38 853.781066894531 854.030639648438 854.96923828125 856.141174316406 856.767272949219 856.669677734375 857.33740234375 858.170593261719 858.136840820312 857.956359863281 858.8330078125 859.6474609375 860.262390136719 860.860046386719 861.756530761719
791.760864257812 794.171691894531 797.667175292969 800.8740234375 806.688903808594 814.025817871094 809.752136230469 809.568420410156 811.590698242188 816.7412109375 814.962890625 819.636535644531 820.69091796875 -3.4e+38 825.414855957031 828.116027832031 830.951538085938 832.812133789062 834.827392578125 836.613342285156 838.8232421875 840.3408203125 844.380920410156 845.500793457031 845.962646484375 846.877685546875 848.238647460938 849.280456542969 850.051879882812 851.248352050781 851.635681152344 852.494140625 852.939208984375 -3.4e+38 855.10498046875 856.386535644531 855.882141113281 856.637939453125 857.609436035156 858.489624023438 859.29052734375 859.801818847656 860.663818359375 861.379638671875 861.794372558594 862.043518066406 862.601135253906 864.272583007812 865.071411132812
790.036010742188 792.200744628906 797.096801757812 801.623596191406 802.863037109375 807.719421386719 809.533020019531 808.279052734375 810.528259277344 813.256958007812 813.612121582031 819.032165527344 820.580078125 823.467224121094 826.274963378906 828.894653320312 831.002868652344 833.112121582031 834.952697753906 836.976501464844 839.209228515625 840.672302246094 844.584045410156 845.890197753906 846.369079589844 847.474914550781 848.453369140625 849.170593261719 850.5009765625 851.550170898438 851.427429199219 851.997741699219 -3.4e+38 -3.4e+38 855.2841796875 856.853637695312 857.137573242188 857.515563964844 858.647399902344 859.489868164062 860.091857910156 861.091003417969 862.39404296875 863.490661621094 863.433044433594 863.205627441406 863.778198242188 864.846984863281 866.288879394531
788.598876953125 790.541564941406 795.279113769531 800.748962402344 801.088012695312 803.608093261719 807.910583496094 807.106140136719 809.478820800781 810.257385253906 812.3818359375 818.748291015625 820.864196777344 824.013916015625 826.930603027344 829.485290527344 831.079956054688 832.949645996094 835.072387695312 836.953247070312 839.21142578125 840.762634277344 843.713684082031 845.586059570312 846.925231933594 848.17724609375 849.069274902344 849.767761230469 850.661804199219 851.547485351562 852.380432128906 852.879638671875 853.437622070312 -3.4e+38 -3.4e+38 857.036437988281 858.051086425781 858.753540039062 860.225280761719 860.664733886719 860.874328613281 862.614685058594 863.780090332031 864.302490234375 864.453979492188 -3.4e+38 -3.4e+38 -3.4e+38 867.961730957031
