rcp8.5models/MPI_ESM_LR/sc1gr3.26
NCOLS 261 
NROWS 433 
XLLCORNER 336357.134 
YLLCORNER 654653.479 
CELLSIZE 1000 
NODATA_value -3.4e+38 
[rows 308 to 329 of 433, columns 147 to 195 of 261]
182.935256958008 184.909683227539 187.698013305664 198.360137939453 209.07926940918 215.493118286133 219.139068603516 225.654403686523 233.093460083008 227.086959838867 221.408111572266 232.374771118164 240.844589233398 233.069976806641 228.688995361328 219.146560668945 210.727233886719 210.423202514648 210.482376098633 210.071044921875 210.382080078125 214.584106445312 245.565338134766 245.582046508789 235.896606445312 227.044631958008 217.568283081055 215.800933837891 227.184677124023 238.082870483398 241.646957397461 223.264739990234 211.511444091797 198.627212524414 194.661956787109 198.389923095703 212.617065429688 220.679656982422 222.905044555664 223.543365478516 218.826370239258 226.524932861328 236.644515991211 236.459777832031 244.999771118164 256.948333740234 257.828979492188 257.509460449219 257.431518554688
180.642913818359 184.764907836914 189.486480712891 194.709671020508 204.774627685547 216.817749023438 221.233917236328 225.719985961914 226.851654052734 218.37760925293 217.780212402344 230.999053955078 237.100631713867 224.688232421875 224.167144775391 219.49543762207 209.36833190918 200.071136474609 197.718246459961 203.069900512695 211.298736572266 217.673736572266 242.814880371094 245.26237487793 236.820037841797 230.154006958008 221.709381103516 214.844909667969 219.64518737793 234.46875 241.497634887695 231.759582519531 217.485412597656 195.703125 193.021484375 195.727478027344 207.531890869141 218.105270385742 222.685653686523 222.735610961914 222.014541625977 233.105667114258 238.997451782227 234.82177734375 234.187835693359 255.527435302734 257.849487304688 257.316680908203 254.444778442383
184.59619140625 186.049118041992 189.299499511719 192.588668823242 202.877639770508 216.297836303711 223.407455444336 225.632461547852 219.673889160156 210.80419921875 216.189819335938 230.752593994141 234.550750732422 221.085327148438 220.529067993164 217.258499145508 206.106643676758 195.630813598633 195.124084472656 205.146942138672 216.900512695312 224.815734863281 243.281631469727 241.028259277344 234.246765136719 231.030990600586 226.396575927734 217.696228027344 214.98991394043 223.502105712891 235.618347167969 237.888961791992 224.557388305664 197.345626831055 193.417526245117 193.205917358398 201.379531860352 214.128967285156 222.763900756836 223.110275268555 223.254867553711 236.021438598633 242.681106567383 237.962692260742 234.379501342773 255.677093505859 257.743927001953 256.813690185547 253.511474609375
185.998550415039 186.133575439453 189.195693969727 193.673919677734 198.396789550781 205.829360961914 219.204360961914 223.576858520508 216.020263671875 210.710144042969 218.240646362305 233.550079345703 232.584411621094 222.088882446289 218.48420715332 211.693084716797 205.621871948242 200.971572875977 203.257049560547 212.572082519531 221.958251953125 230.434387207031 238.095565795898 234.870880126953 227.642684936523 222.25602722168 222.010726928711 216.448989868164 212.346969604492 214.059326171875 224.55908203125 237.747329711914 233.841766357422 199.998428344727 191.99089050293 191.689300537109 197.109527587891 209.25602722168 223.677719116211 222.926574707031 222.671875 235.911376953125 244.468338012695 240.899200439453 238.161895751953 256.833282470703 256.997283935547 256.598785400391 254.338012695312
184.777740478516 186.183410644531 188.853332519531 193.430267333984 197.173706054688 203.796035766602 214.622436523438 212.742797851562 207.868591308594 213.204376220703 221.087905883789 229.467407226562 230.748794555664 226.167068481445 218.267852783203 213.842620849609 214.529815673828 210.949279785156 210.98225402832 215.224273681641 222.030700683594 228.503555297852 228.419036865234 228.414611816406 220.022964477539 210.071670532227 212.646362304688 209.539108276367 207.570663452148 209.972915649414 217.786468505859 234.236953735352 236.263198852539 201.641174316406 193.636032104492 194.755828857422 199.384948730469 209.047210693359 223.446182250977 223.500732421875 225.391799926758 239.400863647461 244.53385925293 240.774215698242 240.436386108398 255.551330566406 255.928115844727 256.002044677734 253.866821289062
185.598281860352 184.777770996094 184.719848632812 189.117919921875 198.28694152832 199.318557739258 196.168350219727 191.364822387695 191.478302001953 199.6796875 205.775131225586 211.275054931641 221.708984375 229.09358215332 231.612075805664 228.107299804688 222.197387695312 217.774932861328 214.204208374023 210.174377441406 212.722671508789 216.083969116211 228.347259521484 226.195022583008 218.749969482422 215.947952270508 213.576950073242 210.077545166016 209.415313720703 206.277282714844 206.568252563477 219.076400756836 229.935684204102 210.144668579102 198.931289672852 195.520202636719 200.63720703125 211.782806396484 222.414749145508 224.862548828125 225.827194213867 236.538909912109 242.447036743164 240.123062133789 248.975875854492 253.896438598633 252.835754394531 254.546951293945 251.785583496094
182.364395141602 183.477066040039 183.860641479492 190.349807739258 195.508728027344 193.103790283203 190.853591918945 186.714385986328 187.790267944336 192.042343139648 195.663345336914 210.552276611328 219.953094482422 225.853378295898 229.155090332031 229.521881103516 221.355270385742 216.774124145508 216.437194824219 212.561996459961 212.884155273438 217.919891357422 229.319458007812 228.175735473633 225.547454833984 221.634490966797 215.000823974609 212.085067749023 209.25830078125 206.446166992188 203.523880004883 211.716506958008 225.457366943359 219.040878295898 205.735305786133 199.317153930664 199.429061889648 206.131408691406 222.408767700195 226.122406005859 226.155670166016 236.671905517578 242.062316894531 238.021209716797 248.902252197266 253.269378662109 252.818939208984 254.149536132812 252.577682495117
178.328521728516 184.546920776367 186.084060668945 189.219772338867 188.262664794922 187.045303344727 187.278045654297 189.720336914062 190.85334777832 193.519668579102 197.360443115234 215.987350463867 220.372222900391 223.666961669922 228.975860595703 225.822708129883 219.090576171875 216.242233276367 219.049133300781 216.332931518555 212.274291992188 216.921951293945 229.505828857422 229.199798583984 226.555160522461 223.137512207031 220.440414428711 217.02018737793 210.681060791016 206.376556396484 201.635818481445 205.961929321289 218.129837036133 226.185119628906 212.85139465332 204.951431274414 202.741958618164 206.261123657227 220.525192260742 224.309143066406 229.414611816406 240.052307128906 245.967315673828 242.130859375 248.957229614258 253.126602172852 253.892593383789 254.820602416992 254.138549804688
183.090866088867 186.398330688477 189.538635253906 188.601181030273 188.459381103516 188.634368896484 191.788848876953 198.747573852539 200.710357666016 201.716751098633 201.098510742188 214.172271728516 217.908813476562 223.473129272461 230.024627685547 221.01953125 215.498718261719 215.363159179688 219.302093505859 219.952270507812 216.08952331543 218.760803222656 225.764923095703 228.068740844727 221.230743408203 217.179885864258 222.047409057617 220.196105957031 215.17317199707 209.099426269531 201.374557495117 200.688705444336 213.398056030273 227.766815185547 217.67024230957 208.232620239258 204.650283813477 211.200973510742 222.187942504883 224.272338867188 234.334579467773 244.783477783203 249.580139160156 247.745590209961 249.951232910156 254.131088256836 254.760498046875 255.766189575195 255.627075195312
192.539489746094 193.183410644531 195.636505126953 195.49641418457 196.150039672852 195.037414550781 197.850616455078 204.73908996582 207.539733886719 208.671417236328 207.143630981445 216.786727905273 222.537673950195 224.260726928711 225.238540649414 216.644622802734 209.633697509766 210.547485351562 215.200241088867 221.460067749023 221.633651733398 221.456985473633 221.351577758789 225.956283569336 220.701309204102 213.722137451172 217.374465942383 217.469436645508 215.488479614258 208.987930297852 203.866973876953 204.132461547852 214.531463623047 225.506469726562 220.983612060547 210.601715087891 205.588256835938 216.17008972168 227.190902709961 230.826950073242 238.456207275391 248.26448059082 250.492660522461 249.477294921875 252.060501098633 255.415542602539 254.21598815918 255.502380371094 257.210968017578
199.428039550781 201.629455566406 202.379211425781 203.039367675781 203.307815551758 202.598236083984 203.657867431641 207.588424682617 208.812088012695 210.452819824219 211.261856079102 219.834182739258 224.344757080078 220.185638427734 217.975677490234 210.322463989258 203.731994628906 204.461563110352 210.70344543457 221.661895751953 222.763641357422 220.350570678711 221.668991088867 224.007949829102 223.024047851562 216.615432739258 208.667572021484 205.173156738281 206.003829956055 202.393005371094 204.724792480469 211.598510742188 218.076766967773 222.471557617188 218.093322753906 209.269378662109 204.325286865234 213.217178344727 224.99690246582 230.469604492188 238.194259643555 247.010162353516 250.177642822266 248.972442626953 253.446624755859 256.218841552734 253.753997802734 254.665283203125 257.657531738281
200.950790405273 204.934677124023 206.02978515625 206.643966674805 206.633209228516 207.531295776367 208.019195556641 207.88053894043 208.653411865234 209.121856689453 209.034866333008 217.848663330078 218.323654174805 211.988723754883 209.770385742188 206.218170166016 202.258239746094 203.91423034668 210.936798095703 218.473175048828 221.131195068359 218.95458984375 218.561676025391 222.210693359375 222.176742553711 216.961502075195 205.608474731445 195.456817626953 189.651382446289 190.070846557617 203.776214599609 212.095306396484 217.105346679688 219.619445800781 210.600479125977 205.738906860352 207.730194091797 213.992156982422 219.918167114258 224.469375610352 233.306030273438 243.726119995117 248.469360351562 249.323822021484 253.484405517578 256.726348876953 255.232192993164 256.016204833984 258.576324462891
198.888320922852 203.030532836914 205.198135375977 205.314819335938 205.368530273438 207.277786254883 206.988647460938 205.740478515625 207.422409057617 207.628082275391 207.061111450195 215.228118896484 213.85954284668 207.172454833984 203.607299804688 202.638336181641 201.599517822266 206.046340942383 212.492736816406 211.1669921875 218.774597167969 219.639831542969 212.002365112305 217.289779663086 221.473815917969 217.334259033203 208.950561523438 196.057968139648 181.471725463867 180.236923217773 199.215148925781 209.267547607422 213.806716918945 218.457504272461 213.317031860352 212.436676025391 216.963531494141 222.299758911133 219.98112487793 225.558212280273 236.174255371094 243.593719482422 247.545135498047 250.859924316406 253.079391479492 256.710723876953 256.929840087891 258.337677001953 259.771392822266
200.63525390625 203.189086914062 204.926818847656 204.710388183594 204.746063232422 206.3544921875 205.116088867188 203.235321044922 204.827941894531 206.144775390625 206.466888427734 215.621017456055 210.451934814453 205.359283447266 201.462387084961 200.693450927734 200.769653320312 204.526962280273 208.088150024414 205.581527709961 215.412567138672 220.699096679688 207.43669128418 211.024291992188 217.869552612305 215.947631835938 210.035034179688 199.596267700195 183.614120483398 175.813018798828 189.11653137207 203.169174194336 211.728729248047 215.022308349609 219.569671630859 223.755462646484 224.26237487793 229.01953125 224.659378051758 229.067886352539 241.253967285156 244.575668334961 248.307342529297 251.415008544922 253.730560302734 256.674682617188 257.915588378906 258.674621582031 259.760101318359
203.082275390625 205.417205810547 206.054275512695 206.306457519531 205.580123901367 206.029449462891 204.602935791016 202.869476318359 204.337478637695 206.208801269531 207.211410522461 217.122009277344 210.309280395508 202.624099731445 199.942764282227 200.735488891602 201.843109130859 202.177932739258 202.099960327148 201.492156982422 208.348937988281 218.126724243164 211.524856567383 210.093139648438 211.494827270508 209.725204467773 204.999206542969 198.618881225586 189.325424194336 180.099151611328 182.961364746094 195.837478637695 208.282150268555 209.632736206055 218.247360229492 226.566787719727 231.994934082031 234.944793701172 231.684387207031 234.3076171875 242.334884643555 244.789184570312 248.71647644043 251.334777832031 255.00666809082 256.407012939453 256.280242919922 255.901473999023 259.284149169922
202.205581665039 205.116760253906 205.960723876953 206.529815673828 206.527557373047 206.962219238281 206.274475097656 204.837707519531 207.164794921875 208.490280151367 209.351593017578 214.931076049805 209.700408935547 201.372024536133 199.212646484375 200.983688354492 202.660110473633 201.099807739258 199.782073974609 198.180282592773 201.291793823242 208.903778076172 215.264633178711 212.98876953125 209.010147094727 204.752532958984 195.542907714844 189.137557983398 188.365615844727 187.2431640625 190.093368530273 199.412261962891 205.900512695312 209.818328857422 218.367767333984 224.578170776367 234.381210327148 239.003158569336 238.027465820312 238.474533081055 242.375091552734 244.496368408203 247.348892211914 250.539520263672 253.796844482422 254.819458007812 254.170227050781 255.321899414062 259.819671630859
198.315551757812 202.393630981445 203.892196655273 204.893020629883 205.346862792969 206.299057006836 207.635559082031 207.472869873047 208.796615600586 208.155654907227 208.543441772461 211.086685180664 208.201385498047 201.103134155273 199.391708374023 200.466445922852 201.339996337891 200.099060058594 198.229446411133 196.09733581543 197.824005126953 200.37809753418 211.515548706055 215.653182983398 211.917297363281 204.775238037109 194.04069519043 185.442199707031 184.490661621094 190.873580932617 198.818756103516 206.747055053711 210.951232910156 211.319076538086 221.138290405273 225.999069213867 232.716918945312 240.344833374023 241.387130737305 239.389572143555 241.602905273438 244.040130615234 246.243194580078 250.470947265625 251.551162719727 254.39680480957 255.278274536133 258.095428466797 260.772705078125
194.422943115234 199.919799804688 201.869400024414 203.600769042969 204.861358642578 204.975051879883 204.658493041992 204.463363647461 204.648376464844 201.447570800781 200.375259399414 208.856826782227 206.36393737793 203.15934753418 200.147430419922 198.576034545898 198.921951293945 201.889694213867 205.909118652344 208.104263305664 206.789978027344 208.178161621094 213.407043457031 212.257904052734 208.811279296875 209.596694946289 206.078811645508 201.416137695312 189.934600830078 189.675308227539 200.247329711914 207.520645141602 212.098602294922 225.503707885742 224.306671142578 225.669235229492 235.009857177734 242.539962768555 243.466461181641 242.247329711914 242.561096191406 245.599243164062 245.217208862305 248.755645751953 250.826766967773 255.801132202148 256.90625 258.218627929688 259.97900390625
199.095672607422 200.831848144531 202.438049316406 203.399368286133 203.594818115234 204.503601074219 202.793594360352 201.569046020508 202.660491943359 201.905395507812 200.755630493164 206.414962768555 204.072189331055 202.954406738281 200.154098510742 196.207138061523 194.856216430664 197.145111083984 202.697280883789 206.262298583984 209.416580200195 213.132934570312 211.233413696289 210.469360351562 206.593688964844 209.072998046875 210.047988891602 203.621673583984 190.597030639648 190.026397705078 194.783340454102 198.935348510742 203.919509887695 227.988204956055 230.647018432617 231.478988647461 236.035247802734 243.239364624023 244.534591674805 243.947647094727 245.166580200195 248.405822753906 246.964431762695 249.543441772461 252.005416870117 255.343566894531 255.554153442383 257.707916259766 259.849761962891
198.897583007812 200.334289550781 201.062942504883 200.086517333984 200.186782836914 202.331024169922 200.080383300781 199.327194213867 200.103378295898 201.144775390625 202.128677368164 205.130615234375 202.563171386719 201.526184082031 199.182266235352 195.618759155273 193.238433837891 193.274551391602 197.357635498047 201.990600585938 207.999725341797 208.957641601562 209.484832763672 208.571548461914 206.949264526367 208.225738525391 208.809875488281 202.768859863281 193.853729248047 192.416656494141 195.918975830078 197.73486328125 205.307662963867 226.986236572266 232.467437744141 238.361480712891 238.824478149414 242.975341796875 246.621459960938 247.113418579102 248.783920288086 250.725173950195 250.851287841797 251.526443481445 253.254974365234 254.477890014648 253.262405395508 256.473022460938 257.855163574219
194.003860473633 197.065490722656 198.550231933594 197.277084350586 197.696228027344 198.873779296875 197.514739990234 197.811950683594 198.837646484375 200.428329467773 202.864776611328 205.438827514648 204.596115112305 202.075668334961 199.714797973633 197.4462890625 195.12483215332 193.267852783203 197.532974243164 206.522338867188 207.804504394531 205.265014648438 215.470916748047 211.400024414062 212.995193481445 210.613189697266 204.852294921875 200.34260559082 193.599090576172 193.346313476562 201.512451171875 206.819610595703 213.934127807617 226.962921142578 232.164810180664 238.997817993164 242.652374267578 245.076965332031 246.556427001953 247.79850769043 249.597076416016 250.922561645508 251.921768188477 252.896362304688 253.638580322266 251.780487060547 251.623962402344 253.295394897461 253.965393066406
191.653671264648 195.171768188477 196.366409301758 197.186660766602 196.842788696289 196.75910949707 197.169570922852 197.161346435547 197.575057983398 199.606201171875 202.796264648438 203.731872558594 204.475936889648 203.553253173828 201.853515625 200.231170654297 196.924728393555 195.473175048828 201.075393676758 208.999328613281 204.98991394043 203.610305786133 217.977264404297 224.00114440918 223.290908813477 215.209762573242 207.659866333008 203.76252746582 194.094940185547 192.119293212891 204.314865112305 212.944473266602 219.115356445312 225.070785522461 232.934219360352 240.503448486328 242.099075317383 244.474090576172 243.268707275391 245.828720092773 248.010101318359 249.528396606445 251.412689208984 253.692459106445 254.007659912109 249.441680908203 249.833129882812 250.208358764648 252.329406738281
