rcp8.5models/MPI_ESM_LR/sc1gr7.17
NCOLS 261 
NROWS 433 
XLLCORNER 336357.134 
YLLCORNER 654653.479 
CELLSIZE 1000 
NODATA_value -3.4e+38 
[rows 154 to 175 of 433, columns 49 to 97 of 261]
111.636070251465 111.362289428711 111.214515686035 110.799270629883 110.601005554199 110.32120513916 109.851249694824 109.017768859863 108.552108764648 108.557762145996 108.341720581055 108.247787475586 107.96475982666 107.51806640625 107.28125 107.018905639648 106.723411560059 106.367141723633 105.741439819336 105.526138305664 105.211860656738 104.975944519043 104.523933410645 104.177879333496 103.780220031738 103.248268127441 102.887084960938 102.64525604248 102.451667785645 101.81640625 101.547653198242 101.257873535156 101.003044128418 100.544082641602 100.398010253906 100.082305908203 99.8104476928711 99.5376892089844 99.3417816162109 99.2402496337891 99.0003356933594 98.672233581543 98.6563110351562 98.5609588623047 98.3123397827148 98.2926635742188 98.2489700317383 98.1555786132812 98.0337219238281
111.541961669922 111.122932434082 110.980560302734 110.608856201172 110.403839111328 110.097534179688 109.676750183105 108.932594299316 108.158187866211 108.596290588379 108.244285583496 108.035507202148 107.679748535156 107.499420166016 107.24772644043 106.969169616699 106.581504821777 106.120010375977 105.657485961914 105.386589050293 104.826202392578 104.819900512695 104.250007629395 103.880996704102 103.479995727539 103.01838684082 102.636573791504 102.526191711426 102.181610107422 101.759819030762 101.484046936035 101.113220214844 100.819458007812 100.512641906738 100.267150878906 99.9822845458984 99.7765579223633 99.4750289916992 99.2334289550781 99.081298828125 98.9511566162109 98.601921081543 98.5092468261719 98.3991851806641 98.1230926513672 98.2022857666016 98.221549987793 98.0760040283203 98.0036926269531
111.239273071289 110.94554901123 110.76180267334 110.676261901855 110.225791931152 109.929985046387 109.443702697754 108.492012023926 108.12126159668 108.26033782959 107.981758117676 107.574653625488 107.33846282959 107.081092834473 106.980102539062 106.668655395508 106.11206817627 105.838989257812 105.387435913086 104.96720123291 104.639274597168 104.420928955078 104.07054901123 103.748344421387 103.249885559082 102.88533782959 102.594596862793 102.376022338867 -3.4e+38 101.741523742676 101.421325683594 101.01692199707 100.748657226562 100.54736328125 100.29296875 99.9491577148438 99.7876510620117 99.4466934204102 99.2008972167969 98.8463134765625 98.8139877319336 98.3456573486328 98.3141784667969 98.2684555053711 98.0973892211914 98.1428833007812 98.1153335571289 97.9499206542969 97.9107513427734
110.517280578613 110.482460021973 110.290794372559 110.014854431152 109.700637817383 109.364593505859 109.01097869873 108.336479187012 108.022537231445 107.885330200195 107.758804321289 107.271934509277 107.117431640625 106.855033874512 106.662040710449 106.341804504395 105.854141235352 105.643951416016 105.006721496582 104.624824523926 104.448135375977 104.173728942871 103.974380493164 103.612190246582 103.211708068848 102.822662353516 102.540870666504 102.331237792969 102.113136291504 101.535873413086 101.242668151855 101.046592712402 100.7724609375 100.45255279541 100.272689819336 99.8469467163086 99.606201171875 99.1864776611328 98.9136428833008 98.6049041748047 98.5306243896484 98.0907821655273 98.0189743041992 98.0236282348633 97.8229675292969 97.8544845581055 97.7899322509766 97.8684692382812 97.8467407226562
110.150550842285 110.093879699707 110.103973388672 109.692359924316 109.327346801758 109.144966125488 108.740447998047 108.27742767334 107.833976745605 107.407829284668 107.299964904785 106.899856567383 107.024047851562 106.736289978027 106.415237426758 106.225898742676 105.801681518555 105.552978515625 104.77018737793 104.365997314453 104.231307983398 104.058433532715 103.869911193848 103.598518371582 103.21053314209 102.789184570312 102.41178894043 102.079566955566 102.042297363281 101.453231811523 101.111953735352 100.923095703125 100.674179077148 100.320068359375 100.151412963867 99.5484771728516 99.2574920654297 99.0391540527344 98.7200088500977 98.5760116577148 98.3590087890625 98.0000076293945 97.8439636230469 97.7929153442383 97.5978164672852 97.5803756713867 97.5264739990234 97.6071853637695 97.8149490356445
109.879066467285 109.987602233887 109.985176086426 109.510536193848 109.35523223877 109.059692382812 108.265930175781 107.886245727539 107.487426757812 107.188415527344 106.780136108398 106.623222351074 106.461761474609 106.326858520508 106.245178222656 105.765960693359 105.578506469727 105.557319641113 104.596664428711 104.27685546875 104.012100219727 104.056304931641 103.713798522949 103.421585083008 102.899803161621 102.599662780762 102.245307922363 101.813362121582 101.686851501465 101.157501220703 100.855392456055 100.551956176758 100.470413208008 100.181228637695 99.8764266967773 99.461311340332 99.1660232543945 99.0976791381836 98.7812423706055 98.5952529907227 98.3822250366211 97.9687805175781 97.7657623291016 97.6747665405273 97.5443572998047 97.4340972900391 97.4210586547852 97.3126754760742 97.4974670410156
109.618751525879 109.66088104248 109.576736450195 109.16138458252 108.92505645752 108.65697479248 108.29222869873 107.694732666016 107.400733947754 107.049575805664 106.53247833252 106.390830993652 106.187255859375 106.092887878418 105.728614807129 105.434761047363 105.369293212891 105.133903503418 -3.4e+38 104.139297485352 103.804077148438 103.718063354492 103.502754211426 103.146118164062 102.65234375 102.422332763672 102.080558776855 101.733245849609 101.462013244629 100.975608825684 100.599838256836 100.440223693848 100.327537536621 100.05354309082 99.6636276245117 99.4563903808594 99.2286376953125 99.0556106567383 98.7857437133789 98.5578079223633 98.3311920166016 97.9072952270508 97.7191467285156 97.545524597168 97.4476623535156 97.3695602416992 97.2974624633789 97.2039642333984 97.3218841552734
109.14714050293 109.002906799316 109.191467285156 108.984855651855 108.691452026367 108.436828613281 108.031402587891 107.150772094727 106.847213745117 106.371459960938 106.381805419922 106.207847595215 105.726440429688 105.533477783203 105.622871398926 105.115837097168 105.060531616211 104.79044342041 104.264015197754 103.800918579102 103.709663391113 103.455764770508 103.173461914062 102.95329284668 102.653137207031 102.303268432617 102.028923034668 101.667663574219 101.269035339355 100.857368469238 100.612274169922 100.331115722656 99.9752349853516 99.9300537109375 99.7060852050781 99.3271713256836 99.1898498535156 98.930305480957 98.5801544189453 98.4561004638672 98.2126998901367 97.7459945678711 97.5727691650391 97.4072036743164 97.2564086914062 97.177116394043 97.169677734375 97.2164306640625 97.0890274047852
108.916603088379 108.90950012207 109.31241607666 109.053909301758 108.53288269043 107.968505859375 107.626304626465 107.010032653809 106.70645904541 106.296020507812 106.28441619873 106.129776000977 105.63126373291 105.377334594727 105.279830932617 104.91918182373 104.785469055176 104.527084350586 104.048942565918 103.633193969727 103.38680267334 103.208992004395 102.840270996094 102.593032836914 102.251770019531 102.119750976562 101.758010864258 101.409553527832 101.099716186523 100.544143676758 100.288772583008 100.111671447754 99.8563995361328 99.9132690429688 99.5705795288086 99.3475189208984 99.0811080932617 98.8897552490234 98.6208724975586 98.4254684448242 98.1281661987305 97.7290802001953 97.5409851074219 97.0990142822266 97.1281585693359 97.1725921630859 97.116081237793 97.0856246948242 97.0311050415039
108.760917663574 108.92073059082 108.886993408203 108.68522644043 108.382507324219 107.890090942383 107.679908752441 106.941619873047 106.637466430664 106.234428405762 106.132431030273 105.999351501465 105.646827697754 105.329566955566 105.124694824219 104.750129699707 104.497833251953 104.308456420898 103.819633483887 103.496505737305 103.265716552734 103.063903808594 102.686111450195 102.461471557617 102.134613037109 101.87427520752 101.560089111328 101.310035705566 101.074714660645 100.33324432373 100.116584777832 99.9494934082031 99.7220840454102 99.674201965332 99.5847473144531 99.1954956054688 98.8419952392578 98.6842956542969 98.36669921875 98.4188461303711 98.1423721313477 97.5199356079102 97.3692245483398 97.0485305786133 97.0088806152344 96.9596710205078 96.9552612304688 96.9982833862305 96.9655227661133
109.049446105957 108.823822021484 108.662246704102 108.550964355469 108.133186340332 107.788246154785 107.265258789062 106.840446472168 106.592163085938 106.294410705566 106.188461303711 105.907936096191 105.59188079834 105.167869567871 104.990982055664 104.705917358398 104.458442687988 104.142219543457 103.721199035645 103.444091796875 103.249664306641 102.914436340332 102.628387451172 102.450096130371 102.079124450684 101.739219665527 101.540168762207 101.301597595215 101.067588806152 100.342384338379 100.197418212891 99.9116897583008 99.7112045288086 99.5795364379883 99.4833526611328 99.0154647827148 98.8236846923828 98.565803527832 98.2612915039062 98.2711563110352 98.0218658447266 97.4692687988281 97.2150268554688 97.0552368164062 96.8878784179688 96.6655044555664 96.757209777832 96.9951705932617 96.9987106323242
109.107963562012 108.852088928223 108.556228637695 108.205642700195 107.576812744141 107.28254699707 106.966026306152 106.637908935547 106.451225280762 106.129760742188 106.147850036621 105.638442993164 105.465270996094 105.028831481934 104.737350463867 104.472984313965 104.121139526367 103.772247314453 103.42546081543 103.088119506836 102.830375671387 102.518211364746 102.336730957031 102.101272583008 102.035835266113 101.826148986816 101.58203125 101.373100280762 101.019386291504 100.360473632812 100.158668518066 99.9553146362305 99.7073516845703 99.5483169555664 99.4025115966797 99.0441360473633 98.8168106079102 98.4357452392578 98.3248291015625 98.0815048217773 97.8264846801758 97.4914169311523 97.229377746582 97.053092956543 96.9611740112305 96.7269821166992 96.6570053100586 96.9421920776367 97.1028289794922
109.00496673584 108.45336151123 108.208557128906 107.953880310059 107.41332244873 107.067222595215 106.876838684082 106.529174804688 106.327850341797 105.991661071777 105.899742126465 105.447357177734 105.278610229492 104.941055297852 104.600128173828 104.322692871094 104.008247375488 103.723625183105 103.213066101074 102.88037109375 102.704406738281 102.434036254883 102.184181213379 101.914909362793 101.767295837402 101.609016418457 101.464027404785 -3.4e+38 100.704917907715 100.185394287109 99.9917449951172 100.008796691895 99.8256988525391 99.52294921875 99.4163131713867 99.1199111938477 98.795654296875 98.485710144043 98.3747329711914 98.0251541137695 97.8751907348633 97.5038833618164 97.3207321166992 97.1447677612305 97.0572891235352 96.8860244750977 96.8312225341797 96.9683456420898 97.1964416503906
108.680587768555 108.334175109863 107.958908081055 107.67813873291 107.279563903809 107.005905151367 106.920593261719 106.484901428223 106.23323059082 105.948867797852 105.78190612793 105.489067077637 105.232643127441 104.92017364502 104.66202545166 104.280113220215 103.993957519531 103.476806640625 103.236999511719 103.006103515625 102.751113891602 102.391227722168 102.249130249023 101.888412475586 101.627922058105 101.429672241211 101.25594329834 100.948303222656 100.663246154785 100.105781555176 99.8068084716797 99.8420257568359 99.6875839233398 99.5334167480469 99.3999633789062 99.0917892456055 98.8572235107422 98.5801773071289 98.3011627197266 98.0868301391602 97.9344482421875 97.5721054077148 97.3995132446289 97.2362747192383 97.1191711425781 97.0474243164062 97.1613464355469 97.2224884033203 97.2823944091797
108.619773864746 108.335182189941 107.821434020996 107.525985717773 107.164329528809 106.737739562988 106.625 106.261787414551 106.142646789551 105.825866699219 105.663391113281 105.311393737793 105.168617248535 104.845756530762 104.435615539551 104.006355285645 103.639175415039 103.284042358398 103.177452087402 103.097427368164 102.851577758789 102.407875061035 102.331939697266 102.039169311523 101.760078430176 101.45987701416 101.218971252441 101.044219970703 100.708168029785 100.066207885742 99.8913879394531 99.732048034668 99.5323333740234 99.5220260620117 99.4211502075195 99.170051574707 98.9753646850586 98.6741485595703 98.3821563720703 98.2217178344727 98.0332489013672 97.6841583251953 97.5520401000977 97.3684997558594 97.2874984741211 97.4900894165039 97.4493865966797 97.5042877197266 97.4004592895508
108.271171569824 107.951812744141 107.670036315918 107.36612701416 107.104431152344 106.63655090332 106.507102966309 106.020370483398 106.006454467773 105.667350769043 105.408821105957 105.064254760742 104.792549133301 104.609245300293 104.270126342773 103.764167785645 103.603385925293 103.379600524902 103.083763122559 102.853668212891 -3.4e+38 102.32332611084 102.150108337402 101.907379150391 101.683380126953 101.321655273438 101.211090087891 100.987060546875 100.688201904297 100.150497436523 100.008392333984 99.7368240356445 99.5169830322266 99.4197082519531 99.3122329711914 98.9463348388672 98.7900009155273 98.746711730957 98.6118011474609 98.3433151245117 98.2034225463867 97.8439483642578 97.6631011962891 97.4447402954102 97.4072570800781 97.5725555419922 97.6380844116211 97.6306838989258 97.577751159668
108.075645446777 107.699394226074 107.487770080566 107.29679107666 107.178146362305 106.778060913086 106.518035888672 106.120628356934 105.915878295898 105.618934631348 105.399208068848 105.087257385254 104.625999450684 104.510185241699 104.215553283691 103.797645568848 103.652061462402 103.480491638184 103.074516296387 102.939086914062 102.534149169922 102.283264160156 101.995910644531 101.722290039062 101.615158081055 101.296455383301 101.048759460449 100.666053771973 100.602210998535 99.9816665649414 100.046875 99.8138198852539 99.5724411010742 99.4462814331055 99.2570114135742 98.9325256347656 98.7627182006836 98.6069717407227 98.5014266967773 98.3926315307617 98.2490005493164 97.8950424194336 97.7183456420898 97.5170669555664 97.5845565795898 97.7748184204102 97.8433990478516 97.876708984375 97.7743911743164
107.799156188965 107.682487487793 107.52653503418 107.075386047363 106.787010192871 106.665092468262 106.52938079834 106.154373168945 105.679061889648 105.353797912598 105.174743652344 104.910217285156 104.362785339355 104.183799743652 103.834213256836 103.803985595703 103.685508728027 103.192481994629 103.087303161621 102.952781677246 -3.4e+38 102.445114135742 102.113540649414 101.863647460938 101.607330322266 101.277114868164 100.96460723877 100.742698669434 100.461769104004 99.9584426879883 99.9523239135742 99.9727096557617 99.7395477294922 99.4617462158203 99.2498474121094 98.989143371582 98.7891845703125 98.5790405273438 98.4793243408203 98.2793197631836 98.1674499511719 97.9951095581055 97.866096496582 97.6414642333984 97.6583862304688 97.7785797119141 97.9606399536133 98.0157012939453 97.9037322998047
107.480270385742 107.262992858887 107.130561828613 106.89867401123 106.753829956055 106.31925201416 106.146217346191 105.863647460938 105.510437011719 105.117797851562 105.013900756836 104.806861877441 104.445663452148 104.153915405273 103.879844665527 103.799224853516 103.609703063965 103.152473449707 102.902519226074 102.889663696289 102.773345947266 102.441970825195 102.153579711914 101.959205627441 101.58283996582 101.318305969238 101.012939453125 100.818992614746 100.619209289551 100.048248291016 99.8569564819336 99.6885833740234 99.5374984741211 99.324462890625 -3.4e+38 99.0029449462891 98.7415313720703 98.6109313964844 98.4836349487305 98.283576965332 98.0962219238281 98.0723037719727 97.981071472168 97.7653503417969 97.7249603271484 97.7794647216797 98.0227127075195 98.0521926879883 97.9487762451172
106.944412231445 106.769706726074 106.547096252441 106.513366699219 105.921661376953 105.790008544922 105.672233581543 105.406272888184 105.26473236084 105.214057922363 105.010780334473 104.763153076172 104.261306762695 103.909103393555 103.848083496094 103.701461791992 103.399238586426 103.455047607422 102.856369018555 102.681083679199 102.459915161133 102.182556152344 101.819458007812 101.635345458984 101.371559143066 101.282081604004 101.040390014648 100.713645935059 100.456977844238 100.256820678711 100.083694458008 99.621940612793 99.4316940307617 99.1340179443359 99.057991027832 98.8254318237305 98.6988143920898 98.8848190307617 98.6775283813477 -3.4e+38 98.2956008911133 98.0009613037109 98.1681594848633 98.0133209228516 97.9706573486328 97.8246307373047 97.8681869506836 98.0271224975586 98.1153182983398
106.825820922852 106.711448669434 106.528343200684 106.427680969238 106.112525939941 105.81901550293 105.696517944336 105.286521911621 105.209564208984 104.958168029785 104.832794189453 104.557922363281 104.183639526367 103.791603088379 103.719184875488 103.599128723145 103.248031616211 103.312431335449 102.969947814941 102.712142944336 102.506065368652 102.276382446289 101.924980163574 101.688407897949 101.435028076172 101.366157531738 101.13688659668 100.813636779785 100.601844787598 100.257186889648 99.9143829345703 99.7384643554688 99.5302200317383 99.2732162475586 99.1665573120117 98.9626998901367 98.7352447509766 98.8317031860352 98.7042922973633 98.5148773193359 98.3661270141602 98.1256790161133 98.0185470581055 97.9032821655273 98.0864105224609 98.0221633911133 97.8733139038086 97.9078216552734 97.9599761962891
106.603530883789 106.394752502441 106.331634521484 106.250015258789 106.146469116211 105.604568481445 105.449996948242 105.155120849609 105.144607543945 104.891571044922 104.748001098633 104.359405517578 104.158836364746 103.92301940918 103.721542358398 103.475326538086 103.305755615234 103.231918334961 102.768562316895 102.586883544922 102.393081665039 102.088401794434 101.868263244629 101.561508178711 101.562622070312 101.397911071777 101.217056274414 100.910797119141 100.806999206543 100.200759887695 99.8191909790039 99.7146682739258 99.5196304321289 99.4453506469727 99.19384765625 98.9550552368164 98.8238296508789 98.7124862670898 98.5066604614258 98.486213684082 98.4526290893555 98.2605133056641 98.0071411132812 97.8852615356445 97.99169921875 98.0132827758789 97.900749206543 97.9226150512695 97.8405303955078
