rcp8.5models/MPI_ESM_LR/sc1gr6.17
NCOLS 261 
NROWS 433 
XLLCORNER 336357.134 
YLLCORNER 654653.479 
CELLSIZE 1000 
NODATA_value -3.4e+38 
[rows 286 to 307 of 433, columns 98 to 146 of 261]
3083.66137695312 3070.66333007812 3065.86669921875 3027.81420898438 3015.115234375 3003.9599609375 2996.9140625 2981.3642578125 2957.13598632812 2945.62084960938 2947.27172851562 2976.72900390625 3043.03393554688 3079.728515625 2899.43896484375 2880.67309570312 2814.18823242188 2783.8037109375 2751.10327148438 2676.82250976562 2588.39721679688 2688.10327148438 2930.74243164062 3025.96166992188 3111.19677734375 3135.44018554688 2903.81494140625 2802.33935546875 2718.67846679688 2708.40161132812 2617.89282226562 2540.05932617188 2676.95458984375 2704.7236328125 2724.69482421875 2676.97583007812 2584.8583984375 -3.4e+38 -3.4e+38 2816.55590820312 2850.72924804688 -3.4e+38 -3.4e+38 3018.50170898438 2943.65625 2773.68041992188 2679.26220703125 2663.146484375 2717.087890625
3200.15551757812 3178.833984375 3155.61157226562 3080.22534179688 3062.7265625 3054.66186523438 3040.86889648438 3022.7646484375 3011.4755859375 2993.70874023438 2971.09423828125 2981.69946289062 3059.05541992188 3098.67529296875 2984.99047851562 2978.79125976562 2906.60717773438 2869.4599609375 2842.07495117188 2793.86254882812 2686.369140625 2769.50561523438 3003.1201171875 3101.10766601562 3184.39453125 3179.3525390625 2966.49340820312 2938.71997070312 2922.8125 2878.05029296875 2774.61499023438 2721.84692382812 2743.93823242188 2690.36254882812 2642.69409179688 2645.79858398438 2662.2958984375 2726.57299804688 2789.11157226562 -3.4e+38 2887.52026367188 2917.4208984375 2982.9853515625 3035.51196289062 2922.22509765625 2775.61352539062 2750.16137695312 2734.82250976562 2730.07104492188
3267.26416015625 3256.56860351562 3233.78344726562 3133.37451171875 3111.42016601562 3101.67309570312 3087.62036132812 3072.75805664062 3063.484375 3045.66577148438 3016.87939453125 2999.5439453125 3012.63818359375 3053.38891601562 3032.12866210938 3055.63623046875 3044.40673828125 2943.72119140625 2901.23266601562 2864.25048828125 2761.30981445312 2744.38500976562 2886.32299804688 3089.38525390625 3173.31518554688 3215.29711914062 3066.46875 3013.435546875 3019.86499023438 2963.5068359375 2890.91845703125 2842.13330078125 2773.25952148438 2711.76708984375 2656.3271484375 2701.47729492188 2748.908203125 2836.896484375 2880.09252929688 2903.53051757812 2894.09790039062 2877.15747070312 2965.91845703125 3013.35424804688 3012.001953125 2892.9375 3057.19897460938 2894.24438476562 2817.47192382812
3301.75634765625 3291.53588867188 3270.84301757812 3188.78100585938 3167.02587890625 3150.36499023438 3138.5205078125 3124.17846679688 3109.9453125 3112.98852539062 3106.41430664062 3068.30908203125 3075.349609375 3098.97387695312 3062.12744140625 3113.29614257812 3072.50170898438 2957.7861328125 2915.35107421875 2883.29370117188 2819.02978515625 2740.63403320312 2799.05126953125 3028.58984375 3086.41235351562 3150.171875 3135.87182617188 3088.66235351562 3068.12084960938 3020.7216796875 2933.39501953125 2892.11376953125 2846.8974609375 2823.81372070312 2800.82568359375 2797.54125976562 2825.29809570312 2887.4443359375 2913.912109375 2941.57641601562 2907.24926757812 2870.580078125 -3.4e+38 2969.74780273438 2984.18627929688 3074.576171875 3280.32543945312 3041.10791015625 2760.17016601562
3463.78100585938 3411.18188476562 3371.9111328125 3344.09399414062 3302.9677734375 3264.3515625 3253.6552734375 3235.33618164062 3221.10913085938 3209.296875 3232.79663085938 3232.49487304688 3214.787109375 3286.81396484375 3209.32446289062 3209.77221679688 3160.8583984375 3075.30688476562 2996.35205078125 2949.21826171875 2913.37084960938 2846.43823242188 2849.75024414062 2974.6962890625 3048.89990234375 3066.84838867188 3069.79370117188 2975.64965820312 2953.28955078125 2938.08471679688 2967.1376953125 2975.83056640625 2907.00170898438 2915.28198242188 2894.41040039062 2877.43017578125 2895.92065429688 2887.791015625 2852.37744140625 2884.95434570312 2939.97436523438 2874.07373046875 2859.7587890625 2824.68188476562 -3.4e+38 3103.03857421875 2942.82495117188 2928.20971679688 3108.15893554688
3627.61962890625 3551.12548828125 3494.46044921875 3451.0517578125 3378.0986328125 3341.2626953125 3322.73315429688 3303.58544921875 3280.2822265625 3256.88720703125 3250.94018554688 3291.79736328125 3328.83715820312 3328.40942382812 3302.51196289062 3279.0556640625 3229.58276367188 3175.443359375 3090.60766601562 3014.19189453125 2981.26928710938 2925.19946289062 2928.0732421875 3036.34692382812 3064.89892578125 3076.63891601562 3002.45434570312 2971.82080078125 2950.38916015625 2923.42700195312 2937.85766601562 2935.67358398438 2825.18408203125 2832.78930664062 2890.9951171875 2848.056640625 2857.20678710938 2904.93676757812 2872.66186523438 2883.21313476562 2908.8310546875 2853.56884765625 2876.42578125 2888.06982421875 2733.59814453125 2687.95532226562 2452.08032226562 2443.75708007812 2853.42504882812
3758.65283203125 3703.7958984375 3656.32202148438 3596.43920898438 3483.52514648438 3415.33740234375 3393.728515625 3369.58374023438 3346.79248046875 3321.04760742188 3297.80908203125 3352.43188476562 3406.17114257812 3354.46020507812 3387.81030273438 3336.0546875 3290.05737304688 3240.857421875 3165.94384765625 3116.79077148438 3066.61499023438 2996.38598632812 2981.8369140625 3079.76708984375 3114.81372070312 3104.35498046875 3022.51147460938 2986.51318359375 2941.48266601562 2909.84765625 2906.39331054688 2924.25 2846.18823242188 2773.78662109375 2879.82836914062 2843.23168945312 -3.4e+38 2909.80908203125 2935.28051757812 2915.248046875 2837.10815429688 2789.70678710938 2776.73217773438 2879.93896484375 2964.89721679688 2693.99853515625 -3.4e+38 -3.4e+38 -3.4e+38
3779.07568359375 3782.28857421875 3738.7373046875 3618.57543945312 3527.71801757812 3473.97192382812 3446.47436523438 3427.75073242188 3419.0693359375 3397.83374023438 3358.47778320312 3361.38037109375 3383.31787109375 3358.19384765625 3433.87866210938 3385.51831054688 3365.00073242188 3315.4521484375 3218.248046875 3152.86987304688 3104.07348632812 3061.31274414062 3092.09765625 3165.9443359375 3160.89526367188 3138.05029296875 3076.89379882812 2995.58374023438 2936.85815429688 2935.2265625 2919.2763671875 2924.24462890625 2912.62915039062 2855.96533203125 2855.91284179688 2825.75854492188 2796.55615234375 2919.88940429688 2943.80908203125 2907.6142578125 2796.947265625 2712.986328125 2685.4912109375 2740.84936523438 2894.09814453125 2832.17700195312 2598.21875 2642.93798828125 -3.4e+38
3691.6904296875 3738.25317382812 3697.58251953125 3607.81640625 3564.07177734375 3530.72094726562 3510.955078125 3496.09252929688 3490.26782226562 3473.6259765625 3429.6240234375 3399.18579101562 3387.40185546875 3379.08471679688 3435.66821289062 3406.32299804688 3388.97485351562 3354.21240234375 3249.98095703125 3189.22143554688 3184.529296875 3190.68359375 3209.28125 3202.12353515625 3159.2666015625 3128.62548828125 3102.08032226562 3008.89233398438 2916.20068359375 2949.63134765625 2947.35888671875 2903.89697265625 2908.50830078125 2858.748046875 2817.38671875 2804.41918945312 2821.56396484375 2925.0791015625 2884.53173828125 2872.36499023438 2814.92724609375 2691.9794921875 2608.73388671875 2500.54272460938 2521.42407226562 2635.90478515625 2764.40673828125 2922.17456054688 2714.490234375
3728.25610351562 3790.13208007812 3806.83178710938 3715.36987304688 3695.97875976562 3616.54321289062 3598.63403320312 3589.55615234375 3572.14892578125 3548.68334960938 3511.00634765625 3474.46264648438 3435.43017578125 3432.98803710938 3444.83422851562 3429.55908203125 3404.3671875 3357.92260742188 3291.00512695312 3280.216796875 3306.75952148438 3301.30859375 3254.11450195312 3189.0615234375 3108.6767578125 3047.48681640625 3099.28686523438 3041.90966796875 2919.84497070312 2931.251953125 2920.0029296875 2816.47607421875 2844.24145507812 2827.59985351562 2813.08276367188 2842.41137695312 2892.650390625 2856.85620117188 2769.1591796875 2765.86499023438 2755.88671875 2677.484375 2545.60009765625 2330.25610351562 2348.783203125 2547.03295898438 2765.57153320312 2889.87524414062 2734.677734375
3857.92260742188 3918.98681640625 3946.3388671875 3880.52099609375 3846.01708984375 3715.51293945312 3663.85864257812 3656.34716796875 3640.42944335938 3620.7822265625 3616.6318359375 3617.67504882812 3579.07421875 3551.73681640625 3463.48461914062 3432.47998046875 3478.25463867188 3406.44262695312 3369.95678710938 3369.57495117188 3356.18188476562 3236.361328125 3147.39282226562 3122.23559570312 3048.02270507812 2986.25537109375 3006.9111328125 3012.072265625 2970.44775390625 2928.32275390625 2901.5390625 2737.75048828125 2756.03393554688 2834.86328125 2809.08764648438 2860.59936523438 2910.55126953125 2797.82202148438 2700.25219726562 2679.76953125 2671.77099609375 2651.88842773438 2559.2548828125 2376.33081054688 2343.18530273438 2534.52758789062 2786.95483398438 2924.5068359375 2859.76928710938
3974.12426757812 4017.36547851562 4000.75634765625 3971.33764648438 3933.42895507812 3791.32788085938 3719.08032226562 3704.79223632812 3689.26831054688 3667.08715820312 3680.55078125 3728.6630859375 3728.3037109375 3704.37426757812 3564.02368164062 3539.34545898438 3566.21630859375 3493.78540039062 3456.0498046875 3451.234375 3396.35009765625 3205.88012695312 3113.53686523438 3177.9755859375 3123.52270507812 3005.11669921875 2998.51977539062 2968.19946289062 2948.58129882812 2914.09375 2896.48193359375 2731.40478515625 2691.78979492188 2768.50561523438 2802.75122070312 2806.142578125 2861.556640625 2794.392578125 2751.18139648438 2670.26391601562 2640.15380859375 2620.42163085938 2585.98388671875 2478.39453125 2427.15747070312 2560.13818359375 2797.74609375 2960.47778320312 3024.54833984375
4119.96923828125 4132.056640625 4065.49951171875 4002.48852539062 4020.03881835938 3898.98217773438 3810.73168945312 3778.02587890625 3769.89892578125 3785.7705078125 3825.71508789062 3788.26879882812 3740.80029296875 3753.63647460938 3556.21069335938 3528.10693359375 3571.89721679688 3582.1015625 3542.39501953125 3518.037109375 3478.4443359375 3364.53271484375 3280.20947265625 3227.31591796875 3097.08032226562 2990.7744140625 2960.62109375 2953.69213867188 2960.41284179688 2937.78198242188 2882.48681640625 2784.60327148438 2797.63208007812 2738.49169921875 2799.16137695312 2759.75366210938 2777.42041015625 2745.94580078125 2746.28002929688 2659.15502929688 2626.72094726562 2607.58178710938 2602.880859375 2574.869140625 2560.44213867188 2648.67309570312 2869.59301757812 2979.94873046875 2969.11645507812
4171.1748046875 4200.81640625 4123.833984375 4029.99536132812 4033.615234375 3985.23950195312 3990.25610351562 3923.77587890625 3867.41943359375 3805.69995117188 3852.09521484375 3819.53247070312 3748.39013671875 3735.13671875 3533.9130859375 3508.00805664062 3619.95556640625 3662.94702148438 3624.78930664062 3584.4541015625 3537.06103515625 3407.06127929688 3248.86791992188 3151.52734375 3117.89135742188 3079.46850585938 2941.19995117188 2935.486328125 2996.42602539062 2968.35986328125 2845.0078125 2840.77001953125 2945.35278320312 2759.91552734375 2745.7646484375 2699.322265625 2694.79516601562 2692.02758789062 2675.54760742188 2630.07421875 2599.9560546875 2609.5859375 2621.30541992188 2674.96484375 2758.32958984375 2861.83911132812 3006.58959960938 2954.35034179688 2860.14599609375
4222.623046875 4155.06494140625 4082.20654296875 4049.5419921875 3973.54467773438 3953.20532226562 3991.34912109375 4017.8154296875 4047.93017578125 3869.498046875 3767.97583007812 3856.98168945312 3840.05932617188 3703.69067382812 3592.31665039062 3610.34521484375 3748.54296875 3741.23071289062 3690.93505859375 3645.26342773438 3598.17358398438 3361.87915039062 3074.11499023438 3099.78857421875 3203.77783203125 3211.72314453125 3042.33349609375 2944.8974609375 2969.46411132812 2944.92163085938 2844.77880859375 2960.73999023438 2966.50952148438 2725.70825195312 2685.02758789062 2668.9833984375 2646.875 2663.2587890625 2645.55859375 2602.6044921875 2559.97705078125 2568.80932617188 2617.51098632812 2747.3662109375 2938.42333984375 2953.74853515625 2847.9521484375 2725.30493164062 2652.63940429688
4211.95947265625 4118.9560546875 4136.79931640625 4182.2578125 4147.5390625 4071.73828125 3994.8662109375 3905.24853515625 3971.07836914062 4058.8427734375 3937.22290039062 3806.78247070312 3760.04223632812 3700.29833984375 3727.51513671875 3694.9951171875 3835.56469726562 3874.30493164062 3748.6474609375 3520.31665039062 3391.2353515625 3376.94995117188 3165.81079101562 3060.3154296875 3036.94702148438 2944.10034179688 3117.0537109375 3018.76220703125 2982.15576171875 2931.48095703125 2857.19775390625 2959.95727539062 3118.13256835938 2967.9541015625 2824.55419921875 2760.54052734375 2857.24975585938 2559.4755859375 2480.37084960938 2440.52026367188 2400.8740234375 2420.56958007812 2494.353515625 2697.59057617188 2777.29028320312 2586.94799804688 2494.47436523438 2407.83203125 2305.58618164062
4433.60009765625 4287.24609375 4197.01025390625 4169.525390625 4212.05517578125 4147.27197265625 4023.26196289062 3965.1044921875 3940.70825195312 3965.13842773438 3935.31909179688 3871.697265625 3812.82641601562 3756.37158203125 3744.21069335938 3720.02172851562 3996.05200195312 3932.744140625 3737.45947265625 3370.81762695312 3166.70361328125 3171.6796875 3113.64477539062 3186.34838867188 3235.705078125 3052.79638671875 3116.60815429688 3076.51513671875 2979.32250976562 2984.5625 3053.40698242188 3045.06469726562 3072.66137695312 2804.56787109375 2571.67553710938 2542.654296875 2753.08203125 2735.27416992188 2601.33227539062 2570.40258789062 2541.6591796875 2459.73291015625 2406.86010742188 2600.09716796875 2654.46997070312 2502.92065429688 2411.31298828125 2300.68017578125 2251.72387695312
4472.84765625 4286.25439453125 4185.109375 4240.15185546875 4264.6572265625 4215.71435546875 4086.357421875 3989.38525390625 3930.19189453125 3874.31274414062 3857.00463867188 3839.84936523438 3775.58984375 3752.23974609375 3748.15991210938 3736.14038085938 3991.19360351562 3918.09448242188 3775.20629882812 3375.31860351562 3164.44458007812 3292.56518554688 3286.9169921875 3287.486328125 3269.05395507812 3208.63012695312 3017.26489257812 3058.49487304688 3023.78784179688 3095.69702148438 3285.35107421875 3209.77807617188 3115.28369140625 2810.72387695312 2530.04931640625 2446.76806640625 2632.03662109375 2859.099609375 2789.70166015625 2736.66625976562 2660.0791015625 2486.24340820312 2479.12377929688 2587.04418945312 2544.40258789062 2410.14599609375 2304.697265625 2243.82739257812 2233.443359375
4478.86083984375 4449.8134765625 4360.68115234375 4363.81591796875 4211.6552734375 4182.48974609375 4131.5283203125 4093.91259765625 4061.13256835938 4033.23364257812 4016.05615234375 3940.31591796875 3804.86499023438 3753.90673828125 3942.62744140625 4023.81127929688 4057.7060546875 3966.23681640625 3822.35229492188 3417.85766601562 3273.33471679688 3514.68603515625 3440.04150390625 3342.92797851562 3305.24462890625 3297.09838867188 2961.09716796875 2959.35131835938 3011.1357421875 3048.86865234375 3203.55834960938 3303.765625 3204.501953125 2989.85034179688 2724.67431640625 2490.41796875 2504.05102539062 2685.95849609375 2648.6328125 2634.14794921875 2586.3486328125 2480.60986328125 2569.48071289062 2582.65405273438 2483.32055664062 2340.63818359375 2276.15478515625 2323.46875 2247.71459960938
4705.888671875 4721.26318359375 4630.64111328125 4450.1533203125 4237.14306640625 4225.578125 4223.591796875 4248.25390625 4160.673828125 4070.7958984375 4086.31958007812 4054.62329101562 3935.109375 3828.498046875 4168.9375 4230.80224609375 4098.02587890625 3906.8798828125 3801.0087890625 3621.79638671875 3328.5615234375 3307.07470703125 3219.93359375 3142.50561523438 3256.88427734375 3244.51953125 3107.31811523438 3064.33959960938 2935.1455078125 2922.31274414062 2994.6669921875 3089.24169921875 3121.55834960938 3192.66235351562 2951.033203125 2631.22680664062 2431.99096679688 2562.5986328125 2657.28686523438 2558.42993164062 2501.47143554688 2530.07177734375 2536.52197265625 2484.86987304688 2404.21704101562 2295.4365234375 2324.94213867188 2413.3515625 2317.97387695312
4690.994140625 4535.55078125 4566.6611328125 4467.67822265625 4292.02099609375 4306.52685546875 4363.92626953125 4329.31005859375 4237.6259765625 4093.40209960938 4031.041015625 4063.13110351562 3953.15576171875 3877.20043945312 4287.00390625 4271.7607421875 4069.896484375 3725.03833007812 3619.47802734375 3738.7314453125 3612.65673828125 3436.42944335938 3364.0927734375 3327.71264648438 3369.65478515625 3349.87670898438 3302.310546875 -3.4e+38 3082.830078125 2997.89135742188 2920.00268554688 2863.96704101562 2928.53198242188 3075.98315429688 3054.72729492188 2791.98559570312 2465.21606445312 2568.39404296875 2741.77392578125 2506.28930664062 2476.73706054688 2493.58251953125 2407.7958984375 2358.35229492188 2325.22875976562 2333.6708984375 2408.41650390625 2421.83349609375 2357.5830078125
4499.837890625 4397.87353515625 4402.5244140625 4396.873046875 4306.2919921875 4298.83642578125 4376.3984375 4339.02783203125 4325.1513671875 4217.26806640625 4035.7216796875 4021.49194335938 3990.80615234375 4125.42919921875 4386.853515625 4299.30712890625 4098.18603515625 3719.01440429688 3458.873046875 3493.79077148438 3583.06591796875 -3.4e+38 -3.4e+38 -3.4e+38 -3.4e+38 -3.4e+38 -3.4e+38 3245.19458007812 -3.4e+38 -3.4e+38 2984.77783203125 2867.73950195312 2826.49780273438 2860.19067382812 3003.625 2892.5830078125 2521.8974609375 2638.69189453125 2677.474609375 2457.39697265625 2490.49926757812 2443.08862304688 2397.85473632812 2450.03540039062 2425.31494140625 2442.40747070312 2435.16235351562 2391.75 2326.35278320312
