rcp8.5models/MPI_ESM_LR/sc1gr9.36
NCOLS 261 
NROWS 433 
XLLCORNER 336357.134 
YLLCORNER 654653.479 
CELLSIZE 1000 
NODATA_value -9999 
[rows 0 to 21 of 433, columns 50 to 99 of 261]
-9999 -9999 -9999 -9999 -9999 -9999 -9999 -9999 -9999 -9999 -9999 -9999 -9999 -9999 -9999 -9999 -9999 -9999 -9999 -9999 -9999 -9999 -9999 -9999 -9999 -9999 -9999 -9999 -9999 -9999 -9999 -9999 -9999 -9999 -9999 -9999 -9999 -9999 -9999 -9999 -9999 -9999 -9999 -9999 -9999 -9999 -9999 -9999 -9999 -9999
-9999 -9999 -9999 -9999 -9999 -9999 -9999 -9999 -9999 -9999 -9999 -9999 -9999 -9999 -9999 -9999 -9999 -9999 -9999 -9999 103.412887573242 103.414123535156 103.415969848633 103.418075561523 103.420463562012 103.423110961914 103.45548248291 103.466819763184 103.443786621094 104.127975463867 104.292747497559 -9999 -9999 -9999 -9999 -9999 -9999 -9999 -9999 -9999 -9999 -9999 -9999 -9999 -9999 -9999 -9999 -9999 -9999 -9999
-9999 -9999 -9999 -9999 -9999 -9999 -9999 -9999 -9999 -9999 -9999 -9999 -9999 -9999 -9999 -9999 -9999 -9999 -9999 104.108497619629 103.972129821777 103.927589416504 103.927223205566 103.927154541016 103.927375793457 103.453254699707 103.326919555664 103.330612182617 103.829895019531 104.145126342773 104.195213317871 104.168357849121 -9999 -9999 -9999 -9999 -9999 -9999 -9999 -9999 -9999 -9999 -9999 -9999 -9999 -9999 -9999 -9999 -9999 -9999
-9999 -9999 109.898643493652 108.792938232422 108.207412719727 108.201950073242 106.512161254883 105.93920135498 105.111213684082 104.831916809082 -9999 -9999 103.138397216797 103.134765625 103.133209228516 103.740188598633 103.968055725098 103.994178771973 104.003890991211 104.004791259766 104.005958557129 104.00740814209 104.009124755859 104.011108398438 104.013374328613 103.837760925293 103.314437866211 103.19425201416 103.887474060059 104.053070068359 104.058601379395 104.064376831055 -9999 -9999 -9999 -9999 -9999 -9999 -9999 -9999 -9999 -9999 -9999 -9999 -9999 -9999 -9999 -9999 -9999 -9999
111.44075012207 110.346519470215 109.768127441406 109.110542297363 108.314140319824 108.084060668945 106.39754486084 105.823539733887 104.974822998047 104.711051940918 104.437301635742 103.863471984863 103.671234130859 103.207977294922 103.485153198242 103.806617736816 103.862098693848 103.863021850586 103.863899230957 103.865043640137 103.86646270752 103.8681640625 103.870140075684 103.872383117676 103.874900817871 103.877700805664 103.699394226074 103.654449462891 104.346374511719 104.023361206055 103.921844482422 103.927909851074 103.901100158691 -9999 -9999 -9999 -9999 -9999 -9999 -9999 -9999 -9999 -9999 -9999 -9999 -9999 -9999 -9999 -9999 -9999
111.315452575684 110.658615112305 109.857933044434 109.505531311035 108.43879699707 107.933959960938 106.459335327148 106.119071960449 105.477035522461 104.762550354004 104.565071105957 104.42407989502 104.363327026367 104.214004516602 104.299591064453 103.890007019043 103.721199035645 103.722610473633 -9999 103.725135803223 -9999 103.72876739502 103.730995178223 103.733505249023 103.736289978027 103.739349365234 103.74267578125 104.23413848877 104.072341918945 103.821083068848 103.784957885742 103.791290283203 103.797882080078 -9999 -9999 -9999 -9999 -9999 -9999 -9999 -9999 -9999 -9999 -9999 -9999 -9999 -9999 -9999 -9999 -9999
111.39811706543 111.042602539062 109.985214233398 109.466796875 108.787200927734 107.99934387207 106.368530273438 106.100105285645 105.519142150879 105.128799438477 104.609970092773 104.419654846191 104.418182373047 104.416969299316 104.416038513184 104.264068603516 104.207084655762 103.582038879395 -9999 -9999 -9999 -9999 103.591697692871 -9999 103.597511291504 103.60083770752 104.09056854248 104.402671813965 104.267303466797 104.228233337402 104.232131958008 104.236312866211 104.240776062012 103.724449157715 -9999 -9999 -9999 -9999 -9999 -9999 -9999 -9999 -9999 -9999 -9999 -9999 -9999 -9999 -9999 -9999
111.96915435791 111.227935791016 110.328071594238 109.535789489746 108.752967834473 107.905326843262 106.669845581055 106.152603149414 105.37085723877 105.119384765625 104.520652770996 104.27604675293 104.274810791016 104.27384185791 104.273147583008 104.272735595703 104.272605895996 103.593971252441 -9999 -9999 -9999 -9999 -9999 -9999 103.458595275879 103.462181091309 104.138938903809 104.308609008789 -9999 104.324333190918 104.330108642578 104.336158752441 104.34245300293 104.144981384277 -9999 -9999 -9999 -9999 -9999 -9999 -9999 -9999 -9999 -9999 -9999 -9999 -9999 -9999 -9999 -9999
111.97696685791 111.127723693848 110.286178588867 109.438430786133 108.598022460938 107.751846313477 106.649963378906 106.060432434082 105.22241973877 104.973960876465 104.831771850586 104.312149047852 104.131278991699 104.130546569824 104.130096435547 104.129928588867 104.130043029785 -9999 103.91813659668 103.44718170166 103.306915283203 103.309638977051 103.312652587891 103.315948486328 -9999 103.929344177246 104.118896484375 104.169021606445 -9999 -9999 104.19164276123 104.197967529297 104.204559326172 104.211402893066 104.18359375 -9999 -9999 -9999 -9999 -9999 -9999 -9999 -9999 -9999 -9999 -9999 -9999 -9999 -9999 -9999
112.477630615234 111.633003234863 110.350143432617 109.729553222656 108.655921936035 107.59822845459 106.501083374023 105.910202026367 105.522758483887 105.011772155762 104.826156616211 104.681251525879 104.161071777344 103.987098693848 103.986892700195 103.986961364746 103.987319946289 -9999 103.990119934082 103.825416564941 -9999 -9999 103.776504516602 104.258544921875 -9999 -9999 104.024040222168 104.029289245605 -9999 104.046699523926 104.053039550781 104.059646606445 104.066528320312 104.073661804199 104.0810546875 104.777770996094 -9999 -9999 -9999 -9999 -9999 -9999 -9999 -9999 -9999 -9999 -9999 -9999 -9999 -9999
112.984672546387 111.704078674316 110.637939453125 110.240875244141 109.042434692383 108.513221740723 107.275024414062 107.027717590332 106.29670715332 105.860221862793 105.34684753418 104.70677947998 104.532302856445 104.381988525391 104.326171875 103.857543945312 103.701431274414 -9999 103.70573425293 103.70775604248 103.710075378418 -9999 104.499153137207 104.549606323242 104.553665161133 104.558006286621 104.562637329102 104.567558288574 104.578254699707 104.388122558594 -9999 -9999 104.86499786377 105.170059204102 105.212203979492 104.728240966797 104.661445617676 -9999 -9999 -9999 -9999 -9999 -9999 -9999 -9999 -9999 -9999 -9999 -9999 -9999
112.990104675293 111.597274780273 110.915916442871 110.407913208008 109.060646057129 108.540153503418 107.122673034668 106.878387451172 106.740242004395 106.222557067871 105.447845458984 105.076690673828 105.021018981934 104.550369262695 104.385894775391 104.230613708496 103.709228515625 103.561340332031 103.563323974609 104.040145874023 -9999 -9999 -9999 104.407173156738 -9999 104.416130065918 104.421035766602 104.426239013672 104.437515258789 104.939514160156 105.041473388672 -9999 105.262351989746 105.306526184082 105.314544677734 105.110908508301 105.085845947266 -9999 -9999 -9999 -9999 -9999 -9999 -9999 -9999 -9999 -9999 -9999 -9999 -9999
113.046897888184 111.432640075684 110.874336242676 110.304534912109 108.901916503906 108.38737487793 107.160461425781 106.728904724121 106.728233337402 106.587394714355 105.928039550781 105.700531005859 105.23998260498 104.925910949707 104.399505615234 104.24104309082 104.083084106445 104.501838684082 104.640609741211 -9999 -9999 -9999 104.260299682617 104.264610290527 -9999 -9999 104.279304504395 -9999 104.790893554688 105.09642791748 105.142486572266 -9999 -9999 -9999 105.17414855957 105.182739257812 105.191589355469 105.200698852539 -9999 -9999 -9999 -9999 -9999 -9999 -9999 -9999 -9999 -9999 -9999 -9999
112.936126708984 111.706504821777 111.372383117676 110.351058959961 108.743057250977 108.234436035156 107.060356140137 106.579261779785 106.578811645508 106.578666687012 106.43514251709 105.916519165039 105.60376739502 105.551811218262 105.395767211914 -9999 104.710990905762 104.874076843262 -9999 -9999 104.711700439453 -9999 -9999 -9999 104.718795776367 104.721382141113 104.724296569824 105.218231201172 105.526123046875 105.570137023926 105.089294433594 -9999 -9999 -9999 -9999 105.042533874512 105.051689147949 105.061103820801 105.070770263672 -9999 -9999 -9999 -9999 -9999 -9999 -9999 -9999 -9999 -9999 -9999
112.768333435059 111.659072875977 110.496139526367 109.84481048584 108.584060668945 108.081352233887 106.904815673828 106.429466247559 106.429252624512 106.429328918457 106.429710388184 105.81893157959 105.603630065918 105.605819702148 -9999 -9999 -9999 104.776863098145 -9999 104.782012939453 104.785049438477 104.788398742676 104.792053222656 104.796012878418 104.800277709961 104.804847717285 105.298820495605 105.60230255127 105.655220031738 105.661888122559 105.468116760254 105.437889099121 -9999 -9999 -9999 -9999 104.30207824707 104.824424743652 104.900161743164 104.858222961426 -9999 -9999 -9999 -9999 -9999 -9999 -9999 -9999 -9999 -9999
112.642501831055 111.496406555176 110.094207763672 109.579147338867 108.874038696289 108.568702697754 107.387367248535 106.457588195801 106.27953338623 106.279846191406 106.280456542969 106.133857727051 105.614974975586 -9999 -9999 105.303588867188 -9999 -9999 104.633758544922 104.636756896973 104.640068054199 104.643684387207 104.647613525391 104.65185546875 105.142059326172 105.256385803223 105.451599121094 105.49845123291 105.51148223877 105.518447875977 105.525703430176 105.008758544922 104.929130554199 104.938011169434 -9999 -9999 -9999 105.263771057129 105.299812316895 105.307273864746 -9999 -9999 -9999 -9999 -9999 -9999 -9999 -9999 -9999 -9999
-9999 -9999 -9999 -9999 108.842140197754 108.596572875977 107.878829956055 106.995552062988 106.30216217041 106.130210876465 106.131057739258 106.132209777832 -9999 -9999 105.932243347168 105.932693481445 105.286239624023 104.485153198242 104.488105773926 104.491371154785 104.971176147461 105.57543182373 104.734451293945 104.991714477539 105.774032592773 105.446235656738 105.347640991211 105.353996276855 105.367622375488 104.854637145996 104.769577026367 104.55827331543 105.031204223633 105.116287231445 105.122085571289 -9999 -9999 -9999 105.406471252441 105.415618896484 -9999 -9999 -9999 -9999 -9999 -9999 -9999 -9999 -9999 -9999
-9999 -9999 -9999 -9999 108.721084594727 108.442802429199 107.859619140625 107.03271484375 106.202056884766 105.980438232422 105.981513977051 -9999 -9999 -9999 105.988967895508 105.991622924805 -9999 104.944793701172 104.945266723633 105.423271179199 105.72176361084 105.945732116699 105.633087158203 105.732147216797 105.961952209473 105.820899963379 105.784660339355 105.788803100586 105.279495239258 104.97615814209 105.441452026367 105.528846740723 105.745452880859 105.294403076172 105.229606628418 105.237953186035 -9999 -9999 -9999 105.27417755127 105.293922424316 -9999 -9999 -9999 -9999 -9999 -9999 -9999 -9999 -9999
-9999 -9999 -9999 -9999 108.880996704102 108.473976135254 108.157203674316 107.511756896973 106.682594299316 105.995178222656 105.831832885742 -9999 105.835403442383 -9999 105.84024810791 105.36067199707 105.054496765137 105.484466552734 105.615089416504 105.789291381836 105.837577819824 105.841720581055 105.846183776855 105.850982666016 105.856094360352 105.861534118652 105.867279052734 105.35888671875 105.557502746582 105.612869262695 105.825233459473 105.866493225098 105.873428344727 105.670150756836 105.645515441895 105.651931762695 -9999 -9999 -9999 -9999 105.153045654297 105.685188293457 105.945770263672 -9999 -9999 -9999 -9999 -9999 -9999 -9999
-9999 -9999 -9999 -9999 -9999 108.404434204102 108.137451171875 108.002052307129 106.885200500488 106.359794616699 105.840599060059 -9999 105.686058044434 105.68856048584 -9999 105.046913146973 104.858215332031 -9999 105.681663513184 105.685440063477 105.68953704834 105.693969726562 105.698722839355 105.703796386719 105.709197998047 105.204498291016 105.106025695801 105.399909973145 105.665222167969 105.70751953125 105.714157104492 105.72110748291 105.728370666504 105.735931396484 105.743797302246 105.751960754395 105.760429382324 -9999 -9999 -9999 -9999 106.374290466309 106.404945373535 105.872627258301 -9999 -9999 -9999 -9999 -9999 -9999
-9999 -9999 -9999 -9999 -9999 -9999 107.983688354492 107.519958496094 107.071166992188 106.969909667969 106.359954833984 106.155715942383 -9999 106.76448059082 106.28059387207 105.971733093262 105.447975158691 105.529243469238 105.53295135498 105.537002563477 105.541381835938 105.546089172363 -9999 -9999 105.636528015137 105.822929382324 105.882469177246 105.596710205078 105.55477142334 105.561408996582 105.568367004395 105.575637817383 105.583213806152 105.591102600098 105.59928894043 106.116592407227 106.188682556152 106.196510314941 106.204643249512 -9999 -9999 -9999 106.517036437988 106.289672851562 106.481460571289 -9999 -9999 -9999 -9999 -9999
-9999 -9999 -9999 -9999 -9999 -9999 -9999 -9999 -9999 -9999 -9999 106.888137817383 106.382995605469 -9999 -9999 106.035552978516 106.037902832031 106.043617248535 106.046989440918 106.05069732666 106.054733276367 -9999 105.84595489502 -9999 -9999 -9999 106.046463012695 106.051879882812 106.063720703125 106.070129394531 106.076858520508 106.585876464844 106.666076660156 106.891609191895 106.929740905762 106.93871307373 106.727882385254 106.93327331543 106.742370605469 106.728042602539 -9999 -9999 -9999 106.243682861328 106.256286621094 106.797966003418 -9999 -9999 -9999 -9999
