rcp8.5models/MPI_ESM_LR/sc1gr7.7
NCOLS 261 
NROWS 433 
XLLCORNER 336357.134 
YLLCORNER 654653.479 
CELLSIZE 1000 
NODATA_value -9999 
[rows 308 to 329 of 433, columns 150 to 199 of 261]
75.3936841198624 70.5857276616147 69.7164013307484 69.6352704693513 69.9612345997184 70.2547015678848 69.8008377005542 69.9518632246596 70.2713753032121 70.9312700391308 69.8478987911806 69.7183117001966 70.7273112326794 72.0398495259514 72.5767539458722 72.9668595381231 73.0998631514574 72.7983311242021 72.1383552814394 70.802953131137 70.9194821062752 70.2271189444025 70.873609347814 72.395025960231 72.8378006430191 71.4118302538826 71.3618957511096 72.3210259118079 72.5641137020119 75.0656439593003 79.9956966949389 81.3788825910396 79.9844368553208 75.2431981844978 74.0644395424329 74.0375648883181 74.1898684983733 74.8885178872081 74.5222892364311 74.1547005540237 74.792671247445 76.6266330318997 79.9510236043823 80.5094180204784 80.6261706323402 80.8521540547727 80.8768127421162 80.5726676711513 78.2231121849971 77.9420154026021
76.4642745427511 72.77042907605 69.7646725722031 69.6783735029395 69.7404844066881 69.9170748134148 70.0603360473991 70.1848173397989 70.4328511153439 70.9295689031759 70.0133648611062 70.1404189423972 70.6878322517055 72.9338763354522 76.4346182831634 77.0942331729456 75.7536233770613 72.542395523341 71.6017492640839 70.63121651955 70.9781249556807 70.385540320399 70.8010211314228 71.7953828592472 72.8061762057339 72.398928060223 71.5593000930494 71.81358413961 71.8150794227538 73.9347031248274 80.9484611584 81.6223395349647 80.5189282664288 76.7545510977126 74.3491826147831 74.117621989085 74.2939107272204 74.6673642363269 74.2779659156061 74.3881628470256 74.5842992274786 75.5867432470369 79.4424273290331 80.5313189588209 80.5932474692956 79.6731603543879 79.5893619773869 81.0371507193621 79.7698052441614 79.5069321558999
76.0606402814755 73.3539559164457 69.8605556089815 69.7355890615595 69.7772055360306 70.1967739015024 70.7951774676812 70.4182500898955 70.3921951478663 70.8410889999632 70.4429176533542 70.5909119709998 71.089101243738 74.1066206705335 78.6633121094748 78.4153981285148 74.9451361945173 71.5416977770154 70.805596646517 70.8240570865007 70.7735853525827 70.5329821875538 70.8228662738996 71.3199059056022 72.5574224845605 72.9000517892714 72.2993757055275 71.7850274624195 71.9353986923232 73.1145976846066 79.9841338258793 81.2532552932348 81.0269742473486 78.5845297186652 74.8872770534047 74.1924918629098 74.3121237071697 74.6011708541275 74.3408854327895 74.9560631866798 75.0804487799224 75.5356539912175 79.4466659171234 80.4879212350923 80.4175405248129 79.3638279230352 78.9921333203329 81.0876931216726 80.7218633133703 79.4995299181354
75.3426883943508 74.310607752953 72.2971259783401 69.8623517433615 69.9237498480993 70.3267385333366 70.8115062220224 70.3932578209292 70.2580514764027 70.5956989667053 70.5386742569004 70.9011791726357 71.6856624514719 73.5058895185655 75.8926729146706 75.2090817519321 72.3265264538534 71.1245196459842 70.3889096078172 70.6896793939637 70.5928673443644 71.0524469643797 71.7280381122141 71.9102518264454 72.6403599007355 73.1542672706024 73.1408160616427 72.5245668147409 72.1193415810155 72.4899301207505 78.3709545495686 81.0449194688587 81.0710015289304 79.8738405244721 76.6161735665533 74.2232153790991 74.4522510489386 74.7383148609213 74.5537372197969 75.3281893287284 75.3457714489481 75.7126640419631 79.8591600617905 80.1857673221682 80.3287824838509 79.7113419672035 79.0967281228596 80.9595809040944 80.8194548170686 78.9753309762602
75.297772979173 74.5117484638059 72.6881748164196 70.0028442596913 71.1979485722616 72.2734854925883 70.5092095067299 70.3075744263231 70.4535322703489 70.5405838609531 70.5449927006761 71.0257420049707 71.4745451915544 71.7621702117532 72.4188243396088 72.3723314384376 71.6770444953784 71.2536961529724 70.794971897778 71.0451573414223 71.1782632551696 72.4857714999618 74.050786986173 72.9131304417268 73.7046793737874 74.4820117346623 73.6721437334694 72.9781508946723 72.2390007522982 72.6864992637651 77.3347126467897 80.4469630798747 80.1450367730022 78.9333517745631 76.6658712205912 74.3704395835275 74.5680616606158 74.7592800497733 74.769900699041 75.4905903588352 75.357574951872 75.9855602243951 79.4513494074436 79.8175225723708 80.0856820855136 79.5955598987732 79.2717868222558 80.4071265353411 81.0530353896297 80.1022686213803
71.394142230315 73.0546865842771 72.8304941680588 74.5422810331761 75.7664777341343 75.0120814169828 74.2808220802938 72.9205795361301 72.0201179772108 70.7945072531392 70.6116549450791 70.5333052064574 70.8319109137053 71.3046739697819 71.5442558792858 71.8502352214828 72.1938615595135 72.0714920649065 72.1079321908744 71.3261719574681 71.6125667467417 72.5086736597054 72.7331438440614 72.9117149182286 73.2191180038898 73.4530459584249 74.5802523354452 75.2147135763963 73.4185051461275 73.1687090095598 75.2688374841975 78.4818649718489 79.670550475597 78.2102539993337 75.5423631802964 74.6882690709607 74.7858619566104 74.9378205853339 75.0955206413518 75.6699254190427 75.7508204620486 77.2468642614835 79.063433492649 78.9567369694253 79.6695517455168 79.2178602088758 78.6348246939536 80.6779167572215 81.0259349203559 80.2311588536164
71.7747019672309 73.7127475144664 74.6093146271798 74.1762657536332 73.1288471409609 73.6789863587846 76.3387436432494 75.1853950984213 72.1412849816339 71.0991117692038 71.0286949369075 70.9229897221185 70.9907503801427 71.5036855170534 71.7178490130386 71.8479455626886 72.0177836115582 72.1515971520219 72.1446916877073 71.3078457322567 71.6481111602677 72.1715422370958 72.6154144957791 73.0241577818743 73.2912194566035 73.3947782233649 74.4465071820294 75.7607461128856 74.1576781479205 73.5734494946583 74.2816208284111 76.1116110983781 78.2210460203951 78.3639807447943 77.1313510303927 74.8607044303791 74.8982193166302 75.0902466628911 75.3341582913229 75.9286190670057 75.9204270665388 77.324786385148 78.9565185645529 79.0333274005128 79.6116792471384 79.5060903737774 78.5621754464513 80.2645984958332 81.0233495643497 80.450375193558
72.1847743553081 71.7911769075445 72.3575242117203 71.9739104752469 72.7477325282573 74.0787779773081 75.2093928386121 74.0395220530456 71.1421309719194 71.3769760093291 71.3506778424091 71.3553501156805 71.4586406796796 71.715710474402 71.8688933132701 72.0298776471363 72.1080214264817 72.2379411943667 72.2459184592976 71.5716747683963 71.8347524791159 72.3357990328322 72.8303035606666 73.1200179827507 73.2242238127201 73.3269875779237 74.4174546140107 76.2228795047761 75.3447299297141 73.8386669893766 73.9340730239353 74.7274409284886 76.031081294592 76.9964170556403 76.8938762487811 75.059237588379 75.1265751665924 75.2524955953988 75.7574687241045 76.6649061599767 76.446161494141 77.4403076571195 78.8935585415147 79.3158963050741 79.8261817865374 79.9412212358756 78.9227454877792 80.1654705155719 80.9308846064981 80.5868857353529
71.8364404386365 71.3948538245044 71.8096297909967 71.9247054221165 72.7986194887007 72.6907113996722 72.5788174611629 72.556601286665 71.2198433414865 71.5388161295746 71.5830135252243 71.5381013120157 71.8857362226562 71.8834028558094 72.0261556324928 72.2563338082157 72.4008395404067 72.4873721720532 72.5309856077856 72.2302451172701 72.3528989375081 72.9650691398159 73.1423340461665 73.3870049028668 73.4684169092268 73.397843032107 74.0197939765026 76.1486629326129 76.5937705079841 73.9732762974255 74.2540739078232 74.5933363308547 75.0517067915843 76.127630625642 75.5295243819686 75.2583066448477 75.355290799828 75.4854854325386 76.3620795680369 77.3390687610596 77.1285282594779 77.7777488228389 79.2651783755702 79.6584954169379 80.1835796574557 80.406652836944 79.4193340967685 80.2807360458168 80.7839177083348 80.7252909918916
71.9706619124971 72.2874689454053 72.8842887983551 72.4609688120684 70.8589680384432 70.7318535685364 71.0322797331194 71.5168615798404 71.4022765668029 71.7257667124003 71.9510431510057 71.9063596453773 72.1329230303081 72.2207412987787 72.2503981083203 72.4256962039276 72.7070209526033 72.8204285862428 72.8886144185133 73.0321303532552 72.9590311341222 73.2202183843019 73.2568404384925 73.3918943814442 73.4808448087405 73.6242639343798 73.8218808757823 75.0196116479096 75.761368093445 74.125071910299 74.7050577555752 74.8097873069667 75.1859186469278 76.0992083324279 75.1105267875152 75.4577208763324 75.5268072354048 75.9280140107855 77.051649678948 77.7302901247528 77.6461271603371 78.4780715494314 79.7620384243047 79.6139935808172 80.1946692860167 80.8918798681495 79.6924146198173 79.8513599939498 79.8730344425727 80.2627919083259
70.0968590284635 70.4039458100289 70.9170643663377 71.0425199917265 70.5014010292406 70.6685761169192 70.8151287147465 71.0053997517828 71.8374658856004 72.0909456085121 72.1674956858723 72.1531689698641 72.2695202240252 72.8133134328578 72.8554592394331 72.857705098642 73.0089203582839 73.1486956548921 73.1753080224658 73.4707844589987 73.52012459665 73.5898139952129 73.5761799649843 73.9242883705855 74.9760260487401 74.9296004498969 75.3672043847621 74.818916613846 74.2310849444064 74.5706260639955 75.0008068243889 74.8529104416082 75.2825346812478 76.3573924859833 75.6701959767969 75.7332156071294 75.8146711793375 76.1236847781601 77.1092553618363 77.8216297545441 77.7983653383715 78.9974328102659 80.0524457762393 79.572802832423 80.0668687893969 81.0621976318604 79.9402402726164 79.9131870623222 79.7830560909519 79.5770290991871
69.692690303879 69.9259648444649 70.1127222048812 70.2989793993941 70.4756923461231 70.6637562372789 70.914515099971 71.167208102032 72.0933743119348 72.2919861725642 72.0159315079953 72.1092105116848 72.3225617452495 73.0293526905049 73.12215076074 72.9094811096945 73.1033666251706 73.4733394358404 73.4325475440383 73.4922775127457 73.922495574845 74.035700195767 73.7935033323203 74.329876639758 76.1969225480533 75.2626399057128 74.6713689053392 75.062355293525 73.9031427986761 74.592231851046 75.1062489156854 74.7886769995794 75.4324508530314 75.8198396058562 76.0427186949389 75.9133364220115 76.1497836363093 76.2523180455087 76.8403584162915 77.653514598361 78.0305773743581 79.0637352959349 80.3144270182765 80.1207481907423 80.5045290993568 81.3130704594913 80.4915027666525 80.6085303502682 80.597603412664 80.1019441392007
69.7682350342322 69.9892681194275 70.161422857061 70.4357427279433 70.6260019324049 70.740343803765 71.0130945137138 71.2788565326347 72.0840902027189 72.1224093671503 71.9795668884782 72.4082284180128 72.7153999813796 73.007580228517 73.0179277482125 72.9159488738449 73.0853034002215 73.5848065334649 73.7498375200909 73.2419777937712 73.8628718326446 74.4117196090316 74.1035341915558 74.0506758145431 75.4905020927782 74.7968747971639 73.020301603932 76.020033651166 74.0283789713985 74.3913298486704 75.3377387130613 75.2398929715134 75.7689902374965 75.5516960859481 76.1399365900597 76.1893871949836 76.4222462602874 76.5805947894202 77.0643228061916 77.7420623120965 78.4700121193 79.0843431554976 80.3991911381057 80.6676084663986 81.1733710003505 81.6889568074195 81.3419814817112 80.957103933929 80.8355680599383 81.1206391192732
69.8466204553894 70.0554161244386 70.2471044592293 70.5568752401873 70.8365622734659 70.9335698795179 71.0629804728334 71.2964041747869 72.4068227288876 71.9409142429397 72.1089229336046 72.6278182416791 72.8731851634272 73.0020893438086 73.0059923054795 73.0699428643122 73.1555477857377 73.4736317697332 74.2621628059638 73.2214300996147 73.6039129938403 74.3203174561727 74.222964557707 73.8861814790865 75.0794435596823 75.2250061908323 72.3006714304278 75.5163956648618 75.3317232397595 74.3065619015897 75.0854628490786 75.720008033972 76.1689482065125 76.2961694327514 76.4557157698302 76.6126723262541 76.7500214863572 76.9713675992704 77.4578597451027 78.0967056452389 78.7702892441307 79.3883753076214 80.4410041755362 80.9135623151465 81.3177449557937 81.7821857491599 81.3963469707108 80.7883391305976 80.9171500310609 81.8261582325536
69.929608734401 70.1265910883142 70.3012306399307 70.5995673736591 70.876572011114 71.0389643214254 71.1666099571422 71.367096082007 72.9511373413649 72.3259187261078 72.239944882174 72.6249100532827 72.6725430757174 72.7683734490037 72.9174877025035 73.064919227292 73.349277941444 73.696504745305 74.381438352305 74.0189872981207 73.7378479139175 73.7692343980755 73.938779702373 74.302101360514 75.4673822148889 75.9177498523999 73.9868009826255 75.0090319458976 76.4967090929217 74.375497598664 74.9049106035608 75.7962804627075 76.5198599787926 76.653726684408 76.707947234948 76.8813639052115 77.0264860895582 77.3432869929183 77.7394805093713 78.3776352472343 78.9418182851424 79.7868306718909 80.5010422207448 80.6727356864699 80.8065003781508 81.6843003762301 81.2252891313029 80.8068284862923 81.092070801627 82.2923976139147
69.9980283710352 70.2364717749225 70.4084708316932 70.7574013250765 70.9057675894354 71.1626114440455 71.4095113528783 71.6628158493911 72.8832584035005 72.4937626112259 72.2742328046315 72.5332721969356 72.5607954267745 72.6022679420681 72.8789778951619 73.1918205400221 73.5832887278518 73.7863968865389 73.8237309274518 74.4483971135191 74.2271187967865 73.6839482731096 74.1103692144585 75.1410192839544 75.3651678433038 75.9453003069755 76.4559328619943 75.9786495363649 75.6776553199269 74.7168541382703 75.2138475013139 76.298979028844 76.8312092003892 76.9732010968179 77.0812324528616 77.2313194433261 77.3374370208356 77.6332230566299 77.9651026114811 78.4763102456115 79.0820886445253 79.7802784350899 80.2750105933896 80.3158809885535 80.7706544704875 81.8510834235108 81.6581425070283 81.1772043956181 81.326803862728 82.2343298728063
70.0424107525801 70.3337365744008 70.5552289907503 70.876726770373 71.1185758747665 71.4017686313902 71.4960641948055 71.7639131253043 72.4137513543816 72.4147858429234 72.1320173697942 72.2913873591346 72.4300698935264 72.5911445760231 72.8024599403753 73.2684107986283 73.8092892857578 73.6720996550933 73.5512616988616 74.1888343646102 75.0447303192396 74.4559804460924 74.2368816941743 75.2818467883761 75.4791624602936 75.5554119543739 76.3857164593054 75.7279888489748 74.9958776553418 75.5824431881814 75.4456871978108 77.0263879723461 77.301512310081 77.415209199556 77.4438545742491 77.6400727390399 77.6873230960458 77.8955642832811 78.1811978132158 78.6231906008771 79.2744750517706 79.6093494052198 80.336804483195 80.6031333928851 81.3810779287521 82.150088528991 82.015461146673 81.4441171032841 81.5726430878685 82.1920562483635
70.1757233975097 70.4804058233041 70.7432665275635 70.9261011501331 71.0534418502721 71.3391575846075 71.2575823342948 71.218779410327 72.4453162435185 72.3065354077808 72.2155680136322 72.1484031205816 72.2265331604395 72.4418559882563 72.6960336934416 73.2458196287257 73.7550981424302 73.8450597424797 74.2145914667228 75.0583062400332 75.0072474166569 74.4008778760072 74.6493470031513 74.3575431917801 74.9887552246782 76.3241965027221 76.0784342448309 75.4868657352275 75.174991517101 75.957326013341 77.9014527279116 77.9057460186438 78.1458860739048 78.2193650433858 78.3197830376902 78.4024307856539 78.4879834707158 78.6546927337833 78.9383308928787 79.0273028706873 79.5178290289455 79.8826470318836 80.9075302238825 81.2616132156052 81.6143667155552 82.1221579277315 82.4347675883897 82.1052694649138 82.1865047589922 82.7471312432555
70.280547557 70.4302234586992 70.7802130993892 70.892629129058 70.819847461894 71.1722266545734 71.349898121973 71.3137597933538 72.3254129246699 72.1744301100281 72.2053867159528 72.1718748261687 72.4002081931916 72.9392370671762 73.0494439003543 73.0587960385542 73.6591616579438 74.2489981797179 75.123550758752 74.8593718216738 74.907209168246 74.3096502086111 74.7541412159245 75.0847146030413 75.3205710208555 76.3253781734651 76.4405495935363 76.1268861311765 75.7657778158698 75.9150308715265 78.433144880544 78.4779285860219 78.4719913431351 78.5839517616188 78.695647382252 78.8367324620323 78.8989237051099 79.1260556022939 79.4746446750666 79.4779189989971 79.8448609585195 80.3135622430151 81.0156296619716 81.2431724841785 81.7043346682317 82.1840683671375 82.6128210044133 82.5284710119931 82.3780915008905 82.9635455656716
70.0154494001942 70.2376464231945 70.6193282035858 70.5560830626451 70.5539128340971 70.8311813990881 71.2400587708887 71.554770289839 72.3375826190682 72.077280142539 71.962541222201 71.9408881853796 72.3356368740456 73.1668626856005 73.4033250092329 72.7026734696711 73.1827203000386 74.3074740067197 74.5750768433664 74.7855667525143 74.7489414376566 74.5261302533491 74.8562487721295 75.2306892330724 75.1419031387832 75.7813285269779 76.1827329549555 75.8066876860496 75.9160622956514 76.2825393690748 78.9318774222922 78.8959880703958 78.8096050372723 78.9250622897672 79.0303054495106 79.301524269675 79.4188719979689 79.7019125730159 79.9802247425032 80.1125805711657 80.3213278977178 80.702733612633 81.1321005619426 81.1509665507612 81.6948776844089 82.0345897825467 82.7054747260993 82.65779278747 82.6406133202904 83.2038137919257
69.8449321155456 70.0540642850266 70.2996883908734 70.2928541846638 70.4293289929165 70.6776633127082 71.1115914052243 71.7228649998719 72.52377256923 72.547702308324 72.1729653775009 71.8777009450283 71.9665207731187 72.5815644285137 73.2238092565545 73.4098781323953 74.1654251060708 74.4139019266212 74.0159943171011 76.6417819979253 75.8939673386059 76.4573930071353 75.9088246941308 74.7461007975373 74.9376292148432 75.6428872920642 75.9277556779669 75.4156497327335 76.0983422312211 77.3040318731611 79.4358432678944 79.34618775019 79.2175684772939 79.307881943047 79.4481144013221 79.6716240116275 79.8111580145396 80.0923884408176 80.3451118152742 80.5308064530218 80.7838880418794 80.9772923190441 81.0201063190572 81.104433606807 81.3868935882832 81.685824735772 82.7938009199586 82.5522653847009 82.6250562019237 83.3159280918226
69.928438940055 70.0848154126247 70.2646170188087 70.3820275023523 70.476281989695 70.6408862303376 71.1340629052142 71.7745368166548 72.3228364897906 72.6093702963276 72.6154347097848 72.3935022795114 72.2318507843136 72.1184416518424 72.6842966382628 73.6947718645603 74.7380776344438 73.948512115804 73.8058152987293 77.1868976531271 78.2073469753415 78.7369674397854 77.6634600720769 75.5372467701408 75.3916120085199 75.5933754900598 75.8842223431053 75.628281796629 77.1581071216364 78.9851477775175 79.7841983229437 79.7779254090445 79.6270749201161 79.7231878027084 79.8015849247939 79.8899336449834 80.0298976464465 80.2864178515805 80.5167447270155 80.7853100733167 81.1403001423858 81.258249201968 80.9764687871304 81.1125866875664 81.2755972054664 81.6601777224552 82.8946545312871 82.7229936937612 82.7651172093509 83.2530930866148
