rcp8.5models/MPI_ESM_LR/sc1gr5.30
NCOLS 261 
NROWS 433 
XLLCORNER 336357.134 
YLLCORNER 654653.479 
CELLSIZE 1000 
NODATA_value -3.4e+38 
[rows 396 to 417 of 433, columns 98 to 146 of 261]
279.751892089844 283.4658203125 281.975250244141 277.035491943359 275.656829833984 277.475433349609 279.931427001953 279.394439697266 279.920227050781 281.837432861328 281.924377441406 279.926177978516 277.054595947266 273.264526367188 268.683288574219 269.654052734375 268.914825439453 269.444000244141 273.188873291016 276.152984619141 275.796905517578 274.963714599609 274.384307861328 272.024444580078 264.104248046875 252.956558227539 270.679290771484 279.368865966797 280.341033935547 280.910247802734 281.303253173828 281.676666259766 281.523071289062 281.245758056641 281.195892333984 281.300659179688 280.776062011719 280.769439697266 280.826446533203 281.027587890625 280.436218261719 280.036468505859 280.855560302734 281.584594726562 282.111267089844 282.570037841797 282.739013671875 282.800598144531 283.367889404297
276.972290039062 281.759399414062 283.095153808594 280.593780517578 277.839111328125 277.194641113281 278.475921630859 278.225799560547 279.207977294922 281.872528076172 281.703002929688 279.131866455078 276.377563476562 274.479949951172 269.888885498047 268.575012207031 270.623016357422 273.66162109375 276.5966796875 277.498443603516 274.83740234375 273.806121826172 274.107269287109 269.114624023438 258.833343505859 255.702270507812 276.72216796875 279.895080566406 280.046478271484 280.52783203125 281.001983642578 281.781036376953 282.149627685547 281.445892333984 280.917388916016 281.252502441406 280.935302734375 280.630340576172 280.683288574219 280.958709716797 281.400573730469 281.224334716797 281.140075683594 281.289459228516 281.885192871094 282.516296386719 282.040679931641 281.907043457031 282.926483154297
276.291290283203 280.800262451172 283.662261962891 282.571411132812 278.465301513672 277.006896972656 277.988250732422 280.159057617188 282.449005126953 283.393890380859 282.060119628906 278.374938964844 275.599243164062 275.28076171875 272.852020263672 274.002075195312 276.734436035156 277.724884033203 278.162139892578 277.643798828125 274.344879150391 273.415405273438 272.966674804688 266.639556884766 259.462921142578 263.771575927734 280.589111328125 279.759735107422 279.834594726562 280.243438720703 280.201019287109 281.054840087891 281.930786132812 281.167755126953 280.735137939453 281.753662109375 281.34423828125 280.500518798828 280.428558349609 280.569519042969 281.503662109375 281.91943359375 281.7099609375 281.493408203125 282.038238525391 282.486022949219 282.141021728516 282.334869384766 283.856109619141
275.029571533203 277.598205566406 280.311462402344 282.775512695312 280.1884765625 278.354888916016 278.846954345703 282.446929931641 284.519927978516 284.390594482422 283.830383300781 280.089813232422 276.200073242188 275.476348876953 277.342346191406 278.305511474609 278.843444824219 279.181060791016 278.911224365234 275.622680664062 272.186309814453 272.583709716797 270.53857421875 265.557769775391 265.678100585938 273.688201904297 280.896881103516 279.339294433594 279.485748291016 279.656982421875 278.659210205078 279.644653320312 281.724822998047 -3.4e+38 281.776824951172 282.380645751953 282.4287109375 281.384002685547 281.021057128906 280.847503662109 281.316223144531 281.993530273438 282.119903564453 282.021362304688 281.674102783203 281.342742919922 283.197296142578 283.938690185547 284.734832763672
273.344207763672 274.260223388672 275.871185302734 283.137420654297 282.993560791016 281.604217529297 280.913940429688 283.517822265625 284.633850097656 283.063232421875 283.492431640625 282.567901611328 278.626953125 277.158386230469 280.099731445312 280.498199462891 281.206878662109 280.775146484375 276.744812011719 271.416351318359 270.195129394531 269.423980712891 263.163024902344 260.179229736328 268.583831787109 278.765228271484 281.699554443359 281.002105712891 280.437286376953 279.120971679688 277.681671142578 279.205078125 281.962738037109 282.820281982422 -3.4e+38 283.060668945312 283.072723388672 281.631469726562 281.276062011719 281.427856445312 281.334564208984 281.914489746094 282.484069824219 282.956756591797 281.396728515625 280.370635986328 283.773132324219 284.554351806641 285.165130615234
275.0478515625 274.247039794922 273.818603515625 281.727386474609 283.642211914062 283.552612304688 283.398376464844 284.819396972656 285.481506347656 283.034454345703 281.985290527344 282.971282958984 280.963348388672 278.105895996094 280.025787353516 280.000213623047 278.599670410156 275.575103759766 271.659851074219 270.164825439453 270.855163574219 266.963500976562 258.652557373047 259.443634033203 272.232147216797 280.733795166016 281.352416992188 281.547912597656 281.76953125 280.371337890625 279.470825195312 281.235321044922 282.203125 282.157867431641 282.797729492188 283.446472167969 283.691009521484 282.134063720703 281.987701416016 282.329620361328 282.058227539062 282.485748291016 283.180114746094 283.820983886719 282.894958496094 282.363067626953 284.118347167969 284.583404541016 285.455810546875
276.799560546875 273.885833740234 273.800262451172 280.599060058594 283.798492431641 284.227233886719 284.820068359375 284.999359130859 284.263122558594 283.727264404297 283.472106933594 282.970794677734 281.737976074219 279.592407226562 276.295227050781 274.175079345703 273.915100097656 272.26904296875 270.781524658203 271.669494628906 271.468627929688 267.214508056641 263.153259277344 267.460968017578 277.515960693359 282.161407470703 280.731811523438 280.844055175781 281.575439453125 281.972808837891 282.174682617188 283.093811035156 282.532806396484 281.996337890625 282.347595214844 283.048034667969 283.723114013672 283.453643798828 283.327423095703 283.459991455078 283.197784423828 283.541229248047 283.986511230469 284.194915771484 284.2236328125 284.201416015625 284.228057861328 284.673309326172 285.360717773438
277.605682373047 274.890869140625 275.504150390625 281.890502929688 284.385437011719 285.103607177734 285.448333740234 284.636199951172 281.909912109375 280.686584472656 282.435516357422 281.39111328125 278.72900390625 276.821472167969 271.491302490234 271.61328125 273.847869873047 274.739318847656 273.449584960938 271.666442871094 270.157684326172 268.697906494141 269.788208007812 275.584991455078 281.261810302734 281.559143066406 280.523071289062 280.583709716797 281.410430908203 282.357055664062 283.048431396484 283.387817382812 283.073455810547 282.602630615234 282.494293212891 282.615417480469 283.259155273438 284.243347167969 284.083801269531 284.320831298828 284.474182128906 284.619110107422 284.810394287109 284.866821289062 284.927062988281 284.984954833984 285.022033691406 285.198913574219 285.297149658203
278.833984375 278.450805664062 277.434783935547 280.715698242188 283.425659179688 285.153045654297 285.783294677734 285.453094482422 282.141326904297 277.648468017578 276.647979736328 277.060729980469 275.730712890625 273.179809570312 269.925628662109 271.656097412109 271.885101318359 271.560485839844 273.728332519531 273.496826171875 270.907470703125 271.49560546875 274.103942871094 278.302551269531 282.095001220703 281.272918701172 279.517944335938 278.913787841797 280.620727539062 282.365875244141 282.959655761719 283.480072021484 283.819458007812 283.679077148438 283.609008789062 283.467895507812 283.87109375 284.845703125 284.889862060547 285.047607421875 284.988067626953 285.023376464844 285.408416748047 285.365905761719 285.348388671875 285.834320068359 286.110473632812 285.906463623047 285.755859375
280.707824707031 282.228149414062 280.965423583984 280.490203857422 283.617462158203 285.340698242188 285.848754882812 286.118072509766 284.023376464844 279.907806396484 277.166442871094 275.427307128906 272.517547607422 270.115234375 268.723937988281 268.721618652344 268.451599121094 268.234985351562 272.134002685547 276.414428710938 275.456329345703 275.884429931641 278.973541259766 280.966674804688 282.050201416016 281.351715087891 279.247955322266 278.024291992188 279.818054199219 282.315582275391 283.027069091797 283.762817382812 284.105407714844 284.308837890625 284.451751708984 284.259948730469 284.369934082031 285.173675537109 285.410125732422 285.493286132812 285.154815673828 285.189117431641 285.815185546875 285.555694580078 285.468688964844 286.047454833984 286.439025878906 286.369140625 286.171691894531
279.834442138672 281.575103759766 283.469421386719 280.63134765625 281.357818603516 282.098693847656 283.875 285.3291015625 285.670135498047 285.166473388672 283.710418701172 281.982513427734 281.471160888672 281.507720947266 280.461212158203 279.678039550781 279.504211425781 280.302093505859 281.630310058594 284.115447998047 285.013885498047 284.805694580078 284.617034912109 283.843658447266 283.136169433594 282.262145996094 280.402374267578 278.995086669922 280.219055175781 282.503112792969 283.582244873047 284.322296142578 283.796020507812 283.522369384766 284.168762207031 284.674713134766 284.958984375 285.133544921875 285.764129638672 286.009460449219 285.741241455078 285.902740478516 286.189636230469 286.448791503906 286.64208984375 286.684295654297 286.640625 286.511566162109 286.685424804688
282.400543212891 283.407348632812 282.238708496094 280.046752929688 277.000244140625 278.408020019531 283.41015625 285.400146484375 285.600067138672 285.473175048828 284.895172119141 283.958251953125 283.294403076172 282.467803955078 284.052917480469 284.725402832031 284.226959228516 283.573822021484 284.265899658203 284.721282958984 284.523132324219 285.010864257812 285.190979003906 283.876586914062 283.064117431641 282.5595703125 280.547210693359 280.262878417969 280.845336914062 281.800811767578 283.583526611328 284.740661621094 283.626983642578 282.842559814453 283.593444824219 284.242706298828 284.299560546875 284.827758789062 285.380523681641 285.703826904297 285.676544189453 285.600769042969 285.621276855469 286.042663574219 286.258239746094 286.269165039062 286.623107910156 286.844909667969 287.0927734375
283.308502197266 285.546508789062 283.4638671875 282.137176513672 279.743194580078 281.134887695312 284.873321533203 285.916229248047 286.119659423828 285.845581054688 285.085662841797 285.093933105469 284.898315429688 283.310668945312 284.704833984375 285.355255126953 285.317749023438 285.196136474609 284.911987304688 284.421997070312 283.967315673828 284.450714111328 284.979217529297 284.465545654297 283.884887695312 283.207153320312 281.948211669922 281.339416503906 281.354339599609 281.710754394531 283.344207763672 285.006317138672 284.836547851562 284.306915283203 284.171905517578 283.76318359375 283.301635742188 284.235443115234 284.679382324219 284.858032226562 285.093475341797 285.138519287109 285.093475341797 285.309906005859 285.536804199219 285.724243164062 286.361907958984 286.936828613281 287.25927734375
280.505889892578 284.550231933594 284.694244384766 284.52978515625 284.205474853516 284.525939941406 285.441345214844 285.808013916016 286.311767578125 286.173767089844 285.578796386719 285.473815917969 285.570648193359 284.730987548828 284.596038818359 285.336212158203 285.298004150391 285.388214111328 285.101257324219 284.356109619141 284.271362304688 284.089111328125 283.901306152344 284.57958984375 283.418029785156 281.974731445312 282.344024658203 281.613098144531 281.536865234375 282.578552246094 284.228912353516 285.236724853516 285.479339599609 284.891906738281 284.794250488281 284.499694824219 283.714752197266 284.581176757812 284.804473876953 284.588958740234 284.856170654297 285.355163574219 285.573822021484 285.392639160156 285.323425292969 285.975067138672 286.469970703125 286.717895507812 287.226745605469
278.104553222656 283.635864257812 285.560180664062 284.750579833984 285.256317138672 285.636993408203 286.040466308594 286.197174072266 286.453125 286.312469482422 285.523468017578 284.572296142578 284.340057373047 284.65234375 284.668426513672 284.975372314453 285.112731933594 285.742950439453 285.207214355469 284.668914794922 284.845031738281 282.678894042969 280.788635253906 282.2236328125 282.023468017578 280.50341796875 281.580383300781 282.039794921875 282.988403320312 284.269958496094 285.568450927734 285.953674316406 285.564727783203 284.650756835938 284.889068603516 284.621856689453 283.147491455078 284.050231933594 284.697937011719 284.957885742188 285.227081298828 285.40185546875 285.663452148438 285.786163330078 285.535064697266 286.001953125 286.519287109375 286.828552246094 287.10400390625
281.012786865234 284.805328369141 285.364044189453 283.570495605469 285.193908691406 286.115142822266 286.289642333984 286.487548828125 286.516082763672 286.023895263672 284.881530761719 283.509826660156 283.401580810547 284.352722167969 284.968841552734 284.967071533203 285.226806640625 285.46484375 285.225128173828 285.230041503906 284.450317382812 279.945556640625 276.843719482422 279.276977539062 281.214233398438 280.770111083984 282.642578125 283.335174560547 283.652740478516 284.180603027344 285.221557617188 286.020751953125 285.954284667969 285.313140869141 284.955932617188 284.541259765625 283.574127197266 283.854125976562 284.472320556641 285.171325683594 285.822052001953 285.777587890625 285.922973632812 286.228851318359 285.742492675781 285.767425537109 286.279266357422 287.06982421875 287.279296875
283.972473144531 284.185424804688 282.922119140625 281.215179443359 283.794464111328 285.412567138672 285.628509521484 286.279327392578 286.530487060547 286.107635498047 285.266326904297 284.326416015625 284.006103515625 284.110809326172 284.655517578125 284.812255859375 285.328338623047 284.817962646484 284.445495605469 284.416534423828 282.184234619141 279.298278808594 277.661560058594 278.893646240234 280.573394775391 281.268585205078 283.696685791016 283.162902832031 281.981842041016 281.70166015625 283.275726318359 284.449340820312 284.927459716797 285.630859375 285.191711425781 284.920043945312 285.001983642578 284.519470214844 284.778015136719 285.151733398438 285.902130126953 286.122894287109 286.323303222656 286.643096923828 286.349029541016 286.223449707031 286.121795654297 286.728607177734 287.479370117188
283.834503173828 283.053527832031 281.241149902344 278.630645751953 280.820343017578 283.21533203125 284.701019287109 286.099334716797 286.390716552734 286.351745605469 285.818267822266 284.986328125 284.678375244141 284.469055175781 284.630493164062 284.603271484375 285.269500732422 284.973663330078 284.527740478516 284.032012939453 281.765106201172 281.023468017578 280.621215820312 279.661895751953 280.296173095703 281.916076660156 284.148620605469 281.899108886719 279.436126708984 279.4287109375 280.582641601562 281.416748046875 282.701110839844 285.126739501953 285.717712402344 285.132537841797 285.113983154297 284.910400390625 284.945159912109 284.873596191406 285.367401123047 285.841339111328 286.135681152344 286.539855957031 286.754425048828 286.540771484375 286.278045654297 286.506805419922 287.045501708984
283.394104003906 282.853973388672 281.388702392578 277.158721923828 277.629150390625 280.721527099609 284.273895263672 285.982238769531 286.255432128906 285.785736083984 285.132781982422 285.00439453125 285.219299316406 284.843414306641 284.866149902344 285.342010498047 285.662109375 285.667022705078 285.542083740234 284.13134765625 282.801513671875 282.148406982422 281.237854003906 280.254943847656 280.461761474609 282.210510253906 285.233459472656 283.365692138672 281.164123535156 280.508911132812 280.201721191406 280.990295410156 282.522277832031 284.787628173828 285.792449951172 285.335021972656 285.131927490234 285.625946044922 285.373840332031 285.219421386719 285.513031005859 285.987243652344 286.059844970703 286.020935058594 286.636077880859 286.912017822266 286.753540039062 286.515167236328 286.601013183594
280.349853515625 281.608795166016 280.827880859375 276.571014404297 276.086761474609 280.68310546875 285.023101806641 286.007751464844 286.241577148438 285.793212890625 285.377624511719 285.844116210938 285.38525390625 284.192932128906 285.034576416016 285.723266601562 285.934051513672 286.145629882812 285.685455322266 284.448944091797 283.702056884766 283.213897705078 282.306335449219 281.558837890625 282.307312011719 283.836242675781 285.252197265625 285.061798095703 284.816223144531 283.926208496094 283.332489013672 283.868988037109 284.362152099609 285.205993652344 285.694610595703 285.589630126953 285.401031494141 286.179473876953 286.144866943359 286.235656738281 286.351654052734 286.580963134766 286.616973876953 286.2451171875 286.581909179688 287.185913085938 287.266082763672 287.050079345703 286.654846191406
278.350250244141 280.244232177734 280.355621337891 275.993255615234 275.453002929688 280.978485107422 285.380950927734 285.742126464844 286.027709960938 286.291778564453 286.296661376953 286.377044677734 285.769348144531 285.057769775391 285.430938720703 285.698699951172 285.920562744141 286.118560791016 285.793182373047 285.549865722656 284.72412109375 284.301361083984 283.829772949219 282.378692626953 282.663757324219 283.550689697266 283.421325683594 284.566711425781 285.685760498047 285.739593505859 285.591796875 285.746520996094 285.788787841797 285.784637451172 285.921936035156 286.257293701172 286.201599121094 286.785827636719 286.925231933594 287.023773193359 287.073272705078 286.846710205078 286.915344238281 286.795745849609 286.687713623047 286.981079101562 287.483215332031 287.653167724609 287.075592041016
281.134643554688 281.947875976562 282.571014404297 278.923980712891 278.358459472656 281.467803955078 284.977447509766 285.922088623047 286.143035888672 286.224731445312 286.237976074219 286.398254394531 286.436248779297 286.256988525391 285.651153564453 285.892944335938 285.979614257812 285.934600830078 285.771087646484 285.354614257812 284.239868164062 283.778228759766 284.367248535156 283.418701171875 282.375244140625 282.049102783203 282.347198486328 283.383666992188 284.382354736328 284.630035400391 284.931304931641 285.394622802734 285.857604980469 286.300659179688 286.25341796875 286.442047119141 286.584014892578 286.731903076172 286.820068359375 287.434997558594 287.670318603516 287.187683105469 287.160552978516 287.24755859375 286.882354736328 286.971008300781 287.526977539062 287.963531494141 287.536285400391
