rcp8.5models/MPI_ESM_LR/sc1gr3.5
NCOLS 261 
NROWS 433 
XLLCORNER 336357.134 
YLLCORNER 654653.479 
CELLSIZE 1000 
NODATA_value -9999 
[rows 220 to 241 of 433, columns 150 to 199 of 261]
269.760061241734 269.562722003843 268.687192962078 267.570639091713 269.646670496716 270.051578593073 270.276504718242 270.274474310528 270.353051239789 270.228436486555 270.345361709591 270.342007447498 270.670703949903 271.448214357189 271.60113328082 -9999 271.499036610098 271.408071803361 271.403642454466 271.44541565659 271.576754170491 271.563090305793 271.437358549835 271.405031318061 271.316843230757 271.275768648562 271.246695304486 270.84901451882 270.37180919628 270.368323889621 269.79456196925 269.278689770098 269.437820947998 269.916146002671 270.286605066468 270.489067554445 270.622119031475 270.805922045367 270.625498406492 270.471587514559 270.01109042458 269.700384346701 269.388360502655 268.861078556319 268.196856181471 268.491544876631 269.029845430926 269.264901830317 269.196644995727 269.387771477537
269.67112422022 269.134761956107 267.863618906004 266.683245870249 269.416670090198 269.599121147247 269.91510481769 269.991573077453 270.590518339355 270.482139370957 270.583387811916 270.726460644534 271.05429929334 271.291441238077 271.587865249284 271.467852612437 271.416237327081 271.270357867203 271.29400919256 271.64295816956 271.659355918535 271.423734581371 270.986221995681 270.800431648659 270.946064502742 271.245271248777 271.293481831572 271.200230336518 270.68817691507 270.402289951808 269.858961132779 269.418703072286 269.308385129923 269.665827824994 269.9333626291 270.185543343928 270.551779833767 270.672467318345 270.590220501042 270.381400808935 269.930456086544 269.522465494079 269.082487969274 268.915077659731 268.478540064707 268.502988638238 268.719485859521 268.982291016233 269.043243472459 269.146202968409
269.456618253066 268.839389251986 268.191363229263 268.140901232264 269.310991172507 269.50381836706 270.044607822658 270.066232145872 270.540347765515 270.716145145639 270.891634320516 271.135585917636 271.294664679915 271.214202429447 271.470471362909 271.390003919156 271.231760320574 271.239610826438 271.288193010454 271.553332214061 271.432099809621 271.212919340323 270.417318143913 269.92631083177 270.669514270853 271.15149131872 270.901219656669 271.020962360589 270.636344010932 270.111433464279 269.384506612782 269.06899605966 269.264731605131 269.307039023139 269.48568584158 269.835743600617 270.290415386342 270.424675166581 270.349839735755 270.266508625894 269.925998133562 269.47622807245 269.10240174751 268.905202084443 268.407043038717 268.319586971567 268.433132833145 268.849703752801 269.059491671268 269.121115078056
269.509083833791 268.72343208478 268.210456884398 268.684863515921 269.476629562188 269.780171157441 270.268754116061 270.364954199601 270.577398912109 270.940683682676 271.150139817639 271.461724887754 271.277872686094 271.119087255174 271.35345722131 271.351333314141 271.190066401344 271.352111062839 271.463002303646 271.109817401908 271.116422822719 270.821435758502 270.07990443268 269.637125962566 270.741990304828 271.040411424136 270.383153444297 270.559872469518 270.448917618248 269.927227108014 269.051160533842 268.799103127965 269.008833838333 269.357398969038 269.490963767913 270.083568985012 270.312709675263 270.343018356962 270.167525147904 270.211422368039 269.952100848522 269.583041150085 269.193036610277 268.783242549864 268.017517862604 268.040925846636 268.646131545421 269.004039646164 268.877635040469 268.808307303004
269.435004983786 267.993050232667 266.577244439717 267.834035626468 269.359230082076 269.809997278129 270.204065815582 270.365275573866 270.732058516793 270.853262436916 270.958814855785 271.25890872138 270.929927827467 270.703276546857 271.268960868236 270.996800880754 271.108944935999 271.480691749659 271.435729746543 271.006611390703 270.931655829357 270.539883628503 270.275959389097 270.168442137389 270.886099274532 271.188810322823 270.492446816776 270.331790365467 270.264504045599 270.012513578454 269.162332933864 268.986710319296 269.171515206096 269.857538200051 269.926699227799 270.389606203473 270.370759146459 270.278838470738 270.162916000476 270.237321572053 269.97253505325 269.478574961042 269.072085710623 268.673836032646 268.197041263893 268.546653311841 269.053467569409 269.200822648633 269.012861637316 269.078269965455
269.112757500287 267.72391689383 266.11204904734 267.734430784481 269.203561443385 269.819113304429 270.146973498481 270.254632238073 270.60536357707 270.580209149362 270.746982932068 270.968309042231 270.691570194565 270.391638475923 270.822485134243 270.760381189472 271.186567851574 271.413091046057 271.305203590952 271.23906429953 271.134052392798 270.884696040514 270.491946706479 270.450578223331 270.862613977888 271.011409451772 270.631100122009 270.319371706257 270.319762697383 270.204620098417 269.473817424008 269.029801485711 269.491654476025 270.293331849928 270.284065369428 270.350791487975 270.289741859275 270.253869663871 270.218301814364 270.197937754472 269.84780042384 269.408237330351 269.022094723265 268.70512264234 268.472322332898 269.130558110097 269.34467011136 269.476525811691 269.797866225326 269.948709814591
268.4441879579 267.754396033669 266.969166167855 268.542452363523 269.247623306 269.858921017848 269.962548352659 270.012235413872 270.589279272303 270.522300459942 270.683055431759 270.872587265265 270.833605396108 270.353771047464 270.334161847736 270.779049292382 271.390879485794 271.300451253643 271.355364048676 271.260140979066 271.339207543688 271.140471161512 270.29139192639 270.172529905904 270.461812049882 270.604024317848 270.459988808368 270.323075715093 270.277856463129 270.035280194899 269.496405318068 269.178994183236 269.345737784843 269.77667324566 270.096072182732 270.355263967898 270.285437285918 270.275213044452 270.264780500898 270.051717917273 269.531985175368 269.303874637426 269.073596708169 268.750592580313 268.377180651232 269.145063038161 269.22841471221 269.384524910165 269.861882492175 270.078460945357
266.676606893683 266.942772103275 266.587210881022 268.504680218876 269.095726914553 269.502187089088 269.859265286945 269.977974635135 270.565403631579 270.843177371192 270.805754303295 270.788355278706 270.898773919869 270.247092211081 270.133656593567 270.952994365889 271.38608792334 271.270118710693 271.375558762541 271.108757820419 270.886076003528 270.779451714602 270.183322177096 270.065481504924 270.135931343322 270.347447715495 270.408083051569 270.222086614297 269.958523229157 269.650383046076 269.337877193088 269.478102792266 269.772105005775 269.848626576873 270.121654416627 270.342445638126 270.281210195896 270.270961303182 270.260508760774 269.970972959526 269.349843242153 269.202381158309 269.033276633839 268.596662682306 268.477412044071 269.114276637329 269.017099944363 269.111214548113 269.336486870433 269.502968498079
264.008619256893 265.294172104935 265.115487561937 268.174615847004 268.399306671689 268.815574143192 269.903985144035 270.156512016878 270.573653756416 270.828837656116 270.56977973947 270.694286903555 270.812058326105 270.178978047675 270.168154192394 271.016959283944 271.231908462052 271.354371611452 271.4012647221 271.005512135121 270.527184088543 270.463380885663 270.208564045805 270.150330102278 270.025814929803 269.85758662859 269.924797764465 269.702462923709 269.51002357974 269.368448710279 269.333841350052 269.453358683874 269.756960991142 270.007670291783 270.296956151215 270.287134421776 270.127242061254 269.997232171863 270.286221338173 269.907207504704 269.345676378669 269.223649912812 269.068654243829 268.647627789652 268.441197063838 268.595384823373 268.532379458946 268.514470623184 268.307355015188 267.986073831502
262.561641773606 263.510458899587 263.095581896686 267.583719852024 268.435270266673 268.657181059526 269.599014241316 270.14698120011 270.557415940018 270.326960862842 270.225333124399 270.640497329257 270.869126983728 270.366271986032 270.268937592182 270.816266703144 271.008619431591 271.190485705361 271.304228264707 271.144287480069 270.813175478487 270.459262774509 270.200715865485 270.046612566487 269.69957935192 269.36567799432 269.362251440541 269.392063362278 269.418309162906 269.354685862911 269.329880639336 269.321033323128 269.426819375878 269.806350394716 270.173329965681 270.312975630899 270.055381672201 269.612867715705 270.067863329309 270.122675890311 269.672005394508 269.309675555797 269.20117555351 268.825723071262 268.374802760928 268.191301647717 268.08876438813 267.928756075277 267.381047791549 266.602668059653
263.455207225467 262.447760891166 262.248260017849 267.219893946631 268.565373441333 269.042956532083 269.630453309299 270.115700104126 270.359597698874 270.172061128616 270.249312887298 270.691490009108 270.882476888776 270.410148953451 270.205692946137 270.707184036839 270.927198013197 270.978158634555 271.136983243225 271.125588090819 270.72079250371 270.336185284589 270.082918688222 269.709329330524 269.465907255151 269.236659880965 269.047606206369 269.056788894864 269.221135939954 269.066890406413 269.266308903312 269.317165902753 269.384946259225 269.555714237331 269.856937293184 270.334829292059 269.923672201871 269.390859600759 269.769232037475 269.988457033974 269.798649845194 269.261709673957 269.187658320364 268.756612469653 268.205002630279 268.091395228005 267.82133103444 267.556801764339 267.722389645418 267.397720816108
261.113760842375 258.381969999999 263.695181585513 266.225576405412 268.324759387598 268.988839393019 269.27964564934 269.755124141591 269.864812872104 270.102051370693 270.203114854086 270.498311593863 270.649185339999 270.225940828071 269.63903070647 269.985613417929 270.077003881714 270.295749392181 270.600965689585 271.145957167064 270.898879497482 270.453028641349 270.551622578818 270.292507500859 269.746712869317 269.607040958967 269.168348503079 268.52615245134 268.361406882026 268.442436763446 268.877041692433 269.117395558539 269.082162658961 269.090794185953 269.068192961629 269.246153737949 269.147728171435 268.537896546418 268.614869230734 269.480681738327 269.804755628444 269.288947110585 268.681833061762 268.791161490654 268.654577034606 268.28506445042 267.783549636779 267.124237349532 265.641813660681 263.376922385925
260.615412397197 255.748488217285 261.064279044289 265.041932444062 268.283903698727 268.753009080394 268.983368221544 269.21611826038 269.679299637465 270.156542179592 270.095739059842 270.287566870366 270.709928985201 270.364760923359 269.556120001979 269.693935689798 270.056612597317 270.45288083973 270.778752446608 270.975423716068 270.864027341101 270.583860467126 270.488376655547 270.329104572668 269.685537404714 269.089659448614 268.802221667168 268.657583800747 268.080373716067 268.119667067155 268.569126432159 268.780980777678 269.130251834826 -9999 -9999 268.875914159619 268.459718305219 268.213288410335 268.486757475803 269.352476774787 269.646620482188 269.31927159076 269.017805397893 269.018516914633 268.577627242588 268.22551838085 267.578220057876 265.870544088636 263.760263132725 262.452755683446
262.893668331285 259.635442666212 264.041309063544 266.655690757988 268.346976377225 268.946431652359 269.045794447649 269.130550856892 269.849332397385 270.173609344869 270.179527522634 270.368044831774 -9999 270.732159909779 270.155069243136 269.837714776027 270.101513764614 270.417164160929 270.749989635402 270.715279628449 270.804506053171 270.488852683205 270.079595905861 269.952289757468 269.696686734459 268.131269526224 267.597323014211 268.560645544831 268.067182713316 267.971453302954 268.37413394361 268.616736446315 268.947379257202 269.091739123778 -9999 -9999 268.049476006213 268.220319709882 268.897894123551 269.490258185298 269.69935533656 269.277557058256 268.793630831083 268.887936129757 268.440031240401 268.16645367836 267.514020933624 264.719329863248 262.315000340494 265.653079299054
264.199659666472 264.221978890426 266.98441895091 268.015266723018 268.58971824877 269.105663008778 269.28926563646 269.692115569032 269.916527939496 270.142010597846 270.282023554269 270.475359968932 270.862880387144 270.807280028133 270.150965783188 270.023505574417 270.072807720348 270.208101838218 270.564415626128 270.406479237493 270.715755228176 270.381650912885 269.824578677497 269.532782764897 269.586786077813 268.120763204549 266.840484879009 268.126051283482 267.901242037974 267.777752512267 268.325040894201 268.653121324773 268.997031215744 269.203118661672 -9999 268.709041085084 268.06499557564 268.592045345318 269.198193423822 269.567816730079 269.665203777166 269.287229817636 268.289810187052 268.521940323203 268.477060212422 268.25875559031 267.579680048694 265.985649026843 264.628731402464 266.771562296834
263.473857912203 264.062880323807 266.965235925974 268.243286058858 268.719112599822 269.000125204061 269.206036273585 269.556348674413 269.978075709969 270.108194202261 270.214621960379 270.347611615268 -9999 270.774865427449 269.993039185198 270.012557466822 270.068889905342 270.200826803712 270.356660274729 270.154637332988 270.511864518532 270.318772280125 269.755876900776 269.322461771661 269.551603535109 268.17496210679 266.215907874342 267.451538945783 267.573833356074 267.690754225138 268.578417857376 268.780999854003 268.995464068205 -9999 269.00538196396 268.465451301962 268.10198722928 268.367226730243 269.04891439108 269.436508336266 269.482056730689 269.299626923726 267.93825024888 267.880689765765 268.12051319868 268.204512294462 267.978088099593 267.623766982894 267.171130074204 267.030873578777
259.933213943751 261.26761631172 267.213720075324 268.178063566161 268.680963435171 268.8733917637 268.960670349991 269.164077381637 270.020047430455 269.930032411916 270.072585164096 270.187931321783 270.287118344592 270.564717308015 270.134487968553 269.868918150499 269.886998696762 270.113165715019 270.082407305063 269.98899212948 270.200841440711 270.115048082866 269.765369535732 269.375474744432 269.169065627419 267.835229143329 266.231023110402 267.257471459742 267.698822425973 267.907173777902 268.612528547344 269.049214853776 269.074108390118 -9999 267.313360290569 265.690122596745 266.496226875356 267.682040059814 268.702584257378 269.253584118932 269.299098710273 269.125082150422 268.163439692838 267.750229101067 267.203001592664 267.254717643808 267.986070914731 267.682357860851 267.091625040641 266.92575278403
259.154806388818 262.341219693501 267.547035140383 268.266944646703 268.860669210672 268.97276211188 269.082463522091 269.182348450432 269.963911862739 269.823874326936 270.045956987651 270.211528333868 270.387099510552 270.461410275756 270.235589890116 269.846050298635 269.844395356612 270.028989108339 269.969339354647 269.905019320288 269.981777544958 269.806598351062 269.419892786075 269.201701301246 268.350155785911 267.82134041619 267.138172032532 267.563142658518 267.729488700438 267.922149255413 268.17048937993 269.003128521685 269.189944890685 268.917352041436 266.598438282723 262.917379538079 263.517234730544 267.925897843606 268.583768146449 269.035973986236 269.141995630392 268.811979569996 268.202296519498 267.574269440693 266.941112343384 266.835409498089 267.656111573042 267.812823458495 267.450514232996 267.280293922757
263.172162262953 266.091723960331 267.841868119742 268.422365122376 268.856617646486 269.174117569578 269.499942804344 269.443013528329 269.724363307905 269.549847199073 269.949851446782 270.203001750515 270.536168798926 -9999 270.231761815281 269.835702594842 269.681968985098 269.528856822095 269.495954175134 269.904999216303 269.956277707388 269.677175659166 268.999569764166 268.445768569009 267.204882904101 265.925001323727 266.460644689545 267.50772066066 267.891509830431 268.192781973254 268.369850747915 268.895654857073 269.110329700208 268.907434943105 266.439291213238 260.799875566358 260.067424584994 265.871675125769 268.778822429229 268.980794974802 269.109338944657 -9999 268.173938307934 267.79410231159 267.492688728097 267.09639955032 267.306801019275 267.894454923589 267.958967263462 268.254648471783
260.429063293615 267.070313698234 267.793240486275 268.237370610277 268.725469976114 269.347127694818 269.610004649386 269.704028665459 269.450172262929 269.520895751296 269.81148527877 270.172010476864 270.623930731613 270.676101008865 270.491719135334 270.13497688007 269.708252139807 269.43362015905 269.04314287156 269.927423668691 270.008929966712 269.641896089169 268.852879598037 268.400347137653 267.23020990116 265.492478039547 266.165951037467 267.498106655197 -9999 268.416045480839 268.439821666169 268.982876036442 268.959943411448 268.641221228694 266.522591351383 261.667820758496 260.930453807484 266.259238305387 268.879352953688 268.918748389985 -9999 268.60389391158 268.110564916274 268.139624123198 267.59793428714 266.846664971851 267.070866146738 267.512227759886 267.73837687607 268.275789325695
258.459475753562 266.543001632123 267.596782186725 268.286227157656 268.596227900209 269.086588828928 269.265250631768 269.575345093396 269.567829090314 269.874418223957 269.811778714617 269.962633496926 270.342058238273 270.546207099887 270.664101812258 270.35653037333 269.969023340222 269.804820497075 269.285874884629 269.539307372369 269.943160483774 269.413370394084 268.533878581948 268.801960140121 268.117669620896 267.237498177813 267.218119186873 267.476513740687 267.764435796765 268.094594378751 268.109612336752 268.819920663785 268.711996352887 268.104173099771 267.302264521415 265.691213953376 264.861776897584 266.575457005615 268.817780943781 268.686112143123 -9999 -9999 268.108646361229 268.08484582147 267.73511867515 267.216490777861 267.165270176976 267.343733626988 267.647376167846 268.102961377284
259.960267055537 265.497482791252 266.888249474221 268.164254379816 268.466512789205 268.772382318985 269.405485990201 269.558574513489 269.722470067902 269.764465048134 269.892615997118 269.924538626546 270.056980070492 270.268637194885 270.314161178893 270.126151321205 269.991278226174 270.025162414129 269.721083518922 269.194650633393 269.890769952046 269.459518912594 268.49804903958 268.490019668257 268.190850569064 267.776427534815 267.337157893405 267.169164735642 267.563544786248 267.830341559084 268.211103176001 268.816024480471 268.638468157302 267.727289559155 267.500502038723 -9999 -9999 266.69965231903 268.706046602406 268.408241921284 268.542476594842 268.574452161282 268.110269626296 268.079729104003 267.9608954824 267.337003851209 266.901568522003 267.292625301291 267.847103276598 268.305119943252
