rcp8.5models/MPI_ESM_LR/sc1gr6.1
NCOLS 261 
NROWS 433 
XLLCORNER 336357.134 
YLLCORNER 654653.479 
CELLSIZE 1000 
NODATA_value -9999 
[rows 374 to 395 of 433, columns 100 to 149 of 261]
2730.42040060936 2721.09582948915 2688.06960192843 2631.15893494163 2453.04512824822 2290.56211797022 2329.78779797545 2480.25817554601 2553.6048730954 2545.7733571924 2544.45229695278 2483.82695121183 2210.73938295809 2138.49475403674 2069.72361814723 1992.45237869376 1898.18349738395 1844.19315572715 1814.31304296641 1774.05985236626 1776.09395876332 1804.41766771136 1863.97268325952 1916.06730323453 1968.01376549307 1956.38367558716 1928.8678464401 1931.123661598 1954.71019300606 1958.61617533218 1975.4629749241 1963.40878164046 1926.00584891672 1797.2347637836 1624.35588604601 1538.50586874079 1648.41256832683 1617.92363431157 1410.86350042807 1288.31946949526 1249.00202026997 1220.59049872285 1195.42691517522 -9999 -9999 -9999 -9999 -9999 -9999 1046.5408431991
2713.04457663142 2656.85351805947 2689.67152412905 2672.94905473179 2544.33537427409 2413.01027753069 2405.10926783033 2438.73007626639 2480.11251495133 2521.77746225908 2540.12083711735 2490.18980685653 2160.31504539848 1959.24304603595 1889.78623624345 1811.41144474039 1745.7122660526 1723.84580920163 1720.64814587184 1705.96453304098 1705.13420173828 1741.19363297687 1811.91644407313 1909.41980381404 2092.33437542118 2087.14321044788 2065.32220968545 2031.01375290847 1986.38881440174 1958.53987592512 1966.914564464 1957.90830634356 1930.87304989 1886.95305864042 1823.64147024917 1436.02637418202 1454.35501077181 1472.96829769854 1355.45572208656 1276.23477204823 1238.57853611862 1210.2101670454 1188.03274782691 1158.17771616902 1133.68081931265 -9999 -9999 1064.55966288496 1052.49036384773 1043.2600838956
2650.12416143291 2623.26438122089 2652.93467453811 2664.57811018946 2638.75953763286 2612.75584509633 2569.54093750792 2512.14867457705 2507.35255696484 2535.34012071583 2534.43331199308 2516.79607305167 2341.2195449603 2103.97436271434 1963.03699653635 1856.07058706398 1803.80923896655 1791.65002167485 1759.00929716089 1739.06557120225 1735.13983419565 1764.92266887055 1851.48477109431 1958.92791905006 2114.35897655817 2127.23254549189 2119.02070225148 2085.45006043416 2039.89183945967 1967.51887772357 1936.36441704131 1957.95932165067 1925.39424244732 1846.30275659446 1803.08111157112 1465.19485535804 1350.39543088463 1314.69914131586 1283.95723447572 1263.55895054199 1234.42651007866 1200.87094839414 1175.17724574055 -9999 -9999 -9999 -9999 1055.51732757396 1043.59606355197 1035.95672991214
2515.38498970242 2622.7096040053 2631.58577130651 2641.70421479323 2629.14778185456 2574.2897753822 2554.03412843518 2498.92573572789 2440.31973190724 2499.87590300502 2528.53002299925 2511.84456148935 2459.44321950181 2373.31153914909 2252.53455536164 2123.85685167776 2016.22961764975 1945.96146265373 1877.80994566552 1826.37569505343 1792.46328926927 1818.48967275122 1927.84723672217 2042.13032704905 2162.42452643184 2124.73346589403 2072.36867243936 2044.68228245738 2047.15074054877 1967.61671141273 1888.96446036799 1874.34620495656 1859.24420704453 1764.99318226427 1725.89963016913 1525.78704845173 1360.67588685854 1296.96862062236 1268.01082120536 1249.45597608764 1229.28878327661 1191.50362424124 1162.73557084348 1147.13223772713 1119.58752845782 1090.49967512819 1058.93294190131 1042.83102630524 1033.60655721819 1027.88038661563
2482.24015147172 2444.41855984368 2527.84189285959 2576.03791337112 2595.39620101478 2524.14722524718 2455.33215900438 2350.51670021504 2255.0083619349 2269.3915982829 2326.08114373549 2403.29318944659 2435.80589110288 2393.28169472621 2273.5660212852 2150.91335895428 2051.79167572816 1962.62643824552 1884.51281891376 1817.39161162812 1770.2584373591 1783.51114379408 1863.2356590044 1986.94901631031 2189.45496383616 2146.18264488591 2050.27675322059 1980.90174077856 1988.71586346109 1951.35622278637 1878.77785026507 1792.14977114 1731.93976989058 1643.00954504995 1611.11914110832 1659.2960201165 1453.35525472029 1310.89294577982 1259.3461161307 1233.10407313487 1208.69287527537 1178.52386257988 1149.0702813053 1132.52879810249 1114.00313960627 1085.98847231911 1043.88713025285 1037.99400872341 1027.06062641552 1014.88258614927
2542.51502778199 2338.43450080525 2373.60978872763 2460.49078958685 2484.84773337628 2462.45093442062 2364.35267773743 2222.61815591871 2127.57991955275 2022.86348230371 2008.13797924282 2085.6226692959 2153.65812181731 2146.01203645105 2015.23268755826 1909.98185229307 1876.57436303575 1844.94959646126 1804.71120412763 1772.19349640821 1753.93801014971 1751.02220410804 1771.0860935081 1851.38120900824 2049.26947088396 2029.56332637462 2066.9064192768 2003.42928049722 1913.73971560634 1878.39065312495 1854.67871398404 1786.79439888113 1674.99226119101 1543.84941420863 1498.99311019893 1680.08048282067 1547.41394631412 1340.71434307536 1256.10540907307 1221.50081936509 1188.8089116569 1163.21985768712 1138.00015357085 1113.44758735164 1097.62877081198 1077.49833657944 1037.1338804542 1033.80722984851 1019.02472129375 1003.93812805019
2539.49143323589 2434.15941921509 2399.65978746375 2404.09430905532 2400.91574151202 2384.69760948122 2286.80233835616 2170.16614427617 2101.80669273889 2020.04838191532 1959.18151169467 1915.16012294346 1900.02533493085 1918.42088886603 1849.965356089 1787.55955382831 1781.48561811506 1784.06054522966 1783.40507918476 1775.30750176243 1759.40595300521 1745.48254315485 1743.05995683407 1764.83911902976 1845.78178240878 1884.99908915023 2046.99428834469 2073.25008406688 1949.31029031369 1865.82700186936 1820.27359491978 1777.00229473336 1715.23194872385 1575.60930970298 1467.57867744448 1485.30009718156 1475.33609101558 1372.8833349507 1265.75061372821 1227.58690366513 1189.24130869526 1163.10546437752 1137.53168798905 1103.54650404597 1074.7621135566 1056.17033430801 1031.86073756123 1028.32445563967 1011.60701225739 994.352578707283
2483.40817237448 2494.2478949938 2468.69024738307 2437.26450262835 2416.80015267607 2397.21022039307 2381.98465230065 2335.21533597684 2242.26723444845 2113.0564412928 2030.44946221721 1981.39222014261 2024.32809315901 1987.37962193305 1903.13076810031 1831.45736775701 1789.34941533683 1788.7443871558 1799.24863788891 1783.1382289065 1763.68986443567 1741.12011445263 1714.57372649 1717.79718720942 1717.00012284524 1802.9157325001 1958.21069020006 2020.01753171806 1994.81166966537 1954.23162512283 1864.62397932521 1784.19044128287 1746.37392752762 1669.82857420987 1583.24283809562 1444.93325268971 1454.46976811593 1528.8812274415 1413.1554442402 1244.52135573528 1196.59368425199 1170.79299913731 1143.51196395301 1109.17567433403 1072.01096594556 1050.65756413406 1021.1476106598 1018.45426624943 1005.06054886479 984.024903627979
2553.25680852555 2515.92191274611 2532.09855786561 2462.7779395363 2414.57176290051 2447.09814930148 2505.37192557113 2441.24998347371 2325.57976192125 2199.99835217796 2095.93586310704 2071.18631583801 2233.39542641276 2190.42148778593 2066.41167277451 1980.25360749034 1876.28329759866 1858.17356589068 1935.63517685358 1912.86089483088 1862.45443326647 1841.29509641288 1788.3913203605 1752.20176815611 1674.05973352193 1715.96693661961 1803.92213799515 1863.80565477289 1958.66647674153 2028.16807534184 1916.15818002972 1783.36665280765 1741.34410927202 1710.70555052991 1680.40495516622 1593.73827114686 1556.35740102254 1614.74817463669 1519.55408802239 1267.34822243089 1205.49781988872 1172.91762411203 1147.14965168371 1118.25996394683 1081.63444760771 1057.30997811553 1012.47126674785 1002.51828326805 993.66132125858 977.55180505452
2601.21447723702 2557.08600755643 2549.91974408832 2558.68135620814 2553.86186945038 2535.27158830517 2517.96930207824 2503.75672275126 2472.32063716392 2443.84462596994 2428.33992034195 2431.62727366341 2398.83056620261 2419.84168447901 2429.37363605418 2441.44544546754 2416.39522416286 2359.48087349161 2354.83379739493 2352.32621339843 2299.03980268691 2300.69042609455 2260.19450380713 2144.99061254654 1916.19810823275 1905.5831843545 1945.01530680686 1987.18950373266 1943.79236579533 1814.78743901332 1754.88139922266 1745.34394824211 1728.71957296613 1674.07134141682 1611.8992963478 1493.91895882408 1471.32264401493 1491.45500977485 1417.4494665341 1292.00134001926 1239.90240133945 1199.17193512163 1153.08932967161 1124.89414030141 1097.79926428595 1069.82242895474 1012.50308537987 989.247343602649 974.579295921584 962.599644329992
2589.58419740421 2501.90121925946 2458.18310660546 2475.99161905701 2526.36225963152 2524.01570691996 2506.84085923522 2494.9028983772 2470.71280704068 2455.46293547397 2447.51395015843 2432.76150885995 2429.75003503509 2429.52521997806 2442.61342201368 2414.73313633607 2364.72302603703 2351.72661018283 2353.54196475421 2358.5443987856 2359.63785156504 2355.81155817582 2316.12185090399 2191.34517595343 1939.33248510102 1945.30580147444 1976.50139776773 2017.97481446097 1967.52860599743 1804.97808988521 1739.98289609484 1707.97953915644 1698.17068437483 1624.65452612565 1518.87211388504 1415.193823416 1369.81850911859 1376.45993868924 1385.30078307027 1294.64722141388 1268.41833176052 1232.69875607001 1158.8939891218 1130.49965477035 1101.56702600249 1074.42838931616 1018.92339493399 990.921857287978 971.426362125599 956.447543408001
2587.3975529063 2530.77782514817 2478.46686801316 2455.6194873465 2498.20128833461 2515.95176562423 2496.70615916014 2471.25497842872 2452.54957993083 2452.1634439897 2448.36101287118 2443.19729142461 2419.79879253754 2394.5456246964 2388.25595870642 2376.06049344493 2346.93396357164 2317.16758751643 2331.14352321532 2347.49795600126 2257.10494717016 2199.45048199612 2236.59231193763 2164.47575227801 2035.5888596187 2033.96362625851 2012.53861172561 2029.98858253649 2009.58928698313 1842.02840129045 1709.03706025069 1632.36430141788 1609.44093580051 1580.89607526915 1478.85486215364 1368.71757889873 1348.92912194978 1325.53481373017 1290.0274455136 1268.30215184635 1274.91730431313 1229.8747378895 1161.00876332491 1122.17235112976 1094.23532524924 1069.80571238194 1018.43262151397 988.274333413505 968.613168678984 955.20351502692
2556.9255062711 2562.13355345502 2544.13985415005 2502.92878315161 2482.02683844475 2455.13161621858 2450.06856892842 2465.00925372485 2448.53710815577 2440.32679743702 2430.07199720916 2420.58345726546 2399.72878361837 2385.56377658145 2354.36619106543 2350.81209362702 2381.02630595332 2309.60358167307 2225.52154785745 2276.52226457936 2257.5885265497 2183.48001168627 2178.66774134468 2164.00865810166 2126.11724938017 2100.59188689806 2048.9941694836 2023.77351345181 2012.32502619292 1935.97939406562 1837.28334550554 1728.19721806939 1584.42984674928 1545.511787327 1484.12677480304 1344.52116593185 1323.53417281549 1302.90546983542 1266.09765980647 1241.28503187031 1229.30320804312 1205.40945919785 1176.40295209511 1119.00121645313 1087.4783392539 1062.18793550705 1012.76731513829 984.994815623138 970.671433533269 960.590535432809
2542.91678910197 2535.14525073044 2532.37943769539 2507.51870437129 2443.11769634736 2357.4505950951 2359.9408327261 2430.18006112945 2448.21512166384 2431.30503828201 2413.99323408086 2394.59786802681 2394.23366328622 2400.467776692 2342.66672273522 2307.38744012638 2365.44606772398 2338.00637913622 2227.59390754465 2209.18513251499 2218.66884422995 2186.64472957473 2138.48567513964 2102.50567093801 2066.93917187142 2018.27797291494 1973.67968046354 1962.77820350883 1973.58379922435 1970.07943093825 1945.8966711137 1862.32182590403 1664.28427757155 1519.44762754988 1466.48830777674 1343.44928877722 1305.44319459116 1276.66637949045 1250.30312355189 1220.07798021363 1191.79393688542 1176.80194902612 1165.59072906197 1118.28332127592 1086.01079733674 1057.26137330674 1013.27743116835 989.133094373917 972.305216263594 957.087890158782
2552.10668619038 2499.93162082501 2501.23155015567 2502.531301075 2368.9560370204 2244.33090653305 2262.76634119485 2365.22878850189 2439.48698792509 2427.02501440567 2403.62330483529 2388.79180783228 2333.32878315528 2293.22104778503 2237.47749384002 2231.64975656455 2297.63373503054 2348.36340277122 2301.41739150866 2180.81369613957 2107.42798388891 2079.6758896626 2076.95910192804 2068.46740856455 2024.54374753985 1989.77082594978 1986.58830463875 1988.16731141726 1963.00722628009 1960.47216799992 1937.17063847133 1851.60269953097 1707.28549297831 1538.53684863354 1449.01384727842 1339.7123300991 1308.11961260478 1276.82527087353 1243.9635193951 1212.76930728651 1181.00521300062 1153.8806308877 1135.57322938124 1107.29398412064 1079.4871518567 1053.98506424393 1011.08847343824 987.105048258631 966.4570879305 946.533295542059
2563.12851647824 2508.08575863916 2486.09992863972 2484.56250945405 2402.72319591786 2296.45502633939 2255.9682467228 2333.07445826931 2425.50980474381 2412.40225605178 2386.45660113039 2382.2905241502 2269.41068369797 2181.89971256849 2155.36246404962 2184.43948294966 2228.31107296599 2241.28662154265 2194.96649765651 2120.38288659221 2084.68801581909 2067.71503736063 2063.39589220751 2052.43735606797 2005.48905335396 1983.50408559118 1979.61671129433 1975.12131351419 1960.24739103498 1964.69275848422 1921.38282769356 1791.87747194929 1645.46429145772 1513.96747031156 1434.03503512704 1404.99796812959 1338.66910419816 1288.84652583995 1272.77294739527 1230.2426990131 1178.07513100159 1155.26094645699 1129.18477786309 1096.87900649849 1069.8875326738 1047.53713517833 1000.50483109299 980.546635988865 961.764817511767 943.101318161333
2554.1570390585 2514.69401860886 2491.04439614595 2475.81286577963 2466.34419613982 2422.3952887579 2361.82038366864 2376.37797476782 2414.61668540944 2399.32815024416 2375.25065429673 2356.56020843745 2248.82796727502 2159.54304944141 2162.07193064519 2184.9898573873 2191.4071076093 2168.95477141051 2142.79662776068 2109.33900879998 2069.35564043538 2081.42234444647 2080.51879259083 2033.64743260315 2022.02978639292 2044.6620340667 2024.70997950017 1993.65039274023 1944.07141694861 1910.55808559312 1882.05251779493 1722.40217459119 1577.55344635856 1501.60297433961 1462.28996029481 1537.09071768818 1418.39071460935 1297.77815807403 1277.34282690031 1248.45738023413 1203.86644657232 1159.10881433169 1126.45276290431 1090.15609367805 1060.75005140503 1038.09955421377 996.782946990249 978.664183724017 961.27915890988 946.49458520066
2539.71383365784 2496.61028872573 2479.71799674224 2468.31783302606 2445.91107246406 2429.72005970591 2413.64474226387 2404.81990859494 2400.59917113831 2384.42052288692 2364.0772166338 2347.38713959454 2216.82152906906 2144.14130130768 2138.65386802197 2148.97908019508 2151.01380364832 2141.07000767161 2114.00485964429 2065.96443721228 2052.81841078296 2094.18765324826 2090.48080018506 2031.69666540808 1993.133770834 1975.05656291076 1941.37729945449 1935.18801692346 1861.27701939686 1765.60094342955 1741.70473793794 1638.92768386906 1563.17746469536 1529.17257501886 1497.29228711191 1514.90056003469 1409.63243011779 1304.52086264726 1258.54508737877 1232.74807761194 1203.60638906685 1152.95588775801 1122.81655310109 1087.71664759519 1058.92263497948 1041.74728861098 999.100943507067 980.978143971487 -9999 951.743753865119
2517.7354540211 2492.67017328749 2473.1565485687 2458.66507054967 2433.86028321445 2413.92358733503 2395.02249469153 2386.31634486365 2382.28699266771 2350.06948634984 2326.61973852452 2335.39450363598 2202.25808412239 2128.63121759408 2097.45565836972 2083.59973183143 2094.70705539739 2099.02127724316 2071.2800915502 2034.65924673389 2044.75943580806 2078.38982958295 2066.32867793654 2023.08748443511 1978.03259386195 1878.55528914953 1841.22257785738 1780.24668135383 1667.66287805663 1585.31042786597 1561.52753513576 1571.32991060155 1561.31815115841 1512.19587779275 1458.12836887089 1404.11539005227 1347.09199155003 1296.77000742416 1249.1079547034 1212.86800529019 1178.8609376257 1148.67340022961 1122.74565541071 1088.43743471512 1064.48510049004 1048.8549875399 1001.23177544913 987.279176900214 966.948643272976 951.196999653709
2484.94151527276 2493.01220076567 2473.83656388797 2454.16219580768 2430.63229274849 2402.56109008953 2379.6644219197 2367.03024261989 2354.15079357018 2306.06342559037 2285.84447030434 2291.14685809312 2181.53553892034 2119.54003183113 2087.24903540521 2062.85085762178 2065.93682398038 2073.75372512675 2049.03950304501 2020.70308860448 2035.62467763364 2051.8192205167 2032.03020611809 2010.23432711532 2036.07754766493 1974.79364120622 1895.86792112137 1732.37046573879 1589.09616576391 1527.21190696639 1510.27461547445 1530.21157436893 1518.49260113257 1462.32261707063 1401.60397489987 1365.66909583748 1325.48478298336 1276.44979592068 1238.20046673246 1202.53640005026 1175.36796803603 1156.59678098459 1128.58088401953 1091.26366034021 1069.83247369946 1048.26813884617 1000.84719288871 984.838525724029 964.858679272004 949.161545613754
2488.19773195553 2485.20150895183 2467.11125778849 2447.6410807792 2420.49931357859 2394.31658932047 2372.03114078894 2342.36684878281 2312.25453531148 2281.92176539763 2267.99042667995 2244.79747515744 2156.37248247888 2121.59264093168 2086.20953647644 2069.40932102377 2074.73558281125 2060.74003474932 2025.50182652624 2010.02072041026 2024.52326424495 2027.63042204801 1996.66942840355 1972.55883495802 2036.5243043025 1936.44215237397 1779.4149600454 1645.84735852205 1575.52961837305 1518.68540822057 1485.43716960013 1471.85241271742 1448.66881806083 1416.58747287483 1382.84629595859 1351.96612519536 1318.10179022605 1275.08684139206 1241.16995113722 1209.06458054324 1180.32377546085 1160.65826759055 1128.60912707529 1096.52348067772 1069.93519667917 1039.94562917986 994.880075048467 975.872175669081 957.721501190655 946.674463339599
2482.39596229568 2444.4405406733 2426.11305516116 2422.22180671524 2414.64183707549 2391.63295224957 2359.9585395018 2324.12850893841 2295.88196886408 2267.05265432188 2243.64297595247 2233.11407694252 2206.46161261884 2160.7159127124 2137.42027346506 2123.75917801754 2092.91026847253 2030.63511798879 1981.80261280596 1968.79059554335 1953.17212993899 1945.14196249905 1968.14108081308 1970.25943916655 1897.27686519921 1707.74170018391 1614.90185580568 1576.75980114607 1540.2666203595 1505.10643258823 1484.55649467474 1457.24721040843 1419.09154596935 1379.98731559304 1370.26862507074 1323.96191756573 1296.88865228388 1271.23285975277 1262.5208267097 1243.04447874366 1190.75857221789 1153.10307233184 1124.06807869412 1092.79027743609 1064.11931708324 1038.43199907664 995.64894669964 972.999998716246 946.909852721705 929.342232006788
