rcp8.5models/MPI_ESM_LR/sc1gr4.1
NCOLS 261 
NROWS 433 
XLLCORNER 336357.134 
YLLCORNER 654653.479 
CELLSIZE 1000 
NODATA_value -9999 
[rows 396 to 417 of 433, columns 100 to 149 of 261]
270.74050071724 265.627028888396 264.227512594785 266.024256028364 268.546532802428 268.085786543325 268.409253449996 270.459601325708 270.752537354232 268.67224305123 265.678851654895 261.562143264238 256.989875798508 257.748138800143 257.136148931193 257.715285254102 261.675637880997 264.729608611005 264.253366230073 263.378628087671 262.727725398479 260.239770713229 251.858128902218 239.682417895839 258.308689553574 267.438310211896 268.393599620974 268.980513938871 269.412816294708 269.679277950773 269.512488372951 269.135602430388 269.172461357485 269.292436320345 268.722711484402 268.785707778818 268.699612007674 268.902093345864 268.141350495927 267.533943878874 268.402982331772 269.096024710491 269.57402577131 269.999374829086 270.184564784133 270.380757149634 270.792558812819 271.737780286358 272.614969730733 273.008143932905
271.858540249989 269.158764490966 266.412501434377 265.72795279073 267.05719101581 266.972474153801 267.820916387817 270.504003630162 270.448075329783 267.711488640291 264.925407667328 262.991725924944 258.069893216823 256.469471874625 258.694169710004 261.981345566869 265.087988203569 265.952215075184 263.055798877199 261.846559175059 261.963680584821 256.708590346079 246.087405594876 242.55950020776 264.844227862552 267.937529363542 268.19861655178 268.941415314509 269.250983947745 269.895748021571 270.316956387002 269.456036832862 269.024723695342 269.32692767263 269.00169583598 268.42940929837 268.457982938332 268.798032608915 269.123188384861 268.712392427751 268.536167477961 268.802683443403 269.381268789666 270.09422863724 269.505073873934 269.282878417907 270.330902645728 271.041661459781 272.128573622001 272.765643333805
272.396805436096 271.242079128963 267.165004668828 265.759761755288 266.77905774613 268.952593109007 271.154585211044 272.111676465189 270.772459094251 266.928839395454 264.111663490063 263.880908153375 261.088562499458 262.24437548085 265.227358614602 266.219522911664 266.53641443247 265.935489965973 262.563129881817 261.514497759157 260.827390051459 254.206448193518 246.750316476607 251.113851094375 268.780698223661 268.092363889291 268.133072097053 268.500073538634 268.35012657484 269.180327056452 270.088713628875 269.262318677447 268.926660683986 269.876746906641 269.339670226497 268.346856386087 268.168134364386 268.324816904641 269.280025016282 269.657409519557 269.250688570691 269.067652514835 269.695363531743 270.227139394682 269.79901015187 269.821768729136 271.394874514176 271.815901425227 272.378236046574 272.992657757582
269.106057754035 271.685885451196 268.883681754328 267.019632744017 267.500385859227 271.207105945828 273.223780165112 273.025641279795 272.592600312535 268.769427990433 264.672884304148 263.910961506765 265.830110137945 266.750867401111 267.28966351285 267.678910954225 267.372842521203 263.803452374934 260.228258537079 260.884705402562 258.654896163978 253.173784409789 253.118936359352 261.528919112482 268.842213005338 267.575214220383 267.793993046062 267.794946589563 266.792200377588 267.753272338377 269.781287516003 -9999 269.896804445855 270.409049852235 270.387918838453 269.300542153822 268.820633896611 268.621470697452 269.222362774929 269.881684165296 269.910333389128 269.846189224392 269.483516878141 269.05352039984 270.907456972932 271.581485843667 272.271051106809 272.653648992963 272.961512632634 273.350715501653
264.371412381333 271.925009894526 271.605587015668 270.300813414588 269.537718227612 272.121292830283 273.351141143931 271.709394903016 272.219059273052 271.297432842859 267.193623553408 265.51989664271 268.71916058864 268.999157928228 269.583757994136 269.194632614996 265.247962261457 259.566120394761 258.036086579499 257.481903732239 250.9448474804 247.663448344331 256.230207331535 266.86281544254 269.706273295694 268.960324466269 268.633558426714 267.3979131643 265.816429090512 267.203810569629 269.807017733646 270.797817972315 -9999 271.113785885974 271.091277304058 269.535426319417 269.194159163344 269.298852009406 269.277092692345 269.852136061812 270.208582871879 270.617373181779 269.071208175519 267.927025843865 271.26229903312 272.091833332781 272.698868296933 272.854026510398 273.243269211544 273.531961519385
262.168520662544 270.445101680168 272.135858885419 272.292939888041 272.046681145903 273.258712782891 274.122689513692 271.764897085378 270.672924326963 271.665005358825 269.658005224634 266.509176207771 268.689426190509 268.667121336463 267.062190307758 263.831395520778 259.875612202483 258.348188219179 259.043249437928 254.914669977067 246.065165489848 246.994034763828 260.304236026351 269.014126041798 269.489793902126 269.51581837516 269.771312203429 268.467351759932 267.607291747513 269.272041689544 270.167990682283 270.227438259097 270.751787949539 271.382329894267 271.615940962796 270.16727046367 269.953615576532 270.166319696057 269.915319572246 270.372958357263 270.865571277946 271.424901400463 270.631586737109 270.049464400378 271.685806191961 272.232697951304 273.087551659736 273.221867547866 273.601883174992 273.720077295775
262.361429930198 269.338155003943 272.271577093257 272.700313648245 273.249104650606 273.537514375723 272.824819773359 272.252653765646 271.994058578109 271.503877657343 270.354916556644 268.134144080602 264.96536995586 262.764047993658 262.301448493648 260.448973007274 259.010303458426 260.103815067906 259.83291072103 255.040441323633 250.68642946425 255.190996008329 265.746374925983 270.503149927145 269.019597825826 269.116798572056 269.708486001314 270.116284072337 270.313095195431 271.132429306275 270.610878674977 270.209387140492 270.338802760614 271.028993508072 271.646082654659 271.607569746918 271.354289433036 271.349825470448 271.199017399825 271.494608032343 271.905365166711 272.031148641346 272.04504875266 272.069823924906 272.028655672248 272.406613500796 273.062809343969 273.304487550393 273.529685395775 273.740113387468
264.099349499517 270.610144204552 273.0406715096 273.762156853949 274.113169928465 273.285530930583 270.5246884587 269.221933106189 270.891001032444 269.846826331231 267.273137926344 265.447302522782 260.03755572563 260.081883174804 262.196055086074 263.04972348273 261.969452722041 260.151015824687 258.273428306132 256.60660834511 257.780396289867 263.706022429317 269.546347910663 269.743381710017 268.807015380569 269.018142040555 269.757765475538 270.594059137778 271.039005864495 271.317607551891 271.097674433394 270.629271465758 270.595064413027 270.812490939132 271.349871514267 272.326256082774 272.050395754752 272.226715327893 272.430160717454 272.573986460007 272.765198045571 272.719344189675 272.663448352757 272.804811403168 272.727166009025 272.747946749496 272.845222084298 273.171239466098 273.443232234506 273.656514736346
265.916376129466 269.411726278229 272.203392278057 273.972373421119 274.553782408929 274.112133895618 270.670669648906 266.05177951334 265.063447077856 265.47807689951 264.107286933655 261.384783082095 258.103582727238 259.835609597705 260.027159012293 259.705453791265 261.871977023702 261.568066106821 258.936659883532 259.818504012833 262.440871584872 266.626821331585 270.439452687651 269.405660092787 267.579626049703 266.920601104006 268.644454037762 270.339470420629 270.830790230393 271.4310379273 271.873081390742 271.640722544817 271.73273329695 271.500379863793 271.868896073057 272.763285980748 272.758621076047 272.881560558912 272.808200386121 272.859036561571 273.128432946801 273.020686026809 272.983339963007 273.402947010397 273.625841915555 273.36615034899 273.114956568049 273.371256603233 273.760159119719 274.03957270013
269.400269943548 269.206906971439 272.441060762964 273.990491164388 274.476613829471 274.77958233601 272.656495659334 268.462890814635 265.726107957003 263.891192245376 260.823663766612 258.038518529806 256.534217458206 256.617545432688 256.350724798159 256.055107527168 259.997483897197 264.410814027968 263.489371568921 264.086435494332 267.263789832723 269.384191513213 270.398992996328 269.448867098587 267.357558333675 266.072710700129 267.96499869698 270.494965818431 271.11167445457 271.84489254724 272.243167670366 272.354079147352 272.585475680147 272.279558365231 272.44818551793 273.052904770889 273.196453805477 273.314435026125 273.023754917121 272.955193046414 273.398933075645 273.122427143829 272.985027070898 273.446155817473 273.919354134871 273.896666652785 273.5575244661 273.648111954056 273.904783846666 274.170860355352
271.837466988684 269.335464351409 269.925964037481 270.577131240758 272.474829516967 273.873660140282 274.048665147318 273.602686623652 272.313702199148 270.584581721488 270.034796139678 270.117829193467 269.034407307609 268.171262770628 267.917062452159 268.798895276044 270.255017830553 272.784091003794 273.603561759609 273.272340523404 272.922657749701 272.181485914048 271.650441234357 270.778104193089 268.594540337369 267.177243011758 268.378114429091 270.567117779221 271.768782741167 272.526983534298 271.984865317605 271.655700092725 272.263400253709 272.922910557384 273.016514292108 272.976069000875 273.623390358185 273.733382643344 273.609106895747 273.76996817523 273.98876828679 274.081171889377 274.238406817298 274.377549090618 274.398560922869 274.267610249133 274.298244592696 274.039999465006 273.452187561957 273.475400296024
270.572008772525 268.349811904931 265.473382816672 267.145997936095 272.167331342007 274.002979789546 274.081623100769 273.873203101469 273.335449457622 272.397450604689 271.741631681704 271.044401742297 272.588578210428 273.264503186501 272.726713053268 272.075865609244 272.810807925846 273.308991491802 273.034916567978 273.231314413068 273.285530832489 272.13373345934 271.57641824481 271.161953201372 268.664718449309 268.319700112207 268.999807992502 269.835213897847 271.492033320776 272.642712349861 271.6126072539 270.876467643182 271.664743312056 272.216277089436 272.086216500451 272.649966405527 273.178603893453 273.508234451115 273.625955215877 273.515354715331 273.383493782081 273.721854840299 274.101183200213 274.111736743464 274.414629772893 274.750620461333 274.726120875631 274.559965709484 274.050779149551 274.06489954151
271.934988902189 270.524704172848 268.188623644042 269.825949954682 273.547177490072 274.568159847938 274.854509163254 274.454377060448 273.534962203458 273.504804471814 273.353554810103 271.805324741875 273.162661815213 273.816571723759 273.737950019505 273.534434443788 273.295540195509 272.890707794313 272.357883542949 272.596144884337 273.038071582522 272.567849253934 272.147404228282 271.527283712526 269.929451115921 269.443672903524 269.625985389238 269.921729063585 271.148583104996 272.800803483027 272.877853385332 272.220088516984 272.004092041848 271.476433934228 270.955828185902 272.019586918424 272.498966821471 272.830381761464 273.140619771666 272.986224532724 272.793171593902 273.175504050729 273.5802752462 273.600093321032 274.134808213935 274.678323738883 274.742452884929 274.551434835811 274.344271263347 274.472737573718
273.17230237219 273.043517272922 272.733280015059 273.092066148033 273.963997133112 274.339456800186 274.926254055564 274.785845803255 274.203011619203 274.09805032706 274.156249894414 273.23250650203 273.060972856713 273.761479301185 273.683935134762 273.736341750864 273.532749421977 272.748360898934 272.497161588727 272.233109389579 272.1669839005 272.89996547267 271.648934057715 269.974087520642 270.28366722799 269.604620124461 269.600574365054 270.663513101877 272.064923251361 273.087375933652 273.51461511812 272.926381490324 272.644808935795 272.118698022425 271.477982982705 272.461809417461 272.625463925179 272.562277999344 272.83478297756 273.034330080607 273.206460617456 273.206985186212 273.187351995613 273.734440315923 274.143889331922 274.288883478541 274.555364145472 274.183446353784 274.362077236241 274.674668834077
273.905956666811 273.186391441099 273.605048652226 273.85628120689 274.327050291197 274.651604447572 274.949909154045 274.766158891769 274.11531665413 273.281497120485 272.923939623096 273.158743670496 273.14086494431 273.403451186503 273.418577087022 273.964552776947 273.514513659415 272.899997822375 272.94754048612 270.791286190766 268.931575902504 270.542451349715 270.261364027048 268.541184257889 269.539357363567 269.860907091102 270.969630330628 272.348781990664 273.489426913355 273.739829016676 273.500152234125 272.770399394152 272.825591485234 272.36039754603 271.077582558032 272.013451307563 272.564687552263 272.79171358621 273.011723053731 273.146496616224 273.359214945103 273.481165733722 273.193558727587 273.60934499199 274.154289800299 274.349209255369 274.431474602929 274.078604149011 274.718818992411 274.938341867968
273.758798147025 271.937993329127 273.470575027557 274.286130858418 274.596216643372 274.904202059876 274.978902476686 274.486037978982 273.438888677768 272.141370075727 271.954387934693 272.868308742028 273.40493472022 273.315485667856 273.414327037581 273.657174280601 273.584660101232 273.59272969358 272.809632997659 268.229196730493 264.791522146781 267.220170825827 269.205168077773 268.837862170165 270.56476966482 271.307853801994 271.899811283187 272.42163967669 273.317995806642 273.890068592094 273.899732149704 273.351679759896 272.919090483169 272.411765842419 271.482500298424 271.854742101012 272.389185437834 272.966874876059 273.520593486924 273.546017906384 273.681517099159 273.940175594852 273.496776968161 273.437046934413 273.916934799447 274.470218282183 274.595399091353 274.430334769712 274.786398722174 274.942818473221
271.352166017189 269.426521418505 272.170342751575 273.876810102484 274.131940316254 274.556291150056 274.842322414878 274.618690633219 273.82263498691 272.880476645759 272.610747643884 272.666183440118 273.006026973127 273.088254954116 273.647164844883 273.093073337668 272.846507181197 272.945472721719 270.673059818264 267.665855391378 265.743118663643 266.80151661575 268.525186085115 269.419177681737 271.905180172304 271.283764785478 270.065621499292 269.817565570469 271.481219292784 272.503958976178 272.837676058685 273.733364589488 273.368136223822 272.811900730598 272.743115852688 272.530797200253 272.646207782319 272.98396998326 273.614481947803 273.805435556924 274.101723602955 274.385218071901 274.075573032663 273.961454263885 273.737790457713 274.174263785513 274.802178000454 274.816580566978 274.861788969614 275.057177888819
269.632542529432 266.848807198937 269.117691808744 271.501911237933 272.998635960009 274.218347198382 274.636229545374 274.868580682388 274.110683096871 273.125794751724 272.858784192441 272.786698588412 273.073683114679 273.055361176312 273.800323386133 273.299034230284 272.895907541432 272.483343907634 270.050645602997 269.347749378551 268.912405397712 267.823331414408 268.501087857219 270.200850487273 272.189098940862 270.016977120943 267.60309133377 267.513417981905 268.775322122604 269.526019784236 270.492099661506 273.142607559879 273.825253485599 272.968948436168 272.865196568687 272.911680402612 272.860321025422 272.704370394879 273.147425693449 273.619329931736 273.946487644955 274.261571908126 274.410531766273 274.225476699025 273.71631873535 273.906361836131 274.53027990798 274.744472265469 274.884971424646 275.19648409733
269.84374955724 265.527107551666 265.888516810534 269.036944740005 272.630112132586 274.201574686426 274.67648628366 274.387955103715 273.351036761515 273.041769048539 273.204696373596 272.923209182061 273.4392202731 273.70238918956 273.944601151615 273.907535714484 273.785181718152 272.502315523049 270.926381087003 270.307480488553 269.614037659686 268.505442238758 268.709779720428 270.462526011199 273.113552650386 271.391968233721 269.495997664805 268.769418079775 268.365736791393 269.04867877049 270.28440668838 272.561004435024 273.748865960753 273.180514681363 272.874575287762 273.567272044072 273.372472310738 273.133036570938 273.411844791146 273.829178076651 273.857712056774 273.823205448536 274.34249990561 274.529582654412 274.146280105675 274.068691815467 274.167574331607 274.434446993818 274.881580071569 275.391229330097
269.33285589088 264.942324272936 264.350907173498 269.178106610716 273.525229926848 274.318046701202 274.78656297771 274.344731657961 273.832454812483 274.382080636053 273.658332587376 272.405972194821 273.442015685516 273.928681737888 274.231437292894 274.311236548397 273.813086745288 272.783640135438 271.872269923046 271.298223772208 270.432414590391 269.524376186631 270.262073585192 271.964361543645 273.253155629992 273.106198016557 272.938703714108 272.023490788133 271.219010948889 271.664230255731 272.118095916701 272.952687082158 273.63512557393 273.529457033024 273.214401443835 274.039048313472 274.132696427182 274.197867787803 274.251408277638 274.353263928515 274.315873315529 274.016413483021 274.205083359149 274.816194154333 274.830400654885 274.715410025668 274.225496850581 274.313888383572 275.097865461337 275.622728198043
268.805542459317 264.294982607444 263.67529424537 269.300829073033 273.824133378287 274.238804439078 274.419684516769 274.525553809706 274.808937211603 275.119656232811 274.303624795868 273.609242019393 273.75710589997 273.955816174685 274.251176398815 274.371654500134 274.089314194026 273.80392036899 272.978789352563 272.434931647848 271.83527026628 270.34582655742 270.464446201832 271.50430733056 271.463604678783 272.619504193508 273.611162532812 273.657468008498 273.551408761169 273.742490046173 273.755067106863 273.65936109959 273.833918104583 274.178987641085 274.111761524529 274.560896162355 274.829523410765 274.834518444005 274.82930412 274.684422135399 274.674005302108 274.546285882814 274.388401730036 274.760975167347 275.027306449923 275.061236678619 274.579306268229 274.624909417736 275.082299885 275.557213035916
271.003928138974 267.368948568513 266.713202334181 269.843591940277 273.377308941357 274.466201924074 274.627076410938 274.473811909763 274.575946014558 274.987843103102 275.147418747644 274.83612506677 273.898569663937 274.112776232571 274.108302846221 274.028353341496 273.944427727959 273.404462455902 272.414332683501 272.120581783729 272.629123757687 271.552655489112 270.468940777147 270.178971033287 270.489441407315 271.271887949297 272.14257191643 272.423025027084 272.9672073557 273.647029867881 274.07788292982 274.35355939845 274.140199567172 274.198757125522 274.365410833963 274.507132620649 274.652985201189 275.041314185014 275.14233083511 274.873624839429 274.902868530827 275.006074416176 274.733467976515 274.785633980006 275.152467905119 275.481920224191 274.856361372572 274.893498531723 274.893757597355 275.065248061344
