rcp8.5models/MPI_ESM_LR/sc1gr0.15
NCOLS 261 
NROWS 433 
XLLCORNER 336357.134 
YLLCORNER 654653.479 
CELLSIZE 1000 
NODATA_value -3.4e+38 
[rows 308 to 329 of 433, columns 196 to 244 of 261]
81.2960662841797 81.6997680664062 84.2506866455078 85.1663208007812 84.3144302368164 81.1336059570312 79.0689849853516 79.1918106079102 78.3272399902344 77.9402236938477 78.1860961914062 77.9725112915039 78.5650100708008 80.355842590332 82.8152618408203 82.5995025634766 82.0273742675781 82.4537124633789 77.386833190918 76.751335144043 76.7084884643555 76.9878234863281 76.2973785400391 75.8239288330078 75.6260375976562 76.2988891601562 77.4642562866211 77.1267700195312 75.5877532958984 75.5432052612305 75.2470779418945 75.1834106445312 75.083381652832 74.6806869506836 74.4999160766602 74.3781890869141 74.3453674316406 74.2357406616211 73.9350280761719 73.5564193725586 73.5424270629883 73.8644866943359 73.60791015625 73.1782836914062 72.9995803833008 72.7287826538086 72.4541091918945 72.2979049682617 72.2334823608398
82.4980010986328 81.1773147583008 82.3810424804688 82.8518600463867 82.0046691894531 80.6482009887695 81.4055862426758 78.9799499511719 78.2706069946289 78.2513122558594 78.2090835571289 78.4981079101562 79.7520523071289 80.903923034668 82.5746002197266 81.757698059082 81.5835800170898 82.4240112304688 78.1651763916016 76.7121963500977 76.4991607666016 76.726806640625 76.1840133666992 75.8546142578125 75.9924087524414 76.7724990844727 76.7563781738281 77.0630874633789 76.6706390380859 75.3823547363281 75.1703872680664 75.0666656494141 74.9799346923828 74.6801605224609 74.3011016845703 74.2783813476562 74.3628463745117 74.1474838256836 73.9634246826172 73.6372756958008 73.3999557495117 73.5407867431641 73.3815689086914 73.0235214233398 72.957275390625 72.7485580444336 72.4613418579102 72.3429336547852 72.2747344970703
83.1027297973633 81.0941772460938 81.4925003051758 82.9644241333008 82.513916015625 81.2871398925781 83.3495178222656 79.6769485473633 78.795280456543 78.1649017333984 78.5879592895508 79.9221496582031 81.2459182739258 81.8669204711914 82.5991744995117 81.8450164794922 80.9806976318359 81.117805480957 78.7047805786133 76.7893142700195 76.3322830200195 76.154167175293 75.9918899536133 75.8397064208984 76.163703918457 76.6543273925781 76.1868057250977 76.7844009399414 77.9054107666016 76.783821105957 74.9219360351562 74.8658752441406 74.6956329345703 74.5293426513672 74.2726440429688 74.1181030273438 74.2877731323242 74.0839996337891 73.8061828613281 73.6373138427734 73.2488098144531 73.2446594238281 73.1570434570312 73.0342636108398 72.9365463256836 72.6853637695312 72.6854019165039 72.3917236328125 72.2343215942383
82.8621368408203 81.1893539428711 81.4366989135742 83.4164352416992 83.4883804321289 82.2407531738281 82.1878890991211 79.9493026733398 78.5590591430664 78.0100784301758 78.5213394165039 79.7801055908203 81.2799682617188 81.6582489013672 81.8955688476562 81.8524551391602 81.0373916625977 80.9794235229492 77.5942001342773 76.771598815918 76.4048919677734 76.1159591674805 75.9709091186523 75.8695831298828 76.0389099121094 76.163932800293 75.9474411010742 76.3091506958008 78.201904296875 77.58349609375 74.7656936645508 74.5825576782227 -3.4e+38 -3.4e+38 74.1260147094727 74.0471801757812 74.0051879882812 74.0231399536133 73.6976547241211 73.5247268676758 73.2298431396484 73.1184005737305 73.0343017578125 72.9564437866211 72.7072296142578 72.5368347167969 72.7253799438477 72.5177307128906 72.4060897827148
82.6627731323242 81.746452331543 81.2606353759766 82.2016143798828 82.4570465087891 81.6108779907227 80.7086486816406 79.0606918334961 77.9576187133789 78.0506439208984 78.1329040527344 78.8239440917969 79.5718307495117 79.7826690673828 79.8337554931641 80.1903076171875 81.0205764770508 80.8846817016602 76.8760681152344 76.601921081543 76.4170989990234 76.0994186401367 76.0115966796875 75.9324340820312 75.9075012207031 76.055046081543 76.0869369506836 75.9475860595703 77.5383453369141 77.4496688842773 74.9433517456055 74.7657241821289 74.4091033935547 74.1462478637695 74.0679092407227 74.0231094360352 73.8659515380859 73.9788513183594 73.6872634887695 73.4337692260742 73.153923034668 73.1027603149414 72.987548828125 72.8290405273438 72.6373443603516 72.5595855712891 72.5358352661133 72.4517593383789 72.4618225097656
83.8156890869141 81.4342575073242 81.2121810913086 82.1597213745117 82.9590072631836 81.5219421386719 79.6220474243164 78.5457992553711 78.4796981811523 78.8404998779297 78.4309997558594 78.5874633789062 79.4316101074219 79.1447143554688 78.4442901611328 78.8439865112305 79.1347274780273 80.6877746582031 78.7192764282227 76.5946578979492 76.2380294799805 76.0561141967773 75.8137969970703 75.8083953857422 75.6409759521484 75.9163055419922 76.3256607055664 75.5011749267578 75.6393737792969 76.193977355957 75.0144348144531 74.7576293945312 74.5030517578125 74.2135543823242 73.8920440673828 73.8259582519531 73.7726058959961 73.7447357177734 73.6669387817383 73.3721313476562 73.2534484863281 73.0042419433594 72.7677917480469 72.5308837890625 72.4577560424805 72.4416961669922 72.4499359130859 72.3803482055664 72.2437286376953
83.9446868896484 81.7839965820312 81.1261901855469 81.9455490112305 83.7619171142578 83.0057830810547 79.2190704345703 78.5483093261719 78.7411193847656 79.0441513061523 78.7603302001953 78.7359771728516 79.1973419189453 78.2511596679688 78.2041015625 78.2627334594727 77.7726440429688 78.1498947143555 79.6305236816406 76.6278228759766 76.0967788696289 75.8294067382812 75.7548675537109 -3.4e+38 75.6008071899414 75.8009414672852 75.7233734130859 75.3663024902344 75.170280456543 75.0897216796875 74.828727722168 74.4545364379883 74.367431640625 74.1468276977539 73.944580078125 73.7743835449219 73.6712875366211 73.6215362548828 73.6422882080078 73.3323364257812 73.2566833496094 72.9072341918945 72.7013702392578 72.5902099609375 72.4830703735352 72.2847747802734 72.2972564697266 72.2414932250977 72.099250793457
83.3628311157227 81.9151458740234 81.1160583496094 81.7887878417969 83.8279571533203 83.20361328125 79.2532806396484 78.8113098144531 78.9265823364258 78.9278945922852 78.5878219604492 78.3063583374023 78.366340637207 78.0000991821289 78.0443954467773 77.9722671508789 77.6009902954102 77.5995788574219 78.1214218139648 76.5704803466797 76.0405883789062 -3.4e+38 -3.4e+38 -3.4e+38 75.657096862793 75.7218246459961 75.6324768066406 75.2703857421875 74.9987335205078 74.7588424682617 74.5285339355469 74.384521484375 74.1500625610352 74.0072860717773 73.9401931762695 73.7059860229492 73.6082916259766 73.5316162109375 73.5216369628906 73.3881759643555 73.4023513793945 72.9609680175781 72.7937088012695 72.6420211791992 72.3624649047852 72.1455230712891 72.0744857788086 72.0062713623047 71.949592590332
82.7623748779297 81.9726409912109 81.4617691040039 81.6813659667969 83.0011444091797 82.6611862182617 79.5441513061523 78.9494476318359 79.0332565307617 78.8688201904297 78.6120681762695 78.1638412475586 77.9559478759766 77.6626281738281 77.6137847900391 77.5423965454102 77.4492568969727 77.5188674926758 76.6687927246094 76.3626403808594 76.0727615356445 -3.4e+38 -3.4e+38 -3.4e+38 75.6158905029297 75.4366073608398 75.4868240356445 75.2953338623047 74.9948883056641 74.718620300293 74.3641204833984 74.253173828125 74.0214691162109 73.8600540161133 73.7711715698242 73.6153411865234 73.5026550292969 73.3927230834961 73.412727355957 73.4579467773438 73.4310531616211 72.9133377075195 72.7051544189453 72.5690689086914 72.2619400024414 72.1360702514648 72.0669021606445 71.9372100830078 71.9345550537109
82.552864074707 82.573844909668 82.8871383666992 82.3533248901367 82.4165420532227 82.8209381103516 80.0918807983398 78.8600311279297 79.0862350463867 79.2573165893555 79.7282409667969 78.859619140625 78.0046310424805 77.4865264892578 77.3096542358398 77.3163070678711 77.1853408813477 77.2975997924805 76.7755126953125 76.4512023925781 76.1644592285156 75.9204025268555 -3.4e+38 75.4406356811523 75.3125152587891 75.3335571289062 75.4669799804688 75.3242568969727 75.020378112793 74.6428985595703 74.3343963623047 74.1731033325195 74.1031494140625 74.0758361816406 73.7875595092773 73.6486282348633 73.5246658325195 73.3164367675781 73.2425231933594 73.3268890380859 73.4461212158203 72.9354705810547 72.5964508056641 72.4970169067383 72.2952880859375 72.1739807128906 72.1196670532227 71.9597320556641 71.8970565795898
82.1796112060547 82.3226852416992 83.0676422119141 83.6003189086914 81.6774597167969 81.2795257568359 79.81884765625 79.1125564575195 79.475471496582 79.7440795898438 80.733642578125 79.9798202514648 79.0123443603516 77.8065338134766 77.4193496704102 77.1958694458008 76.8808288574219 77.0856170654297 76.7089233398438 76.4176254272461 76.137825012207 75.8557968139648 75.8042678833008 75.4097290039062 75.1567840576172 75.3414001464844 75.4032135009766 75.1535186767578 74.8365936279297 74.6509780883789 74.7769012451172 74.956169128418 74.1694412231445 74.1151885986328 73.7391586303711 73.566276550293 73.4207229614258 73.2939224243164 73.1403503417969 73.022216796875 73.1769409179688 72.9778747558594 72.6222610473633 72.5642700195312 72.4502258300781 72.256950378418 72.0644836425781 71.9289245605469 71.8276901245117
81.5542831420898 81.491325378418 81.8494262695312 82.7903442382812 81.4986267089844 79.6521224975586 79.0313949584961 79.1406097412109 79.5927047729492 79.6934356689453 80.174674987793 80.3815536499023 79.533821105957 78.0131759643555 77.3187484741211 77.0864410400391 76.825065612793 76.8850860595703 76.3687744140625 76.0321960449219 75.9408340454102 75.7527542114258 75.6569061279297 75.24365234375 75.0842437744141 75.2285537719727 75.2625122070312 74.9697113037109 74.7030258178711 74.821159362793 75.8341598510742 75.1084289550781 74.3160858154297 74.0509185791016 73.7123565673828 73.5827178955078 73.4536819458008 73.2420272827148 73.2617950439453 72.8796463012695 72.8184814453125 72.934326171875 72.6032409667969 72.5517807006836 72.5277709960938 72.2554702758789 72.0057601928711 71.8290786743164 71.7244644165039
80.5896377563477 81.1085205078125 81.4214935302734 81.1772384643555 80.5783004760742 79.4494781494141 78.8569793701172 79.0945129394531 79.6333236694336 79.3209686279297 79.1522827148438 79.8523406982422 79.3763122558594 78.0335159301758 77.2947540283203 76.9622421264648 76.712646484375 76.6194839477539 76.2217864990234 75.8082656860352 75.6694259643555 75.5162811279297 75.606575012207 75.248649597168 75.024528503418 74.9761810302734 74.950553894043 74.7836303710938 74.7183685302734 74.9222869873047 75.6031112670898 74.6030349731445 74.2962112426758 74.0195083618164 73.8537521362305 73.7100524902344 73.6640396118164 73.3639755249023 73.1478958129883 72.87939453125 72.7147979736328 72.7586441040039 72.5005340576172 72.289176940918 72.3258361816406 72.0956954956055 72.002311706543 71.8682708740234 71.7369918823242
80.5312347412109 81.4281463623047 81.3842544555664 80.3174591064453 79.2396392822266 79.0287551879883 78.7429885864258 79.1085510253906 79.4453048706055 79.2770919799805 78.6579284667969 78.9595413208008 79.2837066650391 78.688362121582 78.2688827514648 77.0136337280273 76.4462127685547 76.4214172363281 76.077033996582 75.7263107299805 75.6539154052734 75.4422912597656 75.5288619995117 75.189079284668 74.8961029052734 74.7552261352539 74.6015930175781 74.6051177978516 74.7805709838867 74.7806777954102 74.7747421264648 74.327392578125 74.0703048706055 74.0937652587891 73.8312225341797 73.7123489379883 73.5927352905273 73.3137893676758 73.1983032226562 73.0031585693359 72.9077301025391 72.4871978759766 72.3704299926758 72.1978149414062 72.1531295776367 72.0708236694336 71.9833526611328 71.8379364013672 71.741340637207
80.8692626953125 81.5193634033203 81.2051010131836 79.7285614013672 78.9690246582031 78.7487335205078 78.572380065918 79.7281494140625 81.2471237182617 78.9740524291992 78.3363189697266 78.1979522705078 78.552978515625 78.6981964111328 78.6409912109375 76.8819274902344 76.3194961547852 76.2914199829102 75.8780288696289 75.6930084228516 75.8820114135742 75.2959289550781 75.2235946655273 75.0569763183594 74.8757247924805 74.6858901977539 74.613883972168 74.5248184204102 74.7172241210938 74.5967712402344 74.6840438842773 74.3262252807617 73.8802108764648 73.9912643432617 73.7276840209961 73.5705718994141 73.4828262329102 73.1555328369141 73.1600723266602 72.9200820922852 72.8138885498047 72.2758483886719 72.233512878418 72.2171936035156 72.0359497070312 72.067024230957 71.9253234863281 71.7891387939453 71.641227722168
80.3117446899414 81.0483856201172 81.036979675293 80.0099105834961 78.9838027954102 78.5089111328125 78.8648452758789 82.7579498291016 84.7770690917969 80.758415222168 78.1512069702148 77.8113479614258 77.6707000732422 77.8139266967773 77.6739120483398 76.6226501464844 76.2818374633789 76.1810684204102 75.9892120361328 75.7408905029297 75.8381805419922 75.2815246582031 75.2955627441406 75.2244873046875 75.0489959716797 74.7844314575195 74.6151428222656 74.4513626098633 74.4506301879883 74.3986358642578 74.3259429931641 74.2778244018555 73.9425201416016 73.8238525390625 73.6334991455078 73.354248046875 73.3351669311523 73.179084777832 73.0122833251953 72.7748260498047 72.6743240356445 72.3843994140625 72.3682327270508 72.3180465698242 72.1702117919922 71.9298553466797 71.8398895263672 71.7496948242188 71.5453567504883
79.7576599121094 80.7606658935547 80.692253112793 80.072135925293 78.9995040893555 78.5604553222656 80.4104919433594 86.0470657348633 86.679084777832 83.9622192382812 79.5088882446289 77.5709609985352 77.2846603393555 77.2726516723633 76.8376998901367 76.4195709228516 76.1870498657227 76.1656341552734 76.0733413696289 75.7536163330078 75.7957305908203 75.4767913818359 75.3966522216797 75.3530502319336 75.1796493530273 74.9497222900391 74.5829010009766 74.4072113037109 74.1644973754883 74.1874694824219 74.1000061035156 74.1161270141602 74.0609893798828 73.719482421875 73.5910034179688 73.3134078979492 73.1518783569336 73.1071166992188 72.9601287841797 72.7857284545898 72.6205825805664 72.597297668457 72.4791030883789 72.1953353881836 72.0865783691406 71.8748016357422 71.9148406982422 71.7636871337891 71.6279754638672
79.1100921630859 79.9181213378906 80.1103363037109 79.2465896606445 78.4274826049805 78.3071670532227 80.0984497070312 85.235481262207 86.7161712646484 86.9813690185547 85.6113128662109 80.3702087402344 77.2723846435547 77.0374221801758 76.6266250610352 76.6853713989258 76.689697265625 77.0015029907227 75.7769470214844 76.0851974487305 76.0768737792969 75.6587219238281 75.4108734130859 75.159912109375 75.0158843994141 74.8969039916992 74.4392776489258 74.3763046264648 74.2104187011719 73.9801177978516 73.7991409301758 73.7829360961914 73.6605987548828 73.5404434204102 73.4319915771484 73.3254241943359 73.0120010375977 72.8230819702148 72.6435928344727 72.5245361328125 72.373161315918 72.1611709594727 72.336540222168 71.9743423461914 71.8912887573242 71.7907104492188 71.9758987426758 71.6196060180664 71.6731109619141
78.9637603759766 79.3486175537109 79.7322616577148 78.9522857666016 78.1658325195312 77.7957077026367 79.2500534057617 83.2452621459961 85.0034103393555 86.5861740112305 85.9647598266602 81.5305328369141 77.5107040405273 76.9456787109375 77.0748138427734 78.3350143432617 77.1723709106445 78.1127243041992 75.8523178100586 76.070442199707 76.0412139892578 75.4354934692383 75.0574035644531 75.0755081176758 74.9973449707031 75.0435180664062 74.4956817626953 74.3907012939453 74.3021087646484 74.1172027587891 73.6486663818359 73.4892272949219 73.5315322875977 73.2919845581055 73.1800079345703 73.2227096557617 73.0819931030273 72.7369842529297 72.6310882568359 72.4145584106445 72.2730331420898 72.0674057006836 72.1093521118164 71.9610214233398 71.8583068847656 71.8014068603516 71.7805633544922 71.4318313598633 71.5961456298828
78.8284454345703 79.2609481811523 79.2811126708984 78.5562591552734 78.1179428100586 77.7222290039062 78.2182464599609 81.7223129272461 84.0356521606445 86.4315643310547 86.2187042236328 82.746208190918 77.8483047485352 77.2585220336914 78.8361892700195 79.2794647216797 76.90185546875 77.3137054443359 75.9965667724609 76.4526519775391 77.0770111083984 75.4854965209961 74.8615188598633 74.7046356201172 74.8262405395508 74.8255996704102 74.4681549072266 74.2149353027344 74.1496810913086 74.0370025634766 73.5324249267578 73.3278579711914 73.4384155273438 73.2083358764648 72.9935302734375 72.9649810791016 72.8784713745117 72.6086044311523 72.5869522094727 72.5744018554688 72.433235168457 72.20361328125 72.1130142211914 72.0607986450195 71.8921356201172 71.7923965454102 71.5522537231445 71.3379058837891 71.3489608764648
78.6632995605469 79.3658981323242 79.3036575317383 78.3574905395508 78.1017684936523 77.6765747070312 77.5417785644531 82.4209976196289 84.5233001708984 86.1915130615234 85.8907318115234 81.7952423095703 77.5624618530273 77.32958984375 78.9887847900391 77.9239654541016 76.5279083251953 76.1865310668945 76.284538269043 76.3043899536133 77.0762557983398 76.1142044067383 74.8755798339844 74.522705078125 74.5178604125977 74.3364715576172 74.2669906616211 73.9458389282227 73.7788162231445 73.7806243896484 73.4769973754883 73.2538223266602 73.2919082641602 73.0692596435547 72.8713684082031 72.8037719726562 72.8037948608398 72.6348190307617 72.5923080444336 72.6975860595703 72.4888381958008 72.3868560791016 72.0888977050781 71.955810546875 71.899787902832 71.7284622192383 71.4554672241211 71.3677749633789 71.3473358154297
78.7477569580078 79.1412963867188 79.2125396728516 78.4678649902344 77.8994522094727 77.6212844848633 77.4306106567383 81.3732681274414 83.0762557983398 84.1182250976562 84.1529541015625 80.206787109375 77.2718734741211 77.0601119995117 77.5163269042969 76.819450378418 76.4343490600586 76.2692184448242 76.1729888916016 75.7553787231445 75.8978424072266 75.7774047851562 74.8297958374023 74.6507873535156 74.3957214355469 74.2284164428711 74.154167175293 73.8725280761719 73.5690689086914 73.6205749511719 73.3501052856445 73.2297821044922 73.2268295288086 72.9756317138672 72.969970703125 72.9351654052734 72.9548034667969 72.8202362060547 72.6927871704102 72.6369781494141 72.5055847167969 72.3024063110352 71.9953842163086 71.8340454101562 71.7748107910156 71.7440872192383 71.3903579711914 71.3125686645508 71.3615112304688
