rcp8.5models/MPI_ESM_LR/sc1gr5.40
NCOLS 261 
NROWS 433 
XLLCORNER 336357.134 
YLLCORNER 654653.479 
CELLSIZE 1000 
NODATA_value -9999 
[rows 176 to 197 of 433, columns 50 to 99 of 261]
307.340702593534 307.111847520248 307.048967753826 306.667178235837 306.366505097877 306.173083118539 305.879037856804 306.36884650331 306.30094885265 306.313825787903 305.819177637124 305.142752585886 305.004191644784 305.349276202922 305.202347330317 304.981821667786 305.127622368085 305.210523773444 304.987016739141 304.473387779348 303.883351556349 303.382646385154 303.272817102785 303.739311319429 303.158008595806 303.240181512102 303.259659713676 303.303566906752 302.524085865477 302.159705421225 301.657368582875 301.683428677224 301.957216885749 302.0157244538 301.477994469182 301.390879560656 301.327174901298 301.212560053549 301.137072338733 301.359192925808 300.977044224613 301.483858223913 301.481625356862 301.047361038277 300.546297518422 300.501038265101 300.831723647855 301.118023323943 301.294235600784 301.351635118452
307.410167744756 307.3922598212 307.076896059064 306.552259554461 306.769379332972 306.232214983277 306.409339646778 306.57713199097 306.499896240788 306.32371287076 306.212452791245 305.7212181567 305.892067663889 305.751322374731 305.479999639946 305.262999919644 305.313239136921 304.811991409125 304.631993145602 304.326762309181 303.864563446603 303.480280698654 303.815707192941 304.02696261173 303.100801785395 303.263768623175 303.347177158625 303.163874964932 302.207539471228 301.955390474258 301.87356091277 301.788323669956 302.186258027284 302.259103199603 301.848735076732 301.598415492094 301.406970454828 301.147003828491 300.687600378952 300.815755183194 300.5364416131 301.118651587944 301.325633064589 301.478112112608 301.026984970563 300.493442465079 300.469343051971 300.63588084805 300.739651506345 301.071616963013
306.870436552801 307.385576284771 307.141432987601 306.459315847721 306.840220599238 306.647604066842 306.567218336831 306.553868468669 306.470717392901 306.452169854859 306.321642783347 306.304194684031 306.040976647865 305.465888468603 305.329208320622 305.462248050051 305.425614215391 304.587480948934 304.318842368529 304.368048567097 304.009701758078 304.001285688453 304.082696959619 303.677239094346 303.157211494814 303.520744105649 303.348565470661 303.013064575241 302.225530902404 302.129001613687 302.228126208432 302.060282026635 302.1803961576 302.317593549238 302.165505850636 302.071978003837 301.459582072425 301.114335874066 300.34602813013 300.397264196938 300.413699359061 300.586117058606 300.713087274997 300.973733415205 300.94493584629 300.534331026755 300.413858705837 300.405080485637 300.432498318973 300.707578247221
306.448505943654 306.734947517819 306.573545015318 306.289953370741 306.410890543338 306.036877490229 306.254369288839 306.396255370159 306.186981377739 306.218699909761 306.074882175175 305.710058494283 305.460771421466 305.964341029029 305.434800088473 304.993337884378 305.347947097082 304.486772809124 304.294156043233 304.358734746677 304.263564001301 304.314501918052 303.862688001591 303.414361521554 303.439756533349 303.649924041658 303.279367661893 302.805717285963 302.253511895804 302.330389519791 302.517833164871 302.265141806173 302.238619222214 302.281462389838 302.245575126335 302.093794204773 301.449105422726 301.242249891098 300.954219657122 300.960510924831 300.972935481722 300.837522092566 300.390270511709 300.320955782941 300.065393086774 300.54853917921 300.481306196757 300.291834416402 300.053925879713 300.499938196714
306.352773827333 306.466258754435 306.328614644093 306.282996995597 306.147016740033 305.741895844632 305.648447274594 306.017064123313 306.270194979741 305.661801008263 305.421766561854 305.454392445479 305.268167351974 305.763188014349 305.632174703911 305.083547839143 305.203188452505 305.079190157862 304.820430942872 304.653116611929 304.62735551274 304.460350398182 304.20173208051 303.820207883338 303.568967475004 303.547173594103 302.905260817315 302.72580368366 302.334557248825 302.690647830398 302.696169398264 302.431770091035 302.276315518984 -9999 302.162523504299 301.662717117576 301.438484227443 301.317671288304 301.325806795801 301.333870014558 301.326102456153 301.07016408684 300.466949687109 300.382022342346 300.053163711589 299.949679433295 300.062827965298 300.202126525297 299.680440250771 300.12982864485
306.341251378425 306.475611428085 306.290111109935 305.648887584163 305.779944476518 305.941296572727 305.477773560285 305.550967226174 305.737400560259 305.118215027872 304.867728426211 305.304864804772 304.83054035871 305.443874794911 305.485009084346 305.26061162374 305.100709173395 304.867731165927 304.653882251631 304.440468617514 304.253346177047 304.103141926421 303.900019990086 303.931612472735 303.450521730721 303.491197623451 303.133817785664 303.117946441523 302.781420083185 302.563859527554 302.747372576808 302.399738509288 302.428207324235 302.250556490952 302.107726983061 301.778428561072 301.592710370764 301.935158755347 301.576852856883 301.402512330792 301.40283481098 301.102359663142 300.522070121965 300.529784450614 300.443562778424 300.004714732093 299.631797809273 299.811278048345 299.558411756049 299.60585780454
305.698876446313 305.67617210394 305.714950850997 305.579923916367 306.074403631553 305.544812978617 305.376165523978 304.801107780836 304.844949204186 304.89779598426 305.126008893383 304.563744248545 304.086666480111 304.650419283209 304.851993260782 305.26011154079 305.222186438668 304.803844276397 304.644699124686 304.473540769295 304.303806946683 304.228359850292 303.964235841736 304.083272031486 303.932909527667 303.651770420439 303.384864865825 303.440318556067 303.175954191877 302.752323503528 302.919401341326 302.320829347634 302.583635862247 302.491223137938 302.138034875203 301.848395068049 301.843944211983 302.357171868613 301.933418826167 301.598397748323 301.282880404015 300.925829788466 300.797394239527 300.297798937021 299.921736541262 299.835500532864 299.493858706466 299.37377576216 299.416285011478 299.346530088004
305.253559933376 305.420397060187 -9999 305.490023876358 305.51221624 305.347709979245 305.310948244613 304.403044317533 304.056864461308 304.571032016 304.877596692843 304.404935749831 304.092829618605 304.26565619569 304.577665126267 305.248264062012 305.268280469679 305.170973503539 305.207883201767 305.157287655712 305.072063163797 304.790259332179 304.342301824129 304.27836288751 304.271220002272 303.923470238345 303.493580124084 -9999 303.382484082323 303.368647228995 303.143647558214 302.821141054625 302.624471444537 302.396739835066 302.217587624987 302.056257972154 302.042885209836 302.097168051239 301.583864631106 301.449919113333 301.335488761559 300.96833732754 300.583278960428 300.264245473211 299.948812503272 299.677513555734 299.475842001244 299.298559718211 299.141497936123 298.780502971437
305.076893209028 305.448507292299 305.456246245056 305.308376004432 304.68636747803 304.883843431895 305.227631117769 304.450747066921 303.743389063853 303.743194231568 304.481261533805 304.330407339597 303.677388771391 304.230988872333 304.479400702455 305.236323122096 305.152091929639 305.336989225961 305.171382242609 305.055638858512 305.141416549551 304.683404465971 304.242186922078 304.181731141634 304.093802857916 303.980380483035 303.708496862794 303.643680232808 303.556028683897 303.43059833491 303.215255557379 303.133917111912 302.746525920962 302.473379100346 302.489344308231 -9999 301.893380386299 301.779662392419 301.386239889786 301.273270830013 300.823921858505 300.613292765388 300.251428926084 300.127065178713 300.344354957896 300.041670823295 299.884946225245 299.422390244214 299.221225038174 298.967349754032
305.106525546634 305.319122340549 304.481912384059 304.619605397966 304.298354366298 304.160730185842 304.433862445864 304.57270199347 303.807774772477 303.405928086593 303.503754991058 303.359872786222 303.004404802558 303.88705368936 304.415744266727 305.046562386789 304.527429637406 304.594644205553 304.546505453046 304.176154227419 304.600377638478 304.386922373978 304.388527413915 304.409973945761 304.313298530103 303.767230644816 303.74304345169 303.814047664381 302.794386952099 302.76375131121 302.482340558244 302.303353540227 301.809111394365 302.121226129006 301.739008477186 301.491118481631 301.365319381419 301.040507917224 300.697369354953 300.601169803833 300.385167793017 300.72573139114 300.68603545809 300.474713901916 300.863135219986 300.477725122964 300.352468902351 299.960209610886 299.525357249006 -9999
304.999631827047 305.414607269076 305.06825792275 304.416719439661 304.349600415408 304.213803973041 303.917217027631 304.23170806736 304.020712538816 303.209530717016 302.863482581768 303.053046290965 303.231819823424 303.945297550492 304.516764824723 305.131227110618 304.473713664116 -9999 304.57323706838 304.279012762836 303.838463025062 303.756057403704 303.872021741702 303.895338970662 304.077545531788 303.509913464908 303.513311755095 303.712326073528 303.122057110896 -9999 302.766916611524 302.590042866848 302.039161785528 302.147869438064 301.821085129715 301.333747680661 301.217769825663 301.147163260039 -9999 300.65918048985 300.743101281048 301.246202810907 300.997475326881 300.489816508261 300.927353234171 300.483423923136 300.374913503477 300.048883127849 300.096518576506 300.062379098743
305.280017646114 305.618552219033 305.335093321539 304.53326244433 304.916812949227 304.513070005349 304.00685525685 303.754697854345 303.590951421293 303.103746167303 302.413515299615 302.775104336262 303.463890852845 303.726518470461 304.418153624223 304.653754060413 304.493028489084 304.271833709164 303.912927912384 303.99968283951 303.956451593279 303.403328572007 303.385256070645 303.48544179448 303.586898328799 303.244665408075 303.201141007069 303.49131366909 -9999 -9999 -9999 -9999 302.442516159364 302.353729402261 302.04521419677 301.515708288104 301.452204252753 301.488833192644 301.303878679203 301.200415307621 301.158041412674 301.39855564834 301.184120127625 300.976388765717 301.040620803962 300.422401081538 300.221846663171 300.139388111288 300.404916610988 300.3013251942
305.728782165022 306.175173238221 305.92362669767 305.100597053487 305.047747358583 304.659517581391 304.222584255272 304.040325048492 303.841827342508 303.16613640039 302.432359440894 302.993724009284 303.296387753453 303.605519965621 304.222471948236 304.146535513445 303.965079349694 303.878390534178 303.966399378456 303.592043439624 303.688747744861 303.47250047098 303.218479345374 302.750933804335 302.763599613219 302.945107799094 302.657785139731 302.938604619793 -9999 -9999 -9999 -9999 302.378833706914 302.254065680879 302.028002984723 301.844084655296 301.817573521849 301.687364399765 301.614311507807 301.63051791517 301.498702579604 301.310735537031 301.270042921366 301.202935984925 300.826633785979 300.327912667095 300.244856209021 300.285688036281 300.234611055654 299.902537670531
306.300625263003 306.228412485609 305.622331633892 -9999 305.223767361407 304.848614562445 304.164945429247 304.165165916362 303.711846230397 303.104835244157 302.517198751582 303.352839002866 303.360149827836 303.563483416569 304.240517844421 303.99025431095 303.48199402872 303.536938711986 303.560126452914 303.318798300057 302.961037755982 303.05247351598 303.151414999655 302.864547820907 302.304625576991 302.44262016569 302.295174573844 -9999 -9999 302.802474930606 302.796619471852 -9999 -9999 302.367699718131 302.038479041284 302.10050969451 302.000108662842 301.93700036402 301.9471249874 301.708229148882 301.744079205279 301.452628372157 301.410076913819 301.217412293126 300.950830542485 300.584470297138 300.507220347457 300.148423394164 299.843720967638 299.853041750149
306.362695866829 305.544422580718 304.722902532674 304.939509477794 304.943715801876 304.555989428023 303.582061991548 303.409709493467 303.204317865645 302.896189688591 302.618465382019 303.449613609414 303.445780026744 303.484960805304 303.741944272051 303.620721853779 303.313296627927 303.239759006352 303.16310971833 303.390561994132 303.010719710252 302.604939356048 302.624902771656 302.547595314161 302.237006541886 302.220892805277 302.073535278312 301.854191507971 302.529113223525 302.340512500324 302.589775634333 302.559216603103 302.442152302948 302.36549403043 302.120205497145 302.136216343539 301.943464434192 301.761245285633 301.848855877139 301.686974587382 301.584773136699 301.520985122184 301.345387656646 301.255600720954 301.137183543919 300.823484984781 300.810117226251 300.201663917872 299.930646618372 300.085917232804
305.902884245942 305.298783949345 304.882486327749 304.633890669715 304.403287741296 304.354873993909 303.841960625194 303.335993075338 302.967359559312 302.521758065617 302.413794528278 302.890586919484 303.308927596207 303.231606231689 303.265775613698 303.347670198494 303.224822214876 302.965788779497 302.743412310281 303.057975779031 303.137945988851 302.284523003467 301.922505181928 302.240741222861 302.30618853397 302.193980678357 302.057689354967 301.856776217172 301.991993566429 301.804456399586 302.009739217376 301.925754726256 301.86334476287 301.880992134729 302.130464490536 301.843066433113 301.187954724909 301.224186832818 301.358765850997 301.582142234632 301.02143675998 301.400172451139 301.235292292399 301.167121832535 300.823705908554 300.469065688662 300.383403166267 300.062625439928 -9999 300.152927060844
306.261950711776 305.987201906314 305.24960907145 304.60079483588 304.368720167103 304.5091094996 304.232888065642 303.736451599735 302.98014191744 302.282854567356 302.286475437142 302.485930777762 302.696517483752 302.638479492705 302.575765225493 302.629789958527 302.601486846207 302.482024934457 302.288268082214 302.447146589923 302.695317853489 302.131332557378 301.475825510431 301.75745376266 302.069293500098 301.973237556179 301.546792521102 301.516140802043 301.425995013501 301.480148383875 301.733669571247 301.46379253244 301.088435804849 301.400691544291 301.635348070458 301.706406417665 300.821977817126 300.696214808726 300.856832791675 301.368862240755 301.051640027736 301.061343137469 301.04741974099 301.080736179078 300.890172594683 300.577589349719 300.056450303473 299.896653292222 299.710450990354 299.711343442535
306.355241049502 305.792296300324 305.325664422311 305.109894349685 304.880393010199 304.309375375245 304.307731570826 303.569156884337 303.059571475127 302.801023481902 302.472711659828 302.573707639958 302.82975154818 302.928455613106 302.228026050448 301.727551090908 301.814239209726 302.174472526309 302.319893196084 301.831761015259 301.936879624625 302.173349502542 301.839347364716 301.399524556525 301.534438310689 301.283876327255 300.733789184524 301.225759542771 300.982297073472 301.006835151985 301.537396251402 301.279322841552 300.649286725159 300.883396816316 301.338661602384 301.543237407656 301.088111753618 300.566811540862 300.132807918167 300.980371221682 301.157368363323 300.765777197348 300.543485277839 300.751842290965 300.735431930553 300.566998158922 300.252787079067 300.091085641961 299.826441374006 299.763881134098
306.362511337624 305.94324130811 305.728646732151 305.427571003 304.830939617281 304.340025365108 304.312675113706 303.794354742797 303.165083285443 303.062933187165 302.710417783598 303.234284037395 303.253118513924 303.278179154712 303.093209835271 302.445901672793 301.634638346729 301.467158731022 301.39345477672 300.776065452283 301.514398522917 301.661243160825 301.713355500397 301.425294313199 301.184120082882 300.550198726865 300.498296020958 301.398532606922 300.974277799668 300.623642538188 300.814818005173 300.826422749756 300.558725672991 300.650511662175 301.326623120311 301.418708681002 301.141266069333 300.473337813021 300.06251953758 300.63701101176 300.843940291826 300.714188336726 300.531879512011 300.288222643057 300.105858149063 299.992242981747 300.062615568513 300.198740148426 300.032036151727 299.885109685618
306.524210135242 306.169550881128 305.486500092132 305.35758194497 305.129017902418 305.011555756191 304.280238782973 303.921281577273 303.367377619064 303.100149566494 302.946896381825 303.539220853306 303.466130295302 303.3724368779 303.479658904262 303.162601865372 302.08280305523 301.874605786327 301.188707736934 299.42440273349 300.964992097264 301.435217832714 301.488890073306 301.483255261248 301.307025640748 300.709807299761 300.310012710547 300.803207416373 300.685156416534 299.764463589268 298.641376997251 300.266520117656 299.612550995649 300.509164658367 300.79835839275 301.047490729801 301.259309226726 300.764074267153 -9999 300.524100793597 300.365117058149 300.444170899127 300.531018583732 300.160897008211 299.844341952096 299.292293127966 299.549257222232 299.642624880081 299.639978751446 299.488784974875
306.481004575956 306.414526739375 306.283877811937 306.088219740309 305.929420805339 305.341083897039 304.21188139478 304.046509416431 304.01703940568 303.939348553646 304.048498424739 303.918940369615 303.901132091599 304.28372911064 303.83817856376 303.099589383069 302.489879235877 302.62978919437 301.894105190387 301.434262770951 301.755412101206 301.291584338536 301.567903321207 301.76711211129 301.400242708654 301.305132155337 300.599053666184 300.039554819587 300.113218767597 299.990937612654 299.39220436685 299.590313238404 300.13873153401 300.474634275845 300.486089410391 300.780248257816 300.628496277135 300.214181816295 -9999 300.651247079345 300.346649818835 299.830463377239 300.047720940511 -9999 299.957606656132 299.667930966937 299.387848898257 299.003498100039 299.00308656502 298.801088555885
306.456215245009 306.424746381688 306.378897951938 306.1715248404 305.884572574606 305.169228764407 304.706097433638 304.54392270013 304.603396996449 304.687180740865 304.394438190925 304.36223266777 304.243129844323 304.158769215871 303.737306961434 303.227885303318 303.005214689326 302.45578704621 302.022116879206 301.973444937185 302.138823859037 301.53825030529 301.830666900518 301.597136770436 301.315490116173 301.263958901083 300.736617833544 300.011189906855 299.71313102845 299.690727527575 299.440835344373 299.494897336251 300.038694710791 300.504022199623 300.227637696894 300.015621659385 300.432014569753 300.261407259119 300.121640889791 300.099095956387 300.380729413304 300.082326269315 300.071532951517 299.903598053871 299.571288354522 299.114940083705 299.2027001853 298.735567152626 298.346200333685 -9999
