rcp8.5models/MPI_ESM_LR/sc1gr8.14
NCOLS 261 
NROWS 433 
XLLCORNER 336357.134 
YLLCORNER 654653.479 
CELLSIZE 1000 
NODATA_value -3.4e+38 
[rows 220 to 241 of 433, columns 196 to 244 of 261]
235.197952270508 235.070693969727 234.435531616211 233.288589477539 232.320465087891 231.62077331543 231.332336425781 229.514602661133 228.493377685547 226.80696105957 226.143753051758 222.669143676758 218.546981811523 216.687057495117 215.576354980469 212.005554199219 207.992416381836 205.657287597656 198.563278198242 196.448837280273 194.56086730957 191.860412597656 189.142807006836 186.883483886719 184.499465942383 182.270706176758 179.1142578125 -3.4e+38 173.943801879883 171.461822509766 166.78498840332 164.784271240234 -3.4e+38 -3.4e+38 -3.4e+38 -3.4e+38 -3.4e+38 -3.4e+38 -3.4e+38 -3.4e+38 -3.4e+38 -3.4e+38 -3.4e+38 -3.4e+38 -3.4e+38 -3.4e+38 -3.4e+38 -3.4e+38 -3.4e+38
237.819396972656 237.188415527344 236.934356689453 235.220565795898 234.417190551758 232.699157714844 232.916198730469 230.331359863281 230.02799987793 229.112121582031 228.507843017578 225.606582641602 221.014450073242 219.515167236328 218.404312133789 214.237899780273 209.85578918457 206.913208007812 200.12548828125 198.188873291016 195.312103271484 193.09765625 190.426239013672 186.794555664062 184.431259155273 182.668502807617 179.735885620117 -3.4e+38 174.609939575195 172.780990600586 167.519622802734 165.975463867188 -3.4e+38 -3.4e+38 -3.4e+38 -3.4e+38 -3.4e+38 -3.4e+38 -3.4e+38 -3.4e+38 -3.4e+38 -3.4e+38 -3.4e+38 -3.4e+38 -3.4e+38 -3.4e+38 -3.4e+38 -3.4e+38 -3.4e+38
240.227828979492 238.720809936523 238.439193725586 237.204071044922 235.967224121094 234.692977905273 234.121292114258 232.935409545898 232.123992919922 231.550018310547 229.69856262207 227.547897338867 224.397232055664 221.962280273438 219.449844360352 216.038711547852 211.62646484375 208.550201416016 201.54557800293 198.795181274414 195.514511108398 192.735305786133 190.383728027344 187.662338256836 -3.4e+38 -3.4e+38 -3.4e+38 -3.4e+38 175.318420410156 173.482772827148 168.833358764648 167.064407348633 165.383712768555 -3.4e+38 -3.4e+38 -3.4e+38 -3.4e+38 -3.4e+38 -3.4e+38 -3.4e+38 -3.4e+38 -3.4e+38 -3.4e+38 -3.4e+38 -3.4e+38 -3.4e+38 -3.4e+38 -3.4e+38 -3.4e+38
241.586334228516 240.620162963867 239.714752197266 239.039337158203 237.580307006836 237.615249633789 236.696517944336 235.11442565918 233.418991088867 232.750198364258 230.815353393555 229.801315307617 226.517349243164 222.228225708008 218.905868530273 215.789154052734 212.1259765625 208.819961547852 202.224639892578 199.587173461914 196.501098632812 193.322662353516 190.489105224609 188.111251831055 -3.4e+38 -3.4e+38 -3.4e+38 -3.4e+38 175.854827880859 174.100189208984 169.529647827148 167.679229736328 165.615463256836 162.949249267578 161.029632568359 -3.4e+38 -3.4e+38 -3.4e+38 -3.4e+38 -3.4e+38 -3.4e+38 -3.4e+38 -3.4e+38 -3.4e+38 -3.4e+38 -3.4e+38 -3.4e+38 -3.4e+38 -3.4e+38
242.97575378418 242.199081420898 240.770233154297 240.569671630859 238.900039672852 239.358184814453 238.730728149414 235.949737548828 234.339935302734 233.466049194336 231.701995849609 231.197357177734 228.213851928711 223.547866821289 219.263854980469 215.917709350586 212.486053466797 209.044570922852 202.809387207031 200.458587646484 198.12629699707 194.547256469727 191.23258972168 -3.4e+38 -3.4e+38 183.74560546875 181.149642944336 179.081466674805 176.468826293945 174.294967651367 170.143447875977 167.873031616211 165.692840576172 163.658248901367 161.442184448242 159.117462158203 156.755706787109 -3.4e+38 -3.4e+38 -3.4e+38 -3.4e+38 -3.4e+38 -3.4e+38 -3.4e+38 -3.4e+38 -3.4e+38 -3.4e+38 -3.4e+38 -3.4e+38
244.127975463867 243.583587646484 242.107162475586 241.832855224609 240.083908081055 -3.4e+38 -3.4e+38 237.688171386719 236.337707519531 234.841461181641 232.879486083984 230.836151123047 228.884414672852 225.782974243164 221.628402709961 218.156509399414 214.673110961914 211.420608520508 204.731018066406 202.232315063477 200.319702148438 197.013870239258 193.076202392578 189.704147338867 187.452896118164 184.556015014648 181.978851318359 179.640151977539 177.220413208008 174.997665405273 170.789703369141 168.804061889648 166.423385620117 164.315353393555 161.964279174805 159.983367919922 157.820846557617 156.221572875977 -3.4e+38 -3.4e+38 -3.4e+38 -3.4e+38 -3.4e+38 -3.4e+38 -3.4e+38 -3.4e+38 -3.4e+38 -3.4e+38 -3.4e+38
245.582153320312 245.666259765625 244.397644042969 243.211486816406 242.731460571289 242.529083251953 241.856292724609 241.817108154297 240.1943359375 236.937316894531 235.429885864258 231.89030456543 229.002426147461 226.124435424805 223.019104003906 219.837371826172 215.850158691406 212.473648071289 206.277954101562 204.084564208984 201.86979675293 199.474639892578 195.965209960938 191.896896362305 188.800918579102 186.272415161133 183.736419677734 180.420181274414 177.991058349609 175.551696777344 170.845809936523 169.397827148438 166.701095581055 164.55143737793 162.691635131836 160.635681152344 158.012084960938 156.013000488281 -3.4e+38 -3.4e+38 -3.4e+38 -3.4e+38 -3.4e+38 -3.4e+38 -3.4e+38 -3.4e+38 -3.4e+38 -3.4e+38 -3.4e+38
247.973083496094 247.217239379883 246.458282470703 244.682571411133 245.285369873047 245.2607421875 244.341659545898 244.085510253906 241.516815185547 238.104202270508 236.504501342773 233.192077636719 230.367202758789 226.750228881836 223.537582397461 220.379211425781 216.629898071289 213.207824707031 207.462295532227 205.551132202148 202.606796264648 199.980010986328 197.51628112793 194.541198730469 190.257827758789 187.506393432617 184.813003540039 182.04541015625 179.793975830078 176.750213623047 171.210113525391 169.132339477539 166.766952514648 165.1552734375 162.967224121094 160.54997253418 158.213241577148 156.623077392578 154.659378051758 -3.4e+38 -3.4e+38 -3.4e+38 -3.4e+38 -3.4e+38 -3.4e+38 -3.4e+38 -3.4e+38 -3.4e+38 -3.4e+38
250.565139770508 249.982513427734 248.99153137207 248.427871704102 248.306243896484 247.384521484375 247.388107299805 243.113006591797 241.375473022461 238.968078613281 237.51106262207 235.032852172852 232.029708862305 227.975936889648 223.72883605957 220.767013549805 218.056518554688 214.720397949219 208.628005981445 206.123001098633 202.755462646484 199.624282836914 197.512893676758 195.552108764648 191.842056274414 188.67138671875 185.737701416016 183.275360107422 180.807205200195 177.92854309082 172.147964477539 169.825576782227 167.367706298828 165.345199584961 163.035491943359 161.246871948242 158.898391723633 156.974914550781 154.77326965332 153.272735595703 -3.4e+38 -3.4e+38 -3.4e+38 -3.4e+38 -3.4e+38 -3.4e+38 -3.4e+38 -3.4e+38 -3.4e+38
252.728240966797 253.153213500977 252.22705078125 252.438079833984 252.538604736328 248.045761108398 247.311813354492 247.352203369141 245.164581298828 242.990997314453 241.592391967773 238.236511230469 235.058227539062 230.378265380859 226.261444091797 223.210220336914 220.195495605469 216.66325378418 209.648147583008 206.081832885742 203.506820678711 200.487548828125 197.826583862305 195.468887329102 192.262573242188 189.207000732422 186.713165283203 184.431594848633 181.569946289062 178.933258056641 173.494018554688 170.671249389648 -3.4e+38 -3.4e+38 -3.4e+38 -3.4e+38 159.086441040039 157.049774169922 155.369842529297 153.493392944336 150.99089050293 147.397933959961 -3.4e+38 -3.4e+38 -3.4e+38 -3.4e+38 -3.4e+38 -3.4e+38 -3.4e+38
255.411590576172 254.820617675781 254.026947021484 252.973434448242 253.016387939453 249.630218505859 248.697219848633 251.349563598633 250.353561401367 247.103317260742 247.82487487793 242.838958740234 237.141967773438 233.096633911133 229.453247070312 225.585433959961 221.790954589844 218.644638061523 211.918182373047 208.373184204102 205.836395263672 202.138610839844 198.315338134766 196.121398925781 192.920806884766 189.954025268555 187.460189819336 184.964736938477 182.21240234375 179.793792724609 174.958618164062 171.993316650391 -3.4e+38 -3.4e+38 -3.4e+38 -3.4e+38 -3.4e+38 157.644912719727 155.556274414062 153.256088256836 151.103134155273 146.983093261719 145.16796875 -3.4e+38 -3.4e+38 -3.4e+38 -3.4e+38 -3.4e+38 -3.4e+38
259.696472167969 259.182098388672 259.555450439453 260.860534667969 258.471405029297 256.514862060547 255.833297729492 252.334442138672 250.059875488281 247.34375 245.595657348633 244.038604736328 239.159515380859 234.223068237305 233.483947753906 228.105529785156 222.430725097656 219.465591430664 213.750686645508 210.665344238281 207.488540649414 204.376495361328 201.492065429688 198.625305175781 196.231704711914 193.079040527344 189.837677001953 187.250946044922 184.100830078125 180.634490966797 175.407302856445 -3.4e+38 -3.4e+38 -3.4e+38 -3.4e+38 -3.4e+38 -3.4e+38 -3.4e+38 -3.4e+38 -3.4e+38 151.880432128906 148.142471313477 146.009262084961 143.845031738281 -3.4e+38 -3.4e+38 -3.4e+38 -3.4e+38 -3.4e+38
261.617767333984 262.382171630859 263.368591308594 263.930725097656 261.487213134766 258.514526367188 258.188140869141 254.803085327148 251.403549194336 248.386627197266 244.965591430664 242.71467590332 239.366363525391 234.593994140625 233.93586730957 229.080154418945 223.096817016602 220.173263549805 214.413513183594 211.205718994141 208.310119628906 205.974411010742 202.983856201172 200.056762695312 197.032150268555 193.987869262695 191.172760009766 188.451248168945 185.344024658203 181.517242431641 176.099731445312 173.953201293945 -3.4e+38 -3.4e+38 -3.4e+38 -3.4e+38 -3.4e+38 -3.4e+38 -3.4e+38 -3.4e+38 -3.4e+38 148.535797119141 146.343048095703 144.118804931641 142.260314941406 140.235931396484 -3.4e+38 -3.4e+38 -3.4e+38
262.916412353516 265.152221679688 265.981475830078 261.827270507812 260.484497070312 259.352691650391 258.549133300781 256.532257080078 252.2412109375 250.182754516602 248.018814086914 -3.4e+38 240.412536621094 236.680068969727 233.591201782227 229.618301391602 225.358139038086 222.151306152344 215.772720336914 212.31364440918 209.131530761719 206.955627441406 204.655899047852 201.595260620117 198.513488769531 195.660507202148 192.706924438477 189.384567260742 185.813018798828 182.713836669922 176.67041015625 -3.4e+38 -3.4e+38 -3.4e+38 -3.4e+38 -3.4e+38 162.970199584961 -3.4e+38 -3.4e+38 -3.4e+38 -3.4e+38 148.303802490234 -3.4e+38 144.111801147461 142.47785949707 -3.4e+38 -3.4e+38 -3.4e+38 -3.4e+38
264.463775634766 265.333160400391 264.750671386719 262.32275390625 260.998138427734 260.178771972656 259.337524414062 256.098388671875 253.397644042969 251.416168212891 252.088088989258 249.626647949219 241.349029541016 238.106353759766 234.165145874023 230.698516845703 227.456359863281 224.275421142578 217.715286254883 214.49284362793 211.125274658203 208.390213012695 205.813720703125 202.497268676758 199.19953918457 196.214981079102 193.098526000977 189.887405395508 186.666198730469 183.823822021484 178.406311035156 176.233505249023 172.488632202148 170.028091430664 -3.4e+38 166.295654296875 164.228713989258 160.474838256836 157.651824951172 -3.4e+38 -3.4e+38 148.071090698242 146.190216064453 -3.4e+38 142.550933837891 -3.4e+38 139.408004760742 -3.4e+38 -3.4e+38
265.626586914062 265.622711181641 264.770660400391 264.437683105469 263.242065429688 260.515045166016 259.556457519531 257.296020507812 255.372344970703 252.874008178711 253.129165649414 251.328277587891 243.790649414062 239.153457641602 235.839660644531 232.504684448242 228.747863769531 225.100784301758 219.356781005859 216.272033691406 213.248352050781 -3.4e+38 206.990112304688 203.920684814453 200.594787597656 197.248031616211 193.832336425781 191.058929443359 188.181915283203 185.281723022461 180.059707641602 177.340072631836 173.791488647461 170.683990478516 168.278030395508 166.54508972168 164.114898681641 161.249465942383 -3.4e+38 -3.4e+38 -3.4e+38 148.748916625977 146.773529052734 144.823577880859 142.843963623047 -3.4e+38 139.798736572266 138.209396362305 -3.4e+38
266.652984619141 267.249694824219 267.451477050781 265.977661132812 264.7470703125 261.384002685547 259.86669921875 259.567260742188 257.28369140625 255.642486572266 253.042770385742 249.682113647461 245.719497680664 241.323272705078 238.038528442383 234.335540771484 229.694625854492 225.995498657227 220.963088989258 217.905487060547 214.755966186523 211.580718994141 208.632064819336 205.587097167969 -3.4e+38 199.755020141602 196.745376586914 192.983871459961 189.632629394531 186.925704956055 180.640060424805 178.667465209961 175.798553466797 172.544464111328 169.609786987305 166.9814453125 164.411437988281 162.074401855469 -3.4e+38 156.734527587891 -3.4e+38 -3.4e+38 146.956909179688 -3.4e+38 -3.4e+38 -3.4e+38 140.421737670898 138.189758300781 -3.4e+38
269.564239501953 268.290344238281 267.514465332031 266.788543701172 265.793609619141 263.378509521484 262.010467529297 260.547424316406 258.355041503906 256.328033447266 254.107543945312 -3.4e+38 246.900100708008 243.816268920898 240.875762939453 235.854385375977 231.086563110352 227.875564575195 222.30143737793 220.005554199219 216.799057006836 213.618682861328 210.132354736328 -3.4e+38 204.150894165039 201.835983276367 199.843124389648 195.8076171875 191.374053955078 187.472412109375 181.497222900391 179.216567993164 176.332061767578 173.521957397461 170.584548950195 167.781677246094 165.95182800293 163.37890625 160.782302856445 158.270645141602 155.273345947266 -3.4e+38 -3.4e+38 -3.4e+38 -3.4e+38 -3.4e+38 -3.4e+38 139.558776855469 138.214096069336
272.209259033203 269.096618652344 267.191711425781 266.886383056641 265.529937744141 264.333953857422 263.333282470703 261.489929199219 260.564056396484 256.402648925781 255.248825073242 252.22590637207 248.413284301758 244.836074829102 241.061080932617 236.77001953125 232.832168579102 229.562850952148 223.446762084961 221.229293823242 218.883743286133 215.726638793945 212.385620117188 209.061492919922 206.062744140625 203.794418334961 200.689346313477 197.060485839844 192.504867553711 188.81706237793 183.390914916992 179.84521484375 177.075180053711 174.535263061523 171.846374511719 169.374572753906 167.418060302734 164.378936767578 161.241897583008 158.9609375 156.160430908203 -3.4e+38 -3.4e+38 -3.4e+38 -3.4e+38 -3.4e+38 -3.4e+38 141.200332641602 139.125747680664
273.883239746094 271.305084228516 269.860321044922 267.872467041016 266.017517089844 265.161041259766 263.716491699219 261.768341064453 261.871826171875 258.440155029297 255.611633300781 253.898178100586 249.879653930664 245.482604980469 241.675689697266 238.149429321289 234.385528564453 231.166137695312 224.763092041016 221.981658935547 219.794891357422 217.905090332031 215.707565307617 212.032943725586 208.62858581543 206.779525756836 202.248153686523 197.012725830078 193.903869628906 191.534637451172 185.588088989258 181.262634277344 178.688873291016 176.414138793945 174.528015136719 171.66975402832 168.217681884766 164.954620361328 162.123397827148 159.610290527344 156.95719909668 -3.4e+38 149.209579467773 147.04931640625 -3.4e+38 -3.4e+38 -3.4e+38 -3.4e+38 140.488342285156
275.383483886719 273.484344482422 272.303100585938 269.326477050781 267.389434814453 266.563873291016 264.668914794922 261.879455566406 261.351043701172 258.9443359375 255.928512573242 255.045837402344 251.637985229492 246.936462402344 244.332275390625 241.929763793945 237.22184753418 233.288970947266 226.344512939453 223.611968994141 -3.4e+38 220.352401733398 218.003265380859 214.237503051758 210.225463867188 207.745254516602 203.424789428711 197.939712524414 195.433975219727 192.843215942383 186.873260498047 182.988388061523 179.522354125977 178.001708984375 176.650009155273 173.745132446289 170.323181152344 166.540328979492 163.572662353516 160.891174316406 158.349731445312 153.462341308594 150.577896118164 148.483963012695 -3.4e+38 -3.4e+38 -3.4e+38 -3.4e+38 140.989944458008
277.103973388672 275.832397460938 273.409515380859 270.417816162109 268.452484130859 267.591156005859 265.713592529297 263.361083984375 262.481842041016 259.993865966797 258.642669677734 256.290496826172 252.878509521484 250.174758911133 248.250915527344 244.813720703125 238.983932495117 -3.4e+38 228.386795043945 225.504165649414 -3.4e+38 220.922164916992 218.733703613281 215.74382019043 210.889556884766 207.207153320312 204.245895385742 201.096557617188 197.723236083984 193.65950012207 187.214981079102 184.103851318359 180.472793579102 178.360000610352 177.41423034668 175.252792358398 171.814926147461 168.488677978516 165.387084960938 162.514877319336 159.938598632812 154.985382080078 152.384170532227 -3.4e+38 -3.4e+38 -3.4e+38 -3.4e+38 142.442016601562 141.375030517578
