rcp8.5models/MPI_ESM_LR/sc1gr8.24
NCOLS 261 
NROWS 433 
XLLCORNER 336357.134 
YLLCORNER 654653.479 
CELLSIZE 1000 
NODATA_value -3.4e+38 
[rows 330 to 351 of 433, columns 196 to 244 of 261]
69.4218215942383 69.4773254394531 69.1254577636719 69.1130981445312 68.3363418579102 67.7926406860352 67.6296920776367 70.8141937255859 72.5238723754883 73.9992218017578 74.2909851074219 69.7375183105469 68.4828643798828 68.6069488525391 68.6310119628906 67.9520416259766 67.6522521972656 67.6957778930664 68.2135162353516 68.2992095947266 68.3219909667969 68.2070541381836 67.6872100830078 67.6175155639648 67.324462890625 67.5280685424805 67.7466125488281 67.9523086547852 67.9474563598633 67.956298828125 67.8992767333984 68.1648254394531 68.4867935180664 68.0445556640625 68.7808456420898 68.6650848388672 68.4483337402344 68.5683898925781 68.5951538085938 68.477409362793 68.511116027832 68.1646499633789 67.7128677368164 67.4906387329102 67.4620666503906 67.3332138061523 66.9603042602539 66.8469085693359 66.3608245849609
68.5354766845703 68.4260025024414 68.4436264038086 68.8638458251953 68.6971206665039 67.5400543212891 67.4160385131836 68.2042007446289 68.4714584350586 69.0541534423828 69.5882110595703 67.5866394042969 68.1158447265625 68.2231063842773 68.1916961669922 67.382453918457 67.2205047607422 67.1106567382812 67.1792907714844 67.1571655273438 67.2393112182617 67.3891754150391 67.3312606811523 67.4626770019531 67.3063125610352 67.3165740966797 67.3394012451172 67.4259643554688 67.1898422241211 67.2759323120117 67.4004135131836 67.5192794799805 67.5368804931641 67.4560775756836 68.0121688842773 67.6204299926758 67.5163116455078 67.5521926879883 67.5423049926758 67.6089019775391 67.9149856567383 67.374641418457 66.9111557006836 66.439811706543 66.4152679443359 66.2762832641602 65.7926254272461 65.6825561523438 65.3108596801758
68.0041656494141 67.7160110473633 68.4990768432617 69.0006332397461 69.0545272827148 67.6006317138672 66.9118041992188 66.8497848510742 66.9603881835938 66.7418060302734 66.9119491577148 67.0156478881836 67.6249160766602 67.6340179443359 67.8199996948242 67.0979690551758 66.5681686401367 -3.4e+38 66.4381713867188 66.1963577270508 66.3800354003906 66.5365524291992 67.0247802734375 66.8199310302734 66.8320617675781 66.8204345703125 66.8299331665039 66.7418670654297 66.4206695556641 66.5683517456055 66.5374069213867 66.970329284668 67.0281372070312 67.2160263061523 67.1338729858398 66.4821395874023 66.4854202270508 66.5849380493164 67.0264358520508 66.9945602416992 66.7863311767578 65.8375396728516 65.748893737793 65.2868041992188 64.8147735595703 64.7259750366211 64.3532943725586 64.3188858032227 64.2099685668945
67.4934005737305 67.3405685424805 68.0467376708984 68.2027435302734 67.8447113037109 67.0154113769531 66.3984527587891 66.2052841186523 66.2151565551758 66.1603012084961 66.3767242431641 66.5398941040039 66.8976898193359 67.10595703125 67.4199829101562 66.6132583618164 65.9895095825195 -3.4e+38 65.8356323242188 65.5249176025391 65.6622467041016 65.6071853637695 66.0088729858398 66.2185668945312 66.1360549926758 65.8904190063477 66.0175476074219 66.0991134643555 66.0578918457031 65.9880828857422 65.4618835449219 65.8077239990234 65.8110275268555 65.8259735107422 65.7536239624023 65.302001953125 64.8669815063477 64.9480056762695 65.4003295898438 65.6652221679688 64.8550643920898 63.8430595397949 63.8303909301758 63.828914642334 63.8803482055664 63.8658752441406 63.7614097595215 63.2856483459473 63.2011833190918
66.986457824707 66.958740234375 67.5320053100586 67.1801834106445 67.171142578125 67.4679641723633 66.1924591064453 65.6729202270508 65.4096832275391 65.9515151977539 65.965950012207 66.0713958740234 66.2792434692383 66.3598098754883 66.4365615844727 66.1768569946289 66.0702590942383 66.0122222900391 65.2907638549805 64.9754867553711 64.9799575805664 64.5728225708008 64.8080062866211 65.3321762084961 65.4116668701172 64.4809722900391 64.5391464233398 64.5913696289062 64.6378173828125 64.589225769043 63.8669242858887 64.217529296875 63.7939491271973 63.8110275268555 63.8241767883301 63.8423957824707 63.8895797729492 63.8954162597656 63.9758987426758 64.2548980712891 63.801456451416 62.9146842956543 62.8154411315918 62.4190788269043 62.7302055358887 62.7970809936523 63.1361122131348 62.7720947265625 62.5872116088867
66.6137237548828 66.5843048095703 67.186149597168 67.1555099487305 67.6694412231445 68.8448867797852 68.6304626464844 64.7900161743164 64.560920715332 65.0776748657227 65.0988845825195 65.1413192749023 65.2405776977539 65.4630813598633 65.880859375 65.5849685668945 65.2321319580078 65.2922668457031 64.8339538574219 64.9392166137695 64.8289489746094 63.9438934326172 63.2394714355469 63.4025268554688 63.6149787902832 63.0832366943359 63.4125213623047 63.0475807189941 63.0958442687988 63.138843536377 -3.4e+38 62.7231101989746 62.7181015014648 62.3068771362305 62.3237380981445 62.4099540710449 62.7435111999512 62.7492370605469 62.8387870788574 63.2425155639648 63.1667861938477 61.7425155639648 61.663158416748 61.21240234375 60.7502098083496 60.7999954223633 61.1086235046387 61.0919570922852 60.9474449157715
66.3632202148438 67.4977493286133 66.5902099609375 66.4899597167969 66.9945755004883 72.7081069946289 73.2179565429688 63.5408897399902 62.5175857543945 62.3065757751465 62.3864669799805 62.149242401123 62.5049057006836 63.4651756286621 63.8255233764648 63.412727355957 62.7920913696289 63.011100769043 62.6691551208496 63.0200729370117 63.6904449462891 62.8056259155273 62.0546264648438 61.9883232116699 61.5103569030762 60.7248229980469 60.3706321716309 60.4159965515137 60.4302139282227 60.5668907165527 60.0784034729004 60.1098594665527 60.0550155639648 59.7220916748047 59.7436370849609 59.6659812927246 59.3407096862793 59.6948738098145 59.2655067443848 59.2712898254395 59.3412399291992 59.6740646362305 59.7293472290039 59.6394195556641 59.1848907470703 59.112247467041 58.7560386657715 58.6657180786133 58.1210556030273
65.1672286987305 67.0336837768555 67.4760513305664 65.1448822021484 64.9039611816406 69.2122344970703 73.4224700927734 62.4634666442871 61.4745330810547 61.3803215026855 61.7571220397949 61.4424781799316 61.3262596130371 61.8031158447266 61.8174095153809 61.4536743164062 61.1274070739746 61.2167129516602 62.0526657104492 63.6540718078613 63.3421859741211 61.9445037841797 60.7225456237793 60.0369720458984 60.020881652832 59.659252166748 59.3634872436523 59.4199142456055 59.3696250915527 59.0753326416016 59.0338401794434 59.067081451416 59.1849060058594 59.5028533935547 59.0958251953125 59.0369529724121 58.7749099731445 59.0681953430176 58.6350135803223 58.1251640319824 57.6895446777344 57.7552947998047 58.0753898620605 58.002872467041 57.6403846740723 57.5998802185059 57.5924224853516 57.5213241577148 57.1060218811035
63.65869140625 64.5955810546875 66.1615676879883 63.3393402099609 62.6039009094238 65.2316665649414 70.6596603393555 61.0762481689453 60.4179077148438 60.301383972168 60.6934700012207 60.3558387756348 60.1622505187988 60.2891082763672 60.311393737793 60.0841522216797 60.2011299133301 60.4131546020508 61.2626800537109 62.0023002624512 60.3292846679688 59.2842102050781 59.3031311035156 59.0250587463379 59.0970115661621 59.0608444213867 58.7117347717285 58.7680511474609 58.7333908081055 58.4249572753906 57.4868431091309 57.5197410583496 57.6220169067383 57.8902816772461 57.6425971984863 57.9602508544922 57.5451927185059 57.5588455200195 57.4980049133301 57.0899200439453 56.7445526123047 56.2243766784668 56.2257881164551 56.2253227233887 56.2181854248047 56.1882705688477 56.1837196350098 56.172119140625 56.1334381103516
62.7506065368652 63.2361259460449 63.0348472595215 61.9741401672363 61.457633972168 62.523681640625 64.3618240356445 60.0328559875488 59.3815841674805 59.2815132141113 59.6511650085449 59.4398956298828 59.5683746337891 59.583080291748 59.2212142944336 58.9760894775391 59.0887413024902 59.3064651489258 59.7963256835938 59.2082901000977 58.1243896484375 57.9430046081543 58.345832824707 58.4222602844238 58.4939956665039 58.3647422790527 57.6417655944824 57.6981620788574 57.6504364013672 57.282169342041 56.5030937194824 56.5392036437988 56.476375579834 56.0797729492188 56.1749992370605 56.4422340393066 56.1064567565918 56.1149482727051 56.09130859375 56.1029090881348 56.1121482849121 55.7045593261719 55.6246299743652 55.182731628418 55.1832046508789 55.1820411682129 55.179328918457 55.1709289550781 55.1416015625
61.7202796936035 61.967601776123 61.230640411377 60.5955581665039 60.3162727355957 59.8999366760254 59.3518142700195 58.987979888916 58.3150215148926 58.0980911254883 58.2260780334473 58.3521270751953 58.5867156982422 58.8727569580078 58.0660629272461 57.4726295471191 57.6909637451172 58.2801284790039 58.2411956787109 57.891960144043 57.4266510009766 56.7349967956543 56.8138656616211 56.8883056640625 56.9582595825195 56.9312133789062 56.6206169128418 56.6683311462402 56.5988388061523 56.1954154968262 56.3795700073242 56.3220252990723 55.8548240661621 55.5309143066406 55.4662094116211 55.0629692077637 55.0837135314941 55.095401763916 55.0805931091309 55.0876846313477 54.9804000854492 54.555980682373 54.4935531616211 54.1469383239746 54.1488494873047 54.1491279602051 54.0684089660645 53.6154479980469 53.6107330322266
60.5916709899902 60.5148887634277 59.7752723693848 59.1424980163574 58.8303565979004 58.5458488464355 58.2371940612793 57.5926094055176 57.2872276306152 56.982551574707 56.7423210144043 56.9751968383789 57.568042755127 57.8211822509766 57.1199417114258 56.8882865905762 57.0950126647949 57.4449005126953 57.0991363525391 56.4270133972168 56.3335723876953 55.7311553955078 55.8108520507812 55.8863754272461 55.8568840026855 55.519645690918 55.5811347961426 55.630786895752 55.5546264648438 55.1964912414551 55.7427139282227 55.7013053894043 55.1984558105469 54.3932418823242 54.3437347412109 54.0148811340332 53.9474143981934 53.5365676879883 53.5523223876953 53.5605506896973 53.4772033691406 53.1443519592285 53.1443634033203 53.1150741577148 53.1185836791992 53.1204833984375 53.0602569580078 52.7142333984375 52.7137870788574
59.8986320495605 59.4891891479492 58.870662689209 58.4745483398438 57.9374313354492 58.0734329223633 57.8824157714844 56.6982269287109 56.7156410217285 56.3777847290039 56.1638565063477 56.3862342834473 56.8456268310547 56.6515693664551 55.6881790161133 55.7963714599609 55.9016227722168 55.9119415283203 57.5811195373535 55.4234771728516 55.5113296508789 55.493293762207 55.177375793457 55.3523902893066 55.7359428405762 55.2551612854004 54.4142875671387 54.2670631408691 54.8542289733887 53.8147354125977 53.7118759155273 53.8330421447754 54.0954627990723 53.3380661010742 52.9447479248047 52.9705543518066 52.9209175109863 52.5905342102051 52.609977722168 52.5417137145996 52.122486114502 52.582935333252 52.1473388671875 52.1269760131836 52.1321792602539 52.2084655761719 52.625057220459 52.5509452819824 52.1019859313965
58.8712692260742 58.5890579223633 58.7518539428711 59.3528213500977 57.5753288269043 57.0249938964844 56.9499626159668 56.5590324401855 56.474048614502 55.7986106872559 55.4604454040527 55.2136344909668 55.3285751342773 55.2481994628906 54.6887817382812 54.796012878418 54.9004821777344 54.8974723815918 56.1079368591309 54.796443939209 54.9844512939453 55.2684211730957 54.5084609985352 54.284049987793 54.6043586730957 54.0978240966797 53.3753242492676 53.2553977966309 53.7450675964355 52.6906890869141 52.3479194641113 52.3670883178711 52.3900985717773 52.7303237915039 52.4095726013184 52.4380989074707 52.4639549255371 52.4010238647461 51.9928092956543 51.9420204162598 51.6084632873535 51.9854278564453 51.6473121643066 51.656551361084 51.5858573913574 51.1257553100586 50.9967041015625 50.9380912780762 50.6618156433105
57.8790893554688 57.6837425231934 58.0269966125488 58.5905570983887 57.792610168457 56.7190246582031 56.052375793457 55.8486366271973 55.5246276855469 55.2146759033203 54.8018836975098 54.1120681762695 53.8592910766602 54.0749969482422 54.5536003112793 54.6673622131348 54.6855354309082 54.1880149841309 53.6599884033203 53.7480697631836 53.9225616455078 54.1615333557129 53.4134788513184 53.0478897094727 52.634162902832 52.446174621582 52.8124732971191 52.4676284790039 52.4401397705078 52.1407089233398 51.7286720275879 51.6920318603516 51.4482650756836 51.8037261962891 51.7472686767578 51.3471641540527 51.2573509216309 50.8965873718262 50.9587936401367 50.9774360656738 50.9939041137695 51.0206871032715 51.0311851501465 50.9617004394531 50.4676399230957 50.0666694641113 49.7210388183594 49.7254905700684 49.780891418457
57.0761604309082 56.2279167175293 56.253532409668 56.3885955810547 57.6150245666504 57.5702934265137 55.7042083740234 54.3730545043945 54.170223236084 54.2883110046387 54.3057022094727 53.8810119628906 53.1895332336426 53.0351486206055 53.5872077941895 54.0796737670898 53.9845581054688 53.1491508483887 52.6190795898438 52.7053337097168 52.8879623413086 53.1693687438965 52.510669708252 52.4008941650391 51.7286262512207 51.8780059814453 52.2054710388184 51.7280464172363 50.9784927368164 51.0275459289551 50.6886787414551 50.7292404174805 50.6780395507812 50.2962913513184 50.3414764404297 50.3493728637695 49.8608589172363 49.5442657470703 49.4608001708984 49.5614051818848 50.0014457702637 50.0029182434082 49.9692497253418 49.551872253418 49.6210327148438 49.6295471191406 49.6365623474121 49.569206237793 49.1271438598633
56.1937065124512 55.4708023071289 54.8187828063965 54.7162551879883 55.3698234558105 55.7197570800781 54.3251571655273 53.4873313903809 53.3929100036621 52.8042373657227 52.9159812927246 52.9285850524902 52.502613067627 52.0181427001953 52.5868759155273 53.0437393188477 52.9499244689941 52.2158355712891 51.6828765869141 52.169620513916 52.2227668762207 52.2019729614258 51.829402923584 51.3989295959473 51.0246925354004 50.6932945251465 50.7529449462891 50.6484718322754 50.0092620849609 50.0604019165039 50.1535682678223 50.1070747375488 49.6594352722168 49.3464775085449 49.4520034790039 49.7606201171875 49.3560829162598 48.8911972045898 48.5666313171387 48.6548271179199 49.0167922973633 49.026481628418 49.0043106079102 48.6499443054199 48.6123237609863 49.0285606384277 49.0359497070312 48.9862976074219 48.648853302002
56.1819534301758 56.762809753418 54.8275947570801 53.5237236022949 53.3066062927246 53.3241195678711 53.1191864013672 52.4485511779785 52.3648376464844 51.7166175842285 51.4705696105957 51.5774612426758 51.5868377685547 51.4504508972168 51.8875846862793 51.9988708496094 52.0354232788086 51.5470352172852 50.8446044921875 51.8687019348145 50.9669227600098 50.4588050842285 50.8003921508789 50.4087715148926 50.0020179748535 49.7203941345215 49.6887397766113 49.3484153747559 49.4021148681641 49.4528465270996 49.5454978942871 49.513126373291 49.2050399780273 49.1568565368652 48.8612747192383 49.3098831176758 49.1881790161133 48.4474143981934 48.4729499816895 48.4163360595703 48.0894775390625 48.0453300476074 47.9818420410156 47.5652542114258 47.6585578918457 47.5364265441895 47.53857421875 47.5145149230957 47.5193977355957
54.2818145751953 54.1921691894531 53.4576644897461 52.717041015625 52.078670501709 51.875415802002 51.7846260070801 51.6704254150391 51.3514976501465 50.9105682373047 50.3354873657227 50.3364753723145 49.8924789428711 49.4206962585449 49.8499794006348 49.8580055236816 49.5299644470215 49.2305488586426 50.1547775268555 52.2355079650879 49.1329307556152 49.1303939819336 48.8706092834473 48.7868232727051 48.4036903381348 48.0911026000977 48.060001373291 47.7218704223633 47.7745513916016 47.7484245300293 47.7676277160645 47.0291061401367 46.6618728637695 46.7825508117676 47.2293701171875 47.1810684204102 46.7959365844727 46.8237571716309 46.7846031188965 46.449031829834 46.3298759460449 45.9621925354004 45.6350517272949 45.7094650268555 46.0104370117188 45.6798820495605 45.6918907165527 45.7524108886719 46.0126304626465
53.6235008239746 53.0962333679199 52.1371841430664 51.8344535827637 51.6313591003418 51.6406784057617 51.3168258666992 50.6652030944824 50.3281707763672 50.0112380981445 49.6852912902832 49.3397407531738 49.1088638305664 49.2060012817383 49.202033996582 48.9325675964355 48.9327354431152 48.6854515075684 48.9647178649902 49.0908203125 48.0636901855469 48.0489349365234 47.6800117492676 47.3303108215332 47.0713691711426 47.1056938171387 46.9969444274902 46.3178215026855 46.4526710510254 46.7848052978516 46.479564666748 46.450511932373 46.1465911865234 46.2553672790527 46.6366767883301 46.6025924682617 46.2094039916992 45.9015464782715 46.2695159912109 45.8117828369141 45.4908714294434 45.4604263305664 45.0507698059082 45.1391563415527 45.5868682861328 45.6013221740723 45.6143341064453 45.5583381652832 45.0768852233887
53.2807235717773 52.1161499023438 51.2749099731445 51.2831764221191 51.0648002624512 51.077522277832 50.9737663269043 50.0193519592285 49.4561958312988 49.5601387023926 49.4675559997559 48.8900299072266 48.8883934020996 48.628475189209 48.5310478210449 47.9241256713867 47.9145660400391 47.6340522766113 47.6255683898926 47.0337448120117 47.0108375549316 46.6525001525879 46.4062957763672 46.4746131896973 46.4502449035645 46.1266784667969 46.1083564758301 45.8236694335938 45.8617286682129 45.7609596252441 45.9622459411621 45.9235343933105 45.5611534118652 45.5999221801758 45.5617332458496 45.2151107788086 45.2535552978516 45.316089630127 45.2385368347168 44.9903373718262 45.252986907959 44.372241973877 44.0472145080566 44.1208648681641 44.4781913757324 44.4908790588379 44.5021324157715 44.4601554870605 44.1291198730469
52.2896614074707 51.3473091125488 51.1481323242188 51.0562553405762 50.4170684814453 50.2942199707031 50.7375869750977 49.892147064209 49.2321090698242 48.9902000427246 48.8969116210938 48.2187118530273 47.863597869873 47.6275291442871 47.5293960571289 46.9234619140625 46.9204902648926 46.6712226867676 46.7518463134766 46.4999465942383 46.4453659057617 46.224235534668 46.2043190002441 45.8923225402832 45.8780174255371 45.5125846862793 45.1855583190918 45.2421417236328 45.2215919494629 44.93212890625 44.4329528808594 44.4039039611816 44.1005172729492 44.1382102966309 44.1116104125977 43.8273544311523 43.8418960571289 43.793815612793 43.842113494873 43.5769271850586 44.1168785095215 43.5305976867676 43.480411529541 43.0714416503906 43.1567573547363 -3.4e+38 -3.4e+38 43.1296463012695 43.2054443359375
