rcp8.5models/MPI_ESM_LR/sc1gr6.31
NCOLS 261 
NROWS 433 
XLLCORNER 336357.134 
YLLCORNER 654653.479 
CELLSIZE 1000 
NODATA_value -3.4e+38 
[rows 352 to 373 of 433, columns 49 to 97 of 261]
2632.9775390625 2638.2099609375 2640.50512695312 2672.91748046875 2715.42065429688 2745.26342773438 2776.41552734375 2854.11987304688 2882.859375 2913.2451171875 2955.39599609375 2976.80004882812 3015.876953125 3053.21240234375 3077.6513671875 3115.11206054688 3138.98266601562 3159.99389648438 3242.77392578125 3214.78393554688 3209.14306640625 3225.34008789062 3230.43408203125 3232.93725585938 3233.41015625 3315.552734375 3307.82104492188 3320.55932617188 3388.00708007812 3391.19189453125 3434.68920898438 3497.68603515625 3563.15161132812 3592.16674804688 3605.84741210938 3563.80834960938 3414.7353515625 3387.271484375 3387.4189453125 3469.16748046875 3508.99633789062 3417.78515625 3232.02563476562 3195.50170898438 3169.669921875 3145.00634765625 3095.04638671875 3118.3671875 3197.5771484375
2614.9208984375 2629.58447265625 2639.06567382812 2671.47680664062 2717.90478515625 2737.25317382812 2760.05078125 2860.77026367188 2895.62084960938 2921.90844726562 2947.40478515625 2971.85791015625 3006.83740234375 3042.61376953125 3075.5556640625 3116.18139648438 3139.5595703125 3153.42138671875 3202.76928710938 3178.00708007812 3199.80322265625 3212.5458984375 3241.38354492188 3239.7041015625 3216.935546875 3239.58618164062 3253.16845703125 3239.61669921875 3244.55981445312 3400.53076171875 3451.85791015625 3465.322265625 3472.755859375 3551.31176757812 3593.63989257812 3581.17309570312 3495.82983398438 3374.06713867188 3311.48657226562 3419.33862304688 3469.6650390625 3476.205078125 3330.07568359375 3193.55126953125 3201.529296875 3197.513671875 3101.18872070312 3051.04760742188 3166.03344726562
2604.82250976562 2619.55517578125 2635.14038085938 2664.25268554688 2710.77392578125 2740.76928710938 2766.28344726562 2841.7685546875 2874.86401367188 2908.92211914062 2935.50048828125 2970.064453125 3002.54907226562 3027.74975585938 3072.9501953125 3107.5556640625 3131.28393554688 3136.84399414062 3192.13916015625 3183.744140625 3187.6240234375 3196.1796875 3217.97583007812 3263.98803710938 3267.04125976562 3233.40942382812 3223.62524414062 3244.6796875 3247.13012695312 3414.990234375 3485.88427734375 3432.28271484375 3416.0107421875 3520.2919921875 3584.08276367188 3581.12744140625 3558.146484375 3469.34228515625 3349.18969726562 3377.60913085938 3494.81494140625 3325.0302734375 3410.22290039062 3243.630859375 3147.732421875 3241.33813476562 3208.79150390625 3066.08618164062 3126.5654296875
2613.837890625 2622.87939453125 2633.34204101562 2659.53637695312 2702.7314453125 2737.955078125 2761.70483398438 2828.04760742188 2859.39477539062 2893.17602539062 2923.59521484375 2964.14404296875 3001.16284179688 3017.65649414062 3046.9970703125 3089.6455078125 3129.29833984375 3130.46606445312 3231.65698242188 3216.46118164062 3171.5126953125 3187.73779296875 3186.26538085938 3236.4638671875 3259.57861328125 3220.17651367188 3198.52514648438 3231.68627929688 3232.27783203125 3292.36669921875 3408.16455078125 3363.6875 3310.95874023438 3407.03247070312 3452.24243164062 3483.22534179688 3545.673828125 3537.912109375 3444.75854492188 3356.70385742188 3437.1494140625 3185.89208984375 3250.21020507812 3332.59008789062 3206.90698242188 3248.69458007812 3309.79760742188 3206.97216796875 3146.51098632812
2615.00830078125 2620.091796875 2638.30541992188 2663.0615234375 2689.6357421875 2745.00830078125 2796.08666992188 2822.36474609375 2863.56469726562 2899.6748046875 2951.97119140625 2967.37426757812 2998.37133789062 3028.66455078125 3047.25244140625 3112.29467773438 3140.1025390625 3144.25708007812 3240.0302734375 3213.85620117188 3164.36083984375 3221.80126953125 3268.03588867188 3255.11791992188 3216.91381835938 3223.32983398438 3206.18579101562 3197.56567382812 3205.8525390625 3225.759765625 3322.8935546875 3377.87353515625 3380.65161132812 3422.8115234375 3406.32275390625 3389.24877929688 3470.79296875 3523.05883789062 3501.82592773438 3367.09326171875 3314.97583007812 3317.001953125 3202.7177734375 3359.21826171875 3360.1474609375 3296.498046875 3344.49243164062 3337.51708984375 3229.826171875
2591.6484375 2605.41357421875 2639.77612304688 2668.4794921875 2683.99609375 2739.24169921875 2811.55078125 2811.03466796875 2855.07641601562 2892.21411132812 2934.17895507812 2946.66186523438 2981.30322265625 3091.92700195312 3095.71997070312 3113.9013671875 3167.39184570312 3155.77685546875 3205.94287109375 3205.96826171875 3197.01904296875 3206.0654296875 3336.23681640625 3317.48120117188 3219.79541015625 3309.28344726562 3268.19921875 3181.69775390625 3192.0751953125 3191.09375 3325.68725585938 3470.79174804688 3509.22143554688 3520.6923828125 3471.19409179688 3431.34936523438 3459.27978515625 3500.68701171875 3517.08935546875 3444.06884765625 3354.806640625 3395.30346679688 3293.79028320312 3260.88989257812 3369.33715820312 3362.9833984375 3301.82934570312 3304.55908203125 3263.140625
2572.64697265625 2610.13354492188 2645.1259765625 2680.90795898438 2688.52758789062 2725.02954101562 2784.96435546875 2820.04663085938 2855.43603515625 2882.8154296875 2899.19287109375 2966.7236328125 3025.80395507812 3079.82397460938 3163.765625 3193.58984375 3234.19653320312 3239.58422851562 3206.9384765625 3160.03100585938 3232.21118164062 3211.98876953125 3335.96166992188 3309.22900390625 3235.81298828125 3337.23168945312 3273.77319335938 3177.6533203125 3176.16796875 3176.05029296875 3258.14770507812 3440.2685546875 3531.1494140625 3528.49829101562 3501.05151367188 3484.53100585938 3479.92846679688 3491.67651367188 3515.35180664062 3506.09692382812 3462.626953125 3378.98706054688 3343.02319335938 3187.48388671875 3218.0107421875 3362.12280273438 3283.6474609375 3215.19897460938 3236.48974609375
2573.56469726562 2619.93994140625 2646.35668945312 2664.21508789062 2702.83715820312 2729.8916015625 2804.46850585938 2828.95581054688 2849.83740234375 2863.51806640625 2888.91552734375 3043.40795898438 3167.3955078125 3072.02612304688 3176.76953125 3290.46118164062 3292.91357421875 3291.85131835938 3140.23583984375 3106.83813476562 3167.84741210938 3176.517578125 3217.37915039062 3217.20581054688 3212.90942382812 3328.97998046875 3363.79443359375 3235.73657226562 3159.37548828125 3165.49926757812 3167.48559570312 3329.08984375 3497.3779296875 3520.59887695312 3510.77807617188 3501.91088867188 3463.79443359375 3470.32202148438 3481.62182617188 3480.2744140625 3483.20141601562 3378.50756835938 3383.4404296875 3319.677734375 3252.12182617188 3298.38671875 3307.68896484375 3225.92065429688 3166.83178710938
2559.38061523438 2595.89306640625 2616.48486328125 2651.45043945312 2707.1318359375 2732.93920898438 2759.353515625 2785.25708007812 2822.70361328125 2923.83569335938 3045.12255859375 3120.47973632812 3163.142578125 3167.0849609375 3193.97314453125 3275.77099609375 3305.67138671875 3263.74658203125 3274.01025390625 3182.98657226562 3151.85205078125 3153.77197265625 3238.8837890625 3234.7568359375 3321.72021484375 3392.70385742188 3377.76489257812 3321.4482421875 3217.0498046875 3184.92431640625 3163.607421875 3215.88916015625 3349.509765625 3426.40893554688 3397.82299804688 3433.17919921875 3462.09204101562 3450.43774414062 3456.81518554688 3442.78540039062 3444.29467773438 3426.4853515625 3407.98022460938 3375.9951171875 3374.36743164062 3377.82104492188 3346.64331054688 3311.00610351562 3270.08056640625
2551.02685546875 2581.42309570312 2609.07495117188 2647.44262695312 2703.3369140625 2727.83715820312 2753.19873046875 2780.70581054688 2816.951171875 2887.2763671875 3012.55541992188 3102.42309570312 3132.51806640625 3135.35083007812 3216.01538085938 3181.76025390625 3173.18603515625 3288.15283203125 3247.92333984375 3210.43017578125 3151.7705078125 3147.28051757812 3222.57739257812 3213.30810546875 3284.693359375 3318.806640625 3336.70092773438 3364.796875 3238.49584960938 3171.744140625 3164.5341796875 3162.14526367188 3199.82861328125 3319.796875 3378.91796875 3405.76098632812 3460.76684570312 3464.78833007812 3438.3740234375 3417.43286132812 3419.17993164062 3420.39892578125 3406.12841796875 3390.09204101562 3378.80834960938 3366.13208007812 3339.427734375 3304.93774414062 3252.38159179688
2557.41552734375 2572.52319335938 2605.86181640625 2643.39501953125 2678.177734375 2704.41528320312 2735.10498046875 2781.15014648438 2815.51123046875 2865.73754882812 2962.373046875 3069.404296875 3172.1044921875 3186.12475585938 3221.26049804688 3128.37768554688 3108.35546875 3213.14233398438 3136.2685546875 3154.37231445312 3132.88232421875 3117.35327148438 3138.943359375 3194.00512695312 3211.7265625 3234.42309570312 3334.5732421875 3339.89672851562 3251.60913085938 3144.798828125 3174.07666015625 3144.63647460938 3119.65673828125 3253.04516601562 3386.041015625 3425.015625 3450.75439453125 3457.41186523438 3429.53759765625 3413.33837890625 3402.9765625 3400.93017578125 3391.06469726562 3374.29638671875 3360.0048828125 3345.76416015625 3324.86401367188 3308.83471679688 3274.50463867188
-3.4e+38 2571.31665039062 2590.9599609375 2615.26733398438 2640.13061523438 2679.02368164062 2727.79077148438 2780.96044921875 2823.82495117188 2884.15673828125 2936.2109375 3040.79833984375 3178.25415039062 3226.85034179688 3206.75219726562 3156.3505859375 3121.93432617188 3156.51586914062 3089.89599609375 3073.17407226562 3088.0478515625 3084.6474609375 3152.03125 3235.71923828125 3189.29760742188 3221.31811523438 3344.96484375 3272.2578125 3205.74438476562 3106.95874023438 3148.26391601562 3173.99780273438 3142.17797851562 3160.55004882812 3235.76831054688 3345.37231445312 3413.30029296875 3425.46728515625 3429.68408203125 3417.20874023438 3396.57153320312 3370.11669921875 3364.99609375 3356.26293945312 3342.00146484375 3327.96264648438 3293.98266601562 3276.69116210938 3269.0732421875
-3.4e+38 2569.28076171875 2586.5478515625 2601.23510742188 2623.72192382812 2668.24243164062 2717.88256835938 2781.49926757812 2808.75512695312 2899.470703125 2952.38061523438 3056.45727539062 3121.71044921875 3170.35620117188 3127.00732421875 3145.80444335938 3088.73193359375 3123.79809570312 3114.48413085938 3080.84326171875 3084.73559570312 3072.93383789062 3143.14892578125 3239.44311523438 3227.22875976562 3263.41748046875 3339.07275390625 3218.21240234375 3131.7119140625 3121.7890625 3104.0439453125 3158.87329101562 3149.54516601562 3101.84375 3194.75561523438 3277.99926757812 3317.11767578125 3377.35083007812 3407.50537109375 3406.1474609375 3393.86181640625 3347.9404296875 3333.46166992188 3326.33740234375 3316.85083007812 3310.65893554688 3284.71801757812 3264.390625 3247.79321289062
-3.4e+38 2566.66943359375 2600.09375 2617.27490234375 2631.86572265625 2664.7841796875 2707.73266601562 2776.23095703125 2813.73706054688 2864.30126953125 2935.00561523438 3071.61987304688 3118.05639648438 3052.79638671875 2983.97631835938 3024.29809570312 3029.93603515625 3091.67138671875 3063.89501953125 3062.05444335938 3072.982421875 3131.42431640625 3128.02124023438 3127.88134765625 3159.48950195312 3283.41552734375 3345.69604492188 3230.72485351562 3128.25952148438 3218.7021484375 3151.01098632812 3119.16430664062 3152.58081054688 3116.62841796875 3188.46606445312 3289.79223632812 3320.330078125 3355.39868164062 3385.03369140625 3391.26049804688 3379.82641601562 3346.19189453125 3323.16040039062 3299.99926757812 3295.63452148438 3289.7666015625 3272.54467773438 3253.36279296875 3226.591796875
-3.4e+38 -3.4e+38 2594.18969726562 2612.79248046875 2637.81079101562 2668.16064453125 2701.3896484375 2755.93579101562 2807.33764648438 2842.728515625 2882.970703125 2956.1884765625 3035.7412109375 3006.32763671875 2942.30639648438 2942.66259765625 2981.771484375 3030.48461914062 3031.98315429688 3054.13110351562 3053.50439453125 3133.22583007812 3108.52514648438 3066.92456054688 3137.84057617188 3204.9150390625 3257.44677734375 3232.54467773438 3149.69189453125 3170.67749023438 3131.84790039062 3088.60791015625 3149.83056640625 3172.16284179688 3145.916015625 3269.50170898438 3374.55981445312 3320.99340820312 3333.17797851562 3370.64428710938 3350.92700195312 3321.6611328125 3308.56274414062 3290.44970703125 3271.44140625 3262.93701171875 3246.46411132812 3227.01342773438 3205.84985351562
-3.4e+38 -3.4e+38 2591.58129882812 2608.58374023438 2632.1181640625 2666.25927734375 2686.29516601562 2736.66528320312 2788.31787109375 2820.25805664062 2860.20361328125 2884.37890625 2930.43139648438 2952.21484375 2924.2685546875 2926.35009765625 2959.92016601562 2986.84814453125 3069.70922851562 3141.650390625 3121.01806640625 3133.65380859375 3155.76123046875 3098.30053710938 3203.43408203125 3228.58276367188 3242.23071289062 3280.56176757812 3176.37866210938 3077.85693359375 3072.77880859375 3065.98583984375 3103.02172851562 3156.228515625 3165.12670898438 3240.42163085938 3349.50024414062 3337.69946289062 3332.43359375 3351.6171875 3316.9296875 3304.19311523438 3297.1181640625 3289.44409179688 3260.66381835938 3245.97875976562 3229.78540039062 3207.78833007812 3190.76733398438
-3.4e+38 -3.4e+38 2597.62646484375 2610.8125 2640.88256835938 2646.45654296875 2657.05517578125 2732.87133789062 2780.33520507812 2796.48486328125 2836.7109375 2876.79272460938 2886.6455078125 2900.36596679688 2909.55834960938 2930.84033203125 2950.70532226562 2958.68017578125 3101.49609375 3215.05395507812 3214.15209960938 3211.07177734375 3246.12475585938 3131.25952148438 3184.83740234375 3272.98217773438 3257.86743164062 3300.66064453125 3231.71752929688 3069.93359375 3064.62817382812 3057.07153320312 3062.95239257812 3130.03295898438 3248.26196289062 3311.62768554688 3345.31469726562 3361.09057617188 3350.07934570312 3341.03784179688 3287.44262695312 3297.56860351562 3288.53442382812 3279.36083984375 3259.41040039062 3240.60888671875 3212.81127929688 3191.73876953125 3184.98461914062
-3.4e+38 -3.4e+38 2578.62182617188 2623.83715820312 2636.60205078125 2635.45288085938 2642.92626953125 2726.62353515625 2766.1787109375 2787.068359375 2811.95947265625 2945.77221679688 2919.720703125 2873.29663085938 2892.0810546875 2951.591796875 2968.08325195312 2954.9501953125 3095.25903320312 3241.99975585938 3265.33203125 3257.00146484375 3265.76098632812 3199.6875 3172.71044921875 3257.24780273438 3267.03466796875 3286.37646484375 3310.22680664062 3096.96044921875 3058.59033203125 3051.73022460938 3045.22412109375 3133.66870117188 3271.32250976562 3335.58447265625 3333.26220703125 3326.70092773438 3331.359375 3327.17651367188 3293.8720703125 3268.82788085938 3275.04833984375 3261.65185546875 3244.9140625 3221.537109375 3198.71508789062 3177.41821289062 3156.712890625
-3.4e+38 -3.4e+38 2583.501953125 2615.86181640625 2618.77685546875 2633.07690429688 2641.38452148438 2717.93505859375 2752.87817382812 2778.05322265625 2802.95239257812 2891.71508789062 2899.9111328125 2868.26538085938 2871.17163085938 2927.37060546875 2975.10888671875 2990.0859375 3027.84423828125 3167.91381835938 3265.20043945312 3282.0146484375 3214.40576171875 3164.56323242188 3153.26538085938 3203.234375 3193.54638671875 3240.39306640625 3345.04760742188 3159.32690429688 3048.37524414062 3053.77465820312 3039.11694335938 3134.8876953125 3244.68041992188 3279.9638671875 3303.86010742188 3310.99560546875 3311.11962890625 3307.50634765625 3299.92016601562 3261.27661132812 3257.400390625 3216.35180664062 3205.84619140625 3204.44702148438 3179.318359375 3153.15771484375 3133.71020507812
-3.4e+38 -3.4e+38 2570.154296875 2586.52416992188 2605.20849609375 2620.90795898438 2648.62890625 2700.52807617188 2735.33471679688 2761.58422851562 2780.04541015625 2805.17041015625 2843.36791992188 2872.19506835938 2865.7099609375 2881.9462890625 2895.46899414062 2938.15234375 2947.7138671875 2997.42553710938 3042.35375976562 3080.7763671875 3120.56103515625 3213.25561523438 3251.32177734375 3102.2626953125 3000.29638671875 3129.97485351562 3283.26684570312 3263.9775390625 3111.53662109375 3055.69140625 3042.44482421875 3044.40258789062 3129.59350585938 3192.45629882812 3222.82568359375 3233.16577148438 3231.08154296875 3230.41430664062 3237.26098632812 3223.00268554688 3160.88256835938 3148.80615234375 3148.65966796875 3114.97509765625 3123.28833007812 3123.33154296875 3108.23120117188
-3.4e+38 2559.25146484375 2570.66479492188 2587.41918945312 2608.29052734375 2636.89624023438 2667.025390625 2702.59350585938 2734.92041015625 2763.70166015625 2786.66552734375 2799.8544921875 2835.01782226562 2847.88354492188 2862.06079101562 2875.98876953125 2881.5751953125 2902.77514648438 3008.548828125 3033.70190429688 2995.23852539062 3007.16577148438 3126.47143554688 3184.5947265625 3140.91967773438 3052.064453125 2995.87915039062 3121.64331054688 3270.67138671875 3330.92529296875 3240.63623046875 3135.30932617188 3066.05615234375 3065.80126953125 3113.26025390625 3143.134765625 3176.958984375 3198.52075195312 3183.52734375 3168.0078125 3170.2578125 3221.32055664062 3178.87915039062 3156.31909179688 3154.50048828125 3106.44116210938 3095.30297851562 3113.0888671875 3101.64331054688
-3.4e+38 2562.73315429688 2575.52368164062 2593.6259765625 2612.8212890625 2638.91064453125 2662.04736328125 2700.6943359375 2736.86303710938 2765.36157226562 2777.68310546875 2779.67358398438 2810.78125 2813.310546875 2830.93579101562 2866.2060546875 2919.19409179688 2914.548828125 3057.375 3137.75927734375 3144.42236328125 3107.13842773438 3110.30200195312 3115.35668945312 3035.04760742188 2988.49877929688 2987.62841796875 3056.22973632812 3224.49633789062 3316.72705078125 3302.01513671875 3162.4580078125 3034.18798828125 3019.59008789062 3068.35888671875 3126.03442382812 3148.86840820312 3153.63745117188 3129.9228515625 3123.83569335938 3143.27612304688 3205.84130859375 3189.62329101562 3163.21142578125 3139.97778320312 3113.328125 3017.7978515625 3016.8623046875 3083.91479492188
