rcp8.5models/MPI_ESM_LR/sc1gr7.8
NCOLS 261 
NROWS 433 
XLLCORNER 336357.134 
YLLCORNER 654653.479 
CELLSIZE 1000 
NODATA_value -3.4e+38 
[rows 352 to 373 of 433, columns 98 to 146 of 261]
67.3039932250977 67.3127593994141 66.8627548217773 67.0237274169922 68.3855133056641 68.7819519042969 68.3868637084961 68.6479263305664 68.9346313476562 68.7099456787109 68.6675491333008 68.9206008911133 69.0193481445312 69.099365234375 68.2448883056641 67.2062530517578 66.4667587280273 66.6080932617188 66.9558563232422 66.9066390991211 68.0073928833008 -3.4e+38 68.2057952880859 69.1260452270508 69.1268768310547 68.5039215087891 69.0235595703125 69.6125793457031 69.0077972412109 67.6927719116211 66.9623794555664 67.1305770874023 67.3791961669922 67.578239440918 67.6618194580078 67.8496170043945 68.1528930664062 68.6215896606445 69.0895614624023 69.3753814697266 69.623161315918 69.8148574829102 69.7492065429688 -3.4e+38 -3.4e+38 71.1315307617188 71.1397552490234 71.4904098510742 71.7977828979492
67.2752456665039 67.4325790405273 67.3627243041992 66.5305328369141 67.6266403198242 68.2548141479492 67.8012161254883 67.8608093261719 68.0289916992188 68.2197341918945 68.5153427124023 68.4698028564453 68.5881118774414 68.8050918579102 68.7421493530273 67.9992446899414 66.9741134643555 66.2382202148438 66.0584259033203 66.3000564575195 66.3971939086914 66.4429702758789 66.7406845092773 67.8030548095703 68.6621780395508 69.0159683227539 67.4224319458008 68.2596893310547 68.2987670898438 67.4081115722656 66.6376342773438 67.0383453369141 67.4629211425781 67.5858917236328 68.0472869873047 68.2139053344727 68.5003280639648 68.6755676269531 68.7799301147461 69.1645431518555 69.5324630737305 69.6836242675781 -3.4e+38 -3.4e+38 -3.4e+38 71.1244659423828 71.4502639770508 71.8528518676758 71.8746643066406
66.9816207885742 67.3727416992188 67.8320388793945 67.1054153442383 67.1423110961914 67.3104400634766 67.5932922363281 67.4370422363281 67.0998916625977 67.3673248291016 68.0504302978516 68.4237442016602 68.4354705810547 68.4624404907227 68.5022735595703 68.3066635131836 67.9211578369141 66.9329071044922 66.1565475463867 66.3126983642578 66.6660385131836 67.0831146240234 66.5876083374023 66.1051330566406 66.5679931640625 67.1250686645508 66.0466079711914 66.3820877075195 66.3485870361328 66.0777206420898 65.9439163208008 66.4015426635742 66.8505554199219 67.2602386474609 68.2788772583008 68.5836334228516 68.7632675170898 68.9579772949219 69.0134048461914 69.4061813354492 69.7242965698242 69.7910308837891 -3.4e+38 70.4711990356445 70.9466781616211 71.4126892089844 71.8792190551758 71.9396057128906 71.7359390258789
66.4597930908203 66.9212112426758 67.5755233764648 67.5846099853516 66.9850311279297 66.6224975585938 67.2125778198242 67.4682464599609 67.4552764892578 67.2809066772461 67.3019790649414 67.4091339111328 67.5439682006836 68.0102462768555 68.3228988647461 68.2134246826172 68.0919570922852 67.5767593383789 66.6842269897461 66.4961547851562 67.1760559082031 67.5068283081055 67.1771087646484 66.8089370727539 66.4299011230469 65.8984298706055 65.921760559082 65.8837814331055 66.0691986083984 66.4101409912109 66.6042022705078 66.7799301147461 67.0337524414062 67.6584167480469 68.3896942138672 68.6747283935547 68.9283676147461 69.2518997192383 69.6494064331055 69.9176330566406 70.1492691040039 70.3282318115234 70.5330505371094 70.8602523803711 71.2698516845703 71.6704864501953 72.017707824707 72.0741577148438 71.802131652832
66.1914520263672 66.1832122802734 66.5911483764648 67.3824005126953 67.0143280029297 66.4861679077148 66.6470031738281 67.2160263061523 67.8313064575195 67.7046051025391 67.2631378173828 67.3068923950195 67.2092971801758 67.1304779052734 68.2269515991211 68.078010559082 67.9151763916016 67.8292922973633 67.4893264770508 67.3346862792969 67.4522323608398 67.3290557861328 67.1357192993164 66.9665679931641 66.8818283081055 66.6036911010742 66.1629486083984 66.1914749145508 66.7182693481445 67.1495132446289 67.5851745605469 67.9782028198242 68.0129470825195 68.2091979980469 68.5461196899414 68.8519897460938 69.1403121948242 69.428108215332 69.6853790283203 69.8107070922852 70.1268692016602 70.4638290405273 70.8074035644531 71.1551666259766 71.442497253418 71.579216003418 71.757926940918 71.9060363769531 72.0310287475586
66.311882019043 66.1072463989258 66.1042709350586 67.1042404174805 66.9533767700195 66.7524566650391 66.8987350463867 66.8801879882812 67.2075881958008 67.7003936767578 67.64306640625 67.5036010742188 66.8265075683594 66.115104675293 67.6746597290039 67.9438171386719 67.7815246582031 67.6888580322266 67.5402297973633 67.4278793334961 67.3305587768555 67.1310882568359 67.0115051269531 66.9014511108398 66.784065246582 66.6375427246094 66.1077651977539 66.0345993041992 66.3060760498047 66.8926773071289 67.7865371704102 68.2196197509766 68.3048934936523 68.266731262207 68.4677505493164 68.9160003662109 69.2755355834961 69.5516738891602 69.8117294311523 69.8176574707031 70.0068206787109 70.2487335205078 70.5003204345703 70.8627624511719 71.2835388183594 71.3836212158203 71.3639297485352 71.5927505493164 72.299446105957
66.4545211791992 66.2027969360352 65.9796829223633 66.3478088378906 66.446418762207 66.5861511230469 66.9382629394531 66.7501373291016 66.496826171875 67.1506729125977 67.4599838256836 67.0713500976562 66.6889953613281 66.574462890625 67.3895721435547 67.7488479614258 67.7034912109375 67.5172729492188 67.3238067626953 67.0990753173828 66.9278411865234 66.8215866088867 66.8504943847656 66.7331008911133 66.5684127807617 66.3883285522461 65.8114929199219 65.6628036499023 65.5745620727539 66.3166809082031 67.5687789916992 67.6604537963867 67.3946151733398 67.797477722168 68.1896286010742 68.8281555175781 69.261116027832 69.4430465698242 69.6344985961914 69.696044921875 69.7966461181641 69.9378356933594 70.1039428710938 70.5568618774414 70.8998413085938 71.1189575195312 71.238525390625 71.4507675170898 72.3695983886719
66.3043899536133 66.2349014282227 66.0716094970703 65.8427810668945 66.0139236450195 66.0182113647461 66.4440231323242 66.8625564575195 66.6840209960938 66.7095718383789 66.7537689208984 67.1057586669922 67.3722305297852 67.2539596557617 67.3392333984375 67.5150299072266 67.4595642089844 67.3269271850586 67.0747985839844 66.6734390258789 66.5583343505859 66.6374053955078 66.6778869628906 66.5511474609375 66.3510665893555 66.0929565429688 65.5492248535156 65.5186233520508 65.639030456543 66.4820251464844 67.5304260253906 67.0885772705078 66.4937286376953 67.2191390991211 67.5897216796875 67.923454284668 68.656135559082 69.5471725463867 69.3432388305664 69.3401184082031 69.6777877807617 69.3958511352539 69.5207366943359 70.2047348022461 70.5518569946289 70.7624206542969 71.5393905639648 72.0289688110352 72.9302291870117
65.8914642333984 66.1069183349609 66.252326965332 66.3244171142578 66.2001342773438 66.088996887207 65.9906845092773 66.42822265625 66.7895889282227 66.8500061035156 67.0607299804688 67.0744476318359 67.0830307006836 67.0705871582031 67.1705932617188 67.0154647827148 66.9558258056641 66.9043502807617 66.796012878418 66.640251159668 66.5345611572266 66.4114456176758 66.1793441772461 65.9146881103516 65.8524856567383 65.8950119018555 65.7570190429688 65.6760177612305 65.67919921875 65.8686218261719 66.0399017333984 66.1468048095703 66.4723739624023 66.5068283081055 66.5420227050781 67.0291748046875 67.8283615112305 67.4223403930664 67.7927780151367 68.2675704956055 68.759147644043 69.4253845214844 70.0839004516602 70.6766891479492 71.2520446777344 71.8702011108398 72.5137481689453 73.141845703125 74.4150466918945
65.4006118774414 65.6977767944336 65.9271392822266 66.3483200073242 66.2539291381836 66.1198348999023 66.2487335205078 66.4085693359375 66.4375915527344 66.5430145263672 66.668098449707 66.6636657714844 66.6349334716797 66.5680770874023 66.2387313842773 66.0309143066406 66.0345916748047 66.214973449707 66.5084686279297 66.4665832519531 66.3127746582031 66.2285842895508 66.0852584838867 65.8605041503906 65.6174697875977 65.5504837036133 65.5894088745117 65.6098709106445 65.643424987793 66.0336761474609 66.3022689819336 66.1397094726562 66.3183212280273 66.2922058105469 66.4536972045898 67.1749114990234 68.0828323364258 67.8181991577148 68.0235443115234 68.2456359863281 68.6104965209961 69.3657989501953 70.0469207763672 70.5664367675781 71.1166687011719 71.8670043945312 72.6086273193359 73.3170928955078 74.7047653198242
65.3745193481445 65.3164825439453 65.5007553100586 66.1083679199219 65.8970184326172 65.6691513061523 65.9696731567383 66.2196884155273 66.2751312255859 66.451545715332 66.2851943969727 65.9161376953125 65.7291030883789 65.7608184814453 65.5294723510742 65.351936340332 65.3655395507812 65.5096054077148 66.0890274047852 66.2586288452148 66.0740737915039 65.9495162963867 65.8512344360352 65.7007675170898 65.5167541503906 65.4242172241211 65.5439758300781 65.6634521484375 65.5951538085938 65.9383316040039 66.1250610351562 65.9278945922852 66.060546875 66.1855010986328 66.3891143798828 66.7804107666016 67.2463836669922 68.0076522827148 68.1482696533203 68.2687072753906 68.6104431152344 69.3628387451172 70.0288772583008 70.3794021606445 70.9626235961914 71.966552734375 72.6936264038086 73.4159545898438 74.9258575439453
65.5500259399414 65.3141479492188 65.1860046386719 65.7634735107422 65.8570175170898 65.4796905517578 65.4015350341797 65.6358642578125 65.7676696777344 66.0749969482422 66.1466293334961 65.7488784790039 65.4932327270508 65.5237121582031 65.5834503173828 65.4703903198242 65.3920974731445 65.3349685668945 65.7120361328125 65.9730377197266 65.9183197021484 65.7303009033203 65.6266860961914 65.5062713623047 65.4113235473633 65.4057006835938 65.4977416992188 65.6104278564453 65.5863952636719 65.7131423950195 65.8176727294922 65.8905334472656 66.0812225341797 66.2560501098633 66.4038848876953 66.7224960327148 67.1897506713867 67.9024505615234 67.9840850830078 68.26025390625 68.6931686401367 69.4534072875977 70.0709457397461 70.4726181030273 71.1391296386719 72.1938323974609 72.941162109375 73.6024551391602 75.1509857177734
65.4745788574219 65.3966903686523 65.3184585571289 65.3643112182617 65.7671508789062 65.7726287841797 65.4295959472656 65.2087020874023 65.3079299926758 65.5221786499023 65.8185119628906 65.9433135986328 65.8806076049805 65.8594665527344 65.6234664916992 65.3419418334961 65.2466812133789 65.279899597168 65.4468460083008 65.63818359375 65.7320785522461 65.642936706543 65.548469543457 65.3675842285156 65.2935562133789 65.3570556640625 65.4253692626953 65.5329818725586 65.6895904541016 65.7535247802734 65.7722091674805 65.9278717041016 66.1112823486328 66.3269119262695 66.4968185424805 66.7447814941406 67.1614151000977 68.1670684814453 68.2212219238281 68.4730224609375 68.8835372924805 69.4763793945312 70.1555328369141 70.7977066040039 71.5552978515625 72.4173355102539 73.217399597168 73.908073425293 75.4030838012695
65.3362579345703 65.2668609619141 65.2655563354492 65.2586288452148 65.5226593017578 65.807243347168 65.7342681884766 65.380859375 65.2952651977539 65.5593872070312 65.6357116699219 65.5679244995117 65.7117385864258 65.8526763916016 65.6989974975586 65.4268798828125 65.2768249511719 65.2698135375977 65.2926406860352 65.3748474121094 65.5204086303711 65.529052734375 65.3993530273438 65.2799224853516 65.2672271728516 65.302619934082 65.488655090332 65.6441421508789 65.7406234741211 65.703239440918 65.6937408447266 65.8468933105469 66.0456619262695 66.3153076171875 66.5988311767578 66.8168487548828 67.0860977172852 67.9091415405273 68.3767547607422 68.8948516845703 69.1695709228516 69.5991897583008 70.416145324707 71.1105270385742 71.9243774414062 72.6732177734375 73.5122985839844 74.2632446289062 75.6898345947266
65.205810546875 65.1517944335938 65.0667114257812 65.1216735839844 65.2749099731445 65.5272369384766 65.766227722168 65.6702575683594 65.521484375 65.6040649414062 65.4532852172852 65.2117462158203 65.3190078735352 65.4603881835938 65.6583557128906 65.5719985961914 65.3832550048828 65.2847366333008 65.2014236450195 65.2455749511719 65.3713760375977 65.3622512817383 65.2753753662109 65.2350845336914 65.2146759033203 65.2060546875 65.3868179321289 65.5137481689453 65.5637359619141 65.5740356445312 65.6598281860352 65.7700500488281 65.9605407714844 66.242805480957 66.6157379150391 66.9367752075195 67.1583480834961 67.5774002075195 68.2785034179688 69.0550994873047 69.4761581420898 70.0148468017578 70.7690353393555 71.4253845214844 72.121337890625 72.8818588256836 73.7803115844727 74.538703918457 75.9486389160156
65.0987930297852 65.0751266479492 64.9425277709961 65.9596786499023 65.6139602661133 65.202033996582 65.3249053955078 65.3235473632812 65.3368072509766 65.3095703125 65.2494201660156 65.263427734375 65.3067169189453 65.2373809814453 65.4395523071289 65.4724426269531 65.3842544555664 65.2442474365234 65.1499633789062 65.17919921875 65.2079620361328 65.1948699951172 65.1578216552734 65.153434753418 65.1595840454102 65.1691741943359 65.2566146850586 65.3348007202148 65.4086227416992 65.5006790161133 65.6022109985352 65.7413864135742 65.9135055541992 66.1474838256836 66.5177764892578 66.9461669921875 67.3053512573242 67.9798355102539 68.5699005126953 69.2169647216797 69.7746658325195 70.3770065307617 71.0501937866211 71.7227478027344 72.3677215576172 73.1567993164062 73.9970932006836 74.7950897216797 76.1366882324219
64.8116683959961 64.8513259887695 64.8906860351562 65.8157806396484 65.8721618652344 66.0132675170898 66.4772872924805 66.5612487792969 66.2857055664062 66.0422744750977 65.7293548583984 65.3546752929688 65.2369079589844 65.2072372436523 65.2167816162109 65.2498626708984 65.2380905151367 65.1481857299805 65.1064071655273 65.1189422607422 65.1262512207031 65.1636199951172 65.1808547973633 65.1382293701172 65.0887069702148 65.109375 65.2080993652344 65.2720718383789 65.3551788330078 65.4411087036133 65.5314636230469 65.7141876220703 65.8999481201172 66.0805892944336 66.4390106201172 66.9029159545898 67.3017807006836 68.2877807617188 68.8139572143555 69.3926544189453 69.9670333862305 70.5937652587891 71.2864074707031 72.0045318603516 72.7137756347656 73.5182876586914 74.3124389648438 75.0981826782227 76.2639541625977
64.6751098632812 65.1448287963867 65.5243225097656 64.8822937011719 65.2112808227539 66.1888656616211 67.652229309082 68.4196014404297 68.1227111816406 67.7273483276367 67.377326965332 66.9875640869141 66.5451812744141 66.0736694335938 65.5698699951172 65.3022384643555 65.2466659545898 65.1233673095703 65.0582427978516 65.0698089599609 65.0836181640625 65.1246109008789 65.1919784545898 65.1213607788086 65.0319519042969 65.0670852661133 65.1366500854492 65.1885147094727 65.2757873535156 65.3810653686523 65.4985046386719 65.6913375854492 65.8582382202148 66.0582504272461 66.4316177368164 66.8477172851562 67.1437072753906 68.2547225952148 68.8562927246094 69.4668579101562 70.098014831543 70.7562408447266 71.5007553100586 72.2273559570312 72.9096527099609 73.6970520019531 -3.4e+38 75.3571014404297 76.3837509155273
64.6795654296875 65.2892532348633 66.0087661743164 65.1713027954102 64.8341522216797 65.1350555419922 66.1178817749023 67.4623031616211 68.4891967773438 68.7255249023438 68.6797180175781 68.5551147460938 68.1621475219727 67.5779724121094 66.9742050170898 66.4240188598633 66.1244201660156 65.7752227783203 65.4202575683594 65.2597885131836 65.1692657470703 65.0517501831055 65.0876617431641 65.2208557128906 65.1857757568359 65.0676803588867 65.0635986328125 65.1398773193359 65.2218170166016 65.2954635620117 65.4418792724609 65.6500244140625 65.8645706176758 66.0746765136719 66.3666534423828 66.7296142578125 67.0028915405273 68.1598510742188 68.8290252685547 69.4761199951172 70.1781921386719 70.8783187866211 71.661506652832 72.4384613037109 73.141357421875 73.8576812744141 -3.4e+38 75.546142578125 76.6106643676758
64.3583221435547 64.4620513916016 64.6562728881836 66.696647644043 67.2097778320312 65.6079330444336 65.00634765625 65.032356262207 65.1730728149414 65.4344177246094 65.6574096679688 65.7962417602539 66.3041000366211 67.213020324707 67.702995300293 67.7732238769531 67.5860366821289 67.6794815063477 67.7654495239258 67.5187835693359 66.8252563476562 66.0340347290039 65.5752716064453 65.5327377319336 65.9529113769531 66.3954696655273 65.9579620361328 65.56689453125 65.7311172485352 66.1236724853516 66.0324783325195 65.7752227783203 65.8599166870117 66.0825729370117 66.3744888305664 66.7440185546875 67.1822204589844 67.8861236572266 68.3054428100586 69.2550354003906 70.1690216064453 70.9856948852539 71.8367614746094 72.5343627929688 73.3220291137695 74.2548904418945 75.0567092895508 -3.4e+38 77.1082000732422
64.2641906738281 64.3565902709961 64.4573669433594 65.4311218261719 66.1653594970703 65.8442153930664 65.8609848022461 65.872314453125 65.3017654418945 64.9852142333984 65.0330581665039 65.0575866699219 65.2144775390625 65.7077026367188 67.128532409668 67.6663360595703 67.6934127807617 67.9401397705078 68.0070953369141 68.014762878418 67.8558807373047 67.1061325073242 66.6563034057617 66.8349609375 67.155876159668 67.4509582519531 67.5040969848633 66.9679489135742 66.901123046875 67.2102355957031 67.0235977172852 66.4285888671875 66.2598190307617 66.2090301513672 66.3541107177734 66.7712173461914 67.3261260986328 67.7410125732422 68.0326690673828 68.8545761108398 70.1111602783203 71.0989990234375 71.8969497680664 72.6175765991211 73.5145645141602 74.4382476806641 -3.4e+38 -3.4e+38 -3.4e+38
64.2253570556641 64.2935943603516 64.4095458984375 64.4743804931641 64.913818359375 65.6401214599609 66.3930969238281 66.7851638793945 66.3535919189453 65.3929443359375 64.9266357421875 64.9870986938477 65.1313705444336 65.4034729003906 66.8538436889648 67.6883392333984 68.2437362670898 68.3039321899414 68.1093063354492 68.0472183227539 67.9170150756836 67.4262008666992 67.3690338134766 67.7019805908203 67.9009552001953 67.8534851074219 68.0202560424805 68.1371994018555 67.8820571899414 67.9646759033203 67.9432144165039 67.2786712646484 67.0748977661133 67.1822814941406 67.0380020141602 67.0333709716797 67.4994964599609 67.6660385131836 68.1148300170898 68.6317596435547 69.8342742919922 71.1669540405273 72.0285186767578 72.8077926635742 73.7581787109375 74.6463165283203 75.3165664672852 -3.4e+38 -3.4e+38
