rcp8.5models/MPI_ESM_LR/sc1gr5.37
NCOLS 261 
NROWS 433 
XLLCORNER 336357.134 
YLLCORNER 654653.479 
CELLSIZE 1000 
NODATA_value -3.4e+38 
[rows 220 to 241 of 433, columns 49 to 97 of 261]
303.197784423828 302.73291015625 302.561828613281 302.449951171875 302.114837646484 301.765716552734 301.786956787109 301.879547119141 301.628265380859 301.557739257812 301.969940185547 301.930755615234 301.640106201172 301.373748779297 301.277404785156 301.013336181641 300.540405273438 300.553070068359 301.407135009766 301.100646972656 300.438354492188 300.210601806641 299.330230712891 299.361724853516 299.379852294922 299.212890625 298.846649169922 299.194610595703 299.120819091797 298.868591308594 299.141387939453 299.113006591797 298.742492675781 298.794006347656 298.881225585938 298.908355712891 298.925231933594 298.612945556641 297.953674316406 297.38037109375 297.160827636719 296.92236328125 296.816802978516 296.680450439453 296.67138671875 296.952484130859 296.827270507812 296.604736328125 296.470520019531
303.537078857422 303.258483886719 302.844665527344 302.524932861328 302.150299072266 301.722442626953 301.842010498047 301.884033203125 301.914001464844 302.138458251953 302.297515869141 302.200805664062 301.9345703125 301.758056640625 301.497619628906 301.140716552734 300.705780029297 301.180297851562 301.490081787109 301.125244140625 300.302093505859 300.242980957031 299.951477050781 300.098205566406 299.949401855469 299.334442138672 299.219543457031 299.477325439453 299.426116943359 298.870788574219 298.880096435547 299.016632080078 298.943115234375 299.191925048828 299.189300537109 299.206207275391 299.198516845703 298.826751708984 298.112121582031 297.797576904297 297.536560058594 296.193145751953 296.262359619141 296.716888427734 296.600646972656 296.712127685547 296.668548583984 296.572784423828 296.44091796875
303.541381835938 303.098785400391 302.878326416016 302.613616943359 302.355895996094 301.733306884766 301.953125 302.110717773438 302.547607421875 302.324340820312 301.881805419922 301.654479980469 301.656127929688 301.608551025391 301.375305175781 301.119720458984 301.328796386719 301.664794921875 301.367095947266 301.348876953125 300.904052734375 300.416259765625 300.635986328125 300.864074707031 300.387512207031 299.764099121094 299.504455566406 299.571105957031 299.784240722656 299.051116943359 299.036315917969 299.279663085938 299.225646972656 299.268432617188 299.266082763672 299.263549804688 299.210021972656 298.990753173828 298.553070068359 298.135620117188 297.952514648438 296.426086425781 295.981658935547 296.338317871094 296.673156738281 295.983978271484 294.554229736328 296.099853515625 296.099243164062
303.206024169922 302.779571533203 302.718597412109 302.415374755859 302.000091552734 301.856689453125 301.942352294922 302.589630126953 302.559844970703 302.301300048828 301.725555419922 301.395965576172 301.471618652344 301.550384521484 301.467254638672 301.324005126953 301.501556396484 301.573913574219 301.573638916016 301.780029296875 301.175750732422 300.930938720703 301.120544433594 301.0888671875 300.472869873047 299.991577148438 299.617126464844 299.660034179688 299.907775878906 299.309387207031 299.77490234375 299.841278076172 299.762084960938 299.532196044922 299.331878662109 299.525695800781 299.151702880859 299.103210449219 298.793334960938 298.301635742188 298.442077636719 297.351379394531 297.067321777344 296.656097412109 296.985565185547 295.170623779297 291.541259765625 295.165496826172 295.794891357422
302.880859375 302.782867431641 302.441131591797 302.036163330078 302.105682373047 302.146697998047 302.251678466797 302.704681396484 302.437316894531 302.389617919922 302.155944824219 301.752746582031 301.500701904297 301.58642578125 301.495849609375 301.457824707031 301.689788818359 302.214782714844 301.937133789062 301.523529052734 301.453033447266 301.406890869141 301.173919677734 300.807373046875 300.515991210938 300.152313232422 299.930023193359 300.057220458984 300.127288818359 299.376617431641 299.989349365234 300.130004882812 300.076934814453 299.922210693359 299.872009277344 299.791442871094 299.4833984375 299.4326171875 298.889282226562 298.794525146484 298.875885009766 297.721801757812 297.869384765625 297.562805175781 297.585144042969 296.451110839844 294.311370849609 295.948883056641 295.822814941406
302.486724853516 302.586120605469 302.278747558594 302.146118164062 302.262268066406 302.334991455078 302.578674316406 302.445037841797 302.279602050781 301.900390625 301.870941162109 301.726745605469 301.555114746094 301.471313476562 301.557983398438 301.944244384766 302.020629882812 302.566009521484 301.911773681641 301.413726806641 301.475341796875 301.390258789062 301.320922851562 300.729705810547 300.401336669922 300.36083984375 300.461242675781 300.421936035156 300.168914794922 299.255950927734 299.669158935547 300.134918212891 300.230072021484 300.011962890625 300.0595703125 299.957702636719 299.880523681641 299.637237548828 299.234985351562 299.027099609375 299.029235839844 297.813171386719 298.007873535156 297.90478515625 297.811492919922 297.684204101562 297.583679199219 -3.4e+38 296.074066162109
302.427459716797 302.753326416016 302.569854736328 302.425628662109 302.377319335938 302.647918701172 302.640838623047 302.213043212891 301.710052490234 301.554107666016 301.633850097656 301.670837402344 301.866180419922 302.111480712891 302.212707519531 302.494964599609 302.436157226562 302.537353515625 301.893127441406 301.785003662109 301.389129638672 301.216369628906 301.203460693359 300.715637207031 300.392913818359 300.704833984375 300.851928710938 300.291046142578 300.044342041016 299.653198242188 299.883972167969 300.239044189453 300.57373046875 300.180999755859 300.293121337891 300.101135253906 300.050659179688 299.653778076172 299.216094970703 299.250579833984 299.346649169922 298.030181884766 298.097778320312 298.179809570312 298.250671386719 297.855621337891 298.054321289062 297.816040039062 297.170013427734
302.472412109375 302.921264648438 302.732208251953 302.459442138672 302.672729492188 302.7197265625 302.518890380859 302.176971435547 301.853454589844 301.527160644531 301.407135009766 301.307769775391 302.360473632812 302.428314208984 302.210144042969 302.518707275391 302.495849609375 302.223693847656 301.659118652344 301.603546142578 301.2548828125 301.106567382812 301.022644042969 300.934265136719 300.647003173828 301.006622314453 300.748687744141 300.459106445312 300.11376953125 300.083099365234 300.117553710938 300.281799316406 300.637145996094 300.282318115234 300.575012207031 300.096008300781 299.997406005859 299.711242675781 299.207702636719 299.767181396484 299.370849609375 298.594665527344 298.538818359375 298.389404296875 297.136596679688 294.604858398438 297.722747802734 297.842010498047 297.842498779297
302.485260009766 302.948913574219 302.745758056641 302.518157958984 303.021209716797 302.850891113281 302.436798095703 302.274780273438 302.056762695312 301.539367675781 301.533172607422 301.645690917969 302.515411376953 302.331939697266 302.078826904297 302.494201660156 302.136291503906 301.569091796875 301.367828369141 301.411529541016 301.183868408203 301.146697998047 301.153686523438 301.223541259766 301.068634033203 301.157806396484 300.832702636719 300.916442871094 300.599334716797 300.184020996094 300.259002685547 300.588531494141 300.717895507812 300.475646972656 300.738922119141 300.061828613281 300.079223632812 299.873382568359 299.545501708984 299.911865234375 299.328094482422 298.868896484375 298.423461914062 298.403747558594 297.649017333984 295.684295654297 297.718170166016 297.933715820312 298.0390625
302.648010253906 303.116027832031 302.969055175781 303.029174804688 302.999847412109 302.593719482422 302.284240722656 301.869049072266 302.240509033203 301.929046630859 301.669555664062 301.969573974609 302.584289550781 302.302886962891 302.077087402344 302.555480957031 302.300201416016 301.600982666016 301.472229003906 301.641754150391 301.196655273438 301.197814941406 301.218109130859 301.241760253906 301.219482421875 301.203430175781 301.146881103516 301.067352294922 300.718963623047 300.618804931641 300.289245605469 300.660095214844 300.815246582031 300.620666503906 300.883392333984 300.050231933594 299.839019775391 300.127899169922 300.063323974609 300.078155517578 299.857299804688 298.939514160156 298.579864501953 298.920501708984 298.78564453125 298.101593017578 298.139709472656 298.304565429688 298.055847167969
302.964141845703 303.271392822266 303.165161132812 303.000915527344 302.640289306641 302.249542236328 302.00537109375 301.443145751953 301.92333984375 302.417846679688 302.304901123047 302.375366210938 302.670288085938 302.559967041016 302.476470947266 302.588928222656 302.341888427734 301.839508056641 301.875305175781 301.777282714844 301.310272216797 301.527221679688 301.393859863281 301.174285888672 301.284423828125 301.213348388672 301.233276367188 301.155975341797 300.996063232422 300.948669433594 300.681304931641 300.586456298828 300.989318847656 300.820465087891 300.592010498047 300.240539550781 300.071960449219 300.155578613281 299.835845947266 299.809417724609 299.788635253906 299.007873535156 299.121856689453 299.214050292969 298.969635009766 298.581817626953 298.552825927734 298.268615722656 298.106201171875
303.399505615234 303.036926269531 302.559478759766 302.355682373047 302.361541748047 302.345153808594 302.410247802734 302.314758300781 302.855926513672 303.090576171875 303.013885498047 303.086456298828 302.611877441406 302.718505859375 302.936248779297 302.919525146484 302.651641845703 302.13427734375 -3.4e+38 -3.4e+38 301.851531982422 301.628936767578 301.557495117188 301.512268066406 301.819244384766 301.806213378906 301.815155029297 301.513702392578 301.553131103516 301.361541748047 301.403900146484 301.402465820312 301.33544921875 301.02392578125 300.616912841797 300.483551025391 300.294494628906 299.895233154297 299.495880126953 299.557281494141 299.634033203125 299.537536621094 299.694580078125 299.178527832031 299.048492431641 299.113159179688 298.983734130859 298.837036132812 298.573760986328
303.242797851562 302.821411132812 302.53076171875 302.426239013672 302.33740234375 302.593719482422 303.109191894531 302.755340576172 303.281372070312 303.365081787109 303.21728515625 302.957427978516 302.533721923828 302.905334472656 303.066375732422 303.069396972656 302.768157958984 302.115234375 302.040344238281 302.116394042969 302.356323242188 302.158020019531 302.069030761719 302.009460449219 302.143096923828 302.169525146484 302.039215087891 301.628753662109 301.653076171875 301.353118896484 301.312835693359 301.5185546875 301.474517822266 301.266296386719 301.016723632812 300.817413330078 300.373992919922 300.292755126953 300.286987304688 300.198455810547 299.806640625 299.927825927734 299.806976318359 299.301635742188 298.862518310547 298.838531494141 298.780426025391 298.577972412109 298.404083251953
302.877105712891 302.742980957031 302.523712158203 302.731231689453 303.114837646484 303.203918457031 303.50732421875 303.196563720703 303.282592773438 303.100921630859 303.106719970703 302.884857177734 302.842864990234 303.076141357422 303.009216308594 302.867401123047 302.755004882812 302.515716552734 302.376983642578 302.3857421875 302.512573242188 302.309020996094 302.056488037109 301.93603515625 301.704742431641 301.782775878906 301.705108642578 301.429077148438 301.498809814453 301.397155761719 300.891754150391 301.116851806641 301.431427001953 301.231414794922 301.49365234375 301.098297119141 300.507141113281 300.705871582031 300.553192138672 300.027557373047 299.742828369141 300.278869628906 299.809326171875 299.419372558594 299.025970458984 298.979339599609 298.624816894531 298.302001953125 298.029479980469
302.824127197266 302.825500488281 303.249267578125 303.397583007812 303.564819335938 303.588897705078 303.519287109375 303.434661865234 303.348876953125 302.963562011719 302.912200927734 303.024169921875 303.046630859375 303.053833007812 302.946319580078 302.870086669922 302.662231445312 302.409149169922 302.519317626953 302.159332275391 302.198547363281 302.06982421875 302.015502929688 301.925262451172 301.414886474609 301.3662109375 301.199005126953 301.057678222656 301.621856689453 301.517761230469 301.083923339844 300.594451904297 300.794525146484 300.74658203125 301.245910644531 -3.4e+38 300.814361572266 300.700469970703 300.432067871094 300.037841796875 299.971313476562 300.411529541016 299.701080322266 299.635864257812 299.570770263672 299.374725341797 298.811584472656 298.418548583984 298.10791015625
302.832916259766 302.949310302734 303.602996826172 303.664581298828 303.576416015625 303.563385009766 303.438781738281 302.914367675781 303.157867431641 303.233032226562 302.724426269531 302.441711425781 302.376159667969 302.218017578125 302.291473388672 302.512969970703 302.187927246094 301.655639648438 301.732818603516 301.622863769531 301.788360595703 301.715087890625 301.722229003906 301.741424560547 301.340148925781 301.021606445312 300.780059814453 300.768585205078 301.32861328125 301.098052978516 300.977355957031 300.802368164062 300.293029785156 300.1611328125 300.794555664062 -3.4e+38 -3.4e+38 300.871520996094 300.643859863281 300.573822021484 300.544006347656 300.40966796875 300.0419921875 299.908905029297 299.699981689453 299.361907958984 298.998199462891 298.315460205078 297.989593505859
302.789276123047 303.413421630859 303.690643310547 303.676483154297 303.60791015625 303.446136474609 302.933013916016 302.572601318359 302.746063232422 303.121948242188 302.697021484375 302.071655273438 302.145935058594 301.998840332031 302.09619140625 302.289733886719 302.17431640625 301.991363525391 301.831329345703 301.872375488281 301.955047607422 301.796417236328 301.496276855469 301.518737792969 301.381530761719 301.007476806641 300.645965576172 300.701232910156 300.884307861328 300.710144042969 300.652618408203 300.727691650391 300.334411621094 300.216583251953 -3.4e+38 -3.4e+38 300.954803466797 -3.4e+38 -3.4e+38 300.789947509766 300.655731201172 300.412750244141 300.23291015625 299.927764892578 299.600799560547 299.164367675781 298.936706542969 298.660491943359 298.4443359375
303.237976074219 303.584747314453 303.664215087891 303.500213623047 302.892822265625 302.530120849609 302.297607421875 302.180023193359 302.132751464844 302.60107421875 302.909820556641 302.500244140625 302.2734375 302.597503662109 302.476043701172 302.518188476562 302.449432373047 302.187774658203 302.14892578125 302.116149902344 301.978118896484 301.758392333984 301.420928955078 301.248199462891 301.576080322266 301.312744140625 300.867706298828 300.820037841797 300.635711669922 300.592224121094 300.502807617188 300.276092529297 300.300415039062 300.296813964844 -3.4e+38 -3.4e+38 -3.4e+38 300.802154541016 300.387603759766 300.276947021484 300.117004394531 300.274017333984 300.244873046875 300.028442382812 299.615783691406 299.207855224609 299.109344482422 299.045684814453 298.670654296875
303.424621582031 303.466125488281 303.414428710938 303.159973144531 302.761962890625 302.395874023438 302.106292724609 302.115447998047 302.11865234375 302.259338378906 302.547180175781 302.601318359375 302.594482421875 302.469024658203 302.432861328125 302.506713867188 302.114776611328 301.781524658203 301.739868164062 301.758636474609 301.749908447266 301.599975585938 301.393920898438 301.431365966797 301.743865966797 301.383392333984 300.803070068359 300.761474609375 300.633972167969 300.4287109375 300.181488037109 300.11865234375 300.228240966797 300.192993164062 -3.4e+38 -3.4e+38 300.753051757812 300.684143066406 300.601440429688 300.131774902344 299.752105712891 300.166656494141 300.011535644531 300.037048339844 300.054077148438 299.748107910156 299.287567138672 299.222259521484 298.823425292969
303.418792724609 303.424682617188 303.278594970703 302.934051513672 302.811370849609 302.667236328125 302.338684082031 302.366882324219 302.209411621094 302.37939453125 302.563812255859 302.392181396484 302.184417724609 301.872406005859 301.898559570312 301.941436767578 301.639495849609 301.404052734375 301.441223144531 301.499053955078 301.366424560547 301.048797607422 300.852233886719 301.044281005859 301.491027832031 301.667205810547 301.414398193359 301.170593261719 300.726898193359 300.220458984375 299.549377441406 299.662780761719 300.143157958984 300.255126953125 300.607177734375 -3.4e+38 300.735107421875 300.367706298828 300.642639160156 300.513427734375 299.920745849609 299.73388671875 299.822387695312 299.658508300781 299.750579833984 299.631774902344 299.303863525391 299.354400634766 299.071533203125
303.388824462891 303.176361083984 303.159149169922 302.779724121094 302.561645507812 302.367828369141 302.5048828125 302.767120361328 302.493591308594 302.341033935547 302.423645019531 302.399230957031 302.213562011719 302.026733398438 301.675323486328 301.642822265625 301.551422119141 301.510559082031 301.062896728516 301.158020019531 301.090148925781 300.720336914062 300.64013671875 300.705078125 300.937683105469 301.184020996094 301.35986328125 301.380523681641 301.037658691406 300.420349121094 299.531066894531 299.171813964844 299.692535400391 300.247955322266 300.401733398438 300.757263183594 -3.4e+38 300.216918945312 300.359893798828 300.522613525391 300.236694335938 299.488128662109 299.642608642578 299.379974365234 299.233123779297 299.422760009766 299.124816894531 298.855651855469 299.08642578125
302.857818603516 302.76171875 302.783599853516 302.586883544922 302.315521240234 302.350341796875 302.831878662109 302.492370605469 302.368560791016 302.275909423828 302.285919189453 302.340759277344 301.969177246094 301.955871582031 302.119232177734 301.954956054688 301.658111572266 301.680572509766 301.047149658203 300.813873291016 300.799407958984 300.646759033203 300.717864990234 300.613433837891 300.55126953125 300.812286376953 300.95703125 301.056793212891 300.818420410156 300.539184570312 299.824890136719 299.628051757812 299.479553222656 299.887115478516 300.263275146484 300.642608642578 300.875915527344 300.143981933594 300.133026123047 300.428009033203 300.299499511719 299.395690917969 299.392883300781 299.448883056641 299.212066650391 298.98974609375 298.449737548828 298.0517578125 298.877593994141
