rcp8.5models/MPI_ESM_LR/sc1gr0.34
NCOLS 261 
NROWS 433 
XLLCORNER 336357.134 
YLLCORNER 654653.479 
CELLSIZE 1000 
NODATA_value -9999 
[rows 276 to 298 of 433, columns 150 to 199 of 261]
89.3601837158203 89.095703125 89.4272232055664 89.4884643554688 88.0949554443359 85.7281036376953 84.1004409790039 83.6180953979492 82.9360580444336 82.9476776123047 81.1349029541016 80.7123336791992 80.6430511474609 80.6575469970703 80.7120208740234 80.8693161010742 80.5314407348633 80.5407485961914 80.5734939575195 80.2093048095703 79.968132019043 79.9955291748047 80.0381469726562 80.0127639770508 79.8686141967773 79.6801681518555 79.6443862915039 79.6464920043945 79.2761840820312 78.8628616333008 79.1760482788086 79.4526596069336 79.6373901367188 78.6914138793945 78.2501983642578 78.1454162597656 77.8550033569336 77.6311492919922 77.6590194702148 78.0024032592773 78.2350997924805 77.1589660644531 76.2385025024414 76.1779403686523 75.8283538818359 75.5237045288086 74.9616851806641 74.5018692016602 74.3461685180664 74.313835144043
89.5755615234375 89.5961074829102 90.0145874023438 89.9494323730469 89.1311950683594 87.718132019043 86.6323089599609 85.6061706542969 84.1534271240234 84.2589797973633 81.5229034423828 81.0331878662109 80.839973449707 80.7312240600586 80.6891326904297 80.6913528442383 -9999 80.5320892333984 80.5162200927734 80.3021545410156 80.1403656005859 80.1406860351562 80.1983337402344 80.2164840698242 80.1450424194336 80.0328903198242 79.8091583251953 79.5657577514648 79.3541793823242 79.0656204223633 79.1897735595703 79.5786972045898 79.6288146972656 78.9108047485352 78.790397644043 78.4391937255859 78.1669158935547 77.7840118408203 77.5835494995117 77.696159362793 78.0974197387695 77.9218215942383 76.5702209472656 76.3670120239258 75.9152069091797 75.4050521850586 75.0652008056641 74.7725372314453 74.6526870727539 74.4674530029297
90.1769485473633 90.2648239135742 90.2280349731445 90.2189483642578 90.2657928466797 90.1648941040039 89.9539947509766 89.0984725952148 85.9428558349609 83.9379425048828 81.8095550537109 81.1473770141602 81.0573348999023 80.9369735717773 80.7594604492188 80.675163269043 80.5940704345703 80.5806427001953 80.5473556518555 80.2604446411133 80.4200134277344 80.2895126342773 80.237419128418 80.3205413818359 80.4049072265625 80.3234329223633 80.1090087890625 79.8662796020508 79.7811508178711 79.5974960327148 79.2430572509766 79.5313873291016 79.1310882568359 79.0886993408203 79.3879699707031 78.8873596191406 78.4173431396484 78.0439987182617 77.7680130004883 77.5818939208984 77.7765960693359 79.3621673583984 83.5399169921875 80.8885345458984 76.5800094604492 75.6145172119141 75.4006195068359 75.4868316650391 75.1172561645508 74.9932632446289
90.0438537597656 90.1474990844727 90.2269973754883 90.2930603027344 90.3819274902344 90.3135452270508 90.1477661132812 89.865364074707 86.0892028808594 83.1404495239258 81.7326431274414 81.2393646240234 81.1714324951172 80.9922332763672 80.7852554321289 80.7360153198242 80.7446060180664 -9999 80.5896148681641 80.2343292236328 80.3179016113281 80.3438949584961 80.4731597900391 80.5303955078125 80.5010757446289 80.4911117553711 80.4404525756836 80.2121734619141 80.1962203979492 80.1646270751953 79.3171920776367 79.6852645874023 79.3519515991211 79.1386566162109 79.3893432617188 79.5028915405273 78.9812393188477 78.2360076904297 77.9882888793945 77.8872680664062 77.998405456543 79.1930160522461 84.8624801635742 81.8282470703125 76.5204772949219 75.721809387207 75.8952255249023 76.4013290405273 75.1768112182617 75.3682022094727
89.7207489013672 90.024658203125 90.23779296875 90.3377075195312 90.3666458129883 90.2775192260742 90.1627883911133 90.0594635009766 86.5570373535156 83.0671768188477 81.8955459594727 81.3944778442383 81.2595825195312 81.0422668457031 80.8236083984375 80.793342590332 80.8098678588867 -9999 80.6366195678711 80.5365142822266 80.4910430908203 80.5688095092773 80.4873275756836 80.5188980102539 80.53173828125 80.6656112670898 80.5633773803711 80.568733215332 80.5532836914062 80.2314224243164 79.3560485839844 79.6091690063477 79.817985534668 79.6185684204102 79.6480255126953 79.5762405395508 79.0965270996094 78.2279739379883 78.0374984741211 78.1709136962891 78.2411575317383 78.7934646606445 83.8795547485352 82.1291351318359 76.8106307983398 75.9688873291016 76.0541534423828 76.5506286621094 75.5319519042969 75.5485992431641
89.4045333862305 89.924430847168 90.309440612793 90.3235702514648 90.002555847168 90.139762878418 90.3291397094727 90.2936172485352 87.1595001220703 83.8619155883789 82.3058090209961 81.5249710083008 81.2603607177734 81.0405807495117 80.8919525146484 80.8421401977539 80.8180847167969 80.7677383422852 80.7782592773438 80.8296890258789 80.7167282104492 80.6315994262695 80.3956604003906 80.4789352416992 80.7200393676758 80.7956771850586 80.5945129394531 80.7029266357422 80.6768417358398 80.2152328491211 79.4736633300781 79.5103378295898 79.8608016967773 79.8589859008789 79.5153045654297 79.0360870361328 78.7034912109375 78.2757415771484 78.1031646728516 78.2674026489258 78.3890838623047 78.8741683959961 81.9938125610352 81.7792205810547 77.1360168457031 76.1913909912109 76.225212097168 76.2025451660156 76.6173706054688 77.4992904663086
89.3672180175781 89.971061706543 90.4875717163086 90.3252105712891 89.7715225219727 90.2683258056641 90.4182357788086 90.4390335083008 87.4255981445312 84.5860214233398 83.1132888793945 81.739616394043 81.2972869873047 80.9775772094727 80.9128875732422 80.8430633544922 80.8302841186523 80.877197265625 80.8656539916992 80.8562774658203 80.8945159912109 81.1965637207031 80.6410522460938 80.4228973388672 80.8268966674805 80.9733963012695 80.6015167236328 80.6732711791992 80.8108367919922 80.3140258789062 79.6863327026367 79.4881439208984 79.6787872314453 79.7850189208984 79.4706115722656 79.0059356689453 78.9232406616211 78.540641784668 78.3243942260742 78.3591537475586 79.1840057373047 81.3141250610352 80.8689346313477 79.4449844360352 76.9699935913086 76.4025802612305 76.6747817993164 77.528694152832 79.5695571899414 80.0289611816406
89.5647811889648 90.3202362060547 90.561149597168 89.966178894043 89.5760498046875 90.5410766601562 90.4751739501953 90.4785690307617 88.0690841674805 85.2407836914062 84.3160400390625 82.1664657592773 81.3968887329102 81.0096435546875 80.9567794799805 80.8648071289062 80.9093017578125 -9999 -9999 80.852294921875 80.9171905517578 81.3820419311523 80.841682434082 80.4950256347656 80.6314315795898 80.8481979370117 80.704948425293 80.8546142578125 80.9108428955078 80.3324127197266 79.8323516845703 79.6341171264648 79.9005584716797 80.2197265625 79.5909881591797 79.213508605957 79.1734085083008 78.8102264404297 78.5612716674805 78.3424987792969 79.8217468261719 83.0138244628906 79.7078475952148 78.6484832763672 77.5460586547852 76.6223831176758 77.188102722168 79.2659530639648 80.5855407714844 80.4457092285156
89.868522644043 90.5986938476562 90.465690612793 89.3771820068359 89.2273559570312 90.6996612548828 90.4212188720703 90.2276382446289 88.9110336303711 86.1712036132812 85.0224914550781 82.6395874023438 81.6583938598633 81.0848007202148 80.9176483154297 81.2733764648438 81.9705123901367 81.4917907714844 80.8100204467773 80.7913208007812 80.7787704467773 80.8224639892578 80.8130416870117 80.7833786010742 -9999 80.546989440918 80.7548675537109 80.9786071777344 80.9659957885742 80.6677551269531 80.045768737793 79.7109527587891 80.1116638183594 80.861328125 79.8001251220703 79.4314270019531 79.4417419433594 79.2100372314453 78.7848587036133 78.3432846069336 79.3554611206055 81.2291259765625 79.196907043457 80.423828125 79.5487747192383 77.0230331420898 78.0090789794922 80.2697982788086 81.0465316772461 81.1857147216797
90.1689147949219 90.723030090332 90.3057098388672 88.6183395385742 88.6283645629883 90.8539428710938 90.5706176757812 90.1583557128906 88.5941848754883 87.0522842407227 86.428596496582 83.3789138793945 81.9047164916992 81.3160552978516 80.9670944213867 81.5365982055664 82.6477813720703 82.0260620117188 81.2937622070312 -9999 80.876350402832 80.8752517700195 81.0293579101562 81.0219497680664 80.6592712402344 -9999 80.7090148925781 80.9771041870117 81.3294372558594 80.9759826660156 80.5574340820312 79.9524078369141 80.0243148803711 80.7185287475586 80.1759185791016 79.5346374511719 79.8199844360352 79.8182220458984 79.0462036132812 78.4614181518555 78.7555999755859 79.1816940307617 79.5714263916016 81.422737121582 80.4157409667969 77.5124359130859 78.7399826049805 79.7748794555664 81.3984756469727 81.7882537841797
89.8814849853516 90.4065399169922 89.7730407714844 88.1269149780273 88.1911849975586 90.6277313232422 90.7339019775391 90.1094741821289 86.5264282226562 86.7493286132812 87.0500946044922 83.5053405761719 81.9063262939453 81.4941253662109 81.1818466186523 81.2225036621094 81.6276473999023 81.5705261230469 -9999 81.0033721923828 81.1129608154297 81.141227722168 81.3354110717773 81.3958129882812 80.9217300415039 80.6579818725586 80.7303237915039 81.9621734619141 83.6918182373047 81.3137741088867 80.7398529052734 80.2037887573242 79.9152984619141 80.2714233398438 80.2922134399414 79.7915420532227 80.275260925293 80.6947937011719 79.5157852172852 78.8951034545898 78.6347274780273 78.6603775024414 79.9561080932617 81.3188095092773 79.9438552856445 78.5767517089844 79.1939392089844 78.7527389526367 79.4839324951172 79.6824111938477
89.8958129882812 89.8412933349609 88.5641326904297 88.0464553833008 88.2054977416992 90.3197174072266 90.435417175293 89.2303466796875 85.4534606933594 85.7862319946289 85.7301025390625 82.8996963500977 82.1699142456055 81.6690292358398 81.3497924804688 81.0326995849609 80.9807891845703 81.0645523071289 -9999 81.2079086303711 81.2675018310547 81.4383239746094 82.1428604125977 83.4220809936523 82.8715133666992 81.096565246582 80.8497848510742 82.472526550293 85.2881088256836 82.949089050293 80.8939971923828 80.3500595092773 79.9581069946289 80.1071548461914 80.5955123901367 80.7125930786133 80.6366882324219 81.2145156860352 79.8721923828125 79.1335678100586 78.7739334106445 78.8911437988281 79.9287643432617 80.5652847290039 79.5422897338867 79.0917205810547 78.8739471435547 78.462760925293 78.5874481201172 78.1113357543945
90.134651184082 89.0978469848633 87.572639465332 87.026611328125 87.7509689331055 90.2296676635742 90.0468978881836 87.7477722167969 85.4897918701172 85.4152755737305 84.4586410522461 82.8887634277344 82.3417816162109 81.8779067993164 81.4231872558594 81.0756225585938 81.1042098999023 81.2250747680664 81.121223449707 81.1393280029297 81.3942947387695 81.9465255737305 83.281005859375 84.5793685913086 84.0289077758789 81.480110168457 81.0823059082031 81.7858734130859 84.3962936401367 85.3944320678711 81.1000442504883 80.5475387573242 80.123779296875 80.1858673095703 81.052490234375 81.8740615844727 81.7444534301758 81.4901123046875 79.5920562744141 79.1720733642578 79.1628646850586 79.0663223266602 80.0135803222656 79.7662506103516 79.1703109741211 78.854377746582 78.3610153198242 78.3879089355469 78.636604309082 78.2202072143555
89.0384750366211 87.4869155883789 -9999 85.9151611328125 86.8105239868164 89.6648712158203 89.39111328125 86.4569320678711 85.9870910644531 84.8583831787109 83.3927383422852 82.7221298217773 -9999 81.8925247192383 -9999 81.1946640014648 81.2074966430664 81.5322418212891 81.5553512573242 81.347038269043 81.7726058959961 82.9142761230469 84.0195846557617 84.2902526855469 84.1168212890625 82.5791091918945 81.4092102050781 81.466423034668 83.0116348266602 85.0432739257812 81.2483978271484 80.7425918579102 80.4366760253906 80.3635101318359 81.0480575561523 82.5435104370117 82.7304534912109 81.1089630126953 79.5616760253906 79.580078125 79.5950927734375 79.2251205444336 80.2044677734375 79.5884552001953 79.0643920898438 78.8373184204102 78.5566711425781 78.404411315918 78.3699951171875 78.2375564575195
85.8877487182617 86.157096862793 -9999 85.34716796875 85.6919937133789 86.6269989013672 85.8655776977539 84.2845916748047 83.9528198242188 83.6487045288086 83.4611511230469 82.242546081543 81.9799423217773 81.7061996459961 81.7847518920898 -9999 -9999 -9999 81.2872314453125 -9999 82.1297149658203 82.7450332641602 83.2880783081055 83.1776580810547 84.3126602172852 84.9890289306641 83.1232757568359 82.0749282836914 81.8884887695312 82.3750915527344 82.2355346679688 81.6442565917969 81.5424652099609 82.3226013183594 81.8708877563477 81.4286270141602 81.3722305297852 81.0416793823242 81.6311264038086 81.1506042480469 80.5727844238281 80.3553085327148 80.0188751220703 79.7539749145508 79.1148071289062 78.6555404663086 78.5806579589844 78.3464202880859 77.9249038696289 78.5443878173828
85.6161956787109 -9999 -9999 -9999 -9999 84.6879425048828 -9999 -9999 83.0968246459961 82.9728012084961 83.0534973144531 83.1237640380859 82.6413421630859 81.9894332885742 82.156005859375 82.2549514770508 -9999 -9999 -9999 81.4628448486328 81.7952728271484 82.1905212402344 82.7634963989258 82.9865646362305 85.1467895507812 85.6698760986328 84.9536895751953 83.1444396972656 82.2354736328125 82.0157928466797 83.3445663452148 82.1227874755859 82.466911315918 84.9359283447266 84.1448669433594 82.0817642211914 81.3939056396484 81.1851577758789 80.9967193603516 80.9346389770508 80.4524459838867 80.232292175293 80.0342483520508 79.9296417236328 79.4494552612305 79.0163421630859 79.0271377563477 78.5938720703125 78.1195678710938 78.1451568603516
-9999 -9999 -9999 -9999 -9999 87.0619125366211 86.8142623901367 84.956787109375 84.1259536743164 83.6520843505859 83.974723815918 85.1991806030273 84.471809387207 82.4279479980469 82.1944427490234 82.505973815918 82.48974609375 82.432991027832 81.9449615478516 81.3995895385742 81.6191787719727 81.8600540161133 82.2781295776367 83.3855514526367 86.7057571411133 87.670280456543 86.7521438598633 85.3195037841797 82.7714996337891 81.884033203125 83.6727981567383 82.3537521362305 82.5927886962891 84.2629318237305 83.778076171875 82.825325012207 81.9353561401367 81.0586853027344 80.7742385864258 80.5855407714844 80.2210922241211 80.0621490478516 80.3319473266602 80.0704574584961 79.575569152832 79.5807342529297 79.4079513549805 79.0774993896484 78.8374938964844 78.3145904541016
-9999 -9999 -9999 -9999 86.9692916870117 89.6689376831055 89.738410949707 86.2465515136719 85.6625061035156 86.2430267333984 86.2937622070312 86.9828796386719 85.3659439086914 82.5590438842773 82.1463241577148 82.395751953125 82.7233963012695 83.2758255004883 83.4681930541992 81.3872528076172 81.6833801269531 81.9257659912109 82.6590347290039 84.4619903564453 88.154167175293 89.6353530883789 88.6020202636719 87.3345489501953 84.2657165527344 82.8735733032227 82.8688812255859 82.6007080078125 82.3038330078125 82.2273101806641 82.1429672241211 82.4165573120117 81.8827133178711 81.1375579833984 80.9982604980469 80.7157897949219 80.3797302246094 79.9642333984375 80.2881927490234 79.9033660888672 79.4369354248047 79.7157669067383 79.5152282714844 79.3615188598633 79.2833938598633 78.6286010742188
-9999 -9999 -9999 86.5923309326172 88.5385131835938 90.7704391479492 90.929443359375 88.7672271728516 85.17138671875 87.0672073364258 88.9202270507812 87.9905853271484 85.169059753418 82.5089569091797 82.3355712890625 82.4410247802734 83.0514984130859 84.2739486694336 85.5026931762695 81.5696487426758 81.6180191040039 82.3364639282227 84.0164794921875 86.2221069335938 88.8894500732422 90.1282730102539 89.5164642333984 88.9456253051758 86.8433456420898 84.7977066040039 82.376106262207 82.8109512329102 82.364143371582 82.0382919311523 81.8111343383789 81.6548919677734 81.6458435058594 81.5991439819336 81.2210845947266 80.9061889648438 80.4818420410156 79.9889831542969 79.8436279296875 79.7141036987305 79.3297805786133 79.4680328369141 79.5064392089844 79.6374435424805 79.7305603027344 78.7206039428711
-9999 -9999 -9999 87.5891418457031 89.8235244750977 91.3368988037109 91.3557357788086 90.6458740234375 85.3893661499023 86.0835113525391 88.9774398803711 87.937614440918 84.3076782226562 82.7341918945312 82.9562530517578 83.0279388427734 83.5323333740234 85.47021484375 87.4939727783203 81.7220153808594 81.5580902099609 82.5564498901367 84.5178680419922 86.3989334106445 89.0848541259766 90.3274993896484 89.7388153076172 89.7019119262695 89.0503616333008 86.5990829467773 82.75927734375 82.7743988037109 82.4809341430664 82.1020431518555 81.8183135986328 81.5239334106445 81.6286239624023 81.7502212524414 81.2075576782227 80.7510528564453 80.3274841308594 80.0682373046875 79.5861282348633 79.5849838256836 79.3719177246094 79.2302551269531 79.1866607666016 79.6539916992188 80.612190246582 78.9144287109375
87.190315246582 -9999 86.6880493164062 88.1095352172852 90.6549453735352 91.285400390625 91.2205200195312 91.3943252563477 86.7301712036133 85.8579559326172 88.8860092163086 88.4601516723633 83.8835144042969 83.1148376464844 83.3002853393555 83.4825286865234 84.1131744384766 88.0195159912109 89.41552734375 81.9878616333008 81.7129669189453 82.6336975097656 84.4324188232422 86.0970230102539 88.9469528198242 90.4255752563477 89.3496017456055 88.9789352416992 89.4449081420898 87.7209777832031 83.4746627807617 82.958366394043 82.5988388061523 82.2093048095703 82.0815963745117 81.7714691162109 81.5489959716797 81.6189575195312 81.231575012207 80.6408081054688 80.2239685058594 79.8285522460938 79.4255676269531 79.2816314697266 79.4215393066406 79.4184646606445 78.8270492553711 78.9749145507812 79.7855911254883 78.4436798095703
88.3369293212891 87.6691665649414 89.3412322998047 89.8768615722656 91.234733581543 91.5022735595703 91.3771743774414 90.7456588745117 86.9974060058594 86.1149978637695 89.4457778930664 89.6319808959961 84.8350601196289 83.6875457763672 83.9686126708984 84.2144622802734 86.6654968261719 90.6399154663086 89.9876251220703 82.6041564941406 81.9604644775391 82.4262542724609 84.0078811645508 86.3438262939453 89.3676605224609 90.4953308105469 89.1402816772461 88.5762023925781 89.5998382568359 88.9906997680664 84.7351989746094 83.3870315551758 82.7285995483398 82.2861099243164 82.1815872192383 82.0228042602539 81.5647354125977 81.3769989013672 81.0281219482422 80.3673324584961 80.1065139770508 79.8879776000977 79.3570938110352 79.0735015869141 79.150764465332 79.1524353027344 78.6322937011719 78.4120254516602 78.4395751953125 78.1165618896484
88.2462005615234 89.7146148681641 91.5627746582031 91.554443359375 91.5702209472656 91.4931640625 91.2208099365234 89.8656692504883 86.7234725952148 87.3163909912109 89.5269241333008 89.8093032836914 85.2665786743164 84.1511917114258 84.6657485961914 84.5508117675781 87.8547897338867 91.1665878295898 89.7043762207031 83.3716659545898 82.1586608886719 81.9775009155273 82.9673843383789 85.6611709594727 88.9950866699219 90.577392578125 89.2592697143555 88.6747970581055 89.3487701416016 89.5637130737305 86.3651809692383 84.1130142211914 82.8467178344727 82.6583023071289 82.6025085449219 82.3294372558594 81.5158843994141 81.228759765625 80.872444152832 80.3507080078125 79.884895324707 79.9452209472656 79.4201354980469 79.0776062011719 78.8795471191406 78.7623825073242 78.7670593261719 78.571044921875 78.3515243530273 78.2269668579102
