rcp8.5models/MPI_ESM_LR/sc1gr10.35
NCOLS 261 
NROWS 433 
XLLCORNER 336357.134 
YLLCORNER 654653.479 
CELLSIZE 1000 
NODATA_value -9999 
[rows 207 to 229 of 433, columns 200 to 249 of 261]
1009.02868652344 1012.94488525391 1016.72985839844 1024.92602539062 1028.5966796875 1031.08032226562 1036.34448242188 1042.13940429688 1046.68676757812 1048.92468261719 1050.21264648438 1052.20922851562 1053.68090820312 1058.181640625 1065.61315917969 1068.71472167969 1069.03845214844 1071.18603515625 1073.587890625 1076.05676269531 1079.39904785156 -9999 1087.68859863281 -9999 -9999 -9999 -9999 -9999 -9999 -9999 -9999 -9999 -9999 -9999 -9999 -9999 -9999 -9999 -9999 -9999 -9999 -9999 -9999 -9999 -9999 -9999 -9999 -9999 -9999 -9999
1014.50231933594 1018.49841308594 1022.63909912109 1029.80236816406 1033.27429199219 1037.42504882812 -9999 1045.58178710938 1050.66943359375 1054.625 1056.80285644531 1058.61096191406 1063.32995605469 1067.84741210938 1072.30432128906 1075.10595703125 1077.53979492188 1080.7060546875 1084.67663574219 1086.26440429688 1087.91748046875 1091.82751464844 1095.03405761719 -9999 -9999 -9999 -9999 -9999 -9999 -9999 -9999 -9999 -9999 -9999 -9999 -9999 -9999 -9999 -9999 -9999 -9999 -9999 -9999 -9999 -9999 -9999 -9999 -9999 -9999 -9999
1018.15008544922 1022.18041992188 1025.92272949219 1033.22436523438 1036.626953125 1040.26806640625 1043.93896484375 1048.38220214844 1053.82666015625 -9999 -9999 1062.13842773438 1065.50451660156 1068.75134277344 1074.42199707031 1077.93981933594 1081.27221679688 1084.19848632812 1087.78942871094 1090.2255859375 1091.80114746094 1095.53356933594 1098.15942382812 -9999 -9999 -9999 -9999 -9999 -9999 -9999 -9999 -9999 -9999 -9999 -9999 -9999 -9999 -9999 -9999 -9999 -9999 -9999 -9999 -9999 -9999 -9999 -9999 -9999 -9999 -9999
1021.94555664062 1025.47790527344 1029.77551269531 1038.13562011719 1041.0693359375 1044.32727050781 1047.59509277344 1050.81872558594 1055.36499023438 -9999 -9999 -9999 1069.28637695312 1070.98901367188 1076.5537109375 1079.6689453125 1083.02136230469 1086.54211425781 1089.79956054688 1093.68505859375 1095.75244140625 1098.81384277344 1102.16833496094 -9999 -9999 -9999 -9999 -9999 -9999 -9999 -9999 -9999 -9999 -9999 -9999 -9999 -9999 -9999 -9999 -9999 -9999 -9999 -9999 -9999 -9999 -9999 -9999 -9999 -9999 -9999
1026.86535644531 1030.23718261719 1033.68664550781 1043.7236328125 1045.91918945312 1048.4296875 1051.18603515625 1054.02331542969 1057.75573730469 1061.31103515625 -9999 1069.30749511719 1073.36889648438 1074.58312988281 1079.3349609375 1082.48547363281 1085.97924804688 1089.36096191406 1092.27233886719 1096.16662597656 1099.91027832031 -9999 1107.27392578125 1110.47009277344 1113.20361328125 1115.99560546875 -9999 -9999 -9999 -9999 -9999 -9999 -9999 -9999 -9999 -9999 -9999 -9999 -9999 -9999 -9999 -9999 -9999 -9999 -9999 -9999 -9999 -9999 -9999 -9999
1032.451171875 1036.04858398438 1038.90649414062 1045.77661132812 1048.68859863281 1051.12097167969 1053.89318847656 1058.26293945312 1062.11340332031 1064.89916992188 1068.12866210938 1071.68969726562 1076.09252929688 1078.27429199219 1083.64221191406 1086.53161621094 1089.84167480469 1092.28796386719 1094.98791503906 1098.64428710938 -9999 1108.17456054688 1111.349609375 1113.80212402344 1116.29223632812 1119.20397949219 -9999 -9999 -9999 -9999 -9999 -9999 -9999 -9999 -9999 -9999 -9999 -9999 -9999 -9999 -9999 -9999 -9999 -9999 -9999 -9999 -9999 -9999 -9999 -9999
1038.04455566406 1041.73181152344 1045.04174804688 1048.44299316406 1052.66613769531 1056.91162109375 1059.66223144531 1063.29797363281 1066.99719238281 1068.44445800781 1071.42834472656 1075.14440917969 1078.58557128906 1081.78125 1087.75732421875 1090.51672363281 1093.01611328125 1095.87841796875 1099.44348144531 1102.61743164062 1107.0234375 1111.65637207031 1114.46459960938 1117.12609863281 1120.10070800781 1122.72802734375 -9999 -9999 -9999 -9999 -9999 -9999 -9999 -9999 -9999 -9999 -9999 -9999 -9999 -9999 -9999 -9999 -9999 -9999 -9999 -9999 -9999 -9999 -9999 -9999
1041.36376953125 1044.74938964844 1049.11108398438 1055.23461914062 1058.83642578125 1065.10327148438 1067.48156738281 1069.07629394531 1070.33471679688 1071.59338378906 1075.05090332031 1078.94116210938 1082.17065429688 1085.36169433594 1091.0751953125 1093.59851074219 1096.46643066406 1100.32214355469 1103.55883789062 1106.37890625 1110.56005859375 1115.06384277344 1117.51171875 1120.41931152344 1124.05627441406 1127.60986328125 -9999 -9999 -9999 -9999 -9999 -9999 -9999 -9999 -9999 -9999 -9999 -9999 -9999 -9999 -9999 -9999 -9999 -9999 -9999 -9999 -9999 -9999 -9999 -9999
1044.8935546875 1046.56494140625 1050.37084960938 1060.38305664062 1064.69946289062 1069.31677246094 1071.9658203125 1073.69165039062 1074.95104980469 1077.76977539062 1080.95166015625 1083.15478515625 1086.02331542969 1089.22631835938 1094.62854003906 1097.76892089844 1101.00830078125 1104.12048339844 1106.82019042969 1110.19201660156 1114.3427734375 1118.05187988281 1120.84973144531 1124.40197753906 1128.41540527344 1132.17028808594 -9999 -9999 -9999 -9999 -9999 -9999 -9999 -9999 -9999 -9999 -9999 -9999 -9999 -9999 -9999 -9999 -9999 -9999 -9999 -9999 -9999 -9999 -9999 -9999
1047.65563964844 1049.25573730469 1052.89428710938 1061.12731933594 1065.68688964844 1070.15246582031 1074.05029296875 1077.66162109375 1080.56262207031 1083.46557617188 1085.41320800781 1086.29235839844 1089.00244140625 1092.34912109375 1098.61999511719 1102.154296875 1104.87451171875 1107.42407226562 1110.47717285156 1113.83557128906 1117.97009277344 1121.38195800781 1124.59301757812 1128.33093261719 1132.69616699219 1135.52368164062 -9999 -9999 -9999 -9999 -9999 -9999 -9999 -9999 -9999 -9999 -9999 -9999 -9999 -9999 -9999 -9999 -9999 -9999 -9999 -9999 -9999 -9999 -9999 -9999
1049.59790039062 1053.41223144531 1058.22424316406 1063.34094238281 1066.13000488281 1070.73449707031 1074.87622070312 1078.96337890625 1081.87646484375 1084.66259765625 1086.77697753906 1089.24584960938 1092.82763671875 1096.1494140625 1102.56604003906 1105.38012695312 1108.38012695312 1112.10437011719 1114.8544921875 1117.84057617188 1121.43981933594 -9999 -9999 1132.33764648438 1136.1943359375 1138.66174316406 -9999 -9999 -9999 -9999 -9999 -9999 -9999 -9999 -9999 -9999 -9999 -9999 -9999 -9999 -9999 -9999 -9999 -9999 -9999 -9999 -9999 -9999 -9999 -9999
1054.29797363281 1058.81640625 1062.97534179688 1066.58972167969 1069.99755859375 1073.18640136719 1076.68151855469 1079.88208007812 1082.92590332031 1086.27026367188 1090.05212402344 1093.14514160156 1096.44653320312 1099.72985839844 1106.11547851562 1109.23291015625 1112.384765625 1116.12036132812 1118.67211914062 1121.62744140625 -9999 -9999 1131.9677734375 1136.45141601562 1139.29565429688 1142.07702636719 1147.08654785156 -9999 -9999 -9999 -9999 -9999 -9999 -9999 -9999 -9999 -9999 -9999 -9999 -9999 -9999 -9999 -9999 -9999 -9999 -9999 -9999 -9999 -9999 -9999
1060.59204101562 1067.17651367188 1067.77014160156 1070.31970214844 1074.87573242188 1077.54895019531 1080.6982421875 1083.77014160156 1086.90197753906 1090.24182128906 1094.30480957031 1097.53662109375 1099.89807128906 1103.62158203125 1109.95251464844 1113.14953613281 1116.92333984375 1120.83520507812 1124.388671875 1128.11047363281 1129.64855957031 -9999 -9999 1139.95373535156 1142.68347167969 1145.90026855469 1152.1708984375 -9999 -9999 -9999 -9999 -9999 -9999 -9999 -9999 -9999 -9999 -9999 -9999 -9999 -9999 -9999 -9999 -9999 -9999 -9999 -9999 -9999 -9999 -9999
1070.8837890625 1072.49096679688 1077.36596679688 1084.46826171875 1084.9052734375 1087.09802246094 1094.21960449219 1095.55517578125 1096.65356445312 1102.01013183594 1109.27185058594 1112.21069335938 1113.19372558594 1117.06103515625 1117.35717773438 1122.51721191406 1128.94702148438 1131.16650390625 1133.00500488281 1136.47131347656 1139.74169921875 1142.76098632812 1145.34436035156 -9999 1150.37841796875 1152.48962402344 1157.95324707031 1161.76892089844 -9999 -9999 -9999 -9999 -9999 -9999 -9999 -9999 -9999 -9999 -9999 -9999 -9999 -9999 -9999 -9999 -9999 -9999 -9999 -9999 -9999 -9999
1075.73803710938 1077.25817871094 1082.37390136719 1087.53247070312 1089.13598632812 1093.50317382812 1100.74194335938 1102.787109375 1102.58947753906 1109.73498535156 1117.17456054688 1117.01574707031 1118.09362792969 1120.25561523438 1122.88146972656 1128.28674316406 1131.02319335938 1134.60546875 1137.96276855469 1138.37133789062 1141.11608886719 1145.47485351562 1147.9755859375 -9999 1153.54370117188 1156.37023925781 1161.66638183594 1164.54064941406 -9999 -9999 -9999 -9999 -9999 -9999 -9999 -9999 -9999 -9999 -9999 -9999 -9999 -9999 -9999 -9999 -9999 -9999 -9999 -9999 -9999 -9999
1081.71020507812 1082.61938476562 1087.47216796875 1091.62475585938 1094.55407714844 1099.08862304688 1103.2490234375 1107.47009277344 1109.56030273438 1115.07043457031 1120.80407714844 1122.67614746094 1123.31433105469 1125.16650390625 1128.17163085938 1131.47082519531 1132.982421875 1135.69384765625 1139.703125 1142.49975585938 -9999 -9999 -9999 -9999 1157.26379394531 1160.70227050781 1164.70166015625 1167.89904785156 1171.00134277344 -9999 -9999 -9999 -9999 -9999 -9999 -9999 -9999 -9999 -9999 -9999 -9999 -9999 -9999 -9999 -9999 -9999 -9999 -9999 -9999 -9999
1085.51525878906 1089.07604980469 1093.52514648438 1094.810546875 1097.59326171875 1101.71923828125 1107.76245117188 1114.40270996094 1114.90856933594 1116.80102539062 1119.27185058594 1122.95642089844 1125.06176757812 1127.83471679688 1131.80712890625 1133.44421386719 1136.25085449219 1138.81909179688 1141.91162109375 1145.73010253906 -9999 -9999 -9999 -9999 1159.71740722656 1162.91320800781 1168.01684570312 1171.21557617188 1174.35778808594 1176.5712890625 1179.8251953125 -9999 -9999 -9999 -9999 -9999 -9999 -9999 -9999 -9999 -9999 -9999 -9999 -9999 -9999 -9999 -9999 -9999 -9999 -9999
1085.43444824219 1089.90930175781 1093.58642578125 1097.11779785156 1100.35900878906 1104.24060058594 1110.71411132812 1119.04138183594 1121.94934082031 1121.45202636719 1121.97961425781 1123.67260742188 1125.66723632812 1128.95629882812 1134.93579101562 1138.24816894531 1142.10754394531 1143.15197753906 1145.28674316406 -9999 -9999 1154.04809570312 1157.03466796875 1159.54089355469 1162.07104492188 1165.0576171875 1172.16015625 1174.11218261719 1177.14501953125 1180.05261230469 1182.43127441406 1184.36059570312 1186.3486328125 -9999 -9999 -9999 -9999 -9999 -9999 -9999 -9999 -9999 -9999 -9999 -9999 -9999 -9999 -9999 -9999 -9999
1086.47412109375 -9999 -9999 1104.25073242188 1106.50537109375 1109.66564941406 1112.18444824219 1117.21459960938 1124.22705078125 1127.2685546875 1127.98889160156 1128.73168945312 1129.79577636719 1132.47412109375 1137.99731445312 1142.39465332031 1147.97741699219 1149.65759277344 1150.65539550781 1152.55102539062 1155.1796875 1158.28369140625 1161.1435546875 1164.2158203125 1166.59252929688 1168.90100097656 1175.7080078125 1178.5419921875 1180.39514160156 1183.20532226562 1185.5283203125 1187.27844238281 1188.67199707031 1192.23767089844 -9999 -9999 -9999 -9999 -9999 -9999 -9999 -9999 -9999 -9999 -9999 -9999 -9999 -9999 -9999 -9999
1091.63806152344 1096.65551757812 1100.88781738281 1119.54870605469 1120.59948730469 1115.01892089844 1115.552734375 1117.32836914062 1122.76867675781 1127.4580078125 1130.47778320312 1133.58959960938 1134.31298828125 1136.35949707031 1143.16333007812 1148.13403320312 1152.96533203125 1156.38391113281 1158.3017578125 1158.31359863281 1159.69177246094 1162.72290039062 1165.6494140625 1168.00744628906 1170.56762695312 1173.18090820312 1178.14392089844 1181.45007324219 1183.86450195312 1186.25732421875 1188.89465332031 1191.06726074219 1192.01818847656 1194.35009765625 -9999 -9999 -9999 -9999 -9999 -9999 -9999 -9999 -9999 -9999 -9999 -9999 -9999 -9999 -9999 -9999
1097.27709960938 1105.22277832031 1112.61608886719 1124.93981933594 1123.51416015625 1116.75366210938 1118.21569824219 1121.134765625 1125.06127929688 1127.17883300781 1131.31518554688 1135.77099609375 1137.64208984375 1140.21801757812 1148.43151855469 1152.951171875 1155.92492675781 1158.390625 1163.091796875 1166.48706054688 1164.91467285156 1167.15112304688 1169.95385742188 1171.73083496094 1173.66271972656 1176.67211914062 1181.39916992188 1183.34313964844 1186.36657714844 1189.33239746094 1192.18981933594 1194.66003417969 1195.5947265625 1197.64074707031 1200.07336425781 -9999 -9999 -9999 -9999 -9999 -9999 -9999 -9999 -9999 -9999 -9999 -9999 -9999 -9999 -9999
1106.13830566406 1109.69873046875 1120.79467773438 1119.90893554688 1119.09484863281 1118.89428710938 1122.04736328125 1126.22058105469 1129.40991210938 1131.12475585938 1134.69897460938 1138.30029296875 1141.13061523438 1144.16174316406 1152.25244140625 1154.86926269531 1156.45874023438 1159.14672851562 1165.20288085938 1171.70336914062 1170.52001953125 1171.19775390625 1173.29077148438 1175.65112304688 1177.71215820312 1180.21130371094 1184.98327636719 1186.27172851562 1188.81921386719 1191.54638671875 1194.47509765625 1197.80493164062 1198.91003417969 1201.03503417969 1202.6064453125 1203.95495605469 -9999 -9999 -9999 -9999 -9999 -9999 -9999 -9999 -9999 -9999 -9999 -9999 -9999 -9999
1119.61987304688 1110.59729003906 1118.9248046875 1138.19982910156 1134.08666992188 1132.04675292969 1135.62890625 1134.07385253906 1138.73889160156 1138.72180175781 1140.57458496094 1143.76196289062 1147.05932617188 1148.96166992188 1155.14831542969 1156.95532226562 1158.79541015625 1161.54052734375 1166.95715332031 1172.33422851562 1173.41979980469 1174.72924804688 1176.25463867188 1179.21203613281 1181.89428710938 1184.06726074219 1188.05822753906 1189.27734375 -9999 -9999 -9999 -9999 1201.88256835938 1203.70703125 1204.86706542969 1206.60241699219 1208.36364746094 1211.52990722656 -9999 -9999 -9999 -9999 -9999 -9999 -9999 -9999 -9999 -9999 -9999 -9999
