rcp8.5models/MPI_ESM_LR/sc1gr7.32
NCOLS 261 
NROWS 433 
XLLCORNER 336357.134 
YLLCORNER 654653.479 
CELLSIZE 1000 
NODATA_value -3.4e+38 
[rows 220 to 241 of 433, columns 49 to 97 of 261]
82.6322174072266 82.4815979003906 82.5126876831055 82.6699905395508 82.8753051757812 83.0144653320312 83.1166763305664 83.3729095458984 83.3958587646484 83.56787109375 83.727294921875 83.806037902832 83.7755584716797 83.7540969848633 83.7515563964844 83.7901229858398 83.7512130737305 83.8352355957031 83.9869232177734 83.8902740478516 83.7823638916016 83.6882705688477 83.4609375 83.4540710449219 83.2580642700195 83.1099319458008 83.0764007568359 82.9847564697266 82.9976119995117 82.9071884155273 83.0081481933594 82.9276275634766 82.8742218017578 82.6422729492188 82.4938125610352 82.5763549804688 82.5175247192383 82.3583297729492 82.1444396972656 81.7621307373047 81.5484619140625 81.3013153076172 81.2171173095703 81.0395812988281 81.0243072509766 80.9681091308594 80.8698806762695 80.7520065307617 80.5739898681641
82.1184234619141 82.1330413818359 82.2020950317383 82.3268508911133 82.5060653686523 82.4388046264648 82.7637405395508 82.9948806762695 83.2005004882812 83.4931411743164 83.5527496337891 83.6582489013672 83.6259994506836 83.6335906982422 83.6607284545898 83.5798492431641 83.5703201293945 83.7885589599609 83.8688812255859 83.7032928466797 83.4806671142578 83.388427734375 83.2522506713867 83.2588348388672 83.0810241699219 82.8635864257812 82.8036727905273 82.9039077758789 82.8896408081055 82.6570663452148 82.5799255371094 82.5960159301758 82.6127166748047 82.5667572021484 82.3762283325195 82.3959197998047 82.2550277709961 82.0979385375977 81.9429016113281 81.5643692016602 81.4197006225586 80.7190475463867 80.677116394043 80.7497253417969 80.7755432128906 80.6781921386719 80.5242309570312 80.5126342773438 80.3117828369141
81.8287658691406 81.8080444335938 81.8843078613281 81.942253112793 82.1956176757812 82.1211090087891 82.3246688842773 82.8101272583008 83.0738677978516 83.1814880371094 83.0983581542969 83.2971649169922 83.3076553344727 83.3009033203125 83.3706130981445 83.4580459594727 83.5804214477539 83.7112655639648 83.6696395874023 83.5766830444336 83.3133087158203 83.1337890625 83.1017379760742 83.2015075683594 82.9919662475586 82.7498474121094 82.6689758300781 82.690055847168 82.713134765625 82.366943359375 82.2936782836914 82.369270324707 82.4104766845703 82.4313507080078 82.2428894042969 82.2337799072266 81.9719390869141 81.6870040893555 81.6458358764648 81.4076385498047 81.2653198242188 80.4494171142578 80.2532501220703 80.3609771728516 80.5170745849609 80.1826553344727 79.4281616210938 80.0600280761719 79.9477691650391
81.3425445556641 81.3373870849609 81.414436340332 81.4682312011719 81.6053314208984 81.7714538574219 81.927375793457 82.6299514770508 82.7900161743164 82.7965316772461 82.8304977416992 82.9677047729492 82.9858245849609 82.9547348022461 83.190803527832 83.2301483154297 83.3077850341797 83.4468460083008 83.4564361572266 83.4416580200195 83.1821975708008 83.0551223754883 83.0610046386719 83.0080261230469 82.7085266113281 82.5356521606445 82.4157180786133 82.4189300537109 82.5401153564453 82.1486206054688 82.2373809814453 82.2369842529297 82.2169952392578 82.1873626708984 81.9952087402344 81.9492874145508 81.6386260986328 81.5602188110352 81.3873596191406 81.1621627807617 81.0799789428711 80.4165954589844 80.2118835449219 80.1205139160156 80.1948165893555 79.4355316162109 77.9237289428711 79.2883071899414 79.5252914428711
80.6402130126953 80.8548431396484 80.8058013916016 80.9659957885742 81.1887893676758 81.4369430541992 81.7156982421875 82.3969879150391 82.4779281616211 82.5269546508789 82.6707992553711 82.7943801879883 82.79248046875 82.9083633422852 83.0969619750977 83.0034103393555 83.146369934082 83.3296813964844 83.3750915527344 83.2322387695312 83.0863876342773 82.9705657958984 82.8920211791992 82.7367630004883 82.5862350463867 82.468391418457 82.3430709838867 82.3521041870117 82.3293075561523 81.915283203125 82.0540924072266 81.9971237182617 81.9306869506836 81.8587036132812 81.6620101928711 81.6018600463867 81.4114074707031 81.4259033203125 81.1565933227539 80.9719467163086 80.8380661010742 80.3122711181641 80.2318954467773 80.1391296386719 79.9722137451172 79.4570236206055 78.712760925293 79.3811950683594 79.3590316772461
80.0913467407227 80.237678527832 80.3804397583008 80.5768661499023 80.8962860107422 81.219352722168 81.5583267211914 81.9419097900391 82.0798645019531 82.1552200317383 82.3625717163086 82.4768905639648 82.6786117553711 82.8481292724609 82.8334655761719 82.9464721679688 83.1146774291992 83.3283309936523 83.2190170288086 83.0874481201172 83.0615310668945 82.9547653198242 82.7298049926758 82.5146255493164 82.2968063354492 82.2448654174805 82.1924743652344 82.1641235351562 81.9843597412109 81.5930709838867 81.7142562866211 81.8003387451172 81.7052993774414 81.5165939331055 81.3443908691406 81.2815399169922 81.3224334716797 81.1061477661133 80.8938751220703 80.7318801879883 80.5513458251953 80.190071105957 80.0975646972656 79.9835891723633 79.8106842041016 79.6228179931641 79.5511779785156 -3.4e+38 79.1462020874023
79.7649002075195 79.9730377197266 80.0499038696289 80.3010482788086 80.5743255615234 81.0022735595703 81.2708587646484 81.6236419677734 81.7007217407227 81.8134460449219 82.070671081543 82.285041809082 82.5335159301758 82.606689453125 82.646598815918 82.9192199707031 83.1051483154297 83.2215118408203 83.0272445678711 82.978271484375 82.8151931762695 82.71044921875 82.4672393798828 82.2728042602539 82.0224151611328 82.0785980224609 81.9900283813477 81.8854293823242 81.6537933349609 81.3329467773438 81.4775772094727 81.5058441162109 81.366813659668 81.1453704833984 81.1951599121094 81.0836486816406 80.9836883544922 80.8234252929688 80.5763931274414 80.3417587280273 80.2620010375977 79.9622802734375 79.7815628051758 79.728645324707 79.6640853881836 79.3976745605469 79.2169418334961 79.1518783569336 78.9946212768555
79.3775939941406 79.7023620605469 79.7626571655273 80.0089416503906 80.3890914916992 80.8433456420898 81.0800704956055 81.2684478759766 81.5590667724609 81.5711669921875 81.6816940307617 81.9394378662109 82.4276885986328 82.4215240478516 82.5496597290039 82.890739440918 82.9807891845703 82.8232879638672 82.6875 82.6294097900391 82.4190673828125 82.3449020385742 82.2128601074219 82.0959854125977 81.9075164794922 81.9227905273438 81.7093200683594 81.6357650756836 81.4340057373047 81.2147216796875 81.2271041870117 81.1770172119141 81.0928726196289 80.8643188476562 81.0714492797852 80.9193115234375 80.6779251098633 80.5078735351562 80.2462539672852 80.1276931762695 79.9909515380859 79.6948776245117 79.4359283447266 79.3898086547852 78.802375793457 77.750862121582 78.8008499145508 78.8287887573242 78.8186874389648
79.0746765136719 79.5584335327148 79.6171722412109 79.788215637207 80.3021240234375 80.677604675293 80.8181686401367 81.1914520263672 81.3387680053711 81.4231872558594 81.4275054931641 81.6974792480469 82.2598190307617 82.3847274780273 82.4189758300781 82.8068771362305 82.7555923461914 82.3022537231445 82.3083724975586 82.343864440918 82.2113037109375 82.1103439331055 82.0804061889648 81.8962173461914 81.7789001464844 81.6557464599609 81.4695205688477 81.3916473388672 81.2154083251953 80.973274230957 80.8945388793945 80.9967880249023 80.9366149902344 80.7728805541992 80.7555313110352 80.5661087036133 80.3997116088867 80.2176513671875 79.9940490722656 79.8637390136719 79.8253860473633 79.4214477539062 79.1197128295898 79.0603713989258 78.6227111816406 77.8070449829102 78.493766784668 78.4303436279297 78.4285354614258
78.907356262207 79.4053726196289 79.5647659301758 79.8049774169922 80.2043151855469 80.2726135253906 80.3762435913086 80.845703125 81.1162261962891 81.3223037719727 81.3121948242188 81.5765991210938 82.1641082763672 82.2612686157227 82.28955078125 82.7677688598633 82.6901016235352 82.2397689819336 82.2555770874023 82.2683868408203 81.9523773193359 81.8625869750977 81.8259811401367 81.7026596069336 81.5869598388672 81.4151992797852 81.3317337036133 81.1873245239258 81.005729675293 80.7752227783203 80.638801574707 80.8573150634766 80.7837219238281 80.5965347290039 80.4134216308594 80.2448196411133 79.9758987426758 79.9277496337891 79.8156814575195 79.6610412597656 79.6315689086914 79.2212295532227 78.9437713623047 79.0344619750977 78.819580078125 78.4090881347656 78.2635040283203 78.1142578125 78.0348739624023
78.9101028442383 79.3533782958984 79.5013656616211 79.7033157348633 79.9532928466797 79.9533538818359 80.0952987670898 80.5023956298828 80.9593811035156 81.336067199707 81.4331359863281 81.7241439819336 82.0459213256836 82.1177978515625 82.2173080444336 82.6255035400391 82.5680236816406 82.1929626464844 82.2597198486328 82.0678634643555 81.7516403198242 81.6878890991211 81.5711669921875 81.5361404418945 81.3097763061523 81.1593399047852 81.1024398803711 80.881462097168 80.7059555053711 80.7024383544922 80.5562362670898 80.5126953125 80.5503768920898 80.3181610107422 80.1409301757812 79.9835510253906 79.7669219970703 79.6520156860352 79.5497283935547 79.370491027832 79.29248046875 78.9247360229492 78.8297958374023 78.8575744628906 78.5685577392578 78.1706619262695 78.0630340576172 77.88330078125 77.6927490234375
79.1232147216797 79.1247482299805 79.1251449584961 79.2800445556641 79.5326843261719 79.9060745239258 80.0378952026367 80.4316711425781 80.7500762939453 81.0391616821289 81.2680053710938 81.4590072631836 81.5255508422852 81.7773818969727 82.0834426879883 82.2250289916992 82.1333236694336 81.9664916992188 -3.4e+38 -3.4e+38 81.441276550293 81.2682342529297 81.1228256225586 81.0969543457031 81.1071701049805 81.0087127685547 80.8916778564453 80.7441101074219 80.6376953125 80.3078842163086 80.1650619506836 80.0501556396484 79.8570861816406 79.6025772094727 79.4252014160156 79.4112396240234 79.2023391723633 79.0400009155273 78.882682800293 78.7164916992188 78.5044860839844 78.2009582519531 78.35400390625 78.0760803222656 77.8389434814453 77.6455154418945 77.4415893554688 77.3081665039062 77.1622543334961
79.0357513427734 79.0296630859375 79.020149230957 79.2989501953125 79.6006011962891 79.9372406005859 80.0397872924805 80.3976058959961 80.7421646118164 80.9669723510742 81.1144409179688 81.1367111206055 81.1945724487305 81.5292510986328 81.770149230957 81.9443359375 81.8957214355469 81.8190307617188 81.762092590332 81.6390380859375 81.4606170654297 81.3899307250977 81.0381317138672 80.9852142333984 81.0830459594727 80.8809661865234 80.6904525756836 80.5650024414062 80.4306564331055 79.9862365722656 79.7429428100586 79.7090148925781 79.5383377075195 79.3935852050781 79.2826232910156 79.1711120605469 78.9588470458984 78.7862243652344 78.6044769287109 78.4273986816406 78.2233505249023 77.9968490600586 77.9192276000977 77.6783065795898 77.4839553833008 77.293571472168 77.0982818603516 76.9638900756836 76.8211059570312
78.8084869384766 78.9465408325195 78.9802932739258 79.2735137939453 79.5601043701172 79.8294067382812 80.0505599975586 80.3927917480469 80.587287902832 80.7634963989258 80.9245223999023 80.9760360717773 81.1414566040039 81.3040466308594 81.4803161621094 81.6065139770508 81.6709442138672 81.5907821655273 81.5491180419922 81.4938888549805 81.3785247802734 81.2662124633789 80.8778228759766 80.6690826416016 80.5846099853516 80.4352951049805 80.1985549926758 80.0540771484375 79.9342346191406 79.5430221557617 79.2933959960938 79.2677841186523 79.2046890258789 79.1145401000977 79.0317077636719 78.8653717041016 78.5847549438477 78.4026641845703 78.1899261474609 78.045768737793 77.9653625488281 77.8502883911133 77.6585693359375 77.3945388793945 77.2073211669922 77.0225982666016 76.8060836791992 76.5986251831055 76.4107971191406
78.8416366577148 78.9584350585938 79.2746887207031 79.5789489746094 79.6273880004883 79.8531112670898 79.9968490600586 80.2941207885742 80.454231262207 80.5753555297852 80.7238006591797 80.9223327636719 81.0010833740234 80.9959259033203 81.0458297729492 81.2085723876953 81.3037796020508 81.3235626220703 81.2484893798828 81.0637283325195 80.9599914550781 80.855598449707 80.6559066772461 80.3878173828125 80.0643920898438 79.9066772460938 79.7152633666992 79.5183181762695 79.5536956787109 79.1597518920898 79.0446624755859 78.8543853759766 78.7461547851562 78.7355499267578 78.6608276367188 -3.4e+38 78.2409591674805 78.0886459350586 78.0095748901367 77.8906478881836 77.8099746704102 77.5975799560547 77.4059448242188 77.1840972900391 76.9735107421875 76.7082366943359 76.5148239135742 76.2866897583008 76.0993194580078
78.9166107177734 79.1561126708984 79.5269546508789 79.7262649536133 79.7255706787109 79.8682022094727 79.9584350585938 79.962776184082 80.2017974853516 80.4263381958008 80.3403701782227 80.3065567016602 80.4626007080078 80.5950164794922 80.6307067871094 80.7933807373047 80.8150863647461 80.7300643920898 80.587890625 80.4659042358398 80.4201583862305 80.3399353027344 80.1707000732422 79.9781341552734 79.6391830444336 79.3761825561523 79.2194671630859 79.0744400024414 79.0722198486328 78.7503814697266 78.8037033081055 78.5743255615234 78.2806777954102 78.1156463623047 78.194465637207 -3.4e+38 -3.4e+38 78.0060119628906 77.8928909301758 77.7659454345703 77.5757675170898 77.2392425537109 77.0840301513672 76.9176177978516 76.5808181762695 76.3590240478516 76.2054748535156 75.8819046020508 75.6860733032227
79.037971496582 79.3282165527344 79.5417633056641 79.4682083129883 79.5116119384766 79.6809921264648 79.7690734863281 79.7681274414062 79.8809356689453 80.1431045532227 80.1279296875 79.9533386230469 80.0956497192383 80.132453918457 80.2248992919922 80.4513626098633 80.5145111083984 80.496711730957 80.3067474365234 80.2543182373047 80.1365051269531 79.9592437744141 79.7682342529297 79.6428756713867 79.2353286743164 78.9733657836914 78.8572158813477 78.6284255981445 78.4701614379883 78.4596710205078 78.3506546020508 78.1932754516602 77.9582977294922 77.7396850585938 -3.4e+38 -3.4e+38 77.8724975585938 -3.4e+38 -3.4e+38 77.3962173461914 77.2220840454102 77.004753112793 76.8200149536133 76.6502151489258 76.2660369873047 75.9786987304688 75.8602905273438 75.6564865112305 75.4173202514648
79.2909469604492 79.5660247802734 79.6000747680664 79.4389724731445 79.2957229614258 79.3480224609375 79.4078063964844 79.5537033081055 79.5495376586914 79.8096923828125 80.0524063110352 79.9635009765625 79.9609832763672 79.9941711425781 80.0199356079102 80.2086486816406 80.2653427124023 80.1700439453125 80.0827331542969 80.019775390625 79.8753128051758 79.549934387207 79.3221969604492 79.2607650756836 79.0299072265625 78.7371826171875 78.5666122436523 78.2961883544922 78.1100006103516 78.0576400756836 77.8824615478516 77.6951599121094 77.6414489746094 77.4894485473633 -3.4e+38 -3.4e+38 -3.4e+38 77.2991485595703 77.0934982299805 76.9296340942383 76.9278564453125 76.7415771484375 76.5784912109375 76.3623657226562 76.0209732055664 75.7223892211914 75.5249099731445 75.3607406616211 75.130615234375
79.4325637817383 79.4851837158203 79.4714584350586 79.3749313354492 79.1987228393555 79.1854705810547 79.2621612548828 79.3250961303711 79.3821105957031 79.5042266845703 79.6301956176758 79.6797256469727 79.7532272338867 79.6777114868164 79.7688064575195 79.854377746582 79.7923431396484 79.6420745849609 79.5014953613281 79.5443801879883 79.3948440551758 79.0988235473633 78.888427734375 78.8081741333008 78.7549438476562 78.4630279541016 78.2243270874023 78.0998153686523 77.925048828125 77.570068359375 77.4218826293945 77.2292404174805 77.1965560913086 77.1039047241211 -3.4e+38 -3.4e+38 77.0122985839844 76.9586791992188 76.8929138183594 76.6661682128906 76.5055389404297 76.3290100097656 76.1130523681641 75.9421234130859 75.7806777954102 75.5774307250977 75.2889709472656 75.0088500976562 74.7678375244141
79.5798492431641 79.5238800048828 79.444709777832 79.3294143676758 79.1755905151367 79.1800537109375 79.1649551391602 79.2956161499023 79.3582534790039 79.4407196044922 79.4513397216797 79.4612121582031 79.4530334472656 79.3361434936523 79.5090866088867 79.466423034668 79.28515625 79.1284332275391 78.9996109008789 78.9647216796875 78.8576736450195 78.6238098144531 78.4328460693359 78.2945175170898 78.3673095703125 78.3554763793945 78.096061706543 77.9544525146484 77.6589431762695 77.1887054443359 76.8064270019531 76.654296875 76.7821426391602 76.7952651977539 76.9201965332031 -3.4e+38 76.693115234375 76.6130294799805 76.6438751220703 76.4269256591797 76.1233062744141 75.9183807373047 75.744270324707 75.5520324707031 75.4279251098633 75.2595520019531 75.0557479858398 74.7177963256836 74.4748458862305
79.6031494140625 79.5671157836914 79.3593521118164 79.1694717407227 79.1715927124023 79.0618362426758 79.0991287231445 79.3309478759766 79.4581298828125 79.3488845825195 79.2204284667969 79.2821426391602 79.2238388061523 79.1312561035156 79.242301940918 79.1389999389648 78.9755554199219 78.860595703125 78.6377868652344 78.495979309082 78.392951965332 78.1527862548828 77.9843444824219 77.8943786621094 78.0210647583008 77.9373397827148 77.8362503051758 77.7639541625977 77.4712142944336 76.8399963378906 76.4433746337891 76.2427139282227 76.3222274780273 76.4011764526367 76.4288101196289 76.5239639282227 -3.4e+38 76.3230361938477 76.2000732421875 76.1263275146484 75.9826812744141 75.4949417114258 75.4087371826172 75.2449035644531 75.0043258666992 74.8464813232422 74.5778732299805 74.2422180175781 74.1618118286133
79.3618927001953 79.2652359008789 79.2019653320312 79.0569839477539 79.1327514648438 79.0723724365234 79.2011795043945 79.1787567138672 79.3132247924805 79.1707992553711 79.0337219238281 78.9913101196289 78.9086532592773 78.841178894043 79.0156784057617 79.0183639526367 78.8464279174805 78.7726364135742 78.3099822998047 78.0559692382812 77.9664840698242 77.9223709106445 77.8089752197266 77.6072235107422 77.5800018310547 77.4334869384766 77.3173370361328 77.2333297729492 76.9812698364258 76.4848251342773 76.1638107299805 76.0498657226562 75.9847640991211 75.9855880737305 75.9884262084961 76.0776748657227 76.1472549438477 75.837760925293 75.7976379394531 75.9293365478516 75.7880401611328 75.2035598754883 75.0082473754883 74.8622360229492 74.6298294067383 74.3995208740234 73.9707717895508 73.6214370727539 73.7120819091797
