rcp8.5models/MPI_ESM_LR/sc1gr5.27
NCOLS 261 
NROWS 433 
XLLCORNER 336357.134 
YLLCORNER 654653.479 
CELLSIZE 1000 
NODATA_value -3.4e+38 
[rows 154 to 175 of 433, columns 98 to 146 of 261]
297.785797119141 297.648468017578 296.899658203125 296.977416992188 296.611724853516 296.447326660156 296.356750488281 296.395050048828 296.689208984375 297.151824951172 297.245758056641 297.343231201172 297.5673828125 296.989959716797 296.296539306641 295.881011962891 295.807312011719 295.739044189453 295.618682861328 295.607666015625 295.617492675781 295.488311767578 295.038818359375 295.202331542969 295.114562988281 294.819030761719 294.654632568359 294.551544189453 294.795745849609 294.664093017578 294.705230712891 294.427856445312 294.759399414062 295.081176757812 295.303405761719 295.937744140625 296.267913818359 296.742767333984 297.152984619141 295.235534667969 292.146728515625 297.088134765625 297.169860839844 297.1357421875 296.949279785156 296.851287841797 296.450317382812 296.4951171875 297.3486328125
297.293090820312 297.427490234375 297.501647949219 297.094604492188 296.680114746094 296.396148681641 295.965881347656 296.362060546875 296.511352539062 296.891204833984 -3.4e+38 297.040954589844 297.232086181641 297.030364990234 296.366149902344 296.12548828125 295.869781494141 295.77978515625 295.622009277344 295.338989257812 295.177368164062 -3.4e+38 294.685943603516 294.688171386719 294.73193359375 294.842987060547 294.492065429688 294.596588134766 294.693359375 294.773406982422 294.715576171875 294.384185791016 294.345916748047 294.383575439453 295.027252197266 295.663909912109 296.082611083984 296.550964355469 296.892425537109 296.051788330078 294.711456298828 296.86865234375 296.900756835938 296.940124511719 296.790863037109 296.786407470703 296.146057128906 295.849090576172 296.943634033203
297.356414794922 -3.4e+38 297.397247314453 297.071441650391 296.703369140625 296.490905761719 295.913787841797 295.959350585938 296.403900146484 296.627746582031 296.630920410156 296.737915039062 296.955474853516 296.980316162109 296.740295410156 296.361480712891 295.888610839844 295.858337402344 295.74169921875 295.395324707031 294.948577880859 295.160095214844 294.665313720703 294.524749755859 294.551300048828 294.661773681641 294.558166503906 294.663238525391 294.775024414062 294.739105224609 294.638916015625 294.278411865234 294.028778076172 294.118194580078 294.928100585938 295.447113037109 295.81396484375 296.418365478516 296.543365478516 296.755920410156 296.680603027344 296.473022460938 296.691955566406 296.769561767578 296.720520019531 296.686004638672 296.407043457031 296.018829345703 296.838928222656
297.605651855469 297.596740722656 297.527465820312 296.966369628906 296.719543457031 296.665649414062 296.288116455078 295.570159912109 295.867797851562 296.318725585938 296.428100585938 296.615020751953 296.805328369141 296.982940673828 296.901397705078 296.191284179688 295.822479248047 295.654357910156 295.863311767578 295.725402832031 295.286285400391 295.06787109375 294.836669921875 295.012847900391 294.772308349609 295.026031494141 294.702270507812 294.6376953125 294.6923828125 294.614196777344 294.527740478516 294.008636474609 293.771148681641 294.171020507812 294.907867431641 295.324615478516 295.561187744141 296.109436035156 296.366088867188 296.616851806641 296.236663818359 296.171844482422 296.349456787109 296.343841552734 296.296081542969 296.3095703125 296.488403320312 296.117950439453 296.652160644531
297.607604980469 297.666412353516 297.879272460938 297.201843261719 296.821838378906 296.788940429688 296.532470703125 295.817413330078 295.516204833984 295.826538085938 296.052062988281 296.235015869141 296.581695556641 296.788848876953 296.629547119141 296.057952880859 295.942352294922 295.795623779297 295.865966796875 295.835021972656 295.659240722656 295.306182861328 295.377319335938 295.539825439453 295.347808837891 295.466552734375 294.569152832031 294.511260986328 294.536804199219 294.499359130859 294.253845214844 293.608612060547 293.342346191406 294.076354980469 294.789581298828 295.223999023438 295.659729003906 296.006408691406 296.284088134766 296.330108642578 295.990661621094 295.809387207031 295.870971679688 295.918884277344 295.992645263672 295.971801757812 -3.4e+38 295.938568115234 296.274841308594
297.609436035156 297.584381103516 297.582183837891 297.166931152344 296.789947509766 296.7646484375 296.591827392578 296.042785644531 295.511260986328 295.507415771484 295.546234130859 295.717437744141 296.174163818359 296.556304931641 296.450103759766 -3.4e+38 -3.4e+38 296.254638671875 295.942260742188 295.854461669922 295.823150634766 295.755737304688 295.717224121094 295.510162353516 295.255493164062 295.46142578125 294.537414550781 294.538879394531 294.465850830078 294.183715820312 293.913330078125 293.358734130859 292.878570556641 293.850036621094 294.684722900391 295.223785400391 295.553192138672 296.048034667969 296.156341552734 296.178192138672 295.955780029297 295.678955078125 295.618804931641 295.441558837891 295.658508300781 295.684783935547 295.828002929688 295.666595458984 295.989105224609
297.691375732422 297.573455810547 297.394104003906 296.840209960938 296.681884765625 296.558013916016 296.658752441406 296.276000976562 295.380187988281 295.0478515625 295.513092041016 295.642974853516 296.186096191406 296.1728515625 -3.4e+38 -3.4e+38 296.146087646484 296.1865234375 295.947265625 295.930267333984 295.842803955078 295.757049560547 295.579406738281 295.568664550781 295.065124511719 294.914154052734 294.523834228516 294.608856201172 294.470733642578 294.262603759766 293.842346191406 293.291900634766 292.879974365234 293.942504882812 294.650115966797 295.201171875 295.355804443359 296.081970214844 296.010040283203 295.847137451172 295.748321533203 295.664794921875 295.535736083984 295.096130371094 295.216278076172 295.338623046875 295.408386230469 295.074554443359 295.521362304688
297.621124267578 297.607177734375 296.978820800781 296.712799072266 296.655303955078 296.280853271484 295.846099853516 295.508911132812 295.057952880859 294.977905273438 295.065246582031 295.101745605469 295.461090087891 295.471862792969 295.738830566406 -3.4e+38 295.915496826172 295.658782958984 295.364074707031 295.108917236328 295.186645507812 295.292572021484 295.015472412109 294.753692626953 294.753173828125 294.685455322266 294.465026855469 293.921508789062 294.10107421875 294.00244140625 293.746887207031 293.598785400391 294.033386230469 294.615692138672 294.824401855469 294.919891357422 295.263305664062 295.700317382812 295.739166259766 295.482696533203 295.158477783203 295.059051513672 295.294250488281 295.078063964844 294.635864257812 294.556671142578 294.303924560547 293.255432128906 294.627471923828
297.237701416016 297.434692382812 296.884887695312 296.532318115234 296.65625 296.267028808594 295.722747802734 295.118347167969 294.531646728516 294.750610351562 294.968231201172 295.016235351562 295.529022216797 295.420837402344 295.550720214844 -3.4e+38 295.6669921875 295.74072265625 295.416717529297 295.087554931641 294.674407958984 294.744110107422 294.724914550781 294.453979492188 294.583618164062 294.59765625 294.421112060547 293.515502929688 293.637084960938 293.64599609375 293.591339111328 293.780639648438 294.357818603516 294.504852294922 294.900848388672 295.173370361328 295.371826171875 295.425445556641 295.461853027344 295.401245117188 295.150634765625 294.670257568359 295.133483886719 294.879669189453 294.599761962891 294.207122802734 293.572509765625 292.946197509766 294.002624511719
297.05712890625 297.288299560547 296.655853271484 296.249420166016 296.046539306641 296.005554199219 295.648468017578 295.321716308594 294.932586669922 294.826568603516 294.671234130859 294.614654541016 294.645690917969 295.533660888672 295.482940673828 295.601379394531 295.460296630859 295.348571777344 295.456359863281 295.304229736328 294.784240722656 294.684448242188 294.463470458984 293.987121582031 294.213073730469 294.424346923828 294.404113769531 293.422088623047 293.520233154297 293.663024902344 293.496612548828 293.524688720703 294.558074951172 294.508544921875 294.459899902344 295.014068603516 295.451751708984 295.262725830078 295.019989013672 295.1103515625 295.20556640625 294.538818359375 294.634094238281 294.696990966797 294.420288085938 293.59521484375 292.78564453125 292.642333984375 293.563781738281
297.231201171875 297.001098632812 296.533935546875 296.339660644531 295.905670166016 295.651336669922 295.534088134766 295.591674804688 295.475463867188 295.083770751953 294.648071289062 294.39501953125 294.209442138672 295.447814941406 295.434936523438 295.438751220703 295.339294433594 294.875305175781 294.938171386719 295.265350341797 294.979309082031 294.732177734375 294.276611328125 293.883544921875 293.87060546875 293.987915039062 294.028564453125 293.526214599609 293.593994140625 293.463287353516 292.92822265625 293.027313232422 294.08056640625 293.986846923828 293.989044189453 294.697479248047 295.393890380859 295.206817626953 294.628662109375 294.746032714844 295.082122802734 294.644561767578 294.425872802734 294.315826416016 293.811645507812 293.020263671875 292.316741943359 292.459320068359 293.221069335938
297.343170166016 296.854461669922 296.620269775391 296.502960205078 296.083374023438 295.585815429688 295.691497802734 295.701751708984 295.581390380859 295.362976074219 294.740661621094 294.588684082031 294.669128417969 295.490112304688 295.362701416016 295.447296142578 295.456359863281 295.113555908203 294.615997314453 294.679229736328 294.5478515625 294.451843261719 294.076080322266 293.817962646484 293.608734130859 293.576232910156 293.620819091797 293.536499023438 293.094055175781 293.026123046875 292.60009765625 292.818572998047 293.588745117188 293.650329589844 294.161865234375 294.551208496094 295.13134765625 295.253051757812 294.534973144531 294.547210693359 294.84423828125 294.660217285156 294.320190429688 293.833709716797 293.34814453125 292.692840576172 292.416351318359 292.522735595703 292.780426025391
296.882720947266 296.611541748047 296.528167724609 296.658386230469 296.151184082031 295.908721923828 295.986602783203 295.61572265625 295.486145019531 295.506286621094 294.869110107422 294.654510498047 293.594787597656 291.385864257812 295.017120361328 295.370819091797 295.238525390625 295.213409423828 294.635772705078 294.305999755859 294.113159179688 294.116485595703 293.954711914062 293.780120849609 293.685028076172 293.716339111328 293.229187011719 293.058837890625 292.671112060547 292.673095703125 292.778930664062 293.310241699219 293.503753662109 293.603393554688 294.048126220703 294.458465576172 294.798858642578 294.915649414062 294.347808837891 294.372344970703 294.739929199219 294.666320800781 294.351715087891 294.038482666016 293.793365478516 292.905975341797 292.660858154297 292.592803955078 292.258514404297
296.526885986328 296.47705078125 296.277374267578 296.729583740234 296.328491210938 295.973754882812 295.906890869141 295.496856689453 295.435516357422 295.452850341797 294.696838378906 294.655700683594 293.835723876953 292.045318603516 294.593566894531 294.864196777344 294.948211669922 294.915893554688 294.492309570312 294.289825439453 294.07568359375 294.205322265625 294.123779296875 293.914398193359 293.893768310547 293.793151855469 293.172058105469 292.816864013672 292.68798828125 292.576599121094 292.894012451172 293.571380615234 293.652618408203 294.033782958984 294.131744384766 294.438690185547 294.805572509766 294.504333496094 294.374603271484 294.535125732422 294.659912109375 294.462036132812 294.483184814453 294.386535644531 -3.4e+38 293.41845703125 293.160919189453 292.817932128906 292.381134033203
296.322967529297 296.0966796875 295.796783447266 296.608764648438 296.385375976562 295.998931884766 295.605194091797 295.253387451172 295.088439941406 295.230529785156 294.466796875 294.586273193359 294.421905517578 294.615783691406 294.440856933594 294.479675292969 294.744903564453 294.994720458984 294.605682373047 294.339935302734 294.256927490234 294.348358154297 294.298126220703 294.1787109375 294.021423339844 293.614410400391 293.513458251953 293.131256103516 292.854522705078 292.679077148438 292.940338134766 293.465972900391 293.767547607422 294.444793701172 294.25732421875 294.044158935547 294.833770751953 294.354583740234 294.483703613281 294.597930908203 294.263397216797 293.845794677734 294.069458007812 293.986755371094 -3.4e+38 -3.4e+38 293.397430419922 292.815093994141 292.492706298828
296.01171875 295.676239013672 295.502227783203 296.089080810547 296.089141845703 295.918609619141 295.516784667969 295.353912353516 295.203643798828 295.034912109375 294.392547607422 294.462921142578 294.1484375 294.121734619141 294.563354492188 294.599426269531 294.576416015625 294.718444824219 294.547821044922 294.377166748047 294.388305664062 294.273468017578 293.811187744141 293.989837646484 293.974761962891 293.619201660156 293.601837158203 293.095581054688 292.911926269531 292.537689208984 292.413696289062 293.491577148438 293.718811035156 294.002349853516 294.012664794922 294.205261230469 294.588287353516 294.327880859375 294.529693603516 294.40234375 293.855407714844 293.578430175781 293.546875 293.445495605469 293.227569580078 293.358154296875 293.302490234375 292.602081298828 292.681518554688
295.957794189453 295.596557617188 295.527404785156 295.563659667969 295.651519775391 295.716064453125 295.449920654297 295.322326660156 294.926177978516 294.758087158203 294.400848388672 294.509307861328 294.139556884766 293.784423828125 294.555755615234 294.212860107422 294.567077636719 294.404144287109 294.029266357422 293.923980712891 294.213439941406 293.861694335938 293.449584960938 293.740631103516 293.628631591797 293.458343505859 293.536163330078 293.059631347656 292.861572265625 292.525848388672 291.671447753906 291.594085693359 293.581176757812 293.788360595703 294.239288330078 294.598602294922 294.51953125 294.027496337891 294.062133789062 294.152404785156 293.393493652344 292.950225830078 292.950897216797 293.112915039062 292.873626708984 292.990509033203 293.108245849609 292.376434326172 292.874328613281
296.278076171875 296.090942382812 295.895385742188 295.491302490234 295.435668945312 295.380340576172 294.958068847656 294.999725341797 294.492248535156 294.649841308594 294.424835205078 294.014739990234 293.799072265625 293.704803466797 294.000823974609 293.897369384766 294.464721679688 294.1865234375 293.550476074219 293.569030761719 293.95068359375 293.408782958984 293.25390625 293.477447509766 293.294830322266 293.273468017578 293.192657470703 293.034210205078 292.905548095703 292.757354736328 292.035797119141 291.359558105469 293.436889648438 293.763854980469 294.113220214844 294.412780761719 294.448272705078 293.936553955078 293.640472412109 293.779235839844 293.052642822266 292.458557128906 292.591430664062 292.556365966797 292.475982666016 292.636688232422 292.795837402344 292.284820556641 292.254760742188
296.377410888672 296.407073974609 296.114898681641 295.566070556641 295.550720214844 295.424377441406 294.598236083984 294.677917480469 294.492523193359 294.561279296875 294.42333984375 293.919372558594 292.912841796875 293.147216796875 293.726531982422 293.812133789062 293.919189453125 293.741058349609 293.419281005859 293.525573730469 293.528381347656 293.076751708984 292.854156494141 292.877227783203 292.790771484375 293.091247558594 292.758544921875 292.775848388672 292.828857421875 292.78271484375 292.625274658203 292.505767822266 293.016082763672 293.506225585938 293.733459472656 294.013977050781 294.299926757812 294.062652587891 293.579010009766 293.522094726562 -3.4e+38 292.816040039062 292.309844970703 291.734680175781 291.531494140625 292.342346191406 292.476257324219 292.356109619141 291.811004638672
295.944488525391 295.422241210938 295.777923583984 295.883575439453 295.754211425781 295.691680908203 295.592803955078 295.202301025391 -3.4e+38 294.580383300781 294.255187988281 293.862762451172 293.397247314453 293.502746582031 293.997924804688 293.768218994141 293.719940185547 293.595886230469 293.588531494141 293.610198974609 293.467041015625 293.313934326172 292.981567382812 292.598510742188 292.563659667969 292.580352783203 292.313842773438 291.964965820312 291.819641113281 292.207214355469 292.055969238281 291.973815917969 292.443969726562 292.988525390625 293.537048339844 293.746643066406 293.882293701172 293.345733642578 292.794952392578 292.585266113281 -3.4e+38 292.965026855469 292.199310302734 290.847564697266 290.209655761719 291.344970703125 291.490600585938 291.741516113281 292.013824462891
295.696502685547 295.278442382812 295.354919433594 295.716400146484 295.706634521484 295.696655273438 295.613403320312 295.170776367188 -3.4e+38 294.427093505859 294.413757324219 294.242950439453 294.019805908203 294.226013183594 293.792846679688 293.843048095703 294.021453857422 293.869018554688 293.579559326172 293.409698486328 293.591339111328 293.463439941406 293.161529541016 292.883453369141 292.914306640625 292.606964111328 292.326751708984 292.176452636719 291.8466796875 291.779388427734 291.405487060547 291.687469482422 292.221557617188 292.896453857422 293.501129150391 293.625152587891 293.570434570312 293.140228271484 292.555725097656 292.221862792969 292.298919677734 292.584533691406 291.784637451172 290.105987548828 290.410308837891 291.227783203125 291.252471923828 291.637664794922 292.263977050781
295.3125 295.278167724609 295.213409423828 295.387420654297 295.099700927734 295.141662597656 295.040710449219 -3.4e+38 -3.4e+38 -3.4e+38 294.784149169922 294.402282714844 294.352233886719 294.409637451172 293.993103027344 294.111175537109 293.950042724609 293.824462890625 293.437927246094 293.042114257812 293.540222167969 293.508453369141 293.360809326172 293.158111572266 293.115295410156 292.780700683594 292.380187988281 -3.4e+38 291.789916992188 291.36962890625 291.261444091797 291.782836914062 292.258148193359 292.769500732422 293.108917236328 293.47265625 293.52734375 292.721405029297 292.471069335938 292.023590087891 291.751739501953 292.243286132812 291.433319091797 290.608001708984 291.102905273438 291.321319580078 291.479400634766 291.985931396484 292.453857421875
