rcp8.5models/MPI_ESM_LR/sc1gr0.27
NCOLS 261 
NROWS 433 
XLLCORNER 336357.134 
YLLCORNER 654653.479 
CELLSIZE 1000 
NODATA_value -3.4e+38 
[rows 374 to 395 of 433, columns 98 to 146 of 261]
76.6791381835938 76.5818328857422 76.5328369140625 76.3551788330078 76.7318496704102 77.1677932739258 78.3145904541016 79.173957824707 78.9808044433594 78.23681640625 77.870002746582 77.7426071166992 77.5519332885742 78.1752548217773 79.882209777832 80.3202819824219 80.7606811523438 81.1005935668945 81.6363143920898 81.9898376464844 82.1682281494141 82.4004058837891 82.4566879272461 82.3382949829102 82.0279846191406 81.7922897338867 81.3639450073242 81.3918991088867 81.6514129638672 81.6359176635742 81.2229309082031 80.8090438842773 80.2680282592773 80.1975708007812 79.9706192016602 78.6140823364258 76.9934616088867 76.6524810791016 78.2053604125977 78.0654983520508 76.1566162109375 75.1676940917969 74.9596176147461 74.9162216186523 74.9177551269531 -3.4e+38 -3.4e+38 -3.4e+38 -3.4e+38
76.4903411865234 76.3017883300781 76.5022430419922 76.7633972167969 76.2427062988281 76.0736312866211 77.190803527832 78.2949981689453 78.4463424682617 78.2987518310547 78.1821746826172 77.7644348144531 77.3104782104492 77.826545715332 79.8494491577148 80.9378433227539 81.5085144042969 81.89990234375 82.2291717529297 82.4322814941406 82.5032730102539 82.579833984375 82.6601486206055 82.5284271240234 82.1574401855469 81.581298828125 80.1771011352539 80.0742874145508 80.1608047485352 80.3888931274414 80.7052001953125 80.8651580810547 80.5784149169922 80.3288803100586 79.8636169433594 79.4014434814453 78.9124298095703 75.3918228149414 75.8706359863281 76.3405456542969 75.3698043823242 74.82177734375 74.6731033325195 74.4372024536133 74.5112915039062 74.4462432861328 74.2677536010742 -3.4e+38 -3.4e+38
76.6774063110352 76.732551574707 76.6379165649414 76.8066635131836 76.3281860351562 75.8111877441406 76.1202011108398 76.5348205566406 77.0104827880859 77.3232345581055 77.3620986938477 77.2302169799805 77.0750503540039 77.2310791015625 78.6791076660156 79.9565658569336 80.7961349487305 81.4216613769531 81.8176574707031 81.9076919555664 82.0500183105469 82.149658203125 82.1830215454102 82.1463775634766 81.7300338745117 81.0619583129883 79.8980102539062 79.4971008300781 79.3232727050781 79.5727310180664 79.4591979980469 78.8977890014648 79.3904724121094 80.2343597412109 79.6282272338867 78.6000518798828 78.4404296875 75.4101791381836 74.5406723022461 74.4847793579102 74.4928817749023 74.459716796875 74.3689651489258 74.1337127685547 74.1645812988281 -3.4e+38 -3.4e+38 -3.4e+38 -3.4e+38
76.8238372802734 77.0234680175781 77.1542663574219 76.5757751464844 76.3570938110352 76.0787734985352 75.9838638305664 76.4209213256836 76.8175048828125 77.1588897705078 77.5166320800781 77.0858459472656 76.768798828125 76.9102325439453 77.4730987548828 78.1444931030273 78.9809646606445 79.6515121459961 80.4061965942383 80.8841094970703 81.1944427490234 81.4793548583984 81.7128982543945 81.6093368530273 81.030403137207 80.3619842529297 79.0830459594727 78.6010589599609 78.1897811889648 78.5 78.899528503418 78.1291198730469 77.6540145874023 78.2859497070312 78.3720016479492 77.3261337280273 77.2371444702148 75.7120819091797 74.3837432861328 74.0163269042969 74.1911239624023 74.2156295776367 74.0488891601562 73.9478149414062 73.9044189453125 73.8622055053711 73.711067199707 73.5735931396484 73.5977478027344
76.2664031982422 76.649299621582 77.1096954345703 77.4376754760742 76.9039154052734 76.5244064331055 76.3348541259766 77.0187530517578 77.5218353271484 78.0885467529297 78.6675643920898 78.3588485717773 77.8468170166016 77.5670852661133 77.4849624633789 77.8256225585938 78.6274032592773 79.3785781860352 79.9926605224609 80.5680465698242 80.9959335327148 81.3594207763672 81.7626724243164 81.7177810668945 81.251106262207 80.4551162719727 78.4936904907227 78.102668762207 77.3937683105469 77.0812606811523 77.7521514892578 77.7901992797852 77.1067657470703 76.6096343994141 76.4458694458008 75.8582458496094 75.8947906494141 76.9584732055664 75.1155242919922 73.9954223632812 73.8979339599609 73.8552780151367 73.6547088623047 73.6540145874023 73.5126113891602 73.4482421875 73.4514694213867 73.2197418212891 73.1681518554688
76.332633972168 76.2845077514648 76.4278182983398 77.671142578125 77.5099639892578 77.0183486938477 76.9186553955078 77.2617645263672 77.8460159301758 78.4970169067383 79.0463333129883 79.6471862792969 79.7133560180664 79.42529296875 79.1284484863281 79.1582489013672 79.8539352416992 80.5857391357422 80.7927093505859 81.0002975463867 81.2344818115234 81.3892288208008 81.6234588623047 81.6985092163086 81.6073684692383 81.1351089477539 79.5364532470703 79.5038528442383 78.3949966430664 77.241325378418 76.6114654541016 76.5317687988281 76.6526718139648 76.3969039916992 75.6676483154297 74.7470169067383 74.5960311889648 77.0026931762695 75.9323272705078 74.0986404418945 73.5382537841797 73.4792327880859 73.3202590942383 73.211067199707 73.1101150512695 73.0544357299805 73.1137390136719 73.0096206665039 72.8365478515625
75.8379440307617 76.0465698242188 76.1705017089844 76.878173828125 77.146858215332 77.1636962890625 77.2023391723633 77.373908996582 77.9599151611328 78.500862121582 78.85791015625 79.3999252319336 79.7332916259766 80.0663604736328 80.3140869140625 80.2550201416016 80.6649017333984 81.043083190918 81.099609375 81.1818923950195 81.2454986572266 81.2871780395508 81.3860473632812 81.4398574829102 81.4931869506836 81.4609832763672 80.8936920166016 80.5998229980469 79.1728057861328 77.7421722412109 76.728157043457 76.1790161132812 76.0084838867188 76.0411987304688 75.8120269775391 74.78564453125 73.9786148071289 74.6906661987305 75.0358428955078 74.2450790405273 73.345329284668 73.1701812744141 73.0029907226562 72.9336547851562 72.890983581543 72.8211288452148 72.7461242675781 72.5762329101562 72.6876068115234
74.3760223388672 75.6007995605469 76.2841873168945 76.3357696533203 76.5564880371094 76.7517166137695 76.8984985351562 77.0198287963867 77.0175018310547 77.2688446044922 77.9005432128906 78.5952301025391 79.0600662231445 79.5073318481445 79.3482437133789 79.629753112793 80.0830993652344 80.5195388793945 80.8784255981445 80.9680709838867 80.9349212646484 81.0777282714844 81.1726150512695 81.2876663208008 81.5085372924805 81.5440673828125 81.6034393310547 80.9439849853516 79.6261367797852 78.7046661376953 77.9567108154297 76.9855728149414 76.2777404785156 75.8072891235352 75.8328018188477 75.4456787109375 74.8764419555664 74.1004180908203 74.5321502685547 75.5360488891602 74.5826034545898 73.1028594970703 72.8355102539062 72.8004989624023 72.8233108520508 72.7454071044922 72.4904174804688 72.1635208129883 72.376106262207
73.0076065063477 73.7364883422852 74.7050552368164 75.4875106811523 75.37255859375 76.1734313964844 76.5689926147461 76.4121475219727 75.9847183227539 76.3832244873047 77.2607879638672 77.901008605957 78.4795608520508 78.8113098144531 77.9343185424805 78.2457580566406 78.9155349731445 79.4143753051758 80.1170425415039 80.2550506591797 79.7865447998047 79.9692764282227 80.2889938354492 80.3962707519531 80.7376937866211 81.0663604736328 81.6919708251953 81.3633422851562 80.6448669433594 80.1883010864258 79.2503890991211 77.9427947998047 76.6402282714844 75.5498886108398 75.5397262573242 75.6016311645508 75.5676345825195 75.3353118896484 75.2644271850586 76.0934753417969 75.3738861083984 73.1623611450195 72.83642578125 72.5766448974609 72.5159225463867 72.4902496337891 72.2378540039062 72.0209045410156 71.9006423950195
70.3178405761719 71.6439514160156 73.4520568847656 74.0188903808594 73.8633880615234 73.328125 73.5548477172852 73.6323928833008 73.8055572509766 74.8923721313477 75.0342864990234 75.0162963867188 75.286247253418 75.0661315917969 75.4663467407227 75.1308975219727 75.6690673828125 76.2514801025391 76.4011535644531 76.6725769042969 76.8527145385742 77.0027694702148 77.3391189575195 77.322395324707 77.4479293823242 78.1124725341797 79.5205688476562 79.4663925170898 79.1930160522461 78.3859024047852 76.4495162963867 74.774543762207 74.4666748046875 74.7222366333008 74.9611740112305 74.8060073852539 74.4632949829102 73.8120727539062 73.8505630493164 74.3860549926758 73.9595947265625 72.932502746582 72.7311553955078 72.5535507202148 72.2933197021484 72.1152572631836 71.9924087524414 71.899528503418 71.3572769165039
69.8731689453125 70.6585311889648 72.5880126953125 75.0375442504883 75.3500442504883 74.8840484619141 74.2831115722656 73.7695083618164 73.3793334960938 73.7309722900391 73.6385040283203 73.7066268920898 74.125358581543 74.5102691650391 74.9250259399414 75.1695175170898 75.7068099975586 75.8190383911133 75.4256896972656 75.4265594482422 75.6532745361328 75.8941650390625 76.2853622436523 76.6316452026367 76.9388656616211 77.604736328125 79.1261596679688 78.9535369873047 78.7387390136719 77.8026962280273 75.6856155395508 74.4310836791992 74.1460723876953 74.2423095703125 74.5160064697266 74.1000595092773 73.3643188476562 72.895866394043 72.7086868286133 73.0560531616211 73.396240234375 72.8056030273438 72.8755035400391 72.6003570556641 71.9960708618164 71.9165802001953 71.8532028198242 71.7188262939453 71.265625
69.6325149536133 69.7405548095703 71.18994140625 73.9399032592773 74.5177459716797 74.9721755981445 74.5331192016602 73.8442459106445 73.1850433349609 72.8862228393555 72.9863891601562 73.7844467163086 74.6654663085938 75.041015625 74.7038116455078 74.5057067871094 74.7365036010742 75.0906829833984 75.1343154907227 74.9067001342773 75.212158203125 75.6282043457031 76.3473587036133 77.1321258544922 77.0801696777344 77.4306335449219 77.4144821166992 77.6650619506836 78.1401672363281 77.4736480712891 75.7989196777344 74.4986267089844 73.6059112548828 73.2963180541992 73.2962799072266 73.3241195678711 72.6975860595703 72.262580871582 72.2926483154297 72.2646255493164 72.0864486694336 72.2465057373047 72.7062454223633 72.3122177124023 71.7319793701172 71.519905090332 71.4980926513672 71.4036331176758 71.2137603759766
70.6031036376953 69.6420669555664 70.0117034912109 71.880500793457 72.7796936035156 73.9891967773438 74.3863830566406 74.3189086914062 73.5801010131836 72.8735122680664 72.9840316772461 73.5138854980469 74.1774520874023 74.310791015625 74.2088241577148 74.3359146118164 74.2156143188477 74.4801559448242 75.20556640625 75.7218627929688 76.4495086669922 76.5978775024414 76.5364532470703 76.6648025512695 76.0901107788086 75.9456176757812 75.3149032592773 75.5091934204102 75.803581237793 75.747314453125 75.6120071411133 75.2698135375977 74.7134704589844 74.0762939453125 72.8203659057617 72.6909561157227 72.4526290893555 71.77587890625 71.8089218139648 71.7677536010742 71.5322341918945 71.6921005249023 71.8872756958008 71.7815628051758 71.736213684082 71.1892547607422 71.0901031494141 71.0404663085938 70.9570922851562
72.1968688964844 70.8482208251953 69.3192520141602 70.0835647583008 71.1371688842773 72.8034744262695 74.3842391967773 75.2445602416992 74.9368438720703 73.7353134155273 73.1246948242188 73.2495040893555 73.3235168457031 73.3304977416992 74.7250747680664 74.8108139038086 73.9813690185547 73.7913131713867 74.7740478515625 75.7827835083008 76.2826156616211 75.7964630126953 74.80322265625 74.4057922363281 74.3549575805664 74.3849945068359 74.6642150878906 74.5253372192383 74.3732528686523 74.6159439086914 75.0780410766602 75.4320831298828 75.6179122924805 75.1948089599609 73.43115234375 72.2439804077148 72.0729141235352 71.4740676879883 71.3959121704102 71.2500305175781 71.1075668334961 71.2290954589844 71.2386169433594 71.1941680908203 71.3514022827148 71.0102844238281 70.916259765625 70.8356094360352 70.6720123291016
71.8838348388672 71.209342956543 69.528076171875 68.9666366577148 69.615104675293 71.3229522705078 74.1459350585938 75.7894287109375 75.7410202026367 74.6180801391602 73.5205841064453 73.3500518798828 73.0872344970703 73.3906631469727 74.1868896484375 72.8223266601562 72.1634216308594 72.6446151733398 73.9031219482422 74.6657791137695 74.4593200683594 73.5332183837891 73.1179885864258 73.2499389648438 73.6427993774414 73.8579254150391 74.0776901245117 74.1029357910156 74.3669586181641 74.7484436035156 74.838623046875 75.2479400634766 75.471565246582 74.7971801757812 73.60693359375 72.1792297363281 71.6687927246094 71.0764465332031 71.0530853271484 70.9656524658203 70.9440155029297 71.0166320800781 70.9532470703125 70.7571792602539 70.7853698730469 70.6970138549805 70.7225952148438 70.6073989868164 70.3845748901367
69.9894714355469 70.1254577636719 69.7872848510742 69.5777359008789 70.5963745117188 71.5696487426758 72.9169845581055 74.7149429321289 75.5009078979492 74.9026107788086 73.8820037841797 73.2060165405273 72.7238311767578 73.2910461425781 72.2511672973633 70.4207153320312 70.5949935913086 71.6981201171875 72.9379653930664 73.3971786499023 73.1599960327148 72.6981506347656 72.6782379150391 72.9312515258789 73.3108520507812 73.5153274536133 73.7028274536133 73.7773056030273 74.0542907714844 74.4337463378906 74.6775894165039 75.1147384643555 75.1332778930664 74.0084915161133 72.7842178344727 71.7075576782227 71.2023544311523 71.6497421264648 71.2433395385742 71.0100860595703 71.160514831543 70.961540222168 70.551383972168 70.5286102294922 70.623779296875 70.3440933227539 70.2056579589844 70.1323013305664 70.0024871826172
68.7913513183594 68.9580078125 69.2971420288086 70.6939086914062 71.357780456543 71.4461288452148 71.5708236694336 72.9579849243164 73.9532470703125 73.7704544067383 73.438835144043 72.9590377807617 72.5208282470703 73.2784957885742 71.1001815795898 69.7636871337891 70.5600051879883 71.5634384155273 72.234489440918 72.4061737060547 72.432258605957 72.3524169921875 72.2859802246094 72.8888473510742 73.2423248291016 73.093994140625 73.6824417114258 74.3867340087891 74.6479110717773 74.6185302734375 74.3450546264648 74.3021697998047 74.3448486328125 73.0422821044922 71.8378372192383 71.3836135864258 71.3102798461914 72.7931823730469 71.8521347045898 70.8506164550781 70.828498840332 70.7224426269531 70.4877700805664 70.3357391357422 70.3649063110352 69.9925918579102 69.7494659423828 69.7256164550781 69.7039947509766
68.0197067260742 67.9854965209961 68.4181137084961 70.6259078979492 70.9348220825195 69.8442535400391 69.6057510375977 70.8753890991211 72.4217834472656 72.8677215576172 72.6337051391602 72.4174957275391 72.7958831787109 73.6322860717773 70.3409652709961 69.3533020019531 69.9566421508789 70.8005828857422 71.3998641967773 71.8740463256836 71.9608993530273 71.647590637207 71.8929901123047 72.8632965087891 73.2753829956055 72.9700012207031 73.1965255737305 73.4676513671875 73.6144714355469 73.8179473876953 73.2467956542969 72.5746078491211 72.6686172485352 71.9335708618164 71.4585571289062 71.436882019043 71.4428100585938 72.2325057983398 71.4486465454102 70.6648483276367 70.440299987793 70.3745346069336 70.3318481445312 69.9853363037109 69.9621505737305 69.7455520629883 69.6127014160156 69.5144119262695 69.4739227294922
67.5333099365234 67.3638916015625 67.8003387451172 69.2956008911133 69.9284210205078 69.092155456543 68.3112030029297 68.6854629516602 70.3754501342773 71.8185806274414 72.416748046875 72.8884506225586 73.640625 73.3807525634766 69.9867248535156 68.8628082275391 68.9256439208984 69.394645690918 70.2888946533203 71.1024398803711 71.2577209472656 71.140022277832 71.7036209106445 72.5092315673828 72.8006134033203 72.7718887329102 72.9612197875977 72.1494293212891 72.0965576171875 71.8063430786133 70.8813018798828 70.3460083007812 70.4907531738281 71.0321578979492 71.3041076660156 71.1343078613281 70.8288497924805 70.8943939208984 70.6042098999023 70.3505401611328 70.1446533203125 69.9893112182617 69.8400955200195 69.7242584228516 69.6765594482422 69.5276641845703 69.5428237915039 69.4861679077148 69.3330383300781
67.1901016235352 67.0495223999023 66.9640655517578 67.9877777099609 68.2407608032227 68.2882614135742 68.5145950317383 68.1911087036133 68.1053009033203 69.3765335083008 70.7328491210938 72.7065048217773 73.3286056518555 71.5785369873047 69.2338562011719 68.5172424316406 68.5621032714844 68.7713470458984 69.6148910522461 70.5303726196289 70.7593841552734 70.8270721435547 71.5165939331055 72.1504898071289 72.2383880615234 72.4453964233398 74.0823440551758 73.1812973022461 72.5256805419922 71.0309753417969 69.8408432006836 69.4330062866211 69.5978012084961 70.3285369873047 70.6948471069336 70.4341049194336 70.0778427124023 70.29345703125 70.1292877197266 69.8796691894531 69.7850723266602 69.5979461669922 69.5735397338867 69.607795715332 69.4923629760742 69.2911071777344 69.3838043212891 69.3288192749023 69.1067199707031
66.3843994140625 66.6650314331055 66.5858383178711 67.5182113647461 67.6746063232422 67.5265045166016 67.7905502319336 67.8456268310547 67.5753784179688 67.7826919555664 68.123664855957 69.7008895874023 70.28662109375 69.0160903930664 68.2928466796875 68.4453735351562 68.3853225708008 68.7323532104492 69.7337951660156 70.1962127685547 70.1698684692383 70.4312896728516 71.1647567749023 71.8195953369141 71.8114318847656 71.8994598388672 73.9982452392578 72.5849914550781 70.9225158691406 69.7580184936523 69.4166488647461 69.0513381958008 69.0569534301758 69.42529296875 69.6791305541992 69.6498947143555 69.6320114135742 69.9660568237305 69.8643341064453 69.6397857666016 69.579833984375 69.4562911987305 69.4738922119141 69.4825057983398 69.3252716064453 69.1410827636719 69.1014099121094 68.9509429931641 68.7562789916992
65.7744293212891 65.5505065917969 66.1171951293945 67.8171997070312 67.9708251953125 67.2917098999023 66.8912811279297 67.1020965576172 66.8242492675781 66.7418746948242 66.9247436523438 67.0410537719727 67.5683135986328 68.9428329467773 70.3543090820312 69.6188125610352 69.709846496582 70.1025238037109 69.991584777832 69.3298034667969 69.0444869995117 69.5705184936523 69.9027786254883 70.3189544677734 71.0912017822266 73.0434799194336 71.5056686401367 69.3100891113281 68.5058975219727 68.5229568481445 68.5466842651367 68.5526733398438 68.8097229003906 68.9019165039062 68.7745742797852 68.7152786254883 68.9989852905273 69.0693130493164 69.1198883056641 69.1429138183594 69.4666748046875 69.532829284668 69.2263488769531 69.0024032592773 68.8671493530273 68.8245391845703 68.6231307983398 68.4690170288086 68.3945159912109
