rcp8.5models/MPI_ESM_LR/sc1gr0.30
NCOLS 261 
NROWS 433 
XLLCORNER 336357.134 
YLLCORNER 654653.479 
CELLSIZE 1000 
NODATA_value -3.4e+38 
[rows 330 to 351 of 433, columns 98 to 146 of 261]
84.5125503540039 85.0170593261719 85.2330093383789 85.4746704101562 85.6140899658203 85.7149658203125 85.6498413085938 85.3187408447266 85.0729751586914 85.1406555175781 85.3230590820312 85.3773956298828 85.2715301513672 85.3840789794922 -3.4e+38 -3.4e+38 85.8234176635742 85.749153137207 85.9554748535156 86.2021636962891 -3.4e+38 -3.4e+38 86.1849136352539 85.9307174682617 85.8596572875977 85.8433990478516 85.4816436767578 85.0600509643555 85.0064239501953 85.4022598266602 85.5215606689453 85.4230117797852 85.2666854858398 85.1910934448242 85.3535995483398 85.4131011962891 85.3102188110352 85.4576263427734 85.5844497680664 85.4151611328125 85.1677627563477 84.829833984375 84.099609375 83.4671859741211 83.4927139282227 84.0557479858398 84.2062149047852 84.1191711425781 84.9662628173828
84.0749282836914 84.6227645874023 85.1039733886719 85.4369049072266 85.4038467407227 85.5032577514648 85.5432815551758 85.3370971679688 85.1149291992188 84.9390869140625 84.8847122192383 84.9455718994141 85.0037460327148 85.083869934082 85.7071762084961 -3.4e+38 85.9541397094727 85.8419647216797 85.8563613891602 85.8835830688477 85.8682708740234 86.0454483032227 86.1371917724609 86.1064147949219 85.985595703125 85.8360214233398 85.4838790893555 85.0861511230469 84.7561111450195 84.5532913208008 84.7361831665039 85.0485000610352 84.9587860107422 85.0385589599609 85.2048187255859 85.2185745239258 85.1187896728516 85.1771774291992 85.2041854858398 85.2252426147461 85.1805953979492 84.8349609375 84.2920150756836 83.4725036621094 82.62841796875 83.0589141845703 83.7065887451172 83.6992568969727 85.0213775634766
83.7678527832031 84.0385971069336 84.5980606079102 85.2694778442383 85.2938919067383 85.2979278564453 85.4019775390625 85.3682327270508 85.1753082275391 84.7605743408203 84.585319519043 84.7860565185547 85.0509796142578 85.2728424072266 85.6806182861328 85.9470291137695 -3.4e+38 -3.4e+38 85.8621368408203 85.7494506835938 85.561882019043 85.6444702148438 85.9362106323242 86.1158294677734 86.0434188842773 85.8516464233398 85.5715866088867 85.3478469848633 84.9639511108398 84.2813568115234 84.125244140625 84.6967697143555 84.8456497192383 84.9948348999023 85.0730819702148 85.1573028564453 85.1396942138672 84.9854736328125 84.819221496582 84.68603515625 84.7507553100586 84.4472427368164 83.9274139404297 83.0546875 82.1516189575195 82.1838531494141 82.8894805908203 83.4055633544922 84.6529159545898
83.7468566894531 83.7599716186523 84.2089691162109 85.1802215576172 85.3093185424805 85.2611846923828 85.3186874389648 85.3042678833008 85.0446166992188 84.7246246337891 84.8183059692383 85.0954055786133 85.2982940673828 85.4178085327148 -3.4e+38 -3.4e+38 -3.4e+38 -3.4e+38 85.7104873657227 85.6283493041992 85.4654998779297 85.407096862793 85.5635299682617 85.7939910888672 85.9742279052734 85.8821334838867 85.5941543579102 85.4845657348633 85.2450561523438 84.7917251586914 84.439453125 84.647590637207 84.887321472168 85.0075607299805 84.9828109741211 84.9399948120117 84.9644165039062 84.8441543579102 84.5601577758789 84.1962051391602 83.8885498046875 83.6406326293945 83.3238983154297 82.7032775878906 82.2248153686523 82.0850677490234 82.5820617675781 83.5705032348633 84.2539749145508
83.8558502197266 83.8773803710938 84.1452178955078 85.1146240234375 85.209114074707 85.1651000976562 85.2603225708008 85.1785507202148 84.8418655395508 84.5199584960938 84.607536315918 84.9075317382812 85.1041793823242 85.2681655883789 85.4377899169922 85.6784057617188 -3.4e+38 -3.4e+38 85.6311721801758 85.5840454101562 85.5211563110352 85.4343795776367 85.3402404785156 85.4226608276367 85.6256332397461 85.6484069824219 85.5363311767578 85.5050354003906 85.465705871582 85.2334747314453 84.9342041015625 84.8005523681641 84.8582000732422 84.9588241577148 84.9419555664062 84.7777786254883 84.7867126464844 84.5927963256836 84.1028671264648 83.6453170776367 82.984016418457 82.5586547851562 82.7685165405273 82.6653366088867 82.3779296875 82.2206420898438 82.3669738769531 82.9115295410156 84.2022552490234
84.232292175293 84.2003555297852 84.1411514282227 84.6575775146484 84.9553375244141 85.0654144287109 85.1454620361328 84.99951171875 84.6140747070312 84.3335494995117 84.2829666137695 84.4779434204102 84.5806732177734 84.8271026611328 85.2435913085938 85.5461502075195 85.497688293457 85.3830947875977 85.4412307739258 85.4437026977539 85.451904296875 85.4448165893555 85.3390121459961 85.2861557006836 85.2796020507812 85.2939224243164 85.3642959594727 85.3836135864258 85.4834213256836 85.4559783935547 85.2431640625 84.9606170654297 84.8267517089844 84.7682189941406 84.8556900024414 84.7714614868164 84.6582107543945 84.3154067993164 83.6150665283203 82.7695922851562 82.3867416381836 82.1704635620117 82.3972854614258 82.5144577026367 82.400505065918 82.2691268920898 82.1742706298828 82.2300720214844 83.5240936279297
83.8779830932617 83.7478179931641 83.5665435791016 83.6746673583984 84.0057220458984 84.1256637573242 84.5665893554688 84.9948120117188 84.7761306762695 84.4080352783203 84.3923873901367 84.4647903442383 84.5811386108398 84.7482452392578 84.8417739868164 84.8691253662109 84.8293991088867 84.4086608886719 84.3006744384766 84.6270446777344 84.8955001831055 85.1165161132812 85.192253112793 85.0510864257812 85.0315170288086 84.8894119262695 84.7192306518555 84.8369064331055 85.0080032348633 85.2281188964844 85.2878570556641 85.1025848388672 84.9811172485352 84.6907348632812 84.4062728881836 84.2585144042969 83.9568176269531 83.12548828125 82.6402435302734 82.0141754150391 81.9225387573242 82.2018890380859 82.4117126464844 82.4807357788086 82.4187469482422 82.4435195922852 82.832893371582 83.154914855957 84.3294677734375
83.3871765136719 83.320915222168 83.3026123046875 83.4510803222656 83.4949951171875 83.6582794189453 84.2291717529297 84.7475204467773 84.7080764770508 84.3777160644531 84.2804107666016 84.3163757324219 84.4511947631836 84.5381164550781 84.3442230224609 84.2726898193359 84.3642349243164 84.1041564941406 83.9913177490234 84.3724060058594 84.7998428344727 84.9677658081055 85.0022430419922 84.9488296508789 84.9951171875 84.77490234375 84.4096221923828 84.5189361572266 84.6510238647461 84.8604583740234 84.9523315429688 84.9434509277344 84.9335403442383 84.7707061767578 84.6781616210938 84.5888671875 84.1811676025391 83.0108795166016 82.8179550170898 82.5782623291016 82.4047012329102 82.4245300292969 82.744758605957 83.2561569213867 83.2744750976562 83.1767425537109 84.0812454223633 84.6245193481445 85.2289047241211
83.1151504516602 83.1891326904297 83.2789459228516 83.3644104003906 83.2218322753906 83.4067077636719 83.8384857177734 84.3580932617188 84.6806564331055 84.6493759155273 84.5524597167969 84.33349609375 84.3888931274414 84.4937286376953 84.1553726196289 83.9790496826172 83.975341796875 83.8856811523438 83.914680480957 84.2146148681641 84.6529846191406 84.6923522949219 84.7775573730469 84.7792282104492 84.818359375 84.7235336303711 84.1041488647461 83.9608993530273 84.2259979248047 84.5806503295898 84.6587371826172 84.6948013305664 84.7136383056641 84.6220474243164 84.5850982666016 84.5230026245117 84.1914825439453 83.2457809448242 82.6465225219727 82.4607238769531 82.651741027832 82.7585525512695 83.4318695068359 84.3130722045898 84.1160888671875 84.0968933105469 85.0860900878906 85.5020446777344 86.1831588745117
83.0127868652344 83.2036666870117 83.2363586425781 83.1600799560547 83.232177734375 83.2475357055664 83.3737564086914 83.7839050292969 84.3442916870117 84.6818008422852 84.7303314208984 84.5148162841797 84.4684753417969 84.6461029052734 84.5922470092773 84.2865829467773 84.06103515625 84.0359802246094 84.0346603393555 84.0127105712891 84.1544494628906 84.2495880126953 84.4709548950195 84.6099472045898 84.6105422973633 84.5756759643555 84.0269241333008 83.5959930419922 83.734016418457 84.1328506469727 84.4327621459961 84.5226287841797 84.4694061279297 84.4580459594727 84.3981857299805 84.1452484130859 83.9961471557617 83.6861267089844 83.4014511108398 83.3153610229492 83.2266235351562 83.6277084350586 84.4482345581055 84.8162384033203 84.1570587158203 84.1020660400391 85.0609893798828 85.6009979248047 86.6662292480469
82.9113159179688 83.1895370483398 83.1710433959961 82.9457168579102 83.1817245483398 83.0788879394531 83.0978775024414 83.3019180297852 83.693229675293 84.0395202636719 84.2765960693359 84.5049591064453 84.5527496337891 84.6812515258789 84.8775634765625 84.7161636352539 84.5456848144531 84.532112121582 84.492057800293 84.3762969970703 84.1959533691406 84.2930908203125 84.5018005371094 84.5773773193359 84.3949737548828 84.31396484375 83.9994583129883 83.6377487182617 83.5897827148438 83.8916625976562 84.3918228149414 84.4742889404297 84.3797225952148 84.4212493896484 84.3611221313477 84.2303237915039 84.2398681640625 84.3593597412109 84.6211624145508 84.5208587646484 83.9154434204102 84.3861923217773 85.1259765625 84.7261047363281 83.9292144775391 84.0868301391602 84.9622039794922 85.4650802612305 86.6200561523438
82.7167587280273 82.941780090332 83.0025024414062 82.8514404296875 83.0900344848633 82.930534362793 82.8843078613281 83.0555725097656 83.2882080078125 83.4267196655273 83.6859512329102 84.1566848754883 84.3810729980469 84.4713287353516 84.7066192626953 84.7643432617188 84.7446441650391 84.8152465820312 84.8528671264648 84.807373046875 84.6900329589844 84.704231262207 84.778076171875 84.7107696533203 84.3945007324219 84.1868057250977 83.983528137207 84.1202087402344 84.172737121582 84.1136703491211 84.4384918212891 84.7078628540039 84.7336502075195 84.6861953735352 84.7119216918945 84.8116149902344 84.937385559082 85.2514114379883 85.277229309082 84.8989105224609 84.5706024169922 85.019287109375 85.2932968139648 84.5191268920898 84.2491836547852 84.9479064941406 85.5072937011719 85.9718475341797 86.4220809936523
82.5287475585938 82.7149887084961 82.9645690917969 82.7587814331055 83.0880279541016 82.8684387207031 82.7538757324219 82.8811264038086 83.0145874023438 83.1518402099609 83.341194152832 83.711181640625 84.0587463378906 84.1929397583008 84.5766143798828 84.658447265625 84.5954742431641 84.747688293457 84.8854370117188 84.8846817016602 84.8667526245117 84.823860168457 84.8354187011719 84.8305358886719 84.6246109008789 84.4218902587891 84.3778076171875 84.7979965209961 84.8107986450195 84.6265563964844 84.7675552368164 85.0827941894531 85.1759796142578 85.0266723632812 85.0660247802734 85.2156219482422 85.3977584838867 85.6831436157227 85.6926193237305 85.3568420410156 85.3294067382812 85.6442565917969 85.3995819091797 85.0192260742188 85.2463836669922 85.6268310546875 85.8669967651367 86.1172180175781 85.5001220703125
82.332878112793 82.4028701782227 82.729850769043 82.694221496582 82.9564743041992 82.8141937255859 82.6858215332031 82.7766799926758 82.9309310913086 83.1072463989258 83.1845169067383 83.3546295166016 83.7029113769531 83.9572677612305 84.3687515258789 84.5160293579102 84.5068435668945 84.602409362793 84.647331237793 84.7145690917969 84.7229614257812 84.6146697998047 84.6459655761719 84.7336349487305 84.8318405151367 84.8167572021484 84.8613357543945 85.033561706543 85.0602340698242 85.0600433349609 85.1809768676758 85.2626876831055 85.2936859130859 85.1761856079102 85.0918121337891 85.0888214111328 85.1706390380859 85.6164169311523 85.7289199829102 85.6157913208008 85.6322784423828 85.7392349243164 85.6231918334961 85.6494216918945 85.845344543457 85.8113250732422 85.7960357666016 85.5987396240234 84.5131225585938
82.2299957275391 82.1952743530273 82.34130859375 82.6427230834961 82.6515121459961 82.6716766357422 82.5934906005859 82.6551361083984 82.8068313598633 82.9825210571289 83.0082092285156 83.0016784667969 83.2551727294922 83.4978713989258 83.8545684814453 84.1301040649414 84.3410949707031 84.4384078979492 84.4711685180664 84.595458984375 84.5929489135742 84.5575866699219 84.4998245239258 84.4512329101562 84.6364440917969 84.7366561889648 85.0370254516602 85.0703048706055 85.078857421875 85.0210037231445 85.0225830078125 85.0225296020508 85.0441131591797 85.0669860839844 85.2310028076172 85.132926940918 85.0241470336914 85.0986633300781 85.3663024902344 85.3294677734375 85.2947387695312 85.4062957763672 85.4468765258789 85.4124526977539 85.4450759887695 85.4380493164062 85.2231674194336 84.6574783325195 83.9189147949219
82.1554870605469 82.0935897827148 82.1985168457031 82.6149139404297 82.4515991210938 82.3986587524414 82.4176254272461 82.4377593994141 82.5539093017578 82.5979614257812 82.5903778076172 82.6197967529297 82.7513122558594 82.8336181640625 83.1731796264648 83.6482391357422 83.9824905395508 84.1181793212891 84.2720565795898 84.3327407836914 84.4710464477539 84.5971908569336 84.4874267578125 84.394645690918 84.3070831298828 84.1930236816406 84.4788970947266 84.4767684936523 84.527229309082 84.579833984375 84.4222869873047 84.2251281738281 84.3352737426758 84.5302734375 84.9463043212891 85.1951599121094 85.1590728759766 85.0241165161133 85.1408920288086 84.8521194458008 84.6879577636719 84.9221572875977 84.8158950805664 84.6287307739258 84.6626052856445 84.5920715332031 84.3352203369141 83.7683181762695 82.9113311767578
82.1634521484375 81.9895782470703 82.1265029907227 82.581413269043 82.4954452514648 82.3759002685547 82.3102340698242 82.3129043579102 82.318977355957 82.2072143554688 82.1030349731445 82.1694869995117 82.293571472168 82.2917098999023 82.4186477661133 82.8505554199219 83.1513366699219 83.2737655639648 83.5546188354492 83.7727966308594 83.9977722167969 84.2522583007812 84.4418029785156 84.380485534668 84.0440444946289 83.8078231811523 83.7957153320312 83.8037109375 83.8607788085938 83.9384994506836 83.8292770385742 83.7924652099609 84.076789855957 84.0947494506836 83.9965209960938 84.3532485961914 84.4481201171875 84.7140350341797 84.6005401611328 84.1296920776367 -3.4e+38 84.3857650756836 84.3304290771484 84.2386703491211 84.202033996582 83.7863922119141 83.2947082519531 82.967041015625 82.9287033081055
82.2334976196289 82.0958633422852 82.1721496582031 82.3768692016602 82.3732376098633 82.3944473266602 82.2806015014648 82.2200546264648 82.172119140625 82.0600967407227 81.9480972290039 81.9686584472656 82.005241394043 82.0528564453125 81.9431304931641 82.0821533203125 82.3763961791992 82.6306686401367 82.9704360961914 83.2955551147461 83.5380477905273 83.9101867675781 84.1975860595703 84.1699295043945 83.8372268676758 83.5376815795898 83.3628692626953 83.5035018920898 83.4895553588867 83.4160614013672 83.485466003418 83.7314758300781 84.1488571166992 84.1746826171875 83.815559387207 83.7894058227539 83.7232208251953 83.6969604492188 83.5437774658203 83.4541549682617 83.7634201049805 83.8932342529297 83.8186874389648 83.8594131469727 84.086067199707 83.5647277832031 83.0193710327148 83.1658172607422 83.4840698242188
81.9946212768555 82.0845108032227 81.8332824707031 81.4871978759766 81.5802993774414 81.7859420776367 81.8394546508789 81.6934509277344 81.6994857788086 81.679931640625 81.5600280761719 81.6840667724609 82.0358581542969 82.2754364013672 81.9965057373047 81.8794174194336 82.0631256103516 82.0722351074219 82.0443344116211 82.4376373291016 83.1693267822266 83.5619735717773 83.8917694091797 83.9276657104492 83.923828125 83.8664855957031 83.744140625 83.5337066650391 83.4009094238281 83.240364074707 83.0977020263672 83.1658325195312 83.2401962280273 83.3251571655273 83.4609146118164 83.5804061889648 83.5637588500977 83.2099838256836 83.2192077636719 82.9676055908203 -3.4e+38 -3.4e+38 82.782600402832 82.7155990600586 82.9178771972656 83.1757125854492 83.0440521240234 82.7347259521484 83.3329772949219
81.7382736206055 81.7058639526367 81.6340026855469 81.3775863647461 81.5666656494141 81.7007064819336 81.5853500366211 81.4456939697266 81.5119781494141 81.4702377319336 81.2860946655273 81.4041137695312 81.8457183837891 82.0909118652344 82.0385437011719 82.0968551635742 82.2129898071289 82.2683410644531 82.4228744506836 82.7001342773438 83.1014785766602 83.3076858520508 83.5710144042969 83.7860412597656 83.8512649536133 83.8833694458008 84.0494766235352 83.8732833862305 83.4813003540039 83.1784439086914 83.0246124267578 82.8341598510742 82.8285140991211 82.9533309936523 83.1302490234375 83.2098999023438 83.4468154907227 83.1002807617188 83.2391662597656 83.330924987793 83.0196685791016 -3.4e+38 82.4132766723633 82.300651550293 82.3306732177734 82.4028854370117 82.2512359619141 81.669319152832 82.2561264038086
81.5334167480469 81.3154754638672 81.253662109375 81.512092590332 81.5406494140625 81.504264831543 81.318962097168 81.3042449951172 81.3127288818359 81.2831726074219 81.1835250854492 81.1528854370117 81.3619766235352 81.6095428466797 82.3638381958008 82.5279998779297 82.420768737793 82.6707077026367 83.0837326049805 83.3134841918945 83.3599090576172 83.4030685424805 83.5375442504883 83.7529983520508 83.7990951538086 83.6985092163086 83.8552017211914 83.8770523071289 83.5686798095703 83.0155029296875 82.7975387573242 82.5763092041016 82.5278167724609 82.7104797363281 82.9421081542969 82.9907989501953 83.227165222168 83.0623245239258 83.2336578369141 83.3064346313477 83.0259552001953 82.6267242431641 -3.4e+38 82.149055480957 82.3550643920898 82.5843353271484 82.4160842895508 81.6197891235352 80.601188659668
81.4231338500977 81.3048248291016 81.2518539428711 81.3208389282227 81.3161163330078 81.135627746582 81.0380096435547 81.1081924438477 81.0643692016602 80.996337890625 80.9949188232422 80.9236602783203 80.9350357055664 81.0166015625 81.9498748779297 82.3603057861328 82.4332504272461 82.6455917358398 82.8723907470703 83.0231552124023 83.28759765625 83.4134063720703 83.4722061157227 83.5842895507812 83.5651168823242 83.4604415893555 83.7330017089844 83.7154998779297 83.4640045166016 82.8875579833984 82.5809860229492 82.646125793457 82.6128768920898 82.5858840942383 82.6748046875 82.7509841918945 82.8763275146484 82.8391418457031 83.1739730834961 83.066650390625 82.869987487793 82.7807083129883 -3.4e+38 -3.4e+38 -3.4e+38 83.056266784668 82.7105560302734 81.9280319213867 80.5465240478516
