rcp8.5models/MPI_ESM_LR/sc1gr10.0
NCOLS 261 
NROWS 433 
XLLCORNER 336357.134 
YLLCORNER 654653.479 
CELLSIZE 1000 
NODATA_value -9999 
[rows 264 to 285 of 433, columns 150 to 199 of 261]
761.676634095204 763.956701516503 741.876277367421 795.144561156172 801.053294712766 810.190037561757 816.879234148235 824.141973519545 837.854418450917 845.548192045858 834.638648227692 823.927010108517 870.304541388458 860.596336337276 831.066934227941 823.507641545483 793.019160269615 815.394100454356 836.972040708016 831.320708563475 -9999 -9999 -9999 867.591521256284 836.289622031754 878.762420277511 945.404649653255 892.315371530376 854.21111839396 857.51076135533 863.540170778286 867.519907099964 870.870473615877 873.311059160842 876.113218059473 881.317843452461 885.976541086798 889.303811064468 892.708684518333 896.633921183791 899.755325491974 902.843476332545 911.51543700761 917.438575318597 922.631115088006 927.15423226284 932.124147099932 935.504445263815 938.848312768131 943.401989966378
795.375054420131 823.092614269673 791.357269022481 761.335929418295 798.686198892297 808.734068085831 817.753178919493 824.98380639739 837.751815161953 845.084665829179 835.296592022981 827.078856668551 870.375825039662 842.352625250712 811.743031570026 875.296928498376 830.263266797283 815.222659877335 858.590316026949 850.611013555785 815.542034695983 -9999 920.856295865456 888.88310415432 894.866342647401 898.173971853931 899.603234472811 906.0751764214 893.863668695979 854.520906433869 860.668289828504 864.357132601584 867.507121586593 870.094285354833 873.364812411931 878.38145344467 882.235478919614 886.119320143758 889.18039031181 892.534608126422 895.805080873006 899.47783586793 907.531845945972 913.580384546625 918.61109466222 923.026617268361 927.285524768505 931.58389546546 936.111947098812 939.100252293211
864.420043907535 868.117927514852 829.53517159386 816.108300682705 798.976659839359 802.443229204906 813.568932952997 822.718127966469 835.852523468979 842.373286534301 850.518772057067 859.357673323513 867.207117630199 873.52030019995 862.385434905271 849.584372681022 894.370545994264 901.554642216983 908.808584659748 807.26042901326 811.817917661888 -9999 893.401649884968 941.21084789774 908.526783241831 853.351693995745 879.294495612093 840.433593517415 844.701958393976 847.644181840454 853.504098315113 856.666200698877 860.331337824134 864.298913002842 867.517978341355 869.59445742381 870.84105443175 876.313742788975 882.343784703659 886.61066413043 890.476967692864 893.657279086118 900.381482336153 905.370381165569 910.769648443503 914.57255319093 917.259217059753 921.03947304507 925.144796269757 927.887330550897
880.720984531327 899.094065938587 861.885875235004 822.063408055034 785.821907362072 803.177081786339 808.508736530721 819.580904057397 834.754836068374 841.927381916757 849.862075818103 857.70172150316 865.593691147119 873.228588223478 844.789210116408 793.938856625087 836.157917613033 861.548095241281 907.572044978327 804.88130342377 809.736999354883 812.289048747516 -9999 938.788393049776 925.313484380203 910.353208092057 934.778726784153 900.434791606401 904.3963487157 887.465446314009 850.411875765738 853.431385331221 856.488052704822 860.529178841289 863.315535705678 865.060188881496 866.103544721651 871.893051474896 877.82726305662 882.53248301574 886.87011432762 890.239018213743 896.925867884949 901.910929562787 907.591797566552 910.792246131313 912.298487610522 915.021716223673 919.263066719274 922.491166972682
879.82380385263 902.227895890542 875.340728480549 852.057109350921 798.781011871246 794.233512486048 806.310048669725 814.971043542789 834.58868255248 841.752661482432 -9999 856.647168234469 864.992773837011 872.460156447194 842.565853262377 794.879627429525 821.121721732416 805.479389882531 847.400217105688 802.127714785384 806.547487355877 809.924395791731 -9999 915.527388121193 878.348641261618 882.547904087895 906.818393856572 934.074926032123 894.616380135823 879.889962299379 846.874574392628 849.645287899904 852.765168333257 856.740715741337 859.251361479628 861.89203437586 865.342440270179 869.770922004477 874.030325558523 878.003225887605 881.404806674921 885.233564149193 893.304730393061 897.879558784314 902.806220397073 906.365922715445 908.031535788383 911.459790520251 915.935621206298 919.323158895754
863.157815177593 862.188912972201 852.593039741213 856.180288603668 841.424761316846 790.017679046628 765.025988575997 810.265124205366 834.253185594185 840.793976156373 847.973943748265 856.129885837039 845.419471142543 833.456325713196 860.53202332517 849.443671597204 854.645406401271 785.92763686418 810.240572054734 799.107055910659 803.11853636681 807.02400949442 847.909634395119 894.180365437645 818.0790544043 841.623973624796 907.645873345914 911.53627363992 832.276993916842 836.066801742534 841.897359183122 845.344746989093 848.794099265355 852.553392742197 855.488515090629 858.613757511364 862.764206632534 866.40291739223 869.73699917595 873.294363640236 876.684021525338 880.655384557782 888.581913672102 893.301685560207 897.555918376276 901.327217207457 904.171374498115 909.009117294149 912.723870275014 915.188257709884
837.830114826265 814.521075588302 788.060463334454 787.367104516785 819.124831274834 797.369401517374 722.630493380281 763.865279100797 833.503406349811 840.78798237756 847.850864454964 855.256771746548 845.670511547271 835.829536931062 878.983900590755 884.200046090918 853.37016537164 783.067468343694 805.479967798266 796.070433831287 799.746872545865 803.537201543935 844.709568168555 911.279753706325 876.876299239567 878.856691562702 899.758914299943 907.658622284749 848.706281770153 876.108263958833 837.461924208115 840.776131333982 844.275034211701 847.762876348969 851.165056793754 853.999629623653 856.673834757202 861.242951258688 865.229050961019 868.682585660841 872.126618183101 876.03674559584 883.974604564575 888.883144443696 892.673531647115 895.635427835327 899.356549867505 904.387625133732 907.779562533395 909.987018469932
809.482318369609 782.710669724254 722.482130257365 724.920210561089 770.685007954404 733.063260524901 717.239450724966 767.625683132368 832.705031324108 840.101968560651 847.16953485291 -9999 861.539740154543 868.096270871196 855.393317555634 824.089463003708 811.793402906155 779.719312993795 784.024506002583 853.370082291524 837.201942441701 799.918059535791 821.079478530993 863.773745418782 867.406820751898 852.686418502357 835.290047701939 859.615427384759 862.967591738343 912.340659202881 832.468184169233 835.572366652073 839.535240205287 842.901191989719 846.415159909693 849.180361453782 851.704391002897 856.469060118736 860.580141788764 863.75585375622 867.114985810295 871.181579003839 879.156004325635 883.712895025157 887.329698344655 889.929729817441 894.163683366139 898.923117183937 903.142763362464 905.539827333964
759.828439741135 740.586963141265 684.552421726199 679.425716082992 723.731709976575 706.25431431241 712.808624723835 807.719336014511 830.725509799447 838.105314287162 845.520995675608 852.963460297803 860.053658436027 865.530954116486 853.205685093932 826.14857847853 811.911280135655 776.108528852346 780.261788999906 863.55261692111 870.880731681376 795.622450670018 798.762734820609 822.596512674171 848.0892791767 808.594604410396 812.003516125645 815.108824163786 837.282769193437 862.291191074814 827.095682070049 829.968149523986 833.723137289063 837.029896435016 840.381309872972 843.600412842824 846.763223994691 850.711300713634 854.571360087743 857.809222182617 861.564085000674 865.691054106692 873.56641309201 877.584491900126 881.034550630071 884.883503935649 889.300343835729 893.971891910204 898.460259998763 900.285279363974
700.316351653097 691.39581788809 666.02817394224 646.988248818448 692.113260222306 754.386277218949 752.930205409713 808.203599204051 828.141805703578 836.662481513632 844.401164269769 851.735996935507 858.694090044902 864.725396487431 -9999 -9999 -9999 -9999 816.947647535872 821.906661939187 867.505828306411 791.334363739122 794.920293803456 816.61614616565 840.105874017336 803.838255000667 807.113009278228 810.196998720577 813.530081399162 816.300426226615 821.835181700138 824.065571273489 827.265423619336 830.984910645784 834.179232675051 838.017224302884 841.562846969823 844.812814743735 847.218650995273 847.579168473109 851.318999040009 859.242577226359 867.885693766837 871.910084170634 875.310468346245 880.018030723359 884.731628907624 888.578274587536 891.518259627204 894.702938898621
707.621375051508 666.759696075026 673.300912980422 670.34912995607 698.327395010507 770.75656844368 793.560284096476 807.831386834332 826.314468795646 834.986283507104 843.077693597731 850.744637867674 857.633042759384 864.064626333062 870.35497399523 875.484833583483 860.131943080942 844.117150792165 851.372570614383 860.19155409442 864.063747685039 787.111687644594 790.971822394402 793.838349471271 796.683429094748 820.207013303195 847.103526012332 805.187051379468 808.538488101851 811.379106985175 815.61790604479 817.480195933588 821.250400607672 824.959953980606 828.194715987014 831.846588795089 835.262583695809 838.743475665291 839.403395142979 838.13091701125 843.412201518367 851.931514534829 862.075252845298 866.68936705368 870.449995156806 874.512816728855 878.991636102721 881.898100785513 884.968616732221 890.722907831473
726.953598927615 699.638397648123 684.6661727317 703.938612065818 702.786752658299 766.37766831335 789.945263708421 804.267576237208 824.328182656861 833.318253404473 842.061376663776 849.325055952975 855.979984491533 862.440227398524 868.48669436365 873.109861982916 859.619104112136 845.067027521515 868.760407984687 853.271859938082 860.411267588503 782.497410713244 785.712054607847 788.731554857125 812.748593965389 857.8937969956 838.000563600164 799.529866257593 802.512056552792 805.202001618051 809.709779896801 811.477503296811 814.953914838916 818.996569225415 822.423355978729 825.509691944623 828.57445256765 832.615972831889 833.56228354218 833.604052191955 838.983856944988 845.892099130587 855.89667715539 860.343232686027 864.542722646081 868.41134099735 872.114780663346 874.693212185858 879.574870608863 885.765016840536
728.069045194072 757.506823676156 712.857612081133 728.223678307907 688.639676239361 716.596625675287 752.605570350867 744.596636743539 788.086728161299 773.464291288929 840.127301284158 848.048607412444 854.380310128129 859.712384192535 864.939358271408 869.7596569078 874.787654601711 879.629714662908 883.890177267888 832.574617643261 814.101885020565 777.910006145348 780.294819874299 783.285927210223 805.284442497769 850.666487955162 857.594123256408 839.435765455504 817.875443886924 867.06219923209 803.962572640331 803.56416238864 803.927523379319 811.732367456967 816.497757264572 819.111257244798 822.073978433935 826.414787015525 829.209262351248 829.921697940979 832.241735726756 840.118951443261 848.980468317072 853.432331056056 858.275616601067 862.427876451245 865.91817547011 868.805845570996 873.814108000068 878.594705970565
710.372661614216 748.353426967753 747.826289587171 747.378553096285 693.580535255066 667.03744965387 685.768828630316 687.865041611944 752.885918806885 715.880752232143 834.987523621961 845.901342289569 852.201295203556 856.901464131745 860.914051431542 845.92744437009 -9999 875.5045934395 880.074369864885 826.173474341778 812.726109688446 772.608400321526 774.993688805045 777.566703727034 801.259733781365 868.626701967329 892.161611651971 830.121775642827 810.563615343558 877.038762015894 797.476411656458 796.55943406522 797.751780250545 804.197882395628 807.226112890868 811.317535592289 814.865750426904 819.500769940354 823.043669947814 824.962400318724 825.862048787917 830.107579793997 841.659751359561 846.581184757751 851.848157895023 855.603492668196 859.826637207729 863.79269887582 868.270556546955 872.274087994114
721.089986584798 740.852270567807 751.169651839652 756.57418528474 743.751930437918 738.274643240403 747.27300913542 715.131785878896 705.97393343345 751.824009136649 825.410121362239 835.868236059127 842.379915794898 847.991025266146 852.713421152681 857.212106833845 861.342540815162 865.434379062449 869.882007944852 859.614111771001 823.376916361954 805.220085008008 763.665156600071 765.602072010827 766.710824083378 810.34821028963 881.039249250565 817.05899719175 776.555251339497 779.125046686422 783.088279395367 782.906310852648 788.503282095603 789.497072812501 789.260938242405 794.560462947839 799.478047716622 804.412132232547 808.160468578401 811.250795792517 812.737765558776 809.65380380849 824.110801162831 823.606247274422 836.13972342391 842.650697757723 847.141401306943 852.218392321848 856.649049250166 861.31743199222
682.667645875138 695.608687829845 708.054128645988 729.781856706517 727.539656472764 721.49888896615 716.368671617519 701.196402839816 664.308866396349 760.509632602777 820.911617152375 829.939910012769 835.945494083876 841.576205312195 846.437225937464 851.364236932308 856.239184895197 -9999 844.221936185496 830.243959266006 877.713412168513 861.658525866214 802.757612806835 759.629932576689 760.84523598091 803.838698427717 876.249845393122 813.921511964727 767.01672373581 768.912140499327 776.728055157231 775.90119306618 780.252306315326 782.339824918228 782.6842193104 783.422227883834 788.154670948433 796.641967897104 800.43244823895 802.96536695932 805.15493956066 802.154247829542 822.540384272333 819.549422740764 829.075841980251 835.838324361881 838.894867459544 841.602657637146 849.79834403897 854.458111785926
625.832811029175 655.210008289185 687.270466004318 710.189421220846 707.830602848012 719.473559159388 708.191897919872 714.061507672014 686.340471689511 799.371707495844 815.415513053145 824.019925158389 829.520558454097 834.864671271617 840.596816259715 846.437392045962 851.239886077754 -9999 841.000372302317 784.108748978877 872.444468669303 875.678789362101 838.070119067264 752.917101349768 754.098957431493 774.597140096738 820.072212332356 801.808101973036 758.530632272384 760.973924207562 820.192530902254 769.535128700365 769.147744255698 772.259394062337 773.930229810741 775.893390716372 780.485807207907 789.024776163046 792.63322397749 794.789780163291 797.65243372381 796.636315693555 806.341617769849 812.723163088305 820.633810437781 828.186409506106 831.389273029433 834.963540179097 843.395720370778 847.615189792914
643.563492993964 631.98806226352 674.798715476704 692.083708032117 680.106573752053 731.231784625025 727.186037775043 742.463899296919 703.250296556534 740.775850968823 808.838744145275 818.325792575366 824.009329105466 829.269786294726 835.017469182041 840.728781036285 845.752269482107 850.685993559956 854.908460809266 778.081000889232 845.766558095752 825.332493832895 853.819134439773 792.269161395498 746.830948546932 747.041629285524 771.325026257847 798.492339837045 751.567798727007 754.477253011403 808.314855916508 763.182393858559 761.494565422791 764.09643206367 767.537843230786 772.232072154813 776.220764294941 780.983636363722 784.309101902008 786.812962685883 788.595964061358 787.29393663278 791.075478621671 802.353255098105 812.421118742603 820.256344317282 824.016893522065 829.863766933921 833.510070008038 834.801297496569
672.020413765022 623.389801369401 674.690444219307 659.47881125245 647.01387416649 717.140543280182 715.890184228003 718.239759068295 668.61123052706 662.804945736308 749.992769023178 811.970924414435 818.902661701798 823.924239456847 828.709561838553 833.780640691018 818.796590321818 801.412332266643 849.234169395715 816.64289179651 817.60001731899 751.138953859847 799.67526055535 782.735241960378 761.728625873933 809.909719636991 834.410092072076 837.149279963691 743.90194069771 747.067590400972 754.193472660664 756.961032412644 756.433711304272 756.583779617394 759.620225496664 764.566800905939 766.823749135674 770.860230330897 775.148895710004 778.529647863332 778.231963727931 776.27403146362 782.003728174634 794.241773611365 806.13094695705 812.530752405043 815.606056960624 817.503608611659 817.538028166265 820.015536310444
668.130896827107 636.681335130417 671.833887553552 642.33113921987 664.939603650427 688.026420583235 696.150066886567 679.663223301791 626.838944538212 650.640576740858 735.711554828074 805.084107601791 812.835460760687 817.426203091584 822.213320936091 827.202076565247 814.001870437123 -9999 -9999 830.585455133657 788.089190291132 792.252134299026 776.764376371403 755.671476485115 801.895169746466 799.506387137851 824.604554372875 830.375131006297 736.212175492526 739.015347754209 745.719264413123 748.659257341656 746.276885017007 743.656181118912 751.504904826345 755.299753184146 757.010686247059 760.372736867585 765.514063715757 770.564934711748 768.307954795367 765.101369367984 774.935903536123 782.526813105714 794.074724315258 805.024133457066 806.236705451567 801.736951344155 804.285007506987 810.692023179644
623.789001774018 633.238214685519 636.936021971105 604.066609026623 639.651512664278 673.61564623565 686.140757971479 643.302547559803 656.758921242912 680.761535403555 718.497321761018 798.422930655001 806.680921539531 810.931571089214 815.948892107496 820.464364263484 825.632430664466 813.570479591215 774.660166055948 780.689270773334 807.521354024072 853.570069561026 836.46853917177 794.310010023907 -9999 799.484863034536 798.693295580603 796.478230562878 778.444470496336 730.058776424113 736.174840551824 739.704496145239 735.81581438439 728.676840102527 740.59223576134 745.613581264667 746.698381081829 749.716267134026 756.597189852942 762.642928233482 759.893526397436 755.498692235631 766.899724149117 769.376386738028 781.256665731264 794.962336069129 794.049740185063 790.161516614651 796.864104513351 803.598000925039
580.03715255825 621.846526439315 631.751536201204 630.453899758271 630.738278907744 658.105298976995 666.763316091213 614.793342651719 656.978698122343 692.784964658794 661.919467682882 784.321269304414 800.92096987872 805.273210754263 809.681761852577 815.149903203906 820.719746298559 827.768357572658 812.602373030619 -9999 844.3391585576 847.665208216027 850.434028448118 810.174603140085 763.385365353398 -9999 839.478198993316 790.348709252028 762.130184620315 720.211643249124 724.556637721186 730.158443721173 729.99742266028 722.554531560135 728.339580457223 735.37056012608 733.87166577213 735.602063468958 745.683469012575 752.051254595692 752.282654672825 752.069582885407 758.768592565438 760.663872594016 770.870936147494 783.334117212535 779.983993589677 782.980036764995 789.380257454932 796.804134656065
