rcp8.5models/MPI_ESM_LR/sc1gr10.3
NCOLS 261 
NROWS 433 
XLLCORNER 336357.134 
YLLCORNER 654653.479 
CELLSIZE 1000 
NODATA_value -9999 
[rows 0 to 21 of 433, columns 50 to 99 of 261]
-9999 -9999 -9999 -9999 -9999 -9999 -9999 -9999 -9999 -9999 -9999 -9999 -9999 -9999 -9999 -9999 -9999 -9999 -9999 -9999 -9999 -9999 -9999 -9999 -9999 -9999 -9999 -9999 -9999 -9999 -9999 -9999 -9999 -9999 -9999 -9999 -9999 -9999 -9999 -9999 -9999 -9999 -9999 -9999 -9999 -9999 -9999 -9999 -9999 -9999
-9999 -9999 -9999 -9999 -9999 -9999 -9999 -9999 -9999 -9999 -9999 -9999 -9999 -9999 -9999 -9999 -9999 -9999 -9999 -9999 93.8414916992188 94.2238270854137 94.7316836826484 95.3788372675123 95.9326509096744 96.4493371937183 97.0867279383975 97.6403514600243 98.6103484322707 99.1798348608003 99.7145730089781 -9999 -9999 -9999 -9999 -9999 -9999 -9999 -9999 -9999 -9999 -9999 -9999 -9999 -9999 -9999 -9999 -9999 -9999 -9999
-9999 -9999 -9999 -9999 -9999 -9999 -9999 -9999 -9999 -9999 -9999 -9999 -9999 -9999 -9999 -9999 -9999 -9999 -9999 93.121007755174 93.6437851208942 94.2564025672761 94.7963262673445 95.3448166559928 95.9701574407069 96.5159352192368 97.173452693485 97.5940229475832 98.6841782194619 99.2489185086621 99.7845393568655 100.484700179991 -9999 -9999 -9999 -9999 -9999 -9999 -9999 -9999 -9999 -9999 -9999 -9999 -9999 -9999 -9999 -9999 -9999 -9999
-9999 -9999 84.1498413085938 84.3133961418634 84.7046097169198 85.0287448748081 85.7499174398376 86.2821753481584 86.6561218428652 87.0692116676148 -9999 -9999 88.5427759231317 89.2604833272459 89.8657270929627 90.3556765161792 90.9814337979538 91.929380455523 92.5101506462785 93.1511833002063 93.6888933955279 94.3319936652868 94.8839259877015 95.3975601833916 96.0499857570288 96.6071211074203 97.1672468268598 97.6082581386865 98.6815116444889 99.3228767845226 99.8822409906781 100.462928061938 -9999 -9999 -9999 -9999 -9999 -9999 -9999 -9999 -9999 -9999 -9999 -9999 -9999 -9999 -9999 -9999 -9999 -9999
137.561853626852 83.6594940078308 84.0397054043788 84.3599946670597 84.7528862958092 85.0773177361921 85.8004259384707 86.2336859108452 86.7893816244972 87.4015044908388 87.9257131910445 88.4373253119857 88.7750426055873 89.3685593404789 89.9241692680982 90.4151839263721 90.9421196921845 92.0844572166316 92.5861663580752 93.2247429484871 93.7747059167675 94.3201346169283 94.9427784380325 95.4870372841117 96.0422343690962 96.6724195522807 97.083702067025 97.6572529802852 98.7389912788103 99.4111379122009 99.9803128192888 100.77284756556 101.425336480575 -9999 -9999 -9999 -9999 -9999 -9999 -9999 -9999 -9999 -9999 -9999 -9999 -9999 -9999 -9999 -9999 -9999
172.911523452109 126.154172319072 83.9402759709465 84.2665840928765 84.6629362713679 84.9894147542073 85.8649996817575 86.4941589047602 87.1007225853195 87.5062523792036 88.0513842651513 88.5771326904702 89.0256589980133 89.4076836164151 89.9633536279449 90.4936695992052 90.9892275361799 92.1333443566454 -9999 93.21117376095 -9999 94.3723046502486 94.9228275874043 95.5492779023244 96.0969074523482 96.754992313811 97.1234636957982 97.6406687979867 99.1407658687482 99.8131312849539 100.382510608295 101.027847593961 101.523365813816 -9999 -9999 -9999 -9999 -9999 -9999 -9999 -9999 -9999 -9999 -9999 -9999 -9999 -9999 -9999 -9999 -9999
182.468316682217 136.631283782255 83.9593873224641 84.2860871380742 84.6842488469671 85.0111366714036 86.1226083777081 86.6343407375134 87.1916898576146 87.562809147759 88.0116213730455 88.5108602194925 89.0996473000249 89.590541805873 89.9758328618187 90.437363515484 91.0347203098154 92.1065712370358 -9999 -9999 -9999 -9999 94.9765888953072 -9999 96.0143102942559 96.5759096899782 97.4045056469055 98.0058644455469 99.3595045250183 99.9376469378095 100.58526768694 101.151172513768 101.626018173156 102.189070136121 -9999 -9999 -9999 -9999 -9999 -9999 -9999 -9999 -9999 -9999 -9999 -9999 -9999 -9999 -9999 -9999
103.401234931307 94.4705192171991 84.0749129582915 84.4580590194448 84.7013531021516 85.3629466250519 86.3472968187967 86.7051275831509 87.1503089455151 87.6123082504147 88.062684693163 88.5424048688205 89.0644504506755 89.6693671644661 90.0363343564407 90.4730470121565 91.0058833458953 92.1566951535343 -9999 -9999 -9999 -9999 -9999 -9999 96.326963640476 96.8772163662752 97.6338151231086 98.2215589924407 -9999 99.999921288503 100.679123485675 101.254217479748 101.878554679253 102.295116583206 -9999 -9999 -9999 -9999 -9999 -9999 -9999 -9999 -9999 -9999 -9999 -9999 -9999 -9999 -9999 -9999
83.424586765108 83.7198921219809 83.9982668143279 84.3999285456205 84.9254808360578 85.3995739861952 86.3006429084114 86.6317343410423 87.1500467133349 87.6787057090716 88.0397531255563 88.4796536536774 89.0720977479686 89.6368456500625 90.1062622549786 90.5630001139233 91.0548827618432 -9999 92.7502402356747 93.3946011402041 94.1932227757804 94.8168918427242 95.443959062651 95.8953870191139 -9999 97.0896931366672 97.7537077973492 98.3192430422448 -9999 -9999 100.781572095851 101.357701286233 102.044725333723 102.411028928518 103.092548337716 -9999 -9999 -9999 -9999 -9999 -9999 -9999 -9999 -9999 -9999 -9999 -9999 -9999 -9999 -9999
83.3808684405827 83.7014163509579 84.2402298872018 84.7529695829841 85.0444807861884 85.4050065984647 86.2851952953051 86.6605174145381 87.1110665887813 87.6128582351816 88.0441781217608 88.5130561937456 89.0394441068096 89.6476770289993 90.1835952895435 90.5488514469926 91.1039807056687 -9999 93.1545065939756 93.7022916357366 -9999 -9999 95.6413822896932 96.1512179632935 -9999 -9999 97.7550241060608 98.3952419612687 -9999 100.203199687068 100.884461168809 101.461644993499 102.149654388695 102.516101875147 103.078683630117 104.147067472786 -9999 -9999 -9999 -9999 -9999 -9999 -9999 -9999 -9999 -9999 -9999 -9999 -9999 -9999
83.9348119988261 84.1978385243459 84.5000991247469 84.7384114274932 84.9727945649139 85.3891045816604 86.1462660556067 86.6999971488158 87.0965592763102 87.5710073592809 88.1394992428311 88.5355601479501 89.2580682073504 89.9558747131104 90.6044603679213 91.2476352684229 91.6161818607883 -9999 93.4019218818259 93.9591967281834 94.5149310014306 -9999 95.7327601845275 96.3670721861123 96.8701323541744 97.380555868684 97.9142296889682 98.5851430213739 99.8332232354526 100.668683520715 -9999 -9999 102.566018160638 103.13083709756 103.694468607288 104.394737572016 104.986200136514 -9999 -9999 -9999 -9999 -9999 -9999 -9999 -9999 -9999 -9999 -9999 -9999 -9999
83.9796712148895 84.1838020201222 84.3680536936796 84.6912491928115 84.9998506257332 85.3198144089447 86.1777134447534 86.6987491402993 87.0475753492183 87.5787744315003 88.1454228020792 88.9549757340553 89.5156706805585 90.03400908257 90.6498681102148 91.2248514305452 91.8007769684887 92.8140473210903 93.395152511931 94.0220028629452 -9999 -9999 -9999 96.4536176851311 -9999 97.6330094989389 98.04542966058 98.6850325289999 100.249442685533 100.930668578627 101.636290000261 -9999 102.693010287613 103.240154288436 103.897687673677 104.520721989037 105.099287793456 -9999 -9999 -9999 -9999 -9999 -9999 -9999 -9999 -9999 -9999 -9999 -9999 -9999
84.0273435602882 84.1340072603305 168.153089415169 123.285640591858 84.9245452904465 85.3186085180376 86.1114442306597 86.6064468490781 87.0425511015832 87.7843141742272 88.4847746721717 89.1290795630163 89.6035655513771 90.0856232209596 90.7234745684162 91.2780964668482 91.9210799134418 92.8927498516943 93.4512739823244 -9999 -9999 -9999 95.8866599901861 96.5497235047546 -9999 -9999 98.3838062447939 -9999 100.479298442291 101.05712045463 101.743188016569 -9999 -9999 -9999 104.048279360701 104.638894463363 105.212978532669 105.922748196374 -9999 -9999 -9999 -9999 -9999 -9999 -9999 -9999 -9999 -9999 -9999 -9999
83.9401706680017 167.564540759012 229.934334136562 133.267251347281 84.8120211219933 85.2369174461159 86.1537379136694 86.6410603044923 87.2476259689521 87.9598717816933 88.5579030002845 89.1720505382172 89.5776267331338 90.1359084050399 90.7119373327789 -9999 91.9123617313763 92.9258716496711 -9999 -9999 94.7318785185486 -9999 -9999 -9999 97.4734219859814 98.148567864533 98.8076342768333 99.5052039565912 100.584374252203 101.163389565331 101.85060261955 -9999 -9999 -9999 -9999 104.738207006274 105.418106356502 106.050097017553 106.638776221259 -9999 -9999 -9999 -9999 -9999 -9999 -9999 -9999 -9999 -9999 -9999
83.9623866109253 106.122176811784 117.167181047348 94.8644851150198 84.7446101275123 85.1299733749312 86.3213580653327 86.9132195835144 87.5463259525071 88.0055483485149 88.5730174522723 89.1467303528172 89.595448874832 90.113287380173 -9999 -9999 -9999 93.1304383204368 -9999 94.1582508172569 94.8162560582284 95.3817612508007 96.3030281559465 96.9705464427575 97.7103537197176 98.4269205236482 99.0007362675373 99.5316601778284 100.718658159228 101.270170706352 101.958555345837 102.543072087827 -9999 -9999 -9999 -9999 105.84806606454 106.483607304957 107.067997488995 107.709538690144 -9999 -9999 -9999 -9999 -9999 -9999 -9999 -9999 -9999 -9999
84.0076547860062 84.1119409878243 84.2033255445594 169.849596213168 121.577267645799 85.1633969920293 86.4808529286565 87.049084590248 87.6794012410134 88.0696036711223 88.6435982449321 89.1987922213896 89.6678897872744 -9999 -9999 91.4006337981121 -9999 -9999 93.875013070067 94.6816387243326 95.4095471876025 95.9759230013962 96.5953482051165 97.1549155064744 97.8257048905492 98.5284653025897 99.1035111700582 99.724230004252 100.835800762229 101.377483074874 102.067059774526 102.652809596981 103.34880412714 103.939216706176 -9999 -9999 -9999 106.739766051053 107.416220915008 107.98457790837 -9999 -9999 -9999 -9999 -9999 -9999 -9999 -9999 -9999 -9999
-9999 -9999 -9999 -9999 131.498435622227 85.4739250697029 175.943687459658 211.938150592035 213.08194540823 121.516217865366 182.313608277748 121.654305948691 -9999 -9999 91.0277261601618 91.4966995515681 92.1055047106371 93.332046940801 94.2719017826153 94.9997809181135 95.6868780566758 96.2566562705753 96.7298188638017 97.2548040348927 97.9269306324618 98.6304383860807 99.2067384079687 99.886829881382 101.092036093339 101.512425825119 102.176128960268 102.763140516276 103.73473433961 104.369296706437 104.84734814102 -9999 -9999 -9999 107.576746833985 108.184338934455 -9999 -9999 -9999 -9999 -9999 -9999 -9999 -9999 -9999 -9999
-9999 -9999 -9999 -9999 131.012603155076 173.309587715577 237.446481234649 249.398801431621 251.352767215543 131.376258356118 118.115132080761 -9999 -9999 -9999 91.1999889220678 91.5976144828863 -9999 93.7423451706233 94.5269458883208 95.1196294263014 95.7836913355506 96.2133941470947 96.9371898146845 97.5314780223882 98.060473070331 98.7328533476627 99.3104266334742 99.991832627279 101.260337189761 101.903972536107 102.605906014264 103.193678229214 104.008048705578 104.619741288403 105.257162677046 105.845243579805 -9999 -9999 -9999 108.306603432726 109.397802016925 -9999 -9999 -9999 -9999 -9999 -9999 -9999 -9999 -9999
-9999 -9999 -9999 -9999 195.803903366062 234.406619193674 247.946665480504 249.750920593656 251.724305828868 131.04570847335 88.7205550307938 -9999 89.9655816380253 -9999 91.2064124241352 91.6567195989242 92.5399728837196 93.9507782175224 94.6460259701502 95.2153401765254 95.8808395784666 96.4006176713741 97.111428971539 97.6993198414265 98.1742423581182 98.835712407626 99.414591142417 100.0973322112 101.690782149781 102.326577977719 102.875868688314 103.440691893908 104.140952977401 104.735876842793 105.442727576222 105.882920567978 -9999 -9999 -9999 -9999 109.52962563018 110.532078303596 111.354614301622 -9999 -9999 -9999 -9999 -9999 -9999 -9999
-9999 -9999 -9999 -9999 -9999 244.80266737991 248.318305177173 250.134837499293 159.200291036582 192.389326068569 215.872144103484 -9999 90.0202465451401 90.6988044650367 -9999 91.9915806665555 92.7929495309648 -9999 94.7407794515651 95.3113711653257 95.9783191268608 96.5519045186236 97.2240826316405 97.8008381126504 98.4221926064257 98.9693087290686 99.790282939787 100.527822537912 101.932000739882 102.520630268038 102.998755619427 103.554872091198 104.256406352093 104.852697346 105.560772299129 106.091865898754 106.635318220711 -9999 -9999 -9999 -9999 110.821786456947 111.4580385265 112.243180294189 -9999 -9999 -9999 -9999 -9999 -9999
-9999 -9999 -9999 -9999 -9999 -9999 248.829137903893 250.567136366204 130.538955597229 212.272195097109 256.53834156254 130.675993353877 -9999 91.0408328781121 91.6835491024295 92.378964059181 92.9478356429041 94.1388993459313 94.7432128636856 95.38455720318 96.076148978919 96.6510470607892 -9999 -9999 98.6010182955195 99.3558286653644 100.057840599035 100.765112417337 102.04311644608 102.633146381082 103.111674166671 103.669688932536 104.372528518017 104.970210874635 105.679544272028 106.370000489185 106.937205072613 107.449074779801 108.074975993668 -9999 -9999 -9999 111.589461034368 112.336375915721 113.010908019956 -9999 -9999 -9999 -9999 -9999
-9999 -9999 -9999 -9999 -9999 -9999 -9999 -9999 -9999 -9999 -9999 130.207989250522 90.5642826086796 -9999 -9999 92.6328423044743 93.3286745991976 94.3639250379221 94.9935295839784 95.5932329852402 96.2728473741903 -9999 97.5270429130827 -9999 -9999 -9999 100.294186822229 100.983349368829 102.267065797887 102.948568742609 103.574380745516 104.02221556917 104.619291531336 105.332936026912 106.222907125788 106.974100844984 107.710181666107 108.447628365343 108.821068532483 109.525205379789 -9999 -9999 -9999 112.612726538365 113.366110083673 113.921075345048 -9999 -9999 -9999 -9999
