rcp8.5models/MPI_ESM_LR/sc1gr5.29
NCOLS 261 
NROWS 433 
XLLCORNER 336357.134 
YLLCORNER 654653.479 
CELLSIZE 1000 
NODATA_value -3.4e+38 
[rows 242 to 263 of 433, columns 98 to 146 of 261]
295.312774658203 297.842041015625 297.593536376953 296.594604492188 296.383941650391 296.21484375 295.932891845703 -3.4e+38 294.815185546875 294.880462646484 294.359191894531 293.876190185547 293.506011962891 293.385559082031 292.411193847656 291.098266601562 286.032653808594 279.207458496094 277.965118408203 277.391632080078 276.900268554688 277.330963134766 278.944549560547 278.967956542969 278.388763427734 278.063537597656 285.150817871094 -3.4e+38 284.855224609375 284.803466796875 289.322631835938 288.662170410156 287.361724853516 288.349182128906 288.044799804688 286.811645507812 289.295043945312 285.610412597656 290.516448974609 291.930908203125 290.215881347656 284.518737792969 282.932067871094 290.785705566406 291.863250732422 292.865844726562 293.658935546875 293.914031982422 294.018646240234
292.208282470703 290.343536376953 295.466247558594 296.749938964844 296.210693359375 295.866149902344 294.996643066406 294.801147460938 295.092803955078 294.879760742188 294.162170410156 293.726898193359 293.134979248047 292.304229736328 288.869415283203 287.173858642578 286.409912109375 278.247039794922 276.895874023438 276.256927490234 276.646942138672 277.416625976562 278.996246337891 278.894104003906 278.283081054688 280.201568603516 282.157409667969 284.989196777344 284.570678710938 282.404266357422 282.821594238281 277.47412109375 272.494354248047 272.936767578125 279.430694580078 286.687591552734 287.492431640625 280.381561279297 280.421539306641 290.426208496094 289.89404296875 283.018676757812 277.064605712891 284.735900878906 288.774810791016 292.363250732422 293.460266113281 293.622985839844 293.549224853516
290.057220458984 288.095306396484 295.256713867188 296.180267333984 294.781066894531 295.789245605469 294.695434570312 294.381774902344 294.670074462891 294.707244873047 293.792877197266 293.208190917969 292.58056640625 291.641906738281 286.490783691406 284.287994384766 284.415466308594 273.067504882812 269.763427734375 270.015716552734 276.376922607422 278.032745361328 279.032379150391 278.443359375 278.683746337891 281.079711914062 284.514007568359 286.169158935547 284.451873779297 280.736724853516 279.205169677734 276.989990234375 271.192443847656 265.470001220703 272.208831787109 284.150817871094 283.979217529297 278.112091064453 277.77587890625 290.010803222656 288.620239257812 282.00732421875 275.150695800781 281.010375976562 286.191284179688 291.431121826172 293.287231445312 293.590759277344 293.024688720703
287.062530517578 280.516571044922 296.712371826172 294.538970947266 293.208435058594 295.409271240234 294.130523681641 293.835205078125 294.316955566406 294.274841308594 293.58349609375 293.341766357422 292.374725341797 291.320617675781 282.611877441406 283.049591064453 282.649749755859 265.779571533203 255.082321166992 258.090759277344 275.154083251953 278.226409912109 278.609375 277.131774902344 277.541381835938 281.027221679688 285.004119873047 285.388519287109 284.689239501953 281.459808349609 277.511932373047 272.692291259766 267.631530761719 262.458190917969 265.198394775391 275.085632324219 276.119689941406 275.955780029297 277.280731201172 286.013549804688 285.938171386719 281.165924072266 274.437713623047 277.707275390625 285.017364501953 289.828491210938 292.93212890625 293.52490234375 292.506134033203
289.276092529297 281.960845947266 296.529693603516 294.229431152344 293.918395996094 295.026519775391 293.896636962891 293.600402832031 294.212799072266 294.204986572266 293.905456542969 293.603851318359 292.659362792969 291.509521484375 278.327972412109 280.966796875 284.0546875 267.375610351562 245.533142089844 248.674942016602 271.568664550781 276.584655761719 277.526580810547 275.317596435547 275.666931152344 280.554870605469 282.537200927734 283.204284667969 282.790191650391 278.544708251953 273.707733154297 263.817260742188 255.516036987305 253.290145874023 250.780502319336 254.031860351562 259.022583007812 271.915863037109 273.406768798828 279.882934570312 284.224884033203 281.567077636719 274.482666015625 276.131439208984 285.405548095703 290.653289794922 292.729766845703 293.31884765625 292.01513671875
294.504028320312 291.833251953125 296.345794677734 295.385986328125 294.855895996094 294.690765380859 294.007934570312 293.371643066406 293.958984375 294.1494140625 294.244567871094 293.787414550781 292.528015136719 291.233276367188 279.543762207031 281.694030761719 284.747375488281 268.485137939453 248.043563842773 256.733123779297 273.445129394531 276.094268798828 276.4287109375 275.155517578125 276.452575683594 279.578094482422 280.055786132812 281.781616210938 281.885528564453 277.254150390625 271.201965332031 260.804504394531 252.797134399414 245.874053955078 237.318801879883 242.053680419922 250.538070678711 270.348052978516 273.291961669922 279.985229492188 283.710815429688 283.084320068359 275.609069824219 273.141021728516 283.305206298828 291.562042236328 292.472106933594 293.093566894531 292.079071044922
296.827301025391 296.321960449219 296.417999267578 296.122375488281 295.407806396484 294.803344726562 294.285858154297 293.753936767578 293.689819335938 294.054748535156 294.4814453125 293.763122558594 292.531036376953 291.541809082031 287.014282226562 287.40576171875 287.1279296875 272.8671875 254.703796386719 265.256408691406 275.857299804688 277.450408935547 276.939086914062 276.491149902344 278.1728515625 278.751739501953 280.724578857422 282.61572265625 283.136779785156 279.606719970703 269.741302490234 255.706680297852 249.152160644531 240.509002685547 236.558029174805 247.432144165039 255.795455932617 274.470336914062 278.178314208984 280.815093994141 281.021789550781 281.473510742188 276.519317626953 271.505340576172 281.042755126953 290.213928222656 291.686981201172 292.832153320312 292.294097900391
295.368469238281 295.636657714844 296.535522460938 292.910095214844 295.625305175781 295.446105957031 294.890655517578 294.201995849609 293.659820556641 294.548522949219 294.573608398438 293.869018554688 293.377685546875 292.771759033203 290.853851318359 291.228118896484 290.106719970703 279.769500732422 261.356872558594 263.510314941406 274.422149658203 277.591461181641 277.352661132812 276.672729492188 277.91357421875 278.386444091797 281.999542236328 283.3681640625 283.282836914062 278.806884765625 266.916656494141 253.35710144043 248.048965454102 242.51057434082 242.998306274414 257.154815673828 266.875885009766 276.576416015625 276.284149169922 277.049072265625 275.815490722656 275.566802978516 274.666748046875 271.295166015625 279.975006103516 288.853973388672 291.668914794922 292.522094726562 291.859649658203
295.592132568359 294.161926269531 295.469146728516 288.736999511719 295.466156005859 295.627990722656 294.646270751953 293.561737060547 293.426544189453 294.457641601562 294.596221923828 294.114196777344 293.552703857422 293.01318359375 290.764251708984 290.055541992188 288.596252441406 281.328186035156 269.675598144531 270.142272949219 276.001068115234 276.947204589844 276.139434814453 276.954162597656 279.140960693359 280.082153320312 282.942718505859 282.063446044922 279.392883300781 276.104125976562 267.631805419922 259.013671875 255.070175170898 248.880508422852 247.004135131836 261.885894775391 269.694274902344 273.700439453125 271.331085205078 273.621795654297 272.557189941406 271.116912841797 271.867431640625 269.097259521484 278.86865234375 288.460205078125 290.507202148438 291.708312988281 290.948303222656
297.173126220703 295.539276123047 295.911499023438 290.255401611328 295.150390625 295.647857666016 294.352355957031 293.308044433594 294.069519042969 294.445037841797 294.559326171875 293.954376220703 292.832885742188 291.333984375 291.7451171875 290.369903564453 287.959014892578 280.925842285156 274.969665527344 276.641876220703 277.618865966797 276.393280029297 274.317230224609 276.470367431641 278.817291259766 280.004516601562 282.122924804688 280.325897216797 273.751220703125 272.222747802734 268.433044433594 260.885070800781 252.962921142578 246.50846862793 248.469497680664 258.871063232422 260.965484619141 267.174438476562 265.693664550781 272.039367675781 271.382507324219 269.574249267578 270.526214599609 267.543304443359 277.730621337891 286.646179199219 287.394927978516 289.865447998047 290.011413574219
297.530853271484 297.291625976562 297.215179443359 293.850830078125 294.960601806641 295.814514160156 294.423461914062 293.444061279297 294.672424316406 294.752258300781 294.616516113281 293.981170654297 292.544891357422 289.988586425781 292.186065673828 291.068664550781 287.201263427734 279.980255126953 273.763885498047 275.941192626953 277.230712890625 275.599792480469 273.082946777344 274.970642089844 277.763824462891 278.514373779297 281.640655517578 279.798675537109 272.180877685547 268.574432373047 267.0869140625 259.950225830078 247.72834777832 240.296508789062 245.23291015625 249.427856445312 248.672592163086 260.003234863281 259.382263183594 267.699859619141 269.395111083984 269.916290283203 269.751586914062 267.968933105469 276.203033447266 284.195587158203 284.222198486328 287.678100585938 288.609802246094
297.59130859375 297.438171386719 297.396942138672 295.635345458984 295.463104248047 295.811431884766 294.706817626953 294.207244873047 294.877471923828 294.651947021484 294.359985351562 293.947174072266 292.838134765625 290.364654541016 291.171997070312 289.349975585938 282.814086914062 277.2421875 273.019378662109 275.586547851562 277.098358154297 274.39306640625 270.502746582031 274.297790527344 277.87841796875 278.858947753906 280.482696533203 280.634460449219 275.973449707031 269.808502197266 267.846313476562 258.760437011719 249.202224731445 238.344955444336 238.664855957031 237.296508789062 236.594253540039 252.723602294922 255.080856323242 262.622894287109 268.372955322266 269.648681640625 269.172058105469 270.649017333984 276.180847167969 285.676849365234 286.643676757812 288.531951904297 288.541809082031
297.500915527344 297.472076416016 297.262084960938 296.28564453125 295.822723388672 -3.4e+38 295.050994873047 294.935150146484 294.918365478516 293.928649902344 293.408996582031 293.786895751953 293.187835693359 291.880615234375 289.947326660156 287.869659423828 280.805267333984 273.467803955078 273.989044189453 275.523406982422 277.390716552734 271.371643066406 263.361541748047 272.914947509766 278.462463378906 279.739013671875 280.236236572266 280.773315429688 278.756103515625 272.201507568359 269.832641601562 261.320251464844 257.503875732422 248.373916625977 242.467422485352 237.238906860352 234.1484375 251.68310546875 256.878112792969 265.197845458984 268.229644775391 267.093536376953 269.228973388672 276.771362304688 281.06591796875 287.393829345703 288.220336914062 289.147064208984 289.610870361328
297.172729492188 297.228912353516 297.121459960938 297.012512207031 296.271362304688 -3.4e+38 295.481384277344 294.952270507812 294.309997558594 292.921051025391 292.078491210938 292.409698486328 292.462066650391 292.721984863281 288.867858886719 285.772064208984 284.623779296875 275.840576171875 266.338592529297 270.720947265625 275.742156982422 273.469024658203 268.136993408203 273.938446044922 278.6640625 279.309143066406 279.470367431641 277.874114990234 279.521453857422 278.723114013672 275.326568603516 270.162963867188 265.747497558594 258.063903808594 251.539840698242 240.467803955078 231.633422851562 248.718811035156 260.998840332031 259.586059570312 251.075897216797 260.158752441406 276.457122802734 283.22021484375 281.942779541016 272.884796142578 271.893920898438 280.116119384766 284.445678710938
296.910827636719 296.842864990234 296.850006103516 296.529418945312 296.019744873047 295.797332763672 295.265319824219 293.296508789062 291.592407226562 293.005035400391 291.516754150391 292.485107421875 292.551666259766 292.533264160156 288.486572265625 284.758605957031 284.937835693359 278.368469238281 267.587951660156 271.522857666016 275.987457275391 273.218383789062 267.882629394531 273.216613769531 278.578521728516 279.399108886719 278.319915771484 275.336212158203 277.817016601562 276.918731689453 273.354461669922 273.663208007812 266.771514892578 258.615295410156 251.508605957031 244.395492553711 235.027114868164 248.826461791992 258.672302246094 255.750946044922 255.344528198242 268.860107421875 281.297485351562 282.407745361328 277.279479980469 270.195678710938 269.891479492188 277.029541015625 283.277709960938
296.156372070312 296.669616699219 296.686981201172 296.356567382812 296.074920654297 295.871887207031 295.415496826172 291.609954833984 288.395355224609 290.858245849609 287.426391601562 290.853759765625 292.648132324219 291.810394287109 290.670196533203 287.166931152344 284.266571044922 277.248291015625 266.950561523438 270.527069091797 274.960357666016 272.318115234375 267.143524169922 273.053131103516 278.993133544922 280.229522705078 278.456878662109 275.115081787109 277.126983642578 277.145568847656 273.090881347656 271.174194335938 267.199584960938 261.068664550781 253.119277954102 246.847518920898 237.919052124023 246.97770690918 254.589736938477 252.93896484375 263.084869384766 278.410095214844 281.538818359375 273.584106445312 268.706359863281 265.047454833984 268.1552734375 276.238220214844 281.1884765625
295.911163330078 296.30615234375 296.339141845703 296.30078125 296.043792724609 295.952545166016 295.5361328125 290.843688964844 283.708251953125 281.056060791016 278.429962158203 286.420074462891 292.017242431641 291.123382568359 289.253692626953 289.708312988281 284.013244628906 274.351226806641 261.66064453125 260.434112548828 267.194854736328 265.892974853516 259.209289550781 269.186126708984 279.398712158203 279.902587890625 277.277923583984 275.410278320312 277.444396972656 277.4609375 271.642852783203 264.748809814453 263.444366455078 256.733825683594 245.203430175781 237.80500793457 233.026458740234 245.935821533203 251.141082763672 251.038055419922 261.981323242188 275.452270507812 273.930908203125 259.94970703125 255.90641784668 260.331512451172 267.773712158203 273.428314208984 275.971282958984
295.542999267578 295.705047607422 295.918914794922 296.085845947266 295.763458251953 295.424896240234 295.104705810547 292.531555175781 283.244750976562 270.631622314453 270.174133300781 283.728637695312 291.944000244141 291.291564941406 284.895324707031 285.589538574219 280.644470214844 274.170776367188 256.656494140625 244.874496459961 252.31819152832 254.602676391602 247.518981933594 263.663360595703 278.905334472656 279.651062011719 276.626098632812 275.540863037109 276.939453125 275.302307128906 267.780670166016 260.258239746094 260.215972900391 253.138900756836 239.105941772461 226.415390014648 222.605285644531 242.316177368164 244.802963256836 253.044052124023 263.066772460938 271.823455810547 267.913360595703 253.306228637695 248.471755981445 255.754241943359 259.198608398438 263.968963623047 269.637115478516
294.984497070312 295.159973144531 295.697814941406 295.996246337891 295.741027832031 295.339752197266 294.620239257812 293.240234375 284.112487792969 268.507019042969 270.312530517578 285.002502441406 292.114562988281 291.866638183594 284.74853515625 280.914154052734 273.164428710938 270.205383300781 258.127685546875 245.226058959961 250.119567871094 251.719345092773 248.891540527344 265.718902587891 278.250122070312 278.848205566406 277.102325439453 274.639617919922 273.544677734375 272.891204833984 266.439300537109 255.319671630859 252.696411132812 248.430633544922 239.666625976562 223.908401489258 218.47314453125 235.25309753418 237.907485961914 249.660888671875 261.058471679688 270.816192626953 264.517761230469 251.165557861328 243.93359375 245.999420166016 248.592041015625 255.446441650391 262.404846191406
293.981689453125 294.302581787109 294.836975097656 295.824127197266 295.365447998047 295.121704101562 294.359924316406 292.730224609375 283.651184082031 270.97314453125 276.755645751953 288.764312744141 291.920043945312 291.944305419922 284.933807373047 279.176330566406 271.510345458984 264.326354980469 258.573272705078 253.241012573242 256.597900390625 258.583801269531 260.441558837891 273.816253662109 278.795349121094 278.825164794922 276.446533203125 272.180206298828 269.890472412109 269.830078125 264.734649658203 250.831069946289 242.95280456543 240.758255004883 234.335021972656 221.978225708008 218.097152709961 225.113403320312 232.195343017578 247.460601806641 257.946166992188 265.862854003906 260.754364013672 245.255264282227 234.445999145508 232.666778564453 241.519790649414 253.637115478516 256.588012695312
293.478149414062 293.220397949219 293.803375244141 295.470672607422 295.022918701172 294.79638671875 294.258972167969 293.4140625 287.432403564453 276.566741943359 279.416625976562 289.522979736328 290.636352539062 291.144866943359 281.111175537109 277.678802490234 271.712463378906 264.070190429688 259.086151123047 259.191802978516 264.086212158203 268.220581054688 269.86962890625 278.747344970703 279.580657958984 279.415679931641 275.532043457031 269.703643798828 268.215179443359 267.519317626953 262.188873291016 251.993896484375 239.151321411133 234.070922851562 229.748687744141 221.12158203125 215.753646850586 215.999481201172 230.695465087891 248.040283203125 250.388702392578 254.797515869141 257.325378417969 243.827331542969 231.244689941406 225.446594238281 233.364517211914 246.539154052734 255.67822265625
291.066314697266 292.0166015625 294.063446044922 294.971801757812 294.717193603516 294.512573242188 294.311370849609 293.806365966797 291.724609375 282.405456542969 276.322265625 285.709655761719 290.658508300781 290.569519042969 272.959777832031 270.803955078125 267.356872558594 263.237579345703 262.374420166016 262.774627685547 266.563446044922 273.10791015625 276.279388427734 279.410583496094 279.506195068359 278.931915283203 276.609985351562 268.663146972656 264.198486328125 262.786407470703 258.223968505859 252.51628112793 240.770889282227 233.175491333008 233.629409790039 227.72900390625 218.243362426758 207.127090454102 224.398773193359 237.527297973633 237.253692626953 244.157348632812 249.421127319336 241.240768432617 234.094482421875 229.692474365234 236.036209106445 246.377487182617 260.391662597656
