rcp8.5models/MPI_ESM_LR/sc1gr21.27
NCOLS 261 
NROWS 433 
XLLCORNER 336357.134 
YLLCORNER 654653.479 
CELLSIZE 1000 
NODATA_value -9999 
[rows 286 to 307 of 433, columns 200 to 249 of 261]
6.88080835342407 7.13499689102173 7.15235328674316 6.9380030632019 6.89208650588989 6.02830743789673 5.43903875350952 6.26161527633667 8.38919162750244 10.4259939193726 10.4246397018433 10.4226522445679 10.3566551208496 9.71925735473633 -9999 5.69967937469482 5.69882154464722 5.69797849655151 5.75069236755371 6.36819267272949 30.2733039855957 76.9168090820312 128.524215698242 168.282943725586 206.718002319336 220.664627075195 243.046249389648 300.34765625 377.263061523438 365.164276123047 270.174407958984 205.362258911133 223.448577880859 289.989898681641 366.454345703125 386.347320556641 355.473114013672 277.014434814453 228.769119262695 222.65739440918 223.703338623047 332.20947265625 609.806884765625 601.139221191406 -9999 -9999 72.8120269775391 64.9077301025391 108.610687255859 186.411483764648
6.44488048553467 6.44386053085327 6.44547462463379 6.43410539627075 6.29901599884033 5.47462797164917 5.11898183822632 5.61092329025269 7.16000604629517 9.93960189819336 9.94117069244385 9.9405574798584 9.87864780426025 9.27090072631836 -9999 5.43905735015869 5.43905735015869 5.43930864334106 5.51611423492432 6.19643306732178 25.1453113555908 72.2897415161133 144.478851318359 195.623458862305 206.78776550293 215.584014892578 -9999 309.378875732422 345.460723876953 303.030059814453 266.202301025391 263.125335693359 316.742523193359 363.821960449219 370.660400390625 372.647064208984 366.902801513672 333.222717285156 285.171875 255.211059570312 316.653106689453 665.579833984375 1377.08093261719 -9999 -9999 -9999 58.1553726196289 54.4984283447266 61.7120513916016 76.5903854370117
6.83092212677002 6.4744610786438 6.43318700790405 6.42445993423462 6.27814674377441 5.45457124710083 5.07040786743164 5.27570390701294 6.25417184829712 9.91103458404541 9.94117069244385 9.93352699279785 9.80463027954102 9.03276348114014 -9999 5.44947385787964 5.56703853607178 6.01438236236572 6.89685773849487 8.22620582580566 15.1501445770264 49.9152870178223 126.133003234863 196.086364746094 225.025909423828 285.506805419922 344.832000732422 320.745849609375 256.055358886719 214.769958496094 209.457534790039 255.393920898438 321.768951416016 394.960601806641 377.080230712891 360.647521972656 360.013580322266 356.975616455078 338.051239013672 336.374664306641 382.6708984375 475.888580322266 646.53955078125 841.574523925781 418.258270263672 -9999 53.2838172912598 49.6504287719727 44.3251342773438 41.5290756225586
9.86446189880371 7.54210662841797 6.75418710708618 6.46293878555298 6.2788724899292 5.45480155944824 5.05888700485229 5.17152214050293 5.94186925888062 9.92041301727295 9.94117069244385 9.93230056762695 9.7918004989624 8.99180603027344 7.0747332572937 5.77030658721924 9.34661483764648 21.8098850250244 -9999 -9999 35.1806983947754 -9999 -9999 204.000274658203 287.535339355469 375.730621337891 346.168975830078 237.417617797852 177.784805297852 157.649444580078 143.834533691406 164.99365234375 207.638961791992 240.019744873047 227.113037109375 232.355545043945 285.2666015625 341.459350585938 324.565490722656 285.206878662109 236.768264770508 151.229904174805 108.578567504883 143.859481811523 160.266830444336 105.356788635254 49.1961326599121 44.4059524536133 40.4322662353516 39.5115203857422
14.7947607040405 12.6052198410034 9.87100696563721 7.24113655090332 6.32144212722778 5.45519876480103 5.0569167137146 5.14875984191895 5.85174322128296 9.83692073822021 9.94116973876953 9.93825340270996 9.85527229309082 9.16883373260498 -9999 19.2880954742432 27.8081226348877 -9999 -9999 -9999 -9999 -9999 -9999 175.195053100586 207.189956665039 232.129455566406 199.166122436523 157.240570068359 150.365005493164 148.490844726562 154.275344848633 151.677947998047 149.97526550293 148.490447998047 147.331741333008 156.946853637695 187.320755004883 224.153839111328 228.473022460938 185.310150146484 104.812461853027 52.2784194946289 44.6716117858887 54.056095123291 54.3629608154297 50.8228607177734 44.8945121765137 41.0021057128906 39.9423332214355 39.607063293457
19.0550727844238 16.1933174133301 13.2693939208984 9.63594913482666 7.45634698867798 5.45708560943604 5.0536675453186 5.06548976898193 5.2186598777771 7.6463942527771 9.07739448547363 9.1560583114624 10.4255409240723 23.3912086486816 -9999 -9999 -9999 -9999 -9999 -9999 -9999 -9999 -9999 144.114990234375 135.420135498047 122.01927947998 114.980140686035 111.501022338867 108.162963867188 111.134902954102 139.857986450195 184.69938659668 137.62126159668 118.013092041016 126.458366394043 163.774642944336 205.260375976562 189.168838500977 135.580810546875 -9999 67.0950317382812 62.1224479675293 52.3318977355957 48.6409645080566 45.9712257385254 42.5167655944824 41.1413650512695 41.2203216552734 44.0231971740723 45.3517417907715
24.4538707733154 15.0183410644531 10.5707139968872 7.33703660964966 6.77812671661377 5.51857709884644 5.05359315872192 5.05429267883301 5.07649993896484 5.82563209533691 6.45818519592285 6.78388929367065 8.28567314147949 15.1801195144653 39.0615348815918 86.004020690918 129.46711730957 -9999 -9999 165.445785522461 -9999 -9999 -9999 143.213150024414 137.933746337891 129.834777832031 123.140678405762 115.754814147949 107.838302612305 97.9214782714844 92.8892135620117 107.526184082031 103.313346862793 113.440551757812 118.866653442383 -9999 154.417236328125 121.977554321289 86.3321380615234 -9999 67.8782730102539 66.6249847412109 61.1098785400391 41.8621711730957 40.461109161377 40.3432426452637 40.8103981018066 44.3074531555176 51.7203521728516 56.0039291381836
32.0940399169922 17.014741897583 8.43271636962891 6.48458576202393 6.32505226135254 5.49466371536255 5.05359315872192 5.05359363555908 5.05459928512573 5.11431932449341 5.29529047012329 6.04200792312622 7.89815378189087 10.4175691604614 17.4141960144043 43.0694732666016 -9999 -9999 -9999 -9999 -9999 -9999 138.462295532227 137.180587768555 137.471572875977 137.383880615234 137.27180480957 134.678207397461 127.064376831055 103.380508422852 70.8530197143555 75.6987991333008 101.611137390137 116.775817871094 106.831611633301 80.5888442993164 67.0646362304688 69.4267578125 68.5274505615234 68.3078079223633 68.1143417358398 67.2648086547852 64.9739074707031 40.9698600769043 32.0520324707031 35.8100624084473 40.0895767211914 45.5319976806641 52.9607696533203 57.0925827026367
37.6009330749512 20.5209693908691 7.34673690795898 6.42445993423462 6.28383731842041 5.46053028106689 5.05359315872192 5.05359315872192 5.05359315872192 5.20187902450562 6.02313804626465 8.09393405914307 10.1486577987671 10.7531280517578 12.1717624664307 19.4153327941895 -9999 -9999 -9999 -9999 -9999 -9999 115.537536621094 117.291450500488 118.241310119629 118.400588989258 112.549705505371 104.356399536133 105.260925292969 94.8892059326172 68.6538467407227 -9999 120.869956970215 129.538909912109 104.980087280273 56.9919052124023 39.1870536804199 65.0316543579102 89.4030075073242 97.4334411621094 91.2156143188477 74.0639266967773 65.5227203369141 51.9280891418457 36.182861328125 28.4276733398438 30.7255039215088 33.0192070007324 34.1447715759277 35.4397659301758
35.2801399230957 17.3935413360596 6.69701910018921 6.42445993423462 6.28392648696899 5.4575719833374 5.05359363555908 5.05359363555908 5.05359363555908 5.35566997528076 6.9731273651123 10.8252105712891 14.0416507720947 13.9925661087036 13.7474317550659 13.5309820175171 -9999 -9999 -9999 -9999 -9999 102.731925964355 106.996147155762 110.310661315918 126.081214904785 159.308380126953 150.493408203125 82.5356369018555 65.5071105957031 64.5442657470703 58.0036964416504 -9999 130.553665161133 133.903930664062 100.46208190918 50.932559967041 44.12548828125 83.6734466552734 117.635963439941 -9999 -9999 77.0517349243164 65.5463104248047 61.399974822998 49.6646347045898 33.366527557373 26.009204864502 26.4431438446045 26.1238079071045 26.2464046478271
34.086181640625 10.703784942627 6.44332075119019 6.42445993423462 6.28464508056641 5.45796585083008 5.05359315872192 5.05359315872192 5.05359315872192 5.54494047164917 7.74638271331787 12.2831382751465 15.6809272766113 15.6598176956177 15.4698944091797 -9999 15.3240118026733 18.1664199829102 -9999 -9999 -9999 101.517547607422 95.1325988769531 93.2747573852539 131.55339050293 227.918609619141 268.535797119141 144.986831665039 52.744312286377 52.5642395019531 -9999 -9999 97.2023773193359 80.1191558837891 54.5943260192871 41.1171264648438 63.2327766418457 105.00203704834 -9999 121.798713684082 -9999 74.7500381469727 65.8108825683594 64.8747787475586 60.4423141479492 47.398365020752 31.6709823608398 25.7518291473389 25.7442493438721 25.7472229003906
43.5821838378906 8.63947105407715 6.42445993423462 6.42445993423462 6.28536319732666 5.4583592414856 5.05359363555908 5.05359363555908 5.05407953262329 5.98207235336304 9.14233493804932 13.7250308990479 15.7835550308228 15.7817440032959 15.7751350402832 15.7662220001221 15.7668600082397 15.8577194213867 -9999 19.9156742095947 46.307674407959 68.974235534668 75.3348007202148 74.5375289916992 94.5337677001953 148.826736450195 186.13134765625 131.970581054688 65.0498962402344 53.4796447753906 50.7871208190918 44.2589950561523 42.6056251525879 34.8500442504883 30.1614894866943 43.5217094421387 84.0372619628906 121.531524658203 126.424446105957 -9999 -9999 96.7403717041016 78.1223297119141 65.4988555908203 64.2513046264648 56.8140678405762 39.5596008300781 25.7394828796387 25.7394561767578 25.7394332885742
55.6577415466309 14.8102312088013 6.42445993423462 6.42445993423462 6.28607988357544 5.4587516784668 5.05359315872192 5.05359363555908 5.06443500518799 6.77863168716431 10.9370899200439 15.1810836791992 15.7832670211792 15.7801666259766 15.7714776992798 15.7631998062134 15.7630138397217 15.7807016372681 -9999 18.5303802490234 30.6918449401855 48.0467147827148 65.3116455078125 70.292610168457 85.7036972045898 121.94766998291 168.852081298828 188.198928833008 136.348663330078 64.1329956054688 36.0315284729004 24.3031711578369 24.0230731964111 24.4927959442139 25.4784030914307 34.4279251098633 61.7865295410156 91.3111877441406 97.0710067749023 -9999 -9999 113.777870178223 97.3400421142578 70.5836486816406 59.1561546325684 38.5460739135742 25.3472595214844 20.9410228729248 24.3784732818604 25.7186851501465
56.6009941101074 22.8827285766602 6.57521390914917 6.42268514633179 6.28558397293091 5.46097755432129 5.05511808395386 5.05514574050903 5.10548782348633 8.3152551651001 12.86403465271 15.728645324707 15.805290222168 15.9277973175049 15.8895606994629 15.7685298919678 15.7678899765015 15.7693243026733 16.0350189208984 18.1663150787354 26.3116245269775 36.6199073791504 49.3652420043945 63.6810150146484 -9999 201.520767211914 232.230590820312 226.239852905273 149.037902832031 50.4614639282227 24.7082042694092 22.1888465881348 23.4527492523193 24.1528339385986 24.2678833007812 25.8815784454346 33.0624694824219 44.8786277770996 53.9976119995117 71.4435119628906 102.68367767334 118.595909118652 113.92684173584 74.1992034912109 36.9323577880859 19.0303840637207 15.6628112792969 15.9755563735962 18.3051013946533 20.3797206878662
60.2393455505371 33.0273323059082 8.95481395721436 6.3724422454834 6.25319957733154 5.52212715148926 5.11167192459106 5.13689136505127 5.34171438217163 10.392110824585 14.8513631820679 15.957558631897 15.9679727554321 16.0256290435791 16.0023612976074 15.9405546188354 15.9404983520508 15.9408626556396 16.2434844970703 18.732120513916 25.085319519043 28.3317031860352 -9999 -9999 -9999 226.198959350586 243.857559204102 177.080017089844 78.8752136230469 29.77028465271 22.9948654174805 22.9917297363281 23.8994312286377 24.3615608215332 24.3685131072998 24.5470638275146 26.1794471740723 31.78369140625 39.3622932434082 51.3035774230957 84.0648880004883 116.506713867188 115.748153686523 48.0492324829102 18.700553894043 14.3806495666504 14.2657032012939 14.3280839920044 14.7325019836426 15.3655214309692
64.1262359619141 40.321891784668 13.2023992538452 6.42328691482544 6.24423980712891 5.62893009185791 5.46942090988159 6.17397594451904 8.13234901428223 15.1046380996704 16.1431617736816 16.0435218811035 16.0425281524658 16.0379085540771 16.0288867950439 16.0225524902344 16.0225524902344 16.0225524902344 16.3281402587891 18.84494972229 24.5064125061035 25.9622135162354 -9999 -9999 72.7766494750977 133.387100219727 140.275924682617 78.0100402832031 33.8310737609863 24.4618492126465 23.677806854248 23.3724880218506 24.0987854003906 24.5226707458496 24.7928771972656 25.5214862823486 28.245288848877 34.0028991699219 38.5911293029785 44.9170455932617 71.7711486816406 108.731407165527 112.603698730469 25.810094833374 14.4246053695679 14.3426961898804 14.2197256088257 14.1520652770996 14.1589679718018 14.1720733642578
58.6186294555664 37.4986152648926 16.3640232086182 8.17566108703613 6.80698394775391 7.252197265625 10.6673727035522 15.9533338546753 19.4510669708252 21.6253070831299 18.0271549224854 16.0454387664795 16.0428676605225 16.0390491485596 16.0300807952881 16.0243663787842 16.0450286865234 16.1123809814453 16.4512195587158 18.7742576599121 24.0874156951904 25.9380283355713 -9999 27.2809200286865 34.6358413696289 48.6407470703125 49.3591995239258 31.7280082702637 25.9264392852783 25.3554649353027 24.8913650512695 23.9900074005127 24.7530841827393 30.542501449585 52.6903686523438 75.322998046875 60.4848022460938 38.5024833679199 38.7748870849609 45.5333518981934 72.017707824707 96.0966186523438 76.7145462036133 16.3899402618408 14.3503675460815 14.3425769805908 14.2196950912476 14.1506376266479 14.1506299972534 14.1546297073364
52.9308319091797 40.0851554870605 30.1793785095215 28.1490039825439 26.1721305847168 25.3628559112549 26.4864368438721 28.6234169006348 28.5237712860107 26.7238807678223 22.0039138793945 16.9841327667236 16.0434455871582 16.041675567627 16.0350360870361 16.118106842041 17.2695999145508 21.6573429107666 27.6252250671387 31.774658203125 37.3022346496582 38.2710571289062 37.5052719116211 35.128604888916 29.491849899292 26.5638217926025 26.0647373199463 25.9392681121826 25.827169418335 25.8106288909912 25.8721523284912 28.1409683227539 -9999 53.4581298828125 104.22917175293 160.885726928711 135.274032592773 54.8093414306641 38.527530670166 40.4834098815918 43.1743240356445 29.6706523895264 6.56400442123413 7.02718544006348 7.33483934402466 7.51690053939819 7.47849082946777 7.58886766433716 8.06154823303223 8.4870433807373
53.6509552001953 40.6760597229004 31.4936866760254 32.0949516296387 34.4386863708496 35.5619316101074 34.4659881591797 31.6189212799072 28.3007793426514 27.6553249359131 24.2161445617676 18.8455905914307 16.0650310516357 16.0425548553467 16.0379886627197 16.1396255493164 17.5419464111328 23.0758476257324 31.4131107330322 38.4173278808594 41.1779975891113 42.0940895080566 44.2620811462402 45.1008224487305 41.6088333129883 38.1938247680664 34.9355163574219 30.9002933502197 26.8024635314941 25.9277629852295 26.0240993499756 28.3091907501221 32.5595512390137 -9999 -9999 52.2691955566406 53.3003692626953 38.6360206604004 38.2141647338867 36.8301620483398 29.4054355621338 15.3390665054321 5.74884700775146 3.00918412208557 3.13292074203491 3.21070194244385 3.19665265083313 3.24492263793945 3.44231534004211 -9999
54.5223655700684 41.8639869689941 33.9045066833496 39.9056282043457 51.493091583252 53.3365287780762 44.8057556152344 34.3706207275391 27.9721183776855 28.1058330535889 26.2530250549316 21.1633644104004 16.4418640136719 16.042366027832 16.0530986785889 16.3237323760986 18.2082862854004 23.9252758026123 31.9577140808105 39.590217590332 41.5179405212402 42.3138961791992 45.100471496582 48.0132179260254 47.7329292297363 46.6802520751953 45.1068649291992 42.3136444091797 36.6599540710449 30.3730525970459 28.2645969390869 33.6774406433105 -9999 -9999 38.0033378601074 38.2348136901855 38.589900970459 38.2635841369629 37.9085426330566 35.1603355407715 26.3962745666504 16.7613220214844 15.4486656188965 13.9873027801514 11.0126781463623 8.02480888366699 5.14344453811646 3.16037106513977 2.56363344192505 2.5650269985199
44.2759475708008 36.2129516601562 37.4313583374023 51.9107551574707 67.2367095947266 59.9983787536621 44.0863456726074 31.0453128814697 27.8003883361816 28.079460144043 27.0781784057617 22.4820346832275 17.1657600402832 16.3908138275146 16.4889430999756 20.7808609008789 34.8562927246094 47.2155532836914 41.3662223815918 39.7765083312988 41.5539588928223 42.3920783996582 45.1280899047852 48.075511932373 48.3913955688477 48.3275489807129 48.1679611206055 46.7141990661621 40.8663749694824 32.8833160400391 30.7594470977783 35.455509185791 37.5714263916016 38.2071647644043 38.2170639038086 38.2273712158203 38.2136039733887 37.4727821350098 33.0564994812012 22.5609912872314 12.4208307266235 9.42397689819336 9.939133644104 14.9112720489502 17.5598640441895 18.7813625335693 17.9045429229736 16.0022010803223 12.9108171463013 8.70038986206055
34.3480377197266 32.5375099182129 38.0313491821289 54.3875579833984 69.870246887207 59.7342300415039 42.1164932250977 29.6014919281006 27.9109516143799 29.024658203125 32.973087310791 36.9561576843262 33.2988815307617 23.886302947998 19.9737949371338 35.2281913757324 76.4437103271484 103.980476379395 72.6792526245117 44.1491508483887 41.6377983093262 42.7387084960938 45.652702331543 48.3288307189941 48.451042175293 48.419189453125 48.193431854248 46.2029342651367 39.3308181762695 31.8839378356934 31.2988624572754 31.4383411407471 32.1865425109863 33.6752548217773 34.065113067627 34.345027923584 34.8362464904785 31.293529510498 20.2548942565918 9.45357036590576 5.9857063293457 5.7128586769104 5.83658313751221 7.96339511871338 9.83510875701904 12.4206418991089 15.8429889678955 19.0166072845459 20.3798274993896 19.5079784393311
