rcp8.5models/MPI_ESM_LR/sc1gr8.5
NCOLS 261 
NROWS 433 
XLLCORNER 336357.134 
YLLCORNER 654653.479 
CELLSIZE 1000 
NODATA_value -9999 
[rows 242 to 263 of 433, columns 100 to 149 of 261]
80.7780643125222 81.7430561730734 82.1767314127967 82.6647747331439 83.1768763325832 -9999 84.4917648406472 85.0490432498581 85.899872558044 86.7098619283155 87.4503759615263 88.216478566904 90.0038567641531 91.2193836755877 94.7630764494561 100.744348117572 103.21813186226 105.372073653898 107.161971426169 107.331001491766 105.904568690386 106.750341018836 109.334264034384 111.654332439665 106.833649523177 -9999 109.828193202908 111.345470472178 110.752191479087 112.494279594647 114.445556281642 115.583579837356 117.292270707672 119.247722423743 120.100111412434 125.533927421058 124.640621476135 126.108071990121 128.399460566542 132.990836521246 136.645182749919 133.597150756711 135.061397452454 136.605289667578 138.115646273301 139.653515403366 143.367832275299 145.390390149424 148.454662223586 152.654200843309
81.5663927796144 82.5947829760904 82.912164681042 83.5032480834498 84.052130098369 84.5323574869321 85.2590674101854 86.0322434531457 86.5701657313305 87.2347655517835 87.9875407728286 88.6519377972119 91.1190959477953 92.5105121653115 95.0478771539276 101.520531332234 104.52397087806 107.180803621014 106.593112991137 106.410147620523 105.413099000594 106.987367355466 108.936209204158 107.69223438579 108.299328621147 108.205260370245 109.847316705368 112.525917476778 114.41338632473 123.183503552472 138.634791575054 143.849966930718 129.195633466165 119.612260736613 120.776517076359 130.499127907449 134.800491966741 127.275601938663 128.98997890439 136.819052748577 144.947726336329 136.311831454727 136.546281839804 137.402332830936 138.960644869869 140.638352720155 144.2003278021 146.385432272805 149.493127645793 152.631111248028
81.984684188568 82.9488169790171 83.2674182644416 83.9802381102959 84.4535729653715 84.8532604355571 85.4851379199434 86.305221566061 86.7670146673874 87.4963902797037 88.2040056037009 88.9821972545329 91.9775289371528 93.8996424825382 97.9519211365955 112.649433677775 124.388500492292 125.304099078274 107.101951256735 105.203678888385 105.242112925715 107.509455047841 108.32868104084 106.00911017726 107.084894046835 107.755806497241 109.752618846525 113.256736245581 116.810061050359 123.031842527094 141.00711626981 161.909276494834 147.942192054483 120.845895761178 122.621907039795 134.355882127443 141.3596465505 127.544806921646 129.568003450477 137.77553808704 147.557391519649 140.203875756842 137.930062136424 137.98471638174 139.350985487426 141.066806710953 144.747392205489 146.973449188873 150.368362052529 153.606734089635
82.606003643447 83.1728111950058 83.3866338259432 84.3045132814265 84.7585045015029 85.1155206791183 85.7669547318095 86.5309104819274 87.0058536083728 87.8102025380639 88.412988516319 89.2748298758023 93.9912740112906 94.804865479687 102.456646200993 131.414107793648 152.460968435066 142.770171822517 109.935828231898 104.652516899436 105.481366044439 109.313518420893 110.686706480394 105.61331944995 106.440742264246 107.912940036982 109.493210925526 112.728142863912 120.581503485041 136.255736465113 155.982942134504 174.736659461796 168.22921043863 135.897209132635 134.222504288826 136.868138932634 139.610332577409 129.021433910667 130.483676308975 137.359529785871 147.892610499286 145.136806243549 138.698354722858 138.773357680012 139.793056108217 141.497286571057 145.366919901684 147.719652873514 151.934409220787 155.657850284828
82.8954132994173 83.425431490643 83.7438167897206 84.4802619643331 84.971009068146 85.4893744810618 86.1266312747145 86.7911664463414 87.3834084236778 88.0142751544372 88.6217888629229 89.2905707549577 97.7045071471238 97.4275715594824 98.4351354589616 128.080824472823 162.612350025645 149.57013734721 120.100527338271 107.317049632746 106.586741995209 112.620527687029 114.290527852629 106.032238037596 107.265975186679 108.44896510254 110.9680748351 117.224821899594 130.380790272703 159.218171050886 183.356195935715 189.210609887327 182.807034258886 169.371169836668 165.954025659006 146.322522297994 145.410012952969 134.443174433777 131.243476078191 136.628410961675 148.197894275138 148.575246818611 138.734576704608 138.973429595415 140.225606815814 141.964661770051 145.988453670423 148.257021566076 152.142791059468 157.04970780273
83.2364494284869 83.9954553490971 84.3058218418156 84.7249665812821 85.2350630256385 85.7941089971302 86.5421904222966 87.1606088617319 87.8093614430588 88.3052071392221 88.8446436557354 89.3589452521341 95.8886793111056 96.1340318855958 95.1134941754752 121.433739696555 161.775043755746 145.214754541077 114.7871069639 107.896428922035 107.898249973845 111.967276053105 111.516346002454 106.936324860243 108.874847401234 108.92289501397 110.85789341015 118.155536357912 137.760707524936 172.975708910266 190.925402674844 186.523038678187 180.683176986091 188.577719615603 186.84368661197 151.320915035836 145.556297117877 134.00747853593 131.619379545939 134.705684207494 146.947750921037 154.832324495328 141.582180673464 138.866068603777 140.568996393442 142.352123438051 146.431601885169 148.517098010111 151.566451200208 155.613586043455
83.6435912907148 84.5502455690276 84.86531970314 85.2423896327685 85.6194663285464 85.9631411132806 86.7681318201296 87.5755589939491 88.2439649423014 88.5573268197612 89.0145077895244 89.5413023184769 92.1341662763443 92.7171667530251 94.5494887732843 120.40532548117 160.393419767542 139.695370271392 107.202031266928 104.828228943549 106.545928218588 108.536153913019 106.994253796424 107.440010911013 107.908181102006 108.015017498598 109.184795876621 114.275370540526 141.535142307857 184.435633649748 188.625815692962 184.903642164207 182.990977275679 191.88758129937 187.234381308532 140.400152724252 134.513850913067 131.719740391303 133.691342528346 135.623912771035 146.287885206475 158.101617847283 143.725380562616 139.440171817272 141.081320720232 142.722825521482 146.776523891981 148.703866361339 151.349571520844 153.798574911639
84.0092305059289 84.0013671898659 85.0646346595751 85.6528130060389 86.0002747966512 86.2503805977491 86.7871060690021 87.7753269534174 88.4902349601938 88.8547200649548 89.4312657361232 90.0646662877516 91.4393003299455 92.2571594067375 92.9864490595929 110.028094710133 147.96489859366 143.683080026647 110.242324788795 104.189448822673 105.592485062942 108.025157623079 107.206481053752 107.260415236717 106.424214492715 107.212817858101 108.757603500774 116.585884232906 150.940841126024 192.171528234713 188.804184903812 187.622211011582 189.87043443809 185.247578775088 159.009858543935 134.073334953077 137.278004067296 137.046710159404 141.868928883084 144.807419445988 149.319367201722 158.434077413651 144.534032299984 140.06743040234 141.524646745004 143.161366296805 147.168031490641 149.163607723683 151.888442652299 155.064522947995
83.9753770299794 84.1325794931284 85.2559928494437 86.00237401723 86.2184380825789 86.3892510721206 86.9626188263556 87.9426967057631 88.7657772908029 89.2736683462947 89.862502059671 90.4086246954631 91.4721679924801 92.0850366724107 92.6584488754442 101.331960756057 121.779813989688 122.318799470188 105.67616367298 104.609276915288 107.561039910069 107.242584006035 105.041105921275 104.887960827368 105.539105571405 108.109752174464 111.949016694367 119.750847606362 148.595502641561 184.391158672263 193.011183204144 191.632226242347 187.895178432381 180.742182209362 151.397901478183 140.328635459862 148.655268078169 143.903634370102 148.905561241318 154.588727700222 155.30307521849 165.608641895044 146.778622398837 140.279311200979 142.060438140603 143.659007065236 147.665100435252 149.701605768561 152.353600040683 157.793498454973
84.4894823836614 84.4159784313283 85.4175828810727 86.2346265176212 86.3273043147105 86.5128156836109 87.5750166414998 88.389185012965 88.9891317605273 89.4316142992622 89.7651578469808 89.9724625752382 91.8910276094032 92.2889461923075 92.7481601137299 97.3485771674106 105.026982562246 101.964790073397 101.220693455338 105.311259068418 111.386703307697 107.717766394788 104.450615114282 104.079002536879 105.583977026279 110.562312686196 121.284201269095 127.630559415791 144.257306885173 174.992848688244 191.417286391845 189.374526295681 187.88875044664 189.867775601722 176.600859554224 161.653956274388 169.079092352162 147.715842807024 151.60082204731 158.67260968395 158.908347499159 170.58273029555 148.780486244723 140.778019033681 142.859254177102 144.232895369615 148.163051606585 150.082590633566 152.158149619218 157.255321118211
85.1541314052675 84.8848448411666 85.6535995826364 86.5730289048805 86.651856092965 86.8815727948751 88.1513850385385 88.6386878979734 89.1202995675074 89.6654549661297 89.754305038623 89.5397776094917 92.0628084539922 92.4843270514048 92.2883619526909 98.2279499649449 107.694355663815 102.957145415142 101.580364479841 106.368392483543 113.790838609637 110.606628203624 104.888388512516 104.786996895607 105.219566549403 110.583735731399 126.651288315355 139.925292996463 148.462724065176 172.760833411531 189.209147971432 184.914497181367 188.117993649051 192.48892098235 189.81189179013 187.827149584279 188.895121302013 163.017875492832 157.545200038777 156.955612202073 159.711966365095 167.474025299037 150.899306337939 141.6260577411 144.017619452495 144.884924355573 148.782654503207 150.582978359771 152.701305004459 156.263971582385
85.4638314145047 85.794212289036 86.2454324582359 86.9655151151608 87.3181257600343 87.6134175487654 88.4138465479182 88.9215725877101 89.3993247087983 90.0576703854049 90.2084012908538 89.7392544238387 91.5906334880616 92.2208524843885 92.7385574406197 100.986292861143 109.137729955777 103.147505778613 100.927607156589 109.891123054259 122.287270931238 111.931243445304 103.830219105926 103.728008980975 105.655639367293 107.710206717359 120.125250491878 135.381410055232 148.70873239008 185.870969354894 191.431978658125 184.224940723588 186.611476081682 187.466528814642 188.57916011957 197.020675272619 197.187998294765 181.15849153262 159.861460240131 157.69590712996 161.428690642833 157.992320461349 150.89546424312 141.71187893277 143.951061167683 145.215038689085 149.277705326891 151.210924561868 153.213167247525 157.85715112724
85.8943112212343 86.4059877182343 86.8114949332509 -9999 87.6367731889686 88.1221573611618 88.7019176095924 88.9897855942889 89.2176357734821 90.1497879622208 90.7184439871358 90.6947493052247 91.1272437716551 91.3892877650394 96.6578182675757 106.887394000731 106.088102579999 102.575490358009 99.3531265998849 119.395819190868 145.19887463701 116.544913773329 102.166357868514 102.019596796789 105.325416192772 106.264556799537 113.706477065531 125.634623162321 140.251463532235 177.593025950529 180.965161316933 185.377584001962 188.607306705078 187.508651650657 187.590756235703 198.483097121352 192.238700023609 170.145406836814 159.377502004872 166.38106399204 163.60047306719 145.184635590654 144.398348062549 141.38390386229 143.436105501082 145.392092678796 149.399579171385 151.487337129479 153.388060060488 157.243051248217
86.4603895404567 87.219890936003 87.6162966237819 -9999 88.4656914286955 88.9465126813016 89.0623719682308 88.8156424804998 88.9869535280906 89.929537865017 90.5936149481307 91.546922108919 90.7352415091435 89.777879853603 90.7292037251257 106.076940865095 129.465281026762 115.435516343116 101.760700251856 111.489715892096 127.993206414507 110.182290750865 99.994443126578 100.94802009509 104.360130236574 107.631158317133 107.367545802025 109.686323705761 119.548303430283 136.333160635831 154.466424857625 182.918526063498 187.732613706603 188.152520526538 187.571290992594 191.377796185441 185.335175478975 179.8036381642 197.563587725447 181.73881192719 143.727781861517 138.368947688564 142.902515628409 155.588996207859 160.890581389733 149.632864117897 150.768896131023 153.254805956119 154.826592561063 158.600737359305
86.6974334319355 87.5024030223428 87.9236560343276 88.3397164447954 88.7153248950721 88.3382779363297 88.0552327917721 89.1673535707166 88.8985095945271 90.1873775073129 90.8950239826405 91.5712545403925 90.7724488462056 89.3097768091182 90.1307234371324 103.861392937469 125.142307614478 112.51538126462 99.9243890944471 110.981961710196 128.568231211525 112.653235115906 99.3472197153775 100.057674078226 105.571868039585 111.674174867909 109.356224073311 114.678068645767 124.427668471583 123.682465424532 149.007206382149 180.006561600841 192.182091022617 189.754573488329 188.757269097223 191.31167292736 191.512764658208 191.332515304379 186.106139168957 158.814420650631 138.849490276011 138.472372731806 146.5669682448 161.770574379488 165.532833674813 154.013303293109 151.720029953764 154.620491268422 155.218410098528 159.658063545963
86.9608628132511 87.7879740501978 88.1871969279208 88.7388420537942 89.1800070058002 87.6666031845679 86.5696185718533 88.3543875264166 87.1929493025876 89.1775018977409 91.0876316829054 91.2745623553919 92.2142553325084 90.9742599554845 89.8907485065689 103.893573387575 126.983616165 115.192068043842 101.612078536272 112.791608058453 131.04075479283 112.995502400122 98.0884379943122 98.5849901451159 104.61526182704 110.8176170998 109.215244680806 113.197751172265 125.677087557995 131.351653045829 146.389230983807 172.793114354063 193.446108405836 189.731274387872 188.147588620648 191.822080423255 197.051664151141 197.923250947985 177.75066298273 138.138896067299 140.70792291544 154.774719215057 166.914945493171 178.17843092232 170.813747607285 154.204484001108 152.844378082314 156.614606272208 157.613531938634 159.214011708733
87.1051509672969 88.1862021255604 88.6093142048474 88.957615645389 89.5506091547585 87.9845099152247 86.8681152490501 92.9890910926161 93.99418624587 88.1364428513086 90.8618377399953 91.0107140935346 91.3147882942493 92.4573347346268 89.9740000094563 106.765239622235 142.291128375212 143.778334687997 128.102757225976 129.349601875768 149.861070496766 127.666170814794 96.6180714556409 97.9725628280269 104.590172368225 109.063448731859 107.574831098748 110.26434927201 130.407208633738 156.645127596432 163.480628866967 180.281403766548 188.588570280904 187.831226753694 188.179770181516 191.976802118585 197.147275401926 196.71577382963 179.272751805276 141.730397423078 153.023747128472 184.624651606118 192.491906805799 190.848051225856 171.198808496918 158.556958000925 158.432326001686 159.811708458338 158.797631544078 159.144623496168
87.2778485076405 88.3626367790973 88.8622632119386 88.9533922636768 89.5926705747419 89.1575907731018 90.9273513301155 105.241380019076 108.494379671413 88.6439169384167 91.172110270398 91.4914057007375 88.3608334457561 90.995807994038 90.7001407394579 105.761940248301 145.310347456045 160.320956779063 155.472714415349 155.135591463981 166.961839427368 143.700518405696 96.1158506573076 97.3092816110609 104.279440924438 108.192410775266 107.278344768153 113.280477611277 141.979253734484 176.28732969572 177.193658185057 185.547949470193 184.71622854012 182.790312534924 179.976018881248 189.733788340675 194.540488675846 194.247661225994 175.600623872298 147.62594077396 163.539229052659 198.135589338045 200.519631560367 197.590577906401 187.351254901835 179.706751126042 170.521626701483 165.71838007958 161.050973591902 161.170522004207
87.569506009487 88.7030922243734 89.1654141614689 89.4463709827622 89.6748176118707 89.2574354127166 93.4681779124502 109.770742077364 109.383316191511 88.2137655830466 91.5851690954383 92.1834574213158 88.0172649824937 92.8868700696504 103.575691124604 115.441270885957 140.135534178455 161.598432121745 163.156908315977 164.657884948185 162.0014116714 135.03971733792 95.9005771396992 97.2238414646892 102.781883278952 109.585453578863 114.87644701166 118.359516219181 143.754721853517 183.941738488886 181.997263336126 185.228848499249 184.523426476275 178.690720265312 173.714699752904 189.221654032173 191.689754170277 192.324505890476 176.016683338482 150.174215576302 170.542257704169 198.486343006358 198.808578028232 200.905920792816 202.68419767191 197.540196806642 189.191260068402 181.375073377415 169.294167474344 164.591519878783
87.3175688172728 89.100040805287 89.4398922102925 89.8664052597068 90.0647462048354 89.2759832069299 93.0714330490653 102.656368688488 97.9684567215981 89.1953478079882 91.9151148295723 92.4835061887026 88.6915977413416 91.3881461655712 107.909468369836 132.199434920257 148.741248324587 162.755066637975 158.773454010103 153.380314871646 144.703859973167 108.695626338477 94.5665537335382 96.4722793623942 104.110407203007 116.366426774058 125.507000025368 127.553913536148 148.100175056707 183.584573554995 179.278795251668 180.808291999652 182.938358085651 176.540261381878 173.327906663578 184.916528928083 188.380822694305 192.041876769514 185.756999939683 166.6652993872 176.38865826299 199.037601446732 197.604608920057 197.229288227288 202.722201046425 201.945089700772 201.507215980641 195.029880338103 178.288233653639 163.500125173629
87.3881658769765 89.4906025647636 89.6336685738431 90.0730278367767 90.3727754266968 90.0760320466748 90.4348949361473 93.0078743558756 92.8597579196354 89.3944347340171 91.2732420285009 92.1481829983006 88.2287136048806 90.4828163603077 105.74354052199 131.818530730855 150.238346692461 149.733327958102 134.692960555701 122.863299949277 119.560769937955 92.3942290993121 93.2315572457143 95.5663068251515 106.458013764399 124.581427779672 131.491616213929 135.766273835791 159.536530657347 177.802203351404 177.178634890248 179.619006817952 181.453246689116 177.222844126285 170.438779334346 173.554878855409 188.271662821446 192.257152228301 191.199360966694 186.578526151964 186.557833515872 198.252270691688 197.248925410339 196.615203976457 199.024450940346 202.203301885843 198.417554827277 182.944251168749 171.021721182551 160.335822332466
88.0743630636987 89.7968878495123 89.8723410329416 90.1888446430788 90.5556022964222 90.6125342746786 89.8687140424747 91.5867500932782 94.0662519586231 88.4453133452835 91.3910993491367 91.994276771263 102.000098809998 108.959511728482 118.539847264403 134.425596917583 139.737755507421 139.791610013342 126.350830404908 104.002274302657 97.9543949135393 90.9640720249496 92.7499879185183 95.3939259147567 104.58426904265 127.3618283232 147.372262369351 154.685702970845 172.970332752803 178.745339112478 178.939396494167 178.547663297486 179.620152171573 180.931564491303 172.654108131274 155.92210031021 181.764974432861 192.404045800118 191.830113448675 191.883735213471 194.001404988466 195.613693491708 196.918092784229 198.518086360243 197.360415840152 200.17411932732 188.496239707545 170.247620996813 159.987811723098 160.230393916413
