rcp8.5models/MPI_ESM_LR/sc1gr3.2
NCOLS 261 
NROWS 433 
XLLCORNER 336357.134 
YLLCORNER 654653.479 
CELLSIZE 1000 
NODATA_value -9999 
[rows 44 to 65 of 433, columns 100 to 149 of 261]
270.719737659663 270.611585881905 270.614534926943 270.617525794103 270.620566591456 270.643991534687 271.121415579575 271.016341999663 271.151431012144 271.450392635141 271.137226440391 271.097441646371 271.150840664928 271.154509015802 271.158237301331 271.162005767302 271.145884673666 270.960823539732 270.986780953274 271.170494492632 271.106577477913 271.018413518544 -9999 -9999 -9999 -9999 -9999 -9999 -9999 -9999 -9999 -9999 -9999 -9999 -9999 -9999 -9999 -9999 -9999 -9999 -9999 -9999 -9999 -9999 -9999 -9999 -9999 -9999 -9999 -9999
270.610854616012 270.616873879051 270.619925758917 270.619281628091 270.51872473497 270.52948280624 270.698113847271 270.827072544001 271.035520059659 271.086068693662 271.146288701509 271.134914265391 270.963320291652 271.143217024402 270.973498646373 271.168502040467 271.139786172939 270.8215692034 270.631939667577 270.594085700811 270.710195692062 270.727126958651 270.848254714666 -9999 -9999 -9999 -9999 -9999 -9999 -9999 -9999 -9999 -9999 -9999 -9999 -9999 -9999 -9999 -9999 -9999 -9999 -9999 -9999 -9999 -9999 -9999 -9999 -9999 -9999 -9999
270.613462607037 270.619584977229 270.622706232142 270.619791802754 270.466771148098 270.575478514327 270.635628755088 270.645483859166 270.766472305414 270.8273967279 270.831657384344 270.819532343964 270.837030043389 270.943561337814 270.845755260543 270.962588311733 270.944215423763 270.729110548514 270.620822948285 270.624568470918 270.616218371308 270.548862641057 270.72822585665 270.925238826621 270.920211359539 -9999 -9999 -9999 -9999 -9999 -9999 -9999 -9999 -9999 -9999 -9999 -9999 -9999 -9999 -9999 -9999 -9999 -9999 -9999 -9999 -9999 -9999 -9999 -9999 -9999
270.398818421278 270.514230610974 270.510446600173 270.311901659564 270.472372134293 270.635287033049 270.638645949498 270.642054849292 270.651898065484 270.748283050261 270.652625030227 270.644014779162 270.725161991323 270.738275341055 270.828415188347 270.737270876264 270.735135306008 270.67207798804 270.594296983198 270.679087323765 270.596041618346 270.643261865858 270.710862113968 270.77045809391 270.862618567389 -9999 271.056154718645 -9999 -9999 -9999 -9999 -9999 -9999 -9999 -9999 -9999 -9999 -9999 -9999 -9999 -9999 -9999 -9999 -9999 -9999 -9999 -9999 -9999 -9999 -9999
270.17688031965 270.242386122481 270.242007397428 270.144770921612 270.475584142645 270.638284052752 270.641692785673 270.645143803808 270.65236366967 270.701859433075 270.557480833642 270.662837552843 270.666997506974 270.676255381041 270.730914117582 270.678546686311 270.671899565156 270.58670635203 270.634498550999 270.627709701474 270.174489815648 270.6117849517 270.706367040386 270.710395207335 270.736531501431 270.850909184351 -9999 -9999 -9999 -9999 -9999 -9999 -9999 -9999 -9999 -9999 -9999 -9999 -9999 -9999 -9999 -9999 -9999 -9999 -9999 -9999 -9999 -9999 -9999 -9999
270.441918592325 270.12795133167 270.139134857864 270.354306275406 270.469086701018 270.42211899731 270.330497920147 270.441622323047 270.545639391913 270.552513083329 270.594947730538 270.561962807527 270.478097462972 270.674198604964 270.678076718344 270.681970098965 270.679505642581 -9999 270.509338272866 270.673370449263 270.444978954482 270.211330550968 270.799729525225 270.714001667827 270.546162347411 270.72615453469 270.795978268528 271.153754957011 271.087895238534 -9999 -9999 -9999 -9999 -9999 -9999 -9999 -9999 -9999 -9999 -9999 -9999 -9999 -9999 -9999 -9999 -9999 -9999 -9999 -9999 -9999
270.407178856932 270.235069777522 270.130443359727 270.059672484005 270.466461863564 270.308003171591 270.25785495752 270.334499480361 270.587677398622 270.496194544075 270.552254925984 270.491289713911 270.465104977722 270.649095532574 270.377749015739 270.476733199395 270.502715477737 -9999 270.262783329198 270.355107530899 270.826050156159 270.543179973733 270.871962399251 270.792815715635 270.542684981949 270.862383014086 271.069818156827 271.227863746009 271.187645339755 271.24607566005 -9999 -9999 -9999 -9999 -9999 -9999 -9999 -9999 -9999 -9999 -9999 -9999 -9999 -9999 -9999 -9999 -9999 -9999 -9999 -9999
270.292379748714 270.298307340994 270.248539870293 270.330525612386 270.051430408684 270.111874746333 270.305536692657 270.109581106317 270.116967793517 269.966136257394 269.978898107476 270.101425526919 270.287648887882 270.159645469957 270.201017550282 270.376599437187 270.537175657185 270.238058944421 269.918100988792 270.22803015929 270.875733860898 270.879808764662 270.856894836188 270.665132012178 270.581373174847 270.745261015997 271.033478410745 271.069959436159 271.229364865768 271.165130948328 -9999 -9999 -9999 -9999 -9999 -9999 -9999 -9999 -9999 -9999 -9999 -9999 -9999 -9999 -9999 -9999 -9999 -9999 -9999 -9999
270.489882594421 270.407098470408 270.316114938526 270.503131508087 269.811392509877 269.788635335766 270.100865091698 269.967329600052 269.612128774085 269.551926398031 269.518720781951 270.2586238918 269.959864409381 269.882269055529 270.184350833454 270.174015393268 270.346714610673 270.008452891077 269.853730692825 270.275781378817 270.750615126673 270.600647513086 270.781428818502 270.777787874121 270.829051458492 270.620549308821 270.876714755741 270.728990088211 270.84873261057 270.928711540938 271.173763565703 -9999 -9999 -9999 -9999 -9999 -9999 -9999 -9999 -9999 -9999 -9999 -9999 -9999 -9999 -9999 -9999 -9999 -9999 -9999
270.597558943097 270.565861204414 270.204897488089 270.223955437822 269.397141380884 269.565758680508 269.871543634644 269.664231085109 269.498172671596 269.482050287821 269.331994786061 270.465195411503 269.564697459764 269.866411276119 269.97709852086 269.93162137887 270.018892647795 270.203124237685 269.949600162876 270.520349243572 270.455585071459 270.107876700252 270.404116029828 271.006872533347 270.894911217638 270.461019320646 270.413625608909 270.480915229006 270.529070200185 270.813577491794 271.106296517492 271.211844286835 -9999 -9999 270.977774326938 -9999 -9999 -9999 -9999 -9999 -9999 -9999 -9999 -9999 -9999 -9999 -9999 -9999 -9999 -9999
270.071426683499 270.105995373947 270.146148338452 270.111343085109 269.350693126939 269.095275446915 269.580977835327 269.073285644895 269.070587073301 269.007368438237 269.433490172665 269.940530233621 269.295260392642 -9999 269.67449338083 269.866239119493 269.902061824033 270.145656773809 270.043287020017 270.468821109063 270.234365059906 -9999 270.482827055396 270.538737190403 270.397944119457 270.361104777829 270.118528606742 270.252972261643 270.087818408234 270.986446170307 271.098966251692 271.090408493959 271.054716141737 -9999 -9999 271.124145507812 -9999 -9999 -9999 -9999 -9999 -9999 -9999 -9999 -9999 -9999 -9999 -9999 -9999 -9999
269.579481863155 269.615637467949 270.061737239427 -9999 269.340780055622 268.659331506767 -9999 268.827227352235 268.728012959452 268.730570189045 -9999 269.903070985993 269.388506897167 -9999 269.18100403917 269.754817583246 269.650361475245 269.58570653353 270.076059252043 270.254841053303 270.092491762178 270.337950132614 270.295362573259 270.110489643745 270.112259594106 270.355981573111 270.58976157777 270.422063596368 269.893842916976 270.930400273919 271.050074838717 270.798350213619 270.826638123766 -9999 271.285964544643 -9999 271.298889160156 -9999 -9999 -9999 -9999 -9999 -9999 -9999 -9999 -9999 -9999 -9999 -9999 -9999
269.201285643475 269.405036141046 -9999 -9999 269.456489245832 268.497083584893 268.711554817982 269.25219374107 268.70974060754 269.163900096531 -9999 269.695903104732 269.630455949109 269.003993668598 269.093576997229 269.010695986363 268.882267336179 268.893592811666 270.177852523397 269.775841667359 269.317438855371 269.828464316733 269.388628410584 269.565256932888 269.790806306843 269.902769026432 270.198857951946 270.341025471582 269.743918167996 269.866173343801 270.176398296951 270.234293139016 270.563198133087 270.959777331012 271.166133083652 271.436078226481 -9999 -9999 -9999 -9999 -9999 -9999 -9999 -9999 -9999 -9999 -9999 -9999 -9999 -9999
268.618059049718 269.65463021069 -9999 -9999 269.438071137666 268.988966466672 268.990037279262 268.968134749528 269.000995850918 269.088194679569 269.671881848547 269.445029524578 269.378459058435 269.253739277537 268.915130479918 268.702772131068 268.708810355167 269.525729165033 -9999 268.985441213636 268.950736382964 269.668782958167 268.834420445495 269.074480457529 -9999 269.751911301968 269.372957809342 269.43079141855 269.370560085592 269.745725730611 269.912735315694 270.02024240543 270.527976933878 270.79445478802 -9999 -9999 -9999 -9999 -9999 -9999 -9999 -9999 -9999 -9999 -9999 -9999 -9999 -9999 -9999 -9999
268.224908144524 269.727638277325 -9999 269.951674973357 269.169385341418 269.173254042904 269.146839835807 268.743172039621 268.794273381128 269.205264127516 269.568484191228 269.318918409011 269.029243711349 269.276886308409 268.758569570374 268.652992214106 269.063241761585 -9999 -9999 268.633542425482 269.117981797152 269.238793423108 268.630645265464 268.63218325836 269.25774406957 269.606098870322 269.24577950592 268.933600773888 269.00342274696 269.512941607498 269.720372133158 269.950327519838 270.261760558858 270.614131393784 -9999 -9999 -9999 -9999 -9999 271.493350493559 271.49770991358 -9999 -9999 -9999 -9999 -9999 -9999 -9999 -9999 -9999
268.189724415703 269.683001438478 270.093603007971 269.853102328924 269.185909284844 269.388988174621 269.342232471229 268.711535112009 269.073345524735 269.373043378127 269.478896332861 268.94086347343 269.002754510802 269.150558263612 268.606630411453 268.617822544628 269.192235102738 269.672715559607 269.210793865253 268.895063885265 269.008717674537 269.040014606791 268.794721286238 268.92380385184 268.884241919331 269.184668280766 269.103095083517 268.949531096142 269.016953565781 269.20710641035 269.415484589125 269.914815583161 270.3408271661 271.194722392626 -9999 -9999 -9999 -9999 -9999 -9999 271.501562358429 271.505933536301 -9999 -9999 -9999 -9999 -9999 -9999 -9999 -9999
268.51601779662 269.368428906264 269.840714479256 269.717668399884 269.489198161637 269.392688104293 269.147183587965 268.519324385455 269.067779067915 269.36791262868 269.364134740111 268.700326570337 268.770899113894 269.053726555764 268.554336791756 268.615129408684 269.0924646773 269.289967919653 269.032559854098 268.763820660212 268.79112585418 269.061222895352 268.959988726557 269.286798908632 268.347574209998 268.86956259737 269.044754434403 269.059763164043 269.101198117232 269.074738372959 269.448121146621 270.164781029754 271.042408533865 271.639615934854 -9999 -9999 -9999 -9999 -9999 -9999 271.627719718727 271.663240006112 -9999 -9999 -9999 -9999 -9999 -9999 -9999 -9999
268.992932909773 269.295250669191 269.683455351318 269.875322303164 269.664383819851 269.440211308333 269.183286026431 268.616159070017 269.193182801831 269.357233145835 269.205617539965 268.597390159669 268.662290324502 268.732882537236 268.66184058026 268.675685001191 268.780918220225 268.94239381051 268.755025114738 268.690596611969 268.767701609056 268.874288297549 268.885754611989 269.291872468396 267.80139971038 268.284754719588 269.010598315355 269.421448354111 268.909036208754 268.964832114651 269.602478445886 270.432151794014 271.331075023532 271.442916111931 271.447366920651 -9999 -9999 -9999 -9999 -9999 -9999 271.66334817495 271.748526313334 -9999 -9999 -9999 -9999 -9999 -9999 -9999
269.265051579682 269.658872392954 269.687768359992 269.877688775656 269.46598240504 269.394589940366 269.095865476855 268.544768498586 269.242824116613 269.030942805246 268.765430296838 268.544785559182 268.713457575846 268.657014866178 268.636281700877 268.737383001753 268.804512746083 268.995389901568 268.86960166133 268.749967292972 268.754296207052 268.7443007292 268.747540338815 269.267301627579 267.68304367625 268.245239709045 269.103127582245 269.115530586277 268.793237435602 268.950984884698 269.893504157117 270.98304107352 271.310316987009 271.275798800221 270.96026069918 270.360735926612 270.477874710591 271.045624398772 -9999 -9999 -9999 -9999 271.657193814904 -9999 -9999 -9999 -9999 -9999 -9999 -9999
269.221899199173 269.516051500645 269.493656258109 269.936398586108 269.649312442722 269.33248691779 269.000709634736 268.697416363317 268.885283479834 268.853064124638 268.648916828651 268.612533671295 268.630384171844 268.721039369765 268.652898624565 268.561120804224 268.811879602941 268.910969904556 269.142706395861 268.801897508536 268.408580531729 268.211786016115 268.637708059999 268.863437540912 268.279911919199 268.586335676324 268.563915537334 268.455288895021 268.379976466096 268.979186865465 270.07835700912 271.291515996479 271.233081284396 271.079128352471 269.903559315879 269.556736756795 269.507602955666 270.12231099179 271.021585437623 -9999 -9999 -9999 271.549935459242 271.646314177434 -9999 -9999 -9999 -9999 -9999 -9999
269.383518017347 269.349665875068 269.482281917556 269.915044864224 269.919617993919 269.358842273639 269.310062459766 268.854718889338 268.711211486061 268.775787005459 268.809271049881 268.643143876778 268.671268514876 268.754422575403 268.928731151657 268.811031448197 268.744604046166 268.77305254059 268.928308460643 268.787398388445 268.542751082134 268.38211733672 268.340352463417 268.089047869638 268.53114439233 268.052663736864 267.917604299135 267.870374954777 267.946748558029 269.056104780651 270.431209629174 271.327479421168 270.829951802314 270.080795415302 269.000698308348 269.503455786605 269.695100987523 270.016884539134 270.488644531564 270.925727970128 -9999 -9999 -9999 271.626301279606 -9999 -9999 -9999 -9999 -9999 -9999
269.075671183138 269.356582820485 269.531886168811 269.767096560114 269.978252097023 269.336081024311 268.987062597104 268.778973058688 268.901256230617 268.728929300678 268.868783543373 268.670655606444 268.523047769506 268.507178714706 268.407904266713 268.85558074413 268.761127073746 268.816437356364 268.578691069423 268.733840465214 268.489976087115 268.071320868284 268.194786160434 268.368788925433 268.445851797332 267.551581074988 267.684602382108 267.738283522776 268.46622584377 269.687298542269 270.590384026645 271.03372163834 270.657053792157 269.621888139837 268.284264298087 269.402071665775 269.672920266524 269.904917472327 270.352283529675 270.594972776421 -9999 -9999 -9999 271.480282095766 271.635625812322 -9999 -9999 -9999 -9999 -9999
