rcp8.5models/MPI_ESM_LR/sc1gr9.5
NCOLS 261 
NROWS 433 
XLLCORNER 336357.134 
YLLCORNER 654653.479 
CELLSIZE 1000 
NODATA_value -9999 
[rows 242 to 263 of 433, columns 200 to 249 of 261]
138.48911147149 136.597634800611 135.352634240087 133.711409776902 132.974301785335 131.317624008504 129.937846569259 128.105169995392 126.611477123791 125.436579011777 124.319950980158 123.000345314111 120.94005567866 119.770997474301 117.345482131368 -9999 -9999 114.082515535862 114.018611856397 112.84306415344 110.610559671621 109.228075301544 108.726876685126 107.881766220062 106.340689848083 104.951095538792 101.912938118157 100.911604224432 99.6919674172511 99.0422778064613 98.6180105496326 97.3554409259972 96.0074660401547 94.596432876416 93.579180805641 92.3232845185425 91.4291211060693 89.3953224888903 88.7944703522284 87.1660303923407 -9999 -9999 -9999 -9999 83.1108255221226 82.9357232903226 82.1298236983985 81.1451118659245 -9999 -9999
141.825020080604 140.751008463016 139.083959428509 137.483305053369 135.090711391177 133.249304455826 131.765106450586 129.764267253573 128.395385268597 127.134678394502 125.61891762146 124.717400865031 123.434876242601 122.168545489831 119.540891194436 -9999 -9999 115.838059855594 115.615576053514 114.711087445971 112.825239792596 111.265715093876 110.458522761567 109.174951952898 107.662933549654 105.682505376478 103.37807382274 102.146626331525 101.180029656468 100.727805197022 99.4132529781076 97.9959826642624 96.3433734043436 95.2492412281402 94.3775585819991 93.3013841563577 91.7750326978933 89.8431407643968 88.8074922726679 87.8864545424218 -9999 -9999 85.1281526024182 -9999 -9999 -9999 -9999 81.1445449834132 79.1304949900196 -9999
143.387233599484 142.263084992016 140.792470683894 137.778924249145 135.801733493086 133.954460084792 132.315412461722 130.687742235402 129.502416230853 128.409180821227 126.657065218151 125.409666110455 124.394799947362 123.05587762044 120.914134055504 119.53938245769 -9999 -9999 115.738481894304 115.238248973848 113.895508500214 112.531246214356 110.911008313219 109.419707381366 108.343314447418 106.1315767061 104.209704131943 102.776386974714 101.890507441414 100.98745850037 99.6708969203815 98.8011772201231 97.1060264005154 95.894925483957 94.6752093280315 93.5748142904229 92.216066735973 90.0283530214207 89.3847397112387 88.1986326731462 -9999 85.9949093909961 85.1340573562762 84.3104354449391 -9999 -9999 -9999 81.1811091350782 78.9731489495354 -9999
143.218921136711 141.8148241612 141.48233852066 137.514629559803 136.444099250352 134.466386218622 132.925760770349 132.015005241197 130.611119959659 129.384306690443 127.992425804633 126.602647533343 125.389555622942 124.304284206049 122.190375136108 120.440398318911 118.486006842923 117.171516927522 116.040886646427 115.621244213632 114.828180845171 113.407989248781 -9999 -9999 108.784980727676 106.999299942756 105.045680043526 103.742825025245 102.88469839497 101.010871222403 99.983175362966 99.2109076578436 97.8697555077367 96.3066347650216 94.8418776727878 93.6752415858387 92.8504211005912 90.7858286621713 89.4944732829141 88.2627567044613 -9999 86.1000988084085 85.4365185777197 84.1741197952595 83.4862778908994 82.4377348081052 -9999 81.2311388245929 79.2025902050445 78.5881712832285
143.850521268205 142.251724965927 141.642023464241 138.357821259865 137.055516179296 135.537062962209 134.235249673029 132.924524871811 131.381147083064 130.473052079228 129.234480211662 128.038671339751 126.465349775137 126.025631329491 123.792792187834 121.942904848467 120.136778468665 118.317343134818 117.113662108776 116.353551523434 115.42577609014 113.838410479598 -9999 -9999 109.470170658827 108.363255370801 106.150160841614 104.415384459918 103.461377085883 101.812668140651 100.566236109937 99.3153062652559 98.1746788391965 96.5374128913389 95.2072981507661 94.1670276909142 93.2783702015981 91.0192282267233 89.5301011136048 88.4343118267821 86.9852027043093 86.2595122487104 85.4292778640833 84.2036758093208 83.2218913673017 82.4196944277751 -9999 80.9380229076629 79.4489724845685 78.4217504169422
144.920917883403 143.141075619125 141.97817887116 139.604531943993 138.22379895572 136.907515234943 135.571593509229 134.350287832366 132.930036886336 132.170219956079 -9999 129.073328918193 127.206703058672 126.55847074904 125.481627569535 123.587212061133 121.537192058611 119.294474738947 118.105180155563 117.285963589974 116.042653017264 114.72749864445 -9999 -9999 110.588649825427 110.057946024186 107.169249391858 105.032786476004 103.918835730743 102.960675202956 101.023291960597 99.5177565486673 98.3141310878116 97.2884679956786 95.9045209242036 94.7654795382513 93.3710633867008 91.1387686848119 89.8663703042698 88.3372275117244 87.2336798705524 86.34013487122 85.3174911312367 84.0879032632112 83.2112346792429 82.4859618514473 81.7117969068395 -9999 79.353503689809 78.5126685074648
145.623848874434 144.010372976889 143.042577220236 141.055945081624 139.511701181964 138.031935828184 136.962549890906 136.498127669046 135.252742881906 133.431014598011 131.797469820169 130.595280096051 128.529994291851 127.069747808516 126.28116452239 123.965400335053 122.093570327221 120.428622784244 119.079076476078 118.206864429026 116.750383114896 115.175223276133 113.494099505382 -9999 111.408442954826 111.053521280122 107.943721774731 106.197443874488 105.11005162644 103.547056769745 101.526421268115 100.455357626854 98.8485522126333 97.9306328487622 96.4274892889764 95.1277494029106 93.5317053382811 91.4713961557498 90.19405726646 88.3612229488176 87.4943113024875 86.5662246405332 85.6093892457152 84.4972239700757 83.5024849469157 82.2083487730169 -9999 -9999 79.1869528443842 78.3853078350931
147.55342985296 145.503436945254 144.490953382278 142.260442774908 140.57825198923 139.466998913195 138.491915168044 138.653745114555 137.296487066708 134.21234228422 133.141865973544 132.204707609064 129.936681926716 128.728905630505 126.183836763591 124.624843522533 122.946079008347 121.821946911067 120.251147867424 118.489070899744 117.425407753921 115.658988562179 114.583634316942 112.907643828305 112.360262516451 111.841431525082 108.575561722811 -9999 106.575298379027 104.096600179179 102.572711439647 101.668838612741 99.2882726537865 98.0625681873853 97.0879027557545 95.658667697897 94.2275426980065 91.6105903267649 90.199902368672 88.8334457265294 87.7117085936699 86.6685378977618 85.5737686556535 84.8612913926796 83.3778449844724 82.1863009421517 81.7500495361942 80.6623418842692 -9999 -9999
148.907703248053 146.930962511972 146.343188203536 143.498525101693 141.839173442328 141.147131852497 140.885559999083 140.340398494563 137.957314532708 135.779748955518 134.998899080409 133.828564209029 131.092731000261 130.11457734898 127.122625451351 126.533791969873 125.093740610812 123.536117384642 121.318624361407 119.271649343996 118.35388105723 117.263594182786 115.632432001422 114.074769355103 113.07824694658 112.096530011877 109.609156099124 108.614174657141 106.866725324623 104.394126959808 103.659532923332 102.538417152188 100.229445186336 98.5962474321782 97.6640756798014 95.9668264381894 94.4373605634934 91.4153018405144 90.2681007672263 89.2815141368233 88.1627337283055 86.9719924420739 85.9015602389606 85.0081102741323 83.5970796947205 82.7967365649125 81.4635202271408 80.4464300107169 -9999 78.476012150219
149.732570994846 148.624608369286 148.139550202606 144.910275773385 143.443694908959 143.250563913785 142.809422717683 141.347059757391 138.792886705126 137.617723092998 136.823387820224 135.654949539989 133.108193442443 131.912389038235 -9999 128.535651080493 127.567147963836 125.349295593333 122.389583917752 120.134096694966 118.787007960137 118.227012066506 117.01553327381 115.387998949255 114.045620164122 112.747275435062 111.480463940813 109.527716100339 107.451913524819 106.136844683347 104.687167112537 102.727498742305 101.193512375996 99.2394990104878 97.639220329987 96.190259666779 94.5885891491835 91.601203882064 90.887993559852 89.5971888612317 88.656991941251 87.492669486191 86.2214300942746 84.8675712377463 83.830342883416 82.877816723069 81.2564172832405 -9999 -9999 78.0654581035915
151.812284207617 151.313141982717 149.210721515717 146.171448994736 145.59275718839 145.348939814392 144.139424226394 142.686638363016 140.886209198951 139.964183294719 138.592639347649 137.270212945516 135.692797328661 133.797896671897 130.217619500796 129.648683688268 128.730606087513 126.087838045611 123.357523864074 121.11226000759 119.494316654703 118.853687932554 118.490054939556 117.313326983634 115.47827071857 113.971720980265 112.047737100955 109.508149215257 108.120140624364 107.286031414858 105.522010336709 103.177398563205 101.605350904105 99.6323323373656 97.5547660465795 96.1508641152069 94.8158443130908 91.8447386762664 91.0346625371273 89.8670922104339 88.9258922038704 87.7000423102655 85.9738681345572 84.6838981219648 83.5584411033653 82.9476538683444 81.598398630973 -9999 -9999 78.0096423683616
153.374768965595 153.56142191737 151.163993835323 147.072686116279 146.504209724501 146.285911817229 145.846844783197 144.414247398746 142.845028366048 142.286499237331 140.79224964583 139.408475140165 137.727550849147 135.112920729682 131.276665560728 130.065657638944 128.991136559787 126.959262759805 124.732125102778 122.40060127893 120.342454082172 119.408345951177 118.932619835163 118.502826141602 118.084217272597 117.716896513664 112.58965243763 110.269097068286 109.283567189133 107.620772391272 105.666981074899 103.813255996375 101.950045237853 100.055858725952 97.9941717844959 96.3686231719844 95.5231472175057 92.5903381381017 91.2134222320385 90.4879768566011 89.1738162305716 87.8667842150406 85.9728576416025 84.9732908159833 83.8744953838688 -9999 81.5667303964692 80.161779908859 78.490496680255 78.0455993135269
155.283749982393 155.0799208433 153.115999789348 148.836966277065 147.728912273423 147.84308441358 147.259768349077 145.883137976875 144.296833887654 143.64316999912 142.954556184413 141.599817516856 138.829891663245 136.575781156296 132.635414949585 131.246247666266 129.957196014786 128.530865355001 126.287963092563 123.398462858378 121.008181375528 120.151785477662 119.195054647723 119.430903509584 119.226913270473 117.824280660925 113.288701218056 111.793369224481 110.399044193734 107.82689107028 105.723864332745 104.034002807893 102.322677369931 100.615453136792 98.9961369986486 97.0009314923032 95.8218437899247 93.1350033124697 92.0058230449314 90.6274146339343 89.2951116367489 87.8358467663392 86.285066391145 84.780989934678 83.8432538302217 -9999 -9999 79.8577744146678 -9999 77.7173604331449
159.031261398572 157.611893568771 155.541698483487 150.8219996194 149.896260600774 148.801010164346 148.134778776634 146.961803926953 145.377747829386 145.287587094509 145.297318410916 144.480425153381 143.896482943181 142.404386588797 135.047122574601 133.487665091577 131.465225748087 128.850246966212 126.745548468818 124.879643317829 124.732170036228 123.120453599583 121.184419728375 120.198086284826 119.664593337866 118.355752482047 113.090695533269 112.163825433953 110.986693910802 108.468855425078 106.995269824366 105.577774066514 104.66571204365 102.379806105028 100.289563331827 97.880785325219 96.1444327610063 93.1230877827054 91.4821682539187 90.4365540815733 89.3599153933988 87.8966927961971 86.4988573153142 85.6755768577008 83.7189115122427 82.3139427528123 81.1128465997516 80.0843039995541 78.1479757764045 -9999
160.253375260326 158.625543229299 156.87660495253 153.168608283604 151.226783903833 149.091220781994 148.39020942518 147.819422276973 147.208343666924 147.028315230169 148.267900770729 146.704500890723 143.862141173296 142.570387541613 135.1708279278 133.02406546072 130.947986976919 128.738203502048 127.202304801501 128.24505679871 130.244192050591 126.310010835007 122.745549723441 121.315720732357 120.654620436827 119.468030621034 113.834532118418 112.386790171582 111.665240756789 109.941228577275 108.304192110745 106.645753639156 105.372915307286 103.300203473158 100.770887411206 98.5208748966176 97.1364352008397 93.5455750881766 92.1068663862891 90.5344517430429 89.2036486800842 87.770252209443 86.5161270892344 85.1823377466187 83.5134338882342 82.2814402138209 81.2361479806751 79.9177341022556 78.0519048545347 77.0174997423617
161.336429393903 159.681341862785 157.633465457282 154.830500941617 152.458843106726 150.074754559077 148.814577541221 149.043809810957 149.511666971034 149.051946683861 149.692934786192 146.43030598095 142.618811628715 141.088681752929 135.785915505138 133.624885022542 131.686499947321 130.043462733389 129.708568061077 134.645766111506 134.236298046482 127.543275425706 124.173421322893 121.993218491552 121.072730596167 119.940084887459 114.533868368484 112.464855588513 111.574795607158 110.840494759233 109.542669790788 109.318865507429 109.301662129321 104.291415712483 102.075606318777 99.074238482637 97.5324078079801 93.7732259695877 92.3091341157087 90.7774948009457 88.9721475429638 87.9136324935486 86.9278765094402 84.6620353041404 83.1149262710673 82.356254569892 80.9357495639807 79.8660600488052 -9999 76.7258528405304
161.535934352497 160.038481942111 157.873235804443 154.884706497762 153.737933938454 151.112959223581 149.681707040358 150.468487118127 151.018233658813 149.89738081206 151.042382026906 150.883227720464 148.478265483824 141.562936984432 136.430837591199 135.463108290082 133.561311352929 130.912096608742 -9999 137.797100495492 132.519930694751 127.351536168897 124.878044449419 121.95322230896 120.931390962356 120.330539949061 115.08311260149 112.674356054376 112.107378469602 111.799824746586 112.488623538394 114.654487248433 115.270937481873 107.121771133839 102.646910109481 99.6778186614935 97.491747873654 93.9788973362091 92.3373209015091 91.0478228610983 89.0218122703205 87.5685710695365 86.5050649656981 84.3912175974053 82.9133422012808 82.0660238680366 80.8896854037037 -9999 -9999 -9999
161.636320707975 159.554996430431 157.808041787047 154.624332637954 154.118081440142 152.098918721197 150.534426032314 151.347380518364 155.704941117814 155.259862810127 150.238067737369 151.517910580018 150.789493024306 145.123493938026 143.252443633513 137.278145292523 134.320444826765 132.035682155848 132.934244298677 134.033439741677 130.456739917064 127.394375099572 125.299764553402 123.087192322248 121.378787630239 120.611291028198 115.705326351821 112.929431553638 112.786220397614 114.434710395153 115.234484849731 118.598129296267 117.455600813077 106.566635242404 102.475804014062 100.450269717089 98.2348495876958 94.8715173219331 92.4818446944726 91.146039987093 89.7026696066187 87.3497102340219 86.2778525379403 84.9518426628961 83.6188437147458 82.0271012440008 80.9543724048095 -9999 -9999 76.1302753090117
161.509037128818 160.104577816647 159.060220061194 155.091187858914 153.942824717098 153.226475610846 151.658505455428 152.654129579878 160.244090384626 156.994015534209 148.732560345854 150.144555049616 152.86725189336 151.58578804298 150.110982324012 137.511529555984 134.460704363352 133.214191052033 132.629429621119 131.589510239429 130.661496066096 128.494596552792 125.983922489424 123.504629523244 121.317328869037 120.961050940607 116.41549584762 113.879263122156 112.706589722274 113.555348886942 114.674872926727 117.551034143736 112.170686159467 105.055136156588 102.25340427581 100.153798894189 98.9516242598171 95.1983279099243 92.6763177321445 90.950321423609 89.4711096731079 87.6051050453394 86.5894530244669 85.4425749757101 83.8346905650212 82.1018175069889 80.6482593374066 79.37190333614 76.9894160501409 -9999
161.986658981327 160.995885299425 159.521048324443 155.325730979091 154.738004902529 153.69356236165 152.258463937189 152.97843537748 158.518847358167 154.616482862293 151.666667389247 157.1427117479 157.541140526066 153.174965092622 149.202553154313 139.460129532282 136.102878824831 134.290891029779 133.823710822482 134.008980672301 134.992627253111 133.059369018579 126.874462340337 124.140281767687 121.672067808504 121.090328826066 118.629054523317 116.801405804596 112.631807899103 112.452247222681 114.533237014946 112.296516318319 107.635377925796 104.519178599809 102.240582401407 100.373510646767 98.9024904634467 95.2231446025654 93.0958258874949 91.5465765782837 89.816077209048 88.44304952895 86.821837954481 85.591554287189 83.8010850335183 82.3735322581878 80.9556765584734 -9999 -9999 -9999
162.767137625226 160.7993287983 158.659295373586 155.780694020529 155.757752266464 154.684214045147 153.008480922964 151.567149765856 154.319488235735 157.686877148472 160.10421108771 165.338408131922 161.27046141807 154.578049908284 144.34029776597 140.26381019515 137.044515186647 135.533326528512 135.150696057539 135.052220730051 136.059326857504 133.67969723515 127.944003349018 125.323471656293 122.746835095099 121.327805162944 120.843091606375 119.350683007495 113.699877619858 -9999 -9999 -9999 106.477917613531 104.227296396386 102.334052072945 100.717292479431 99.0058182199393 95.6193019936098 93.6897587138012 92.2079502851794 90.3548852474469 88.7055946554995 86.9273161503178 85.4311619163948 84.1102095556865 82.860084171484 81.2642895626075 -9999 -9999 -9999
162.93406166146 161.101847832618 158.80077042239 157.09556637489 156.031132416068 155.595474383526 154.256400799681 151.547934358017 151.184809799614 158.097670833011 168.011176375052 169.94921699616 164.776913171168 157.117863820525 141.759111180303 139.367630979029 137.075570523209 136.183518381259 137.753331666741 140.214312847926 134.871061577738 131.331674480106 129.614626018239 128.101023975375 123.846176335982 -9999 127.391573878519 124.181900979199 114.706840566663 -9999 -9999 108.207400721007 106.148976880793 104.217323599723 102.588037725828 100.845357621846 99.6144358394129 96.5265479481267 94.751479597912 93.0921088141959 90.5319276371982 88.778516656443 87.2946098705861 85.4017390872447 84.2583134089526 82.5305533512093 80.5906780786294 -9999 76.4429016381807 74.9794391021313
