rcp8.5models/MPI_ESM_LR/sc1gr4.16
NCOLS 261 
NROWS 433 
XLLCORNER 336357.134 
YLLCORNER 654653.479 
CELLSIZE 1000 
NODATA_value -3.4e+38 
[rows 374 to 395 of 433, columns 147 to 195 of 261]
-3.4e+38 -3.4e+38 282.065124511719 281.697296142578 281.597717285156 281.696380615234 281.862579345703 281.900573730469 282.139465332031 282.558715820312 -3.4e+38 283.412261962891 283.557525634766 283.509490966797 283.406158447266 282.802581787109 282.136322021484 282.426330566406 282.733093261719 282.839752197266 282.384002685547 282.942199707031 283.498779296875 -3.4e+38 283.535888671875 283.400207519531 282.94140625 283.2392578125 283.97314453125 284.210052490234 284.9208984375 285.566070556641 285.464660644531 285.208648681641 285.759857177734 286.40576171875 286.792144775391 286.496734619141 285.945892333984 285.746185302734 285.690063476562 285.673461914062 285.658630371094 -3.4e+38 286.729522705078 287.085723876953 287.661346435547 287.574462890625 287.898254394531
282.190307617188 282.114837646484 281.853881835938 281.524261474609 281.616058349609 281.886138916016 282.147583007812 281.973449707031 282.094665527344 282.357940673828 282.895843505859 -3.4e+38 -3.4e+38 -3.4e+38 283.201293945312 282.710540771484 282.522521972656 282.443420410156 282.888916015625 283.269012451172 282.931732177734 283.213653564453 283.403289794922 283.435882568359 283.375030517578 283.041900634766 283.101440429688 283.815093994141 284.499938964844 284.616790771484 285.179138183594 285.495483398438 285.452392578125 285.187042236328 286.006469726562 286.737640380859 286.675170898438 286.564300537109 286.663909912109 286.379760742188 286.239990234375 286.119171142578 285.980621337891 286.297973632812 286.864135742188 287.369934082031 287.816741943359 -3.4e+38 288.237609863281
282.208953857422 282.155456542969 281.936645507812 281.764434814453 281.854888916016 282.248138427734 282.688903808594 282.399200439453 282.296234130859 282.4013671875 282.991851806641 -3.4e+38 283.478424072266 283.322387695312 283.187194824219 282.831909179688 282.592407226562 282.460266113281 282.848175048828 283.557098388672 283.486175537109 283.446380615234 283.840698242188 283.512817382812 283.276794433594 283.117218017578 283.442077636719 283.829895019531 284.572387695312 284.810516357422 285.501220703125 285.448333740234 285.477874755859 285.148620605469 285.891296386719 286.537231445312 286.481811523438 286.553192138672 286.719543457031 286.619445800781 286.52294921875 286.503784179688 286.302673339844 286.494445800781 286.789154052734 287.671325683594 -3.4e+38 287.820770263672 288.265625
282.356353759766 282.177825927734 282.008850097656 281.959655761719 282.139862060547 282.322265625 283.005035400391 282.933807373047 282.485321044922 282.700866699219 283.338806152344 283.819274902344 283.439636230469 283.254272460938 283.235046386719 282.912292480469 282.557098388672 282.640472412109 283.115203857422 283.733093261719 284.030487060547 283.907775878906 283.897583007812 283.631134033203 283.730621337891 283.690399169922 283.960388183594 284.131591796875 284.644256591797 284.859283447266 285.538818359375 285.578735351562 285.502136230469 285.674194335938 286.153625488281 286.599792480469 286.832672119141 286.49755859375 286.607727050781 286.626098632812 286.387908935547 286.450164794922 286.125091552734 -3.4e+38 286.633026123047 287.200347900391 287.560180664062 287.731597900391 -3.4e+38
282.346099853516 282.2587890625 282.2783203125 282.190826416016 282.244964599609 282.327606201172 282.924896240234 283.232116699219 282.885131835938 283.046295166016 283.666717529297 283.833709716797 283.457946777344 283.352935791016 283.057678222656 282.812316894531 282.732238769531 283.044281005859 283.336547851562 283.718994140625 284.409637451172 284.138000488281 283.283660888672 283.715209960938 284.271911621094 284.293975830078 284.453704833984 284.452178955078 284.552093505859 284.765075683594 285.492584228516 285.794281005859 286.070190429688 285.749816894531 286.255584716797 286.913970947266 287.550628662109 286.95068359375 286.688262939453 287.088562011719 286.500183105469 286.481842041016 286.153778076172 286.013732910156 286.330505371094 286.839141845703 286.921661376953 287.296813964844 287.724456787109
282.409027099609 282.582153320312 282.571594238281 282.370178222656 282.256561279297 282.29541015625 282.966247558594 283.343597412109 283.27392578125 283.363037109375 283.774047851562 284.017211914062 283.639556884766 283.426025390625 283.20947265625 283.216766357422 283.198486328125 283.207336425781 283.404144287109 283.898803710938 284.534820556641 284.216949462891 283.236145019531 283.712768554688 284.252136230469 284.546875 284.624969482422 284.827392578125 284.74658203125 284.694183349609 285.409820556641 285.631469726562 286.268096923828 286.108093261719 286.163177490234 287.002716064453 287.660278320312 287.586151123047 287.214996337891 287.582550048828 287.001892089844 286.453338623047 286.413024902344 285.732177734375 285.756988525391 286.624328613281 286.228607177734 286.403991699219 287.209777832031
282.400512695312 282.729827880859 283.006591796875 282.704315185547 282.329864501953 282.396545410156 283.03466796875 -3.4e+38 283.696868896484 283.711975097656 284.002868652344 283.982482910156 283.550811767578 283.445129394531 283.562469482422 283.788238525391 283.522613525391 283.082916259766 283.477111816406 283.932373046875 -3.4e+38 284.447723388672 283.867797851562 283.984649658203 284.185333251953 284.567047119141 285.135437011719 285.208374023438 284.710021972656 284.741516113281 285.374176025391 285.368530273438 285.777099609375 286.602478027344 286.449951171875 286.765167236328 287.482177734375 287.587707519531 287.531097412109 -3.4e+38 -3.4e+38 286.958709716797 286.401794433594 285.450439453125 285.330810546875 286.070068359375 285.841461181641 285.968109130859 286.219573974609
282.698181152344 282.8125 283.34326171875 283.073760986328 282.666015625 282.750518798828 282.948303222656 283.737854003906 284.329132080078 284.227752685547 284.266998291016 283.638824462891 283.401336669922 283.736511230469 283.9658203125 284.061737060547 283.599822998047 283.265045166016 283.440765380859 283.66748046875 284.058013916016 284.435729980469 284.476684570312 284.426544189453 284.433013916016 284.766326904297 285.505554199219 285.108184814453 284.461456298828 284.880645751953 284.869659423828 284.956787109375 285.528137207031 286.052978515625 286.392730712891 286.496307373047 286.907775878906 287.005676269531 -3.4e+38 -3.4e+38 287.425384521484 287.199523925781 286.558959960938 285.836486816406 285.128692626953 285.386688232422 285.802947998047 286.297058105469 286.238006591797
283.345184326172 283.05322265625 283.230072021484 283.248138427734 283.217895507812 283.254699707031 283.124755859375 283.607604980469 284.091552734375 284.412445068359 284.25390625 283.790405273438 -3.4e+38 -3.4e+38 284.237609863281 283.995239257812 283.529144287109 283.397888183594 283.539825439453 283.900817871094 284.357696533203 284.426391601562 284.608947753906 284.62646484375 284.792724609375 284.839263916016 285.551910400391 285.315734863281 285.050415039062 284.880279541016 284.294006347656 284.442840576172 285.020904541016 285.156555175781 285.826934814453 285.988372802734 286.437347412109 286.767486572266 287.486877441406 -3.4e+38 -3.4e+38 -3.4e+38 287.006469726562 286.618255615234 285.742797851562 285.052337646484 286.332122802734 286.894195556641 286.642181396484
283.666442871094 283.890625 283.729248046875 284.126159667969 284.05078125 283.972076416016 283.836730957031 283.535003662109 283.513031005859 284.127349853516 284.456237792969 284.157470703125 283.595336914062 -3.4e+38 283.975891113281 283.924011230469 283.733093261719 283.321166992188 283.486022949219 284.0478515625 284.630554199219 285.138427734375 284.617645263672 285.312835693359 285.294281005859 285.391693115234 285.619964599609 285.362823486328 285.280151367188 284.80859375 284.616790771484 284.739990234375 284.615509033203 285.483978271484 285.684936523438 286.049957275391 286.036529541016 286.249176025391 287.139526367188 -3.4e+38 -3.4e+38 -3.4e+38 287.797027587891 287.407989501953 286.942810058594 287.088684082031 287.186828613281 286.651092529297 283.755340576172
283.471496582031 283.92236328125 283.905700683594 284.135864257812 284.076934814453 284.183013916016 284.08349609375 283.910430908203 283.774200439453 284.194366455078 284.540771484375 284.392456054688 283.856597900391 283.753845214844 283.2646484375 283.301605224609 283.531097412109 283.528625488281 283.999359130859 284.464691162109 284.624908447266 285.174438476562 284.968780517578 285.434814453125 285.628967285156 285.908355712891 285.906341552734 285.327453613281 285.33349609375 285.217193603516 285.019897460938 285.170867919922 284.911865234375 285.684967041016 -3.4e+38 286.546447753906 286.43798828125 286.311798095703 287.05126953125 -3.4e+38 -3.4e+38 288.282531738281 288.516906738281 287.959442138672 287.364562988281 287.455261230469 287.26904296875 286.344482421875 284.162628173828
283.428344726562 283.862854003906 283.840423583984 284.117126464844 284.257751464844 284.437316894531 284.534423828125 284.21337890625 284.211730957031 284.564544677734 -3.4e+38 284.509735107422 284.206970214844 283.878448486328 283.413482666016 283.173461914062 283.293823242188 283.577606201172 284.006408691406 284.287384033203 284.621612548828 285.015045166016 285.452514648438 285.686676025391 286.311431884766 286.502685546875 286.093505859375 285.375 285.323150634766 285.329071044922 285.311370849609 285.28173828125 285.322662353516 285.663452148438 286.143920898438 286.473297119141 -3.4e+38 286.828765869141 286.771575927734 287.704071044922 288.086334228516 288.669647216797 288.715698242188 288.575439453125 288.307373046875 287.972717285156 287.302978515625 287.044921875 286.811859130859
283.400085449219 283.460754394531 283.331573486328 283.763488769531 284.198150634766 284.582916259766 284.856201171875 284.399230957031 284.454620361328 284.781158447266 284.653656005859 284.220489501953 284.009399414062 283.741394042969 283.550964355469 283.360656738281 283.365844726562 283.485443115234 283.495147705078 283.823577880859 284.534545898438 284.730621337891 285.4990234375 285.755920410156 286.457824707031 286.464019775391 286.318176269531 285.795837402344 285.371002197266 285.437469482422 285.711273193359 285.424743652344 284.842559814453 285.506988525391 286.048858642578 286.514739990234 287.009826660156 287.090942382812 286.91796875 287.339416503906 287.595123291016 288.120910644531 288.539398193359 288.501586914062 288.569122314453 -3.4e+38 287.670349121094 287.419403076172 287.461639404297
282.863647460938 283.146209716797 283.418762207031 283.748260498047 284.216094970703 284.5654296875 284.86083984375 284.604766845703 284.418060302734 -3.4e+38 284.584320068359 284.120269775391 283.499755859375 283.530029296875 283.726959228516 283.597961425781 283.438903808594 283.698822021484 283.316772460938 283.564300537109 284.189514160156 284.472869873047 285.409088134766 285.486572265625 285.935821533203 286.284576416016 286.315887451172 286.110992431641 285.612243652344 286.087463378906 286.253295898438 285.597473144531 284.680938720703 285.406829833984 285.776458740234 286.488037109375 287.148742675781 287.252136230469 287.195953369141 287.285614013672 287.475311279297 287.525207519531 288.257873535156 288.387115478516 288.391693115234 287.277587890625 288.199127197266 287.710693359375 286.286315917969
282.793090820312 283.292022705078 283.830810546875 284.034912109375 284.293426513672 284.609375 284.881622314453 284.73876953125 284.65185546875 284.807922363281 284.526702880859 283.863128662109 283.461181640625 283.963287353516 284.221313476562 284.06005859375 283.838165283203 284.07861328125 283.553771972656 283.424652099609 283.650756835938 284.103485107422 284.7646484375 284.921203613281 285.422546386719 285.930572509766 286.256317138672 286.104217529297 286.042114257812 286.491455078125 286.269958496094 285.513458251953 285.371002197266 285.423034667969 285.407775878906 286.043487548828 286.771667480469 287.351379394531 287.599334716797 287.733551025391 287.877899169922 287.451232910156 288.225646972656 288.294036865234 288.338684082031 288.370849609375 288.369903564453 287.856109619141 285.524932861328
283.040954589844 283.441772460938 283.824066162109 283.998138427734 284.170867919922 284.497375488281 284.903045654297 284.960693359375 285 284.799438476562 284.318237304688 283.829162597656 283.946868896484 284.235931396484 284.353118896484 284.331756591797 284.309814453125 284.291381835938 283.939422607422 283.601776123047 283.693389892578 283.677917480469 284.397613525391 284.924072265625 285.464385986328 285.908630371094 286.221221923828 286.135009765625 286.200714111328 286.207275390625 286.069946289062 285.736175537109 285.941955566406 286.014923095703 285.875732421875 286.0009765625 286.674407958984 287.346099853516 287.908081054688 288.202758789062 288.328247070312 287.937561035156 288.444732666016 288.408325195312 288.388214111328 288.355926513672 288.531616210938 288.108581542969 287.158386230469
282.978729248047 283.340728759766 283.414337158203 283.421417236328 283.780548095703 284.186340332031 284.796905517578 285.150695800781 284.946014404297 284.413879394531 284.423645019531 284.156036376953 284.440490722656 284.717071533203 284.806762695312 284.704895019531 284.548645019531 284.417999267578 284.258575439453 284.119140625 284.191955566406 283.734313964844 284.054229736328 284.927703857422 285.610687255859 286.303924560547 286.399505615234 286.297790527344 286.164215087891 286.111175537109 286.091705322266 286.062683105469 286.175537109375 286.413604736328 286.455871582031 286.466766357422 286.809936523438 287.309539794922 287.716186523438 288.401428222656 288.549774169922 288.471740722656 288.622314453125 288.629119873047 288.484924316406 288.423980712891 288.874664306641 288.783386230469 288.466705322266
282.623992919922 -3.4e+38 282.800262451172 282.936370849609 283.351531982422 283.792541503906 284.516357421875 285.038055419922 285.022064208984 284.642364501953 284.664337158203 284.72265625 284.874389648438 285.134521484375 285.060913085938 284.846130371094 284.5458984375 284.576263427734 284.473937988281 284.420074462891 284.484710693359 284.19140625 283.956146240234 284.620269775391 285.598754882812 286.443115234375 286.814727783203 286.516571044922 286.344085693359 286.278015136719 286.133178710938 286.195587158203 286.247711181641 286.708221435547 286.604400634766 286.332092285156 286.575103759766 287.113616943359 287.498596191406 288.309295654297 288.542144775391 -3.4e+38 288.778686523438 288.805297851562 288.683715820312 289.083648681641 289.280731201172 289.20947265625 288.956665039062
281.896423339844 282.347503662109 282.557556152344 283.101165771484 283.577117919922 283.858306884766 284.524475097656 284.942626953125 285.170135498047 285.194396972656 285.007843017578 285.163787841797 285.119232177734 285.010345458984 284.717254638672 284.719543457031 284.417358398438 284.895843505859 284.817657470703 284.768798828125 284.726867675781 -3.4e+38 284.509796142578 284.979309082031 285.672943115234 286.469848632812 286.853088378906 286.763061523438 286.468414306641 286.471313476562 286.248870849609 286.549926757812 286.873840332031 287.276397705078 286.816314697266 286.191192626953 286.268585205078 286.773101806641 287.361633300781 288.0498046875 288.303863525391 288.579467773438 -3.4e+38 -3.4e+38 289.027496337891 289.429718017578 289.649841308594 289.525787353516 289.567687988281
281.847564697266 282.2490234375 282.499237060547 283.099090576172 283.55029296875 283.838836669922 284.456665039062 284.579650878906 284.869323730469 285.193939208984 285.285522460938 285.04345703125 284.726898193359 284.758880615234 284.948638916016 285.041168212891 284.847534179688 285.251037597656 285.04638671875 284.739532470703 284.9658203125 284.911865234375 284.762603759766 284.874298095703 285.426666259766 286.024505615234 286.515350341797 286.867889404297 286.646209716797 286.709869384766 286.469207763672 286.828643798828 287.455841064453 287.459320068359 287.011352539062 286.243408203125 286.300872802734 286.860504150391 287.162170410156 287.626159667969 288.084625244141 288.234802246094 288.552917480469 -3.4e+38 289.039337158203 289.022186279297 289.384796142578 289.535675048828 289.697601318359
282.207946777344 282.594665527344 282.519409179688 282.696685791016 283.098358154297 283.431823730469 283.977722167969 284.234802246094 284.715026855469 285.100402832031 285.226318359375 285.003509521484 284.673370361328 284.744750976562 285.334686279297 285.340118408203 285.263427734375 285.19384765625 284.837310791016 284.823913574219 285.204345703125 285.289672851562 284.889984130859 284.458801269531 285.218658447266 285.779876708984 286.337249755859 286.834075927734 286.923278808594 286.917419433594 286.763824462891 286.926391601562 287.337860107422 287.755187988281 287.185546875 286.343139648438 286.704345703125 287.139312744141 286.981842041016 287.303009033203 288.073638916016 288.141510009766 288.208068847656 288.423248291016 288.551086425781 288.928070068359 289.270782470703 289.359008789062 289.558380126953
282.069366455078 282.884613037109 283.229919433594 283.195587158203 283.081451416016 283.201538085938 283.493225097656 283.939605712891 284.488250732422 285.257904052734 285.525970458984 285.270477294922 285.327117919922 285.282104492188 285.640777587891 285.569519042969 285.277038574219 285.251708984375 285.341796875 285.64404296875 286.215362548828 286.15625 285.242767333984 284.991943359375 285.091522216797 285.640747070312 286.365356445312 287.006774902344 287.177795410156 287.204986572266 287.185791015625 287.677368164062 287.613189697266 287.702545166016 287.517791748047 287.384735107422 287.556274414062 287.602325439453 287.357666015625 287.443054199219 287.674163818359 287.618896484375 287.726623535156 288.129211425781 288.604156494141 289.164672851562 289.2138671875 289.210662841797 289.445587158203
