rcp8.5models/MPI_ESM_LR/sc1gr9.30
NCOLS 261 
NROWS 433 
XLLCORNER 336357.134 
YLLCORNER 654653.479 
CELLSIZE 1000 
NODATA_value -3.4e+38 
[rows 198 to 219 of 433, columns 98 to 146 of 261]
996.376892089844 995.432983398438 990.647583007812 990.685180664062 988.595520019531 983.598876953125 979.437927246094 977.481323242188 972.227844238281 968.845153808594 966.999755859375 965.493896484375 962.105163574219 959.595153808594 954.731201171875 951.929016113281 945.867736816406 940.153747558594 934.431884765625 927.766723632812 923.29248046875 916.531066894531 781.462097167969 588.388793945312 903.097717285156 895.032897949219 882.523742675781 877.440185546875 871.891235351562 865.006652832031 856.478454589844 851.069091796875 845.962036132812 746.435791015625 401.102447509766 241.804534912109 512.365417480469 129.578796386719 242.139144897461 385.406311035156 121.810409545898 108.652702331543 137.894073486328 277.622741699219 512.666931152344 282.53955078125 143.13623046875 277.246398925781 146.65251159668
997.307861328125 996.258422851562 992.721557617188 990.837646484375 989.757385253906 987.334167480469 982.864013671875 980.710327148438 975.656555175781 970.664245605469 967.886047363281 965.321472167969 960.671142578125 958.284545898438 955.138671875 950.760192871094 945.563537597656 939.676940917969 934.37548828125 928.376220703125 922.42626953125 916.919860839844 810.743591308594 660.776672363281 904.7685546875 897.620544433594 886.568969726562 881.629943847656 875.301818847656 867.600341796875 832.742919921875 667.754943847656 444.259185791016 563.42626953125 744.940795898438 613.866821289062 711.340881347656 215.139602661133 501.951843261719 530.997802734375 134.253555297852 135.910522460938 138.478134155273 202.515121459961 280.797027587891 142.787796020508 143.838043212891 277.059387207031 147.426284790039
998.742736816406 997.263549804688 994.690795898438 -3.4e+38 988.57080078125 988.2763671875 985.183959960938 982.674743652344 979.360534667969 973.551086425781 968.239929199219 964.419250488281 961.248840332031 958.330810546875 953.51708984375 -3.4e+38 944.876647949219 -3.4e+38 932.880249023438 926.965759277344 921.947631835938 918.221862792969 911.968811035156 908.275512695312 903.937438964844 898.523315429688 888.149047851562 883.900085449219 878.671508789062 869.4404296875 840.010437011719 706.730163574219 526.105407714844 620.577819824219 842.41796875 719.130432128906 347.044525146484 199.608688354492 445.371734619141 565.943969726562 406.331848144531 321.372253417969 139.061920166016 214.429260253906 306.307708740234 143.538497924805 213.153610229492 355.763458251953 292.034240722656
1001.67431640625 1000.451171875 995.993713378906 990.198059082031 989.453308105469 986.996643066406 985.682739257812 983.899291992188 979.575561523438 974.448974609375 970.897644042969 966.328247070312 961.967956542969 957.883239746094 953.38330078125 -3.4e+38 -3.4e+38 -3.4e+38 -3.4e+38 927.244750976562 923.821533203125 919.307800292969 912.771789550781 908.249328613281 902.784057617188 898.848388671875 892.286437988281 885.812133789062 882.789672851562 872.993530273438 864.550598144531 859.206481933594 854.104309082031 849.446594238281 844.155151367188 742.167602539062 514.399597167969 244.33821105957 575.25244140625 729.137817382812 693.65966796875 555.422973632812 319.075775146484 276.809875488281 515.981811523438 305.477172851562 271.749389648438 423.497406005859 414.153045654297
1002.58581542969 1003.70672607422 998.074951171875 990.380126953125 990.201721191406 988.092346191406 987.150756835938 984.113464355469 980.681823730469 976.255798339844 972.760131835938 969.3408203125 963.311340332031 959.022033691406 -3.4e+38 -3.4e+38 -3.4e+38 -3.4e+38 933.553283691406 -3.4e+38 924.2939453125 918.404479980469 912.891174316406 907.951782226562 903.118896484375 900.226928710938 894.07958984375 888.924926757812 884.155700683594 875.219970703125 -3.4e+38 864.0712890625 859.544921875 855.233459472656 727.121337890625 564.010925292969 714.910400390625 223.689041137695 438.037933349609 550.29052734375 779.027160644531 607.879089355469 288.339080810547 204.083969116211 340.855377197266 279.532104492188 204.759994506836 346.016357421875 419.052947998047
1000.52282714844 1002.33801269531 1000.85943603516 991.984802246094 991.677612304688 990.917358398438 988.010803222656 985.745056152344 984.241516113281 979.151672363281 973.8134765625 969.405700683594 963.794982910156 960.123413085938 954.988647460938 -3.4e+38 947.390686035156 -3.4e+38 -3.4e+38 929.566345214844 926.171630859375 921.128601074219 916.522033691406 909.63720703125 904.863830566406 901.205871582031 894.81494140625 892.979431152344 886.960144042969 879.455139160156 872.727783203125 868.664001464844 865.965393066406 738.305603027344 472.446502685547 621.470703125 623.005554199219 247.14924621582 394.970397949219 341.947723388672 808.930847167969 679.042236328125 430.560119628906 459.448303222656 385.967834472656 308.28759765625 221.423294067383 444.401794433594 341.670501708984
998.1083984375 998.812805175781 998.990112304688 994.393188476562 991.877868652344 991.524841308594 989.453918457031 988.55078125 984.67724609375 979.813781738281 976.164611816406 971.115173339844 965.559143066406 960.729187011719 955.641540527344 -3.4e+38 948.350830078125 941.078491210938 935.48876953125 931.253845214844 927.991394042969 924.422058105469 919.806213378906 913.455749511719 907.985168457031 902.990417480469 898.540222167969 896.674438476562 891.569885253906 885.546813964844 877.19384765625 872.531372070312 868.916381835938 764.60107421875 631.060302734375 853.246032714844 744.677917480469 608.821594238281 726.636840820312 603.682739257812 698.427734375 496.768218994141 643.668334960938 582.654235839844 346.866424560547 282.749572753906 285.078735351562 580.78759765625 209.916946411133
998.682800292969 998.984130859375 998.396728515625 997.34716796875 993.328735351562 992.994750976562 992.063720703125 988.423889160156 983.798278808594 981.227966308594 977.141662597656 972.614562988281 968.534545898438 962.989685058594 -3.4e+38 -3.4e+38 948.081970214844 944.049499511719 936.660827636719 931.390625 926.925598144531 925.143249511719 921.350341796875 915.324035644531 911.593872070312 907.389953613281 902.206726074219 901.070556640625 897.605529785156 891.570373535156 883.590270996094 879.057800292969 873.059753417969 866.916320800781 862.723327636719 854.573303222656 844.106811523438 828.797790527344 707.582153320312 559.666076660156 721.915649414062 575.480224609375 691.376159667969 582.167297363281 465.896911621094 385.900329589844 373.831909179688 418.22998046875 370.458526611328
999.141296386719 998.999633789062 998.999816894531 998.6748046875 996.184753417969 994.900390625 991.935302734375 987.050415039062 985.119201660156 983.872863769531 978.142456054688 973.30615234375 969.533020019531 964.577453613281 -3.4e+38 -3.4e+38 -3.4e+38 945.015380859375 937.939819335938 932.3974609375 927.895812988281 924.330322265625 920.6181640625 916.154174804688 912.882446289062 909.786560058594 910.77001953125 913.68798828125 904.770263671875 895.528442382812 889.954040527344 886.222290039062 879.1220703125 872.710388183594 864.679443359375 855.549926757812 847.706176757812 716.747009277344 467.697052001953 609.648803710938 820.508422851562 814.55078125 751.503601074219 652.094360351562 672.6728515625 589.555358886719 524.299194335938 447.382843017578 564.346252441406
999.491088867188 997.740417480469 999.185302734375 997.13134765625 996.253051757812 995.538391113281 992.419128417969 988.361633300781 987.365661621094 984.398681640625 980.756652832031 975.982543945312 970.776733398438 966.092041015625 958.556884765625 -3.4e+38 -3.4e+38 944.746398925781 941.374145507812 935.901916503906 930.6728515625 925.242065429688 920.92041015625 916.773071289062 912.430541992188 910.724914550781 916.486511230469 925.007080078125 912.238586425781 900.408752441406 895.653930664062 890.320007324219 885.072937011719 877.690490722656 868.422607421875 860.028137207031 854.167053222656 743.795104980469 617.050415039062 832.49755859375 824.618835449219 818.699462890625 785.319946289062 726.615844726562 688.111267089844 595.05078125 596.209533691406 631.004699707031 582.434509277344
1002.81640625 1000.2666015625 997.842590332031 996.708374023438 995.365356445312 994.400085449219 992.363220214844 991.15283203125 989.225036621094 990.854187011719 991.096374511719 981.844116210938 974.478942871094 969.8974609375 958.127502441406 956.147033691406 952.849792480469 946.642517089844 942.974914550781 938.733337402344 934.334899902344 927.435974121094 922.070068359375 917.995300292969 915.100341796875 913.327087402344 916.78662109375 920.068908691406 910.605407714844 901.23291015625 894.787170410156 892.694458007812 885.807983398438 878.286987304688 869.586181640625 864.009155273438 860.0810546875 850.021667480469 844.062377929688 839.778991699219 834.056518554688 825.181884765625 812.690979003906 803.005737304688 794.131958007812 739.783081054688 680.688293457031 735.490051269531 445.473449707031
1004.25537109375 1002.21746826172 998.918823242188 998.561889648438 998.319763183594 997.574279785156 -3.4e+38 991.501708984375 989.446166992188 991.389831542969 993.49169921875 983.09619140625 975.366943359375 970.340148925781 959.255126953125 956.6171875 953.708557128906 947.9091796875 943.713073730469 939.376770019531 935.648071289062 930.718505859375 925.429870605469 920.445617675781 915.853454589844 913.849182128906 912.963989257812 916.478454589844 906.663513183594 898.362426757812 893.4580078125 890.853881835938 886.165649414062 877.388977050781 870.347351074219 865.507446289062 860.982543945312 852.602172851562 846.680786132812 842.361083984375 838.414733886719 830.451416015625 817.4404296875 810.638671875 807.072814941406 754.807800292969 695.430969238281 741.420776367188 516.336791992188
1004.03717041016 1003.43615722656 1001.87506103516 998.586059570312 998.780456542969 999.974853515625 996.094421386719 992.189025878906 990.529052734375 991.370544433594 993.140625 987.365783691406 975.332275390625 972.163879394531 961.389526367188 956.537414550781 953.871520996094 950.352478027344 944.927734375 940.528015136719 937.219360351562 933.13525390625 926.99560546875 923.099426269531 916.995849609375 914.263244628906 914.703430175781 916.376953125 904.133056640625 896.383178710938 893.26220703125 891.497192382812 885.669982910156 877.579650878906 871.316528320312 865.266174316406 861.225891113281 855.298828125 851.403747558594 846.8486328125 841.642272949219 833.084228515625 822.052429199219 814.791259765625 811.219909667969 754.450439453125 650.320678710938 665.384582519531 580.398559570312
1005.26159667969 1005.01739501953 1004.82104492188 999.089111328125 1000.60369873047 1003.30590820312 998.954956054688 992.672912597656 990.19384765625 992.86572265625 999.921875 996.300720214844 976.969787597656 974.832397460938 962.065795898438 959.017883300781 955.235107421875 953.520690917969 949.714660644531 942.98046875 939.019592285156 936.53076171875 930.567504882812 925.595153808594 918.77783203125 917.059448242188 916.909545898438 917.0419921875 903.955505371094 898.550231933594 -3.4e+38 892.747741699219 883.458740234375 878.191833496094 874.36474609375 867.010925292969 863.1962890625 859.180603027344 856.218872070312 853.238952636719 845.248596191406 835.323181152344 827.113342285156 821.130065917969 820.87548828125 787.222595214844 679.228759765625 602.198120117188 586.372253417969
1006.94946289062 1004.59326171875 1004.75109863281 1001.94213867188 -3.4e+38 1003.95886230469 1001.20886230469 995.0546875 990.957153320312 993.2236328125 999.4736328125 993.546691894531 978.701477050781 974.660339355469 962.998107910156 959.860534667969 956.735107421875 954.695861816406 954.513366699219 951.209289550781 -3.4e+38 940.018432617188 934.083129882812 927.197631835938 922.667114257812 921.639343261719 917.954467773438 916.52783203125 904.588562011719 903.367004394531 898.534423828125 892.100830078125 884.539306640625 882.693969726562 880.358764648438 872.780822753906 866.805786132812 861.913146972656 859.766418457031 856.620361328125 848.791076660156 838.807250976562 832.367248535156 829.656677246094 834.594909667969 826.409973144531 770.659729003906 671.012023925781 588.813720703125
1006.81256103516 1005.41333007812 1005.07244873047 1003.90008544922 1002.72186279297 1004.12518310547 1003.41632080078 999.380920410156 992.562622070312 991.446228027344 995.11962890625 991.259582519531 980.318054199219 974.898315429688 965.237548828125 961.541320800781 959.128051757812 955.718322753906 957.128601074219 956.88671875 945.543701171875 940.771911621094 935.901489257812 926.544189453125 922.534973144531 920.620483398438 914.619812011719 910.891357421875 904.153503417969 903.502502441406 897.966491699219 892.037048339844 886.507568359375 885.824829101562 882.677490234375 878.493957519531 873.392456054688 863.430053710938 860.530212402344 857.53271484375 853.165222167969 844.427307128906 840.263000488281 842.423034667969 845.762878417969 837.938903808594 806.411926269531 734.248779296875 591.349792480469
1007.5244140625 1005.48254394531 1005.30676269531 1005.02673339844 1005.79040527344 1006.10180664062 1003.73748779297 1000.93493652344 994.804504394531 991.290832519531 993.03857421875 990.948120117188 980.607788085938 974.956787109375 966.351318359375 964.212463378906 961.861022949219 957.863708496094 955.934326171875 954.29736328125 946.943725585938 940.132141113281 936.298645019531 927.093566894531 922.70068359375 918.572387695312 911.388977050781 909.023498535156 905.632202148438 902.023864746094 898.539001464844 891.842529296875 887.986755371094 886.626098632812 882.755004882812 880.266418457031 876.337646484375 868.014221191406 862.418151855469 859.494812011719 855.816955566406 847.751342773438 844.246337890625 853.185180664062 864.618713378906 848.275390625 812.553466796875 773.72021484375 596.22119140625
1009.66491699219 1010.81884765625 -3.4e+38 1006.09765625 1008.31427001953 1009.69976806641 1006.47790527344 1002.27520751953 997.218872070312 992.554626464844 991.316650390625 989.629943847656 980.304138183594 974.021057128906 966.679626464844 963.923706054688 962.937438964844 959.576293945312 954.989440917969 951.6708984375 946.172119140625 941.115051269531 938.039855957031 930.08154296875 925.29931640625 920.3984375 912.122009277344 909.07861328125 905.650634765625 900.586486816406 896.723510742188 891.575012207031 888.965698242188 887.758850097656 883.342224121094 879.608276367188 877.131225585938 871.444030761719 866.608337402344 862.630493164062 857.922180175781 850.970886230469 846.385864257812 856.372985839844 883.276672363281 867.063598632812 813.752380371094 773.840148925781 601.594787597656
1013.47808837891 1014.61895751953 1008.63037109375 1008.22845458984 1008.62316894531 1010.06207275391 1008.37719726562 1004.81848144531 999.902038574219 994.664489746094 991.755859375 989.841613769531 980.717895507812 975.433288574219 968.134094238281 964.784362792969 963.22900390625 959.316467285156 955.553344726562 952.207458496094 947.090148925781 942.534973144531 936.802490234375 930.584289550781 926.009643554688 921.786193847656 914.639587402344 909.793579101562 905.725769042969 901.524780273438 896.936767578125 893.671752929688 -3.4e+38 -3.4e+38 884.887573242188 882.595886230469 883.102111816406 878.280334472656 870.274658203125 866.735717773438 861.491027832031 856.205993652344 854.9111328125 864.853637695312 886.916259765625 863.884216308594 821.461486816406 786.204833984375 677.686950683594
1013.68023681641 1013.28863525391 1011.1787109375 1007.77685546875 1007.14294433594 1007.25250244141 1006.33465576172 1005.58569335938 1001.541015625 995.010681152344 993.042602539062 991.184814453125 983.477478027344 977.128662109375 970.726623535156 966.259399414062 963.812377929688 962.609313964844 957.470031738281 952.667907714844 949.092529296875 942.164367675781 935.88671875 931.595458984375 926.885375976562 923.341491699219 915.253540039062 911.265319824219 908.741455078125 904.445617675781 900.657592773438 898.219909667969 -3.4e+38 890.906005859375 888.1005859375 887.653137207031 895.970092773438 880.986206054688 873.791931152344 870.071105957031 865.605041503906 861.849609375 860.959594726562 870.040283203125 880.104248046875 850.281311035156 827.312072753906 820.710266113281 671.744018554688
1013.38879394531 1011.32745361328 1011.06994628906 1007.81890869141 1008.42956542969 1009.84783935547 1008.78247070312 1005.55261230469 1001.02716064453 996.295166015625 995.327331542969 994.285217285156 989.043090820312 979.06298828125 970.757934570312 966.003112792969 963.419677734375 964.257690429688 958.536804199219 954.036499023438 950.821044921875 942.980590820312 938.609741210938 933.973327636719 929.082153320312 926.190185546875 917.2392578125 912.931213378906 911.654968261719 907.519653320312 903.581726074219 900.427368164062 -3.4e+38 892.672729492188 891.219482421875 900.732177734375 919.271728515625 879.832092285156 875.031555175781 872.159362792969 872.57763671875 873.006896972656 864.649108886719 870.088317871094 880.606811523438 856.922546386719 797.80810546875 755.123901367188 615.140747070312
1015.19952392578 1011.89245605469 1011.54193115234 1010.31567382812 1009.79730224609 1009.05657958984 1007.89776611328 1005.10339355469 1002.14770507812 998.551086425781 997.551452636719 997.301574707031 992.775817871094 980.42724609375 971.442077636719 966.596374511719 962.964111328125 962.698425292969 959.803344726562 955.562744140625 952.01513671875 946.489562988281 938.604858398438 -3.4e+38 930.351623535156 928.56982421875 921.353820800781 915.091613769531 913.112426757812 910.310546875 905.891296386719 902.149597167969 897.75146484375 894.384033203125 900.957214355469 915.278076171875 910.929260253906 880.92724609375 876.450622558594 874.152160644531 878.127075195312 883.063171386719 873.309692382812 874.681030273438 878.660400390625 852.094177246094 808.269165039062 772.346862792969 724.702087402344
