rcp8.5models/MPI_ESM_LR/sc1gr8.37
NCOLS 261 
NROWS 433 
XLLCORNER 336357.134 
YLLCORNER 654653.479 
CELLSIZE 1000 
NODATA_value -3.4e+38 
[rows 176 to 197 of 433, columns 98 to 146 of 261]
81.8391036987305 81.886116027832 82.39501953125 84.939826965332 85.5298538208008 86.0500106811523 86.6415481567383 -3.4e+38 -3.4e+38 -3.4e+38 89.5466232299805 89.8323516845703 90.6262664794922 92.0287322998047 93.0537109375 93.3572158813477 93.8730392456055 94.1448059082031 94.9600219726562 96.3615036010742 96.9626388549805 97.3124847412109 97.2870559692383 97.5919189453125 98.0229339599609 98.6118545532227 100.862915039062 101.046806335449 101.35417175293 101.960266113281 102.81266784668 104.078117370605 104.486465454102 105.250671386719 105.430084228516 106.05443572998 107.45654296875 108.068954467773 108.209770202637 108.802978515625 109.935256958008 109.351989746094 109.476623535156 110.148628234863 109.883354187012 109.202140808105 108.09635925293 107.406509399414 105.598365783691
81.6287689208984 82.145637512207 82.2959060668945 84.5115661621094 85.0273513793945 85.6151504516602 86.1348342895508 87.0090789794922 88.3677062988281 88.8942642211914 89.413948059082 89.5101623535156 89.8723526000977 91.5625381469727 92.2865524291992 92.8825378417969 93.3067321777344 93.7152938842773 94.8103866577148 -3.4e+38 96.298828125 96.6016159057617 97.0111694335938 96.9202423095703 97.1022033691406 97.8094863891602 99.9265289306641 100.106315612793 100.506156921387 101.263732910156 101.62427520752 102.638107299805 103.848838806152 104.280372619629 104.472518920898 105.132286071777 106.413246154785 106.890548706055 107.414474487305 108.131729125977 109.175231933594 108.663681030273 108.89852142334 109.005264282227 109.167419433594 108.304626464844 107.430145263672 106.508483886719 104.894828796387
81.5 82.0032043457031 -3.4e+38 -3.4e+38 84.5940780639648 85.1094436645508 85.6950607299805 86.4667816162109 87.8523406982422 88.4416351318359 88.8573226928711 89.0793151855469 89.7182540893555 90.9214935302734 91.812858581543 92.2336959838867 92.5326309204102 93.2051239013672 94.1601638793945 95.2091064453125 95.5093688964844 96.1049728393555 96.3395156860352 96.0014877319336 96.3011169433594 97.072135925293 99.1122055053711 99.6150512695312 99.8867568969727 100.313125610352 100.614204406738 101.633949279785 103.136016845703 103.194816589355 103.224258422852 -3.4e+38 104.827079772949 105.997291564941 106.753150939941 107.339988708496 108.494987487793 108.742279052734 108.830368041992 108.249015808105 108.752731323242 107.806533813477 107.117195129395 106.009368896484 104.552597045898
81.0090637207031 81.5845413208008 82.0876083374023 -3.4e+38 84.4037551879883 84.6712493896484 85.1862106323242 -3.4e+38 87.4011459350586 87.9231262207031 88.4319381713867 88.6930236816406 89.3003692626953 90.1579742431641 91.1648864746094 91.4613265991211 92.0516586303711 92.4704895019531 93.0400466918945 94.4212799072266 95.0136260986328 95.4348754882812 95.4219512939453 95.2020416259766 95.7945861816406 -3.4e+38 98.5931625366211 99.0167465209961 -3.4e+38 99.4875564575195 100.083221435547 100.926948547363 102.053245544434 101.976745605469 -3.4e+38 -3.4e+38 -3.4e+38 105.324119567871 105.746040344238 106.342819213867 107.745872497559 108.353538513184 108.115280151367 107.664657592773 108.260101318359 107.46297454834 106.542953491211 105.748001098633 104.466514587402
80.9112548828125 81.0905303955078 81.6640167236328 84.1033477783203 84.2844085693359 84.4758605957031 84.9559173583984 86.1478424072266 86.8836288452148 87.4672088623047 87.8773727416992 88.1693649291992 88.9725723266602 90.0964431762695 90.3943634033203 90.9814224243164 91.3968658447266 91.6912307739258 92.5827713012695 93.9265060424805 94.3444671630859 94.6399841308594 94.9480056762695 94.6964950561523 95.1146469116211 95.4093170166016 97.9004135131836 98.0708084106445 -3.4e+38 98.9578094482422 99.3778381347656 99.7282257080078 100.526123046875 101.206939697266 101.626602172852 -3.4e+38 102.51123046875 104.580764770508 104.737022399902 105.465522766113 107.108993530273 107.464340209961 107.298431396484 107.266944885254 107.808212280273 107.153099060059 106.047393798828 105.504364013672 104.467483520508
81.0587539672852 80.9857711791992 81.1669692993164 83.6716995239258 84.1737594604492 84.3526840209961 85.0085983276367 86.4835586547852 86.4292297363281 86.9466171264648 87.4488830566406 87.7057723999023 88.4897079467773 89.85888671875 89.9156112670898 90.3275909423828 90.6194381713867 91.4277954101562 92.6255340576172 93.2583236694336 93.5513534545898 94.1381149291992 94.3618850708008 94.0176620483398 94.3096923828125 94.8965759277344 96.9568328857422 97.2490692138672 97.8373870849609 98.2539672851562 98.4176559448242 98.7088012695312 99.5171661376953 100.4853515625 100.644439697266 -3.4e+38 101.952651977539 103.574974060059 103.862861633301 104.887886047363 106.34676361084 106.633087158203 106.94709777832 106.939888000488 107.435989379883 106.859832763672 105.982124328613 105.212715148926 104.380081176758
80.7031555175781 81.1302642822266 81.0553741455078 83.235221862793 83.7403717041016 84.2390899658203 84.8513259887695 86.2579803466797 86.2336730957031 86.4875946044922 86.8922271728516 87.1800918579102 88.0541229248047 89.3841552734375 89.6791305541992 89.8753890991211 90.1335525512695 90.932991027832 92.2950820922852 92.7904434204102 93.0505676269531 93.463005065918 93.4395065307617 93.2145843505859 93.798095703125 94.2105178833008 95.536491394043 96.7218551635742 97.1350708007812 97.2963790893555 97.584602355957 98.1695175170898 98.8010635375977 99.5060729980469 99.7928695678711 100.377838134766 101.218078613281 102.703437805176 103.287788391113 104.132568359375 105.45824432373 106.042137145996 106.298439025879 106.284355163574 106.665588378906 106.067176818848 105.310676574707 104.551628112793 104.281890869141
80.3878479003906 81.0991363525391 81.196907043457 83.0531692504883 83.2991333007812 83.8039932250977 84.6631546020508 85.9080581665039 85.9865341186523 85.9650802612305 86.460807800293 86.9318161010742 88.1144790649414 88.8498001098633 89.4152450561523 89.3036651611328 89.4740600585938 89.9272384643555 91.1872329711914 92.2079620361328 92.376579284668 92.6647720336914 92.9606475830078 92.7041702270508 93.1133193969727 93.4002304077148 94.3208465576172 95.4248199462891 96.3076171875 96.7900390625 97.0467987060547 97.3423843383789 97.67529296875 98.9824981689453 99.2380981445312 99.6458053588867 100.357437133789 102.13037109375 102.535629272461 103.251174926758 104.86954498291 105.27269744873 105.234680175781 105.302169799805 106.017959594727 105.41007232666 104.751197814941 104.256843566895 103.620407104492
80.1822662353516 80.5660552978516 80.8401412963867 82.9316482543945 83.1131439208984 83.3581008911133 84.2274398803711 85.7853088378906 85.88134765625 85.8080978393555 85.9022369384766 86.5615539550781 88.1186447143555 88.3721160888672 88.8666152954102 88.8246688842773 89.0159301757812 89.4938278198242 90.6750335693359 91.414794921875 91.9027481079102 92.1582183837891 92.3711776733398 -3.4e+38 92.6279678344727 -3.4e+38 93.447265625 94.1425247192383 95.7743835449219 96.1811904907227 96.2215957641602 96.1301651000977 96.9071502685547 98.35986328125 98.5082168579102 98.7881088256836 99.7942047119141 101.380760192871 101.657653808594 102.428039550781 103.531700134277 104.119491577148 104.263092041016 105.276962280273 105.681671142578 105.035713195801 104.364303588867 103.88069152832 102.516975402832
79.5740737915039 -3.4e+38 -3.4e+38 82.6940155029297 82.8612289428711 83.2545852661133 84.2051620483398 84.8057708740234 85.0511703491211 85.4447631835938 85.9434661865234 87.0166625976562 87.1061248779297 87.2711944580078 87.9187622070312 88.2005462646484 -3.4e+38 88.5247497558594 89.0228576660156 90.3578491210938 90.8399505615234 91.0914764404297 91.4933319091797 91.566276550293 91.5138092041016 91.786979675293 92.3514556884766 92.5022354125977 93.1935806274414 94.8092269897461 95.0065460205078 94.646484375 95.3428268432617 96.9528121948242 97.3511810302734 97.4910583496094 98.1913223266602 100.189491271973 100.460235595703 101.351959228516 102.405815124512 102.297325134277 102.859313964844 104.14176940918 104.567474365234 104.47534942627 103.991264343262 103.167015075684 101.285217285156
79.7137985229492 79.7375106811523 80.4819946289062 82.2604217529297 82.7440643310547 83.2749176025391 84.3915710449219 84.3633117675781 84.8480224609375 85.0111770629883 85.6315612792969 86.9983978271484 86.9457626342773 87.1165084838867 87.4624710083008 87.7102890014648 88.1071929931641 88.1852264404297 88.5282287597656 89.8527908325195 90.2520141601562 90.4093322753906 90.6885223388672 91.0526428222656 90.9266128540039 91.1042404174805 91.5309829711914 92.0007629394531 92.4281463623047 93.5146102905273 94.2817840576172 94.4107971191406 94.793342590332 96.2225875854492 96.4941940307617 96.955078125 97.6241607666016 99.3125 99.8785781860352 100.584617614746 101.359375 101.399345397949 102.28441619873 103.53199005127 103.895774841309 104.030700683594 103.983543395996 103.018272399902 101.121612548828
79.3594436645508 79.8396148681641 80.3654327392578 81.8156051635742 82.3089370727539 83.1560668945312 84.2873458862305 84.2060241699219 84.2897720336914 84.5658721923828 85.4234390258789 86.6310119628906 86.7922897338867 86.9585723876953 86.8878936767578 87.1657943725586 87.6437530517578 87.8004760742188 88.2472457885742 89.2967071533203 89.7729568481445 89.9272842407227 90.1740036010742 90.4847869873047 90.427978515625 90.6106338500977 91.3663177490234 92.3234481811523 91.6953659057617 92.5498962402344 93.82666015625 94.0153350830078 93.9675598144531 95.118896484375 95.9328689575195 96.3237762451172 97.0175323486328 98.733154296875 99.1204299926758 99.7208480834961 100.844360351562 101.041221618652 102.176689147949 102.886528015137 103.325981140137 103.695709228516 104.09496307373 102.994255065918 100.84294128418
79.0395126342773 79.9438781738281 80.8644790649414 81.6248779296875 82.0751876831055 83.3324279785156 84.2406158447266 84.2156829833984 83.857177734375 84.3161697387695 85.4670181274414 86.0626373291016 86.2220611572266 86.4983673095703 86.7248458862305 86.6731719970703 87.0651168823242 87.220100402832 87.6959609985352 88.7892913818359 89.1835632324219 89.3360595703125 89.611213684082 90.0810852050781 90.1266479492188 90.0122299194336 92.0810012817383 96.8728561401367 93.8595123291016 91.9411163330078 93.2398071289062 93.4941101074219 93.2303619384766 94.0412673950195 95.331428527832 95.7855224609375 96.4482574462891 98.1157608032227 98.5636215209961 99.1101455688477 100.133056640625 100.601196289062 102.049308776855 102.275062561035 102.89070892334 103.77912902832 104.004661560059 -3.4e+38 102.176010131836
78.8248062133789 79.6631546020508 81.1721725463867 81.1909408569336 82.031852722168 83.3036727905273 83.798957824707 84.1990585327148 84.0329208374023 84.2642288208008 85.4582138061523 85.6151885986328 85.771369934082 86.0128707885742 86.3652267456055 86.1273498535156 86.5994338989258 86.7514343261719 87.3049697875977 88.5225296020508 88.702262878418 88.8517684936523 89.0944976806641 89.4856109619141 89.5584945678711 89.5163803100586 94.1916046142578 -3.4e+38 92.9776382446289 91.4299774169922 92.693229675293 92.9903335571289 92.9183654785156 93.5129318237305 94.7680816650391 95.1530151367188 95.8402938842773 97.5345458984375 98.0545425415039 98.7161483764648 99.3408203125 100.000602722168 101.379257202148 101.628639221191 102.49764251709 103.54305267334 103.298736572266 102.535255432129 102.198234558105
78.9536361694336 79.3405456542969 81.0598220825195 81.2693252563477 82.2203598022461 83.1021957397461 83.3374633789062 83.7173767089844 83.9108963012695 84.4369812011719 85.325439453125 85.4810943603516 85.6360397338867 85.7901763916016 86.0141220092773 85.9259338378906 86.0195846557617 86.2917785644531 86.9294204711914 87.6444702148438 88.1116561889648 88.3839263916016 88.8496246337891 88.9944458007812 89.0347061157227 88.9167785644531 95.9872970581055 -3.4e+38 91.1798553466797 90.5877456665039 91.5356674194336 92.5582504272461 92.5860977172852 92.8892669677734 94.1654052734375 94.6127853393555 95.2692031860352 97.1234436035156 97.3134231567383 98.3430404663086 99.0607604980469 100.241905212402 100.796508789062 101.015869140625 101.820053100586 102.83740234375 102.799591064453 102.766784667969 101.196647644043
-3.4e+38 79.4298629760742 80.6285400390625 81.3268127441406 81.9969711303711 82.9795913696289 83.1325073242188 83.284912109375 83.7389297485352 84.7960739135742 85.0550537109375 84.9109344482422 85.0640487670898 85.2164077758789 85.9564437866211 86.0240936279297 85.8437347412109 85.7906646728516 86.1760940551758 86.7587890625 87.9169387817383 87.8680572509766 88.2549591064453 88.524284362793 88.8978729248047 88.7037124633789 94.9898910522461 -3.4e+38 99.6638946533203 90.1240386962891 91.108642578125 91.9389343261719 92.1077499389648 92.6376037597656 93.6003265380859 94.3505096435547 95.5412979125977 96.3825225830078 96.5660400390625 98.0029067993164 98.6561508178711 100.02375793457 100.26912689209 100.934844970703 101.771614074707 102.211387634277 102.344970703125 102.921455383301 101.555252075195
78.8109512329102 79.5628051757812 80.7121887207031 81.1311950683594 81.6526107788086 82.9506301879883 83.3086242675781 83.1586837768555 83.6857223510742 84.8600921630859 84.9318084716797 84.7567596435547 84.6104049682617 84.7596206665039 85.3788452148438 85.6488037109375 85.9186630249023 85.5568161010742 85.7017288208008 86.1100921630859 87.0886077880859 87.6230773925781 87.7649307250977 88.0021057128906 88.3862762451172 88.4361267089844 91.1325302124023 96.6947631835938 96.0563354492188 89.8278656005859 91.2882995605469 91.4143371582031 91.528434753418 92.0909576416016 93.3190078735352 93.9697036743164 95.4863662719727 95.8254928588867 95.9789733886719 97.4869995117188 98.3481979370117 99.4434280395508 99.6590042114258 100.600364685059 102.273735046387 102.599533081055 102.180641174316 103.352294921875 102.064910888672
78.7032852172852 80.1318054199219 80.7694091796875 81.2310638427734 82.1290435791016 82.7780151367188 83.1885986328125 83.3310928344727 83.3384780883789 84.1348876953125 84.8766403198242 84.9456024169922 84.7679901123047 84.6214218139648 84.9151916503906 85.1512222290039 85.336669921875 85.097297668457 85.5580673217773 85.7005081176758 86.2499465942383 87.3159484863281 87.2959365844727 87.7526168823242 87.8895492553711 87.910285949707 88.2814636230469 88.651008605957 89.2117080688477 89.8478393554688 90.6705322265625 90.9279861450195 91.2787551879883 91.588005065918 92.8235549926758 93.6851119995117 94.9089508056641 95.4356231689453 95.9544143676758 97.1278533935547 98.2563858032227 98.9739456176758 99.3412475585938 100.13013458252 102.017562866211 102.498344421387 102.453979492188 -3.4e+38 104.460311889648
78.9355926513672 80.1152648925781 80.5761413574219 81.2517852783203 82.4254989624023 82.5720672607422 82.8009490966797 83.0932159423828 82.9162445068359 83.1453018188477 84.4258804321289 84.8896942138672 84.9560317993164 84.7759475708008 84.7745895385742 84.9190139770508 84.9781799316406 84.8827896118164 84.9733505249023 85.2390441894531 86.0951690673828 87.0449066162109 86.7749786376953 86.9268493652344 86.8501663208008 -3.4e+38 87.7568817138672 88.8786239624023 89.5795669555664 90.0244598388672 90.1475601196289 90.3744430541992 90.8833618164062 91.5325775146484 92.2565765380859 93.1877136230469 94.6172637939453 95.3208923339844 96.535400390625 97.0138778686523 98.1188278198242 98.4993896484375 99.1407623291016 99.9276962280273 101.85693359375 102.490287780762 102.456535339355 103.386543273926 106.38599395752
79.6657791137695 80.2000885009766 80.7638473510742 81.1193313598633 82.2873382568359 82.4472122192383 82.5917892456055 82.7359848022461 83.0205230712891 83.6963653564453 84.2383651733398 84.3177947998047 84.4638366699219 84.6482162475586 84.6337509155273 84.777214050293 84.9195251464844 84.8625411987305 84.4967880249023 84.7295761108398 85.4063491821289 86.4375457763672 86.8102874755859 86.4835662841797 86.224250793457 86.8337326049805 87.6786956787109 88.8063125610352 89.0341567993164 89.5413055419922 89.9825286865234 90.1019287109375 90.4421005249023 91.3174591064453 91.9734649658203 92.6167449951172 94.1140670776367 95.7316818237305 96.4651641845703 96.8221969604492 97.9016418457031 98.4913482666016 99.712287902832 100.350982666016 101.77808380127 102.197380065918 102.678009033203 103.500801086426 105.005950927734
80.4332427978516 80.140625 80.6126480102539 82.178108215332 82.0188217163086 82.1630783081055 82.4331741333008 82.9959106445312 83.5816421508789 84.1427307128906 84.2034454345703 84.0191192626953 83.8683319091797 84.0097732543945 84.2065734863281 84.1087875366211 84.3191604614258 84.7728576660156 84.8243942260742 84.629020690918 84.4777679443359 84.7847518920898 85.5881271362305 86.1912002563477 85.8093643188477 85.7363433837891 86.9376525878906 87.6099472045898 88.6037216186523 88.7229080200195 88.9461441040039 89.6815338134766 90.6382598876953 90.691535949707 90.9103088378906 91.8340225219727 93.2424087524414 95.5875549316406 95.4642181396484 96.1237640380859 97.741813659668 98.6757049560547 99.8470077514648 100.937698364258 101.683059692383 102.418327331543 102.836357116699 104.495452880859 102.532241821289
80.4296493530273 -3.4e+38 80.5803985595703 82.3754577636719 82.192138671875 82.032585144043 82.2552490234375 83.0360260009766 84.160758972168 84.0074234008789 84.1484451293945 84.2069549560547 84.020637512207 83.8700485229492 84.1491470336914 84.0885620117188 83.8159866333008 84.1892395019531 84.4513854980469 84.6996231079102 84.5579376220703 85.0236129760742 84.99560546875 86.0268249511719 85.6414031982422 85.4596633911133 86.6124572753906 86.6821899414062 87.572639465332 88.5586547851562 88.674186706543 89.0797653198242 90.1577453613281 90.7936859130859 90.6259765625 91.400390625 93.0615081787109 95.728645324707 96.3605117797852 96.8060607910156 98.0076065063477 99.0267333984375 100.330871582031 101.993896484375 102.565170288086 103.36213684082 103.332962036133 104.928405761719 101.726058959961
