rcp8.5models/MPI_ESM_LR/sc1gr1.0
NCOLS 261 
NROWS 433 
XLLCORNER 336357.134 
YLLCORNER 654653.479 
CELLSIZE 1000 
NODATA_value -9999 
[rows 242 to 263 of 433, columns 200 to 249 of 261]
66.0117772641726 66.0763612484818 66.0779807490768 65.753714487004 65.9751807416719 65.9225373586529 65.717401895952 65.6933753590988 65.6481792677182 65.3447930254431 65.7352255292647 65.7136871764973 65.7958525905846 65.5923054513981 65.1466918444132 -9999 -9999 65.0003818470335 64.8839702323351 64.4012521028199 64.2271782601508 64.2323803131337 63.605455614027 63.6320795311145 63.6239986525208 63.6375453286071 63.1602623176724 62.7820230012304 62.335928160525 62.2512379137731 62.3812041390617 62.3335795384401 62.3353992048531 62.1307098777044 62.0200771913931 61.7734710519802 61.27360864534 60.9554603001117 60.9074056839531 60.9078298270075 -9999 -9999 -9999 -9999 60.2780809443446 60.5934579035338 60.5985509569476 60.5880348296601 -9999 -9999
66.3128608399722 66.4009958475352 66.2883658433762 66.3327296771779 66.2290695091866 65.8198429251472 65.849368136233 65.8990315130645 65.844261909913 65.839591011997 65.847154733164 65.8414373740279 65.8355180807004 65.8965552624937 65.5891070117171 -9999 -9999 65.1224613312394 65.126233664226 65.0960748554401 64.8258951425496 64.3942747203852 64.273763199992 64.1703092227768 63.9773536714368 63.8959934310352 63.3876274183003 63.2758021176019 63.0726678793636 62.8703124771418 62.523927048492 62.5508762417113 62.4140597582989 62.4308998285696 62.1300905214844 61.987624619208 61.7959972690745 61.1459935434494 61.0914488624678 61.1386063381896 -9999 -9999 61.1020015561093 -9999 -9999 -9999 -9999 60.2582460424325 60.5879300969488 -9999
66.2100780446489 66.5302893128716 66.3204557682691 66.2850911764333 66.2062549125489 65.7423989629912 65.9511505103571 66.1135315241432 66.0319298961529 65.9272459778314 65.8424378218378 65.810191819182 65.9715575489816 65.9498219012248 65.7943998004767 65.5819204625128 -9999 -9999 65.1684019805353 65.0359117471448 64.9172668153735 64.8574080506214 64.5135962965077 64.1779689958767 64.2176715094149 64.1903693924239 63.5507599466871 63.4817895971082 63.3421387740966 63.2246235382045 62.8176544845195 62.6189485257462 62.7227253508318 62.8245355475502 62.3041277769956 62.154733496326 62.0707092110624 61.6807649694809 61.4236436625077 61.2065993670727 -9999 60.9945491170405 60.8307386968256 60.8999210246484 -9999 -9999 -9999 60.3536446010987 60.595521969604 -9999
66.4397609502419 66.5886267025493 66.259680067954 66.0472984945777 65.9437065467164 65.6603070140262 65.9539715620569 66.0876541929881 65.9323947400591 65.9863438690283 65.8227560910854 65.7940085815967 65.8833851888874 65.6031092657184 66.0004417146239 65.7011657949917 65.3915459169078 65.3085140552846 65.1845698607633 64.9792939376113 65.0430443422703 64.8747451368684 -9999 -9999 64.3538744511199 64.4470818930017 63.6812167860354 63.9750247665265 63.5724649892793 63.3356418157821 63.0502690121277 62.7803437744339 63.038211723249 63.1320740854218 62.5323013969165 62.3907280867512 62.2213860211381 62.0914742624609 61.7977434062169 61.6055447949678 -9999 61.2489812145952 60.8309329493738 61.0802523847059 60.9304510126908 60.4724915221122 -9999 60.562249621886 60.6874336267452 60.6997941836497
66.5950835669521 66.8394684977514 66.372608870828 65.724820615114 65.7254877042584 65.8797649290867 65.9085554826004 65.9888344355886 66.0192872198353 66.0493058296495 66.0041081133879 65.9968890344988 65.7565357306466 65.738731434096 66.1523128189945 65.9826583182814 65.6300489778159 65.3928003220364 65.3134843659885 65.1783357941906 65.1410964266083 64.9747462116075 -9999 -9999 64.3516845395456 64.3911454202616 63.6645994627054 64.0213106287195 63.6768026274573 63.478460596936 63.1801100053348 62.9772547353494 62.9637154027371 63.0201805230215 62.6591715699735 62.3759886006303 62.3931285520756 62.1681949175641 62.0039429849824 61.8487993529161 61.6837646449641 61.4062736440158 61.1006916095273 61.3207075930768 60.9537742138464 60.602676378627 -9999 60.5852223340138 60.8990407133582 60.7850732262222
66.6146399163958 66.6827100317872 66.1163437494392 66.073908053506 65.9445420021799 65.9791580128285 65.8680243363828 65.8581990643352 65.8961687396862 65.8998926600612 -9999 65.8472565573752 65.7818331132037 65.9008663470868 66.2279084368546 65.9532721044773 65.7831538150484 65.2584219733392 65.28736867883 65.264021858347 65.6226459728788 65.4091745925315 -9999 -9999 64.6053146895098 64.5591846481859 63.6742147133627 63.9280201744101 63.7391184451616 63.7198928896101 63.381965065498 63.1518536535398 63.0836224691191 62.9289547779816 62.6942239182067 62.4869057832733 62.7725067650326 62.2453273109662 62.0676526757162 61.9172837116675 61.8518701055687 61.6824872813509 61.4756189811536 61.4996684688406 61.1720647753968 60.8653743066669 60.6724472715149 -9999 60.7222231942829 60.6558051191533
66.5040152673465 66.1160380290011 65.7877248111311 66.1368920756286 66.0610859117366 66.0968674200267 65.8086571378133 65.6600877108663 65.7608258790113 66.091209793635 66.0132042844453 65.9094955875197 65.7337278369651 65.5548603920888 66.0687360477821 65.9013808590818 65.6263230155305 65.0855666165414 65.1673391776388 65.4007103926271 65.5513075130985 65.0642889406477 64.8552312645849 -9999 64.7339606745966 64.7444306040652 64.1122380112161 64.019376562231 63.8118401864857 63.9033113284997 63.5235172564097 63.391310809787 63.33366222401 63.1406417897534 62.9866580573867 62.7178149934354 62.7295428333191 62.6660143985152 62.220453637685 62.0504901423437 61.9786030277974 61.9306387459321 61.8382094766583 61.6224263101289 61.2029809045941 61.0802823365408 -9999 -9999 60.5258225911904 60.6770058122239
66.220640237735 65.9881684746529 66.2680518537586 66.3833696152797 66.217357765912 66.1780310440137 65.8565828566857 65.7869693261565 66.0052091353926 66.1332900428028 66.2896335772086 66.0609209304529 65.6809550861949 65.6732904899654 66.1176900191877 66.0832767976925 65.846005726278 65.5660036622841 65.3964342640347 65.2549911916262 64.9861127053514 64.9199991848519 65.4038104764492 64.9764287381724 64.8433288044658 64.9147840074318 64.1724095801963 -9999 64.3991610817056 64.1928571595772 64.1963365695135 63.906469247285 63.5634830125282 63.4647614886456 63.274341452303 62.9622368266353 62.7660585601501 62.9654088129357 62.3380759474095 62.1725483510356 62.0836612950868 62.0404163858347 61.9770368641418 61.7761959874544 61.472563103148 61.4711633959404 61.3090520879287 60.7942738312829 -9999 -9999
66.3825809676246 66.4019880778848 66.7048383371529 66.4545232077606 66.4860509002661 66.3789722830983 66.1974142410388 66.1053005705857 66.3126661623938 66.0457737180323 66.343589034656 65.9773220815861 65.8835104410197 65.9695065015452 66.1312322213221 66.2488742895894 66.2660238418677 66.1815483057673 65.73933027325 65.2991822472068 64.9639419775379 65.258259830296 65.8304378379182 65.1363373062595 65.0313632767643 64.9897335145132 64.5896537006812 64.4811095924831 64.4115912050081 64.1920719179938 64.1356183152589 64.1909245081354 63.9466287679301 63.5880388819569 63.4045376337825 63.148796613699 62.9035018004639 63.0181593847119 62.4389414804455 62.3878440699965 62.3601030617221 62.2887544766732 62.1163903968416 61.9678824032563 61.8316978153445 61.6716944028589 61.5590619058323 61.2364944630521 -9999 61.1519985829262
66.3885573076712 66.4326945756277 66.5949570312858 66.257532036184 66.5835111343265 66.4287547352903 66.2829094536423 66.3105683477253 66.3008019136881 66.1124419798158 66.3496408583971 66.2988407445537 66.0415051295854 65.9609322268016 -9999 66.4196551746198 66.3245885906283 66.2244990770826 66.0939293151319 65.5362745046099 65.1755331527953 65.3769708338804 65.6392400779822 65.8005933201775 65.5960502144743 65.3760897267619 65.0419449319323 64.5228712373685 64.1692603020844 64.4420634934945 64.1541318649506 64.1155608935051 63.9880487206021 63.6954167931306 63.7963710595413 63.2322321855671 62.9331674824433 63.2301499179512 62.9693917084675 62.7641367660388 62.500845196582 62.5228904301398 62.4780664812781 62.0773570016571 61.984943231966 61.8526208070151 61.8171999802586 -9999 -9999 61.3923113591962
66.2155610325026 66.349268692358 66.5998954737572 66.3851706071588 66.7369433123312 66.6724583281373 66.4944882086262 66.4158674218324 66.0544690272651 66.0724554747862 66.2837639470697 66.5270602170435 66.4408595865686 66.3405345209955 66.2677231569672 66.452265808202 66.3848637737537 66.1941193681975 66.1534989906646 65.8185448244482 65.5625659770603 65.4991340932487 65.5221910792317 65.7160315788758 65.6212532484948 65.7361146722028 65.1147554937306 64.7632369126999 64.5451638873769 64.7008034822595 64.4104725901478 63.8281286308346 63.7705110681563 63.9818289673556 64.0648440585745 63.3459073532348 63.1096998478552 63.139459211299 62.9682389731508 62.711804170683 62.7395232599753 63.0229921910944 62.8212140104845 62.2302128784869 62.0862258985596 62.0197980506943 61.9325243886405 -9999 -9999 61.5177548243296
66.5164706929983 66.5215516105788 66.7149095909569 66.6463052062038 66.5926800806116 66.7588844072451 66.7791829979056 66.6064403288754 66.3261980639829 66.4186521204665 66.3814135334655 66.4183782073094 66.6960880557891 66.3635458302502 66.322866408362 66.2927748638745 66.1332519084842 65.7838301344735 65.8441577707516 66.1187495531852 65.8013596733318 65.6840914329459 65.7555562741914 65.6413078777577 65.4867097219928 65.9625806018067 65.5335981265953 65.1631131865685 65.0645031622471 64.7924720036814 64.5156879081181 64.1613297474279 64.2341688730841 64.0459868147109 63.9552684730337 63.9067646266839 63.7124936405175 63.0471720431987 63.1035681295412 62.9772853094724 62.7388594395032 63.0285380489142 63.0096897774371 62.7610010796016 62.5762403663015 -9999 61.9994448839322 61.9407193318199 61.6733953116452 61.6196691982027
66.7554917281196 66.85517031086 66.7865770196875 66.5253092045266 66.4278826474192 66.5753035134565 66.7308482283459 66.585001584572 66.6706705411721 66.5829629528138 66.4272286863682 66.5924732831671 66.6865985929512 66.2261949325675 66.1877636937583 66.1645780953689 65.92818681522 66.1221171597004 65.9371601823072 66.2211371363133 65.97602869205 65.8288917420965 65.8588725397174 65.8425746469883 65.537105070864 65.7695768352094 65.9737788078053 65.4539823543456 64.9053642872278 64.9221343159177 64.6783289074445 64.6070882567346 64.8058197613866 64.3735309174456 64.0318438109181 64.2874336320262 63.9501004425467 63.2826863721962 63.3387259852415 63.1287855592131 62.6276705633556 62.8356975025307 62.947898696116 63.0300784383487 62.6436469925303 -9999 -9999 62.0262833994471 -9999 61.6554736770293
66.8172165653842 66.80713341137 66.6441512191612 66.4342494351413 66.47434383593 66.7576411445195 66.8644299658413 66.8012808833995 66.7696235366294 66.8762907086419 66.9002763577338 66.9938958223559 67.0203031472987 67.0867939512736 66.4759830122983 66.1650163300377 66.0574382801629 66.0697546073044 66.5671158314643 66.4853921606931 66.3079160011716 65.9860415777082 65.7776630515873 65.6256481365433 65.7428397756056 65.5950956258429 65.1436030933432 65.4446035314881 65.3840327139154 65.1217806464613 64.8916354494337 64.8724647756426 64.7432141365326 64.5416502830441 64.3809358180986 64.1537755784356 64.3399550772763 63.3467349956966 63.2141177608957 63.4223654641637 63.6322847696221 63.2508015473098 63.2114452272464 63.2964668673691 63.0065442892414 62.3526540700531 62.3168526623008 62.3389103716996 62.3407462263242 -9999
67.0335955582327 66.8489387241027 66.5370001460198 66.5274588860404 66.7583581493214 66.6047471897963 66.7719195836255 66.9295603959804 66.9660975741543 66.9580438105735 67.0982591160297 67.050148482445 66.7935840318119 67.1595399097886 66.617089905184 66.3919354771883 66.2594058547444 66.2242390241199 66.5293019112476 66.6150058025704 66.5909345066081 66.0838793371406 65.9266608070691 65.7670347913961 65.7088221743663 65.6850426418908 65.4128711189071 65.3307863407038 65.8614320889018 65.2326771805687 64.9442437228273 64.8196614827162 65.0689704802465 64.5202622454499 64.588344548016 64.4518477646976 64.2213793628614 63.9667734592782 63.7029332525522 63.3535728530615 63.4715818378405 63.1662246776562 63.18482284086 63.1406755605386 62.8657221716929 62.5240341757217 62.439030412972 62.378220666736 62.2519066153908 62.2585032518961
67.1249090117529 66.7991256039862 66.5828754616459 66.686906083571 66.8309678846483 66.596074891315 66.8729517470714 67.0500795813227 67.0903698555607 67.4076289646243 67.2857498524654 66.7092564123328 66.5724025273143 66.7763992700555 66.6336587443223 66.6086938373095 66.4288728122436 66.5512084283028 66.5656052188354 66.8633253962665 66.8295141659713 66.0333473682835 66.3152733642211 66.0893818340374 66.0195642956393 66.0372793746745 65.7889383539336 65.6687116868228 65.8107291322088 65.1781396492532 64.982076229654 65.2427116153342 65.425337983299 64.7249908490095 64.9059976655795 64.7334244105839 64.1233165330522 64.3555044723115 63.9713891071921 63.2563343424023 63.2086642440246 63.2257318059026 63.4498857079431 63.0883199827457 62.8777270549358 62.7095783072165 62.6101710602043 62.4763878358152 -9999 62.4353094819395
66.6668898742574 66.3575801261482 66.7570728642689 67.0856737861221 66.7640157595091 66.7323916702325 66.9285127123808 66.9501651317792 67.0673078529401 67.357833966768 67.3045848020212 67.1955877688284 67.0305763480318 66.9461831545861 66.6116070348176 66.7056901065937 66.5730539997889 66.5044614583694 -9999 67.4315517737464 66.8671020486197 66.0318580120615 66.1886602879645 66.1906595311051 66.4025046184832 66.2081366329511 65.9119857495317 65.8124137300799 65.4908576362697 65.6336112875379 65.5694238579359 66.1806020401898 65.9400281448756 65.2449770258356 65.2070679402482 64.8408975838008 64.2221799077333 64.4161749946756 64.2657012103613 63.7499283452715 63.2900174667565 63.3059152377978 63.5328552866646 63.4959339348832 63.2719762629419 62.8718753561797 62.7656512725965 -9999 -9999 -9999
66.7530796092744 66.6226771333386 67.0593595695276 67.1069707460343 66.8200791881554 66.8098489549701 66.9888629730283 67.0416133842307 67.5035884323659 67.3485145326384 66.9893752106798 67.2136567084175 67.198912378369 67.0705855298829 67.2902688459928 66.9967282689171 66.6704805365806 66.5956414980521 66.5062482109713 67.0095480902587 66.6921320038404 66.2318437172686 65.8392475949608 66.3458516342491 66.5231135978583 66.3752747844263 65.9334096546208 65.8824229494123 65.503023899305 65.8867196237041 66.3227354824258 66.896164671304 66.3586868094104 65.2717061221109 64.9542363307995 64.8233324923163 64.6167479044237 64.3003366530008 64.5094438453113 64.2614189485982 63.7741495241621 63.348674056057 63.303830170337 63.4307846301334 63.2889422950998 62.9696146564775 63.0054941669291 -9999 -9999 63.045750743191
67.0569958568915 66.9513187420686 67.2441981155418 66.9354933932357 66.8931808936134 66.83419188004 66.8267184284876 67.1298110492277 68.0635831253686 67.5497755371199 66.8370821753592 67.1924537889424 67.6405335315366 67.3864106413127 68.0040964977507 66.9206374460362 66.5354485314654 66.5901657672016 66.6337227937192 66.5895999830046 66.7180329819317 66.3898352148552 66.1784863471679 66.4859474066115 66.6204906252594 66.6768848728892 65.8146747026107 65.9449165520692 65.9624421525952 65.9309883173437 66.1170182206439 66.7627816530619 65.8192147771119 64.8491109643497 64.8380463141264 64.951319743436 64.8306876036652 64.3961369080498 64.6202847512963 64.4435023604302 64.0517296403274 63.442098043729 63.334996450042 63.2364116668661 63.2130864214621 63.1340142788836 63.1417247011994 63.1769787793145 63.3967464404534 -9999
67.2504215496474 67.0652572626852 67.1104144872256 66.9368960062083 66.7426832646026 66.8816079366156 66.9217587056875 67.2118689113163 67.929124868919 67.3962975409606 66.9569723147388 68.0078213812643 67.8453601759145 67.679206994234 67.6254666734341 66.8341378543294 66.609504098769 66.4998311357357 66.7190761384645 66.7033969367939 66.9082745663541 66.8176711164763 66.7351130049968 66.6884614005245 66.611077800606 66.6606139132769 65.7607577582346 65.9006478612808 65.8054551430831 65.8978802757036 65.8338415233008 66.0391595638096 65.5445682822304 64.8884948253074 65.1665104232873 64.8619193176505 64.9906775652059 64.6705251157965 64.7164623716247 64.5588419200106 64.2446194324369 63.8181150211518 63.4476855347913 63.30623275401 63.3525110148126 63.6920175697105 63.4463107060217 -9999 -9999 -9999
67.472585156393 67.2072884548861 67.140670310202 67.1553385679036 66.8726704425538 66.7568951098436 66.8967460078299 67.1824401594391 67.2709656234459 67.5335827789293 67.8085191581578 68.7848062551158 67.9363533265577 67.6267122790337 67.2414263533076 66.9493158546788 66.6418007243195 66.5575910998036 66.783949577163 66.787443038213 66.9078287565939 66.821478128314 66.5217146121997 66.6592135594798 66.7507006189332 66.6572757424398 66.3608357283672 66.2262610734701 65.7059126110009 -9999 -9999 -9999 65.4519815532571 65.1459124725476 65.5026940071836 65.170156616887 65.3844692631066 64.6150520845702 64.754527595987 64.70618840457 64.5786918580815 64.1819358491584 63.515431168533 63.4129976002481 63.5702927553583 64.0265920065959 63.7186220207811 -9999 -9999 -9999
67.7629410694019 67.2604838280631 67.0474028715379 67.1532978995009 67.2296873004301 67.02070458419 66.9621831258084 66.9996968705074 66.8073640698166 67.489165347752 68.6480677156777 69.2284108127505 68.6157279697182 67.8823268136144 66.9358774645169 66.7934849665897 66.7463461317738 66.7950262023093 66.9235106696989 67.0920445613798 66.9355047897317 66.5663833150508 66.571318937224 66.7649357573708 66.8623770528983 -9999 66.7517822868104 66.7601646250316 65.6211136087907 -9999 -9999 65.5691185072038 65.6933587568123 65.602615556568 65.7253672624579 65.4814020206071 65.3438605469201 64.9628415492759 65.1244105520937 64.8868938730273 64.6915689447206 64.3270631646509 63.881928334046 63.6913993266733 63.9696255690229 63.6303143453678 63.5009434996657 -9999 63.4661791211583 63.3659307301191
