rcp8.5models/MPI_ESM_LR/sc1gr10.21
NCOLS 261 
NROWS 433 
XLLCORNER 336357.134 
YLLCORNER 654653.479 
CELLSIZE 1000 
NODATA_value -3.4e+38 
[rows 154 to 175 of 433, columns 98 to 146 of 261]
750.959045410156 756.950927734375 764.11279296875 773.376647949219 776.894775390625 788.265625 809.392639160156 800.974914550781 792.389038085938 793.950744628906 800.105224609375 809.229797363281 826.420654296875 816.126831054688 843.132751464844 832.072998046875 838.064819335938 849.105041503906 847.332153320312 852.338256835938 855.627380371094 861.691589355469 867.433654785156 873.762084960938 878.341491699219 885.476989746094 899.577270507812 906.594543457031 909.364501953125 916.261962890625 922.400146484375 929.213684082031 934.290405273438 939.098510742188 942.6484375 943.224670410156 947.57275390625 957.640563964844 961.634460449219 976.442443847656 994.758422851562 975.437316894531 979.796813964844 985.909790039062 989.978881835938 993.112731933594 999.193176269531 1002.25830078125 1002.66723632812
753.095764160156 756.361145019531 765.123291015625 771.907958984375 781.008422851562 797.183837890625 801.283264160156 809.238220214844 792.467834472656 794.213684082031 -3.4e+38 807.683776855469 814.910583496094 812.300354003906 834.258483886719 843.284484863281 846.247680664062 843.180480957031 848.380432128906 854.193725585938 856.514282226562 -3.4e+38 868.267761230469 874.664672851562 879.395690917969 886.204345703125 900.50244140625 905.5146484375 908.473876953125 914.056274414062 922.207824707031 930.435241699219 935.847839355469 940.66796875 943.008605957031 945.843872070312 948.663269042969 957.15185546875 961.1904296875 971.276611328125 982.14794921875 975.774475097656 979.782531738281 984.592468261719 989.976623535156 993.622741699219 999.879211425781 1004.45196533203 1006.24267578125
754.424682617188 -3.4e+38 764.595764160156 771.742126464844 781.104370117188 790.222839355469 790.547424316406 797.657836914062 793.477600097656 796.214294433594 800.059509277344 805.863098144531 807.063598632812 811.336608886719 825.97314453125 841.511779785156 852.947570800781 842.221435546875 846.607971191406 851.812927246094 856.994750976562 862.48779296875 869.121765136719 875.242614746094 880.31201171875 887.049865722656 900.257202148438 903.993408203125 909.712219238281 915.204528808594 921.807006835938 930.423461914062 937.069702148438 939.998046875 941.685180664062 945.708923339844 948.616455078125 956.853393554688 961.322509765625 967.256103515625 971.468139648438 975.976928710938 980.025695800781 984.454406738281 989.125427246094 993.374328613281 999.393920898438 1004.28381347656 1005.91571044922
750.654724121094 755.834899902344 760.417236328125 771.513427734375 777.072143554688 781.223815917969 786.329040527344 790.817932128906 799.591857910156 809.421081542969 803.526916503906 817.062927246094 807.583068847656 810.123168945312 825.908325195312 842.320129394531 843.654846191406 844.327331542969 854.239074707031 850.486877441406 857.104858398438 862.511840820312 868.962890625 872.443054199219 878.377868652344 884.066223144531 897.036193847656 901.763305664062 909.059814453125 916.501647949219 922.707275390625 930.998962402344 939.090515136719 939.933898925781 942.312316894531 944.484008789062 948.9580078125 958.409729003906 961.267272949219 966.999450683594 971.764526367188 977.029357910156 981.61865234375 984.815734863281 989.775817871094 993.458740234375 997.712768554688 1002.97918701172 1005.54077148438
748.208068847656 755.207214355469 758.260803222656 769.387512207031 775.279174804688 778.256652832031 783.575500488281 791.016906738281 798.384399414062 806.239074707031 806.202453613281 824.774841308594 807.673706054688 809.851135253906 825.778442382812 850.35693359375 847.823974609375 851.521484375 849.859436035156 848.64111328125 855.584228515625 860.998596191406 866.776306152344 870.534423828125 877.098449707031 882.240356445312 896.398803710938 901.465087890625 908.330017089844 915.4423828125 924.342041015625 932.626159667969 941.197387695312 940.808532714844 941.945922851562 944.655944824219 948.481506347656 958.351623535156 961.309875488281 967.2802734375 972.802673339844 979.4921875 984.174865722656 985.841491699219 991.742370605469 995.277099609375 -3.4e+38 1002.802734375 1007.87359619141
748.114440917969 755.115356445312 757.811279296875 768.171325683594 775.432495117188 778.698059082031 782.643859863281 790.686584472656 795.1787109375 799.226867675781 804.027893066406 818.01953125 818.979064941406 810.334411621094 824.624084472656 -3.4e+38 -3.4e+38 843.083679199219 841.105041503906 846.743225097656 852.97119140625 859.005310058594 864.580993652344 871.162475585938 877.638122558594 881.791687011719 897.575256347656 903.083068847656 909.489379882812 915.059204101562 923.527465820312 932.506286621094 942.938415527344 942.1552734375 941.748901367188 944.326293945312 948.807922363281 955.432373046875 960.544189453125 965.8203125 972.44091796875 979.167846679688 984.741760253906 988.439697265625 993.429809570312 996.181823730469 999.899536132812 1003.283203125 1008.33032226562
747.645263671875 753.607482910156 757.9765625 769.928649902344 774.406555175781 780.226379394531 782.437744140625 788.148071289062 794.042419433594 800.023864746094 801.819030761719 807.95263671875 814.3876953125 810.980834960938 -3.4e+38 -3.4e+38 844.231689453125 844.778869628906 843.698059082031 856.690795898438 852.614990234375 859.776306152344 865.376342773438 870.058166503906 877.270141601562 883.04541015625 895.628967285156 903.646240234375 909.098999023438 915.735046386719 922.955993652344 932.101745605469 941.785705566406 941.227233886719 941.513549804688 944.315856933594 949.691589355469 954.669006347656 960.830749511719 966.609985351562 972.645629882812 978.438903808594 983.256530761719 990.418640136719 993.875305175781 997.555725097656 1002.59759521484 1006.73065185547 1011.29064941406
747.890319824219 752.633422851562 757.744445800781 766.874694824219 770.821899414062 776.883239746094 781.106323242188 788.142272949219 795.514038085938 800.260131835938 799.972290039062 807.584899902344 815.950439453125 815.950561523438 819.780334472656 -3.4e+38 842.350708007812 853.074157714844 842.838806152344 850.165161132812 855.443298339844 857.968566894531 863.801391601562 871.602478027344 875.542907714844 883.182434082031 896.637756347656 903.196594238281 909.033813476562 914.348754882812 921.651428222656 927.794799804688 931.84814453125 934.243835449219 939.496765136719 944.180297851562 946.619995117188 954.435424804688 961.342895507812 968.047973632812 974.177185058594 979.405334472656 983.438781738281 989.54833984375 998.383544921875 1003.65655517578 1008.78442382812 1020.72796630859 1018.63055419922
749.643798828125 751.226196289062 758.049865722656 766.89404296875 768.714050292969 773.434387207031 780.121215820312 788.841491699219 796.561584472656 799.240783691406 801.457702636719 805.456237792969 806.998596191406 812.210144042969 817.980102539062 -3.4e+38 841.701721191406 840.432739257812 840.849182128906 848.639038085938 855.707824707031 859.903747558594 865.705993652344 872.307006835938 878.1650390625 884.347045898438 895.005615234375 904.455078125 910.864501953125 916.371459960938 922.722106933594 927.674560546875 930.984191894531 933.196411132812 936.178771972656 941.944213867188 945.438903808594 956.510986328125 962.482299804688 966.595886230469 973.523803710938 980.936645507812 983.410827636719 989.704650878906 998.769165039062 1007.05059814453 1014.00311279297 1021.85363769531 1023.12481689453
748.502197265625 750.231994628906 757.546447753906 767.219543457031 768.595886230469 771.801940917969 779.483093261719 784.750427246094 792.128356933594 795.831420898438 800.731750488281 805.370971679688 810.64208984375 808.86474609375 816.570190429688 826.003173828125 845.636779785156 836.465270996094 849.675231933594 847.152770996094 853.157043457031 858.744689941406 866.661071777344 873.617492675781 879.770874023438 883.42724609375 894.377868652344 902.78955078125 909.475708007812 918.030944824219 924.919860839844 928.977600097656 928.413696289062 935.781982421875 939.511169433594 942.106079101562 944.965515136719 956.577209472656 962.804626464844 967.265563964844 973.501953125 981.476928710938 985.962646484375 991.434326171875 999.743408203125 1011.84552001953 1021.45764160156 1025.08740234375 1028.3779296875
745.565368652344 750.146423339844 756.514343261719 763.179077148438 767.116149902344 771.533203125 776.455200195312 779.173706054688 786.807189941406 792.137023925781 796.926391601562 803.151794433594 810.482666015625 809.027282714844 815.100341796875 825.063781738281 845.121154785156 837.641906738281 847.4765625 845.469299316406 850.966369628906 856.985412597656 864.5556640625 873.081237792969 880.569519042969 883.283142089844 895.486572265625 902.578979492188 909.208923339844 917.575988769531 927.039733886719 930.813842773438 928.010375976562 937.993408203125 941.524658203125 941.632995605469 944.914611816406 956.725891113281 964.2822265625 970.511169433594 974.85546875 982.752319335938 989.345153808594 994.654174804688 1004.41412353516 1015.44085693359 1026.01452636719 1027.88623046875 1032.85021972656
756.4599609375 747.351928710938 752.961791992188 758.921081542969 764.956237792969 768.355041503906 771.319030761719 776.357421875 781.392578125 788.779724121094 794.988708496094 799.210510253906 805.460693359375 806.488647460938 813.643615722656 820.101684570312 832.577209472656 832.176330566406 839.034973144531 844.877319335938 851.137817382812 857.956848144531 863.964050292969 872.419067382812 880.472290039062 884.828002929688 897.123962402344 904.700073242188 911.640075683594 917.3349609375 927.187866210938 932.68408203125 930.42333984375 936.723693847656 938.443176269531 942.071594238281 945.68212890625 957.076232910156 966.411987304688 972.047302246094 974.910278320312 983.049560546875 991.433349609375 997.357971191406 1007.29809570312 1018.13342285156 1025.81262207031 1029.92150878906 1036.7919921875
763.8720703125 744.972534179688 748.5439453125 754.756164550781 760.532531738281 763.723327636719 766.642883300781 774.087585449219 778.750305175781 784.681518554688 791.667419433594 797.145568847656 810.137145996094 830.28662109375 813.970520019531 820.207092285156 833.533203125 830.724426269531 846.304565429688 845.636413574219 852.042114257812 858.538208007812 862.584228515625 871.050048828125 879.577514648438 883.313781738281 900.040954589844 906.889831542969 913.811889648438 919.086608886719 926.068969726562 930.022033691406 932.581237792969 937.276428222656 940.811584472656 943.51318359375 945.336486816406 957.339111328125 966.62451171875 973.515197753906 975.451171875 982.6455078125 989.876281738281 996.515747070312 1005.62878417969 1016.82775878906 1023.50280761719 1029.80432128906 1040.61560058594
759.261413574219 742.309143066406 744.6064453125 750.295104980469 755.648254394531 760.073425292969 764.533935546875 770.548095703125 776.524169921875 782.342895507812 787.493896484375 795.612060546875 806.53857421875 821.64697265625 812.841918945312 819.348999023438 829.310302734375 828.943298339844 842.354553222656 844.207946777344 850.276916503906 856.405639648438 859.86572265625 869.323425292969 876.656311035156 882.58837890625 898.330017089844 905.694885253906 912.621398925781 919.099365234375 926.105895996094 926.931701660156 930.534362792969 935.668701171875 939.503295898438 943.059204101562 945.752563476562 958.926879882812 966.794006347656 974.283447265625 977.727294921875 984.058654785156 989.303039550781 996.590515136719 -3.4e+38 1012.96136474609 1019.39233398438 1027.13098144531 1041.56726074219
741.596008300781 737.571838378906 742.97998046875 748.141296386719 751.324829101562 755.204711914062 762.494873046875 769.408935546875 774.92626953125 780.258483886719 785.943969726562 793.958312988281 799.371459960938 802.506408691406 812.360595703125 817.380249023438 821.133117675781 824.981018066406 835.986206054688 849.435668945312 846.496459960938 852.462951660156 858.221252441406 865.740905761719 872.855346679688 880.92333984375 894.062316894531 901.915893554688 908.874816894531 918.373901367188 925.285461425781 925.597290039062 928.546936035156 932.918334960938 937.348815917969 943.324096679688 945.450317382812 958.489379882812 966.536499023438 975.011840820312 980.18505859375 987.182922363281 992.833129882812 999.390197753906 -3.4e+38 -3.4e+38 1019.84020996094 1026.74853515625 1041.72668457031
727.691223144531 733.034301757812 740.534484863281 745.770446777344 747.642822265625 752.174560546875 758.519348144531 765.106262207031 770.384643554688 780.502746582031 795.476623535156 791.352233886719 796.890441894531 801.154052734375 810.683837890625 815.222839355469 818.140441894531 827.265197753906 846.475891113281 854.860656738281 845.023498535156 851.021423339844 858.955383300781 864.935119628906 870.042785644531 877.3681640625 892.117431640625 901.306640625 907.647338867188 919.169677734375 928.826721191406 925.33203125 928.207092285156 933.720947265625 938.208374023438 941.752685546875 945.947570800781 960.523742675781 966.598327636719 974.913757324219 981.15673828125 990.325927734375 996.527587890625 1002.29803466797 1009.73059082031 1016.32556152344 1022.134765625 1030.07348632812 1041.99060058594
724.81787109375 742.464904785156 734.301574707031 742.70556640625 746.230407714844 749.980346679688 756.018676757812 760.264038085938 766.780578613281 777.942810058594 799.711181640625 787.665954589844 794.114318847656 804.111328125 809.806091308594 817.709594726562 827.679809570312 827.264221191406 841.881958007812 845.396179199219 843.375915527344 850.4921875 859.991455078125 864.825866699219 869.840454101562 876.919067382812 891.093078613281 899.243469238281 906.885620117188 918.409240722656 933.248962402344 940.879516601562 928.982299804688 934.987365722656 937.339965820312 941.141296386719 947.943481445312 963.079833984375 970.120422363281 975.198303222656 983.657470703125 996.988037109375 1002.05346679688 1006.25616455078 1012.67492675781 1019.13562011719 1024.62048339844 1035.16650390625 1043.25
717.052185058594 730.036376953125 731.053283691406 741.446105957031 756.900268554688 750.425964355469 766.371032714844 756.807800292969 765.164794921875 773.459411621094 785.974304199219 784.245300292969 794.365356445312 812.615295410156 820.770385742188 815.957153320312 824.597290039062 823.597473144531 831.399780273438 837.16064453125 842.679443359375 849.731018066406 859.277404785156 864.687133789062 871.004760742188 878.374145507812 891.909851074219 898.682373046875 905.971862792969 915.205444335938 926.564331054688 939.938171386719 930.227722167969 934.504516601562 937.770629882812 942.27294921875 947.845825195312 962.169555664062 971.881958007812 978.387573242188 989.182800292969 1000.07171630859 1005.64904785156 1012.86315917969 1018.03509521484 1022.20440673828 1028.78747558594 1038.51013183594 1049.134765625
709.100402832031 713.179443359375 728.105163574219 738.853088378906 761.2158203125 749.184936523438 775.934204101562 768.117492675781 761.60107421875 768.510559082031 774.7822265625 780.287414550781 794.082214355469 805.369812011719 825.452514648438 810.603820800781 816.8505859375 822.715942382812 829.91259765625 834.81982421875 844.485290527344 851.833801269531 859.144226074219 866.236877441406 872.532409667969 878.911315917969 893.962463378906 901.256774902344 906.799377441406 914.213745117188 921.038452148438 929.46044921875 932.708801269531 935.049499511719 939.540466308594 943.121826171875 948.348876953125 962.277709960938 972.869750976562 981.277954101562 -3.4e+38 998.00390625 1008.26977539062 1019.92846679688 1029.07568359375 1027.75012207031 1032.06811523438 1040.69763183594 1055.07556152344
716.979309082031 712.769592285156 726.050231933594 735.7705078125 747.735534667969 759.854919433594 753.526062011719 747.082702636719 -3.4e+38 759.181945800781 767.9970703125 775.338256835938 782.487731933594 793.630493164062 809.976257324219 809.41015625 823.547668457031 826.631225585938 825.063232421875 836.436584472656 849.690551757812 854.254638671875 856.738830566406 865.185913085938 872.034423828125 878.206787109375 893.484375 903.803833007812 912.026428222656 915.978393554688 926.241760253906 931.658325195312 936.009460449219 938.44580078125 941.369384765625 946.084777832031 952.379943847656 970.472412109375 980.666870117188 988.960327148438 -3.4e+38 999.519226074219 1013.82965087891 1032.97680664062 1043.91137695312 1037.6953125 1043.21179199219 1047.40795898438 1058.63818359375
726.732788085938 724.250244140625 732.6015625 721.167602539062 739.799865722656 758.570434570312 758.832397460938 747.426025390625 -3.4e+38 754.734558105469 762.130554199219 773.998596191406 792.532409667969 794.393005371094 806.798034667969 812.957885742188 806.535034179688 813.893737792969 826.4462890625 842.680908203125 838.113952636719 843.42138671875 854.679626464844 861.887878417969 868.870239257812 876.671691894531 893.21923828125 899.657348632812 910.429443359375 917.960754394531 929.037841796875 934.201293945312 936.478637695312 939.969970703125 941.557922363281 946.397583007812 952.153015136719 972.04345703125 980.741455078125 992.219604492188 998.55908203125 1003.46502685547 1020.86437988281 1042.69458007812 1044.25720214844 1041.82177734375 1049.00805664062 1049.57556152344 1056.71960449219
710.275085449219 729.207702636719 728.518249511719 714.5439453125 728.411437988281 752.755798339844 745.635925292969 -3.4e+38 -3.4e+38 -3.4e+38 756.389831542969 765.68408203125 780.564392089844 784.078796386719 793.212890625 808.764282226562 815.089782714844 812.664672851562 827.943115234375 852.485168457031 845.408996582031 841.012756347656 849.787109375 857.418151855469 865.460754394531 872.805725097656 889.989318847656 -3.4e+38 911.024230957031 918.975158691406 928.469116210938 932.683471679688 934.515075683594 940.1455078125 943.13525390625 946.607543945312 952.710144042969 973.533996582031 982.978881835938 994.566955566406 1006.67858886719 1009.15649414062 1023.23864746094 1038.65686035156 1037.78015136719 1042.0498046875 1049.30688476562 1050.82141113281 1057.56396484375
