rcp8.5models/MPI_ESM_LR/sc1gr7.31
NCOLS 261 
NROWS 433 
XLLCORNER 336357.134 
YLLCORNER 654653.479 
CELLSIZE 1000 
NODATA_value -3.4e+38 
[rows 264 to 285 of 433, columns 49 to 97 of 261]
59.1443252563477 58.8594779968262 58.6188430786133 58.4457893371582 58.2264099121094 58.118782043457 57.9452934265137 57.4436798095703 57.3871765136719 57.182746887207 56.9999351501465 56.9068908691406 56.7997093200684 56.5627059936523 56.4213218688965 56.2817001342773 56.0412368774414 55.9475326538086 55.3590698242188 55.1818008422852 55.313793182373 55.1065292358398 54.7944221496582 54.5934257507324 54.2868690490723 53.7059135437012 53.2933731079102 53.5618934631348 53.3503913879395 52.4607353210449 51.7134246826172 50.9457550048828 50.4559097290039 50.1140518188477 49.8251838684082 49.3230819702148 48.6263771057129 48.0436401367188 47.9099540710449 47.5947761535645 47.1588706970215 46.1645774841309 45.7843284606934 45.3371047973633 45.1041145324707 45.0538368225098 44.6715126037598 44.4771118164062 44.5761489868164
59.1770515441895 58.8862380981445 58.609375 58.3366241455078 58.0417404174805 57.9982719421387 57.9290580749512 57.376823425293 57.2232246398926 57.2067909240723 57.0566215515137 56.9067611694336 56.6769676208496 56.50830078125 56.4452667236328 56.3367385864258 56.1198310852051 55.9566497802734 55.2201232910156 55.1301460266113 55.1862754821777 55.1166038513184 54.8656806945801 54.5751647949219 54.2801971435547 53.7569007873535 53.2739028930664 53.4241905212402 53.4931411743164 52.4212379455566 51.9770774841309 51.2850494384766 50.5267219543457 49.9696731567383 49.5998802185059 49.1361351013184 48.394458770752 47.8831024169922 47.7430686950684 47.4181480407715 46.9524345397949 46.1734771728516 45.663402557373 45.2366371154785 44.8954200744629 44.6679344177246 44.4743728637695 44.2789573669434 44.5699844360352
58.9605026245117 58.7002792358398 58.5019378662109 58.2346229553223 58.0038375854492 57.8908805847168 57.8217353820801 57.3264503479004 57.0957107543945 56.9071502685547 56.8399963378906 56.8852882385254 56.7398910522461 56.6216087341309 56.4783172607422 56.2938804626465 56.2539176940918 56.0059928894043 55.4184532165527 55.3278503417969 55.3230934143066 55.0850791931152 55.1032676696777 54.9278411865234 54.2386779785156 53.827507019043 53.9859809875488 53.8076095581055 53.6493453979492 52.4829139709473 51.7781410217285 50.9553451538086 50.2577705383301 49.5636138916016 48.9437942504883 48.5305709838867 48.3238868713379 47.8091735839844 47.5319366455078 47.1675109863281 46.6368675231934 46.064697265625 45.6451301574707 45.0574913024902 44.4211578369141 43.9838790893555 44.037353515625 44.1879692077637 46.1915435791016
58.9049758911133 58.6113433837891 58.3452796936035 58.101261138916 57.9396057128906 57.8803787231445 57.7567596435547 57.2441940307617 57.0775527954102 56.841552734375 56.649585723877 56.6693305969238 56.4676475524902 56.3491630554199 56.3562393188477 56.2923889160156 56.1911277770996 55.9842834472656 55.5138969421387 55.4612159729004 55.2099952697754 54.9520263671875 55.0025482177734 54.8669624328613 54.0508575439453 53.7250175476074 54.343822479248 53.9309387207031 53.5815353393555 52.5764808654785 51.5576858520508 50.4213104248047 49.9800453186035 49.5860786437988 49.0528030395508 48.6277198791504 48.3319320678711 47.7659492492676 47.3899879455566 47.0779762268066 46.589786529541 46.018497467041 45.6877174377441 45.2126617431641 44.6900672912598 44.3150520324707 44.126277923584 44.0123100280762 44.8630676269531
58.9249305725098 58.6893424987793 58.3643417358398 58.0308609008789 57.8701400756836 57.8343505859375 57.6950798034668 57.0963897705078 57.110034942627 56.8977546691895 56.7248229980469 56.5757255554199 56.3144454956055 56.1300163269043 56.1111831665039 56.1780624389648 56.1081848144531 55.9724998474121 55.6166572570801 55.3899459838867 55.0967864990234 54.9607238769531 54.8932952880859 54.8292274475098 54.1447257995605 53.7370071411133 54.4041976928711 54.0307693481445 53.5539321899414 52.3645133972168 51.3093643188477 49.6481056213379 49.391300201416 49.888614654541 49.2713088989258 48.9637832641602 48.4211921691895 47.842098236084 47.360897064209 46.9414367675781 46.5180549621582 45.7943840026855 45.6596336364746 45.3605995178223 44.9174613952637 44.4150924682617 44.1208343505859 43.9245986938477 46.7749633789062
59.0512924194336 58.8046989440918 58.3706588745117 58.0931777954102 58.0081901550293 57.9475593566895 57.7404632568359 57.1247711181641 57.122875213623 56.8271522521973 56.7487144470215 56.6270065307617 56.4187431335449 56.2148017883301 56.0649757385254 55.9905242919922 55.9824867248535 55.920841217041 55.4860076904297 55.2349815368652 55.1337089538574 54.9846725463867 54.9245719909668 54.8539352416992 54.2610359191895 53.8545837402344 54.2301902770996 53.8037147521973 53.2799453735352 52.126091003418 51.2942810058594 49.7458648681641 49.5703315734863 50.025505065918 49.4243698120117 48.9792861938477 48.4905815124512 48.0212364196777 47.369327545166 46.8167839050293 46.464771270752 45.4531784057617 45.181827545166 45.0682220458984 44.533130645752 44.0755882263184 43.8133659362793 43.952953338623 46.1576843261719
58.955638885498 58.7142333984375 58.4616203308105 58.2063102722168 58.0520362854004 57.9137802124023 57.6436157226562 57.2061195373535 57.1528587341309 57.0065956115723 56.8341369628906 56.7079963684082 56.4278221130371 56.1733360290527 55.9846687316895 55.7491798400879 55.720329284668 55.8319358825684 55.3165893554688 55.1563682556152 55.0366401672363 54.9535140991211 54.9087600708008 54.8051567077637 54.3695678710938 54.0068473815918 53.9742393493652 53.5290679931641 52.9978904724121 52.187385559082 51.5972709655762 50.5968360900879 49.9863548278809 49.8825645446777 49.4777145385742 48.9655151367188 48.4458465576172 47.9457092285156 47.3687744140625 46.8814849853516 46.5900764465332 45.0849151611328 44.4492378234863 44.3976936340332 44.0128211975098 43.7845191955566 43.7067184448242 43.7842597961426 44.7609558105469
59.0236053466797 58.7923622131348 58.5604133605957 58.2379341125488 58.0955543518066 57.928653717041 57.5941734313965 57.2625885009766 57.1328620910645 56.9659881591797 56.8329391479492 56.6762237548828 56.3742904663086 56.1567192077637 55.9306488037109 55.5469169616699 55.2716445922852 55.3816871643066 55.2624588012695 55.0025177001953 54.8950996398926 54.924072265625 54.8516120910645 54.6401977539062 54.281078338623 53.988597869873 53.7588844299316 53.327335357666 52.8166694641113 52.1009178161621 51.6525573730469 50.5358467102051 49.1067352294922 49.0567207336426 48.9134902954102 48.6732978820801 48.3595695495605 47.8797912597656 47.4801559448242 47.1794395446777 46.8921279907227 45.012809753418 44.2494239807129 44.1143608093262 44.1394996643066 44.2314567565918 44.1271820068359 43.9444694519043 44.3842430114746
59.0885543823242 58.8651161193848 58.6067581176758 58.3243064880371 58.1728706359863 57.9612350463867 57.6722450256348 57.3333282470703 57.167537689209 56.9562530517578 56.7855072021484 56.5658111572266 56.354118347168 56.2115211486816 56.0580062866211 55.6448707580566 55.0779876708984 54.887996673584 55.182315826416 54.9907493591309 54.8418350219727 54.756462097168 54.6487770080566 54.4855308532715 54.1313552856445 53.8358497619629 53.5515403747559 53.0882225036621 52.5998001098633 51.7212333679199 51.4922981262207 50.1042175292969 47.8814125061035 47.5090942382812 47.3641624450684 47.3970947265625 48.3028831481934 47.8951416015625 47.6501998901367 47.4034843444824 47.0411643981934 44.9906997680664 44.2758407592773 44.2180824279785 44.7393646240234 44.8836441040039 44.4573211669922 43.9716529846191 43.8280296325684
59.2355766296387 58.9341468811035 58.681941986084 58.4803695678711 58.2359504699707 57.9814834594727 57.7074394226074 57.2783355712891 57.0432662963867 56.8723487854004 56.7187232971191 56.6196823120117 56.4787559509277 56.3074684143066 56.0265197753906 55.7032356262207 55.0655059814453 54.461311340332 55.0108795166016 55.0530662536621 54.822883605957 54.6200790405273 54.4349327087402 54.3166732788086 54.0136604309082 53.7052192687988 53.2253379821777 52.4717636108398 51.8168716430664 51.3930549621582 51.113338470459 50.0817718505859 47.6545486450195 46.6822128295898 46.746654510498 46.6512451171875 47.9265022277832 47.9497489929199 47.8023300170898 47.4785766601562 47.0306739807129 45.6860733032227 45.0175323486328 44.9330978393555 44.8781051635742 44.6033821105957 44.655345916748 44.1143760681152 43.7109603881836
59.2681884765625 58.9114379882812 58.6496925354004 58.3837432861328 58.1146621704102 57.9405517578125 57.6354522705078 57.1696929931641 56.935718536377 56.7814559936523 56.6627883911133 56.5539169311523 56.4289360046387 56.1930999755859 55.9720649719238 55.6675796508789 55.2906227111816 55.0560684204102 55.0675811767578 55.040714263916 54.6879844665527 54.4624557495117 54.265983581543 54.0796241760254 53.853588104248 53.5031852722168 52.9102020263672 52.0201835632324 51.1750564575195 51.1410827636719 50.446216583252 50.0246543884277 48.5453834533691 46.8596534729004 46.9458465576172 47.0816230773926 47.7413558959961 47.8298416137695 47.820182800293 47.4828300476074 47.0850868225098 45.9284172058105 45.3734664916992 45.2763900756836 44.9176940917969 44.6575736999512 44.7712631225586 44.4190254211426 43.9739418029785
59.3458518981934 58.914176940918 58.5258522033691 58.1901016235352 57.9235992431641 57.6990585327148 57.4090385437012 57.1264343261719 56.8653526306152 56.7233657836914 56.6082611083984 56.399284362793 56.2548866271973 56.1240653991699 56.0276298522949 55.8340072631836 55.4769096374512 55.1635856628418 55.1329193115234 54.8763961791992 54.5150299072266 54.3766021728516 54.2108345031738 53.919548034668 53.6791877746582 53.3397445678711 52.8635025024414 52.3017272949219 51.6869430541992 51.2227096557617 50.0978965759277 49.5021438598633 49.3983154296875 47.9286766052246 46.9941596984863 46.8445167541504 47.4793968200684 47.7132415771484 47.7860832214355 47.4246215820312 46.9685363769531 45.2859764099121 45.1111297607422 44.9425048828125 44.7932891845703 45.0395660400391 44.7226524353027 44.5212135314941 44.4580230712891
59.2550659179688 58.8695220947266 58.5247535705566 58.2515640258789 57.9715766906738 57.7280693054199 57.511905670166 57.0645980834961 56.8172836303711 56.669563293457 56.5455551147461 56.356689453125 56.2795028686523 56.1678123474121 56.0586814880371 55.8683967590332 55.4902687072754 55.2232513427734 55.1365509033203 54.7815818786621 54.4652519226074 54.3040885925293 54.0982551574707 53.8022270202637 53.5467338562012 53.2039947509766 52.8182716369629 52.44921875 52.0267295837402 50.895435333252 49.2258033752441 48.7854194641113 49.6588287353516 48.9437866210938 47.484058380127 46.0867500305176 46.3282241821289 47.2168121337891 47.8117485046387 47.4139175415039 46.9083404541016 45.4673690795898 45.2998695373535 45.1939239501953 45.0509643554688 45.2514419555664 44.8924522399902 44.7229919433594 44.6746215820312
59.3272018432617 58.9684944152832 58.6332550048828 58.3754501342773 58.1134796142578 57.8354454040527 57.6135025024414 57.1680145263672 56.8837471008301 56.682933807373 56.5288505554199 56.3747100830078 56.2555923461914 56.1081352233887 56.0105400085449 55.7996368408203 55.5600242614746 55.4505043029785 55.1288375854492 54.6954460144043 54.3047752380371 54.186408996582 54.067066192627 53.7734260559082 53.4795913696289 53.0924797058105 52.6926345825195 52.1541290283203 51.6903800964355 50.5709762573242 48.8942642211914 48.5909118652344 49.4867401123047 49.3460006713867 48.6090965270996 47.5282554626465 47.2202377319336 47.5298500061035 47.8101501464844 47.4838027954102 47.0079116821289 45.7410087585449 45.6455383300781 45.5691795349121 45.4567489624023 45.3674011230469 45.1419105529785 44.8935127258301 44.6416358947754
59.1999206542969 58.959587097168 58.7238235473633 58.4190902709961 58.118221282959 57.802978515625 57.580249786377 57.1009330749512 56.8417816162109 56.6163482666016 56.3998947143555 56.1991195678711 56.1391868591309 56.0480041503906 55.8800468444824 55.6934242248535 55.514045715332 55.363208770752 54.8922348022461 54.6804466247559 54.4106063842773 54.0769195556641 53.5145683288574 53.0141296386719 52.9773864746094 52.7919273376465 52.4770812988281 51.9593048095703 51.148754119873 50.3528175354004 49.3777542114258 48.9769515991211 49.7032775878906 49.4688186645508 49.2029800415039 48.7902412414551 48.2988700866699 47.9548377990723 47.7718772888184 47.4058380126953 46.9426155090332 45.9689521789551 45.6644821166992 45.887809753418 45.6271362304688 45.3575477600098 45.2566146850586 44.951000213623 44.6123809814453
59.3203086853027 58.9984436035156 58.6794815063477 58.404712677002 58.1722373962402 57.8122711181641 57.4074821472168 57.0837287902832 56.857048034668 56.6031455993652 56.4269256591797 56.2342987060547 56.1327323913574 56.0430946350098 55.8879585266113 55.6883201599121 55.4585151672363 55.2751808166504 54.7851753234863 54.5661544799805 54.2549362182617 53.9431991577148 53.3033256530762 52.7151908874512 52.7005043029785 52.6308937072754 52.3154449462891 51.8324890136719 51.194953918457 50.5204925537109 50.1887741088867 49.6423797607422 49.5895729064941 49.0981750488281 48.8635444641113 48.5021171569824 48.0030784606934 47.7394981384277 47.7245101928711 47.3511543273926 46.7143783569336 45.3890533447266 45.2494354248047 45.5898170471191 45.2255210876465 45.1102066040039 45.2840347290039 44.9949417114258 44.6188201904297
59.4443664550781 59.1140747070312 58.7035064697266 58.3199195861816 58.0514678955078 57.7036590576172 57.3250694274902 56.9751968383789 56.7781639099121 56.581298828125 56.3891258239746 56.2190208435059 56.0605087280273 55.9551048278809 55.7925071716309 55.4601745605469 55.2441864013672 55.1363754272461 54.6683464050293 54.402042388916 54.140739440918 53.8495674133301 53.4001541137695 52.8181381225586 52.4792861938477 52.3768920898438 52.1496658325195 51.7048110961914 51.2428245544434 50.5996398925781 50.5105247497559 50.0420722961426 49.2895050048828 48.4806671142578 47.9675598144531 47.6248474121094 47.4341659545898 47.3531684875488 47.5447235107422 47.2075386047363 46.6241645812988 45.3476181030273 45.1954193115234 45.2591209411621 45.0975952148438 45.0705413818359 45.2046852111816 45.0162162780762 44.6387138366699
59.496452331543 59.1327362060547 58.7233352661133 58.3372077941895 58.0079803466797 57.6844787597656 57.4162750244141 56.9472198486328 56.7044334411621 56.5381774902344 56.3613433837891 56.1557388305664 55.9836921691895 55.8275566101074 55.6963806152344 55.3687973022461 55.1062774658203 55.0537033081055 54.5860481262207 54.3042144775391 54.0802268981934 53.7909545898438 53.4219207763672 52.9879150390625 52.6462249755859 52.2039756774902 51.8390007019043 51.6739387512207 51.2808227539062 50.6931495666504 50.3883514404297 49.7414131164551 48.9017372131348 48.3199729919434 47.4016189575195 47.096607208252 47.3928337097168 47.4151611328125 47.4239349365234 47.2523956298828 46.799144744873 45.4848594665527 45.2529640197754 45.2213592529297 45.1703834533691 45.0782623291016 45.1104507446289 45.0555381774902 44.7349739074707
59.5179443359375 59.1162796020508 58.828182220459 58.4440956115723 58.0114593505859 57.6676826477051 57.428653717041 56.892261505127 56.6132278442383 56.4491729736328 56.3331680297852 56.163631439209 55.8391914367676 55.4538040161133 55.3192977905273 55.3086776733398 55.1093711853027 54.9203681945801 54.4696426391602 54.1869049072266 53.8170776367188 53.5412940979004 53.3489265441895 53.0353736877441 52.569034576416 52.0464553833008 51.8152465820312 51.6465072631836 51.4044952392578 50.1558456420898 49.4728584289551 49.6105461120605 49.1439933776855 48.7690658569336 47.7522163391113 47.2816619873047 47.4260177612305 47.3630142211914 47.229808807373 47.1243743896484 46.759593963623 45.6444969177246 45.4664001464844 45.2835731506348 45.1922073364258 45.123664855957 45.1793327331543 45.1088333129883 44.7536087036133
59.5235176086426 59.0453147888184 58.8099327087402 58.4521675109863 58.0351295471191 57.745361328125 57.4300880432129 56.7847442626953 56.5774688720703 56.4002494812012 56.2923545837402 56.1621208190918 55.7998237609863 55.4042892456055 55.2150001525879 55.1919212341309 55.0656585693359 54.8913536071777 54.2974433898926 53.8844299316406 53.4759674072266 53.2163429260254 53.1630325317383 53.0368728637695 52.4019508361816 51.9077110290527 51.8629493713379 51.6419944763184 51.3917961120605 49.8253936767578 48.9051284790039 49.6191711425781 49.4987945556641 49.057201385498 48.2704925537109 47.586597442627 47.3572044372559 47.1731605529785 47.1441535949707 46.9336853027344 46.4425086975098 45.9134712219238 45.84130859375 45.6137161254883 45.3908157348633 45.2967643737793 45.351188659668 45.1140098571777 44.7973899841309
59.3965682983398 59.0588493347168 58.8009185791016 58.4314460754395 58.1004600524902 57.8014488220215 57.4594917297363 56.8484687805176 56.5312805175781 56.3203010559082 56.1855926513672 56.0568542480469 55.7880592346191 55.5349617004395 55.3553123474121 55.1608428955078 55.049674987793 54.8847694396973 54.2713928222656 53.7911109924316 53.5285949707031 53.3696022033691 53.1956405639648 52.9149055480957 52.4784202575684 52.1205368041992 51.9321823120117 51.6968231201172 51.2658386230469 49.9968948364258 49.2105712890625 49.6304588317871 49.6192359924316 49.1713104248047 48.5669631958008 48.0639572143555 47.8764801025391 47.3085975646973 46.890380859375 46.7372932434082 46.3722114562988 46.2280960083008 46.2563285827637 46.0997543334961 45.8116416931152 45.4874076843262 45.4718170166016 45.1619453430176 44.9644508361816
59.3749198913574 59.0304412841797 58.7810249328613 58.4023132324219 58.0708312988281 57.7437973022461 57.4770278930664 56.891040802002 56.5334663391113 56.2271118164062 56.0790901184082 55.9797706604004 55.771354675293 55.1866989135742 54.4203071594238 54.576099395752 54.9711799621582 54.7560272216797 54.2984390258789 53.7551383972168 53.4551010131836 53.4384078979492 53.1428985595703 52.7774200439453 52.4418487548828 52.1412582397461 51.8396873474121 51.5249938964844 51.2403450012207 50.1009864807129 49.0467910766602 49.2217330932617 49.7287635803223 49.2009010314941 48.4814224243164 47.9267311096191 47.657096862793 47.505729675293 47.1296882629395 46.6483993530273 46.4837532043457 46.327465057373 46.2891426086426 46.147274017334 45.879524230957 45.6750259399414 45.6272239685059 45.3423767089844 45.186767578125
