rcp8.5models/MPI_ESM_LR/sc1gr4.5
NCOLS 261 
NROWS 433 
XLLCORNER 336357.134 
YLLCORNER 654653.479 
CELLSIZE 1000 
NODATA_value -9999 
[rows 264 to 285 of 433, columns 150 to 199 of 261]
254.977467515507 252.897326007578 259.279932970995 269.445372381397 272.711627806716 273.607567636979 275.768911551106 277.481104409315 278.53775969027 282.291059868254 290.059473222436 290.128409424758 289.574332166379 289.258048258172 289.421977567999 289.06617242476 288.557233825585 288.323995372186 289.217633688344 288.337108761775 -9999 -9999 -9999 288.37065441867 288.04739106532 287.671255584992 287.164447059323 286.498578953145 286.346010158133 287.104370364122 287.837371113313 287.687198011331 288.090441844061 288.94202069529 289.632675059922 287.454817195391 284.905745483634 289.178428335995 289.760133333367 290.079256984377 290.57386792092 291.338808732128 291.23604928869 290.632648772278 290.1819685538 289.712324201688 288.86101465161 289.269539216111 290.538747307639 290.039430338692
243.788169632577 243.053317280061 252.217251606827 261.470609275552 269.109796026775 272.618436117892 274.042687619306 276.457573747142 280.021212255825 286.083804473271 289.788692189567 289.726758853066 289.089460390549 288.992503114418 289.411036039378 288.790343137663 288.155337735403 288.450760320269 288.885452717467 288.507287941582 288.701371764478 -9999 288.539022429019 288.363951170896 287.934222119844 287.381467717648 286.719588724627 286.090767994627 286.34511282329 286.792994793994 287.592191278316 287.825749278877 288.263591521986 289.026192558985 287.840387868054 278.081174091344 271.808584544776 286.814235144417 289.881105529759 290.331682483189 290.850363839464 291.234692796962 291.483089847535 290.840385423943 290.245465274825 289.629713947154 289.738676680664 289.538526305854 288.983167190241 289.994277459726
230.071427083914 228.539397750333 240.823165736195 250.73919123977 262.90607396022 270.798567122369 273.059584828209 274.012432565845 281.916727964933 289.770099710288 289.793706026114 289.466705720264 289.340299103493 289.640584298535 289.451201787982 289.451694570941 289.47971112726 289.042998911335 288.477742612599 288.244805332835 288.209613359648 -9999 288.294995453198 287.440083909151 286.967136743603 286.45154548339 286.457432741789 286.392432197475 285.912768754157 286.173601240537 288.052615945052 288.456032120253 288.651776786478 288.309805934289 288.740738906926 282.408318714611 266.813356008118 271.095101182186 286.632154813427 289.280974115045 288.795776934152 290.19363111012 291.087314096649 290.498563390911 290.070474969709 290.286803113026 291.363151710704 291.430571162651 291.364682807088 291.82248212504
224.80444146111 221.608107888726 229.309649602981 239.886493976982 255.121575698805 264.654308327086 270.321278715914 272.801498090542 281.631378199271 289.559681489183 289.628350080592 289.643462158912 289.638953990172 289.495888373349 289.325233446973 289.361114220201 289.012527942963 288.920168694376 288.283105362632 287.727838301679 287.795757845048 288.642813208168 -9999 287.288924148055 287.001901724173 286.666387180586 286.844840485466 286.274402776252 285.97676770464 286.208422022338 287.463656108465 287.863126027041 288.3671017388 287.907311528462 288.336991863334 282.830491708904 264.156780365993 261.867819731722 283.987648173419 288.79390685013 288.694164408276 290.222945798385 290.708029719643 290.021899422929 288.718652414283 289.803374587384 291.266415583724 291.896181584664 292.045551890345 292.32062482792
221.268937359258 217.83054523776 222.631300150011 228.718924135982 242.537751810596 253.858536943925 264.140500515062 271.370077287644 281.293224451531 289.32707656143 -9999 289.74515978078 289.495321219022 285.672449464022 281.901319833139 288.799570526511 288.363194524919 287.952579301687 287.401489941788 287.508912524515 287.612146574432 288.211079365187 -9999 287.768978891577 287.669802141055 287.124075969253 287.189027995575 286.551345090686 286.135553756632 286.336279205785 287.263622399735 287.783358864599 288.095391445091 287.799088378222 288.336621332403 287.054358650141 278.947049767811 274.905569670135 285.597876767566 288.574833622295 289.551093993558 290.058911877836 290.405293845305 289.860476928981 288.786168668618 289.867712210019 291.204511060395 291.632994822409 291.477249206312 291.828958465822
221.06607050322 223.850528399573 227.393710383602 227.389584680621 231.060894721161 242.987842286549 259.715697289954 269.924903634207 280.896972147323 289.266182032232 289.690956334863 289.609387354194 288.79486455316 283.946542311012 280.918314899934 288.567444314637 288.045407603297 286.709838214764 286.907188286161 287.426258521176 287.648481278222 288.155109296939 288.428819378685 288.126206645792 286.935750818786 285.690564935571 286.7391533684 286.930211311651 286.224728207099 286.317925160776 287.25262595767 287.450632760094 287.599326285597 287.508979142991 287.930846570981 288.252882499282 287.709917290071 287.466018601618 287.311807260756 288.296340328627 288.960086346466 289.031800781379 290.153322158339 289.372027389364 289.410293274641 290.049659439041 290.718320328898 290.417895607454 290.608446111657 291.503699862392
226.460084089182 233.418952198609 238.113817909883 238.243728193943 233.297490672388 237.649639444804 254.787787668208 267.275154428655 284.521294893402 288.756646967813 289.434560206523 289.558212272012 288.812135990397 286.960723489491 286.920637211875 288.271351555489 287.824916075032 286.839249434902 287.184010480829 287.517094312279 287.645842443217 287.848388364756 288.130494367025 287.965477576701 286.23833813883 285.010217865815 285.801336640846 286.552735026877 285.950801038702 286.312793306769 286.487025433269 286.648948564869 287.112224135419 287.187172433511 287.537914366638 288.141361915125 288.340798068212 287.308514088265 286.498899651195 287.284407058819 288.211522924414 288.754666463084 289.531970357794 288.700304090028 289.221439525132 290.168929995022 290.213941189477 289.866834208061 290.541983474737 291.467002570036
232.214929261791 237.234119497939 245.854142067838 248.88192254171 246.216149457254 246.264340871019 256.43601833485 269.258347249234 284.208403872975 288.328521330801 289.137175775298 -9999 288.997540014282 285.312892317912 281.478137284457 287.958556246995 287.884602226031 287.660169139317 287.790136584559 287.913142322025 287.866230926483 287.573016705468 287.93188987797 287.794907014793 287.383003666937 286.733037840466 285.699404780431 285.908419332357 285.921291800856 286.212563298274 286.084858146262 285.980836609008 286.641282394951 287.275618503037 287.721402353332 288.062739385551 288.014986419285 286.968320964045 286.298453251206 286.983499474054 288.207338331454 288.796767214148 288.8527591694 288.736306557708 289.456018716829 290.408511711574 289.990284014277 289.832865292413 290.315192999048 291.408053770713
238.663329785306 241.27246424956 249.446688560381 253.82399025767 254.745537142537 258.131162505428 265.168434197642 273.009499122394 280.439561798348 288.59678104586 289.002358242961 289.096223433813 288.994195548645 283.001380852153 276.987851848456 288.331596853651 288.337344922072 288.218966145875 288.503495749232 288.443214687613 288.166550835286 287.558903026145 287.640209890591 287.611211484479 287.884791303567 287.579134498008 286.829497161448 286.542946331604 286.370462079907 286.471048637269 286.145896093609 285.491675900737 286.29109238517 287.14783169743 287.581461914936 287.95876282097 287.678286793694 286.741110481979 286.365720611841 286.770701263473 287.490685745907 287.778268560706 288.240438749977 288.850733139801 289.740125798735 289.83003351661 289.38525272503 289.534252531789 289.047988382696 291.196443510929
244.815877012584 246.407624421774 250.593896954312 254.485755190662 256.166542720735 263.200635959542 270.683703550972 274.957702433324 284.646877071194 288.835441436095 288.951541845652 289.087682705046 288.976398519055 286.055711841675 -9999 -9999 -9999 -9999 288.713342744492 288.60040785781 288.16619242886 287.243299143465 286.938022817262 287.28917967679 287.073951498474 287.128168811839 287.286491933887 287.489578737273 287.082769106708 286.783642056637 285.833354703614 285.217012685023 285.750232579897 286.156443215353 286.666917683679 287.576049019684 287.616265733581 286.638188169126 285.243346706063 282.712495380625 282.336658327759 285.987132815098 287.448307711405 288.532895161649 289.487698771109 288.828311911077 288.855837259764 289.665438859933 289.934861171904 290.953645410627
247.959779309258 248.277412606322 248.286459512754 249.57581520425 254.895635668035 266.9208452973 273.95943526533 278.053117023849 287.81843028356 288.756053360105 288.838939480131 288.842177169465 288.708736247219 288.520958463285 288.162227549129 288.303008169967 288.760845899461 288.25831158638 288.111127528487 288.351746871536 287.905147230027 287.173132346588 286.506248125214 286.783654274825 286.428125991825 286.072083910644 286.301403186476 287.174845725682 287.387504942795 286.934510969793 285.228421067086 284.292803941367 285.047917351502 285.463127933318 286.255431613532 287.339650345935 287.511298319171 286.524149066437 284.429307137254 280.309482312208 280.594856594035 284.88297630753 287.1901590624 288.355440209377 288.515405781746 287.892808597809 289.364236073436 290.448148000771 291.092532141222 289.871504957457
246.913398055894 248.596836969946 245.285368397786 243.318563126553 253.372007824634 267.328752411663 273.776355576222 277.274796294115 286.185847644053 287.361545579517 288.503593393549 288.737785568456 288.742158025838 288.577489546754 287.845404147547 287.21570532935 287.574304866152 287.455138192325 287.003424654291 287.875271659875 287.576106628247 287.055622659128 286.210321530739 286.165105630741 286.417942668777 286.036446492434 285.904509661796 286.106140903568 286.809548842677 286.984139389853 285.242088688231 284.076060664274 284.936739147218 285.786561594974 286.368466813015 286.969753857447 287.052290378414 286.767068764915 284.810354489842 281.836038454465 282.964916485049 285.611320303751 288.045542476037 288.328563989576 287.91603355199 288.293483764444 290.045640245111 291.004024647839 290.98108939833 289.679626331801
243.27000709457 245.398673388304 240.139007721904 238.32182943593 249.429961130354 261.975965838218 268.858869885797 270.206350137243 275.829419907953 276.314648338387 287.295726754688 288.827190822078 288.77014406904 288.521981216125 287.764606317152 286.867008008369 287.205341733739 287.204439938764 286.590474071354 287.056154079539 287.355209199412 286.979539241236 286.147683100661 285.728814924354 286.024727793041 285.93736839235 285.509127488276 285.028755543596 286.054283064679 286.663036289607 285.338813446989 283.589443843578 282.41704887948 285.030593371126 286.193388986761 285.913696839625 286.073325233808 286.780155743878 286.043873334406 283.87087626911 283.306757700994 286.123195886935 288.066863428441 287.782056970204 288.432162512478 289.09048161775 289.972843028943 290.860869128918 290.829005431766 290.454383374875
241.337220866349 239.130164691851 232.938311649537 233.5114468368 242.841180182128 252.650044856743 257.624335644639 261.891477606122 267.299737812238 268.219928784927 285.540078554323 288.650706682582 288.573519409566 288.440480379811 288.261030351001 287.716733282904 -9999 287.423622673676 286.874246720536 286.812944735811 287.042308636964 287.064299579171 286.172015429215 285.462963566729 285.376076833621 285.346537818666 285.335425114413 285.36488934973 285.894496133025 286.272772066283 284.980553668227 283.495370517858 282.646452382367 284.502400084686 284.390466486871 284.795583822997 285.456678042066 286.489291177669 286.722765799233 285.334332963286 283.673445239157 284.19013495758 287.133014693574 287.134127254748 288.355084141602 289.513738122933 290.008258511731 290.4011177422 290.284661235312 290.477448205006
232.827366659998 229.081445054573 227.024762804595 226.789956621188 230.894643020612 232.540280610817 230.525617880496 242.202796561661 260.583478984723 270.830968941613 284.43093965766 287.381208136736 288.504712200959 288.05984578471 287.543044927972 288.323943547065 288.135745184505 287.712462221548 287.481359699936 286.562566789295 286.530931829318 286.470286819922 286.15454155396 285.681730936028 284.795824135375 284.450808701508 284.83825590852 284.827929583023 284.970992758212 285.168885378783 285.18105016566 283.705159258924 284.88994669518 284.362094704967 282.62718988249 283.802112615042 284.729630266075 285.951317809514 286.455565644884 286.216238601649 284.850893437127 277.096411126872 247.155653430025 265.65262711886 286.136131256601 288.841630644495 289.315473193799 288.605259285967 289.155526192117 288.987045547975
236.789977681947 235.370390410826 234.461053806681 231.034230172236 232.209603349799 233.964443839359 235.133929461819 238.226176558544 260.108829914926 274.249606798074 284.240942307675 286.361116830124 287.548427957617 287.634875402965 287.462310103066 287.196899258642 287.305215378644 -9999 287.48025805612 286.825240942659 286.536213035349 286.205581406507 285.614329378655 285.066936653557 284.476060104075 284.359466288648 284.150750699077 283.940496699368 283.381202658391 283.51546628643 285.262868324449 283.624548662498 284.020897631569 284.077862999625 283.012396028121 282.12454473552 283.264191221468 285.700764754738 285.797685150209 285.285894406344 284.477707068685 280.409149840387 239.67629532898 256.613176850011 286.578318877872 288.540578524449 287.931932490095 285.796334866339 288.973486120217 287.78557385862
244.053550148569 240.703776689656 236.196716885866 232.909380029668 233.694817736787 231.970740458868 234.608505349758 233.927168295136 258.078760375719 275.048259133896 283.894674869008 285.6359588613 286.355929833997 287.143590545013 287.103700103863 285.650684137512 285.91364289957 -9999 286.208549530963 286.40983965566 286.048117370462 285.890998256739 285.430361167547 284.804927733327 284.391211492352 283.900776355285 283.575463485006 283.014681904847 282.50081997622 283.223742032327 285.38255926022 283.964632123058 282.976400009758 283.104654910715 282.584770946645 282.11827716874 283.083935053262 285.631216382559 285.654654215299 284.703744270589 284.261616899379 282.253494153709 245.240561294207 255.653506593096 286.204671960057 287.883992125318 287.244547552064 285.357634766982 288.154956786883 287.628491771802
246.988229837292 242.538388992621 236.277394309694 233.750704334762 235.904359148831 226.896530259864 228.743582498515 226.221329095636 255.70829756654 272.130720191437 282.986568511591 285.202511812074 286.034036938303 286.440246140946 286.168772439823 285.758244867698 285.605915221574 285.175154001549 284.896799410143 285.323508787294 286.027110856628 286.051295199522 285.758406583838 284.550636806094 283.225110700042 282.844822652917 283.257377071186 282.637975741027 282.720086869729 283.553961116897 285.124202907821 284.169546673713 282.854606011076 282.775708729625 283.173373967792 283.990939251477 284.697468374714 285.513626644691 285.474288103472 284.718028127164 284.07519170938 281.840845052979 259.151556389046 257.849455530858 285.615510033643 287.375684202735 286.579278126201 286.319646614449 284.539148622914 281.298398574484
248.042164817343 241.989187182675 234.280388597564 237.644852270408 239.950331570888 227.90598978607 228.843548804775 228.83225351294 255.021564838033 268.062561920126 277.230638389686 284.588723360004 285.560056718181 286.041679143199 286.066088386361 286.150284316003 285.791365239564 285.370602887529 285.036215809532 284.704572660054 284.574770024053 282.930731018671 284.514626936645 284.754263792926 282.00994644562 281.674647571488 283.487567653347 282.996221820275 282.694806911158 283.504845519703 284.848727175384 284.704074448582 283.569457904737 283.082238867222 283.206926239412 284.313084172933 284.54483399278 284.673109905997 285.128224882618 284.707252996095 278.878506200256 264.830614038491 265.96002339245 272.723510992995 286.196766812253 287.123221671658 285.673714700262 282.373555833382 274.604716034724 272.638890874931
247.718061891827 238.340038115051 232.934240528155 243.436589716623 244.534261582321 231.986612312033 230.806059284474 234.538479317859 251.682104355361 264.277274533073 270.285216480238 283.24444817027 285.160631630943 285.907638480983 286.129325250411 286.121572408047 285.554402217807 -9999 -9999 284.568460576416 283.451154044119 281.663333383617 282.92870907932 283.934304135082 282.671005011945 282.083211617912 282.704975543979 281.507015666946 281.699761331232 282.869415725873 284.368094947403 284.571537138976 283.08696651487 281.788728497505 283.222953425887 284.02795236889 283.979050233085 283.828871428756 284.6600749571 284.562913333631 274.221574220589 251.765529726192 273.089206597872 281.207041108371 284.372490826241 286.899218222459 284.432399968014 277.219340037138 271.833811663502 271.635230265926
245.630813412491 237.51925082185 237.452831214019 248.74826470387 247.995495508184 232.457244399795 230.391530934768 239.304824775327 246.904772077473 261.191937848569 267.676331036136 281.786766372389 284.85457730411 285.891175039448 286.164195428231 284.699289753945 281.933074422517 283.308189486778 285.098761821249 284.633436500249 284.248914828951 283.569405530704 282.951013020922 282.777511367907 -9999 282.662063004878 281.798918730509 280.432951033162 280.258480851985 281.332944721612 282.734565823933 284.074555462829 280.049749095714 274.360443810671 282.66308196942 283.627742039381 283.350247253524 283.047571083007 284.350530122663 284.65483146393 278.426946954532 266.68563593188 279.861525150387 273.128913329487 271.65284822654 285.732317260329 282.066622176423 274.349234049972 270.741060136661 269.154225169316
243.769329654196 237.848703586199 241.515433790132 253.722444964383 251.443925771831 233.454370209795 231.997960225144 242.587898629494 249.835047311064 258.294050485406 260.867227293104 276.208419719642 284.101974418899 285.548998146464 285.970871241315 283.800578746603 279.959222911694 281.872301639443 283.896755182574 -9999 284.043121393167 283.141323810519 282.518407690158 282.310934690025 282.596704604778 -9999 281.886929387683 280.790874363487 279.001896272643 280.032696541566 280.683707142075 282.673343657621 280.767240819239 275.080710121025 280.751708960402 283.036005418911 282.143465955949 281.303371654737 283.492839611542 284.367892120638 283.03368583268 281.431502351694 279.107742307266 270.313140936619 269.717659336799 284.31228696054 279.749986939733 275.772757938002 269.469938782451 267.153827205963
