rcp8.5models/MPI_ESM_LR/sc1gr9.20
NCOLS 261 
NROWS 433 
XLLCORNER 336357.134 
YLLCORNER 654653.479 
CELLSIZE 1000 
NODATA_value -3.4e+38 
[rows 176 to 197 of 433, columns 147 to 195 of 261]
181.931198120117 182.189163208008 182.701477050781 184.283416748047 185.304489135742 186.116516113281 186.735961914062 188.043258666992 188.929077148438 189.768341064453 191.03727722168 192.842330932617 193.705291748047 194.794876098633 196.514678955078 197.364669799805 198.577651977539 199.223175048828 200.330459594727 201.587448120117 202.682418823242 203.926406860352 205.576217651367 206.548141479492 207.771530151367 209.235824584961 209.92350769043 210.907958984375 211.904418945312 212.792251586914 213.232925415039 214.106582641602 215.286346435547 216.197174072266 216.892608642578 217.913879394531 218.526107788086 218.817916870117 219.425811767578 219.49235534668 220.330291748047 221.179382324219 221.099655151367 221.49201965332 221.370407104492 221.705978393555 221.60710144043 -3.4e+38 198.254440307617
181.304138183594 181.222030639648 181.784515380859 183.428665161133 184.326568603516 185.214599609375 185.925857543945 187.243576049805 188.502563476562 189.107086181641 190.228469848633 191.816268920898 192.853530883789 193.981750488281 195.381820678711 196.678588867188 197.717407226562 198.560211181641 199.415588378906 200.871032714844 202.224060058594 203.430740356445 204.735778808594 205.974426269531 206.704727172852 208.166030883789 209.389450073242 209.831848144531 210.843109130859 212.295837402344 212.771759033203 213.610427856445 214.825225830078 215.736877441406 216.57585144043 217.776596069336 218.211242675781 218.535522460938 218.855346679688 219.252944946289 219.468124389648 220.494888305664 220.753265380859 221.180114746094 221.457077026367 221.107650756836 221.494369506836 221.368667602539 203.004104614258
180.33757019043 180.435745239258 181.399291992188 182.84196472168 183.532531738281 184.795074462891 -3.4e+38 186.40673828125 187.842742919922 188.106506347656 189.249664306641 190.999725341797 192.247619628906 193.050643920898 194.541427612305 195.853515625 197.098373413086 197.696350097656 198.920989990234 200.276382446289 201.456970214844 202.969161987305 204.272705078125 205.475372314453 206.161544799805 207.36328125 208.561126708984 209.039306640625 210.129425048828 211.832702636719 212.274337768555 213.147445678711 214.327972412109 215.642105102539 215.971328735352 216.878295898438 217.347702026367 217.666015625 218.042617797852 218.565567016602 219.049575805664 220.056732177734 220.655715942383 220.718170166016 220.996017456055 220.757873535156 -3.4e+38 221.453140258789 221.174987792969
179.551208496094 180.025848388672 180.866928100586 182.100830078125 182.701599121094 184.144027709961 184.338668823242 185.535308837891 186.843322753906 187.295211791992 188.676422119141 190.555679321289 191.762603759766 192.600677490234 193.917907714844 195.123123168945 196.604873657227 197.072479248047 198.0537109375 199.667510986328 200.636184692383 202.200088500977 203.772537231445 205.217727661133 206.028411865234 206.862609863281 208.095336914062 208.538986206055 209.524856567383 211.070175170898 212.024963378906 212.910781860352 213.819183349609 215.180633544922 215.278884887695 215.908233642578 216.926239013672 217.218002319336 217.829208374023 218.121810913086 219.132827758789 219.912246704102 220.340484619141 220.471984863281 220.159729003906 220.657012939453 197.914047241211 182.397476196289 221.140289306641
178.727920532227 179.386245727539 179.755249023438 181.010513305664 182.127029418945 183.153060913086 183.390716552734 184.638885498047 186.032485961914 186.857879638672 188.306610107422 190.071701049805 191.313323974609 192.111419677734 193.352935791016 194.402252197266 196.146148681641 196.575744628906 197.626983642578 199.203918457031 200.024169921875 201.376403808594 203.512741088867 205.084030151367 205.526748657227 206.395477294922 207.593399047852 208.283615112305 209.313140869141 210.462493896484 211.485702514648 212.2099609375 213.327041625977 214.340316772461 214.788543701172 215.843688964844 216.606399536133 217.07633972168 217.511032104492 217.97900390625 218.815155029297 219.812927246094 219.95751953125 220.181427001953 219.85578918457 220.739486694336 202.669738769531 190.264404296875 220.968063354492
178.165664672852 178.591751098633 179.263244628906 180.349655151367 181.475158691406 182.348022460938 182.804809570312 183.828750610352 185.596176147461 186.187637329102 187.321044921875 189.214309692383 190.628814697266 191.248886108398 192.859497070312 193.943511962891 195.649337768555 196.113540649414 197.092086791992 198.703002929688 199.557662963867 200.761657714844 203.378967285156 204.581024169922 205.058670043945 205.892395019531 207.335266113281 208.146926879883 208.984710693359 210.210601806641 210.654846191406 211.743469238281 213.113159179688 214.029678344727 214.719940185547 216.070495605469 216.361694335938 216.97721862793 217.269073486328 217.879913330078 218.574890136719 219.748657226562 219.436584472656 219.658813476562 219.937103271484 220.273132324219 220.290481567383 220.230102539062 220.450408935547
177.524307250977 177.76106262207 178.900344848633 179.991989135742 180.472640991211 181.484191894531 182.143203735352 182.982788085938 184.927810668945 185.369827270508 186.607269287109 188.603286743164 189.800964355469 190.827377319336 192.401092529297 193.446792602539 195.187149047852 195.613876342773 196.661682128906 198.236221313477 199.054412841797 200.292663574219 202.875198364258 -3.4e+38 204.767471313477 206.045166015625 207.198120117188 207.857940673828 209.13752746582 210.110733032227 210.400344848633 211.604110717773 212.787338256836 213.705932617188 214.578643798828 215.747772216797 216.219528198242 216.656188964844 217.125900268555 217.415451049805 218.170806884766 219.312515258789 219.128768920898 219.191192626953 219.617965698242 219.662689208984 220.050369262695 219.92399597168 219.980987548828
176.727416992188 177.507476806641 -3.4e+38 179.428588867188 179.88151550293 180.467468261719 181.331176757812 182.388809204102 184.110870361328 -3.4e+38 186.122924804688 188.114471435547 189.346160888672 190.299423217773 191.90478515625 192.850448608398 194.412063598633 195.349197387695 196.531539916992 197.732818603516 198.58512878418 199.787475585938 202.405151367188 203.606704711914 204.680206298828 206.248352050781 206.693466186523 207.774765014648 209.335952758789 209.781677246094 210.261413574219 211.100616455078 212.533889770508 213.67333984375 214.880264282227 215.499176025391 216.119003295898 216.410308837891 216.881195068359 217.017242431641 218.111343383789 218.811935424805 219.208099365234 219.088150024414 219.378372192383 219.306243896484 219.729675292969 220.002593994141 219.72428894043
175.894836425781 176.801635742188 177.479415893555 178.29638671875 179.422134399414 180.090560913086 180.895004272461 -3.4e+38 -3.4e+38 184.444137573242 185.674850463867 187.661331176758 188.853302001953 189.677581787109 191.035354614258 192.374237060547 193.994171142578 195.020080566406 196.448837280273 197.263458251953 198.079803466797 199.656356811523 202.315032958984 203.342300415039 204.542861938477 205.742599487305 206.432037353516 207.636154174805 208.830932617188 209.523712158203 210.375900268555 211.251022338867 212.393600463867 213.92724609375 215.285263061523 215.576248168945 216.197204589844 216.488494873047 216.843872070312 217.063858032227 218.391952514648 218.456466674805 218.886291503906 219.166931152344 219.309158325195 219.200637817383 219.49055480957 220.30647277832 220.071670532227
174.67219543457 175.104751586914 176.351013183594 177.002136230469 178.343063354492 179.349334716797 179.611831665039 -3.4e+38 -3.4e+38 182.9814453125 184.167785644531 187.495407104492 187.901031494141 188.720123291016 190.073287963867 191.519943237305 193.253540039062 194.220336914062 195.82292175293 196.696868896484 198.093872070312 199.126251220703 202.255828857422 202.909332275391 204.183807373047 205.549240112305 206.404357910156 207.277893066406 208.642791748047 209.283050537109 209.964752197266 211.518371582031 211.964340209961 214.086273193359 214.706939697266 215.332138061523 215.479965209961 215.721542358398 216.197067260742 217.531784057617 217.820999145508 218.430053710938 218.718902587891 219.176116943359 218.677001953125 219.577911376953 220.43424987793 180.599380493164 128.008682250977
174.280258178711 174.677688598633 176.014724731445 176.86311340332 177.681350708008 178.534027099609 179.337158203125 -3.4e+38 -3.4e+38 182.495986938477 183.716079711914 187.002380371094 187.645309448242 188.646377563477 189.846786499023 191.475433349609 192.750366210938 193.784317016602 195.552871704102 196.735076904297 197.933441162109 198.856826782227 201.74870300293 202.817077636719 204.595153808594 205.41130065918 206.246551513672 207.687637329102 208.503967285156 209.165985107422 210.443923950195 211.416473388672 211.707824707031 214.088958740234 214.782485961914 215.266128540039 215.177383422852 215.803207397461 216.669723510742 217.608062744141 217.896957397461 218.506927490234 218.649200439453 218.875549316406 218.545623779297 220.221206665039 220.818328857422 203.2548828125 171.75407409668
173.97688293457 174.645462036133 175.693939208984 176.642944335938 177.301010131836 178.095687866211 178.992004394531 -3.4e+38 -3.4e+38 182.475357055664 183.227096557617 186.544784545898 187.318862915039 188.732925415039 189.890914916992 191.324096679688 192.686645507812 194.272308349609 195.419387817383 196.228042602539 197.662567138672 198.928863525391 201.480682373047 202.885986328125 204.457443237305 205.115585327148 206.392044067383 207.758926391602 208.402160644531 209.08137512207 210.852035522461 211.490631103516 211.996536254883 213.833694458008 214.857986450195 215.226165771484 215.255462646484 216.4541015625 217.068008422852 217.68408203125 217.972610473633 218.583450317383 218.382949829102 218.341064453125 218.842132568359 220.607437133789 220.513931274414 220.555740356445 197.951461791992
173.744323730469 174.575119018555 -3.4e+38 175.994537353516 177.222930908203 177.618606567383 178.661437988281 -3.4e+38 -3.4e+38 182.344848632812 183.11018371582 186.050964355469 186.857955932617 188.201080322266 189.389801025391 191.05436706543 192.727722167969 194.083099365234 195.119476318359 196.37385559082 197.729385375977 199.000061035156 201.758331298828 203.367324829102 204.355331420898 205.025009155273 206.802581787109 207.620986938477 208.282897949219 209.560287475586 210.713073730469 211.161727905273 212.247055053711 213.908615112305 214.574661254883 214.851852416992 215.905670166016 216.854080200195 217.142990112305 217.75993347168 218.048065185547 218.514297485352 218.235580444336 218.704620361328 219.4853515625 220.533828735352 220.026901245117 220.103698730469 202.757247924805
173.243453979492 174.238815307617 174.929656982422 175.560073852539 176.747711181641 177.378402709961 178.422271728516 -3.4e+38 -3.4e+38 181.894424438477 182.900955200195 185.795394897461 186.785140991211 187.973449707031 189.677505493164 191.203079223633 192.223541259766 193.644668579102 195.020050048828 196.788619995117 197.800964355469 199.076644897461 202.00114440918 203.573852539062 204.230499267578 205.505249023438 206.873718261719 207.730392456055 208.603012084961 209.969589233398 -3.4e+38 211.115798950195 212.724304199219 213.983764648438 214.570953369141 214.956329345703 216.306304931641 216.929290771484 217.217910766602 217.835693359375 218.123382568359 218.690795898438 218.668731689453 219.271545410156 219.874374389648 220.489700317383 219.892333984375 220.175323486328 198.117202758789
172.846832275391 173.918182373047 174.866577148438 175.519989013672 176.310073852539 177.010635375977 178.248779296875 179.103607177734 180.236068725586 181.542037963867 182.732040405273 185.470886230469 186.873184204102 188.21647644043 190.015625 191.136810302734 192.371948242188 193.918060302734 195.504608154297 196.654052734375 197.46630859375 199.151840209961 202.482696533203 203.472366333008 204.138412475586 205.917175292969 206.945541381836 207.978012084961 209.013275146484 210.042984008789 210.897842407227 211.769378662109 213.131683349609 214.272811889648 215.222732543945 -3.4e+38 216.380752563477 217.004577636719 217.292846679688 218.127777099609 218.665130615234 219.073394775391 219.060623168945 219.344635009766 219.948150634766 220.563385009766 219.964569091797 220.246566772461 180.359375
173.101547241211 173.967086791992 174.218505859375 175.443435668945 175.645080566406 176.304092407227 178.046493530273 178.790756225586 180.180404663086 181.203765869141 182.480865478516 185.207809448242 186.75227355957 187.820465087891 189.793685913086 191.038131713867 192.791549682617 194.158096313477 195.720245361328 196.353332519531 197.745895385742 199.700012207031 202.691970825195 203.346694946289 204.61930847168 205.988876342773 207.227737426758 208.458145141602 209.08659362793 210.327941894531 211.552032470703 212.178009033203 213.206680297852 214.782791137695 215.577590942383 215.835311889648 216.455413818359 217.080017089844 217.58317565918 218.77424621582 219.264190673828 219.51725769043 219.357223510742 219.819763183594 220.246551513672 220.636810302734 220.036483764648 220.317459106445 202.880416870117
173.438873291016 173.938629150391 174.218231201172 174.969863891602 175.572235107422 176.58479309082 177.567687988281 178.48796081543 180.102081298828 181.205139160156 182.647994995117 185.106338500977 186.594390869141 188.203094482422 189.962493896484 191.528289794922 193.065673828125 194.444091796875 195.555694580078 197.080429077148 198.549407958984 200.170761108398 202.799270629883 203.664215087891 205.033325195312 206.270324707031 207.883010864258 208.870956420898 209.370758056641 210.982162475586 211.962509155273 212.253128051758 213.493957519531 215.213668823242 215.877487182617 216.241760253906 216.744171142578 217.766479492188 218.229385375977 219.171829223633 219.456176757812 219.805816650391 219.610961914062 220.218643188477 220.500732421875 220.447448730469 220.108123779297 220.388076782227 220.712615966797
173.850936889648 173.447326660156 174.516860961914 174.668304443359 175.634750366211 176.708526611328 177.651489257812 179.245132446289 180.038940429688 181.163024902344 182.485290527344 185.169738769531 186.894378662109 188.865692138672 190.206588745117 191.951202392578 193.108322143555 194.289443969727 195.570434570312 197.841934204102 199.054718017578 200.654052734375 203.044692993164 204.079574584961 205.314239501953 206.926071166992 208.297088623047 209.154998779297 210.025527954102 211.393936157227 212.038391113281 212.539779663086 214.146636962891 215.406509399414 216.314895629883 216.796585083008 217.391632080078 218.342895507812 218.628067016602 219.246871948242 219.530563354492 219.880752563477 219.683959960938 220.508514404297 221.180755615234 220.915298461914 221.012741088867 221.467376708984 221.389678955078
174.766342163086 173.449035644531 174.148040771484 174.799102783203 175.902648925781 176.459869384766 178.022994995117 179.933547973633 180.135971069336 181.105499267578 182.402328491211 185.847869873047 187.630096435547 189.145050048828 190.700271606445 192.227432250977 193.565444946289 194.636138916016 196.331848144531 198.117874145508 199.711791992188 201.071899414062 203.5283203125 204.360244750977 205.970703125 207.341827392578 208.580627441406 209.810882568359 210.439056396484 211.470077514648 212.535736083984 213.596755981445 214.556228637695 216.097915649414 217.119262695312 217.665466308594 217.793426513672 218.418212890625 218.702789306641 219.541137695312 220.222351074219 220.78401184082 220.766967773438 221.370254516602 222.146942138672 221.699890136719 222.154342651367 222.197219848633 221.908767700195
174.566970825195 173.885009765625 174.350524902344 175.205139160156 175.947204589844 176.697677612305 178.424850463867 179.833404541016 179.824676513672 181.343200683594 183.055648803711 186.758834838867 188.266342163086 189.813140869141 191.331115722656 192.82746887207 194.178115844727 195.642227172852 197.188766479492 198.775970458984 200.131317138672 201.350830078125 204.357696533203 205.422256469727 206.38835144043 207.625396728516 209.2373046875 210.43473815918 211.128479003906 212.159851074219 213.365539550781 214.344299316406 214.633499145508 217.083236694336 217.700805664062 218.428619384766 218.538864135742 218.710845947266 219.393859863281 220.402816772461 221.194717407227 221.533493041992 221.662033081055 221.940643310547 222.545562744141 221.951171875 222.548370361328 222.148666381836 -3.4e+38
175.06982421875 174.933227539062 175.150772094727 175.526641845703 -3.4e+38 177.580078125 179.608642578125 181.928848266602 181.073638916016 182.719024658203 184.45491027832 187.485824584961 189.158081054688 190.894439697266 192.499755859375 194.365371704102 195.763442993164 196.750274658203 197.923370361328 199.477478027344 201.208160400391 203.050216674805 206.137542724609 207.599899291992 209.037384033203 209.747421264648 210.352645874023 211.963134765625 213.333358764648 214.048736572266 214.469024658203 215.672943115234 216.859649658203 218.170532226562 219.202117919922 219.486541748047 220.243606567383 220.551986694336 221.165985107422 221.785232543945 -3.4e+38 222.084762573242 222.028457641602 222.488265991211 222.6904296875 222.494247436523 222.688583374023 222.513702392578 222.487213134766
175.974838256836 175.503784179688 175.51594543457 -3.4e+38 -3.4e+38 -3.4e+38 180.251861572266 181.974533081055 182.118026733398 183.611557006836 185.140182495117 188.584075927734 190.196853637695 191.970657348633 193.479141235352 195.028839111328 196.554656982422 198.091735839844 199.572692871094 201.159286499023 202.836090087891 204.465118408203 207.063140869141 208.262817382812 209.840301513672 211.103576660156 211.761840820312 212.728363037109 213.966247558594 215.281707763672 215.874099731445 216.358154296875 217.324111938477 218.82160949707 219.998626708984 -3.4e+38 220.969482421875 221.445251464844 -3.4e+38 222.683074951172 223.147125244141 -3.4e+38 223.700347900391 223.759826660156 223.587493896484 223.493545532227 223.360763549805 223.365905761719 223.480865478516
