rcp8.5models/MPI_ESM_LR/sc1gr5.34
NCOLS 261 
NROWS 433 
XLLCORNER 336357.134 
YLLCORNER 654653.479 
CELLSIZE 1000 
NODATA_value -9999 
[rows 115 to 137 of 433, columns 150 to 199 of 261]
304.464447021484 304.321441650391 304.313781738281 304.36279296875 304.431365966797 304.29052734375 304.282684326172 304.245452880859 304.367797851562 -9999 304.269500732422 304.580932617188 304.701354980469 304.669677734375 304.755859375 305.098968505859 305.21728515625 305.265625 305.310455322266 305.408966064453 305.642669677734 306.041473388672 306.326232910156 306.317962646484 306.309692382812 -9999 -9999 -9999 -9999 -9999 -9999 -9999 -9999 -9999 -9999 -9999 -9999 -9999 -9999 -9999 -9999 -9999 -9999 -9999 -9999 -9999 -9999 -9999 -9999 -9999
304.423248291016 304.178802490234 304.142852783203 304.110717773438 304.188873291016 303.97412109375 303.569366455078 303.656799316406 303.970550537109 304.113037109375 304.308959960938 304.51171875 304.660125732422 304.907867431641 304.773986816406 304.6865234375 305.090606689453 305.232604980469 305.247161865234 305.346008300781 305.741912841797 306.225555419922 306.291259765625 306.221649169922 306.247650146484 306.300079345703 -9999 -9999 -9999 -9999 -9999 -9999 -9999 -9999 -9999 -9999 -9999 -9999 -9999 -9999 -9999 -9999 -9999 -9999 -9999 -9999 -9999 -9999 -9999 -9999
304.395690917969 304.167419433594 304.283813476562 303.949676513672 303.658660888672 303.578826904297 303.110076904297 303.213073730469 303.201782226562 303.674926757812 304.045104980469 304.400512695312 304.468109130859 304.686462402344 304.519348144531 304.446411132812 304.804870605469 305.017700195312 304.944458007812 305.360076904297 305.740692138672 306.190887451172 306.237182617188 306.073638916016 305.923278808594 306.238220214844 -9999 -9999 -9999 -9999 -9999 -9999 -9999 -9999 -9999 -9999 -9999 -9999 -9999 -9999 -9999 -9999 -9999 -9999 -9999 -9999 -9999 -9999 -9999 -9999
304.157012939453 303.873779296875 304.064331054688 303.609466552734 303.381072998047 303.131408691406 302.82470703125 303.118927001953 302.803100585938 303.245574951172 303.660614013672 304.261260986328 304.594787597656 304.645782470703 304.304107666016 304.256103515625 304.596588134766 304.683563232422 304.690826416016 305.343902587891 305.606689453125 305.784790039062 305.801696777344 305.710998535156 305.678649902344 306.130737304688 -9999 -9999 -9999 -9999 -9999 -9999 -9999 -9999 -9999 -9999 -9999 -9999 -9999 -9999 -9999 -9999 -9999 -9999 -9999 -9999 -9999 -9999 -9999 -9999
303.925628662109 303.687133789062 303.929992675781 303.455871582031 303.140686035156 302.593353271484 302.428375244141 303.118682861328 303.052642822266 303.472534179688 304.068389892578 304.299682617188 -9999 304.614440917969 304.231964111328 304.079956054688 304.548187255859 304.728363037109 304.833862304688 305.324859619141 305.443389892578 305.496551513672 305.488067626953 305.479583740234 305.548614501953 305.902099609375 -9999 -9999 -9999 306.262023925781 -9999 -9999 -9999 -9999 -9999 -9999 -9999 -9999 -9999 -9999 -9999 -9999 -9999 -9999 -9999 -9999 -9999 -9999 -9999 -9999
303.957824707031 303.881622314453 303.871459960938 303.228637695312 302.840789794922 302.467742919922 302.060241699219 302.834167480469 303.15380859375 303.636047363281 304.081939697266 304.229675292969 304.436981201172 304.329132080078 304.071868896484 304.244293212891 304.516052246094 304.872863769531 305.133666992188 305.283843994141 305.329193115234 305.372497558594 305.217529296875 304.990600585938 305.469665527344 305.591217041016 305.984497070312 306.330108642578 306.323638916016 306.200714111328 306.245788574219 -9999 -9999 -9999 -9999 -9999 -9999 -9999 -9999 -9999 -9999 -9999 -9999 -9999 -9999 -9999 -9999 -9999 -9999 -9999
304.020446777344 304.040283203125 -9999 303.345184326172 302.697967529297 302.499328613281 302.025421142578 302.559387207031 303.233703613281 303.574096679688 303.971710205078 304.1220703125 304.093841552734 -9999 303.792602539062 304.198181152344 304.522674560547 304.967651367188 305.314270019531 305.264678955078 305.249206542969 305.139312744141 304.712799072266 304.674011230469 305.346801757812 305.390808105469 305.461395263672 305.975463867188 306.205474853516 -9999 306.2412109375 306.235443115234 -9999 -9999 -9999 -9999 -9999 -9999 -9999 -9999 -9999 -9999 -9999 -9999 -9999 -9999 -9999 -9999 -9999 -9999
304.048126220703 304.044464111328 303.752258300781 303.197998046875 302.597015380859 302.253295898438 301.906341552734 302.259796142578 303.451110839844 303.764251708984 303.775268554688 303.986877441406 303.949005126953 303.939331054688 303.703247070312 304.147735595703 304.640441894531 305.004974365234 305.173675537109 305.285552978516 305.226226806641 305.099487304688 304.606353759766 304.747253417969 305.245819091797 305.216369628906 305.237762451172 305.747039794922 306.238983154297 306.211975097656 -9999 306.230804443359 306.224975585938 -9999 -9999 -9999 -9999 -9999 -9999 -9999 -9999 -9999 -9999 -9999 -9999 -9999 -9999 -9999 -9999 -9999
304.108459472656 303.908630371094 303.339111328125 303.066131591797 303.06396484375 302.285308837891 301.543334960938 302.153686523438 303.392395019531 303.569122314453 303.474578857422 303.519104003906 303.485229492188 303.602752685547 303.726165771484 304.187316894531 304.553436279297 304.790802001953 304.933288574219 305.193481445312 305.253448486328 305.020935058594 304.642700195312 304.893096923828 305.102478027344 304.949890136719 305.460296630859 305.890441894531 306.203948974609 -9999 306.273712158203 306.288208007812 306.223907470703 -9999 -9999 -9999 -9999 -9999 -9999 -9999 -9999 -9999 -9999 -9999 -9999 -9999 -9999 -9999 -9999 -9999
304.071044921875 303.815216064453 303.350555419922 303.346771240234 303.187866210938 302.447631835938 301.575286865234 302.510498046875 303.089019775391 303.133544921875 303.299224853516 303.104644775391 302.877990722656 303.865203857422 304.103637695312 304.319610595703 304.526153564453 304.64501953125 304.766021728516 304.962890625 305.122192382812 305.050170898438 304.620971679688 304.632598876953 304.694305419922 304.748077392578 305.335144042969 305.559143066406 305.917510986328 306.217987060547 306.121002197266 306.330627441406 -9999 306.212341308594 -9999 -9999 -9999 -9999 -9999 -9999 -9999 -9999 -9999 -9999 -9999 -9999 -9999 -9999 -9999 -9999
303.830535888672 303.681335449219 303.379608154297 303.215240478516 302.608245849609 302.32177734375 302.033538818359 302.744171142578 302.665679931641 302.666564941406 303.139801025391 302.676147460938 302.222991943359 303.923309326172 304.423278808594 304.533294677734 304.723358154297 304.799591064453 304.659851074219 304.843109130859 305.095153808594 305.018493652344 304.547393798828 304.390838623047 304.401428222656 304.625762939453 304.990631103516 305.224517822266 305.559417724609 305.750274658203 306.126983642578 306.269653320312 306.216522216797 306.207458496094 306.201568603516 -9999 -9999 -9999 -9999 -9999 -9999 -9999 -9999 -9999 -9999 -9999 -9999 -9999 -9999 -9999
303.103363037109 303.227142333984 303.335998535156 303.153747558594 302.872863769531 303.210144042969 303.250396728516 303.104034423828 302.295837402344 302.403930664062 302.758850097656 301.856384277344 302.034576416016 303.522338867188 304.255828857422 304.547760009766 304.538909912109 304.434295654297 304.238189697266 304.774993896484 304.852966308594 304.715698242188 304.374328613281 304.265930175781 304.196685791016 304.389465332031 304.717590332031 305.254425048828 305.377777099609 305.414337158203 306.006072998047 306.221130371094 -9999 306.262237548828 306.194396972656 -9999 -9999 -9999 -9999 -9999 -9999 -9999 -9999 -9999 -9999 -9999 -9999 -9999 -9999 -9999
302.855926513672 303.132263183594 303.241088867188 303.232574462891 303.252685546875 303.280914306641 303.213623046875 303.190795898438 302.645843505859 302.471435546875 302.522125244141 301.978637695312 302.421417236328 303.354339599609 304.141265869141 304.452362060547 304.411773681641 304.330535888672 304.206268310547 304.697113037109 304.920654296875 304.736389160156 304.210571289062 303.924499511719 304.137145996094 304.409759521484 304.759216308594 305.0751953125 305.336486816406 305.612426757812 306.227935791016 306.219055175781 -9999 -9999 306.3095703125 306.187194824219 -9999 -9999 -9999 -9999 -9999 -9999 -9999 -9999 -9999 -9999 -9999 -9999 -9999 -9999
302.555603027344 302.993316650391 303.168426513672 303.159820556641 303.144470214844 303.156158447266 303.192230224609 302.963317871094 302.651885986328 302.281921386719 302.347991943359 302.347869873047 302.818206787109 303.501770019531 304.039276123047 304.253143310547 304.345397949219 304.337310791016 304.318115234375 304.575531005859 304.708587646484 304.623413085938 304.312530517578 304.119232177734 304.336761474609 304.520294189453 304.873565673828 305.063568115234 305.165496826172 305.513092041016 306.225860595703 306.216918945312 306.244079589844 306.312591552734 -9999 306.181030273438 -9999 -9999 -9999 -9999 -9999 -9999 -9999 -9999 -9999 -9999 -9999 -9999 -9999 -9999
302.298004150391 302.742980957031 303.139678955078 303.093383789062 302.927795410156 302.685119628906 303.196746826172 302.750030517578 302.286804199219 301.913208007812 302.104461669922 302.359375 302.917327880859 303.512847900391 303.880035400391 303.841430664062 304.18017578125 304.171142578125 304.137390136719 304.372222900391 304.301422119141 304.358337402344 304.446258544922 304.416076660156 304.453643798828 304.564575195312 304.984283447266 305.328002929688 305.273254394531 305.370849609375 306.223754882812 306.214752197266 306.233032226562 -9999 -9999 306.179077148438 306.173736572266 -9999 -9999 -9999 -9999 -9999 -9999 -9999 -9999 -9999 -9999 -9999 -9999 -9999
302.233856201172 302.534271240234 303.013549804688 302.908843994141 302.335845947266 302.32568359375 303.065795898438 302.719757080078 301.797302246094 301.358428955078 301.083984375 301.867858886719 302.812530517578 303.298034667969 303.609954833984 303.755157470703 303.971282958984 304.024719238281 303.887451171875 303.773315429688 303.87646484375 304.234283447266 304.531097412109 304.460968017578 304.451843261719 304.562622070312 304.939971923828 305.235595703125 305.295745849609 305.406372070312 306.221618652344 306.176879882812 306.144653320312 306.194610595703 306.185638427734 306.176727294922 306.167419433594 -9999 -9999 -9999 -9999 -9999 -9999 -9999 -9999 -9999 -9999 -9999 -9999 -9999
302.488708496094 302.651519775391 302.971160888672 302.739685058594 302.01123046875 302.345947265625 302.790130615234 302.219543457031 301.006622314453 300.317077636719 301.103393554688 302.177764892578 302.945556640625 303.163208007812 303.468933105469 303.968872070312 303.984130859375 303.991516113281 303.725189208984 303.036102294922 303.197784423828 304.149536132812 304.576293945312 304.425750732422 304.389373779297 304.62841796875 305.006072998047 305.123596191406 305.262115478516 305.439147949219 306.041564941406 306.183319091797 306.156646728516 -9999 306.183288574219 306.027709960938 305.932464599609 306.156036376953 -9999 -9999 -9999 -9999 -9999 -9999 -9999 -9999 -9999 -9999 -9999 -9999
-9999 302.728118896484 302.707397460938 302.793426513672 302.339233398438 302.055389404297 302.358764648438 301.798461914062 299.849426269531 300.673950195312 302.026550292969 302.929138183594 303.098175048828 303.238006591797 303.524139404297 303.852172851562 303.936401367188 303.683532714844 303.201934814453 302.560119628906 303.269134521484 304.001800537109 304.325286865234 304.31005859375 304.401519775391 304.542907714844 304.719146728516 304.90771484375 305.305725097656 305.428771972656 305.608703613281 305.841400146484 305.937866210938 305.810607910156 305.764923095703 305.623077392578 305.607147216797 305.921600341797 -9999 -9999 -9999 -9999 -9999 -9999 -9999 -9999 -9999 -9999 -9999 -9999
302.273529052734 302.671997070312 302.632720947266 302.582641601562 302.681121826172 301.98095703125 301.471557617188 301.304046630859 300.397155761719 301.611389160156 302.420349121094 303.075439453125 303.090026855469 303.301055908203 303.641876220703 303.674102783203 303.611572265625 303.085754394531 302.529998779297 302.358459472656 303.104064941406 303.702880859375 303.849182128906 303.891174316406 303.874694824219 303.953735351562 304.563903808594 304.892944335938 305.114807128906 305.280700683594 305.440948486328 305.453582763672 305.52490234375 305.390106201172 305.367156982422 305.604644775391 305.873840332031 305.902557373047 -9999 -9999 -9999 -9999 -9999 -9999 -9999 -9999 -9999 -9999 -9999 -9999
302.197509765625 302.289337158203 302.324279785156 302.121185302734 302.255767822266 302.038330078125 301.467803955078 301.211608886719 301.763977050781 302.120910644531 302.675506591797 303.137664794922 303.065002441406 303.120635986328 303.306030273438 303.335632324219 302.946350097656 302.387908935547 302.099395751953 302.392150878906 302.899932861328 303.145477294922 303.075714111328 303.498718261719 303.634002685547 303.942108154297 304.5302734375 304.782440185547 305.002502441406 305.246795654297 305.354278564453 305.287353515625 305.205810546875 304.971801757812 305.506622314453 306.026489257812 -9999 306.151275634766 -9999 -9999 -9999 -9999 -9999 -9999 -9999 -9999 -9999 -9999 -9999 -9999
302.160369873047 302.072265625 301.997314453125 301.994812011719 301.994110107422 301.941345214844 301.705657958984 -9999 -9999 302.709808349609 302.987487792969 303.216003417969 303.157501220703 303.093505859375 302.927429199219 302.809997558594 302.360778808594 301.667694091797 301.698303222656 302.381378173828 302.842163085938 302.052917480469 301.457061767578 302.640502929688 303.525512695312 303.013854980469 302.748779296875 304.227233886719 304.94140625 305.349884033203 305.064178466797 304.855712890625 304.815612792969 304.999359130859 305.716491699219 306.228302001953 -9999 -9999 -9999 -9999 -9999 -9999 -9999 -9999 -9999 -9999 -9999 -9999 -9999 -9999
302.087036132812 302.028259277344 301.845825195312 301.641998291016 301.608825683594 301.708374023438 301.233795166016 301.388458251953 -9999 302.822998046875 302.823028564453 302.984710693359 303.137268066406 302.97607421875 302.785339355469 302.27734375 301.845123291016 301.132995605469 301.536682128906 301.850158691406 301.891876220703 301.371917724609 300.545562744141 302.192260742188 303.006286621094 302.414123535156 302.546905517578 303.993103027344 304.650665283203 305.006805419922 304.66943359375 304.455871582031 304.606964111328 305.202819824219 305.758148193359 306.189392089844 306.050628662109 305.910461425781 -9999 -9999 -9999 -9999 -9999 -9999 -9999 -9999 -9999 -9999 -9999 -9999
302.107757568359 302.076965332031 301.774780273438 300.938812255859 300.71875 301.501708984375 301.065826416016 300.916046142578 -9999 302.165954589844 302.328582763672 302.447021484375 302.530853271484 302.577392578125 302.617065429688 -9999 301.733001708984 301.084869384766 301.405487060547 301.490020751953 302.047027587891 302.312469482422 302.159912109375 302.941528320312 302.887908935547 302.855316162109 303.438690185547 303.910675048828 304.373901367188 304.528778076172 303.258605957031 303.796569824219 304.321258544922 305.317718505859 305.683319091797 305.861114501953 305.601898193359 305.732177734375 -9999 -9999 -9999 -9999 -9999 -9999 -9999 -9999 -9999 -9999 -9999 -9999
