rcp8.5models/MPI_ESM_LR/sc1gr1.11
NCOLS 261 
NROWS 433 
XLLCORNER 336357.134 
YLLCORNER 654653.479 
CELLSIZE 1000 
NODATA_value -3.4e+38 
[rows 286 to 307 of 433, columns 98 to 146 of 261]
61.6661491394043 61.8568801879883 62.0821380615234 62.2198257446289 62.1570510864258 62.3610076904297 62.2906799316406 62.2213859558105 62.3436088562012 62.7453231811523 62.9561500549316 63.0039863586426 63.5141105651855 63.6406555175781 63.4996299743652 63.4932098388672 63.4598693847656 63.6112174987793 63.6975021362305 63.5329093933105 63.6150665283203 64.1694183349609 64.4867706298828 64.2764282226562 63.9607009887695 64.3097381591797 64.6794281005859 64.7706069946289 64.6954727172852 64.7032241821289 64.6916656494141 64.6272201538086 64.9329681396484 65.0836486816406 65.2690582275391 64.9981002807617 64.8299942016602 -3.4e+38 -3.4e+38 65.2101516723633 65.075927734375 -3.4e+38 -3.4e+38 65.8721084594727 66.0819549560547 66.2110366821289 65.8576202392578 65.7261657714844 65.5305023193359
61.7855529785156 61.8592834472656 62.0840950012207 62.3661956787109 62.343822479248 62.4428558349609 62.5066757202148 62.4224052429199 62.5592765808105 62.9424705505371 63.0031051635742 63.0990829467773 63.4066200256348 63.6598052978516 63.9330635070801 63.9107894897461 63.9411010742188 63.9811363220215 64.1489334106445 64.0673217773438 63.9126930236816 64.2290267944336 64.6071243286133 64.4424819946289 63.9109115600586 63.9968528747559 64.580436706543 64.7009887695312 64.6194152832031 64.8354873657227 64.8343734741211 64.8966369628906 64.9764556884766 64.8377685546875 65.116828918457 65.1335601806641 65.0811538696289 65.1261367797852 65.2289810180664 -3.4e+38 65.5380783081055 65.4867706298828 65.5522994995117 65.9180908203125 66.0405120849609 66.3761367797852 66.5257568359375 66.3828506469727 65.6698989868164
62.0295219421387 62.0663681030273 62.0255355834961 62.3076820373535 62.4101676940918 62.5404472351074 62.4170188903809 62.587703704834 62.9891357421875 63.0977210998535 63.0611305236816 63.1061210632324 63.1876029968262 63.6738548278809 63.9760589599609 64.0277252197266 64.2080841064453 64.1890411376953 64.2066192626953 64.4399337768555 64.2752456665039 64.2265930175781 64.5158615112305 64.7277984619141 64.0774383544922 63.5492057800293 64.1205978393555 64.4470443725586 64.3593597412109 64.877815246582 65.3918838500977 65.1471710205078 64.872314453125 64.8431701660156 65.0455932617188 65.3350448608398 65.3890533447266 65.504638671875 65.626953125 65.4854583740234 65.6318511962891 65.6890029907227 65.5529403686523 65.6465225219727 65.9262008666992 66.1831588745117 66.3154830932617 66.4900894165039 66.1099853515625
62.2825584411621 62.2941436767578 62.159740447998 62.5323524475098 62.5763549804688 62.6528053283691 62.6030235290527 62.7487754821777 62.914249420166 63.0182876586914 63.1503868103027 63.0953369140625 63.4110679626465 63.8381729125977 63.7466621398926 64.1310501098633 64.2678146362305 64.1584091186523 64.0730743408203 64.2887649536133 64.6034164428711 64.4490432739258 64.4523162841797 64.7406387329102 64.4426727294922 63.7341117858887 63.9353446960449 64.2675170898438 64.480827331543 64.6694488525391 65.2303085327148 65.1405334472656 65.0554885864258 65.067268371582 65.2452697753906 65.4146194458008 65.3941116333008 65.5772705078125 65.6468124389648 65.5619735717773 65.7647933959961 65.8940200805664 -3.4e+38 65.8020706176758 65.9658203125 65.9789199829102 65.8805618286133 66.1556854248047 66.6602783203125
62.602294921875 62.7994766235352 62.8167266845703 62.9110221862793 62.940731048584 63.0652847290039 62.988109588623 62.9579467773438 63.1382369995117 63.123363494873 63.4675788879395 63.7276268005371 63.6520042419434 64.1742477416992 64.2813262939453 64.4771423339844 64.5990753173828 64.4959106445312 64.2807006835938 64.3407745361328 64.4247589111328 64.5224914550781 64.6367568969727 64.8146743774414 64.9134521484375 64.7559127807617 64.2947235107422 64.6276092529297 64.6194152832031 64.6332321166992 64.3089370727539 63.624942779541 63.874813079834 64.6847381591797 65.0673904418945 65.5764083862305 65.7881393432617 65.828857421875 65.8897552490234 66.1712875366211 66.3341217041016 66.4688262939453 66.5063705444336 66.2803421020508 -3.4e+38 66.2921371459961 66.4427795410156 66.5449066162109 66.1660308837891
62.9331207275391 62.754280090332 62.848991394043 62.9341125488281 63.0378723144531 63.0873184204102 63.1696243286133 63.3839530944824 63.3055992126465 63.2066078186035 63.5516929626465 63.8762664794922 64.0614852905273 64.2989196777344 64.3032989501953 64.3950042724609 64.7785568237305 64.8046112060547 64.4248886108398 64.3461151123047 64.7375564575195 64.8103942871094 64.9870071411133 65.2731018066406 65.0798568725586 64.6791229248047 64.4640579223633 64.657829284668 65.1286163330078 65.0857162475586 64.5173110961914 63.7210540771484 63.2538719177246 63.6445770263672 64.2509994506836 65.0900421142578 65.69677734375 65.9073791503906 65.8064651489258 66.0062637329102 66.5081176757812 66.4849853515625 66.4501876831055 66.2638092041016 66.044303894043 66.3110198974609 66.6776275634766 66.4738082885742 66.1981353759766
63.4366264343262 63.1471672058105 63.1035957336426 63.4490776062012 63.4332695007324 63.1405944824219 63.1619071960449 63.4165802001953 63.3449172973633 63.3534812927246 63.6738815307617 63.8395729064941 64.1650085449219 64.0827178955078 64.3039703369141 64.515739440918 64.7998428344727 64.6834869384766 64.6362075805664 64.5720443725586 64.7571792602539 64.9733505249023 65.0136184692383 65.1769256591797 65.1791152954102 64.8069458007812 65.0854415893555 65.0598983764648 65.2822570800781 64.9853820800781 64.8057632446289 64.3833465576172 63.1947898864746 63.1278877258301 64.1374588012695 64.8335647583008 -3.4e+38 66.0737838745117 65.9734573364258 66.0918579101562 66.4044876098633 66.3512191772461 66.4991607666016 66.4766998291016 66.4296264648438 66.496711730957 -3.4e+38 -3.4e+38 -3.4e+38
63.3554840087891 63.3596305847168 63.244945526123 63.512149810791 63.5150566101074 63.3650817871094 63.2273445129395 63.2126007080078 63.316162109375 63.5389785766602 63.6127014160156 63.4282989501953 63.7957878112793 63.8319129943848 64.5656204223633 64.4372634887695 64.6694030761719 64.6870574951172 64.6927719116211 64.6489791870117 64.641960144043 64.8149948120117 64.8175354003906 64.8001098632812 65.0691452026367 65.2639846801758 65.2392196655273 65.1723556518555 64.772575378418 64.3266143798828 64.3537902832031 64.6664886474609 63.9560508728027 63.8729476928711 64.5122680664062 64.9832534790039 65.2457809448242 66.3538513183594 66.3630676269531 66.4415969848633 66.274299621582 66.0111465454102 66.0584411621094 66.365852355957 66.457405090332 66.6286315917969 66.5287475585938 66.5962142944336 -3.4e+38
63.1159210205078 63.1851654052734 63.1560859680176 63.2019157409668 63.3861618041992 63.4148292541504 63.3796539306641 63.4398307800293 63.5028114318848 63.595775604248 63.9249687194824 63.8330993652344 63.8699531555176 63.7921600341797 64.4667892456055 64.2862701416016 64.6895446777344 64.8777542114258 64.8675079345703 64.8955535888672 64.936897277832 64.8374481201172 64.8422470092773 64.9269561767578 65.1496810913086 65.4474029541016 65.5170288085938 65.2369537353516 64.7989730834961 64.5105361938477 63.7905235290527 64.0626678466797 64.5033340454102 64.7206802368164 65.1319122314453 65.4414443969727 65.7674789428711 66.6493530273438 66.8115463256836 66.6800079345703 66.4097290039062 66.1966247558594 65.3593521118164 64.6458740234375 65.1179428100586 66.2604675292969 66.6319198608398 66.9495697021484 66.8717498779297
63.1178321838379 63.5124855041504 63.5989418029785 63.2595520019531 63.4016990661621 63.4715957641602 63.6568412780762 63.5769805908203 63.5669975280762 63.7651329040527 64.1908798217773 64.2155532836914 64.1764526367188 63.983039855957 64.5306701660156 64.565559387207 64.9676895141602 64.9405670166016 64.8634262084961 65.0348739624023 65.2151794433594 64.948844909668 65.1145248413086 65.3782806396484 65.1967620849609 65.2063522338867 65.7055740356445 65.5505752563477 65.1078109741211 64.5558395385742 63.5363731384277 63.2527694702148 64.0684509277344 64.960807800293 65.6173706054688 66.088752746582 66.1692504882812 66.5839233398438 66.4047927856445 66.4459762573242 66.3046646118164 66.2436141967773 65.0877990722656 63.3214378356934 63.7032241821289 65.5399856567383 66.5192031860352 67.0992889404297 67.0408096313477
63.2051544189453 63.7385482788086 63.9021759033203 63.6657562255859 63.550464630127 63.4475708007812 63.6306991577148 63.6396484375 63.8344306945801 64.0206680297852 64.0770416259766 64.2808380126953 64.5547180175781 64.4144134521484 64.648811340332 64.5815353393555 64.9823913574219 64.7909088134766 64.7931060791016 64.9901962280273 64.9916000366211 64.9788055419922 65.3180694580078 65.3729553222656 64.9933471679688 64.9818267822266 65.2431488037109 65.5168151855469 65.3543319702148 64.5362091064453 63.665599822998 63.0262451171875 63.3711166381836 64.7214508056641 65.7412643432617 66.2030868530273 66.0672760009766 66.0581359863281 65.7883224487305 65.8423461914062 65.9683074951172 66.0999374389648 65.2987747192383 63.7196426391602 63.4650764465332 65.3686981201172 66.6272277832031 66.9451904296875 67.1875
63.2131195068359 63.70556640625 63.7391700744629 64.0390853881836 63.8486785888672 63.521614074707 63.7004127502441 63.8938941955566 64.0129013061523 64.0458145141602 64.2272338867188 64.3496322631836 64.6692352294922 64.8358764648438 64.52099609375 64.6432647705078 65.075439453125 65.1150665283203 65.0408935546875 65.0930099487305 64.9265670776367 65.0938720703125 65.2489318847656 65.3742446899414 65.1996994018555 65.199104309082 64.7421493530273 65.3370056152344 65.7144317626953 65.0284194946289 63.9039001464844 62.7023887634277 62.5881996154785 63.655403137207 65.3361892700195 65.8323135375977 66.0422210693359 66.1543731689453 66.2220993041992 65.668571472168 65.4519271850586 65.7336349487305 65.5746841430664 64.371711730957 64.2631072998047 65.8626403808594 67.0942230224609 67.0445022583008 67.2839813232422
63.5549850463867 63.904296875 63.9753723144531 64.0627365112305 64.0485229492188 63.8373832702637 63.9501190185547 64.0086059570312 64.021369934082 64.1822662353516 64.7046127319336 64.5543441772461 64.5940170288086 64.8306579589844 64.6685562133789 64.6915283203125 65.3694076538086 65.7291107177734 65.4692611694336 65.131462097168 65.1489639282227 65.534294128418 65.6105194091797 65.6071319580078 65.3274688720703 65.1908798217773 64.7481842041016 65.0155868530273 65.0972671508789 64.7871551513672 63.7644653320312 61.9613761901855 61.3718185424805 62.639030456543 64.627326965332 65.4099273681641 65.9415817260742 66.3497619628906 66.5307006835938 65.7527160644531 65.2439804077148 65.2700500488281 66.0718078613281 65.8031234741211 65.9169769287109 66.6544494628906 67.4952545166016 67.2448577880859 67.5687789916992
63.8778419494629 64.1256790161133 64.2933807373047 64.1814498901367 64.1279830932617 64.2287902832031 64.3330917358398 64.3052825927734 64.311882019043 64.400764465332 64.7422943115234 64.6843566894531 64.6183395385742 64.6615905761719 64.8154067993164 64.9899520874023 65.6429824829102 65.8507995605469 65.7366943359375 65.5453186035156 65.3906555175781 65.6100463867188 65.6541442871094 65.0818099975586 64.7803497314453 64.7551803588867 64.7507629394531 64.8519821166992 64.560920715332 64.0713958740234 63.1856422424316 61.4582214355469 60.5629615783691 62.430492401123 63.9737396240234 64.3577651977539 64.7980804443359 65.682373046875 65.7819900512695 65.5051193237305 65.2551956176758 65.7969436645508 66.6533889770508 66.9725723266602 67.2290573120117 67.3193359375 67.3767318725586 67.1531219482422 67.8138427734375
64.0258331298828 64.0712203979492 64.2865753173828 63.9892616271973 64.1697998046875 64.4302825927734 64.6913528442383 64.626708984375 64.5664978027344 64.4607238769531 64.4272003173828 64.6942749023438 64.8508605957031 64.8578720092773 64.7368850708008 65.137809753418 65.5096969604492 65.4248199462891 65.5156860351562 65.6841354370117 65.5734252929688 65.3305435180664 64.9500427246094 64.5874710083008 64.2079925537109 64.1577529907227 64.3217315673828 64.7103958129883 64.4958572387695 63.6344528198242 62.4085006713867 60.8200645446777 60.5125579833984 62.5387191772461 63.1317367553711 62.5409049987793 62.9486274719238 64.8107681274414 64.9981536865234 64.9437026977539 64.8219985961914 65.6820526123047 66.5143737792969 67.1338043212891 67.6038665771484 67.4168167114258 67.2378997802734 67.0505142211914 67.4157562255859
64.368896484375 63.9699401855469 63.9339141845703 63.4256896972656 63.4450149536133 63.7375602722168 64.0016708374023 64.4584503173828 64.7332077026367 64.9327545166016 65.0387878417969 64.8637847900391 64.6365966796875 64.6727828979492 65.1290969848633 65.0990447998047 65.1802520751953 65.5036392211914 65.61328125 65.4617309570312 65.3041687011719 65.3015365600586 65.0710906982422 64.6709594726562 64.3419647216797 64.7309036254883 63.7773704528809 63.2036933898926 63.4499206542969 63.3671951293945 62.8056259155273 61.6139869689941 59.6809730529785 59.1275024414062 58.7523498535156 57.9573287963867 59.1748390197754 62.3726654052734 63.4223175048828 63.5245170593262 63.0036430358887 63.5765419006348 65.3475646972656 67.126579284668 67.4357604980469 67.0784301757812 66.7644271850586 65.966911315918 65.0740432739258
64.6649017333984 64.6103210449219 64.1850204467773 63.9417991638184 63.6959342956543 63.7243995666504 64.1943817138672 64.582275390625 64.6521759033203 64.8125610351562 64.8368682861328 64.8595123291016 64.8220291137695 64.8147735595703 64.8755187988281 65.0186996459961 65.4781723022461 65.7646942138672 65.778564453125 65.3144302368164 65.1437377929688 65.0873870849609 64.7655258178711 64.1669998168945 63.6403999328613 64.2408065795898 64.3562164306641 63.7256317138672 63.4521865844727 62.2019691467285 61.2931137084961 61.2464752197266 59.8357620239258 57.779670715332 56.8234825134277 56.5729103088379 57.7733917236328 61.1657371520996 61.5121688842773 61.4717254638672 60.8711891174316 61.8551330566406 64.453239440918 66.6155624389648 67.0751342773438 66.4072647094727 65.7058486938477 64.822265625 64.0429840087891
64.8408355712891 64.8613815307617 64.4745712280273 63.8652381896973 63.7277297973633 63.8335876464844 64.2861633300781 64.6344985961914 64.3840789794922 64.3326263427734 64.4162750244141 64.7103958129883 64.785774230957 64.9179229736328 65.0715408325195 65.0641479492188 65.4990463256836 65.7892227172852 65.8379745483398 65.268928527832 64.8545227050781 64.3602523803711 64.0118942260742 63.6157455444336 62.7047805786133 63.2181282043457 64.7696762084961 64.1900405883789 63.5865707397461 61.9776077270508 60.5627517700195 60.5734748840332 59.4195442199707 57.526439666748 56.4779090881348 56.2331199645996 57.345645904541 60.106502532959 59.7637367248535 59.4423446655273 60.0889358520508 62.3343162536621 64.9891204833984 66.6580047607422 66.7623596191406 65.270622253418 63.9962768554688 63.3985328674316 64.2355194091797
64.7110595703125 64.7843704223633 64.697395324707 64.1547698974609 64.0168304443359 64.1601715087891 64.4425659179688 64.3879241943359 63.8618087768555 63.7194366455078 63.9589576721191 64.2213745117188 64.7024917602539 64.9870452880859 65.6719970703125 65.5789031982422 65.4486465454102 65.5783767700195 65.6688690185547 65.2350082397461 64.4503707885742 63.6067924499512 63.5550727844238 63.2292060852051 62.3635177612305 62.6197929382324 65.2454147338867 64.8356857299805 64.4806976318359 63.4872779846191 61.9311943054199 60.4835166931152 59.4772567749023 58.322509765625 57.4330596923828 56.5155868530273 56.7421760559082 58.014045715332 57.9437026977539 58.7550888061523 61.657398223877 64.723258972168 66.6438369750977 66.9319229125977 66.3192596435547 64.4813995361328 62.5505676269531 61.2053642272949 62.9012031555176
64.6456298828125 64.9912033081055 65.1153030395508 64.5966110229492 64.0831069946289 64.0562515258789 64.0335693359375 63.8292922973633 63.2160034179688 62.7400169372559 63.0672264099121 63.5137672424316 64.4465866088867 65.0038757324219 65.815315246582 65.9299087524414 65.8770217895508 65.7102661132812 65.667839050293 65.4974060058594 65.0701141357422 64.5037460327148 64.4139099121094 64.2396087646484 63.618408203125 63.5939521789551 66.0073394775391 65.8601455688477 65.711799621582 65.2247085571289 63.9471817016602 62.1927299499512 60.9162826538086 59.4784889221191 58.374568939209 57.1720352172852 56.2452049255371 57.1968879699707 58.6128959655762 60.3450050354004 63.1650733947754 65.71630859375 66.5470886230469 66.0128936767578 65.1782608032227 63.5908012390137 61.7793121337891 59.7917022705078 60.6382026672363
64.5296478271484 64.7630157470703 65.091552734375 64.9173278808594 64.4391937255859 64.1007766723633 63.8297348022461 63.7183380126953 63.2424201965332 62.6775856018066 62.6015777587891 63.5549240112305 64.6100616455078 65.1655044555664 65.857063293457 65.7508850097656 65.7986145019531 65.7790985107422 65.7359619140625 65.8083419799805 65.870361328125 65.7781524658203 65.6664047241211 65.7319641113281 65.5469818115234 65.4039459228516 66.5197906494141 -3.4e+38 66.2734909057617 66.0941848754883 65.7350463867188 64.6152877807617 62.9057083129883 60.9396324157715 59.2491073608398 57.7146377563477 56.3603897094727 57.6256790161133 60.9038848876953 62.8605422973633 64.2907791137695 65.0781936645508 64.3747711181641 64.0900115966797 63.5790824890137 61.970043182373 60.3880805969238 59.1631126403809 59.3882255554199
64.1723403930664 64.2611999511719 64.7756576538086 64.9618530273438 64.9954986572266 64.4782180786133 64.0263290405273 63.8652954101562 63.4151802062988 63.6761627197266 63.8167152404785 64.3536682128906 65.1579132080078 65.6969604492188 66.0976333618164 65.8072891235352 65.5477981567383 65.5233612060547 65.411994934082 65.5033187866211 65.7039260864258 -3.4e+38 -3.4e+38 -3.4e+38 -3.4e+38 -3.4e+38 -3.4e+38 66.3838500976562 -3.4e+38 -3.4e+38 66.6909866333008 65.9387359619141 64.4357604980469 62.5025672912598 60.3041610717773 58.0806427001953 56.5786323547363 58.3290710449219 61.9509963989258 63.9689331054688 64.753044128418 64.2540969848633 62.1888427734375 61.0408210754395 61.0469703674316 59.8066368103027 58.6266632080078 58.1363487243652 58.3068084716797
