rcp8.5models/MPI_ESM_LR/sc1gr21.40
NCOLS 261 
NROWS 433 
XLLCORNER 336357.134 
YLLCORNER 654653.479 
CELLSIZE 1000 
NODATA_value -9999 
[rows 198 to 219 of 433, columns 150 to 199 of 261]
-9999 -9999 -9999 509.432739257812 446.226104736328 356.768615722656 401.021850585938 627.634643554688 837.52685546875 837.02490234375 697.721374511719 537.534973144531 308.009918212891 205.603271484375 280.129638671875 332.360900878906 340.946594238281 311.334442138672 312.51416015625 347.771881103516 321.2548828125 257.336700439453 249.320495605469 233.428329467773 173.288299560547 57.2196998596191 55.7454109191895 49.7403182983398 47.8985137939453 51.276309967041 62.0075378417969 86.3501586914062 102.967506408691 94.7990188598633 82.6241989135742 61.1569213867188 29.1404190063477 11.3618783950806 10.689962387085 10.5753984451294 10.949122428894 12.455958366394 16.1167106628418 33.3152770996094 71.4669647216797 101.290229797363 98.0353164672852 70.3844909667969 5.48015737533569 5.44506359100342
-9999 -9999 279.134307861328 363.366119384766 354.964447021484 317.222412109375 337.760040283203 453.749603271484 547.53759765625 502.32421875 409.952026367188 338.015045166016 230.88542175293 195.695281982422 356.460266113281 442.171173095703 443.359313964844 381.448760986328 333.664276123047 336.285400390625 312.246398925781 276.742218017578 271.464263916016 244.932098388672 172.002883911133 67.6215744018555 69.4170379638672 63.6322364807129 61.6008415222168 65.4215850830078 76.9478454589844 104.263252258301 126.407348632812 107.779182434082 68.0010452270508 40.9048652648926 26.1420822143555 16.1864185333252 12.3104839324951 10.5753984451294 10.9482078552246 12.6435060501099 18.0437107086182 39.8760986328125 80.2285079956055 105.548072814941 98.6322326660156 71.4944152832031 8.29957962036133 7.29235172271729
-9999 -9999 136.123474121094 222.897918701172 272.665618896484 298.603515625 337.735900878906 379.255859375 394.718688964844 378.617370605469 362.949249267578 350.433319091797 291.708251953125 238.35676574707 350.212707519531 373.150543212891 394.716400146484 391.249359130859 371.226593017578 395.416687011719 421.313812255859 396.981536865234 303.694671630859 187.538864135742 116.626846313477 81.6055145263672 81.9932022094727 73.8444595336914 69.6146774291992 70.1383590698242 74.4952545166016 91.5708999633789 116.002433776855 108.753158569336 61.4668312072754 28.9482250213623 25.2760677337646 19.4666805267334 13.5258827209473 10.5753984451294 10.9472951889038 12.9937524795532 21.3068809509277 49.0594902038574 87.9028701782227 106.220893859863 101.901466369629 81.8661422729492 -9999 13.9502601623535
-9999 98.3416595458984 101.863548278809 176.909103393555 276.253631591797 358.442047119141 370.753234863281 345.839965820312 336.081817626953 329.349639892578 356.047973632812 406.054870605469 380.03564453125 335.547332763672 431.84423828125 290.106414794922 309.187927246094 363.012664794922 383.320617675781 424.969329833984 496.039031982422 509.092926025391 356.122283935547 154.17839050293 91.0481262207031 87.573112487793 85.5006637573242 75.8419952392578 71.6000595092773 72.3595581054688 73.0061264038086 78.8111267089844 97.0966033935547 112.335067749023 88.299919128418 43.5313339233398 26.3787460327148 20.1683616638184 13.9046812057495 10.5753974914551 -9999 13.3198623657227 23.926549911499 56.0009727478027 93.373664855957 106.486534118652 104.823020935059 92.9374237060547 27.1324672698975 17.8834323883057
-9999 96.3106536865234 93.2911911010742 163.156341552734 323.475524902344 443.97216796875 383.532012939453 302.542205810547 295.740783691406 303.497222900391 379.778045654297 505.389617919922 475.500549316406 367.598449707031 414.729095458984 262.830993652344 257.451995849609 298.078674316406 339.157684326172 388.092193603516 465.377319335938 549.023864746094 469.174194335938 230.079940795898 102.670265197754 81.3790283203125 80.784538269043 74.1064529418945 79.8904800415039 91.8808135986328 -9999 91.58349609375 96.9406051635742 115.259056091309 118.591690063477 83.6959838867188 43.2535095214844 20.6104640960693 14.2702884674072 10.6101989746094 11.3121852874756 15.8190641403198 32.0037879943848 68.2125396728516 100.278526306152 106.540573120117 106.011405944824 100.290603637695 41.0544662475586 19.7483005523682
-9999 82.2906265258789 75.1129608154297 -9999 -9999 339.079864501953 294.492523193359 252.626190185547 260.497619628906 284.018249511719 366.822418212891 444.119812011719 383.287506103516 283.048797607422 284.007659912109 230.879165649414 219.454559326172 225.244720458984 251.318054199219 300.405883789062 370.668640136719 451.282409667969 441.094512939453 299.774688720703 166.860610961914 39.0880699157715 40.7650680541992 49.6614265441895 -9999 119.983787536621 126.721183776855 124.681167602539 123.558326721191 123.645294189453 110.4794921875 79.9165878295898 49.4480171203613 25.9755268096924 18.8291759490967 14.4663400650024 20.0852813720703 39.7426414489746 69.647346496582 96.7014617919922 111.673370361328 113.114891052246 113.363334655762 111.309692382812 68.284797668457 56.6224327087402
-9999 73.2739334106445 64.8085479736328 82.8487014770508 -9999 233.970520019531 286.003692626953 378.283233642578 441.651306152344 387.278747558594 333.684783935547 284.814544677734 245.574035644531 222.713012695312 223.751510620117 221.527481079102 224.5419921875 217.810195922852 214.578598022461 233.790283203125 262.071472167969 307.344909667969 332.15966796875 279.304595947266 176.848266601562 11.3458013534546 14.4618530273438 34.7296371459961 86.480842590332 132.365692138672 138.87907409668 137.817199707031 137.492599487305 131.91471862793 103.101860046387 63.6610374450684 44.4485740661621 33.7684097290039 33.6608810424805 42.4262237548828 57.9765968322754 75.5586013793945 92.5552978515625 101.799789428711 105.66667175293 109.606605529785 115.147789001465 116.883522033691 93.9661102294922 92.2363739013672
55.3631019592285 60.4736785888672 59.3789024353027 -9999 137.48127746582 225.778869628906 322.852325439453 475.938873291016 563.015502929688 464.220336914062 331.420379638672 247.549667358398 276.892425537109 307.212585449219 254.870025634766 254.200408935547 276.142822265625 263.140045166016 231.829559326172 212.800765991211 210.875762939453 238.774719238281 241.863494873047 175.348556518555 100.620513916016 8.27779388427734 13.4552154541016 38.7777442932129 -9999 124.23836517334 125.713272094727 127.221084594727 135.750198364258 145.437561035156 129.54508972168 84.7946548461914 51.9315071105957 44.706241607666 54.000415802002 70.7425384521484 84.2011337280273 92.0997619628906 95.0596466064453 96.2079467773438 98.2972259521484 104.965515136719 113.940856933594 117.688293457031 110.51611328125 110.758201599121
77.004768371582 48.7775001525879 51.2485237121582 77.2669982910156 138.206970214844 214.761138916016 271.670532226562 346.635589599609 393.153686523438 356.216949462891 320.484802246094 356.103393554688 442.259735107422 441.033599853516 382.633178710938 353.818054199219 342.847412109375 299.423706054688 245.450622558594 206.49479675293 200.154510498047 227.782684326172 201.50016784668 115.406967163086 69.9245834350586 15.2362451553345 19.1473999023438 41.7316436767578 72.4335021972656 88.015869140625 93.0352325439453 108.391357421875 133.217178344727 150.764602661133 144.05778503418 115.09944152832 98.4775466918945 85.4028167724609 76.0258255004883 84.3541870117188 95.7336730957031 99.6186294555664 94.9496002197266 95.0925216674805 96.8472366333008 103.366752624512 112.589302062988 116.959350585938 116.664451599121 119.120025634766
115.341812133789 49.8958702087402 46.5114707946777 76.0310516357422 129.710845947266 177.606155395508 186.358047485352 206.816467285156 248.942932128906 285.142852783203 336.736236572266 448.689605712891 537.205139160156 500.496948242188 503.802490234375 507.857818603516 476.328277587891 388.406768798828 274.356872558594 210.644973754883 207.769546508789 248.635879516602 244.252899169922 167.143936157227 102.338119506836 50.1367416381836 40.4163818359375 37.6844253540039 37.5480651855469 38.9441070556641 54.7865982055664 87.0752105712891 114.738220214844 120.699737548828 113.57893371582 101.740905761719 105.387588500977 115.45915222168 93.269905090332 92.86083984375 106.788871765137 106.661422729492 95.1866226196289 93.9755554199219 90.264533996582 88.0927581787109 90.8785018920898 93.0727005004883 92.0488510131836 89.652473449707
161.40217590332 68.895622253418 46.0214309692383 71.5086441040039 104.647537231445 126.423416137695 121.440498352051 128.877197265625 173.861358642578 239.927185058594 302.204803466797 390.811676025391 451.971740722656 434.410614013672 568.844055175781 574.207641601562 502.368316650391 428.495941162109 300.708038330078 221.465301513672 216.513305664062 250.88459777832 262.702453613281 214.045806884766 132.414627075195 82.0271530151367 78.1400451660156 75.4726867675781 68.9922943115234 66.6596450805664 77.9954376220703 95.9112854003906 102.773422241211 97.8371887207031 92.7724838256836 88.034912109375 93.229377746582 103.154495239258 88.1654357910156 91.1903991699219 109.597694396973 113.876884460449 103.797317504883 100.760437011719 81.5099563598633 63.3689956665039 62.834171295166 63.4743614196777 62.4725036621094 58.0565872192383
160.688934326172 82.8169021606445 53.9881362915039 59.6606025695801 65.7292861938477 69.8280563354492 67.1895599365234 65.7272491455078 73.6223220825195 90.1192092895508 128.761199951172 -9999 514.393005371094 729.269226074219 957.241577148438 860.920654296875 756.51025390625 788.415771484375 636.303527832031 318.760620117188 201.761596679688 190.696075439453 152.646408081055 110.562461853027 86.6982574462891 100.362205505371 115.317085266113 118.399200439453 111.744270324707 -9999 107.623504638672 102.926216125488 96.9755401611328 95.2471160888672 103.446090698242 123.499351501465 143.255584716797 111.517868041992 87.282470703125 79.7400283813477 83.7377471923828 92.0586166381836 93.1543884277344 83.6053009033203 51.1191215515137 19.9385051727295 24.2037734985352 36.9540634155273 43.8459320068359 41.9233283996582
129.131408691406 92.9441833496094 76.6920776367188 43.7696800231934 36.0914611816406 47.6697731018066 59.0879440307617 60.6045951843262 61.4699211120605 69.0793991088867 135.967391967773 396.324951171875 -9999 874.192626953125 790.752624511719 759.259399414062 962.028625488281 1335.44921875 1208.74096679688 572.312133789062 248.216781616211 201.402679443359 162.852416992188 126.536865234375 96.0233612060547 112.749076843262 123.801872253418 121.292953491211 -9999 -9999 96.0389251708984 93.4769897460938 93.7546768188477 104.219871520996 126.030136108398 145.551086425781 145.915481567383 108.339065551758 91.8565063476562 75.4538879394531 60.759334564209 58.9240303039551 65.126579284668 57.4985008239746 31.3695735931396 9.09203147888184 17.8539199829102 26.7289981842041 29.2423515319824 25.96630859375
118.006866455078 103.079040527344 96.2146301269531 40.1230201721191 17.3618221282959 29.9746398925781 50.397876739502 59.9455451965332 60.3631439208984 79.7467498779297 237.335479736328 691.843017578125 -9999 1298.21606445312 921.219970703125 721.690002441406 773.066345214844 1143.12109375 1190.44458007812 707.633972167969 372.954986572266 313.124328613281 264.192504882812 208.694778442383 -9999 122.649269104004 126.510589599609 123.647933959961 -9999 90.4155883789062 91.0360336303711 93.1916351318359 101.94945526123 124.188377380371 148.231155395508 153.294647216797 139.375946044922 104.978668212891 91.9153518676758 62.6834411621094 39.3452072143555 50.352237701416 61.4225540161133 49.3870429992676 14.2108936309814 10.7167015075684 19.5590705871582 23.0693836212158 18.9395542144775 13.4879684448242
116.155830383301 105.732696533203 101.565147399902 39.6388778686523 9.95748043060303 19.0519943237305 40.8404197692871 58.2692031860352 61.1827201843262 -9999 -9999 -9999 -9999 1517.92749023438 1195.75463867188 588.416015625 370.464965820312 481.62548828125 618.099548339844 640.685485839844 624.855102539062 523.000305175781 351.289642333984 -9999 162.095520019531 126.21785736084 -9999 127.414649963379 113.275459289551 101.575134277344 113.526008605957 133.586029052734 147.724533081055 156.993621826172 157.238586425781 142.788543701172 123.589080810547 104.401657104492 89.7676315307617 52.3136558532715 22.1235008239746 -9999 -9999 9.0795316696167 7.97161293029785 15.0433006286621 21.9059295654297 22.4501037597656 14.1040163040161 8.48050403594971
121.581748962402 110.347785949707 101.852172851562 35.5937538146973 7.47181606292725 12.8978099822998 29.8738899230957 53.4522399902344 74.5230712890625 -9999 -9999 -9999 -9999 1156.39904785156 872.517761230469 406.475372314453 150.81884765625 121.80256652832 207.38215637207 379.381713867188 507.540191650391 409.875030517578 223.074768066406 -9999 136.026672363281 126.618644714355 128.066955566406 132.23664855957 130.589324951172 134.65202331543 155.079620361328 175.258575439453 183.476486206055 183.500686645508 167.977020263672 136.205017089844 107.371078491211 84.1429214477539 69.7783660888672 39.5832481384277 15.6317129135132 -9999 12.0932168960571 12.8394031524658 14.9084444046021 19.6621837615967 22.410982131958 21.8086700439453 11.6933832168579 7.20133686065674
139.407760620117 122.796432495117 105.783645629883 31.750997543335 6.78453540802002 8.77118968963623 17.9234676361084 43.0688591003418 -9999 -9999 -9999 -9999 -9999 638.983093261719 464.920593261719 302.571533203125 113.118598937988 50.7025680541992 73.4080123901367 136.689666748047 191.767272949219 157.601638793945 96.4513092041016 103.196014404297 123.700378417969 126.619583129883 128.292541503906 134.50749206543 139.125930786133 150.409103393555 172.592407226562 189.666412353516 197.364608764648 207.909820556641 205.50764465332 163.532196044922 102.925605773926 73.9280166625977 59.3473129272461 30.3278312683105 9.38518905639648 -9999 10.0175552368164 9.82297706604004 12.2107534408569 13.4945392608643 16.2342224121094 17.6376361846924 10.0029430389404 7.08507680892944
155.32926940918 131.492553710938 108.633636474609 29.0565643310547 6.61246156692505 7.05931568145752 11.2064256668091 30.3622760772705 75.9014282226562 128.388671875 -9999 -9999 303.668914794922 429.84912109375 269.205871582031 217.911514282227 109.333229064941 44.89013671875 46.9842376708984 53.6258773803711 62.067024230957 69.5237884521484 87.8248062133789 114.185150146484 125.942718505859 126.619583129883 128.317337036133 134.627182006836 138.383209228516 144.690902709961 159.896957397461 180.490447998047 207.397888183594 240.06575012207 235.782257080078 163.811477661133 91.5066604614258 76.7652206420898 61.958423614502 29.2933006286621 4.71370792388916 -9999 3.8942437171936 3.60403347015381 4.85870504379272 6.5406551361084 9.41067028045654 10.6018991470337 8.06999015808105 7.08478355407715
192.528106689453 147.582580566406 113.436889648438 27.9245548248291 6.59282064437866 6.97310066223145 10.9996423721313 28.1934833526611 -9999 -9999 -9999 190.617294311523 242.421768188477 298.934967041016 145.938949584961 107.99974822998 71.8071517944336 43.1909255981445 43.4982147216797 44.6565132141113 55.0430526733398 83.0983276367188 113.45157623291 125.170974731445 126.619583129883 126.619590759277 128.31526184082 134.547821044922 137.292755126953 138.94287109375 145.64323425293 163.505569458008 196.671234130859 224.006988525391 190.960052490234 115.022171020508 80.0369644165039 66.2997436523438 47.2660217285156 19.0066604614258 2.71874380111694 3.0598349571228 3.77532196044922 2.00495743751526 2.39955139160156 4.88700199127197 7.08263731002808 7.27476596832275 7.17397260665894 7.08478355407715
225.253280639648 185.560531616211 143.013336181641 24.9430980682373 6.28495168685913 6.50386095046997 8.7160062789917 -9999 49.3792991638184 109.547592163086 167.363021850586 186.394821166992 189.318130493164 175.881240844727 52.5579071044922 31.8933048248291 28.5121994018555 27.2836894989014 29.8865413665771 37.7143745422363 -9999 107.344230651855 125.408012390137 126.822402954102 126.827484130859 126.827262878418 129.218338012695 137.99787902832 141.559326171875 141.803680419922 143.625442504883 150.603530883789 164.556167602539 171.429351806641 144.743576049805 105.126014709473 90.8141326904297 59.6623802185059 34.5506324768066 10.4100971221924 4.75261449813843 4.54832553863525 3.91409206390381 2.21204352378845 2.27467179298401 4.94367694854736 6.86900997161865 6.90383863449097 7.08139896392822 7.09998750686646
251.265670776367 241.020645141602 194.227615356445 21.198413848877 6.10120868682861 6.13023948669434 6.46423721313477 9.53828525543213 26.7938804626465 71.7714462280273 118.993515014648 131.962310791016 119.202735900879 80.8366012573242 13.5067577362061 9.97635841369629 10.6931295394897 -9999 15.9477348327637 32.7896842956543 79.1962585449219 121.787040710449 126.944313049316 -9999 126.949401855469 126.949195861816 129.745635986328 140.023132324219 144.167343139648 144.184036254883 144.368240356445 145.169464111328 146.706237792969 146.422912597656 139.687301635742 129.657562255859 121.791603088379 87.679931640625 50.4752235412598 15.6921510696411 6.51745414733887 6.21713733673096 5.54542446136475 4.50856256484985 4.03060388565063 5.39055204391479 6.86101007461548 6.90764713287354 7.09085130691528 7.10842180252075
236.074325561523 249.102798461914 217.11018371582 19.5165061950684 6.09368753433228 6.09368753433228 6.10205364227295 6.78149557113647 12.3052749633789 27.9978885650635 44.5072174072266 48.4055976867676 42.0629348754883 24.9479293823242 8.65409374237061 10.4089775085449 12.3284587860107 12.9340047836304 15.5845260620117 34.7431106567383 84.8597183227539 126.142440795898 126.953384399414 126.953384399414 126.953384399414 126.953384399414 129.760345458984 140.090606689453 144.256637573242 144.256652832031 144.256652832031 144.256652832031 144.241928100586 144.09635925293 143.556304931641 142.4482421875 140.476043701172 119.604789733887 78.2607040405273 28.2114143371582 6.82257413864136 6.80030298233032 6.6967978477478 6.41720676422119 6.07995271682739 6.32552623748779 6.87023830413818 6.92187547683716 7.1023907661438 7.10793590545654
