rcp8.5models/MPI_ESM_LR/sc1gr1.29
NCOLS 261 
NROWS 433 
XLLCORNER 336357.134 
YLLCORNER 654653.479 
CELLSIZE 1000 
NODATA_value -3.4e+38 
[rows 352 to 373 of 433, columns 196 to 244 of 261]
69.1189346313477 68.8415603637695 69.0968627929688 69.2426452636719 68.7556991577148 68.5106582641602 68.3334884643555 68.1379852294922 67.9451904296875 67.4434051513672 67.3999557495117 67.3500900268555 67.1283493041992 66.8399124145508 66.7270355224609 67.1041870117188 66.4497833251953 66.1641693115234 66.0905227661133 66.0216903686523 65.8626327514648 65.926887512207 65.8183288574219 65.4745483398438 65.4201354980469 65.2900009155273 65.2340087890625 65.4533462524414 65.6679916381836 65.0238800048828 64.2023544311523 64.0990219116211 64.1393508911133 63.7862663269043 63.6270751953125 63.7126922607422 63.781852722168 63.2775001525879 63.5031929016113 63.4442291259766 63.4266738891602 62.8177680969238 62.5988273620605 -3.4e+38 -3.4e+38 -3.4e+38 -3.4e+38 62.2716751098633 61.979736328125
69.2596282958984 69.00146484375 69.1109390258789 69.2000961303711 68.5256729125977 68.5814819335938 68.2326889038086 68.0083389282227 67.7643585205078 67.3604202270508 67.5111236572266 67.5188674926758 67.1567840576172 66.8841857910156 66.7787551879883 66.9418869018555 66.7947692871094 66.3968124389648 65.8245620727539 65.778434753418 65.707633972168 65.7480697631836 65.5589065551758 65.2356643676758 65.2532196044922 65.3421096801758 65.0126190185547 65.1363220214844 65.1356658935547 64.8801879882812 64.1257934570312 64.0410614013672 63.9849700927734 63.689640045166 63.6342430114746 63.7401924133301 63.6111030578613 63.4844818115234 63.6904411315918 63.3783187866211 -3.4e+38 -3.4e+38 -3.4e+38 -3.4e+38 -3.4e+38 -3.4e+38 -3.4e+38 62.1427268981934 61.6574401855469
69.2888259887695 69.0379333496094 68.9006805419922 68.7680130004883 68.6457061767578 68.6382522583008 68.400764465332 67.8458786010742 67.7854766845703 67.4572677612305 67.5341720581055 67.2859420776367 67.1773986816406 67.198974609375 66.7446746826172 66.7347564697266 66.9567947387695 66.5380096435547 65.7196044921875 65.5829925537109 65.5377960205078 65.5629348754883 65.4370498657227 65.111198425293 65.0952301025391 65.3739318847656 65.0388565063477 64.9707183837891 64.9025268554688 64.8273620605469 64.1833877563477 63.9172019958496 63.8753089904785 63.6096229553223 63.76904296875 63.8611946105957 63.490478515625 63.462776184082 63.5873603820801 -3.4e+38 -3.4e+38 -3.4e+38 -3.4e+38 -3.4e+38 -3.4e+38 -3.4e+38 -3.4e+38 -3.4e+38 62.0103034973145
69.560905456543 68.9400329589844 68.9754943847656 68.5428314208984 68.8246307373047 68.7631530761719 68.2743453979492 67.6717224121094 68.0439834594727 67.4621429443359 67.3807144165039 67.1905822753906 67.1653060913086 67.2064590454102 66.9684371948242 66.7990264892578 66.651741027832 66.2688751220703 65.6898498535156 65.7492752075195 65.5966796875 65.3880615234375 65.4972839355469 65.0438232421875 64.8953170776367 65.0800399780273 65.2434158325195 65.0855865478516 64.6447677612305 64.694709777832 64.3570861816406 64.0481414794922 63.7859535217285 63.4781341552734 63.5436134338379 63.6493988037109 63.465202331543 63.2956695556641 -3.4e+38 -3.4e+38 -3.4e+38 -3.4e+38 -3.4e+38 -3.4e+38 -3.4e+38 -3.4e+38 -3.4e+38 -3.4e+38 -3.4e+38
69.5086441040039 69.0375595092773 69.4331970214844 68.7259292602539 68.8947982788086 68.6337509155273 68.3147430419922 67.7447280883789 68.1285781860352 67.6739959716797 67.390869140625 67.5882720947266 67.3024063110352 67.2363662719727 66.9190063476562 66.7683944702148 66.5752182006836 66.3233489990234 65.6925964355469 65.7893829345703 65.7548522949219 65.4700698852539 65.5837860107422 65.2065353393555 64.7964630126953 64.7347869873047 64.9889221191406 64.8821716308594 64.7555084228516 64.5231781005859 64.1296539306641 63.9456367492676 63.6072769165039 63.4443435668945 63.6990089416504 63.5970611572266 -3.4e+38 -3.4e+38 -3.4e+38 -3.4e+38 -3.4e+38 -3.4e+38 -3.4e+38 -3.4e+38 -3.4e+38 -3.4e+38 -3.4e+38 -3.4e+38 -3.4e+38
69.3193130493164 69.174186706543 69.2181854248047 68.4952621459961 68.5910186767578 68.4892120361328 68.4908905029297 67.8930892944336 67.7367248535156 67.4354553222656 67.2487945556641 67.6181793212891 67.1614532470703 67.2160720825195 66.9092025756836 66.8534927368164 66.794563293457 66.4569473266602 65.9565658569336 65.5155181884766 65.6409149169922 65.5163345336914 65.4934768676758 65.4742889404297 65.2058563232422 64.594108581543 64.7614669799805 64.774284362793 65.2099456787109 64.9154586791992 64.1693115234375 63.9393463134766 63.3630447387695 63.3828315734863 63.7419738769531 63.6441116333008 -3.4e+38 -3.4e+38 -3.4e+38 -3.4e+38 -3.4e+38 -3.4e+38 -3.4e+38 -3.4e+38 -3.4e+38 -3.4e+38 -3.4e+38 -3.4e+38 -3.4e+38
69.1949234008789 69.3549499511719 68.5080947875977 68.4279098510742 68.3091354370117 68.3422470092773 68.3609619140625 67.8727264404297 67.4648056030273 67.4714889526367 67.1570663452148 66.9376678466797 66.7337646484375 66.7633056640625 66.8933334350586 66.9789428710938 66.8624267578125 66.5512237548828 66.0887298583984 65.6394577026367 65.632568359375 65.5666122436523 65.3668670654297 65.3219833374023 65.1597290039062 64.7716522216797 64.7865447998047 64.6595687866211 64.9044876098633 64.7447280883789 64.3604049682617 64.1142349243164 63.6897621154785 63.7264976501465 63.611213684082 -3.4e+38 -3.4e+38 -3.4e+38 -3.4e+38 -3.4e+38 -3.4e+38 -3.4e+38 -3.4e+38 -3.4e+38 -3.4e+38 -3.4e+38 -3.4e+38 -3.4e+38 -3.4e+38
68.8435897827148 68.8445587158203 68.3108062744141 68.4791946411133 68.3617782592773 68.241340637207 68.2067947387695 67.7072830200195 67.3831481933594 67.3069381713867 67.2528228759766 66.7019577026367 66.5712127685547 66.9287261962891 66.6502304077148 66.6970443725586 66.6525192260742 66.5752105712891 65.949348449707 65.5859832763672 65.7706985473633 65.6036834716797 65.2953491210938 65.2255249023438 64.8980560302734 65.0210494995117 64.7122116088867 64.8128814697266 64.9160461425781 64.529655456543 64.5152969360352 64.1368713378906 64.300651550293 63.8389091491699 63.8870887756348 64.0252838134766 -3.4e+38 -3.4e+38 -3.4e+38 -3.4e+38 -3.4e+38 -3.4e+38 -3.4e+38 -3.4e+38 -3.4e+38 -3.4e+38 -3.4e+38 -3.4e+38 -3.4e+38
68.5917510986328 68.8253479003906 68.7352600097656 68.813835144043 68.5080795288086 68.5531158447266 68.4769058227539 67.7604522705078 67.5068130493164 67.4199981689453 66.9920806884766 67.3196487426758 67.2139587402344 66.8348007202148 66.9982147216797 66.9483642578125 66.923698425293 66.24560546875 66.1487808227539 65.8112106323242 65.9087219238281 65.5127563476562 65.3679885864258 65.6919555664062 65.555793762207 65.2731018066406 65.0378646850586 64.8352813720703 64.841682434082 64.4433441162109 64.4636077880859 64.4563293457031 64.0648345947266 63.8905410766602 63.8597106933594 63.2271881103516 -3.4e+38 -3.4e+38 -3.4e+38 -3.4e+38 -3.4e+38 -3.4e+38 -3.4e+38 -3.4e+38 -3.4e+38 -3.4e+38 -3.4e+38 -3.4e+38 -3.4e+38
68.6638946533203 69.0548095703125 68.7777786254883 68.6914596557617 68.5214538574219 68.5562286376953 68.5508575439453 67.6336822509766 67.3625183105469 66.94384765625 67.054069519043 67.2853012084961 67.299919128418 67.119873046875 66.7262344360352 66.7441558837891 66.902717590332 66.4429931640625 66.1293487548828 66.0604095458984 66.1352996826172 65.759765625 65.7166519165039 66.0546569824219 65.1411895751953 65.2845306396484 65.0796508789062 65.0074615478516 64.8414077758789 64.6481094360352 64.5649032592773 64.4078140258789 64.2528686523438 63.5362129211426 63.8894805908203 63.5192794799805 62.8716354370117 -3.4e+38 -3.4e+38 -3.4e+38 -3.4e+38 -3.4e+38 -3.4e+38 -3.4e+38 -3.4e+38 -3.4e+38 -3.4e+38 -3.4e+38 -3.4e+38
68.6532745361328 69.024658203125 69.0747528076172 68.630989074707 68.4801406860352 68.4922561645508 68.28759765625 67.4602661132812 67.224494934082 67.0462341308594 67.1250152587891 67.120361328125 67.3385543823242 67.2329635620117 66.6084442138672 66.6923904418945 66.6327056884766 66.6939926147461 66.2290802001953 66.3379592895508 66.1696090698242 65.8261260986328 65.8372955322266 65.7079086303711 65.0338821411133 64.9605865478516 65.094367980957 64.7897033691406 64.6616287231445 64.8662033081055 64.3651962280273 64.4306945800781 64.2484817504883 63.8086700439453 63.9646530151367 63.6075820922852 63.1533241271973 63.1099700927734 63.2320442199707 63.2738723754883 63.0111198425293 -3.4e+38 -3.4e+38 -3.4e+38 -3.4e+38 -3.4e+38 -3.4e+38 -3.4e+38 -3.4e+38
68.8256378173828 68.3883590698242 68.560661315918 68.3369903564453 68.2751998901367 68.4661483764648 67.9309463500977 67.2757568359375 67.17919921875 67.2720336914062 67.2236862182617 66.859375 67.2230072021484 66.9426422119141 66.7639999389648 66.7509307861328 66.4516067504883 66.4281539916992 66.2254791259766 66.2262802124023 66.1729507446289 65.9989242553711 65.7996215820312 65.5766983032227 65.2922592163086 65.0418548583984 64.9722518920898 64.5289154052734 64.6636505126953 64.6454849243164 64.2705230712891 64.3922729492188 64.1274719238281 63.9942779541016 63.7377777099609 63.3774604797363 63.1362762451172 63.2689895629883 63.1695861816406 63.1418151855469 63.1572532653809 62.7662315368652 -3.4e+38 -3.4e+38 -3.4e+38 -3.4e+38 -3.4e+38 -3.4e+38 -3.4e+38
68.5980911254883 68.0766754150391 68.1086959838867 68.1633148193359 68.1165161132812 68.1585693359375 67.7114334106445 67.4354782104492 67.232177734375 67.0952682495117 67.2737274169922 67.1803131103516 66.9511337280273 66.5494766235352 66.7903442382812 66.6734848022461 66.4768447875977 66.1005096435547 65.9690780639648 65.7936019897461 66.0364837646484 66.1535873413086 65.8514556884766 65.5722351074219 65.3111572265625 65.0143661499023 64.7824172973633 64.6578216552734 64.84375 64.3615646362305 64.4047470092773 63.8403015136719 64.0129852294922 63.8914909362793 63.4725456237793 63.3469924926758 63.1312026977539 63.1894683837891 63.0705490112305 62.9420433044434 63.1026954650879 63.0211982727051 62.9100151062012 -3.4e+38 -3.4e+38 -3.4e+38 -3.4e+38 -3.4e+38 -3.4e+38
68.3990173339844 68.7524871826172 68.2142105102539 68.3029479980469 68.1022491455078 67.9832611083984 68.0194091796875 67.8024597167969 67.2917327880859 67.1251754760742 67.3308258056641 66.983772277832 66.6422500610352 66.8065185546875 66.5711975097656 66.5749816894531 66.4943542480469 66.224609375 65.9005813598633 65.547233581543 65.6957092285156 65.9084701538086 65.5434875488281 65.0561370849609 65.1839294433594 65.214469909668 64.7165298461914 64.5467758178711 64.7206420898438 64.7293701171875 64.1695404052734 63.9239120483398 63.857307434082 63.8079490661621 63.6534996032715 63.3742866516113 63.2801666259766 63.0551567077637 62.9117889404297 63.0712585449219 63.1029853820801 63.4386901855469 63.1430892944336 62.7832336425781 62.5580940246582 -3.4e+38 -3.4e+38 -3.4e+38 -3.4e+38
68.7404098510742 68.9458694458008 68.637451171875 68.4857635498047 68.2398834228516 67.9239807128906 68.1772003173828 67.6917953491211 67.1688842773438 67.0631713867188 66.9210586547852 66.6650695800781 66.8163223266602 66.801887512207 66.7431030273438 66.7948989868164 66.3555374145508 66.4605102539062 65.9132232666016 65.5978775024414 65.4802780151367 65.5892944335938 65.2731094360352 64.9860992431641 65.1007461547852 65.2793502807617 64.8519744873047 64.5766830444336 64.6761856079102 64.8324279785156 63.8628578186035 63.981014251709 63.9720497131348 63.8823394775391 63.8304061889648 63.4332733154297 63.4492416381836 63.2690811157227 63.0861129760742 62.957576751709 63.3131103515625 63.3414497375488 63.0216865539551 62.909782409668 62.4683876037598 -3.4e+38 -3.4e+38 -3.4e+38 -3.4e+38
68.6649475097656 68.5231857299805 68.7544021606445 68.7200622558594 68.3659133911133 67.787467956543 68.0859909057617 67.5663452148438 66.9874496459961 66.7820129394531 66.6727523803711 67.0553207397461 67.0395584106445 66.6727905273438 66.9398574829102 66.8094482421875 66.2524566650391 66.5398025512695 65.6909637451172 65.4710922241211 65.3255386352539 65.3328094482422 65.197151184082 65.212043762207 64.9734725952148 65.2005844116211 64.8794631958008 64.5574035644531 64.5985946655273 64.6303787231445 63.7574348449707 63.9751968383789 64.1369857788086 63.938304901123 63.5110092163086 63.4076728820801 63.6171073913574 63.6811943054199 63.298168182373 63.1214408874512 63.5450057983398 63.0305290222168 62.8226013183594 62.7807998657227 62.6140480041504 62.2595329284668 -3.4e+38 -3.4e+38 -3.4e+38
68.7552947998047 68.4574813842773 68.2984619140625 68.5509567260742 68.1908264160156 67.5814971923828 67.8664169311523 67.3141174316406 66.9769592285156 67.0203704833984 66.9117202758789 67.3693923950195 66.9252853393555 66.8377990722656 66.7978820800781 66.5017623901367 66.1067733764648 66.2535400390625 65.7286071777344 65.5743179321289 65.1628112792969 65.3286666870117 65.1819381713867 65.3322296142578 65.160026550293 65.2935485839844 65.1257781982422 64.7560501098633 64.5567474365234 64.8745803833008 63.798168182373 64.1580429077148 63.9527359008789 63.7412643432617 63.590747833252 63.1856536865234 63.4869575500488 63.2856979370117 63.2630233764648 63.3280868530273 63.6766014099121 62.7898483276367 62.6376571655273 62.6760635375977 62.5701293945312 -3.4e+38 -3.4e+38 -3.4e+38 -3.4e+38
68.6339416503906 68.4782028198242 68.1623306274414 68.2391662597656 68.036247253418 67.6103210449219 67.3843994140625 67.1457214355469 66.8876647949219 66.9056015014648 66.7363433837891 67.1658554077148 66.7991790771484 66.6373977661133 66.358512878418 66.3365783691406 66.0263824462891 66.0058288574219 65.8808212280273 65.7417678833008 65.298095703125 65.5058975219727 65.2489852905273 65.2505111694336 65.3664398193359 65.0065841674805 65.3328170776367 65.0911026000977 64.5570602416992 64.9821014404297 64.0077362060547 64.1851959228516 63.7375831604004 63.6695327758789 63.6913070678711 63.2919845581055 63.385440826416 63.1245651245117 63.5322647094727 63.1360740661621 63.266185760498 62.5775604248047 62.6026000976562 62.8752479553223 62.3943481445312 -3.4e+38 -3.4e+38 -3.4e+38 -3.4e+38
68.6152114868164 68.4143371582031 68.2877502441406 68.2678833007812 68.1443405151367 67.7063369750977 67.3313980102539 67.2906112670898 66.7185821533203 66.4824295043945 66.91650390625 66.6166152954102 66.9030151367188 66.4595642089844 66.1427459716797 66.194580078125 65.9954833984375 65.9517135620117 65.8916625976562 65.5163955688477 65.3198013305664 65.4341659545898 65.3940811157227 64.9924774169922 65.0795745849609 64.9282608032227 65.1775588989258 65.0095672607422 64.3865432739258 64.9073638916016 64.097053527832 64.2525405883789 63.5920524597168 63.5717353820801 63.4230575561523 63.4824638366699 63.2672157287598 63.0353126525879 63.4434356689453 63.0432395935059 62.8204917907715 62.8841285705566 62.8656349182129 62.6696853637695 -3.4e+38 -3.4e+38 -3.4e+38 -3.4e+38 -3.4e+38
68.4458312988281 68.5733947753906 68.6238632202148 67.5929412841797 67.679328918457 67.5764236450195 67.4605178833008 67.220817565918 66.7493667602539 66.7165832519531 66.7514114379883 66.1110229492188 66.3649139404297 66.8811721801758 66.8646240234375 66.2539367675781 66.2108612060547 65.8510589599609 65.377082824707 65.3486938476562 65.2244262695312 65.1118774414062 64.8171081542969 64.7795715332031 65.0315628051758 64.9048385620117 64.5754852294922 64.5890350341797 64.3995895385742 64.4076309204102 63.7387046813965 63.6932144165039 63.3709259033203 63.285270690918 63.286262512207 63.0351448059082 63.4077301025391 63.2084808349609 63.251049041748 63.1282844543457 62.9156951904297 62.9663619995117 62.8717041015625 -3.4e+38 -3.4e+38 -3.4e+38 -3.4e+38 -3.4e+38 -3.4e+38
68.4767837524414 68.321403503418 68.2475891113281 67.6691207885742 67.697021484375 67.6607666015625 67.8140335083008 67.2205352783203 66.8686294555664 66.5109786987305 66.6040649414062 66.2072067260742 66.7818756103516 66.8902206420898 66.7564010620117 66.2768402099609 66.0622787475586 65.6936874389648 65.3220977783203 65.6753921508789 64.7112121582031 64.7883605957031 64.6578140258789 64.8079147338867 64.8799667358398 65.0053558349609 64.3452072143555 64.4336242675781 64.2710266113281 64.2258911132812 63.3588333129883 63.2880668640137 63.2159957885742 63.1693267822266 63.3825416564941 62.9542617797852 63.385326385498 62.8454322814941 63.3379745483398 63.0412788391113 63.0690994262695 62.7790489196777 -3.4e+38 -3.4e+38 -3.4e+38 -3.4e+38 -3.4e+38 -3.4e+38 -3.4e+38
68.3143615722656 68.1635208129883 68.1218490600586 68.033447265625 67.7874908447266 67.4221878051758 67.5969467163086 67.1054458618164 67.097770690918 66.7975997924805 66.7754592895508 66.6281127929688 66.4732971191406 66.3113098144531 66.2156524658203 66.0659027099609 65.9731674194336 65.5026321411133 65.5333404541016 65.1867904663086 64.7622604370117 64.8634643554688 64.6922225952148 64.8191146850586 65.0481643676758 65.0159072875977 63.9498100280762 64.3320388793945 64.3024215698242 64.3384552001953 63.7143630981445 63.7849960327148 63.6740646362305 63.4098587036133 63.593334197998 -3.4e+38 63.2390594482422 -3.4e+38 63.2030410766602 63.093433380127 63.1286582946777 -3.4e+38 -3.4e+38 -3.4e+38 -3.4e+38 -3.4e+38 -3.4e+38 -3.4e+38 -3.4e+38
