rcp8.5models/MPI_ESM_LR/sc1gr0.14
NCOLS 261 
NROWS 433 
XLLCORNER 336357.134 
YLLCORNER 654653.479 
CELLSIZE 1000 
NODATA_value -3.4e+38 
[rows 110 to 131 of 433, columns 98 to 146 of 261]
74.9113235473633 75.1172027587891 75.1295623779297 75.6017990112305 75.9005661010742 76.1190567016602 76.598747253418 76.6991119384766 76.9975051879883 77.11083984375 77.196647644043 77.1566696166992 77.3489837646484 77.3925476074219 77.3549957275391 77.2396926879883 77.092041015625 76.969482421875 76.8627700805664 76.7904815673828 76.5773162841797 76.3889617919922 76.1583251953125 76.0026473999023 75.6893005371094 75.3638458251953 74.9746017456055 74.7426910400391 74.6449813842773 74.1901473999023 73.7243804931641 73.5408935546875 73.4296112060547 72.8907012939453 72.5426406860352 72.2231826782227 71.9253387451172 71.4658813476562 71.2871322631836 70.984992980957 70.6922607421875 70.6687622070312 70.4809036254883 70.1683654785156 70.034553527832 69.5412826538086 69.2324981689453 68.9270553588867 68.2513809204102
75.2323379516602 75.5815658569336 75.6335830688477 75.9661636352539 76.24072265625 76.6192855834961 76.9982681274414 77.1088638305664 77.2783126831055 77.4192047119141 77.5864791870117 77.6377639770508 77.8569946289062 77.8947219848633 77.8398742675781 77.7050476074219 77.5673446655273 77.337760925293 77.0588684082031 77.0353546142578 76.9170074462891 76.7189254760742 76.4450149536133 76.2927169799805 76.075439453125 75.8168334960938 75.2475891113281 75.1263656616211 74.7793579101562 74.4387893676758 74.0961837768555 73.8987884521484 73.7170333862305 73.2424240112305 72.7376403808594 72.4597549438477 72.2099685668945 71.6122894287109 71.4843597412109 71.2302703857422 70.9289245605469 70.9277801513672 70.6760482788086 70.3843078613281 70.1337127685547 69.7373352050781 69.4767074584961 69.1641006469727 68.3702011108398
75.5719604492188 75.9804077148438 76.1520843505859 76.5159072875977 76.838134765625 77.1639633178711 77.3668746948242 77.4303588867188 77.5308151245117 77.769157409668 78.075065612793 78.0544357299805 78.077278137207 78.1997833251953 78.0935287475586 -3.4e+38 77.7312622070312 77.7273483276367 77.5808410644531 77.437614440918 77.1664657592773 77.0307846069336 76.8435211181641 76.6408615112305 76.3452606201172 76.1589889526367 75.5002212524414 75.2442474365234 74.8725738525391 74.5950927734375 74.3703918457031 74.1527709960938 73.7620620727539 73.4153518676758 73.0126342773438 72.9136505126953 72.4530868530273 71.8749237060547 71.7205047607422 71.4358749389648 71.1226806640625 71.0763244628906 70.8535614013672 70.5947952270508 70.0492553710938 69.8302993774414 69.5475311279297 69.2455673217773 68.5402374267578
76.0342864990234 76.3500137329102 76.6907501220703 76.9872970581055 77.3777542114258 77.6275787353516 77.8462677001953 77.8264617919922 78.0103378295898 78.2364501953125 78.5543975830078 78.4692764282227 78.4260711669922 78.4922027587891 78.3829345703125 78.3524932861328 78.112548828125 78.1220626831055 77.9270706176758 77.7923126220703 77.4644775390625 77.4267730712891 77.1812515258789 76.8886489868164 76.5578918457031 76.4106369018555 75.8792953491211 75.4272842407227 74.9442367553711 74.7277679443359 74.5717849731445 74.4016418457031 73.9981307983398 73.7235717773438 73.4176788330078 73.1475830078125 72.6996383666992 -3.4e+38 -3.4e+38 -3.4e+38 -3.4e+38 71.1522216796875 70.9898452758789 70.6242599487305 70.164436340332 69.9209899902344 69.5286865234375 69.1946258544922 68.6491241455078
76.2575149536133 76.7404174804688 77.0676727294922 77.4657135009766 77.8556060791016 78.1069488525391 78.3462600708008 78.3964157104492 78.6137619018555 78.7003402709961 78.8774032592773 78.8113174438477 78.8743667602539 78.9959259033203 78.7836990356445 78.6570281982422 78.4915542602539 78.5195693969727 78.2495574951172 77.9872436523438 77.7578811645508 77.7241897583008 77.4532241821289 77.2122344970703 76.8029403686523 76.5384292602539 76.1147842407227 75.7416076660156 75.3395767211914 74.9385833740234 74.930061340332 74.6636428833008 74.4207458496094 74.0381164550781 73.6837997436523 73.2104187011719 -3.4e+38 -3.4e+38 -3.4e+38 -3.4e+38 -3.4e+38 71.2190170288086 71.0819854736328 70.7466125488281 70.4574966430664 70.0847930908203 69.7106628417969 69.2367324829102 68.7870407104492
76.8542022705078 77.222038269043 77.6238098144531 78.3195724487305 78.6052780151367 79.0241165161133 79.2029037475586 79.4479751586914 79.4134979248047 79.6101303100586 79.8528823852539 79.9085006713867 79.9051513671875 79.763786315918 79.6445465087891 79.5164642333984 79.3453750610352 79.0932769775391 78.7832794189453 78.5139236450195 78.415153503418 78.1412582397461 78.0353775024414 77.5947113037109 77.3364028930664 76.8826141357422 76.5832061767578 76.1031112670898 75.7929992675781 75.2918090820312 75.292839050293 75.0726013183594 74.7233810424805 74.5497665405273 74.1353759765625 73.7600326538086 73.2065887451172 72.6808166503906 72.3999481201172 72.1674423217773 71.8429565429688 71.5442581176758 71.248291015625 70.9660720825195 70.6346893310547 70.2364349365234 69.6962966918945 69.5670166015625 69.1554641723633
77.270263671875 77.5443420410156 77.8001251220703 78.7063369750977 79.0574035644531 79.3347702026367 79.5578002929688 79.8441848754883 79.8760528564453 80.1644439697266 80.3686294555664 80.3826675415039 80.4540634155273 80.3202362060547 79.966178894043 79.8356704711914 79.7187957763672 79.4539947509766 79.0900497436523 78.8302459716797 78.7603149414062 78.4117431640625 78.2357635498047 77.835090637207 77.6022872924805 77.224006652832 76.7283554077148 76.5091857910156 76.0625457763672 75.576171875 75.4789581298828 75.149528503418 74.7293548583984 74.4561614990234 74.1224517822266 73.8918533325195 73.4006805419922 72.9130020141602 72.6199722290039 72.3861618041992 71.9391250610352 71.6822891235352 71.4064559936523 71.0530471801758 70.7310028076172 70.3842086791992 69.9464874267578 69.8413467407227 69.0967330932617
77.6931533813477 77.9399261474609 78.1865386962891 79.1172409057617 79.3059921264648 79.6052017211914 80.06005859375 80.3225250244141 80.4246826171875 80.6546020507812 80.875373840332 80.9599838256836 80.9586181640625 80.798583984375 80.3518676757812 80.2580642700195 80.0619354248047 79.7855529785156 79.3351898193359 79.1123428344727 78.8618316650391 78.7241897583008 -3.4e+38 78.0076522827148 77.8063888549805 77.5343322753906 77.0344314575195 76.6805114746094 76.3249588012695 76.0414962768555 75.6852035522461 75.2782669067383 74.8185348510742 74.5279693603516 74.2429046630859 73.9127655029297 73.501350402832 73.0348739624023 72.8542938232422 72.5093002319336 72.0386123657227 71.8232879638672 71.5206909179688 71.0945892333984 70.901008605957 70.5763931274414 70.2663345336914 70.0404663085938 69.092658996582
77.8439025878906 78.3002471923828 78.4801712036133 79.3220443725586 79.6143341064453 79.9665069580078 80.4207077026367 80.7346801757812 80.9717788696289 81.2156219482422 81.3534088134766 81.418586730957 81.267204284668 81.1305770874023 80.7273788452148 80.5707702636719 80.3679046630859 79.9420623779297 79.517578125 79.3857727050781 79.0315322875977 78.7896041870117 78.6629486083984 78.4751281738281 78.0803680419922 77.7715835571289 77.3229675292969 76.8891906738281 76.574836730957 76.2633209228516 75.8785934448242 75.4869918823242 75.031608581543 74.8584976196289 74.4898223876953 74.1222457885742 73.7375640869141 73.073844909668 72.9933547973633 72.6348571777344 72.1706314086914 71.9365997314453 71.6016693115234 71.1581954956055 71.0045776367188 70.7843322753906 70.4054565429688 70.060432434082 69.1355514526367
77.8829574584961 78.4196090698242 78.8112030029297 79.6249008178711 79.9377899169922 80.2802581787109 80.6799850463867 81.0338745117188 81.4577941894531 81.6256561279297 81.9146881103516 81.742301940918 81.5811233520508 81.3759765625 80.9734039306641 80.6789245605469 80.4173049926758 80.0601501464844 79.76025390625 79.6387939453125 79.2447128295898 78.9330902099609 78.9494552612305 78.6631698608398 78.1698989868164 77.8517837524414 77.1660766601562 76.8977737426758 76.7232437133789 76.3562545776367 75.8898315429688 75.5238418579102 75.1786727905273 75.0869979858398 74.7361831665039 74.3500442504883 73.8049926757812 73.1987915039062 73.0422592163086 72.6949844360352 72.2840728759766 72.0237121582031 71.7730484008789 71.5019378662109 71.1509323120117 70.8913421630859 70.5077514648438 70.138671875 69.3274765014648
78.0876083374023 78.3665771484375 78.8818283081055 79.907341003418 80.0078277587891 80.4453811645508 80.8962783813477 81.2923278808594 81.7324447631836 81.9773941040039 82.1742935180664 82.187370300293 81.9521408081055 81.7042694091797 81.0682373046875 -3.4e+38 80.5259017944336 80.2688369750977 80.0246734619141 79.7987518310547 79.4603881835938 79.2424240112305 78.9014358520508 78.5006103515625 78.2144393920898 77.9758834838867 77.309700012207 76.9671325683594 76.7672500610352 76.4429168701172 76.0354461669922 75.5802536010742 75.2701187133789 75.0654525756836 74.7773284912109 74.2483291625977 73.8669815063477 73.6041030883789 73.288948059082 72.8397216796875 72.4192504882812 72.1463241577148 71.903205871582 71.7380905151367 71.3063201904297 70.9617385864258 70.6136932373047 70.2174758911133 69.6149673461914
78.2233200073242 78.5043487548828 79.0529251098633 80.0679092407227 80.2010040283203 80.6808624267578 81.0527572631836 81.3287353515625 81.6820755004883 81.9827346801758 82.2192916870117 82.3239212036133 82.0881576538086 81.8502883911133 81.2070922851562 80.9354553222656 80.732666015625 80.4851303100586 80.248664855957 79.9047088623047 79.6337203979492 79.3728561401367 78.9154586791992 78.7876358032227 78.5968246459961 78.134880065918 77.5242538452148 77.1554336547852 76.7915420532227 76.4224166870117 76.2452697753906 75.8747940063477 75.4346618652344 75.0570068359375 74.7963104248047 74.3417205810547 74.2353363037109 73.8368530273438 73.3069076538086 72.881950378418 72.6609573364258 72.3074722290039 71.9911575317383 71.7539596557617 71.4246826171875 70.9052200317383 70.5899200439453 70.2869491577148 69.867057800293
78.4182434082031 78.8579940795898 79.31103515625 80.1754684448242 80.3497924804688 80.6202774047852 81.0251770019531 81.3170166015625 81.6741714477539 81.7366333007812 82.0828399658203 82.084358215332 81.9476318359375 81.7569046020508 81.3670501708984 81.0995864868164 80.8561325073242 80.60546875 80.3621520996094 80.0407180786133 79.7633895874023 79.5437927246094 79.1134262084961 78.8730545043945 78.7862014770508 78.1880264282227 77.5155258178711 77.108154296875 76.8323745727539 76.5888900756836 76.2340393066406 75.8957443237305 75.6870422363281 75.1449127197266 74.9670181274414 74.7843856811523 74.5886077880859 73.8287200927734 73.2889556884766 72.9034271240234 72.8466644287109 72.3340682983398 72.0276870727539 71.8046035766602 71.4427108764648 70.9329376220703 -3.4e+38 -3.4e+38 69.9365386962891
78.5842666625977 79.060920715332 79.400032043457 80.1494674682617 80.2609405517578 80.6320495605469 80.9377288818359 81.3031005859375 81.5512847900391 81.6389236450195 81.9277114868164 81.8745880126953 81.8028335571289 81.6037750244141 81.435302734375 81.2614135742188 80.8962936401367 80.6487731933594 80.4118423461914 80.1076202392578 79.9450073242188 79.5607376098633 79.3178939819336 78.9197235107422 78.7332305908203 78.1030960083008 77.5924682617188 77.1116409301758 76.9141387939453 76.6788558959961 76.1613388061523 75.7204971313477 75.5811080932617 75.3641357421875 75.3152542114258 75.1333847045898 74.687255859375 73.8719787597656 73.4510879516602 73.0812149047852 72.7762832641602 72.448127746582 72.2604827880859 71.9496688842773 71.5564346313477 71.2543029785156 71.0236282348633 -3.4e+38 -3.4e+38
78.737922668457 79.2455749511719 79.4944076538086 80.0384216308594 80.2236557006836 80.5886001586914 80.8947525024414 81.1376495361328 81.3254547119141 81.6244812011719 81.8138656616211 81.813591003418 81.7301330566406 81.5542984008789 81.398681640625 81.2642135620117 80.9624176025391 80.732177734375 80.3986663818359 80.0943069458008 79.9895629882812 79.6073226928711 79.387321472168 79.0902481079102 78.6601791381836 78.1016311645508 77.6366271972656 77.3484115600586 76.9759979248047 76.7308731079102 76.3671188354492 76.0304489135742 75.779655456543 75.583869934082 75.5728912353516 75.3786239624023 74.9474105834961 73.9353408813477 73.6221618652344 73.2637405395508 72.7165145874023 72.5371704101562 72.4747467041016 72.0082550048828 71.5711975097656 71.2821502685547 -3.4e+38 70.5216903686523 -3.4e+38
78.800910949707 79.234504699707 79.4300231933594 79.9828872680664 80.1421661376953 80.4234313964844 80.8451919555664 81.0577087402344 81.2779541015625 81.5115280151367 81.5985412597656 81.572509765625 81.5368423461914 81.526985168457 81.20361328125 81.0487747192383 80.9898071289062 80.6963882446289 80.3678894042969 80.2156753540039 79.9915466308594 79.6786727905273 79.4972534179688 79.1664505004883 78.7524261474609 78.2342834472656 77.7947311401367 77.411750793457 76.9999542236328 76.8540420532227 76.6209335327148 76.2983703613281 75.9756317138672 75.8202896118164 75.6589736938477 75.2955780029297 74.8675155639648 74.1371154785156 73.7795486450195 73.2578353881836 72.7621917724609 72.5947647094727 72.5423431396484 72.1614074707031 71.6902770996094 71.1485061645508 70.8056488037109 70.6513900756836 70.0717010498047
78.6347045898438 79.0357666015625 -3.4e+38 -3.4e+38 80.1641998291016 80.4163589477539 80.6438598632812 80.9918975830078 81.1407241821289 81.3379211425781 81.3414154052734 81.4115905761719 81.2489547729492 81.2626113891602 81.1361846923828 81.0808639526367 80.8268356323242 80.6263122558594 80.5400772094727 80.2442398071289 79.8564453125 79.6630554199219 79.3688430786133 79.0108947753906 78.7191390991211 78.6012878417969 77.7289657592773 77.5378952026367 77.3509902954102 77.1142959594727 76.7081680297852 76.6249771118164 76.4292678833008 75.9821853637695 75.4487762451172 75.2433929443359 74.7026596069336 74.2513656616211 73.9068984985352 73.5028305053711 72.9955673217773 72.9485549926758 72.6591491699219 72.0468826293945 71.8000183105469 71.4571762084961 71.2261352539062 71.0545272827148 70.067626953125
78.8354339599609 -3.4e+38 -3.4e+38 80.0157699584961 80.3585052490234 80.5385665893555 80.5499420166016 80.8070449829102 80.9559936523438 81.0611953735352 81.2057418823242 81.2259063720703 81.1252059936523 81.2720108032227 81.0572738647461 80.9404449462891 80.7659454345703 80.5744018554688 80.520622253418 80.2264099121094 80.0144195556641 79.8611373901367 79.4774475097656 79.0981369018555 78.8533325195312 78.5161743164062 77.8933792114258 77.5165023803711 77.487548828125 77.1777114868164 76.9076843261719 76.7401580810547 76.3851089477539 75.8859710693359 75.37060546875 75.1785354614258 74.9746475219727 74.2596588134766 73.9137802124023 73.6038284301758 73.2223205566406 73.0294570922852 72.5358963012695 72.1209869384766 71.8423309326172 71.5440368652344 71.3425369262695 71.0585479736328 70.1406097412109
78.8524017333984 -3.4e+38 79.4296035766602 80.0787734985352 80.5009002685547 80.5289993286133 80.4875793457031 80.7835464477539 80.8759002685547 81.0916290283203 81.1329956054688 81.0658950805664 81.1923751831055 81.3194122314453 80.9806213378906 80.9235687255859 80.7164535522461 80.4694671630859 80.3285598754883 80.1787261962891 80.0252227783203 79.8921279907227 79.527702331543 79.1733245849609 78.8805389404297 78.563720703125 78.1217498779297 77.5595245361328 77.5912628173828 77.2497482299805 77.0312728881836 76.6695175170898 76.267936706543 75.8075561523438 75.4462051391602 75.2875289916992 75.1214599609375 74.2506637573242 74.0426330566406 73.704719543457 73.4402313232422 73.0588073730469 72.5485305786133 72.2361145019531 71.924690246582 71.6423568725586 71.391716003418 71.1611175537109 70.2572250366211
78.9101028442383 -3.4e+38 79.4283981323242 80.1141586303711 80.4055099487305 80.4711608886719 80.6256866455078 80.7474822998047 80.9369583129883 81.0407867431641 80.9312286376953 80.9805297851562 81.1268081665039 81.2170562744141 80.8710861206055 80.8308944702148 80.6857452392578 80.4274520874023 80.305908203125 80.1951675415039 80.0489044189453 79.8172225952148 79.5511856079102 79.2473220825195 78.9016189575195 78.5879898071289 78.0815124511719 77.7758255004883 77.6191787719727 77.3773193359375 77.0792007446289 76.697509765625 76.3002777099609 75.9150161743164 75.6216659545898 75.3745422363281 75.1773834228516 74.4813766479492 74.1995010375977 73.762336730957 73.5182418823242 73.2024078369141 72.8400573730469 72.4466857910156 72.0166702270508 71.766471862793 71.4447326660156 71.3199996948242 70.4828948974609
78.9249420166016 79.0946731567383 79.4374465942383 80.088493347168 80.286979675293 80.3230209350586 80.6134643554688 80.7196960449219 80.8155517578125 80.9440612792969 80.8316497802734 80.9572219848633 80.9299392700195 80.892707824707 80.7318496704102 80.6674575805664 80.6693572998047 80.4938659667969 80.2876205444336 80.1879043579102 79.9936752319336 79.7948760986328 79.5921249389648 79.2488403320312 78.9585571289062 78.7098693847656 78.0894775390625 78.0149612426758 77.7446060180664 77.4732666015625 77.0048522949219 76.7500152587891 76.4297943115234 76.0216064453125 75.707633972168 75.4476089477539 75.3119964599609 74.5316848754883 74.2741165161133 73.7923812866211 73.5312728881836 73.3080520629883 73.0908203125 72.5864791870117 72.1651458740234 71.9509658813477 71.5297927856445 71.3507766723633 70.5905609130859
79.1250076293945 79.1016311645508 79.4352111816406 79.9972152709961 80.1257019042969 80.2171401977539 80.4370193481445 80.5977478027344 80.6569747924805 80.8602600097656 80.7800140380859 80.861442565918 80.8050842285156 80.7097930908203 80.5820388793945 80.5741729736328 80.6056442260742 80.3165130615234 80.2300109863281 80.1201324462891 79.8402786254883 79.6830062866211 79.5402984619141 79.2060775756836 78.8999328613281 78.7405014038086 78.1905364990234 78.0376663208008 77.7521133422852 77.4427795410156 76.9097518920898 76.6849136352539 76.4259719848633 76.0654373168945 75.7897109985352 75.6401138305664 75.2402572631836 74.5477523803711 74.2952499389648 74.0222778320312 73.7256546020508 73.4546051025391 73.0901718139648 72.5648193359375 72.1980056762695 72.0223541259766 71.671142578125 71.3578720092773 70.7387847900391
