rcp8.5models/MPI_ESM_LR/sc1gr7.12
NCOLS 261 
NROWS 433 
XLLCORNER 336357.134 
YLLCORNER 654653.479 
CELLSIZE 1000 
NODATA_value -3.4e+38 
[rows 154 to 175 of 433, columns 49 to 97 of 261]
97.4635543823242 97.1700897216797 97.0389099121094 96.6734466552734 96.5894241333008 96.747184753418 96.2340316772461 95.5276260375977 95.2036056518555 95.1241836547852 95.2044296264648 95.1314926147461 94.9599227905273 94.5653457641602 94.2970199584961 94.1119766235352 93.7685470581055 93.7126235961914 93.1705169677734 93.0117721557617 93.1254730224609 92.8759765625 92.3850555419922 92.1100006103516 91.9395751953125 91.5354156494141 91.3961715698242 91.2018280029297 90.9841690063477 90.6097793579102 90.3138046264648 90.2032089233398 89.9424743652344 89.6735992431641 89.4502792358398 89.3183975219727 89.1893081665039 88.8959884643555 88.7259140014648 88.534782409668 88.2966384887695 87.8858261108398 87.7382888793945 87.6341705322266 87.1570739746094 86.9774322509766 86.7884216308594 86.4987258911133 86.3422088623047
97.7041015625 97.1478805541992 97.0358428955078 96.8002471923828 96.8584671020508 96.6750030517578 96.3347854614258 95.6276931762695 95.3379287719727 95.5390472412109 95.4432373046875 95.2698974609375 94.8493041992188 94.7343521118164 94.498291015625 94.2466049194336 93.8964385986328 93.8781585693359 93.3380126953125 93.1520462036133 93.0784912109375 92.93359375 92.5276794433594 92.3425827026367 91.9759826660156 91.6403732299805 91.5499725341797 91.3464813232422 91.0267486572266 90.8180236816406 90.6957550048828 90.3638153076172 90.2453308105469 89.924674987793 89.7418518066406 89.5227279663086 89.527214050293 89.1609115600586 89.0627746582031 88.9861602783203 88.6855316162109 88.2233047485352 88.0096664428711 87.9081039428711 87.6000061035156 87.4725036621094 87.2116928100586 86.8645095825195 86.6730575561523
97.6263122558594 97.2700881958008 97.3345260620117 97.1073608398438 97.0482482910156 96.6959075927734 96.3317108154297 95.7496490478516 95.5733261108398 95.7026977539062 95.5003662109375 95.078742980957 94.8723297119141 94.6851425170898 94.6059875488281 94.3515167236328 94.0709991455078 93.9284439086914 93.4615173339844 93.3266296386719 93.1578826904297 92.8936309814453 92.6286544799805 92.6165771484375 92.1362686157227 92.0031585693359 91.6790313720703 91.5246353149414 -3.4e+38 91.0659408569336 91.0009231567383 90.5480270385742 90.5118103027344 90.2156677246094 90.1255798339844 89.7467651367188 89.8012847900391 89.5172576904297 89.2734832763672 89.1328659057617 88.8805618286133 88.4612274169922 88.420036315918 88.2364273071289 87.8779449462891 87.7502288818359 87.5244979858398 87.3036041259766 87.0153045654297
97.4823455810547 97.4066619873047 97.4092102050781 97.1086578369141 96.9158554077148 96.5421371459961 96.3070602416992 95.9776916503906 95.6553192138672 95.6329956054688 95.5250473022461 95.0000915527344 94.9253540039062 94.7569351196289 94.6392211914062 94.6149520874023 94.2281494140625 94.0464630126953 93.6520233154297 93.4481506347656 93.2346725463867 92.9453811645508 92.8097839355469 92.7841644287109 92.3615341186523 92.3028793334961 91.8640975952148 91.711799621582 91.7710647583008 91.3743667602539 91.1214370727539 90.8413009643555 90.8102188110352 90.5593109130859 90.4293823242188 90.0925598144531 89.8953399658203 89.7048034667969 89.488639831543 89.1818161010742 89.1342391967773 88.7572479248047 88.5648727416992 88.4279327392578 88.1428146362305 87.966667175293 87.6575927734375 87.5679626464844 87.2838516235352
97.4714126586914 97.447868347168 97.4929504394531 97.1634292602539 96.7484893798828 96.571533203125 96.3378677368164 96.1191329956055 95.7464599609375 95.4658508300781 95.3483352661133 95.1945343017578 95.100212097168 95.1338882446289 94.8915710449219 94.7668838500977 94.4122161865234 94.1972808837891 93.8148498535156 93.4753723144531 93.2134246826172 93.0975875854492 93.1926956176758 92.9912719726562 92.5934753417969 92.51220703125 92.0808334350586 91.9741668701172 91.9324111938477 91.6059722900391 91.220703125 91.1591033935547 90.9819564819336 90.8187026977539 90.6240921020508 90.3583450317383 90.1622009277344 89.8803558349609 89.7829818725586 89.5040130615234 89.4823150634766 89.0633926391602 88.8895111083984 88.7339096069336 88.6217651367188 88.3886871337891 88.0300369262695 87.8427658081055 87.6832275390625
97.4890060424805 97.5409774780273 97.6031723022461 97.2422866821289 97.0563201904297 96.7479400634766 96.4377517700195 96.12109375 95.7892913818359 95.6164093017578 95.4040145874023 95.2224960327148 95.2106323242188 95.1982574462891 95.1032257080078 94.6549987792969 94.486083984375 94.4237670898438 93.9639129638672 93.6293792724609 93.3174591064453 93.3489074707031 93.4255523681641 93.0933532714844 92.6099853515625 92.6852874755859 92.2322387695312 92.1776351928711 92.0419082641602 91.6522827148438 91.3138046264648 91.2775955200195 91.1405410766602 91.056396484375 90.8887634277344 90.5853500366211 90.4983367919922 90.2052917480469 90.1389236450195 90.0280685424805 89.7235260009766 89.484504699707 89.253288269043 89.1127548217773 88.8838958740234 88.6461029052734 88.3542175292969 88.2437896728516 88.1087493896484
97.454475402832 97.5880432128906 97.5342559814453 97.1813354492188 96.9166946411133 96.9028091430664 96.6098480224609 96.2457733154297 96.016716003418 95.7327346801758 95.5585098266602 95.3373718261719 95.2927551269531 95.2471618652344 94.8991928100586 94.6781616210938 94.6134338378906 94.3697509765625 -3.4e+38 93.8006439208984 93.4143829345703 93.4247055053711 93.5564651489258 93.281623840332 92.926383972168 92.7791061401367 92.3926620483398 92.3664932250977 92.0748596191406 91.8721771240234 91.6214599609375 91.515625 91.5333099365234 91.2886505126953 91.1266174316406 90.7983932495117 90.8355407714844 90.7220458984375 90.4494857788086 90.3745422363281 90.1441802978516 89.8332748413086 89.6487884521484 89.3863525390625 89.241813659668 89.0205230712891 88.7597961425781 88.7173690795898 88.3285064697266
97.5777206420898 97.4735260009766 97.6983184814453 97.4806518554688 97.2477951049805 97.2627944946289 97.0056228637695 96.2555236816406 96.0965194702148 95.94677734375 95.9080429077148 95.7831420898438 95.4883117675781 95.1896514892578 95.2028503417969 94.8647766113281 94.802848815918 94.8741912841797 94.4688186645508 93.990234375 93.8893356323242 93.9179611206055 93.7561492919922 93.5239486694336 93.4703826904297 93.2467727661133 92.9061737060547 92.8314819335938 92.4229278564453 92.24609375 92.2144470214844 91.8976821899414 91.811279296875 91.7209167480469 91.7520065307617 91.5486526489258 91.5172653198242 91.2460250854492 91.1715698242188 91.0473403930664 90.7996063232422 90.5324325561523 90.4201812744141 90.1242752075195 89.9878768920898 89.8595123291016 89.7976608276367 89.5930480957031 89.217399597168
97.5888519287109 97.6710205078125 97.972038269043 97.7225341796875 97.2741851806641 97.2242584228516 96.9788665771484 96.3981475830078 96.1650543212891 96.1535873413086 96.1450271606445 96.0302810668945 95.6405868530273 95.3181304931641 95.1759567260742 95.0067443847656 94.8965454101562 94.9423904418945 94.5612182617188 94.1730422973633 93.9771041870117 94.1624526977539 93.8309173583984 93.560432434082 93.5835342407227 93.4012603759766 93.0167694091797 93.0068664550781 92.636100769043 92.5254440307617 92.2994079589844 92.0637817382812 92.0060043334961 91.9677276611328 91.9474716186523 91.9018707275391 91.7910461425781 91.427360534668 91.4898300170898 91.4930572509766 91.26904296875 90.9182662963867 90.8354263305664 90.4212112426758 90.3270797729492 90.3603363037109 90.1661224365234 89.9256820678711 89.5955352783203
97.8399658203125 97.9814147949219 97.9090423583984 97.7083740234375 97.4168930053711 97.4184646606445 97.2743148803711 96.5641479492188 96.5791168212891 96.379150390625 96.3182601928711 96.2062606811523 95.8808135986328 95.5523910522461 95.3800582885742 95.3757400512695 95.2090606689453 95.0436401367188 94.640625 94.2596588134766 94.1551132202148 94.28173828125 93.9158172607422 93.7715148925781 93.7865600585938 93.4835662841797 93.1710739135742 93.1744232177734 92.9085006713867 92.7606811523438 92.4792709350586 92.4813919067383 92.2776260375977 92.2808456420898 92.196174621582 92.1143493652344 91.9936752319336 91.8098678588867 91.5996932983398 91.7707748413086 91.6783676147461 91.2446517944336 91.0786743164062 90.852653503418 90.8354263305664 90.87353515625 90.5416412353516 90.3315048217773 90.0318222045898
98.2111206054688 98.0676040649414 97.9449081420898 97.830322265625 97.6957321166992 97.5009384155273 97.0715026855469 96.7326889038086 96.8742523193359 96.5836944580078 96.5910491943359 96.3539886474609 96.1039886474609 95.6570587158203 95.4971160888672 95.4262847900391 95.5194473266602 95.140739440918 94.806022644043 94.4670944213867 94.3385925292969 94.3693542480469 94.0359878540039 93.9805450439453 93.9286575317383 93.5715637207031 93.4435424804688 93.4131622314453 93.1678695678711 92.7838134765625 92.8007049560547 92.8092269897461 92.5079650878906 92.6401138305664 92.4552536010742 92.2558441162109 92.2481918334961 91.9897766113281 91.7695388793945 91.9238891601562 91.8573150634766 91.6688613891602 91.4747848510742 91.1713562011719 91.1837997436523 91.1189422607422 91.0547637939453 90.8567047119141 90.4054107666016
98.3952407836914 98.2553558349609 98.0584869384766 97.9796295166016 97.6182403564453 97.2530059814453 97.0213928222656 96.8166046142578 96.8508071899414 96.7046203613281 96.7294692993164 96.4389114379883 96.2497177124023 95.8442993164062 95.6096038818359 95.4188690185547 95.4419860839844 95.1333160400391 94.8812103271484 94.5556945800781 94.5253067016602 94.3632354736328 94.1195907592773 93.9623031616211 94.1282272338867 93.8421936035156 93.6868362426758 93.7548904418945 93.3736953735352 93.1277236938477 93.0176773071289 93.0593719482422 92.7714004516602 92.8680267333984 92.6833953857422 92.500732421875 92.5152282714844 92.2466888427734 92.0554504394531 92.0613861083984 92.0558700561523 91.984748840332 91.9035568237305 91.6598358154297 91.4726028442383 91.4007110595703 91.4128036499023 91.2974472045898 90.8428497314453
98.5287551879883 98.199592590332 98.0331726074219 98.1209335327148 97.6774444580078 97.2641372680664 97.1598587036133 96.9804840087891 96.882942199707 96.8506088256836 96.8430023193359 96.5397720336914 96.3570556640625 95.9980850219727 95.7737045288086 95.7636337280273 95.5809326171875 95.3620986938477 94.8872604370117 94.6848983764648 94.7878875732422 94.4811019897461 94.2535934448242 94.1168670654297 94.2433013916016 93.9840469360352 93.9145278930664 -3.4e+38 93.472038269043 93.2334747314453 93.2221832275391 93.4098129272461 93.1877059936523 93.1142349243164 92.9017562866211 92.8599624633789 92.8213043212891 92.646842956543 92.3921737670898 92.2444763183594 92.3129501342773 92.2939605712891 92.215461730957 91.9363708496094 91.8644714355469 91.8443756103516 91.6430892944336 91.4877700805664 91.2780380249023
98.4806671142578 98.3316802978516 98.3166122436523 98.0841064453125 97.7462310791016 97.4336624145508 97.4075775146484 97.1940002441406 97.2581329345703 97.0437850952148 96.9856414794922 96.7713470458984 96.5781478881836 96.2023849487305 96.0461349487305 96.0538635253906 95.7938690185547 95.4183578491211 95.1056365966797 94.9211578369141 94.8765106201172 94.660514831543 94.5383682250977 94.3929672241211 94.4297180175781 94.176887512207 94.0359268188477 94.0875549316406 93.737174987793 93.3498840332031 93.3377380371094 93.4046249389648 93.3538208007812 93.3617248535156 93.1982574462891 93.1697158813477 93.1711959838867 93.0349197387695 92.835334777832 92.5467147827148 92.5907135009766 92.5953903198242 92.374267578125 92.2172317504883 92.1853942871094 92.0409469604492 92.0418167114258 91.8691635131836 91.6040725708008
98.657585144043 98.7209625244141 98.4085845947266 98.0937576293945 97.8830337524414 97.4478302001953 97.4266891479492 97.5184020996094 97.5111083984375 97.1670074462891 97.0707702636719 96.8852233886719 96.7173614501953 96.3474273681641 96.1130523681641 96.0786819458008 95.770133972168 95.5056686401367 95.3418273925781 95.2282562255859 95.11181640625 94.9598999023438 94.8887481689453 94.7001342773438 94.6118011474609 94.4288482666016 94.2025299072266 94.1428833007812 94.0067749023438 93.6115036010742 93.660774230957 93.4714202880859 93.4917526245117 93.4541473388672 93.5035018920898 93.4468078613281 93.4955749511719 93.1671676635742 93.0791778564453 92.9402923583984 92.9526290893555 92.9034576416016 92.6329116821289 92.5549621582031 92.6132354736328 92.4485321044922 92.3201446533203 92.1102142333984 91.6866683959961
98.9066696166992 98.7723693847656 98.4500885009766 98.2254180908203 98.0707092285156 97.6959686279297 97.6082534790039 97.6389923095703 97.6418991088867 97.3358917236328 97.183235168457 96.9024505615234 96.5557479858398 96.4311981201172 96.2428207397461 96.0971527099609 95.9948806762695 95.7838668823242 95.5248413085938 95.3756942749023 -3.4e+38 95.0318908691406 94.9327926635742 94.8985824584961 94.697509765625 94.4281463623047 94.4916076660156 94.1665725708008 94.2594680786133 93.8825759887695 94.033447265625 93.7507400512695 93.7579040527344 93.6238403320312 93.7445068359375 93.5896911621094 93.6241455078125 93.3644714355469 93.4123611450195 93.3459701538086 93.4025115966797 93.1023254394531 92.9672393798828 92.7884979248047 92.7887725830078 92.8451156616211 92.611328125 92.351806640625 91.9683456420898
99.0723114013672 98.7625732421875 98.5126113891602 98.3827209472656 98.2773132324219 98.0306167602539 97.8596038818359 97.9243850708008 97.8220367431641 97.539436340332 97.3784561157227 97.0791854858398 96.640998840332 96.6269912719727 96.6235046386719 96.3614807128906 96.2802810668945 96.1112365722656 95.7776641845703 95.7370681762695 95.4892501831055 95.2200775146484 94.9746170043945 95.077392578125 94.9227600097656 94.6024856567383 94.7042236328125 94.2644119262695 94.4389190673828 94.0789108276367 94.3371963500977 94.1011657714844 94.096923828125 93.9296646118164 93.9286727905273 93.8757400512695 93.8803024291992 93.6148452758789 93.7012100219727 93.6861343383789 93.6930694580078 93.3285522460938 93.3291625976562 93.1405334472656 92.9997329711914 93.0555648803711 92.7992630004883 92.6199188232422 92.3003692626953
99.0453720092773 98.9258270263672 98.7218475341797 98.4651336669922 98.4664154052734 98.2228088378906 97.9939880371094 98.1681823730469 97.856315612793 97.560905456543 97.4252624511719 97.1797790527344 96.7436828613281 96.6602935791016 96.6475143432617 96.6276702880859 96.548210144043 96.2178649902344 96.080207824707 95.9646301269531 -3.4e+38 95.5814743041992 95.2856216430664 95.2351531982422 95.2165298461914 94.8402404785156 94.6868286132812 94.6048736572266 94.5980911254883 94.3563690185547 94.4228439331055 94.5087280273438 94.4444885253906 94.1496810913086 94.1139755249023 94.185905456543 94.1816940307617 93.9048385620117 93.967643737793 93.8704681396484 93.9121170043945 93.6353454589844 93.5265502929688 93.4272613525391 93.3001098632812 93.1954040527344 93.0420684814453 92.8458938598633 92.5590591430664
98.9461135864258 98.6855850219727 98.6217727661133 98.5168151855469 98.5707931518555 98.3498306274414 98.2019348144531 98.1274795532227 97.8504791259766 97.620491027832 97.5069427490234 97.3402709960938 97.0138931274414 96.8648529052734 96.9705657958984 96.9157562255859 96.7566604614258 96.4601440429688 96.2155914306641 96.1689605712891 96.0841979980469 95.8219757080078 95.5080413818359 95.3960266113281 95.3805465698242 95.1536407470703 94.8771286010742 94.8810653686523 94.8370208740234 94.6529006958008 94.5152282714844 94.5880813598633 94.6513671875 94.5432052612305 -3.4e+38 94.4275131225586 94.3409805297852 94.1739501953125 94.2972946166992 94.181640625 94.0199508666992 93.9367218017578 93.6963272094727 93.6598510742188 93.6418380737305 93.4887847900391 93.4083938598633 93.1753616333008 92.8553695678711
98.8633575439453 99.0092849731445 98.9598388671875 98.9334030151367 98.4826049804688 98.4230270385742 98.3647537231445 98.0756225585938 98.0051879882812 97.9945831298828 97.9173278808594 97.7086944580078 97.3746871948242 97.4775161743164 97.4122543334961 97.2453460693359 97.0573501586914 97.0914993286133 96.6137924194336 96.5206069946289 96.3589859008789 96.0582275390625 95.802978515625 95.6594696044922 95.5210418701172 95.4781646728516 95.4494094848633 95.1701965332031 95.2538070678711 95.2139739990234 95.182258605957 94.9802017211914 95.0505905151367 94.9049606323242 94.8590393066406 94.8189315795898 94.787727355957 94.8815383911133 94.8936462402344 -3.4e+38 94.6339492797852 94.3415756225586 94.389892578125 94.2986145019531 94.0029525756836 93.9208984375 93.8323287963867 93.7274856567383 93.5352020263672
99.1723175048828 99.2214660644531 99.1459579467773 99.0396423339844 98.7606964111328 98.5702285766602 98.5594635009766 98.1712875366211 98.1694030761719 98.0744476318359 97.9880142211914 97.7640228271484 97.7275009155273 97.6385803222656 97.5945281982422 97.4528427124023 97.1977233886719 97.2478179931641 96.9412384033203 96.7885665893555 96.5925903320312 96.3608703613281 96.0811538696289 95.9385070800781 95.7038650512695 95.8770980834961 95.8254470825195 95.4950180053711 95.6028747558594 95.450325012207 95.4008712768555 95.331428527832 95.3586349487305 95.3113021850586 95.1989440917969 95.220947265625 95.1499710083008 95.1753921508789 95.1908950805664 95.0171127319336 94.9563980102539 94.6410598754883 94.6938171386719 94.5688400268555 94.442741394043 94.2245254516602 94.1222915649414 93.9725799560547 93.7248764038086
99.2979965209961 99.1879730224609 99.1998138427734 99.1343688964844 98.9706573486328 98.6611251831055 98.5942306518555 98.273307800293 98.3016662597656 98.1989974975586 98.1557083129883 98.0450897216797 98.0128173828125 97.9468154907227 97.7934417724609 97.5704040527344 97.4439926147461 97.4287872314453 97.0502243041992 96.9416351318359 96.7579498291016 96.4741134643555 96.3652114868164 96.3127822875977 96.2477798461914 96.2352905273438 96.0879135131836 95.8018417358398 95.9623565673828 95.69775390625 95.5824508666992 95.6251831054688 95.5940322875977 95.5285491943359 95.5189590454102 95.4966430664062 95.482421875 95.3525543212891 95.3461761474609 95.3701171875 95.2259368896484 95.0837860107422 94.9711990356445 94.7260437011719 94.6943664550781 94.5224456787109 94.4152908325195 94.2771148681641 93.9550628662109
