rcp8.5models/MPI_ESM_LR/sc1gr8.34
NCOLS 261 
NROWS 433 
XLLCORNER 336357.134 
YLLCORNER 654653.479 
CELLSIZE 1000 
NODATA_value -9999 
[rows 374 to 395 of 433, columns 50 to 99 of 261]
-9999 -9999 364.514404296875 364.673950195312 364.622009277344 365.126220703125 366.414489746094 367.804718017578 368.037170410156 368.179504394531 368.804229736328 368.634063720703 367.400909423828 370.352569580078 370.911956787109 374.414581298828 377.994964599609 376.287536621094 390.307647705078 394.782775878906 384.823913574219 378.136138916016 381.852935791016 378.133209228516 369.7255859375 365.516876220703 364.347290039062 376.848205566406 402.571685791016 404.246063232422 385.411865234375 364.876403808594 358.050231933594 356.753509521484 359.614624023438 364.403411865234 367.284912109375 363.468627929688 359.552673339844 364.606597900391 361.971618652344 357.437896728516 348.926391601562 327.125366210938 320.063873291016 311.911926269531 301.325317382812 307.527069091797 314.126068115234 312.162414550781
-9999 -9999 363.345275878906 363.339935302734 363.386657714844 363.830535888672 364.49853515625 365.369903564453 365.077087402344 365.484283447266 366.722442626953 365.599548339844 365.341400146484 368.239685058594 368.253082275391 368.923736572266 376.521301269531 371.641632080078 382.837341308594 384.08544921875 376.383422851562 383.167388916016 389.994720458984 378.68310546875 368.321136474609 363.855804443359 362.470611572266 364.205963134766 402.953186035156 396.885131835938 385.431457519531 370.578460693359 358.744903564453 354.267333984375 357.073669433594 361.350830078125 370.309722900391 368.351379394531 361.293609619141 363.882690429688 360.195343017578 351.615600585938 345.144714355469 324.261566162109 306.3369140625 311.624206542969 309.639251708984 306.592987060547 311.949340820312 312.177276611328
-9999 -9999 361.772125244141 361.982147216797 362.28369140625 362.592681884766 362.433532714844 362.870788574219 362.609008789062 363.718719482422 363.774230957031 363.313049316406 364.735290527344 368.115173339844 372.379333496094 374.953521728516 379.067565917969 387.245056152344 378.962677001953 382.086883544922 380.533172607422 387.844177246094 394.003204345703 376.386657714844 366.885345458984 363.914428710938 360.415283203125 359.983184814453 389.141967773438 389.270172119141 384.580902099609 370.989562988281 356.608184814453 356.420379638672 359.776763916016 358.839477539062 364.184875488281 365.713745117188 361.417083740234 361.059051513672 358.940979003906 339.952362060547 334.564636230469 330.860229492188 308.373168945312 302.519378662109 310.746551513672 310.433471679688 305.420471191406 299.184814453125
-9999 -9999 -9999 361.489227294922 361.695159912109 361.749847412109 360.653625488281 360.741516113281 360.61376953125 362.829895019531 362.404083251953 361.558227539062 363.490631103516 366.024627685547 374.929168701172 377.656890869141 379.957763671875 385.862915039062 383.990234375 387.714538574219 383.327178955078 386.763702392578 394.842926025391 382.069763183594 367.954833984375 362.798767089844 358.867126464844 358.192596435547 365.350982666016 369.205657958984 370.129974365234 363.614349365234 356.383026123047 358.928375244141 357.12939453125 355.348052978516 358.305694580078 362.857788085938 360.444030761719 356.626953125 357.148956298828 346.390869140625 339.466125488281 334.303405761719 318.555053710938 296.166442871094 294.532684326172 302.649444580078 296.873077392578 286.352111816406
-9999 -9999 -9999 359.671417236328 360.282379150391 360.105224609375 -9999 359.340148925781 -9999 -9999 360.345123291016 360.217254638672 361.701751708984 362.724517822266 367.123291015625 370.902252197266 372.291961669922 370.412872314453 387.418395996094 395.989440917969 383.399322509766 374.941619873047 385.019744873047 380.570983886719 366.064575195312 360.793090820312 357.537445068359 355.742767333984 353.976348876953 352.147094726562 362.649841308594 362.097351074219 355.350555419922 355.824432373047 355.534088134766 353.396240234375 355.270446777344 361.463470458984 363.952819824219 358.086639404297 353.503448486328 351.549499511719 348.001098632812 328.678771972656 318.699920654297 308.347686767578 287.698944091797 295.145782470703 301.450805664062 287.622528076172
-9999 -9999 -9999 357.496246337891 358.099548339844 -9999 358.085296630859 357.788269042969 358.433380126953 358.283233642578 358.090240478516 358.908813476562 359.740051269531 360.578491210938 360.379241943359 362.321960449219 365.997344970703 365.174102783203 381.702087402344 390.812652587891 387.11572265625 374.270477294922 369.293762207031 370.791381835938 364.846374511719 358.999481201172 355.209045410156 353.258941650391 352.606506347656 353.106567382812 365.782836914062 374.469451904297 365.205322265625 357.635864257812 355.062713623047 350.981475830078 350.814422607422 355.474914550781 361.037811279297 357.888946533203 352.730865478516 351.093353271484 345.329162597656 332.541168212891 329.620208740234 330.669860839844 309.777496337891 293.586364746094 292.902465820312 290.336547851562
-9999 -9999 -9999 -9999 356.304504394531 355.960906982422 -9999 357.597686767578 358.136138916016 357.511016845703 357.090637207031 357.530487060547 357.657409667969 358.059661865234 357.713043212891 357.409790039062 360.846954345703 369.185241699219 374.68994140625 384.041687011719 392.970886230469 386.628936767578 369.15673828125 361.66796875 358.702270507812 355.611389160156 352.844482421875 351.635711669922 351.793701171875 356.100708007812 362.842956542969 377.635986328125 377.060485839844 363.713287353516 360.234313964844 355.049438476562 349.556121826172 349.551483154297 352.533142089844 354.755310058594 345.85400390625 351.208679199219 347.767974853516 342.560424804688 336.349975585938 329.156402587891 324.945129394531 310.119934082031 296.552490234375 291.693878173828
-9999 -9999 -9999 -9999 355.661926269531 355.279052734375 355.675903320312 356.121124267578 356.566375732422 356.994323730469 356.520751953125 355.941833496094 356.561981201172 357.169525146484 356.317687988281 355.825988769531 359.661560058594 374.1865234375 381.626159667969 389.149475097656 394.966522216797 389.610687255859 378.933135986328 361.717926025391 354.728210449219 354.72998046875 352.255126953125 350.494812011719 351.777526855469 355.809783935547 361.416839599609 366.365112304688 373.189453125 362.792694091797 363.46728515625 357.025695800781 346.306243896484 343.819641113281 348.391632080078 355.430053710938 345.623321533203 345.076629638672 344.784545898438 339.012481689453 331.220703125 323.792877197266 326.511657714844 326.109954833984 315.422119140625 294.224212646484
-9999 -9999 -9999 -9999 354.058959960938 355.913543701172 355.214508056641 354.348052978516 355.082183837891 356.264190673828 355.205444335938 354.958770751953 355.061676025391 356.00634765625 355.777282714844 355.373107910156 357.205993652344 371.782104492188 382.701324462891 389.812713623047 389.278167724609 381.187194824219 376.571166992188 363.247863769531 354.754760742188 353.156524658203 351.364959716797 349.551177978516 349.255523681641 356.830444335938 363.826202392578 362.893432617188 369.570251464844 359.843139648438 363.178192138672 357.124725341797 343.045257568359 339.557250976562 347.443756103516 355.322052001953 346.919311523438 337.987701416016 335.653747558594 332.196502685547 328.848999023438 325.692810058594 324.512817382812 325.01904296875 322.010040283203 307.371551513672
-9999 -9999 -9999 -9999 -9999 354.220458984375 353.606475830078 352.664916992188 353.846038818359 354.172668457031 352.865356445312 352.58642578125 352.569000244141 353.526062011719 353.3037109375 352.758239746094 352.064727783203 350.976531982422 351.428955078125 351.139404296875 351.032684326172 358.60400390625 363.864837646484 359.596069335938 351.776062011719 347.374786376953 346.531616210938 345.862701416016 344.161682128906 359.276214599609 361.948822021484 358.082336425781 364.704772949219 361.851959228516 362.718872070312 362.678527832031 351.332153320312 339.0712890625 334.331237792969 338.642150878906 340.136993408203 336.346923828125 334.875549316406 338.189849853516 333.396240234375 327.0546875 324.410369873047 319.356719970703 315.281768798828 314.676666259766
-9999 -9999 -9999 -9999 -9999 352.521209716797 352.717346191406 352.136169433594 352.956359863281 351.865539550781 351.687713623047 352.111602783203 352.466278076172 352.839172363281 354.080230712891 352.612365722656 351.709716796875 349.221618652344 350.396423339844 350.163726806641 350.40771484375 351.269073486328 351.775726318359 350.72021484375 348.048004150391 345.727752685547 344.59619140625 344.790679931641 341.855224609375 350.469116210938 353.78955078125 355.088592529297 367.741027832031 366.737945556641 360.729187011719 359.980224609375 353.936950683594 345.934844970703 337.763702392578 332.945678710938 342.061218261719 339.677215576172 330.882354736328 333.787536621094 334.299011230469 330.420501708984 327.176086425781 320.599029541016 315.227722167969 314.777282714844
-9999 -9999 -9999 -9999 -9999 -9999 350.556304931641 350.837890625 351.571166992188 351.106689453125 351.276000976562 351.492279052734 352.255493164062 351.598266601562 352.000274658203 352.347351074219 350.845764160156 347.652191162109 349.082275390625 351.787933349609 353.164520263672 351.112579345703 348.565093994141 354.560577392578 356.672332763672 350.950317382812 345.458282470703 343.517913818359 341.00146484375 346.257537841797 357.823333740234 360.991058349609 368.261535644531 372.188171386719 365.685485839844 365.744018554688 357.706146240234 349.872161865234 343.079345703125 333.782257080078 335.306823730469 339.5419921875 339.465637207031 338.138031005859 335.960968017578 334.45703125 330.159057617188 323.323516845703 316.770233154297 312.643402099609
-9999 -9999 -9999 -9999 -9999 -9999 349.460327148438 349.644989013672 349.300445556641 349.412658691406 350.306335449219 350.207366943359 350.694213867188 350.524963378906 349.853759765625 350.270629882812 349.336151123047 346.388397216797 347.813507080078 350.41650390625 352.869506835938 353.632171630859 349.719604492188 354.541595458984 354.576171875 349.445831298828 345.322906494141 342.043914794922 339.947509765625 342.703155517578 355.705841064453 361.278076171875 358.414978027344 366.112152099609 370.913146972656 372.807647705078 362.959259033203 351.240814208984 344.442687988281 337.3701171875 327.663299560547 334.148590087891 343.027130126953 343.460113525391 338.385009765625 334.723205566406 331.876434326172 325.682861328125 320.220947265625 314.866241455078
-9999 -9999 -9999 -9999 -9999 -9999 348.363800048828 347.772155761719 347.402038574219 347.244140625 348.480987548828 348.163970947266 347.956268310547 348.415924072266 348.032531738281 348.675140380859 348.867156982422 345.204498291016 346.271331787109 347.081451416016 348.756317138672 351.427947998047 351.812957763672 349.0380859375 351.457305908203 355.180114746094 350.134399414062 342.162780761719 338.964202880859 337.924957275391 341.674041748047 349.991882324219 350.902404785156 362.370513916016 371.730224609375 371.891021728516 362.522033691406 349.743011474609 340.148651123047 338.397613525391 330.772705078125 330.789825439453 340.268707275391 343.787109375 341.262176513672 336.254974365234 332.789672851562 325.615905761719 314.528076171875 312.838439941406
-9999 -9999 -9999 -9999 -9999 -9999 346.286682128906 346.345367431641 346.504516601562 345.662963867188 345.473999023438 345.385864257812 345.042510986328 345.832305908203 345.72802734375 346.982025146484 347.735717773438 344.9599609375 344.152008056641 344.655334472656 345.360229492188 345.73046875 354.441192626953 350.728668212891 351.7333984375 358.0576171875 349.511474609375 340.451446533203 341.228149414062 337.212554931641 337.203887939453 349.714477539062 356.653930664062 359.948608398438 366.051422119141 367.791717529297 362.956420898438 345.914794921875 332.951202392578 336.649749755859 338.783813476562 329.787170410156 338.428771972656 344.743591308594 342.266815185547 337.965179443359 333.808685302734 327.629272460938 316.112152099609 314.127746582031
-9999 -9999 -9999 -9999 -9999 -9999 -9999 345.154113769531 344.564392089844 344.332641601562 -9999 343.455291748047 342.999603271484 343.293823242188 343.573913574219 344.861328125 345.860168457031 344.6181640625 342.275604248047 342.266723632812 343.1123046875 342.642822265625 356.624572753906 358.011291503906 352.168090820312 352.622100830078 345.366577148438 338.802459716797 344.705749511719 335.823760986328 340.365447998047 355.607177734375 363.793243408203 360.107238769531 359.871459960938 360.927642822266 359.871459960938 341.684020996094 328.626739501953 335.911285400391 349.556213378906 336.147064208984 331.248168945312 339.533020019531 341.251159667969 337.454711914062 334.039642333984 329.410034179688 324.213165283203 320.269104003906
-9999 -9999 -9999 -9999 -9999 -9999 -9999 343.539916992188 342.860626220703 -9999 342.341735839844 342.638732910156 343.002990722656 342.1689453125 342.006408691406 343.200042724609 344.336242675781 343.256805419922 341.755004882812 340.567779541016 340.729248046875 341.045471191406 349.363311767578 352.695617675781 350.150604248047 346.590270996094 341.452514648438 337.765930175781 340.392913818359 334.002075195312 340.366424560547 351.218414306641 359.618713378906 355.779327392578 355.201293945312 358.786468505859 356.595031738281 338.629943847656 326.462005615234 332.509918212891 348.101593017578 347.431549072266 332.802795410156 333.648773193359 339.559051513672 337.630828857422 334.018310546875 329.68603515625 325.532623291016 321.132202148438
-9999 -9999 -9999 -9999 -9999 -9999 -9999 342.140075683594 341.834747314453 341.641662597656 341.317108154297 341.597595214844 342.418975830078 342.036315917969 341.989715576172 342.641387939453 343.126342773438 342.870269775391 342.636688232422 340.948883056641 339.85205078125 339.192077636719 339.587768554688 345.182098388672 349.210479736328 346.339599609375 343.407440185547 338.259185791016 336.3896484375 333.680999755859 336.313110351562 339.392425537109 348.933959960938 350.912078857422 350.434509277344 355.098907470703 355.269012451172 338.053894042969 325.935302734375 327.853698730469 343.118255615234 350.821685791016 344.074615478516 335.744079589844 337.281097412109 338.435791015625 334.391479492188 329.962005615234 325.144561767578 320.465759277344
-9999 -9999 -9999 -9999 -9999 -9999 -9999 340.37109375 340.2294921875 340.044982910156 339.479522705078 339.925811767578 340.668548583984 341.241912841797 341.235076904297 340.981323242188 341.428009033203 342.011016845703 342.213714599609 340.573333740234 338.736663818359 338.142761230469 337.392883300781 340.453460693359 348.275512695312 348.626678466797 347.500610351562 339.539642333984 337.741607666016 335.319091796875 332.136627197266 330.842498779297 339.449432373047 348.823150634766 349.485870361328 352.994140625 358.5341796875 342.518188476562 326.887817382812 327.601287841797 347.548583984375 349.462158203125 348.036895751953 340.530029296875 333.484649658203 330.008148193359 327.877380371094 327.310363769531 325.504028320312 319.788909912109
-9999 -9999 -9999 -9999 -9999 -9999 -9999 338.539978027344 338.309997558594 338.343200683594 338.891632080078 339.289703369141 339.369934082031 339.615600585938 339.095916748047 339.026794433594 339.687835693359 340.552642822266 340.186706542969 338.807250976562 339.563995361328 339.031616210938 336.652526855469 337.658111572266 343.163665771484 346.539123535156 348.139770507812 342.951538085938 335.682434082031 333.591644287109 330.606689453125 329.032165527344 332.334320068359 337.958312988281 342.222015380859 350.492065429688 355.339599609375 340.020080566406 325.538543701172 334.502075195312 349.375335693359 347.694305419922 341.53564453125 338.728576660156 335.240509033203 326.322021484375 323.697692871094 325.216583251953 325.234985351562 319.916442871094
-9999 -9999 -9999 -9999 -9999 -9999 -9999 336.922912597656 337.106811523438 337.456420898438 338.114593505859 337.909149169922 337.572723388672 337.596557617188 337.797882080078 338.299255371094 338.393493652344 339.071228027344 338.596771240234 338.619903564453 343.543701171875 340.409210205078 335.26708984375 342.632598876953 349.366638183594 348.817626953125 348.298797607422 344.431182861328 332.263793945312 332.726806640625 330.852020263672 330.105834960938 329.575927734375 329.325653076172 330.904510498047 341.921875 352.9736328125 347.861206054688 332.188812255859 337.883819580078 346.449554443359 348.918853759766 341.107238769531 338.800720214844 339.494445800781 330.927490234375 324.818634033203 323.758819580078 322.421447753906 320.487274169922
-9999 -9999 -9999 -9999 -9999 -9999 -9999 334.371459960938 335.165252685547 334.763732910156 333.648956298828 332.776733398438 333.923919677734 335.586364746094 335.352386474609 334.551239013672 334.604858398438 335.762878417969 335.781463623047 335.467010498047 337.153350830078 342.993804931641 342.537628173828 334.843475341797 336.050323486328 342.853302001953 344.159973144531 341.275665283203 332.012542724609 329.614807128906 327.654998779297 326.525421142578 326.959289550781 327.10205078125 326.822357177734 324.578857421875 330.652587890625 349.472717285156 337.124633789062 322.117492675781 343.22998046875 345.199676513672 346.761901855469 344.576599121094 340.582244873047 337.884033203125 334.545684814453 328.441345214844 323.440673828125 320.675231933594
