rcp8.5models/MPI_ESM_LR/sc1gr1.FIL
NCOLS 261 
NROWS 433 
XLLCORNER 336357.134 
YLLCORNER 654653.479 
CELLSIZE 1000 
NODATA_value -3.4e+38 
[rows 198 to 219 of 433, columns 49 to 97 of 261]
61.6954002380371 61.9046249389648 61.9780426025391 62.3309516906738 62.5956420898438 62.6400260925293 62.8289909362793 63.1138038635254 63.0599250793457 63.2759094238281 63.3644981384277 63.3761787414551 63.3941688537598 63.4401893615723 63.6642189025879 63.8236427307129 63.9611473083496 64.151481628418 64.2230834960938 64.2807846069336 64.2759857177734 64.5374984741211 64.589225769043 64.7200317382812 64.8948059082031 64.7973098754883 64.7268905639648 64.5698089599609 65.1617660522461 65.4190292358398 65.3163909912109 65.4897003173828 65.4037475585938 65.3008117675781 65.4050903320312 65.7810897827148 65.7038040161133 65.8279647827148 65.7365036010742 66.1669845581055 66.3133544921875 66.6627807617188 66.6927032470703 66.8028182983398 66.5396194458008 66.7593688964844 66.6122894287109 66.8620147705078 67.3034210205078
61.8708534240723 61.8199234008789 62.3844184875488 62.5607719421387 62.653263092041 62.6482887268066 62.7588768005371 63.1711578369141 63.02490234375 63.4079818725586 63.4724044799805 63.5657424926758 63.6215209960938 63.7453079223633 63.8457908630371 63.9939765930176 64.023323059082 64.117057800293 64.2012634277344 64.3163986206055 64.5344696044922 64.2878952026367 64.1376419067383 64.5070648193359 64.9549331665039 64.9620361328125 64.7004623413086 64.5744705200195 64.9742889404297 65.4223175048828 65.336067199707 65.5571594238281 65.5971145629883 65.5788955688477 65.7495651245117 65.967643737793 65.818244934082 65.7341003417969 65.8538818359375 66.2446823120117 66.0575103759766 66.5257034301758 66.6651840209961 66.8436050415039 66.3619613647461 66.5207138061523 66.6390533447266 67.0650253295898 66.8274536132812
61.9933662414551 62.3551254272461 62.471435546875 62.7430839538574 62.569091796875 62.7620582580566 62.5363006591797 63.3493766784668 63.2908821105957 63.4212875366211 63.4656600952148 63.5475196838379 63.6116485595703 63.7154273986816 63.8677024841309 64.1143188476562 64.0463714599609 63.9355773925781 63.9707298278809 64.4111175537109 64.8140029907227 64.4950180053711 64.1135711669922 64.7630386352539 64.9508285522461 64.7460479736328 64.7584533691406 65.0018081665039 65.0664978027344 65.124626159668 65.3519439697266 65.291633605957 65.5776443481445 65.5550308227539 65.6591567993164 65.8690567016602 65.9603500366211 65.9250183105469 66.1798095703125 66.2439422607422 65.9610977172852 66.4655609130859 66.6957550048828 67.0647964477539 66.4251022338867 66.4943466186523 66.8999633789062 67.0170974731445 66.6461715698242
62.2490653991699 62.6450424194336 62.6503486633301 62.6978149414062 62.6005859375 63.0796432495117 62.7238311767578 62.9167289733887 63.3114013671875 63.2349700927734 63.5076103210449 63.5894470214844 63.5489082336426 63.4005126953125 63.6217994689941 63.6765289306641 64.1161880493164 63.8457908630371 64.1368026733398 64.1254348754883 64.5293273925781 64.4002838134766 64.2812652587891 64.9654235839844 64.9540252685547 64.8960342407227 64.9075317382812 64.9776992797852 65.2499771118164 64.859619140625 65.0105743408203 64.9832000732422 65.3006210327148 65.565803527832 65.6733932495117 65.900016784668 65.9377212524414 66.1631622314453 66.1229019165039 66.1029815673828 65.9866027832031 66.2279586791992 66.6608963012695 67.05078125 66.6685180664062 66.5980453491211 67.0806503295898 67.2055969238281 67.2350463867188
62.5141410827637 62.4316062927246 62.4913864135742 62.4846305847168 62.4564590454102 62.7757530212402 63.2586250305176 62.6374244689941 62.8659820556641 63.2060775756836 63.5115776062012 63.662784576416 63.6457786560059 63.6034889221191 63.600414276123 63.5249404907227 63.9091300964355 63.680248260498 64.1515121459961 64.0652236938477 64.3430328369141 64.3295669555664 64.2259368896484 64.7087860107422 64.6713409423828 64.724006652832 64.7037734985352 64.8314971923828 65.1889877319336 65.0886840820312 65.0912322998047 65.2259521484375 65.4349899291992 65.6745834350586 65.8520126342773 65.9029922485352 65.6959991455078 65.7793807983398 65.7890853881836 66.1861038208008 66.6694412231445 66.3462753295898 66.6336669921875 67.0158004760742 66.8581848144531 66.6915969848633 66.7881164550781 67.2100372314453 67.1176834106445
62.5229072570801 62.6118354797363 62.4013671875 62.4339447021484 62.5824356079102 62.9097709655762 63.3385047912598 63.0405197143555 63.1151542663574 63.1402206420898 63.3227691650391 63.6179847717285 63.5082931518555 63.7622909545898 63.7964057922363 63.7451057434082 63.8490867614746 63.8271293640137 64.0468368530273 63.9948959350586 64.2861785888672 64.6150360107422 64.4037704467773 64.5518264770508 -3.4e+38 64.634162902832 64.6842651367188 64.8984527587891 65.2111892700195 65.1424026489258 65.3142929077148 65.3832931518555 65.4733810424805 65.4284515380859 65.6371307373047 65.8930130004883 -3.4e+38 65.6604309082031 66.3078155517578 66.0490264892578 66.4317398071289 66.601936340332 66.8938217163086 67.0056762695312 66.8915023803711 66.8789520263672 66.8050842285156 67.0362701416016 66.8845672607422
62.6250801086426 62.6618881225586 62.3825187683105 62.437313079834 62.6462516784668 63.0345153808594 63.205150604248 63.1613883972168 63.2617378234863 63.3586845397949 63.2171325683594 63.2868270874023 63.2725028991699 63.8352890014648 63.8338165283203 63.9140968322754 64.0470733642578 64.2052917480469 63.9385757446289 63.993968963623 64.0539779663086 64.2538833618164 64.2601928710938 64.5320739746094 64.5716323852539 64.6762008666992 64.7248840332031 64.8998413085938 65.0333709716797 65.2200088500977 65.2371520996094 65.1956024169922 65.6400299072266 65.7053985595703 65.9520492553711 65.8260955810547 65.6012191772461 65.7924575805664 66.6980895996094 66.5272674560547 66.299674987793 66.8493728637695 66.8470687866211 67.0605163574219 66.9556198120117 66.9796829223633 67.0846099853516 67.036750793457 67.0272674560547
62.4385185241699 62.5170707702637 62.612663269043 62.5184936523438 62.4369812011719 62.5290908813477 63.0296630859375 62.9430732727051 63.4095840454102 63.4755172729492 63.1760597229004 63.2574043273926 63.5307998657227 63.7874603271484 63.7505645751953 63.9034385681152 63.9699516296387 64.4468383789062 64.2074508666992 64.0229415893555 64.0850601196289 64.3563232421875 64.5760269165039 64.7151184082031 64.7091674804688 64.691780090332 64.7569580078125 64.9033660888672 65.1673583984375 65.2693099975586 65.2311325073242 65.1858596801758 65.5962219238281 65.9103698730469 65.9886474609375 65.7966995239258 65.6227340698242 65.8114624023438 66.3268814086914 66.6256484985352 66.6573944091797 67.0687561035156 66.8460235595703 66.8853607177734 67.0898361206055 67.1224899291992 67.134391784668 67.0459594726562 67.103645324707
-3.4e+38 62.4803771972656 62.8044700622559 62.8706703186035 62.9772872924805 62.7579498291016 63.1406440734863 63.1092338562012 63.3948936462402 63.0966453552246 63.2028427124023 63.3720855712891 63.7701377868652 63.8191833496094 63.8325805664062 63.8875198364258 63.9020919799805 64.2159957885742 64.1459426879883 64.3674240112305 64.3988800048828 64.5579147338867 64.8079681396484 64.8248901367188 64.7776336669922 64.6830978393555 64.8111190795898 65.1775207519531 65.2782363891602 65.2958221435547 65.3129196166992 65.1214752197266 65.6287612915039 65.7269592285156 65.8487854003906 65.8794174194336 65.7838287353516 66.0175628662109 66.0913162231445 66.2432861328125 66.453125 66.7401580810547 66.9038925170898 66.4981307983398 66.9378890991211 67.2169647216797 67.2231597900391 67.0821228027344 67.0460510253906
62.4898872375488 62.3265647888184 62.4822959899902 62.675952911377 62.9161109924316 62.6887702941895 63.0117378234863 63.4513549804688 63.499195098877 63.3385963439941 63.4824523925781 63.533088684082 63.7654685974121 63.815746307373 63.9232635498047 64.1445846557617 64.1287231445312 64.0517196655273 64.052848815918 64.5803604125977 64.6324996948242 64.6298522949219 64.627685546875 64.8135681152344 65.0608062744141 64.6415481567383 64.7096710205078 64.8894271850586 64.9313507080078 65.3232727050781 65.5001525878906 65.4804534912109 65.7118911743164 65.6226196289062 65.8391952514648 65.8685684204102 66.0890579223633 66.1623458862305 66.0679168701172 66.1231994628906 66.1492919921875 66.3732452392578 66.523078918457 66.3868789672852 -3.4e+38 67.0792465209961 66.9772720336914 67.2302780151367 67.0850296020508
62.5017166137695 62.6220359802246 62.5861854553223 62.6280136108398 62.6802635192871 63.1958465576172 62.9557609558105 63.5110549926758 63.6082038879395 63.5697822570801 63.5794715881348 63.7112998962402 63.7349815368652 63.7935104370117 63.977710723877 64.0935363769531 64.1778335571289 64.420051574707 64.4048690795898 -3.4e+38 -3.4e+38 64.8200073242188 64.8522567749023 65.053108215332 65.0736694335938 65.0640640258789 65.0991134643555 65.3094177246094 65.3283462524414 65.4821624755859 65.5567474365234 65.6439056396484 65.7612380981445 65.7672348022461 65.8800888061523 65.9582824707031 66.1780471801758 66.1608581542969 66.1247940063477 66.3596801757812 66.5698471069336 66.6543807983398 66.7415390014648 66.4887084960938 66.851676940918 67.04248046875 66.9916000366211 67.3773880004883 67.7089157104492
62.7203407287598 62.710620880127 62.5978546142578 62.6341705322266 62.7655792236328 63.1443099975586 63.0335807800293 63.6236686706543 63.6624984741211 63.5894203186035 63.4850387573242 63.8248062133789 63.8737945556641 63.8697547912598 64.1655426025391 64.0074996948242 64.1436996459961 64.4259414672852 64.6533966064453 -3.4e+38 64.6682662963867 -3.4e+38 64.778076171875 -3.4e+38 65.212890625 64.9599456787109 65.0087890625 65.3511199951172 65.4037780761719 65.4104232788086 65.4227523803711 65.7023391723633 65.9267578125 65.9897613525391 65.9446258544922 66.0474700927734 -3.4e+38 66.1681518554688 66.1735763549805 66.4198150634766 66.6848373413086 66.6139221191406 66.8992919921875 66.7028274536133 66.8828353881836 66.9436798095703 -3.4e+38 67.5225067138672 67.6111373901367
62.6110153198242 62.6845893859863 62.8038330078125 62.8437805175781 62.8532905578613 62.9982070922852 -3.4e+38 63.6992797851562 63.653190612793 63.5324592590332 63.6360092163086 63.8386116027832 64.0297393798828 64.1644134521484 64.1316757202148 64.2705688476562 64.3758316040039 64.3781127929688 64.7389221191406 -3.4e+38 -3.4e+38 -3.4e+38 -3.4e+38 65.2274017333984 65.2387084960938 65.1280975341797 65.2164001464844 65.3085174560547 65.0259323120117 65.6069564819336 65.8068237304688 66.0363082885742 66.1122894287109 66.0634384155273 65.9162216186523 65.8618850708008 66.2070465087891 66.2973556518555 66.5209655761719 66.5762100219727 66.460693359375 66.5704040527344 66.8595886230469 67.1837539672852 67.2032852172852 67.1113815307617 67.1085739135742 67.1866683959961 67.4146499633789
62.5772819519043 62.8061485290527 62.9406661987305 62.9358825683594 63.0245819091797 63.3796081542969 63.5093231201172 63.4844436645508 63.5024719238281 63.6330909729004 63.7519226074219 64.2598648071289 64.2826461791992 64.1941223144531 64.1609878540039 -3.4e+38 64.3207092285156 64.5143356323242 64.541633605957 64.7919006347656 64.6807250976562 64.9093017578125 64.6779403686523 65.0765151977539 64.763542175293 65.0891036987305 65.0497589111328 65.1300582885742 65.0914840698242 65.6907119750977 65.5536880493164 65.7538528442383 65.5056915283203 65.4985046386719 65.6993942260742 66.3434219360352 66.4432373046875 66.3556823730469 66.6333541870117 66.5251159667969 66.6129837036133 66.796257019043 66.8866119384766 67.124382019043 67.1971664428711 -3.4e+38 67.2097625732422 67.0926742553711 67.4487991333008
62.6247863769531 62.8318367004395 63.1224517822266 62.8694915771484 62.9831581115723 63.4754600524902 63.4203872680664 63.6862869262695 63.9234848022461 63.7553634643555 63.7312088012695 64.1258773803711 64.1865692138672 64.2697677612305 64.0805511474609 64.2675018310547 64.3992385864258 64.717414855957 64.4667663574219 64.573127746582 65.0053253173828 64.978889465332 64.4909133911133 64.9617691040039 64.7567672729492 64.9980087280273 65.0986557006836 65.3559494018555 65.2061996459961 65.5397262573242 65.3137817382812 65.9093322753906 65.5975112915039 65.1932601928711 65.4734268188477 66.2836761474609 -3.4e+38 -3.4e+38 66.688591003418 66.6652526855469 66.8392181396484 66.9464874267578 66.9628067016602 66.9629287719727 66.9953231811523 67.0246810913086 67.1303405761719 67.4105224609375 67.4790725708008
62.9127960205078 63.2034339904785 63.3179969787598 62.899959564209 62.9826545715332 63.6683654785156 63.5582695007324 63.6196937561035 63.7971458435059 63.5833206176758 63.7689323425293 64.2691879272461 64.0927886962891 64.4890594482422 64.4317398071289 64.3742446899414 64.3303070068359 64.8245391845703 64.4327239990234 64.6644897460938 64.6256408691406 65.0191497802734 64.7439498901367 64.6791305541992 64.8710403442383 64.984992980957 65.1659545898438 65.290153503418 65.4011001586914 65.3775482177734 65.5757751464844 65.9773406982422 65.7549743652344 65.4512786865234 65.8223114013672 65.8540573120117 66.1846008300781 66.4224548339844 66.4139785766602 66.3535919189453 66.611946105957 66.710823059082 67.0664215087891 67.35498046875 67.3281478881836 67.3141784667969 67.3107223510742 67.4325103759766 67.5214080810547
63.051155090332 63.3336372375488 63.2123680114746 63.1814193725586 63.2469749450684 63.5018348693848 63.6180267333984 63.5045776367188 63.770092010498 63.8198127746582 63.945011138916 64.1084060668945 63.9190788269043 64.2170257568359 64.3940505981445 64.5521545410156 64.6189804077148 64.8191986083984 64.3998489379883 64.7088623046875 64.7314071655273 64.8302001953125 64.9272155761719 64.8010482788086 64.9712677001953 65.0524368286133 65.2922210693359 65.1310424804688 65.2988052368164 65.5545654296875 65.4139556884766 65.6284942626953 65.73291015625 65.658332824707 65.8468551635742 65.7729339599609 -3.4e+38 66.4659805297852 66.3732833862305 66.519287109375 66.7168350219727 66.8748626708984 67.2115478515625 67.3271255493164 67.3810806274414 66.9545059204102 67.2575759887695 67.56103515625 67.8921966552734
63.1883201599121 63.1413421630859 63.2233123779297 63.3246841430664 63.5165328979492 63.5148887634277 63.9577178955078 63.7630157470703 63.9777221679688 64.152961730957 64.0035018920898 64.1325531005859 64.2685546875 64.0588989257812 64.0251770019531 64.4189529418945 64.7891082763672 64.8055801391602 64.3868637084961 64.9311218261719 64.9757614135742 64.9744033813477 65.257682800293 65.0239944458008 65.0013580322266 65.1463470458984 65.4077072143555 65.2368927001953 65.6148071289062 65.7078247070312 65.6065063476562 65.6318588256836 65.8118057250977 65.8307952880859 65.8904342651367 66.1175842285156 66.2030029296875 66.3546142578125 66.4173431396484 66.3259735107422 66.476806640625 66.9527359008789 67.4196166992188 67.3936920166016 67.4460983276367 -3.4e+38 67.4144897460938 67.6317443847656 67.7935562133789
63.0569496154785 63.3179740905762 63.3761749267578 63.2588348388672 63.3734474182129 63.4747352600098 63.8049964904785 63.904296875 64.0881881713867 64.1992111206055 63.8259315490723 64.1402816772461 64.2517395019531 64.1221694946289 64.0791320800781 64.1741790771484 64.5455322265625 64.8083724975586 64.6224365234375 64.9647750854492 65.0696105957031 65.2089157104492 65.4372634887695 65.244873046875 65.0181121826172 65.2263793945312 65.5927276611328 65.4385147094727 65.5340423583984 65.74658203125 65.8556823730469 65.7998046875 65.881477355957 65.8877716064453 66.0505142211914 66.3246994018555 -3.4e+38 66.4405364990234 66.4863510131836 66.3334808349609 66.4869003295898 66.9381790161133 67.3171615600586 67.5673599243164 67.5948028564453 67.5577545166016 67.4522094726562 67.3624877929688 67.6452865600586
63.1257820129395 63.497989654541 63.4176025390625 63.2742462158203 63.559944152832 63.5727615356445 63.4928321838379 63.7898025512695 63.7989883422852 63.9772834777832 63.6870574951172 64.0611877441406 64.50830078125 64.3950347900391 64.2074813842773 64.5000762939453 64.3688659667969 64.5355911254883 64.6985778808594 64.8976287841797 65.0629653930664 65.1497039794922 65.3295135498047 65.5737457275391 65.4452362060547 65.2732696533203 65.7150192260742 65.6180572509766 65.6225891113281 65.8177032470703 65.8001327514648 65.8809814453125 65.9592742919922 66.1132659912109 66.3027038574219 66.221076965332 66.2275619506836 66.1528396606445 66.2931289672852 66.5676193237305 66.6604995727539 66.910888671875 67.1628265380859 67.2946929931641 67.3895111083984 67.5019836425781 67.3578643798828 67.2770233154297 67.7696304321289
63.0782890319824 63.466495513916 63.4957504272461 63.5063858032227 63.7100028991699 63.5955429077148 63.3026161193848 63.7083854675293 63.9516067504883 63.9881019592285 63.9185180664062 64.0819244384766 64.4339599609375 64.5542831420898 64.2969818115234 64.6098785400391 64.582145690918 64.3959503173828 64.6579055786133 64.9595642089844 65.265625 65.1934432983398 65.5357666015625 65.6056976318359 65.5078125 65.6370391845703 65.745231628418 65.6640548706055 65.8688201904297 65.9151382446289 65.9136047363281 66.139289855957 66.1357879638672 66.0846099853516 66.2713165283203 66.5243530273438 66.6862640380859 66.620964050293 66.5260314941406 66.9108276367188 66.9041976928711 66.8729248046875 67.1443328857422 67.1656723022461 67.1633682250977 67.2995834350586 67.4324417114258 67.3315124511719 67.6899032592773
63.2594299316406 63.6003494262695 63.7757225036621 63.6763877868652 63.8571891784668 63.619384765625 63.5212440490723 63.860107421875 64.0635223388672 64.0293350219727 64.0944290161133 64.1323623657227 64.1774978637695 64.3775634765625 64.6357727050781 64.7152786254883 64.7904586791992 64.6962585449219 65.1259918212891 64.9935989379883 65.2394561767578 65.3212432861328 -3.4e+38 65.6567230224609 65.6308059692383 65.7376556396484 65.7490997314453 65.7605895996094 65.8592758178711 65.9578323364258 66.0491714477539 66.2358932495117 65.8298416137695 65.9381256103516 66.4335098266602 66.6776962280273 66.6511306762695 66.4074020385742 66.7027053833008 66.8878631591797 67.0312423706055 67.1275177001953 67.2438583374023 67.1683120727539 67.2258453369141 67.5288848876953 67.5961380004883 67.4925994873047 67.5118865966797
