rcp8.5models/MPI_ESM_LR/sc1gr6.7
NCOLS 261 
NROWS 433 
XLLCORNER 336357.134 
YLLCORNER 654653.479 
CELLSIZE 1000 
NODATA_value -9999 
[rows 242 to 263 of 433, columns 100 to 149 of 261]
1951.75836992158 1960.16446124533 1961.19551597338 1962.69909435627 1965.54540400204 -9999 1970.79981523434 1969.48396288779 1972.7582632569 1976.24916783234 1979.28640131813 1981.40214232646 1986.29612741241 1991.82103826305 2038.78224671919 2126.65537013196 2152.36923072108 2171.87016426157 2187.34751437949 2179.10400042671 2147.71832135969 2149.91525626518 2175.63152448639 2194.59927343348 2084.36915682666 -9999 2107.39979327473 2120.05731621019 2084.42498517513 2099.52737129915 2119.74730431432 2119.1982782748 2132.72115555299 2152.47169765941 2141.75890266217 2206.48972194211 2161.87968779049 2163.23579269091 2187.89357150596 2260.49812983174 2303.59033327585 2214.86399417705 2215.51061849358 2218.10630715891 2221.80892036555 2226.88339675473 2244.57998233162 2263.64299373735 2310.1876246441 2379.62187424032
1992.58542747684 1993.4943180439 1994.04120259946 1997.74747370999 1999.50816893637 2000.0739916402 2000.87666458023 2001.72928697233 2002.58159705518 2004.37829367116 2006.2078581234 2007.93594806458 2022.96626448118 2035.3914532313 2061.41685917294 2153.26825257229 2185.90613455462 2212.58892809759 2196.86577929492 2182.05309672196 2157.63486227746 2169.07803759605 2186.6193615176 2155.74896025228 2132.17564771451 2108.62686196 2122.49259667162 2157.85050030358 2170.87858731228 2289.27338025635 2472.12537913455 2512.07139611513 2318.80548922646 2168.67320455088 2169.14865796765 2302.02322736704 2340.79957478259 2190.92852147372 2203.49467321093 2319.27923076177 2436.44424524658 2290.13037953994 2256.517291305 2234.63769647686 2236.94424523141 2244.32209909542 2261.44827998538 2282.02945511623 2327.68205236862 2379.90456762267
2012.24786127112 2012.29676768764 2013.86591002019 2015.00549916764 2016.64944696612 2016.50115693182 2015.08084706926 2016.63603890308 2016.61400932307 2018.38498980661 2020.25648880383 2022.16458270636 2048.45127122742 2069.01486623109 2111.06447026677 2308.71097866349 2448.32221717266 2452.73816589613 2211.09270018516 2173.92304914498 2164.12900828076 2184.88495738168 2185.62089874165 2137.63926452425 2113.47863384757 2105.48913604816 2129.42608269404 2183.28427554192 2224.68548937672 2297.76600605013 2510.91095410509 2751.66962883374 2562.61935941842 2204.32068605255 2216.58836896042 2362.30974614748 2430.6276954725 2200.64369945597 2221.54597092348 2342.46252275161 2483.21188512345 2361.92528447595 2293.04235107464 2250.64582495108 2243.16301421373 2249.7584287872 2273.34161247181 2295.05478657838 2347.76268194446 2397.81326599479
2029.16672626217 2030.46982326559 2030.40829588265 2032.37822569615 2033.23039416339 2031.11641059067 2030.72662536633 2032.72329265389 2032.40737525905 2033.14810674464 2034.01651377467 2036.17507331551 2091.34124261337 2091.77769380525 2176.9232275006 2567.77387010104 2854.38103666747 2715.67874680951 2255.80413556275 2175.66227416484 2178.1473830401 2219.36061575141 2224.51612000875 2140.9599160717 2111.00226640619 2119.39804238387 2133.28225204984 2181.25657080626 2282.23177076602 2466.41905185249 2690.76320175703 2904.30806268737 2816.37283655708 2424.41672320574 2394.55519870674 2408.9443563386 2422.74348657849 2247.90260467535 2253.17468541696 2350.46627906407 2500.95662880711 2442.50322350336 2315.5391533951 2272.94689619874 2253.45370194506 2256.98131917198 2286.10871473512 2311.95963188346 2381.72591072804 2439.12148009813
2047.2638343193 2048.07115637791 2047.30843905471 2048.82754943011 2048.80824345853 2047.80375322096 2047.88504563032 2048.33850143927 2048.38924192542 2047.93122653091 2047.44946467724 2046.84939772772 2155.17613992498 2135.91025046768 2130.62922658632 2540.0145411962 3025.42179917337 2822.0212490718 2391.44470599631 2220.50600840866 2202.99139803098 2271.15358492792 2278.89830575415 2156.58748317719 2141.85122904133 2145.54467322025 2167.04952800383 2254.23328996019 2414.92654735027 2765.46586700523 3055.47342733826 3105.97512139489 3025.76036203281 2856.72043720648 2796.12954768326 2539.03488003391 2512.46634479704 2351.4744072183 2279.71089010629 2346.12637882601 2510.5154199114 2493.70402365595 2317.59890002574 2271.15791194507 2262.95508498902 2267.98861001786 2298.36738524444 2320.26733788996 2389.30783961579 2474.48459322402
2065.91774535359 2067.49667466408 2067.44345943725 2066.34032039157 2064.66663218296 2063.49801684106 2065.29228808941 2064.67293524116 2063.36179501968 2062.45050698403 2060.60795805758 2058.94457722655 2139.26006258489 2127.47543756454 2097.46146254555 2468.67272748021 3017.21092722279 2744.69946011286 2331.06479692167 2237.10357100764 2228.33537567873 2269.97760619473 2251.54269243233 2180.47796412171 2181.5258133328 2166.28846392256 2177.64655266629 2277.97888282456 2512.90629311114 2929.78656027823 3156.82988826897 3116.80663435636 3044.37582074424 3110.22908713953 3063.70131689321 2608.83571422027 2522.14707121441 2353.03712044486 2293.26659997797 2322.15554815868 2495.13948679991 2582.64579287821 2368.69553870286 2267.78315093598 2269.53425318662 2274.21970907434 2303.62241786176 2320.91372465426 2374.96529018397 2442.6027692966
2087.07211269545 2086.73101555267 2086.50715082068 2085.601428254 2082.15974058755 2078.47399767569 2080.65637981909 2081.39577322881 2079.37714428973 2075.05982561169 2072.94518717964 2071.32546257151 2089.1468175467 2085.5859612004 2097.11524757109 2447.79915762099 2976.50075417503 2666.93679823902 2243.74805304256 2204.25564821339 2217.09551828626 2233.56421531841 2202.82053378282 2198.02313740798 2174.83525368588 2159.173664785 2160.77690000056 2229.45864188595 2568.24972647474 3088.60676785239 3151.87540286724 3087.02238694333 3037.38000598443 3159.3187185619 3069.82030297156 2480.12009215485 2386.61239140655 2330.53103207806 2341.0628659631 2350.52425228102 2486.66257385323 2634.8244831529 2414.74279352468 2287.3169174769 2282.08685457866 2280.39244051746 2308.12890175971 2324.43490366962 2361.90595448453 2390.07986116138
2106.38909091709 2094.16804029773 2102.57803884038 2102.84909488016 2100.93678435376 2096.29533059467 2093.38125807183 2096.10964245107 2095.2723636197 2089.82952597591 2088.07353284539 2086.29836172564 2084.58962368741 2085.45390597024 2084.6539810412 2303.63012643644 2798.98421399728 2729.66612275908 2290.78490490264 2204.27409785745 2212.3978684023 2235.17951514384 2213.47841104201 2204.12605877351 2160.45419519642 2153.57073271609 2163.85728448755 2267.60962633734 2689.41533132105 3191.00291038818 3177.13382856982 3131.80136249986 3115.73110995551 3060.43276648986 2730.56492220263 2407.52802262167 2435.43682207676 2420.61414382066 2473.75417001706 2496.37462527212 2539.59618388121 2648.66152304163 2437.26516722323 2306.61113186639 2289.90060147995 2291.68488003875 2316.36826957993 2333.96189871913 2376.44886339637 2429.07140013568
2121.19693052446 2107.66710885468 2119.63540886678 2121.51624710498 2117.70001802258 2110.46681626051 2107.81603067036 2111.45748124872 2110.79314442364 2107.31015816672 2104.4311187869 2101.12051711889 2094.86769215005 2094.72263767823 2093.49247804624 2201.28537980539 2466.13116268099 2466.28144072588 2242.14813944361 2219.10608668896 2247.18523173483 2232.27971570486 2190.7606620082 2177.54720226844 2155.43484602411 2178.74583937681 2229.60464009177 2324.76582169557 2666.53636758036 3077.93175757035 3185.12899264162 3188.15348915135 3134.68540519767 2989.07900540364 2643.28686280288 2496.58869071639 2592.76445234166 2524.9128445269 2576.85127054454 2633.55224766763 2628.33089134149 2738.93839757768 2474.76183641631 2316.38118724897 2309.14186945975 2306.00843780336 2330.83056677877 2348.58881988847 2387.83607506949 2483.2577741141
2143.66980011529 2127.30643738777 2137.24233330599 2138.64821223896 2132.69463432066 2125.16581236056 2127.21460982216 2128.60857163435 2126.1688600342 2122.20729920891 2116.54783723207 2108.95751658964 2109.32099917094 2106.37651632874 2104.84069918741 2164.02689976435 2260.34064208082 2212.87345739625 2194.44478477797 2236.47252654684 2305.12099509853 2248.19724626669 2193.73205443198 2176.90083229221 2167.28085178194 2221.83468515913 2366.43113200777 2435.65821885466 2625.54181749958 2982.34402248642 3191.08363117556 3189.74697626892 3151.89170979155 3106.5279141865 2959.96665842941 2757.10170275279 2833.77956090277 2582.71257801226 2618.07451334397 2690.92420080976 2680.41158409111 2805.72250165928 2512.99514641438 2344.14645818877 2348.30315643154 2328.5961580029 2346.17845337424 2357.25920084254 2371.26556919872 2459.79615016945
2167.85548529583 2153.29675078718 2155.2906122857 2156.66182311045 2149.18363650475 2143.17379259246 2147.17714994979 2144.11483916252 2141.19701136026 2137.11200729692 2128.43149049814 2115.70491119478 2123.13333709765 2118.10185485564 2111.31582514515 2185.41417750373 2302.34222377649 2234.59838462462 2207.60274600912 2258.05477757489 2343.9409544925 2294.16066831433 2211.68114031811 2199.81215388975 2174.07443451979 2232.99142891084 2438.39103417725 2591.51941622336 2683.07351273639 2977.32599558169 3207.33888358945 3161.37430601623 3178.80158649204 3178.34196411629 3116.33765350282 3063.12996604085 3069.91117335526 2764.68126958723 2696.57276708179 2681.68261110255 2703.10979874162 2783.87184255152 2554.20139277921 2383.484505943 2398.44662384649 2359.41355398366 2367.5261088183 2364.80258608156 2384.51076027197 2458.34236285982
2188.97868602257 2180.25508122014 2176.54193818708 2175.63810115929 2171.09979872144 2165.09901430942 2164.56284377727 2160.21018013891 2155.66524047044 2152.4969128454 2144.92499693186 2129.59054105533 2130.68940969117 2128.59392308392 2132.3839118653 2230.97552857737 2328.01614106844 2245.54574412956 2208.75437153753 2311.12379934752 2457.19139870135 2318.22762335884 2207.32467256003 2195.13410391011 2193.52195962364 2206.85716532204 2356.06508997192 2544.16487407987 2685.61253445205 3117.25681104577 3216.96519310068 3148.44047742277 3140.06818033605 3103.46141093991 3077.31686206753 3210.85513397558 3185.82415817609 2976.84413246379 2735.07524491252 2700.86990983847 2732.77561601879 2682.94912417116 2559.160754822 2373.1806284825 2375.68422661514 2356.14670605313 2375.44225828608 2384.50061410505 2398.80795526244 2488.94165277499
2211.27995622928 2202.41628132616 2197.46031590475 -9999 2189.66910395763 2186.08956226369 2181.63387311599 2173.81252308859 2166.79941175964 2166.35100854065 2162.51471887023 2151.80927304616 2136.10298709949 2130.24263669485 2191.81219103814 2316.13538204306 2297.41461975693 2246.40881788654 2198.60056104936 2446.29009798582 2764.46563869015 2384.35996567909 2195.89276658394 2181.61717383282 2198.98567180137 2198.75773038797 2280.66253099382 2437.37969205992 2594.78961617078 3022.05182907785 3071.40805860554 3146.14176424798 3185.68373311832 3115.95825624629 3068.55129562431 3241.29631356912 3136.12154061145 2865.97554694821 2739.59752313404 2809.20348152176 2758.35389428024 2514.22185813264 2454.4251367424 2353.99767030917 2355.74051595829 2355.80820323056 2370.50164387995 2391.11093010497 2391.81702501318 2456.79649323565
2254.57370401669 2243.27903500902 2237.75840305982 -9999 2226.44607278336 2221.21895130797 2212.26826477019 2197.1225007908 2188.4303049396 2188.18084621875 2184.89249131531 2183.01362882178 2153.34069062025 2133.21445770382 2135.29642916059 2324.00498554973 2609.38391627265 2423.18230769902 2245.28768345919 2358.17224003546 2552.53178048531 2322.21623178385 2186.03060756253 2187.21775133623 2207.62896190832 2243.20647245057 2226.46300950573 2248.50461779004 2364.86786690362 2564.50830910801 2770.64915116649 3107.48874734739 3206.49555294357 3182.08182736103 3048.39833972364 3209.21993918444 3060.17509175618 3007.67350781649 3218.42431863317 3008.17732722953 2529.14511285962 2398.82250113689 2450.23172671968 2659.77083719906 2709.71738936478 2511.05876762359 2453.32486684472 2476.24721836237 2463.87604604049 2516.74583261192
2275.59348017435 2263.82274842861 2256.45610978525 2250.39358657055 2243.77211833161 2224.33426524225 2206.52081146254 2214.06931907189 2198.63024598622 2204.07617475104 2200.43524357108 2196.16881328018 2164.64782266064 2138.35989866635 2137.94109783683 2303.24487519311 2563.44574734043 2394.4727091477 2229.96380986695 2358.6808664815 2568.47315259883 2362.70595289013 2187.54625807877 2184.74843136183 2233.30912912398 2305.63429485084 2264.60039941537 2319.1821269352 2433.61775130773 2419.6142190283 2717.41973103065 3083.65678942544 3256.53992548035 3234.63445940364 3124.89663312776 3223.29567692619 3143.5978361574 3151.44728674101 3091.34586221344 2732.57480213987 2435.63958305836 2415.66036051008 2542.67701221432 2751.57137339602 2783.43207950191 2596.27825346513 2482.34998705002 2529.21575244706 2483.87549672332 2550.58396683381
2294.63294240968 2282.41508472947 2274.51183141955 2269.35307996448 2262.11143987884 2225.47165461014 2194.94141227279 2213.22358613584 2181.60980638763 2200.34239174653 2214.11176687368 2204.20379745856 2190.81046806553 2165.81320221785 2145.65599355526 2314.9500671873 2597.18419579304 2436.68993963493 2258.985050861 2390.34690128388 2608.34929950677 2374.86373756465 2180.5475803014 2174.45331963816 2232.13183273836 2305.7133821208 2273.16244912646 2309.26890570714 2457.5573290482 2522.50565613417 2696.47977430212 3001.50290159095 3266.5514917405 3276.69340547018 3189.19912073837 3244.69071087396 3234.60100702212 3247.64435401011 2973.0550495369 2473.35562780807 2456.10450097645 2665.85870937897 2812.22498455364 2943.5191773337 2850.80035551927 2617.68131228545 2528.09900848351 2590.48213645375 2559.68648824927 2556.58758987216
2310.97181092458 2300.49194646355 2293.06916423596 2284.78652047926 2277.74232791497 2239.15466811455 2202.2346911287 2272.21534834839 2273.01777092092 2193.7704391731 2222.19392430795 2210.84421463928 2190.49487238228 2192.0706063031 2156.97223291223 2364.6090580886 2822.05276565636 2847.46487722904 2606.85674527792 2632.54491510897 2902.77043401205 2569.5070442852 2170.35037860323 2177.49424445803 2243.05002916101 2291.92225760676 2260.86599275663 2282.75120954129 2522.90087597147 2831.86023080719 2903.68405163506 3125.80291350763 3251.4750449194 3169.60983822672 3100.54795861926 3272.05548928525 3275.36943885319 3262.65549659008 3006.62045220307 2549.52887544099 2652.52549635086 3050.2671593771 3134.33033662207 3092.14104808097 2868.74983470445 2702.15405980292 2658.62756962201 2664.21683555308 2603.95494514616 2563.59554851156
2324.46368589652 2315.07988352341 2308.67080273729 2297.06464374508 2290.8625436842 2270.09484467967 2268.03678499308 2436.38584142467 2475.57314158738 2205.77599620008 2235.61761526385 2226.29067394877 2166.8115645898 2187.79222038212 2175.98612747973 2360.67295761116 2903.51211355837 3172.41832585027 3045.79624406219 3018.86745667907 3205.1529089012 2798.15335357277 2173.79532218382 2179.04333742113 2249.12294387586 2287.53428754905 2265.91788807588 2332.45763959445 2673.31308869643 3073.19229482489 3075.80912960564 3223.00902442891 3211.91852460114 2993.18237709422 2928.19545886766 3259.27159163928 3239.85947382016 3233.72782631595 2977.6264062431 2654.62283540442 2816.07598316246 3213.09917829672 3249.90923079581 3178.9769396887 3061.612565459 2964.52347597051 2844.76947874719 2768.1465675515 2662.83783906349 2628.17983214545
2337.53178476805 2330.271507253 2323.31092197996 2314.19568480872 2305.17580115921 2286.18091312248 2315.32215662034 2504.35030593824 2498.44618140104 2211.69262245131 2250.53466789198 2245.23552600385 2172.63810314342 2221.32257543106 2344.87348504167 2489.41321992845 2845.969987836 3201.52514530989 3163.46828409174 3162.04499591369 3155.3191688338 2692.60409886596 2181.41985868757 2187.70157559833 2238.44691956904 2312.7833075042 2368.8079441408 2404.99845149509 2709.74153988338 3215.0044372493 3225.09082262825 3292.03813246798 3223.7683711716 2961.92031295751 2870.80934480056 3167.00704898039 3183.40853288826 3251.25519641445 3008.55686086195 2699.0549612785 2920.71403453281 3237.07206196657 3246.03309853316 3228.71328349309 3249.64297898213 3168.06471860855 3052.92121655186 2961.56720254105 2811.67186284098 2716.88630801775
2341.89389814927 2346.66254883122 2337.54983823281 2330.01085198289 2320.31079819564 2295.93642734261 2318.57761687804 2415.3262680294 2353.46017188379 2239.83264221432 2264.24036716054 2258.4917085581 2189.81986098269 2210.85978320215 2410.53355656309 2718.29450025172 2954.22517161238 3156.88559269501 3061.28527649541 2976.23597723361 2869.38943782858 2358.02341207276 2174.2682520729 2186.60295629624 2262.27995782127 2404.32766983054 2508.53026973071 2527.14089437747 2776.04076695986 3269.83421403298 3313.93566951007 3280.86993859119 3143.69138775829 2937.97704748021 2872.19167856568 2989.28187556263 3104.14165644883 3281.20793424013 3128.39111521242 2893.30490766471 3009.81527068223 3235.02994351691 3129.24160268654 3089.76299329072 3171.06016116082 3220.24513442931 3184.64159883638 3112.08354059597 2920.56995473992 2675.10216509927
2349.57131137415 2360.29345497578 2349.94041809408 2342.64630489307 2335.25663185255 2318.43791732359 2299.91725354588 2302.16871284869 2293.93662205266 2255.58213025122 2266.52476691467 2265.08432361629 2190.19515313095 2208.73276221677 2389.54316010897 2722.45933486122 2968.04910647537 2955.62699622637 2735.87799112676 2558.73724215151 2511.54527884474 2165.53352391633 2165.95451881922 2182.34368853505 2299.10898220272 2513.227106287 2591.82103154883 2636.19056638014 2922.73121759713 3216.14009656843 3290.66890879639 3190.15292291552 3088.01534811472 2925.46539310463 2840.14486298654 2841.04460394238 3065.79178851018 3293.85815142871 3249.41815769802 3163.60176984377 3130.79010917854 3236.98312322486 3087.32430137355 2972.22875267969 3069.2156140202 3213.59735467321 3169.29720681171 2996.29707885235 2802.34855718379 2558.33936295231
2369.77269014428 2372.85914674504 2362.64362462085 2354.63776920804 2348.28455750363 2336.52667009848 2309.25549431939 2304.44286457282 2316.11287221031 2247.64586306301 2279.67098935558 2274.03238233831 2370.21146974056 2454.1844598465 2566.23738821021 2769.32443177607 2826.20795796541 2816.2832370706 2625.30723930543 2325.92863285519 2250.79109555873 2157.60182809358 2168.52653734269 2188.89131025562 2279.50865205322 2556.0179253638 2800.28594327188 2881.33694776855 3109.13723737087 3239.34288887997 3278.70822850966 3189.88405706907 3201.31395637909 3058.91201274849 2884.11748920281 2705.8099500538 2972.98590388148 3179.9619509069 3203.23078953952 3254.77391127929 3245.50892859735 3242.00332152673 3156.01738577981 3058.88986543064 3145.03790934806 3212.96750069858 3087.22320109997 2866.43523780978 2635.2665025439 2550.34919495565
