rcp8.5models/MPI_ESM_LR/sc1gr5.10
NCOLS 261 
NROWS 433 
XLLCORNER 336357.134 
YLLCORNER 654653.479 
CELLSIZE 1000 
NODATA_value -3.4e+38 
[rows 154 to 175 of 433, columns 98 to 146 of 261]
298.111602783203 297.829833984375 297.366943359375 297.570648193359 297.597869873047 297.552307128906 297.223175048828 297.548583984375 297.707122802734 297.981597900391 298.086242675781 298.178985595703 298.300445556641 297.997650146484 297.314605712891 296.985717773438 297.120086669922 297.086822509766 297.059722900391 297.0537109375 297.183532714844 297.159088134766 296.795379638672 296.79833984375 296.800140380859 296.697601318359 296.446258544922 296.405242919922 296.448303222656 296.552734375 296.703369140625 296.465667724609 296.696502685547 297.056091308594 297.426025390625 298.065277099609 298.264678955078 298.786560058594 299.235198974609 297.441925048828 294.53173828125 299.273498535156 299.390167236328 299.402465820312 299.279876708984 299.217346191406 298.851440429688 298.925018310547 299.854034423828
297.611114501953 297.717315673828 297.778106689453 297.464263916016 297.162902832031 297.075164794922 296.807647705078 297.238220214844 297.655578613281 297.765655517578 -3.4e+38 297.825408935547 298.124786376953 298.059173583984 297.360015869141 297.190551757812 297.034912109375 296.769622802734 296.694305419922 296.699157714844 296.707824707031 -3.4e+38 296.62841796875 296.524749755859 296.558624267578 296.574401855469 296.385101318359 296.352081298828 296.621765136719 296.782989501953 296.704498291016 296.391479492188 296.237548828125 296.680847167969 297.327819824219 297.765625 298.174621582031 298.600830078125 298.99609375 298.230072021484 296.988372802734 299.105529785156 299.241333007812 299.325958251953 299.198516845703 299.129974365234 298.524566650391 298.306823730469 299.436614990234
297.588928222656 -3.4e+38 297.688812255859 297.426483154297 297.034606933594 296.825347900391 296.594543457031 296.816070556641 297.278564453125 297.566192626953 297.530364990234 297.622039794922 297.898681640625 297.932312011719 297.434234619141 297.30517578125 296.893280029297 296.551055908203 296.512084960938 296.634765625 296.525390625 296.600524902344 296.582397460938 296.4794921875 296.509338378906 296.510681152344 296.344604492188 296.448516845703 296.662902832031 296.730102539062 296.637725830078 296.239776611328 296.111053466797 296.315216064453 297.200256347656 297.424957275391 298.106811523438 298.496826171875 298.657592773438 298.926177978516 298.90576171875 298.684326171875 299.053253173828 299.235931396484 299.159942626953 299.011108398438 298.791564941406 298.438293457031 299.405853271484
297.780120849609 297.928588867188 297.753509521484 297.197479248047 297.075103759766 297.040771484375 296.856109619141 296.587432861328 296.752868652344 297.059356689453 297.451324462891 297.258544921875 297.656311035156 297.804565429688 297.503814697266 297.072174072266 296.637542724609 296.516998291016 296.774932861328 296.619506835938 296.635711669922 296.53466796875 296.660461425781 296.727996826172 296.695556640625 296.850494384766 296.387145996094 296.601684570312 296.590942382812 296.557983398438 296.392913818359 295.927642822266 295.917236328125 296.194854736328 297.148254394531 297.183563232422 297.696838378906 298.218383789062 298.404998779297 298.773590087891 298.452178955078 298.356414794922 298.618499755859 298.695770263672 298.639007568359 298.635650634766 298.874328613281 298.537750244141 299.191741943359
297.770965576172 297.872894287109 297.987548828125 297.39111328125 297.226440429688 297.328521728516 297.041839599609 296.535552978516 296.573547363281 296.735321044922 296.953033447266 296.972412109375 297.507263183594 297.691589355469 297.348968505859 296.906890869141 296.82666015625 296.859771728516 297.025695800781 296.845336914062 296.794891357422 296.556243896484 296.836242675781 296.979309082031 296.877624511719 296.996154785156 296.385772705078 296.356781005859 296.330169677734 296.363037109375 296.232727050781 295.642761230469 295.497802734375 296.268280029297 296.973937988281 297.169189453125 297.843170166016 298.158843994141 298.301361083984 298.396881103516 298.150329589844 298.033020019531 298.199584960938 298.246643066406 298.294708251953 298.3662109375 -3.4e+38 298.373291015625 298.813842773438
297.733612060547 297.717681884766 297.686614990234 297.472595214844 297.214569091797 297.253082275391 297.018157958984 296.534912109375 296.599395751953 296.499359130859 296.501831054688 296.733001708984 297.121673583984 297.443725585938 297.183074951172 -3.4e+38 -3.4e+38 297.199035644531 297.095733642578 297.127258300781 296.945892333984 296.966156005859 297.015472412109 296.953948974609 296.829040527344 296.966735839844 296.415405273438 296.286010742188 296.12109375 296.025573730469 296.005584716797 295.481140136719 295.067657470703 296.181640625 296.887939453125 297.211883544922 297.772338867188 298.184906005859 298.1611328125 298.243865966797 298.15478515625 298.044250488281 297.980651855469 297.749145507812 297.993530273438 298.135803222656 298.192108154297 298.07763671875 298.589569091797
297.798645019531 297.765625 297.499786376953 297.099975585938 296.959716796875 296.834106445312 296.942901611328 296.660003662109 296.257171630859 295.915893554688 296.237121582031 296.718353271484 296.920196533203 296.886169433594 -3.4e+38 -3.4e+38 296.930236816406 296.891510009766 297.019287109375 297.160217285156 296.893768310547 296.810852050781 296.837219238281 296.773345947266 296.67919921875 296.630767822266 296.363372802734 296.423614501953 296.307006835938 296.177947998047 295.920532226562 295.337249755859 295.073211669922 296.130737304688 296.886474609375 297.115997314453 297.442810058594 298.235321044922 298.1494140625 298.077514648438 297.922393798828 297.987426757812 297.890441894531 297.437225341797 297.585998535156 297.700561523438 297.762115478516 297.475219726562 298.030242919922
297.677825927734 297.684326171875 297.071990966797 296.927947998047 296.819793701172 296.50927734375 296.333190917969 296.061126708984 295.405944824219 295.410125732422 295.760284423828 296.0087890625 296.397979736328 296.3876953125 296.688537597656 -3.4e+38 296.522247314453 296.450866699219 296.252136230469 295.982330322266 296.112365722656 296.442535400391 296.396423339844 296.386047363281 296.488403320312 296.524780273438 295.801147460938 295.601165771484 295.874816894531 296.147918701172 295.954803466797 295.555084228516 296.211273193359 296.613586425781 296.750885009766 296.940795898438 297.529174804688 298.128326416016 297.999725341797 297.658142089844 297.318786621094 297.385284423828 297.644592285156 297.467468261719 297.064758300781 297.000885009766 296.753387451172 295.756103515625 297.132019042969
297.290100097656 297.505523681641 296.993133544922 296.734161376953 296.878997802734 296.450531005859 296.011901855469 295.519805908203 294.956359863281 295.126586914062 295.443389892578 295.521820068359 296.265594482422 296.562927246094 296.694091796875 -3.4e+38 296.3759765625 296.454650878906 296.33203125 295.974853515625 295.711120605469 295.821075439453 296.014099121094 295.895477294922 295.963745117188 296.071472167969 295.946441650391 295.313568115234 295.389678955078 295.726837158203 295.640838623047 295.793365478516 296.470123291016 296.526031494141 296.885955810547 297.122833251953 297.584350585938 297.810089111328 297.593017578125 297.464447021484 297.290832519531 296.957153320312 297.525115966797 297.389526367188 297.016662597656 296.636901855469 296.031707763672 295.528350830078 296.572418212891
297.105926513672 297.370910644531 296.809631347656 296.404876708984 296.301605224609 296.168029785156 295.847747802734 295.611877441406 295.27001953125 295.172943115234 295.334808349609 295.347595214844 295.457122802734 296.408843994141 296.640502929688 296.368041992188 296.209320068359 296.135223388672 296.360687255859 296.165985107422 295.725158691406 295.792358398438 295.603515625 295.594879150391 295.662933349609 295.769989013672 296.084686279297 295.490081787109 295.298278808594 295.430114746094 295.418914794922 295.778106689453 296.620422363281 296.572937011719 296.456390380859 297.071136474609 297.627685546875 297.478515625 297.312408447266 297.362030029297 297.349945068359 296.816467285156 296.966369628906 297.232788085938 296.825347900391 296.01904296875 295.268829345703 295.286865234375 296.109466552734
297.276458740234 297.074890136719 296.652587890625 296.522888183594 296.103759765625 295.952178955078 296.022308349609 295.896789550781 295.883453369141 295.591003417969 295.456939697266 295.362762451172 295.0908203125 296.082214355469 296.518951416016 296.495422363281 296.121612548828 295.769775390625 295.924682617188 296.146392822266 295.818695068359 296.055755615234 295.427398681641 295.528106689453 295.478607177734 295.632263183594 295.695709228516 295.393371582031 295.326995849609 295.2626953125 294.987945556641 295.148010253906 296.174652099609 295.972778320312 296.034027099609 296.821075439453 297.508087158203 297.322601318359 297.046356201172 296.949951171875 297.260467529297 296.994049072266 296.651916503906 296.695922851562 296.14306640625 295.508697509766 294.9443359375 295.02734375 295.806457519531
297.384948730469 296.924774169922 296.735137939453 296.772766113281 296.244049072266 295.885040283203 296.075561523438 295.986572265625 296.026062011719 295.929260253906 295.382720947266 295.262573242188 295.378234863281 296.07275390625 296.575408935547 296.580169677734 296.172912597656 295.931274414062 295.668762207031 295.716613769531 295.528869628906 295.658050537109 295.385131835938 295.402679443359 295.288543701172 295.309539794922 295.180938720703 295.277496337891 294.990051269531 294.8330078125 294.438079833984 294.683349609375 295.619079589844 295.590240478516 296.259216308594 296.595275878906 297.194000244141 297.361785888672 296.882385253906 296.64306640625 297.163696289062 297.065979003906 296.572143554688 296.263061523438 295.596740722656 295.098175048828 294.957397460938 295.019744873047 295.371643066406
296.942749023438 296.674896240234 296.627105712891 296.850555419922 296.416900634766 296.57373046875 296.366912841797 295.948760986328 296.083953857422 296.034423828125 295.411804199219 295.238952636719 294.513458251953 292.602478027344 296.123474121094 296.242523193359 296.155517578125 296.224517822266 295.812927246094 295.399658203125 295.299163818359 295.324005126953 295.373809814453 295.428039550781 295.355041503906 295.347137451172 294.841461181641 294.795745849609 294.421661376953 294.393341064453 294.494232177734 295.230804443359 295.446411132812 295.494934082031 296.056732177734 296.547302246094 296.899932861328 297.200592041016 296.731140136719 296.644134521484 297.205688476562 297.047821044922 296.563110351562 296.375183105469 296.016662597656 295.266235351562 295.22314453125 295.080810546875 294.787536621094
296.745391845703 296.530242919922 296.349029541016 296.869171142578 296.644561767578 296.446014404297 296.227508544922 295.846893310547 296.015441894531 295.935638427734 295.13525390625 295.158508300781 294.581634521484 293.158477783203 295.553497314453 295.703125 296.053283691406 296.050537109375 295.584747314453 295.308868408203 295.305297851562 295.451080322266 295.563629150391 295.434967041016 295.448577880859 295.349822998047 294.877044677734 294.526702880859 294.32958984375 294.219940185547 294.655029296875 295.689392089844 295.663696289062 296.111724853516 296.078125 296.536193847656 296.847351074219 296.828002929688 296.670440673828 296.722808837891 296.963165283203 296.781372070312 296.628662109375 296.64501953125 -3.4e+38 295.737518310547 295.705169677734 295.406585693359 294.955535888672
296.464874267578 296.148803710938 295.873199462891 296.734832763672 296.57958984375 296.150268554688 295.90283203125 295.899475097656 295.716491699219 295.820281982422 295.063201904297 295.111389160156 295.097290039062 295.237640380859 295.461273193359 295.573059082031 295.85400390625 295.953063964844 295.700164794922 295.502624511719 295.473114013672 295.587005615234 295.688110351562 295.645751953125 295.563385009766 295.207366943359 295.225128173828 294.930511474609 294.608551025391 294.393920898438 294.779052734375 295.674468994141 295.828308105469 296.767791748047 296.407287597656 296.124877929688 296.951019287109 296.658294677734 296.680419921875 296.649200439453 296.434020996094 296.135864257812 296.372314453125 296.340515136719 -3.4e+38 -3.4e+38 295.828430175781 295.529724121094 295.230987548828
296.061309814453 295.79833984375 295.573120117188 296.191070556641 296.210021972656 296.069061279297 295.786529541016 295.867919921875 295.802215576172 295.825469970703 295.265441894531 294.994079589844 295.053588867188 295.110168457031 295.405609130859 295.409973144531 295.6337890625 295.666137695312 295.775573730469 295.581024169922 295.457427978516 295.362487792969 295.364044189453 295.70263671875 295.566223144531 295.386688232422 295.244537353516 294.92919921875 294.616424560547 294.231384277344 294.457672119141 295.65966796875 295.685699462891 296.265563964844 296.043182373047 296.124755859375 296.677490234375 296.605560302734 296.716369628906 296.489135742188 296.080047607422 295.752655029297 295.830902099609 295.831848144531 295.692749023438 295.786163330078 295.727722167969 295.376373291016 295.274719238281
295.996765136719 295.708190917969 295.700622558594 295.8359375 295.846069335938 295.881866455078 295.733673095703 295.622131347656 295.393218994141 295.765960693359 295.139038085938 295.018310546875 295.016845703125 294.918579101562 295.205902099609 295.184692382812 295.424041748047 295.377777099609 295.273101806641 295.301818847656 295.397583007812 295.046112060547 294.927368164062 295.379821777344 295.2138671875 295.2421875 295.21337890625 294.831237792969 294.629577636719 294.259674072266 293.726226806641 293.712188720703 295.605102539062 295.764709472656 296.299499511719 296.433166503906 296.445953369141 296.175415039062 296.254486083984 296.292877197266 295.689636230469 295.198150634766 295.252716064453 295.56201171875 295.533813476562 295.631164550781 295.706939697266 295.162689208984 295.321685791016
296.299621582031 296.143798828125 296.045837402344 295.768005371094 295.646881103516 295.725830078125 295.433471679688 295.564544677734 294.870361328125 295.226165771484 294.952453613281 295.004119873047 294.767883300781 294.336242675781 294.541534423828 294.812896728516 295.172790527344 295.124114990234 294.942596435547 294.977172851562 295.342376708984 294.914276123047 294.598480224609 294.919799804688 294.958343505859 294.941589355469 294.965423583984 294.869201660156 294.843566894531 294.498992919922 294.053344726562 293.557769775391 295.573822021484 295.536071777344 296.143707275391 296.592590332031 296.594268798828 296.220794677734 295.887817382812 296.074096679688 295.372985839844 294.818939208984 294.965057373047 294.954162597656 294.986694335938 295.15283203125 295.453735351562 294.883209228516 294.855560302734
296.395690917969 296.443420410156 296.197784423828 295.701263427734 295.691833496094 295.686248779297 294.915710449219 295.098358154297 294.840606689453 294.876892089844 294.847320556641 294.771484375 294.131256103516 294.061737060547 294.272857666016 294.712554931641 294.832122802734 294.948669433594 294.937530517578 294.831512451172 294.745788574219 294.594329833984 294.430114746094 294.572692871094 294.757415771484 294.777801513672 294.720367431641 294.738006591797 294.657440185547 294.497894287109 294.496490478516 294.513946533203 295.213592529297 295.460998535156 295.548126220703 296.336578369141 296.707244873047 296.331146240234 295.814636230469 295.976531982422 -3.4e+38 295.126678466797 294.771148681641 294.179107666016 293.967163085938 294.763458251953 294.934509277344 294.804656982422 294.49755859375
296.070129394531 295.593658447266 295.858489990234 295.968231201172 295.885314941406 295.915985107422 295.886810302734 295.909942626953 -3.4e+38 295.161102294922 294.787414550781 294.795318603516 294.748413085938 294.543853759766 295.060729980469 294.864196777344 294.589050292969 294.578826904297 294.556457519531 294.296813964844 294.416717529297 294.658111572266 294.488159179688 294.352111816406 294.451477050781 294.648651123047 294.440063476562 293.976135253906 293.937408447266 294.293060302734 294.174194335938 294.178497314453 294.606109619141 295.163330078125 295.473022460938 295.579467773438 295.887939453125 295.480255126953 294.897552490234 294.955718994141 -3.4e+38 295.240875244141 294.568359375 293.340057373047 292.86279296875 293.824798583984 293.957580566406 294.331604003906 294.581451416016
295.897918701172 295.640838623047 295.454162597656 295.808746337891 295.841857910156 295.815216064453 295.835479736328 295.866180419922 -3.4e+38 295.056182861328 295.241485595703 294.847259521484 294.991394042969 294.989501953125 295.039154052734 295.017913818359 295.037292480469 294.965606689453 294.697235107422 294.187286376953 294.603393554688 294.866302490234 294.693359375 294.657592773438 294.71630859375 294.748443603516 294.3798828125 294.185638427734 293.912200927734 293.919708251953 293.584838867188 293.972259521484 294.297882080078 294.853057861328 295.387176513672 295.322875976562 295.3896484375 295.464691162109 294.673919677734 294.642333984375 294.446838378906 294.902191162109 294.225250244141 292.767669677734 293.030914306641 293.742401123047 293.678070068359 294.046691894531 294.883575439453
295.622009277344 295.5908203125 295.375030517578 295.580505371094 295.305328369141 295.438446044922 295.215087890625 -3.4e+38 -3.4e+38 -3.4e+38 295.735717773438 295.403686523438 295.437896728516 295.369110107422 295.112701416016 295.010589599609 295.044738769531 294.803741455078 294.286407470703 294.152984619141 294.850921630859 294.964202880859 294.946197509766 294.960266113281 294.857330322266 294.758666992188 294.534515380859 -3.4e+38 293.840393066406 293.664459228516 293.482269287109 294.012268066406 294.388671875 294.829223632812 295.333770751953 295.383331298828 295.418640136719 294.858612060547 294.635406494141 294.498168945312 294.101440429688 294.681640625 293.820037841797 293.117004394531 293.572814941406 293.703979492188 293.910552978516 294.458892822266 295.139709472656
