rcp8.5models/MPI_ESM_LR/sc1gr4.22
NCOLS 261 
NROWS 433 
XLLCORNER 336357.134 
YLLCORNER 654653.479 
CELLSIZE 1000 
NODATA_value -3.4e+38 
[rows 198 to 219 of 433, columns 196 to 244 of 261]
296.244750976562 296.730255126953 297.152435302734 297.355560302734 297.048919677734 296.810180664062 296.851196289062 297.419403076172 297.36962890625 297.654418945312 -3.4e+38 298.312713623047 298.391418457031 298.237884521484 298.081970214844 298.076538085938 298.106475830078 298.329711914062 298.604827880859 298.429351806641 -3.4e+38 -3.4e+38 -3.4e+38 -3.4e+38 -3.4e+38 -3.4e+38 -3.4e+38 -3.4e+38 -3.4e+38 -3.4e+38 -3.4e+38 -3.4e+38 -3.4e+38 -3.4e+38 -3.4e+38 -3.4e+38 -3.4e+38 -3.4e+38 -3.4e+38 -3.4e+38 -3.4e+38 -3.4e+38 -3.4e+38 -3.4e+38 -3.4e+38 -3.4e+38 -3.4e+38 -3.4e+38 -3.4e+38
295.774597167969 296.159454345703 296.653076171875 296.957794189453 296.699340820312 296.540222167969 296.636077880859 297.423706054688 297.459350585938 297.754608154297 -3.4e+38 298.098388671875 298.396270751953 298.283721923828 298.173248291016 298.1328125 298.129516601562 298.220031738281 -3.4e+38 298.292541503906 -3.4e+38 -3.4e+38 -3.4e+38 -3.4e+38 -3.4e+38 -3.4e+38 -3.4e+38 -3.4e+38 -3.4e+38 -3.4e+38 -3.4e+38 -3.4e+38 -3.4e+38 -3.4e+38 -3.4e+38 -3.4e+38 -3.4e+38 -3.4e+38 -3.4e+38 -3.4e+38 -3.4e+38 -3.4e+38 -3.4e+38 -3.4e+38 -3.4e+38 -3.4e+38 -3.4e+38 -3.4e+38 -3.4e+38
295.523315429688 295.723388671875 -3.4e+38 296.642852783203 296.482604980469 296.303253173828 296.359313964844 297.089965820312 -3.4e+38 297.349212646484 297.631256103516 297.968170166016 298.0830078125 297.875213623047 298.241882324219 298.1748046875 298.090789794922 298.244934082031 298.23486328125 298.3935546875 298.539215087891 -3.4e+38 -3.4e+38 -3.4e+38 -3.4e+38 -3.4e+38 -3.4e+38 -3.4e+38 -3.4e+38 -3.4e+38 -3.4e+38 -3.4e+38 -3.4e+38 -3.4e+38 -3.4e+38 -3.4e+38 -3.4e+38 -3.4e+38 -3.4e+38 -3.4e+38 -3.4e+38 -3.4e+38 -3.4e+38 -3.4e+38 -3.4e+38 -3.4e+38 -3.4e+38 -3.4e+38 -3.4e+38
295.737731933594 296.104522705078 296.333892822266 296.371398925781 296.160614013672 296.155029296875 296.313873291016 296.543518066406 296.797210693359 296.875244140625 297.340240478516 297.552520751953 297.464050292969 297.505401611328 298.238494873047 298.171569824219 298.095825195312 298.221130371094 298.252746582031 298.445465087891 298.528991699219 -3.4e+38 -3.4e+38 -3.4e+38 -3.4e+38 -3.4e+38 -3.4e+38 -3.4e+38 -3.4e+38 -3.4e+38 -3.4e+38 -3.4e+38 -3.4e+38 -3.4e+38 -3.4e+38 -3.4e+38 -3.4e+38 -3.4e+38 -3.4e+38 -3.4e+38 -3.4e+38 -3.4e+38 -3.4e+38 -3.4e+38 -3.4e+38 -3.4e+38 -3.4e+38 -3.4e+38 -3.4e+38
295.729919433594 296.061279296875 296.202362060547 296.229553222656 295.862731933594 295.85791015625 296.071807861328 295.620880126953 295.915893554688 296.348937988281 296.694274902344 296.893310546875 297.185363769531 297.293762207031 297.702758789062 297.868865966797 298.083831787109 298.097106933594 298.227722167969 -3.4e+38 298.6376953125 298.555938720703 -3.4e+38 -3.4e+38 -3.4e+38 -3.4e+38 -3.4e+38 -3.4e+38 -3.4e+38 -3.4e+38 -3.4e+38 -3.4e+38 -3.4e+38 -3.4e+38 -3.4e+38 -3.4e+38 -3.4e+38 -3.4e+38 -3.4e+38 -3.4e+38 -3.4e+38 -3.4e+38 -3.4e+38 -3.4e+38 -3.4e+38 -3.4e+38 -3.4e+38 -3.4e+38 -3.4e+38
295.658874511719 295.743316650391 295.730865478516 295.841705322266 295.668182373047 295.652465820312 295.790496826172 295.311553955078 295.84619140625 296.226135253906 296.39013671875 296.851135253906 297.216461181641 297.225738525391 297.318054199219 -3.4e+38 297.640014648438 297.783111572266 298.185485839844 298.366790771484 -3.4e+38 -3.4e+38 298.696502685547 -3.4e+38 -3.4e+38 -3.4e+38 -3.4e+38 -3.4e+38 -3.4e+38 -3.4e+38 -3.4e+38 -3.4e+38 -3.4e+38 -3.4e+38 -3.4e+38 -3.4e+38 -3.4e+38 -3.4e+38 -3.4e+38 -3.4e+38 -3.4e+38 -3.4e+38 -3.4e+38 -3.4e+38 -3.4e+38 -3.4e+38 -3.4e+38 -3.4e+38 -3.4e+38
295.340576171875 295.601257324219 295.618896484375 295.727569580078 295.754119873047 295.830932617188 296.035278320312 295.798522949219 295.989288330078 296.396575927734 296.416107177734 296.623016357422 296.974212646484 297.148834228516 296.974395751953 297.249145507812 297.228179931641 297.4833984375 -3.4e+38 297.976257324219 297.899078369141 298.390197753906 -3.4e+38 298.567138671875 298.502380371094 -3.4e+38 -3.4e+38 -3.4e+38 -3.4e+38 -3.4e+38 -3.4e+38 -3.4e+38 -3.4e+38 -3.4e+38 -3.4e+38 -3.4e+38 -3.4e+38 -3.4e+38 -3.4e+38 -3.4e+38 -3.4e+38 -3.4e+38 -3.4e+38 -3.4e+38 -3.4e+38 -3.4e+38 -3.4e+38 -3.4e+38 -3.4e+38
295.032684326172 295.257385253906 295.69580078125 296.003326416016 296.019409179688 296.144927978516 296.368438720703 296.084777832031 295.790863037109 296.240173339844 296.151123046875 295.942596435547 296.526733398438 296.614410400391 296.728912353516 297.279510498047 297.187591552734 297.467346191406 -3.4e+38 297.728668212891 297.587829589844 298.074096679688 298.433441162109 -3.4e+38 298.620361328125 298.660339355469 -3.4e+38 -3.4e+38 -3.4e+38 -3.4e+38 -3.4e+38 -3.4e+38 -3.4e+38 -3.4e+38 -3.4e+38 -3.4e+38 -3.4e+38 -3.4e+38 -3.4e+38 -3.4e+38 -3.4e+38 -3.4e+38 -3.4e+38 -3.4e+38 -3.4e+38 -3.4e+38 -3.4e+38 -3.4e+38 -3.4e+38
295.302520751953 295.366058349609 295.691192626953 296.002746582031 296.116607666016 296.256042480469 296.459991455078 296.155822753906 295.849212646484 296.455444335938 296.226837158203 296.079010009766 296.373321533203 296.552001953125 297.111480712891 297.287902832031 297.287963867188 297.576873779297 297.7666015625 297.491149902344 297.699737548828 298.010833740234 298.2509765625 -3.4e+38 298.783111572266 298.655853271484 -3.4e+38 -3.4e+38 -3.4e+38 -3.4e+38 -3.4e+38 -3.4e+38 -3.4e+38 -3.4e+38 -3.4e+38 -3.4e+38 -3.4e+38 -3.4e+38 -3.4e+38 -3.4e+38 -3.4e+38 -3.4e+38 -3.4e+38 -3.4e+38 -3.4e+38 -3.4e+38 -3.4e+38 -3.4e+38 -3.4e+38
295.586944580078 295.597381591797 295.623626708984 295.936309814453 296.205993652344 296.286071777344 296.435638427734 296.473785400391 296.594665527344 297.114715576172 296.969055175781 296.795806884766 296.456329345703 296.649627685547 297.204467773438 297.292846679688 297.300048828125 297.444946289062 297.372253417969 297.376281738281 297.851806640625 298.103118896484 298.166625976562 298.436798095703 298.686126708984 -3.4e+38 298.647186279297 -3.4e+38 -3.4e+38 -3.4e+38 -3.4e+38 -3.4e+38 -3.4e+38 -3.4e+38 -3.4e+38 -3.4e+38 -3.4e+38 -3.4e+38 -3.4e+38 -3.4e+38 -3.4e+38 -3.4e+38 -3.4e+38 -3.4e+38 -3.4e+38 -3.4e+38 -3.4e+38 -3.4e+38 -3.4e+38
295.575408935547 295.693542480469 295.843475341797 296.115814208984 296.487426757812 296.575347900391 296.489135742188 296.576995849609 296.792297363281 297.018341064453 -3.4e+38 297.160858154297 296.550323486328 296.433624267578 297.016479492188 297.372650146484 297.306945800781 297.176940917969 297.157653808594 297.236297607422 297.527008056641 297.642639160156 297.741638183594 297.97998046875 298.106475830078 298.268035888672 298.509490966797 -3.4e+38 -3.4e+38 -3.4e+38 -3.4e+38 -3.4e+38 -3.4e+38 -3.4e+38 -3.4e+38 -3.4e+38 -3.4e+38 -3.4e+38 -3.4e+38 -3.4e+38 -3.4e+38 -3.4e+38 -3.4e+38 -3.4e+38 -3.4e+38 -3.4e+38 -3.4e+38 -3.4e+38 -3.4e+38
295.575927734375 295.787200927734 295.840209960938 296.092468261719 296.382781982422 296.413238525391 296.446685791016 296.440887451172 296.667083740234 297.022766113281 297.18310546875 297.076019287109 296.634887695312 -3.4e+38 -3.4e+38 297.429748535156 297.337707519531 297.311950683594 297.309478759766 297.365020751953 297.480682373047 297.688171386719 297.795288085938 298.046966552734 298.182739257812 298.325317382812 298.460876464844 -3.4e+38 -3.4e+38 -3.4e+38 -3.4e+38 -3.4e+38 -3.4e+38 -3.4e+38 -3.4e+38 -3.4e+38 -3.4e+38 -3.4e+38 -3.4e+38 -3.4e+38 -3.4e+38 -3.4e+38 -3.4e+38 -3.4e+38 -3.4e+38 -3.4e+38 -3.4e+38 -3.4e+38 -3.4e+38
295.568237304688 295.664428710938 295.836944580078 296.018035888672 296.228271484375 296.354339599609 296.368377685547 296.258544921875 296.48291015625 296.820190429688 297.05908203125 297.28466796875 297.195159912109 -3.4e+38 -3.4e+38 -3.4e+38 297.299774169922 297.388641357422 297.532592773438 297.69482421875 297.741271972656 297.896057128906 298.003997802734 297.973754882812 298.047454833984 298.269927978516 298.274658203125 -3.4e+38 -3.4e+38 -3.4e+38 -3.4e+38 -3.4e+38 -3.4e+38 -3.4e+38 -3.4e+38 -3.4e+38 -3.4e+38 -3.4e+38 -3.4e+38 -3.4e+38 -3.4e+38 -3.4e+38 -3.4e+38 -3.4e+38 -3.4e+38 -3.4e+38 -3.4e+38 -3.4e+38 -3.4e+38
295.533874511719 295.623779296875 295.801513671875 295.812103271484 295.824493408203 296.125366210938 296.393646240234 296.018890380859 296.408294677734 296.502075195312 296.960662841797 297.385437011719 297.412994384766 297.493743896484 -3.4e+38 297.296508789062 297.128631591797 297.377136230469 297.748046875 297.834564208984 297.863311767578 298.004760742188 298.056762695312 297.857971191406 297.893310546875 -3.4e+38 298.053009033203 298.069854736328 298.259460449219 298.350067138672 -3.4e+38 -3.4e+38 -3.4e+38 -3.4e+38 -3.4e+38 -3.4e+38 -3.4e+38 -3.4e+38 -3.4e+38 -3.4e+38 -3.4e+38 -3.4e+38 -3.4e+38 -3.4e+38 -3.4e+38 -3.4e+38 -3.4e+38 -3.4e+38 -3.4e+38
295.081024169922 295.365631103516 295.652465820312 295.676361083984 295.502197265625 295.658843994141 295.953796386719 296.098907470703 296.393676757812 296.589630126953 297.011535644531 297.1953125 297.281463623047 297.476867675781 297.531646728516 297.389190673828 297.213836669922 297.381652832031 297.654052734375 297.831146240234 297.851257324219 297.917022705078 297.974487304688 298.000885009766 -3.4e+38 297.96533203125 297.994964599609 298.076873779297 298.186645507812 298.35595703125 -3.4e+38 -3.4e+38 -3.4e+38 -3.4e+38 -3.4e+38 -3.4e+38 -3.4e+38 -3.4e+38 -3.4e+38 -3.4e+38 -3.4e+38 -3.4e+38 -3.4e+38 -3.4e+38 -3.4e+38 -3.4e+38 -3.4e+38 -3.4e+38 -3.4e+38
294.757263183594 294.927551269531 295.151977539062 295.283264160156 295.2080078125 295.264709472656 295.552215576172 296.360534667969 296.369171142578 296.421020507812 296.711242675781 296.765411376953 296.976104736328 297.426361083984 297.5283203125 297.496856689453 297.411010742188 297.403869628906 297.477874755859 297.766723632812 297.822204589844 297.850860595703 297.957824707031 298.009094238281 297.951019287109 297.961853027344 297.98193359375 298.056335449219 298.163391113281 298.317291259766 -3.4e+38 -3.4e+38 -3.4e+38 -3.4e+38 -3.4e+38 -3.4e+38 -3.4e+38 -3.4e+38 -3.4e+38 -3.4e+38 -3.4e+38 -3.4e+38 -3.4e+38 -3.4e+38 -3.4e+38 -3.4e+38 -3.4e+38 -3.4e+38 -3.4e+38
294.629058837891 294.831573486328 294.7919921875 294.893005371094 295.066284179688 295.270477294922 295.461944580078 295.998016357422 296.073150634766 295.798706054688 296.165466308594 296.448944091797 296.769592285156 297.422882080078 297.524993896484 297.519287109375 297.454528808594 297.400329589844 297.509490966797 297.717010498047 297.818817138672 297.872772216797 297.974487304688 297.977935791016 298.014190673828 298.054473876953 298.014831542969 297.973114013672 298.012634277344 298.057556152344 -3.4e+38 -3.4e+38 -3.4e+38 -3.4e+38 -3.4e+38 -3.4e+38 -3.4e+38 -3.4e+38 -3.4e+38 -3.4e+38 -3.4e+38 -3.4e+38 -3.4e+38 -3.4e+38 -3.4e+38 -3.4e+38 -3.4e+38 -3.4e+38 -3.4e+38
294.289459228516 294.697479248047 294.762908935547 294.783203125 295.031860351562 295.444732666016 295.499298095703 295.619415283203 295.614227294922 295.561004638672 295.847198486328 296.223419189453 296.614379882812 296.91845703125 297.091186523438 297.394348144531 297.451385498047 297.363464355469 297.552307128906 297.646118164062 297.69287109375 297.835296630859 297.943634033203 298.086608886719 298.126922607422 298.12158203125 298.056640625 297.944396972656 297.939208984375 297.93408203125 -3.4e+38 -3.4e+38 -3.4e+38 -3.4e+38 -3.4e+38 -3.4e+38 -3.4e+38 -3.4e+38 -3.4e+38 -3.4e+38 -3.4e+38 -3.4e+38 -3.4e+38 -3.4e+38 -3.4e+38 -3.4e+38 -3.4e+38 -3.4e+38 -3.4e+38
293.98681640625 294.458679199219 294.819854736328 294.817779541016 295.163635253906 295.619689941406 295.69482421875 296.137115478516 295.867523193359 295.767700195312 296.004089355469 295.981170654297 296.529937744141 296.524139404297 296.818359375 297.418273925781 297.481323242188 297.395538330078 297.420684814453 297.469421386719 297.63037109375 297.901641845703 297.980804443359 298.128845214844 298.123474121094 298.118103027344 298.087677001953 298.002899169922 297.935699462891 297.930541992188 -3.4e+38 -3.4e+38 -3.4e+38 -3.4e+38 -3.4e+38 -3.4e+38 -3.4e+38 -3.4e+38 -3.4e+38 -3.4e+38 -3.4e+38 -3.4e+38 -3.4e+38 -3.4e+38 -3.4e+38 -3.4e+38 -3.4e+38 -3.4e+38 -3.4e+38
293.911041259766 294.133178710938 294.505157470703 294.866119384766 295.245513916016 295.491516113281 295.454467773438 296.253601074219 296.395599365234 296.255493164062 296.384246826172 296.277954101562 296.587371826172 296.717102050781 297.197662353516 297.448333740234 297.470550537109 297.345062255859 297.258544921875 297.372924804688 297.584716796875 297.8466796875 298.023162841797 298.125396728516 298.086059570312 -3.4e+38 -3.4e+38 298.079071044922 297.994384765625 297.927032470703 -3.4e+38 -3.4e+38 -3.4e+38 -3.4e+38 -3.4e+38 -3.4e+38 -3.4e+38 -3.4e+38 -3.4e+38 -3.4e+38 -3.4e+38 -3.4e+38 -3.4e+38 -3.4e+38 -3.4e+38 -3.4e+38 -3.4e+38 -3.4e+38 -3.4e+38
293.390808105469 293.925811767578 294.1123046875 294.650482177734 295.035064697266 295.043487548828 295.058563232422 295.97216796875 296.365081787109 296.540832519531 296.535003662109 296.554779052734 296.603668212891 296.862030029297 297.331695556641 297.364776611328 297.380798339844 297.269409179688 297.269561767578 297.402618408203 297.591979980469 297.750366210938 297.985931396484 298.060180664062 -3.4e+38 -3.4e+38 297.862121582031 297.817779541016 297.973968505859 297.923553466797 297.915252685547 -3.4e+38 -3.4e+38 -3.4e+38 -3.4e+38 -3.4e+38 -3.4e+38 -3.4e+38 -3.4e+38 -3.4e+38 -3.4e+38 -3.4e+38 -3.4e+38 -3.4e+38 -3.4e+38 -3.4e+38 -3.4e+38 -3.4e+38 -3.4e+38
292.234527587891 293.140869140625 293.968566894531 294.321868896484 294.623962402344 294.356719970703 294.900268554688 295.751831054688 295.910034179688 296.416320800781 296.53173828125 296.525909423828 296.545593261719 296.663940429688 296.826263427734 297.030609130859 297.330169677734 297.266235351562 297.313018798828 297.357818603516 297.445434570312 297.489776611328 297.47607421875 297.443237304688 297.806579589844 -3.4e+38 -3.4e+38 297.793792724609 297.89111328125 297.857574462891 297.909301757812 -3.4e+38 -3.4e+38 -3.4e+38 -3.4e+38 -3.4e+38 -3.4e+38 -3.4e+38 -3.4e+38 -3.4e+38 -3.4e+38 -3.4e+38 -3.4e+38 -3.4e+38 -3.4e+38 -3.4e+38 -3.4e+38 -3.4e+38 -3.4e+38
