rcp8.5models/MPI_ESM_LR/sc1gr0.39
NCOLS 261 
NROWS 433 
XLLCORNER 336357.134 
YLLCORNER 654653.479 
CELLSIZE 1000 
NODATA_value -3.4e+38 
[rows 242 to 263 of 433, columns 147 to 195 of 261]
79.4245986938477 80.0880355834961 80.8828964233398 80.6270751953125 79.3343887329102 78.508430480957 78.1315307617188 77.8684921264648 77.5291900634766 77.2399063110352 76.9245147705078 76.6647567749023 76.5361251831055 76.3531951904297 76.0153045654297 75.7897415161133 75.719367980957 75.6474609375 75.4602737426758 75.3958129882812 75.2584838867188 75.1428146362305 74.5221328735352 74.4227752685547 74.3576431274414 74.2043151855469 74.2778015136719 74.1125030517578 73.9806594848633 73.9121475219727 73.7195434570312 73.4391250610352 73.1547088623047 72.7028427124023 72.3925552368164 72.2522735595703 72.2088165283203 72.1081314086914 -3.4e+38 -3.4e+38 71.3249359130859 70.9083404541016 70.7561264038086 70.6880798339844 70.5679244995117 70.0571594238281 70.1327514648438 70.0079879760742 69.8682250976562
79.7151336669922 80.2159042358398 80.8680725097656 80.1801605224609 79.0789413452148 78.5431518554688 78.2523803710938 77.9082641601562 77.7130355834961 77.4974136352539 77.1809692382812 76.8443908691406 76.6114883422852 76.3656463623047 76.1837997436523 76.1282348632812 75.9487915039062 75.7665481567383 75.642219543457 75.6917343139648 75.4792175292969 75.3412628173828 74.9806518554688 74.8428268432617 74.6147766113281 74.53662109375 74.5373153686523 74.4034957885742 74.2826232910156 74.2328338623047 73.9886169433594 73.7271194458008 73.5641021728516 72.9366149902344 72.761848449707 72.7981262207031 72.6043014526367 72.3541946411133 72.0477981567383 -3.4e+38 -3.4e+38 71.4034423828125 71.1845397949219 70.9947738647461 71.0013961791992 71.5945129394531 71.3089065551758 70.6112747192383 70.2596664428711
79.8475875854492 80.4699401855469 81.0390319824219 80.0979156494141 79.1609725952148 78.5466079711914 78.2344665527344 77.8920974731445 77.7226943969727 77.5778503417969 77.2480850219727 76.8922882080078 76.6900634765625 76.4742279052734 -3.4e+38 76.1510620117188 75.9909973144531 75.851432800293 75.7588195800781 75.7446594238281 75.5337982177734 75.4575119018555 75.0957412719727 74.9918594360352 74.872688293457 74.6837005615234 74.7206344604492 74.7134323120117 74.8115921020508 74.655143737793 74.3486633300781 73.9504776000977 73.6259307861328 73.1478271484375 72.9430770874023 72.9423980712891 72.6654891967773 -3.4e+38 -3.4e+38 -3.4e+38 -3.4e+38 71.5756072998047 71.4322204589844 71.2158050537109 71.1410522460938 70.8897476196289 70.8488616943359 70.6164779663086 70.2173309326172
80.1173248291016 80.9147644042969 81.3701324462891 80.1369705200195 79.2525177001953 78.651496887207 78.3782348632812 78.0498123168945 77.7167892456055 77.5226287841797 77.2660675048828 76.8434600830078 76.6950454711914 76.5495452880859 -3.4e+38 76.2052001953125 76.0983810424805 75.9092330932617 75.7974395751953 75.7790222167969 75.6088638305664 75.494270324707 75.2080993652344 75.2420425415039 75.1514205932617 74.8921966552734 74.8745193481445 75.2459411621094 75.9948501586914 75.5175552368164 74.7772903442383 74.2258224487305 73.8571853637695 73.3874588012695 73.2209091186523 73.0527114868164 72.7085876464844 -3.4e+38 -3.4e+38 -3.4e+38 71.8910140991211 71.797477722168 71.7627105712891 71.6404113769531 71.5243606567383 70.9253463745117 70.739128112793 70.596061706543 70.3193817138672
80.2485656738281 80.9524307250977 81.8004989624023 80.7760696411133 79.3315658569336 78.7171173095703 78.5472183227539 78.233039855957 77.878303527832 77.5161056518555 77.3405151367188 76.8754959106445 76.6956100463867 76.6334075927734 76.4164962768555 76.2388687133789 76.1164932250977 76.0127182006836 75.849365234375 75.7614669799805 75.7097473144531 75.5794296264648 75.3078842163086 75.323356628418 75.110466003418 74.9918518066406 75.030143737793 75.4621429443359 76.0774078369141 75.9349136352539 75.0603866577148 74.3050689697266 74.047966003418 73.4178085327148 73.3142395019531 73.1278533935547 72.8266754150391 -3.4e+38 -3.4e+38 -3.4e+38 -3.4e+38 71.9085693359375 72.3996353149414 72.8766403198242 71.6140975952148 71.0734558105469 70.7534866333008 70.4885101318359 70.2697830200195
80.2545471191406 80.782585144043 81.4268493652344 80.3970794677734 79.235595703125 78.7378311157227 78.4975357055664 78.2699508666992 78.0000534057617 -3.4e+38 77.4414596557617 77.0670928955078 76.8049011230469 76.6047668457031 76.5310974121094 76.4294967651367 76.2346954345703 76.1399002075195 75.9036102294922 75.7136611938477 75.6463012695312 75.5808486938477 75.3206253051758 75.3293914794922 75.1155624389648 75.119514465332 75.3320693969727 75.3531799316406 75.2716903686523 75.3647155761719 74.8968048095703 74.3838195800781 74.0764389038086 73.3433303833008 73.3035354614258 73.1687622070312 72.9635162353516 72.8666381835938 -3.4e+38 -3.4e+38 -3.4e+38 -3.4e+38 72.3016204833984 72.7190704345703 71.4674606323242 71.2104187011719 70.8385543823242 70.4239196777344 70.1320495605469
80.3291854858398 80.6293792724609 80.7140045166016 79.7562866210938 79.0822525024414 78.8111190795898 78.4557800292969 78.2642669677734 78.0904083251953 77.8860702514648 77.5862579345703 77.3609924316406 77.0013580322266 76.7158203125 76.7039489746094 76.5636978149414 76.375 76.2269439697266 75.9813385009766 75.9516220092773 75.7684173583984 75.6311340332031 75.3141021728516 75.343994140625 75.2808380126953 75.22021484375 75.3140029907227 75.270622253418 75.125358581543 75.0466079711914 74.9463348388672 74.6898727416992 74.2272567749023 73.4947509765625 73.3383865356445 -3.4e+38 73.0361557006836 -3.4e+38 -3.4e+38 -3.4e+38 72.3003692626953 72.0794372558594 71.907341003418 71.830810546875 71.5130233764648 71.0878067016602 70.8954467773438 70.6015014648438 70.1939392089844
80.4596328735352 80.8530960083008 81.2695617675781 80.5012435913086 79.1732559204102 78.9577026367188 78.5700607299805 78.3812255859375 78.2474899291992 77.9413452148438 77.7412490844727 77.3502197265625 77.1424865722656 76.9536437988281 76.7845458984375 76.6703262329102 76.5495223999023 76.3446426391602 76.0630798339844 76.0930557250977 75.9211044311523 75.7739639282227 75.521369934082 75.5240707397461 75.4149856567383 -3.4e+38 -3.4e+38 75.222900390625 75.1533966064453 75.2764511108398 75.238166809082 74.7715682983398 74.3313598632812 73.8091278076172 73.4711685180664 73.264778137207 -3.4e+38 -3.4e+38 -3.4e+38 72.6015853881836 72.4847946166992 72.3247756958008 72.195198059082 71.9234313964844 71.5734405517578 71.036979675293 70.9666366577148 70.7812576293945 70.3274002075195
80.6899948120117 80.9825744628906 81.8383941650391 81.5176696777344 79.2567749023438 79.067138671875 78.8032836914062 78.6259765625 78.4777908325195 78.0636138916016 77.8116989135742 77.3684005737305 77.2419891357422 -3.4e+38 -3.4e+38 76.8530197143555 76.8045883178711 76.5458831787109 76.1277847290039 76.0878295898438 76.097412109375 75.9452209472656 75.6827545166016 75.6845321655273 75.6149215698242 75.2966079711914 -3.4e+38 -3.4e+38 75.2019271850586 75.3652954101562 75.2487564086914 74.8713760375977 74.7705459594727 73.8669509887695 73.5220718383789 73.4213104248047 -3.4e+38 -3.4e+38 -3.4e+38 72.8581085205078 72.7123565673828 72.6891174316406 72.6824722290039 72.2948760986328 71.6017379760742 71.0911026000977 70.9354934692383 70.9037857055664 70.7253265380859
80.7212448120117 80.6676559448242 81.4570541381836 81.6120071411133 79.2750701904297 79.0412902832031 78.8908538818359 78.8032760620117 78.6420211791992 78.2306289672852 78.0058898925781 77.5198516845703 77.3016357421875 -3.4e+38 76.9506530761719 76.9517593383789 76.9118499755859 76.6984558105469 76.3156509399414 76.2485122680664 76.2190093994141 76.1445159912109 75.7760696411133 75.7627182006836 75.7967910766602 75.5795288085938 75.6145706176758 75.7156448364258 75.409049987793 75.2902603149414 75.1996917724609 75.0739440917969 74.9148406982422 73.8675994873047 73.6054611206055 73.4741516113281 73.352409362793 -3.4e+38 -3.4e+38 72.8682861328125 72.9095001220703 72.6848068237305 72.6820526123047 72.4990768432617 71.8449096679688 71.2508773803711 70.9048690795898 70.8816299438477 70.9177398681641
80.7085952758789 80.8081817626953 81.5383834838867 81.7727279663086 80.0559921264648 79.2549743652344 78.9478225708008 78.7620010375977 78.541618347168 78.3029251098633 78.0949554443359 77.507194519043 77.3919143676758 -3.4e+38 77.0790023803711 76.9987945556641 76.8745193481445 76.8005981445312 76.5712890625 76.4328765869141 76.3124694824219 76.2255554199219 76.0060882568359 75.9198532104492 75.9979858398438 75.9329681396484 76.5342330932617 76.8830490112305 75.7364501953125 75.4736404418945 75.3206481933594 74.950553894043 74.6355209350586 74.0076293945312 73.8045120239258 73.6002883911133 73.4060363769531 73.2269897460938 73.0797653198242 -3.4e+38 72.80322265625 72.6064071655273 72.7426376342773 72.7131958007812 72.2228851318359 71.5332565307617 71.012451171875 70.7980194091797 70.8187026977539
81.0567932128906 80.9730529785156 81.7712631225586 82.3995971679688 80.6835556030273 79.6740264892578 79.2623138427734 78.6859817504883 78.4708404541016 78.4809188842773 78.2836074829102 77.6035690307617 77.4632339477539 -3.4e+38 77.1960601806641 77.0599365234375 76.9112243652344 76.827522277832 76.7085571289062 76.5760192871094 76.4397048950195 76.2488708496094 76.1728363037109 76.048698425293 76.1929016113281 76.3247985839844 77.0523223876953 77.4772491455078 75.8535766601562 75.662727355957 75.4928894042969 75.0578918457031 74.748779296875 74.1668014526367 74.0500869750977 73.7806777954102 73.5934448242188 73.3805618286133 73.2211990356445 -3.4e+38 72.7838287353516 72.6731948852539 72.9521026611328 72.9973068237305 72.3901443481445 71.7128601074219 71.2323150634766 70.8387908935547 70.7646179199219
81.1792297363281 80.9146423339844 81.3453979492188 81.8285675048828 80.40234375 79.5710144042969 79.2471389770508 78.7372055053711 78.4869613647461 78.4563293457031 78.3064193725586 77.8159866333008 77.584342956543 -3.4e+38 77.3402633666992 77.2951278686523 77.0584945678711 76.8358383178711 76.8002395629883 76.6920318603516 76.5428466796875 76.4259262084961 76.3036193847656 76.2997055053711 76.2906799316406 76.4463729858398 76.5764541625977 76.6769027709961 75.8907928466797 75.9443130493164 75.9417953491211 75.5843658447266 74.9919738769531 74.3497161865234 74.2464141845703 73.839225769043 73.6875610351562 73.5163497924805 73.3188934326172 -3.4e+38 73.0384826660156 72.9193801879883 72.8899078369141 72.7687301635742 72.4500045776367 71.828010559082 71.3955307006836 71.061164855957 70.7694473266602
82.3108749389648 81.8672714233398 82.092414855957 82.201789855957 80.3871383666992 79.4170074462891 79.1015625 78.9439315795898 78.6879043579102 78.5433807373047 78.2059860229492 77.7827072143555 77.6756973266602 77.5527877807617 77.414909362793 77.2844314575195 77.1096801757812 77.1009750366211 77.1417388916016 76.7186737060547 76.4805374145508 76.5230560302734 76.5202484130859 76.4229125976562 76.3633346557617 76.3739776611328 75.9523315429688 76.0043869018555 76.0963821411133 76.0528717041016 76.0634536743164 75.7260894775391 75.2010955810547 74.5914001464844 74.586181640625 74.3563385009766 74.1549911499023 73.9771423339844 73.6433334350586 73.2331390380859 73.175178527832 73.1462631225586 72.7817535400391 72.5991363525391 72.5177688598633 71.8688583374023 71.6156921386719 71.2995910644531 70.9503326416016
82.6772613525391 82.1410369873047 82.4792098999023 82.8152236938477 80.942253112793 79.5667495727539 79.2674026489258 79.1594314575195 78.9838943481445 78.8179626464844 78.4094467163086 77.9443206787109 77.7932281494141 -3.4e+38 77.4109344482422 77.3302688598633 77.1812210083008 77.1358261108398 77.2527160644531 76.8791885375977 76.5605621337891 76.5627212524414 76.5386428833008 -3.4e+38 -3.4e+38 76.1288528442383 -3.4e+38 75.9962539672852 76.0974578857422 76.2277755737305 76.5595474243164 76.0237426757812 75.4053955078125 74.6883392333984 74.691047668457 74.5149154663086 74.2420272827148 73.9807662963867 73.592658996582 73.4456634521484 73.3759002685547 73.209114074707 72.7467651367188 72.5324859619141 72.4340667724609 71.9346008300781 71.5406799316406 71.2403717041016 70.9798812866211
83.0731735229492 82.7115631103516 82.5732269287109 82.6540145874023 80.9793548583984 79.7945861816406 79.7986755371094 79.5037612915039 79.0351409912109 78.7751312255859 78.547981262207 78.0128479003906 77.8951873779297 -3.4e+38 77.5881423950195 77.51123046875 77.2319107055664 77.1235961914062 77.2558441162109 77.0945205688477 76.8074264526367 76.7079772949219 76.5744400024414 -3.4e+38 -3.4e+38 -3.4e+38 76.2653350830078 -3.4e+38 76.2666854858398 76.7950744628906 77.2380065917969 76.0484466552734 75.4681167602539 75.03857421875 74.8214492797852 74.5743255615234 74.257568359375 74.0506362915039 73.6550674438477 73.5869827270508 73.6246643066406 73.463020324707 73.0085144042969 72.6263275146484 72.3305816650391 71.9502563476562 71.5337982177734 71.2861480712891 71.1483535766602
83.6883773803711 83.0156936645508 82.6717681884766 82.671875 81.4040451049805 80.6231918334961 81.1830139160156 80.4071731567383 79.0198974609375 78.8487701416016 78.6554718017578 78.0519561767578 77.8834686279297 77.8217926025391 77.7129211425781 77.6614761352539 77.5102081298828 77.3705444335938 77.4400329589844 77.2931060791016 77.0026473999023 76.8252410888672 76.6794204711914 -3.4e+38 76.5369338989258 76.5663681030273 76.6967849731445 76.7196731567383 76.5763549804688 77.3023986816406 77.994140625 75.7764205932617 75.5278701782227 75.195930480957 74.9408721923828 74.6687622070312 74.4288787841797 74.2410354614258 73.7908325195312 73.7467193603516 73.7431793212891 73.6003646850586 73.295524597168 72.7798843383789 72.4047088623047 71.9584884643555 71.7209854125977 71.4975662231445 71.3465805053711
84.4220123291016 83.5073089599609 83.1445922851562 83.0903244018555 82.2356185913086 81.4055328369141 81.6453552246094 80.9157867431641 79.0362091064453 78.870002746582 78.7115020751953 78.1256637573242 77.8653335571289 77.8701858520508 77.7202911376953 77.6973037719727 77.6847457885742 77.5665512084961 77.4845733642578 77.3355255126953 77.1078262329102 76.9291839599609 76.8408889770508 76.7570953369141 76.7472610473633 76.9668655395508 77.4794464111328 78.5980606079102 79.2081298828125 78.3948287963867 77.4007186889648 76.0163955688477 75.7493515014648 75.2508773803711 75.0892105102539 74.7241668701172 74.4294357299805 74.1871490478516 73.913932800293 73.9663467407227 73.8673095703125 73.4973602294922 73.2080764770508 72.7408065795898 72.3505096435547 72.0849990844727 71.9861907958984 71.6264343261719 71.4782485961914
85.5538940429688 84.6037979125977 83.761360168457 83.171142578125 82.4150619506836 81.5440902709961 80.9398040771484 80.7590103149414 79.0172805786133 78.7861938476562 78.7364883422852 78.2481002807617 78.0012435913086 77.9479904174805 77.7410583496094 77.772834777832 77.8410034179688 77.5996246337891 77.5215454101562 77.5198593139648 77.2987518310547 77.0046844482422 -3.4e+38 -3.4e+38 -3.4e+38 77.4649200439453 78.8755416870117 80.5778579711914 80.4365234375 77.9612884521484 76.6114730834961 76.3660430908203 76.0913009643555 75.3807907104492 75.0883026123047 74.6778259277344 74.3835906982422 74.3152313232422 74.0860290527344 74.0701446533203 74.1001434326172 73.7225952148438 73.2147979736328 72.798469543457 72.4696350097656 72.3384475708008 72.2225646972656 71.8968658447266 71.7965316772461
86.2928619384766 85.1697998046875 83.4096908569336 82.0554580688477 81.427978515625 81.0539016723633 80.7112655639648 80.5375366210938 79.1546249389648 79.0677642822266 78.9717636108398 78.4487533569336 78.1877746582031 -3.4e+38 77.8199768066406 77.9503860473633 78.1371612548828 77.8549499511719 77.6845932006836 77.5811614990234 77.3376770019531 77.0974273681641 -3.4e+38 -3.4e+38 -3.4e+38 77.503288269043 78.7427825927734 79.0572128295898 77.9575881958008 76.6264190673828 76.6493225097656 76.4606628417969 76.1289825439453 75.4916534423828 75.072998046875 74.7879867553711 74.5796203613281 74.4669723510742 74.2184524536133 74.1914520263672 74.1292190551758 73.8778533935547 73.3845520019531 73.0572280883789 72.7673950195312 72.6286697387695 72.5881652832031 72.2793045043945 72.0403289794922
85.6342239379883 84.3483352661133 82.5211563110352 81.7662506103516 81.6369094848633 81.0658111572266 80.4972686767578 80.3877258300781 80.0673828125 79.8521270751953 79.1372146606445 78.6362380981445 78.3774261474609 -3.4e+38 77.9663696289062 78.0916976928711 78.1905364990234 78.0578079223633 77.8423614501953 77.6882400512695 77.4104537963867 77.1712188720703 -3.4e+38 -3.4e+38 -3.4e+38 -3.4e+38 77.2870712280273 76.9321899414062 76.5553970336914 76.5755386352539 76.6479187011719 76.5329818725586 76.1744537353516 75.6653060913086 75.3234405517578 75.0891952514648 74.865478515625 74.6082916259766 74.3897933959961 74.3768692016602 74.0331115722656 73.9858551025391 73.8746490478516 73.3598175048828 72.9645767211914 72.8875732421875 72.9772109985352 72.5635375976562 72.2408981323242
84.8924942016602 83.3078536987305 82.4579772949219 83.0732192993164 83.3534240722656 82.1611480712891 80.3373260498047 80.4098892211914 80.5261840820312 79.8538589477539 78.9998016357422 78.6498184204102 78.3896942138672 78.1209335327148 78.0392837524414 78.1427612304688 78.1455230712891 78.0394744873047 77.8879089355469 77.9218063354492 77.6833877563477 77.3510055541992 -3.4e+38 -3.4e+38 -3.4e+38 76.8912353515625 76.8423919677734 76.8061447143555 76.7264633178711 76.6775054931641 76.7373504638672 76.6306304931641 76.3444061279297 75.6904449462891 75.4854278564453 75.2703323364258 74.9629745483398 74.7038497924805 74.5040740966797 74.545524597168 74.2475357055664 74.1627960205078 74.0860748291016 73.4997940063477 73.0373840332031 73.0225448608398 73.0948715209961 72.8990325927734 72.5225448608398
