rcp8.5models/MPI_ESM_LR/sc1gr8.23
NCOLS 261 
NROWS 433 
XLLCORNER 336357.134 
YLLCORNER 654653.479 
CELLSIZE 1000 
NODATA_value -3.4e+38 
[rows 198 to 219 of 433, columns 98 to 146 of 261]
30.3355751037598 30.0625514984131 30.0893840789795 30.2950344085693 29.9503116607666 29.6601409912109 29.3966693878174 29.5389080047607 29.8286514282227 29.6391639709473 29.3842811584473 29.4107780456543 29.3577079772949 29.0732841491699 28.8523349761963 28.7978057861328 28.5154628753662 28.2745609283447 28.4227085113525 28.674747467041 28.4376201629639 28.2659893035889 28.2257804870605 28.2969551086426 28.0528392791748 27.7988052368164 27.9546337127686 27.9892559051514 27.8507461547852 27.9941635131836 28.1095581054688 28.128381729126 28.2261619567871 28.451639175415 28.5162563323975 28.5761756896973 28.7340774536133 29.428768157959 29.7161407470703 29.9498310089111 30.0761890411377 30.0975818634033 30.6110782623291 30.961820602417 31.1244144439697 31.3155994415283 31.098840713501 31.6014347076416 31.6161632537842
30.7179107666016 30.4257545471191 30.2404384613037 30.5652198791504 30.092716217041 30.0394248962402 29.8578453063965 29.8085918426514 29.7265338897705 29.9181270599365 29.7279205322266 29.4748840332031 29.5005836486816 29.4461154937744 28.9158763885498 28.9404830932617 28.7781410217285 28.3376445770264 28.4897079467773 28.8699417114258 28.8044967651367 28.373384475708 28.39599609375 28.3152542114258 28.109546661377 28.0790405273438 27.9015769958496 28.0351390838623 28.1730766296387 28.1806049346924 28.0769672393799 28.2501087188721 28.4068965911865 28.5042457580566 28.7500896453857 28.8901309967041 29.0091133117676 29.3671016693115 29.6690425872803 30.0761947631836 30.2798042297363 30.2623977661133 30.9586906433105 31.1343173980713 31.1324234008789 31.5165214538574 31.4939041137695 31.9322662353516 31.8351669311523
31.1606979370117 30.8603134155273 30.7384605407715 -3.4e+38 30.5601825714111 30.4717807769775 30.206506729126 30.2028388977051 30.0859203338623 29.9537830352783 30.0073661804199 29.8168125152588 29.5657577514648 29.5905475616455 28.9807014465332 -3.4e+38 29.0041332244873 -3.4e+38 28.6641998291016 28.822717666626 28.8380012512207 28.5974597930908 28.4608287811279 28.4367408752441 28.3924198150635 28.336030960083 27.933126449585 27.9821166992188 28.2205581665039 28.4019165039062 28.0243072509766 28.2662887573242 28.6302242279053 28.6465187072754 28.73655128479 28.9349098205566 29.0811157226562 29.4943313598633 29.8740940093994 30.1932430267334 30.618824005127 30.7393226623535 31.2565269470215 31.5344676971436 31.3467044830322 31.6255702972412 31.9003772735596 32.2114067077637 32.1617813110352
31.5975399017334 31.4741630554199 31.2175674438477 30.719446182251 30.9111042022705 30.8538932800293 30.5587215423584 30.3870162963867 30.5651664733887 30.2726860046387 30.0438613891602 30.0968246459961 29.9061393737793 29.656867980957 29.3146934509277 -3.4e+38 -3.4e+38 -3.4e+38 -3.4e+38 28.8591995239258 28.8803405761719 28.7854347229004 28.5268459320068 28.5470314025879 28.5657997131348 28.5027198791504 28.0994682312012 28.0138206481934 28.2089462280273 28.5667419433594 28.2923641204834 28.1540546417236 28.4602813720703 28.7114868164062 28.8619403839111 29.1580333709717 29.1897583007812 29.7517795562744 30.1172637939453 30.4012088775635 30.8611640930176 31.1994247436523 31.4250984191895 32.0654449462891 32.0312004089355 31.9990901947021 32.4222984313965 32.6225433349609 32.7796401977539
32.0289878845215 32.2521286010742 31.6594276428223 31.1913681030273 31.2683448791504 31.0009021759033 30.9954376220703 30.8761615753174 30.7132968902588 30.6535396575928 30.3606719970703 30.1343631744385 30.1868209838867 29.9957218170166 -3.4e+38 -3.4e+38 -3.4e+38 -3.4e+38 29.467493057251 -3.4e+38 28.9475517272949 28.9564876556396 28.8454093933105 28.6136817932129 28.631872177124 28.6486511230469 28.3849773406982 28.0784587860107 28.1730976104736 28.4761581420898 -3.4e+38 28.3714218139648 28.2351055145264 28.5416088104248 28.9159717559814 29.2770462036133 29.4407272338867 29.9357223510742 30.2378883361816 30.5859470367432 30.9671592712402 31.509162902832 31.9532203674316 32.5366439819336 32.6554565429688 32.580020904541 32.9799995422363 33.2906303405762 33.5782661437988
32.5697250366211 32.605281829834 32.0472106933594 31.5453033447266 31.6541614532471 31.4107494354248 31.3214588165283 31.35959815979 31.0636672973633 30.803258895874 30.7419891357422 30.4493637084961 30.3209915161133 30.5134468078613 29.8953399658203 -3.4e+38 29.6972351074219 -3.4e+38 -3.4e+38 29.4490909576416 29.0159645080566 29.0654144287109 29.116039276123 28.9301319122314 28.6990947723389 28.7152538299561 28.622163772583 28.2881526947021 28.1582202911377 28.3130073547363 28.696907043457 28.7235679626465 28.5485668182373 28.646556854248 28.8916702270508 29.1971797943115 29.8100929260254 30.1647148132324 30.492488861084 30.8158493041992 31.2425727844238 31.8973178863525 32.4075202941895 32.691837310791 33.2458305358887 33.5575408935547 33.9139442443848 34.3031463623047 34.3451080322266
32.8460578918457 32.7893943786621 32.4906349182129 31.9598617553711 31.9968433380127 31.9747085571289 31.887544631958 31.7930965423584 31.4487705230713 31.1521339416504 30.8934917449951 30.8312110900879 30.7057666778564 30.8256340026855 30.4146213531494 -3.4e+38 30.107328414917 29.927074432373 29.6870555877686 29.6238346099854 29.3392677307129 29.1035861968994 29.1512508392334 29.1597347259521 28.9178466796875 28.7829818725586 28.5808792114258 28.3258666992188 28.2236385345459 28.2853202819824 28.5045146942139 28.77512550354 28.8802356719971 28.9342937469482 29.1081123352051 29.4631881713867 30.126012802124 30.7277755737305 30.7791881561279 31.2031402587891 31.5797462463379 32.1880683898926 32.8552742004395 33.2642250061035 33.9129943847656 34.4292221069336 34.8180885314941 35.0026702880859 35.2035522460938
33.2144203186035 32.940357208252 32.8809967041016 32.9138526916504 32.6065864562988 32.511402130127 32.2448501586914 32.1805877685547 31.8812217712402 31.5377731323242 31.2409229278564 30.9843006134033 31.0890560150146 31.2103252410889 -3.4e+38 -3.4e+38 30.3665466308594 30.302526473999 30.0152072906494 29.7757587432861 29.7101154327393 29.4247379302979 29.189624786377 29.20387840271 29.1671409606934 28.9589900970459 28.3814544677734 28.216911315918 28.1446342468262 28.2992134094238 28.3628597259521 28.5198802947998 28.7092914581299 29.0930328369141 29.4302806854248 29.6335296630859 30.1983947753906 31.1946983337402 31.2201957702637 31.8055572509766 32.1968383789062 32.5554466247559 33.2199859619141 33.7744445800781 34.2838363647461 35.0679168701172 35.5042762756348 35.6508483886719 36.0905456542969
33.7986602783203 33.4988441467285 33.2651557922363 33.5535125732422 33.2521820068359 32.9020233154297 32.6011390686035 32.3355369567871 32.2691688537598 31.9691600799561 31.6269073486328 31.3299674987793 31.2447147369385 31.5943698883057 -3.4e+38 -3.4e+38 -3.4e+38 30.4565410614014 30.390022277832 30.1017646789551 29.862813949585 29.794713973999 29.5085468292236 29.273962020874 29.2859973907471 29.1538848876953 28.6545372009277 28.4804191589355 28.2341747283936 28.4629745483398 28.6489086151123 28.4747695922852 28.5218238830566 28.963472366333 29.445592880249 29.8609580993652 30.2719020843506 31.3131504058838 31.7916049957275 32.1922760009766 32.7523460388184 33.1816253662109 33.6510124206543 34.0639190673828 34.7467765808105 35.5861701965332 36.040641784668 36.3264961242676 37.1441421508789
34.3813171386719 34.0663261413574 34.0080833435059 33.7096824645996 33.6448860168457 33.4560317993164 33.2738876342773 32.8031539916992 32.7033462524414 32.357421875 32.0570068359375 31.8138942718506 31.8276901245117 31.752025604248 31.3931541442871 -3.4e+38 -3.4e+38 30.5302085876465 30.5448455810547 30.3694953918457 29.9958782196045 30.1926727294922 30.2180843353271 29.9314842224121 29.5952548980713 29.3178081512451 28.9805278778076 29.0564632415771 28.5322418212891 28.3620681762695 28.6513900756836 28.5516052246094 28.6841487884521 29.0790462493896 29.640344619751 30.212287902832 30.5997352600098 31.5029392242432 31.9998092651367 32.1273193359375 32.9109802246094 33.5532493591309 34.1828346252441 34.7571716308594 35.4376068115234 36.2844161987305 36.5898017883301 36.8843269348145 38.179859161377
35.5140190124512 35.45751953125 35.1182136535645 34.664852142334 34.4760589599609 34.3741302490234 34.022533416748 33.8315811157227 33.6701545715332 33.2636604309082 33.1768760681152 32.9441452026367 32.8209991455078 32.4833335876465 31.9358196258545 31.8648986816406 31.56982421875 31.3236064910889 31.2049369812012 30.8496589660645 30.7742538452148 30.8553600311279 30.7144794464111 30.6420841217041 30.3555431365967 29.937536239624 29.1068744659424 28.8681011199951 28.5397338867188 28.8093719482422 29.2409477233887 28.9907341003418 29.2622833251953 29.7890586853027 30.6196594238281 30.8621273040771 31.2594165802002 32.2783966064453 32.6846122741699 33.215461730957 33.9175300598145 34.5819282531738 35.6237373352051 36.293701171875 37.4384346008301 37.6125144958496 37.4945983886719 38.5433921813965 40.739917755127
36.435001373291 36.1172943115234 35.9102516174316 35.3677444458008 35.3057403564453 35.0509033203125 -3.4e+38 34.4781112670898 34.3627395629883 34.0073127746582 33.749698638916 33.4104423522949 33.2109375 32.9104957580566 32.3358535766602 32.1684608459473 31.9514865875244 31.7167434692383 31.5795421600342 31.4567279815674 31.2322235107422 31.0116004943848 31.0361747741699 30.862907409668 30.8701343536377 30.3553409576416 29.4145183563232 28.7682247161865 29.1614952087402 29.422082901001 29.9235591888428 29.8090515136719 29.9104976654053 30.3845310211182 31.0506858825684 31.4490413665771 31.8381805419922 32.7826995849609 33.3551788330078 33.879566192627 34.6188621520996 35.2071228027344 36.1977233886719 37.1280364990234 37.7508354187012 37.7300109863281 37.9887504577637 39.3517837524414 42.3382606506348
36.9720840454102 36.6673355102539 36.3516426086426 36.1580696105957 35.83203125 35.7109222412109 35.5217247009277 34.9363136291504 34.6705131530762 34.5764083862305 34.2525520324707 33.9654693603516 33.6410217285156 33.2997970581055 32.912223815918 32.6763534545898 32.2563781738281 32.1863670349121 32.2409858703613 31.9966163635254 31.8301086425781 31.4499626159668 31.4100303649902 31.232213973999 31.2068290710449 31.0154438018799 29.982515335083 29.3109588623047 30.1251354217529 30.360034942627 30.2220783233643 30.0916156768799 30.5831336975098 31.1694869995117 31.4284248352051 32.0320091247559 32.4743232727051 33.2872352600098 33.7840347290039 34.4277877807617 35.139289855957 35.9232025146484 36.8232231140137 38.1710472106934 38.8073768615723 39.0881805419922 40.0899238586426 41.1366958618164 43.7678565979004
37.5874519348145 37.5569725036621 37.2473106384277 36.8571739196777 36.6071090698242 36.4751014709473 36.282169342041 35.669979095459 35.2830467224121 35.1568336486816 35.7053680419922 36.1022872924805 34.0326881408691 33.727840423584 33.5830154418945 33.2474594116211 32.9066467285156 32.5303535461426 32.4461822509766 32.3359565734863 32.1555633544922 32.034122467041 31.8140316009521 31.6471900939941 31.6064987182617 31.1306076049805 30.352352142334 29.7591037750244 30.8007583618164 30.8067035675049 -3.4e+38 30.4278182983398 31.3472347259521 31.9026718139648 32.0932312011719 32.5398979187012 32.8441314697266 33.6954231262207 34.2046089172363 34.7660255432129 35.5306968688965 36.7662467956543 37.75634765625 38.6668930053711 38.9416542053223 39.9286651611328 42.1876220703125 43.2717247009277 45.062255859375
38.5722122192383 38.3233261108398 38.1142196655273 37.5677452087402 -3.4e+38 36.9855117797852 36.7096786499023 36.3393173217773 36.0893211364746 35.8113021850586 36.3108215332031 36.3139457702637 34.7101554870605 34.4625396728516 34.0772285461426 33.7752227783203 33.4442443847656 33.0740013122559 32.5191078186035 32.3582153320312 -3.4e+38 32.0289764404297 32.0831604003906 31.8419857025146 31.8967304229736 31.1435089111328 30.6479873657227 30.1584873199463 30.9638175964355 30.7433929443359 30.8605670928955 31.3120670318604 31.9534683227539 31.9624366760254 32.2040748596191 32.794490814209 33.4439125061035 34.2569999694824 34.8890800476074 35.4646492004395 36.2476997375488 37.5684013366699 38.5981979370117 38.9415512084961 38.7819213867188 40.3961448669434 43.6987838745117 44.9601287841797 46.6356163024902
39.1855964660645 38.8779067993164 38.5202674865723 38.3616714477539 38.0043449401855 37.766487121582 37.6272506713867 37.4163627624512 36.9453506469727 36.454948425293 36.4356994628906 36.1835823059082 35.3864593505859 35.2139472961426 34.6484184265137 34.164134979248 33.8607978820801 33.465030670166 32.8963623046875 32.4358711242676 32.5690498352051 32.4055404663086 32.3741569519043 32.4694175720215 32.4000205993652 32.0376434326172 31.5866546630859 31.5102920532227 31.641414642334 31.3711814880371 31.8085117340088 32.2248077392578 32.6240653991699 32.5137939453125 32.5170021057129 32.8725433349609 33.9543075561523 34.9501152038574 35.5946273803711 36.2405090332031 37.0690498352051 38.2234497070312 38.9196472167969 39.0219841003418 39.4149017333984 41.0041656494141 44.181266784668 46.2887496948242 48.3618316650391
39.9835205078125 39.6252861022949 39.4359931945801 39.0092887878418 38.673267364502 38.6786918640137 38.5646820068359 38.0901985168457 37.5336570739746 37.1743392944336 36.8844299316406 36.759449005127 35.9555625915527 35.8015556335449 35.213996887207 34.7337036132812 34.248462677002 33.8945274353027 33.447639465332 33.2220497131348 33.2213706970215 33.2146987915039 32.9286804199219 33.2355995178223 33.0995025634766 32.9054679870605 32.8304138183594 32.5658683776855 32.2813339233398 32.2431564331055 32.5795364379883 33.1541213989258 33.2823867797852 33.207820892334 33.3935203552246 33.5615005493164 34.0412139892578 35.5030479431152 36.3310432434082 36.9792518615723 37.833610534668 39.0123443603516 39.6800727844238 39.9794960021973 40.5683555603027 42.0462455749512 45.3405876159668 47.2343521118164 50.3482856750488
41.2053031921387 41.1174926757812 -3.4e+38 39.7439651489258 39.8086051940918 40.0684127807617 39.527027130127 38.7253494262695 38.1829833984375 37.8277282714844 37.5649528503418 37.2805328369141 36.8506622314453 36.4828338623047 35.8289794921875 35.4382743835449 35.0222625732422 34.5806541442871 34.1325035095215 34.1261596679688 34.1176872253418 33.8547325134277 33.4955215454102 33.8952865600586 33.6047172546387 33.4515419006348 33.5867614746094 33.2754516601562 33.0317077636719 33.1461715698242 33.4535446166992 33.9436225891113 33.9094543457031 33.882926940918 34.2963523864746 34.8011245727539 34.9225120544434 36.2224464416504 37.0197792053223 37.6176490783691 38.4333419799805 39.7379035949707 40.5176124572754 41.207691192627 42.4670906066895 44.8793144226074 47.0930404663086 48.3866081237793 52.0519523620605
42.3707275390625 42.3321952819824 41.3756446838379 40.846622467041 40.8248176574707 40.8942756652832 40.286922454834 39.7913360595703 39.1491508483887 38.6784362792969 38.5653038024902 38.1017875671387 37.4592361450195 36.9859580993652 36.6499671936035 36.1664199829102 35.6803894042969 35.4024238586426 35.0268020629883 34.6887817382812 34.7195091247559 34.4421615600586 34.4030265808105 34.4495086669922 34.2994079589844 34.0290908813477 34.310848236084 34.0908508300781 34.184211730957 34.304500579834 34.3701362609863 34.5765342712402 -3.4e+38 -3.4e+38 35.0320243835449 35.3482551574707 35.5976600646973 36.7392463684082 37.7210578918457 38.3274421691895 39.1511268615723 40.3064994812012 40.744499206543 41.7465324401855 43.4775886535645 44.837100982666 47.5158500671387 49.6164512634277 53.4240989685059
42.8737335205078 42.8012504577637 42.402027130127 41.7694396972656 41.3926048278809 41.3083801269531 41.0442810058594 40.7346725463867 40.1110534667969 39.4249534606934 39.106388092041 38.751895904541 38.1033363342285 37.8415985107422 37.1112823486328 36.8772048950195 36.4558219909668 36.0937042236328 35.7003326416016 35.325813293457 35.102653503418 34.9897918701172 35.159595489502 35.1012420654297 34.986873626709 34.687931060791 34.9016494750977 34.7367134094238 34.6345748901367 34.880298614502 35.0386123657227 34.826114654541 -3.4e+38 35.6172981262207 35.7459526062012 35.8526191711426 36.6032066345215 37.2862358093262 38.3212471008301 39.1459808349609 39.9442672729492 40.7422866821289 41.2568550109863 42.3516845703125 43.4821434020996 44.3528518676758 48.4462203979492 50.4705429077148 55.6744003295898
44.0050392150879 43.6082801818848 43.2481689453125 42.511100769043 42.1704521179199 42.1712684631348 42.0043144226074 41.5662841796875 41.196662902832 40.4469718933105 39.9107666015625 39.6687774658203 39.2905426025391 38.7500305175781 37.8443641662598 37.5741653442383 37.3726043701172 36.7318840026855 36.278751373291 36.0712890625 35.6246948242188 35.6843681335449 35.8147201538086 35.7298469543457 35.5023460388184 35.1753768920898 35.2535820007324 35.3365783691406 34.8917999267578 34.9167861938477 35.3263511657715 35.319019317627 -3.4e+38 36.1407165527344 36.1870040893555 38.3658752441406 41.1123962402344 38.1960983276367 39.1791801452637 39.8617668151855 40.3584098815918 41.199104309082 42.0622291564941 42.9737205505371 43.9476203918457 45.7019500732422 49.7274589538574 51.3650550842285 57.8374900817871
44.9538383483887 44.5536613464355 44.0789833068848 43.3582611083984 43.2573509216309 43.1369094848633 42.7098350524902 42.3596458435059 42.1467132568359 41.4674110412598 41.0621109008789 41.1796417236328 40.6658515930176 39.5086326599121 38.8781700134277 38.5518379211426 38.095588684082 37.5617561340332 37.2435760498047 36.7884178161621 36.2732734680176 36.2352294921875 36.513786315918 -3.4e+38 36.239070892334 35.9278259277344 35.6060066223145 36.0618515014648 35.5513725280762 35.3663368225098 35.7164726257324 36.0280532836914 36.7522468566895 36.8765029907227 37.8697357177734 40.8613090515137 40.6603965759277 39.136905670166 39.9206314086914 40.4186820983887 41.0771713256836 41.8302688598633 42.6485176086426 43.5695037841797 45.2450752258301 47.6808700561523 50.0677261352539 51.8290748596191 59.5754051208496
