rcp8.5models/MPI_ESM_LR/sc1gr10.16
NCOLS 261 
NROWS 433 
XLLCORNER 336357.134 
YLLCORNER 654653.479 
CELLSIZE 1000 
NODATA_value -3.4e+38 
[rows 0 to 21 of 433, columns 49 to 97 of 261]
-3.4e+38 -3.4e+38 -3.4e+38 -3.4e+38 -3.4e+38 -3.4e+38 -3.4e+38 -3.4e+38 -3.4e+38 -3.4e+38 -3.4e+38 -3.4e+38 -3.4e+38 -3.4e+38 -3.4e+38 -3.4e+38 -3.4e+38 -3.4e+38 -3.4e+38 -3.4e+38 -3.4e+38 -3.4e+38 -3.4e+38 -3.4e+38 -3.4e+38 -3.4e+38 -3.4e+38 -3.4e+38 -3.4e+38 -3.4e+38 -3.4e+38 -3.4e+38 -3.4e+38 -3.4e+38 -3.4e+38 -3.4e+38 -3.4e+38 -3.4e+38 -3.4e+38 -3.4e+38 -3.4e+38 -3.4e+38 -3.4e+38 -3.4e+38 -3.4e+38 -3.4e+38 -3.4e+38 -3.4e+38 -3.4e+38
-3.4e+38 -3.4e+38 -3.4e+38 -3.4e+38 -3.4e+38 -3.4e+38 -3.4e+38 -3.4e+38 -3.4e+38 -3.4e+38 -3.4e+38 -3.4e+38 -3.4e+38 -3.4e+38 -3.4e+38 -3.4e+38 -3.4e+38 -3.4e+38 -3.4e+38 -3.4e+38 -3.4e+38 328.802368164062 329.298492431641 329.951446533203 330.772399902344 331.4697265625 332.113922119141 332.936828613281 333.627044677734 334.027770996094 334.711547851562 335.35400390625 -3.4e+38 -3.4e+38 -3.4e+38 -3.4e+38 -3.4e+38 -3.4e+38 -3.4e+38 -3.4e+38 -3.4e+38 -3.4e+38 -3.4e+38 -3.4e+38 -3.4e+38 -3.4e+38 -3.4e+38 -3.4e+38 -3.4e+38
-3.4e+38 -3.4e+38 -3.4e+38 -3.4e+38 -3.4e+38 -3.4e+38 -3.4e+38 -3.4e+38 -3.4e+38 -3.4e+38 -3.4e+38 -3.4e+38 -3.4e+38 -3.4e+38 -3.4e+38 -3.4e+38 -3.4e+38 -3.4e+38 -3.4e+38 -3.4e+38 327.767944335938 328.468933105469 329.262268066406 329.951538085938 330.64453125 331.429412841797 332.106811523438 332.923217773438 332.998901367188 334.009429931641 334.691528320312 335.331207275391 336.149200439453 -3.4e+38 -3.4e+38 -3.4e+38 -3.4e+38 -3.4e+38 -3.4e+38 -3.4e+38 -3.4e+38 -3.4e+38 -3.4e+38 -3.4e+38 -3.4e+38 -3.4e+38 -3.4e+38 -3.4e+38 -3.4e+38
-3.4e+38 -3.4e+38 -3.4e+38 318.529846191406 318.329559326172 318.741882324219 318.793365478516 319.222900390625 319.772155761719 319.830993652344 320.231964111328 -3.4e+38 -3.4e+38 321.844818115234 322.491302490234 323.291015625 323.982330322266 324.827392578125 326.165100097656 326.916351318359 327.738525390625 328.434661865234 329.255798339844 329.955139160156 330.598846435547 331.413818359375 332.100433349609 332.785125732422 332.717376708984 333.858184814453 334.637054443359 335.302368164062 335.993072509766 -3.4e+38 -3.4e+38 -3.4e+38 -3.4e+38 -3.4e+38 -3.4e+38 -3.4e+38 -3.4e+38 -3.4e+38 -3.4e+38 -3.4e+38 -3.4e+38 -3.4e+38 -3.4e+38 -3.4e+38 -3.4e+38
316.887725830078 317.641052246094 317.874481201172 318.290435791016 318.364379882812 318.779571533203 318.827239990234 319.255401611328 319.692413330078 320.398529052734 320.712738037109 321.267944335938 322.022644042969 321.975677490234 322.54931640625 323.317138671875 324.006774902344 324.729187011719 326.254364013672 326.917816162109 327.743225097656 328.449829101562 329.142913818359 329.927368164062 330.604675292969 331.289093017578 332.065460205078 332.121063232422 332.542938232422 333.791076660156 334.606170654297 335.278686523438 336.125183105469 336.198394775391 -3.4e+38 -3.4e+38 -3.4e+38 -3.4e+38 -3.4e+38 -3.4e+38 -3.4e+38 -3.4e+38 -3.4e+38 -3.4e+38 -3.4e+38 -3.4e+38 -3.4e+38 -3.4e+38 -3.4e+38
316.812072753906 317.675048828125 317.743896484375 318.169403076172 318.243347167969 318.661804199219 318.705993652344 319.301818847656 319.897186279297 320.759338378906 320.803833007812 321.345916748047 322.11328125 322.638519287109 322.708770751953 323.310089111328 324.042846679688 324.722991943359 326.242095947266 -3.4e+38 327.642700195312 -3.4e+38 329.115753173828 329.802368164062 330.580474853516 331.249633789062 332.057708740234 331.887451171875 332.35205078125 334.0400390625 334.851165771484 335.518524169922 336.233734130859 336.195373535156 -3.4e+38 -3.4e+38 -3.4e+38 -3.4e+38 -3.4e+38 -3.4e+38 -3.4e+38 -3.4e+38 -3.4e+38 -3.4e+38 -3.4e+38 -3.4e+38 -3.4e+38 -3.4e+38 -3.4e+38
317.157928466797 317.669647216797 317.755004882812 318.18310546875 318.252777099609 318.673492431641 318.713165283203 319.958221435547 320.185272216797 320.807952880859 320.827423095703 321.264038085938 321.995697021484 322.823608398438 323.381103515625 323.440368652344 323.918975830078 324.719665527344 326.139465332031 -3.4e+38 -3.4e+38 -3.4e+38 -3.4e+38 329.776489257812 -3.4e+38 330.489044189453 331.168640136719 331.914978027344 332.56494140625 334.137237548828 334.813110351562 335.581848144531 336.234130859375 336.172241210938 336.663940429688 -3.4e+38 -3.4e+38 -3.4e+38 -3.4e+38 -3.4e+38 -3.4e+38 -3.4e+38 -3.4e+38 -3.4e+38 -3.4e+38 -3.4e+38 -3.4e+38 -3.4e+38 -3.4e+38
317.849975585938 318.025817871094 318.390625 318.541931152344 318.891876220703 318.905364990234 319.488220214844 320.277526855469 320.293670654297 320.735229492188 321.305419921875 321.477935791016 321.999298095703 322.742706298828 323.575988769531 323.519287109375 323.912322998047 324.628356933594 326.137664794922 -3.4e+38 -3.4e+38 -3.4e+38 -3.4e+38 -3.4e+38 -3.4e+38 330.447937011719 331.106292724609 331.988708496094 332.673645019531 -3.4e+38 334.75634765625 335.563446044922 336.222137451172 336.777465820312 336.763214111328 -3.4e+38 -3.4e+38 -3.4e+38 -3.4e+38 -3.4e+38 -3.4e+38 -3.4e+38 -3.4e+38 -3.4e+38 -3.4e+38 -3.4e+38 -3.4e+38 -3.4e+38 -3.4e+38
318.060150146484 318.169189453125 318.494995117188 318.514801025391 318.945098876953 319.148345947266 319.143341064453 320.200164794922 320.188110351562 320.715515136719 321.495635986328 321.47705078125 321.893035888672 322.718200683594 323.498138427734 324.005767822266 324.133850097656 324.638488769531 -3.4e+38 326.836029052734 327.652557373047 328.549163818359 329.289825439453 330.061614990234 329.959991455078 -3.4e+38 331.226287841797 332.026428222656 332.687347412109 -3.4e+38 -3.4e+38 335.561614990234 336.215484619141 337.02490234375 336.793121337891 337.449401855469 -3.4e+38 -3.4e+38 -3.4e+38 -3.4e+38 -3.4e+38 -3.4e+38 -3.4e+38 -3.4e+38 -3.4e+38 -3.4e+38 -3.4e+38 -3.4e+38 -3.4e+38
318.443176269531 318.128448486328 318.483001708984 318.728118896484 319.252593994141 319.230346679688 319.462646484375 320.173095703125 320.207611083984 320.653381347656 321.397369384766 321.458160400391 321.907806396484 322.648010253906 323.478088378906 324.207427978516 324.12255859375 324.653686523438 -3.4e+38 327.150848388672 327.837890625 -3.4e+38 -3.4e+38 330.182678222656 330.626037597656 -3.4e+38 -3.4e+38 331.918823242188 332.676422119141 -3.4e+38 334.765319824219 335.565277099609 336.214294433594 337.019927978516 336.781005859375 337.303314208984 338.384155273438 -3.4e+38 -3.4e+38 -3.4e+38 -3.4e+38 -3.4e+38 -3.4e+38 -3.4e+38 -3.4e+38 -3.4e+38 -3.4e+38 -3.4e+38 -3.4e+38
318.723815917969 319.246246337891 319.238677978516 319.440460205078 319.440734863281 319.143615722656 319.574096679688 320.001007080078 320.69091796875 320.801818847656 321.320983886719 321.988250732422 322.065338134766 322.773864746094 323.672210693359 324.501068115234 325.334655761719 325.228240966797 -3.4e+38 327.308288574219 327.997100830078 328.674530029297 -3.4e+38 330.146270751953 330.905822753906 331.318023681641 331.428955078125 331.931610107422 332.721435546875 334.155944824219 335.011688232422 -3.4e+38 -3.4e+38 336.483825683594 336.985229492188 337.596282958984 338.409301757812 339.058837890625 -3.4e+38 -3.4e+38 -3.4e+38 -3.4e+38 -3.4e+38 -3.4e+38 -3.4e+38 -3.4e+38 -3.4e+38 -3.4e+38 -3.4e+38
319.538116455078 319.541931152344 319.241394042969 318.968841552734 319.243225097656 319.185455322266 319.500579833984 320.042175292969 320.821472167969 320.790985107422 321.324371337891 322.123352050781 322.973297119141 323.171020507812 323.702697753906 324.519897460938 325.273559570312 325.869720458984 326.524261474609 327.248504638672 328.024688720703 -3.4e+38 -3.4e+38 -3.4e+38 330.945404052734 -3.4e+38 332.148742675781 332.113494873047 332.758483886719 334.443206787109 335.165771484375 335.972137451172 -3.4e+38 336.509185791016 336.991790771484 337.736755371094 338.42822265625 339.051391601562 -3.4e+38 -3.4e+38 -3.4e+38 -3.4e+38 -3.4e+38 -3.4e+38 -3.4e+38 -3.4e+38 -3.4e+38 -3.4e+38 -3.4e+38
319.805969238281 319.681945800781 319.206237792969 319.412780761719 319.408081054688 319.109802246094 319.512542724609 319.968994140625 320.712738037109 320.783905029297 321.478424072266 322.402862548828 323.251403808594 323.304870605469 323.749572753906 324.591522216797 325.314971923828 326.142669677734 326.587158203125 327.276733398438 -3.4e+38 -3.4e+38 -3.4e+38 330.214111328125 331.003326416016 -3.4e+38 -3.4e+38 332.284759521484 -3.4e+38 334.581390380859 335.212738037109 335.998291015625 -3.4e+38 -3.4e+38 -3.4e+38 337.803955078125 338.440124511719 339.049407958984 339.866577148438 -3.4e+38 -3.4e+38 -3.4e+38 -3.4e+38 -3.4e+38 -3.4e+38 -3.4e+38 -3.4e+38 -3.4e+38 -3.4e+38
320.031341552734 319.610595703125 319.220916748047 319.543060302734 319.379791259766 318.992919921875 319.431304931641 320.219421386719 320.763854980469 320.941741943359 321.62939453125 322.448211669922 323.287567138672 323.25927734375 323.799926757812 324.557952880859 -3.4e+38 326.103607177734 326.723815917969 -3.4e+38 -3.4e+38 328.795043945312 -3.4e+38 -3.4e+38 -3.4e+38 331.923736572266 332.514129638672 333.175506591797 333.970184326172 334.621948242188 335.248443603516 336.030181884766 -3.4e+38 -3.4e+38 -3.4e+38 -3.4e+38 338.428070068359 339.193664550781 339.884521484375 340.5078125 -3.4e+38 -3.4e+38 -3.4e+38 -3.4e+38 -3.4e+38 -3.4e+38 -3.4e+38 -3.4e+38 -3.4e+38
320.167755126953 319.672119140625 319.1962890625 318.854034423828 319.119079589844 318.93310546875 319.322479248047 320.212066650391 320.974761962891 321.702880859375 321.848693847656 322.468933105469 323.252777099609 323.274383544922 323.760620117188 -3.4e+38 -3.4e+38 -3.4e+38 327.445495605469 -3.4e+38 328.066314697266 328.862243652344 329.521911621094 330.518768310547 331.266540527344 332.088928222656 332.916748046875 333.548583984375 333.696350097656 334.790466308594 335.290008544922 336.067962646484 336.687438964844 -3.4e+38 -3.4e+38 -3.4e+38 -3.4e+38 339.487945556641 340.150024414062 340.759613037109 340.756164550781 -3.4e+38 -3.4e+38 -3.4e+38 -3.4e+38 -3.4e+38 -3.4e+38 -3.4e+38 -3.4e+38
-3.4e+38 319.754455566406 319.277099609375 318.759765625 319.028594970703 318.960021972656 319.388977050781 320.306579589844 321.118286132812 322.006774902344 321.988555908203 322.565124511719 323.321960449219 323.364807128906 -3.4e+38 -3.4e+38 325.42041015625 -3.4e+38 -3.4e+38 328.338012695312 329.151672363281 329.996490478516 330.647766113281 330.881561279297 331.390625 332.168334960938 332.985534667969 333.612884521484 334.136047363281 334.889709472656 335.337524414062 336.111602783203 336.725982666016 337.504547119141 338.119476318359 -3.4e+38 -3.4e+38 -3.4e+38 340.271911621094 341.020111083984 341.424194335938 -3.4e+38 -3.4e+38 -3.4e+38 -3.4e+38 -3.4e+38 -3.4e+38 -3.4e+38 -3.4e+38
-3.4e+38 -3.4e+38 -3.4e+38 -3.4e+38 -3.4e+38 319.063201904297 319.703735351562 320.553100585938 321.190277099609 322.002624511719 322.057434082031 322.557373046875 323.393371582031 -3.4e+38 -3.4e+38 325.390045166016 325.676055908203 326.306304931641 327.818725585938 328.86328125 329.660125732422 330.469696044922 331.120330810547 331.040740966797 331.47216796875 332.246887207031 333.060455322266 333.683319091797 334.451568603516 335.57763671875 335.505004882812 336.161224365234 336.770446777344 337.765258789062 338.409240722656 338.278991699219 -3.4e+38 -3.4e+38 -3.4e+38 341.095184326172 341.726501464844 -3.4e+38 -3.4e+38 -3.4e+38 -3.4e+38 -3.4e+38 -3.4e+38 -3.4e+38 -3.4e+38
-3.4e+38 -3.4e+38 -3.4e+38 -3.4e+38 -3.4e+38 319.037475585938 319.716491699219 320.709899902344 321.179046630859 322.044128417969 322.040191650391 322.596862792969 -3.4e+38 -3.4e+38 -3.4e+38 325.907806396484 325.850830078125 -3.4e+38 328.177490234375 329.098236083984 329.780944824219 330.568298339844 330.588287353516 331.608612060547 332.332794189453 332.471252441406 333.141540527344 333.759918212891 334.524719238281 335.898284912109 335.827026367188 336.472991943359 337.076477050781 337.939880371094 338.559051513672 339.061004638672 339.628051757812 -3.4e+38 -3.4e+38 -3.4e+38 341.737731933594 342.226654052734 -3.4e+38 -3.4e+38 -3.4e+38 -3.4e+38 -3.4e+38 -3.4e+38 -3.4e+38
-3.4e+38 -3.4e+38 -3.4e+38 -3.4e+38 -3.4e+38 319.238922119141 319.8798828125 320.791412353516 321.273101806641 322.161102294922 322.127746582031 322.711669921875 -3.4e+38 324.367126464844 -3.4e+38 325.967376708984 325.929412841797 326.742126464844 328.383697509766 329.228912353516 329.888244628906 330.673217773438 331.083343505859 332.035888671875 332.719940185547 332.613311767578 333.228881835938 333.842712402344 334.604095458984 336.226165771484 336.653991699219 336.747131347656 337.240173339844 338.006774902344 338.606048583984 339.379547119141 339.342163085938 -3.4e+38 -3.4e+38 -3.4e+38 -3.4e+38 342.260131835938 343.238372802734 344.016967773438 -3.4e+38 -3.4e+38 -3.4e+38 -3.4e+38 -3.4e+38
-3.4e+38 -3.4e+38 -3.4e+38 -3.4e+38 -3.4e+38 -3.4e+38 320.01025390625 320.912567138672 321.409942626953 322.297973632812 322.878082275391 323.056610107422 -3.4e+38 324.457977294922 325.339202880859 -3.4e+38 326.245666503906 326.9970703125 -3.4e+38 329.346038818359 330.001892089844 330.784515380859 331.423736572266 332.195861816406 332.820556640625 333.340637207031 333.453735351562 334.147399902344 334.947631835938 336.407806396484 337.002990722656 336.856781005859 337.302795410156 338.065216064453 338.659057617188 339.428253173828 339.743896484375 339.843231201172 -3.4e+38 -3.4e+38 -3.4e+38 -3.4e+38 343.373992919922 344.029052734375 344.885101318359 -3.4e+38 -3.4e+38 -3.4e+38 -3.4e+38
-3.4e+38 -3.4e+38 -3.4e+38 -3.4e+38 -3.4e+38 -3.4e+38 -3.4e+38 321.670837402344 321.776916503906 322.441040039062 323.211669921875 323.260833740234 323.734161376953 -3.4e+38 325.680480957031 326.454071044922 327.132415771484 327.325317382812 328.62939453125 329.337951660156 330.089019775391 330.902160644531 331.537628173828 -3.4e+38 -3.4e+38 333.716796875 333.817565917969 334.370971679688 335.142456054688 336.491149902344 337.081207275391 336.928527832031 337.37158203125 338.129821777344 338.718200683594 339.483032226562 340.217010498047 340.580810546875 340.625427246094 341.212982177734 -3.4e+38 -3.4e+38 -3.4e+38 344.037017822266 344.889251708984 345.549102783203 -3.4e+38 -3.4e+38 -3.4e+38
-3.4e+38 -3.4e+38 -3.4e+38 -3.4e+38 -3.4e+38 -3.4e+38 -3.4e+38 -3.4e+38 -3.4e+38 -3.4e+38 -3.4e+38 -3.4e+38 324.434326171875 325.135681152344 -3.4e+38 -3.4e+38 327.651184082031 328.511322021484 329.063903808594 329.688201904297 330.369720458984 331.156951904297 -3.4e+38 332.548797607422 -3.4e+38 -3.4e+38 -3.4e+38 334.597747802734 335.345489501953 336.676910400391 337.396545410156 338.023284912109 337.804412841797 338.297698974609 339.058929443359 339.861663818359 340.650360107422 341.333312988281 342.117065429688 341.767700195312 342.459564208984 -3.4e+38 -3.4e+38 -3.4e+38 344.927978515625 345.784515380859 346.12744140625 -3.4e+38 -3.4e+38
