rcp8.5models/MPI_ESM_LR/sc1gr6.36
NCOLS 261 
NROWS 433 
XLLCORNER 336357.134 
YLLCORNER 654653.479 
CELLSIZE 1000 
NODATA_value -9999 
[rows 396 to 417 of 433, columns 153 to 203 of 261]
1436.44311523438 1417.98596191406 1403.30236816406 1385.08312988281 1371.91638183594 1358.91748046875 1353.80358886719 1351.24890136719 1349.21533203125 1352.95568847656 1355.26586914062 1348.86169433594 1340.77978515625 1337.49719238281 1334.30126953125 1338.78576660156 1344.66491699219 1351.09729003906 1357.84619140625 1352.66577148438 1346.02099609375 -9999 -9999 1346.2001953125 1348.49194335938 -9999 -9999 1365.53588867188 1374.423828125 1380.43981933594 1387.75671386719 1398.64428710938 1406.14221191406 1409.76867675781 1416.04736328125 1423.83251953125 1431.78381347656 1436.81372070312 1440.82873535156 -9999 1456.66418457031 1460.83666992188 1467.06396484375 1475.37292480469 1481.25463867188 1490.34826660156 1498.92431640625 1503.97302246094 1511.46325683594 1520.39099121094 1530.77233886719
1435.53930664062 1411.45837402344 1396.14904785156 1383.48852539062 1372.27233886719 1358.35485839844 1352.802734375 1351.02111816406 1353.72338867188 1354.18127441406 1353.95629882812 1346.29895019531 1337.69152832031 1334.48181152344 1332.56359863281 1338.76806640625 1338.61376953125 1347.06518554688 1359.32556152344 1363.85998535156 1347.48791503906 1345.17456054688 -9999 -9999 1348.33605957031 -9999 -9999 1364.609375 1373.2529296875 1378.48901367188 1388.59838867188 1397.54895019531 1402.09838867188 1405.7939453125 1414.5029296875 1422.0322265625 1429.09033203125 1434.88415527344 1441.03002929688 -9999 -9999 1461.66064453125 1466.96875 1472.09948730469 1479.22924804688 1487.00842285156 1494.24060058594 1503.18786621094 1510.03112792969 1519.65075683594 1531.81079101562
1435.21166992188 1417.82141113281 1396.57434082031 1380.76025390625 1369.90795898438 1360.37561035156 1356.30004882812 1350.03662109375 1348.77172851562 1344.10620117188 1346.13037109375 1342.87707519531 1334.30737304688 1331.716796875 1330.70642089844 1336.41882324219 1337.17150878906 1346.19140625 1360.99353027344 1369.18225097656 1352.89624023438 1348.31469726562 1347.34497070312 1348.96264648438 1350.78125 1352.9228515625 1358.28308105469 1364.1748046875 1372.30737304688 1378.482421875 1385.00537109375 1393.01428222656 1398.46447753906 1402.51257324219 1413.19677734375 1419.03405761719 1424.77368164062 1431.82299804688 -9999 1453.8896484375 1454.61145019531 -9999 1466.72143554688 1471.61364746094 1478.81127929688 1484.10339355469 1491.9892578125 1500.82238769531 1507.00366210938 1518.314453125 1527.87145996094
1424.73168945312 1417.578125 1400.61791992188 1383.87133789062 1369.92663574219 1359.43701171875 1354.35717773438 1345.52893066406 1341.57849121094 1336.75561523438 1342.75476074219 1343.71887207031 1331.46313476562 1329.86743164062 1327.90991210938 1331.6103515625 1339.91650390625 1349.8251953125 1360.11877441406 1365.68444824219 1361.54052734375 1353.52099609375 1351.23815917969 1352.73034667969 1352.24584960938 1351.931640625 1355.89453125 1365.41223144531 1374.10241699219 1376.28356933594 1381.47106933594 1390.53930664062 1397.00012207031 1400.34619140625 1410.88171386719 1417.09069824219 1424.34240722656 1429.74060058594 -9999 1454.0146484375 1457.53796386719 1461.80493164062 1465.90185546875 1472.49267578125 1479.35485839844 1483.662109375 1490.20788574219 1499.61462402344 1504.86657714844 -9999 -9999
1412.24389648438 1405.44604492188 1400.91943359375 1387.93505859375 1370.29406738281 1356.50415039062 1352.61828613281 1344.51232910156 -9999 -9999 1338.30102539062 1341.77587890625 1330.28857421875 1327.529296875 1326.16479492188 1328.328125 1341.43835449219 1350.59204101562 1355.89782714844 1359.99560546875 1363.48352050781 1361.04748535156 1359.38696289062 1354.87609863281 1353.0986328125 1352.20361328125 1354.22094726562 1364.74291992188 1370.90551757812 1375.13659667969 1379.76843261719 1387.01428222656 1394.44152832031 1398.67541503906 1408.08801269531 1417.56201171875 1423.27893066406 1428.80212402344 1431.81530761719 1451.64001464844 1458.20764160156 1461.49609375 1465.55297851562 1473.26977539062 1478.20324707031 1483.84509277344 1491.73815917969 1501.97583007812 -9999 -9999 -9999
1408.38269042969 1397.83251953125 1397.70385742188 1385.79040527344 1366.43151855469 1353.91467285156 1351.16833496094 1343.96630859375 -9999 -9999 -9999 1336.03491210938 1329.90551757812 1325.79418945312 1326.82446289062 1330.90197753906 1341.97253417969 1346.66284179688 1349.41906738281 1352.75903320312 1360.41003417969 1365.23291015625 1361.28356933594 1353.88391113281 1352.61706542969 1352.94372558594 1355.28076171875 1363.01440429688 1367.2197265625 1376.99914550781 1380.6796875 1384.748046875 1392.79479980469 1399.84838867188 1406.79162597656 1416.28735351562 1420.51208496094 1426.90930175781 1431.94299316406 1448.62377929688 1456.71325683594 1458.28344726562 1466.05163574219 1472.87097167969 1476.53161621094 1483.96276855469 1491.40234375 -9999 -9999 -9999 -9999
1407.34643554688 1393.97937011719 1393.93615722656 1385.42114257812 1366.80639648438 1352.80773925781 1348.97399902344 -9999 -9999 -9999 1332.740234375 1333.22229003906 1330.26257324219 1328.23693847656 1331.25280761719 1335.5947265625 1344.97607421875 1344.12365722656 1343.01110839844 1348.54223632812 1358.2470703125 1363.83483886719 1361.27624511719 1356.69250488281 1354.89099121094 1356.67529296875 1357.77844238281 1364.11657714844 1369.25756835938 1377.2685546875 1382.82202148438 1386.49633789062 1392.18933105469 1399.56396484375 1406.52001953125 1414.60241699219 1420.77429199219 -9999 1430.60705566406 1447.396484375 1454.19580078125 1459.33361816406 1467.20385742188 1471.84680175781 1477.74829101562 -9999 -9999 -9999 -9999 -9999 -9999
1404.10998535156 1388.81457519531 1387.64965820312 1385.49938964844 1372.36682128906 1352.39672851562 1349.23937988281 1345.18530273438 1340.57507324219 1337.23779296875 1333.57800292969 1331.84240722656 1331.50634765625 1333.00549316406 1336.27392578125 1336.86474609375 1345.29992675781 1344.46826171875 1342.06982421875 1344.68371582031 1353.12463378906 1358.67614746094 1362.29418945312 1359.62353515625 1362.49609375 1362.60046386719 1362.18493652344 1366.90075683594 1371.47131347656 1376.79064941406 1383.68200683594 1387.06884765625 1393.00805664062 1400.09985351562 1405.67724609375 1413.84619140625 1419.76635742188 -9999 -9999 -9999 1452.86193847656 -9999 -9999 -9999 -9999 -9999 -9999 -9999 -9999 -9999 -9999
1399.91931152344 1383.55883789062 1379.06884765625 1380.33911132812 1375.17700195312 1355.77062988281 1352.96154785156 1346.3291015625 1342.16833496094 1337.90478515625 1335.93798828125 1333.38696289062 1333.52795410156 1335.75842285156 1337.84094238281 1335.171875 1341.73779296875 1344.02905273438 1342.80236816406 1344.72192382812 1348.87463378906 1356.09545898438 1358.17956542969 1362.50207519531 1366.81164550781 1366.21081542969 1365.7666015625 1371.34423828125 1372.21508789062 1377.86877441406 -9999 -9999 -9999 1402.07995605469 -9999 1414.24230957031 -9999 -9999 -9999 -9999 -9999 -9999 -9999 -9999 -9999 -9999 -9999 -9999 -9999 -9999 -9999
1394.12915039062 1381.52038574219 1374.37487792969 1373.3037109375 1373.48522949219 1361.55822753906 1359.328125 1347.32299804688 1342.09362792969 1339.26928710938 1338.07421875 1335.50280761719 1336.37854003906 1337.38391113281 1338.73181152344 1334.73217773438 1338.76416015625 1343.93383789062 1342.92126464844 1345.30871582031 1349.77087402344 1357.24267578125 1354.20227050781 1362.81518554688 1367.63586425781 1369.72912597656 1367.29626464844 1374.13659667969 1374.0185546875 1378.84362792969 -9999 -9999 -9999 1402.75915527344 1409.59301757812 1416.38854980469 -9999 -9999 -9999 -9999 -9999 -9999 -9999 -9999 -9999 -9999 -9999 -9999 -9999 -9999 -9999
1400.64184570312 1386.12475585938 1374.17797851562 1367.73706054688 1364.44873046875 1367.56811523438 1363.63647460938 1355.45642089844 1348.83337402344 1343.67578125 1342.49841308594 1343.75402832031 1340.36157226562 1338.26928710938 1338.97631835938 1337.69201660156 1342.52001953125 1347.37854003906 1346.90209960938 1346.49487304688 1346.95922851562 1352.02648925781 1359.56872558594 1366.50109863281 1365.0537109375 1366.04577636719 1369.37463378906 1372.78601074219 1380.74279785156 1385.95751953125 -9999 -9999 -9999 -9999 -9999 -9999 -9999 -9999 -9999 -9999 -9999 -9999 -9999 -9999 -9999 -9999 -9999 -9999 -9999 -9999 -9999
1410.60583496094 1394.28955078125 1382.37487792969 1372.40625 1367.96545410156 1367.89233398438 1365.97937011719 1356.42370605469 1347.380859375 1345.43957519531 1343.64807128906 1344.51892089844 1342.78210449219 1341.58874511719 1339.82275390625 1339.52758789062 1343.57287597656 1351.01049804688 1351.96606445312 1348.21166992188 1347.46508789062 1351.74035644531 1361.65014648438 1364.27197265625 1363.31298828125 1365.79626464844 1369.21936035156 1376.54992675781 -9999 1387.43090820312 -9999 -9999 -9999 -9999 -9999 -9999 -9999 -9999 -9999 -9999 -9999 -9999 -9999 -9999 -9999 -9999 -9999 -9999 -9999 -9999 -9999
1421.10034179688 1403.32287597656 1388.55822753906 1377.3408203125 1370.71716308594 1368.82690429688 1364.65234375 1361.04699707031 1353.19677734375 1349.65893554688 1347.27612304688 1347.12353515625 1346.6826171875 1345.09191894531 1342.90185546875 1343.95703125 1345.42260742188 1352.55419921875 1353.3173828125 1352.12963867188 1349.83728027344 1353.54406738281 1361.05590820312 1361.26049804688 1363.33825683594 1368.31274414062 1370.38305664062 1379.92492675781 1386.49938964844 -9999 -9999 -9999 -9999 -9999 -9999 -9999 -9999 -9999 -9999 -9999 -9999 -9999 -9999 -9999 -9999 -9999 -9999 -9999 -9999 -9999 -9999
1415.00500488281 1403.03942871094 1389.51550292969 1378.88842773438 1373.09741210938 1369.27270507812 1367.59033203125 1364.86828613281 1361.79309082031 1358.5234375 1356.07946777344 1353.73547363281 1351.21398925781 1351.07250976562 1349.00952148438 1349.77941894531 1350.49926757812 1353.95654296875 1353.751953125 1356.89086914062 1353.90063476562 1355.82458496094 1357.99255371094 1360.23376464844 1365.43225097656 1369.677734375 -9999 -9999 -9999 -9999 -9999 -9999 -9999 -9999 -9999 -9999 -9999 -9999 -9999 -9999 -9999 -9999 -9999 -9999 -9999 -9999 -9999 -9999 -9999 -9999 -9999
1410.15844726562 1403.16760253906 1392.68701171875 1383.05590820312 1376.71166992188 1370.23083496094 1370.71337890625 1371.12231445312 1370.62182617188 1365.94921875 1360.96752929688 1358.37084960938 1356.12841796875 1356.68542480469 1354.49584960938 1354.83874511719 1356.90026855469 1357.45983886719 1357.767578125 1359.69775390625 1358.38549804688 1361.47082519531 1361.71154785156 1364.25219726562 -9999 -9999 -9999 -9999 -9999 -9999 -9999 -9999 -9999 -9999 -9999 -9999 -9999 -9999 -9999 -9999 -9999 -9999 -9999 -9999 -9999 -9999 -9999 -9999 -9999 -9999 -9999
1414.80310058594 1406.71081542969 1397.16162109375 1389.55126953125 1382.29833984375 1374.63391113281 1376.04064941406 1377.06799316406 1376.94714355469 1372.08422851562 1363.72277832031 1361.05541992188 1360.94116210938 1360.3115234375 1357.99255371094 1358.28051757812 1361.50744628906 1362.20825195312 1361.81750488281 1361.84594726562 1360.94787597656 -9999 -9999 -9999 -9999 -9999 -9999 -9999 -9999 -9999 -9999 -9999 -9999 -9999 -9999 -9999 -9999 -9999 -9999 -9999 -9999 -9999 -9999 -9999 -9999 -9999 -9999 -9999 -9999 -9999 -9999
1421.66845703125 1412.22717285156 1404.50939941406 1395.82580566406 1389.91174316406 1383.18542480469 1383.07312011719 1379.96997070312 1377.52172851562 1376.43371582031 1370.40673828125 1368.14184570312 -9999 1362.978515625 1363.44067382812 1365.09094238281 -9999 -9999 -9999 -9999 -9999 -9999 -9999 -9999 -9999 -9999 -9999 -9999 -9999 -9999 -9999 -9999 -9999 -9999 -9999 -9999 -9999 -9999 -9999 -9999 -9999 -9999 -9999 -9999 -9999 -9999 -9999 -9999 -9999 -9999 -9999
1440.12939453125 1425.73449707031 1413.39599609375 1403.68371582031 1398.22546386719 -9999 1387.951171875 -9999 1383.5205078125 1382.12316894531 -9999 -9999 -9999 -9999 -9999 -9999 -9999 -9999 -9999 -9999 -9999 -9999 -9999 -9999 -9999 -9999 -9999 -9999 -9999 -9999 -9999 -9999 -9999 -9999 -9999 -9999 -9999 -9999 -9999 -9999 -9999 -9999 -9999 -9999 -9999 -9999 -9999 -9999 -9999 -9999 -9999
1452.28942871094 1437.52075195312 1424.45361328125 1413.35607910156 -9999 1400.46618652344 -9999 -9999 1391.42199707031 -9999 -9999 -9999 -9999 -9999 -9999 -9999 -9999 -9999 -9999 -9999 -9999 -9999 -9999 -9999 -9999 -9999 -9999 -9999 -9999 -9999 -9999 -9999 -9999 -9999 -9999 -9999 -9999 -9999 -9999 -9999 -9999 -9999 -9999 -9999 -9999 -9999 -9999 -9999 -9999 -9999 -9999
1455.68798828125 -9999 1435.70959472656 -9999 -9999 -9999 -9999 -9999 -9999 -9999 -9999 -9999 -9999 -9999 -9999 -9999 -9999 -9999 -9999 -9999 -9999 -9999 -9999 -9999 -9999 -9999 -9999 -9999 -9999 -9999 -9999 -9999 -9999 -9999 -9999 -9999 -9999 -9999 -9999 -9999 -9999 -9999 -9999 -9999 -9999 -9999 -9999 -9999 -9999 -9999 -9999
1469.083984375 1455.95166015625 -9999 -9999 -9999 -9999 -9999 -9999 -9999 -9999 -9999 -9999 -9999 -9999 -9999 -9999 -9999 -9999 -9999 -9999 -9999 -9999 -9999 -9999 -9999 -9999 -9999 -9999 -9999 -9999 -9999 -9999 -9999 -9999 -9999 -9999 -9999 -9999 -9999 -9999 -9999 -9999 -9999 -9999 -9999 -9999 -9999 -9999 -9999 -9999 -9999
-9999 -9999 -9999 -9999 -9999 -9999 -9999 -9999 -9999 -9999 -9999 -9999 -9999 -9999 -9999 -9999 -9999 -9999 -9999 -9999 -9999 -9999 -9999 -9999 -9999 -9999 -9999 -9999 -9999 -9999 -9999 -9999 -9999 -9999 -9999 -9999 -9999 -9999 -9999 -9999 -9999 -9999 -9999 -9999 -9999 -9999 -9999 -9999 -9999 -9999 -9999
