rcp8.5models/MPI_ESM_LR/sc1gr3.20
NCOLS 261 
NROWS 433 
XLLCORNER 336357.134 
YLLCORNER 654653.479 
CELLSIZE 1000 
NODATA_value -3.4e+38 
[rows 396 to 417 of 433, columns 98 to 146 of 261]
266.577362060547 271.679565429688 268.282836914062 261.924377441406 260.639038085938 262.348785400391 264.650543212891 264.230407714844 264.664093017578 266.538360595703 266.622253417969 264.711486816406 261.999206542969 258.082977294922 253.281890869141 254.332260131836 253.632659912109 254.079727172852 257.983703613281 261.036224365234 260.426513671875 259.541564941406 259.009429931641 256.602996826172 248.526992797852 236.932571411133 255.006820678711 263.922332763672 264.790496826172 265.127380371094 265.646881103516 265.872039794922 265.654602050781 265.418975830078 265.604187011719 265.709838867188 266.894592285156 269.279296875 270.881958007812 273.364013671875 272.93505859375 272.669036865234 273.363739013672 274.133178710938 274.716491699219 275.200500488281 275.288787841797 275.485931396484 276.047088623047
262.1171875 266.731506347656 267.743438720703 265.162353515625 262.60693359375 261.951538085938 263.102661132812 263.033630371094 263.988647460938 266.450286865234 266.356597900391 263.90576171875 261.357543945312 259.539642333984 254.525756835938 253.206497192383 255.29475402832 258.412506103516 261.509887695312 262.334228515625 259.381011962891 258.297180175781 258.563781738281 253.399307250977 243.151977539062 240.032562255859 261.262908935547 264.298950195312 264.487762451172 265.126861572266 265.589324951172 266.257202148438 266.608337402344 265.909790039062 265.424377441406 265.570648193359 265.325073242188 265.032165527344 266.794982910156 269.379943847656 269.828002929688 271.496551513672 273.757568359375 273.783081054688 274.385040283203 274.9873046875 274.648101806641 274.687957763672 275.734313964844
261.194885253906 265.664733886719 268.306671142578 267.191497802734 263.325256347656 261.844573974609 262.838989257812 265.116638183594 267.267211914062 268.09228515625 266.753997802734 263.193969726562 260.575927734375 260.334533691406 257.52490234375 258.630981445312 261.443603515625 262.55615234375 262.993286132812 262.26416015625 258.835174560547 257.905151367188 257.296661376953 250.75325012207 243.766052246094 248.339904785156 265.050354003906 264.416656494141 264.399383544922 264.8447265625 264.810607910156 265.618103027344 266.493591308594 265.766906738281 265.236389160156 266.066314697266 265.692260742188 264.873657226562 264.693786621094 264.778686523438 265.634704589844 267.858764648438 270.078582763672 269.874938964844 272.168090820312 275.116668701172 274.910705566406 275.244415283203 276.730560302734
259.859313964844 262.380615234375 265.133666992188 267.707977294922 265.066741943359 263.136413574219 263.629669189453 267.353363037109 269.381256103516 269.164825439453 268.555847167969 264.852478027344 261.040435791016 260.356689453125 262.010711669922 262.928833007812 263.376098632812 263.918121337891 263.695922851562 260.239562988281 256.717956542969 257.108947753906 254.987533569336 249.755950927734 249.976379394531 258.250061035156 265.264312744141 264.102935791016 264.18115234375 264.215209960938 263.254089355469 264.136932373047 266.142211914062 -3.4e+38 266.151794433594 266.591796875 266.698669433594 265.654571533203 265.137145996094 264.95703125 265.549682617188 266.196624755859 266.385681152344 266.340759277344 269.500640869141 272.710021972656 272.38623046875 274.606567382812 277.502593994141
258.199676513672 258.986785888672 260.645874023438 268.006561279297 267.648651123047 266.325073242188 265.611236572266 268.264434814453 269.529846191406 267.784576416016 268.133056640625 267.204284667969 263.302825927734 261.912139892578 264.934295654297 265.203948974609 265.743530273438 265.305267333984 261.350891113281 256.109069824219 254.843475341797 254.071502685547 247.808685302734 244.666229248047 252.852844238281 263.18310546875 266.003814697266 265.267150878906 264.883880615234 263.727203369141 262.262084960938 263.589477539062 266.041107177734 267.147766113281 -3.4e+38 267.430908203125 267.43017578125 265.785980224609 265.538238525391 265.710357666016 265.715759277344 266.329284667969 266.848754882812 267.306060791016 267.517669677734 267.548156738281 269.047607421875 271.222961425781 274.347778320312
260.105041503906 259.126373291016 258.506805419922 266.640106201172 268.216156005859 268.3134765625 268.112976074219 269.433441162109 270.202789306641 267.716674804688 266.665344238281 267.6005859375 265.678741455078 262.810089111328 264.932586669922 264.780426025391 263.336151123047 260.229766845703 256.184448242188 254.805847167969 255.667602539062 251.691680908203 243.170867919922 243.94889831543 256.753082275391 265.275939941406 265.658843994141 265.725219726562 265.938201904297 264.659973144531 263.999572753906 265.649688720703 266.320465087891 266.513641357422 267.268402099609 267.859802246094 268.043762207031 266.576416015625 266.492309570312 266.78662109375 266.582183837891 266.937377929688 267.419006347656 268.449523925781 267.822692871094 267.283905029297 269.453582763672 269.787994384766 270.950988769531
261.789947509766 258.831604003906 258.614501953125 265.481109619141 268.370697021484 268.7958984375 269.336883544922 269.615081787109 268.898468017578 268.321899414062 268.053405761719 267.514831542969 266.446655273438 264.38134765625 261.115875244141 258.952331542969 258.689636230469 257.122222900391 255.598541259766 256.516418457031 256.361450195312 251.81266784668 247.502151489258 251.795547485352 262.096923828125 266.678253173828 265.353149414062 265.362579345703 265.867248535156 266.37646484375 266.751953125 267.605041503906 267.051544189453 266.62744140625 266.884521484375 267.546905517578 267.996215820312 268.238677978516 267.902648925781 267.918792724609 267.864044189453 268.020843505859 268.437469482422 269.314666748047 269.891143798828 269.852478027344 269.947998046875 270.148315429688 270.840209960938
262.343688964844 259.641693115234 260.305328369141 266.586517333984 269.096252441406 269.799987792969 270.057861328125 269.231506347656 266.546478271484 265.364990234375 267.067108154297 265.93017578125 263.394073486328 261.686248779297 256.349426269531 256.299011230469 258.446197509766 259.458892822266 258.376892089844 256.59326171875 254.878601074219 253.206405639648 254.251892089844 260.127227783203 265.92919921875 266.072662353516 265.054595947266 265.127532958984 266.053253173828 267.112213134766 267.516357421875 267.745819091797 267.634002685547 267.264221191406 267.180786132812 267.395263671875 267.892395019531 268.917083740234 268.507171630859 268.737426757812 269.050445556641 269.110534667969 269.355072021484 269.852722167969 270.334442138672 270.411193847656 270.419555664062 270.508911132812 270.728149414062
263.541320800781 263.082153320312 262.151947021484 265.587127685547 268.378204345703 269.990570068359 270.416381835938 270.004425048828 266.689544677734 262.270050048828 261.306793212891 261.678680419922 260.344848632812 257.696685791016 254.692733764648 256.214233398438 256.358734130859 256.113372802734 258.316345214844 258.04296875 255.449371337891 256.123016357422 258.688842773438 263.079803466797 266.934722900391 265.852325439453 263.851806640625 263.265350341797 265.151275634766 266.8955078125 267.412353515625 267.914581298828 268.271759033203 268.222503662109 268.275238037109 267.994537353516 268.362854003906 269.133148193359 269.183990478516 269.484741210938 269.459991455078 269.441131591797 269.897186279297 270.277618408203 270.416381835938 270.919799804688 271.195129394531 271.090911865234 270.881866455078
265.407562255859 266.863952636719 265.668853759766 265.516632080078 268.590942382812 270.000885009766 270.365264892578 270.661376953125 268.615905761719 264.489044189453 261.74853515625 260.260192871094 257.336975097656 254.510711669922 253.238265991211 253.275177001953 253.002426147461 252.741683959961 256.637725830078 261.003601074219 260.038787841797 260.423706054688 263.465118408203 265.659057617188 266.678466796875 265.715209960938 263.948608398438 262.710632324219 264.439971923828 266.944427490234 267.732177734375 268.395965576172 268.616180419922 268.715667724609 269.027160644531 268.692352294922 268.763824462891 269.295989990234 269.449340820312 269.746276855469 269.570526123047 269.495178222656 270.268005371094 270.571929931641 270.339477539062 271.019104003906 271.579376220703 271.428771972656 271.238983154297
264.800079345703 266.377777099609 268.215972900391 265.536254882812 266.147766113281 266.874664306641 268.709564208984 269.943328857422 270.162200927734 269.611267089844 268.197631835938 266.498046875 266.028381347656 266.231567382812 265.217498779297 264.387634277344 264.084869384766 264.795440673828 266.329559326172 268.858428955078 269.668701171875 269.340362548828 269.017883300781 268.285583496094 267.536346435547 266.812591552734 264.918792724609 263.740966796875 264.811920166016 266.826416015625 268.177337646484 268.803649902344 268.323699951172 267.947540283203 268.467620849609 269.312194824219 269.368469238281 269.359893798828 269.971740722656 270.136657714844 270.156097412109 270.74072265625 271.555633544922 271.565002441406 271.606658935547 271.932006835938 272.274230957031 272.146484375 272.053161621094
267.195526123047 268.064575195312 266.858642578125 264.895446777344 261.87646484375 263.332458496094 268.313812255859 270.047149658203 270.132751464844 269.860534667969 269.206298828125 268.438781738281 267.940826416016 267.316162109375 268.843170166016 269.391265869141 268.764282226562 268.026245117188 268.837310791016 269.373046875 269.215209960938 269.414794921875 269.493713378906 268.474365234375 267.787017822266 267.324066162109 265.114013671875 264.79833984375 265.411834716797 266.102264404297 267.688537597656 268.812286376953 267.991729736328 267.269989013672 267.962890625 268.514343261719 268.417602539062 269.191925048828 269.578979492188 269.893127441406 270.285461425781 270.351531982422 270.689208984375 271.366180419922 271.735229492188 271.948638916016 272.341888427734 272.699859619141 272.584686279297
267.907897949219 269.923828125 268.105285644531 266.758972167969 264.459259033203 266.008239746094 269.691680908203 270.563812255859 270.639495849609 270.329040527344 269.523712158203 269.564788818359 269.572113037109 268.190032958984 269.321594238281 269.930053710938 269.847625732422 269.765655517578 269.564636230469 269.152923583984 268.740203857422 268.935699462891 269.286987304688 268.851440429688 268.430908203125 267.803649902344 266.20361328125 265.786041259766 265.984405517578 266.217864990234 267.418792724609 269.006958007812 269.248229980469 268.645263671875 268.308349609375 267.829071044922 267.529846191406 268.499908447266 268.977844238281 269.255096435547 269.794921875 269.950836181641 270.356201171875 270.960144042969 271.271331787109 271.510620117188 271.999755859375 272.251037597656 272.591430664062
265.228668212891 269.117797851562 269.293090820312 269.053131103516 268.713897705078 269.224365234375 270.175201416016 270.358123779297 270.749298095703 270.686950683594 270.261993408203 270.059356689453 270.12353515625 269.436218261719 269.170928955078 269.868774414062 269.825500488281 270.038726806641 269.87255859375 268.955749511719 268.948425292969 268.771575927734 268.492126464844 269.216033935547 268.008056640625 266.403839111328 266.421600341797 265.932739257812 266.033996582031 267.036071777344 268.449920654297 269.379058837891 269.952972412109 269.434020996094 268.901947021484 268.41943359375 268.048431396484 268.871246337891 269.129333496094 269.255615234375 269.426635742188 269.789978027344 270.548217773438 270.860046386719 271.003479003906 271.526153564453 271.825653076172 271.979309082031 272.434417724609
262.965881347656 268.421905517578 269.999328613281 269.322631835938 269.655303955078 269.994415283203 270.523040771484 270.575805664062 270.853790283203 270.823699951172 270.208190917969 269.317047119141 268.962768554688 269.271392822266 269.322113037109 269.539489746094 269.463409423828 270.1318359375 269.719970703125 268.975402832031 269.265075683594 267.274444580078 265.412445068359 267.099151611328 266.741119384766 265.001800537109 265.785705566406 266.314727783203 267.318481445312 268.584899902344 269.857971191406 270.068237304688 269.967926025391 269.430206298828 269.289215087891 268.708282470703 267.626922607422 268.596618652344 269.180816650391 269.579193115234 269.562164306641 269.535400390625 270.323181152344 271.2314453125 271.120758056641 271.548095703125 271.962585449219 272.38720703125 272.49267578125
265.720581054688 269.37744140625 269.869873046875 268.162139892578 269.61181640625 270.404144287109 270.732330322266 270.779907226562 270.918151855469 270.653778076172 269.550384521484 268.125274658203 267.978790283203 268.966766357422 269.621063232422 269.569183349609 269.579864501953 269.731842041016 269.653869628906 269.699462890625 269.036651611328 264.741394042969 261.431396484375 263.850921630859 265.759826660156 265.373474121094 266.803192138672 267.599395751953 268.099060058594 268.656311035156 269.747741699219 270.423309326172 270.304046630859 269.783355712891 269.476593017578 269.0498046875 268.203491210938 268.537353515625 269.177093505859 269.792419433594 270.064056396484 270.165344238281 270.979888916016 271.694458007812 271.417144775391 271.546691894531 271.916381835938 272.372650146484 272.693572998047
268.612762451172 268.815673828125 267.549133300781 265.792785644531 268.40185546875 269.977600097656 270.183441162109 270.559997558594 270.887878417969 270.732879638672 269.887145996094 268.945587158203 268.754455566406 268.886932373047 269.214691162109 269.409423828125 269.923553466797 269.241394042969 268.90771484375 269.127593994141 266.974792480469 264.046112060547 262.120086669922 263.377197265625 265.233551025391 265.918579101562 268.135009765625 267.604217529297 266.454711914062 266.262359619141 267.910522460938 268.9482421875 269.14990234375 270.07177734375 269.946044921875 269.466125488281 269.401489257812 269.291290283203 269.478515625 269.738189697266 270.159759521484 270.800231933594 271.663269042969 272.006103515625 271.823211669922 271.713531494141 271.490997314453 272.077728271484 272.768310546875
268.561798095703 267.833801269531 265.936950683594 263.281188964844 265.459014892578 267.709014892578 269.219085693359 270.553375244141 270.819427490234 270.931732177734 270.207641601562 269.349182128906 269.149017333984 268.98486328125 269.145477294922 269.156585693359 269.859619140625 269.393829345703 268.903656005859 268.610778808594 266.384338378906 265.639709472656 265.115295410156 264.304260253906 265.080383300781 266.520965576172 268.577545166016 266.535949707031 264.196716308594 264.155822753906 265.332214355469 265.997161865234 266.9169921875 269.603820800781 270.296081542969 269.356475830078 269.277893066406 269.571929931641 269.613952636719 269.385101318359 269.802337646484 270.583221435547 271.42822265625 271.958923339844 271.946807861328 271.782531738281 271.444976806641 271.827758789062 272.624633789062
268.189056396484 267.582763671875 266.134552001953 261.874481201172 262.127075195312 265.154571533203 268.922149658203 270.638366699219 270.883666992188 270.534454345703 269.653381347656 269.418762207031 269.482086181641 269.123168945312 269.458099365234 269.800750732422 270.07958984375 270.037994384766 269.912170410156 268.58251953125 267.165496826172 266.713134765625 265.811401367188 264.770629882812 265.030120849609 266.802337646484 269.386688232422 267.642242431641 266.037200927734 265.366394042969 264.909454345703 265.673400878906 266.876892089844 269.135009765625 270.228698730469 269.501190185547 269.287048339844 269.96044921875 269.955749511719 269.752502441406 270.043853759766 270.614471435547 271.166137695312 271.529571533203 272.064636230469 272.243316650391 271.965728759766 271.796905517578 272.210693359375
265.009979248047 266.295074462891 265.518615722656 261.281982421875 260.629608154297 265.329711914062 269.765380859375 270.663360595703 270.945343017578 270.519348144531 270.108367919922 270.612487792969 269.887237548828 268.671966552734 269.534088134766 270.097961425781 270.436614990234 270.640075683594 270.262115478516 269.104614257812 268.229278564453 267.696563720703 266.578399658203 265.741394042969 266.490295410156 268.212768554688 269.389892578125 269.341705322266 269.439147949219 268.484069824219 267.557067871094 268.062744140625 268.659515380859 269.484558105469 270.137908935547 269.901428222656 269.613891601562 270.349731445312 270.504943847656 270.558227539062 270.660736083984 271.314636230469 272.040374755859 271.799743652344 271.943389892578 272.414031982422 272.450592041016 272.286956787109 272.057464599609
262.920989990234 264.950531005859 265.023620605469 260.697906494141 260.079895019531 265.597076416016 269.949310302734 270.362579345703 270.581207275391 270.682159423828 270.868408203125 271.095397949219 270.359619140625 269.652099609375 269.92529296875 270.155548095703 270.407287597656 270.647521972656 270.527679443359 270.197357177734 269.283935546875 268.615020751953 268.007080078125 266.806793212891 266.890625 267.755065917969 267.617279052734 268.908782958984 269.816833496094 269.931427001953 269.880462646484 270.055450439453 270.158660888672 270.1357421875 270.400238037109 270.707244873047 270.412475585938 270.890838623047 271.100280761719 271.117370605469 271.1005859375 271.562683105469 272.499725341797 272.430145263672 271.915802001953 272.292144775391 272.75732421875 272.799530029297 272.398834228516
265.394165039062 266.334167480469 267.177124023438 263.672027587891 263.161346435547 266.156341552734 269.414611816406 270.412536621094 270.612976074219 270.576324462891 270.670349121094 270.9931640625 271.107238769531 270.879669189453 270.265686035156 270.382507324219 270.339782714844 270.251770019531 270.376586914062 269.957000732422 268.713531494141 268.29248046875 268.957763671875 267.971221923828 266.834503173828 266.631530761719 266.561401367188 267.381072998047 268.253814697266 268.642913818359 269.403594970703 269.976593017578 270.413146972656 270.9892578125 270.868286132812 270.853820800781 270.779174804688 270.863250732422 270.996948242188 271.363922119141 271.719146728516 272.177551269531 272.583129882812 272.726928710938 272.399047851562 272.561614990234 273.072387695312 273.275115966797 272.721588134766
