rcp8.5models/MPI_ESM_LR/sc1gr6.4
NCOLS 261 
NROWS 433 
XLLCORNER 336357.134 
YLLCORNER 654653.479 
CELLSIZE 1000 
NODATA_value -9999 
[rows 352 to 373 of 433, columns 50 to 99 of 261]
3216.12104524486 3227.33375454222 3273.64654604797 3331.81746841906 3376.0658748569 3421.99059517181 3532.29167973345 3576.54678215397 3621.69983516619 3680.76652893572 3715.05771953192 3771.80494938166 3825.28788391853 3863.80746988917 3917.56680918164 3955.78625672735 3991.65358175891 4108.18362660491 4084.32402866485 4088.33653967781 4117.60439229756 4133.27357031304 4145.92359544667 4154.59244648077 4260.27810233204 4261.45274234437 4275.95497342322 4361.35564377901 4389.97625293401 4452.83583410792 4541.78687314607 4616.40344780953 4637.0396884635 4666.07002617162 4651.25133735808 4490.54204936945 4466.83616617108 4474.37072190372 4570.25912674935 4561.82314309196 4539.19076913828 4318.18067509564 4277.10532134444 4251.5145775975 4226.43711931745 4167.18721289836 4204.56759613351 4314.82511015986 4335.82410356201 4291.03221877673
3208.84236215269 3228.78865934259 3276.76107284289 3338.59406349629 3370.20919599443 3406.65440401148 3545.07835844064 3595.7211378387 3635.87618444881 3675.34966757589 3714.22897308079 3765.37704725653 3816.62870803432 3866.34273561351 3923.86346866003 3960.931410282 3988.23515817515 4064.72438924208 4044.87786537311 4081.34111660142 4107.15410459095 4151.16787268647 4157.2130391209 4139.53483968614 4176.51076185084 4201.49271129752 4193.64513131276 4209.30985242346 4411.53639381676 4479.35385447423 4509.12285477789 4528.64312074765 4612.41446505409 4647.34461677111 4651.86245214045 4583.65971672768 4453.8179408036 4384.1897749265 4522.83385098919 4522.70415504169 4587.22498323688 4443.78910545768 4278.38131361941 4294.95116877605 4296.93287702306 4178.99917514706 4120.31313743517 4275.5019742439 4364.02699320556 4345.89085228842
3199.69821585002 3227.29901293767 3272.10077370025 3334.57338939982 3378.07344079854 3417.98639767436 3525.86112622813 3574.34716830327 3624.9951488558 3665.30693806997 3715.02590525312 3763.21115859697 3803.66527141859 3868.37173607096 3918.72606476583 3956.23453181127 3972.31401483304 4058.42626984041 4057.61969649192 4071.00531139232 4091.55713241819 4126.78391491129 4190.33094526152 4204.4269725994 4174.06933243366 4170.17224884606 4204.03194973131 4216.16097898832 4432.76874182336 4525.71707651917 4473.91358357198 4465.30176804867 4582.06449814619 4638.9091993768 4637.23286106998 4630.37109507791 4556.40195280915 4433.59693649248 4476.25489874082 4602.36819277796 4292.34141604701 4513.47488846179 4345.2612618573 4228.37947870402 4354.93964424029 4320.24853658651 4142.91008785411 4227.17101676344 4325.64513587041 4363.65581392817
3207.06859718586 3229.40954443112 3269.31457420378 3328.60494687993 3379.25186941883 3417.59833819574 3513.68293113872 3560.49979859781 3610.83639336885 3656.02101705389 3713.5090066778 3767.28810193233 3797.03224563026 3842.73415883642 3902.82213176119 3959.5854089589 3970.30757969507 4107.95517365925 4099.86265907922 4056.99660738399 4085.30408535788 4092.72794376433 4163.77237556611 4200.6716740814 4160.55685172922 4142.37843906226 4192.66453749941 4202.1659210732 4291.21056889749 4440.44746472986 4395.26698751332 4339.56267149632 4460.96286208383 4515.63808928067 4520.0102969368 4587.84789864387 4610.83595612133 4533.55503928372 4451.64936178657 4555.34033504401 4057.4215441122 4200.44842861363 4422.57269462366 4305.40958227555 4366.72982224204 4452.00498276088 4326.42353965756 4254.65199964616 4220.17696371811 4280.17344988722
3208.44266787685 3239.32970695575 3276.37291794717 3317.53920773738 3393.30096604188 3463.2695315991 3510.98661644548 3569.9874643052 3623.8842922565 3694.87858317421 3722.44240020489 3770.32747252401 3816.18122289322 3848.30002520659 3935.31106045939 3978.0538358717 3992.51321355668 4123.5563434556 4101.14742459706 4053.87378735197 4132.39461734813 4194.47435945337 4188.8308602913 4153.57888103107 4169.64284261728 4157.00388943515 4155.39741353623 4174.17427671052 4215.13959661743 4340.81248559172 4415.12618865436 4424.70434376243 4484.83250018903 4475.43965839703 4439.05014827166 4534.7936435859 4612.02197332652 4607.17044741255 4466.22441329609 4411.5651192126 4299.65247298233 4106.04174990137 4405.09115834824 4493.23044141389 4430.73004141723 4497.42545681728 4494.78599912521 4363.78746346973 4171.26217476728 4118.52807714067
3195.82255905146 3244.84390863689 3286.81476262519 3314.43005210858 3390.89495552152 3485.68831662439 3503.10234625061 3565.37356206282 3619.10588898942 3677.81549394365 3701.87353251861 3753.9942365557 3894.47874355566 3909.02618574228 3941.66489095426 4015.33426229936 4011.37758229306 4088.03033455929 4098.27920599543 4098.42760730278 4118.86006423818 4273.73592727182 4261.56293444599 4160.59807292314 4273.18740727125 4232.53985203307 4139.08344603274 4160.75601135491 4176.49723538163 4344.58778634645 4521.8421988865 4575.62566067015 4593.49195456689 4548.12940245229 4515.0271632785 4555.19941287219 4607.33929724797 4632.28485908354 4558.22748455462 4462.18657831645 4494.9827666894 4281.54782411587 4228.91871535597 4454.06209103325 4504.89164493844 4445.46726046086 4454.84077309005 4408.7206102372 4229.76606970277 4120.34724101671
3205.33590111714 3254.95085185467 3307.18529670469 3324.00382604855 3377.58111777412 3458.37214949283 3519.49337363921 3571.32023546964 3612.56735742307 3641.91498308834 3732.26046445222 3812.25813436588 3885.52621473248 3989.89154800824 4036.70020264322 4095.94251876006 4111.94286619586 4090.09508181243 4047.06152236753 4143.22550501842 4128.4275074553 4274.46457587396 4253.27827617741 4183.1287359914 4310.97854924339 4243.15621304802 4137.90062463842 4145.28223145793 4160.763057192 4266.35944033698 4473.87045787538 4587.12276804519 4600.22884016924 4582.77816345449 4578.35495800205 4582.15337438809 4598.87522430747 4622.97256913661 4622.79144142846 4573.27050998477 4507.72248944238 4406.2144387225 4114.92224460647 4182.92822489442 4466.9963801613 4416.4317076573 4342.96109153938 4375.71266773 4306.03545337843 4165.31841016022
3221.67514019208 3260.69748558463 3290.44910132171 3345.67503983568 3387.36422941504 3486.17533100046 3534.24879491488 3569.04779293102 3594.03423326123 3633.60295415853 3824.9398878134 3976.73758739778 3877.57641096261 4007.15799632364 4147.75758899769 4164.36600858812 4176.19900089212 4016.83599682696 3987.58335919584 4069.10894781749 4088.83087039883 4142.38727135058 4152.40934401366 4160.45174115177 4304.53710990517 4352.15514981563 4209.11012618185 4128.13036668959 4151.34002090895 4161.44955416435 4353.18094542924 4552.66912862641 4592.45691435761 4594.61876675008 4593.47105783688 4561.87825077429 4573.81295000985 4558.27681938299 4568.98707940252 4589.36403668285 4486.4727279557 4502.5166830585 4361.18176991075 4249.54035173194 4341.0448003715 4409.84198770477 4352.22612929908 4288.19802810516 4291.13365572422 4212.21377850434
3198.67375471336 3231.78519915098 3282.85844399138 3360.74884353813 3401.79072952829 3442.84940576687 3489.16944542886 3545.14639785159 3677.08517673088 3831.97672153116 3930.41339726138 3987.11829426041 3998.08675467747 4041.18012069341 4134.17540508695 4181.71376972714 4147.44671365507 4179.41926645404 4089.05780113287 4060.43121203758 4071.41761839492 4177.18583806245 4181.86548306596 4293.29302500489 4385.44493017252 4380.18040206842 4322.21361602754 4206.25934132678 4183.3563914303 4164.75793679164 4236.52753558805 4402.9428429516 4497.29686565397 4466.81964021266 4508.93777570399 4555.01280965622 4554.72671533719 4543.32558086934 4511.83901058854 4542.24610204431 4539.91418927273 4545.99350527598 4515.49373671808 4515.78708412251 4515.25671604932 4466.12154362462 4417.92719843228 4374.04949998345 4335.50044129671 4287.71780536525
3186.00542106824 3228.67060227383 3283.68039827535 3360.38380596357 3400.25654526089 3440.16943863517 3489.89797595341 3543.38920000282 3638.11869578345 3797.8383104822 3914.31890646403 3959.1603500376 3971.62719022188 4069.50691697148 4038.7021162557 4042.0222507451 4179.35831163985 4157.44337308161 4126.86684328847 4064.47617834774 4068.24575358087 4164.3798256171 4161.88634883064 4255.6393893432 4306.2018656074 4337.42101994351 4379.23456321512 4235.72371684948 4170.76845244751 4169.91464100995 4174.22005870367 4227.07952648478 4377.83620830172 4455.66058842122 4490.05717472612 4552.61739061063 4557.86495847678 4509.06154583721 4470.00066008972 4490.71206461872 4535.8887187818 4533.87122727694 4528.06747761855 4516.99383538889 4502.81122322247 4472.37181456456 4428.4074426367 4344.23058724355 4318.03414525401 4314.28680125184
3180.29130966674 3230.39126152573 3283.6757825441 3334.89859079886 3376.62403928427 3422.55662491823 3496.33473471472 3546.16734523566 3616.64351688989 3742.30360159991 3880.56535896408 4002.20719572191 4030.62355457299 4082.62516857648 3983.09955858762 3973.7561975295 4104.05058625559 4030.89978184792 4063.04725805614 4046.31217410787 4036.10979841882 4070.3095974264 4145.81455565085 4175.44403990824 4211.31858686409 4336.00051262553 4351.2439021325 4255.59591535615 4140.73558069042 4185.8142379405 4156.16623612252 4131.41620320761 4300.93436574074 4468.11475886499 4514.53465040664 4539.53423166308 4542.98616372841 4503.74250036977 4481.75747735077 4468.04114219442 4522.7295316284 4514.97399218491 4508.05104193914 4492.53125052814 4469.05078810441 4451.24676629933 4448.78486157107 4404.572572539 4345.4062649327 4300.61968182658
3182.58650632152 3215.61122936176 3253.90450955822 3293.63470630935 3349.06405794308 3417.23315256158 3500.12317973089 3561.26103898075 3643.62441989957 3715.387780651 3851.00359486254 4014.06683411103 4076.18380307356 4069.7237070313 4023.40057681319 3993.3785175878 4044.43037019361 3979.61462247421 3969.68512497927 3996.11187004127 3999.45522814548 4089.01132935292 4199.77879565048 4152.65211440577 4198.70698367734 4350.84954966077 4272.40147628388 4203.93578482724 4097.25972683237 4156.75948396917 4195.66453612764 4162.49196722996 4193.14840809052 4291.78069400795 4424.15130251812 4506.14737832461 4508.36802071585 4515.46332423799 4502.55724143319 4469.22067325729 4483.13766145852 4492.6702218665 4487.9842144523 4474.7977517524 4451.0361375205 4398.23542099817 4394.92496411796 4413.16828909904 4389.42532951597 4318.92653896051
3185.05289143315 3214.69586831426 3241.96507062511 3278.31403719632 3341.50595859165 3411.91208719222 3505.28478987693 3547.74447379707 3666.50985156144 3739.98430644401 3872.09556384524 3956.43269769901 4019.92966014569 3981.02518959968 4015.1878853978 3956.3221236417 4007.66258947207 4015.00832817119 3984.0257950954 3996.86297430434 3989.41174349632 4082.94238491334 4208.56616808086 4202.17387813125 4252.50503230504 4348.56590802672 4211.78802234801 4116.57187092621 4119.60399470858 4104.71393287507 4180.07361582791 4175.9376921521 4124.19386226158 4243.60074283915 4351.30301626615 4404.51881499145 4468.19647032031 4498.62649185052 4499.09417236197 4482.3115937926 4451.55140176722 4461.5862633425 4457.56922379101 4451.26376064062 4442.77341971804 4398.30347123866 4383.84414072805 4388.20281538955 4365.47627193262 4345.27176319243
3186.25330245702 3237.22598421291 3267.26452459048 3294.52218482716 3343.19706150058 3404.12782467686 3503.64343998318 3558.34080658805 3628.30899522667 3722.90598983551 3892.58648474038 3956.89270611275 3889.95257984861 3816.15975936759 3872.73172410271 3890.24256930561 3973.56111049304 3956.8046867597 3963.2370816019 3985.75962307408 4063.9082345802 4067.72844802793 4076.55842104572 4124.20212245814 4274.83326285811 4357.01348973738 4232.19580909317 4116.06695482487 4240.60169115618 4164.53224186456 4134.61289879868 4183.21869891743 4145.38198284499 4239.62238709867 4366.80150779457 4408.84119094057 4455.9607998885 4486.85867937159 4490.55065920187 4480.6780492838 4457.34877376851 4448.07372496415 4430.06956366333 4425.07327278152 4419.62295021147 4403.42021541935 4386.76348107898 4363.67924349032 4339.75681677976 4324.46382684722
-9999 3235.02202086801 3267.6499913446 3307.86033711337 3351.99299370884 3400.74960423743 3484.00285176701 3555.87941299864 3607.38899350685 3663.96199552746 3759.19105071916 3864.19890295006 3840.05133318214 3770.65500235337 3778.84394255162 3836.22934907533 3904.63075790576 3922.27116789768 3957.94287584966 3965.76420493497 4070.95324161765 4047.61161299884 4005.31140599187 4100.95739930514 4185.03941163666 4257.07399380357 4238.47826610057 4145.93852679522 4185.04294372327 4144.78130496116 4099.67424981819 4181.89944579782 4216.87439760046 4192.41124894925 4341.41471092872 4465.82415544329 4413.64791313619 4420.70918342991 4449.08372769281 4428.60673875196 4413.15805683765 4405.06550928508 4414.17994075632 4398.89749424542 4392.46392612263 4379.02804988916 4360.95528121163 4340.37393544428 4323.79487141003 4308.62631887366
-9999 3236.14959179124 3267.78310162757 3305.64278784798 3354.6332075853 3387.7613706205 3465.82720356692 3536.55943663651 3584.22855580353 3641.32016005503 3678.83461236343 3743.68694312236 3778.85224589556 3752.71682658969 3763.42493097516 3813.06783274238 3854.98238408871 3972.30082833693 4068.16981916765 4051.64680937615 4076.30170896701 4110.00858071124 4047.92081609172 4177.62295225493 4217.71157336711 4244.76619516041 4296.77238252281 4179.19678411641 4075.39494157519 4076.04232535629 4074.18968687986 4126.57771319326 4200.51069659035 4218.8686424319 4312.38148768926 4431.75397868168 4417.09308106095 4415.13622801994 4423.00236072288 4360.28833356441 4388.07837929711 4380.75313308474 4400.70660063897 4382.50416145982 4373.88090198547 4359.66355509215 4339.2477705254 4322.95282320435 4304.54937906533 4289.20402920947
-9999 3252.82582343325 3274.41334208426 3319.70424995307 3335.47624903247 3357.37958810759 3464.73110648895 3530.42228577499 3558.44550324513 3616.76091398644 3674.09857499099 3693.99039015517 3719.25709442729 3739.25444320955 3772.5313004902 3804.51339770943 3822.48261784553 4014.58973549617 4159.08975390707 4166.95194629431 4171.26252383196 4220.18902650127 4089.27422293812 4158.98578592575 4275.90032212015 4267.54787603489 4322.18450522396 4248.50807732119 4069.38194138101 4069.88062025661 4066.66749352793 4080.22302241395 4170.20165754242 4312.45103156605 4388.10100271007 4423.92385934023 4443.13837511477 4436.70153372221 4423.06698481734 4322.26654847128 4378.23969183884 4373.48197287738 4382.39098460746 4369.94236236954 4357.62079595913 4338.15229184499 4318.78763752295 4309.08346808036 4278.53889626355 4200.62520337895
-9999 3228.82177198529 3294.67707938199 3319.20419405187 3326.15149311869 3342.4741516214 3460.27731198098 3516.88451513721 3550.64559611751 3589.31062265213 3756.56888335686 3735.32341949736 3689.74139040239 3720.46110340885 3801.62142448559 3830.58387610591 3822.16854466262 4010.98048937326 4189.15895470388 4227.45599009729 4227.95519454421 4245.91553886965 4176.09418495838 4153.20106385167 4260.2707225427 4280.35015314056 4309.20250669658 4339.42278386522 4105.39942623412 4065.33068509224 4064.27779177942 4062.5194429686 4177.59418725333 4342.73624612199 4416.58384784648 4418.80782413682 4417.38726225464 4413.36912821455 4411.6957383419 4361.58870110021 4328.38581760403 4364.41802567846 4358.0230848879 4340.39624165901 4313.34386755944 4301.52705655093 4296.8438835454 4277.17564808612 4256.43785335357 4055.78569450727
-9999 3237.14959133087 3288.19419169575 3301.66170398677 3327.87854686508 3344.36398261012 3453.6499221768 3503.59709805434 3543.07059640733 3581.69488412947 3695.38012966864 3715.74806041154 3687.42117675228 3697.82670615428 3775.04527305258 3842.81590402592 3869.89042365277 3931.56208080088 4104.81968015483 4228.43382736387 4257.75033054683 4187.760312328 4138.75929508002 4134.22409819727 4199.10619686617 4194.11968856416 4256.50155792866 4368.40639882413 4173.26167308749 4054.62823861017 4069.21112728166 4057.88553841215 4180.46588316519 4318.70699645546 4362.75183713345 4390.69679960579 4400.87141245988 4397.52599247113 4396.39471378563 4394.21884395242 4332.23017887344 4341.34296213872 4273.89597055292 4269.65345249239 4284.94891135859 4254.70509227295 4253.02505174856 4253.69083406565 4247.34136320867 4022.53643555785
-9999 3228.47495893237 3257.7049374642 3289.25197082022 3315.70935061369 3356.98299707468 3438.1190238043 3488.71934070545 3529.06592736298 3559.59341733457 3599.14104127879 3654.8000396164 3698.65460623379 3697.79204860874 3724.78391389548 3751.52458312319 3813.30194199659 3839.82428100662 3908.79846863083 3970.72755136344 4024.6958371069 4083.5685890976 4201.76722544667 4255.20728422548 4082.9160133919 3965.48183177147 4129.42869303339 4315.12180730644 4294.43591128096 4131.98618818561 4076.97626379394 4066.57942946414 4076.34917933992 4185.85772652979 4267.24658350894 4306.53486690846 4323.80727236818 4326.01342239902 4320.28762300187 4329.65747191673 4290.16984634289 4170.1321272857 4162.26979350585 4176.3478494655 4141.04457577838 4187.76352889391 4192.28747596145 4170.33093681415 4194.3675631422 4171.02363620115
3210.40105215907 3230.47958774323 3260.48309019069 3294.21958220983 3337.00959243024 3381.98269063878 3442.76392788714 3490.31955601886 3535.35990459044 3571.71975202106 3596.29875852932 3648.65187922273 3671.84910037092 3697.0193566966 3722.16842506237 3737.84382377056 3771.6126231716 3916.68322612563 3956.60037057171 3916.83323803446 3940.57737487631 4094.38152447286 4171.8828573073 4124.74098506964 4024.304704335 3963.39794578668 4122.37263342734 4302.22028117929 4363.43040916498 4278.10873372613 4174.04799763713 4098.63632048882 4105.73374055527 4169.80522041434 4211.52324355351 4255.91096094383 4286.17208267031 4273.09288255478 4259.94446014467 4265.7117181894 4296.87266977091 4222.64532969603 4186.3177809863 4198.71038004015 4125.22474843499 4132.49067861918 4189.5007645584 4174.59494786044 4171.66444388426 4169.80871701538
3218.82383902432 3239.45472463206 3270.28775433202 3301.84355330371 3341.91388605269 3378.40683010079 3442.11417657946 3496.30279420475 3540.54776766185 3563.28675747934 3573.9301020311 3620.40793158368 3631.55716700496 3661.69517952432 3714.2062889845 3787.8965641065 3789.11935040828 3979.92055618752 4086.85149457706 4099.18162006293 4064.7572952912 4078.76165524893 4092.94808594598 3999.66087406733 3949.03862484359 3955.96525171449 4044.82103556067 4241.18133027749 4330.22849889916 4328.74393701013 4194.79937724365 4061.10154278693 4050.36752688219 4117.4503419793 4192.1217345895 4223.36686098915 4234.2366767215 4212.87658863946 4210.49631527764 4236.39937020026 4281.43340057407 4268.13759438829 4217.9629242109 4182.64720857863 4147.25854379272 3999.09330629425 4019.66720560807 4156.24146715886 4161.89157164253 4133.78544120628
