rcp8.5models/MPI_ESM_LR/sc1gr21.32
NCOLS 261 
NROWS 433 
XLLCORNER 336357.134 
YLLCORNER 654653.479 
CELLSIZE 1000 
NODATA_value -9999 
[rows 396 to 417 of 433, columns 100 to 149 of 261]
365.927734375 434.850433349609 467.675689697266 435.81201171875 390.534118652344 416.131378173828 543.499206542969 638.210876464844 392.626159667969 322.672302246094 309.326019287109 292.460968017578 268.274078369141 231.701614379883 196.42707824707 180.31266784668 190.062637329102 238.973922729492 328.9521484375 427.45068359375 396.680877685547 375.053680419922 388.960845947266 427.84912109375 487.843414306641 555.677917480469 597.838195800781 608.480590820312 571.746215820312 495.496337890625 431.115570068359 349.625701904297 331.472076416016 338.205230712891 380.056762695312 447.411529541016 561.887756347656 680.127624511719 668.492614746094 548.4140625 423.196380615234 325.466033935547 239.3193359375 241.787780761719 270.747314453125 293.539428710938 303.046295166016 293.987670898438 273.595764160156 264.651824951172
353.701843261719 426.187438964844 484.598693847656 488.3740234375 420.036651611328 365.367034912109 418.385314941406 577.873291015625 483.444000244141 326.090881347656 278.419311523438 244.202560424805 219.004531860352 209.618591308594 212.301803588867 222.892486572266 243.838485717773 283.385406494141 333.983459472656 360.714874267578 344.791015625 341.813018798828 362.581207275391 434.653839111328 560.277648925781 660.794738769531 658.917602539062 580.962768554688 471.720184326172 368.325012207031 312.411712646484 315.063659667969 348.278442382812 393.053649902344 438.458068847656 485.461853027344 566.210876464844 651.716430664062 655.669799804688 547.387756347656 392.698852539062 296.506134033203 257.882598876953 262.583404541016 277.48828125 275.060302734375 246.598693847656 205.069793701172 170.709945678711 162.509292602539
218.50732421875 283.284515380859 346.578430175781 419.923095703125 468.794555664062 462.596588134766 450.750457763672 431.332427978516 283.425415039062 237.058059692383 194.373321533203 169.909225463867 181.949890136719 215.951019287109 254.074066162109 306.800201416016 355.087921142578 338.414916992188 272.238739013672 226.222030639648 254.621444702148 294.238525390625 303.516479492188 320.933502197266 408.608459472656 505.815948486328 490.5654296875 388.333923339844 306.158386230469 261.189666748047 227.137588500977 220.705413818359 281.540252685547 321.765380859375 344.151062011719 366.026580810547 369.585845947266 357.260925292969 336.093475341797 306.958679199219 285.700622558594 289.537170410156 292.384490966797 267.122802734375 224.608963012695 185.332550048828 165.058609008789 160.922302246094 172.288146972656 182.360549926758
137.207565307617 170.958221435547 258.844390869141 365.777435302734 450.287078857422 466.273406982422 427.207092285156 381.838134765625 283.448822021484 234.124359130859 183.183929443359 165.286651611328 181.162612915039 207.532135009766 236.364990234375 261.784637451172 272.673828125 264.309326171875 248.161880493164 226.544189453125 257.0341796875 329.485046386719 380.909515380859 377.841735839844 375.825500488281 396.497406005859 380.267425537109 313.997955322266 269.847717285156 262.550872802734 227.357284545898 -9999 252.060455322266 317.900573730469 345.558349609375 362.827453613281 395.545928955078 437.86181640625 413.172058105469 311.204498291016 261.628356933594 297.390197753906 315.2998046875 289.791931152344 249.430923461914 198.796661376953 181.479019165039 206.652923583984 234.236618041992 232.813980102539
71.0929260253906 83.5838012695312 193.595062255859 361.331909179688 467.355377197266 491.183502197266 470.703399658203 414.515045166016 291.295104980469 251.081497192383 207.875061035156 182.474655151367 181.792877197266 197.531112670898 220.743469238281 236.203430175781 262.272918701172 314.796936035156 335.159362792969 267.168060302734 311.737457275391 384.359954833984 416.186431884766 414.823791503906 424.974884033203 426.948272705078 392.448699951172 334.263488769531 340.437164306641 443.372375488281 458.330810546875 184.10124206543 -9999 302.7373046875 328.823303222656 340.662536621094 370.503601074219 417.858581542969 413.741485595703 327.957366943359 270.500183105469 294.213317871094 324.351531982422 330.065612792969 317.958282470703 261.568878173828 232.697647094727 268.657562255859 284.065338134766 264.765228271484
42.4037475585938 59.5005569458008 186.048263549805 394.308013916016 518.541931152344 544.9892578125 537.048278808594 473.564575195312 277.782897949219 232.591064453125 192.30615234375 168.546600341797 164.301864624023 179.111068725586 211.390777587891 247.166793823242 305.377777099609 376.349884033203 407.759826660156 381.928314208984 401.161437988281 407.806884765625 386.294586181641 390.385955810547 445.199554443359 507.777099609375 513.767578125 426.299530029297 349.943206787109 390.016723632812 427.294921875 258.929138183594 249.725997924805 281.102569580078 298.017730712891 315.724151611328 353.047973632812 407.309387207031 412.810424804688 329.717712402344 277.996215820312 317.598449707031 381.952514648438 373.926208496094 353.953308105469 320.856842041016 298.925933837891 299.744232177734 286.336395263672 271.33056640625
36.790283203125 53.2636032104492 187.516632080078 426.170867919922 583.487854003906 599.388793945312 528.540649414062 418.724639892578 239.609497070312 200.709899902344 161.552001953125 144.232849121094 152.704452514648 176.828826904297 206.118927001953 240.789367675781 303.229339599609 369.394378662109 404.588439941406 438.740051269531 432.08544921875 393.3291015625 352.779724121094 347.257019042969 377.838531494141 443.786407470703 502.118896484375 455.377075195312 348.54638671875 297.12255859375 305.417541503906 333.132476806641 335.617095947266 345.572082519531 332.409759521484 343.378936767578 390.298645019531 440.604187011719 427.314636230469 325.305419921875 275.817840576172 341.409240722656 440.395660400391 405.642517089844 353.999877929688 320.209564208984 314.342803955078 293.447723388672 266.180145263672 272.367401123047
36.3750305175781 50.4133949279785 177.009963989258 393.252899169922 518.076354980469 520.701110839844 465.790069580078 383.82861328125 224.02214050293 186.355850219727 159.559097290039 153.553649902344 167.548492431641 186.977722167969 202.916580200195 222.018112182617 259.639312744141 310.295013427734 356.271606445312 417.493103027344 408.286682128906 366.198028564453 322.880828857422 298.047515869141 295.728576660156 342.318725585938 445.450622558594 509.847229003906 493.090606689453 425.364410400391 330.359161376953 353.268920898438 395.786895751953 387.459777832031 348.962738037109 362.969665527344 429.850646972656 475.281188964844 443.755310058594 358.956634521484 341.772094726562 432.469299316406 479.752868652344 388.640594482422 318.659637451172 280.125823974609 289.729614257812 285.236999511719 280.683471679688 302.598114013672
43.9609985351562 68.2873687744141 201.1162109375 387.000793457031 468.131744384766 458.240570068359 434.261810302734 391.188842773438 239.510833740234 201.988754272461 186.476593017578 182.191986083984 185.464859008789 191.728485107422 203.008071899414 227.010864257812 270.36474609375 319.508728027344 348.681274414062 387.524688720703 383.769683837891 346.493682861328 296.844573974609 243.375671386719 212.033081054688 271.308471679688 427.653961181641 551.441711425781 596.415954589844 578.627197265625 459.785095214844 351.755706787109 360.712768554688 346.265014648438 330.168670654297 351.581176757812 416.732147216797 468.989196777344 467.459564208984 440.737915039062 442.104187011719 496.128479003906 436.364501953125 292.103851318359 246.346313476562 225.001998901367 232.595733642578 251.439834594727 291.385955810547 359.368408203125
108.200134277344 128.713897705078 273.155914306641 414.635284423828 459.848205566406 451.116394042969 444.906219482422 421.467590332031 279.449920654297 245.371215820312 226.219360351562 212.025543212891 207.301132202148 210.615219116211 227.870391845703 272.986694335938 344.496917724609 392.750366210938 393.726470947266 391.839691162109 381.792724609375 352.908660888672 315.7216796875 255.211761474609 206.980377197266 261.6376953125 409.970581054688 541.844299316406 632.58056640625 668.830139160156 587.09375 358.115051269531 352.740386962891 367.808654785156 374.250946044922 397.426544189453 482.135192871094 561.227355957031 537.95458984375 467.075836181641 422.386444091797 402.424652099609 314.154205322266 233.507415771484 214.567672729492 207.951599121094 216.045547485352 258.533874511719 333.855285644531 419.271514892578
243.317398071289 166.085876464844 244.392822265625 359.695739746094 426.324401855469 454.10986328125 479.276031494141 482.637329101562 340.102325439453 292.377288818359 290.306060791016 306.924255371094 315.058715820312 291.200042724609 266.687957763672 294.075347900391 375.061096191406 440.219909667969 457.139404296875 460.989715576172 433.159820556641 403.167816162109 368.276489257812 308.983459472656 258.912170410156 282.809478759766 386.514282226562 565.275085449219 794.770263671875 893.237182617188 775.097839355469 432.512725830078 380.276672363281 399.326080322266 409.390991210938 434.148651123047 540.645080566406 666.669921875 636.96630859375 473.438629150391 368.733459472656 336.768585205078 252.988189697266 229.368759155273 228.846862792969 223.34260559082 221.113052368164 257.959106445312 336.605102539062 414.631103515625
369.119201660156 227.332107543945 217.268218994141 294.030151367188 380.015167236328 465.105377197266 552.29296875 563.31298828125 401.153503417969 359.628387451172 368.017639160156 413.062622070312 430.429168701172 386.289154052734 329.912200927734 345.783386230469 477.581756591797 602.4658203125 622.454772949219 705.04052734375 610.728942871094 484.612365722656 406.813385009766 332.4365234375 279.714538574219 272.213928222656 339.152954101562 550.226989746094 918.6650390625 1202.82348632812 1118.65991210938 526.853515625 422.595855712891 399.426849365234 403.777038574219 437.223724365234 507.662048339844 567.968872070312 530.005310058594 416.201873779297 353.954772949219 329.870574951172 251.225921630859 249.102233886719 279.099243164062 268.510192871094 225.955123901367 231.654815673828 280.712341308594 341.833068847656
473.161041259766 370.787567138672 306.622009277344 319.3408203125 371.606689453125 463.621856689453 584.439514160156 599.828674316406 436.37109375 422.102996826172 449.559875488281 498.258331298828 524.763000488281 551.879699707031 557.913391113281 500.44580078125 535.312927246094 652.134460449219 682.617980957031 722.682250976562 630.841674804688 489.491638183594 394.759765625 331.383392333984 307.263854980469 334.407958984375 425.767456054688 605.053466796875 901.028930664062 1173.15893554688 1087.48022460938 504.973358154297 409.870727539062 370.021820068359 376.890380859375 437.370147705078 568.390258789062 678.957885742188 573.592468261719 370.976654052734 340.521118164062 333.43359375 254.511123657227 264.685119628906 329.534545898438 320.528106689453 242.6005859375 216.289947509766 224.562942504883 259.743225097656
545.934814453125 516.537414550781 519.801696777344 544.409240722656 549.320068359375 561.814025878906 618.388366699219 621.092102050781 459.495056152344 466.263214111328 499.221069335938 522.534362792969 526.908325195312 561.22607421875 593.590698242188 565.590026855469 587.232604980469 633.637573242188 602.686340332031 556.680114746094 511.466125488281 454.372161865234 404.381072998047 368.682281494141 388.719299316406 450.053283691406 516.208984375 585.455322265625 694.112670898438 807.939575195312 741.632873535156 404.952056884766 323.173309326172 300.776123046875 330.748168945312 407.372528076172 511.845733642578 586.828735351562 526.570434570312 376.477752685547 339.810455322266 341.228424072266 236.559616088867 240.118392944336 305.680297851562 327.115814208984 293.527252197266 269.472045898438 246.29280090332 248.731048583984
518.832092285156 535.998291015625 618.120544433594 630.445068359375 646.452819824219 891.714538574219 1159.94836425781 971.012756347656 401.843688964844 363.378692626953 382.387176513672 438.699096679688 552.640625 684.602416992188 685.786499023438 579.400817871094 483.286895751953 415.516204833984 371.511474609375 352.227020263672 369.561859130859 429.40380859375 516.562255859375 519.069396972656 439.961944580078 406.095001220703 458.764495849609 536.801025390625 561.948913574219 509.066955566406 439.621459960938 330.237121582031 280.618255615234 292.384521484375 329.126403808594 333.682067871094 323.766265869141 315.153167724609 308.011474609375 290.207000732422 270.645263671875 264.687835693359 232.322830200195 248.970153808594 294.837371826172 315.443328857422 291.568572998047 260.406097412109 236.571105957031 284.677734375
455.975311279297 467.228881835938 547.397216796875 638.645324707031 792.372680664062 1054.16784667969 1181.65710449219 916.684631347656 341.140045166016 306.484924316406 322.492034912109 387.1552734375 556.663696289062 741.766296386719 704.347595214844 513.15576171875 433.108673095703 452.491607666016 420.344360351562 346.846252441406 392.751098632812 469.210906982422 542.751831054688 530.91943359375 462.301177978516 424.932556152344 446.910797119141 495.541870117188 509.217468261719 452.420745849609 364.882171630859 272.296966552734 254.586349487305 264.924682617188 301.847961425781 313.204772949219 279.044067382812 248.590805053711 237.879440307617 235.872116088867 238.194274902344 247.86213684082 269.841522216797 280.924072265625 308.705352783203 313.298248291016 276.029022216797 233.098266601562 214.280914306641 286.925140380859
418.677856445312 381.316040039062 419.851196289062 569.281372070312 828.453491210938 1058.21496582031 1070.08508300781 824.557067871094 376.679901123047 347.257171630859 331.0908203125 347.214141845703 445.361907958984 558.397338867188 537.361450195312 450.560577392578 467.038299560547 506.510131835938 466.733032226562 477.312042236328 552.871643066406 577.010070800781 580.551452636719 562.226257324219 515.660583496094 480.832153320312 453.560241699219 421.764862060547 398.930816650391 355.999145507812 303.397247314453 302.491241455078 317.234039306641 302.715576171875 302.270935058594 307.558868408203 267.590087890625 233.37809753418 240.717727661133 251.528656005859 253.098892211914 264.556182861328 283.567993164062 266.825103759766 275.137329101562 289.549835205078 288.272918701172 285.556030273438 320.865264892578 434.608154296875
434.655670166016 360.891143798828 354.899139404297 483.305633544922 750.246215820312 1015.57476806641 1052.52099609375 813.274536132812 414.671142578125 371.729797363281 349.431671142578 357.516296386719 441.839599609375 538.128845214844 556.140625 596.157104492188 687.711547851562 673.036315917969 603.669128417969 643.845825195312 742.54443359375 775.401794433594 738.065490722656 701.306335449219 636.750610351562 542.814392089844 452.503723144531 383.868469238281 352.412231445312 320.354187011719 300.462341308594 318.355651855469 327.77001953125 319.548431396484 322.65283203125 343.888916015625 340.817962646484 313.383636474609 291.052398681641 283.246002197266 273.818298339844 266.506500244141 266.431457519531 238.086944580078 231.318954467773 252.158920288086 299.348754882812 383.129333496094 526.900085449219 655.294128417969
297.284606933594 300.034301757812 309.343566894531 431.613250732422 710.585327148438 966.47314453125 1004.56982421875 815.562438964844 432.999816894531 401.434722900391 383.999450683594 384.687408447266 484.460632324219 624.472290039062 721.214599609375 802.892578125 806.407409667969 714.485534667969 635.02099609375 657.646667480469 821.375061035156 936.695434570312 949.641479492188 966.107543945312 911.739013671875 731.120239257812 569.713195800781 456.654144287109 387.629486083984 364.291290283203 359.682495117188 326.956970214844 315.599517822266 345.384796142578 400.267608642578 439.897613525391 429.698608398438 363.728515625 303.073608398438 297.181060791016 277.657287597656 248.383666992188 234.792037963867 217.996276855469 212.640197753906 236.798614501953 319.399322509766 469.832427978516 646.443115234375 709.371765136719
204.911605834961 256.281402587891 306.247406005859 382.938751220703 580.421630859375 790.534057617188 806.687377929688 669.266052246094 399.529632568359 341.005035400391 356.527160644531 426.430358886719 519.501220703125 664.137756347656 859.310791015625 990.263732910156 895.817626953125 750.276977539062 687.144348144531 537.753723144531 682.837585449219 816.531372070312 899.436279296875 982.698364257812 971.380859375 830.801391601562 690.470886230469 542.41845703125 445.862640380859 461.864868164062 495.967651367188 395.678955078125 361.620208740234 438.758911132812 537.468811035156 549.239074707031 480.618286132812 384.089721679688 305.835174560547 281.491302490234 248.476928710938 216.396789550781 220.540802001953 226.717987060547 240.668746948242 291.102661132812 386.327484130859 472.66015625 516.888488769531 481.571197509766
188.636413574219 241.445327758789 336.481353759766 421.154235839844 553.76025390625 715.051330566406 756.477478027344 697.266052246094 479.602386474609 372.335784912109 442.897583007812 592.428283691406 624.865539550781 698.983520507812 865.650329589844 948.094970703125 876.976440429688 756.345947265625 653.131713867188 551.437194824219 628.158325195312 708.55224609375 831.536193847656 922.252075195312 873.573181152344 753.324279785156 645.765258789062 534.291076660156 477.132049560547 509.312866210938 558.391479492188 475.437591552734 451.079284667969 558.830261230469 680.370422363281 628.436706542969 472.066711425781 366.031585693359 305.057586669922 285.584045410156 230.40364074707 179.234786987305 236.149307250977 289.215759277344 332.821258544922 390.063049316406 432.254425048828 408.748657226562 358.545257568359 293.787414550781
265.787261962891 269.007873535156 344.071380615234 442.851715087891 568.087585449219 691.151184082031 737.041687011719 687.97705078125 470.123291015625 439.126617431641 522.335754394531 624.974731445312 661.887329101562 778.342834472656 974.933349609375 1040.15954589844 934.480895996094 743.781921386719 532.211853027344 539.949096679688 619.08056640625 688.801574707031 786.240234375 840.477844238281 851.0439453125 817.982177734375 663.467834472656 515.394836425781 492.355316162109 495.868896484375 485.307891845703 487.950347900391 561.018249511719 675.557678222656 723.814819335938 600.738830566406 401.489074707031 306.530883789062 330.724761962891 375.862213134766 320.525817871094 211.792633056641 253.319183349609 334.401092529297 396.381866455078 428.095550537109 424.340423583984 392.419189453125 336.644439697266 266.781433105469
