rcp8.5models/MPI_ESM_LR/sc1gr8.40
NCOLS 261 
NROWS 433 
XLLCORNER 336357.134 
YLLCORNER 654653.479 
CELLSIZE 1000 
NODATA_value -9999 
[rows 286 to 307 of 433, columns 100 to 149 of 261]
366.235233803253 357.303894065391 355.456725967608 355.279183842573 357.970663484549 356.851736718076 349.848137278214 354.931157710647 366.684696434983 378.479266945369 391.532269547002 391.283298532193 371.74859593508 367.354791539525 358.654399037808 352.671843015679 346.448406713463 336.628154197002 325.082258827888 329.661602220056 342.17484665544 336.675958497552 346.894796281953 350.91768840398 328.413523966548 322.103385241236 310.602285207726 310.394336351735 301.582237378832 289.550439453398 310.956310248003 315.234418622534 315.647329597494 306.840264208422 298.707686214567 -9999 -9999 334.341628968692 342.810668874943 -9999 -9999 383.146405202224 353.651526363561 290.427347839814 249.247702350143 246.935857645981 270.770861593026 345.615615152803 390.977914506476 416.412459601622
383.646811727833 370.108727519393 366.284634315293 366.630746213382 365.117955901283 362.889978245426 364.95678862643 363.46879703714 360.268372719935 369.649318063642 389.846612005682 401.534074727813 387.035463201186 383.173977041022 374.683414813403 368.282421341327 362.734100465709 355.193466216815 342.176485900979 344.868034747267 349.419546407184 341.557114522814 365.120864032552 367.713013292614 323.315160123451 322.507444944176 319.800392650244 323.915645269521 324.038393318968 319.446249406695 324.504773709302 317.529973220359 310.401513728162 312.564528018943 316.144855613293 327.149227583641 338.59163472693 -9999 345.540362317202 362.117640237057 381.528293472117 385.68669462246 346.621621451447 294.278802085462 282.688496464833 277.308394831138 275.562576495316 357.021645905251 400.943262400853 431.48592567017
390.694426944755 382.136225629524 376.721761175536 376.575276810973 374.97382938889 373.93986668959 377.16878330346 375.504694374424 368.132354306488 371.030786023922 383.631064164158 400.861891028941 399.878506091528 396.31933992324 391.121538417714 383.079709539572 376.375207436898 369.57807245684 357.15303648972 351.558778959926 349.344706021931 347.201025551094 366.920668530745 385.084390369948 338.295762431377 322.912736411903 327.398751134345 325.537035993483 326.210830955725 331.819169131006 333.26951947781 325.466655300641 317.63324570949 325.400120490102 331.11836409745 346.238425812141 353.732870286289 363.211186121513 344.721684602779 332.508617514258 374.255164870264 387.371389635337 374.231963055074 333.060986085743 383.038916772138 331.653761814027 314.099631097399 329.056973723725 356.600429806387 425.734254564789
391.860666769777 393.527798858573 389.097029888271 386.464011193553 385.931759705311 384.824231247478 385.117217760388 391.970998076571 397.517007007403 397.239560767641 405.957264698263 414.813254262784 410.635347075584 408.95521245228 402.893786869106 393.335502358934 386.324743228977 379.947854179584 370.801720520801 359.609441541772 356.663607467094 357.971349430754 347.409975135051 366.280787285763 358.434554718013 345.317446391585 339.536895957447 329.649733352036 315.636331458221 324.397569843555 326.462733556163 330.295660667184 338.796318151086 343.660491117546 346.724710486049 353.791795265303 361.506372182005 373.928098911305 354.281651751347 329.623392148372 -9999 378.736954509627 377.032257108057 391.605372481196 451.46320721392 382.406957693824 309.490829601506 292.701568359514 349.037117390578 438.715354470907
395.13115939671 400.218690558833 404.513237101354 408.495460879045 409.036705776333 409.377181581394 408.995489470536 409.133913769859 419.030259135793 424.202637761429 426.998236961471 447.54580753412 441.355692420413 436.575114068923 429.616677811467 420.495727142992 411.407345913257 403.768786395793 396.698841584311 385.957668510086 381.088289256378 386.878688858087 380.134769611933 362.934813560032 340.494143856419 311.628412735446 309.708558223901 305.396209767597 320.636581503652 337.167926849194 315.505487169095 311.951745268617 313.697147372224 321.399726446963 348.570413010031 339.827661454607 321.725231337907 337.041767820044 361.857229280314 334.99925782048 326.904333532367 333.710532450047 -9999 411.470080378985 373.347948720922 368.99178630797 413.524137463259 330.188418962336 381.018771269722 -9999
397.88657384418 402.471298341897 406.429261493272 411.910886936003 413.188999459065 414.414618740977 417.571542134474 417.049728191071 415.131703632117 426.522829971979 446.531801110036 450.559045469136 453.250939763037 449.470244348398 443.794216688672 436.688002150973 427.56335988632 418.595280287865 411.835101353208 401.753363963675 396.736868945814 402.425302745353 396.417448296662 379.49606923713 318.240742806842 313.91164952926 314.593746196454 304.71781938555 311.88317644032 324.391490086016 302.01073864331 300.473422606641 310.547117579201 294.044247811665 313.262906064143 346.561948704826 330.664079025322 336.1796946493 349.145190638742 327.751424217142 334.244495489109 355.45919751359 325.22694556536 312.724494887829 253.388598465613 250.130877398756 351.40428923434 257.194163700751 274.149732880034 254.647853699624
411.484353828353 413.003367884658 406.957460895705 413.077859534409 415.810996789546 418.638840648537 421.934521899012 423.248873504849 423.325001956183 435.605965194363 447.060544466572 441.975148734006 457.481227004888 449.402158649108 457.258888715876 450.258021662629 443.360939307424 435.849950127689 428.080105709853 416.974204182437 410.38761237861 410.42559488614 401.636847027758 393.078868988582 342.318851336623 325.911341813219 310.440607664557 298.902740924009 299.451529885083 314.292250752153 308.519623293655 291.489940245315 312.764804420487 293.015809116258 -9999 346.185703455801 359.131739100306 351.440793639832 319.361676808506 301.543316533603 297.809599914137 338.372463744118 380.526119929021 314.900448936642 -9999 -9999 -9999 -9999 -9999 -9999
413.312431291273 414.792046758803 412.031592364383 416.258226489555 419.991687176738 421.886025240941 422.160398449033 424.160208479949 428.634744451394 433.02612559655 430.334430916314 426.805203985133 460.117578564439 449.76281466475 465.840061389191 458.893026971577 454.299067293195 443.937820672326 439.523437609891 431.505232201796 427.240010474923 417.673940119352 403.649739816964 403.186395900423 377.151244473563 333.214375198853 306.908701929789 313.224127605156 313.71741960808 313.669041418741 321.773182498311 307.996752607876 300.57450846469 288.607683824657 279.74944731523 349.860870495363 362.258344627971 348.111593237263 303.329799155978 270.140713256592 262.039937066256 283.919792921984 339.409572301386 330.153352752475 276.405833675894 301.837859321399 -9999 -9999 -9999 197.202075733764
408.52794061298 411.434608254872 415.463422488335 419.498031708956 422.434666659255 423.941184904781 423.937750861405 424.735657387715 430.793174011915 434.198513049551 431.82733921594 426.545352945394 446.082389059608 446.230299637584 458.115918876133 460.302711708429 449.076795329405 447.552879859052 452.934641485471 448.361165594454 434.856110405833 410.702788732935 391.287847684182 383.739786882195 384.776055611099 340.623643507034 299.625898924878 322.100549732618 335.925718410125 319.424822370046 316.006728838699 298.073791589826 282.804281340386 281.851701865072 294.544699808606 352.506615698892 336.798599830808 333.802653772556 312.331852177945 263.344737295024 240.682681478011 215.975338671116 223.008335522163 257.740668562165 300.447045172888 370.109318209262 314.571842346269 -9999 375.676268583194 217.576250169388
410.92516742115 411.542413038467 413.754901852304 420.818603588409 423.163340582775 423.495214125315 424.505688898656 426.272448870083 430.150644543318 433.693388519289 438.444407198745 432.929656152157 432.259238212013 442.602124734772 444.875826085193 447.864460361623 441.380626096994 453.477442209498 464.305329726542 448.987697415515 421.790760447918 391.552880880436 362.18253340578 341.695733424986 376.57327778129 355.644094709052 303.980136313452 316.672730201217 334.731776973015 308.57356791879 304.054591147864 286.464972730914 283.696050223737 301.486657535506 329.064939860695 322.38036684408 287.39361127164 289.39113100729 288.487474294115 260.149674447155 227.040087188856 172.63966722593 175.249897960462 232.137764774454 297.920979945196 360.73706026311 320.477552196482 370.879223917881 378.745883537422 265.699004008915
446.360835591802 445.477342669691 421.502455615519 421.233912919671 427.055590970904 427.405286918311 427.644637221976 427.823798664965 424.555019267606 427.341629001386 434.748493472557 434.001292460883 439.977107165142 431.2013762472 444.893886215829 437.278557664277 441.676984402049 460.389609875157 459.405393327255 401.517976922482 368.442586270502 361.015455571153 336.029401191716 315.959168381253 334.944381392555 341.501890858505 326.844966402211 317.414105141385 331.4093304201 292.321471704026 290.370030028657 296.230472346816 285.12600491182 311.595268909574 338.056628161792 296.991985604191 260.124461841166 258.84917503644 259.337216836617 252.735346452581 234.140306337606 188.369479343052 176.584905187697 232.750550894706 307.564239340935 371.770485139248 356.264612676694 406.422423321539 370.596306921458 304.787033090838
479.797269823309 488.447081013655 439.614159289128 424.326484452974 432.046663370739 432.616036094082 433.684105275341 434.906945653994 428.229286545775 443.985640719242 464.643716803318 449.949352077075 482.560498408681 458.106199413061 451.59121559552 439.661026337817 443.777848250632 466.753627267146 462.277761576599 383.115769367848 352.392852419728 382.2051247404 366.172955295485 324.012682275969 331.716915476837 323.30683024236 318.828483985546 312.237939854066 328.942710656098 293.517809514258 280.844908957718 292.146463377971 288.46231743979 289.83377688023 317.272650085694 296.672286504298 283.265691516319 258.892761604845 256.898463827814 250.200003419025 242.781704665504 221.072912351494 204.346627362536 239.781328297565 315.98512694245 383.626365264085 400.072550116733 409.825536840601 366.992250732661 330.784608419291
477.262653770628 497.058144501654 429.804675253868 423.598673702629 433.213872876235 435.972428135507 435.835564401884 437.07494898627 431.131776382969 458.791340337682 507.215898719291 497.834584232982 476.958024551735 460.70978078398 452.657232717165 443.008011254817 446.635916769705 468.833729706486 486.746384757913 447.268561565307 417.054422384599 401.037565512746 356.94066365634 320.339800263846 318.926023176193 321.31747647805 328.720451031137 327.209713396142 328.799282194063 316.506110117132 326.02580870679 296.818150290492 299.578834012479 276.210754998286 284.896453578757 279.301498395214 283.190024739137 254.848085032115 252.641215135208 248.750233730835 245.029868936177 244.226896895586 241.041982894338 267.446762534428 346.78552230096 391.263466550572 380.950526292877 401.738494366376 382.215136617176 336.785232635784
476.704327761176 509.691837759926 473.828442302428 466.466467357381 431.120453459947 429.813510072441 450.565043143042 478.068770793004 474.116112727441 492.002347426442 518.102961607638 511.141116674835 465.934810410558 462.581723408725 472.555572653246 446.319702150352 452.683622502093 464.911194826185 489.410790021548 461.479579056528 405.676356774241 374.587464378589 367.585039127993 358.809302440412 313.585517772586 317.301972469957 350.447418732833 352.663888158763 326.13701541603 343.956859093067 386.803215383665 309.087911725531 298.855224450656 278.292808477691 274.459357489789 266.602684675247 261.203940966991 253.050871072167 249.904551316642 246.755813645121 249.702132253449 272.651101906424 306.049285204606 342.666848518241 395.516185141603 380.648680279777 348.699353744954 375.134203700982 372.773354636022 362.178042458748
524.101049994451 547.047598410342 545.375901080775 531.410996554333 498.998242561394 465.960712163957 438.010703635917 480.620202018124 515.851739895188 514.964225220558 501.65438079275 501.729782728258 483.885355832586 478.380062188856 479.048467602715 453.736362599379 472.599731436298 474.950275247806 478.905789531881 433.05377484535 340.789162866701 358.030838033888 404.621608756089 415.476120122449 357.925240351898 323.346802228755 342.181769167165 353.923288608267 334.92912433571 393.578180856096 406.402768986075 300.420182154885 288.787734826293 284.134523815464 277.75732551943 273.424886957248 265.160260114609 258.674935907509 250.704372845072 244.205172316814 252.519530353805 301.031812587594 370.84614652555 376.43280299824 342.229645435722 301.658916005572 281.421089943318 301.781292603439 336.298003750026 377.057978329683
571.086588781129 545.878284233991 534.276352413843 559.328906454304 571.951596982112 556.017196010209 529.839388739001 509.808744728125 531.452666454375 535.765214815514 524.067912090244 508.601826036375 518.03494316889 481.361217793924 455.452074049865 461.392226799861 485.843943155611 468.830544805203 440.433215660511 439.571737912677 371.691645157358 344.795135915894 342.455899037338 311.972793523192 405.611164953699 384.509979077588 374.290295723929 359.617514372687 340.866474539457 386.465242083664 467.971291724044 442.455952417207 413.71811780743 409.036274520622 407.176580948526 258.293701398066 232.029688528049 221.162648921548 207.726479046951 214.331345090647 232.418664134156 287.539493071721 319.640301096582 253.766822801316 226.158046198594 209.24736916536 179.940080077294 211.226548905211 233.443655941049 283.875940622371
548.464095959567 558.567071725608 537.463706687942 553.588748267138 576.658452648517 564.040698677909 548.303160159348 527.597669234246 532.881674789596 545.612091637149 539.800228298206 525.429866748952 500.769611211451 454.593954170596 449.610020881039 463.115268942803 476.589587454937 427.617535372895 363.588963653194 370.210644432136 358.211337315349 397.311435550179 428.40180294249 362.468429549518 400.093937913859 400.477134743546 376.578631514411 384.716676781799 409.723821396244 411.559545131278 458.414784284237 428.605099063298 376.224168370295 368.428998198513 409.428542085109 326.03320545408 282.827840812376 283.91469414465 279.692126938639 240.926526157774 211.280080220343 261.563338636368 278.17840255949 230.12749174984 211.500370479366 186.890938926116 160.58699624712 203.97235805093 214.631499860995 238.783879727008
555.981494327206 544.624112848344 533.606579027216 546.302128138821 568.570346024225 572.38957010968 564.393767419268 549.495358855944 541.393367866049 536.472426178602 527.264316735806 523.24510393677 508.202333240182 463.931986108806 476.683250565968 490.359514323656 488.362503188363 429.06030828378 369.102337633672 425.103817804186 432.443895238583 445.472715429965 456.408974517946 432.842360860241 355.908208241472 384.638161559613 388.5250860664 421.906393876896 487.070510549131 472.663808771152 479.76571237864 432.88110440895 369.474736514319 349.700425284343 389.626192864222 396.228004486954 381.270212530654 375.78389693896 335.419337720111 248.835248990077 233.336564725574 258.166733382594 244.913982840257 214.308136486695 186.043886099677 163.23414222762 163.907156411301 188.424425111308 205.975826663006 211.940628028409
515.642409236678 510.15119902651 549.336858457987 558.230229631438 570.69215417108 573.115319182866 554.687055001269 528.155233167908 527.48087072624 537.309590745176 532.791582159208 523.515429594122 508.116361687333 460.739239312065 474.044414599066 492.055291409969 497.989533055897 443.184374006279 413.25303193992 515.087731501966 499.869995567231 477.477611367192 469.991679095054 462.845196839799 326.375900066779 339.780881661558 374.979835118065 401.485766705708 460.107021353093 503.387084611981 501.930842480025 472.514978141489 415.878114649972 362.373835335432 363.905837977084 394.059287087872 385.945515982157 358.351449026507 284.772364485686 233.346893177897 251.07835211053 252.734876223187 231.783021164904 201.096021535196 178.589913216227 204.039381587635 170.26675594994 160.548633316876 169.55463374059 182.377940680003
451.910640001559 499.389967096359 563.015425083491 561.77883625887 551.578383552969 533.238089090554 526.750954981021 510.031685158285 513.352080561184 527.607170419427 529.816153676179 532.440147554884 476.004414890472 446.041675004888 475.670330838928 499.349871491818 494.043973955921 464.821980993865 424.163347077925 432.749755013573 411.64767713519 392.072841950008 438.321044539092 434.037064878123 371.200038553617 365.410764507424 330.272732662258 339.33193119042 380.944907056166 425.190237297314 454.870013150577 511.230545829913 466.406113063188 397.839700268812 350.927535852684 376.972677782709 372.619265857792 295.604599719147 244.298225266896 248.379900660357 242.485453963551 236.168273602191 218.10571367648 186.40758902607 198.518468276504 261.429174431476 209.991605544347 179.981073306509 139.105130695793 152.843715272555
480.232289369849 503.130721748044 553.575399417766 551.927742093365 524.439634703686 504.768578411496 505.356525205604 510.987019272883 508.609930036779 520.631012890403 543.368541312454 548.296547439794 457.952026234533 451.960094448539 497.101314367552 515.898529858623 476.410180634792 493.345533295904 480.93656704737 446.496500408653 434.174601257031 424.260450586214 455.314620823763 453.110744221762 436.743758472276 -9999 370.482473595228 348.147258644314 334.504330374497 335.734087206648 379.407788120548 445.151028612972 469.862904216328 435.386473687287 361.660060500915 366.400015259161 351.446541092855 252.461873996939 242.373140727702 241.148298769348 220.647289322545 212.050653348745 199.512324900664 204.972687905046 258.894711852358 286.511825744886 260.879183023188 240.232165748791 179.707601638378 139.283767302487
532.645299841919 526.211195303111 547.115644386181 556.982278454966 541.251184636851 516.419314333929 499.05659959252 532.229609447299 550.888818693579 556.063249242899 562.084003117792 520.853970460861 447.444413628803 459.926674931747 501.504650008869 505.650253263954 450.080316843249 453.907312840513 475.164441493513 -9999 -9999 -9999 -9999 -9999 -9999 421.694348744244 -9999 -9999 345.427222252129 319.532506221774 334.069488951329 363.315855576427 434.010775103922 459.082052386596 377.165503636649 372.261141806061 319.008574222643 248.233235875445 256.167558710468 235.9117473736 234.795251393235 267.947414484941 255.303643123052 283.129786574774 314.790295296703 308.12708175058 275.810485432615 261.241603650614 242.767039351993 170.491033580841
