rcp8.5models/MPI_ESM_LR/sc1gr8.39
NCOLS 261 
NROWS 433 
XLLCORNER 336357.134 
YLLCORNER 654653.479 
CELLSIZE 1000 
NODATA_value -3.4e+38 
[rows 352 to 373 of 433, columns 147 to 195 of 261]
181.026016235352 175.218521118164 156.66064453125 126.748420715332 118.014167785645 113.045532226562 108.448974609375 105.127555847168 102.812568664551 98.1113433837891 98.2042388916016 109.418449401855 111.89924621582 110.295799255371 101.601707458496 87.9667663574219 84.8326034545898 86.8728408813477 83.7716751098633 77.5538635253906 74.5297775268555 69.6413040161133 70.6355667114258 73.4955596923828 69.8681564331055 61.5195198059082 57.3535461425781 55.5650863647461 54.0414047241211 52.7237358093262 51.8819999694824 50.9335556030273 50.1472549438477 48.2881164550781 48.0828247070312 47.699535369873 46.7581481933594 46.179759979248 45.951416015625 45.1707420349121 43.9875640869141 43.7809448242188 43.5588760375977 43.2297096252441 42.9978141784668 41.9569435119629 42.1000938415527 42.1477508544922 41.9402503967285
180.537338256836 173.031585693359 152.303970336914 122.452354431152 114.932434082031 109.605194091797 105.24348449707 101.304039001465 97.359748840332 94.873908996582 93.4037933349609 94.4954071044922 96.6906585693359 95.4609298706055 88.9053268432617 78.110595703125 75.8149490356445 82.5688323974609 89.9126815795898 80.3606643676758 65.7673187255859 63.1970100402832 65.6309814453125 65.7563629150391 64.1811370849609 59.5035934448242 55.4183807373047 54.0354881286621 53.0325050354004 51.613151550293 50.6299819946289 49.8258056640625 48.7048301696777 47.2910995483398 47.3388938903809 46.8839874267578 45.829418182373 45.4362297058105 45.1347579956055 44.2400131225586 43.1751403808594 42.8483505249023 42.8150520324707 42.4121055603027 42.0527877807617 41.2158241271973 41.3568305969238 41.4991722106934 41.4760627746582
177.935516357422 167.351699829102 142.666366577148 116.820426940918 111.623992919922 106.912544250488 102.191795349121 98.1451950073242 94.1297607421875 90.9994277954102 88.6179275512695 83.8042373657227 82.4566802978516 80.7609176635742 77.1660232543945 73.944221496582 71.3631896972656 71.7000732421875 76.9047393798828 72.8182067871094 64.9259490966797 60.6368103027344 58.5844841003418 57.7727241516113 56.6901741027832 54.7307548522949 53.6130180358887 52.6703147888184 51.6501884460449 50.4446258544922 49.7095909118652 48.5797576904297 47.6710739135742 46.2962875366211 46.4159126281738 46.0729484558105 44.9033050537109 44.5258331298828 43.9415512084961 43.5016899108887 42.5386848449707 42.3122673034668 41.8792152404785 41.6727104187012 41.5170707702637 40.7491798400879 40.5975036621094 40.7361259460449 40.7155876159668
175.504196166992 164.041763305664 137.796875 113.214225769043 108.125480651855 103.863586425781 99.3809051513672 95.0001525878906 91.2681503295898 88.0053558349609 85.2797927856445 80.4039916992188 80.273078918457 81.4508056640625 80.4902191162109 79.0344009399414 68.4179077148438 65.4681701660156 63.4722099304199 63.9679222106934 65.0679244995117 58.7512168884277 58.1297035217285 57.6901893615723 55.7470893859863 53.2637023925781 51.9174919128418 51.0306816101074 50.1363525390625 49.5268974304199 48.8977355957031 47.6635818481445 46.9380187988281 45.4898529052734 45.4959526062012 45.3390045166016 44.0993499755859 43.6038131713867 43.2103424072266 42.7678909301758 41.8020210266113 41.5741653442383 41.2462768554688 41.3799133300781 41.347339630127 40.006217956543 39.8604393005371 39.9968795776367 40.068229675293
173.004516601562 156.189498901367 126.232833862305 110.416786193848 105.295356750488 100.917419433594 97.2474594116211 93.2322311401367 89.4399871826172 85.7631072998047 83.0471115112305 77.8237991333008 79.1727066040039 84.5535736083984 82.7342071533203 76.3329467773438 66.6952743530273 64.4742584228516 61.9397926330566 60.8587341308594 60.4583282470703 59.8835182189941 59.3962173461914 56.4192199707031 54.838924407959 52.5764541625977 50.6092071533203 49.7582130432129 48.9055633544922 48.4233436584473 47.7096862792969 46.9335136413574 46.1351203918457 44.7624206542969 44.7676200866699 44.6086540222168 43.3691596984863 42.9761772155762 42.7434005737305 42.1426200866699 41.359130859375 41.0137367248535 40.9764404296875 40.6374702453613 40.6058158874512 39.921272277832 39.6963653564453 39.6340827941895 39.6087265014648
162.600311279297 133.726196289062 112.738426208496 107.595565795898 102.922737121582 99.1370162963867 95.6725769042969 91.8240966796875 88.200065612793 84.3240661621094 81.0925903320312 75.0351943969727 74.9509353637695 77.6671600341797 73.6142272949219 66.4888153076172 65.6516571044922 63.4961395263672 60.4211349487305 57.9979019165039 56.4667282104492 59.7206535339355 60.2658348083496 53.6144752502441 52.2525215148926 51.4585075378418 50.5616989135742 48.8485298156738 47.6542701721191 47.2612342834473 46.4257049560547 45.8865623474121 45.2294807434082 43.854923248291 43.9687767028809 43.6254844665527 42.4587707519531 42.2481155395508 42.0866012573242 41.8086776733398 41.2517776489258 40.4709167480469 40.2429962158203 39.9105987548828 39.973087310791 39.7482070922852 38.9489517211914 38.8891143798828 38.927806854248
151.523742675781 116.81031036377 109.598075866699 104.787460327148 100.650489807129 97.1670684814453 93.1932983398438 89.4944610595703 85.9545745849609 82.5168991088867 78.9489135742188 72.0380020141602 69.2718124389648 67.2366104125977 65.4305648803711 64.1061782836914 63.2954406738281 61.3126029968262 58.7882080078125 56.5984382629395 55.0121383666992 55.644947052002 58.0025749206543 52.6202392578125 50.4518928527832 49.9333038330078 50.3005104064941 47.5361595153809 46.7541351318359 46.4365119934082 45.3848991394043 44.9858474731445 44.6219787597656 43.1359901428223 43.2484245300293 43.0133514404297 42.0190925598145 41.5276412963867 41.4626083374023 41.4180030822754 40.8177299499512 40.0331382751465 39.6850357055664 39.7454719543457 39.5181694030762 39.1126365661621 38.5780982971191 38.3494186401367 38.3473930358887
134.032928466797 112.687561035156 106.941345214844 102.189514160156 97.8634033203125 93.8174209594727 89.9340667724609 86.6729431152344 83.0608291625977 79.7657318115234 76.5479583740234 69.4770812988281 67.2340393066406 65.4762725830078 63.5949668884277 61.9770240783691 60.9025077819824 59.0318298339844 57.0726661682129 55.6087684631348 53.7934913635254 52.8337287902832 53.317699432373 50.6872024536133 49.2402610778809 48.6582145690918 48.5230560302734 46.2922554016113 45.7862319946289 45.542594909668 44.6689796447754 44.2701988220215 44.0185279846191 42.4205741882324 42.5307464599609 42.4027481079102 41.5809326171875 40.8077697753906 40.7418975830078 40.695972442627 40.2974319458008 40.0301246643066 39.4219093322754 39.0146827697754 38.8563423156738 38.5740203857422 38.6069221496582 38.2905616760254 37.9971961975098
112.897071838379 106.739562988281 101.942802429199 97.453125 93.0968780517578 88.7188339233398 84.9978485107422 81.0882720947266 77.5524520874023 74.9423065185547 71.7923736572266 64.7229385375977 62.6525192260742 60.9098701477051 60.0278129577637 59.2859725952148 57.6751670837402 55.8281669616699 -3.4e+38 52.5035591125488 51.4365577697754 -3.4e+38 48.2702484130859 47.4984092712402 46.4325790405273 46.094409942627 45.7518692016602 44.6982879638672 44.3674354553223 44.1632194519043 43.2734413146973 42.6746788024902 42.5274772644043 41.531192779541 41.1090927124023 41.0493011474609 40.652717590332 40.3032150268555 39.5773239135742 39.3618774414062 39.1970634460449 38.9826431274414 38.8170471191406 38.4906387329102 38.0718078613281 38.0383796691895 37.8774070739746 37.8455619812012 -3.4e+38
-3.4e+38 104.105377197266 99.3693389892578 95.3324661254883 91.5043334960938 86.6446838378906 82.4867095947266 78.6195907592773 74.9449920654297 72.1945266723633 69.1729202270508 62.6112098693848 60.4784469604492 59.0601348876953 57.8181610107422 56.9153938293457 55.961612701416 54.1222305297852 52.750545501709 51.651611328125 50.3726501464844 49.1769409179688 47.3816184997559 46.390754699707 45.7286758422852 45.386646270752 44.9703674316406 43.7466049194336 43.3139152526855 43.1592864990234 42.8470230102539 41.8988037109375 41.6465148925781 41.1042251586914 40.4040985107422 40.4421463012695 40.2032623291016 39.7001457214355 39.1492347717285 38.6526336669922 38.5845756530762 38.7030220031738 38.7568778991699 38.429386138916 37.7046241760254 37.5030975341797 37.1530342102051 37.2139587402344 37.055305480957
107.34317779541 101.472053527832 96.8094100952148 92.9949645996094 88.8215866088867 84.2223052978516 79.9753646850586 76.1264343261719 72.6864166259766 69.4583053588867 66.310302734375 60.6486930847168 58.6024627685547 57.3522872924805 56.1130218505859 55.2112274169922 54.393497467041 52.8797073364258 51.7599792480469 50.9361114501953 49.6553039550781 48.4663543701172 46.2788925170898 45.5073127746582 44.6272964477539 44.6906318664551 44.2886161804199 43.0842247009277 42.6167640686035 42.3866806030273 41.9737892150879 41.2030715942383 40.9489440917969 40.7915191650391 40.3327598571777 39.995002746582 39.4998092651367 39.1012344360352 38.9265060424805 38.6578674316406 38.4249114990234 38.259952545166 38.0408706665039 37.8784103393555 -3.4e+38 36.8794059753418 36.8126678466797 36.9354095458984 37.0589866638184
104.85791015625 99.261474609375 94.8583679199219 90.6029052734375 86.1157073974609 81.9560089111328 77.9375839233398 73.7382736206055 70.5316390991211 67.198600769043 63.9795150756836 58.7575378417969 56.9459571838379 55.4318466186523 54.7385711669922 54.3508529663086 53.399543762207 52.1606674194336 51.3584098815918 50.8736686706543 48.9525604248047 47.7646865844727 45.6837348937988 45.0427131652832 43.929817199707 43.8164749145508 43.305118560791 42.6628074645996 41.9258804321289 41.696403503418 41.393009185791 40.7818756103516 40.3552055358887 40.2045288085938 40.019603729248 39.5738677978516 38.8987579345703 38.8261222839355 38.7720718383789 38.3354187011719 38.0003509521484 37.5527153015137 37.3997688293457 37.4511795043945 -3.4e+38 -3.4e+38 36.7251853942871 36.847526550293 36.9084548950195
102.251663208008 97.3020706176758 92.9185104370117 88.3186950683594 84.2032928466797 79.8166275024414 76.0385818481445 72.2108840942383 68.796989440918 65.4718933105469 62.264476776123 -3.4e+38 -3.4e+38 54.2854766845703 53.8092193603516 53.0293884277344 52.1812171936035 51.0025482177734 50.6582069396973 51.8073997497559 49.9762229919434 47.0656509399414 45.4630889892578 44.8176460266113 43.9105415344238 43.1294937133789 42.7170257568359 42.3282623291016 41.5084495544434 41.0066337585449 40.9182319641113 40.7235298156738 40.0108795166016 39.5807647705078 39.6114921569824 39.3606376647949 38.9039001464844 38.5690956115723 38.0727615356445 37.7381629943848 37.7479972839355 37.4799880981445 37.2459526062012 37.1113319396973 37.043098449707 -3.4e+38 36.7713050842285 36.1208419799805 36.1797752380371
99.7818832397461 95.2250137329102 91.3287048339844 86.9867858886719 82.9398574829102 78.6871795654297 74.4350509643555 70.8016891479492 67.3245086669922 64.1629180908203 60.9621047973633 56.4961242675781 54.6504249572754 53.4447441101074 52.5157852172852 51.2922286987305 50.3901824951172 49.4626350402832 49.0792541503906 50.7020072937012 50.789909362793 46.885498046875 44.8549690246582 44.4223365783691 43.49853515625 42.5458984375 42.2695693969727 41.8341751098633 41.4840698242188 40.8349990844727 40.2344741821289 40.2208671569824 39.884521484375 39.2412300109863 39.271354675293 39.0974540710449 38.8416976928711 38.3341636657715 37.541618347168 37.6499176025391 37.7603302001953 37.7078132629395 37.291934967041 37.1249237060547 36.861385345459 36.7531776428223 36.4338111877441 35.7968482971191 35.8212623596191
98.1782989501953 93.7876434326172 89.9053802490234 85.8427886962891 81.1790390014648 77.0922470092773 73.107292175293 69.5635528564453 66.1682434082031 62.9798965454102 60.1435661315918 55.6329917907715 53.9453468322754 52.5480842590332 51.3232231140137 50.2948608398438 49.3443832397461 48.3842430114746 47.9888038635254 48.4883079528809 48.8276672363281 46.7553176879883 44.0954208374023 43.5747680664062 42.9351196289062 42.1379699707031 41.6640243530273 41.4258651733398 41.1583709716797 40.6128311157227 39.9976539611816 39.6393852233887 39.6571350097656 38.8307991027832 38.6534423828125 38.6558265686035 38.4351959228516 38.1889343261719 37.7336883544922 37.5624313354492 37.6070556640625 37.4710884094238 37.305965423584 37.0495948791504 36.69091796875 36.045524597168 35.9742050170898 36.0901985168457 36.1162376403809
97.1486892700195 92.6234512329102 87.9135437011719 83.8617858886719 79.6848602294922 75.4916458129883 71.9078674316406 68.5591812133789 65.1050720214844 62.0410041809082 59.2937240600586 54.9717559814453 53.2468872070312 51.8762626647949 50.5956726074219 49.4435386657715 48.6538124084473 47.6953773498535 47.309326171875 47.3134651184082 -3.4e+38 46.3405075073242 43.8501663208008 42.8979377746582 42.3820190429688 41.9209632873535 41.5265922546387 40.9880790710449 40.5550308227539 40.3213043212891 40.0471038818359 39.4756889343262 39.049072265625 38.7761268615723 38.421501159668 38.0682106018066 38.1011390686035 38.0249366760254 37.9618301391602 37.5090751647949 37.1778793334961 36.8389320373535 36.8550567626953 36.6322135925293 36.4624824523926 35.7762451171875 35.8908843994141 36.0064353942871 36.1227645874023
95.7570648193359 90.841194152832 86.0166854858398 82.0320358276367 78.5616760253906 74.6258392333984 70.7495040893555 67.2595596313477 64.0154418945312 61.3278007507324 58.584888458252 54.6761703491211 52.9496307373047 51.4482383728027 50.0413055419922 49.099536895752 48.2584838867188 47.2796096801758 46.4450874328613 46.0717582702637 47.0669784545898 48.2807846069336 43.7447242736816 42.8857116699219 41.8848571777344 41.9425888061523 41.6440925598145 40.6575813293457 40.1534233093262 39.9885063171387 39.7971153259277 39.4295539855957 38.8185729980469 38.5528831481934 38.4722328186035 38.1163177490234 38.1125144958496 37.7763710021973 37.3767127990723 37.2001190185547 36.9325408935547 36.6754684448242 36.501880645752 -3.4e+38 36.2284164428711 36.076358795166 36.097240447998 35.8625755310059 35.7883224487305
93.8391189575195 88.8474884033203 84.6194686889648 81.2706146240234 77.6841735839844 73.6643600463867 69.8949584960938 66.317985534668 63.2995262145996 60.7613983154297 58.4230842590332 54.1249618530273 52.6653900146484 51.1650390625 49.8354454040527 48.9760055541992 47.901195526123 46.8420715332031 46.03955078125 45.3976364135742 46.4097557067871 47.8517761230469 43.4262466430664 42.7873420715332 42.1725997924805 41.9419097900391 41.1691093444824 40.7152900695801 40.2731285095215 39.6614952087402 39.3705940246582 39.1396484375 38.8729553222656 38.2225723266602 38.3160438537598 38.3161697387695 38.0571556091309 37.5494689941406 36.7581214904785 36.8601112365723 36.9641075134277 36.9715919494629 36.7358589172363 36.502857208252 36.1464691162109 36.3706207275391 36.3316459655762 35.822135925293 35.4609222412109
91.3108291625977 87.0190811157227 83.4093551635742 80.4577713012695 77.2350311279297 73.1898956298828 69.256233215332 65.7530059814453 62.6200904846191 60.1310043334961 57.804084777832 53.9878540039062 52.458366394043 51.1152954101562 49.7162017822266 48.7020530700684 47.4985809326172 46.3070335388184 45.9470748901367 45.683219909668 45.3966789245605 44.674144744873 43.416389465332 42.3452415466309 42.1323165893555 41.6676368713379 40.9421081542969 40.5712089538574 40.0688743591309 39.6188354492188 39.3527374267578 39.0837745666504 38.7237510681152 38.4205169677734 38.1596145629883 37.8168983459473 37.4829254150391 37.4114646911621 37.0552062988281 37.0567169189453 36.8815269470215 36.9235229492188 36.7863693237305 36.6169395446777 36.4453620910645 36.2884178161621 36.2815971374512 35.9325866699219 35.7624969482422
87.9362335205078 84.4676818847656 81.5772399902344 77.9730529785156 74.5778350830078 71.7501907348633 68.5156402587891 64.6072387695312 61.5724220275879 58.9230041503906 57.1735954284668 53.7033042907715 52.4309730529785 50.7641334533691 49.7420082092285 48.4096832275391 46.9679374694824 46.574462890625 46.0352516174316 45.1905555725098 44.6025428771973 44.0164680480957 42.8652534484863 42.3153419494629 41.5375289916992 41.4748802185059 41.0989379882812 40.5949897766113 40.142162322998 39.7609329223633 39.3305587768555 39.2372665405273 39.1129264831543 38.2494430541992 37.826602935791 37.7421417236328 37.7319374084473 37.4496307373047 37.2719535827637 37.3722801208496 37.3759574890137 37.0758247375488 36.7254409790039 36.551212310791 36.659797668457 36.7286109924316 36.313591003418 36.1514358520508 35.9759750366211
86.9162902832031 83.3540191650391 79.8640747070312 76.5337677001953 73.9298782348633 71.5210037231445 68.3792190551758 64.9011535644531 61.629524230957 58.9995422363281 56.8900108337402 53.8073310852051 52.3849067687988 50.9141082763672 49.4782066345215 48.4742431640625 47.5299491882324 46.688892364502 45.8806228637695 45.2289161682129 44.3770599365234 43.5913696289062 42.6023445129395 42.2228507995605 41.8406524658203 41.6048011779785 40.8283271789551 40.3743019104004 40.1037368774414 39.8246116638184 39.4561805725098 39.328067779541 38.8011932373047 38.4813957214355 37.9491806030273 37.9358901977539 37.7548904418945 37.7480583190918 37.5685157775879 37.5692901611328 37.3307228088379 37.1935615539551 37.0228271484375 36.8491439819336 36.8630027770996 36.6805076599121 36.4247741699219 36.4472045898438 36.185977935791
85.4405059814453 81.6569061279297 78.1835250854492 75.4223709106445 73.6212768554688 70.8152008056641 68.0283203125 65.0938873291016 61.7581367492676 59.1710357666016 56.88330078125 53.6880836486816 52.1162986755371 50.7383193969727 49.378002166748 48.4748764038086 48.0118675231934 46.9636688232422 45.9232292175293 45.2072067260742 44.4575157165527 43.7876586914062 42.4440612792969 42.3614196777344 41.9665946960449 41.3411026000977 40.7325096130371 40.6760482788086 40.3296775817871 39.8570899963379 39.4256362915039 39.291877746582 38.8530578613281 38.3376693725586 38.2506294250488 38.2355346679688 38.0515594482422 38.0452346801758 37.8668746948242 37.8665237426758 37.466480255127 36.9353256225586 37.0395851135254 37.1454429626465 37.1590843200684 36.8861999511719 36.3455963134766 36.4570617675781 36.4811630249023
