rcp8.5models/MPI_ESM_LR/sc1gr5.2
NCOLS 261 
NROWS 433 
XLLCORNER 336357.134 
YLLCORNER 654653.479 
CELLSIZE 1000 
NODATA_value -9999 
[rows 242 to 263 of 433, columns 100 to 149 of 261]
289.043142835889 288.231622642853 287.992818279648 287.882295813437 287.667087019128 -9999 286.593559505201 286.988993193575 286.865897291788 286.424404900884 285.945837222861 285.698609005831 285.110479317738 283.7440310876 278.311485701502 271.432867706549 270.318664674136 269.809102596392 269.430076591219 270.099532158922 271.811959419697 271.803496446693 271.317189908183 271.162725051597 278.914683830222 -9999 278.825389470072 278.977467406165 283.83120688545 283.111776315501 281.624047942205 282.868634952147 282.636117645395 281.466354610126 284.204782589292 280.562191618252 285.914520022939 287.355074854863 285.605799137076 279.729562228836 278.031868829641 286.408515181812 287.867816914245 288.940430173606 289.726553861285 290.275585107332 290.756478870999 289.558222703782 285.881492697107 280.275234876803
286.719980143627 288.022233939183 287.800766944521 287.492639282201 286.615379121977 286.259829160992 286.819790050625 286.852182631316 286.090974600619 285.715223115775 285.183178368154 284.432045815438 280.856265827361 279.191039827256 278.711469235609 270.278243233259 269.051623276306 268.507099465663 269.073503802687 270.141599885866 271.682110603571 271.455455296935 270.942485517248 273.136659025854 275.390233084577 278.686730116235 278.535350797783 276.402417108159 276.817365877564 271.231363657382 266.269637862661 266.93488598939 273.600765999431 281.361662435211 282.217118027649 274.859540644901 275.144745626467 285.731862503302 285.22578747496 278.212693506862 272.271181847019 280.106716315372 284.416138570798 288.27485040057 289.451656832993 289.774675112468 290.034269653268 288.703362701113 285.254591695751 281.427009690607
286.287938023879 287.499664620585 286.192202917289 287.275713770868 286.250198839043 286.009039450308 286.390407159676 286.518132452343 285.564378691243 285.079163478009 284.219148108989 283.612709287769 278.069464947154 276.032082048524 276.584925442306 265.198488326508 262.172410237955 262.386695557924 268.687508514845 270.493919366853 271.439014843433 270.875531511145 271.317631290165 274.112561715391 277.733329989339 279.748649626658 278.181762156148 274.486658486702 272.933567124723 270.721314460883 264.899995651634 259.280640194678 266.242833706898 278.560446722579 278.508392844807 272.680801469868 272.445648995201 285.31839275104 283.950087096841 277.158516831614 270.215481971736 276.172700870766 281.743295826722 287.253638373277 289.297024263525 289.873069229155 289.503536330555 288.160503548277 284.135391404806 280.795116624057
287.760906931452 285.70735884374 284.338338858184 286.70690345953 285.497941968578 285.307880736039 285.803960947206 285.867396124063 285.16679046848 285.006231651647 283.889305671374 283.044123452817 274.346067177639 274.836097756477 274.67483789938 258.028568103117 247.818125201198 250.682727472958 267.402301960609 270.483542176258 270.942127401559 269.704382108265 270.192318920096 273.919063629395 278.394402726183 278.855123304712 278.148502633596 274.924351050946 270.967727956125 266.379874858987 261.560675057676 256.448465590799 259.201755630525 269.1025838054 270.329383565354 270.44539763897 271.858698103776 281.076870270517 281.05768862565 276.063358130046 269.215656944006 272.598285235032 280.401966289889 285.542840923951 288.889911397345 289.688748094891 288.697121755003 287.132895756848 282.071964171673 278.681058742934
287.580150795532 285.271267626556 284.968452119216 286.238455083303 285.114857579017 284.842525675018 285.514087495376 285.786382847823 285.524970229523 285.116991479954 284.390866718852 283.193068876879 270.053531231594 272.842306309206 276.309995781049 259.715589431317 238.304842005943 241.395861899829 263.91212644171 268.878942970235 269.910194308708 267.90794874958 268.334635871854 273.21787010734 275.687778046912 276.498118406675 276.204032142786 271.934454163509 267.241777594611 257.6039027526 249.717737712865 247.604317732164 245.078155771662 248.22365079824 253.261340322944 266.158471308223 267.785139222654 274.562750175625 279.101765105212 276.36256880526 269.196185930678 271.061821224573 280.770436780923 286.488583646218 288.746115039062 289.348656596857 288.027378479689 286.82949239316 282.01527584216 276.944286454223
287.381075656168 286.416186813726 285.934707474617 285.829580139151 285.24264917557 284.674850704353 285.323174400073 285.714606229172 286.058617906536 285.455895227098 284.231459332909 282.958187245061 271.212160808491 273.544046241439 276.941014803954 260.680584508429 240.751342019318 249.341975717547 265.697510718628 268.362366188622 268.794401499205 267.720215878356 269.104104172826 272.104555863878 272.988591458371 274.98686882331 275.23640222768 270.584904630708 264.618553578048 254.618119287152 246.971051115206 240.16096705742 231.749443423044 236.607419140823 244.798106913355 264.450281227768 267.623595742181 274.681572207039 278.622322940972 277.992159849952 270.453568374314 268.084410653906 278.602307675642 287.378190910983 288.509822832104 289.185109808061 288.235057471781 287.364426809551 283.54764989195 279.452329519632
287.394712782203 287.148488581959 286.505574975711 285.869689316438 285.453867828757 285.026433233888 285.103535201333 285.532335804767 286.109991826541 285.385101635473 284.102136967306 283.202215924659 278.913543050895 279.279518108592 279.150191288704 264.919269803799 247.345998559894 257.694740261609 267.939000388274 269.548327899012 269.29099397261 268.992029306943 270.706300491444 271.19093559457 273.743120614332 275.922997659189 276.593855643392 272.917937539738 263.049370996625 249.591929454025 243.402913571616 234.840217291599 230.791699280246 241.822472624845 249.867092022289 268.576500851315 272.528394240434 275.48815705299 275.740663592696 276.248827199966 271.238551895668 266.221162652156 276.322827599087 285.9871666082 287.726717455455 288.912118939252 288.553705401554 287.634471249089 285.01687609264 283.452366663071
287.472366063533 283.922794327334 286.683002905956 286.492979724036 286.043416957148 285.497096847271 284.924435937418 285.872402287595 285.977968517078 285.342039868104 284.919117074134 284.445361694292 282.685093676572 283.091279102164 282.026475333579 271.764308777701 253.885684122213 255.99747277232 266.426383160315 269.458176699416 269.484588888301 268.973449316781 270.322101197103 270.970069582405 274.871847794582 276.626264708357 276.741521901859 272.084980438427 260.295520517479 247.238225136166 242.203330014974 236.840175540794 237.147424383535 251.16504686721 260.706679537605 270.788736234625 270.544292231887 271.410466323231 270.149801874735 270.068972802981 269.28313982872 266.026532983799 275.24218146679 284.614659368957 287.673750813293 288.551844096978 287.970960144145 287.166356458332 284.267207365617 281.1722708906
286.421979325107 279.746047854712 286.560901241443 286.800373296445 285.797429306055 284.792938283116 284.594732537339 285.708684677079 285.901543392884 285.553293834145 285.093928227659 284.568184155417 282.426930925307 281.772389032834 280.348373997365 273.162253802016 261.770299094773 262.271314977796 267.84547365515 268.809943018347 268.196500718611 269.140721980047 271.547489131103 272.652255662162 275.74914826674 275.169339040497 272.517152737094 269.153421509734 260.917549464366 252.631794928785 248.89642451467 242.990189147445 241.354206104263 255.827697130664 263.458987405937 267.87868321037 265.376453493526 267.82373004292 266.788317636792 265.596751313252 266.447531866041 263.807364636438 273.996344335329 284.081115448403 286.310415350413 287.67385465805 286.986405972236 286.142588613285 283.630640474166 278.416758105809
286.880192561219 281.280646300299 286.247672956289 286.810849169867 285.45894356852 284.440685488621 285.24857844749 285.701053643107 285.879035634969 285.345345753877 284.21812928797 282.72170586841 283.456958329581 282.100629202201 279.750870266488 272.775476166413 266.811055888182 268.333979381822 269.295364059794 268.377943992176 266.426397906424 268.578349040343 271.166861037171 272.383931235491 274.895045034349 273.402270640353 266.736121288203 265.299184987682 261.605093995677 254.249124803782 246.797160449482 240.773067142501 242.812627479779 252.900573720196 255.035266370424 261.239802901312 259.784766096983 266.29559265723 265.665630463304 264.190575904486 265.138899189231 262.179168527216 272.773803275011 282.123329100651 283.006512004002 285.720776828017 285.982305804943 285.828028950419 285.337895840657 280.591702729434
288.199614288708 284.892120426271 286.029663093683 286.910869625876 285.546560945073 284.593312245101 285.897774927022 286.070429930513 285.917757317029 285.33238350093 283.933446885482 281.453994939686 283.789976002594 282.791006989856 278.869445752525 271.82188285867 265.577594396025 267.604197755149 268.93131465745 267.552494470446 265.178756952994 267.101588170156 269.993203916594 270.827761774575 274.434050596345 272.717568245419 265.114008411138 261.779729693025 260.326904848656 253.305044468959 241.666146336583 234.815180894684 239.536343090103 243.750856586292 243.123078481645 254.267776188438 253.749861951768 262.032485564154 263.728882678532 264.517299307901 264.379187191761 262.593179707865 271.099073041244 279.50208663923 279.543301142548 283.38691178765 284.473999570464 285.847070630434 284.976367815696 280.595629322897
288.396930894447 286.692558215622 286.548244653085 286.924007599741 285.846273104479 285.372969631456 286.15413364306 286.02655756253 285.600788814446 285.286876857643 284.293404299066 281.784448362209 282.593826242875 280.94568089315 274.469189918878 268.990040783872 264.884913627313 267.39814170189 268.870212756636 266.2557549591 262.75845098573 266.451879102568 270.062702077287 271.182672947321 273.183103034211 273.387258803511 268.841998230773 262.879429959163 260.956646760291 252.20943615878 243.067434680728 232.760181324747 233.094583289336 231.810520389611 231.279402052671 247.455850744107 249.722056802284 256.976306384214 262.697017433622 264.108220781312 263.713485436165 265.217327705342 271.027329634892 280.902097202316 282.046899056014 284.250740712749 284.432006990093 284.632256616307 284.434756031986 279.462609967467
288.277522563417 287.358623466448 286.923763494425 -9999 286.206623526662 286.117204057324 286.162017930596 285.227876751068 284.666380992671 285.09965357331 284.550798444718 283.206751594312 281.399575790717 279.332858883781 272.41521794914 265.137915105968 265.818424258317 267.355493246501 269.080580639583 263.350749569865 255.843984657495 264.96930124938 270.598787164006 271.953036330783 272.727678066882 273.537305197848 271.671415995035 265.122387878865 262.813973658129 254.630003235641 251.134065739119 242.44791438534 236.885691848427 231.753954581466 228.879102402016 246.374766602159 251.384031123311 259.337603237576 262.551980705292 261.555003465616 263.79890052542 271.483114374386 276.077346810323 282.703931613372 283.732668038667 284.79053133123 285.406546466091 284.380251261037 285.298121668524 282.060269645183
288.167267264597 288.116448720638 287.403667035992 -9999 286.668831949297 286.166386507908 285.55014891026 284.186500140589 283.368452429464 283.723376795485 283.798607813928 284.080622679445 280.26861610654 277.192883953115 276.064080020737 267.506473176752 258.342199855956 262.575455825717 267.53781643604 265.451801594566 260.362467563685 266.007046684789 270.73117876958 271.516980286437 271.901002649322 270.37451203714 272.217248280391 271.642748354146 268.284222797895 263.255403874975 259.192934717395 251.778024690861 245.460499811134 234.861973148937 226.110156407004 243.322925328644 255.300266903441 254.042967781275 245.866646864526 254.830854412762 270.932060827823 277.996175001468 276.850216428859 267.664381949317 266.741050515477 275.280812494435 279.847820837245 279.184073137933 280.62204242632 278.756702573156
287.910703359769 287.648575355576 287.167406371511 286.972961946176 286.468344876922 284.526324273104 282.848356303427 284.286430262682 282.822726518947 283.814797316996 283.904202650717 283.907879613069 279.903187477561 276.195212902358 276.393839098434 269.936889363488 259.361402210669 263.325785607555 267.738559888499 265.127782583503 260.14616595052 265.335535934764 270.669611755835 271.407951562562 270.727236083098 267.860384903164 270.354736545798 269.66337786115 266.194186672812 266.638289996992 259.99286406272 252.276524299901 245.457306381592 238.731957026464 229.622551689207 243.400065584801 252.979174867031 250.243254292896 249.930105272153 263.454876542994 275.819724693188 277.031172746515 272.125723224678 265.003147954013 264.757887829991 272.05953261788 278.593411419645 276.634640653358 279.888749501806 277.283517155859
287.762362314954 287.49071041063 287.237675446671 287.062738935903 286.633894837482 282.855219710583 279.666897437266 282.15529284019 278.74810577594 282.199192768544 284.016380266734 283.200704881169 282.11569795866 278.643405449551 275.738113505502 268.8355576845 258.7480436265 262.348074058034 266.71908963977 264.283402970624 259.408120100262 265.018862301072 271.13290454099 272.275129822983 270.7947116626 267.719925342716 269.714796295824 269.870067740299 265.938750701186 264.092624502721 260.286737680446 254.637051907782 247.040750354688 241.082869636926 232.479990514303 241.658525644647 249.055691270557 247.487845938146 257.467917114311 272.814719769683 276.019557244156 268.012651443543 263.431636180987 259.751612132859 263.045598985705 271.202361592775 276.501971554894 274.293651881745 276.680768183914 277.270209335207
287.429026129949 287.449707528894 287.221442549107 287.158403824589 286.769607379568 282.104161350027 274.995039722064 272.368431901145 269.76707752786 277.780943334701 283.400933608303 282.529103813742 280.712088659193 281.195546432272 275.500098195518 266.042263022323 253.81514090154 252.78500255493 259.369191588963 258.046760398326 251.738731516748 261.339840615293 271.40980944937 272.081012092487 269.566107800324 267.815817347953 269.877724737883 270.199803665143 264.491109667673 257.894056697143 256.759274984878 250.396259774919 239.378084398449 232.312634283546 227.551592302945 240.599491866615 245.735361485837 245.653373151908 256.328347857615 269.65205035486 268.44466949454 254.72982562488 250.900739573983 255.254578952459 262.508184567733 268.186012740255 271.15859895272 271.531330034063 274.765056282067 277.240711207136
287.023120880008 287.24930550506 286.955782907954 286.645495213353 286.353021556974 283.806928246717 274.546500076746 261.992752866142 261.586660676054 275.104576904987 283.342811765002 282.712427677682 276.358114617129 277.072234761826 272.146443028586 265.862758807685 248.924486443496 237.635350886043 244.959527263322 247.132589240149 240.436745709921 256.21665509787 270.97018357159 271.868451210486 268.8913231848 267.742623736571 269.208635381193 267.890531929728 260.74901293137 253.660222324761 253.716692335609 246.947920018638 233.360510526822 220.737408877511 216.806308808135 236.984117505211 239.49835828248 247.56370851935 257.185691513647 265.91875225011 262.499447041785 248.357943133827 243.801048764108 250.945595981922 254.267477596993 258.939878150311 264.687201170874 267.761380167194 272.504607483196 274.687729917945
286.816088079435 287.174033407996 286.947768127573 286.574858102759 285.883141872897 284.530236133623 275.428888885474 259.875767292101 261.727124953628 276.393172851717 283.528175186394 283.302382589632 276.226256508189 272.411784939174 264.704225588986 261.865551708118 250.244506613287 237.984926181545 242.870573180615 244.474705795547 241.770951253036 258.117032192611 270.244205692745 271.032547093782 269.31685262213 266.95082450458 265.957861581887 265.467547883664 259.529906623005 248.970429540961 246.504730273317 242.463182666553 233.950757841629 218.084613790284 212.532099271144 229.989806734759 232.645162419119 244.239398132003 255.309737350622 264.861116822254 258.979939781221 246.27930096334 239.368437814522 241.319754185478 244.040683055493 250.753576028283 257.507515666667 261.100343914655 267.216352578425 271.547180120354
285.969135564057 287.016009874799 286.586391516847 286.371104275514 285.637167457258 284.034615267478 274.981990710769 262.32962338628 268.136920349259 280.169482241639 283.348203479641 283.39468164948 276.426209137644 270.688664419856 263.081922686081 256.100130157447 250.799278944122 245.944033990246 249.225673439339 251.019772629031 252.870331507019 265.862126833758 270.761330347814 270.943958514884 268.676077467454 264.508208031902 262.481651379813 262.580884964648 257.784069269203 244.658897013945 236.893653174559 234.788095350906 228.565757614785 216.183923134755 212.106174415264 219.605075017372 226.807320273847 242.076364707288 252.36861992729 260.053565471742 255.223278830105 240.461131133719 229.893091950169 228.034386724411 236.907104457512 248.876897746135 251.82338640157 255.72049556365 263.653759192539 273.924417092268
284.949177597648 286.6764495062 286.257799516428 286.059817982691 285.55026816118 284.732552528011 278.777346673886 267.937368032522 270.812077439171 280.942373412545 282.078820396954 282.609607898583 272.618044461864 269.205607677546 263.275934725366 255.895224560868 251.280776107119 251.351014464452 256.151854295582 260.171124351614 261.837917115849 270.596593571097 271.651811119441 271.540926684305 267.760221982009 262.086927577584 260.889506552218 260.3774998388 255.293956212145 245.652788039502 233.096465118112 228.221641014763 224.018390645401 215.449909785353 209.735417667922 210.169911196183 225.372289969844 242.799922782042 245.074695808532 249.449640681046 251.94701364825 239.027934551105 226.719381353314 220.800839583196 228.687453246903 242.044834985638 251.099675647149 260.572893202923 268.652653784529 279.313197779977
285.222694679724 286.1912062976 285.965829833626 285.789788426978 285.616503064293 285.138747819449 283.083479376532 273.79002271535 267.731677554594 277.143065551256 282.115058953113 282.0483892431 264.516577640562 262.41885148629 259.018762279668 255.126700725385 254.322448308279 254.645440103625 258.471772624843 264.828514148996 268.059417099396 271.275467951609 271.504899821771 270.833809098074 268.70907747445 261.215973340654 257.112852473062 255.795930694561 251.54690384719 246.153742338837 234.84342280957 227.489147067984 227.923347366162 222.193916713554 212.418570936076 201.020347489064 218.881651039816 232.521051644536 232.277414106666 239.035185586318 244.291719377507 236.602979072706 229.610840728077 225.187011713374 231.50377700616 241.982983471541 255.677305176566 266.091627506446 275.618580747045 280.022470040048
