rcp8.5models/MPI_ESM_LR/sc1gr0.36
NCOLS 261 
NROWS 433 
XLLCORNER 336357.134 
YLLCORNER 654653.479 
CELLSIZE 1000 
NODATA_value -9999 
[rows 220 to 241 of 433, columns 100 to 149 of 261]
84.0736541748047 84.1302795410156 83.9920959472656 84.1914749145508 84.2341079711914 84.2175445556641 84.2270965576172 84.0110321044922 84.0963668823242 84.1408843994141 83.6789093017578 83.4658966064453 83.3170852661133 83.1908798217773 83.0902938842773 83.0959777832031 83.117317199707 82.9767379760742 82.7888641357422 82.6195831298828 82.4708633422852 82.4006729125977 82.2206573486328 82.0744552612305 82.0261535644531 81.8356857299805 81.7276306152344 82.2713928222656 82.6990280151367 81.8716049194336 81.3745803833008 81.2277603149414 81.1690673828125 81.3837051391602 81.328971862793 80.8957824707031 80.9813385009766 81.5101776123047 82.1436920166016 81.6964797973633 80.6247406005859 81.3935241699219 80.889045715332 79.1407623291016 78.895378112793 78.6727828979492 77.6552352905273 77.4859237670898 77.1660079956055 76.8271026611328
84.1987991333008 84.2099533081055 84.1014022827148 84.1784133911133 84.2162475585938 84.1598968505859 84.1721496582031 84.050422668457 84.0977249145508 84.0635604858398 83.7598495483398 83.5625381469727 83.4686508178711 83.325813293457 83.068489074707 83.1130752563477 83.2195816040039 83.2341766357422 82.7997436523438 82.5768051147461 82.5534439086914 82.4098510742188 82.1722640991211 82.1287841796875 82.0771865844727 82.0110168457031 81.8703765869141 82.5107574462891 82.9927139282227 81.7088317871094 81.4565811157227 81.3113250732422 81.2683715820312 81.4446029663086 81.7902450561523 81.1376647949219 81.4464340209961 82.1885375976562 82.288459777832 81.2797927856445 80.5835571289062 81.6353225708008 81.1543426513672 79.1015167236328 78.9513702392578 78.5708618164062 77.8586654663086 77.568962097168 77.2096099853516 76.9001007080078
84.2869567871094 84.3337554931641 84.2496871948242 84.3796920776367 84.3565063476562 84.1420364379883 84.0814361572266 84.1683654785156 84.2768936157227 84.0040588378906 83.7360687255859 83.5975036621094 83.5734558105469 83.4290618896484 83.1865005493164 83.2133483886719 83.3329238891602 83.3246154785156 82.9426498413086 82.7043380737305 82.603515625 82.5201187133789 82.3673324584961 82.3490447998047 82.164176940918 82.0678863525391 81.9790267944336 82.4997253417969 83.0606842041016 81.6212844848633 81.3872985839844 81.3720321655273 81.4038009643555 81.3681106567383 81.6929397583008 81.3468170166016 81.8312835693359 82.2673797607422 81.6141204833984 80.3666076660156 80.247428894043 80.9427719116211 80.9190292358398 79.3606033325195 78.9231719970703 78.6725234985352 77.9886474609375 77.699089050293 77.418098449707 77.0898208618164
84.2513732910156 84.3366928100586 84.5143051147461 84.6160049438477 84.6197967529297 84.2699279785156 84.1839218139648 84.2304763793945 84.3452911376953 83.9426956176758 83.7226104736328 83.6675415039062 83.5614852905273 83.5064010620117 83.4170303344727 83.4009552001953 83.3832626342773 83.5075073242188 83.6771011352539 82.9109420776367 82.6326446533203 82.6106338500977 82.5649871826172 82.4083862304688 82.1849212646484 82.115592956543 82.2412719726562 82.8594970703125 82.8741149902344 81.7708587646484 81.5736923217773 81.5402755737305 81.5658111572266 81.4497909545898 81.7555313110352 81.6833648681641 81.8271713256836 81.232536315918 80.7501602172852 79.9973526000977 79.9965896606445 80.0022354125977 80.2539215087891 79.7387542724609 78.9413986206055 78.6784973144531 77.9906387329102 77.8367004394531 77.5581512451172 77.1444778442383
84.1573181152344 84.4287033081055 84.6965408325195 84.678596496582 84.5344314575195 84.3301239013672 84.2173767089844 84.2385787963867 84.4145889282227 84.1292495727539 83.9675521850586 83.8243637084961 83.6690521240234 -9999 83.4569396972656 83.400993347168 83.504035949707 -9999 83.9479446411133 82.9402465820312 82.6689071655273 82.7388916015625 82.6750335693359 82.4897308349609 82.3413238525391 82.1943740844727 82.3010101318359 82.6371994018555 82.3912582397461 81.9527282714844 82.0010375976562 81.6652450561523 81.7453689575195 82.0176010131836 82.1561508178711 82.0569763183594 81.8837966918945 80.3993453979492 80.2852401733398 80.0677642822266 79.948616027832 79.6442031860352 79.6810989379883 79.4716796875 78.8645324707031 78.6444396972656 78.0518341064453 77.7258987426758 77.4605331420898 77.1584854125977
84.1038360595703 84.4606018066406 84.6703033447266 84.6720123291016 84.3486709594727 84.3270034790039 84.2034149169922 84.2852554321289 84.6428070068359 84.2696685791016 84.0585784912109 83.8419570922852 83.6814193725586 -9999 83.4478149414062 83.3930816650391 83.5332336425781 83.6867141723633 83.4472274780273 82.9553070068359 82.8841018676758 82.8939208984375 82.815071105957 82.7347030639648 82.5259246826172 82.3762817382812 82.2332077026367 82.1384429931641 81.9794540405273 82.0104446411133 82.2297286987305 81.808967590332 82.1484222412109 82.8607788085938 82.3761978149414 82.1535110473633 81.732063293457 80.7323684692383 80.8228530883789 80.3285522460938 80.031135559082 79.9767913818359 79.3133850097656 79.0531005859375 78.6694641113281 78.5678253173828 78.0802917480469 77.6638031005859 77.4088973999023 77.2954406738281
84.0984802246094 84.2905349731445 84.5099563598633 84.5138778686523 84.2726135253906 84.2482986450195 84.2569961547852 84.3585052490234 84.8314437866211 84.3251724243164 84.0569305419922 84.0042572021484 83.7062072753906 83.5343551635742 83.4445343017578 83.4336853027344 83.4826812744141 83.3318405151367 83.1094131469727 -9999 83.0411758422852 82.9831771850586 82.8984451293945 82.8862380981445 82.5889511108398 82.4519424438477 82.2518768310547 82.1807632446289 82.1033935546875 82.2217559814453 82.8624496459961 82.7931518554688 83.2830505371094 83.8101425170898 82.5734329223633 81.4379806518555 81.1111450195312 81.2463531494141 81.493034362793 80.5965347290039 80.0683822631836 79.8819198608398 79.2962493896484 79.1798782348633 78.7236633300781 78.4434051513672 77.9454498291016 77.7560424804688 77.6218872070312 77.5152282714844
84.1925354003906 84.2236328125 84.3849487304688 84.2625579833984 84.0815048217773 84.172233581543 84.0878372192383 84.3781127929688 84.6488342285156 84.255973815918 84.1764373779297 84.2041397094727 83.8500823974609 83.6711959838867 83.6605682373047 83.6170959472656 83.504638671875 83.3787994384766 83.1600952148438 83.1463623046875 83.047607421875 82.9499588012695 82.9019775390625 82.9126892089844 82.6355819702148 82.4653396606445 82.2908935546875 82.2509536743164 82.3229522705078 82.6811752319336 83.6560211181641 84.0772933959961 84.2565689086914 83.7655487060547 82.3250579833984 81.0530776977539 81.3096923828125 81.9745025634766 81.7343978881836 81.1276092529297 80.3720855712891 79.5287933349609 79.4259414672852 79.3682098388672 78.9283905029297 78.456672668457 77.9221801757812 77.8768920898438 77.8605728149414 77.8793258666992
84.1726760864258 84.2798614501953 84.1910171508789 -9999 -9999 83.9941711425781 84.0133285522461 84.3207397460938 84.2963104248047 84.140983581543 84.2264785766602 84.2622604370117 83.91845703125 83.7935256958008 83.8495941162109 83.7105560302734 83.5076675415039 83.4123458862305 83.4064636230469 83.3313598632812 83.1194229125977 82.9679565429688 83.0065689086914 82.9372024536133 82.8718032836914 82.6187744140625 82.3986587524414 82.3184661865234 82.4499969482422 82.9147415161133 83.9415130615234 84.6337509155273 84.0324783325195 82.6805648803711 81.9728393554688 81.2886047363281 81.6317977905273 82.2077941894531 81.3917388916016 81.0815048217773 80.6876068115234 79.8220367431641 79.4027099609375 79.2103805541992 78.9236221313477 78.478385925293 78.0742416381836 77.9968109130859 78.0078201293945 78.2543334960938
84.4964981079102 84.2816467285156 84.2448501586914 84.2511978149414 84.0818176269531 84.1718215942383 84.1299438476562 84.3609390258789 84.2024765014648 84.1415863037109 84.2831268310547 84.4667739868164 84.0312118530273 83.9481658935547 83.9070129394531 83.6648025512695 83.5792770385742 83.5932388305664 83.6007537841797 83.4272079467773 83.1726760864258 83.0846862792969 83.1142272949219 83.1211395263672 83.2765350341797 83.1456298828125 82.5319900512695 82.4519271850586 82.662841796875 82.9604721069336 83.9690170288086 84.7569885253906 83.4973297119141 82.0791397094727 81.9595108032227 81.4560089111328 81.1858367919922 81.1118621826172 80.5960235595703 80.4499816894531 80.2394714355469 79.8691482543945 79.4065399169922 79.2146072387695 78.9452819824219 78.6084289550781 78.2348327636719 78.1345520019531 78.1125106811523 78.4953460693359
84.5313262939453 84.3752517700195 84.4426116943359 84.4964828491211 84.2674789428711 84.3795547485352 84.1083374023438 84.3649520874023 84.2483978271484 84.1422119140625 84.4419174194336 84.8562850952148 84.2037963867188 84.0238189697266 83.9474411010742 83.7505950927734 83.6911773681641 83.7464752197266 83.7768020629883 83.6683807373047 83.3044662475586 83.159553527832 -9999 83.5297317504883 83.9761657714844 83.7533187866211 82.7729110717773 82.5820846557617 82.7957992553711 83.2429428100586 84.3806228637695 84.4917755126953 83.0139389038086 81.9429626464844 81.8994522094727 81.5757904052734 80.7165374755859 80.4529113769531 80.3187789916992 80.2922134399414 79.9397811889648 79.7964096069336 79.6921310424805 79.4020385742188 78.8956146240234 78.6901626586914 78.2940139770508 78.3129043579102 78.2224655151367 78.4512481689453
84.4626693725586 84.4802017211914 84.5041580200195 84.6500549316406 84.4849472045898 84.4293212890625 84.5017318725586 84.3966369628906 84.2164688110352 84.3173522949219 84.7452087402344 85.2716674804688 84.8445816040039 84.3135223388672 84.0990524291992 84.1139373779297 83.9379119873047 84.1338348388672 84.3391189575195 83.8305740356445 83.8757553100586 83.8178558349609 83.9470138549805 84.3773727416992 84.5877304077148 83.5034713745117 82.9942016601562 82.7597122192383 83.0272674560547 83.9163589477539 84.7513427734375 83.784538269043 82.2916641235352 81.8798828125 81.993537902832 82.0990524291992 81.2423477172852 80.5035552978516 80.2785873413086 80.1188735961914 79.8986358642578 79.6260528564453 79.4254913330078 79.1363220214844 78.9609603881836 78.744270324707 78.5167999267578 78.4312057495117 78.645622253418 79.0987854003906
84.5871505737305 84.5015335083008 84.4476928710938 84.5469055175781 84.4472351074219 84.375846862793 84.5173110961914 84.5602111816406 84.3220367431641 84.2905197143555 84.5358123779297 84.7148895263672 85.0494995117188 84.3834686279297 84.3201675415039 84.404914855957 84.5537185668945 84.5865020751953 84.6825256347656 84.201789855957 84.0841598510742 84.0550231933594 84.4496078491211 84.6038513183594 83.9499206542969 83.4132308959961 83.2270355224609 83.2503128051758 83.0033416748047 83.4729080200195 84.4424896240234 83.4293365478516 82.209342956543 81.8307723999023 82.0474014282227 81.7603988647461 81.4173736572266 80.7937240600586 80.3820953369141 80.197624206543 80.0587310791016 79.8107299804688 79.6468963623047 79.4025802612305 79.0737457275391 78.8376693725586 78.6940536499023 78.6809387207031 78.7483367919922 79.0966567993164
84.6751556396484 84.3567886352539 84.3443603515625 84.4148406982422 84.3648681640625 84.3199996948242 84.3528366088867 84.4787750244141 84.3363952636719 84.2357559204102 84.3174743652344 84.4696350097656 84.9193115234375 84.3683776855469 84.5173187255859 84.8321075439453 85.1533432006836 85.0476913452148 84.8731002807617 84.6157150268555 84.4765853881836 84.4389343261719 84.5290679931641 84.7588043212891 83.8838043212891 83.6285247802734 83.6353149414062 83.5923919677734 83.1343688964844 83.4624252319336 84.0127258300781 82.9958267211914 82.2144088745117 81.9252014160156 82.1374969482422 82.1876678466797 -9999 80.946174621582 80.4654312133789 80.3095245361328 80.1662750244141 79.9040222167969 79.7703704833984 79.6764831542969 79.1799697875977 78.8570556640625 78.7223892211914 78.7179260253906 78.6694488525391 78.7287292480469
84.5657577514648 84.3405456542969 84.3749084472656 84.500617980957 84.4275131225586 84.3021926879883 84.3379592895508 84.4475402832031 84.2966384887695 84.3984146118164 84.7975082397461 84.9987487792969 85.0662612915039 84.5721664428711 84.6851501464844 85.1297988891602 85.2755126953125 85.1533126831055 84.9572982788086 84.8845977783203 84.7735824584961 84.7688522338867 84.7751388549805 84.9965133666992 83.9705505371094 83.7994766235352 83.8853149414062 83.5661468505859 83.1819763183594 83.4755935668945 83.7685012817383 82.7292098999023 82.2025985717773 81.8645782470703 82.1924591064453 82.6340026855469 -9999 81.0306091308594 80.4934310913086 80.3809432983398 80.2412719726562 80.0579681396484 79.9030609130859 79.6225128173828 79.1986236572266 78.9462966918945 78.7141494750977 78.7086715698242 78.9538497924805 78.8022842407227
84.499885559082 84.3860855102539 84.4551849365234 84.4581527709961 84.4978561401367 84.3744125366211 84.4806137084961 84.5278701782227 84.476318359375 84.498649597168 85.0721054077148 85.540657043457 85.1947555541992 84.8896179199219 84.9292831420898 85.2765960693359 85.2138595581055 85.1122512817383 85.0217208862305 84.9868087768555 84.8237762451172 84.7668838500977 84.8211517333984 84.9788436889648 83.9581604003906 83.7316131591797 83.7760162353516 83.4925765991211 83.2162933349609 83.6483993530273 83.8397598266602 82.6692581176758 82.1436767578125 81.8911895751953 82.0648880004883 82.6441955566406 82.3216934204102 81.2110137939453 80.6329650878906 80.5171356201172 80.2984313964844 80.1568603515625 80.0764846801758 79.7494201660156 79.4391250610352 79.123405456543 78.7656402587891 78.7265090942383 79.0433044433594 79.0106353759766
84.5834121704102 84.4099884033203 84.3749389648438 84.2868957519531 84.3607406616211 84.3810958862305 84.5542678833008 84.6753311157227 84.6660003662109 84.6020050048828 85.0680694580078 85.3720016479492 84.9656143188477 84.8688888549805 84.9258117675781 85.2391204833984 85.1677017211914 85.1024703979492 85.1144104003906 85.1102981567383 84.920051574707 84.8006973266602 84.8836669921875 85.0934295654297 83.9931793212891 83.7255630493164 83.8724822998047 83.7987365722656 83.1512451171875 83.4448776245117 83.4123077392578 82.6244735717773 82.1445159912109 81.9302597045898 81.8663864135742 81.9771118164062 81.6385040283203 81.1133880615234 80.9423065185547 80.9378967285156 80.5085754394531 80.3035583496094 80.2284774780273 80.0608215332031 79.7555923461914 79.3323059082031 78.91015625 78.7750778198242 79.1394882202148 79.4494857788086
84.6101760864258 84.4822082519531 84.4129409790039 84.5765228271484 84.5177764892578 84.4667739868164 84.5888748168945 84.7458953857422 84.8964385986328 84.7035827636719 84.7265472412109 84.85302734375 84.7291870117188 84.7026901245117 84.8028945922852 85.2669982910156 85.2732925415039 85.115608215332 85.0660018920898 85.1021423339844 84.9005889892578 84.7953414916992 85.0170135498047 85.0602340698242 84.0005722045898 83.7412109375 84.0075073242188 84.0885543823242 83.0195999145508 82.9925765991211 82.9535064697266 82.6530151367188 82.1625671386719 81.9067687988281 81.68603515625 81.3918380737305 80.8893890380859 -9999 -9999 81.4824447631836 81.0244445800781 80.7734222412109 80.4952011108398 80.2197723388672 79.9090042114258 79.537109375 79.1725234985352 79.0148544311523 79.2051391601562 79.6271286010742
84.6429061889648 84.6047744750977 84.551513671875 84.6713180541992 84.5571060180664 84.5262985229492 84.5484313964844 84.700927734375 84.8784790039062 84.5922546386719 84.4559631347656 84.4728775024414 84.5938339233398 84.5385894775391 84.8039627075195 85.2862091064453 85.2271423339844 85.1500396728516 85.0638046264648 84.9884948730469 84.863151550293 84.8327789306641 84.8910751342773 84.5641860961914 83.8435516357422 83.6509704589844 83.9533843994141 84.3506164550781 83.5949401855469 82.9643859863281 82.670295715332 82.4907684326172 82.3135452270508 82.2458114624023 81.7094421386719 81.3059539794922 81.0513229370117 -9999 81.7091293334961 81.8474884033203 81.5920715332031 81.0229568481445 80.6781387329102 80.2127380371094 79.8003005981445 79.5827026367188 79.2996063232422 79.2008895874023 79.3323745727539 79.5970230102539
84.8191680908203 84.7235412597656 84.5992813110352 84.646598815918 84.6858901977539 84.71875 84.6017456054688 84.7159271240234 84.7516250610352 84.60791015625 84.4675140380859 84.4863662719727 84.5149002075195 84.4160537719727 84.6848373413086 84.984619140625 84.9708786010742 85.2494430541992 85.1362457275391 84.9768905639648 84.9283676147461 84.9956512451172 84.8016204833984 84.400520324707 -9999 -9999 -9999 84.2568817138672 83.9338302612305 83.1754913330078 82.6304321289062 82.2762680053711 82.4579620361328 82.7961120605469 81.9943923950195 81.3816986083984 81.1904907226562 -9999 81.772575378418 82.3743362426758 81.9088668823242 80.9375762939453 80.6270980834961 80.2462463378906 79.8284530639648 79.7024841308594 79.2531280517578 79.2092208862305 79.3054428100586 79.9398803710938
84.9221115112305 84.7670288085938 84.6708145141602 84.662353515625 84.7781600952148 84.9762344360352 84.7005844116211 84.6879730224609 84.714973449707 84.5498886108398 84.4379272460938 84.6216888427734 84.4937591552734 84.4328536987305 84.5078735351562 84.7043228149414 85.0861892700195 85.3496322631836 85.2048950195312 85.1351013183594 84.9614028930664 85.0049209594727 84.8400039672852 84.516731262207 83.7320175170898 83.6862335205078 -9999 83.6076431274414 83.3791656494141 83.1625366210938 82.767204284668 82.3701324462891 82.5674209594727 82.8248901367188 82.1704559326172 81.6786346435547 81.3529052734375 81.1737823486328 81.7383422851562 82.8400802612305 82.4949798583984 81.1059494018555 -9999 80.3231201171875 80.0328216552734 79.8303527832031 79.256477355957 79.4036178588867 79.492546081543 80.1680297851562
84.8243637084961 84.66845703125 84.7145614624023 84.6262283325195 84.6552124023438 84.9334869384766 84.8455352783203 84.6783828735352 84.6386337280273 84.4945907592773 84.4329223632812 84.5476837158203 84.3366622924805 84.3563232421875 84.5930557250977 84.9929885864258 85.2827529907227 85.354133605957 85.2961502075195 85.2883911132812 85.0643615722656 85.1186904907227 84.9371490478516 84.7173843383789 83.8469924926758 -9999 83.6682739257812 83.4116058349609 83.0058441162109 82.9244079589844 82.7935485839844 82.6328125 82.6166839599609 82.8229522705078 82.3471755981445 81.960823059082 81.5369110107422 81.3002700805664 81.6079177856445 82.5659027099609 82.6304016113281 81.0916519165039 80.6130065917969 80.319465637207 80.0797653198242 79.8143920898438 79.2949066162109 79.5512466430664 80.1847915649414 80.6627349853516
