rcp8.5models/MPI_ESM_LR/sc1gr8.20
NCOLS 261 
NROWS 433 
XLLCORNER 336357.134 
YLLCORNER 654653.479 
CELLSIZE 1000 
NODATA_value -3.4e+38 
[rows 396 to 417 of 433, columns 98 to 146 of 261]
445.408813476562 434.216186523438 439.249420166016 444.396240234375 440.607727050781 437.544372558594 435.000061035156 430.927886962891 425.262481689453 417.420074462891 410.403961181641 407.252746582031 405.362823486328 409.879760742188 417.984802246094 408.194366455078 406.539337158203 398.076965332031 376.698638916016 359.014068603516 354.173828125 350.92138671875 347.125457763672 352.799835205078 388.587493896484 416.955322265625 342.268157958984 289.3349609375 278.595825195312 270.28369140625 261.812286376953 253.82568359375 248.52702331543 243.681076049805 237.934341430664 232.286163330078 229.560913085938 218.138137817383 213.671401977539 207.94157409668 205.933746337891 204.040466308594 195.486831665039 187.427520751953 181.700210571289 175.399780273438 170.959213256836 166.475555419922 152.816604614258
445.805511474609 433.877593994141 430.696197509766 437.312591552734 437.117645263672 432.60205078125 430.016479492188 426.509155273438 422.326293945312 414.417083740234 406.964385986328 404.523986816406 402.565063476562 401.041076660156 408.537292480469 409.085693359375 395.350433349609 377.796295166016 361.11767578125 351.557189941406 354.107086181641 351.854736328125 345.901275634766 367.186767578125 406.925872802734 409.494537353516 306.364166259766 284.821075439453 277.910583496094 269.370971679688 260.69140625 250.813507080078 242.633560180664 240.200164794922 237.385696411133 230.807189941406 227.050109863281 218.403671264648 213.403244018555 206.538482666016 199.578033447266 196.307678222656 192.704483032227 188.150741577148 181.3740234375 173.869934082031 173.069549560547 170.105377197266 155.53498840332
442.878448486328 431.725067138672 425.990356445312 429.068664550781 433.361083984375 428.21630859375 425.662445068359 415.664855957031 405.771148681641 399.518585205078 399.052673339844 401.156280517578 398.538238525391 393.679840087891 394.204315185547 386.033294677734 368.781402587891 359.869964599609 352.281860351562 347.485137939453 352.697082519531 350.385559082031 347.648132324219 377.637390136719 404.456634521484 372.351623535156 284.960083007812 282.375335693359 276.156402587891 268.106658935547 261.9951171875 252.649291992188 242.228271484375 239.96565246582 237.201171875 226.87776184082 223.494125366211 217.368911743164 212.928634643555 206.853271484375 197.810073852539 191.145370483398 188.128860473633 185.727615356445 178.858184814453 171.997482299805 170.382858276367 166.425582885742 152.26643371582
438.809356689453 431.301666259766 429.62841796875 422.159240722656 426.392791748047 425.273834228516 422.102935791016 403.624084472656 391.935333251953 388.514831542969 384.991058349609 391.809143066406 393.498168945312 388.801025390625 375.556304931641 367.400604248047 359.819854736328 352.842498779297 346.792816162109 351.917205810547 357.677429199219 350.1416015625 355.189300537109 378.580841064453 374.242065429688 326.877655029297 281.670379638672 281.729949951172 275.209838867188 268.529144287109 266.916564941406 257.662963867188 242.487930297852 -3.4e+38 231.323196411133 223.014984130859 217.337646484375 210.619674682617 208.274627685547 204.791976928711 197.80534362793 189.510040283203 184.305206298828 181.388397216797 179.015640258789 176.232986450195 163.998229980469 157.553375244141 148.457565307617
434.389831542969 431.078216552734 429.454742431641 417.856353759766 415.840362548828 416.526824951172 417.602905273438 397.164398193359 386.405303955078 391.050903320312 381.277221679688 381.101470947266 386.994415283203 382.820892333984 365.728881835938 356.820037841797 347.853759765625 343.976623535156 350.878143310547 364.015563964844 362.263336181641 361.263641357422 383.071166992188 394.891510009766 355.172454833984 300.127777099609 276.101959228516 273.646453857422 269.903289794922 269.019958496094 269.449798583984 257.699432373047 240.642395019531 231.157913208008 -3.4e+38 217.822814941406 212.871704101562 208.807891845703 206.116409301758 200.919982910156 196.529190063477 188.829467773438 181.456558227539 175.835266113281 180.038986206055 181.228454589844 161.029312133789 154.288101196289 145.545639038086
426.414611816406 426.21826171875 424.930206298828 414.466430664062 405.372711181641 402.269989013672 400.143249511719 383.725860595703 374.101348876953 384.369232177734 385.054504394531 374.628753662109 375.580200195312 377.195678710938 361.654724121094 353.749298095703 350.377593994141 355.184112548828 363.669586181641 363.387786865234 354.737182617188 370.781005859375 403.423706054688 392.757873535156 333.637908935547 290.288635253906 275.596618652344 269.476654052734 263.123931884766 262.760772705078 260.212615966797 247.049026489258 238.039886474609 232.509262084961 223.383850097656 214.858917236328 208.970489501953 205.525024414062 201.604995727539 195.037475585938 191.405624389648 185.069320678711 177.937301635742 170.75553894043 171.725677490234 170.942977905273 158.581771850586 152.64421081543 142.934036254883
418.265869140625 421.279113769531 419.204254150391 408.574768066406 396.352416992188 390.095367431641 381.258514404297 375.319030761719 377.094146728516 376.363006591797 372.075744628906 368.45263671875 368.879547119141 369.056823730469 365.928619384766 364.765625 359.19775390625 359.717651367188 360.267272949219 351.689971923828 347.518524169922 366.316284179688 382.753082275391 355.145690917969 306.360931396484 283.249145507812 275.745697021484 269.443664550781 261.243133544922 253.982192993164 247.372436523438 237.83088684082 234.531829833984 230.782150268555 224.029418945312 216.077377319336 208.714370727539 198.111862182617 194.243194580078 189.087432861328 185.352630615234 179.730529785156 173.560943603516 168.122055053711 163.938522338867 160.087844848633 156.207260131836 150.585479736328 141.62419128418
412.154541015625 414.164947509766 411.710083007812 398.603149414062 384.261322021484 375.650421142578 369.354827880859 372.976379394531 383.791870117188 379.46044921875 367.260559082031 368.322204589844 370.411987304688 369.455871582031 374.029541015625 366.543426513672 354.492889404297 347.190002441406 345.832763671875 346.590118408203 349.416595458984 353.524932861328 344.615600585938 315.984893798828 289.837615966797 283.237976074219 274.864715576172 268.779266357422 259.7470703125 250.132507324219 242.268905639648 235.732299804688 231.088928222656 227.232360839844 222.111785888672 216.171173095703 208.852447509766 194.474151611328 190.894912719727 185.511535644531 179.876083374023 174.467636108398 169.351928710938 165.114547729492 160.621307373047 156.218551635742 152.467697143555 147.715377807617 140.716705322266
404.070465087891 403.351989746094 403.598846435547 394.491577148438 380.647369384766 367.479248046875 359.890350341797 360.153228759766 372.996459960938 380.725158691406 376.663208007812 371.894958496094 368.665740966797 370.134094238281 372.490020751953 361.929718017578 357.248718261719 355.335784912109 343.360870361328 337.735107421875 342.208953857422 335.723571777344 320.643157958984 301.462127685547 284.020568847656 281.261596679688 276.562408447266 273.283660888672 261.57666015625 249.458587646484 241.64436340332 234.227401733398 227.485275268555 222.511962890625 217.258804321289 212.659484863281 205.467880249023 192.366989135742 187.613693237305 182.473678588867 177.366149902344 172.459213256836 167.35041809082 163.242950439453 158.760986328125 152.859344482422 147.94970703125 144.763687133789 138.223571777344
392.932250976562 385.687164306641 386.765533447266 386.981109619141 371.864532470703 360.680816650391 354.759033203125 349.831512451172 358.397338867188 370.079956054688 371.493438720703 368.955505371094 372.191680908203 377.601654052734 373.9560546875 369.976531982422 366.566772460938 363.025421142578 344.648681640625 325.64453125 323.560699462891 316.684783935547 301.599884033203 289.816375732422 281.979248046875 278.939880371094 274.298858642578 273.316070556641 261.959075927734 248.005813598633 239.869979858398 231.597900390625 225.088043212891 219.02507019043 213.244674682617 208.994583129883 202.740982055664 190.656127929688 184.885345458984 179.438186645508 175.411682128906 171.211013793945 165.410125732422 161.847213745117 157.952011108398 151.743240356445 146.25065612793 142.563537597656 135.608688354492
379.987884521484 372.514190673828 363.6357421875 374.506988525391 367.761993408203 360.646087646484 352.335784912109 343.184753417969 339.328399658203 340.218811035156 343.478210449219 347.069793701172 344.855499267578 339.407531738281 330.197998046875 326.458190917969 322.628204345703 317.937377929688 308.107666015625 294.451019287109 287.244201660156 283.401702880859 279.023742675781 276.124633789062 273.635864257812 271.76171875 267.090515136719 265.710327148438 256.827728271484 244.86572265625 235.489166259766 227.266357421875 223.270889282227 219.557037353516 212.441146850586 204.346786499023 198.514190673828 189.060104370117 182.135528564453 176.594177246094 171.91145324707 167.09391784668 161.742828369141 157.08659362793 151.907028198242 147.183563232422 143.419647216797 139.923187255859 131.778366088867
363.040710449219 357.981842041016 363.587646484375 369.462768554688 372.78466796875 367.018951416016 348.943908691406 336.304290771484 333.745269775391 332.739166259766 332.610778808594 333.893249511719 332.504486083984 330.813751220703 316.636291503906 309.061157226562 305.945526123047 303.948089599609 296.823028564453 289.8603515625 285.594268798828 279.812744140625 275.161712646484 274.601684570312 271.732452392578 268.007049560547 264.636840820312 260.051849365234 253.140808105469 245.885833740234 235.04182434082 225.882354736328 224.050506591797 221.356246948242 213.176544189453 205.737869262695 200.863174438477 189.400955200195 182.761901855469 176.703109741211 171.607620239258 167.587478637695 163.516937255859 157.620223999023 151.761779785156 147.468383789062 142.993255615234 138.40185546875 130.296585083008
351.980346679688 341.562927246094 350.418212890625 354.459106445312 357.116180419922 350.690856933594 334.860382080078 325.853363037109 323.944366455078 324.257354736328 325.168395996094 321.774658203125 318.059020996094 321.566345214844 309.580535888672 302.015930175781 298.105926513672 294.686218261719 291.614135742188 288.525665283203 285.341186523438 279.713226318359 273.333160400391 270.130676269531 267.137176513672 264.128753662109 258.303527832031 254.841613769531 249.88395690918 244.147735595703 234.407989501953 224.270050048828 219.028396606445 215.411529541016 211.017349243164 207.737365722656 204.225723266602 191.487579345703 185.093765258789 179.193023681641 173.228927612305 168.484939575195 164.333374023438 159.127426147461 153.760925292969 148.948181152344 143.419738769531 138.44384765625 129.665420532227
355.824249267578 339.587677001953 338.704406738281 337.920501708984 337.725463867188 333.523132324219 326.077301025391 320.671569824219 316.994964599609 317.007171630859 316.526824951172 314.142272949219 310.4326171875 311.843170166016 305.706817626953 298.499328613281 294.686279296875 290.215515136719 287.19482421875 285.933990478516 282.518707275391 278.751831054688 274.512878417969 267.094451904297 265.336303710938 265.600219726562 255.664245605469 252.822875976562 248.115539550781 239.671768188477 229.944458007812 221.985122680664 215.5146484375 212.692184448242 209.048294067383 205.346939086914 202.485778808594 189.462188720703 184.121673583984 179.654037475586 173.844665527344 168.015365600586 162.927154541016 158.932800292969 154.671844482422 148.253280639648 143.141021728516 138.891082763672 129.542663574219
357.428680419922 335.811462402344 327.775817871094 329.464416503906 326.278472900391 322.987030029297 318.037811279297 314.988677978516 312.475280761719 311.230743408203 311.631439208984 313.739410400391 311.779632568359 307.833435058594 301.777435302734 297.255706787109 292.692260742188 285.82666015625 283.934722900391 282.060852050781 277.517822265625 278.854431152344 279.271789550781 271.144775390625 267.893524169922 268.044708251953 256.201141357422 250.410614013672 242.630386352539 233.522338867188 224.526260375977 218.77131652832 215.141555786133 213.137817382812 207.956726074219 204.521560668945 203.961135864258 191.070236206055 183.982727050781 178.220199584961 172.979644775391 167.902114868164 162.986907958984 158.104187011719 154.333465576172 148.368133544922 142.936004638672 138.316314697266 129.552261352539
340.21337890625 324.759918212891 321.706604003906 328.243591308594 320.726806640625 314.76416015625 310.268768310547 308.870910644531 308.068267822266 306.858764648438 309.187103271484 313.716094970703 311.446868896484 304.914398193359 296.140655517578 292.928894042969 288.888763427734 284.357879638672 281.276794433594 276.985534667969 275.721801757812 281.370941162109 283.919799804688 275.902557373047 268.605285644531 265.356903076172 251.309448242188 245.170364379883 239.268966674805 232.941146850586 224.585647583008 217.141387939453 213.00325012207 210.315307617188 206.788818359375 203.602493286133 201.683120727539 191.838043212891 184.419692993164 177.381362915039 171.057876586914 166.42155456543 161.993957519531 156.784072875977 153.481292724609 149.124496459961 143.5048828125 137.391952514648 129.266006469727
323.126159667969 322.054260253906 326.383544921875 331.159362792969 319.495361328125 311.381896972656 308.107849121094 304.943817138672 302.333068847656 300.548461914062 302.052062988281 304.561859130859 303.793304443359 301.242584228516 294.200286865234 289.762054443359 284.617218017578 283.363220214844 280.983703613281 277.0517578125 278.929718017578 280.311706542969 278.992614746094 273.532501220703 267.389892578125 261.729309082031 246.764892578125 243.798126220703 242.357727050781 238.896438598633 229.761276245117 221.4326171875 215.548767089844 208.177612304688 204.87223815918 201.442626953125 196.562026977539 188.912155151367 183.399475097656 177.735427856445 170.881423950195 165.53759765625 160.26530456543 154.977691650391 151.314865112305 147.677505493164 143.950576782227 137.839553833008 128.926666259766
316.739349365234 319.259155273438 326.403900146484 332.573425292969 323.528350830078 315.516418457031 308.157836914062 300.552307128906 296.767425537109 293.764556884766 295.296112060547 297.724670410156 297.061004638672 295.765258789062 290.398986816406 287.245666503906 281.528503417969 279.631561279297 278.255035400391 276.644287109375 278.079315185547 275.358184814453 271.916381835938 269.598388671875 265.444519042969 258.396789550781 243.798446655273 244.662612915039 246.475570678711 242.889312744141 235.702331542969 229.920181274414 222.786193847656 209.623153686523 202.964279174805 201.505401611328 196.847793579102 187.843887329102 183.176025390625 179.10791015625 172.865539550781 166.691650390625 160.80078125 155.254119873047 150.414489746094 146.781600952148 143.529769897461 138.781143188477 129.770767211914
312.348907470703 313.272399902344 319.281646728516 330.127258300781 328.189636230469 318.73046875 303.8779296875 295.076080322266 291.828735351562 291.080657958984 293.891052246094 293.503326416016 290.879943847656 290.790954589844 284.948516845703 281.542175292969 277.64794921875 274.496551513672 272.501190185547 273.536376953125 273.717041015625 270.877807617188 268.587677001953 266.818450927734 263.061126708984 255.843780517578 239.130920410156 239.663909912109 240.590667724609 238.659240722656 235.892761230469 230.37255859375 222.857620239258 211.00358581543 202.814880371094 201.018615722656 197.436492919922 185.593399047852 181.630859375 177.596466064453 171.983489990234 166.141326904297 161.508972167969 156.890853881836 150.761596679688 145.384948730469 141.793655395508 138.498672485352 131.194793701172
318.381958007812 313.402587890625 315.599700927734 325.872863769531 326.140838623047 311.003021240234 295.002258300781 290.077575683594 287.590850830078 287.405731201172 288.083709716797 284.681945800781 285.100311279297 288.529388427734 281.599853515625 277.098052978516 273.419921875 270.306945800781 269.430633544922 269.842529296875 268.665649414062 266.28173828125 264.484466552734 262.695587158203 257.383392333984 249.752410888672 237.903442382812 234.301986694336 230.171157836914 228.795272827148 227.287139892578 221.985198974609 216.397994995117 209.301498413086 203.122100830078 199.334503173828 195.705352783203 183.526260375977 179.135894775391 174.439712524414 169.430465698242 164.043487548828 159.309265136719 156.008865356445 150.957122802734 144.914581298828 140.596740722656 137.35710144043 131.539932250977
320.783203125 313.387359619141 312.043853759766 322.821075439453 322.345520019531 303.98681640625 289.147735595703 286.049987792969 283.621124267578 281.782897949219 279.866271972656 277.984649658203 279.452331542969 280.934936523438 276.703887939453 273.650756835938 270.521270751953 267.984619140625 266.903778076172 264.822387695312 264.073883056641 262.183898925781 259.687652587891 258.778656005859 254.268920898438 248.528610229492 241.346145629883 234.30419921875 227.018508911133 222.764541625977 219.297698974609 214.371505737305 209.903961181641 206.349197387695 201.725769042969 196.050552368164 192.194976806641 180.942474365234 175.846176147461 171.712005615234 167.43669128418 163.124450683594 158.1328125 154.669662475586 150.954132080078 145.921432495117 140.831695556641 137.017425537109 131.4072265625
305.901672363281 301.578521728516 297.849853515625 308.808380126953 309.260894775391 297.617309570312 285.072875976562 280.090270996094 278.357574462891 277.694091796875 276.35595703125 274.468048095703 273.225494384766 272.497711181641 272.608154296875 270.107330322266 268.077270507812 266.185150146484 264.692993164062 263.280212402344 263.051300048828 260.561676025391 255.260147094727 254.039428710938 253.356475830078 250.211715698242 242.892623901367 237.041961669922 230.638381958008 226.234176635742 221.137542724609 214.601379394531 208.303512573242 203.301315307617 199.668212890625 195.3515625 190.81672668457 180.989242553711 176.004623413086 169.897644042969 165.675628662109 162.20149230957 157.92626953125 153.906951904297 150.535293579102 146.335510253906 141.135070800781 136.781585693359 131.298126220703
