rcp8.5models/MPI_ESM_LR/sc1gr1.30
NCOLS 261 
NROWS 433 
XLLCORNER 336357.134 
YLLCORNER 654653.479 
CELLSIZE 1000 
NODATA_value -3.4e+38 
[rows 330 to 351 of 433, columns 147 to 195 of 261]
72.2511596679688 74.0801467895508 74.9985427856445 75.4727478027344 75.0815963745117 75.1462936401367 76.4261856079102 76.1102600097656 76.1364212036133 76.6312942504883 76.7389297485352 76.4773101806641 76.2660827636719 76.3703155517578 76.1059494018555 76.2699279785156 75.9400482177734 75.9751586914062 75.7221527099609 75.6232986450195 75.9921722412109 76.0477752685547 73.3115997314453 70.801872253418 71.0994186401367 72.0786895751953 73.070182800293 73.7493743896484 74.7154846191406 74.5117721557617 74.382453918457 73.018798828125 71.7888565063477 70.5411224365234 70.3149337768555 70.3100051879883 69.9589767456055 70.1880645751953 70.3422088623047 70.3221664428711 70.374382019043 70.7137069702148 70.5549087524414 70.5595092773438 70.7219924926758 70.1412506103516 70.1538925170898 70.1585845947266 70.2905807495117
71.434455871582 73.6324462890625 74.7143478393555 75.1450424194336 75.1315155029297 75.0936660766602 76.0894012451172 75.9547729492188 76.0266723632812 76.4811248779297 76.0768203735352 75.5621032714844 75.9579162597656 76.3540954589844 76.2176513671875 76.0571746826172 76.0995101928711 76.2373352050781 75.8624725341797 75.8906555175781 75.8696212768555 75.6047744750977 73.3200454711914 71.9423446655273 71.0791397094727 71.2454605102539 71.2958908081055 71.8332061767578 73.249870300293 73.9981994628906 73.0641174316406 72.2366027832031 70.8054962158203 70.3325653076172 70.4506759643555 70.4976196289062 70.0260772705078 69.9616622924805 70.0510177612305 70.43310546875 70.5308303833008 70.6452407836914 70.9859466552734 71.0481567382812 70.8099746704102 70.1164932250977 70.218505859375 70.3966979980469 70.5182495117188
70.640022277832 72.5483322143555 73.5868301391602 74.8874282836914 75.3575897216797 75.4156494140625 75.7497253417969 75.7480010986328 75.7456817626953 75.9279556274414 76.0719528198242 75.1903915405273 75.675651550293 76.3093414306641 76.197151184082 75.9815902709961 76.3358688354492 76.0553131103516 75.6957321166992 75.8736724853516 76.0680236816406 75.6456756591797 74.3656997680664 72.9769134521484 71.0197448730469 71.3579330444336 71.1853866577148 71.0068435668945 71.3510360717773 71.8676452636719 71.7869186401367 71.4790573120117 70.1848602294922 70.8814010620117 70.934700012207 70.9093933105469 70.404670715332 70.0193557739258 70.1717071533203 70.4588928222656 70.7783660888672 70.6956787109375 71.0818023681641 71.1014938354492 70.7748565673828 70.1833724975586 70.3873977661133 70.6647567749023 70.5057220458984
68.5834121704102 68.5460968017578 70.0445022583008 74.1269302368164 75.1562347412109 75.4727172851562 76.0194244384766 75.8446502685547 75.2030868530273 75.4742660522461 76.4750900268555 75.5881118774414 75.4809951782227 76.3290252685547 76.0760498046875 75.7465896606445 75.8413848876953 75.525146484375 74.9581146240234 74.9766693115234 75.5029754638672 75.700080871582 74.8112106323242 73.4102783203125 71.4661636352539 71.1567764282227 71.5659408569336 71.3156204223633 70.7703247070312 70.7326431274414 70.5892639160156 70.8690338134766 70.2413864135742 71.1768569946289 71.4561614990234 70.9328536987305 70.7393646240234 70.2434616088867 70.5871505737305 70.9067077636719 71.1072311401367 70.9426727294922 71.2714996337891 70.9854049682617 70.6443786621094 70.0645446777344 70.634635925293 70.8815383911133 70.5739364624023
68.0686721801758 68.0749969482422 69.0464019775391 72.8199081420898 74.6655349731445 75.6398391723633 76.0547714233398 76.2160873413086 75.8775253295898 76.0549087524414 76.4051742553711 75.6168594360352 75.3798065185547 76.2774124145508 76.1002197265625 75.7318496704102 75.0618667602539 74.0476531982422 72.7040786743164 73.0176773071289 75.4000091552734 75.4526214599609 75.267951965332 73.9707489013672 71.5003509521484 70.9722366333008 71.6519165039062 72.0496292114258 71.3369674682617 71.0857009887695 70.7849884033203 70.8322067260742 70.8267440795898 71.4048690795898 71.6357803344727 71.0600662231445 70.7087097167969 70.2392501831055 70.84423828125 71.5357360839844 71.3488922119141 71.2583160400391 71.2101745605469 71.0324478149414 70.8456115722656 70.0049667358398 70.6264877319336 70.7195739746094 70.8760986328125
66.6629943847656 68.6316528320312 70.3625183105469 72.508056640625 74.4091644287109 75.5169372558594 76.2066879272461 76.7851943969727 76.6427230834961 76.4960327148438 76.2455139160156 75.345947265625 74.7079162597656 75.2839202880859 75.5444488525391 74.7796020507812 73.3686828613281 71.4013214111328 69.203010559082 71.703987121582 75.5193023681641 75.4092330932617 74.9852752685547 74.7256164550781 71.8078460693359 71.1515121459961 71.8715209960938 72.3610458374023 72.046760559082 71.893684387207 71.4003219604492 71.2852554321289 71.5959548950195 71.4923400878906 71.600456237793 71.4818344116211 70.7232437133789 70.3712768554688 71.1223526000977 71.495735168457 71.2313842773438 71.4713668823242 70.8626327514648 70.915657043457 71.0879974365234 70.1617736816406 70.4112319946289 70.4176559448242 70.7561721801758
66.3052825927734 64.5679092407227 65.8102264404297 67.8954010009766 71.2809829711914 74.2539520263672 76.0473251342773 75.7643127441406 75.4917221069336 75.2914276123047 75.8855819702148 74.545280456543 72.8834609985352 72.0774841308594 70.3073577880859 69.5309143066406 69.042350769043 67.3464736938477 66.1437072753906 67.359260559082 70.0524673461914 73.6478271484375 74.7578582763672 72.4990234375 71.6173629760742 71.834228515625 71.997802734375 72.0846710205078 72.2453079223633 72.4312286376953 71.7468109130859 71.7800216674805 71.8947830200195 72.0362091064453 71.8213729858398 71.4414825439453 71.6230010986328 71.4374923706055 71.1497192382812 71.2702102661133 71.4095611572266 71.390625 71.0868759155273 71.1929397583008 70.9721984863281 70.4749450683594 70.6418991088867 70.5306777954102 70.5272903442383
71.832160949707 69.3610153198242 68.1760559082031 66.6977767944336 70.3015213012695 73.2798004150391 73.5268783569336 73.599723815918 74.2821426391602 74.8183670043945 75.7989349365234 74.0628814697266 72.1621856689453 70.1397323608398 70.7848510742188 72.190788269043 72.0545959472656 70.1597747802734 68.1093978881836 68.3271408081055 70.9962692260742 74.0063095092773 75.1271057128906 73.2829437255859 72.2493743896484 71.9235610961914 72.4408645629883 72.4714813232422 72.2832336425781 72.5171737670898 71.8632278442383 71.6573028564453 71.5642547607422 71.7822113037109 71.7600173950195 71.723014831543 71.7853927612305 71.5796051025391 71.3327560424805 71.3653564453125 71.4121932983398 71.3624954223633 71.1225662231445 71.0274963378906 70.9169540405273 70.4544830322266 70.5291442871094 70.735466003418 70.6034698486328
76.9031372070312 75.6906356811523 74.0032653808594 71.6344375610352 73.7841720581055 74.900520324707 73.2075653076172 71.3378753662109 71.7914428710938 72.3311614990234 74.0549850463867 73.5174026489258 71.3647079467773 70.2668762207031 72.9688034057617 74.7009353637695 74.1603393554688 72.2788467407227 71.1494293212891 71.2501220703125 74.6200714111328 75.1277923583984 75.4475479125977 73.7631301879883 71.9610061645508 71.9340972900391 72.4557189941406 72.6180725097656 72.1978378295898 72.2280960083008 71.6848907470703 71.3980484008789 71.4913864135742 71.582160949707 71.690055847168 71.9003829956055 71.7954635620117 71.4779434204102 71.6511840820312 71.4905700683594 71.3113021850586 71.0969085693359 71.1397094726562 70.8636703491211 70.8583602905273 70.5434265136719 70.6322479248047 70.8898315429688 70.6980514526367
76.8031158447266 77.0705032348633 77.3246002197266 76.9018936157227 76.8814239501953 76.5781860351562 75.6915435791016 73.9265594482422 73.6184310913086 73.1297912597656 72.9565353393555 73.9536666870117 72.6186752319336 72.458137512207 74.4923706054688 75.1855697631836 74.4718322753906 74.3533172607422 73.6799468994141 73.4343414306641 75.3691253662109 75.6055603027344 75.5677108764648 73.836311340332 71.5306091308594 72.0793914794922 72.4500198364258 72.9037780761719 72.4965438842773 72.3239364624023 71.790283203125 71.5370025634766 71.7654342651367 71.7384719848633 71.9090805053711 71.82275390625 71.607421875 71.5216598510742 71.5238189697266 71.3452835083008 71.4515533447266 71.1838455200195 71.2322006225586 71.0244293212891 70.9825134277344 70.6301116943359 70.6673583984375 70.8616714477539 70.8093643188477
76.1421279907227 76.4055557250977 76.9605941772461 76.7162704467773 76.1116104125977 75.6175079345703 75.7632446289062 76.0494689941406 76.1971588134766 75.6098785400391 74.4180526733398 75.6770629882812 74.8724212646484 74.3736724853516 74.5780487060547 73.9944534301758 74.1359024047852 74.9146499633789 74.5593948364258 74.3843612670898 75.0180206298828 75.1849060058594 75.5090484619141 73.8450775146484 71.7230987548828 72.0726089477539 72.5787353515625 73.0400390625 72.5905914306641 72.3288497924805 72.0745315551758 72.1890335083008 72.025505065918 71.8537139892578 71.8639984130859 71.7114105224609 71.4952239990234 71.5703048706055 71.4451065063477 71.4378967285156 71.6307601928711 71.330451965332 71.2707366943359 71.2018432617188 71.277961730957 70.7013092041016 70.8090744018555 70.8036499023438 70.7883605957031
76.3257904052734 76.2791213989258 76.2671661376953 75.8668670654297 75.1625137329102 74.7190017700195 74.5719833374023 74.6387023925781 74.6419677734375 74.5170364379883 74.566276550293 75.7600555419922 74.6309356689453 74.4154205322266 73.7456970214844 72.8752365112305 73.3181076049805 73.8828201293945 74.0844116210938 73.8520355224609 74.2935180664062 74.4776000976562 74.5063400268555 72.994987487793 71.8563842773438 72.1887741088867 72.6520538330078 72.6760711669922 72.5120697021484 72.2585372924805 72.0174942016602 72.365234375 72.1029357910156 71.7970581054688 71.6553726196289 71.8598480224609 71.7966690063477 71.5974273681641 71.4628448486328 71.7374572753906 71.6042785644531 71.2938537597656 71.3638229370117 71.1367111206055 71.1152648925781 70.842155456543 70.8816452026367 70.8865966796875 70.9321441650391
76.2050399780273 75.7803192138672 75.4698638916016 75.3028030395508 74.8332214355469 74.730110168457 74.4198303222656 74.2463684082031 74.1933212280273 74.1274337768555 73.9893646240234 74.3855743408203 73.6105422973633 73.5203399658203 73.330451965332 72.7687759399414 72.6567535400391 72.8668060302734 73.1561813354492 72.9762573242188 73.4813003540039 73.7450790405273 72.8689804077148 72.1184310913086 72.2072830200195 72.452995300293 72.7926864624023 72.5467834472656 72.5864944458008 72.370475769043 72.0023193359375 72.224967956543 72.2555160522461 71.8492660522461 71.9121322631836 71.9673614501953 71.8066940307617 71.7011032104492 71.3543090820312 71.3355178833008 71.5739669799805 71.339714050293 71.243293762207 71.0183944702148 70.6994857788086 70.7221908569336 70.8199310302734 70.8052825927734 71.1250991821289
75.9509582519531 75.3894348144531 75.322135925293 75.1136703491211 74.8025970458984 74.6676330566406 74.5489807128906 74.5139923095703 74.5526657104492 74.6907501220703 74.4294662475586 73.7858657836914 73.5993194580078 73.5174102783203 73.3308792114258 72.9429168701172 72.6808776855469 72.2906341552734 72.3114624023438 72.4886169433594 72.6956176757812 72.8246002197266 72.1194000244141 71.7615051269531 72.23681640625 72.5197372436523 72.9668579101562 72.6751251220703 72.5205535888672 72.3823623657227 72.2461776733398 72.4221725463867 72.2870941162109 72.0587615966797 72.099739074707 71.8615264892578 71.6501998901367 71.6554260253906 71.6242218017578 71.2863311767578 71.4579620361328 71.1001434326172 71.1021957397461 70.9917221069336 70.7491683959961 70.7527236938477 70.6853637695312 70.9595947265625 71.0283737182617
76.1835098266602 75.5985107421875 75.3297576904297 75.0673522949219 74.8385925292969 74.8925323486328 74.9985809326172 74.8323211669922 74.7718353271484 74.8031539916992 74.8355331420898 74.2917251586914 73.8661499023438 73.7432556152344 73.4871292114258 73.1482620239258 72.8365859985352 72.4941253662109 72.5599899291992 72.7620697021484 72.4509353637695 72.0812377929688 72.1994400024414 71.8911972045898 72.3120422363281 72.5937957763672 72.966064453125 72.793815612793 72.6703796386719 72.5426406860352 72.4619827270508 72.4256820678711 72.2644577026367 72.0523147583008 72.0011367797852 71.8238143920898 71.6189804077148 71.701530456543 71.5249252319336 71.3737106323242 71.4004745483398 70.9275436401367 71.1874847412109 71.1972961425781 70.7887649536133 70.7024459838867 70.5972213745117 71.0838623046875 70.8911743164062
76.4875335693359 76.1209487915039 75.8904190063477 75.4701538085938 75.0577392578125 75.4978332519531 75.8176116943359 75.4197540283203 75.2500991821289 75.1838912963867 75.0501480102539 74.2019119262695 73.7294464111328 73.550537109375 73.5416946411133 73.4412078857422 72.9781341552734 72.6485137939453 72.8488998413086 72.9380645751953 72.8870010375977 72.319465637207 72.2849349975586 72.1530609130859 72.4809722900391 72.7888336181641 72.7282638549805 72.6306686401367 72.8003921508789 72.8411254882812 72.3019790649414 71.9075393676758 72.165412902832 71.7489318847656 71.9186019897461 71.9207305908203 71.8080062866211 71.6794891357422 71.1808319091797 71.2212600708008 71.4353866577148 71.0717239379883 71.3855361938477 71.3518676757812 70.9000473022461 70.6611328125 70.4968109130859 70.8489227294922 70.817985534668
76.603141784668 76.4747848510742 76.4188766479492 76.1431121826172 75.4553451538086 75.6855010986328 75.9582138061523 75.6854095458984 75.4171371459961 75.3878173828125 74.7116546630859 73.5897445678711 73.2169189453125 73.2041549682617 73.3782653808594 73.452018737793 73.0079345703125 72.5392303466797 72.5343170166016 72.7382125854492 72.8026123046875 72.6256256103516 72.3043060302734 72.2484130859375 72.5110855102539 72.780029296875 72.5300140380859 72.4750595092773 72.716423034668 72.9669189453125 72.0915298461914 71.4887161254883 72.097038269043 71.7909774780273 71.9085235595703 71.9282989501953 71.8941345214844 71.5724563598633 71.3505325317383 71.2949905395508 71.3444290161133 71.1783599853516 71.3341369628906 71.1954803466797 71.0069580078125 70.647819519043 70.2915115356445 70.6705780029297 70.7716293334961
76.4832992553711 76.2816696166992 75.9404602050781 75.8754348754883 75.6686096191406 75.9102630615234 75.7944717407227 75.7648849487305 75.4406661987305 75.1296691894531 74.7125854492188 73.7998199462891 73.3817367553711 73.2099761962891 73.1931686401367 73.1518020629883 73.0199584960938 72.7661972045898 72.491813659668 72.5076675415039 72.3907241821289 72.4810943603516 72.4226379394531 72.4298477172852 72.4457855224609 72.4402542114258 72.5100708007812 72.5462646484375 72.6657333374023 72.823860168457 72.2787780761719 71.5414123535156 72.075325012207 71.912109375 71.9098129272461 71.8693008422852 71.7191925048828 71.5329208374023 71.5893936157227 71.2779159545898 71.2369995117188 71.1791610717773 71.191162109375 71.1778564453125 70.7895431518555 70.6577072143555 70.4169158935547 70.4755630493164 70.6539916992188
75.9397583007812 76.02294921875 75.7655715942383 75.5480728149414 75.7272033691406 75.5098190307617 75.8599090576172 76.1824340820312 75.7240753173828 75.2069625854492 75.1839065551758 74.4847412109375 74.4278259277344 74.2755355834961 73.8728790283203 73.8134613037109 73.6979370117188 73.4819564819336 72.9097442626953 72.7342987060547 72.9701995849609 72.721305847168 72.5851211547852 72.9135971069336 72.8835067749023 72.8112258911133 72.909538269043 72.6586761474609 72.4369735717773 72.6053161621094 72.6413421630859 72.1775360107422 72.1513900756836 71.899772644043 71.8449783325195 71.6769485473633 71.6857299804688 71.571533203125 71.4884948730469 71.4061813354492 71.5062255859375 71.406852722168 71.1776123046875 70.9718475341797 70.504264831543 70.7070846557617 70.6947402954102 70.5672378540039 70.1712875366211
76.2676315307617 76.4705200195312 76.4606781005859 76.1885375976562 75.9047317504883 75.56494140625 75.8269271850586 76.0597381591797 75.6601791381836 75.1559600830078 75.076774597168 74.3326187133789 74.3634948730469 74.1721572875977 73.954231262207 73.7130813598633 73.6796493530273 73.6642913818359 73.2843475341797 73.177864074707 73.0242004394531 72.8659057617188 72.7171478271484 72.91015625 73.0322799682617 73.0005722045898 73.0410537719727 72.5132293701172 72.3814010620117 72.7872924804688 72.7118148803711 72.1150054931641 72.0857391357422 71.9639663696289 71.8365707397461 71.4774475097656 71.6736755371094 71.6605758666992 71.5997695922852 71.6321258544922 71.1792984008789 71.2119674682617 71.2598419189453 71.1506729125977 70.8679580688477 70.8591384887695 70.7629165649414 70.4943771362305 70.2130279541016
76.4613723754883 76.5010147094727 76.4086990356445 76.4702606201172 76.4117660522461 76.068977355957 75.8672256469727 75.8910064697266 75.5320892333984 75.1967163085938 75.0139465332031 74.2557754516602 74.0390396118164 74.0821380615234 74.1758041381836 73.8744735717773 73.8727722167969 73.8162994384766 73.7625274658203 73.5301132202148 72.952018737793 72.7952499389648 73.1090927124023 72.9715423583984 72.8022613525391 73.0124893188477 72.9434432983398 72.553955078125 72.3328552246094 72.7126312255859 72.4979476928711 72.3050765991211 72.2804489135742 71.9272155761719 71.7567443847656 71.8221282958984 71.8427124023438 71.5585632324219 71.5822525024414 71.4248199462891 71.2533111572266 71.291015625 71.2338485717773 71.344612121582 71.2664413452148 70.6089019775391 70.7722778320312 70.5113296508789 70.3180160522461
76.5294036865234 76.487190246582 76.242546081543 76.3511581420898 76.5551681518555 76.1210021972656 75.8902740478516 75.9204559326172 75.6342163085938 75.4980087280273 75.2340545654297 74.2198333740234 73.7738952636719 73.6900024414062 74.1564559936523 74.1298522949219 73.7605972290039 73.7473754882812 73.9656372070312 73.525032043457 73.0441970825195 73.2062072753906 73.1406478881836 72.8315734863281 72.5565338134766 72.867431640625 72.8519744873047 72.6866989135742 72.395866394043 72.5468368530273 72.6252822875977 72.4214248657227 72.375129699707 -3.4e+38 71.8328552246094 71.9631195068359 71.700798034668 -3.4e+38 71.6131439208984 71.3776168823242 71.39013671875 71.3145599365234 71.1965484619141 71.30029296875 71.2604598999023 70.4633636474609 70.9286117553711 70.6316986083984 70.515510559082
