rcp8.5models/MPI_ESM_LR/sc1gr0.32
NCOLS 261 
NROWS 433 
XLLCORNER 336357.134 
YLLCORNER 654653.479 
CELLSIZE 1000 
NODATA_value -3.4e+38 
[rows 242 to 263 of 433, columns 147 to 195 of 261]
81.2267684936523 81.9063262939453 82.7172012329102 82.4772720336914 81.2003784179688 80.3900985717773 80.0287628173828 79.7811889648438 79.4572296142578 79.1831893920898 78.882926940918 78.6531219482422 78.5392913818359 78.3710632324219 78.0477676391602 77.8367004394531 77.7807083129883 77.7230758666992 77.5500717163086 77.4996719360352 77.3763198852539 77.2745132446289 76.6812515258789 76.5954360961914 76.5437622070312 76.4038009643555 76.4905395507812 76.3383865356445 76.219596862793 76.1640472412109 75.9842987060547 75.7166366577148 75.4448776245117 75.0180358886719 74.7201156616211 74.5920944213867 74.5608062744141 74.4721908569336 -3.4e+38 -3.4e+38 73.7245864868164 73.3196487426758 73.1789932250977 73.1223983764648 73.0135803222656 72.5251770019531 72.6117858886719 72.4979095458984 72.3689270019531
81.4908447265625 82.0077743530273 82.6759796142578 82.0039978027344 80.9185943603516 80.3985214233398 80.1233596801758 79.7947387695312 79.6148986816406 79.4145584106445 79.1132965087891 78.8067474365234 78.5886993408203 78.3576049804688 78.1904067993164 78.1493911743164 77.9843826293945 77.8164825439453 77.7063827514648 77.7700271606445 77.5715408325195 77.447509765625 77.1144409179688 76.9902420043945 76.7757263183594 76.7109909057617 76.7250061035156 76.6044235229492 76.4966812133789 76.4599304199219 76.2286376953125 75.97998046875 75.829704284668 75.227409362793 75.0650939941406 75.1137313842773 74.9321594238281 74.694221496582 74.3998870849609 -3.4e+38 -3.4e+38 73.7911224365234 73.5838851928711 73.4056777954102 73.4237518310547 74.0394592285156 73.7649765014648 73.078369140625 72.7376556396484
81.6099472045898 82.2484512329102 82.8336029052734 81.9084396362305 80.9873352050781 80.3887023925781 80.0921783447266 79.7653274536133 79.611328125 79.4817962646484 79.1672286987305 78.8415069580078 78.6541595458984 78.4530944824219 -3.4e+38 78.1591720581055 78.0135726928711 77.8883590698242 77.8100128173828 77.8100051879883 77.6132049560547 77.5508728027344 77.2167053222656 77.1264877319336 77.020866394043 76.8453369140625 76.895622253418 76.9016952514648 77.0130157470703 76.8696441650391 76.5761337280273 76.1908264160156 75.8790588378906 75.4262313842773 75.2339706420898 75.2456817626953 74.981086730957 -3.4e+38 -3.4e+38 -3.4e+38 -3.4e+38 73.9512557983398 73.819580078125 73.6147689819336 73.5515289306641 73.3229217529297 73.293212890625 73.071907043457 72.683723449707
81.8662338256836 82.6798553466797 83.1512832641602 81.9340896606445 81.0654907226562 80.480224609375 80.2226028442383 79.9097061157227 79.5921096801758 79.4132766723633 79.1719284057617 78.7794418334961 78.6459274291992 78.5152282714844 -3.4e+38 78.2001647949219 78.1078262329102 77.9330749511719 77.8355560302734 77.8313217163086 77.6752471923828 77.5746383666992 77.3161392211914 77.3637619018555 77.2867279052734 77.0409927368164 77.0367050170898 77.4214248657227 78.1835250854492 77.7193374633789 76.9920806884766 76.4535293579102 76.0977096557617 75.6533279418945 75.4993209838867 75.3435516357422 75.0117721557617 -3.4e+38 -3.4e+38 -3.4e+38 74.2426071166992 74.1609268188477 74.1379241943359 74.0272827148438 73.9227981567383 73.3465805053711 73.1716003417969 73.039665222168 72.7740020751953
81.9839477539062 82.7040023803711 83.5681533813477 82.559700012207 81.1310653686523 80.5323867797852 80.3781433105469 80.0795135498047 79.7402267456055 79.3933563232422 79.2330093383789 78.7981491088867 78.633186340332 78.5858001708984 78.3836059570312 78.220588684082 78.1127243041992 78.0233535766602 77.8743133544922 77.8006210327148 77.7630081176758 77.6466979980469 77.4028701782227 77.4320602416992 77.2327728271484 77.127685546875 77.1793975830078 77.6247253417969 78.2532196044922 78.1238632202148 77.2623672485352 76.5200042724609 76.2757415771484 75.6710205078125 75.5800170898438 75.4061126708984 75.117317199707 -3.4e+38 -3.4e+38 -3.4e+38 -3.4e+38 74.2596817016602 74.7625579833984 75.2512664794922 74.0003356933594 73.4825820922852 73.1739044189453 72.9201126098633 72.7124557495117
81.9763107299805 82.5205535888672 83.1809158325195 82.1671295166016 81.0215301513672 80.53955078125 80.3149261474609 80.102912902832 79.8484725952148 -3.4e+38 79.3204879760742 78.976318359375 78.7290725708008 78.5437774658203 78.4848403930664 78.3978729248047 78.2175979614258 78.1372299194336 77.9152755737305 77.7395553588867 77.6863250732422 77.6349105834961 77.4024505615234 77.4249572753906 77.2247695922852 77.2422714233398 77.4682769775391 77.5027389526367 77.4345092773438 77.5407028198242 77.0858612060547 76.5858535766602 76.2913513183594 75.5837326049805 75.5565490722656 75.4342803955078 75.2414627075195 75.1569061279297 -3.4e+38 -3.4e+38 -3.4e+38 -3.4e+38 74.6520919799805 75.0812911987305 73.8413391113281 73.6072845458984 73.2467651367188 72.8433609008789 72.5626068115234
82.037239074707 82.3536529541016 82.4543914794922 81.5126800537109 80.8545455932617 80.5992126464844 80.2595596313477 80.083625793457 79.9252395629883 79.7362747192383 79.4517364501953 79.2566986083984 78.9120254516602 78.6413421630859 78.6442184448242 78.5186309814453 78.344482421875 78.2108764648438 77.979621887207 77.9641571044922 77.7951049804688 77.671875 77.3826675415039 77.4263153076172 77.376823425293 77.3297729492188 77.4370422363281 77.4070434570312 77.2750701904297 77.2095108032227 77.1223373413086 76.8788757324219 76.4291687011719 75.7222290039062 75.578498840332 -3.4e+38 75.3012619018555 -3.4e+38 -3.4e+38 -3.4e+38 74.6143493652344 74.405403137207 74.2452011108398 74.1804580688477 73.8743591308594 73.4722366333008 73.291259765625 73.0085983276367 72.6122055053711
82.1539001464844 82.563591003418 82.9961853027344 82.2438812255859 80.9318084716797 80.7320709228516 80.3601303100586 80.186897277832 80.0686416625977 79.7778930664062 79.5930786132812 79.232307434082 79.0395584106445 78.8655853271484 78.7112579345703 78.6117095947266 78.5054779052734 78.315071105957 78.0478820800781 78.0921173095703 77.9343414306641 77.8012847900391 77.5765533447266 77.5930404663086 77.4976425170898 -3.4e+38 -3.4e+38 77.3460464477539 77.2898635864258 77.4261322021484 77.4009780883789 76.9474105834961 76.5201416015625 76.0235366821289 75.6982345581055 75.5044174194336 -3.4e+38 -3.4e+38 -3.4e+38 74.8906097412109 74.7859420776367 74.637939453125 74.5202865600586 74.2603454589844 73.9220886230469 73.4087982177734 73.3498840332031 73.1758346557617 72.7331924438477
82.3703842163086 82.6792068481445 83.5511627197266 83.246467590332 81.0015029907227 80.8276901245117 80.5795440673828 80.4178619384766 80.2851791381836 79.8864059448242 79.6497955322266 79.2367782592773 79.1253662109375 -3.4e+38 -3.4e+38 78.78076171875 78.7469100952148 78.5026931762695 78.098991394043 78.0733184814453 78.0970993041992 77.9589996337891 77.7244338989258 77.7400207519531 77.6841201782227 77.3794250488281 -3.4e+38 -3.4e+38 77.3250350952148 77.5016403198242 77.3982543945312 77.033935546875 76.9460754394531 76.0681381225586 75.7359619140625 75.6478042602539 -3.4e+38 -3.4e+38 -3.4e+38 75.1341018676758 75.0005035400391 74.9893188476562 74.9946365356445 74.6189041137695 73.9375381469727 73.4501419067383 73.3059997558594 73.2856597900391 73.1184616088867
82.3876647949219 82.3503341674805 83.1558837890625 83.3268737792969 81.0058898925781 80.7879333496094 80.6532363891602 80.5812835693359 80.4355545043945 80.0395812988281 79.8301467895508 79.3744277954102 79.1712265014648 -3.4e+38 78.8499526977539 78.8657608032227 78.8404541015625 78.6415634155273 78.2731704711914 78.2203369140625 78.2050399780273 78.1446533203125 77.8041458129883 77.8046188354492 77.852424621582 77.648796081543 77.697380065918 77.8119049072266 77.518669128418 77.4131469726562 77.3357467651367 77.2230834960938 77.0769729614258 76.0554428100586 75.806022644043 75.6873474121094 75.5781402587891 -3.4e+38 -3.4e+38 75.1310958862305 75.1844940185547 74.9718856811523 74.9811172485352 74.8100433349609 74.1676788330078 73.5969619750977 73.2624588012695 73.2506256103516 73.2980346679688
82.3609619140625 82.4768218994141 83.2231903076172 83.4735870361328 81.7728042602539 80.9876327514648 80.6962280273438 80.5260467529297 80.3211975097656 80.0979309082031 79.9052886962891 79.3478698730469 79.2476196289062 -3.4e+38 78.9644393920898 78.8989486694336 78.7892913818359 78.7298889160156 78.5150146484375 78.3909149169922 78.2847290039062 78.2119369506836 78.0204544067383 77.9480590820312 78.0399322509766 77.9885711669922 78.603401184082 78.9656829833984 77.8324661254883 77.5829315185547 77.4431304931641 77.0861434936523 76.7841262817383 76.1819915771484 75.9916076660156 75.8000411987305 75.6183547973633 75.4517822265625 75.3169403076172 -3.4e+38 75.0649032592773 74.8802032470703 75.028450012207 75.0109329223633 74.5324630737305 73.8662185668945 73.3569488525391 73.1539611816406 73.1859664916992
82.6950302124023 82.627571105957 83.4419555664062 84.0863571166992 82.3862838745117 81.3926162719727 80.9966583251953 80.4359664916992 80.2363815307617 80.2619018554688 80.0799331665039 79.4302597045898 79.3049545288086 -3.4e+38 79.0675430297852 78.9461517333984 78.8120727539062 78.7429046630859 78.6383743286133 78.5201721191406 78.3980941772461 78.2213973999023 78.1733703613281 78.0630874633789 78.2210540771484 78.3666229248047 79.1077194213867 79.5461349487305 77.9358444213867 77.7582931518555 77.6016693115234 77.1797943115234 76.8837127685547 76.3275299072266 76.2235870361328 75.9668426513672 75.7922058105469 75.5918121337891 75.4448699951172 -3.4e+38 75.0320434570312 74.9335479736328 75.2245025634766 75.2816619873047 74.6863555908203 74.0325164794922 73.5635375976562 73.1814804077148 73.1186752319336
82.8032455444336 82.5549545288086 83.0018844604492 83.5011444091797 82.0908966064453 81.2754364013672 80.9673309326172 80.4730606079102 80.2383728027344 80.2231979370117 80.0886383056641 79.6285934448242 79.4120025634766 -3.4e+38 79.1977005004883 79.1673126220703 78.9453125 78.7372131347656 78.7160568237305 78.6221923828125 78.4872512817383 78.3844909667969 78.2902069091797 78.3001708984375 78.3049163818359 78.4742965698242 78.6179656982422 78.7319107055664 77.9592056274414 78.0260391235352 78.036750793457 77.6924514770508 77.1131134033203 76.4966812133789 76.4061660766602 76.0116653442383 75.8726119995117 75.7139205932617 75.5288848876953 -3.4e+38 75.2730712890625 75.166130065918 75.1487197875977 75.0395202636719 74.7326889038086 74.1341781616211 73.7132949829102 73.3904266357422 73.110107421875
83.9061965942383 83.4789047241211 83.7202606201172 83.8457412719727 82.0470886230469 81.0928497314453 80.7931900024414 80.6512451171875 80.4107894897461 80.2817459106445 79.9597244262695 79.5668792724609 79.4749298095703 79.3669815063477 79.2439727783203 79.1282424926758 78.968147277832 78.974006652832 79.0292434692383 78.6205368041992 78.3966751098633 78.453369140625 78.4786224365234 78.3951797485352 78.3493957519531 78.3737411499023 77.965705871582 78.0312728881836 78.1367111206055 78.1065368652344 78.1303634643555 77.8061599731445 77.2942352294922 76.7104263305664 76.718017578125 76.5008926391602 76.3121795654297 76.1468811035156 75.8255310058594 75.4277114868164 75.3820419311523 75.3653106689453 75.0129089355469 74.8423080444336 74.7728729248047 74.1475219726562 73.9059982299805 73.6014404296875 73.2636260986328
84.2581100463867 83.7382049560547 84.0926055908203 84.4447326660156 82.587776184082 81.2281723022461 80.9446182250977 80.8523406982422 80.6923980712891 80.5419387817383 80.1488037109375 79.7141342163086 79.5781097412109 -3.4e+38 79.2256469726562 79.1597518920898 79.0253753662109 78.9945526123047 79.1259002685547 78.7667465209961 78.4624099731445 78.4787445068359 78.4827499389648 -3.4e+38 -3.4e+38 78.1143646240234 -3.4e+38 78.008903503418 78.1235504150391 78.2672119140625 78.6122360229492 78.0896072387695 77.4843444824219 76.7931823730469 76.808708190918 76.6453018188477 76.3850631713867 76.1363677978516 75.7607269287109 75.6261138916016 75.5686569213867 75.4140701293945 74.9638442993164 74.761589050293 74.6751174926758 74.1992492675781 73.8169860839844 73.5282363891602 73.2792053222656
84.6394577026367 84.294189453125 84.1720809936523 84.2689971923828 82.6103591918945 81.4414978027344 81.4613952636719 81.1821823120117 80.7291564941406 80.4846343994141 80.2728805541992 79.7682037353516 79.6656265258789 -3.4e+38 79.3884201049805 79.326286315918 79.0616455078125 78.9679107666016 79.114631652832 78.9676818847656 78.6948623657227 78.6096038818359 78.5041580200195 -3.4e+38 -3.4e+38 -3.4e+38 78.2500991821289 -3.4e+38 78.2784194946289 78.8201599121094 79.2763519287109 78.099967956543 77.5327224731445 77.1290969848633 76.9247894287109 76.6904067993164 76.3863067626953 76.1919403076172 75.8088455200195 75.7531585693359 75.8031463623047 75.6537170410156 75.2113418579102 74.841194152832 74.5573959350586 74.2006988525391 73.7959136962891 73.5598373413086 73.4335174560547
85.2400283813477 84.5836944580078 84.2560119628906 84.2722549438477 83.0204544067383 82.2555236816406 82.8311538696289 82.0710144042969 80.699348449707 80.5437164306641 80.3658218383789 79.7927780151367 79.6393661499023 79.5926666259766 79.4986724853516 79.4620056152344 79.3254241943359 79.2003402709961 79.2843017578125 79.1517562866211 78.8755874633789 78.7123718261719 78.5946426391602 -3.4e+38 78.479866027832 78.5230178833008 78.6670608520508 78.703483581543 78.573616027832 79.3130187988281 80.0180206298828 77.8134689331055 77.578010559082 77.2719879150391 77.0297546386719 76.770393371582 76.5431671142578 76.3678970336914 75.93017578125 75.8984603881836 75.9072418212891 75.7766418457031 75.4839477539062 74.9803466796875 74.6171264648438 74.1945571899414 73.9687347412109 73.7568969726562 73.6173858642578
85.9589538574219 85.0606079101562 84.7141418457031 84.6760101318359 83.8373489379883 83.023193359375 83.2788314819336 82.5649795532227 80.7010192871094 80.5503082275391 80.4072113037109 79.8518600463867 79.6066055297852 79.6264419555664 79.4914245605469 79.4832153320312 79.4853439331055 79.3817367553711 79.3142395019531 79.179573059082 78.9661636352539 78.8017044067383 78.7415008544922 78.6716156005859 78.6755905151367 78.9089126586914 79.4351196289062 80.567268371582 81.190788269043 80.3908386230469 79.4099960327148 78.0388488769531 77.7848968505859 77.3123474121094 77.1635055541992 76.8112030029297 76.5291290283203 76.2994155883789 76.0386810302734 76.1035003662109 76.0167846679688 75.659065246582 75.3819122314453 74.9267044067383 74.5483703613281 74.3065032958984 74.2193832397461 73.8712158203125 73.7345123291016
87.0760269165039 86.1423034667969 85.3161315917969 84.7420654296875 84.0020370483398 83.1470031738281 82.5585403442383 82.3934707641602 80.667350769043 80.451774597168 80.4174652099609 79.9595794677734 79.7277984619141 79.6895370483398 79.4974899291992 79.5440444946289 79.6268997192383 79.4000930786133 79.3364944458008 79.3491973876953 79.1423721313477 78.8624954223633 -3.4e+38 -3.4e+38 -3.4e+38 79.3922424316406 80.8164901733398 82.532341003418 82.4044494628906 79.9425582885742 78.6060180664062 78.3737716674805 78.1121139526367 77.4275207519531 77.1478652954102 76.750129699707 76.4685440063477 76.4127578735352 76.196044921875 76.1925659179688 76.2348709106445 75.8695526123047 75.3738861083984 74.9696197509766 74.6527557373047 74.5452117919922 74.4410095214844 74.1269073486328 74.0380630493164
87.8001251220703 86.6934509277344 84.9496078491211 83.6115341186523 83.000114440918 82.641975402832 82.3151702880859 82.1571731567383 80.7898864746094 80.7185363769531 80.637939453125 80.1454238891602 79.8995361328125 -3.4e+38 79.5616073608398 79.7067947387695 79.9082489013672 79.6406097412109 79.4847412109375 79.3956909179688 79.1664810180664 78.9404144287109 -3.4e+38 -3.4e+38 -3.4e+38 79.4157791137695 80.6688842773438 80.9968490600586 79.9106597900391 78.5928421020508 78.6290054321289 78.4535140991211 78.1349258422852 77.5234985351562 77.11767578125 76.8453979492188 76.6496810913086 76.5496063232422 76.3135757446289 76.2989654541016 76.2490463256836 76.0099105834961 75.5287322998047 75.2134704589844 74.9355926513672 74.8205108642578 74.7916946411133 74.4944229125977 74.2669372558594
87.1265411376953 85.8570404052734 84.0461349487305 83.3074035644531 83.1941299438477 82.6389846801758 82.0862731933594 81.9924621582031 81.687744140625 81.4880065917969 80.7884979248047 80.3180160522461 80.0743026733398 -3.4e+38 79.6930999755859 79.8332061767578 79.9467315673828 79.8285751342773 79.6276092529297 79.4878616333008 79.2243499755859 78.9992904663086 -3.4e+38 -3.4e+38 -3.4e+38 -3.4e+38 79.1982269287109 78.8568725585938 78.4935073852539 78.5269927978516 78.6126174926758 78.5108413696289 78.1653900146484 77.6821365356445 77.3530883789062 77.1315765380859 76.9205093383789 76.6758804321289 76.4698638916016 76.4693298339844 76.1378707885742 76.1028442382812 76.0037612915039 75.5009765625 75.1176910400391 75.064323425293 75.1656341552734 74.7635498046875 74.452392578125
86.3697891235352 84.8015518188477 83.9679565429688 84.5993728637695 84.8956451416016 83.7193222045898 81.9113540649414 81.9996490478516 82.1315689086914 81.4747619628906 80.6361083984375 80.3166275024414 80.0715866088867 79.8178100585938 79.7510375976562 79.8692855834961 79.8867263793945 79.7952423095703 79.6581497192383 79.706413269043 79.4822692871094 79.1640625 -3.4e+38 -3.4e+38 -3.4e+38 78.7737197875977 78.7384719848633 78.7157363891602 78.6494827270508 78.6138534545898 78.6869354248047 78.5933685302734 78.3202133178711 77.6921310424805 77.4999160766602 77.2975463867188 77.0028305053711 76.7562484741211 76.5689392089844 76.6227722167969 76.3370819091797 76.2645492553711 76.1999588012695 75.6257019042969 75.1752395629883 75.1840133666992 75.2680130004883 75.0837478637695 74.7187347412109
