rcp8.5models/MPI_ESM_LR/sc1gr4.7
NCOLS 261 
NROWS 433 
XLLCORNER 336357.134 
YLLCORNER 654653.479 
CELLSIZE 1000 
NODATA_value -9999 
[rows 374 to 395 of 433, columns 150 to 199 of 261]
271.638833165027 271.553542730182 271.666278307407 271.846356497325 271.897974560222 272.150245871171 272.582664138228 -9999 273.474038133617 273.631344460152 273.5950456197 273.50310297874 272.910583696971 272.255010619495 272.555331243774 272.872058685346 272.988328881735 272.541847407297 273.109008003752 273.682546365394 -9999 273.735476012951 273.607272881121 273.155720238038 273.460544412208 274.201168990082 274.444567785758 275.161672496137 275.812878347586 275.717273464289 275.472192927769 276.028567051497 276.679427378622 277.070556838853 276.779686246214 276.233207342079 276.03763795402 275.985492130527 275.972680579865 275.961466473052 -9999 277.039012561133 277.401207966188 277.979605890772 277.895301275016 278.221495053001 278.149632122241 277.935938316249 278.089907082451 278.182822993559
271.452857017213 271.558947487515 271.843072243972 272.118383600942 271.957874943071 272.092479588267 272.368896983168 272.919706757458 -9999 -9999 -9999 273.285247341634 272.805550107249 272.62824383796 272.559496690101 273.015004307206 273.404767996158 273.076781556333 273.367721625863 273.574423419396 273.615115433752 273.562095287459 273.236497711115 273.303338279395 274.024041411917 274.7156800911 274.839043670863 275.407717995374 275.730134234883 275.692925640538 275.438639206271 276.263254782977 276.999433670771 276.941771100622 276.835511626601 276.939490567035 276.659567853176 276.523820356568 276.406848378128 276.271963799447 276.592790153939 277.162233277104 277.674139334551 278.123745695939 -9999 278.549737621592 278.562940311957 278.437894710918 278.636280290977 278.712896591607
271.680174581649 271.784918510989 272.192231742972 272.646839149319 272.370734271564 272.281160049157 272.399398552626 273.002769140326 -9999 273.526283029635 273.381955104119 273.258197804062 272.913970295422 272.685189609161 272.563431945849 272.961366041214 273.680002450229 273.618446995473 273.587683782693 273.99918404758 273.679462864983 273.45132514011 273.299346667802 273.631553463162 274.026475478079 274.77583434321 275.020526292899 275.717595511141 275.670849507715 275.706309989433 275.388212810442 276.136151657857 276.787131169715 276.736595104679 276.812621952654 276.983409268747 276.887594208253 276.795173285792 276.779875559931 276.582471117315 276.777770739405 277.075835183515 277.964198777792 -9999 278.119210747853 278.566575078372 278.822844852194 279.040184695937 279.052336732722 278.940838135062
271.8626627655 272.057089123402 272.253568312539 272.950166026876 272.892496994784 272.457397140475 272.686055862692 273.336844273284 273.842192171175 273.474583091078 273.300920127046 273.293104081345 272.981433286965 272.636960636282 272.730744672547 273.215544469402 273.843162211855 274.149981650815 274.036366240001 274.043462306041 273.78519624748 273.892640627235 273.860056730206 274.13744171866 274.31580565289 274.83536880726 275.057027258797 275.74301034542 275.789090631134 275.718476422915 275.901805235282 276.386543748905 276.837806971174 277.075568087892 276.745142989808 276.859834281679 276.882540643076 276.648466170842 276.714653187952 276.393338754691 -9999 276.908248444184 277.481905993297 277.844602688744 278.018793165391 -9999 278.592271645579 278.756771068573 279.0691002194 279.009168584549
272.081148632975 272.149512308392 272.246180530882 272.857254099715 273.178056424324 272.844392588935 273.01865691358 273.651900123706 273.843767075888 273.480010053394 273.386705995852 273.102839371027 272.868541751109 272.799235661872 273.121694040411 273.424059391224 273.816270056769 274.51636679369 274.253848860719 273.41690396409 273.856695623169 274.421393752787 274.451134867717 274.61832714706 274.624009195566 274.730870685771 274.950541936729 275.684555644977 275.99248654994 276.274398164546 275.965380539402 276.47653612945 277.140048968576 277.78164522659 277.186466472675 276.928596113456 277.333252668553 276.749066646353 276.734698476398 276.41045244501 276.27403798571 276.594261265547 277.109329953917 277.194764152006 277.572713800651 278.002975699452 278.116354429485 278.210084651519 278.785287383575 278.950697775854
272.247904528369 272.148478546326 272.201315784661 272.885949328025 273.27681879565 273.220453150671 273.322645395906 273.746462568511 274.01445436241 273.64878467505 273.446914408796 273.241764435357 273.260133904663 273.252612352064 273.271923140219 273.478821346089 273.983293540754 274.628782347003 274.320110029146 273.356779466387 273.841700775594 274.389062823659 274.691576265346 274.777154668681 274.986842178622 274.91301657689 274.867357875749 275.589542078828 275.817487665163 276.46018330491 276.311615255291 276.372118525212 277.216833519706 277.879416849902 277.810092544092 277.443561229473 277.815530790937 277.239090279819 276.694563698731 276.658130844196 275.980956577504 276.009265235161 276.883100247844 276.490397663903 276.668588234104 277.477065575268 277.65102607697 277.919281219853 278.470681336771 278.816669902154
272.569559722595 272.209276568086 272.289901000455 272.941754388956 -9999 273.630714247433 273.658886022306 273.962566751031 273.966959171623 273.547240552789 273.453245273676 273.581959167785 273.818792602976 273.563920107909 273.134682889782 273.539015641266 274.004100409166 -9999 274.538185674041 273.975795778249 274.100987716532 274.309738445874 274.699265868249 275.275197491725 275.35543512022 274.864121851078 274.902406952982 275.541654402833 275.54233592568 275.957006485676 276.793959255026 276.646882940242 276.967345449391 277.689412866895 277.799789655849 277.747858705323 -9999 -9999 277.188285866237 276.635270309308 275.687649282077 275.571580946399 276.317441386137 276.091856569514 276.221412161671 276.475586818436 276.902870615106 277.795749203723 278.204782125707 278.31084417017
272.926629462077 272.532976827404 272.631395012898 272.842869313147 273.645880174929 274.250395669484 274.162027720322 274.214017393709 273.610582925757 273.385038157781 273.731869803336 273.972534311573 274.079529682449 273.628360242076 273.304048992172 273.489911472628 273.726488087213 274.126550632244 274.513499181282 274.572078262463 274.530322780745 274.544903699249 274.886064587804 275.632891685501 275.242856121848 274.603203555045 275.0292423227 275.024875405917 275.118389859747 275.695896157415 276.23237831846 276.577667659187 276.686534098155 277.103115751028 277.2058899435 -9999 -9999 277.639153754239 277.417417578035 276.780805299672 276.062125362224 275.357942991211 275.622600807873 276.041974388428 276.539021480744 276.482759690923 276.794643068506 277.827501569305 277.851430299418 276.401629376839
273.088673899816 273.072490194809 273.123160411967 273.006890276505 273.503157064883 274.000312087709 274.334171571832 274.188339201519 273.749483967282 -9999 -9999 274.23162098698 274.000288130245 273.544948375248 273.424162237132 273.576255821764 273.947133137778 274.413559659806 274.491503372117 274.691784186206 274.717707485768 274.89209517372 274.946548657237 275.66682854803 275.437993909364 275.179818989218 275.016608190076 274.436968822983 274.592233231899 275.176504009145 275.323895875813 275.999863067663 276.166609248991 276.620767706034 276.955825299548 277.679982746791 -9999 -9999 -9999 277.216693972075 276.832284442811 275.960499760676 275.276817516371 276.559743363952 277.1248200276 276.87561732268 276.804581949148 276.717333289389 276.765849534249 273.274144265986
273.942383995396 273.88097584711 273.816016497138 273.694223049614 273.405815501921 273.39696572149 274.024156379162 274.365667721695 274.091427108595 273.541152634677 -9999 273.944608126395 273.903769080979 273.723594675214 273.32213873692 273.497158853009 274.068863827323 274.661168013184 275.178347257675 274.67534912275 275.37902817656 275.368694795266 275.474069285846 275.71005309432 275.460375099338 275.384909105086 274.920351904999 274.735271782337 274.864964624759 274.746770970274 275.627190905507 275.833788462942 276.204256198331 276.196067388441 276.41375515472 277.308951287059 -9999 -9999 -9999 277.983915017097 277.598817333307 277.137364181622 277.290211469241 277.391629004909 276.858971062993 273.966137553212 275.899906413493 275.929499281391 275.465081119266 276.040369507178
273.940073442183 273.89505374633 274.014813274136 273.928803142223 273.769002396703 273.645818467732 274.078834208563 274.43780835618 274.313943802975 273.789904163098 273.698715500049 273.220801032705 273.268784442429 273.509014432959 273.517001903164 273.997926859774 274.47313135096 274.64296226713 275.201808801998 275.013983390195 275.488524961771 275.690932701405 275.978318303478 275.984051495027 275.412646204039 275.425926554312 275.316648158076 275.126147246998 275.283676938601 275.030999567128 275.816091903214 -9999 276.688746597271 276.585575610856 276.464446162139 277.20883875876 -9999 -9999 278.453601531584 278.692128868024 278.138625317671 277.547535603919 277.645295035866 277.462389482593 276.540959397434 274.362061846784 277.167178608609 276.358839598206 275.641953547611 276.776583497666
273.909456676693 274.063884900711 274.257085333651 274.367623855837 274.059791080247 274.071148930115 274.436734422008 -9999 274.418822063902 274.127855181747 273.810862285965 273.357144829853 273.128151225112 273.259238852813 273.553454439586 273.992414330986 274.283288859826 274.627119741764 275.029888095929 275.485249456905 275.727945341019 276.360981458778 276.560225113763 276.158837515812 275.447869668664 275.40328834515 275.416266913722 275.405377479787 275.382343453327 275.429635707748 275.782496056357 276.268706377988 276.603626560627 -9999 276.969523012003 276.917267359898 277.854511678086 278.241302364594 278.828998968115 278.879238383292 278.743012721787 278.478745836768 278.151264493022 277.484864280529 277.229950969335 276.999903309862 277.599683191442 276.998645878831 276.543833570838 277.594848597917
273.543982470818 273.992399168955 274.390730923805 274.677399809984 274.233569033969 274.301907583367 274.641143772504 274.526143799503 274.117235173308 273.917898833071 273.661409133106 273.482219070254 273.302873920126 273.31876536145 273.448789373611 273.468659832592 273.806992912593 274.527563927643 274.732996053799 275.519293849696 275.784761485391 276.49496118924 276.509189679751 276.3711623365 275.856390424124 275.438879585051 275.512408917124 275.793062461514 275.513170723547 274.93737136811 275.613994370416 276.16163283346 276.633067323658 277.133539202747 277.219799312776 277.051787422217 277.47801030434 277.738337549957 278.268513495989 278.691253876367 278.657508593854 278.728920999169 -9999 277.840756364886 277.593024824453 277.638325165669 277.717520444354 277.642120170197 278.076312547402 278.231820533552
273.517032155722 273.998545687628 274.361391096133 274.670105849763 274.427106180614 274.253265629748 -9999 274.444642107967 274.004752282697 273.395975892876 273.437691338494 273.64583391925 273.527790712749 273.379410809165 273.649759483444 273.277829282777 273.535269710155 274.170093925629 274.462799752253 275.416936149809 275.503004703341 275.960574172864 276.317407102499 276.356547897497 276.159230386865 275.667833751658 276.150161295808 276.322878180693 275.67372295891 274.763623650837 275.501771817974 275.877195526722 276.594383415563 277.260486497668 277.369093190428 277.317932370922 277.412392607994 277.606747443905 277.661072892462 278.398000528512 278.531348396204 278.539844644687 277.433079370718 278.35806190194 277.87286446007 276.4515942211 276.273661423444 278.224210320264 278.683443428051 278.67057576104
273.792091223814 274.064192678591 274.393558070597 274.679023645354 274.54919728312 274.47509643791 274.643762318012 274.374915954753 273.735422548389 273.345136816291 273.858672854929 274.127872451241 273.977547470869 273.766316082207 274.017169347997 273.502461582053 273.383234039837 273.618938074369 274.081029690533 274.76012114778 274.925264455397 275.434949471558 275.95106961039 276.28466123912 276.140173980326 276.085465197536 276.54192168829 276.327338720368 275.577534349943 275.441543496583 275.505923258196 275.496508829321 276.137843647216 276.871460508727 277.456442746127 277.709443638791 277.848502849339 277.997526152484 277.575340960078 278.354067548109 278.426622176778 278.475220546169 278.51481396003 278.51732466138 278.006835112171 275.6787862826 276.490658992422 278.876905541589 279.024122791748 278.835812619414
273.74378216273 273.930025908149 274.269874321515 274.688697940865 274.759286184127 274.811354184004 274.623336059942 274.154444157873 273.689309591141 273.818655034843 274.119086592397 274.247438456223 274.236961960547 274.225658768632 274.217607266854 273.875767029739 273.547994112349 273.649218238161 273.643116013769 274.380744316209 274.915814073907 275.464486901892 275.916838458596 276.237292548765 276.158707208257 276.231801276052 276.245545952125 276.115141123024 275.78810394662 276.000412126426 276.085755866598 275.952448384654 276.083341559308 276.762259709165 277.439241213824 278.006296233307 278.305866705221 278.436070372254 278.04991409886 278.561443459755 278.529213000097 278.513123563427 278.488336679129 278.667525083132 278.247849135774 277.300835514102 278.359198660858 278.99375748703 279.390799211331 279.380263907931
273.155627194418 273.528187759326 273.947249604522 274.570872146474 274.937528727255 274.745539536548 274.225883076253 274.247897426582 274.004138716286 274.30018322883 274.588095637415 274.688902371507 274.597890445527 274.45225594705 274.331948180364 274.182644804792 274.053077032513 274.135481831875 273.687212871922 274.025070848871 274.907142222675 275.598498652892 276.299880321607 276.403315994135 276.309265354698 276.183106520629 276.137261518886 276.124760095057 276.102481882616 276.221893487829 276.472380021433 276.520557245295 276.537165437498 276.885824056245 277.390765255696 277.802541023195 278.492720293419 278.645815393108 278.572377100165 278.727335439766 278.738333858192 278.598206339716 278.544852971611 278.999055612879 278.91116937354 278.597724745046 278.735304594079 279.250940996694 279.488060879324 279.607239484349
272.659246502561 273.087770653325 273.541943892157 274.278745599549 274.81322792934 274.809841897922 274.44253758129 274.476710690493 274.558773782075 274.722026931513 274.993455443468 274.930917215885 274.726966462688 274.437322245288 274.478020091976 274.385779724915 274.341758100796 274.415984657212 274.132022387586 273.914714515737 274.587458778352 275.574302381266 276.426822525754 276.806314344494 276.515821834451 276.350778403224 276.29192237408 276.154087607575 276.223259569346 276.281959873447 276.754970517216 276.657089290813 276.390510605702 276.639061673597 277.18295536912 277.573084862461 278.38876640309 278.626408291777 -9999 278.871983938509 278.902839987082 278.785372478064 279.192941342603 279.393609036928 279.325799158712 279.076243789668 279.213809913822 279.674509516724 279.663802930341 279.586802315421
272.812821545657 273.302005444699 273.596276319107 274.275350343656 274.706222005603 274.94626986841 274.982866967586 274.808430086828 274.988004467327 274.954907299668 274.85727999392 274.575205272633 274.588277188649 274.296649068457 274.785440265295 274.717322871236 274.678282317647 274.645929997641 -9999 274.456148296031 274.93426067246 275.636285230264 276.441322750496 276.832475230602 276.750144805518 276.462928105939 276.473091863145 276.257678489057 276.565503432097 276.896024635432 277.311125352583 276.857013556306 276.237666002825 276.320616225928 276.830540746602 277.424270972539 278.117460283692 278.376329386155 278.656571861803 -9999 -9999 279.117480529011 279.527459972763 279.751185013424 279.630607762646 279.675833386253 279.831090001205 279.88478048128 279.808293394709 279.679133328426
272.799581879488 273.263959100345 273.565488361549 274.196113620399 274.331765306849 274.633877824568 274.970765590769 275.07438605685 274.855819203323 274.55068643193 274.593865570404 274.79460257679 274.897887082453 274.714743597093 275.128529478596 274.933919831316 274.636855152482 274.872723065044 274.82809499916 274.696773920497 274.817063136654 275.377828756534 275.983808185118 276.482578853724 276.842822532133 276.628590883461 276.69953227853 276.465905682526 276.832163172625 277.465944512393 277.482049602357 277.040056647481 276.277930221639 276.340989387908 276.906039390738 277.212947351355 277.681992983995 278.145302685198 278.300149537669 278.622767168069 -9999 279.117678825863 279.108371742535 279.474615018855 279.629001857056 279.794269600517 280.106263492939 279.994072221759 279.769868622098 279.60995280894
272.386111262482 272.800831205944 273.147216818883 273.70585737939 273.975490303863 274.468080405395 274.865645635546 275.003561929059 274.804105183082 274.485305175548 274.567864724239 275.168727732847 275.184855588707 275.11861934961 275.059295952852 274.712786930543 274.709158358983 275.099122710865 275.193773951751 274.812006454538 274.389443610262 275.157671089261 275.727044796783 276.292354069669 276.796871062745 276.893551132773 276.894976706724 276.748452532996 276.917841487739 277.335948603894 277.765915605273 277.202306211795 276.365719768202 276.73257741852 277.172975780308 277.020771684142 277.347017855991 278.122522735034 278.195118249191 278.266204412552 278.485742692595 278.617793560723 279.002652621436 279.349054411054 279.440831871794 279.643611505202 280.103663588402 -9999 -9999 279.686088387031
272.863146475449 272.761871255412 272.894676035452 273.198921867703 273.657698103966 274.218551804534 275.000218924505 275.280113383725 275.047737173875 275.115618236529 275.081651314481 275.451118567463 275.390493305797 275.108406226148 275.093243195568 275.193275916941 275.505236839794 276.086059422761 276.036216116193 275.140611427023 274.898402993593 275.006373213017 275.563747918232 276.296278553496 276.945403480518 277.123942576219 277.158423295807 277.146309748121 277.644770921256 277.587239963877 277.689351574473 277.510669803682 277.383501336666 277.56072024834 277.612259316956 277.37290464121 277.463437785332 277.699485513959 277.648985613444 277.761356731978 278.168364641723 278.647582445041 279.216135820006 279.269067663957 279.269485940645 279.507875104712 279.626808998839 279.550985538264 279.457195872508 279.245234400587
