rcp8.5models/MPI_ESM_LR/sc1gr1.9
NCOLS 261 
NROWS 433 
XLLCORNER 336357.134 
YLLCORNER 654653.479 
CELLSIZE 1000 
NODATA_value -3.4e+38 
[rows 286 to 307 of 433, columns 147 to 195 of 261]
67.4384002685547 67.1540145874023 67.7077941894531 68.1843490600586 68.488410949707 68.7524108886719 68.4127960205078 68.1641082763672 68.5297698974609 68.7484741210938 69.3708572387695 68.9981460571289 69.128532409668 69.1980972290039 67.7561340332031 67.205078125 67.4027786254883 67.3970108032227 67.442024230957 68.0776214599609 68.1533889770508 -3.4e+38 68.5712814331055 69.0710983276367 69.0284729003906 69.0179672241211 69.0831604003906 68.8139190673828 68.9142456054688 69.0968856811523 69.0019607543945 69.3695297241211 69.161994934082 68.9869384765625 68.5002746582031 68.1255111694336 68.2854080200195 68.055534362793 67.8823471069336 68.2497940063477 68.4272384643555 67.5958862304688 67.3133316040039 67.0734024047852 66.9676361083984 67.2859420776367 68.054573059082 67.5166320800781 66.6534881591797
67.4958953857422 67.2372970581055 67.7674942016602 68.3357925415039 68.4621200561523 68.2406616210938 68.1707458496094 68.3459701538086 68.7075881958008 68.7875289916992 69.0611114501953 68.3388595581055 68.7622299194336 68.7853317260742 67.6347427368164 67.5224685668945 67.7747955322266 67.6352005004883 67.3802032470703 67.8177871704102 68.0582580566406 -3.4e+38 68.6758499145508 69.2067031860352 69.2761001586914 69.4107055664062 69.8182754516602 69.5570526123047 68.9477615356445 68.908447265625 69.2978897094727 69.6237640380859 69.3648147583008 68.8555526733398 68.437126159668 68.2574081420898 68.373893737793 68.1401443481445 68.3346405029297 68.6617050170898 68.6689910888672 67.8209228515625 67.2558746337891 67.0835418701172 67.3329162597656 67.2750778198242 67.9171142578125 67.3086853027344 66.9826812744141
67.2626876831055 67.2227172851562 68.0515289306641 68.5167007446289 68.3666152954102 67.8039474487305 67.7029342651367 68.3681716918945 68.9820861816406 68.808837890625 68.8391952514648 68.1132659912109 68.5213088989258 68.1394119262695 67.531494140625 67.8423461914062 67.9521560668945 67.7975082397461 67.6128768920898 67.8367080688477 68.009651184082 68.1844863891602 68.5352020263672 69.0229339599609 69.3182067871094 69.8831939697266 70.3646087646484 70.0138778686523 69.4101486206055 69.4707794189453 69.5664215087891 69.9051742553711 70.1373748779297 68.7454299926758 68.4163818359375 68.4026870727539 68.441535949707 68.4450531005859 68.8449325561523 68.7996063232422 68.5177764892578 67.5998992919922 67.2983779907227 67.3364028930664 67.3020324707031 67.4122619628906 67.6325149536133 67.4306106567383 66.7983856201172
67.025505065918 67.3667907714844 67.8639678955078 68.0895385742188 67.8986511230469 -3.4e+38 67.4736480712891 68.1689682006836 69.4302520751953 68.9186706542969 68.3962020874023 68.3759918212891 68.2652282714844 67.8069229125977 67.6062774658203 -3.4e+38 67.9716033935547 -3.4e+38 67.8965911865234 67.834358215332 67.9281539916992 68.1488342285156 68.4935836791992 68.9706268310547 69.60107421875 70.2120056152344 70.3017730712891 70.2828369140625 69.9844284057617 69.8173294067383 69.5359725952148 69.8703918457031 70.0224456787109 68.699462890625 68.5255966186523 68.3028106689453 68.205696105957 68.4510192871094 69.151496887207 69.0495758056641 68.3214569091797 67.7922058105469 67.5596008300781 67.5002746582031 67.3581695556641 67.5995864868164 67.5659103393555 67.5198669433594 66.7954177856445
67.1371154785156 67.4981842041016 -3.4e+38 66.8706359863281 67.2937469482422 -3.4e+38 67.5676574707031 67.8445816040039 68.1641159057617 67.815055847168 67.4185562133789 67.7217788696289 67.8533935546875 67.9510116577148 67.4911880493164 67.6298751831055 67.7874984741211 67.7229537963867 -3.4e+38 -3.4e+38 -3.4e+38 68.018180847168 -3.4e+38 69.1896591186523 69.731819152832 70.0026321411133 70.1397018432617 70.2116165161133 70.1247940063477 69.9535140991211 69.7596664428711 69.3606719970703 69.5831146240234 69.2214202880859 68.9896240234375 68.7796020507812 69.0465469360352 68.9049682617188 68.8482666015625 68.7156753540039 68.7238922119141 68.5703201293945 68.4229888916016 67.9740524291992 67.8409881591797 67.2654266357422 67.4825592041016 67.1559829711914 67.1196594238281
66.8986206054688 67.0465087890625 67.1781158447266 66.6271133422852 -3.4e+38 -3.4e+38 -3.4e+38 -3.4e+38 67.7121200561523 -3.4e+38 -3.4e+38 67.4588851928711 67.5621566772461 67.7732620239258 67.8334197998047 67.9103012084961 67.9373779296875 67.9716339111328 68.1935424804688 -3.4e+38 -3.4e+38 -3.4e+38 68.7059783935547 69.0044631958008 69.5711822509766 69.8154602050781 69.8398818969727 70.4341201782227 70.4290237426758 70.0387954711914 69.6691131591797 69.677131652832 69.5781860351562 69.6593017578125 69.3108215332031 69.3157119750977 69.670524597168 69.3981628417969 69.0598373413086 68.7464599609375 68.5399475097656 68.3227691650391 68.4269790649414 67.9680252075195 67.9453887939453 67.4936904907227 67.6385726928711 67.2883987426758 66.9766693115234
-3.4e+38 -3.4e+38 -3.4e+38 -3.4e+38 -3.4e+38 -3.4e+38 -3.4e+38 -3.4e+38 68.6198348999023 68.3432769775391 67.7166976928711 67.9894332885742 68.2798614501953 68.4177780151367 69.0011596679688 68.5707397460938 67.9670562744141 68.2495040893555 68.6112823486328 68.7423553466797 68.9844741821289 68.9406356811523 68.5974197387695 68.5810317993164 69.090461730957 69.4097366333008 69.9851760864258 70.587272644043 70.2069320678711 70.3800506591797 70.0715026855469 69.7140808105469 69.6453704833984 69.7529067993164 69.4004440307617 69.31787109375 69.4919357299805 69.216178894043 69.1173324584961 68.7248077392578 68.2577743530273 68.0702819824219 67.9612121582031 67.7820587158203 67.7999572753906 67.8506469726562 67.5594253540039 67.4037857055664 67.4531860351562
-3.4e+38 -3.4e+38 67.0710144042969 -3.4e+38 -3.4e+38 -3.4e+38 -3.4e+38 68.3788452148438 69.301643371582 69.2324752807617 68.3069000244141 68.7606658935547 69.5359954833984 69.6256332397461 69.9490051269531 69.3069000244141 68.0162124633789 68.0952911376953 68.5876159667969 68.7345123291016 69.1978225708008 69.501594543457 68.7108764648438 68.4648056030273 68.7812271118164 69.6491012573242 70.3952560424805 70.6509704589844 70.0854187011719 70.0835113525391 70.297004699707 70.0914764404297 69.75146484375 69.7324676513672 69.4490509033203 69.1437835693359 69.3270492553711 69.0508193969727 68.8033828735352 68.7089309692383 68.3340148925781 68.3537521362305 68.2877044677734 67.849365234375 67.5534439086914 67.7496185302734 67.1634063720703 67.1818923950195 67.786003112793
-3.4e+38 68.1982574462891 67.2376937866211 -3.4e+38 -3.4e+38 -3.4e+38 68.3421478271484 69.1791000366211 69.4878845214844 69.1494827270508 69.2987670898438 68.8339080810547 69.5034255981445 70.4060363769531 70.3121109008789 69.3779830932617 68.2948150634766 68.3374099731445 68.6364288330078 68.9212951660156 69.6487503051758 70.5335388183594 68.6758651733398 69.1044845581055 69.8134307861328 70.5735168457031 70.7960357666016 70.7521286010742 70.1942901611328 69.3735275268555 70.0904998779297 70.5220642089844 70.1735610961914 69.7880096435547 69.813232421875 69.2931137084961 69.4688949584961 69.1639785766602 68.6951904296875 68.6289138793945 68.519172668457 68.6288986206055 68.6465606689453 67.9448928833008 67.5852737426758 67.5660095214844 67.4423751831055 67.2008590698242 67.7824783325195
68.5535278320312 68.4912338256836 67.5569686889648 -3.4e+38 -3.4e+38 -3.4e+38 69.0149230957031 69.5739059448242 68.8719635009766 68.4661102294922 69.8893737792969 68.9745635986328 69.0616760253906 70.4910736083984 70.4088745117188 68.78662109375 68.0522613525391 68.6727600097656 69.0041961669922 69.3083114624023 70.2021484375 70.9581604003906 68.9544448852539 69.819938659668 70.1836547851562 70.5779113769531 70.83154296875 70.6423873901367 70.2097320556641 69.2817993164062 69.2904663085938 70.6135559082031 70.6729583740234 69.8248062133789 69.6919479370117 69.5174255371094 69.237434387207 69.0502090454102 68.7724685668945 68.7219619750977 68.8792114257812 68.541633605957 68.4094467163086 68.1226959228516 67.8697509765625 67.5195541381836 67.7155914306641 67.1419143676758 67.4728164672852
68.6279907226562 68.3291473388672 68.0283966064453 67.9236526489258 -3.4e+38 68.3514785766602 69.3196105957031 69.7768173217773 68.2441940307617 68.2875213623047 70.1689224243164 69.3291702270508 69.1518859863281 70.7645874023438 70.5465927124023 68.5901184082031 68.2851028442383 68.8216781616211 69.2647552490234 69.8757934570312 70.9987869262695 71.0827331542969 69.4500961303711 69.8210296630859 69.662239074707 70.6971206665039 71.0608673095703 70.6571197509766 69.9406280517578 68.2560272216797 67.6673812866211 70.0215148925781 70.7298202514648 69.9277801513672 69.6538848876953 69.5282669067383 69.0627365112305 69.094108581543 69.0046997070312 68.742546081543 68.9571914672852 68.4925765991211 68.1323928833008 68.1108245849609 67.873161315918 67.3978805541992 67.5680160522461 67.345100402832 67.4425888061523
68.6391754150391 68.6418380737305 68.6923446655273 68.5214538574219 68.2522430419922 69.1957550048828 69.698844909668 69.9410552978516 68.747917175293 68.9186019897461 70.1473541259766 69.3809585571289 69.3439636230469 70.8018646240234 70.6037750244141 69.1799392700195 68.8357543945312 69.1725921630859 69.6765060424805 70.7805557250977 71.3735275268555 71.2504653930664 69.8748550415039 69.5388259887695 70.0056610107422 70.941276550293 71.0689468383789 70.5948867797852 69.9312057495117 67.7227096557617 66.66748046875 69.3552474975586 70.5293579101562 69.9643096923828 69.9129791259766 69.5293655395508 69.3449020385742 69.1817321777344 69.2081832885742 68.7732467651367 68.7848739624023 68.3370513916016 67.9255523681641 68.0420227050781 67.9344100952148 67.3525390625 67.5601272583008 67.5096282958984 67.3268966674805
68.7473907470703 69.061408996582 68.9997787475586 68.4560012817383 69.0607070922852 69.6202087402344 69.8601684570312 69.662712097168 68.2889404296875 68.7888946533203 70.2520446777344 69.5297088623047 70.3012313842773 70.9305877685547 70.9091567993164 69.546142578125 69.041145324707 69.4699478149414 69.8788070678711 70.9451141357422 71.3556137084961 71.2284851074219 70.0736999511719 69.4573211669922 70.3301391601562 70.4721832275391 71.0383224487305 70.6542739868164 69.8844451904297 68.1267852783203 66.9984512329102 68.6109390258789 69.7366790771484 70.3204727172852 70.1046295166016 69.6333312988281 69.5598907470703 69.1620330810547 69.1605453491211 68.9459075927734 68.7467803955078 68.5152587890625 68.2976303100586 68.1849060058594 67.8719253540039 67.4162063598633 67.4917907714844 67.257926940918 67.3391799926758
69.0345764160156 69.0267028808594 68.9401016235352 68.8634796142578 68.7060623168945 67.8662261962891 68.7081832885742 69.3089370727539 68.7375030517578 69.1448440551758 70.4669494628906 69.7660293579102 70.9252166748047 71.2874221801758 71.0304183959961 69.6205444335938 69.2723388671875 69.6406860351562 69.5764541625977 70.8636703491211 71.3803939819336 71.3447875976562 70.3190155029297 69.3737335205078 69.7445831298828 70.3490753173828 71.0866851806641 70.6971130371094 69.9435348510742 68.4546661376953 67.4669036865234 67.9075393676758 68.4507369995117 70.4328460693359 70.0169143676758 69.6069183349609 69.2868270874023 69.2611618041992 69.4944000244141 69.031135559082 68.5879974365234 68.6127700805664 68.61474609375 68.1944198608398 67.5658493041992 67.4598846435547 67.5227508544922 67.2971115112305 67.7360534667969
69.3782119750977 69.3644866943359 69.3668594360352 69.9023284912109 68.8585205078125 66.6971969604492 67.1773834228516 68.8642272949219 70.2495727539062 70.3975448608398 70.7300491333008 69.9767150878906 70.5049819946289 71.4708938598633 71.0286636352539 69.619514465332 69.3662948608398 69.7554321289062 69.7864151000977 71.0178680419922 71.1629791259766 71.6011352539062 70.6888580322266 70.0995559692383 69.8339157104492 70.5039291381836 71.1169586181641 70.8392944335938 70.4770812988281 69.2001647949219 67.9550170898438 68.3163299560547 67.5508270263672 69.8759689331055 69.9959945678711 69.9920883178711 69.3964157104492 69.2087936401367 69.4534759521484 69.2265853881836 68.7214813232422 68.6756744384766 68.6243438720703 68.0906295776367 67.7163391113281 67.3639144897461 67.5192108154297 67.7121505737305 68.0533447265625
68.0006484985352 69.152702331543 69.5263977050781 69.864616394043 69.9108276367188 68.2229614257812 66.269645690918 66.746711730957 68.8834533691406 70.0313186645508 71.1658248901367 70.2038269042969 70.6414031982422 70.5447082519531 70.4180068969727 70.1097869873047 70.6966781616211 70.6030578613281 70.690559387207 71.4243850708008 71.0067443847656 71.029914855957 71.2949142456055 71.1023712158203 70.9066390991211 71.1540298461914 70.7899780273438 70.6095886230469 70.4912567138672 69.487663269043 68.6631774902344 69.3418731689453 68.2852249145508 67.6135635375977 69.000114440918 70.0219802856445 69.5990905761719 70.0467758178711 70.1046371459961 69.6136245727539 69.3844299316406 68.8851547241211 68.3894195556641 68.3483123779297 68.0027923583984 67.6463394165039 67.5742721557617 67.7014236450195 67.2874374389648
67.5450820922852 68.820671081543 69.6745071411133 69.9214859008789 69.4518508911133 67.6374816894531 65.3724517822266 65.9256896972656 69.0669708251953 70.5914077758789 71.24267578125 70.5726470947266 71.2470550537109 70.9862060546875 70.5618896484375 70.44287109375 70.3740997314453 70.1501007080078 70.4589614868164 71.0164337158203 71.1188659667969 71.6307830810547 71.3000564575195 71.0966644287109 70.6027984619141 71.2212753295898 70.8098220825195 70.2657241821289 70.6895446777344 70.2526168823242 69.6561126708984 69.8571166992188 69.2637405395508 66.3337173461914 67.4154434204102 70.0120010375977 69.6012649536133 69.7546081542969 69.9279632568359 70.1276168823242 69.9737014770508 69.6620483398438 69.039176940918 68.4888458251953 68.0175552368164 68.0314025878906 67.6294784545898 67.7781219482422 67.6842956542969
66.6381225585938 68.2341461181641 69.0872344970703 68.8267974853516 68.4875183105469 66.3671875 64.383903503418 65.9002380371094 69.2529602050781 71.0390853881836 71.3414764404297 70.6572494506836 71.362434387207 71.0283050537109 70.8834686279297 71.2716903686523 70.8556213378906 70.7191848754883 70.5603942871094 71.1787261962891 71.6198806762695 71.5279541015625 71.3877563476562 71.2305908203125 70.4788131713867 70.875617980957 71.1979751586914 70.7593460083008 70.9578018188477 70.8281707763672 70.3212890625 70.5263137817383 69.7336578369141 66.7503814697266 67.302978515625 69.8068466186523 69.3944320678711 68.9172210693359 69.6237182617188 70.331787109375 70.1554641723633 70.0495300292969 69.5411911010742 68.6051864624023 68.2056198120117 68.3750686645508 67.669921875 67.6421661376953 67.76318359375
64.2985153198242 65.8965759277344 67.0293579101562 66.637939453125 66.7959976196289 66.1764221191406 65.7527618408203 66.5788803100586 69.2096481323242 71.3044052124023 71.3376693725586 70.86865234375 71.0551300048828 71.0034790039062 71.2188949584961 71.9852294921875 71.9249649047852 71.994987487793 71.7208023071289 71.9671783447266 72.0107650756836 71.6205749511719 71.0292739868164 71.1958312988281 70.6891403198242 70.6161270141602 71.4403991699219 71.0891723632812 70.7504730224609 70.8239364624023 70.4509811401367 70.6123123168945 70.3228225708008 68.5135498046875 68.2772216796875 68.974983215332 69.2242965698242 68.7681503295898 69.7551727294922 70.2472610473633 70.0335235595703 70.0033493041992 69.6693801879883 68.6898574829102 68.4622497558594 68.155387878418 67.6496887207031 67.6057434082031 67.7066268920898
62.5505409240723 64.2121963500977 65.1882476806641 65.3614959716797 66.7197189331055 68.1755447387695 68.8996810913086 68.7606735229492 69.8939971923828 71.311393737793 71.2919311523438 71.3346862792969 71.2437515258789 71.0464859008789 71.2517700195312 71.7884750366211 71.962776184082 72.2071533203125 72.0411529541016 71.8039627075195 71.6376724243164 71.8505783081055 71.2155914306641 71.298225402832 70.596435546875 70.3970031738281 70.7552490234375 70.971549987793 70.5566940307617 70.458137512207 70.493049621582 70.7451324462891 70.7880630493164 69.5887756347656 69.0770034790039 68.7445297241211 69.3820571899414 69.1626815795898 69.9389343261719 70.2383499145508 70.1262588500977 69.9888687133789 69.8939743041992 69.0104141235352 68.6068420410156 68.0316543579102 67.7487487792969 67.8549728393555 67.6601333618164
61.2572402954102 62.4852752685547 63.5307083129883 64.7643508911133 67.6294860839844 69.9134292602539 70.594612121582 70.9546890258789 70.9568862915039 71.4273452758789 70.7991333007812 71.5724182128906 71.4391555786133 71.446044921875 71.6547088623047 71.6138381958008 71.1492614746094 71.8803787231445 71.6966705322266 71.340950012207 71.274299621582 71.3315887451172 71.5514450073242 71.4793243408203 70.7953948974609 70.3579330444336 69.9091110229492 70.5518417358398 71.0395050048828 70.517204284668 70.610710144043 70.8375930786133 70.4609680175781 69.7147521972656 69.3588562011719 68.8688125610352 69.7033538818359 69.6877365112305 70.0225067138672 70.1726303100586 70.0006256103516 70.1337585449219 69.8778457641602 69.5068740844727 69.0832901000977 68.0931930541992 67.9291229248047 67.9709625244141 67.6671295166016
60.5555801391602 60.8962936401367 62.2719192504883 64.5391311645508 67.568489074707 69.5302810668945 70.0949325561523 70.7415618896484 71.6441116333008 71.8642654418945 70.5927276611328 71.4546966552734 71.3371276855469 72.0272750854492 71.8444061279297 70.9738922119141 69.7961044311523 70.7147979736328 70.8545837402344 70.7212371826172 70.1513061523438 70.1749572753906 71.6837463378906 71.269775390625 71.1641464233398 70.8170013427734 69.9073867797852 70.2181930541992 71.3403167724609 70.9218368530273 70.5087509155273 70.286750793457 69.5807037353516 68.7835464477539 68.1759796142578 68.0589904785156 69.6577835083008 69.6495132446289 69.7682571411133 70.0034484863281 70.1556243896484 70.3577880859375 69.6816558837891 69.6883316040039 69.2998123168945 68.0256423950195 67.992317199707 67.8024520874023 67.9019165039062
