rcp8.5models/MPI_ESM_LR/sc1gr9.26
NCOLS 261 
NROWS 433 
XLLCORNER 336357.134 
YLLCORNER 654653.479 
CELLSIZE 1000 
NODATA_value -3.4e+38 
[rows 220 to 241 of 433, columns 196 to 244 of 261]
123.027275085449 123.625427246094 124.387496948242 124.300628662109 124.554267883301 125.140449523926 125.348022460938 125.334655761719 125.234596252441 124.974296569824 125.33846282959 125.07585144043 124.962936401367 125.662490844727 126.51286315918 126.441528320312 126.569450378418 126.447235107422 125.873062133789 126.119018554688 126.674194335938 125.74893951416 125.942497253418 126.854446411133 126.837333679199 126.402786254883 126.163284301758 -3.4e+38 124.815605163574 124.953987121582 122.719917297363 122.911247253418 -3.4e+38 -3.4e+38 -3.4e+38 -3.4e+38 -3.4e+38 -3.4e+38 -3.4e+38 -3.4e+38 -3.4e+38 -3.4e+38 -3.4e+38 -3.4e+38 -3.4e+38 -3.4e+38 -3.4e+38 -3.4e+38 -3.4e+38
124.762176513672 125.14200592041 125.945693969727 125.63500213623 125.66064453125 125.343399047852 125.749542236328 125.410263061523 125.602386474609 125.955291748047 126.96280670166 126.846008300781 126.467063903809 127.249382019043 128.232513427734 128.027587890625 127.942558288574 127.957763671875 127.316719055176 126.948585510254 127.204559326172 127.110229492188 126.72184753418 126.973114013672 126.828842163086 126.377883911133 126.552711486816 -3.4e+38 125.979446411133 126.169761657715 124.250923156738 124.513771057129 -3.4e+38 -3.4e+38 -3.4e+38 -3.4e+38 -3.4e+38 -3.4e+38 -3.4e+38 -3.4e+38 -3.4e+38 -3.4e+38 -3.4e+38 -3.4e+38 -3.4e+38 -3.4e+38 -3.4e+38 -3.4e+38 -3.4e+38
126.251472473145 126.055030822754 126.276260375977 126.142913818359 126.02075958252 125.862815856934 126.344856262207 127.22868347168 127.259216308594 127.673614501953 128.092575073242 128.275985717773 128.117767333984 128.198776245117 128.54052734375 128.495178222656 128.064727783203 127.972328186035 127.48331451416 127.043014526367 127.227813720703 127.14640045166 126.77335357666 127.06275177002 -3.4e+38 -3.4e+38 -3.4e+38 -3.4e+38 126.022644042969 126.250267028809 125.464363098145 125.654426574707 125.478691101074 -3.4e+38 -3.4e+38 -3.4e+38 -3.4e+38 -3.4e+38 -3.4e+38 -3.4e+38 -3.4e+38 -3.4e+38 -3.4e+38 -3.4e+38 -3.4e+38 -3.4e+38 -3.4e+38 -3.4e+38 -3.4e+38
126.49649810791 126.507942199707 126.499099731445 126.59635925293 126.74552154541 127.753211975098 128.055618286133 128.663284301758 128.369537353516 128.466781616211 128.208587646484 128.732635498047 128.656677246094 128.298233032227 128.350814819336 128.162475585938 128.161926269531 127.985527038574 127.578819274902 127.110252380371 127.390899658203 127.238586425781 126.77855682373 127.067039489746 -3.4e+38 -3.4e+38 -3.4e+38 -3.4e+38 126.019165039062 126.037605285645 125.539894104004 125.644119262695 125.470199584961 124.877311706543 125.045593261719 -3.4e+38 -3.4e+38 -3.4e+38 -3.4e+38 -3.4e+38 -3.4e+38 -3.4e+38 -3.4e+38 -3.4e+38 -3.4e+38 -3.4e+38 -3.4e+38 -3.4e+38 -3.4e+38
126.766815185547 126.816909790039 126.982818603516 127.943672180176 127.93970489502 128.994781494141 129.127517700195 128.735900878906 128.49104309082 128.484298706055 128.213104248047 128.770233154297 128.946136474609 128.677978515625 128.225845336914 127.909812927246 128.173538208008 128.054290771484 127.588691711426 127.162132263184 127.481910705566 127.303749084473 126.894233703613 -3.4e+38 -3.4e+38 126.495323181152 126.302146911621 125.87321472168 126.014045715332 125.881050109863 125.53002166748 125.422073364258 125.061454772949 124.86149597168 124.81803894043 123.948692321777 123.100608825684 -3.4e+38 -3.4e+38 -3.4e+38 -3.4e+38 -3.4e+38 -3.4e+38 -3.4e+38 -3.4e+38 -3.4e+38 -3.4e+38 -3.4e+38 -3.4e+38
127.282783508301 128.059936523438 128.160049438477 128.984725952148 128.687362670898 -3.4e+38 -3.4e+38 129.188995361328 129.003723144531 128.845855712891 128.650802612305 129.155334472656 130.508850097656 130.496963500977 129.944625854492 129.748229980469 129.623733520508 129.61100769043 129.067260742188 128.700866699219 128.976898193359 128.905822753906 127.932975769043 127.130142211914 127.014419555664 126.55339050293 126.414077758789 125.928802490234 126.122444152832 125.874305725098 125.57999420166 125.376220703125 124.825317382812 124.962135314941 124.650245666504 124.030326843262 124.181091308594 123.861473083496 -3.4e+38 -3.4e+38 -3.4e+38 -3.4e+38 -3.4e+38 -3.4e+38 -3.4e+38 -3.4e+38 -3.4e+38 -3.4e+38 -3.4e+38
128.494842529297 129.420974731445 129.300079345703 129.235061645508 129.434265136719 129.725402832031 130.17790222168 131.620452880859 131.327377319336 130.504135131836 130.521865844727 130.513580322266 131.388229370117 131.235046386719 131.264694213867 131.18244934082 130.866104125977 130.788909912109 130.512908935547 130.31721496582 130.230056762695 130.346557617188 129.706848144531 128.74560546875 128.625900268555 128.185195922852 127.47087097168 125.966514587402 126.198936462402 125.92650604248 125.61058807373 125.446548461914 124.852088928223 125.026962280273 124.693214416504 124.126365661621 124.155952453613 123.839332580566 -3.4e+38 -3.4e+38 -3.4e+38 -3.4e+38 -3.4e+38 -3.4e+38 -3.4e+38 -3.4e+38 -3.4e+38 -3.4e+38 -3.4e+38
129.668807983398 129.764373779297 129.843795776367 129.544219970703 130.489547729492 131.574737548828 131.901519775391 133.097381591797 132.473373413086 131.615570068359 131.72282409668 131.365295410156 131.36750793457 130.976257324219 131.273376464844 131.23503112793 130.958160400391 130.852493286133 130.809707641602 130.766082763672 130.316986083984 130.344741821289 130.179061889648 130.100799560547 129.883193969727 129.368469238281 128.76155090332 127.566780090332 127.691589355469 126.953575134277 125.594711303711 125.430610656738 124.83235168457 125.005668640137 124.715324401855 124.185234069824 124.191719055176 123.932121276855 123.357803344727 -3.4e+38 -3.4e+38 -3.4e+38 -3.4e+38 -3.4e+38 -3.4e+38 -3.4e+38 -3.4e+38 -3.4e+38 -3.4e+38
130.693634033203 131.544250488281 131.599700927734 131.77262878418 132.381149291992 132.982574462891 133.37744140625 132.455917358398 132.164215087891 131.73127746582 131.972991943359 131.888473510742 131.692749023438 131.436370849609 131.335662841797 131.350387573242 130.963485717773 130.901672363281 130.855895996094 130.853897094727 130.317108154297 130.19416809082 129.930358886719 130.226440429688 129.964248657227 129.361343383789 129.176239013672 128.747573852539 128.845947265625 128.303573608398 126.582344055176 125.412666320801 124.810569763184 124.774452209473 124.288925170898 124.157844543457 123.99543762207 123.579849243164 123.328628540039 123.087295532227 -3.4e+38 -3.4e+38 -3.4e+38 -3.4e+38 -3.4e+38 -3.4e+38 -3.4e+38 -3.4e+38 -3.4e+38
132.190963745117 133.317291259766 133.400299072266 134.242202758789 135.006240844727 132.953765869141 133.072174072266 134.961776733398 134.483352661133 134.053207397461 134.175140380859 133.844207763672 133.717208862305 133.248199462891 132.853118896484 132.867248535156 132.044876098633 131.732437133789 130.966903686523 130.854629516602 130.372680664062 130.304290771484 129.925720214844 130.220703125 129.95817565918 129.411102294922 129.281326293945 128.735076904297 128.875335693359 128.752136230469 127.727630615234 126.006484985352 -3.4e+38 -3.4e+38 -3.4e+38 -3.4e+38 123.817375183105 123.263084411621 123.292472839355 123.056488037109 122.372459411621 119.682662963867 -3.4e+38 -3.4e+38 -3.4e+38 -3.4e+38 -3.4e+38 -3.4e+38 -3.4e+38
133.5 133.705718994141 133.788421630859 134.080673217773 135.093902587891 134.317581176758 134.400695800781 137.512161254883 137.86540222168 136.589920043945 138.087966918945 136.781311035156 135.268783569336 134.618606567383 134.182586669922 134.103729248047 133.416687011719 133.1611328125 132.459838867188 132.327941894531 131.951766967773 131.337341308594 129.919219970703 130.213088989258 129.950210571289 129.443878173828 129.355682373047 128.779678344727 128.974639892578 128.794815063477 128.020843505859 127.009742736816 -3.4e+38 -3.4e+38 -3.4e+38 -3.4e+38 -3.4e+38 123.227149963379 123.25399017334 123.018081665039 122.33585357666 120.429229736328 118.780319213867 -3.4e+38 -3.4e+38 -3.4e+38 -3.4e+38 -3.4e+38 -3.4e+38
135.813079833984 136.640899658203 137.97119140625 139.991958618164 138.755599975586 138.343444824219 138.486968994141 137.942886352539 137.446640014648 136.457717895508 135.576538085938 135.867797851562 135.413192749023 134.988800048828 135.226150512695 134.299362182617 133.724395751953 134.012710571289 133.600296020508 133.569549560547 133.122116088867 133.009384155273 132.646331787109 132.611450195312 132.323577880859 131.821929931641 130.907684326172 129.977691650391 128.822387695312 128.402053833008 127.972023010254 -3.4e+38 -3.4e+38 -3.4e+38 -3.4e+38 -3.4e+38 -3.4e+38 -3.4e+38 -3.4e+38 -3.4e+38 122.243721008301 121.287704467773 121.009468078613 119.36164855957 -3.4e+38 -3.4e+38 -3.4e+38 -3.4e+38 -3.4e+38
136.817977905273 137.952392578125 140.118347167969 141.652801513672 140.545349121094 139.686553955078 139.964248657227 139.480880737305 138.557205200195 137.561569213867 136.366394042969 136.54541015625 135.93586730957 135.436386108398 136.624755859375 135.293045043945 133.774719238281 133.928863525391 133.747253417969 133.648513793945 133.168594360352 133.111801147461 132.690551757812 132.607498168945 132.100784301758 132.233749389648 132.11247253418 131.251663208008 129.823013305664 128.202346801758 127.604629516602 127.45964050293 -3.4e+38 -3.4e+38 -3.4e+38 -3.4e+38 -3.4e+38 -3.4e+38 -3.4e+38 -3.4e+38 -3.4e+38 121.234069824219 121.323234558105 120.036689758301 117.594993591309 117.344398498535 -3.4e+38 -3.4e+38 -3.4e+38
137.370513916016 140.063064575195 141.854751586914 139.867050170898 139.793426513672 139.713470458984 139.820129394531 140.635681152344 138.599624633789 138.287643432617 138.059509277344 -3.4e+38 136.85302734375 136.556365966797 137.16633605957 136.412384033203 135.296249389648 135.301116943359 135.22834777832 134.636917114258 133.312149047852 133.242706298828 132.832366943359 132.678939819336 132.13981628418 132.372009277344 132.178375244141 131.583923339844 131.05143737793 129.763229370117 127.32453918457 -3.4e+38 -3.4e+38 -3.4e+38 -3.4e+38 -3.4e+38 125.443664550781 -3.4e+38 -3.4e+38 -3.4e+38 -3.4e+38 121.177856445312 -3.4e+38 120.105209350586 118.626441955566 -3.4e+38 -3.4e+38 -3.4e+38 -3.4e+38
138.601318359375 140.278930664062 140.872665405273 139.686737060547 139.608047485352 139.731399536133 139.820037841797 140.080352783203 138.807830810547 138.463043212891 139.523498535156 139.80680847168 137.247253417969 137.217926025391 136.895660400391 136.831481933594 136.515045166016 136.535186767578 136.366729736328 135.983596801758 134.862228393555 134.815063476562 134.341842651367 133.685485839844 132.277130126953 132.242553710938 131.763031005859 131.571853637695 131.424057006836 130.843017578125 128.925109863281 128.493804931641 127.202949523926 126.673927307129 -3.4e+38 125.746124267578 125.764892578125 125.078247070312 123.240707397461 -3.4e+38 -3.4e+38 121.119010925293 120.855812072754 -3.4e+38 119.295745849609 -3.4e+38 116.434997558594 -3.4e+38 -3.4e+38
139.280776977539 139.726776123047 140.210739135742 141.220184326172 140.82780456543 139.899993896484 140.67236328125 140.706756591797 140.428009033203 139.824432373047 140.594024658203 141.05354309082 138.660110473633 137.360107421875 137.068725585938 137.071487426758 136.655715942383 136.610214233398 136.506271362305 136.476135253906 136.101119995117 -3.4e+38 135.482116699219 135.042922973633 133.797454833984 133.052398681641 131.498565673828 131.702285766602 131.481185913086 130.867630004883 130.084976196289 129.563491821289 127.90340423584 126.630073547363 126.336265563965 125.78409576416 125.774406433105 125.516250610352 -3.4e+38 -3.4e+38 -3.4e+38 120.850997924805 120.373794555664 120.059593200684 119.564186096191 -3.4e+38 116.367950439453 115.964645385742 -3.4e+38
139.383163452148 140.364990234375 141.889831542969 142.373931884766 142.023376464844 140.907653808594 141.371200561523 142.125061035156 141.731567382812 141.486053466797 140.939788818359 140.465744018555 139.867660522461 138.832122802734 138.560241699219 138.551330566406 137.647216796875 136.650115966797 136.630996704102 136.613739013672 136.168563842773 136.022796630859 135.61604309082 135.473190307617 -3.4e+38 134.617797851562 133.4931640625 132.556655883789 131.109878540039 130.991943359375 130.102355957031 129.906295776367 128.902969360352 127.474784851074 126.002151489258 125.732833862305 125.562019348145 125.136322021484 -3.4e+38 123.535736083984 -3.4e+38 -3.4e+38 120.023017883301 -3.4e+38 -3.4e+38 -3.4e+38 117.193321228027 115.465423583984 -3.4e+38
141.170196533203 141.432235717773 142.203399658203 142.36833190918 142.401657104492 141.959014892578 141.876815795898 142.546890258789 142.564086914062 141.481643676758 141.120574951172 -3.4e+38 140.440444946289 140.281723022461 140.194473266602 139.620468139648 138.866333007812 138.166976928711 137.866729736328 137.707412719727 137.619064331055 137.113983154297 135.678161621094 -3.4e+38 135.064102172852 135.285278320312 135.128402709961 133.784973144531 131.9365234375 130.846099853516 130.22004699707 129.948608398438 129.220001220703 128.576065063477 126.782157897949 125.73802947998 125.486450195312 124.787078857422 124.554908752441 123.704521179199 122.134674072266 -3.4e+38 -3.4e+38 -3.4e+38 -3.4e+38 -3.4e+38 -3.4e+38 116.349075317383 114.915451049805
142.703002929688 142.009628295898 141.766021728516 142.084411621094 142.037734985352 142.364456176758 143.142715454102 143.648315429688 144.053909301758 141.945922851562 141.568252563477 141.524887084961 140.481369018555 140.304473876953 140.132888793945 139.764389038086 139.356628417969 139.325775146484 138.907119750977 138.538665771484 138.850479125977 138.441787719727 137.254089355469 136.602447509766 135.176177978516 135.219223022461 134.830108642578 134.243301391602 133.219619750977 132.212051391602 130.065963745117 129.496948242188 129.226486206055 129.007751464844 128.037536621094 126.690078735352 125.103881835938 124.725440979004 124.393051147461 123.796432495117 123.127960205078 -3.4e+38 -3.4e+38 -3.4e+38 -3.4e+38 -3.4e+38 -3.4e+38 117.418128967285 115.523025512695
144.033905029297 143.536087036133 143.440139770508 143.177597045898 142.970626831055 143.345397949219 143.882446289062 144.105590820312 144.528961181641 143.372421264648 142.474639892578 142.600952148438 141.49169921875 141.487838745117 141.225051879883 140.786712646484 139.473770141602 139.466720581055 139.023696899414 138.666000366211 138.96418762207 139.172470092773 139.016494750977 138.046829223633 136.805480957031 136.947570800781 135.993362426758 134.203155517578 133.596099853516 133.439651489258 130.89128112793 129.206756591797 129.138885498047 128.690139770508 128.503311157227 127.828590393066 125.79808807373 124.521430969238 124.035850524902 123.727508544922 123.277526855469 -3.4e+38 119.106521606445 118.845352172852 -3.4e+38 -3.4e+38 -3.4e+38 -3.4e+38 116.425582885742
145.13069152832 144.918197631836 144.876770019531 144.280624389648 144.040725708008 144.182327270508 143.959075927734 143.827499389648 144.026885986328 143.617630004883 142.957504272461 143.158874511719 143.0732421875 142.693603515625 142.422180175781 142.281234741211 141.343521118164 140.947158813477 139.14958190918 138.777648925781 -3.4e+38 139.228225708008 139.024383544922 138.503372192383 137.950454711914 137.930648803711 136.578994750977 134.216232299805 133.70915222168 133.479507446289 132.137359619141 130.336715698242 129.027694702148 128.375915527344 128.527770996094 128.182983398438 127.166069030762 125.535079956055 123.760795593262 123.45671081543 122.845603942871 121.87077331543 119.86890411377 118.651298522949 -3.4e+38 -3.4e+38 -3.4e+38 -3.4e+38 116.483367919922
145.479919433594 145.491897583008 145.013214111328 144.416229248047 144.16650390625 144.290817260742 144.392684936523 145.160125732422 145.270935058594 144.819091796875 144.764389038086 144.136444091797 143.156784057617 143.528411865234 143.878753662109 142.809875488281 142.414260864258 -3.4e+38 140.599914550781 140.188934326172 -3.4e+38 139.620910644531 138.74072265625 138.579574584961 137.678283691406 137.274276733398 136.794158935547 135.801315307617 134.749130249023 133.427856445312 132.198791503906 131.607467651367 129.997161865234 128.311477661133 128.519058227539 128.279479980469 127.386520385742 126.390098571777 124.807952880859 123.427780151367 122.643211364746 121.782188415527 120.4609375 -3.4e+38 -3.4e+38 -3.4e+38 -3.4e+38 116.463790893555 115.827476501465
