rcp8.5models/MPI_ESM_LR/sc1gr0.11
NCOLS 261 
NROWS 433 
XLLCORNER 336357.134 
YLLCORNER 654653.479 
CELLSIZE 1000 
NODATA_value -3.4e+38 
[rows 264 to 285 of 433, columns 49 to 97 of 261]
79.5804138183594 79.8123779296875 79.9819412231445 80.0303573608398 80.1387329101562 80.3610229492188 80.5381164550781 80.8413314819336 81.0147018432617 81.1007690429688 81.2653503417969 81.3816757202148 81.5116195678711 81.8021774291992 81.9000701904297 82.1607055664062 82.3813400268555 82.5242385864258 83.0532608032227 83.1994171142578 83.2337875366211 83.2546157836914 83.4954147338867 83.760498046875 84.0213241577148 84.2788391113281 84.4472808837891 84.3619003295898 84.380126953125 84.616096496582 85.0321960449219 85.2265243530273 85.447509765625 85.5328826904297 85.5734481811523 85.69970703125 85.9681396484375 86.2617492675781 86.2531585693359 86.4004821777344 86.5616073608398 87.0029907226562 87.1952133178711 87.2860107421875 87.2137756347656 87.2722930908203 87.3623275756836 87.4214935302734 87.4487609863281
79.4909439086914 79.7213516235352 79.8383178710938 79.9949798583984 80.0817260742188 80.1972579956055 80.4025573730469 80.7962036132812 80.9017944335938 80.9230270385742 81.0721817016602 81.2272567749023 81.4554138183594 81.7731628417969 81.8408279418945 82.0844650268555 82.202262878418 82.3720321655273 83.031135559082 83.1533584594727 83.2264862060547 83.3280715942383 83.4900588989258 83.7252807617188 83.9517059326172 84.1532669067383 84.3554763793945 84.229866027832 84.2060165405273 84.485466003418 84.7531051635742 84.91943359375 85.2448883056641 85.4956512451172 85.5673522949219 85.669677734375 85.941535949707 86.1961135864258 86.1531677246094 86.316780090332 86.5020904541016 86.8809432983398 87.0492782592773 87.1903228759766 87.1663284301758 87.2046890258789 87.2555618286133 87.3037948608398 87.4057998657227
79.2180252075195 79.4210433959961 79.6200332641602 79.6488342285156 79.8303909301758 80.0792388916016 80.3044128417969 80.5314559936523 80.7462463378906 80.8641967773438 81.0796127319336 81.0996780395508 81.3397750854492 81.402099609375 81.5293197631836 81.7237777709961 81.8948745727539 82.1884765625 82.6261672973633 82.7477035522461 82.8252258300781 83.072624206543 83.1687088012695 83.3121032714844 83.6906356811523 83.9601821899414 83.9331741333008 84.0500411987305 83.9419937133789 84.3848495483398 84.6067962646484 84.8574905395508 85.1145248413086 85.3865280151367 85.5366897583008 85.653564453125 85.812744140625 86.030403137207 86.1196594238281 86.2454299926758 86.4310989379883 86.5693130493164 86.7622451782227 87.0319213867188 87.2071075439453 87.2813720703125 87.2832946777344 87.2847900390625 87.5329742431641
79.1839370727539 79.4057998657227 79.5616683959961 79.65576171875 79.7831268310547 79.8850250244141 80.1698379516602 80.5597610473633 80.6144866943359 80.7159271240234 81.0487289428711 81.095947265625 81.2921981811523 81.417839050293 81.5439987182617 81.6049041748047 81.7865142822266 82.1026306152344 82.4452743530273 82.5469131469727 82.774772644043 83.2362747192383 83.237190246582 83.2617950439453 83.6739120483398 83.9308624267578 83.7559127807617 83.8019332885742 83.7265472412109 84.1987915039062 84.6442413330078 85.0497894287109 85.2446441650391 85.3410186767578 85.4459381103516 85.5798797607422 85.726318359375 85.9807739257812 86.0391693115234 86.1519088745117 86.3429641723633 86.4840316772461 86.6636123657227 86.7713928222656 86.9062805175781 87.0729446411133 87.0617218017578 87.1464920043945 87.4929656982422
78.8937454223633 79.1333312988281 79.391960144043 79.5422897338867 79.6086959838867 79.7599792480469 80.0028686523438 80.5355834960938 80.354866027832 80.49560546875 80.7339477539062 80.8890228271484 81.2515487670898 81.5327072143555 81.6334991455078 81.5607833862305 81.6468734741211 81.900764465332 82.3599853515625 82.4614181518555 82.7496795654297 83.0616302490234 83.104606628418 83.1353759765625 83.5160675048828 83.6987762451172 83.4922866821289 83.5325775146484 83.7146148681641 84.1601638793945 84.6160736083984 85.2417449951172 85.3113784790039 85.0927505493164 85.1872634887695 85.2316055297852 85.5429763793945 85.7929458618164 85.8586196899414 85.9886627197266 86.2093658447266 86.4485778808594 86.5801162719727 86.5523147583008 86.6565017700195 86.8846893310547 86.9025802612305 87.0528182983398 87.4909362792969
78.7020568847656 78.9869995117188 79.252815246582 79.3910827636719 79.4839401245117 79.5537338256836 79.744499206543 80.2374038696289 80.1160507202148 80.3221817016602 80.5503082275391 80.6745223999023 80.9394149780273 81.275276184082 81.5266952514648 81.6477966308594 81.5789031982422 81.7012481689453 82.2155609130859 82.4607772827148 82.5561752319336 82.7202224731445 82.7269592285156 82.8905487060547 83.3625793457031 83.5188064575195 83.2984237670898 83.4381866455078 83.7291717529297 84.1852416992188 84.4368286132812 85.0279846191406 85.0587921142578 84.8701324462891 84.9469299316406 85.0228729248047 85.2932281494141 85.5112609863281 85.739143371582 85.9689407348633 86.0966949462891 86.5066680908203 86.5690536499023 86.5394058227539 86.7345428466797 86.9041442871094 86.9950561523438 87.0061645507812 87.1930923461914
78.5590591430664 78.7391815185547 79.0402221679688 79.2344512939453 79.2196502685547 79.345588684082 79.5394058227539 80.0841293334961 80.0222930908203 80.1927032470703 80.4359436035156 80.5967330932617 80.8174438476562 81.1087493896484 81.3420028686523 81.6564407348633 81.6896209716797 81.6085205078125 82.2341461181641 82.4311370849609 82.3699111938477 82.5315322875977 82.5705490112305 82.6831207275391 83.1192321777344 83.3076019287109 83.2072601318359 83.3331527709961 83.6387634277344 83.8777923583984 84.0094146728516 84.5308609008789 84.8007965087891 84.7380294799805 84.7844848632812 84.9389343261719 85.1003265380859 85.3655624389648 85.6754989624023 85.8830718994141 85.9891128540039 86.4865798950195 86.7336349487305 86.7085113525391 86.8457641601562 86.9259262084961 86.9119644165039 86.8901672363281 87.0794525146484
78.3397369384766 78.5071868896484 78.804817199707 79.0034332275391 79.0387573242188 79.2401580810547 79.4596176147461 79.8970642089844 79.8688278198242 80.1171493530273 80.3731994628906 80.5579147338867 80.7896118164062 80.9751434326172 81.2317047119141 81.6162490844727 81.852668762207 81.8017807006836 82.1374740600586 82.2353973388672 82.3293762207031 82.4460144042969 82.4891510009766 82.5863418579102 82.9197540283203 83.1000137329102 83.0644683837891 83.2764739990234 83.594367980957 83.6993179321289 83.8001861572266 84.2903671264648 84.9182815551758 84.8590850830078 84.9209518432617 85.051025390625 85.06689453125 85.2584609985352 85.4949417114258 85.5500564575195 85.6246948242188 86.3286056518555 86.6725387573242 86.7554321289062 86.7181015014648 86.5824508666992 86.6220474243164 86.6964340209961 87.0019683837891
78.1635818481445 78.3509750366211 78.6607666015625 78.8681869506836 78.9509887695312 79.0941543579102 79.3446273803711 79.6354064941406 79.7487106323242 79.9986419677734 80.20703125 80.4533996582031 80.6834030151367 80.8191604614258 80.9671173095703 81.2783050537109 81.7079620361328 82.0150527954102 81.9769973754883 81.911979675293 82.1764831542969 82.3936462402344 82.4316101074219 82.5271224975586 82.7771835327148 82.9041595458984 83.0179748535156 83.3023376464844 83.5493927001953 83.7485809326172 83.819450378418 84.344612121582 85.1366271972656 85.3791809082031 85.4902420043945 85.3914108276367 84.9765167236328 85.1261367797852 85.0985946655273 85.1588516235352 85.3655776977539 86.2471008300781 86.4943389892578 86.5551528930664 86.3421783447266 86.1646270751953 86.3854675292969 86.6263275146484 86.9575347900391
77.9954986572266 78.2188949584961 78.3644104003906 78.6225814819336 78.7689666748047 78.8249206542969 78.9886016845703 79.4047698974609 79.6617660522461 79.8617248535156 80.0777359008789 80.3109359741211 80.4736099243164 80.5455856323242 80.7115173339844 81.1651840209961 81.6672897338867 82.0126876831055 81.8982772827148 81.7104949951172 81.9508590698242 82.2435150146484 82.3937911987305 82.372673034668 82.5197372436523 82.7137756347656 83.0841064453125 83.4379196166992 83.6490478515625 83.7609252929688 83.822380065918 84.2209396362305 85.177375793457 85.6518020629883 85.6172103881836 85.5418701171875 85.0659637451172 85.041145324707 84.8501586914062 84.9363174438477 85.2647552490234 85.8127288818359 86.0874862670898 86.1256332397461 86.2269744873047 86.2873840332031 86.1299896240234 86.4003143310547 86.7416534423828
77.9501876831055 78.2080612182617 78.2523574829102 78.4128875732422 78.5876159667969 78.6689147949219 78.9706573486328 79.235237121582 79.5271835327148 79.7488250732422 79.9872360229492 80.1679840087891 80.3454971313477 80.5258407592773 80.6549377441406 81.0413436889648 81.4985427856445 81.594856262207 81.6479721069336 81.6980590820312 81.9594345092773 82.0796585083008 82.1762847900391 82.2573165893555 82.329719543457 82.5625686645508 83.001838684082 83.4624176025391 83.7304840087891 83.6410903930664 84.0174560546875 84.1430282592773 84.6999206542969 85.4928207397461 85.4827117919922 85.3924179077148 85.0930709838867 84.9209442138672 84.7413635253906 84.8689498901367 85.1006164550781 85.6494293212891 85.9462509155273 85.8919219970703 86.0430221557617 86.130126953125 85.9835205078125 86.1935043334961 86.3684310913086
77.8620834350586 78.0252532958984 78.0908355712891 78.2995452880859 78.5245590209961 78.8128204345703 79.0879516601562 79.1910629272461 79.3950271606445 79.5709915161133 79.8873138427734 80.0162811279297 80.2363204956055 80.4698028564453 80.5406112670898 80.7108383178711 81.0990219116211 81.4178161621094 81.3127365112305 81.637321472168 81.8460006713867 81.9456329345703 81.9645309448242 82.029296875 82.2147750854492 82.4533081054688 82.7317581176758 83.0111694335938 83.2654800415039 83.3741455078125 83.9807891845703 84.223991394043 84.1784286499023 84.8747787475586 85.3057708740234 85.3711547851562 85.1070022583008 84.8201904296875 84.6060409545898 84.8242874145508 85.0529556274414 85.9278564453125 86.047966003418 86.0623474121094 86.0306625366211 85.810546875 85.9821395874023 85.986198425293 85.8182525634766
77.5829238891602 77.7261352539062 77.9774169921875 78.2090911865234 78.3641662597656 78.6617813110352 78.7599563598633 79.0561904907227 79.1900024414062 79.3106536865234 79.6305618286133 79.9129333496094 80.1461181640625 80.2864837646484 80.3409957885742 80.5732269287109 80.8738327026367 81.1106643676758 81.1441879272461 81.4197845458984 81.593994140625 81.7978439331055 81.8425445556641 81.8964233398438 82.1928863525391 82.3121643066406 82.4804229736328 82.6938323974609 82.8651580810547 83.4546890258789 84.2604141235352 84.3276062011719 83.8834686279297 84.2522277832031 84.9320220947266 85.4717864990234 85.442741394043 84.904296875 84.3934326171875 84.6659088134766 85.0053405761719 85.6718139648438 85.8152542114258 85.7792434692383 85.7219924926758 85.5301666259766 85.7350540161133 85.7320251464844 85.4926605224609
77.3861541748047 77.5598754882812 77.7438049316406 77.9526443481445 78.0455017089844 78.2920684814453 78.5155181884766 78.81005859375 79.0832824707031 79.1913986206055 79.4210205078125 79.7116546630859 79.9724807739258 80.1439208984375 80.1832580566406 80.4004440307617 80.5978393554688 80.70947265625 80.9876861572266 81.3350448608398 81.6203994750977 81.6983489990234 81.64599609375 81.7257461547852 82.0165481567383 82.2297286987305 82.3453903198242 82.7165222167969 82.987419128418 83.533203125 84.3767166137695 84.489372253418 84.0230331420898 83.9653930664062 84.2305374145508 84.6417999267578 84.8485488891602 84.6259460449219 84.2710113525391 84.3543548583984 84.693977355957 85.4367141723633 85.445930480957 85.3520126342773 85.3033905029297 85.2881164550781 85.3908081054688 85.5567169189453 85.5228805541992
77.1809005737305 77.2185821533203 77.3746337890625 77.625862121582 77.7824554443359 77.9148254394531 78.1395645141602 78.6842727661133 78.7983016967773 78.9564666748047 79.1725234985352 79.3976745605469 79.6324234008789 79.7513809204102 79.8053283691406 79.9656677246094 80.1160430908203 80.3408508300781 80.7280807495117 80.8782119750977 81.0720520019531 81.308479309082 81.6483383178711 81.9659042358398 81.8882751464844 81.9106140136719 82.0811386108398 82.4173736572266 82.9325714111328 83.3142852783203 83.7683258056641 83.9481201171875 83.4538497924805 83.5438079833984 83.5662536621094 83.6806106567383 83.8686141967773 84.0155563354492 84.158447265625 84.2940902709961 84.6761093139648 85.2230453491211 85.3641128540039 84.8979415893555 84.9558792114258 85.1281661987305 85.1877593994141 85.3233642578125 85.4830093383789
76.9827346801758 77.0678024291992 77.1599426269531 77.4121475219727 77.6239166259766 77.8709564208984 78.1216506958008 78.5289688110352 78.6320495605469 78.7713241577148 78.9674835205078 79.1760101318359 79.3743743896484 79.4883575439453 79.5750885009766 79.8263702392578 80.0401840209961 80.2908706665039 80.6959915161133 80.7469482421875 80.8872222900391 81.1343994140625 81.6993713378906 82.146614074707 82.0621719360352 81.9658203125 82.0375595092773 82.3709259033203 82.717658996582 83.0019302368164 83.0601959228516 83.4090576171875 83.4092407226562 83.6813125610352 83.6845855712891 83.8199081420898 84.0512619018555 84.0707244873047 83.9720611572266 84.1878890991211 84.6562118530273 85.780143737793 85.6611938476562 85.1245574951172 85.2831268310547 85.3058090209961 85.1349334716797 85.2229766845703 85.51318359375
76.8017349243164 76.952033996582 77.0310745239258 77.276123046875 77.6529846191406 77.8235778808594 77.9278335571289 78.3226852416992 78.4796295166016 78.6189804077148 78.8342361450195 79.079833984375 79.2751693725586 79.4104232788086 79.5585327148438 79.9287109375 80.0874633789062 80.2139739990234 80.6274871826172 80.690055847168 80.8067474365234 81.0843276977539 81.4221115112305 81.8489761352539 82.0999526977539 81.9819717407227 81.976936340332 82.2605438232422 82.4475479125977 82.8387298583984 82.8524322509766 83.0801849365234 83.4313430786133 83.9234313964844 84.1493759155273 84.3837814331055 84.4572067260742 84.338020324707 84.1444244384766 84.2871322631836 84.6733016967773 85.7443237304688 85.8265762329102 85.4815139770508 85.3813018798828 85.3496704101562 85.1291961669922 85.1360702514648 85.4256286621094
76.6548156738281 76.7600555419922 76.9127655029297 77.2130584716797 77.5140075683594 77.6231155395508 77.7526397705078 78.0668029785156 78.3470230102539 78.4929504394531 78.6095581054688 78.8527221679688 79.0515518188477 79.2794494628906 79.5325622558594 79.8351058959961 79.9848098754883 80.0319061279297 80.4294509887695 80.6194458007812 80.7589721679688 80.9248275756836 81.1065216064453 81.4737396240234 81.7323608398438 81.8853302001953 82.0530090332031 82.1365203857422 82.2402648925781 82.5838928222656 82.7707748413086 83.1558456420898 83.5978240966797 83.9216690063477 84.4605712890625 84.6177749633789 84.3850860595703 84.2488327026367 84.2098617553711 84.2021942138672 84.3966751098633 85.536491394043 85.7842102050781 85.5803146362305 85.3148040771484 85.2705764770508 85.2556838989258 85.1849670410156 85.3479614257812
76.4613723754883 76.6689910888672 76.7483673095703 76.9654235839844 77.1921615600586 77.3943252563477 77.6133728027344 77.9531097412109 78.1513214111328 78.3438339233398 78.4031600952148 78.6589584350586 79.0583343505859 79.4989471435547 79.6570892333984 79.6166076660156 79.8108596801758 79.9573364257812 80.3003234863281 80.4694900512695 80.8715744018555 80.9684143066406 80.9583511352539 81.1214599609375 81.4760971069336 81.8464508056641 81.9167098999023 81.9282836914062 81.9704513549805 82.7395629882812 83.2404708862305 83.1333694458008 83.3037643432617 83.54296875 84.2391662597656 84.3932495117188 84.2381362915039 84.2682876586914 84.2413177490234 84.2034759521484 84.3011932373047 85.6530914306641 85.8076324462891 85.6157150268555 85.4357147216797 85.3020858764648 85.2310104370117 85.1216659545898 85.3139877319336
76.3210067749023 76.510612487793 76.5529556274414 76.7962341308594 77.0107574462891 77.2255020141602 77.487663269043 77.9853286743164 78.1435089111328 78.2641296386719 78.2927169799805 78.4874649047852 78.9230194091797 79.407356262207 79.6312789916992 79.4777679443359 79.6292114257812 79.8386001586914 80.2254486083984 80.5718002319336 80.9756011962891 81.1035232543945 80.996223449707 80.9190902709961 81.4120483398438 81.7997360229492 81.7555389404297 81.8333511352539 81.9135513305664 82.9557952880859 83.5717926025391 82.968864440918 82.8859634399414 83.2179794311523 83.6987152099609 84.0966186523438 84.1965637207031 84.293571472168 84.240592956543 84.373649597168 84.7571029663086 85.649772644043 85.9465408325195 85.8297119140625 85.6510238647461 85.2136917114258 85.0294036865234 85.1421661376953 85.3004989624023
76.1643142700195 76.32373046875 76.367431640625 76.5367584228516 76.8393096923828 77.1292953491211 77.3057632446289 77.7823791503906 78.0049896240234 78.1991271972656 78.3657379150391 78.3981475830078 78.5920181274414 78.9909210205078 79.3082504272461 79.3484268188477 79.4248428344727 79.6774826049805 80.0988693237305 80.5043869018555 80.6672515869141 80.7450180053711 80.7925415039062 80.9704360961914 81.2676773071289 81.4325942993164 81.5600967407227 81.659423828125 81.9132080078125 82.6880874633789 83.1453018188477 82.7944030761719 82.6711120605469 82.9735794067383 83.3825912475586 83.7297439575195 83.7963027954102 84.2097473144531 84.5611419677734 84.6466827392578 84.9599914550781 85.7111587524414 85.9716415405273 85.9867248535156 85.7724761962891 85.0934371948242 84.9558410644531 85.2769546508789 85.4367446899414
76.0628509521484 76.2157592773438 76.367317199707 76.4779891967773 76.7052230834961 76.8789367675781 77.0379867553711 77.5297393798828 77.8500900268555 78.1587295532227 78.3810195922852 78.4419631958008 78.4243011474609 78.9534530639648 79.6997680664062 79.6114654541016 79.4196014404297 79.5841903686523 79.8190002441406 80.3730545043945 80.6151123046875 80.5783386230469 80.7671890258789 80.9850616455078 81.1154327392578 81.3112487792969 81.572265625 81.7389526367188 81.8684463500977 82.4959259033203 83.1784744262695 82.9845733642578 82.5207901000977 82.9200897216797 83.467887878418 83.8389358520508 84.0032653808594 84.0668869018555 84.3749618530273 84.7851867675781 84.7865295410156 85.528450012207 85.6104354858398 85.6351013183594 85.4082107543945 84.8963088989258 84.8286819458008 85.172981262207 85.3551025390625
