rcp8.5models/MPI_ESM_LR/sc1gr2.26
NCOLS 261 
NROWS 433 
XLLCORNER 336357.134 
YLLCORNER 654653.479 
CELLSIZE 1000 
NODATA_value -3.4e+38 
[rows 132 to 153 of 433, columns 98 to 146 of 261]
340.617980957031 341.193023681641 341.610046386719 341.988372802734 342.49072265625 342.48486328125 342.409057617188 342.079956054688 342.144287109375 342.459686279297 342.566101074219 342.933837890625 342.554534912109 343.031402587891 342.895172119141 342.447998046875 342.4697265625 341.903350830078 341.44677734375 340.882385253906 340.636596679688 341.037994384766 341.479736328125 341.800689697266 341.333923339844 341.456390380859 342.114990234375 341.461456298828 341.684295654297 342.537902832031 342.709014892578 342.397491455078 342.928649902344 343.133728027344 342.909057617188 343.110717773438 342.636138916016 342.333099365234 342.598510742188 342.013366699219 341.580718994141 341.722808837891 342.437835693359 343.376159667969 343.677276611328 343.507965087891 343.243225097656 343.4814453125 342.902862548828
340.31103515625 341.140777587891 341.198638916016 341.186950683594 341.608581542969 342.10546875 342.097991943359 342.09033203125 342.082550048828 341.9619140625 341.652435302734 342.495544433594 342.611541748047 342.559661865234 342.82373046875 342.09716796875 342.328704833984 341.997009277344 341.778106689453 340.978302001953 340.96875 340.959075927734 340.910919189453 340.804351806641 341.060333251953 341.597839355469 341.898803710938 341.888397216797 342.112945556641 342.7294921875 342.176330566406 342.227813720703 343.271392822266 342.823822021484 342.812744140625 342.656921386719 342.107666015625 341.877777099609 341.474731445312 339.644378662109 340.312927246094 341.141540527344 342.511627197266 343.127532958984 343.116119384766 342.827606201172 342.372314453125 342.959564208984 343.315765380859
340.737243652344 340.534484863281 340.529174804688 340.624816894531 341.19189453125 341.615356445312 342.108306884766 342.100646972656 342.092803955078 342.010437011719 341.640319824219 341.543884277344 341.898986816406 342.248565673828 342.952667236328 342.498901367188 342.015991210938 342.006774902344 341.786712646484 341.11376953125 341.440948486328 340.968658447266 340.868103027344 340.627166748047 341.031890869141 341.211730957031 341.908020019531 341.761657714844 341.542175292969 342.196319580078 342.004821777344 342.637725830078 343.304229736328 343.266571044922 342.677642822266 341.983032226562 341.224517822266 341.203002929688 340.595581054688 338.971466064453 339.891571044922 342.100921630859 342.717468261719 342.550109863281 342.281097412109 342.561706542969 342.358184814453 342.657073974609 343.228271484375
340.486724853516 340.161743164062 340.154907226562 340.316528320312 341.2421875 341.695892333984 341.621765136719 342.11083984375 341.989868164062 341.491394042969 341.408386230469 341.078552246094 341.26611328125 342.022491455078 342.802185058594 341.884185791016 341.902679443359 341.548187255859 341.920501708984 341.675537109375 341.771514892578 340.978118896484 340.96826171875 340.827453613281 340.099273681641 339.490020751953 341.917175292969 341.808410644531 341.575775146484 341.746704101562 341.537139892578 342.28564453125 342.521392822266 343.159881591797 342.579650878906 341.420776367188 340.3798828125 339.936492919922 340.361083984375 339.227478027344 340.082061767578 342.167266845703 341.846984863281 341.043884277344 341.408569335938 342.121215820312 342.268615722656 342.664947509766 342.927368164062
340.692474365234 340.172088623047 340.165222167969 340.219879150391 340.713012695312 341.456481933594 341.200897216797 341.515045166016 341.434020996094 341.105041503906 341.096832275391 341.088500976562 341.159057617188 341.393127441406 342.171539306641 341.128265380859 341.481048583984 341.454620361328 340.960510253906 341.290222167969 340.858337402344 340.987548828125 340.977600097656 340.612030029297 339.052154541016 338.766723632812 341.480072021484 342.052459716797 342.347137451172 341.654205322266 341.125518798828 341.872314453125 341.965667724609 342.274078369141 342.156829833984 341.320373535156 339.778289794922 339.438934326172 339.112518310547 338.497131347656 341.128143310547 341.285095214844 339.946228027344 339.99560546875 340.985717773438 341.697326660156 341.965789794922 342.833190917969 343.338806152344
340.506805419922 340.182342529297 340.175415039062 340.161193847656 340.224456787109 340.6494140625 341.138763427734 341.130981445312 341.123077392578 341.114990234375 341.106750488281 341.098358154297 341.08984375 341.081176757812 340.911895751953 341.177490234375 341.598968505859 341.270874023438 340.704406738281 340.800170898438 340.353851318359 341.454620361328 340.986877441406 340.394500732422 338.420532226562 339.190307617188 341.169372558594 341.886474609375 341.654113769531 341.362121582031 341.572662353516 341.881042480469 341.869903564453 341.858673095703 341.847351074219 341.327423095703 339.567962646484 339.540252685547 338.563873291016 338.943634033203 341.765808105469 341.4052734375 340.411407470703 340.572662353516 341.247863769531 341.454315185547 342.541168212891 343.209381103516 343.655578613281
340.209320068359 340.310211181641 340.700256347656 340.110473632812 339.854736328125 340.239227294922 340.478302001953 340.265838623047 340.822540283203 341.134613037109 341.323059082031 341.998565673828 -3.4e+38 341.018524169922 341.082458496094 341.0732421875 341.063903808594 341.141998291016 341.366149902344 341.035064697266 341.116180419922 341.244293212891 340.233978271484 338.767700195312 338.443450927734 340.205780029297 341.273223876953 340.942260742188 340.931396484375 341.022735595703 341.473358154297 341.755889892578 341.311248779297 341.156188964844 340.861389160156 341.170196533203 340.583251953125 340.276763916016 340.439056396484 341.793975830078 341.935119628906 342.3388671875 342.052856445312 341.432464599609 341.890777587891 342.408966064453 342.708404541016 342.980224609375 343.507568359375
339.944061279297 340.280548095703 340.523162841797 340.191070556641 340.183654785156 340.236541748047 340.544158935547 340.840789794922 341.152465820312 341.26220703125 341.815551757812 341.927215576172 340.997772216797 340.513275146484 341.091857910156 341.082611083984 341.073211669922 340.9365234375 340.592620849609 341.044250488281 340.904052734375 340.437896728516 339.711944580078 337.689453125 339.486663818359 340.662567138672 340.381225585938 340.371337890625 340.361297607422 340.491821289062 341.021820068359 341.225555419922 -3.4e+38 340.487121582031 339.844848632812 341.287261962891 340.738861083984 340.825866699219 341.079132080078 341.802001953125 341.906036376953 342.363647460938 342.491760253906 341.910003662109 342.428497314453 342.728576660156 342.716094970703 342.827209472656 343.150909423828
340.010437011719 340.001525878906 340.215270996094 340.200805664062 340.193359375 340.225189208984 340.422943115234 340.565979003906 340.676879882812 341.232482910156 341.545318603516 341.457244873047 340.924591064453 340.242065429688 341.225921630859 341.558837890625 341.082427978516 340.984222412109 340.742218017578 341.053314208984 340.820526123047 339.505889892578 337.70458984375 338.280181884766 340.233734130859 340.991821289062 339.970428466797 339.959594726562 339.948608398438 340.181823730469 340.926422119141 340.772064208984 340.1845703125 339.673706054688 339.927001953125 341.186614990234 340.857604980469 340.984436035156 341.506408691406 341.809997558594 341.951568603516 342.471557617188 342.654846191406 342.448059082031 342.748718261719 342.736236572266 342.723693847656 342.711090087891 343.376312255859
340.183746337891 340.058349609375 340.593841552734 340.21044921875 340.317352294922 340.686553955078 340.187561035156 340.179656982422 340.368041992188 341.163299560547 341.154907226562 341.146301269531 340.932678222656 340.335662841797 341.321624755859 341.8876953125 341.091552734375 341.081939697266 341.072174072266 341.062286376953 340.565612792969 338.628540039062 338.20361328125 339.835479736328 340.690734863281 340.864074707031 339.97900390625 339.968109130859 339.957122802734 340.049652099609 340.358428955078 340.242126464844 339.949768066406 340.15673828125 340.571533203125 340.877471923828 340.86572265625 340.955505371094 341.260162353516 341.401580810547 341.922546386719 342.380462646484 342.78125 -3.4e+38 342.756408691406 342.903106689453 343.136444091797 342.718627929688 343.529571533203
340.428436279297 340.331268310547 341.048736572266 340.675628662109 340.894470214844 341.013214111328 340.197021484375 340.250762939453 340.631103515625 341.172668457031 341.164215087891 341.155609130859 341.063690185547 340.817718505859 341.331939697266 341.895568847656 341.100555419922 341.090881347656 341.081085205078 340.940216064453 340.195556640625 339.448760986328 340.304595947266 340.709930419922 341.019714355469 340.910522460938 339.987518310547 339.836669921875 339.528686523438 339.954406738281 339.943145751953 340.075714111328 340.602203369141 -3.4e+38 340.897277832031 340.885559082031 340.724761962891 340.849945068359 340.837890625 341.094940185547 341.813568115234 341.919494628906 342.378051757812 342.776519775391 342.764007568359 342.873870849609 343.050170898438 342.887664794922 343.573883056641
340.380523681641 340.296661376953 340.584564208984 341.130981445312 341.221862792969 341.138092041016 340.692901611328 340.2392578125 340.436187744141 340.702331542969 -3.4e+38 341.164764404297 341.155944824219 341.146942138672 341.808319091797 341.903350830078 341.109466552734 341.099761962891 341.089904785156 340.987457275391 340.655944824219 340.739318847656 341.049285888672 341.038818359375 341.028259277344 341.017578125 339.995941162109 339.882629394531 339.654693603516 339.962677001953 339.951385498047 340.191009521484 340.783233642578 340.343627929688 340.480010986328 340.745269775391 340.347778320312 340.857818603516 340.998107910156 341.518524169922 341.666900634766 341.397033691406 341.916168212891 342.217803955078 342.364349365234 342.758972167969 342.746276855469 343.020050048828 343.707824707031
340.699829101562 340.244476318359 340.323089599609 341.238677978516 341.231140136719 341.105682373047 340.53369140625 340.207550048828 340.199371337891 340.393615722656 341.182525634766 341.173828125 341.164947509766 341.200531005859 342.010101318359 341.447937011719 341.247467041016 341.5673828125 341.0986328125 341.088592529297 341.078460693359 341.068206787109 341.057830810547 341.047302246094 341.036712646484 341.026000976562 340.443328857422 339.993225097656 339.982086181641 339.970886230469 339.959564208984 340.055236816406 340.254608154297 339.924987792969 340.023651123047 340.218536376953 340.151763916016 340.865631103516 341.121826171875 341.841278076172 341.711212158203 341.502563476562 341.960906982422 342.357666015625 342.466552734375 342.766418457031 342.914520263672 343.430084228516 -3.4e+38
341.085021972656 340.692718505859 340.318328857422 341.247863769531 341.240264892578 341.036682128906 340.224670410156 340.337005615234 340.809448242188 340.881378173828 341.191497802734 341.058624267578 340.703125 -3.4e+38 341.663208007812 341.40673828125 341.807067871094 342.025817871094 341.563140869141 341.09716796875 341.086975097656 341.076690673828 341.066253662109 340.919281005859 340.60107421875 341.034301757812 340.770080566406 340.001434326172 339.990234375 339.97900390625 339.967620849609 339.956146240234 339.944580078125 339.932952880859 339.921203613281 339.760406494141 339.439819335938 341.025299072266 341.545776367188 341.848968505859 341.836639404297 341.82421875 341.931945800781 342.391448974609 342.786529541016 342.773834228516 342.885406494141 343.346496582031 343.323516845703
341.173095703125 341.074188232422 340.685455322266 341.144256591797 341.214202880859 340.980346679688 340.677642822266 340.859527587891 341.027160644531 341.208953857422 341.200378417969 341.165344238281 341.136444091797 341.248260498047 341.290802001953 341.332672119141 341.546051025391 341.537322998047 341.435485839844 341.105621337891 340.961273193359 340.501007080078 340.627563476562 340.828735351562 340.152740478516 340.462463378906 340.339782714844 340.009521484375 339.998321533203 339.986999511719 339.975616455078 339.964080810547 339.806091308594 339.515777587891 340.077362060547 340.226593017578 339.325164794922 341.148620605469 341.868835449219 341.856536865234 341.844177246094 341.831726074219 341.819183349609 341.928192138672 342.388244628906 342.781188964844 342.768371582031 342.718994140625 343.419830322266
340.742980957031 341.162750244141 341.063079833984 341.090759277344 341.202331542969 340.996917724609 341.137786865234 341.202301025391 341.099792480469 341.217712402344 341.209106445312 341.239837646484 341.376800537109 341.285552978516 341.163360595703 341.064086914062 340.697265625 340.577697753906 340.64599609375 340.661895751953 340.873382568359 340.093322753906 340.180603027344 340.391693115234 340.061492919922 340.050659179688 340.028656005859 339.875457763672 339.573181152344 339.994934082031 339.983489990234 339.971954345703 339.850860595703 339.631134033203 340.196990966797 340.812286376953 340.369110107422 341.156860351562 341.876373291016 341.864044189453 341.851654052734 341.839172363281 341.826599121094 341.972320556641 342.488708496094 342.788482666016 342.614288330078 342.073638916016 342.776428222656
340.339813232422 340.639862060547 340.621185302734 340.720642089844 341.245391845703 341.171752929688 341.251159667969 341.243041992188 341.234771728516 341.101867675781 340.620330810547 340.61279296875 340.605010986328 340.761596679688 341.171752929688 341.099517822266 340.747711181641 340.299346923828 340.208892822266 340.21728515625 340.431335449219 340.101501464844 340.090942382812 340.080291748047 340.069549560547 339.918914794922 339.459075927734 339.344177246094 339.119842529297 339.427856445312 339.562469482422 339.833526611328 339.542694091797 340.104339599609 340.627380371094 340.932495117188 340.920471191406 341.012237548828 341.470031738281 341.871520996094 341.859069824219 342.003143310547 342.399200439453 342.508209228516 342.808532714844 342.795715332031 342.49609375 341.769866943359 342.036437988281
340.275848388672 340.305511474609 340.298248291016 340.361053466797 340.791229248047 341.267730712891 341.259735107422 341.251556396484 341.243255615234 341.100219726562 340.506927490234 340.217224121094 340.208190917969 340.287200927734 340.589233398438 340.712066650391 341.005065917969 340.388793945312 340.140533447266 340.023590087891 339.765289306641 340.109558105469 340.098968505859 339.949859619141 339.497467041016 339.385589599609 339.044464111328 339.033264160156 339.021942138672 339.010528564453 339.107208251953 339.305206298828 339.233489990234 340.2236328125 340.951995849609 340.940032958984 341.079162597656 341.471496582031 341.576019287109 341.878875732422 341.710510253906 341.722564697266 342.841217041016 342.828521728516 342.815734863281 342.802886962891 342.664459228516 342.176818847656 341.879241943359
339.824035644531 340.280181884766 340.240203857422 339.750213623047 340.295837402344 340.756866455078 341.058319091797 341.108245849609 341.121063232422 341.251281738281 341.156097412109 340.821685791016 340.663452148438 340.215240478516 340.196228027344 340.278991699219 340.526824951172 340.22265625 339.982971191406 340.146209716797 339.998962402344 339.680633544922 340.014892578125 339.684295654297 339.672454833984 339.519348144531 339.059875488281 339.048614501953 339.037200927734 339.025726318359 339.01416015625 339.112579345703 339.308074951172 339.389221191406 340.386932373047 340.219940185547 341.057922363281 341.504608154297 341.905853271484 341.737945556641 341.471832275391 341.589752197266 340.977722167969 341.720520019531 342.829956054688 342.655975341797 342.241729736328 342.265014648438 342.325744628906
338.990234375 339.704437255859 339.689056396484 339.375518798828 339.748565673828 -3.4e+38 340.493072509766 340.661254882812 341.007965087891 341.115539550781 341.216156005859 341.078094482422 340.876983642578 340.223175048828 340.2041015625 340.194366455078 340.104339599609 339.769653320312 339.714721679688 340.153961181641 339.970031738281 339.571075439453 340.122375488281 340.111572265625 340.100708007812 339.986328125 339.067413330078 339.056121826172 338.83642578125 338.419219970703 339.021575927734 339.009887695312 339.146667480469 339.78173828125 340.441314697266 340.645690917969 340.797882080078 341.196899414062 341.913024902344 341.781005859375 341.573608398438 341.596282958984 340.862609863281 341.096771240234 341.711059570312 341.573669433594 341.248992919922 341.363708496094 342.606567382812
339.223419189453 339.830963134766 339.317016601562 339.276428222656 339.481597900391 340.158538818359 340.228088378906 340.345794677734 340.656494140625 340.996154785156 341.064208984375 341.03515625 340.916351318359 340.497009277344 339.916900634766 339.962249755859 340.135589599609 339.896148681641 339.772705078125 339.817047119141 339.838836669922 339.857818603516 339.671936035156 339.619995117188 339.529541015625 339.519470214844 338.931060791016 338.488494873047 338.468505859375 338.584350585938 339.028900146484 338.956024169922 339.092010498047 339.993438720703 340.246063232422 340.969360351562 340.841217041016 341.204681396484 341.920135498047 341.907623291016 341.89501953125 341.760498046875 341.274597167969 341.016357421875 341.246032714844 340.830932617188 340.817901611328 340.804779052734 -3.4e+38
340.095794677734 340.169036865234 339.328521728516 339.256958007812 339.325103759766 339.578369140625 339.598785400391 339.698944091797 340.2041015625 340.528259277344 340.952911376953 340.909393310547 340.786956787109 340.364501953125 339.665863037109 339.454040527344 339.670166015625 339.794128417969 339.537261962891 339.394836425781 339.626068115234 339.810241699219 339.806396484375 339.764312744141 339.476470947266 338.872009277344 338.975830078125 338.6455078125 338.741577148438 339.047790527344 339.036163330078 338.978393554688 339.143280029297 340.000610351562 340.253936767578 340.976470947266 340.8115234375 341.212341308594 341.927124023438 340.821044921875 338.893341064453 341.483367919922 341.753387451172 341.550598144531 341.725708007812 341.076446533203 340.425842285156 340.975006103516 340.785125732422
