rcp8.5models/MPI_ESM_LR/sc1gr5.24
NCOLS 261 
NROWS 433 
XLLCORNER 336357.134 
YLLCORNER 654653.479 
CELLSIZE 1000 
NODATA_value -3.4e+38 
[rows 44 to 65 of 433, columns 49 to 97 of 261]
-3.4e+38 -3.4e+38 -3.4e+38 -3.4e+38 -3.4e+38 -3.4e+38 -3.4e+38 -3.4e+38 -3.4e+38 -3.4e+38 -3.4e+38 -3.4e+38 -3.4e+38 -3.4e+38 -3.4e+38 -3.4e+38 -3.4e+38 -3.4e+38 -3.4e+38 -3.4e+38 -3.4e+38 313.589904785156 313.887298583984 -3.4e+38 -3.4e+38 314.105773925781 314.098571777344 314.119934082031 313.871795654297 314.13427734375 314.601928710938 314.650695800781 314.656768798828 -3.4e+38 -3.4e+38 314.519561767578 314.515533447266 314.522155761719 314.681396484375 314.861267089844 314.664093017578 314.551422119141 314.617523193359 314.572448730469 314.578552246094 314.586029052734 314.537811279297 314.710632324219 314.718872070312
-3.4e+38 -3.4e+38 -3.4e+38 -3.4e+38 -3.4e+38 -3.4e+38 -3.4e+38 -3.4e+38 -3.4e+38 -3.4e+38 -3.4e+38 -3.4e+38 -3.4e+38 -3.4e+38 -3.4e+38 -3.4e+38 -3.4e+38 -3.4e+38 -3.4e+38 313.766876220703 313.868774414062 313.656280517578 313.482452392578 313.657318115234 314.046630859375 314.140655517578 314.107849121094 314.002746582031 313.952209472656 314.232299804688 -3.4e+38 314.611877441406 -3.4e+38 314.5478515625 314.494476318359 314.497833251953 314.612091064453 314.567779541016 314.413055419922 314.041473388672 314.353820800781 314.709411621094 314.667541503906 314.72802734375 314.736724853516 314.470092773438 314.641235351562 314.760223388672 314.93505859375
-3.4e+38 -3.4e+38 -3.4e+38 -3.4e+38 -3.4e+38 -3.4e+38 -3.4e+38 -3.4e+38 -3.4e+38 -3.4e+38 -3.4e+38 -3.4e+38 -3.4e+38 -3.4e+38 -3.4e+38 -3.4e+38 -3.4e+38 -3.4e+38 313.592132568359 313.663787841797 313.515472412109 313.455291748047 313.518127441406 313.573913574219 313.713775634766 314.052947998047 313.990173339844 313.939758300781 313.834808349609 314.156341552734 314.129943847656 314.701751708984 314.539886474609 314.589233398438 314.492401123047 314.4921875 314.334045410156 314.282135009766 314.1279296875 314.132873535156 314.245025634766 314.490417480469 314.821136474609 314.508270263672 314.511016845703 314.407958984375 314.690856933594 314.756561279297 314.822418212891
-3.4e+38 -3.4e+38 -3.4e+38 -3.4e+38 -3.4e+38 -3.4e+38 -3.4e+38 -3.4e+38 -3.4e+38 -3.4e+38 -3.4e+38 -3.4e+38 -3.4e+38 -3.4e+38 -3.4e+38 -3.4e+38 313.658264160156 313.550506591797 313.667449951172 313.607452392578 313.416412353516 313.499877929688 313.561187744141 313.572052001953 313.577545166016 314.031616210938 313.832794189453 313.598846435547 313.538482666016 314.080871582031 314.333129882812 314.333435058594 313.814758300781 314.477813720703 -3.4e+38 314.271240234375 314.165618896484 314.275421142578 314.127807617188 314.179992675781 314.189483642578 314.262420654297 314.321655273438 314.386138916016 314.394897460938 314.512634277344 314.744049072266 314.752716064453 314.758453369141
-3.4e+38 -3.4e+38 -3.4e+38 -3.4e+38 -3.4e+38 -3.4e+38 -3.4e+38 -3.4e+38 -3.4e+38 -3.4e+38 -3.4e+38 -3.4e+38 313.587585449219 313.370147705078 313.639892578125 313.622802734375 313.537994384766 313.633941650391 313.480072021484 313.429382324219 313.387756347656 313.5341796875 313.559204101562 313.564666748047 313.887603759766 314.061248779297 313.568481445312 313.430358886719 313.746734619141 314.094696044922 313.886962890625 -3.4e+38 313.473571777344 314.405303955078 314.150848388672 313.931457519531 -3.4e+38 314.100036621094 313.950408935547 313.951965332031 314.068908691406 314.090942382812 313.932983398438 313.938995361328 314.057891845703 313.794738769531 314.520416259766 314.090698242188 314.099914550781
-3.4e+38 -3.4e+38 -3.4e+38 -3.4e+38 -3.4e+38 -3.4e+38 -3.4e+38 -3.4e+38 -3.4e+38 -3.4e+38 -3.4e+38 313.997650146484 313.579742431641 313.467346191406 313.501617431641 313.616790771484 -3.4e+38 313.472290039062 313.370056152344 313.158752441406 313.134826660156 313.182800292969 313.194915771484 313.307525634766 313.88134765625 313.738800048828 313.863006591797 313.669250488281 313.897796630859 313.752593994141 313.510803222656 313.343139648438 313.339019775391 -3.4e+38 313.628082275391 -3.4e+38 -3.4e+38 313.975677490234 314.054046630859 314.063262939453 -3.4e+38 314.032012939453 313.872680664062 313.713439941406 313.665771484375 313.505462646484 313.963134765625 313.745788574219 313.862609863281
-3.4e+38 -3.4e+38 -3.4e+38 -3.4e+38 -3.4e+38 -3.4e+38 -3.4e+38 -3.4e+38 -3.4e+38 -3.4e+38 -3.4e+38 313.871368408203 313.654510498047 -3.4e+38 313.413208007812 313.524566650391 313.553314208984 313.374877929688 313.115142822266 313.039154052734 312.927520751953 313.024963378906 313.044036865234 313.092926025391 313.279174804688 313.856170654297 314.054138183594 314.08984375 313.822113037109 313.503692626953 313.544647216797 313.399993896484 -3.4e+38 313.402465820312 313.567230224609 -3.4e+38 313.481597900391 313.964477539062 314.152893066406 314.166595458984 314.065521240234 313.91357421875 313.756744384766 313.48828125 313.548553466797 313.557373046875 313.075012207031 313.518371582031 313.044555664062
-3.4e+38 -3.4e+38 -3.4e+38 -3.4e+38 -3.4e+38 -3.4e+38 -3.4e+38 -3.4e+38 -3.4e+38 -3.4e+38 -3.4e+38 313.813079833984 313.988220214844 314.126678466797 -3.4e+38 313.471862792969 313.394836425781 313.343933105469 312.909057617188 312.899810791016 312.969696044922 313.131378173828 313.049011230469 313.042175292969 313.048187255859 313.321228027344 313.890960693359 314.102630615234 313.985229492188 313.439727783203 313.367553710938 313.430236816406 313.441436767578 313.44873046875 313.614318847656 313.471374511719 313.905120849609 313.977142333984 313.930267333984 314.045867919922 313.895050048828 313.633575439453 313.583892822266 313.151428222656 313.103240966797 313.332916259766 -3.4e+38 312.853973388672 312.581420898438
-3.4e+38 -3.4e+38 -3.4e+38 -3.4e+38 -3.4e+38 -3.4e+38 -3.4e+38 -3.4e+38 -3.4e+38 -3.4e+38 -3.4e+38 313.686584472656 313.757507324219 313.603790283203 313.563232421875 313.497314453125 313.346954345703 313.329498291016 312.85986328125 312.950866699219 313.117858886719 313.078155517578 313.033630371094 313.353973388672 313.074554443359 313.046966552734 313.814056396484 314.046051025391 313.959320068359 314.094787597656 313.310516357422 313.417602539062 313.435180664062 313.550750732422 313.505920410156 313.785583496094 313.901824951172 313.971343994141 313.711090087891 313.872802734375 313.832336425781 313.069519042969 313.189056396484 -3.4e+38 -3.4e+38 313.106201171875 313.275817871094 312.458862304688 312.577880859375
-3.4e+38 -3.4e+38 -3.4e+38 -3.4e+38 -3.4e+38 -3.4e+38 -3.4e+38 -3.4e+38 -3.4e+38 -3.4e+38 -3.4e+38 -3.4e+38 313.527404785156 313.437622070312 313.610504150391 313.605865478516 313.564880371094 313.457397460938 312.893951416016 313.090515136719 313.170593261719 313.032562255859 313.020812988281 313.264801025391 312.950988769531 313.029083251953 313.808685302734 314.039306640625 314.013000488281 314.384246826172 313.968872070312 313.560485839844 313.543365478516 313.600433349609 313.451904296875 313.604827880859 313.677825927734 313.522613525391 313.748382568359 313.925506591797 313.718902587891 312.840911865234 313.016967773438 313.250701904297 313.423095703125 -3.4e+38 312.669952392578 312.388732910156 311.817535400391
-3.4e+38 -3.4e+38 -3.4e+38 -3.4e+38 -3.4e+38 -3.4e+38 -3.4e+38 -3.4e+38 -3.4e+38 -3.4e+38 -3.4e+38 -3.4e+38 313.584625244141 -3.4e+38 313.519500732422 313.513977050781 313.519287109375 313.484741210938 313.020599365234 313.031707763672 313.048370361328 313.011871337891 313.012969970703 312.956207275391 312.974792480469 313.242126464844 313.929901123047 314.041595458984 314.052459716797 314.054504394531 -3.4e+38 313.485290527344 313.583129882812 313.379913330078 313.435363769531 313.446044921875 313.396850585938 313.517303466797 313.905578613281 313.977752685547 313.112701416016 312.947509765625 313.123382568359 -3.4e+38 313.200347900391 312.824676513672 312.814727783203 312.164154052734 311.52587890625
-3.4e+38 -3.4e+38 -3.4e+38 -3.4e+38 -3.4e+38 -3.4e+38 -3.4e+38 -3.4e+38 -3.4e+38 -3.4e+38 -3.4e+38 -3.4e+38 313.824890136719 313.651428222656 313.477813720703 313.460205078125 313.571228027344 313.591278076172 313.709136962891 313.065582275391 312.992828369141 312.892028808594 312.672668457031 -3.4e+38 313.376922607422 313.359405517578 313.6552734375 314.011657714844 314.045349121094 313.8818359375 313.370727539062 313.404907226562 313.465789794922 313.267578125 313.424896240234 313.549072265625 313.400299072266 313.616760253906 313.300048828125 313.52099609375 312.828125 312.890472412109 312.623382568359 313.020050048828 312.146209716797 312.104919433594 -3.4e+38 312.489501953125 312.333587646484
-3.4e+38 -3.4e+38 -3.4e+38 -3.4e+38 -3.4e+38 -3.4e+38 -3.4e+38 -3.4e+38 -3.4e+38 -3.4e+38 -3.4e+38 -3.4e+38 -3.4e+38 -3.4e+38 -3.4e+38 313.448852539062 313.5546875 313.400909423828 -3.4e+38 313.696472167969 313.583587646484 312.889038085938 312.8857421875 313.031433105469 313.311798095703 313.342559814453 313.549835205078 313.559173583984 313.316955566406 313.321166992188 313.541839599609 -3.4e+38 313.56201171875 313.418365478516 313.143310546875 313.090393066406 312.988677978516 312.946533203125 312.734558105469 312.958953857422 312.807434082031 311.933868408203 312.113159179688 311.678314208984 312.521423339844 312.4736328125 312.702606201172 312.599182128906 312.619201660156
-3.4e+38 -3.4e+38 -3.4e+38 -3.4e+38 -3.4e+38 -3.4e+38 -3.4e+38 -3.4e+38 -3.4e+38 -3.4e+38 -3.4e+38 -3.4e+38 -3.4e+38 -3.4e+38 -3.4e+38 -3.4e+38 -3.4e+38 313.316162109375 313.297424316406 -3.4e+38 313.796447753906 313.546264648438 313.244720458984 313.330902099609 313.437164306641 313.235900878906 313.271667480469 313.236572265625 313.193542480469 313.471496582031 313.544189453125 313.396453857422 313.337707519531 313.074890136719 312.919128417969 312.921936035156 312.768615722656 312.825714111328 312.729278564453 312.733917236328 312.799255371094 311.8759765625 311.717346191406 311.564147949219 312.240966796875 312.635528564453 312.805694580078 312.599945068359 312.556610107422
-3.4e+38 -3.4e+38 -3.4e+38 -3.4e+38 -3.4e+38 -3.4e+38 -3.4e+38 -3.4e+38 -3.4e+38 -3.4e+38 -3.4e+38 -3.4e+38 -3.4e+38 -3.4e+38 -3.4e+38 -3.4e+38 -3.4e+38 -3.4e+38 313.465087890625 313.755493164062 313.792633056641 313.799163818359 313.457397460938 313.475341796875 313.486450195312 313.185363769531 313.167663574219 313.175170898438 313.182830810547 313.404846191406 313.425231933594 313.165832519531 313.002197265625 312.574432373047 312.566925048828 312.686309814453 312.097900390625 312.752166748047 312.665985107422 312.068450927734 312.787628173828 312.588897705078 312.317962646484 311.943176269531 312.400024414062 312.791381835938 312.532745361328 312.4228515625 312.124084472656
-3.4e+38 -3.4e+38 -3.4e+38 -3.4e+38 -3.4e+38 -3.4e+38 -3.4e+38 -3.4e+38 -3.4e+38 -3.4e+38 -3.4e+38 -3.4e+38 -3.4e+38 -3.4e+38 -3.4e+38 -3.4e+38 -3.4e+38 -3.4e+38 313.695922851562 313.77294921875 313.784057617188 313.790710449219 313.492584228516 313.363098144531 313.036346435547 -3.4e+38 313.159881591797 313.167541503906 313.175354003906 313.355346679688 -3.4e+38 312.718231201172 312.766723632812 312.077270507812 311.731811523438 312.113372802734 311.761016845703 312.521026611328 312.823028564453 311.902282714844 -3.4e+38 -3.4e+38 -3.4e+38 312.383514404297 312.613159179688 312.518768310547 312.453735351562 311.825439453125 311.881042480469
-3.4e+38 -3.4e+38 -3.4e+38 -3.4e+38 -3.4e+38 -3.4e+38 -3.4e+38 -3.4e+38 -3.4e+38 -3.4e+38 -3.4e+38 -3.4e+38 -3.4e+38 -3.4e+38 -3.4e+38 -3.4e+38 -3.4e+38 -3.4e+38 -3.4e+38 313.768768310547 313.559387207031 313.545440673828 313.572113037109 313.210296630859 313.049102783203 313.137359619141 313.152038574219 312.833374023438 313.256439208984 312.902496337891 312.364227294922 312.088836669922 312.028656005859 312.329071044922 311.642364501953 311.676177978516 311.744384765625 311.858764648438 312.254486083984 311.94384765625 -3.4e+38 -3.4e+38 312.591857910156 312.489379882812 312.445739746094 312.344787597656 312.393768310547 311.637268066406 311.547729492188
-3.4e+38 -3.4e+38 -3.4e+38 -3.4e+38 -3.4e+38 -3.4e+38 -3.4e+38 -3.4e+38 -3.4e+38 -3.4e+38 -3.4e+38 -3.4e+38 -3.4e+38 -3.4e+38 -3.4e+38 -3.4e+38 -3.4e+38 -3.4e+38 313.720947265625 313.759887695312 313.462738037109 313.548553466797 313.284759521484 313.132537841797 -3.4e+38 312.918792724609 313.020263671875 313.002197265625 313.308837890625 312.813262939453 312.272064208984 311.766937255859 311.704742431641 312.408599853516 312.180908203125 311.688354492188 311.738372802734 311.695251464844 311.922576904297 311.934906005859 -3.4e+38 -3.4e+38 312.364593505859 312.374420166016 312.328704833984 312.330169677734 311.902496337891 311.472839355469 311.371032714844
-3.4e+38 -3.4e+38 -3.4e+38 -3.4e+38 -3.4e+38 -3.4e+38 -3.4e+38 -3.4e+38 -3.4e+38 -3.4e+38 -3.4e+38 -3.4e+38 -3.4e+38 -3.4e+38 -3.4e+38 -3.4e+38 -3.4e+38 -3.4e+38 313.388244628906 313.393829345703 313.205627441406 313.348083496094 313.126007080078 -3.4e+38 313.120422363281 312.92578125 313.075378417969 313.250427246094 313.316314697266 312.848449707031 312.475372314453 312.375183105469 312.048736572266 312.031860351562 312.041748046875 311.730834960938 311.843536376953 311.744354248047 311.917572021484 311.929107666016 -3.4e+38 312.568115234375 312.303009033203 312.311828613281 312.212371826172 312.113342285156 311.990905761719 311.458068847656 311.265991210938
-3.4e+38 -3.4e+38 -3.4e+38 -3.4e+38 -3.4e+38 -3.4e+38 -3.4e+38 -3.4e+38 -3.4e+38 -3.4e+38 -3.4e+38 -3.4e+38 -3.4e+38 -3.4e+38 -3.4e+38 -3.4e+38 -3.4e+38 -3.4e+38 313.130889892578 313.014312744141 313.076263427734 313.134002685547 313.100433349609 -3.4e+38 -3.4e+38 313.182220458984 312.585510253906 312.605010986328 312.618438720703 312.376831054688 312.169616699219 312.441589355469 312.527709960938 312.544616699219 311.890380859375 312.382904052734 312.675231933594 311.969177246094 312.024383544922 311.812744140625 311.989318847656 312.398986816406 312.297821044922 312.305694580078 312.151245117188 312.096527099609 311.731964111328 311.511077880859 311.308563232422
-3.4e+38 -3.4e+38 -3.4e+38 -3.4e+38 -3.4e+38 -3.4e+38 -3.4e+38 -3.4e+38 -3.4e+38 -3.4e+38 -3.4e+38 -3.4e+38 -3.4e+38 -3.4e+38 -3.4e+38 -3.4e+38 -3.4e+38 -3.4e+38 -3.4e+38 312.695953369141 313.149261474609 312.871612548828 313.070739746094 313.095672607422 312.775726318359 312.80908203125 312.317199707031 312.185241699219 312.187957763672 312.476593017578 312.125793457031 312.001373291016 312.110534667969 312.838958740234 312.441528320312 312.595062255859 312.826080322266 -3.4e+38 312.187927246094 312.084594726562 311.650390625 312.281890869141 312.292510986328 312.30029296875 312.1474609375 312.14111328125 311.49951171875 311.403381347656 311.354309082031
-3.4e+38 -3.4e+38 -3.4e+38 -3.4e+38 -3.4e+38 -3.4e+38 -3.4e+38 -3.4e+38 -3.4e+38 -3.4e+38 -3.4e+38 -3.4e+38 -3.4e+38 -3.4e+38 -3.4e+38 -3.4e+38 -3.4e+38 -3.4e+38 312.679504394531 312.786529541016 312.869598388672 312.858215332031 313.063842773438 313.0869140625 312.626434326172 312.493560791016 311.961151123047 311.891235351562 311.458587646484 312.283477783203 312.491882324219 311.963317871094 311.844329833984 312.1640625 312.794403076172 312.54150390625 -3.4e+38 -3.4e+38 312.570037841797 312.689331054688 312.03076171875 311.839263916016 312.180694580078 312.404418945312 312.238800048828 311.713989257812 311.598114013672 311.342712402344 311.347442626953
