rcp8.5models/MPI_ESM_LR/sc1gr6.15
NCOLS 261 
NROWS 433 
XLLCORNER 336357.134 
YLLCORNER 654653.479 
CELLSIZE 1000 
NODATA_value -3.4e+38 
[rows 176 to 197 of 433, columns 98 to 146 of 261]
1611.76379394531 1611.01989746094 1616.21118164062 1625.55895996094 1627.67041015625 1630.345703125 1632.15856933594 -3.4e+38 -3.4e+38 -3.4e+38 1639.77819824219 1639.95947265625 1641.68908691406 1647.83068847656 1650.97827148438 1653.75854492188 1657.40808105469 1662.01135253906 1665.67529296875 1669.55029296875 1670.70141601562 1673.92077636719 1676.587890625 1678.103515625 1683.95678710938 1688.44262695312 1695.71496582031 1699.892578125 1706.88732910156 1711.53955078125 1716.84716796875 1715.37048339844 1714.15466308594 1715.07275390625 1714.79309082031 1713.22619628906 1715.5419921875 1730.15856933594 1737.041015625 1744.17138671875 1754.8720703125 1752.76879882812 1759.58154296875 1767.91052246094 1765.12487792969 1766.24877929688 1766.46203613281 1770.12646484375 1772.00085449219
1611.32019042969 1609.97570800781 1613.0302734375 1624.01586914062 1626.59851074219 1628.19970703125 1630.55346679688 1630.79772949219 1633.162109375 1636.78686523438 1638.81506347656 1639.3271484375 1640.38488769531 1646.90869140625 1646.68603515625 1650.72375488281 1651.58044433594 1655.14465332031 1658.33239746094 -3.4e+38 1666.33264160156 1671.3154296875 1676.29516601562 1676.1806640625 1681.65124511719 1688.53857421875 1696.61779785156 1700.43762207031 1703.75903320312 1708.61547851562 1714.22497558594 1715.84460449219 1715.02404785156 1714.48107910156 1715.29724121094 1712.20886230469 1714.54858398438 1728.28845214844 1738.00134277344 1746.05090332031 1754.22424316406 1757.58959960938 1766.13073730469 1765.53344726562 1759.48608398438 1759.37109375 1759.25756835938 1761.46032714844 1764.73742675781
1609.87902832031 1609.41906738281 -3.4e+38 -3.4e+38 1622.52685546875 1627.47143554688 1627.74133300781 1627.91125488281 1630.57482910156 1632.52490234375 1634.83874511719 1638.6220703125 1639.2470703125 1643.3876953125 1645.9013671875 1649.84521484375 1650.36877441406 1652.42004394531 1652.24047851562 1657.61828613281 1664.3037109375 1671.34191894531 1674.33642578125 1673.42858886719 1676.517578125 1683.60693359375 1695.05786132812 1700.40869140625 1701.90014648438 1705.60717773438 1709.68774414062 1713.44763183594 1713.98059082031 1713.48425292969 1711.92712402344 -3.4e+38 1719.0849609375 1728.27319335938 1737.35791015625 1746.21984863281 1759.01867675781 1773.98718261719 1783.025390625 1760.61535644531 1756.13696289062 1753.5556640625 1757.24951171875 1755.79077148438 1761.18347167969
1607.9541015625 1608.33874511719 1609.31555175781 -3.4e+38 1616.02429199219 1622.14331054688 1624.279296875 -3.4e+38 1631.15393066406 1629.07946777344 1629.36450195312 1634.15173339844 1637.20922851562 1638.35815429688 1643.12805175781 1646.21325683594 1649.49450683594 1650.29467773438 1650.75866699219 1655.94165039062 1660.91662597656 1669.10949707031 1672.08227539062 1671.39672851562 1674.44299316406 -3.4e+38 1690.0068359375 1693.9716796875 -3.4e+38 1705.52221679688 1709.32336425781 1712.03173828125 1711.73864746094 1710.28930664062 -3.4e+38 -3.4e+38 -3.4e+38 1728.92346191406 1736.20849609375 1743.39477539062 1759.36291503906 1778.06103515625 1778.35888671875 1755.75073242188 1752.39929199219 1748.52111816406 1750.13317871094 1752.56811523438 1766.59143066406
1606.18505859375 1606.95910644531 1605.33410644531 1612.2373046875 1616.91491699219 1618.50476074219 1620.62512207031 1626.0673828125 1629.17346191406 1625.50512695312 1626.50061035156 1630.16796875 1634.33935546875 1634.04663085938 1638.9658203125 1643.06921386719 1646.96911621094 1648.42224121094 1649.82189941406 1655.95715332031 1659.0302734375 1667.60168457031 1671.53015136719 1673.04577636719 1676.89440917969 1677.91418457031 1686.90515136719 1690.1533203125 -3.4e+38 1703.03479003906 1706.96398925781 1710.2177734375 1712.19738769531 1709.94702148438 1709.88684082031 -3.4e+38 1713.22875976562 1728.23657226562 1732.34777832031 1740.79919433594 1754.48303222656 1768.58728027344 1763.82531738281 1749.83032226562 1746.3076171875 1742.97082519531 1743.08996582031 1750.05261230469 1769.99768066406
1603.47241210938 1607.10656738281 1606.35192871094 1608.93566894531 1615.96154785156 1619.27465820312 1621.58459472656 1626.37902832031 1625.08996582031 1623.52001953125 1624.30139160156 1628.54711914062 1630.31530761719 1634.2236328125 1636.35925292969 1639.94177246094 1643.88049316406 1646.29821777344 1647.26745605469 1651.8095703125 1656.17126464844 1664.90808105469 1669.02600097656 1672.32373046875 1676.55676269531 1678.60266113281 1687.86328125 1690.60412597656 1693.38061523438 1696.96984863281 1702.42822265625 1707.83557128906 1713.83996582031 1712.8466796875 1708.93676757812 -3.4e+38 1713.20288085938 1723.79333496094 1729.59680175781 1739.79406738281 1748.31286621094 1759.51806640625 1761.37231445312 1746.46081542969 1742.48815917969 1739.541015625 1741.48706054688 1747.72143554688 1765.90832519531
1602.64086914062 1606.14868164062 1603.50939941406 1604.93151855469 1610.62707519531 1616.25573730469 1619.37390136719 1624.76477050781 1622.66931152344 1622.03161621094 1621.42663574219 1625.7919921875 1630.44921875 1633.24084472656 1635.30041503906 1636.58813476562 1641.53771972656 1645.04504394531 1643.54638671875 1646.60595703125 1652.82727050781 1659.86389160156 1665.16918945312 1669.00756835938 1675.59045410156 1679.61279296875 1689.57360839844 1694.3291015625 1695.84948730469 1694.94140625 1701.60559082031 1709.34436035156 1714.25817871094 1715.73486328125 1714.31506347656 1711.10473632812 1713.27209472656 1722.85388183594 1729.36267089844 1736.61108398438 1742.92053222656 1748.41772460938 1751.39672851562 1741.70300292969 1737.65197753906 1735.75915527344 1736.939453125 1745.77258300781 1765.2939453125
1601.40368652344 1605.35192871094 1604.3408203125 1603.96520996094 1605.84997558594 1611.79577636719 1616.6552734375 1621.84509277344 1622.09338378906 1619.42041015625 1620.72314453125 1624.57604980469 1630.22265625 1630.17102050781 1634.94592285156 1633.58215332031 1640.74194335938 1645.51330566406 1642.82934570312 1644.61560058594 1652.30261230469 1660.828125 1664.681640625 1668.28137207031 1675.75451660156 1679.91479492188 1694.06506347656 1696.59582519531 1696.33532714844 1698.19299316406 1702.96838378906 1708.72937011719 1712.81958007812 1714.76184082031 1714.7294921875 1708.88037109375 1714.08312988281 1727.02429199219 1732.66552734375 1736.01672363281 1741.48815917969 1738.66333007812 1739.7783203125 1736.4501953125 1733.43811035156 1730.87573242188 1733.9248046875 1744.66040039062 1760.74670410156
1596.19604492188 1599.27282714844 1603.15844726562 1603.88635253906 1606.20739746094 1611.84790039062 1615.31848144531 1622.5595703125 1621.20007324219 1616.33142089844 1618.06188964844 1623.18078613281 1628.84252929688 1628.14758300781 1632.08288574219 1632.29235839844 1640.90441894531 1644.88146972656 1641.40649414062 1644.63671875 1650.51208496094 1657.98181152344 1661.50476074219 -3.4e+38 1672.70617675781 -3.4e+38 1703.50793457031 1697.62670898438 1699.07116699219 1701.52404785156 1702.97058105469 1706.08251953125 1712.91638183594 1713.26770019531 1710.17956542969 1708.53173828125 1714.72973632812 1728.20434570312 1736.16479492188 1741.734375 1742.59765625 1735.17822265625 1731.7392578125 1733.23364257812 1731.89477539062 1727.59777832031 1732.71923828125 1740.93005371094 1748.24694824219
1586.28198242188 -3.4e+38 -3.4e+38 1602.11596679688 1604.71105957031 1607.56127929688 1613.01232910156 1614.42639160156 1612.51110839844 1611.029296875 1613.57861328125 1622.5849609375 1624.88952636719 1627.06079101562 1628.25988769531 1629.83288574219 -3.4e+38 1641.68347167969 1640.2900390625 1640.59899902344 1645.03698730469 1652.3427734375 1658.59802246094 1665.64294433594 1670.39147949219 1679.17749023438 1698.17004394531 1703.53881835938 1705.68591308594 1706.91137695312 1705.99658203125 1708.11279296875 1713.93273925781 1711.2568359375 1712.67456054688 1718.72045898438 1717.73474121094 1730.88269042969 1740.55310058594 1750.42126464844 1744.16174316406 1737.62878417969 1734.00524902344 1729.55981445312 1725.75378417969 1728.97082519531 1726.87243652344 1727.25427246094 1732.89001464844
1580.74145507812 1582.69738769531 1587.11865234375 1598.73315429688 1600.08288574219 1602.775390625 1606.64270019531 1610.35681152344 1610.57702636719 1610.67395019531 1613.23498535156 1618.82958984375 1624.73657226562 1629.21398925781 1628.76220703125 1631.35327148438 1634.39050292969 1645.775390625 1654.23510742188 1642.19543457031 1645.01171875 1650.35766601562 1658.31750488281 1664.79382324219 1669.95983886719 1675.92272949219 1696.95385742188 1713.38146972656 1713.34802246094 1712.77136230469 1710.35632324219 1711.12768554688 1714.318359375 1714.07495117188 1718.78491210938 1727.93139648438 1719.97619628906 1730.33642578125 1741.41052246094 1753.19213867188 1743.48754882812 1736.75646972656 1732.40954589844 1728.20495605469 1728.94030761719 1731.00830078125 1727.55786132812 1727.41528320312 1729.87536621094
1575.85705566406 1579.625 1584.51013183594 1590.83471679688 1594.07983398438 1599.15063476562 1603.46325683594 1608.84545898438 1606.47338867188 1607.29321289062 1612.30322265625 1616.90600585938 1622.25708007812 1625.78662109375 1629.67614746094 1631.20458984375 1634.57568359375 1645.95703125 1655.02624511719 1643.44677734375 1645.6640625 1649.43225097656 1658.57836914062 1665.837890625 1668.01123046875 1675.39672851562 1726.47399902344 1796.11059570312 1741.68054199219 1715.88916015625 1713.16430664062 1713.39428710938 1715.73120117188 1719.18664550781 1722.15832519531 1730.30480957031 1721.31140136719 1737.27062988281 1747.48229980469 1758.43725585938 1751.3447265625 1734.6162109375 1729.82836914062 1732.18090820312 1732.94775390625 1732.39599609375 1732.08776855469 1732.06164550781 1734.47705078125
1573.79626464844 1578.64965820312 1583.51574707031 1584.71557617188 1588.0390625 1595.39892578125 1602.50512695312 1605.33227539062 1601.9150390625 1604.38342285156 1607.38244628906 1613.57312011719 1617.06884765625 1620.17614746094 1639.36169433594 1634.71618652344 1638.16235351562 1642.59899902344 1646.37353515625 1640.875 1643.89965820312 1647.52722167969 1654.88171386719 1662.05102539062 1664.99670410156 1672.57360839844 1793.49108886719 1950.21704101562 1836.1259765625 1717.87243652344 1716.94787597656 1716.04748535156 1721.68884277344 1723.60705566406 1724.74536132812 1729.95715332031 1723.451171875 1741.43090820312 1753.01977539062 1762.57702636719 1754.62084960938 1734.13488769531 1729.54248046875 1734.98327636719 1735.64147949219 1736.87707519531 1737.64099121094 -3.4e+38 1763.41003417969
1572.98657226562 1576.26989746094 1581.21899414062 1580.62878417969 1586.18225097656 1591.16931152344 1598.54736328125 1601.37280273438 1600.18115234375 1602.14001464844 1605.13610839844 1608.22583007812 1612.59558105469 1616.31286621094 1639.88171386719 1636.99890136719 1638.97448730469 1641.16918945312 1646.55334472656 1643.71716308594 1644.08471679688 1647.83825683594 1653.4248046875 1660.12133789062 1664.45654296875 1675.36535644531 1838.77893066406 -3.4e+38 1840.86584472656 1723.74829101562 1721.376953125 1722.23828125 1729.71020507812 1731.11901855469 1730.185546875 1735.76220703125 1726.9541015625 1742.65612792969 1756.17309570312 1764.517578125 1746.06518554688 1735.25817871094 1734.10363769531 1738.83081054688 1740.98571777344 1743.1767578125 1741.63781738281 1738.04406738281 1767.69030761719
1570.87145996094 1572.56909179688 1577.96069335938 1579.37438964844 1584.86315917969 1588.90869140625 1595.2412109375 1596.27368164062 1597.68774414062 1602.77551269531 1605.28759765625 1606.24011230469 1613.25512695312 1617.72229003906 1631.83020019531 1639.54296875 1637.32495117188 1641.6376953125 1648.41833496094 1647.72058105469 1647.18811035156 1650.30981445312 1654.99633789062 1662.06726074219 1665.1240234375 1674.88952636719 1901.62622070312 -3.4e+38 1821.43908691406 1730.35546875 1725.25415039062 1727.44494628906 1736.66772460938 1738.81591796875 1736.48400878906 1739.66247558594 1731.990234375 1744.50476074219 1754.62646484375 1759.04382324219 1741.99768066406 1737.60302734375 1741.44006347656 1748.68908691406 1747.21154785156 1745.95739746094 1744.15600585938 1746.32250976562 1755.8828125
-3.4e+38 1570.77099609375 1574.29479980469 1578.81799316406 1582.99499511719 1587.0947265625 1591.33947753906 1593.30224609375 1595.10900878906 1599.82836914062 1602.21105957031 1603.83679199219 1612.88232421875 1615.94018554688 1631.61865234375 1641.52856445312 1639.99365234375 1646.22827148438 1650.12634277344 1648.55871582031 1650.27722167969 1650.71667480469 1656.04626464844 1664.34606933594 1665.06457519531 1671.89294433594 1920.48059082031 -3.4e+38 2002.60791015625 1729.91357421875 1726.728515625 1732.81811523438 1742.20654296875 1743.53527832031 1736.67065429688 1737.72229003906 1736.02563476562 1747.98217773438 1752.53747558594 1752.13684082031 1744.74865722656 1739.52661132812 1748.48583984375 1757.13037109375 1757.37976074219 1753.56774902344 1751.525390625 1753.95349121094 1764.49243164062
1569.22473144531 1573.74096679688 1576.44775390625 1581.021484375 1585.51232910156 1589.07202148438 1589.62268066406 1592.52673339844 1596.98693847656 1598.92102050781 1600.09692382812 1602.75561523438 1609.60583496094 1615.07922363281 1631.10925292969 1637.92724609375 1643.22448730469 1647.63977050781 1653.03955078125 1650.52319335938 1653.65637207031 1653.806640625 1657.86682128906 1666.99243164062 1670.07971191406 1676.65515136719 1794.98474121094 1923.67236328125 1919.02014160156 1722.044921875 1726.35217285156 1735.74584960938 1743.76538085938 1745.71765136719 1739.92199707031 1741.45385742188 1738.90368652344 1752.29235839844 1757.90844726562 1753.52490234375 1748.44665527344 1745.96313476562 1755.97595214844 1767.10192871094 1784.98071289062 1798.02392578125 1768.90649414062 1777.22778320312 1776.5986328125
1568.5146484375 1573.23327636719 1576.63098144531 1582.18505859375 1585.24108886719 1587.00891113281 1591.18334960938 1595.58349609375 1600.45080566406 1605.19506835938 1605.92333984375 1606.98522949219 1608.77478027344 1616.44763183594 1627.60424804688 1634.21228027344 1639.06420898438 1646.16174316406 1655.95617675781 1654.1240234375 1656.79748535156 1656.97229003906 1661.19812011719 1669.91418457031 1673.35437011719 1677.24926757812 1698.69909667969 1707.51098632812 1728.408203125 1717.41809082031 1723.38305664062 1733.26733398438 1742.33264160156 1748.6298828125 1748.78686523438 1748.70690917969 1742.78479003906 1757.87438964844 1765.44189453125 1757.27160644531 1763.31408691406 1777.3994140625 1767.13818359375 1779.92736816406 1794.69323730469 1807.38745117188 1782.74438476562 -3.4e+38 1826.09814453125
1566.107421875 1571.07897949219 1575.06237792969 1580.29309082031 1582.78857421875 1584.35192871094 1590.36547851562 1593.94226074219 1599.12573242188 1607.69091796875 1609.65112304688 1611.3154296875 1611.40588378906 1617.58642578125 1626.06604003906 1631.65771484375 1636.64343261719 1645.73352050781 1654.90881347656 1658.06555175781 1659.18701171875 1660.115234375 1663.31494140625 1673.75305175781 1679.92077636719 -3.4e+38 1689.05310058594 1695.49072265625 1706.6513671875 1714.82543945312 1720.11657714844 1729.9365234375 1741.841796875 1753.99340820312 1752.21374511719 1750.99975585938 1748.46459960938 1761.60144042969 1769.78088378906 1763.13403320312 1772.37072753906 1786.29736328125 1782.16491699219 1801.408203125 1807.78161621094 1815.05895996094 1788.03112792969 1812.56921386719 1876.79357910156
1570.58227539062 1574.38024902344 1579.09875488281 1581.60168457031 1583.42749023438 1585.34533691406 1588.65771484375 1590.78332519531 1596.15563964844 1604.40551757812 1610.49328613281 1611.84484863281 1614.34326171875 1621.10546875 1631.55712890625 1635.7431640625 1638.19775390625 1645.16711425781 1651.71203613281 1661.11962890625 1662.27697753906 1664.94079589844 1667.00366210938 1675.3154296875 1686.05187988281 1687.23388671875 1692.10485839844 1698.55737304688 1706.78588867188 1714.76013183594 1724.88732910156 1733.22241210938 1742.63488769531 1750.83947753906 1753.70874023438 1756.35632324219 1757.1259765625 1765.8515625 1776.28955078125 1775.41931152344 1776.07788085938 1779.60205078125 1788.966796875 1802.62609863281 1805.69201660156 1808.0830078125 1784.4013671875 1803.82543945312 1852.71301269531
1579.48352050781 1580.71215820312 1585.84875488281 1588.44079589844 1593.22094726562 1593.65112304688 1593.06274414062 1593.34887695312 1600.33618164062 1607.17553710938 1608.99890136719 1610.8984375 1615.85034179688 1624.94702148438 1638.97204589844 1648.12536621094 1652.45935058594 1654.4482421875 1658.01965332031 1664.52355957031 1669.01135253906 1672.64208984375 1678.91174316406 1682.79272460938 1692.12683105469 1698.8466796875 1703.42993164062 1706.8271484375 1712.89904785156 1721.43591308594 1729.568359375 1737.63073730469 1744.84753417969 1749.30261230469 1759.88024902344 1772.29016113281 1782.3818359375 1779.64343261719 1788.61389160156 1797.89416503906 1800.79272460938 1801.64245605469 1803.18713378906 1821.93139648438 1851.45166015625 1797.99487304688 1786.53698730469 1815.22790527344 1798.72668457031
1584.74877929688 -3.4e+38 1587.08642578125 1594.94213867188 1597.64465332031 1595.33825683594 1596.58642578125 1598.75244140625 1603.0380859375 1606.63439941406 1608.82727050781 1614.33996582031 1620.16064453125 1626.30505371094 1641.44519042969 1652.47143554688 1652.26232910156 1654.32885742188 1657.76281738281 1661.50500488281 1667.45434570312 1672.46105957031 1683.20129394531 1687.37609863281 1695.48791503906 1703.84143066406 1710.41418457031 1716.03442382812 1721.04516601562 1727.15222167969 1733.88488769531 1741.85546875 1750.19714355469 1757.79956054688 1767.00830078125 1780.30712890625 1789.130859375 1786.23083496094 1795.98962402344 1808.54711914062 1813.78137207031 1810.64477539062 1801.42456054688 1813.19567871094 1847.37646484375 1824.10729980469 1790.87463378906 1821.9765625 1788.70336914062
