rcp8.5models/MPI_ESM_LR/sc1gr4.3
NCOLS 261 
NROWS 433 
XLLCORNER 336357.134 
YLLCORNER 654653.479 
CELLSIZE 1000 
NODATA_value -9999 
[rows 264 to 285 of 433, columns 50 to 99 of 261]
268.257897524595 268.070621543211 268.325293153562 268.387850835167 268.255579718936 268.38393663672 268.249365108097 268.600960799367 268.721597817045 268.429745966803 268.175645409001 268.496620821363 268.445229424751 267.992150655682 267.544439876722 267.299796479075 267.444988293411 266.640013660367 266.644155927604 267.208311376304 267.420827451275 267.193761740595 266.817525055362 266.47903713204 265.986095853681 266.003035383437 267.186638878373 267.733542904593 267.407617471946 266.530690955344 265.773068061535 265.602135972608 265.934062110082 266.253567899419 266.163040075822 265.578231766895 265.175489130523 265.617465630427 265.708398842243 265.528919058452 265.071813345793 264.5424745876 263.442446513578 263.250147908834 264.151002673017 261.788532209954 260.597268073117 260.267891182905 254.780542442517 256.554899001198
268.421813573106 268.075899754743 268.011612064308 268.140145398265 268.29903946026 268.421147476184 267.907139288798 267.990020888285 268.602441013304 268.832715370361 268.420780748956 268.031308465638 268.064110360222 268.207919003078 267.952836021684 267.654267739596 267.727473417542 266.293365741706 266.453312656728 267.032144914592 267.261429135781 267.140978784851 266.650615460062 266.342692037564 266.045589950488 265.836077879254 266.944341159561 267.95817004149 267.443698520189 267.30146483473 266.679310092576 265.943735494086 265.848501089062 266.024962277161 266.046367153252 265.364656228465 265.119501042796 265.563818105928 265.540890131934 265.318453784442 265.325509683052 264.541957081295 263.573228020879 262.750528353908 262.7003623845 261.493599100598 260.554665481437 258.496424436455 250.340442301343 251.86363242926
268.098285340309 267.897997081937 267.828444762652 267.927309727167 268.103109051418 268.171814441841 267.698501685959 267.676876248985 267.553773049049 267.776671653317 268.296570235333 268.118523796943 268.252449101146 268.344240542834 268.491111317748 268.275348922791 267.749049776325 266.890470016407 266.914568762359 267.269007698532 267.20081477403 267.608590979273 267.616962667705 266.708738094625 266.150668841849 266.752352469842 267.178088034016 267.946882784204 267.593706440625 267.043036299886 266.347787759264 265.991036396333 265.446529699969 264.998875486557 264.965582566766 265.470690533285 265.245520617984 265.449103925716 265.424533756806 264.98737220459 265.234562990895 264.663542670756 263.341035048085 260.671315366073 257.938790345614 259.536131596008 261.419569713286 252.860036458135 242.121609389295 248.032115871995
267.8645111531 267.819305335974 267.836372835972 267.960007475085 268.192894690566 268.259124292291 267.438643280162 267.64701344103 267.550989312133 267.277395269282 267.692279380459 267.405515230445 267.600596000333 268.165284565772 268.518848755376 268.431304870457 267.915679129337 267.406573766807 267.575796293482 267.294229815516 266.9198603599 267.365156142113 267.831718699287 266.68070450265 266.107899385287 267.485264855578 267.885955144245 268.21471882028 267.926638314593 266.782330389673 265.541306766548 265.619024678857 265.676997165431 265.483086304054 265.382265053869 265.541873181153 265.397169282861 265.400260351862 265.404543251905 265.107039045214 265.262603591463 264.900477777192 264.018862075109 262.616556924881 261.440482519972 261.398150759716 261.09729306308 253.869354124557 246.52565892008 250.640857469529
268.304157311595 268.099231198751 267.799032460644 267.932832793342 268.472768342227 268.561103566262 267.262361249898 267.750263914916 267.932372926942 267.840892960098 267.722704414747 267.165804437651 266.948913931539 267.33087699756 268.09961238385 268.370861322493 268.192525728962 267.791992648988 267.565571669861 267.193248725781 267.162718660256 267.574818660502 267.849313665591 266.652552185716 266.222017121724 267.91150442754 268.315305077209 268.137142785881 267.660474086345 266.429065361313 264.198369269392 264.637639124798 266.304462442549 265.882843964487 266.277792227247 266.054713861487 265.885509462597 265.635241752658 265.316922586622 265.051227567435 264.689657045375 265.186247869441 264.914669794763 264.095325539102 262.803352861942 262.191698547424 260.987139977154 250.73624463306 244.314995391635 253.405268128476
268.4675366858 268.054855780128 267.937974232141 268.173353685369 268.639559410213 268.88590722122 267.441921506597 268.0150724801 268.125337101558 268.195372229927 268.043699959695 267.680755118376 267.352482422048 267.23434462321 267.404832284014 267.878231447033 268.223054784906 267.755531634004 267.41520203953 267.425183504257 267.456939899894 267.855897097635 267.960840177599 266.896983009718 266.730020574556 268.140678873976 268.026987572698 267.546764567714 267.384198575965 266.762323543284 264.539599835195 265.146227292783 266.751724281515 266.36423453535 266.641214013519 266.391854555109 266.288254784692 265.856270530461 265.156906947722 264.918041742235 263.538622864452 263.613895813377 263.928560021928 262.57581122879 261.204241799832 260.702310093808 261.845062496618 253.271742128939 247.614131970968 257.447329624287
268.557596938726 268.293327445645 268.306629496721 268.625054705291 268.659818451851 268.559517833168 267.714616146783 268.349719713641 268.412204416823 268.244013529449 268.371548417654 267.86857012184 267.521054002881 267.120536627575 266.717217716338 267.156971962398 267.972688578412 267.416761859309 267.23099678247 267.433206382165 267.64341238592 267.796373760321 268.226345675857 267.691304237601 267.396975777636 268.128330385716 267.93953926908 267.480729278248 267.977588578588 267.866787884139 266.391252089023 265.954538561494 266.699539252795 266.888278735055 266.962914236612 266.520646445803 266.095870935283 265.891943022335 265.615553831472 265.32493824769 262.37782841257 260.510476027765 260.759826442096 259.851449657792 259.776452713374 260.57753540791 261.793654917357 255.910656209803 249.23122408186 258.150046768644
269.259739897972 268.854713295054 268.643898250409 268.878781254044 268.910450357097 268.519224952627 268.185425601362 268.435200722608 268.263917576985 268.238937583168 268.261274269896 268.085712733965 267.698041412137 267.247599376489 266.53030537867 265.927710363455 266.784248777903 267.180144197223 267.061220993803 267.217960775095 267.623470085909 268.1677488717 268.311237345948 267.80562826042 267.732172124126 268.399558264671 268.196538524801 267.63229072294 268.131634980731 268.366280591414 266.629056016417 264.377155379363 265.214158812698 265.785371159304 266.230860015626 266.429087207637 266.202533522737 266.252195584701 266.507725143323 266.535402160762 262.095514610867 259.6386145256 259.85076854806 260.669343296486 262.009582302118 262.996572125941 262.786421488652 257.476913766577 252.121367560243 258.957699180886
269.721260146039 269.431685611987 269.179769168538 269.225008391936 269.202943948502 268.83491286404 268.664494889714 268.791477408221 268.37776462327 268.004243275493 267.832215637875 268.069960882449 268.125975681968 267.654817545354 266.813578777664 265.718789542687 265.842296723151 267.361080305457 267.67409104241 267.524992387057 267.422001341268 268.124923782456 268.4649871746 268.008464850212 268.100040193407 268.228187186092 267.77379364041 267.46402085908 267.557093830034 268.224891217617 266.049568146294 261.834214201898 261.566885890554 261.897116944822 262.750918223448 266.238797633615 266.428898621596 266.968835984345 267.272792134827 267.147048156373 261.760456700222 259.792467500027 260.465143204118 263.784868935377 265.162357749434 264.502875670179 263.133891090786 257.996615339683 255.696571903538 261.853501562026
269.493015798053 269.56147969092 269.407349184799 269.381000212557 269.329695343298 269.194777546821 268.838605070344 268.561695161123 268.391943308687 268.121861051985 268.128214614747 268.286394716753 268.252296050711 267.559617830112 266.934009155069 265.938095040101 264.976262397476 267.247534137488 268.096201201944 267.669004535159 267.768542206492 268.103714033907 268.827585166396 268.781064776077 268.575405428686 268.020741095362 266.876370633988 266.158140027339 267.069968494839 267.492805461601 266.332330890865 261.239559996394 259.340342319117 260.5110444653 260.979201540531 265.512124833303 266.629807010241 267.478895974039 267.554338828107 267.021938488359 264.218786731382 262.905051323778 263.39630751293 263.960232750082 263.776206672692 265.321466310669 263.643770148589 258.733946558604 257.793018530447 263.527387506174
269.055665288636 268.916238700074 268.999970798165 269.161844510507 269.043188912945 268.616665675685 268.537286305545 268.222596382787 268.097272466646 267.998490578244 268.209423441321 268.373263859087 268.145278847457 267.697496497164 267.003815092035 266.40803767419 266.43743153925 267.755515493691 268.141308007576 267.702205781855 267.900044501523 268.250383097102 268.683183727161 269.198814556443 268.79272686235 267.935970932613 266.484567060689 265.234498155014 266.799144007483 266.207053331229 266.458350887514 263.511780414433 259.926732063409 261.267258349481 262.418426389711 265.105898786857 266.479087852595 267.685530400623 267.649111357912 267.327288737963 265.361061062242 264.437441302378 265.131990487712 264.29791456508 264.077912645059 265.794284873628 264.943963361604 262.948564350504 262.452985478736 264.250423970489
269.002809695971 268.770009604362 268.755204471349 268.453286825221 267.83673193259 267.811794283829 268.364913472197 268.215822177186 268.037003349032 267.850970892375 267.924611957145 268.030433306165 267.992341110502 268.018081344283 267.793548985188 267.081346033264 266.567488953612 268.296802820767 267.884057852916 267.623828945512 268.056987151993 268.561642050978 268.953847533324 269.226805230277 268.859087522233 268.299202464457 267.487030179781 266.660147244183 267.353428342564 265.559994227708 265.272279678182 265.68329699023 262.970755696412 261.27307206886 261.576067285031 264.502905271664 266.210599934775 267.77931161401 267.723165147734 267.064461825496 262.871848884455 263.244467259669 263.661498945914 264.020718366661 265.899002085919 265.537224064557 265.459273268311 265.851211731834 265.019060800136 262.925331134492
269.098318814916 268.872640372452 268.817241749297 268.602626871265 268.256565184394 268.61993682103 268.347587978465 268.346594079815 268.448497721728 268.277114486859 267.820473013792 267.862067445508 268.062495803956 268.248577141063 267.9060831194 267.208211972433 267.065574525172 268.705749306004 267.960168075405 267.636291691423 267.959942672147 268.567036030478 268.911570207707 268.56455558691 268.482301781299 268.306764785277 268.18787596911 268.067526404152 267.013519382054 263.797342342394 263.546309005201 266.657669657461 265.905594375158 262.451340311978 258.570344669224 260.374506363174 264.850202686631 268.041886237973 267.764588194058 266.961519804438 263.790424218523 263.990612908388 264.573250227702 264.980560874852 266.580556251808 265.97376019135 266.039290465176 266.613633564251 265.7579182285 263.679472322463
269.218143115103 269.240381205043 269.262981222924 269.254372320863 269.057170522753 269.148517267628 268.935633313904 268.755881211999 268.7226141556 268.561236993109 267.879480327444 267.995251438952 268.187177736149 268.323620548566 268.348215069232 268.12837495763 268.288900878912 268.756284400092 267.818875742824 267.283086502799 267.86195684561 268.871042190713 268.946164872692 268.50528731913 268.176646986024 268.06290235591 267.625022635196 267.341317797304 266.572839643657 263.192690292608 263.200038054657 266.632056349175 267.265431592198 265.965661757822 263.416634935102 263.531841592239 266.055419826526 268.015774469791 268.005116351656 267.404941356235 264.939201506222 265.172954034163 266.232998709061 266.745851489751 267.031834828106 266.816119041491 266.472719736838 266.318931778488 265.430629824578 264.225225145177
268.787103557396 268.859564356897 269.057273690792 269.109226532982 269.116796132224 269.113040754446 268.856068664749 268.510630202245 268.505073312954 268.300982261564 267.944840423554 268.09258777802 268.312625314973 268.683011268533 268.857936191362 268.960495104336 268.958472640444 268.749263629527 268.971568520237 268.855829173546 268.673087010494 267.783754725799 266.833124736389 267.786707333217 268.296161094889 268.440362468081 268.019605972849 266.582481202233 266.127460653895 264.322777870894 264.140785814836 267.564371254847 267.997423777029 268.174203943017 268.095310428321 267.624439245186 267.69417569991 268.134957576452 267.827921379405 267.314279762211 265.076810162831 264.79757175288 267.183662341433 267.132316384617 266.808799445578 267.187319235151 266.688004896298 265.864950606382 263.772187571176 261.26196539199
268.786265644326 268.785380802398 269.00902301661 269.135513248549 268.815012185231 268.822859856201 268.858082743028 268.686496445787 268.84153170947 268.549368005897 268.207384833169 268.575204004786 268.694725283325 268.740237035393 268.663076863604 268.862601958289 268.790134879112 268.425112254798 268.747162927993 268.820951851295 268.679085978501 267.120746520503 265.873461254373 266.80969605851 268.015902006465 268.260761891965 267.80121068448 267.020243105662 267.023091587706 266.986972712665 266.452451970327 267.461210501182 266.861333162087 267.083544127465 267.149481718768 266.606718987665 266.788482302256 267.79065033946 267.700072501391 266.397464516216 261.332200427815 261.976628867298 265.445471230189 264.593905283199 265.006348418956 267.211728766564 266.759673670226 265.468745740095 262.990477712271 261.566371166988
268.785424251198 268.759047930294 268.883266321444 268.946813117719 268.643633628022 268.744289732315 269.047209108842 268.89847433975 268.896026993892 268.788970515966 268.718139363048 268.852798226378 268.884522750488 268.610858473357 267.837247474002 268.107983090383 268.511637151097 268.287903936442 268.613412399153 268.755323516023 268.503560653574 267.839589882769 266.657362897381 266.417051693894 267.509588003673 268.094551651222 267.618232916192 267.119788363506 267.733899986479 268.300663453273 267.832775604709 266.714879474542 265.228929797129 264.119366495638 263.959386965231 264.538831604098 265.404809229625 267.13163819779 266.980882426191 265.354521333984 260.446283603502 260.462417410352 263.022975528265 263.657464453627 264.408881168939 266.559533474782 266.561940937811 265.366431080008 263.982798233551 263.268409485141
269.014979473588 268.867261266125 268.865871744604 268.844813586688 268.614645572509 268.717364183498 268.863440888909 268.611025965554 268.808325137471 268.865499282522 268.870766319769 268.841743788686 268.721466020976 268.485029192966 267.824372021989 267.821105268223 268.375200617822 268.37312543632 268.448485373941 268.607721346391 268.446976973564 268.358034503651 267.724462266689 267.505004020954 267.196991703121 267.297567063631 267.645347785872 267.328712178215 267.863849142137 267.933745471885 266.936873494539 265.342266576998 264.508807557243 261.750004173927 261.521230502583 264.188142277539 265.619030187592 266.645193285861 267.053875061035 266.163073852007 260.474256648449 259.927263014185 262.031834692914 263.575472428203 264.037886463605 265.179627599564 266.005738636512 265.222263853112 265.181536280042 265.386909850996
268.909754642097 269.311141816769 268.979265328814 268.7013163767 268.607226357401 268.553043075383 268.565786424866 268.439543692572 268.535474386579 268.883616289845 268.866975150595 268.226015105248 267.162188018713 267.150500442786 267.843407101591 268.085823247109 268.215385747522 268.233710861449 268.562286449684 267.925877898635 267.8097280746 268.288464470922 268.379191696902 267.732851613007 266.655885422355 266.979507636848 267.677579923474 267.959542521279 265.917617607465 264.82527845497 266.852198936141 266.449903263862 265.824712488298 262.733087790235 262.116486609891 264.167830146584 265.088434451917 265.756115398654 266.631112761395 266.196429887094 258.600619328275 258.533675817884 261.102394819669 262.448704602557 263.478663043354 264.875551277626 265.994031890819 264.747409538815 263.899134065352 264.148539822166
268.657058066319 269.078005682775 268.879361768407 268.680489400911 268.539707961289 268.575501875924 268.287998952864 268.193978966905 268.165119709069 268.753762454295 269.075872053238 268.220373907973 267.041392765004 266.967113133802 267.794750847892 268.093660117604 268.267997917863 267.872751638628 267.371356255844 266.779890939302 267.047122852599 267.875757919535 268.477584865551 267.15453586065 266.265531612293 267.136426470681 267.713317208203 268.092168254501 264.796485604316 262.91109080165 266.75670698903 267.62823683873 266.962714260013 265.088435794046 263.420315844074 263.583596465923 264.070025002377 265.08782646735 264.951683388023 263.296098131203 258.228078797533 256.577482167472 257.96240250922 260.126151529172 263.650022438729 265.586182944663 265.435883903017 264.152074975754 262.947966681186 261.963623776424
268.823518550773 268.895515753367 268.862814420474 268.814303616265 268.721667851883 268.649355077272 268.415544840583 268.058369859626 267.98198722352 268.184489700792 268.739960480287 268.755210134471 268.040025740365 267.671705413642 267.851441938337 268.085704534369 268.377926614767 268.017447366861 266.798159440528 266.930172795931 267.832414388632 268.236127008343 268.02338902234 267.543692092989 267.379507932285 267.726787705986 268.081846471588 267.887042248951 265.441299107904 264.182390121789 266.747248943259 267.930595746933 267.410785675442 266.217682347529 265.217597687379 265.456744922774 263.938957114821 262.213688475106 262.370065760344 261.58162093433 257.179641622769 255.56402954914 255.74696683015 258.601686517178 264.499140783712 265.676038456618 264.191146531161 263.367415007649 262.331566258655 259.345767356363
268.541719153099 268.811706603816 268.834249377402 268.865790589864 268.935474109371 269.019479598247 268.474850138261 268.115192440932 267.715704316881 267.612725510362 268.159167502901 268.548369261225 267.076169713018 264.819932717225 265.999287782386 267.826137439262 267.956895920604 268.447124316497 267.14427324187 267.05575917397 268.173248377291 268.164048145858 267.806198396654 267.555939438599 267.519068763003 267.609739670022 267.648926540182 267.752327493057 265.839974513786 263.183494341737 264.798018132118 268.054781842319 267.331049372687 265.540169714859 264.080260773283 263.804954968197 264.355600629591 262.972872504107 261.464881692774 261.789874849141 258.166855098479 257.790836105675 258.096860926277 260.909674228612 265.063625437261 265.770164772595 264.13481700313 263.588960253033 263.478027190819 260.410883152978
