rcp8.5models/MPI_ESM_LR/sc1gr2.6
NCOLS 261 
NROWS 433 
XLLCORNER 336357.134 
YLLCORNER 654653.479 
CELLSIZE 1000 
NODATA_value -9999 
[rows 374 to 395 of 433, columns 100 to 149 of 261]
313.323101056735 315.842193077038 314.186419959221 310.916513188162 304.195540798122 299.050640018319 300.304242067717 305.749300289093 309.010765514822 309.994158900865 310.889160775035 307.411913876702 298.447282118137 296.44711004692 294.47143957148 291.264550292905 286.732958945719 284.550167443876 283.488809152777 281.224221175409 281.573018667112 284.557083296225 288.728514303261 291.743383418349 294.829582094486 295.069806358378 294.413159143784 295.492318843818 298.191078954994 300.80793412315 304.413268025308 305.226085019326 306.801766737122 312.302489302415 318.625341221014 320.04925947106 315.22501427672 315.930576562331 322.658519017205 325.998942461165 326.441088363194 327.08857964361 327.325664868789 -9999 -9999 -9999 -9999 -9999 -9999 328.180341611786
312.036239503089 312.594408461994 315.676306778697 315.009575707017 308.66209720638 303.256442654067 302.858030068492 303.600141175986 305.036185276719 308.529722909402 311.329776072105 308.712120888177 296.872339576941 289.755349177315 286.490637276354 281.788648378839 278.00366866579 277.461385126395 277.520157166047 276.283802994231 276.59020264936 280.197454979469 285.428167275831 291.153423887461 300.934534297961 301.749747123065 302.037605846642 301.602233336057 299.529322858396 298.816549570434 301.347963627 303.294689628094 305.712649710924 307.939546384866 310.199996572232 322.868208023121 321.39115031596 320.392432759919 323.825957568728 325.76905963005 326.415047505706 326.459844093877 326.695738457342 327.232284907488 327.767250613189 -9999 -9999 328.21031172404 328.211347923007 328.044609125927
309.457254833399 309.847526079683 312.979127901622 315.191555080584 314.013835568167 312.067904275576 309.546616074213 307.33445866831 307.26006072136 309.866398496588 311.348427415213 310.603866170204 302.673450569029 294.153592851017 289.120929564759 284.387741729609 282.175494651948 282.186174757185 280.211686247773 278.822544431119 278.869505410119 281.539116019842 287.563278196718 293.251739392199 301.390048737722 303.812830346315 305.058255570012 304.053596117648 304.593636597482 306.690714822335 304.977201148544 301.892795553229 305.191109342212 310.053506101753 310.654825363789 321.68074172259 324.50139626973 325.348060164104 325.292771358296 325.142767993548 325.788993806188 325.946214986265 326.440912413007 -9999 -9999 -9999 -9999 328.15255151594 328.080622709597 328.10017621602
304.688836737926 309.437448579385 310.729355391449 312.345831462113 312.834432499057 310.723892970038 308.740356505656 306.963693680233 305.114482147916 308.694147449476 311.580743167574 310.829841694395 307.906332983486 304.023336753566 299.733319067065 296.044270198247 292.935109884564 290.945693803337 287.754637445407 285.33845995626 283.871211511605 285.677217271286 291.982895006549 297.246838099208 304.528800173055 306.067965639743 308.472097447887 307.294348850192 305.639034642979 309.053252553263 311.015427838136 308.406217940069 309.14482043294 313.509712452478 313.988244328989 319.184205670415 323.504254174689 325.224303513943 325.36873232128 325.078526424719 325.302868101867 326.017299802263 326.423465096792 326.476909155142 326.815540237146 327.231570451776 327.649485178654 327.909347524936 327.758200567933 327.971016898921
303.635613358559 303.549564207543 306.071194972726 307.8607085952 308.857552281055 306.372130842307 303.816550645215 301.055816210426 298.540431777817 300.315145523387 303.471039391839 305.369573606795 306.167485358141 304.291141522271 300.505293344592 297.509702564224 294.53186617648 291.765827808883 288.807961871663 285.555153641369 283.042977297575 284.008022781421 288.687656659449 294.8129713988 305.636311330139 306.911120036455 310.104239685313 311.97509495087 309.38334079202 309.597490012988 312.153773581438 314.256439761869 315.571823093349 317.463374439476 317.484342739919 313.977218514576 320.110414571078 324.211784351859 325.447624072727 325.655705952726 325.952873660806 326.235538178322 326.421240770277 326.348198414817 326.689602496659 327.105589052626 327.867798657347 327.539968635493 327.627324065343 327.843520038389
305.340548849656 300.29863650326 301.20965675991 303.889219278267 304.831781508424 304.091322665841 301.100553597146 297.568419049304 295.29291766696 291.77186612609 291.092385469232 293.297067530017 295.740246683263 296.161434559211 292.244094449115 288.635908280903 287.412213386222 286.23000822057 284.771319366377 283.30864935816 282.281033885051 282.448406930444 284.10089646267 288.584730794443 298.342568687751 298.609503699857 304.517781103284 310.42884633405 313.205272072743 313.064890103147 312.808186695837 314.185650365383 316.978286223507 320.156163153042 320.851969651321 313.091392851536 317.003300603322 322.999184345012 325.029302788314 325.773145720514 326.389057067693 326.416306641576 326.495125968036 326.725214034702 327.062016532071 327.286868570603 327.677351592433 327.420212420598 327.698549616312 327.630941013104
305.808624644487 303.072268383186 301.868968906976 302.220061652566 302.704240399297 302.139159454749 299.360373342468 296.396355119323 294.402436300776 291.470510809136 289.437391595136 287.90884770953 287.956774760664 289.236389670005 286.134056489354 283.016609921158 283.011574804449 282.992081688309 283.226461839255 283.496361245392 283.033390137472 282.723640618585 282.758308727225 284.046557292775 289.609033169497 291.97465270076 300.285910450362 306.88318544429 311.279121573426 313.205161158913 313.706573740899 313.993007622447 315.050436426732 318.568541531658 321.346844969204 319.067428022021 318.929567366695 321.586634119821 324.113388222685 324.983128273916 325.538917621124 325.838187227195 326.072033885645 326.799806536292 327.421336056294 327.439705894836 327.660818767382 327.312779197679 327.611086190881 327.83214812449
304.234251804654 304.753989924143 303.46105512872 303.017213290351 302.954319803579 302.459377025537 302.318815289104 301.075950604743 298.253874996763 294.66278284431 292.602079718803 290.92364924233 291.948270369708 291.436411144101 288.476519038919 285.372923110345 283.58207032757 283.226829693726 284.502592252843 284.319428674295 283.502663827701 282.567747404138 281.005850487579 281.137556501245 281.865428807952 287.309046427825 296.312004925475 300.815588365005 304.557575784809 309.043713315068 311.554982247749 313.206777176081 313.710134596963 315.338957794678 317.150078621053 319.897713742705 318.949429866268 315.851940267944 318.841786194135 324.06474503932 324.75525017788 324.973189749469 325.452122782975 326.183581999975 326.804248432568 326.822308301976 327.77295007472 327.56644116867 327.634820036971 328.186821057941
309.626089874507 306.435589441509 306.89131865606 303.950614343674 302.405853198092 303.719440339381 306.185174881713 304.345860407988 300.598609334923 297.184591324228 294.643104046081 294.1360404088 298.580022559343 297.691786635148 294.413087265879 291.705636462001 287.744186051625 287.200506786087 290.778875624459 289.776577378049 288.232094406414 287.526329658923 285.316114612988 283.742688585046 279.517942813631 282.819696693441 288.710730567996 292.269624861125 297.459029867723 304.14815468624 309.573177529722 313.209124086414 313.708190315961 313.820252941908 313.656290838092 315.089219953404 315.563970686878 312.794652211073 315.129532387648 322.828016135884 324.159670190027 324.491931551678 324.750676556683 325.152751671449 325.963900786723 326.275077366953 327.457061089626 327.756384146938 327.748357813839 327.863830607788
312.653711800919 310.961618435861 311.714214147457 314.087026132885 312.825431091116 312.746295044656 312.720743274745 308.476838602566 307.767038439275 308.286517643477 307.74074242704 308.192946745893 307.074344136029 308.525027534965 307.308639140754 305.789813852639 304.835768040737 303.585209799439 303.278425197615 302.836259518185 302.034970087873 302.479187044779 301.875695025674 299.169216305604 293.568494158912 293.468968694557 295.354076343574 299.663738634705 307.169396646128 313.36507559905 314.491609374207 313.851576646985 313.209659768138 314.143328255571 314.825740981332 317.320831255952 316.978275820723 315.909892625358 317.483644141028 320.660659012309 321.678747011801 322.397629471037 323.481152204869 324.164483900761 324.758644119732 325.129665804313 326.899332822994 327.187996593987 327.169566356923 327.522007264027
314.990312837242 305.22577072877 304.119492081733 306.612004250996 309.068138723635 311.400234192162 313.609049671865 311.935661358598 312.167396574079 312.351548156311 311.072561213233 309.529755418781 308.020377290921 307.543575663045 306.304414489843 306.738876089763 307.823798462263 307.316650975801 306.809129709609 306.303842199506 305.325656270092 304.034438608979 303.02474236704 300.418872064463 294.520339178147 295.084812497433 296.908266222817 301.211085562347 308.819019773183 313.353818078768 314.708849189394 314.566342419777 313.99725071801 315.481898465328 317.501399332008 319.449756851709 320.025010963228 319.053276187215 317.915593370064 320.399386114952 320.386559596289 321.000135416778 323.270186920286 323.648415325982 324.241847239681 324.421648414689 326.079774858517 326.86829664139 327.1570743857 327.509640919826
318.158335293035 307.940256689837 305.859124400677 304.586714416018 306.476362683954 309.458348717219 312.686413961359 313.923561855719 313.385204325095 310.815294002276 308.005770131372 306.557686052648 307.810514981382 308.340078224688 307.84394191167 307.775347662969 308.226600643791 308.259231027339 307.276617873755 306.233981806695 303.387354607119 300.434091557789 300.927477749685 299.679812237333 299.890496966466 298.592726435748 297.794655260262 300.593136131357 306.682180809304 311.665479480379 315.359362291817 316.713707582179 316.359307356461 316.34695116254 318.55487851775 320.716030917092 320.404273795355 320.177876054618 320.504734439297 320.825848871673 320.032996381206 321.175920811554 322.958281450751 323.529468064672 324.255871712579 324.709002175834 325.750306842088 326.848594032611 327.14480940206 327.313986590704
320.306640021192 314.443042937285 311.252822026064 306.955024275574 305.695889727349 306.045394964136 309.329888736625 312.562399187931 312.327622881039 310.651292942346 308.452467845446 308.164748082829 308.308052162411 308.25427187756 308.759189529823 308.070621477518 306.535070404505 304.28622296429 301.47302588014 301.620003756454 301.629173970211 301.223619240888 303.473635294302 304.547209316268 307.549839170978 306.343042613779 305.301911800126 305.89576480657 306.77098391934 308.00410987128 310.191186990565 312.633971199303 316.350063555311 316.86300642312 318.320939910372 320.967641445559 320.685835081407 320.385387070557 320.83618083474 321.208776031492 321.319767487831 321.718718025625 322.042725224774 323.389495400948 323.931992617147 324.607717273577 326.237010415091 327.151224344648 326.947391036696 326.803738702955
321.364847030588 319.310941595374 316.053454223386 310.223414492843 304.621014922512 301.595354048127 303.084850485026 307.553439498316 310.096844617971 310.318568015364 310.323160040596 310.331276076107 305.507349002301 305.731007194093 308.753308446591 309.365121837787 306.360859244664 302.894951554056 301.335784376352 303.469459669017 306.971388506008 308.784622436784 309.253562200515 309.507995975821 308.719896020877 309.217937398967 309.491090664251 309.048865600453 307.617512067768 306.718706150823 306.566379933529 308.152653051429 313.779438038685 317.500632553301 318.347765043154 320.633181590845 321.014804831439 321.309896344489 321.531011393481 321.862427802956 322.277941574484 322.208046378534 321.8658866874 323.247811468188 324.079244833324 324.455897551915 326.044713336241 326.458923073019 326.129038833325 326.289989847287
319.370579649894 321.033805848352 319.763592009927 314.678155866491 304.532552218477 298.624850400857 299.139959178487 303.146283822245 307.325085734787 308.863924929693 310.121892049966 308.557031351427 306.33759298931 311.215189773229 313.606535933425 312.681275106026 308.395810417266 305.594477656767 306.907221418172 310.258087151567 311.482904126505 311.531427737874 310.765590185238 310.03369291855 309.727743025734 309.771175115466 308.594346680085 307.706590428721 307.548938806606 306.111472578229 306.075828817081 308.575036466153 312.141710593923 316.491874179075 318.503297649198 320.567034197338 320.997863236585 321.284616367034 321.486022796997 321.783506371593 322.371259774443 322.836386636605 322.460987292596 323.165594511047 324.089734202921 324.554566851085 325.526568351251 326.121771494416 326.099420364995 326.272559758683
317.084750198002 317.596876302786 315.133826476055 312.799959974824 307.932828112634 301.581118005792 299.206110565126 301.710399263707 305.389390908029 308.117216420029 310.350426637333 308.143740458557 312.028203412604 318.587622791581 317.829447782727 314.383122612147 310.585780304607 309.101480001429 309.971717101396 311.496357002692 311.976082404447 311.585232426411 310.502643248305 309.815102524196 309.991793236945 309.768530687711 308.607889092052 307.72448698922 307.337505732628 305.406978393259 305.741353240052 309.728631969432 313.501946494073 316.779734497511 318.673267435416 317.992920675638 319.618775689135 320.362745900042 319.766674875501 320.769717458467 322.439820314402 322.527068731972 322.607368924143 323.391281375888 323.873603238017 324.166178919846 325.326405215914 326.001102381637 326.412689782303 326.266154459234
317.323449970543 313.206495687899 311.244658366454 311.400573021749 311.185850141131 306.919929052883 304.083312009606 305.065617950348 305.919666602288 307.38267136841 309.597125631476 307.304586046834 314.746589977846 319.575413177646 317.085119032619 313.583512431865 311.568347529775 311.507422681167 311.549091781786 311.506254657663 312.252644440706 310.863254646381 309.454270825316 310.002552316357 308.584549230454 306.802113991125 305.750038643521 305.702454493013 307.097491705054 307.623004056737 307.587829503534 311.595999097943 315.432318155802 317.072532564925 317.570703848096 313.597762418881 316.630923414059 319.760583144828 319.742240766337 320.141110234277 321.338060859489 322.212525903517 322.596132485006 323.579005477271 324.169966736733 324.345984881771 325.120829885448 325.482312903857 326.084184103506 325.880799812835
318.799003213972 312.666056938054 311.545637917695 314.91046928597 316.140433540669 312.814890575769 308.414386276456 307.403533783261 307.679505067542 307.91687099045 307.304052174904 304.833018171973 316.311505700443 319.578466106947 317.635399070123 314.881836401205 312.836820375335 312.28795682719 312.546314613122 313.00281331127 312.341236723098 309.85095542266 308.978915830828 309.966183192782 309.059931363593 308.532471190784 308.087931217355 307.300350525008 309.442529129201 312.070353945411 311.942615882197 314.018539122833 315.573658223658 315.861280606064 316.115077237765 313.99425773283 316.775535250695 319.36960264783 320.30192937511 320.315892268385 320.815350550222 322.102583447562 322.882905744545 323.567752748586 324.158276046555 324.339426262567 324.920387700635 324.978143803927 -9999 325.370791219206
319.512513552314 315.747447289026 313.692862181262 316.340182872082 319.224817483375 318.452230433403 313.519612689997 309.508527643908 307.598452198235 305.519854980465 303.291097628569 304.623021367449 316.25702460322 319.573198446438 319.325392662706 318.118723965437 315.398308301577 313.548747058266 313.773952172166 314.034355810925 312.143062135303 309.54313482465 309.24137131065 309.737593009267 309.360731703042 311.67344895507 312.043541613157 313.066149617685 315.897468014305 317.665644011236 317.631293710279 316.071533288871 315.507311266926 315.934674949111 316.717996449693 317.009209803298 318.095133098253 319.146067575919 320.145390381121 320.302028263944 320.907745589078 321.594966905242 322.384313449866 323.062741749629 323.653170839318 323.82950726574 324.714211942795 324.272014643321 324.753753789734 325.040695381018
320.829650692928 318.515442700809 317.571920624113 317.847411772085 317.683825806315 318.457530027001 318.703804128467 315.495522993899 311.549861055046 305.169448189787 303.472400327409 309.500225134379 317.117537188445 319.830214536969 319.829982627013 319.06241557762 316.610010430424 314.063584155694 314.012628417733 314.289805870237 312.143344477531 310.033404613874 309.794070623525 309.280491135097 305.032532216022 307.715893264348 309.57620323959 314.407863176722 318.447165922509 319.446061284622 319.132032304582 317.354456376787 316.505486351175 317.150126968448 318.227390161793 317.883476462818 318.350240218562 319.403534570714 320.12260244432 320.499018006012 320.690762138002 320.882577049168 321.366289082066 322.246972335238 323.135162932032 323.508503777415 324.398502219187 324.067310221901 324.425676135977 325.028794478299
320.549160049476 318.521050534661 318.254006380378 318.759466916007 318.510794544236 318.54601689848 319.446619968893 319.452930180396 318.479938561291 313.533042593697 312.110542763252 316.200169831363 319.099125625946 319.050060951111 319.310447752426 318.080209649688 315.348902015716 314.271770495002 314.815885499167 313.819932488797 311.609130885592 310.24949216764 310.520050563994 310.298674152354 304.354468363453 308.34209512873 313.001659760535 316.909366999234 318.676034832276 319.508633213071 319.509126512845 319.075194166925 318.456801053962 318.440169869019 318.518200062578 317.958548567188 318.295199427126 319.109246721466 319.54940258382 320.106123697188 320.481742643536 320.370638807387 320.856599523647 321.539751894219 322.524680834464 323.305361386133 324.073711629678 324.055565206978 324.414138130479 325.016958466799
318.83677856638 314.551273160105 314.263039066978 316.630544644452 318.243417328923 318.267736502193 319.475789256045 320.171924758082 319.891041465544 319.378745805033 318.099220923514 314.813078513087 311.046700468258 313.298278212378 313.076702311233 311.781030136628 312.055251713655 314.230369127247 315.593333104193 314.544432330738 313.593673287142 312.29635573375 310.139226129965 304.265904060115 309.907221299714 316.341033196433 318.739553881358 318.791046394793 318.737414728943 318.793963911969 318.515141179615 318.461198837781 318.661265060507 319.171034755589 318.677346257648 318.018618982894 318.481816500744 318.580591537266 317.843838343449 317.888937945007 319.270716718326 320.145573862208 320.530697363182 321.317488120663 321.802187614303 322.283054150717 323.23942299849 323.717499521936 324.39124185659 324.993450316948
