rcp8.5models/MPI_ESM_LR/sc1gr10.17
NCOLS 261 
NROWS 433 
XLLCORNER 336357.134 
YLLCORNER 654653.479 
CELLSIZE 1000 
NODATA_value -3.4e+38 
[rows 198 to 219 of 433, columns 49 to 97 of 261]
498.760437011719 499.059875488281 498.932708740234 498.681884765625 499.250274658203 499.382904052734 499.140502929688 501.502899169922 502.25390625 502.009613037109 503.183319091797 504.52880859375 505.110534667969 505.686553955078 507.580444335938 508.848388671875 511.018524169922 512.996765136719 516.634460449219 519.026672363281 521.252136230469 523.473449707031 524.823120117188 526.121826171875 529.904357910156 532.539306640625 534.913757324219 538.46630859375 541.554443359375 548.747924804688 551.771850585938 555.61865234375 560.301330566406 562.24951171875 563.558044433594 567.129821777344 569.926940917969 572.751525878906 577.82421875 582.756286621094 586.133056640625 592.896728515625 597.868225097656 602.198364257812 607.84228515625 613.841613769531 619.933166503906 623.860778808594 627.921142578125
497.172821044922 497.748168945312 498.076293945312 497.978698730469 497.931823730469 498.812225341797 498.509307861328 500.067291259766 501.054382324219 502.080932617188 503.010284423828 503.546752929688 504.831237792969 505.262268066406 506.039306640625 507.774475097656 509.324310302734 511.263122558594 514.876586914062 517.146606445312 519.492065429688 521.317321777344 522.060363769531 524.347106933594 528.160522460938 531.064270019531 533.640319824219 536.479797363281 539.456298828125 546.128662109375 550.178161621094 553.901062011719 557.598815917969 560.271667480469 563.702941894531 567.029296875 568.784851074219 571.301574707031 576.544067382812 581.452392578125 585.703430175781 592.157165527344 596.25146484375 600.312133789062 606.537109375 612.038818359375 618.600341796875 623.905456542969 627.370178222656
495.647979736328 496.108520507812 496.748168945312 497.799865722656 497.808502197266 497.785491943359 498.169158935547 498.46484375 499.442138671875 500.843719482422 501.902160644531 501.960784912109 503.770263671875 504.739898681641 505.684295654297 506.326812744141 507.749481201172 509.779296875 513.752136230469 515.409423828125 517.691345214844 519.821166992188 521.480285644531 524.064514160156 527.038879394531 529.82373046875 532.663391113281 534.513793945312 537.074951171875 544.590942382812 548.408020019531 551.449279785156 554.488098144531 557.356384277344 561.407470703125 566.013610839844 568.173706054688 570.703063964844 575.0205078125 579.54736328125 584.51220703125 590.958190917969 594.685363769531 598.617309570312 604.588317871094 610.4931640625 616.666748046875 623.146301269531 627.378051757812
495.682586669922 495.287322998047 495.793548583984 496.558868408203 497.017974853516 497.580078125 498.457977294922 496.988006591797 497.986755371094 499.603668212891 500.715057373047 501.564910888672 502.264770507812 503.924407958984 505.002288818359 505.551574707031 506.696350097656 508.743621826172 512.595947265625 514.272033691406 516.000183105469 518.395751953125 520.655029296875 523.126831054688 525.489624023438 528.013244628906 530.547668457031 532.776062011719 536.04150390625 543.673767089844 546.35546875 549.149230957031 552.320556640625 554.569519042969 558.488464355469 563.573913574219 566.643737792969 570.043029785156 575.031005859375 578.739074707031 582.622253417969 590.444152832031 594.082153320312 597.633117675781 603.027099609375 609.155822753906 615.479675292969 620.579650878906 625.341979980469
494.997772216797 494.966552734375 494.609985351562 495.057312011719 495.584381103516 496.117248535156 496.446533203125 496.945556640625 497.054534912109 498.37841796875 499.935363769531 501.071838378906 502.238708496094 503.811004638672 504.990631103516 505.189910888672 506.392425537109 508.148773193359 511.675811767578 512.946044921875 514.350219726562 516.626525878906 518.972778320312 521.296691894531 523.687072753906 526.001647949219 528.303344726562 531.070678710938 534.8291015625 542.025146484375 544.351989746094 546.546752929688 549.718688964844 552.271789550781 556.296875 561.181640625 564.7763671875 568.760864257812 573.885437011719 578.00732421875 582.565002441406 589.841003417969 593.049682617188 596.505249023438 601.136962890625 606.777893066406 612.85009765625 618.636962890625 623.836242675781
493.617065429688 493.943725585938 493.81591796875 493.682739257812 494.174682617188 494.803283691406 495.465637207031 496.43017578125 496.570007324219 496.877227783203 498.5498046875 499.810150146484 501.599975585938 503.212036132812 504.599334716797 505.418151855469 505.960632324219 507.714019775391 511.298980712891 512.722290039062 513.20361328125 514.882873535156 517.167236328125 519.684020996094 -3.4e+38 524.844604492188 527.411987304688 530.793823242188 533.755676269531 539.4931640625 542.420593261719 544.634399414062 547.673767089844 550.845275878906 553.813293457031 557.648620605469 -3.4e+38 566.452697753906 571.761962890625 575.845581054688 580.736267089844 588.028564453125 591.023193359375 595.131469726562 600.40087890625 604.708679199219 609.7431640625 616.485717773438 622.285339355469
492.259826660156 492.606414794922 492.661987304688 492.089172363281 492.796264648438 494.077972412109 494.79150390625 494.910034179688 495.745391845703 496.883911132812 497.863067626953 498.664306640625 500.187225341797 501.833282470703 502.848266601562 503.726715087891 504.749847412109 506.565887451172 510.164855957031 512.140014648438 513.47705078125 514.856323242188 517.066650390625 519.549621582031 522.07080078125 524.504821777344 526.951293945312 529.869323730469 532.266845703125 536.404724121094 540.005554199219 542.966491699219 545.580993652344 548.449829101562 551.035095214844 554.963134765625 560.12060546875 563.682983398438 568.443786621094 573.521606445312 579.630920410156 587.501159667969 590.472595214844 594.61376953125 600.069641113281 604.369995117188 608.507080078125 614.048645019531 620.665954589844
490.698303222656 491.040161132812 491.372863769531 491.393005371094 491.227722167969 491.819976806641 491.836639404297 493.235626220703 494.403259277344 495.952880859375 496.677856445312 497.316558837891 498.510070800781 500.111999511719 501.212615966797 502.437408447266 503.082550048828 504.988677978516 508.42919921875 510.662170410156 512.782897949219 514.776000976562 516.976623535156 519.355285644531 521.600341796875 524.020080566406 526.085754394531 527.990966796875 530.410034179688 533.691772460938 536.939880371094 540.532653808594 543.534484863281 546.264770507812 549.900024414062 554.927185058594 559.136535644531 563.463989257812 566.485595703125 571.949462890625 578.60986328125 586.571044921875 589.611999511719 594.180480957031 599.384887695312 603.962524414062 607.908874511719 612.839538574219 618.380676269531
-3.4e+38 489.625457763672 489.777557373047 489.424285888672 489.561889648438 489.720855712891 489.515258789062 491.718536376953 492.818115234375 494.183715820312 494.228118896484 495.168823242188 496.790161132812 498.541290283203 499.734893798828 501.134429931641 501.447631835938 503.450347900391 506.751708984375 508.921264648438 511.162078857422 513.38134765625 515.668273925781 517.933471679688 520.2626953125 522.349853515625 524.0419921875 526.16162109375 528.262756347656 532.666748046875 535.54248046875 538.975891113281 541.667846679688 544.390625 548.993469238281 555.310913085938 558.866577148438 562.982604980469 566.395812988281 571.376342773438 576.566345214844 585.864685058594 588.343688964844 593.278625488281 598.244812011719 604.038940429688 608.185241699219 611.953308105469 616.190979003906
487.675537109375 488.088348388672 488.091522216797 487.492706298828 488.141723632812 488.287414550781 488.041717529297 490.156555175781 491.305023193359 492.436920166016 492.289337158203 493.701049804688 495.220550537109 496.873077392578 497.829528808594 498.796691894531 499.774230957031 501.734588623047 505.037780761719 507.294342041016 509.572662353516 511.662841796875 513.888549804688 516.179443359375 518.284423828125 520.041320800781 521.976989746094 524.301818847656 526.52880859375 531.675231933594 535.218811035156 539.130310058594 540.973022460938 542.4765625 546.823181152344 552.830261230469 557.586853027344 560.939086914062 564.205200195312 568.779602050781 574.168701171875 585.114379882812 588.129699707031 592.191345214844 -3.4e+38 604.6806640625 611.893432617188 611.794982910156 616.102294921875
486.124572753906 486.180908203125 485.964538574219 486.290130615234 485.371765136719 486.438537597656 487.353424072266 488.988220214844 489.659790039062 490.042846679688 491.6767578125 492.407989501953 492.882476806641 494.070129394531 495.708343505859 497.358520507812 497.832244873047 498.601440429688 503.045349121094 -3.4e+38 -3.4e+38 508.270874023438 510.559356689453 512.402648925781 513.946899414062 516.426635742188 519.171081542969 521.723266601562 524.501281738281 530.164489746094 533.303283691406 535.821105957031 537.341491699219 540.689697265625 544.194946289062 548.607055664062 552.7529296875 556.259094238281 560.907165527344 566.013610839844 571.295593261719 579.948547363281 585.532531738281 591.389587402344 596.031677246094 602.166198730469 617.071044921875 633.220764160156 616.068359375
485.075286865234 485.504730224609 485.979187011719 485.655639648438 485.628845214844 486.070953369141 486.074127197266 488.523803710938 489.516143798828 489.718627929688 490.273742675781 491.619018554688 492.549591064453 493.906646728516 494.573394775391 496.458923339844 497.855560302734 498.684234619141 502.013031005859 -3.4e+38 504.910339355469 -3.4e+38 508.845153808594 -3.4e+38 512.865844726562 515.321716308594 518.093933105469 520.995056152344 523.107543945312 529.564575195312 532.687561035156 535.481018066406 536.501525878906 539.431396484375 542.348022460938 545.816345214844 -3.4e+38 554.69091796875 560.273376464844 565.247741699219 569.394836425781 577.454528808594 584.393127441406 589.664916992188 595.584350585938 625.322937011719 -3.4e+38 619.954895019531 616.186889648438
483.733093261719 484.149749755859 484.837799072266 485.417358398438 485.772186279297 485.56689453125 -3.4e+38 487.119079589844 488.776580810547 489.7890625 490.344360351562 491.487976074219 492.617156982422 494.681793212891 494.28125 494.972106933594 496.870483398438 498.504852294922 501.507263183594 -3.4e+38 -3.4e+38 -3.4e+38 -3.4e+38 509.329620361328 511.836700439453 514.486206054688 516.543701171875 519.843017578125 521.804443359375 527.914672851562 530.916748046875 534.52978515625 536.115783691406 537.710571289062 540.980834960938 544.670715332031 549.076477050781 554.012329101562 558.498168945312 563.0126953125 567.887817382812 576.3564453125 581.945922851562 587.706848144531 593.569030761719 640.191833496094 709.074462890625 610.650634765625 615.078247070312
483.000274658203 482.801849365234 483.856811523438 484.485656738281 485.045989990234 485.501617431641 485.848937988281 486.833923339844 487.369049072266 488.886322021484 489.875915527344 491.436462402344 492.774536132812 493.876739501953 493.740936279297 -3.4e+38 496.420593261719 498.429412841797 501.479125976562 503.328735351562 504.939117431641 505.937194824219 507.538726806641 509.244842529297 511.732025146484 514.218505859375 516.2197265625 518.794128417969 520.736328125 525.678588867188 529.015319824219 532.364685058594 534.20556640625 536.897705078125 540.203491210938 544.13525390625 548.44140625 552.2509765625 556.221008300781 561.151428222656 566.547241210938 576.28564453125 580.202392578125 585.593444824219 592.087219238281 -3.4e+38 674.862060546875 608.318664550781 612.639221191406
482.889678955078 482.964935302734 483.38671875 483.658508300781 485.061492919922 485.146850585938 486.093963623047 486.343597412109 486.909912109375 488.275634765625 489.261657714844 491.345672607422 492.839721679688 493.234954833984 493.626647949219 494.432678222656 496.045745849609 497.866912841797 501.133911132812 503.352935791016 505.076538085938 506.072967529297 507.614776611328 508.589538574219 511.378631591797 514.608154296875 516.50341796875 518.968872070312 520.583312988281 524.436218261719 528.173034667969 531.221252441406 533.154541015625 536.001953125 538.947814941406 542.85888671875 -3.4e+38 -3.4e+38 555.322509765625 559.989807128906 565.892211914062 576.309326171875 580.716491699219 585.41796875 591.795776367188 607.905090332031 626.35595703125 606.517333984375 611.975646972656
482.818115234375 482.54638671875 483.228912353516 483.789855957031 485.239624023438 485.703552246094 486.834564208984 486.504333496094 486.662139892578 488.015869140625 489.137054443359 491.009307861328 492.626892089844 493.020477294922 493.207824707031 494.087615966797 494.914642333984 496.741638183594 500.847900390625 503.788116455078 505.700103759766 506.720733642578 507.573852539062 508.602386474609 511.130187988281 513.849548339844 515.989868164062 518.433410644531 520.353942871094 524.230529785156 526.802795410156 530.32421875 533.265563964844 534.852294921875 538.538269042969 541.738342285156 545.792907714844 550.122924804688 554.983093261719 559.940979003906 565.762268066406 575.6484375 580.414733886719 586.322692871094 591.637329101562 597.973266601562 603.296875 604.478942871094 610.831359863281
482.64794921875 483.032775878906 484.503875732422 486.042144775391 486.012847900391 486.811157226562 487.631805419922 486.727264404297 487.081604003906 488.216461181641 489.398101806641 490.255706787109 492.510833740234 492.879638671875 493.316314697266 493.993988037109 494.747375488281 496.332061767578 501.009155273438 504.730133056641 506.353118896484 506.787261962891 508.146697998047 509.222381591797 510.192840576172 512.292602539062 514.650451660156 517.3671875 520.612060546875 524.517150878906 525.829406738281 529.493835449219 532.713684082031 534.618408203125 537.793273925781 540.778442382812 -3.4e+38 548.914184570312 553.244079589844 558.55810546875 563.239990234375 572.852661132812 578.632995605469 585.409118652344 590.501403808594 593.775329589844 597.946105957031 604.024475097656 610.621459960938
482.953399658203 484.17529296875 485.359588623047 485.935638427734 485.521881103516 486.525482177734 486.563049316406 486.357330322266 486.491973876953 488.013549804688 489.849578857422 491.657562255859 492.313293457031 492.841979980469 493.312225341797 493.736907958984 494.177215576172 495.992279052734 500.330047607422 503.091796875 505.169372558594 507.378753662109 508.969390869141 509.265411376953 510.257904052734 512.429016113281 514.553588867188 516.98291015625 520.359558105469 525.338134765625 525.757995605469 528.229187011719 531.749938964844 534.736206054688 535.972534179688 539.29248046875 543.521484375 547.409545898438 552.188232421875 556.762634277344 562.071960449219 571.548156738281 577.453918457031 582.719665527344 588.178405761719 -3.4e+38 598.001708984375 604.686889648438 609.814575195312
482.665832519531 483.30029296875 484.056365966797 484.612731933594 484.070953369141 484.958923339844 485.949493408203 486.967803955078 486.798522949219 487.979888916016 489.801727294922 491.929046630859 492.551727294922 492.192810058594 492.480377197266 493.584747314453 494.271453857422 495.607604980469 499.190155029297 501.888000488281 504.614532470703 507.898864746094 508.717254638672 509.771514892578 511.193298339844 512.962463378906 513.862060546875 516.404663085938 520.109741210938 525.153686523438 526.005310058594 527.389221191406 531.402221679688 534.126586914062 536.145202636719 540.290893554688 -3.4e+38 548.823486328125 553.072265625 556.734191894531 562.838195800781 571.380737304688 576.469543457031 581.348937988281 586.272888183594 591.926818847656 597.891540527344 603.457092285156 609.563598632812
483.259643554688 483.529968261719 483.951354980469 484.168548583984 483.745819091797 485.120971679688 486.550048828125 487.373352050781 488.044555664062 488.886108398438 489.689361572266 491.810089111328 492.130462646484 492.465576171875 492.602905273438 494.283843994141 495.226867675781 495.838714599609 499.149444580078 501.466522216797 503.758880615234 505.894866943359 507.612640380859 510.510406494141 512.356750488281 512.897766113281 513.899230957031 516.8388671875 521.061340332031 524.865356445312 525.557495117188 527.760009765625 532.401000976562 535.983642578125 539.392517089844 543.828063964844 545.310241699219 549.295043945312 553.049499511719 557.753479003906 564.261596679688 572.569274902344 576.829833984375 582.357360839844 587.545959472656 591.726745605469 597.03076171875 602.732360839844 609.691711425781
483.811737060547 484.226623535156 483.565673828125 484.432159423828 484.899475097656 485.293243408203 486.476989746094 487.709747314453 488.759887695312 488.906463623047 489.595733642578 490.173370361328 490.968475341797 492.198669433594 492.69873046875 493.951690673828 495.391510009766 495.830535888672 498.275970458984 500.353942871094 502.736206054688 505.537322998047 508.444274902344 511.715484619141 513.403991699219 513.604431152344 515.355407714844 517.39208984375 520.9033203125 524.402526855469 525.9130859375 528.318298339844 532.127807617188 536.286926269531 539.703674316406 544.610107421875 546.594604492188 550.118835449219 554.456298828125 558.623291015625 563.529846191406 574.493041992188 579.128601074219 583.88916015625 588.823303222656 591.435485839844 597.089172363281 603.4677734375 610.405944824219
483.036285400391 483.487365722656 482.704467773438 483.5341796875 484.226715087891 484.640960693359 485.232208251953 487.377868652344 488.270477294922 488.733551025391 488.531066894531 488.535186767578 489.898986816406 491.198272705078 492.58203125 494.007049560547 495.096893310547 495.834075927734 498.479736328125 500.467010498047 502.57373046875 504.868225097656 -3.4e+38 511.272491455078 513.076049804688 514.626953125 516.552795410156 517.996398925781 520.732360839844 525.822387695312 526.85302734375 528.965454101562 531.76611328125 535.591857910156 539.524597167969 543.855651855469 548.291809082031 552.918395996094 556.539245605469 560.31982421875 565.437927246094 573.948181152344 579.740356445312 584.978393554688 588.607788085938 591.664794921875 597.346618652344 602.928649902344 609.761108398438
