rcp8.5models/MPI_ESM_LR/sc1gr1.34
NCOLS 261 
NROWS 433 
XLLCORNER 336357.134 
YLLCORNER 654653.479 
CELLSIZE 1000 
NODATA_value -9999 
[rows 330 to 351 of 433, columns 200 to 249 of 261]
74.4255294799805 74.179931640625 74.0502471923828 73.9588241577148 73.6446762084961 73.4517517089844 73.7265930175781 73.0447845458984 72.6943740844727 72.7562255859375 72.7231750488281 73.1973419189453 72.5924682617188 72.5760345458984 72.2593002319336 71.6795501708984 71.3553924560547 71.1381683349609 71.5183410644531 71.4497985839844 71.2715759277344 71.3188323974609 71.1274032592773 70.8483963012695 70.5893478393555 70.4453353881836 70.1175537109375 70.0354766845703 70.0265808105469 70.4386825561523 70.3003463745117 69.9377059936523 69.7347564697266 69.8352661132812 69.1318511962891 69.3544235229492 69.5477676391602 69.1963195800781 69.0897369384766 69.3394012451172 68.8850784301758 68.952880859375 68.7849044799805 68.4364929199219 68.2934341430664 68.2889633178711 68.2927398681641 68.4424209594727 67.8304214477539 67.5522918701172
74.5846710205078 74.5588073730469 73.7485961914062 73.2392044067383 73.1497497558594 73.1829986572266 73.6801986694336 73.0775375366211 72.8017120361328 72.5017395019531 72.5874328613281 73.0504455566406 72.4223022460938 72.0212173461914 71.6830749511719 71.5752410888672 71.9948501586914 71.4621658325195 71.3675689697266 71.4687576293945 71.317741394043 71.3570709228516 71.0877304077148 70.8295059204102 70.6356430053711 70.5926055908203 70.1980056762695 69.9385833740234 69.9538726806641 70.4805603027344 70.0297317504883 69.789794921875 69.8411865234375 69.7077407836914 69.6601715087891 69.182243347168 69.3795547485352 69.2667541503906 69.1866683959961 69.1383514404297 69.0378265380859 68.830680847168 68.9185562133789 68.7514572143555 68.5013809204102 68.0740737915039 67.9490509033203 68.2988739013672 67.7851333618164 67.6424865722656
74.373664855957 74.4923629760742 73.521240234375 72.874641418457 73.0285110473633 73.2842788696289 73.5508422851562 72.9216613769531 72.522216796875 72.6295394897461 72.4844741821289 72.79443359375 72.5237808227539 -9999 71.5898056030273 71.7115478515625 72.2789306640625 71.8402709960938 71.4261016845703 71.2317276000977 71.3918075561523 71.2432022094727 71.0806579589844 70.9069671630859 70.7658157348633 70.6325531005859 70.1670608520508 69.7972869873047 69.8745956420898 70.0145950317383 70.4271545410156 69.6577911376953 69.7438735961914 69.9118347167969 70.0693664550781 69.3667984008789 69.2370223999023 69.2655334472656 69.1010360717773 68.9846343994141 69.1218872070312 68.46826171875 68.6175537109375 68.4570999145508 68.3525009155273 68.2193908691406 68.126350402832 68.3469543457031 67.7610855102539 67.6096954345703
74.3942260742188 74.3842468261719 74.0229873657227 73.1968231201172 73.2097778320312 73.3463363647461 73.7806930541992 73.3438873291016 72.718635559082 73.0519104003906 72.8888854980469 72.6184005737305 72.1099548339844 -9999 71.5716400146484 71.9370956420898 71.6969451904297 71.5085830688477 71.6796875 71.5850372314453 71.3445510864258 71.3937072753906 71.0472183227539 71.0061111450195 71.1138687133789 70.5096206665039 70.2825927734375 70.4705505371094 70.1913528442383 69.9521942138672 70.5359725952148 69.8320465087891 69.6216506958008 69.6879653930664 69.9439239501953 69.4619827270508 69.7719116210938 69.5280685424805 69.0010147094727 69.2400131225586 69.0097961425781 68.909423828125 68.5436935424805 68.7871780395508 68.5630874633789 68.5786895751953 68.0888519287109 68.1758041381836 -9999 67.7617645263672
74.7070083618164 74.4788436889648 74.2499160766602 73.0758438110352 72.8333740234375 72.8727569580078 73.4044342041016 73.1556701660156 72.9904403686523 73.2970428466797 73.1298217773438 72.4378204345703 72.3011703491211 72.2779083251953 71.5938568115234 71.4692535400391 71.5811920166016 71.4324569702148 71.4015197753906 71.860221862793 71.222282409668 71.2544860839844 70.8614273071289 70.7003479003906 70.7990264892578 70.3118515014648 70.1684341430664 70.4439468383789 70.4338150024414 69.9531936645508 69.8862838745117 70.0767440795898 69.7631912231445 69.3983001708984 70.2132568359375 69.6958084106445 69.9568786621094 69.4178237915039 68.8819274902344 69.0583267211914 68.7532806396484 68.7798080444336 68.4655151367188 69.1179122924805 68.8584899902344 68.5042114257812 68.1148300170898 67.9805297851562 68.211540222168 68.2229309082031
74.7361145019531 74.5829849243164 74.259765625 73.0366897583008 72.5241470336914 72.8433532714844 73.3805770874023 72.4343719482422 72.6069107055664 72.826530456543 72.933219909668 72.5273971557617 72.8034286499023 72.3494567871094 71.6270446777344 71.7001190185547 71.9675598144531 71.8235778808594 71.2841720581055 71.5292358398438 71.2749404907227 70.7052536010742 71.1630401611328 70.8723297119141 70.7688903808594 70.5821533203125 -9999 70.1275634765625 70.102897644043 70.0057907104492 69.9509201049805 70.1047897338867 70.0718307495117 69.7244567871094 70.0909194946289 69.7814254760742 69.6798095703125 69.3109436035156 69.3277893066406 68.7659759521484 68.6579742431641 68.6823120117188 68.3352661132812 68.9825057983398 68.779182434082 68.1573257446289 68.3174438476562 68.2017059326172 68.5589141845703 68.4828643798828
74.6586151123047 74.9709167480469 74.4646606445312 73.2178955078125 73.1169128417969 73.1321868896484 72.6620941162109 72.9224624633789 73.0559921264648 72.8674163818359 72.8140335083008 72.4725341796875 72.6041488647461 72.6016616821289 72.459228515625 72.2711791992188 72.0668182373047 71.8655776977539 71.8079528808594 71.5423049926758 71.4132461547852 71.2353439331055 71.5605239868164 71.4277572631836 70.9657135009766 70.7210235595703 70.3622283935547 70.1285858154297 70.1930389404297 70.4075164794922 70.4893341064453 70.3180694580078 69.8629684448242 70.0690612792969 70.1875152587891 69.9692764282227 69.9336471557617 69.4702911376953 68.7521667480469 68.5263595581055 68.6001434326172 68.6817932128906 68.9019470214844 68.839225769043 69.1925506591797 68.9572677612305 68.6221542358398 68.5272750854492 68.4086532592773 68.4813079833984
74.4531097412109 74.8332595825195 74.4605102539062 73.7363433837891 73.5568237304688 73.2341003417969 72.8585357666016 72.9465026855469 73.6246032714844 72.8881988525391 73.4913482666016 72.9203720092773 72.4657821655273 72.5851745605469 72.1910552978516 72.3841323852539 72.2413101196289 71.9714965820312 71.5333251953125 71.4873733520508 71.5727233886719 70.7930297851562 71.3324356079102 71.0954971313477 71.2871780395508 70.8675155639648 70.3704986572266 70.2761688232422 70.3448715209961 70.3527679443359 70.2886276245117 70.2086868286133 69.8374481201172 69.6337127685547 70.1617660522461 70.0245971679688 69.833122253418 69.2764129638672 69.0662460327148 68.7289123535156 68.4740142822266 68.6983795166016 69.2754745483398 69.2292709350586 68.6366577148438 68.5975570678711 68.8012924194336 68.4636459350586 68.3589019775391 68.3748245239258
73.7676773071289 74.4056549072266 74.6687316894531 73.4603729248047 73.1070022583008 73.1041259765625 73.1317749023438 72.5043334960938 73.3297576904297 72.8990173339844 72.8259124755859 72.6802597045898 72.421501159668 72.3637847900391 72.0479507446289 72.3074645996094 72.204833984375 71.5996856689453 71.2429580688477 71.5634841918945 71.2986221313477 71.3537139892578 71.6062088012695 70.9482116699219 70.9785766601562 70.8488540649414 70.7846984863281 70.3693695068359 70.2641754150391 70.1970138549805 70.0700454711914 70.1516723632812 70.1131973266602 69.614616394043 69.8875427246094 69.8742218017578 69.7095642089844 69.1058502197266 68.8332138061523 68.7007369995117 68.5451507568359 68.5522842407227 69.0639801025391 68.8893203735352 68.702278137207 68.7023468017578 68.9007415771484 68.6058807373047 68.2365188598633 68.3134384155273
73.9884567260742 74.3979415893555 74.4255676269531 73.3799285888672 73.0996856689453 73.0549545288086 73.0321731567383 72.5907287597656 73.4285583496094 72.9636459350586 72.2554168701172 72.7155838012695 72.7748336791992 72.4275588989258 72.1162338256836 72.0948104858398 71.9629440307617 71.5588073730469 71.4016571044922 71.420166015625 71.4466400146484 71.4912796020508 71.3386154174805 71.2906188964844 71.1190185546875 71.0497360229492 70.7556610107422 70.2058868408203 70.6245880126953 70.3780517578125 69.9834671020508 69.8713226318359 69.9984436035156 69.552848815918 69.7484130859375 69.7639694213867 69.9066772460938 69.2238159179688 68.557014465332 68.5468978881836 68.7284469604492 68.6354904174805 69.1443405151367 68.8744735717773 68.9836959838867 -9999 -9999 68.4348220825195 68.3302536010742 68.301399230957
74.6002731323242 74.1663818359375 73.9393081665039 73.5021286010742 73.2395858764648 73.1105422973633 72.9574279785156 72.8914184570312 73.0964126586914 72.7142333984375 72.8376083374023 72.7703399658203 72.7125854492188 72.891975402832 72.1339569091797 72.0652923583984 72.0145263671875 71.4226913452148 71.3427124023438 71.4065322875977 71.6217498779297 71.3776626586914 71.3743515014648 71.7430877685547 71.2378692626953 71.3198928833008 70.8906936645508 70.58251953125 70.71240234375 70.573600769043 69.914306640625 69.8257064819336 69.9695739746094 69.6440505981445 69.7896881103516 69.9961700439453 70.0627670288086 69.5090408325195 68.8307876586914 68.4695129394531 68.6852493286133 68.5693893432617 69.1706695556641 69.0735778808594 68.9524002075195 68.9977340698242 68.9865341186523 68.3409423828125 68.3000946044922 68.190673828125
74.3532028198242 73.9419708251953 73.9213562011719 73.2554321289062 73.0125274658203 72.9096527099609 72.8528442382812 72.8595809936523 72.4527969360352 72.808464050293 73.1287078857422 72.2472534179688 72.4064559936523 72.9865417480469 72.2176284790039 71.8986434936523 71.9352569580078 71.3559188842773 71.4481430053711 71.4124221801758 71.4900054931641 71.6160125732422 71.6012496948242 71.4272155761719 71.4817276000977 71.341682434082 71.2012634277344 70.9988708496094 70.4897613525391 70.5219268798828 69.8642120361328 70.0717468261719 70.0886917114258 69.8967437744141 70.0951995849609 70.1913909912109 70.0497741699219 69.4571838378906 68.8302993774414 68.7285614013672 68.8556594848633 68.6780776977539 68.7728729248047 69.0370407104492 68.8957290649414 68.7239227294922 68.5660629272461 68.5544357299805 68.1822967529297 68.0464401245117
73.6466979980469 73.6001052856445 73.8124542236328 73.3207778930664 73.338623046875 72.7632827758789 72.7382736206055 72.7503814697266 72.3829650878906 72.7192153930664 72.7697830200195 72.8046035766602 72.1965103149414 72.5412368774414 72.3814468383789 71.7609558105469 71.8829727172852 71.7947998046875 71.5314331054688 71.4072647094727 71.5424957275391 71.7217178344727 71.2909088134766 71.2525329589844 71.4965286254883 71.4829864501953 71.0165405273438 70.5781784057617 70.2918167114258 70.4781188964844 69.7433471679688 69.9941482543945 70.3413925170898 69.9172744750977 70.0705871582031 69.9037780761719 69.9000473022461 69.4821548461914 69.2347717285156 69.2656097412109 69.1915130615234 69.0805969238281 68.8880310058594 68.9165496826172 68.5599975585938 68.7063827514648 68.6227722167969 68.6532592773438 68.1944808959961 67.9828872680664
73.5893249511719 73.7488327026367 73.5943145751953 73.644401550293 73.7922668457031 72.8281631469727 72.6514663696289 72.6376724243164 72.7074966430664 72.7793273925781 72.8455047607422 72.9231491088867 72.082405090332 72.1216583251953 71.9807739257812 71.6856536865234 71.8625640869141 71.9436492919922 71.2906951904297 71.1795654296875 71.4770660400391 72.0856475830078 71.6232070922852 71.6456604003906 71.3588562011719 71.2341613769531 70.8785018920898 70.2189178466797 70.3299789428711 70.6028671264648 70.0568084716797 69.6510391235352 69.9482727050781 69.6698837280273 69.9015045166016 70.0394515991211 69.6909942626953 69.2994918823242 69.7415542602539 69.3759002685547 69.2014465332031 69.3089904785156 69.1920471191406 68.9637832641602 68.7424926757812 68.7784881591797 68.7212524414062 68.8823394775391 68.7795486450195 68.3801116943359
74.1213531494141 74.6343841552734 73.9232635498047 73.3939056396484 73.4229278564453 72.9221572875977 72.7836303710938 72.7872467041016 72.8739547729492 72.8054733276367 73.0228271484375 72.9781188964844 72.825309753418 72.0639953613281 71.9704208374023 72.1427154541016 71.6545486450195 71.8626022338867 71.2607116699219 71.1217269897461 71.4590301513672 72.1898422241211 71.964241027832 71.6576766967773 71.3099746704102 71.0300827026367 70.8518218994141 70.4413757324219 70.4763870239258 70.5094985961914 70.203010559082 69.8680648803711 69.8085174560547 70.027702331543 69.6216354370117 70.2266693115234 69.9988174438477 69.313232421875 69.9704742431641 69.3711853027344 69.3214874267578 69.3327713012695 69.2602691650391 68.8700256347656 69.0015106201172 68.9047393798828 69.1195831298828 68.7643966674805 68.5210647583008 68.2814559936523
74.6930923461914 74.653205871582 73.953125 73.1613616943359 72.7831420898438 72.7011947631836 72.6934204101562 72.7898330688477 72.7488250732422 72.7926406860352 73.0406188964844 73.3853073120117 73.2938766479492 72.6188812255859 72.0564346313477 72.6868591308594 71.5873031616211 71.8629379272461 71.5455017089844 71.6976928710938 71.6318969726562 71.6784439086914 71.6784133911133 71.6392669677734 71.2639083862305 71.1207046508789 70.6375427246094 70.6098556518555 70.191162109375 70.0496139526367 70.1282730102539 70.1004257202148 70.3488998413086 70.5515594482422 69.8921737670898 70.2775497436523 70.2649841308594 69.5278091430664 69.871467590332 69.5580902099609 69.7040634155273 69.3093795776367 69.0893325805664 68.9714126586914 69.0629272460938 68.8223648071289 68.8949584960938 68.5177230834961 68.0794372558594 68.3044204711914
74.024528503418 73.9289016723633 74.0614395141602 73.5843200683594 73.0341262817383 73.0732650756836 72.6931228637695 72.8031005859375 72.8849334716797 72.6376342773438 72.9360198974609 73.1689605712891 72.9947891235352 73.0192184448242 72.1453018188477 72.7411193847656 71.8629837036133 71.6404800415039 71.5323715209961 71.8887252807617 71.9556503295898 71.5897979736328 71.308723449707 71.1024780273438 71.1643981933594 70.9825668334961 70.7381896972656 70.7691192626953 70.3368453979492 69.8986663818359 70.2593688964844 69.9841384887695 70.3583297729492 70.1914901733398 70.7394790649414 70.327033996582 69.9592437744141 69.7326354980469 69.6207809448242 69.9359741210938 69.7515411376953 69.3079223632812 69.0474243164062 69.1034622192383 69.2390670776367 68.3599014282227 68.6945190429688 68.6151809692383 68.5118026733398 68.2807922363281
73.6306915283203 73.6497955322266 74.3224716186523 73.8202056884766 73.4216156005859 73.0350875854492 72.7381973266602 72.9163513183594 72.9243850708008 72.7194061279297 72.8513107299805 72.8089904785156 72.8810424804688 72.5761642456055 72.178092956543 72.3932418823242 71.9315490722656 71.9077529907227 71.3567657470703 71.8163528442383 71.6249389648438 71.5691375732422 71.2629470825195 70.8775329589844 71.1484375 71.0210494995117 70.9097747802734 70.7492446899414 70.3827133178711 70.4146881103516 70.724609375 70.1402969360352 70.4166259765625 70.1693725585938 70.7890548706055 70.1585464477539 70.1815032958984 69.9740142822266 69.7819519042969 69.879997253418 69.6788635253906 69.4514923095703 69.35791015625 68.9424743652344 68.5367813110352 68.1001052856445 68.8915481567383 68.3288345336914 68.5445785522461 68.4028854370117
74.2981262207031 73.9991302490234 74.152473449707 73.4504699707031 73.3858184814453 73.2118988037109 72.8868713378906 72.8278350830078 73.2663497924805 72.4726257324219 73.027717590332 72.8531036376953 72.2937088012695 72.384407043457 72.7803497314453 73.0179977416992 71.9454345703125 71.7967681884766 71.9286651611328 71.6940078735352 71.2803649902344 71.4523391723633 71.949348449707 70.7000198364258 71.0280075073242 70.9788284301758 70.973014831543 70.7743530273438 70.7020950317383 69.9129104614258 70.070915222168 69.9585952758789 70.2168807983398 70.1461639404297 70.8109970092773 70.3969650268555 70.3696670532227 69.8167037963867 69.9634017944336 69.7506713867188 69.955696105957 69.3078384399414 68.9791641235352 69.3319244384766 69.481575012207 68.8531188964844 68.2723236083984 68.8136138916016 69.4051284790039 68.9974517822266
74.5617141723633 74.2048110961914 74.2381820678711 73.6628494262695 73.23974609375 73.024299621582 73.2295532226562 73.2097930908203 72.6312561035156 72.4245758056641 73.0612106323242 72.9793167114258 72.6368255615234 72.0489883422852 72.3682098388672 72.2826461791992 71.4903106689453 71.5323715209961 71.7412338256836 71.7384490966797 71.451530456543 71.5067291259766 71.741325378418 71.0677261352539 71.354606628418 71.2197341918945 70.9891586303711 70.6318130493164 70.8221664428711 70.0494003295898 69.8593444824219 70.2277450561523 70.3317947387695 70.2651443481445 70.5703659057617 70.2934799194336 70.3077621459961 69.7415237426758 69.5183868408203 69.3678436279297 69.7316207885742 69.1861572265625 69.6037902832031 69.2949066162109 69.1889877319336 68.5988845825195 68.3132934570312 68.8783645629883 -9999 -9999
74.7439270019531 74.5071258544922 74.2173156738281 73.899169921875 73.5288391113281 72.8762054443359 73.0412673950195 73.1235122680664 72.3437347412109 72.4215393066406 73.0702362060547 72.9845733642578 72.4072952270508 71.8470306396484 72.0686645507812 72.111442565918 70.9973602294922 71.143684387207 71.7191619873047 71.905517578125 71.4462661743164 71.5474548339844 71.9027633666992 71.3848571777344 71.1515045166016 71.2658004760742 70.8203506469727 70.6614608764648 70.8775024414062 70.6618957519531 70.069450378418 70.6937713623047 70.9118194580078 70.3488540649414 70.2847366333008 70.1764984130859 69.9589157104492 69.9107284545898 69.0474624633789 69.0694580078125 69.2251434326172 69.3287200927734 69.6873016357422 69.0952529907227 68.9546279907227 69.0463027954102 68.5190353393555 68.1911010742188 69.0602874755859 -9999
74.3199157714844 74.2958221435547 74.0780792236328 74.1671905517578 73.6198120117188 73.0533828735352 72.7753677368164 72.4645004272461 72.2333221435547 72.2897796630859 72.5026626586914 72.7733917236328 72.2540283203125 71.9699554443359 72.3077087402344 72.091438293457 71.5686187744141 71.3690032958984 71.7671585083008 71.9863815307617 71.7432632446289 71.5945663452148 71.9680786132812 71.6440658569336 71.6064910888672 71.2731018066406 70.6719970703125 70.7024917602539 70.7359466552734 70.5669174194336 70.4773483276367 70.2475128173828 70.7062606811523 70.2169647216797 70.3012237548828 70.0958557128906 69.9359893798828 70.1464157104492 69.4383087158203 69.0498657226562 69.370246887207 -9999 -9999 69.3571624755859 69.2592010498047 68.9504852294922 68.5120620727539 68.7644424438477 69.1440658569336 -9999
