rcp8.5models/MPI_ESM_LR/sc1gr4.17
NCOLS 261 
NROWS 433 
XLLCORNER 336357.134 
YLLCORNER 654653.479 
CELLSIZE 1000 
NODATA_value -3.4e+38 
[rows 242 to 263 of 433, columns 147 to 195 of 261]
287.607299804688 283.889862060547 278.244201660156 279.308624267578 285.603271484375 288.504791259766 289.693023681641 290.371154785156 291.355316162109 292.076171875 292.46484375 293.177642822266 292.820281982422 292.844879150391 293.175231933594 293.527038574219 293.730743408203 293.441589355469 293.283935546875 292.987060546875 293.133544921875 293.188690185547 293.119812011719 293.36083984375 293.237335205078 293.099212646484 292.941955566406 292.499877929688 292.166259765625 291.955291748047 292.110382080078 292.477264404297 292.655578613281 293.522827148438 293.963073730469 293.57421875 293.004272460938 292.680084228516 -3.4e+38 -3.4e+38 294.038787841797 294.712432861328 294.598999023438 294.996276855469 294.764923095703 294.177215576172 294.211517333984 294.441375732422 293.948516845703
286.75244140625 283.262359619141 279.394805908203 282.222930908203 286.673553466797 288.68896484375 289.798370361328 290.550018310547 291.042633056641 291.259765625 291.897399902344 292.917327880859 293.331207275391 293.337982177734 293.344757080078 293.32568359375 293.163909912109 293.021087646484 292.925201416016 292.301818847656 292.190216064453 292.225830078125 292.905700683594 292.938140869141 292.910949707031 292.797393798828 292.701263427734 292.137145996094 291.668762207031 291.180755615234 291.401306152344 291.848327636719 292.016235351562 292.806182861328 292.847259521484 292.478363037109 292.583984375 293.169464111328 293.222778320312 -3.4e+38 -3.4e+38 293.478454589844 293.79296875 293.794067382812 293.408172607422 290.005676269531 290.307922363281 292.305053710938 292.937713623047
286.210021972656 282.143341064453 278.762786865234 282.995300292969 286.746337890625 288.924438476562 289.907196044922 290.818084716797 291.106231689453 291.373291015625 291.850158691406 292.827087402344 293.327178955078 293.334014892578 -3.4e+38 293.231842041016 292.841094970703 292.654052734375 292.756591796875 292.2265625 292.006866455078 292.189483642578 292.373657226562 292.322540283203 292.335510253906 292.477111816406 292.047302246094 291.0205078125 289.606750488281 289.829315185547 290.888153076172 291.532165527344 291.823059082031 292.439270019531 292.422790527344 291.980560302734 292.635589599609 -3.4e+38 -3.4e+38 -3.4e+38 -3.4e+38 293.475677490234 293.815307617188 293.697662353516 293.116912841797 292.753967285156 292.489044189453 292.853454589844 293.520111083984
285.183197021484 280.080383300781 276.648895263672 283.029876708984 287.064300537109 288.656921386719 289.388977050781 290.744415283203 291.407836914062 291.947631835938 292.194885253906 293.099151611328 293.323150634766 293.330047607422 -3.4e+38 293.240264892578 292.868499755859 292.643127441406 292.816009521484 292.601409912109 292.529083251953 292.642486572266 292.194854736328 291.738830566406 291.611694335938 291.893402099609 291.445251464844 289.125030517578 285.182159423828 286.660308837891 289.327270507812 291.049682617188 291.53564453125 291.964416503906 291.682556152344 291.817779541016 292.690521240234 -3.4e+38 -3.4e+38 -3.4e+38 293.120208740234 293.034759521484 292.831146240234 292.969543457031 292.680023193359 293.005187988281 293.503570556641 293.515197753906 293.585205078125
284.880859375 280.024475097656 274.912628173828 279.946014404297 286.943756103516 288.353851318359 289.135040283203 290.137634277344 291.354888916016 291.973968505859 292.184387207031 292.935699462891 293.260223388672 293.326110839844 293.333068847656 293.340026855469 293.156646728516 292.826934814453 292.916748046875 292.905883789062 292.940032958984 292.717681884766 292.572692871094 291.946594238281 291.766082763672 291.771759033203 291.057952880859 288.726959228516 285.087249755859 285.262023925781 288.330017089844 290.786163330078 291.404541015625 291.942504882812 291.521697998047 292.056304931641 292.506622314453 -3.4e+38 -3.4e+38 -3.4e+38 -3.4e+38 292.913635253906 290.438903808594 288.062805175781 292.157501220703 292.957885742188 293.971527099609 294.136383056641 293.886016845703
285.417205810547 281.557983398438 277.421539306641 282.329681396484 287.474700927734 288.803985595703 289.356689453125 290.184326171875 291.168914794922 -3.4e+38 291.833068847656 292.490875244141 292.8798828125 293.263275146484 293.242401123047 293.043640136719 292.942840576172 292.879119873047 292.913238525391 292.880920410156 292.917938232422 292.800720214844 292.702575683594 292.294525146484 292.041046142578 291.437469482422 290.609466552734 289.434814453125 288.475646972656 287.993072509766 289.542510986328 290.696838378906 291.244659423828 292.321472167969 292.138397216797 292.383728027344 292.442291259766 292.721008300781 -3.4e+38 -3.4e+38 -3.4e+38 -3.4e+38 291.062561035156 288.793121337891 292.980621337891 293.033599853516 293.796783447266 294.576110839844 294.865386962891
285.688995361328 283.028686523438 281.422760009766 285.813537597656 288.414031982422 288.970886230469 289.482269287109 290.396331787109 290.666442871094 290.854400634766 291.506744384766 292.009826660156 292.441223144531 292.680450439453 292.747253417969 292.808746337891 292.435241699219 292.607696533203 292.706268310547 292.401580810547 292.404205322266 292.609558105469 292.753845214844 292.426086425781 291.996978759766 291.180206298828 290.457183837891 289.540710449219 289.397766113281 289.615478515625 289.563232421875 290.079162597656 290.975738525391 291.940551757812 292.118927001953 -3.4e+38 292.545013427734 -3.4e+38 -3.4e+38 -3.4e+38 292.928527832031 292.963653564453 292.790679931641 292.607147216797 293.522521972656 293.498840332031 293.598449707031 294.576324462891 295.467163085938
285.222991943359 282.280853271484 279.144226074219 282.405853271484 288.292724609375 288.773162841797 289.449462890625 290.091552734375 290.420684814453 290.900939941406 291.393402099609 291.977447509766 292.249450683594 292.260589599609 292.552368164062 292.479522705078 292.111419677734 292.222686767578 292.490356445312 291.990356445312 291.822052001953 292.133666992188 292.482299804688 292.188110351562 291.830780029297 -3.4e+38 -3.4e+38 290.386901855469 289.666015625 289.129058837891 288.583862304688 289.840087890625 290.633453369141 291.260375976562 291.567138671875 292.122467041016 -3.4e+38 -3.4e+38 -3.4e+38 292.947204589844 292.733734130859 292.438140869141 292.244476318359 292.343322753906 293.154968261719 293.933441162109 293.59033203125 294.138336181641 295.085083007812
284.201690673828 281.646484375 276.390655517578 277.049163818359 287.919403076172 288.485168457031 289.009002685547 289.600982666016 290.131591796875 290.754516601562 291.396575927734 292.243560791016 292.222503662109 -3.4e+38 -3.4e+38 291.867309570312 291.587097167969 291.762145996094 292.282775878906 292.060607910156 291.672760009766 291.656158447266 292.068450927734 291.690155029297 290.998596191406 291.383392333984 -3.4e+38 -3.4e+38 290.106323242188 289.176696777344 288.83837890625 289.481018066406 289.229522705078 291.395446777344 291.801391601562 292.072875976562 -3.4e+38 -3.4e+38 -3.4e+38 292.582000732422 291.831909179688 291.281982421875 290.922790527344 291.342895507812 293.122131347656 294.229797363281 294.122375488281 293.755889892578 293.805480957031
283.889953613281 283.356323242188 278.567932128906 276.192016601562 287.591156005859 288.385192871094 288.960266113281 289.314514160156 289.765808105469 290.377319335938 291.09228515625 291.939880371094 292.273651123047 -3.4e+38 292.0048828125 291.423187255859 291.512756347656 291.707336425781 292.177978515625 292.298370361328 291.955139160156 291.478240966797 291.816772460938 291.450347900391 290.594573974609 290.630554199219 290.112884521484 289.381958007812 289.877899169922 289.433197021484 289.326080322266 289.183532714844 289.382659912109 291.589935302734 292.158752441406 292.369567871094 292.449127197266 -3.4e+38 -3.4e+38 292.471618652344 291.449279785156 291.166229248047 290.757965087891 291.059753417969 292.504455566406 293.889221191406 294.709411621094 294.317016601562 293.374572753906
283.912231445312 282.997772216797 278.574615478516 276.769287109375 284.458160400391 287.903167724609 288.570709228516 289.450225830078 290.107482910156 290.322082519531 290.771850585938 291.912689208984 292.295867919922 -3.4e+38 291.956756591797 291.610473632812 291.942626953125 291.912933349609 292.139831542969 292.230285644531 292.075073242188 291.677520751953 291.182373046875 290.860137939453 290.024444580078 289.385528564453 286.830139160156 284.780059814453 288.825012207031 288.922912597656 289.051971435547 289.606689453125 290.474945068359 291.633605957031 291.746490478516 292.120574951172 292.364227294922 292.530578613281 292.732269287109 -3.4e+38 292.149536132812 291.548583984375 290.689575195312 290.570098876953 291.675201416016 292.989837646484 294.428436279297 294.871704101562 293.92822265625
282.701019287109 282.459533691406 277.444732666016 273.965576171875 282.106719970703 286.639221191406 287.316955566406 289.641815185547 290.308654785156 289.880828857422 290.122802734375 291.880462646484 292.174682617188 -3.4e+38 292.05810546875 291.898193359375 291.518188476562 291.446594238281 291.616546630859 292.063079833984 291.959808349609 291.745758056641 290.968719482422 290.6240234375 289.56982421875 288.482360839844 284.979675292969 282.356292724609 288.513092041016 288.515045166016 288.517822265625 289.552368164062 290.261199951172 291.389495849609 291.165679931641 291.738647460938 292.099853515625 292.431671142578 292.598510742188 -3.4e+38 292.482818603516 291.653106689453 290.262634277344 289.865997314453 291.505523681641 292.5263671875 293.726837158203 295.033660888672 294.462249755859
282.453033447266 283.32666015625 280.045928955078 276.982696533203 283.938842773438 287.415405273438 288.081848144531 289.567779541016 290.193237304688 290.007659912109 290.271850585938 291.437683105469 291.918823242188 -3.4e+38 291.584930419922 291.198577880859 290.716644287109 291.047760009766 291.333129882812 292.006561279297 291.789947509766 291.337371826172 290.680145263672 290.092590332031 289.200103759766 288.247650146484 286.874969482422 285.944244384766 288.631134033203 287.83544921875 287.282501220703 288.394226074219 289.955017089844 290.956634521484 290.773681640625 291.657257080078 292.039306640625 292.065246582031 292.390563964844 -3.4e+38 292.166015625 291.319946289062 291.005798339844 291.005310058594 291.653442382812 292.708312988281 293.688751220703 294.413330078125 294.678100585938
277.26611328125 278.659454345703 276.750793457031 275.86181640625 284.797729492188 288.695220947266 289.260864257812 289.54248046875 290.284881591797 290.280700683594 290.663940429688 291.431060791016 291.492858886719 291.366760253906 291.455078125 291.274536132812 291.22607421875 290.957153320312 290.664398193359 291.214111328125 291.251647949219 291.226654052734 289.964691162109 290.016540527344 289.517028808594 288.947601318359 289.671905517578 289.140258789062 288.415100097656 288.088195800781 287.449493408203 288.302459716797 289.889465332031 290.593414306641 290.217620849609 290.720672607422 290.982513427734 291.205230712891 291.835632324219 292.189910888672 291.583374023438 291.532806396484 292.293731689453 292.343017578125 291.948547363281 293.242828369141 293.469879150391 294.156768798828 294.629211425781
274.721954345703 277.931243896484 275.282501220703 272.777740478516 282.477844238281 288.425109863281 288.722229003906 288.951995849609 289.374877929688 289.830963134766 290.243865966797 291.328216552734 291.277221679688 -3.4e+38 291.234619140625 291.156433105469 291.225433349609 290.818145751953 290.317108154297 291.079803466797 291.258117675781 291.133453369141 290.33251953125 -3.4e+38 -3.4e+38 289.819458007812 -3.4e+38 289.617553710938 288.748565673828 287.584686279297 285.877136230469 287.545166015625 289.706481933594 290.273498535156 289.863006591797 289.950286865234 290.680786132812 291.257690429688 291.981506347656 292.081481933594 291.442840576172 291.384338378906 292.223571777344 292.716857910156 292.235321044922 293.180358886719 293.913269042969 294.764739990234 294.718994140625
272.386688232422 274.728759765625 275.274536132812 274.607727050781 282.367279052734 287.631225585938 287.259887695312 287.898376464844 289.228240966797 290.145660400391 290.204467773438 291.201965332031 291.273559570312 -3.4e+38 291.149993896484 290.985382080078 291.1904296875 290.933837890625 290.522766113281 290.751251220703 291.187805175781 291.228240966797 290.809600830078 -3.4e+38 -3.4e+38 -3.4e+38 289.521148681641 -3.4e+38 288.209503173828 285.783752441406 283.638214111328 287.741088867188 289.647186279297 289.909637451172 289.765502929688 289.797790527344 290.533721923828 291.225616455078 291.816802978516 291.938110351562 291.154266357422 291.105194091797 291.998474121094 292.685424804688 293.041961669922 293.738128662109 294.342376708984 294.398590087891 294.44677734375
269.630493164062 272.819030761719 275.250885009766 275.02392578125 280.34765625 283.645599365234 281.069000244141 284.179168701172 289.474548339844 290.085052490234 290.154754638672 290.951934814453 291.21142578125 291.248687744141 290.946502685547 290.610717773438 290.987823486328 291.028015136719 290.680328369141 290.342193603516 290.993194580078 291.171722412109 290.603302001953 -3.4e+38 289.492004394531 289.060943603516 288.279998779297 287.519866943359 287.360595703125 284.044281005859 280.868103027344 288.851989746094 289.179840087891 289.423248291016 289.680541992188 290.242126464844 290.399597167969 290.982971191406 291.707946777344 291.303070068359 290.696197509766 290.972473144531 291.565368652344 292.614807128906 293.488403320312 294.024108886719 294.029083251953 293.812255859375 294.2373046875
265.867126464844 270.565032958984 272.704193115234 272.177978515625 276.223449707031 280.072723388672 278.895751953125 281.951965332031 289.542907714844 290.082366943359 290.198699951172 290.927459716797 291.096984863281 291.073120117188 290.870666503906 290.577575683594 290.734680175781 290.971405029297 290.6796875 290.203918457031 290.672943115234 291.052673339844 290.121490478516 289.472991943359 289.205902099609 288.254058837891 285.624694824219 280.401794433594 276.511535644531 279.661193847656 283.680236816406 288.371246337891 288.576599121094 289.158477783203 289.750274658203 290.424560546875 290.611206054688 290.953887939453 291.286163330078 290.5986328125 290.230651855469 291.333465576172 292.044830322266 292.982299804688 293.53662109375 293.538299560547 293.337799072266 293.668395996094 293.889678955078
259.213104248047 265.283630371094 269.570404052734 272.376983642578 276.402008056641 280.292175292969 282.482055664062 282.813537597656 289.636627197266 290.313751220703 290.405914306641 290.976867675781 291.098693847656 291.082885742188 291.032165527344 290.616455078125 290.012725830078 290.531677246094 290.380554199219 290.034240722656 290.227111816406 290.739410400391 -3.4e+38 -3.4e+38 -3.4e+38 286.616271972656 280.149871826172 272.802612304688 272.410339355469 281.894378662109 287.192474365234 287.545959472656 288.158264160156 289.062561035156 289.637512207031 290.471710205078 290.820526123047 290.871978759766 291.190643310547 290.627288818359 289.855072021484 290.951538085938 292.520874023438 292.899047851562 293.331878662109 292.786285400391 292.850769042969 293.15380859375 292.851287841797
253.840728759766 261.728393554688 271.954864501953 279.098846435547 281.901641845703 283.320953369141 284.116119384766 283.898284912109 289.349822998047 289.643280029297 289.615966796875 290.710968017578 291.002655029297 -3.4e+38 290.935394287109 290.106048583984 289.423858642578 290.044158935547 290.054473876953 290.070007324219 290.186859130859 290.377288818359 -3.4e+38 -3.4e+38 -3.4e+38 286.506744384766 280.696380615234 279.412384033203 283.257934570312 287.648376464844 287.207641601562 287.094268798828 288.08203125 288.954711914062 289.581604003906 290.118438720703 290.348815917969 290.633331298828 291.090576171875 290.729919433594 290.386108398438 290.814483642578 291.967651367188 292.270294189453 292.997039794922 292.124755859375 292.02880859375 292.523895263672 292.318420410156
258.701049804688 266.735107421875 277.351318359375 280.935028076172 280.831939697266 283.201019287109 285.63330078125 285.030334472656 286.075531005859 286.729248046875 288.955688476562 290.295288085938 290.517028808594 -3.4e+38 290.686584472656 289.870208740234 289.366851806641 289.728515625 289.70654296875 289.616363525391 289.965850830078 290.245544433594 -3.4e+38 -3.4e+38 -3.4e+38 -3.4e+38 286.935333251953 288.056732177734 288.737060546875 288.064300537109 287.408508300781 287.088623046875 287.983673095703 289.149627685547 289.744262695312 289.635772705078 289.653747558594 290.211944580078 290.640014648438 290.567932128906 291.130767822266 290.706726074219 290.266052246094 291.506744384766 292.627868652344 291.244171142578 290.533233642578 291.700866699219 292.183380126953
264.228149414062 273.709289550781 278.068756103516 274.241973876953 272.468414306641 278.426818847656 286.471893310547 285.487884521484 284.374664306641 286.732299804688 289.296112060547 290.307159423828 290.544525146484 290.788787841797 290.661254882812 290.08984375 289.745513916016 289.689758300781 289.411224365234 289.1748046875 289.291351318359 290.122467041016 -3.4e+38 -3.4e+38 -3.4e+38 289.502593994141 289.196868896484 288.719421386719 288.599334716797 288.010894775391 287.298645019531 287.004302978516 287.709716796875 289.052825927734 289.158294677734 289.28857421875 289.681610107422 290.262542724609 290.537353515625 289.9326171875 290.424591064453 290.351013183594 289.780181884766 291.165222167969 292.468505859375 291.241577148438 290.606231689453 290.941040039062 291.413299560547
