rcp8.5models/MPI_ESM_LR/sc1gr2.23
NCOLS 261 
NROWS 433 
XLLCORNER 336357.134 
YLLCORNER 654653.479 
CELLSIZE 1000 
NODATA_value -3.4e+38 
[rows 198 to 219 of 433, columns 49 to 97 of 261]
365.553863525391 365.528869628906 365.706207275391 365.396667480469 365.120697021484 365.128997802734 365.063110351562 364.918701171875 364.403930664062 365.013763427734 364.433258056641 364.192596435547 364.200836181641 364.208587646484 364.2158203125 364.139953613281 363.887023925781 363.729583740234 363.156524658203 362.895294189453 362.735168457031 362.2490234375 362.254547119141 362.264068603516 362.164459228516 361.911590576172 361.775512695312 361.323120117188 361.164093017578 360.415344238281 360.371185302734 360.049072265625 359.761505126953 360.322418212891 360.442169189453 359.861328125 360.254943847656 360.521636962891 360.166687011719 359.330078125 359.194885253906 359.978698730469 359.910278320312 359.494232177734 359.088928222656 358.858245849609 358.270904541016 358.4951171875 358.237426757812
365.626525878906 365.551513671875 365.27001953125 365.242309570312 364.960479736328 364.609954833984 364.978790283203 364.921630859375 364.249481201172 364.428833007812 364.191070556641 364.200347900391 364.209167480469 364.217498779297 364.225311279297 364.232482910156 364.238983154297 364.159973144531 363.254364013672 363.258026123047 363.011474609375 362.424865722656 362.910430908203 362.752807617188 362.264404296875 362.101928710938 361.549255371094 361.305725097656 361.254943847656 360.567321777344 360.441314697266 360.005218505859 359.979919433594 360.033264160156 360.250610351562 359.813140869141 360.076110839844 360.852325439453 360.424896240234 359.282836914062 359.645843505859 359.466186523438 359.477935791016 359.400543212891 359.146423339844 358.914611816406 358.059997558594 357.82421875 358.296630859375
365.569427490234 365.331695556641 365.428161621094 365.057525634766 364.691680908203 364.320098876953 364.835266113281 365.089935302734 364.690155029297 364.18896484375 364.199157714844 364.045135498047 363.551696777344 363.726440429688 364.235595703125 364.243286132812 364.087066650391 363.601043701172 363.267333984375 363.271484375 363.186187744141 363.012390136719 363.116607666016 362.548187255859 362.280517578125 362.024871826172 361.440948486328 361.909484863281 361.793914794922 360.919311523438 360.649749755859 360.627716064453 360.503082275391 360.429077148438 360.489624023438 360.064544677734 359.794281005859 360.171966552734 359.680023193359 359.398956298828 360.017791748047 359.135162353516 359.135559082031 359.166748046875 359.204376220703 358.971405029297 358.008575439453 357.590270996094 358.194061279297
365.234680175781 365.152984619141 365.256622314453 365.0400390625 364.625946044922 364.140991210938 364.201263427734 365.032531738281 364.941162109375 364.197479248047 364.208190917969 364.136596679688 363.867614746094 363.738372802734 363.749755859375 364.254913330078 364.012054443359 363.269348144531 363.280944824219 363.292755126953 363.310516357422 363.292633056641 363.039947509766 362.296478271484 362.297210693359 362.203735351562 362.025115966797 362.130981445312 361.595886230469 361.226104736328 361.113067626953 361.222839355469 361.003814697266 360.817810058594 360.686431884766 360.045776367188 359.493225097656 359.587524414062 359.823486328125 359.880462646484 360.074493408203 359.603729248047 359.186950683594 359.224761962891 359.262756347656 359.028625488281 358.229125976562 358.083709716797 358.141815185547
365.106964111328 365.059875488281 364.952392578125 365.105010986328 364.934967041016 364.494445800781 364.086303710938 364.955963134766 364.834228515625 364.20703125 364.051391601562 363.560943603516 363.559875488281 363.4599609375 363.34375 363.608123779297 363.531707763672 363.28271484375 363.295257568359 363.304321289062 363.316253662109 363.166625976562 362.644683837891 362.313232421875 362.314422607422 362.314819335938 362.314422607422 362.217529296875 361.777191162109 361.304718017578 361.300323486328 361.221069335938 360.971923828125 360.768920898438 360.608093261719 360.571228027344 359.710784912109 359.832000732422 360.134674072266 359.827178955078 358.959320068359 359.495574951172 359.245056152344 359.283203125 359.321502685547 359.249969482422 358.831481933594 358.437530517578 358.364410400391
365.646850585938 365.571868896484 364.857604980469 364.825775146484 364.438812255859 364.32763671875 364.338653564453 364.948364257812 364.395141601562 364.217620849609 364.146362304688 363.740112304688 363.251342773438 363.429412841797 363.764770507812 363.280517578125 363.289001464844 363.296813964844 363.310272216797 363.315856933594 363.320709228516 363.245819091797 363.007659912109 362.804260253906 -3.4e+38 362.333068847656 362.225036621094 361.862670898438 361.603485107422 361.786315917969 361.321472167969 361.436889648438 361.538482666016 360.919372558594 361.017669677734 361.118988037109 -3.4e+38 360.383728027344 359.734832763672 359.94873046875 359.102142333984 359.265289306641 359.303558349609 359.177429199219 358.946044921875 359.419525146484 359.182586669922 358.497802734375 358.537200927734
365.354431152344 365.338562011719 365.009857177734 364.711547851562 364.157043457031 364.338836669922 364.940795898438 364.446533203125 364.216949462891 364.229248046875 364.241271972656 364.156433105469 363.724853515625 363.360900878906 363.53759765625 363.297943115234 363.313293457031 363.311645507812 363.179016113281 362.912719726562 363.337249755859 363.341735839844 363.177947998047 362.614501953125 362.350494384766 362.351837158203 362.289428710938 362.078125 361.980773925781 362.246948242188 361.896545410156 361.868530273438 362.194030761719 361.84228515625 361.772399902344 361.289093017578 361.190399169922 360.958709716797 360.271942138672 359.635040283203 359.435333251953 358.885864257812 359.362487792969 359.125701904297 358.551025390625 359.047454833984 359.241302490234 358.558380126953 358.598205566406
365.651794433594 365.13916015625 365.095397949219 364.921478271484 364.824035644531 364.854797363281 365.191284179688 364.892578125 364.731414794922 364.241912841797 364.254241943359 364.260223388672 364.174072265625 363.951263427734 363.789245605469 363.481231689453 363.809631347656 363.327209472656 363.262390136719 363.12109375 363.185363769531 362.716125488281 362.627868652344 362.366790771484 362.369354248047 362.37109375 362.3720703125 362.372222900391 362.37158203125 362.367950439453 362.256774902344 362.008178710938 362.198516845703 362.351348876953 362.074371337891 361.338500976562 361.146911621094 360.831878662109 360.927520751953 359.729217529297 359.306854248047 358.658752441406 359.421752929688 359.183715820312 358.500122070312 358.651794433594 358.871002197266 358.619293212891 358.659484863281
-3.4e+38 365.149627685547 365.143737792969 365.123107910156 365.166564941406 365.151275634766 365.204040527344 365.229705810547 365.149749755859 364.900726318359 364.936889648438 364.774597167969 364.292388916016 364.303771972656 364.22607421875 364.071746826172 364.244476318359 363.82568359375 363.837677001953 363.366149902344 363.278411865234 362.850219726562 362.382049560547 362.385772705078 362.388732910156 362.560333251953 363.025146484375 362.854675292969 362.561584472656 362.846466064453 362.347595214844 362.240570068359 362.283172607422 362.375030517578 361.9287109375 360.748596191406 360.63720703125 360.446319580078 360.595245361328 360.209808349609 359.781311035156 359.155334472656 359.481414794922 359.409210205078 358.991424560547 358.600128173828 358.640197753906 358.680511474609 358.721038818359
366.073089599609 365.853210449219 365.861114501953 365.693237304688 365.193511962891 365.205413818359 365.217864990234 365.243927001953 365.252716064453 365.257568359375 365.283081054688 365.208526611328 364.971588134766 364.981018066406 364.816955566406 364.341217041016 364.351165771484 364.268829345703 364.111938476562 363.384185791016 363.390625 363.300933837891 363.041564941406 362.872772216797 362.579406738281 363.143920898438 363.412994384766 363.314208984375 363.143249511719 362.685394287109 362.240447998047 361.785888671875 361.953338623047 362.399047851562 362.014038085938 360.833251953125 360.381378173828 360.537139892578 360.959869384766 360.807556152344 360.281372070312 359.502044677734 359.541412353516 359.413055419922 -3.4e+38 358.4931640625 358.274291992188 358.741973876953 358.782867431641
365.915618896484 365.447265625 366.117340087891 365.799285888672 365.455993652344 365.235198974609 365.510833740234 364.840576171875 364.794036865234 365.302154541016 365.227355957031 364.99365234375 365.004028320312 364.928375244141 364.882202148438 365.108795166016 364.386657714844 364.396545410156 364.239898681641 -3.4e+38 -3.4e+38 363.903472900391 363.614685058594 364.083587646484 363.91259765625 363.453338623047 363.455810546875 363.285095214844 362.83056640625 362.458038330078 362.180816650391 361.73095703125 362.451721191406 362.448120117188 362.336791992188 361.881317138672 361.433166503906 361.428497314453 361.165496826172 360.480865478516 360.433471679688 359.743591308594 359.969146728516 359.419128417969 358.837249755859 358.905883789062 357.109283447266 355.124206542969 358.199127197266
365.415313720703 365.282348632812 365.706146240234 366.142761230469 365.741149902344 365.251281738281 365.529602050781 364.291931152344 364.393157958984 364.82861328125 365.154602050781 364.681304931641 364.696380615234 364.619781494141 364.475250244141 364.82275390625 364.882690429688 364.591827392578 364.338226318359 -3.4e+38 364.449432373047 -3.4e+38 364.199798583984 -3.4e+38 363.736236572266 363.475128173828 363.477966308594 363.377838134766 362.935485839844 362.308685302734 361.753662109375 361.757049560547 362.476379394531 362.47314453125 362.469177246094 362.184295654297 -3.4e+38 361.468566894531 361.196319580078 360.690948486328 360.902099609375 360.310852050781 360.327117919922 359.846893310547 359.114990234375 356.112426757812 -3.4e+38 356.765167236328 357.969787597656
365.386779785156 365.723022460938 365.311584472656 365.55615234375 365.487213134766 365.26806640625 -3.4e+38 365.295227050781 364.503784179688 364.915344238281 364.594543457031 364.543731689453 364.681549072266 364.087585449219 364.881530761719 364.507415771484 364.854949951172 365.181549072266 364.631072998047 -3.4e+38 -3.4e+38 -3.4e+38 -3.4e+38 364.388610839844 363.952941894531 363.497375488281 363.500549316406 363.5029296875 363.40087890625 362.400451660156 362.12646484375 362.229736328125 362.501373291016 362.498504638672 362.494934082031 362.381439208984 361.927825927734 361.489624023438 361.376312255859 361.083068847656 360.855529785156 360.106842041016 360.153930664062 360.306213378906 359.690185546875 353.849029541016 346.304565429688 358.468109130859 358.171630859375
365.807678222656 365.458526611328 365.244720458984 365.258148193359 365.088165283203 364.605407714844 364.621734619141 366.15087890625 365.4091796875 364.778961181641 365.036041259766 365.138854980469 364.851470947266 363.955535888672 365.1484375 -3.4e+38 364.834869384766 364.153930664062 364.394104003906 364.096374511719 363.927795410156 364.061370849609 364.043792724609 364.334136962891 363.956237792969 363.976379394531 363.523590087891 363.526275634766 363.528228759766 362.977874755859 362.529541015625 362.528472900391 362.526702880859 362.524200439453 362.347045898438 361.904724121094 361.964660644531 361.942687988281 361.501068115234 361.404876708984 360.976287841797 360.197265625 360.275848388672 360.362548828125 359.876068115234 -3.4e+38 350.075073242188 359.123168945312 358.610534667969
366.150634765625 365.750671386719 365.261444091797 365.275329589844 365.018035888672 364.48828125 364.810882568359 365.857604980469 365.997711181641 364.951385498047 364.906036376953 365.038970947266 364.271301269531 364.753967285156 364.871704101562 365.0234375 364.801330566406 364.417175292969 363.751831054688 363.684265136719 364.255096435547 364.241882324219 363.628662109375 363.795684814453 363.819000244141 364.2626953125 363.369964599609 362.921783447266 362.925933837891 363.271789550781 362.554565429688 362.553833007812 362.552368164062 362.551513671875 362.440521240234 361.981018066406 -3.4e+38 -3.4e+38 361.528839111328 361.522521972656 361.227844238281 360.499664306641 360.490783691406 360.337524414062 359.828674316406 358.113220214844 356.096496582031 359.218811035156 358.866668701172
365.558532714844 365.302673339844 364.618896484375 364.866821289062 365.220458984375 365.089416503906 365.248168945312 365.456420898438 365.619934082031 365.303527832031 365.167327880859 364.870086669922 363.9912109375 365.355560302734 365.214904785156 365.196990966797 364.765441894531 365.302642822266 363.698852539062 364.090484619141 364.074035644531 364.442169189453 364.008666992188 363.556671142578 363.66552734375 363.831146240234 363.288024902344 362.574279785156 362.576812744141 363.026947021484 363.200408935547 362.844970703125 362.138153076172 362.409271240234 362.156860351562 362.459167480469 362.113433837891 361.841064453125 361.556823730469 361.376098632812 360.826202392578 360.529113769531 360.346618652344 359.857757568359 359.580261230469 359.099487304688 358.898620605469 359.301300048828 359.101409912109
365.076721191406 364.696868896484 364.805847167969 364.431304931641 364.496673583984 364.274871826172 364.8671875 365.199829101562 364.917663574219 365.415802001953 365.430236816406 365.071319580078 364.123809814453 364.154998779297 364.539703369141 365.399780273438 365.258178710938 365.519958496094 364.104034423828 363.805908203125 363.659942626953 363.927215576172 364.014251708984 364.035278320312 363.585998535156 363.770660400391 363.939880371094 363.047393798828 362.422943115234 363.157135009766 362.985595703125 362.767974853516 362.331695556641 362.497253417969 362.180969238281 362.214263916016 -3.4e+38 362.021789550781 361.585083007812 361.464538574219 361.176086425781 361.158416748047 360.8564453125 360.138366699219 360.079956054688 359.959686279297 359.784240722656 359.362670898438 359.397552490234
365.198028564453 364.730895996094 363.998718261719 364.134979248047 364.624114990234 363.999786376953 365.142852783203 365.314910888672 365.183746337891 365.249786376953 364.786956787109 364.708587646484 364.384063720703 364.151153564453 364.541442871094 365.518981933594 365.531036376953 365.54248046875 364.000854492188 364.216033935547 363.857971191406 363.133270263672 363.882904052734 364.499938964844 363.881042480469 363.451751708984 364.333251953125 363.516815185547 362.964660644531 363.521759033203 363.072601318359 362.631927490234 362.465637207031 362.224670410156 362.528900146484 362.204315185547 362.190307617188 362.326812744141 361.670806884766 361.811920166016 361.759735107422 361.588531494141 361.286895751953 360.504180908203 360.400421142578 -3.4e+38 359.799407958984 359.426208496094 359.427154541016
365.301574707031 365.160461425781 364.626556396484 364.438171386719 364.851745605469 364.975891113281 365.206604003906 365.427978515625 365.443298339844 365.175567626953 364.473236083984 364.487762451172 364.501892089844 364.702392578125 364.909515380859 364.607360839844 365.553894042969 365.565521240234 363.872955322266 364.5966796875 364.215972900391 363.356353759766 363.726226806641 363.811645507812 363.158142089844 363.217254638672 364.537994384766 363.913665771484 363.100006103516 363.657043457031 363.372894287109 362.850921630859 362.830322265625 361.860961914062 362.106231689453 361.969451904297 -3.4e+38 361.924377441406 361.679779052734 361.770874023438 361.558197021484 361.618560791016 361.492156982422 360.976226806641 360.483459472656 360.464263916016 360.166473388672 359.932312011719 359.252960205078
364.949188232422 365.142150878906 364.795471191406 364.941162109375 364.731201171875 365.082977294922 364.332183837891 364.778961181641 364.796844482422 364.71923828125 364.495452880859 364.510192871094 364.524536132812 364.448547363281 364.232025146484 364.416778564453 364.926666259766 365.127014160156 363.898895263672 364.620727539062 364.526062011719 364.276672363281 364.098449707031 363.547576904297 363.108856201172 363.246429443359 364.670745849609 364.275329589844 363.230560302734 363.502258300781 362.969360351562 363.014099121094 363.291778564453 362.34375 362.015106201172 361.371215820312 361.795593261719 361.866729736328 361.818786621094 361.565856933594 361.1259765625 361.272521972656 361.044494628906 360.918029785156 360.625457763672 360.616516113281 360.606994628906 360.280364990234 359.421173095703
364.975555419922 364.775146484375 365.146820068359 365.298461914062 365.177124023438 364.955749511719 364.181121826172 364.471435546875 364.4873046875 364.502868652344 364.708923339844 365.003784179688 364.547607421875 364.462646484375 364.329528808594 364.588439941406 364.600982666016 364.902557373047 363.738433837891 364.189849853516 364.654663085938 364.477783203125 363.929595947266 363.678833007812 363.577972412109 363.537658691406 363.885009765625 363.52294921875 363.411743164062 363.598846435547 363.155853271484 363.024780273438 363.418426513672 362.570404052734 362.168365478516 362.105194091797 362.350646972656 362.255096435547 361.796630859375 361.629486083984 361.414367675781 360.828094482422 360.672332763672 360.664886474609 360.656860351562 360.648223876953 360.639038085938 360.329040527344 359.442260742188
365.267730712891 365.1513671875 365.195617675781 364.924560546875 365.231231689453 364.811401367188 364.781036376953 364.017730712891 364.509887695312 364.718383789062 365.301818847656 365.457885742188 365.2294921875 365.050842285156 364.599151611328 364.612457275391 364.625183105469 364.740142822266 364.303253173828 364.416412353516 364.679718017578 364.582366943359 -3.4e+38 363.704467773438 363.711334228516 363.717498779297 363.613220214844 363.463653564453 363.436584472656 363.300811767578 363.626434326172 363.470733642578 363.626831054688 363.081481933594 362.343444824219 362.310394287109 362.441223144531 361.561126708984 361.305969238281 361.725860595703 361.721130371094 360.709808349609 360.703277587891 360.696136474609 360.688415527344 360.680114746094 360.671295166016 360.360168457031 359.527282714844
