rcp8.5models/MPI_ESM_LR/sc1gr7.15
NCOLS 261 
NROWS 433 
XLLCORNER 336357.134 
YLLCORNER 654653.479 
CELLSIZE 1000 
NODATA_value -3.4e+38 
[rows 330 to 351 of 433, columns 49 to 97 of 261]
78.3830337524414 78.363899230957 78.1645050048828 77.9230041503906 77.803352355957 77.6214218139648 77.4063949584961 77.1884689331055 77.0352478027344 76.9909057617188 76.9701309204102 76.8177490234375 76.7688827514648 76.6545486450195 76.4189453125 76.172233581543 75.9309310913086 75.676628112793 74.687126159668 74.6654815673828 74.545768737793 73.8950119018555 73.6601409912109 73.6224517822266 -3.4e+38 -3.4e+38 73.0579986572266 -3.4e+38 72.8781661987305 72.682975769043 73.3249664306641 73.7593383789062 73.7772369384766 73.6833343505859 73.0797119140625 72.1579360961914 71.5910339355469 71.6241836547852 71.9475326538086 72.1090698242188 71.8379440307617 71.5288925170898 71.4846038818359 71.1852645874023 70.738395690918 70.6357040405273 70.0852813720703 70.010627746582 70.6681365966797
78.3989028930664 78.4470443725586 78.2048797607422 77.9993896484375 77.7927093505859 77.4981079101562 77.3321990966797 77.0626907348633 77.0304718017578 76.929084777832 76.6509780883789 76.3212432861328 76.5559997558594 76.6811752319336 76.4163360595703 76.2222671508789 76.0342178344727 75.9550476074219 75.2676239013672 75.0065536499023 74.546875 74.2406463623047 73.6582412719727 73.1347122192383 -3.4e+38 72.6009674072266 73.0182113647461 -3.4e+38 72.6280822753906 73.078742980957 73.765998840332 73.9272766113281 73.9143524169922 73.7890701293945 73.481819152832 72.9061431884766 72.268196105957 72.1616363525391 72.4449615478516 72.4851226806641 71.9983139038086 71.4263687133789 71.2807693481445 71.2521209716797 70.7696075439453 70.7607955932617 70.5862655639648 70.4113693237305 71.1367950439453
78.1339645385742 78.1840896606445 78.1847763061523 78.0288238525391 77.6789398193359 77.5773773193359 77.5479354858398 77.0403900146484 76.8553237915039 76.7483062744141 76.4899520874023 76.1931457519531 76.4236755371094 76.6691436767578 76.505241394043 76.3092041015625 76.0653076171875 75.9746017456055 75.6100921630859 75.3833999633789 74.9901885986328 74.8357009887695 73.3109817504883 72.6617431640625 -3.4e+38 72.2754669189453 72.7447128295898 72.9419021606445 72.7040328979492 73.3396224975586 73.733039855957 73.6996459960938 73.8809127807617 73.7350006103516 73.5330352783203 73.3267822265625 72.8852081298828 72.6595687866211 72.8007202148438 72.5394592285156 71.9419021606445 71.3687133789062 71.1521301269531 71.2069320678711 70.9192199707031 70.8604736328125 70.985466003418 70.8185119628906 71.0783538818359
78.0377044677734 77.9668884277344 78.1540298461914 77.9236145019531 77.5005874633789 77.5355758666992 77.451057434082 77.0406723022461 76.6286087036133 76.5678176879883 76.4278869628906 76.3057022094727 76.5188980102539 76.5653991699219 76.3806915283203 76.2271423339844 75.9690093994141 75.7863311767578 75.5008010864258 75.3662185668945 75.2222900390625 74.8753128051758 73.1118392944336 72.2835845947266 -3.4e+38 72.2194137573242 72.0991592407227 72.8285293579102 72.4968032836914 73.0459594726562 73.2988662719727 73.5714645385742 73.7615051269531 73.6292877197266 73.4789733886719 73.3668518066406 73.1583404541016 72.977424621582 72.9407653808594 72.7066497802734 72.0820999145508 71.3866348266602 71.1026229858398 71.2199935913086 71.2918930053711 71.2104339599609 71.2013854980469 70.6325912475586 70.2168350219727
78.116584777832 78.0002517700195 78.1110687255859 77.864372253418 77.5950088500977 77.5466232299805 77.2068099975586 76.7858428955078 76.4218978881836 76.3355941772461 76.3420562744141 76.4737701416016 76.6445846557617 76.4145050048828 76.1986389160156 76.126335144043 75.3752746582031 75.1985015869141 75.4213027954102 75.4002304077148 75.3094940185547 74.4842758178711 73.1296234130859 72.2465209960938 72.6534652709961 72.5567169189453 72.2856292724609 72.9234771728516 71.5838775634766 72.6541748046875 73.0931625366211 73.2240753173828 73.0820465087891 73.3821792602539 73.5133209228516 73.2381439208984 73.1396484375 73.0505447387695 72.7361068725586 72.631706237793 72.4868087768555 71.43701171875 71.2078247070312 71.269889831543 71.4285202026367 71.3423080444336 71.1752700805664 70.0797348022461 68.9998397827148
78.1196060180664 78.0056610107422 78.0096282958984 77.8989639282227 77.7588119506836 77.5350189208984 77.0791320800781 76.6622695922852 76.4237670898438 76.3910140991211 76.4624557495117 76.4737854003906 76.4330444335938 76.2812118530273 76.2166519165039 76.1362609863281 75.5011596679688 75.2639617919922 75.5090026855469 75.5027770996094 75.2774658203125 74.327392578125 73.2250671386719 72.4560089111328 72.7098693847656 72.8768005371094 72.73193359375 73.1520385742188 71.7591552734375 72.6025390625 72.9641265869141 72.8613967895508 72.4268112182617 73.0535278320312 73.5601501464844 73.3593978881836 73.2283248901367 73.0724105834961 72.6023788452148 72.5401458740234 72.7569808959961 71.6137924194336 71.5188522338867 71.5712814331055 71.4937057495117 71.3895797729492 71.0055694580078 69.6309127807617 68.617790222168
78.2304153442383 78.0279083251953 78.0980529785156 77.7865753173828 77.4572372436523 77.2360153198242 76.9217071533203 76.5722961425781 76.567008972168 76.4451370239258 76.2526397705078 76.3079452514648 76.2542266845703 76.0491333007812 76.0119476318359 76.0942916870117 75.9899673461914 75.7131805419922 75.6565780639648 75.5354309082031 75.1865921020508 74.7318878173828 73.834831237793 72.7793502807617 72.452507019043 72.8340835571289 73.0187149047852 73.764762878418 73.6523742675781 72.9870681762695 72.7513046264648 73.0516510009766 72.5146026611328 72.6427841186523 73.4205322265625 73.5670928955078 73.4609298706055 73.2441482543945 73.0668258666992 72.783805847168 72.6632995605469 72.4211349487305 72.1829833984375 72.2597351074219 72.2283706665039 71.8546142578125 71.1433334350586 70.1873779296875 69.1952743530273
78.2722320556641 78.1089019775391 77.9580001831055 77.5876007080078 77.2192077636719 76.9223022460938 76.7788162231445 76.8296356201172 76.7148742675781 76.4454498291016 76.2685852050781 76.234733581543 76.1342620849609 76.0053176879883 75.9450988769531 76.0403289794922 75.9668579101562 75.8761672973633 75.7072906494141 75.5263748168945 75.2312393188477 74.9331436157227 74.0453796386719 73.0354843139648 72.7027740478516 73.0345611572266 73.0708541870117 73.4192123413086 73.956298828125 73.3514022827148 72.9276657104492 73.045166015625 72.4569549560547 72.6286926269531 73.5006713867188 73.5249557495117 73.3885803222656 73.2746734619141 73.1748275756836 73.0069046020508 72.8378219604492 72.6655044555664 72.4586791992188 72.3598480224609 72.2935485839844 71.9520034790039 71.3016967773438 70.4187240600586 69.5062789916992
78.3344573974609 78.1890487670898 77.8388519287109 77.4415283203125 77.1532211303711 76.9675445556641 76.9178619384766 76.8598327636719 76.5878219604492 76.4704971313477 76.3612289428711 76.1395645141602 76.0279693603516 76.1098098754883 76.0527954101562 76.0930786132812 76.1183471679688 76.0453033447266 75.6819305419922 75.4704971313477 75.1408233642578 74.9693450927734 74.2172012329102 73.5741958618164 73.2870788574219 73.2089767456055 73.1905288696289 73.5156631469727 74.2730865478516 73.6019592285156 73.0189437866211 73.0356979370117 72.3064346313477 72.2516784667969 73.3496932983398 73.535400390625 73.3807754516602 73.2660140991211 73.1301422119141 73.0298233032227 72.8729782104492 72.603515625 72.5225982666016 72.408821105957 72.3048400878906 72.1021041870117 71.644416809082 70.6034393310547 69.8782119750977
78.2260971069336 77.9585418701172 77.6649322509766 77.5712280273438 77.4299926757812 77.2287445068359 77.034049987793 76.7107696533203 76.5636291503906 76.5984039306641 76.4850845336914 76.1622314453125 76.0528335571289 76.2295074462891 76.1859817504883 76.0978851318359 76.1610794067383 76.0544967651367 75.3376312255859 75.1749572753906 75.0502014160156 74.83251953125 74.7206497192383 74.3503036499023 73.8918380737305 73.4843368530273 73.3539962768555 73.8950424194336 74.4964218139648 73.0152893066406 71.7696533203125 71.9311218261719 72.3565521240234 71.7563018798828 72.5791854858398 73.5277633666992 73.4593276977539 73.2883758544922 73.1200332641602 73.0028533935547 72.8637084960938 72.5640106201172 72.47265625 72.4101028442383 72.3283538818359 72.1925506591797 71.8812255859375 71.2070007324219 70.6084136962891
78.1127471923828 77.8376998901367 77.7309494018555 77.7204818725586 77.3808975219727 77.1241989135742 76.9183120727539 76.7630767822266 76.8197555541992 76.704833984375 76.4578399658203 76.1724700927734 76.0945205688477 76.1520233154297 76.2318496704102 76.1529922485352 76.1067504882812 75.9336395263672 75.1846313476562 74.8987426757812 74.6948928833008 74.9435729980469 75.2725677490234 74.5165863037109 73.8969192504883 73.4711151123047 73.2084579467773 73.9184341430664 74.4740676879883 72.0471649169922 71.7467880249023 72.0039596557617 72.9656524658203 72.4511871337891 72.6328430175781 73.5046997070312 73.4213409423828 73.3079147338867 73.1641006469727 72.9051513671875 72.7635498046875 72.5526580810547 72.4593048095703 72.3943252563477 72.2618789672852 72.1615371704102 71.9394836425781 71.5709533691406 70.9556274414062
77.8851089477539 77.6258316040039 77.7194442749023 77.7371826171875 77.1581420898438 76.834831237793 76.6984100341797 76.7101287841797 76.8889846801758 76.7460403442383 76.4349670410156 76.2654037475586 76.2088241577148 76.2247161865234 76.2482452392578 76.2622680664062 76.1709213256836 75.9324722290039 75.4315872192383 74.7749938964844 74.4037704467773 74.9682235717773 75.3679046630859 74.9254531860352 74.4093780517578 73.4654846191406 73.0270233154297 73.5117797851562 74.1527557373047 72.9900970458984 73.0002365112305 72.9057006835938 73.3825759887695 73.4452209472656 73.0510482788086 73.2909164428711 73.4285583496094 73.3039245605469 73.1745223999023 72.796745300293 72.5710525512695 72.59130859375 72.4662780761719 72.3752059936523 72.298713684082 72.1819152832031 72.0226821899414 71.6354293823242 70.8650817871094
77.7460021972656 77.3951950073242 77.3768310546875 77.4567184448242 77.1861419677734 76.8157730102539 76.6805191040039 76.7584915161133 76.9307022094727 76.8479690551758 76.3863220214844 76.2412567138672 76.377311706543 76.2999420166016 76.228515625 76.2620010375977 76.2142181396484 76.0432281494141 75.7784271240234 75.4581527709961 75.0488662719727 75.1884841918945 75.4155578613281 75.3211288452148 75.0775146484375 74.4674987792969 73.8418426513672 73.5935668945312 73.9572601318359 74.2673721313477 73.9416732788086 73.6980819702148 73.7734222412109 73.8513259887695 73.3171920776367 73.2581176757812 73.4877624511719 73.2841186523438 73.1137084960938 72.8560562133789 72.6523818969727 72.5558929443359 72.4012832641602 72.3503875732422 72.3285827636719 72.1990737915039 72.0372924804688 71.6428451538086 70.808708190918
77.8289184570312 77.5836715698242 77.3990325927734 77.2116622924805 77.1892166137695 77.0080337524414 76.8009490966797 76.9209060668945 77.0090560913086 76.924430847168 76.2412185668945 76.1423034667969 76.479606628418 76.4632110595703 76.4530563354492 76.3878936767578 76.3108596801758 76.1384963989258 75.9256591796875 75.8988494873047 75.6904983520508 74.9113922119141 74.984992980957 75.2601928710938 75.1374435424805 75.1269378662109 74.7860717773438 74.4527587890625 74.4189453125 74.5011138916016 74.3428344726562 74.1745834350586 74.0595550537109 73.9166259765625 73.5655975341797 73.4295196533203 73.4845123291016 73.2729873657227 73.0827865600586 72.9767913818359 72.8405380249023 72.4059600830078 72.2770538330078 72.25634765625 72.2547988891602 72.1213912963867 71.9865875244141 71.712532043457 70.9339904785156
78.0043716430664 77.8949127197266 77.5974044799805 77.2459945678711 77.1068267822266 77.0569381713867 77.0514984130859 77.0334854125977 77.0660247802734 76.9254302978516 76.5457153320312 76.4226684570312 76.507453918457 76.5020065307617 76.4961166381836 76.5010147094727 76.3767623901367 76.1357345581055 75.950927734375 75.8972473144531 75.831298828125 75.2942199707031 75.2186431884766 75.3553466796875 75.2181625366211 75.1468734741211 74.9380187988281 74.3760223388672 73.8670120239258 74.1359634399414 73.9827651977539 73.6068649291992 73.6273345947266 73.2183685302734 73.2357559204102 73.4969482421875 73.4156875610352 73.2979965209961 73.1370468139648 73.0283508300781 72.8961868286133 72.3278884887695 72.1113739013672 72.197265625 72.2676849365234 72.1150207519531 71.9700164794922 71.7766342163086 71.1001739501953
77.982666015625 77.9687805175781 77.600715637207 77.2795028686523 77.2800445556641 77.2471923828125 77.1624450683594 77.1750793457031 76.8958129882812 76.7211990356445 76.7259292602539 76.5655517578125 76.423957824707 76.4487075805664 76.4043731689453 76.3435592651367 76.3427124023438 76.1288375854492 75.9891586303711 75.968505859375 75.8421249389648 75.3059616088867 74.8585815429688 75.1653900146484 75.3027496337891 74.8409423828125 74.6675567626953 74.1348190307617 73.0862045288086 73.5119705200195 73.9362487792969 73.0141677856445 72.8611907958984 72.7767562866211 72.9728317260742 73.5583190917969 73.3051071166992 73.190559387207 73.152229309082 73.0180892944336 72.8949356079102 72.4951705932617 72.1366424560547 72.130256652832 72.2667541503906 72.1263885498047 71.932373046875 71.6889953613281 71.1259536743164
78.0190963745117 77.9895858764648 77.6406936645508 77.3227996826172 77.4662933349609 77.5067596435547 77.2888412475586 77.218864440918 76.9630737304688 76.422492980957 76.4377365112305 76.5350189208984 76.5120468139648 76.5421752929688 76.4134902954102 76.3422470092773 76.3864974975586 76.2764434814453 76.125129699707 75.908935546875 75.7610549926758 75.4252243041992 75.0456695556641 75.1978607177734 74.7570190429688 74.1320953369141 73.9508972167969 73.6189956665039 73.0460968017578 72.9669952392578 73.7245330810547 72.4393692016602 71.9830474853516 72.5925598144531 72.8030014038086 73.2910308837891 73.1622772216797 73.0453720092773 73.0662002563477 72.7831573486328 72.5857696533203 72.6427307128906 72.3750762939453 72.2568664550781 72.2821960449219 72.1356735229492 71.8945693969727 71.6763458251953 71.3451080322266
77.9951324462891 77.9778442382812 77.7017440795898 77.5308151245117 77.6312561035156 77.6096267700195 77.4679260253906 77.0375518798828 76.9832153320312 76.4950637817383 76.3593597412109 76.5495681762695 76.7153244018555 76.7033843994141 76.5148696899414 76.4877624511719 76.4193572998047 76.3415298461914 76.1874923706055 75.7495498657227 75.672981262207 75.7520980834961 75.5947494506836 74.9413146972656 74.3935317993164 73.933349609375 73.1994857788086 73.0059280395508 72.9071502685547 72.0567169189453 72.872688293457 72.0999984741211 71.0109939575195 71.8152542114258 72.3564834594727 72.7879180908203 72.8744812011719 72.3549270629883 72.4468154907227 72.6594924926758 72.348991394043 72.6112976074219 72.5063400268555 72.3803482055664 72.2798080444336 72.11181640625 71.8430252075195 71.7551956176758 71.7073211669922
78.0445938110352 77.971565246582 77.8985290527344 77.777229309082 77.6448364257812 77.6175003051758 77.5765151977539 77.2216110229492 77.08203125 76.5975189208984 76.2628631591797 76.5651397705078 76.7853469848633 76.8154678344727 76.8260879516602 76.6315612792969 76.5202713012695 76.4071655273438 76.0428695678711 75.9217071533203 75.7529525756836 75.668586730957 75.6510925292969 75.1367645263672 74.8665924072266 74.4274597167969 73.2609786987305 72.3701705932617 72.3727035522461 71.59326171875 71.70849609375 72.1472549438477 70.7989273071289 70.5287780761719 71.8843688964844 72.1015014648438 72.4425735473633 72.0957489013672 71.4222793579102 72.0248870849609 72.4460144042969 72.0606079101562 72.4074401855469 72.3963470458984 72.0727691650391 71.6822357177734 71.7817535400391 71.9750213623047 71.892448425293
78.0409317016602 77.9674758911133 77.9161605834961 77.8205413818359 77.6536331176758 77.5254974365234 77.4214248657227 77.1220092773438 77.036506652832 76.5529251098633 75.8398742675781 76.3372116088867 76.895378112793 76.8628921508789 76.8607330322266 76.7685470581055 76.624755859375 76.4544143676758 75.9134979248047 76.1305160522461 75.9804611206055 75.736457824707 75.6742477416992 75.4708938598633 74.4368591308594 74.0826950073242 73.7556304931641 73.0971145629883 72.8454971313477 72.1458740234375 71.9070281982422 72.070426940918 70.728645324707 70.0376358032227 71.3699264526367 71.7386779785156 72.0141983032227 72.3699569702148 71.2164688110352 71.085563659668 72.1791763305664 72.1117553710938 72.2626800537109 72.3660202026367 72.1907043457031 71.9135589599609 71.7265472412109 71.8281173706055 71.8926239013672
77.9463882446289 77.974983215332 77.8909606933594 77.7189712524414 77.4473114013672 77.385383605957 77.3915863037109 77.1911087036133 77.2390213012695 76.9632110595703 76.4923477172852 76.7399978637695 76.9821548461914 76.9308776855469 76.9080657958984 76.8322219848633 76.6956939697266 76.4981994628906 75.6405029296875 75.917594909668 76.0862884521484 75.8822860717773 75.7541122436523 75.5380477905273 74.7238922119141 73.9706192016602 73.8728713989258 73.518913269043 72.8918914794922 72.1994552612305 71.8307495117188 71.4560089111328 70.1182708740234 69.6487426757812 70.8406982421875 71.8010177612305 71.6828842163086 72.0748825073242 71.5787582397461 70.2517623901367 70.9927444458008 72.3787231445312 72.2875823974609 72.3386840820312 72.2309799194336 72.1639175415039 71.832649230957 71.6915130615234 71.7559967041016
77.6710739135742 77.8743591308594 77.9187622070312 77.7734832763672 77.6241912841797 77.4748077392578 77.4502563476562 77.3618774414062 77.3534851074219 77.2508316040039 77.0573120117188 77.1117782592773 77.0588531494141 76.962158203125 76.9453201293945 76.8803405761719 76.7876510620117 76.6155548095703 75.6175079345703 75.7576141357422 76.0810775756836 75.9091033935547 75.7403259277344 75.5965805053711 75.3851318359375 74.2828826904297 74.1400756835938 73.2968902587891 72.234748840332 72.0600891113281 71.8803405761719 71.6963272094727 70.5902633666992 69.8447341918945 70.4267196655273 71.8476409912109 72.340934753418 72.2551345825195 72.0886688232422 70.6673431396484 70.105712890625 72.0834732055664 72.2869033813477 72.2012557983398 72.2185745239258 72.146354675293 71.9640655517578 71.7002639770508 71.51953125
