rcp8.5models/MPI_ESM_LR/sc1gr21.22
NCOLS 261 
NROWS 433 
XLLCORNER 336357.134 
YLLCORNER 654653.479 
CELLSIZE 1000 
NODATA_value -9999 
[rows 198 to 219 of 433, columns 50 to 99 of 261]
52.2924270629883 20.1664142608643 22.6693286895752 26.3642692565918 24.67604637146 24.3990840911865 26.4307804107666 31.8783550262451 43.0565605163574 52.2435188293457 52.2219352722168 47.2462921142578 41.1367073059082 35.1559371948242 34.6623992919922 33.1552085876465 31.4874744415283 31.7459869384766 38.0912170410156 54.3930015563965 65.0509567260742 53.6054878234863 47.0865020751953 71.7949752807617 110.083679199219 182.387359619141 217.131744384766 204.613616943359 161.134536743164 137.280151367188 132.341384887695 143.221542358398 187.070373535156 251.682235717773 271.817291259766 235.642761230469 197.605697631836 187.199493408203 153.078598022461 139.992980957031 178.944137573242 222.650466918945 260.195831298828 319.142852783203 341.760955810547 252.007568359375 154.464614868164 198.434921264648 231.953552246094 262.676635742188
44.4635581970215 16.1961002349854 24.2995529174805 29.7448387145996 29.5014324188232 30.0072956085205 33.7801666259766 43.3214416503906 54.178783416748 57.9611396789551 56.6247177124023 54.2833137512207 52.2419204711914 51.2409324645996 64.1322708129883 72.8985137939453 58.4585647583008 39.8388252258301 40.6304817199707 55.3042602539062 74.6163711547852 84.7025833129883 96.3938903808594 113.841377258301 138.924224853516 270.839874267578 295.981201171875 235.742263793945 170.673217773438 143.499649047852 135.593612670898 153.369995117188 192.761856079102 234.067901611328 231.941665649414 197.446197509766 176.179580688477 154.607055664062 126.474983215332 112.516166687012 115.14527130127 151.984115600586 242.90478515625 328.027893066406 323.466186523438 235.133834838867 142.00798034668 133.698333740234 151.627838134766 166.842468261719
44.6169204711914 20.1172981262207 24.9012069702148 30.3612499237061 30.4251308441162 31.4575080871582 36.6466026306152 47.6734237670898 56.4109649658203 55.2111854553223 51.5539970397949 53.8336753845215 59.3052825927734 71.1190414428711 103.869186401367 127.018371582031 94.3679809570312 52.2002372741699 50.7500305175781 58.3725471496582 73.7946701049805 85.9649353027344 94.3113327026367 112.565391540527 180.048095703125 388.255889892578 315.351318359375 224.692581176758 170.965545654297 161.418319702148 217.44596862793 296.492401123047 300.094909667969 252.816711425781 222.088653564453 190.570739746094 191.379165649414 172.186096191406 135.534759521484 113.443092346191 102.826652526855 126.007987976074 195.014755249023 236.640075683594 204.230407714844 158.949813842773 122.920402526855 100.939994812012 105.439338684082 114.222984313965
37.2766456604004 29.6541996002197 30.8503532409668 31.7843952178955 30.9430236816406 31.5145778656006 35.4054641723633 43.1533317565918 49.7057685852051 48.6011276245117 45.4003524780273 51.340763092041 59.9684982299805 78.9667358398438 121.975555419922 153.123779296875 113.832862854004 60.9446296691895 58.2809829711914 65.6707382202148 76.2307815551758 82.3124389648438 85.5550384521484 95.2478561401367 138.467056274414 292.931549072266 232.549102783203 161.066329956055 156.168411254883 208.111923217773 347.832336425781 523.177185058594 592.160461425781 498.851501464844 327.043212890625 192.796188354492 221.771347045898 204.321472167969 153.061965942383 119.949592590332 110.110740661621 115.4501953125 131.933166503906 132.76203918457 111.355361938477 105.885475158691 116.443046569824 124.482406616211 108.938186645508 101.85245513916
34.9094657897949 34.0052757263184 34.0765953063965 33.9429588317871 33.561279296875 33.8760032653809 35.5951385498047 38.177978515625 40.0101776123047 39.8853569030762 39.9560050964355 46.0505828857422 56.232250213623 82.154052734375 130.632217407227 168.102935791016 134.635314941406 78.0048904418945 63.2556076049805 72.4147109985352 85.3711624145508 99.3410263061523 119.559623718262 126.373260498047 131.23779296875 235.805892944336 187.763397216797 136.962219238281 163.963882446289 230.965225219727 378.664276123047 620.156188964844 790.055847167969 721.230651855469 443.663177490234 189.81120300293 215.014007568359 189.821914672852 156.876007080078 135.346725463867 126.962142944336 122.36311340332 111.631294250488 99.2794799804688 93.615608215332 102.093132019043 130.056076049805 141.079544067383 114.046409606934 96.3480453491211
34.7105598449707 34.654052734375 34.6336555480957 34.5993385314941 34.5890617370605 34.9026641845703 35.7688179016113 36.6391296386719 36.9676895141602 37.8150901794434 43.9272804260254 60.2217407226562 74.7171096801758 99.8937377929688 147.967666625977 176.618469238281 163.190017700195 131.050231933594 96.327751159668 94.1877365112305 136.501388549805 174.360687255859 196.8779296875 -9999 166.371170043945 156.167785644531 132.636535644531 133.709976196289 190.019592285156 248.790435791016 322.416625976562 500.462982177734 723.41015625 753.915588378906 469.980529785156 -9999 184.705215454102 167.497817993164 154.463195800781 142.399505615234 134.68505859375 127.798355102539 111.933906555176 105.157081604004 123.270645141602 143.329895019531 154.099716186523 104.878807067871 81.7125473022461 71.6508026123047
34.6955757141113 34.6700630187988 34.6537475585938 34.598705291748 34.5305023193359 35.3082275390625 42.4258766174316 64.9166488647461 89.9218139648438 84.3916244506836 75.3591461181641 113.479927062988 147.158248901367 106.433837890625 95.8582000732422 106.866920471191 125.029342651367 145.772994995117 137.021362304688 126.084030151367 155.551162719727 181.601119995117 184.446578979492 162.967498779297 130.935455322266 102.606552124023 104.543754577637 140.951889038086 214.159759521484 265.332366943359 282.617126464844 363.174835205078 521.257080078125 568.922790527344 416.677185058594 257.226409912109 160.734970092773 144.098541259766 138.276382446289 138.490982055664 138.935897827148 132.466201782227 115.98462677002 106.12956237793 118.081398010254 134.421798706055 135.650329589844 72.0116653442383 60.5355796813965 55.9854621887207
34.713020324707 34.6684684753418 34.6276741027832 34.5230941772461 35.3233528137207 44.5306663513184 81.4288864135742 153.038650512695 216.287185668945 221.338516235352 195.632751464844 197.51318359375 206.929962158203 138.332717895508 102.794860839844 94.2268676757812 126.05583190918 166.283706665039 165.371780395508 152.134750366211 158.500076293945 164.725143432617 146.382461547852 108.550735473633 86.3199081420898 85.8050003051758 96.9647445678711 141.449356079102 212.194076538086 247.615173339844 239.900085449219 271.25 348.227508544922 395.481811523438 396.378082275391 323.594268798828 156.687194824219 129.040435791016 129.384658813477 140.088958740234 150.239944458008 150.395004272461 141.736862182617 124.073631286621 102.452568054199 89.83837890625 88.5255508422852 62.1336402893066 57.2777633666992 53.451358795166
34.9656639099121 34.665958404541 35.4284629821777 37.9968376159668 46.5041999816895 73.9151763916016 128.973083496094 182.934783935547 201.687255859375 204.136795043945 220.985763549805 250.07829284668 268.100738525391 214.051376342773 195.320739746094 196.358245849609 205.691680908203 202.608367919922 184.517456054688 173.315399169922 163.634002685547 136.597274780273 96.4624176025391 75.2101440429688 72.6754760742188 81.8693618774414 90.2669677734375 115.888175964355 147.208923339844 153.640823364258 147.42658996582 182.064300537109 275.894165039062 408.167114257812 504.682067871094 404.108795166016 156.890167236328 132.571823120117 143.056274414062 166.01301574707 177.972885131836 175.562316894531 170.111236572266 143.655883789062 102.979637145996 73.9167709350586 70.7029800415039 63.3629989624023 57.9977607727051 53.5210418701172
70.2094802856445 67.512451171875 72.4804382324219 85.975959777832 103.219512939453 125.586982727051 155.011749267578 169.958068847656 169.088531494141 177.340316772461 205.347305297852 242.629333496094 273.673034667969 245.046966552734 254.248611450195 261.907287597656 239.383560180664 207.356872558594 193.114395141602 181.975372314453 155.31706237793 109.271049499512 68.6553268432617 65.3525161743164 71.1609420776367 83.1482086181641 92.1904907226562 107.571517944336 116.628715515137 111.381889343262 110.906265258789 149.001846313477 231.056137084961 327.078735351562 381.771392822266 308.898101806641 145.818099975586 142.370056152344 166.774612426758 198.028656005859 208.049896240234 204.014526367188 194.005554199219 -9999 122.781799316406 101.148971557617 106.98518371582 91.4104156494141 64.2267303466797 55.2606964111328
108.421607971191 112.278526306152 115.413948059082 116.65550994873 121.943336486816 130.360107421875 143.792907714844 157.463088989258 169.724029541016 180.032409667969 188.032028198242 196.784240722656 201.441421508789 201.024368286133 219.141662597656 221.148773193359 203.56706237793 185.858551025391 -9999 -9999 95.1903839111328 77.5030822753906 62.4576988220215 63.43798828125 68.9827117919922 86.9986190795898 94.6944351196289 105.801689147949 110.741287231445 105.594062805176 116.682289123535 167.468902587891 222.587310791016 260.174438476562 289.95751953125 262.250823974609 171.514434814453 159.207885742188 175.189727783203 205.921371459961 234.391098022461 256.612945556641 252.021530151367 185.040573120117 117.819442749023 119.704193115234 144.385025024414 129.083724975586 87.4887390136719 74.6547775268555
116.831207275391 118.423072814941 129.490493774414 133.751174926758 135.552886962891 144.163269042969 155.26545715332 161.360778808594 185.456161499023 240.678451538086 268.097503662109 228.080108642578 171.374160766602 157.645965576172 192.065795898438 209.793319702148 169.304183959961 138.199737548828 -9999 141.393844604492 -9999 74.5873031616211 -9999 76.0969161987305 81.8798141479492 92.6509628295898 99.8931045532227 123.194679260254 149.903930664062 155.836273193359 189.544219970703 254.041534423828 246.140808105469 216.69596862793 221.971466064453 -9999 178.224456787109 180.747024536133 208.526412963867 249.821746826172 275.667572021484 295.106994628906 279.968872070312 186.1884765625 109.392700195312 -9999 135.533798217773 148.469909667969 167.778121948242 177.838897705078
116.37174987793 117.219284057617 127.509742736816 134.499862670898 139.29541015625 -9999 174.551986694336 187.546966552734 185.960418701172 185.008666992188 177.617462158203 155.933502197266 135.777618408203 150.248458862305 190.458511352539 216.286315917969 165.018051147461 93.0984039306641 -9999 -9999 -9999 -9999 88.43505859375 80.4760360717773 88.5622253417969 119.535224914551 142.634735107422 210.631210327148 317.738006591797 356.647033691406 328.21142578125 319.808715820312 261.100402832031 202.432250976562 206.670562744141 202.658248901367 149.206832885742 146.721496582031 161.723602294922 186.652160644531 207.200698852539 226.470397949219 228.262405395508 190.053024291992 148.688278198242 125.576179504395 110.937164306641 113.947982788086 132.710372924805 149.039794921875
121.593734741211 134.128128051758 154.07145690918 162.218704223633 157.485366821289 153.678298950195 167.449371337891 188.693572998047 190.339202880859 163.381469726562 135.366195678711 127.410430908203 127.051849365234 129.507034301758 -9999 130.52033996582 106.487380981445 69.6547622680664 60.048656463623 61.7677192687988 71.0593185424805 88.9452438354492 94.8649749755859 86.1176605224609 96.2467193603516 148.632019042969 179.043411254883 253.595199584961 400.024139404297 490.584838867188 434.052520751953 339.025726318359 250.748962402344 220.199508666992 264.900970458984 272.654571533203 140.485488891602 120.76237487793 130.059951782227 149.035171508789 172.614974975586 201.077728271484 217.806549072266 196.260833740234 -9999 116.678825378418 97.6176910400391 112.125030517578 135.357192993164 147.948089599609
134.103622436523 162.103927612305 194.362243652344 207.401901245117 194.088760375977 166.028076171875 155.083251953125 172.050659179688 184.357284545898 164.566543579102 135.56803894043 138.195129394531 148.642456054688 120.081443786621 99.9681625366211 91.1777801513672 79.5370330810547 64.2252960205078 57.713306427002 57.9098892211914 66.3161697387695 87.6160583496094 101.988662719727 98.296760559082 106.430541992188 152.297882080078 177.021392822266 226.876525878906 356.150512695312 489.264495849609 466.458923339844 335.964508056641 242.840042114258 227.032455444336 255.858154296875 -9999 -9999 116.183753967285 124.049964904785 138.947692871094 157.244537353516 179.599411010742 192.339859008789 176.437515258789 139.638153076172 104.60026550293 95.4122619628906 136.017822265625 162.80012512207 155.269104003906
125.242088317871 163.154998779297 209.206665039062 233.669052124023 232.83854675293 199.270629882812 161.150909423828 155.487762451172 162.861938476562 154.385101318359 139.658599853516 144.32258605957 149.719192504883 108.326065063477 93.7972717285156 88.8553695678711 79.2545013427734 62.5459327697754 51.3318252563477 51.5500984191895 61.5072402954102 88.1039352416992 114.070289611816 118.560363769531 120.707778930664 133.905807495117 138.448181152344 150.328674316406 222.879211425781 365.483093261719 426.423706054688 340.197814941406 278.966674804688 300.502777099609 284.344360351562 243.314895629883 184.410278320312 132.882781982422 123.19206237793 137.254058837891 154.709991455078 171.855209350586 175.425811767578 156.738067626953 125.647659301758 100.43985748291 95.9461288452148 141.628051757812 148.060348510742 121.475845336914
101.042442321777 139.187301635742 232.68098449707 307.651458740234 326.953186035156 258.050567626953 191.034088134766 158.741943359375 147.930725097656 138.926147460938 133.148971557617 134.658538818359 130.801910400391 101.721290588379 91.8261871337891 86.6804504394531 73.4349975585938 56.1620864868164 47.7383575439453 48.4143447875977 56.8499069213867 82.2460479736328 115.203643798828 131.601257324219 134.465545654297 116.700996398926 106.024513244629 106.14478302002 133.408065795898 213.547927856445 283.971496582031 261.880737304688 238.121353149414 298.745330810547 315.411743164062 -9999 175.487014770508 135.097869873047 117.065948486328 132.008209228516 149.56233215332 168.462539672852 168.989898681641 143.4609375 116.453819274902 99.0306091308594 92.8859481811523 122.832504272461 126.296882629395 107.211059570312
106.309463500977 146.971389770508 313.412078857422 419.273040771484 418.392608642578 322.171844482422 232.344482421875 182.258544921875 154.792327880859 140.385650634766 129.419082641602 127.148254394531 120.323318481445 96.9792251586914 90.258544921875 82.1665344238281 64.798942565918 49.9746360778809 47.2230758666992 48.387336730957 55.8453941345215 78.2559585571289 111.544937133789 134.116577148438 136.4853515625 106.286193847656 99.5359420776367 101.786415100098 125.272445678711 175.066131591797 199.198318481445 169.961074829102 159.861145019531 195.849487304688 215.343353271484 183.285018920898 129.867294311523 107.72388458252 95.3747863769531 107.632057189941 129.856842041016 155.472686767578 162.68196105957 141.300659179688 -9999 98.319221496582 89.4740142822266 107.041282653809 118.032859802246 109.598899841309
109.36572265625 161.560791015625 525.381652832031 742.58203125 666.307739257812 420.668426513672 259.94482421875 195.4111328125 159.179534912109 142.145477294922 128.034698486328 123.807632446289 114.837905883789 90.9936065673828 88.6484985351562 82.9449157714844 66.4773864746094 51.9092063903809 50.5391273498535 54.3790130615234 62.2568740844727 77.8905792236328 102.468200683594 125.271064758301 131.366546630859 107.557258605957 108.639686584473 127.725936889648 188.762420654297 272.378723144531 271.920928955078 189.285629272461 154.15950012207 163.035064697266 164.824798583984 -9999 117.01293182373 136.130310058594 191.930236816406 215.434814453125 152.185638427734 114.584968566895 133.624603271484 132.015686035156 117.725921630859 101.480575561523 89.5324935913086 112.993606567383 155.884124755859 166.798034667969
106.096237182617 156.936874389648 357.661071777344 459.869934082031 433.693237304688 332.998962402344 256.479461669922 216.697540283203 175.715972900391 140.97151184082 121.268684387207 117.462547302246 101.895515441895 86.8569946289062 91.6471481323242 99.0966262817383 103.650856018066 101.718193054199 88.4007415771484 73.3360061645508 72.0994186401367 77.5196533203125 91.2992477416992 111.976486206055 122.442810058594 123.926498413086 146.892608642578 187.461303710938 258.123626708984 334.712646484375 324.823211669922 259.702453613281 240.314239501953 237.845336914062 210.457763671875 161.973922729492 157.612274169922 198.552780151367 275.637176513672 306.885559082031 187.978317260742 93.631462097168 114.072044372559 127.71305847168 138.134353637695 137.093505859375 121.577438354492 124.298377990723 171.343215942383 175.237594604492
121.63208770752 158.532012939453 262.896270751953 305.627899169922 295.917572021484 259.475036621094 230.212600708008 200.390991210938 147.066375732422 116.21656036377 116.120750427246 121.388160705566 112.122077941895 88.6075897216797 100.764518737793 121.308776855469 136.731506347656 141.37239074707 134.35498046875 116.075218200684 96.8804168701172 82.7996673583984 83.951301574707 100.347434997559 114.572021484375 125.401878356934 146.384994506836 183.332015991211 234.266250610352 282.796630859375 297.343658447266 289.853088378906 286.433685302734 270.884490966797 227.780685424805 170.279891967773 226.066635131836 263.066650390625 263.506469726562 265.525634765625 204.661468505859 140.440307617188 127.659187316895 128.259613037109 146.415374755859 169.979370117188 188.791320800781 140.946090698242 140.848068237305 134.660354614258
136.663513183594 158.450561523438 215.876052856445 228.287414550781 227.411376953125 215.63671875 204.216430664062 184.597518920898 141.842208862305 110.456649780273 111.01993560791 121.847122192383 121.613708496094 97.4618377685547 109.912055969238 129.791519165039 142.138320922852 144.986740112305 145.383544921875 144.715148925781 133.315628051758 -9999 97.7099990844727 108.903144836426 123.480247497559 136.077331542969 162.649520874023 198.731979370117 225.516479492188 244.845779418945 281.452972412109 339.583190917969 343.352081298828 252.757095336914 172.319564819336 158.155975341797 248.030303955078 259.925598144531 226.301498413086 227.91227722168 222.068145751953 208.611831665039 194.773315429688 172.513366699219 156.090667724609 168.28825378418 210.487670898438 159.152954101562 129.802734375 120.967620849609
