rcp8.5models/MPI_ESM_LR/sc1gr2.16
NCOLS 261 
NROWS 433 
XLLCORNER 336357.134 
YLLCORNER 654653.479 
CELLSIZE 1000 
NODATA_value -3.4e+38 
[rows 352 to 373 of 433, columns 147 to 195 of 261]
317.837432861328 316.791107177734 319.756927490234 326.801422119141 327.776977539062 327.793182373047 327.631805419922 326.696258544922 325.780731201172 326.141693115234 325.0234375 317.742492675781 312.873016357422 310.051788330078 315.505615234375 320.959747314453 321.124145507812 318.818084716797 318.608947753906 320.703338623047 320.960815429688 322.453857421875 320.465179443359 318.158477783203 319.703674316406 324.347076416016 325.576538085938 326.11181640625 326.795989990234 327.531860351562 327.567077636719 327.601989746094 327.782379150391 329.063568115234 328.738616943359 328.911926269531 329.301788330078 329.334228515625 329.504791259766 329.902709960938 330.204711914062 330.966339111328 330.997711181641 331.028839111328 331.191925048828 331.864196777344 331.150604248047 331.180389404297 331.332305908203
316.221405029297 316.282135009766 320.1494140625 327.137634277344 327.792205810547 327.705749511719 327.461517333984 327.164978027344 326.791839599609 326.454437255859 325.542358398438 322.171600341797 319.013305664062 316.668731689453 319.801818847656 323.7666015625 323.457427978516 319.073883056641 314.506622314453 318.085723876953 324.124359130859 324.937927246094 322.508514404297 321.983489990234 322.104400634766 324.483337402344 326.211578369141 326.79296875 326.778930664062 327.515075683594 327.698059082031 328.086517333984 328.411712646484 329.402679443359 328.722106933594 328.755554199219 328.788726806641 328.960815429688 329.494079589844 330.023590087891 330.556732177734 330.9501953125 330.981628417969 331.145751953125 331.678771972656 331.848876953125 331.134796142578 331.164642333984 331.194213867188
315.736480712891 317.244384765625 322.726440429688 327.7900390625 327.703002929688 327.423400878906 327.335510253906 327.289367675781 326.792419433594 326.564239501953 326.092864990234 325.1455078125 324.325927734375 323.988006591797 324.138671875 324.437164306641 324.558074951172 323.318725585938 319.878112792969 320.712005615234 323.854125976562 325.571380615234 325.565765380859 325.716888427734 325.625091552734 326.507049560547 326.890533447266 326.775970458984 326.761932373047 327.498291015625 327.680694580078 328.214050292969 328.747924804688 329.386444091797 328.705627441406 328.739105224609 328.912322998047 329.445648193359 329.837860107422 330.141693115234 330.902282714844 331.068786621094 331.470916748047 331.499542236328 331.652984619141 331.833526611328 331.118957519531 331.148864746094 331.178497314453
314.879150390625 316.564331054688 323.371795654297 328.304992675781 327.925903320312 327.162200927734 327.037658691406 326.981628417969 326.617523193359 326.224945068359 326.249267578125 325.646057128906 324.115997314453 322.627807617188 321.946594238281 321.573425292969 325.007080078125 325.226501464844 325.047454833984 323.947479248047 322.973419189453 325.895172119141 324.612548828125 324.667877197266 325.609619140625 326.643188476562 327.221801757812 326.909820556641 327.095458984375 327.481567382812 327.516876220703 327.697723388672 328.230804443359 329.370208740234 328.4052734375 327.999755859375 329.033996582031 329.788879394531 329.959197998047 330.492279052734 330.886077880859 331.049865722656 331.577697753906 331.851318359375 331.645965576172 331.947357177734 331.482666015625 330.878875732422 330.397277832031
313.130615234375 317.45166015625 325.624359130859 328.638092041016 327.924346923828 327.081115722656 326.738128662109 326.503540039062 326.357696533203 326.037536621094 325.776672363281 325.304321289062 323.779541015625 321.111480712891 320.293487548828 321.434143066406 324.392639160156 324.486572265625 325.048950195312 324.889434814453 324.507415771484 324.536926269531 323.179931640625 324.39990234375 325.091339111328 326.126953125 327.009063720703 327.393188476562 327.429168701172 327.464813232422 327.647338867188 328.035827636719 328.215362548828 328.995361328125 328.391204833984 328.129852294922 329.380126953125 329.772552490234 329.94091796875 330.470428466797 330.734649658203 330.531463623047 331.196960449219 331.964660644531 331.995727539062 331.928161621094 331.455780029297 330.871765136719 330.407073974609
313.525360107422 323.367523193359 327.997039794922 328.030670166016 327.336273193359 326.840606689453 326.509033203125 326.342102050781 325.857940673828 325.536285400391 325.316986083984 324.991546630859 324.308380126953 322.644866943359 322.819885253906 324.255401611328 323.917572021484 324.184478759766 325.0322265625 325.584167480469 325.5322265625 323.719909667969 321.944458007812 325.040435791016 325.765594482422 325.80322265625 326.144256591797 327.02734375 327.412445068359 327.448150634766 327.777435302734 328.518646240234 328.553466796875 328.622222900391 328.656158447266 328.969512939453 329.583862304688 329.391845703125 329.788970947266 329.955688476562 330.216979980469 330.151153564453 331.180419921875 331.948638916016 331.979736328125 331.915985107422 331.578643798828 331.482849121094 331.005950927734
317.336029052734 327.176544189453 327.828704833984 327.596008300781 327.062042236328 326.605834960938 326.249725341797 326.294677734375 325.617858886719 325.024810791016 325.000610351562 325.502502441406 325.517700195312 325.364929199219 325.010620117188 324.720123291016 324.310546875 324.539093017578 325.100128173828 325.481170654297 325.429290771484 324.987213134766 322.609405517578 325.177154541016 326.249969482422 325.981353759766 325.777801513672 327.009521484375 327.395751953125 327.431488037109 327.613800048828 328.147644042969 328.536926269531 328.605743408203 328.639739990234 328.812622070312 329.205932617188 329.37890625 329.635864257812 329.437896728516 329.837524414062 330.0009765625 330.659454345703 331.427703857422 331.458374023438 331.897064208984 331.548675537109 331.455871582031 330.994537353516
323.523712158203 327.506500244141 327.842559814453 327.550750732422 326.971954345703 326.756042480469 326.330841064453 325.997406005859 325.81005859375 325.319976806641 325.166687011719 325.851654052734 325.502136230469 325.312805175781 325.066864013672 324.861877441406 324.589385986328 324.880065917969 325.073516845703 325.468963623047 325.293518066406 325.457641601562 324.624328613281 325.849975585938 326.233276367188 326.117065429688 326.260314941406 327.343109130859 327.379150390625 327.414886474609 327.450347900391 327.776519775391 328.520416259766 328.589324951172 328.482330322266 328.295562744141 328.967102050781 329.7236328125 329.621246337891 329.425903320312 329.821380615234 329.853393554688 330.147369384766 330.916625976562 330.947814941406 331.378479003906 331.039825439453 331.069946289062 331.099822998047
327.828735351562 327.849517822266 327.687438964844 327.209197998047 326.730072021484 326.251312255859 325.948760986328 325.970916748047 325.641052246094 325.004119873047 325.021759033203 325.386596679688 325.071899414062 325.034301757812 324.663177490234 324.049713134766 323.994598388672 324.458648681641 -3.4e+38 325.209045410156 325.114898681641 -3.4e+38 326.125457763672 326.162902832031 326.045745849609 325.888214111328 326.424407958984 327.109527587891 327.698120117188 327.381866455078 327.417388916016 327.743072509766 328.487548828125 328.556579589844 328.590667724609 328.902770996094 329.657958984375 329.691192626953 329.72412109375 329.623138427734 329.424377441406 330.085021972656 330.853118896484 330.884704589844 330.915985107422 330.977783203125 331.008270263672 331.038482666016 -3.4e+38
-3.4e+38 327.678863525391 327.201263427734 326.904083251953 326.743255615234 326.263793945312 325.963653564453 325.982818603516 325.650360107422 325.019958496094 325.037902832031 325.072448730469 325.088989257812 325.10498046875 324.876678466797 324.149230957031 323.812133789062 324.234527587891 324.450592041016 324.583465576172 324.76220703125 325.177276611328 326.108978271484 326.300537109375 326.528411865234 326.220520019531 326.5595703125 327.293518066406 327.329620361328 327.365447998047 327.400970458984 327.581573486328 328.115478515625 328.540283203125 328.574401855469 328.747009277344 329.278778076172 329.675018310547 329.708038330078 329.74072265625 329.773162841797 329.936157226562 330.464996337891 330.868774414062 330.900115966797 331.467498779297 331.372772216797 331.022827148438 331.052856445312
327.854553222656 327.691314697266 327.213256835938 326.748687744141 326.641265869141 326.778533935547 326.298919677734 326.173980712891 325.988342285156 325.03564453125 325.053894042969 325.089050292969 325.105865478516 325.122161865234 324.978118896484 324.501770019531 324.167388916016 324.074798583984 323.974365234375 324.206878662109 324.467407226562 325.099334716797 326.092590332031 326.439605712891 327.012878417969 326.701812744141 326.890380859375 327.277160644531 327.313262939453 327.349090576172 327.384643554688 327.419921875 327.742370605469 328.382843017578 328.058074951172 328.230529785156 328.900787353516 329.658935546875 329.691955566406 329.724700927734 329.757171630859 329.789367675781 330.081634521484 330.852905273438 -3.4e+38 331.567565917969 331.728790283203 331.007171630859 331.037261962891
327.368255615234 327.574249267578 327.544128417969 326.76123046875 326.473236083984 326.653717041016 326.636566162109 326.014556884766 325.68408203125 325.051177978516 325.069732666016 325.10546875 325.12255859375 325.139129638672 324.814453125 323.992828369141 323.74609375 323.874786376953 323.66748046875 323.503356933594 324.280120849609 324.856719970703 325.734283447266 326.269317626953 326.653564453125 326.841827392578 327.224487304688 327.410003662109 327.795013427734 327.8310546875 327.866882324219 327.902404785156 328.081573486328 327.867065429688 327.542053222656 327.853210449219 328.746795654297 329.141937255859 329.309875488281 329.708709716797 329.874237060547 330.144165039062 329.9345703125 330.463195800781 -3.4e+38 -3.4e+38 331.333251953125 330.991577148438 331.021697998047
327.193603515625 327.271240234375 327.557220458984 326.945251464844 326.604705810547 326.167510986328 326.330810546875 325.849517822266 325.544372558594 325.563507080078 325.409942626953 -3.4e+38 -3.4e+38 324.988708496094 324.48388671875 324.032928466797 323.877319335938 323.997283935547 323.581787109375 322.382690429688 323.226867675781 324.581085205078 325.216979980469 325.600555419922 325.637603759766 326.130035400391 327.208251953125 327.544036865234 328.280792236328 328.316650390625 328.352233886719 328.387512207031 328.422546386719 327.491790771484 327.525970458984 327.836822509766 328.593536376953 328.763092041016 329.295532226562 329.692810058594 329.857055664062 330.124877929688 329.920074462891 330.322937011719 330.477203369141 -3.4e+38 330.82080078125 330.593811035156 331.128723144531
327.520935058594 327.100402832031 327.072113037109 326.460906982422 326.300720214844 326.001190185547 326.021881103516 326.042175292969 326.062133789062 326.081665039062 325.926239013672 325.137634277344 325.155334472656 324.835662841797 324.319122314453 324.525115966797 324.384704589844 324.356964111328 323.831451416016 322.300079345703 322.243621826172 324.26708984375 324.800811767578 325.081390380859 325.118560791016 325.612670898438 326.844940185547 327.230102539062 327.564758300781 328.300537109375 328.336120605469 328.371429443359 328.406494140625 327.974914550781 327.870025634766 327.682281494141 328.214508056641 328.746612548828 329.143218994141 329.309265136719 329.709503173828 329.873138427734 330.275115966797 330.175109863281 330.091094970703 330.899322509766 330.80810546875 330.586730957031 331.109924316406
327.220428466797 326.743927001953 326.26806640625 325.972229003906 325.993865966797 326.015167236328 326.036102294922 326.056671142578 326.076843261719 326.096649169922 326.116027832031 325.153411865234 325.171356201172 324.851898193359 324.267395019531 324.345336914062 324.280822753906 324.376098632812 324.013275146484 322.794555664062 322.372741699219 323.740692138672 324.439636230469 325.065399169922 325.254821777344 325.789245605469 326.327789306641 326.565032958984 326.694122314453 327.933197021484 328.175048828125 328.001281738281 328.390502929688 328.459808349609 328.215270996094 327.528015136719 327.835418701172 328.595123291016 328.628265380859 328.7939453125 329.324462890625 329.987182617188 330.629516601562 330.292816162109 330.450714111328 330.8837890625 330.914581298828 330.945068359375 330.975341796875
326.732574462891 326.257293701172 325.963439941406 325.985595703125 326.007476806641 326.028991699219 326.050170898438 326.070983886719 326.266235351562 326.2607421875 325.634857177734 325.168914794922 325.018798828125 324.706085205078 324.717590332031 324.569427490234 324.253692626953 324.268402099609 324.044952392578 323.318084716797 -3.4e+38 323.520935058594 324.169067382812 324.706573486328 325.240966796875 325.777893066406 326.010528564453 325.84814453125 326.381713867188 327.064971923828 327.660339355469 327.628173828125 328.374603271484 328.303833007812 327.839721679688 327.649963378906 328.182373046875 328.579345703125 328.746795654297 329.146270751953 329.310607910156 329.971069335938 330.742553710938 330.774383544922 330.805969238281 330.993316650391 331.279968261719 330.9296875 330.959991455078
326.743621826172 326.451446533203 326.291046142578 325.998901367188 326.020965576172 326.042724609375 326.241577148438 326.405426025391 326.108459472656 325.781402587891 325.145874023438 325.184173583984 324.863098144531 324.557403564453 325.111572265625 324.67041015625 324.270111083984 324.298370361328 324.251525878906 323.921508789062 322.967529296875 321.955993652344 323.996368408203 324.342559814453 325.070861816406 325.260711669922 325.496246337891 325.479370117188 326.364013671875 326.897491455078 327.288391113281 327.612091064453 328.216522216797 327.788940429688 327.601165771484 328.133605957031 328.530212402344 328.563659667969 328.86474609375 329.496978759766 329.293090820312 329.824584960938 330.354400634766 -3.4e+38 330.790496826172 330.975677490234 331.381530761719 331.419311523438 331.329071044922
326.943298339844 326.782257080078 326.307281494141 326.012084960938 326.034362792969 325.877502441406 326.116607666016 326.744171142578 325.942413330078 325.462860107422 325.160491943359 325.199188232422 325.046478271484 324.901306152344 325.124847412109 324.705444335938 324.497406005859 324.648315429688 324.343536376953 324.09375 322.813049316406 321.439239501953 324.135040283203 324.669586181641 325.055206298828 324.941497802734 324.781768798828 325.463500976562 326.497039794922 327.237091064453 327.417175292969 327.950225830078 328.057586669922 327.412506103516 327.724578857422 328.480804443359 328.514556884766 328.413116455078 328.348785400391 329.114044189453 329.278686523438 329.8095703125 330.341369628906 330.615600585938 330.2724609375 330.9619140625 331.493774414062 331.777160644531 331.4267578125
327.267639160156 326.792907714844 326.316436767578 326.025207519531 325.867462158203 325.391998291016 325.629638671875 326.438049316406 326.134063720703 325.978210449219 325.670440673828 325.213928222656 325.064514160156 324.922637939453 325.2685546875 325.142242431641 324.849090576172 324.656799316406 324.170715332031 323.687347412109 323.275146484375 323.046722412109 324.001159667969 324.806030273438 325.039672851562 324.923583984375 324.760803222656 325.447692871094 326.481231689453 327.221496582031 327.547515869141 328.292449951172 328.042266845703 327.536376953125 328.068756103516 328.465240478516 328.4990234375 328.397521972656 328.065673828125 328.363098144531 329.261993408203 329.793334960938 330.323394775391 330.601501464844 330.262145996094 330.565277099609 331.47216796875 331.764465332031 331.4169921875
326.794982910156 326.320983886719 326.028045654297 325.866851806641 325.389862060547 325.457244873047 325.760498046875 325.495819091797 326.161682128906 326.1826171875 326.031005859375 325.242706298828 325.26171875 325.280181884766 325.298034667969 325.315185546875 325.33154296875 325.020477294922 324.361877441406 324.054534912109 323.457794189453 323.549011230469 323.755249023438 324.127624511719 324.665069580078 325.045806884766 325.082366943359 325.268859863281 325.80517578125 326.190612792969 326.662139892578 327.907531738281 327.870452880859 327.366058349609 327.677185058594 328.297821044922 328.105072021484 328.501770019531 328.401702880859 328.19970703125 328.600830078125 328.633361816406 328.921417236328 329.823822021484 330.353149414062 330.792083740234 330.823089599609 330.853820800781 331.001922607422
326.308166503906 326.017211914062 326.040802001953 325.882415771484 325.407897949219 325.291687011719 325.455657958984 325.333282470703 325.854919433594 326.196319580078 325.869171142578 325.582000732422 325.443939208984 325.622192382812 325.477783203125 325.495788574219 325.014434814453 325.035186767578 324.376800537109 324.129943847656 323.665924072266 323.771240234375 323.919647216797 324.109405517578 324.491943359375 324.535369873047 324.720520019531 325.103485107422 325.288269042969 325.824371337891 326.500671386719 327.390808105469 327.498321533203 327.350769042969 327.523986816406 327.920074462891 328.087371826172 328.486511230469 328.519805908203 328.552886962891 328.585662841797 328.618194580078 328.777954101562 329.307922363281 329.8388671875 330.777069091797 330.80810546875 330.838897705078 330.869445800781
326.502380371094 326.341613769531 326.053527832031 325.710479736328 325.100006103516 325.122741699219 325.145111083984 325.167114257812 325.541870117188 326.209838867188 326.054779052734 325.602935791016 325.461639404297 325.6435546875 325.495635986328 325.185607910156 324.195404052734 324.716827392578 324.391418457031 324.146148681641 323.772888183594 324.197723388672 324.399353027344 324.592254638672 324.824584960938 324.360748291016 324.203582763672 324.740325927734 325.124420166016 325.452362060547 326.485290527344 327.231140136719 327.266204833984 326.977081298828 327.369934082031 327.813659667969 328.935943603516 328.702514648438 328.005828857422 328.169769287109 328.570556640625 328.603118896484 328.635437011719 328.919708251953 329.699279785156 330.762145996094 330.793212890625 330.824035644531 330.854614257812
