rcp8.5models/MPI_ESM_LR/sc1gr7.11
NCOLS 261 
NROWS 433 
XLLCORNER 336357.134 
YLLCORNER 654653.479 
CELLSIZE 1000 
NODATA_value -3.4e+38 
[rows 132 to 153 of 433, columns 98 to 146 of 261]
81.4657897949219 81.182861328125 81.078857421875 80.5706939697266 80.4514389038086 80.0381164550781 79.922477722168 79.8180236816406 79.6190795898438 79.5745849609375 79.4564971923828 79.2325057983398 79.2021179199219 79.2513656616211 79.3764724731445 79.4547958374023 79.3772964477539 79.5244674682617 79.7070159912109 79.7984085083008 79.8814392089844 80.0795288085938 80.3094482421875 80.4674682617188 80.5941162109375 80.7628631591797 81.0343475341797 81.3945236206055 81.5528030395508 81.6646194458008 81.9300689697266 82.1770401000977 82.32568359375 82.5126724243164 82.8212661743164 83.0762405395508 83.3684539794922 83.7281875610352 84.1073989868164 84.4762191772461 84.6694946289062 85.0789794921875 85.1845321655273 85.3976516723633 85.7536773681641 86.1225204467773 86.4304351806641 86.6862335205078 87.4577102661133
81.2955017089844 81.0060119628906 80.8834075927734 80.2834396362305 80.1050033569336 79.7990570068359 79.7282104492188 79.6208419799805 79.4748077392578 79.3811340332031 79.1816787719727 79.1035079956055 79.0663604736328 79.0646438598633 79.260383605957 79.2724380493164 79.2948532104492 79.4372634887695 79.6021041870117 79.6832580566406 79.8257293701172 79.8947677612305 80.1560821533203 80.3652420043945 80.4353408813477 80.576789855957 80.9023208618164 81.1329193115234 81.3880767822266 81.5352172851562 81.7564697265625 81.9096755981445 82.1596527099609 82.3846817016602 82.6014022827148 82.8396606445312 83.1483001708984 83.6260070800781 84.0598526000977 84.5324401855469 84.6054763793945 84.935173034668 85.0676422119141 85.2142028808594 85.663330078125 85.9956130981445 86.3171005249023 86.6482696533203 87.3101577758789
81.1468887329102 80.8466186523438 80.7003173828125 79.9724807739258 79.8104858398438 79.6351928710938 79.5782775878906 79.3674697875977 79.30517578125 79.1402206420898 79.059196472168 78.935676574707 78.9254684448242 78.9604721069336 79.1072540283203 79.0942459106445 79.0810089111328 79.2323532104492 79.3815155029297 79.5385513305664 79.6927871704102 79.7438049316406 79.9667053222656 80.1717376708984 80.2405166625977 80.428955078125 80.8315582275391 80.951301574707 81.2710647583008 81.4347686767578 81.6180038452148 81.7252426147461 82.0386657714844 82.2343292236328 82.5397796630859 82.7223663330078 82.9725646972656 83.5755844116211 83.9687881469727 84.4385223388672 84.5953140258789 84.6561584472656 84.8967514038086 85.1671295166016 85.5950927734375 85.8704223632812 86.1717681884766 86.5363311767578 87.1377639770508
80.880615234375 80.6073226928711 80.4502105712891 79.8608627319336 79.723991394043 79.5816955566406 79.3719100952148 79.1416244506836 79.0770416259766 78.9526977539062 78.9251174926758 78.7882690429688 78.8376998901367 78.8038482666016 78.7979125976562 78.9151916503906 78.8501205444336 79.125373840332 79.1826629638672 79.3669204711914 79.5642623901367 79.6291198730469 79.7691040039062 79.9765396118164 80.1617431640625 80.4259490966797 80.6531143188477 80.7710800170898 80.9820938110352 81.2556915283203 81.5009689331055 81.6656265258789 81.9212646484375 82.1168899536133 82.5083770751953 82.7101974487305 82.9795455932617 83.6503372192383 83.8340148925781 84.2884368896484 84.4532089233398 84.5033874511719 84.882453918457 85.1963653564453 85.4984970092773 85.7661209106445 85.9951248168945 86.3656692504883 87.0576477050781
80.7664260864258 80.5505828857422 80.267936706543 79.7443389892578 79.5648727416992 79.3777847290039 79.1524810791016 79.0649337768555 78.9615249633789 78.8692779541016 78.7239761352539 78.6703567504883 78.6825637817383 78.6705322265625 78.7608184814453 78.7766036987305 78.7566223144531 78.9909591674805 79.0842666625977 79.1647415161133 79.3686981201172 79.5840148925781 79.5766906738281 79.8524398803711 80.1565093994141 80.3844680786133 80.4835968017578 80.62353515625 80.8129806518555 81.1288375854492 81.378059387207 81.5707626342773 81.812858581543 82.0059356689453 82.3246917724609 82.6010055541992 83.0253982543945 83.5500564575195 83.8813095092773 84.3101959228516 84.242073059082 84.5255508422852 84.9880142211914 85.239616394043 85.4207611083984 85.6757583618164 85.9304046630859 86.2393035888672 86.9498748779297
80.6424865722656 80.4724807739258 80.1416091918945 79.5722427368164 79.3564224243164 79.1655883789062 78.9561767578125 78.959342956543 78.8286743164062 78.7787246704102 78.5118560791016 78.5320510864258 78.4844284057617 78.5476150512695 78.7097778320312 78.6976089477539 78.7402801513672 78.8706283569336 78.9011535644531 79.0809478759766 79.1850967407227 79.400390625 79.5113525390625 79.7013931274414 80.0488891601562 80.2218399047852 80.3815612792969 80.5573120117188 80.7781677246094 81.0047836303711 81.208381652832 81.4675903320312 81.7261276245117 81.9823532104492 82.158821105957 82.4771270751953 82.9340362548828 83.3867645263672 83.8439025878906 84.1530227661133 84.0929260253906 84.4838485717773 84.7626876831055 85.0864028930664 85.2847595214844 85.5526885986328 85.8311920166016 86.1337661743164 86.8265762329102
80.3785934448242 80.050163269043 79.7592620849609 79.2429962158203 79.129768371582 78.8861618041992 78.7877883911133 78.713623046875 78.5806198120117 78.4490356445312 78.3909759521484 78.3356018066406 -3.4e+38 78.2956237792969 78.4008941650391 78.4351577758789 78.5192413330078 78.5627212524414 78.671630859375 78.8458251953125 78.9951553344727 79.2100524902344 79.388427734375 79.5280151367188 79.9147720336914 79.8804702758789 80.2434387207031 80.4925842285156 80.6322860717773 80.8349075317383 81.0760879516602 81.2709884643555 81.4960250854492 81.7595901489258 81.9880523681641 82.1984634399414 82.5302886962891 83.1934432983398 83.5118560791016 83.6279907226562 83.850456237793 84.1100769042969 84.4300384521484 84.8012771606445 85.0538787841797 85.3820571899414 85.6742095947266 85.9864807128906 86.6644134521484
80.2813873291016 79.925422668457 79.656608581543 79.1494827270508 78.9623794555664 78.8186874389648 78.6794586181641 78.5171890258789 78.4211959838867 78.3818740844727 78.2911987304688 78.166748046875 78.0789031982422 78.1894912719727 78.2643966674805 78.2909774780273 78.4426956176758 78.5467834472656 78.4859085083008 78.735969543457 78.8340454101562 79.0618515014648 79.3901443481445 79.6110916137695 79.6692352294922 79.6952667236328 80.1871032714844 80.3738861083984 80.6040191650391 80.7742080688477 80.9122085571289 81.2250823974609 -3.4e+38 81.7236785888672 82.1169967651367 82.1759262084961 82.4907531738281 83.0697174072266 83.3708877563477 83.6235656738281 83.8210372924805 84.0575332641602 84.3327102661133 84.6555404663086 84.9619369506836 85.2903823852539 85.5784378051758 85.9264755249023 86.572624206543
80.1189422607422 79.7756271362305 79.495964050293 78.9782943725586 78.7797470092773 78.708869934082 78.5393905639648 78.4318008422852 78.2801132202148 78.2519226074219 78.143180847168 78.0127105712891 78.0088729858398 78.0947113037109 78.1108016967773 78.2385711669922 78.3307189941406 78.4264450073242 78.396484375 78.5862808227539 78.7305755615234 79.0754318237305 79.5029067993164 79.5229263305664 79.4934158325195 79.5778274536133 80.0844345092773 80.2893600463867 80.5586471557617 80.7295532226562 80.8798828125 81.1237640380859 81.4564971923828 81.7900695800781 82.0252075195312 82.1655883789062 82.4757385253906 82.9610290527344 83.2332153320312 83.5701522827148 83.8273544311523 84.0488662719727 84.2392730712891 84.5023498535156 84.8063583374023 85.1897125244141 85.5319442749023 85.9632034301758 86.5067520141602
79.9426193237305 79.5926818847656 79.3359451293945 78.9336624145508 78.6825714111328 78.5414962768555 78.3897018432617 78.3918380737305 78.2312164306641 78.1104125976562 78.0256881713867 77.9960098266602 77.9512405395508 77.9765930175781 78.0838012695312 78.139404296875 78.2497863769531 78.3675308227539 78.3623352050781 78.4941177368164 78.7136001586914 79.0445098876953 79.3134918212891 79.299560546875 79.4501800537109 79.5108337402344 80.0024795532227 80.2573547363281 80.5197448730469 80.7223510742188 80.9333572387695 81.0774612426758 81.3829574584961 81.7076873779297 81.8401947021484 82.0379486083984 82.4024658203125 82.9272384643555 83.0926132202148 83.3894805908203 83.63623046875 83.9159240722656 84.1675872802734 -3.4e+38 84.7003707885742 85.0866546630859 85.5126953125 85.8801116943359 86.4703979492188
79.8123092651367 79.5578308105469 79.214729309082 78.8222732543945 78.7169799804688 78.5019836425781 78.3619918823242 78.3180313110352 78.1699981689453 77.9823226928711 78.0461807250977 77.9806594848633 77.7920837402344 77.8567657470703 77.9901351928711 78.044059753418 78.1001129150391 78.2666091918945 78.3046951293945 78.3954238891602 78.7026596069336 78.9042053222656 78.9788284301758 79.1577453613281 79.3912200927734 79.5725326538086 79.90673828125 80.1982116699219 80.4942626953125 80.6441040039062 80.8443222045898 81.0071868896484 81.2580871582031 -3.4e+38 81.777587890625 82.054069519043 82.3716735839844 82.9153289794922 83.1563568115234 83.3880920410156 83.5456390380859 83.8620223999023 84.1537170410156 84.3349151611328 84.6883544921875 85.0627212524414 85.3343658447266 85.6625595092773 86.4344787597656
79.7409057617188 79.5287170410156 79.0800170898438 78.7441864013672 78.6451950073242 78.4118957519531 78.236328125 78.0945510864258 78.0366821289062 77.9631195068359 -3.4e+38 77.8530044555664 77.6757659912109 77.7555999755859 77.8697814941406 77.9753265380859 78.0093765258789 78.1254501342773 78.3114700317383 78.4189605712891 78.5748443603516 78.7543640136719 78.8794784545898 79.0912857055664 79.2182540893555 79.5184936523438 79.8986892700195 80.0921630859375 80.3557891845703 80.482551574707 80.7604064941406 81.0480880737305 81.3009719848633 81.5682525634766 81.8242950439453 82.0819702148438 82.281608581543 82.8216934204102 83.1066970825195 83.3937606811523 83.6139678955078 83.8822555541992 84.1212921142578 84.3850326538086 84.7005157470703 85.0048599243164 85.2766571044922 85.6787567138672 86.3945007324219
79.7407913208008 79.3956451416016 79.0152053833008 78.6626434326172 78.5368957519531 78.3694305419922 78.1199569702148 78.0255584716797 77.9114837646484 77.9347991943359 77.8964233398438 77.7912216186523 77.6503372192383 77.6135406494141 77.7901458740234 77.840934753418 77.9892883300781 78.1186294555664 78.2579650878906 78.4759979248047 78.5398406982422 78.6025009155273 78.7715377807617 79.0925598144531 79.2633895874023 79.4358978271484 79.8540267944336 80.0317230224609 80.2133560180664 80.5047454833984 80.7381362915039 80.974983215332 81.2495803833008 81.5063171386719 81.8238220214844 82.0657653808594 82.261589050293 82.7714614868164 83.0281372070312 83.3194427490234 83.6031951904297 83.8298721313477 84.1483917236328 84.4145126342773 84.6354293823242 84.9751434326172 85.2978744506836 85.6829299926758 -3.4e+38
79.6218719482422 79.2212295532227 78.9091491699219 78.6026153564453 78.4449462890625 78.3260650634766 78.0750961303711 77.9936065673828 77.869743347168 77.8327178955078 77.7935333251953 77.6659317016602 77.6310729980469 -3.4e+38 77.748046875 77.8313522338867 77.916618347168 78.0818328857422 78.2058715820312 78.395751953125 78.5247039794922 78.5575256347656 78.7556457519531 78.9895858764648 79.1987609863281 79.4048538208008 79.8015060424805 80.0479888916016 80.2593994140625 80.505012512207 80.7129287719727 80.9489440917969 81.2541427612305 81.4759750366211 81.7539825439453 82.0767288208008 82.4240417480469 82.7867431640625 83.0676574707031 83.2879486083984 83.5455169677734 83.8533477783203 84.2138290405273 84.4299468994141 84.7081527709961 84.9988555908203 85.3309020996094 85.6739654541016 86.3619689941406
79.424560546875 79.128662109375 78.9235382080078 78.5223617553711 78.3042907714844 78.2286376953125 78.0734558105469 77.9798355102539 77.8767318725586 77.7203826904297 77.7237930297852 77.6715240478516 77.6032028198242 77.5563888549805 77.6983032226562 77.809700012207 77.8868179321289 78.0669021606445 78.1836471557617 78.3871231079102 78.4759521484375 78.6360015869141 78.7541198730469 78.9508666992188 79.0859680175781 79.345344543457 79.7934951782227 80.0310668945312 80.3145599365234 80.4714279174805 80.6673812866211 80.9737014770508 81.2551193237305 81.5519866943359 81.7886123657227 82.0692825317383 82.4026031494141 82.7433547973633 83.0018768310547 83.3310317993164 83.5310668945312 83.7865524291992 84.1047973632812 84.4129791259766 84.7979278564453 85.0476837158203 85.3502578735352 85.7473983764648 86.4861221313477
79.3553314208984 79.0798187255859 78.9236831665039 78.3795471191406 78.2736053466797 78.1537399291992 78.0437622070312 77.8720321655273 77.809928894043 77.7376480102539 77.7146759033203 77.664436340332 77.7224426269531 77.5551300048828 77.6901473999023 77.8058319091797 77.9144515991211 78.0619888305664 78.1296234130859 78.34326171875 78.5155334472656 78.7002716064453 78.7625503540039 78.9508514404297 79.085334777832 79.3018417358398 79.7946472167969 80.0306625366211 80.3682327270508 80.524299621582 80.7352066040039 81.0195083618164 81.1921539306641 81.5544738769531 81.7161026000977 81.959602355957 82.2788543701172 82.7261352539062 82.992301940918 83.401237487793 83.6313171386719 83.8323516845703 84.1162719726562 84.3678665161133 84.7768859863281 85.1218566894531 85.4798965454102 85.7610549926758 86.6011047363281
79.2393798828125 78.9176177978516 78.8095321655273 78.3929901123047 78.2643203735352 78.0600357055664 77.9791946411133 77.8851013183594 77.7609405517578 77.7178955078125 77.6130905151367 77.6397323608398 77.6931076049805 77.5121307373047 77.7170486450195 77.7423400878906 77.8597412109375 78.0626831054688 78.140380859375 78.2827224731445 78.5286865234375 78.698486328125 78.796745300293 78.8952102661133 79.1410980224609 79.3271560668945 79.875732421875 80.0345993041992 80.3883743286133 80.6064300537109 80.8769760131836 81.1344680786133 81.2901916503906 81.5517044067383 81.6869277954102 81.9298324584961 82.2938995361328 82.7699279785156 83.0979537963867 83.4082641601562 83.7130508422852 83.9629440307617 84.1953659057617 84.3993148803711 84.7563095092773 85.1802978515625 85.5681533813477 85.8067016601562 86.6236038208008
79.1314163208008 78.8032989501953 78.7353057861328 78.3300018310547 78.1614456176758 78.0594711303711 77.9402694702148 77.8398971557617 77.6942825317383 77.6584320068359 77.6211242675781 77.5901870727539 77.5832748413086 77.5361251831055 77.6349639892578 77.7320785522461 77.7723541259766 77.9623489379883 78.1505813598633 78.3092727661133 78.4321670532227 78.6324234008789 78.8307266235352 78.9460983276367 79.1370849609375 79.4027786254883 79.9189834594727 80.1594848632812 80.3613815307617 80.5914077758789 80.8672103881836 81.1503295898438 81.4143676757812 81.5699157714844 81.7698593139648 81.9576721191406 82.2581481933594 82.774658203125 83.1282958984375 83.4253921508789 83.7018432617188 83.9972457885742 84.2413787841797 84.5560989379883 84.7382049560547 85.1760025024414 85.5579833984375 85.9434204101562 86.6252975463867
78.9792404174805 78.9065399169922 78.6434478759766 78.2575759887695 78.1895217895508 78.0202026367188 77.8478393554688 77.8729858398438 77.7812194824219 77.6653137207031 77.6713409423828 77.6520919799805 77.557502746582 77.5973358154297 77.6121597290039 77.7329483032227 77.8883438110352 78.0413589477539 78.1562347412109 78.3013610839844 78.4450531005859 78.5541076660156 78.7497406005859 79.0502777099609 79.3580856323242 79.5785903930664 79.9124221801758 80.0933074951172 80.3889389038086 80.7344436645508 80.9727096557617 81.1396026611328 81.4581909179688 81.6612548828125 81.7977828979492 82.1322784423828 82.4416122436523 82.8743591308594 83.0588836669922 83.3947372436523 83.7013854980469 84.0540466308594 84.412467956543 84.7822036743164 85.0766906738281 85.3518218994141 85.7284851074219 86.0791778564453 86.9079666137695
78.9619064331055 78.775276184082 78.5555877685547 78.170524597168 78.1004180908203 -3.4e+38 77.8363800048828 77.8092041015625 77.7749557495117 77.7532577514648 77.6227340698242 77.6792907714844 77.6073837280273 77.6317901611328 77.6737518310547 77.7089080810547 77.8792877197266 78.0292434692383 78.1389770507812 78.2443313598633 78.4707107543945 78.635368347168 78.8545303344727 79.0526733398438 79.2866592407227 79.5538177490234 80.0013275146484 80.1824111938477 80.3425674438477 80.6362152099609 80.9208450317383 81.1853408813477 81.4337539672852 81.6417694091797 81.8645248413086 82.1515960693359 82.5290908813477 82.9822082519531 83.2094116210938 83.5513916015625 83.7761306762695 84.0328598022461 84.3904418945312 84.8023986816406 85.1653366088867 85.5236053466797 85.8641891479492 86.2146453857422 86.9525833129883
78.9605026245117 78.7451858520508 78.5781860351562 78.1875839233398 78.1541366577148 78.0632629394531 77.9280395507812 77.7962265014648 77.7501678466797 77.7515182495117 77.6066513061523 77.6747817993164 77.6591339111328 77.6582794189453 77.7121353149414 77.7631454467773 77.8536529541016 78.0197906494141 78.1715393066406 78.2711486816406 78.4460067749023 78.6162643432617 78.9009017944336 79.1950759887695 79.3215408325195 79.5178985595703 80.0537261962891 80.3294296264648 80.4565963745117 80.6443023681641 80.819221496582 81.1287384033203 81.4463119506836 81.617431640625 81.8642349243164 82.1398696899414 82.4567413330078 83.0544204711914 83.3642883300781 83.6419448852539 83.9262084960938 84.1698913574219 84.4822845458984 84.8243179321289 85.2465438842773 85.6042327880859 86.0200805664062 86.3737640380859 -3.4e+38
78.9812850952148 78.7512130737305 78.5730895996094 78.239501953125 78.1405334472656 78.0706634521484 77.9751586914062 77.8282623291016 77.7876434326172 77.7053680419922 77.634033203125 77.6877517700195 77.6935882568359 77.7430725097656 77.8261108398438 77.8807830810547 77.9058303833008 77.9833450317383 78.1784744262695 78.3852615356445 78.5019760131836 78.606689453125 78.9180297851562 79.1890869140625 79.4193267822266 79.5823287963867 80.0871124267578 80.3528366088867 80.5636444091797 80.811279296875 81.0235061645508 81.2471771240234 81.4840774536133 81.6767654418945 81.8699035644531 82.1496353149414 82.4868087768555 83.0764770507812 83.4315872192383 83.8349227905273 84.3204498291016 84.303466796875 84.6298522949219 84.9530487060547 85.3169021606445 85.6293029785156 86.1011734008789 86.464469909668 87.1694107055664
