rcp8.5models/MPI_ESM_LR/sc1gr10.14
NCOLS 261 
NROWS 433 
XLLCORNER 336357.134 
YLLCORNER 654653.479 
CELLSIZE 1000 
NODATA_value -3.4e+38 
[rows 308 to 329 of 433, columns 49 to 97 of 261]
176.598678588867 177.82666015625 179.707733154297 181.344192504883 182.479049682617 183.363708496094 184.835540771484 188.430404663086 189.695770263672 191.193313598633 192.870788574219 195.159545898438 196.93603515625 198.883666992188 201.217025756836 202.877380371094 203.766830444336 205.053848266602 208.71728515625 211.104934692383 213.313934326172 215.267562866211 216.907150268555 218.467178344727 219.586044311523 220.603729248047 220.808853149414 221.482528686523 223.563552856445 225.727844238281 226.52946472168 225.976119995117 226.7958984375 227.289428710938 226.400421142578 225.747406005859 225.902359008789 226.798645019531 226.145629882812 224.969345092773 223.388885498047 219.719604492188 217.780059814453 214.367111206055 217.728393554688 241.866607666016 264.776123046875 258.334533691406 317.379730224609
178.437408447266 179.845703125 181.537689208984 183.003112792969 184.436813354492 185.739151000977 186.782318115234 190.468368530273 192.318862915039 193.629241943359 194.863571166992 196.910690307617 198.914810180664 200.742263793945 202.861541748047 204.586700439453 205.482803344727 206.734115600586 210.524887084961 212.564529418945 214.90998840332 216.687164306641 218.663162231445 221.13835144043 222.664138793945 223.38508605957 223.019546508789 223.428512573242 226.382064819336 228.679580688477 229.122756958008 228.673629760742 229.299072265625 228.022888183594 227.295013427734 228.712432861328 228.524108886719 228.509201049805 228.342056274414 227.469573974609 225.990325927734 221.818450927734 217.516387939453 216.166442871094 222.82536315918 243.77311706543 252.737991333008 245.441772460938 304.027984619141
180.181915283203 181.569076538086 183.247131347656 184.762649536133 186.4794921875 188.019973754883 188.800704956055 192.252700805664 194.204681396484 196.095291137695 197.331024169922 198.727478027344 201.041809082031 202.881332397461 204.661376953125 206.379058837891 207.02751159668 208.567428588867 212.304611206055 214.531112670898 217.335845947266 218.629516601562 220.623016357422 223.670303344727 225.103668212891 225.839553833008 226.510528564453 227.383499145508 229.464111328125 232.620941162109 232.359222412109 231.734649658203 231.246643066406 229.750244140625 229.513107299805 231.173782348633 230.56184387207 229.786315917969 229.95979309082 230.009246826172 229.458572387695 222.452911376953 217.334350585938 215.834289550781 218.398712158203 227.86393737793 227.592514038086 224.202163696289 232.428039550781
181.683563232422 183.107604980469 184.690689086914 186.267395019531 188.056182861328 190.009902954102 191.040390014648 193.994140625 196.023590087891 198.101791381836 199.341247558594 200.74348449707 202.989761352539 204.83447265625 206.799911499023 208.452713012695 208.791732788086 210.45149230957 214.278305053711 216.281875610352 219.596771240234 221.217926025391 223.320434570312 225.938598632812 227.385833740234 228.735870361328 228.967681884766 229.475784301758 231.890823364258 234.172409057617 233.532760620117 232.430572509766 233.047210693359 233.275543212891 233.660430908203 233.802124023438 232.863632202148 232.067886352539 231.42643737793 231.03874206543 231.229125976562 225.861923217773 222.711334228516 219.870697021484 216.494064331055 216.947052001953 214.843200683594 212.657943725586 212.984359741211
182.913009643555 184.453460693359 185.941879272461 187.583908081055 189.609359741211 191.615768432617 192.728118896484 195.840148925781 198.043243408203 200.217895507812 201.249328613281 202.54231262207 204.572998046875 206.116302490234 208.172576904297 210.13362121582 210.642395019531 212.340805053711 216.649780273438 218.179214477539 221.88981628418 223.929443359375 225.598114013672 228.152038574219 229.991424560547 230.847152709961 230.693283081055 231.436370849609 233.36897277832 236.005477905273 236.18424987793 234.638305664062 234.52978515625 235.508514404297 234.760314941406 234.37239074707 235.571060180664 234.956436157227 233.853057861328 233.745223999023 233.508361816406 231.388870239258 230.322463989258 228.354629516602 224.49055480957 222.353897094727 220.699935913086 219.038940429688 218.539672851562
186.238098144531 187.954132080078 189.50163269043 190.579681396484 192.48713684082 194.29508972168 195.292205810547 198.8505859375 201.637893676758 203.800048828125 204.870620727539 206.244873046875 208.034210205078 209.879013061523 211.779495239258 213.619018554688 215.437423706055 216.760711669922 220.073303222656 221.796600341797 225.418655395508 226.859527587891 227.251052856445 230.651504516602 233.103881835938 233.937118530273 234.876525878906 234.683883666992 235.876007080078 239.589508056641 239.555816650391 240.284408569336 240.783508300781 240.817657470703 241.262802124023 239.281402587891 238.954360961914 239.763687133789 239.685073852539 238.698928833008 237.338027954102 236.543487548828 233.800018310547 232.599609375 233.819625854492 232.34245300293 231.280471801758 230.444976806641 229.122680664062
188.376159667969 189.852249145508 191.176162719727 192.313278198242 194.133056640625 195.338516235352 196.602874755859 201.034393310547 203.117233276367 205.127334594727 206.43864440918 207.93489074707 209.784683227539 211.725158691406 214.078735351562 215.859008789062 217.406402587891 218.582656860352 221.3984375 223.531356811523 226.771331787109 228.99690246582 229.378555297852 231.918365478516 235.282867431641 236.478210449219 236.674621582031 236.543930053711 237.692306518555 241.176467895508 242.000076293945 242.534133911133 241.80842590332 242.360321044922 242.4765625 241.544738769531 241.942993164062 241.077346801758 241.337478637695 241.717483520508 240.745819091797 239.483154296875 238.259643554688 237.126800537109 236.462219238281 233.279663085938 229.736083984375 230.58723449707 231.789367675781
190.095748901367 191.39680480957 192.770736694336 193.929153442383 194.998443603516 196.586761474609 198.856079101562 203.033050537109 204.887832641602 206.374710083008 207.899215698242 209.93244934082 211.985870361328 213.602523803711 215.43473815918 217.430206298828 219.34587097168 220.24006652832 223.232894897461 225.538284301758 228.595352172852 230.742233276367 231.325744628906 233.988983154297 237.678512573242 238.995651245117 238.663009643555 238.412673950195 240.366455078125 243.243789672852 244.288970947266 244.125228881836 243.045669555664 244.420181274414 245.463928222656 245.359283447266 244.421691894531 242.126647949219 242.242584228516 243.112411499023 242.400756835938 238.135620117188 237.378158569336 235.494552612305 232.418197631836 231.739990234375 231.584899902344 232.725540161133 233.642883300781
191.284744262695 192.580017089844 194.230270385742 195.155944824219 196.012298583984 198.388137817383 200.759368896484 204.66259765625 206.467895507812 207.676849365234 209.365600585938 211.632614135742 213.64697265625 215.525268554688 217.36279296875 219.380950927734 220.867828369141 221.789352416992 225.517120361328 227.378280639648 229.695571899414 231.587020874023 233.095565795898 236.469711303711 239.925796508789 240.789810180664 240.073013305664 240.238067626953 242.1220703125 245.337844848633 246.034881591797 246.422866821289 246.146118164062 247.622711181641 248.536727905273 248.435974121094 247.328018188477 245.742630004883 245.056610107422 243.252059936523 242.597229003906 235.801239013672 233.960083007812 231.286544799805 238.65461730957 247.433242797852 237.296600341797 229.879089355469 231.089462280273
192.378692626953 194.150405883789 195.834243774414 196.519805908203 197.845443725586 200.562286376953 202.454147338867 206.266738891602 207.478408813477 209.02490234375 212.238067626953 214.4423828125 215.554733276367 217.497268676758 219.332382202148 220.874984741211 222.214706420898 223.510101318359 228.314880371094 230.811569213867 232.439270019531 233.736343383789 235.685592651367 238.953689575195 242.175384521484 242.230941772461 241.58512878418 242.491973876953 243.709014892578 246.8291015625 246.245895385742 247.345947265625 248.795928955078 249.879455566406 249.215667724609 249.640365600586 250.591110229492 250.211227416992 249.483276367188 247.049697875977 246.515701293945 239.375991821289 233.971389770508 231.78759765625 245.145141601562 250.348526000977 232.789474487305 229.765777587891 232.162658691406
193.849380493164 195.644561767578 196.656463623047 197.904190063477 200.076568603516 202.32048034668 204.063659667969 207.570297241211 208.569366455078 210.345352172852 213.717041015625 215.937210083008 217.131286621094 219.091232299805 220.577514648438 221.94645690918 223.704666137695 225.666275024414 230.305389404297 234.09358215332 236.84587097168 238.129241943359 239.152008056641 239.973388671875 242.852554321289 244.308212280273 244.179763793945 245.209259033203 245.781341552734 248.819519042969 248.791961669922 249.145904541016 250.475006103516 250.833801269531 251.503356933594 252.290161132812 253.113632202148 253.045669555664 252.718795776367 251.962036132812 251.648101806641 246.001098632812 240.678085327148 237.029891967773 238.710556030273 237.81396484375 233.256286621094 237.418014526367 237.169692993164
195.37353515625 196.557769775391 197.667572021484 199.577682495117 201.651382446289 203.549774169922 205.007064819336 208.226928710938 210.183822631836 212.313201904297 214.851211547852 217.2333984375 218.986526489258 220.424621582031 221.788269042969 223.669250488281 225.99592590332 228.241027832031 231.973724365234 234.873870849609 237.920623779297 240.348190307617 241.384628295898 242.380462646484 245.255950927734 246.950332641602 247.676895141602 248.34831237793 247.984817504883 249.85124206543 250.056396484375 251.114013671875 253.482559204102 252.452301025391 252.992156982422 254.66487121582 255.231918334961 255.393569946289 255.294052124023 253.90071105957 253.213562011719 251.7607421875 249.373138427734 244.179168701172 239.125137329102 237.798446655273 240.089904785156 243.677642822266 240.986450195312
196.841644287109 197.933410644531 199.278289794922 201.341247558594 203.36116027832 205.185546875 206.319519042969 210.164627075195 212.294708251953 214.52897644043 216.896530151367 219.233261108398 220.636352539062 221.687301635742 223.611083984375 226.065093994141 228.635803222656 230.644470214844 234.606185913086 236.603057861328 238.455612182617 241.000289916992 242.664993286133 244.169738769531 246.505935668945 248.186416625977 250.110733032227 250.763427734375 249.8466796875 251.787734985352 253.259399414062 254.814788818359 256.38330078125 254.809143066406 253.689849853516 256.3818359375 258.088348388672 257.889404296875 256.896759033203 256.21484375 255.581893920898 254.833480834961 252.225479125977 247.675140380859 246.275131225586 246.276351928711 247.623352050781 247.883377075195 243.518844604492
198.363265991211 199.744476318359 201.117691040039 202.930053710938 205.248199462891 206.868698120117 208.012069702148 212.275360107422 214.408493041992 216.606384277344 218.658950805664 220.562942504883 222.099563598633 223.64811706543 225.737121582031 228.220458984375 230.622787475586 232.545974731445 237.232452392578 239.562286376953 242.092224121094 244.592834472656 246.19401550293 247.534072875977 248.500335693359 249.517974853516 251.960250854492 252.969161987305 251.93669128418 253.464889526367 255.106643676758 256.911163330078 258.275482177734 257.803741455078 256.987670898438 259.490264892578 261.077392578125 260.140655517578 259.441284179688 260.196166992188 258.896728515625 257.189788818359 255.273620605469 251.474914550781 252.376007080078 253.479217529297 253.328414916992 251.933563232422 248.693435668945
199.727920532227 201.536209106445 202.776306152344 204.646743774414 206.807815551758 208.347930908203 209.908493041992 214.030181884766 216.0556640625 218.375625610352 220.085540771484 221.618072509766 223.95051574707 225.975128173828 227.695785522461 230.069732666016 232.337417602539 234.552780151367 239.142379760742 241.830993652344 244.945266723633 247.870254516602 249.648529052734 250.804550170898 251.564743041992 252.804626464844 254.908203125 256.06689453125 255.393814086914 255.917404174805 257.259613037109 259.231628417969 261.339935302734 261.38671875 260.531158447266 260.941528320312 261.884399414062 262.181091308594 262.918884277344 262.225738525391 259.230895996094 259.294097900391 258.689758300781 257.115509033203 257.884582519531 257.174530029297 255.383758544922 251.179458618164 246.458618164062
201.135284423828 202.960311889648 203.900100708008 205.954727172852 208.204513549805 209.660202026367 211.539016723633 215.397216796875 217.085998535156 219.373519897461 221.413055419922 223.350128173828 225.584487915039 227.644760131836 229.644226074219 231.487869262695 233.274307250977 236.056762695312 240.618591308594 243.38688659668 245.997665405273 249.12971496582 251.747528076172 253.201477050781 254.620422363281 256.00244140625 257.399505615234 258.45947265625 258.188812255859 258.392486572266 260.408050537109 261.835327148438 261.804534912109 261.8349609375 262.684539794922 263.704223632812 265.069946289062 265.777984619141 266.373352050781 265.072723388672 261.892150878906 261.193939208984 261.463165283203 261.951843261719 261.210418701172 259.812194824219 258.902526855469 255.028686523438 247.239120483398
202.880813598633 204.184265136719 205.469421386719 207.670639038086 209.961776733398 211.78678894043 213.039016723633 217.093322753906 219.038772583008 221.194259643555 223.080032348633 225.185317993164 227.167831420898 229.376892089844 232.052200317383 233.730911254883 235.027755737305 237.224151611328 242.71907043457 245.428680419922 247.855590820312 251.118545532227 253.748916625977 255.502883911133 257.088073730469 258.489990234375 259.427978515625 259.782623291016 259.352386474609 260.113555908203 262.778259277344 263.805114746094 262.238342285156 262.209411621094 263.986633300781 267.045867919922 267.670928955078 267.089477539062 267.839416503906 266.979248046875 266.714996337891 263.988708496094 264.659545898438 265.408294677734 264.398010253906 262.460815429688 262.053924560547 261.239898681641 253.347991943359
205.778610229492 207.155517578125 209.262405395508 211.136642456055 212.867568969727 214.26985168457 215.598358154297 221.188949584961 223.029357910156 224.953918457031 227.226348876953 228.781585693359 230.288711547852 232.687194824219 236.696136474609 239.425933837891 240.821151733398 242.390533447266 247.771667480469 249.518432617188 250.908432006836 254.817520141602 258.133117675781 259.754669189453 260.72900390625 261.709930419922 263.115264892578 263.78759765625 263.168792724609 263.734527587891 264.670501708984 266.550628662109 268.803161621094 267.577301025391 266.303314208984 267.631286621094 270.807708740234 273.607269287109 272.696350097656 271.304351806641 272.523956298828 272.147552490234 270.892395019531 270.671173095703 267.550384521484 260.010284423828 260.370086669922 264.518188476562 262.693542480469
207.644332885742 208.716705322266 210.539093017578 212.674087524414 214.130325317383 215.919952392578 217.626693725586 223.061767578125 224.442993164062 226.306594848633 228.989318847656 230.422790527344 232.048400878906 234.75520324707 239.300567626953 242.329986572266 243.825042724609 245.103530883789 248.857833862305 250.58625793457 253.295974731445 257.615753173828 260.104644775391 261.564636230469 262.665557861328 263.427368164062 264.595336914062 266.252288818359 266.992797851562 267.565734863281 267.874328613281 268.03173828125 271.170959472656 272.505035400391 271.14306640625 269.691101074219 272.162567138672 275.965118408203 276.856353759766 276.528686523438 275.862609863281 275.734741210938 274.623474121094 273.957946777344 272.979736328125 266.370239257812 261.6103515625 262.259063720703 260.568725585938
208.734573364258 209.986465454102 211.956665039062 214.296447753906 215.451889038086 217.264526367188 219.104110717773 224.352203369141 226.306686401367 228.382080078125 230.702972412109 232.135406494141 233.806076049805 236.756942749023 241.074920654297 244.731643676758 246.562805175781 247.384811401367 250.171279907227 252.442764282227 256.666625976562 260.489227294922 261.901000976562 263.531829833984 265.086547851562 266.386077880859 268.049224853516 269.937408447266 270.512115478516 270.586730957031 271.495788574219 271.533477783203 273.926513671875 276.237457275391 276.400085449219 275.646423339844 275.963653564453 275.635925292969 275.867828369141 277.893585205078 278.303283691406 277.66650390625 276.007781982422 273.404327392578 273.004516601562 271.692535400391 264.5810546875 261.414428710938 260.113311767578
210.212677001953 212.093154907227 213.894668579102 215.5703125 216.879547119141 218.945343017578 221.007873535156 225.975204467773 228.674591064453 230.97038269043 232.807250976562 234.4453125 235.704833984375 238.169204711914 242.463958740234 245.493896484375 246.555145263672 248.373474121094 252.907653808594 255.028503417969 257.272094726562 260.268310546875 263.345520019531 265.795623779297 267.805755615234 269.682983398438 -3.4e+38 271.742919921875 272.379730224609 274.497375488281 273.892395019531 272.588958740234 273.728088378906 275.036193847656 277.701812744141 280.554779052734 279.966613769531 276.473907470703 277.107391357422 281.324493408203 280.868408203125 279.929260253906 278.780975341797 275.371734619141 274.793487548828 274.624114990234 267.833923339844 264.316650390625 262.688262939453
211.544891357422 213.511245727539 215.321731567383 217.014999389648 218.714279174805 220.938659667969 223.281723022461 228.030654907227 230.597122192383 232.548156738281 233.918243408203 235.963775634766 237.790115356445 239.975540161133 243.433044433594 245.875778198242 247.319702148438 250.701354980469 257.183410644531 258.636993408203 259.827697753906 262.717102050781 266.315155029297 268.570648193359 270.43115234375 -3.4e+38 273.510986328125 274.364471435547 275.535217285156 278.45556640625 277.479431152344 275.238891601562 274.713714599609 275.328582763672 279.618133544922 283.350036621094 282.501495361328 281.358367919922 282.678314208984 284.661041259766 283.972503662109 283.938201904297 282.997467041016 279.001800537109 276.131652832031 274.009521484375 270.197570800781 268.982147216797 267.411712646484
