rcp8.5models/MPI_ESM_LR/sc1gr9.0
NCOLS 261 
NROWS 433 
XLLCORNER 336357.134 
YLLCORNER 654653.479 
CELLSIZE 1000 
NODATA_value -9999 
[rows 352 to 373 of 433, columns 100 to 149 of 261]
892.539471222018 868.952999533899 937.306754994195 972.54374730534 947.061821080311 930.4575077385 905.475262601603 852.527455985345 834.985769768483 838.330010860313 831.287142098491 815.976157841535 818.48617156317 803.243583333339 780.68683488001 755.101034261991 724.402108409386 699.926658937725 666.562753491572 -9999 604.721989342952 557.166829086011 539.153519234212 515.180886995353 508.067704948301 521.668874069587 528.465484275639 525.321539693216 509.55322500668 490.736951621328 478.979800372128 467.621585956813 458.34303276483 447.968661831421 436.967513736274 416.885337730906 407.478035468336 397.793046183774 387.43614515659 378.287123117803 369.054135920935 -9999 -9999 344.173326218328 334.611213404621 327.293112235295 305.142605280143 288.67224801964 284.85949452644 263.3237000352
922.689063116269 842.27363039153 892.093659522226 946.90291420807 916.451796663457 880.735487986035 889.406285086804 871.751877316477 832.74913404569 804.043598567516 797.206800968262 795.273453012058 780.004782601638 789.667098362166 789.424463044268 766.03241254209 728.805716183187 697.568199145832 690.107119473459 693.079324817284 662.405545171659 610.715554082712 581.660118472631 546.660197596237 531.899235476326 530.564372126364 524.434804286305 518.743536135257 514.862614414881 492.378169358859 475.406683736544 465.70309163678 452.723103593797 443.016441892484 432.992026058274 413.584433198523 404.470874291345 394.423265629288 384.883507485997 375.964044382547 -9999 -9999 -9999 341.839725378901 333.749420500949 326.819002007068 305.706314876848 292.087960780244 284.550284017719 259.095133841612
955.668656265292 876.099545501532 860.62599896989 868.338029902095 890.641555764821 880.511471191045 867.693895880877 874.823346889998 863.641937597988 828.040432246143 794.541131436509 771.219626328382 745.626090890557 747.023695298266 757.198094168228 753.417024143482 722.876285658682 697.790888817541 693.671755302273 675.523164260751 659.252986638552 643.202376839115 615.026653035202 588.942436325923 572.078264055414 563.721858210318 545.427215401043 529.873910707634 521.415971476403 501.778060833566 482.605632927226 468.314226936492 448.34168908239 437.821942483655 428.943329579814 412.894221273829 402.342587952459 392.727405784161 383.208323136389 373.293745976765 -9999 355.384077496912 347.684566857294 341.232069129331 334.705909789611 325.760770113661 302.179526855806 291.680107250542 278.113934689479 246.460253877762
946.634013785528 905.86686532836 857.063078832138 818.175194918289 853.282427294958 889.10674713356 883.425041757037 851.128224802836 831.111034114426 831.987908753896 824.350373029523 795.8451521254 733.299540767659 717.559027570138 709.901068311184 721.377408365517 726.349206931896 706.481192353074 676.523218941979 642.379408253697 636.262889802922 634.081763904564 613.272608943204 603.591991585429 574.165527966313 565.665629397171 546.256761544515 526.96890425477 513.864995938002 499.384028371821 483.625515280138 464.022852060661 446.019384564455 435.25530634187 425.834021447245 409.547383869672 398.678376148602 390.590465541447 381.371666857545 371.778878810456 362.726656557266 354.231444281354 348.091898687274 341.629925589541 334.186415971089 324.395657490398 300.016936587336 291.945707538657 276.963636715998 241.793749351445
884.458584615104 905.850019932636 868.656919209019 812.744202153614 802.73432065371 825.716339900712 861.277150809159 850.13046808647 801.767951602296 765.90732920434 781.515537983446 808.447912621751 743.565729167731 713.807678956107 690.423141474608 689.998713428571 694.630058440589 679.522150103628 649.245899430839 628.916674017511 618.442630506775 606.374668415787 585.834646724626 576.292694287026 563.525058068409 549.016096856862 529.232433108593 513.279481161619 497.4743086231 481.111155574513 473.228918823063 460.878745198764 446.034591820092 433.915550737384 424.235891511767 405.417762133887 395.547219199314 387.169093740854 377.715945600292 369.397235008909 361.439081211336 354.242624923715 347.051353062673 338.067079775483 329.213582909492 320.025111635408 300.045950931371 293.286833650798 268.621179208381 228.433533391757
851.401417539097 890.767501098399 863.313721146397 830.988347284504 834.657574752188 813.390792285955 800.565019616377 828.309920497754 819.794899352346 781.345361389499 779.561258428565 799.995839788128 758.85226449564 720.490636516656 701.059379194077 691.300255573589 677.009150894514 659.710135513292 638.303079480164 620.147606850336 601.638921954819 584.672338405776 567.810471024603 554.135103037776 553.075109688893 543.692018698674 531.567789197913 512.687797028146 489.453464367628 473.846438084861 464.679016330033 458.633253932486 448.397616055006 434.475619269927 422.726220185529 405.67694541313 393.500206429133 383.936697643085 374.863831676305 366.202096155092 358.198345512195 350.815255035405 342.610670123603 332.976610530337 323.529756372518 314.924434465919 300.467388305485 283.122523653457 238.887055577022 212.649629557244
843.650741813325 836.676450590023 825.12593075886 820.758719000515 834.750270950263 804.889912237761 760.987866445146 778.971745911104 791.246015978216 804.31541492612 816.190565566044 795.12936850388 754.260159335929 721.121667191826 701.132463409289 687.35081290421 674.879745862536 663.463966655069 648.070495350167 620.599699859521 588.351236540367 578.095768433804 570.747890080025 560.629825619146 559.204357330154 549.32708036584 537.941812163556 513.785326513349 487.837725354361 477.632379415533 468.425204828077 456.756503099259 446.264045355462 432.236043942425 421.99633196137 404.956771696729 391.81928356093 382.140163840951 373.396292092726 364.10227341581 354.707008545175 346.386825171242 338.019413733347 329.116681112265 320.294797808952 311.555383743036 298.099627798852 266.269952377373 217.839374966221 210.113578012782
854.23186333264 806.411689131455 800.804494714898 785.390069353228 793.593150573249 799.831503468014 771.883706821056 756.554213804568 742.412610016862 758.00260386466 788.984499717548 781.125905124249 741.684789091293 714.844012740975 696.203318833269 677.368049668598 667.902086965057 668.634711603598 652.982685389497 616.233066512357 584.167146428277 576.885080747997 571.428261197275 571.146141686564 560.361712885419 547.606265124603 532.679315762707 509.466502262469 485.523388675551 478.602439352517 474.240502300742 458.13233843225 444.544596437781 432.413148958817 421.567173012384 400.545925112635 389.5475262393 380.563415461881 358.330851135989 338.486640055945 341.239636618308 322.659656874601 312.714351881972 310.62419176377 287.37779698035 278.283214448646 265.556612768412 239.696134537723 213.526677559323 207.762181809784
886.677267532162 858.864669436309 824.924119960678 793.055832702109 766.359011836614 782.615478922172 794.847672583821 775.131921405331 763.038459092486 752.813417072596 739.389531281424 714.792905546351 704.040369668082 690.279660009336 677.936481577716 653.538046852873 632.245833388823 614.566159207471 600.6187805333 587.011610326132 591.813024187749 594.661679024128 574.511375017043 550.751591573957 529.586819561899 522.999131530485 515.268420348554 500.563959379926 473.182062655876 465.905364161583 468.661699216591 454.993525398255 440.566738876113 425.237532608866 410.621240583839 382.220736795737 353.397620273584 327.540398907696 312.548722890175 293.99257907451 280.465268939334 269.653417032593 260.809350693258 251.773164022432 242.618661855015 234.954376355602 222.177500326545 214.234077818593 208.172380800521 203.64479799572
871.149216762964 870.80662148943 865.569073292447 841.214467857135 807.124847367878 783.464040559567 764.36781427217 766.119066238595 775.33282894724 774.155851095589 768.929693122551 743.078585089985 719.980580266957 701.828781305696 696.097890526177 677.225919163726 643.741157137551 620.507485501469 608.306337965909 594.064425363707 588.571526223795 585.424224885486 581.284996923092 565.544357287761 532.722859295408 519.378460442556 508.783358269112 499.96570561463 482.460518627931 455.168495505386 447.000327898745 445.933907666186 432.808651331604 425.387588298749 414.853825641127 388.681026084862 367.107892024036 342.740221879596 322.909728013057 296.755871391138 281.566661129779 271.936163325574 263.902138313434 252.022792776843 241.294504342098 232.57903112402 218.209810243042 -9999 205.742487581967 201.248599419922
877.371691738916 856.897693221764 857.988081118024 862.667960460726 843.987103062658 815.44211462427 791.115520979421 789.07495073663 793.387264174745 790.103901759618 777.193827554649 763.141936362123 738.018975756848 716.488513887783 701.07471451335 690.505951660766 654.622812417832 626.070677080167 615.368567909854 601.78406209565 590.838370222966 582.905244520079 574.750796870801 560.28131078503 539.702749360284 523.53415163779 502.717979608649 478.758301466576 468.041843162354 447.595789689558 424.440061720703 426.472572916891 420.293525380819 417.718406918386 409.817374050313 390.07589093312 377.290792362431 356.195455527573 323.795445099571 297.373132696881 281.075612446071 276.380795597681 268.985157667076 250.33337421584 240.45064190181 232.091275827278 216.156794879988 209.041085950222 202.858723350925 198.438846188453
869.023243159722 859.454240072869 848.636808550237 843.196720960903 824.268524999832 819.813340780641 816.227306668478 799.85997768289 783.288880252197 779.928384126551 771.577754260925 758.487752775716 728.842820083628 707.572411840535 691.631196095699 686.064321848074 659.463203848417 627.771416775718 610.16860041435 602.005067168258 591.004049768947 584.597435421437 572.25096837125 551.81649053179 535.707244899047 520.496231787225 491.453289113938 457.844234587505 439.228464149744 427.845923677028 407.799109192599 403.857681894803 411.101908212795 412.610602625271 406.192266688244 386.176597056622 365.374327532138 342.631647452553 319.083818946224 293.302460347619 279.441972401634 274.892204385395 265.176618225458 245.883772330985 236.979889350015 229.898708261541 213.631264498235 206.493993851836 200.877251258712 196.754795151236
872.09206152388 856.891556426331 845.359331065723 819.86152846897 808.792608712092 807.088047345244 799.493793195836 793.136941691027 781.023547537242 764.275562721772 751.570768742733 739.20192957282 717.902987822738 707.461746229274 694.352316418141 681.697673346415 661.666013942935 633.594136149463 607.469931095833 592.95803107144 582.42113350795 581.566420897827 576.317784900602 560.103343779598 533.030420813649 520.278941764074 496.838288038143 463.358940355575 432.144760724284 413.010814426426 392.457391505 384.88407075757 386.917252750218 394.890681625104 402.620498817954 386.201846969953 352.482174116401 316.206466060028 308.420683548379 291.111878690634 277.189599410488 267.820087468886 255.292633775411 242.384049890799 232.651235902146 225.03484352623 210.059073963852 203.641338019233 199.032358931398 195.141559820506
876.648927905289 853.215373770977 841.983642685018 814.099874641346 800.753750428396 802.429525688924 787.632869964906 763.689374388865 763.337956118489 762.624621977975 745.610602197813 727.916465340377 701.702384920224 695.795704763571 689.909825968258 676.819177033373 659.987191289533 636.817807311644 607.085907787524 587.57473893377 581.171067928532 574.202405549709 567.405232520757 558.355700857326 534.095886456684 521.369189677274 506.533116741934 473.219002327255 436.705011012162 417.769778256769 392.295384783591 374.432406820542 361.791990322963 361.226356538123 373.094753515465 370.057403960822 334.252103092068 296.381774815444 293.466654481136 287.900667011343 271.084065840931 261.088223105312 248.590629079791 238.576301106227 228.232157284498 220.282081014539 206.203546511185 200.910456504407 196.803156888579 193.249068639546
855.60386255258 844.898655497575 841.185246352898 818.728690080526 790.912166041578 786.092564497697 783.15324278404 762.810470535354 758.65757325187 761.050957828321 747.298894557767 730.849505398675 693.279933593809 681.893288806904 677.431548372152 668.4737156058 656.742040880582 635.910649938781 605.10655016174 586.296280226133 578.753450855522 565.482487710171 554.409429258306 544.463683920237 523.266208614773 510.043650589884 493.395129607126 466.115363722307 442.120655395013 426.291631198857 398.541076057997 374.71927366335 356.016528235171 343.00888714667 339.867410448852 342.201835701293 313.710017819993 290.154626883309 282.788817470334 275.790515290512 263.132221366287 253.907477392279 244.367413291684 234.949114208387 224.118257106584 216.660201734712 203.417085849196 199.14968985683 195.035729225284 191.300463681481
848.045106777373 767.851284207982 791.48684025855 806.741219358638 792.587354042199 786.136605069086 782.698603618792 776.672365894651 766.196570544272 752.439605584712 737.708315405994 728.152067174321 692.508897598527 674.168381903261 663.295360242496 657.370152997921 651.978367271655 634.987963243307 609.355202882459 591.310980993743 576.192909709094 556.522457017819 541.094394459261 528.109999550397 507.861351144177 494.348164781004 475.529283893473 457.881412247673 440.28507758204 424.754049432048 400.919737149594 380.889749594094 360.898754243806 339.792955120438 329.016933937094 316.797617397881 300.152989076595 285.50287020543 275.100520737232 265.428592993525 256.188187466829 247.993548564502 239.572896418461 230.509949352677 221.085943967987 213.02531214808 202.139253696397 198.384427863893 193.91921582171 189.216866502051
836.960961465505 760.792965248375 751.704889523883 745.925225745383 724.720338013639 718.36898443798 725.710977088444 731.817727646706 736.591407593173 741.304999537522 734.731754038224 723.595005365064 695.002316070165 675.130830138061 659.860305775718 649.376718231066 639.59759280855 629.131323614883 615.290929605962 601.761543079004 584.593668487402 562.573603182657 540.385185601019 518.952472204927 490.058158993594 476.476454560322 464.727579441937 452.431044613785 436.90914417652 421.321057538663 398.531610243433 385.207380903411 366.023468266797 339.599924096395 326.116181549781 301.024686124366 290.30901263512 280.419788865249 270.569807585022 260.815915266122 251.249277908671 243.295384073867 234.681327452952 225.623742798962 217.558866322541 209.874924910984 201.060470237783 197.076245351626 192.089542019484 187.075934509877
775.660467362772 801.827489526411 780.95265113955 731.454003556472 662.510342624837 623.944062853891 624.120903773894 639.064781801669 648.106169697783 655.551874669912 679.026034529416 691.870844723264 686.725579666887 679.478834342632 666.326558475445 650.450183163523 633.496097256216 622.45591714298 611.437936412915 600.942633312539 588.79113680495 571.415228911103 549.140185472763 526.114439537442 478.524412016599 462.816076146829 452.707740443555 442.954112947783 430.892318544005 415.578376462488 395.301759289852 384.744820138684 366.642688357573 342.114756576816 332.871429999263 301.923655768337 288.565422737901 277.260161022453 267.064737206144 257.827305367747 247.741171168112 238.952465126426 231.3106442024 223.193065032748 -9999 207.345213500377 200.125157804349 194.673061608788 189.31207948135 185.090531531427
734.477959026384 775.116965420771 794.954172891276 776.955937165196 724.17348843912 661.034807469851 600.984654622091 583.590109169455 580.326888725211 573.227208452176 588.809958750661 600.471095997066 638.834985081788 651.948559339412 651.582384950115 645.69199646854 637.337509712556 625.25497899604 610.718885674246 595.586963723168 582.500201820561 571.299336951981 552.423059799705 530.061909581779 479.771852053797 465.63121629424 451.89801953251 435.384708263779 418.797470726355 404.240136560604 388.417019862564 380.525255420238 369.155856345344 349.037797542791 340.800632363595 303.970726182055 288.529770355193 276.103404831788 264.450108500234 254.717571236597 244.77041403971 235.669345993998 227.922752207653 220.585882727997 -9999 204.83577205723 197.726240438581 191.478633774212 186.996141818165 183.553406962288
800.869607951455 698.639657683406 676.898906573272 739.613533412523 760.26596398098 754.321033063999 743.456142824516 727.910681213032 715.2449856303 703.905949910759 678.195334574552 627.636512784542 552.030010879763 518.792146772338 522.809539623048 545.108624641193 561.690735455415 564.934127919728 577.812074603579 594.163919034198 585.511732887875 572.063019534647 558.199305339454 543.183632669333 511.101323816887 494.45392456763 478.732433666167 469.248287394844 447.717116698857 419.180897774991 389.380909837462 363.282815577628 350.62610342467 337.505909588454 325.155633806496 312.382992457224 305.060295178676 280.525074459106 262.171468775992 250.655372533647 240.250239759442 232.76419809035 224.6953073665 215.845756026217 207.848393577669 -9999 191.534605370415 186.878014789157 183.263043688434 180.064035492331
811.320613625208 747.724697450177 715.55419362193 725.68410969415 721.558375690508 718.494955752079 733.38001665239 736.148213950295 727.473902680739 718.666569351648 707.504050342497 687.705687252448 621.023492070569 560.250979566715 526.896821662187 515.035356831072 511.866859453859 510.639097730389 536.033775792701 576.2515712545 572.444112282911 550.897263177924 541.505041154188 537.431857089573 502.754966944469 498.234597635279 493.780883714849 486.336882804793 470.241512554237 446.92856460022 416.676964356322 388.432546710328 364.750492929784 334.467104762534 315.776166811198 324.422013618986 328.428531136361 297.602742207829 262.294785849587 247.730601096401 238.461712279456 231.004885931125 222.188151587349 213.682888807065 -9999 -9999 -9999 185.110878600467 181.50083024982 177.472760991227
799.666312405415 783.183574265043 759.705965262169 729.274430358463 699.40324777802 683.02863452992 694.882960050145 718.258711150695 723.489952967737 714.045925756856 704.090736778652 692.640323012989 643.343040167426 604.492306688518 565.731115889343 537.220417359692 510.713751088842 499.844946898252 505.5271079976 512.302416988611 507.374797954171 492.427194834092 494.239282394997 495.710644856989 461.764421362899 466.944788685627 462.825655460329 462.062184749487 467.19612660518 460.139865793191 443.965819958302 426.497284680141 401.095287463295 350.355277632194 305.709261640691 340.404650121929 353.521758402563 318.563119415587 268.690344034166 246.09415840697 235.727494840051 227.506098005547 218.551025147017 210.522368225494 204.527833739557 -9999 -9999 182.858787592373 178.73535182821 174.848029444869
