rcp8.5models/MPI_ESM_LR/sc1gr5.12
NCOLS 261 
NROWS 433 
XLLCORNER 336357.134 
YLLCORNER 654653.479 
CELLSIZE 1000 
NODATA_value -3.4e+38 
[rows 330 to 351 of 433, columns 49 to 97 of 261]
284.867309570312 285.269104003906 285.481201171875 285.472869873047 285.500885009766 285.636474609375 285.514892578125 285.532897949219 285.633972167969 286.030120849609 286.471313476562 286.637573242188 286.968017578125 286.964965820312 286.647338867188 286.575775146484 286.269256591797 285.981567382812 283.448852539062 283.880889892578 283.840057373047 282.067230224609 281.673156738281 281.785736083984 -3.4e+38 -3.4e+38 280.290222167969 -3.4e+38 280.131561279297 280.122833251953 284.120086669922 286.579071044922 287.161895751953 287.371734619141 285.114227294922 279.564208984375 275.049011230469 276.417114257812 280.84228515625 282.634307861328 279.392150878906 277.658813476562 275.601257324219 272.317932128906 268.835357666016 268.937103271484 265.658660888672 264.366790771484 268.756744384766
284.947845458984 285.52001953125 285.688995361328 285.713043212891 285.658721923828 285.56103515625 285.548980712891 285.468353271484 285.670043945312 285.893463134766 285.836273193359 285.530395507812 286.386901855469 286.932891845703 286.635101318359 286.578125 286.348999023438 286.490814208984 285.168640136719 284.973510742188 283.881469726562 283.099578857422 281.044067382812 279.529815673828 -3.4e+38 277.212463378906 279.826751708984 -3.4e+38 278.343505859375 281.576690673828 285.7333984375 287.069885253906 287.586395263672 287.70947265625 287.124725341797 284.198028564453 280.719970703125 281.298706054688 284.266571044922 285.590850830078 281.645629882812 276.34716796875 273.684906005859 273.053588867188 269.743408203125 270.384552001953 269.275909423828 268.626220703125 274.956176757812
284.809295654297 285.222686767578 285.677215576172 285.788818359375 285.385620117188 285.728759765625 286.070709228516 285.635375976562 285.404235839844 285.557891845703 285.463073730469 285.205627441406 286.120452880859 286.966247558594 286.798736572266 286.582489013672 286.243865966797 286.382781982422 286.098175048828 285.826904296875 284.982727050781 284.924987792969 279.230010986328 277.405700683594 -3.4e+38 275.780487060547 278.616821289062 279.703674316406 278.924896240234 282.590728759766 285.548797607422 286.077392578125 287.234466552734 287.311676025391 287.388122558594 287.134460449219 285.402191162109 284.882049560547 286.244262695312 285.599975585938 281.733642578125 275.115417480469 272.089050292969 274.122192382812 272.592437744141 271.786163330078 273.034454345703 271.589172363281 274.656402587891
284.742248535156 284.963226318359 285.597320556641 285.516784667969 285.260162353516 285.788787841797 285.879211425781 285.747985839844 285.127380371094 285.125518798828 285.313812255859 285.483581542969 286.245819091797 286.787048339844 286.427825927734 286.322967529297 286.052978515625 285.913665771484 285.870269775391 285.719848632812 285.624694824219 284.955108642578 278.62646484375 275.650573730469 -3.4e+38 275.493682861328 275.213134765625 279.143768310547 277.878997802734 281.050903320312 283.377105712891 285.246063232422 286.576477050781 286.865600585938 287.107360839844 287.315704345703 286.631195068359 286.288238525391 286.834136962891 286.247894287109 282.410888671875 276.072113037109 272.167816162109 275.933349609375 277.584716796875 276.278442382812 276.100799560547 269.893798828125 267.379119873047
284.897247314453 285.030059814453 285.579833984375 285.631622314453 285.619476318359 285.807434082031 285.572631835938 285.260925292969 284.592041015625 284.616241455078 285.192749023438 285.917144775391 286.525024414062 286.245513916016 286.034393310547 286.197814941406 284.544128417969 284.298278808594 285.655303955078 285.966613769531 285.939880371094 283.450164794922 278.904876708984 275.427490234375 277.435089111328 276.967651367188 275.871337890625 279.302642822266 273.439544677734 278.574401855469 282.156097412109 283.285919189453 282.963073730469 285.415313720703 287.054718017578 286.566101074219 286.613739013672 286.580291748047 285.607025146484 285.72119140625 285.153442382812 277.063354492188 274.195037841797 276.819854736328 280.257171630859 279.118804931641 276.425689697266 267.125701904297 259.992797851562
285.147674560547 285.063934326172 285.486328125 285.777221679688 285.833557128906 285.757446289062 285.430999755859 284.816619873047 284.47802734375 284.722595214844 285.305511474609 285.806365966797 285.995269775391 285.828430175781 286.131988525391 286.228729248047 284.898559570312 284.387817382812 285.721130371094 286.221649169922 285.760009765625 282.872741699219 279.336608886719 276.191192626953 277.560974121094 278.525329589844 277.883666992188 280.136505126953 274.223449707031 278.297882080078 281.219757080078 280.88671875 278.555572509766 282.989837646484 286.941772460938 286.832366943359 287.059051513672 286.845977783203 284.913513183594 285.039184570312 286.812622070312 278.914978027344 278.622406005859 280.602508544922 281.418670654297 280.753662109375 275.686065673828 264.538055419922 253.440078735352
285.502349853516 285.362457275391 285.814636230469 285.693237304688 285.698272705078 285.591766357422 285.083557128906 284.826904296875 285.120269775391 285.016510009766 284.90673828125 285.379547119141 285.565063476562 285.528350830078 285.494354248047 285.778411865234 285.727325439453 285.285552978516 286.072570800781 286.064208984375 285.3525390625 284.299957275391 281.267547607422 277.306457519531 276.040252685547 278.114685058594 279.016021728516 282.60498046875 282.678619384766 279.959014892578 279.417938232422 282.209838867188 279.313720703125 280.759979248047 286.191802978516 287.506256103516 287.685180664062 287.369506835938 287.093688964844 286.10498046875 286.0419921875 285.561828613281 284.904998779297 286.335327148438 286.711181640625 284.71533203125 277.506530761719 268.605529785156 258.817932128906
285.727264404297 285.671569824219 285.756103515625 285.407745361328 285.093322753906 284.978820800781 284.953857421875 285.346221923828 285.401000976562 284.896942138672 284.956298828125 285.412384033203 285.463806152344 285.510650634766 285.534759521484 285.794830322266 285.713317871094 285.745635986328 286.133666992188 285.926513671875 285.399322509766 284.84716796875 282.001129150391 278.420257568359 277.145294189453 278.839721679688 279.088958740234 280.97802734375 284.042388916016 281.940612792969 280.410217285156 281.865966796875 278.487365722656 280.189788818359 286.407012939453 287.283264160156 287.3046875 287.468811035156 287.635803222656 287.324829101562 286.976043701172 287.323547363281 287.046630859375 287.068695068359 287.161346435547 285.453643798828 279.481781005859 270.867248535156 264.335968017578
286.071746826172 286.023284912109 285.655303955078 285.154663085938 284.972259521484 285.058563232422 285.344421386719 285.637969970703 285.135070800781 284.938354492188 285.183074951172 285.105163574219 285.030395507812 285.471343994141 285.653381347656 285.960510253906 286.136444091797 286.225128173828 285.987823486328 285.650909423828 284.93408203125 284.824310302734 282.591247558594 280.626434326172 279.624450683594 279.585632324219 279.659942626953 281.452850341797 285.344818115234 283.328735351562 280.895629882812 281.58349609375 277.79345703125 278.075012207031 285.260101318359 287.379943847656 287.300384521484 287.203948974609 287.236999511719 287.49365234375 287.319213867188 286.988616943359 287.207885742188 287.181945800781 287.129791259766 286.55419921875 283.480010986328 273.98779296875 267.228149414062
285.807983398438 285.590057373047 285.26806640625 285.325012207031 285.608642578125 285.583435058594 285.426177978516 285.360534667969 285.173248291016 285.256011962891 285.296234130859 284.928436279297 284.960815429688 285.516174316406 285.707733154297 285.829803466797 286.279418945312 286.220367431641 284.942291259766 284.7197265625 284.472717285156 284.197723388672 284.285247802734 283.202789306641 281.862152099609 280.702239990234 280.316192626953 283.012268066406 286.190124511719 280.079742431641 274.618682861328 275.933746337891 278.094390869141 275.393707275391 280.789764404297 286.993011474609 287.336700439453 287.153198242188 287.248107910156 287.417633056641 287.174926757812 286.830627441406 287.046264648438 287.085510253906 287.113555908203 287.116638183594 285.823089599609 280.358032226562 274.025848388672
285.823028564453 285.4853515625 285.51416015625 285.743988037109 285.489227294922 285.382843017578 285.187774658203 285.287689208984 285.600006103516 285.447204589844 285.122222900391 284.77490234375 284.801971435547 285.358978271484 285.988433837891 285.865875244141 286.127105712891 286.035186767578 284.531311035156 283.712554931641 283.098785400391 284.270751953125 285.903442382812 283.574584960938 281.803588867188 280.473419189453 279.493560791016 282.819488525391 285.916839599609 275.293151855469 274.002227783203 275.945190429688 281.422607421875 278.816192626953 280.708251953125 286.671264648438 287.091064453125 287.422729492188 287.593994140625 286.718017578125 286.408843994141 286.850494384766 286.866149902344 287.061492919922 287.040557861328 287.002319335938 286.3603515625 284.011474609375 277.765502929688
285.498779296875 285.092834472656 285.601898193359 285.767791748047 285.039794921875 284.818939208984 284.706787109375 285.044677734375 285.623626708984 285.504608154297 285.004577636719 284.847869873047 285.049224853516 285.475250244141 285.933837890625 286.087066650391 286.062286376953 285.651641845703 284.989166259766 283.234283447266 282.202514648438 284.287872314453 286.036468505859 284.900573730469 283.568542480469 280.160278320312 278.593719482422 280.913726806641 284.286987304688 280.092376708984 280.374267578125 280.315643310547 283.725067138672 284.583312988281 282.990447998047 285.246795654297 287.035614013672 287.278961181641 287.434478759766 285.797729492188 285.157073974609 286.968536376953 286.809814453125 286.991424560547 287.171112060547 287.035247802734 286.806823730469 284.227233886719 276.886535644531
285.493896484375 284.792816162109 284.789245605469 285.132568359375 285.098114013672 284.652893066406 284.548004150391 285.14990234375 285.76806640625 285.880798339844 284.999450683594 284.639526367188 285.219573974609 285.406066894531 285.490173339844 285.958831787109 286.258148193359 285.847015380859 285.735382080078 285.148193359375 284.160766601562 285.086669921875 286.315063476562 286.304931640625 285.994537353516 284.110809326172 281.947204589844 281.187072753906 283.328186035156 286.100067138672 285.197784423828 284.413635253906 285.624664306641 286.879425048828 284.668212890625 285.071990966797 287.204406738281 287.121246337891 287.025360107422 286.098602294922 285.443359375 286.781097412109 286.740234375 287.02587890625 287.376708984375 287.377380371094 287.106628417969 284.314270019531 276.357116699219
285.619659423828 285.265686035156 284.910949707031 284.721221923828 285.012664794922 285.037994384766 284.855621337891 285.550964355469 286.097381591797 286.134674072266 284.64697265625 284.452362060547 285.410461425781 285.7939453125 285.919525146484 286.189392089844 286.432464599609 286.036010742188 285.871704101562 286.243560791016 286.095306396484 284.030944824219 284.69677734375 285.847839355469 286.047454833984 286.74072265625 285.83984375 284.776611328125 285.206176757812 286.895782470703 286.966857910156 286.87451171875 287.035339355469 287.072998046875 285.963775634766 285.9326171875 287.005676269531 286.854675292969 286.789093017578 287.016723632812 286.810089111328 285.980926513672 286.129577636719 286.660217285156 287.256713867188 287.056976318359 286.960266113281 285.185821533203 277.674407958984
285.91259765625 285.939605712891 285.476165771484 284.999237060547 285.072631835938 285.250762939453 285.366668701172 285.815795898438 286.337524414062 286.033569335938 285.139678955078 285.071044921875 285.464935302734 285.661468505859 285.728424072266 286.188873291016 286.32275390625 285.875823974609 285.874725341797 286.167510986328 286.508026123047 285.130249023438 285.273620605469 286.076354980469 286.150146484375 286.649871826172 286.421081542969 284.409362792969 282.671295166016 285.110382080078 285.007690429688 283.913909912109 284.700927734375 282.997894287109 283.918518066406 286.230590820312 286.504974365234 286.711242675781 286.865966796875 287.235015869141 287.214050292969 285.240600585938 284.875610351562 286.161651611328 287.258483886719 287.019622802734 286.839202880859 285.956970214844 279.339752197266
285.920318603516 286.166534423828 285.614990234375 285.189361572266 285.474426269531 285.393737792969 285.356811523438 286.209411621094 285.681335449219 285.329711914062 285.437103271484 285.423706054688 285.077270507812 285.128753662109 285.372497558594 285.752105712891 286.185729980469 285.768585205078 285.745941162109 286.148284912109 286.398132324219 285.037506103516 283.807342529297 285.277893066406 286.186950683594 284.917419433594 284.958160400391 283.172088623047 279.007751464844 282.097503662109 284.703918457031 280.561584472656 280.474151611328 280.354766845703 282.259918212891 286.394378662109 285.814971923828 286.130462646484 286.916961669922 287.049255371094 287.074340820312 286.242248535156 284.688110351562 285.565521240234 287.2578125 287.120086669922 286.672882080078 285.221557617188 279.473266601562
285.794128417969 286.117004394531 285.667266845703 285.223083496094 285.715087890625 285.885375976562 285.586120605469 286.047912597656 285.557037353516 284.38525390625 284.681915283203 285.1044921875 285.057800292969 285.346649169922 285.433837890625 285.780303955078 286.316375732422 286.065643310547 285.927703857422 285.630706787109 285.858367919922 285.168060302734 284.109405517578 285.029266357422 283.870361328125 281.971374511719 281.642547607422 280.609436035156 278.549407958984 279.141204833984 283.600219726562 277.745849609375 275.697113037109 279.191925048828 281.148620605469 284.747192382812 284.982208251953 285.2490234375 286.328643798828 285.508026123047 284.881622314453 287.178009033203 286.098205566406 286.279449462891 287.302429199219 287.117706298828 286.336761474609 285.227264404297 282.041717529297
285.857299804688 286.085052490234 285.694641113281 285.800415039062 286.185150146484 286.168853759766 285.990631103516 285.428070068359 285.460845947266 284.429656982422 284.29541015625 284.882263183594 285.634643554688 285.787170410156 285.394470214844 285.87939453125 285.971405029297 285.93408203125 286.033996582031 284.963531494141 285.298828125 286.087890625 285.799041748047 283.841918945312 282.500061035156 281.272003173828 278.525909423828 277.946716308594 277.879455566406 274.6884765625 279.042236328125 275.826934814453 270.866729736328 275.318298339844 278.498992919922 281.816711425781 282.955230712891 280.269226074219 281.8173828125 284.369689941406 282.760437011719 286.661651611328 286.933319091797 287.024383544922 287.118682861328 287.024169921875 285.933532714844 285.814788818359 285.837554931641
285.825347900391 285.868347167969 286.047576904297 286.269836425781 286.160278320312 286.2392578125 286.317993164062 285.773529052734 285.635101318359 284.442535400391 283.938171386719 284.830841064453 285.465698242188 285.743316650391 285.8017578125 285.599182128906 285.717346191406 285.632049560547 285.416107177734 285.287841796875 285.097961425781 285.287750244141 285.849456787109 284.307830810547 283.8466796875 282.613800048828 278.280609130859 275.113739013672 275.517486572266 272.674133300781 273.379608154297 275.577117919922 269.638336181641 268.939392089844 275.846710205078 277.172454833984 280.0771484375 278.761108398438 275.127655029297 279.933410644531 283.674621582031 282.388946533203 286.188781738281 286.946258544922 285.345581054688 283.023651123047 284.565765380859 286.997985839844 286.926544189453
285.689697265625 285.651428222656 285.831909179688 286.066375732422 285.862243652344 285.693481445312 285.629272460938 285.221710205078 285.306610107422 284.133392333984 282.659484863281 284.078277587891 285.412567138672 285.500091552734 285.900268554688 285.907073974609 285.698211669922 285.53857421875 284.749145507812 285.691711425781 285.567169189453 285.23876953125 285.581329345703 285.342224121094 282.016174316406 281.144592285156 280.150451660156 277.886322021484 277.206939697266 274.950164794922 274.377197265625 275.3798828125 269.452178955078 266.5087890625 273.023284912109 274.977905273438 277.478576660156 280.239624023438 273.785308837891 273.555297851562 281.684783935547 282.657897949219 284.887786865234 286.575256347656 286.2255859375 284.727386474609 283.875854492188 285.693298339844 286.800262451172
285.40380859375 285.519714355469 285.573150634766 285.738861083984 285.191955566406 285.064300537109 285.3212890625 285.026947021484 285.657318115234 285.057830810547 284.057891845703 284.881927490234 285.417694091797 285.420593261719 285.795074462891 285.845428466797 285.413330078125 285.254577636719 283.40673828125 284.729278564453 285.844757080078 285.732788085938 285.883697509766 285.720367431641 283.007080078125 280.438018798828 280.511383056641 279.553009033203 277.326873779297 274.981781005859 273.837493896484 272.3251953125 264.828826904297 263.094390869141 270.093139648438 275.357482910156 275.412292480469 278.529968261719 275.927886962891 267.764404296875 273.193725585938 284.566223144531 284.902587890625 286.422729492188 286.393341064453 286.485321044922 284.638702392578 284.463287353516 285.601531982422
284.786346435547 285.2294921875 285.489440917969 285.630889892578 285.406372070312 285.348327636719 285.325012207031 285.253723144531 285.507110595703 285.545227050781 285.112731933594 285.633453369141 285.649810791016 285.367248535156 285.434997558594 285.647918701172 285.620483398438 285.459503173828 283.055725097656 283.953552246094 285.604125976562 285.551696777344 285.683197021484 285.747192382812 285.37841796875 281.483032226562 281.400817871094 278.407348632812 274.409759521484 274.068634033203 273.707550048828 273.149322509766 267.262359619141 264.120544433594 267.844573974609 275.722534179688 279.264129638672 279.388885498047 278.932861328125 270.421630859375 267.092224121094 282.091033935547 284.768035888672 285.476837158203 286.236968994141 286.169647216797 285.470245361328 284.047790527344 283.13818359375
