rcp8.5models/MPI_ESM_LR/sc1gr10.27
NCOLS 261 
NROWS 433 
XLLCORNER 336357.134 
YLLCORNER 654653.479 
CELLSIZE 1000 
NODATA_value -3.4e+38 
[rows 286 to 307 of 433, columns 98 to 146 of 261]
355.005218505859 354.808959960938 295.411224365234 356.249847412109 357.436859130859 358.801116943359 312.893096923828 288.496673583984 362.951690673828 316.335845947266 183.696853637695 93.6393432617188 99.0750732421875 104.007850646973 95.663688659668 96.7642822265625 95.145751953125 157.980194091797 196.995391845703 94.4055557250977 92.2347640991211 100.307144165039 119.352493286133 133.335464477539 138.988433837891 140.873260498047 128.00178527832 120.902473449707 118.494041442871 118.736343383789 114.155342102051 112.610466003418 119.340698242188 121.960334777832 125.450561523438 125.43302154541 119.978210449219 -3.4e+38 -3.4e+38 137.851684570312 139.808197021484 -3.4e+38 -3.4e+38 147.737945556641 155.394287109375 168.222076416016 179.779876708984 182.00732421875 183.906616210938
208.441558837891 208.1064453125 160.983673095703 359.827819824219 360.673126220703 362.076538085938 363.440704345703 304.212463378906 273.876495361328 367.907775878906 320.040496826172 246.22216796875 191.374389648438 100.319946289062 96.5825653076172 98.4675598144531 96.0619506835938 149.136306762695 182.264770507812 96.2693786621094 93.3493804931641 100.772315979004 122.310302734375 137.657348632812 136.969543457031 136.617065429688 135.631591796875 133.91731262207 134.523971557617 129.199829101562 119.446243286133 117.385284423828 118.961578369141 117.601829528809 117.016906738281 117.812896728516 119.560401916504 124.723686218262 128.592529296875 -3.4e+38 140.921081542969 138.978256225586 140.014709472656 146.59553527832 153.821273803711 163.391357421875 168.52360534668 171.988342285156 179.347610473633
154.476974487305 183.737945556641 90.7574996948242 363.411193847656 363.96337890625 365.343597412109 366.671203613281 318.797576904297 294.63232421875 371.226837158203 371.894622802734 311.983703613281 168.631805419922 158.00178527832 94.8804244995117 99.6170043945312 101.375053405762 95.8757476806641 95.6534194946289 159.371429443359 195.762649536133 95.0837249755859 110.442008972168 131.901123046875 133.326202392578 131.716903686523 137.496826171875 139.780242919922 139.517379760742 135.634292602539 129.285430908203 123.127540588379 116.759536743164 114.893997192383 113.856826782227 116.726211547852 120.936531066895 126.958717346191 130.248229980469 130.694702148438 140.034530639648 145.846389770508 139.437194824219 141.564361572266 149.466567993164 156.797821044922 156.059646606445 162.642120361328 168.050216674805
232.686447143555 226.497497558594 246.109466552734 366.935821533203 367.605987548828 368.704040527344 370.308197021484 371.346160888672 372.716613769531 311.699096679688 216.219024658203 165.698791503906 88.6569213867188 210.621719360352 92.5318374633789 98.7925796508789 98.4342498779297 92.4271774291992 92.4418640136719 147.510498046875 180.138626098633 153.768981933594 200.652145385742 119.113510131836 130.802612304688 131.240875244141 133.273208618164 135.321243286133 136.680358886719 137.438034057617 136.278579711914 129.809844970703 125.53246307373 122.799980163574 118.355049133301 117.640083312988 120.790725708008 127.601570129395 128.867919921875 128.452102661133 135.461303710938 144.154403686523 -3.4e+38 138.424957275391 143.081207275391 149.234069824219 149.426071166992 154.772933959961 159.855529785156
215.109130859375 279.870910644531 323.746185302734 260.950775146484 204.884078979492 376.019134521484 377.549377441406 378.835662841797 380.16162109375 382.061920166016 332.519470214844 187.460235595703 87.498908996582 93.0801162719727 91.8946228027344 94.2750244140625 93.2719039916992 90.5989837646484 88.6626739501953 88.6047973632812 89.0913467407227 88.3886642456055 90.9326934814453 99.3063507080078 109.389709472656 119.207359313965 130.31037902832 134.679824829102 134.397674560547 135.903564453125 133.840881347656 131.372512817383 135.508331298828 135.966674804688 134.577529907227 130.961227416992 123.76969909668 129.546157836914 135.105865478516 134.186065673828 131.526031494141 137.366989135742 141.266677856445 137.826309204102 -3.4e+38 140.342575073242 141.962554931641 144.955917358398 151.131576538086
101.393699645996 210.475280761719 382.546875 231.978775024414 304.119323730469 380.672576904297 381.535308837891 382.586669921875 383.590911865234 384.700012207031 386.716888427734 270.381286621094 88.8305053710938 90.3912124633789 94.6348648071289 94.4228057861328 92.6951370239258 91.7232360839844 89.4824142456055 87.7435684204102 88.0471267700195 153.609603881836 196.384963989258 97.3112869262695 102.886940002441 111.611190795898 131.194686889648 131.240875244141 130.261245727539 132.848739624023 132.27278137207 130.660415649414 135.096328735352 135.897399902344 134.058288574219 136.938568115234 131.922317504883 126.767196655273 131.503753662109 132.193084716797 131.212387084961 135.795303344727 137.700805664062 133.478256225586 133.345108032227 136.126205444336 138.292587280273 141.168243408203 147.471084594727
107.668853759766 152.274566650391 222.478485107422 211.846450805664 387.039703369141 385.167144775391 385.864959716797 386.599182128906 387.652435302734 388.584594726562 389.449371337891 271.064208984375 88.1609115600586 86.8616180419922 100.106636047363 99.3815002441406 91.932731628418 91.4098739624023 88.8225784301758 88.4609603881836 87.8954467773438 210.953857421875 287.848205566406 96.9909439086914 104.095794677734 107.592247009277 122.145965576172 126.189842224121 129.332077026367 131.903701782227 132.005844116211 129.642074584961 130.909317016602 134.236831665039 130.209243774414 134.491958618164 -3.4e+38 125.434005737305 124.696281433105 127.283851623535 133.603515625 137.552108764648 139.549224853516 136.499557495117 131.96809387207 133.946197509766 -3.4e+38 -3.4e+38 -3.4e+38
98.1885452270508 96.9645538330078 160.699035644531 312.817230224609 390.387603759766 389.010406494141 389.354675292969 390.331085205078 391.860565185547 393.160675048828 393.502716064453 339.114379882812 187.848785400391 84.7793884277344 102.808776855469 103.348495483398 94.4860229492188 93.9100646972656 87.5171432495117 86.4260559082031 86.2333374023438 144.448837280273 183.706527709961 100.454208374023 106.201873779297 105.329483032227 111.947120666504 122.534820556641 128.143173217773 126.964851379395 126.784454345703 126.665107727051 125.252113342285 127.889709472656 129.682357788086 132.200500488281 134.531112670898 123.098121643066 122.467720031738 125.821929931641 133.5751953125 139.84001159668 141.975860595703 140.885192871094 137.155059814453 137.40966796875 138.210876464844 136.582641601562 -3.4e+38
258.928375244141 259.637817382812 314.259460449219 392.529968261719 392.6328125 392.906890869141 393.223907470703 394.491729736328 395.983245849609 397.197631835938 397.553253173828 398.331787109375 342.779296875 188.847061157227 98.0039672851562 101.304748535156 90.3463592529297 90.6457748413086 85.2869567871094 154.240386962891 196.526306152344 89.5039672851562 96.3893051147461 105.33423614502 109.906982421875 110.956207275391 109.751991271973 119.315299987793 127.1689453125 122.463737487793 119.837142944336 122.927597045898 123.332305908203 127.176063537598 130.894805908203 131.268493652344 129.491134643555 120.748359680176 124.255935668945 125.799621582031 129.771331787109 138.070755004883 143.137573242188 150.565139770508 150.814163208008 142.559356689453 141.269302368164 134.428924560547 139.568084716797
323.097351074219 224.005111694336 223.683288574219 326.120147705078 295.226379394531 397.645538330078 398.136810302734 399.51953125 400.480590820312 401.411224365234 401.707946777344 402.244049072266 403.147003173828 276.352905273438 201.007247924805 99.2975540161133 83.7279739379883 84.010871887207 82.9279937744141 144.934631347656 184.940292358398 97.069709777832 104.103118896484 110.890769958496 115.90128326416 119.057159423828 111.386138916016 115.138465881348 124.252304077148 120.871551513672 118.010650634766 123.520278930664 123.545875549316 127.07674407959 128.770721435547 126.071731567383 121.802505493164 123.458183288574 129.536041259766 130.123809814453 131.096084594727 135.832183837891 143.018997192383 158.721130371094 159.960083007812 142.792770385742 139.829177856445 132.400833129883 136.74723815918
344.626647949219 193.451812744141 95.9679489135742 174.910537719727 217.528778076172 402.625305175781 402.602783203125 403.606567382812 404.632781982422 405.785278320312 334.701110839844 302.666320800781 411.240875244141 278.957916259766 193.311431884766 102.60717010498 83.1083602905273 82.0144958496094 82.3218841552734 85.4091262817383 95.5857925415039 109.041435241699 114.587097167969 115.847778320312 119.361701965332 122.094459533691 117.284469604492 116.362861633301 118.794532775879 119.044120788574 116.591720581055 125.648071289062 125.277168273926 122.265647888184 125.74927520752 122.090942382812 118.285034179688 125.465888977051 131.238922119141 131.274993896484 131.992965698242 134.099975585938 137.629135131836 150.941848754883 155.85888671875 139.373199462891 135.854904174805 129.953994750977 133.958847045898
332.531921386719 172.318496704102 102.682525634766 99.6691284179688 222.182540893555 407.147216796875 406.652801513672 407.400726318359 408.377868652344 409.494018554688 351.048828125 255.706832885742 240.219848632812 175.488632202148 101.838554382324 96.7052688598633 156.670913696289 194.216156005859 82.0096969604492 86.1113204956055 97.9084701538086 112.807685852051 117.143074035645 111.526725769043 113.254440307617 119.32608795166 114.932304382324 117.30525970459 118.890167236328 118.197082519531 114.528060913086 125.322608947754 130.177490234375 123.726013183594 121.835266113281 123.309516906738 119.622001647949 123.697540283203 125.859954833984 128.443756103516 128.344192504883 130.703643798828 132.130325317383 137.51904296875 143.131851196289 135.555358886719 131.67138671875 127.368850708008 131.856155395508
172.723739624023 90.8861999511719 100.937782287598 100.975196838379 148.246612548828 305.570617675781 411.513427734375 412.033538818359 412.685241699219 339.857696533203 232.55339050293 179.931579589844 97.7849884033203 92.4494934082031 103.387649536133 100.867790222168 227.265747070312 365.664123535156 195.971313476562 85.1012344360352 92.9750213623047 100.927963256836 105.813995361328 107.538986206055 113.418304443359 118.110626220703 115.211349487305 114.482521057129 113.342582702637 112.646774291992 113.331085205078 122.74870300293 127.127311706543 125.79704284668 116.784362792969 121.942405700684 121.767204284668 123.541938781738 123.414901733398 126.88402557373 126.529106140137 127.873352050781 129.850082397461 130.496612548828 132.090972900391 130.657730102539 126.120002746582 124.929039001465 130.059265136719
273.583648681641 197.507369995117 99.0333633422852 102.720283508301 96.7551727294922 155.601348876953 309.299652099609 418.009155273438 348.706359863281 187.396560668945 94.7563095092773 95.4109268188477 100.915107727051 98.5335845947266 107.181274414062 106.211418151855 231.192855834961 357.294158935547 180.366760253906 83.4031295776367 89.8693466186523 98.2653656005859 105.88053894043 108.648849487305 108.103149414062 108.140548706055 114.414947509766 112.826095581055 106.250671386719 106.42155456543 113.922088623047 118.14363861084 116.586013793945 123.486282348633 115.161239624023 119.044586181641 119.706245422363 121.101089477539 122.737182617188 123.969337463379 124.410377502441 126.010856628418 127.401054382324 125.869735717773 123.511032104492 122.680595397949 120.987350463867 123.383827209473 127.429328918457
238.833511352539 185.610168457031 107.089851379395 109.170623779297 110.549591064453 107.85578918457 161.197113037109 243.273895263672 177.791061401367 101.650047302246 107.181686401367 97.4116134643555 95.683967590332 102.198173522949 104.634056091309 100.351547241211 150.921493530273 180.252731323242 83.9322814941406 83.9924392700195 86.8658065795898 101.21467590332 114.189430236816 108.626403808594 99.6019897460938 96.5299758911133 104.649131774902 110.023620605469 106.135513305664 106.181030273438 116.303283691406 111.316368103027 109.656806945801 123.618690490723 119.561111450195 125.938446044922 124.060157775879 116.230590820312 118.037658691406 119.432136535645 120.922050476074 123.319999694824 124.255165100098 121.043609619141 116.604949951172 118.073913574219 121.71639251709 125.513114929199 128.635696411133
109.251304626465 116.609603881836 114.505996704102 106.103813171387 103.092506408691 107.244148254395 110.453399658203 110.699249267578 102.415603637695 94.1821746826172 99.161262512207 104.250534057617 104.205337524414 104.802001953125 98.7650604248047 97.5496215820312 86.3925323486328 81.5431823730469 87.3784866333008 98.0706253051758 102.954444885254 102.127052307129 109.405624389648 109.526290893555 108.169998168945 111.847839355469 96.6368560791016 101.921676635742 101.901176452637 103.729644775391 109.695877075195 109.359031677246 98.4952697753906 95.1979446411133 93.3188323974609 90.0664215087891 102.071998596191 128.630081176758 126.225967407227 127.305969238281 133.132034301758 130.693115234375 122.700508117676 117.523590087891 115.330169677734 121.651565551758 124.505233764648 127.476356506348 137.543716430664
98.0994873046875 105.796089172363 110.047485351562 108.380844116211 102.616287231445 104.730346679688 109.055152893066 107.858695983887 105.963455200195 101.649597167969 100.705543518066 101.813400268555 102.505821228027 102.975311279297 98.529296875 96.1161346435547 79.5761795043945 81.2098007202148 89.6532745361328 105.443778991699 112.214981079102 109.766761779785 108.57096862793 100.267875671387 94.9367599487305 104.236709594727 94.8530120849609 95.6261520385742 102.227119445801 106.186798095703 107.187530517578 110.345527648926 96.7150650024414 83.6126403808594 82.093620300293 83.4067535400391 89.6856994628906 123.353866577148 126.650444030762 123.333374023438 124.96019744873 130.591400146484 125.510414123535 116.530242919922 116.583358764648 121.01683807373 123.579582214355 129.362747192383 144.639312744141
97.6700439453125 106.352272033691 111.303680419922 105.333793640137 101.683570861816 103.142845153809 106.908958435059 108.160385131836 109.077667236328 108.936340332031 106.742706298828 104.414840698242 104.989967346191 103.74365234375 99.0536499023438 96.896614074707 82.8498611450195 84.4749603271484 89.3608703613281 104.663398742676 109.009819030762 99.1176528930664 96.6032104492188 94.7113342285156 95.1827774047852 96.4832000732422 100.997749328613 95.6731414794922 96.9798049926758 101.015533447266 99.8544769287109 101.074394226074 91.3811187744141 81.9961242675781 79.9923400878906 80.2640533447266 84.5913543701172 107.291122436523 107.42724609375 105.163284301758 114.245300292969 125.482666015625 118.380912780762 114.784294128418 116.796699523926 120.258728027344 130.76806640625 142.588516235352 137.959564208984
100.394729614258 101.665016174316 103.609725952148 99.1530609130859 104.744735717773 105.191215515137 106.590621948242 106.378410339355 102.689384460449 98.6376190185547 99.3695526123047 101.396553039551 104.931327819824 104.319396972656 91.6416778564453 85.6965637207031 82.0126953125 84.0806198120117 88.5652923583984 102.519859313965 102.021995544434 86.1886444091797 87.7547836303711 90.8701629638672 94.8686294555664 94.4529418945312 107.01432800293 101.995658874512 95.6265411376953 95.353141784668 96.6318206787109 95.999885559082 89.97607421875 83.0477600097656 80.4761199951172 79.0890731811523 81.0615081787109 90.0106964111328 90.5087814331055 101.220207214355 121.992980957031 119.003700256348 113.116333007812 114.352516174316 115.247215270996 122.746192932129 139.319839477539 140.713775634766 141.831359863281
94.8163070678711 91.39208984375 91.6045761108398 97.4472503662109 107.208023071289 105.510070800781 101.96720123291 97.3026580810547 94.1306381225586 88.8860092163086 89.1516036987305 91.1592712402344 98.4058532714844 101.835777282715 82.8566284179688 77.962646484375 81.8397064208984 87.911865234375 90.4815521240234 95.4124984741211 102.580543518066 98.2194976806641 99.4701919555664 101.084175109863 94.7098999023438 94.9605560302734 103.653587341309 102.083869934082 103.625160217285 100.577682495117 96.8212509155273 98.3522109985352 97.9876403808594 86.1279830932617 82.1929168701172 79.095100402832 78.5631942749023 83.8661804199219 95.9009475708008 116.535339355469 122.134963989258 109.17546081543 111.892868041992 111.537254333496 115.32674407959 129.580383300781 139.29524230957 125.599540710449 139.790481567383
97.3938522338867 101.553604125977 96.4019775390625 97.8183517456055 105.198348999023 103.284332275391 96.6926498413086 91.6364669799805 90.0228424072266 88.468635559082 86.8907318115234 90.2451629638672 98.9625778198242 100.572296142578 79.6959457397461 78.2972106933594 84.5993499755859 96.2843856811523 98.2089538574219 91.9817123413086 95.0510940551758 98.9601287841797 99.5741195678711 99.4511184692383 94.1043701171875 93.5825729370117 96.7389526367188 -3.4e+38 102.238349914551 102.968704223633 101.64045715332 100.69376373291 100.764465332031 98.6512832641602 90.2671432495117 79.8179931640625 77.5822219848633 87.5500411987305 109.679138183594 119.793846130371 111.672019958496 109.637565612793 115.424125671387 116.515869140625 123.253715515137 132.684860229492 123.480392456055 115.027183532715 121.131744384766
105.896484375 108.158264160156 105.70484161377 101.762916564941 103.913398742676 104.109794616699 99.8011703491211 93.6233825683594 89.1689147949219 93.6300277709961 96.2100143432617 98.5830230712891 99.953010559082 92.0119552612305 77.9133529663086 79.1725997924805 84.8257522583008 96.7830505371094 104.119560241699 100.810638427734 95.8261337280273 -3.4e+38 -3.4e+38 -3.4e+38 -3.4e+38 -3.4e+38 -3.4e+38 97.2638244628906 -3.4e+38 -3.4e+38 102.940307617188 102.510757446289 99.4736633300781 104.288833618164 97.9751968383789 79.7165679931641 76.8435592651367 91.8360977172852 112.411880493164 108.237106323242 102.794464111328 111.470481872559 119.847045898438 114.79859161377 119.823875427246 115.283950805664 103.397239685059 102.800262451172 111.175003051758
