rcp8.5models/MPI_ESM_LR/sc1gr6.30
NCOLS 261 
NROWS 433 
XLLCORNER 336357.134 
YLLCORNER 654653.479 
CELLSIZE 1000 
NODATA_value -3.4e+38 
[rows 352 to 373 of 433, columns 98 to 146 of 261]
4456.4208984375 4431.7392578125 4331.0068359375 4297.53759765625 4534.955078125 4681.0107421875 4636.1025390625 4603.14306640625 4533.78125 4387.06103515625 4360.43212890625 4401.58544921875 4410.35009765625 4390.6748046875 4485.17333984375 4498.56201171875 4480.29150390625 4432.87646484375 4374.6845703125 4338.03173828125 4171.89697265625 -3.4e+38 3733.92724609375 3487.19653320312 3370.15454101562 3265.41552734375 3366.34350585938 3648.20458984375 3938.19409179688 4127.783203125 4198.05224609375 4180.82568359375 4175.59423828125 4170.1474609375 4167.494140625 4163.28173828125 4158.0185546875 4152.958984375 4162.05810546875 4159.40185546875 4150.5234375 4142.50634765625 4120.67138671875 -3.4e+38 -3.4e+38 4144.33642578125 4110.671875 4111.67431640625 4022.09448242188
4496.54248046875 4493.9970703125 4453.77880859375 4241.65478515625 4421.5703125 4635.87548828125 4609.658203125 4543.57763671875 4565.06298828125 4497.91748046875 4381.859375 4316.2392578125 4325.50048828125 4350.5830078125 4369.68359375 4459.2734375 4520.95947265625 4503.34228515625 4440.83642578125 4385.5869140625 4386.87890625 4406.78515625 4293.880859375 4069.64331054688 3887.61474609375 3662.62622070312 3790.92919921875 3870.5302734375 4008.62768554688 4145.62744140625 4230.72412109375 4206.037109375 4190.6103515625 4187.91552734375 4182.822265625 4179.484375 4178.84814453125 4163.23046875 4156.4833984375 4153.380859375 4152.51318359375 4142.974609375 -3.4e+38 -3.4e+38 -3.4e+38 4145.759765625 4144.5419921875 4152.02197265625 4054.615234375
4479.53759765625 4526.22900390625 4593.4853515625 4378.32958984375 4349.4091796875 4402.513671875 4541.3515625 4583.01513671875 4575.62890625 4593.69921875 4538.88623046875 4432.64697265625 4345.3466796875 4295.7421875 4271.478515625 4320.46337890625 4407.49853515625 4470.8447265625 4457.99560546875 4417.90087890625 4393.1640625 4326.1513671875 4332.9033203125 4354.8173828125 4290.66650390625 4177.32861328125 4306.44091796875 4287.59619140625 4270.2021484375 4258.330078125 4254.54443359375 4241.205078125 4220.12109375 4210.44775390625 4197.0673828125 4195.181640625 4196.89404296875 4198.2294921875 4181.8837890625 4182.1953125 4176.43994140625 4154.84326171875 -3.4e+38 4150.8125 4161.85107421875 4185.01953125 4203.87841796875 4173.166015625 4036.40747070312
4405.90625 4471.3583984375 4596.490234375 4499.62841796875 4365.1357421875 4262.07177734375 4407.904296875 4578.98779296875 4621.794921875 4578.94189453125 4549.53515625 4551.29345703125 4521.7158203125 4428.76904296875 4256.4267578125 4237.3505859375 4249.86962890625 4351.3994140625 4454.478515625 4428.05078125 4312.990234375 4207.24267578125 4234.86328125 4282.6865234375 4272.8857421875 4307.87109375 4285.54541015625 4275.60498046875 4277.501953125 4286.2177734375 4273.77099609375 4269.0654296875 4256.33740234375 4236.32763671875 4217.521484375 4211.8828125 4214.9091796875 4215.458984375 4212.61279296875 4219.12109375 4211.74658203125 4199.240234375 4189.7001953125 4188.173828125 4211.0302734375 4230.21240234375 4233.572265625 4193.88916015625 4040.00708007812
4381.02685546875 4349.658203125 4417.1005859375 4535.4873046875 4437.0537109375 4270.90576171875 4261.55712890625 4367.86181640625 4523.38134765625 4562.48828125 4512.1328125 4432.98583984375 4484.5048828125 4568.85302734375 4326.3583984375 4252.447265625 4204.69775390625 4246.8818359375 4315.7216796875 4300.2978515625 4217.06201171875 4180.2333984375 4184.07763671875 4183.5029296875 4144.18359375 4157.8154296875 4247.3037109375 4289.5068359375 4292.49169921875 4304.57275390625 4207.4833984375 4114.6044921875 4201.146484375 4256.89013671875 4252.94482421875 4239.10693359375 4241.376953125 4225.546875 4216.7236328125 4213.32861328125 4211.7724609375 4214.8427734375 4219.05126953125 4229.54736328125 4237.68017578125 4216.400390625 4194.7958984375 4165.5703125 4072.43383789062
4447.93017578125 4367.03564453125 4334.24267578125 4515.14111328125 4446.36083984375 4361.4931640625 4411.11279296875 4362.08837890625 4334.43701171875 4468.27197265625 4522.212890625 4473.3662109375 4523.853515625 4623.54833984375 4433.51806640625 4309.220703125 4278.3193359375 4283.10888671875 4269.75732421875 4242.4521484375 4198.9921875 4170.71337890625 4138.044921875 4112.72216796875 4087.4423828125 4076.20288085938 4224.97998046875 4300.275390625 4327.04345703125 4319.01806640625 4202.27392578125 4056.00854492188 4090.55322265625 4210.53076171875 4290.17626953125 4274.14111328125 4265.66455078125 4262.36328125 4236.07861328125 4215.63330078125 4207.8076171875 4203.5478515625 4202.05712890625 4212.1513671875 4211.828125 4180.35693359375 4141.97802734375 4121.50927734375 4109.5908203125
4534.7041015625 4422.3134765625 4336.8017578125 4357.8740234375 4342.14404296875 4353.1982421875 4434.9892578125 4359.15185546875 4227.91064453125 4315.81103515625 4393.1376953125 4503.78857421875 4619.2998046875 4586.13427734375 4452.76416015625 4347.52197265625 4308.29296875 4296.279296875 4292.9892578125 4296.65380859375 4282.1982421875 4207.4541015625 4107.6455078125 4112.6552734375 4132.98095703125 4139.98779296875 4288.3974609375 4315.203125 4334.16748046875 4328.48876953125 4302.75048828125 4228.978515625 4169.025390625 4228.12890625 4295.59521484375 4287.41259765625 4288.60107421875 4279.0498046875 4243.416015625 4224.12939453125 4210.04736328125 4195.1650390625 4179.20556640625 4180.25732421875 4172.69873046875 4154.4443359375 4128.501953125 4104.2138671875 4110.5185546875
4540.29052734375 4483.94140625 4404.00634765625 4283.44677734375 4288.60302734375 4259.2333984375 4313.30419921875 4362.65283203125 4293.5078125 4265.2392578125 4242.95849609375 4338.25732421875 4503.2451171875 4517.0537109375 4432.15283203125 4356.76806640625 4323.9755859375 4288.369140625 4299.26904296875 4363.0595703125 4344.955078125 4219.56640625 4118.00634765625 4136.5 4169.57080078125 4232.3427734375 4335.6611328125 4352.3125 4357.62109375 4352.61376953125 4343.71044921875 4311.81396484375 4291.35595703125 4300.72119140625 4282.85791015625 4265.55615234375 4279.251953125 4280.55419921875 4239.54833984375 4221.51708984375 4102.92431640625 3974.18798828125 4057.2470703125 3969.43383789062 3945.6884765625 3984.35473632812 3838.46997070312 3813.36279296875 3805.39794921875
4693.744140625 4607.8349609375 4592.62255859375 4545.29296875 4440.34912109375 4345.00048828125 4274.85205078125 4367.03955078125 4444.3134765625 4399.14111328125 4379.98095703125 4380.267578125 4367.2568359375 4297.7158203125 4332.84716796875 4318.73828125 4311.4833984375 4250.86376953125 4199.29931640625 4164.29736328125 4149.4326171875 4139.47705078125 4224.78515625 4302.5947265625 4257.12939453125 4186.07177734375 4197.91943359375 4231.85986328125 4270.3583984375 4275.509765625 4159.8525390625 4184.61181640625 4317.23583984375 4278.76611328125 4234.23828125 4207.21630859375 4201.01318359375 4068.31274414062 3908.15747070312 3768.61547851562 3716.0693359375 3629.4306640625 3575.45776367188 3540.45385742188 3517.11279296875 3490.17700195312 3456.18359375 3434.54809570312 3412.05932617188
4791.27294921875 4730.07373046875 4588.41552734375 4627.81103515625 4657.09228515625 4598.54638671875 4477.44677734375 4403.52294921875 4354.96044921875 4404.26708984375 4487.28857421875 4527.8310546875 4552.013671875 4479.34912109375 4499.58544921875 4492.8466796875 4514.2109375 4439.25439453125 4293.859375 4227.63671875 4221.84716796875 4206.12939453125 4238.3828125 4289.63720703125 4341.58935546875 4320.380859375 4262.4970703125 4250.58935546875 4264.34130859375 4336.37890625 4308.28076171875 4143.67919921875 4169.5283203125 4218.24951171875 4195.322265625 4248.4599609375 4284.12109375 4173.48388671875 4063.19580078125 3922.193359375 3819.94653320312 3669.17749023438 3600.17407226562 3573.66625976562 3557.82763671875 3508.35400390625 3462.595703125 3428.095703125 3383.46728515625
4807.5 4810.90234375 4738.201171875 4613.07177734375 4688.646484375 4791.62841796875 4721.11279296875 4597.1376953125 4521.03955078125 4546.43115234375 4629.97607421875 4696.53564453125 4706.74755859375 4679.1796875 4677.84521484375 4711.1630859375 4691.03955078125 4599.84912109375 4398.90283203125 4294.45068359375 4296.5712890625 4285.7919921875 4294.37841796875 4317.9189453125 4340.64599609375 4326.1982421875 4387.87939453125 4361.833984375 4254.30322265625 4189.42431640625 4209.98046875 4101.65869140625 4006.34350585938 4091.125 4123.064453125 4192.8935546875 4221.7626953125 4228.03125 4183.96240234375 4062.20043945312 3848.38793945312 3691.79174804688 3612.22631835938 3628.07690429688 3618.04272460938 3509.05883789062 3472.68139648438 3439.85327148438 3377.5810546875
4797.0263671875 4813.03564453125 4811.47802734375 4697.11572265625 4674.76904296875 4787.650390625 4799.85498046875 4772.060546875 4741.72265625 4660.6494140625 4621.62255859375 4692.236328125 4734.5615234375 4712.4267578125 4657.81298828125 4712.44140625 4717.02783203125 4637.3857421875 4477.66015625 4348.046875 4306.759765625 4326.2451171875 4332.74560546875 4377.37939453125 4375.408203125 4306.64501953125 4398.82568359375 4378.72900390625 4207.2109375 4047.423828125 3993.59741210938 3983.74682617188 3916.26025390625 3956.001953125 4082.70043945312 4178.9921875 4219.48876953125 4217.52880859375 4098.3388671875 3969.08422851562 3832.81518554688 3678.60717773438 3616.67114257812 3633.63012695312 3603.79443359375 3484.552734375 3452.46435546875 3431.55078125 3364.28125
4775.26220703125 4797.771484375 4795.30224609375 4799.9208984375 4696.8544921875 4654.06787109375 4748.5595703125 4830.75390625 4819.41650390625 4767.96142578125 4678.88330078125 4620.48876953125 4611.9521484375 4602.02490234375 4646.11572265625 4724.27685546875 4713.7880859375 4649.3720703125 4546.6083984375 4429.87744140625 4330.28125 4309.0869140625 4318.1943359375 4401.1787109375 4463.24072265625 4436.03662109375 4407.48583984375 4405.71240234375 4315.03759765625 4142.41650390625 3974.95825195312 3911.96557617188 3837.9560546875 3848.62475585938 3930.125 4070.41650390625 4218.11181640625 4260.81787109375 4024.26171875 3769.32885742188 3765.21215820312 3677.3916015625 3614.81665039062 3588.88720703125 3531.67163085938 3465.5703125 3422.18359375 3396.787109375 3338.52734375
4769.80859375 4795.58154296875 4811.91162109375 4817.0244140625 4742.74169921875 4618.88720703125 4622.77978515625 4752.24169921875 4825.58251953125 4808.3017578125 4773.556640625 4718.38134765625 4645.556640625 4580.21923828125 4578.30029296875 4635.60546875 4656.20703125 4647.3984375 4595.79638671875 4500.33837890625 4369.998046875 4317.18408203125 4351.93408203125 4386.39013671875 4437.76806640625 4469.375 4478.3212890625 4474.95068359375 4444.40771484375 4250.5361328125 4032.8447265625 3969.318359375 3858.75415039062 3798.12915039062 3769.40185546875 3832.02270507812 3997.69506835938 4133.900390625 3893.29296875 3626.32958984375 3659.52905273438 3668.3046875 3582.03857421875 3548.25830078125 3486.01538085938 3443.39697265625 3394.77734375 3364.91430664062 3311.67309570312
4783.9912109375 4807.2734375 4827.3994140625 4833.14111328125 4808.8662109375 4708.30224609375 4581.05615234375 4619.20556640625 4726.89990234375 4776.66650390625 4817.47509765625 4832.8408203125 4804.923828125 4740.4453125 4540.2158203125 4540.57861328125 4597.443359375 4625.27099609375 4634.41162109375 4557.60205078125 4401.46044921875 4350.81396484375 4378.0458984375 4364.23193359375 4368.45068359375 4382.00390625 4418.0185546875 4403.072265625 4351.61767578125 4212.18408203125 4104.912109375 4060.07397460938 3927.51635742188 3821.64965820312 3749.4287109375 3714.24853515625 3750.36938476562 3895.10107421875 3723.86865234375 3589.87866210938 3587.25805664062 3584.236328125 3530.087890625 3499.65380859375 3462.77905273438 3423.1787109375 3368.90576171875 3342.46704101562 3293.2509765625
4786.56103515625 4803.49609375 4834.88525390625 4736.5380859375 4788.640625 4821.10986328125 4752.67626953125 4732.025390625 4753.26904296875 4775.26025390625 4791.01953125 4783.7041015625 4814.68212890625 4849.6796875 4592.37109375 4535.841796875 4541.99609375 4590.95458984375 4657.7099609375 4614.02880859375 4483.38916015625 4432.64599609375 4403.64306640625 4338.5498046875 4309.01904296875 4298.9873046875 4316.3515625 4295.2158203125 4229.7158203125 4175.46240234375 4122.15380859375 4079.068359375 3969.8876953125 3886.97216796875 3804.95825195312 3710.63305664062 3686.72241210938 3709.64990234375 3634.7978515625 3568.99145507812 3538.04760742188 3510.44165039062 3483.35034179688 3458.36694335938 3429.74389648438 3393.77514648438 3350.73217773438 3316.6318359375 3292.03784179688
4827.22119140625 4834.685546875 4842.24658203125 4762.587890625 4782.69921875 4780.47314453125 4708.97314453125 4688.271484375 4741.9833984375 4776.7841796875 4801.15966796875 4807.541015625 4820.9765625 4862.52490234375 4693.087890625 4608.109375 4569.51318359375 4577.9931640625 4599.19580078125 4612.8154296875 4594.01171875 4586.9306640625 4542.5224609375 4445.23681640625 4350.48486328125 4271.560546875 4215.91552734375 4192.9228515625 4179.71533203125 4164.74853515625 4123.78515625 4079.35034179688 3975.71752929688 3942.64282226562 3865.65844726562 3729.35791015625 3685.02880859375 3602.421875 3574.94116210938 3545.76098632812 3517.94970703125 3486.3427734375 3452.630859375 3430.38159179688 3397.0732421875 3359.857421875 3327.70874023438 3294.41015625 3293.80200195312
4838.16064453125 4817.36083984375 4783.3740234375 4885.57763671875 4862.44921875 4774.2822265625 4554.349609375 4401.56982421875 4396.99560546875 4495.2880859375 4547.48486328125 4564.9892578125 4722.4853515625 4835.080078125 4827.0546875 4786.42529296875 4740.595703125 4664.68896484375 4598.166015625 4607.923828125 4618.2685546875 4634.46044921875 4631.36181640625 4568.3232421875 4461.46826171875 4366.88916015625 4162.27197265625 4122.056640625 4121.75341796875 4125.3076171875 4108.81640625 4062.42236328125 3975.94140625 3966.68701171875 3894.57299804688 3768.232421875 3759.4970703125 3628.81518554688 3575.94995117188 3536.60888671875 3504.24829101562 3473.90771484375 3433.94360351562 3403.87768554688 3379.15649414062 3347.8779296875 -3.4e+38 3280.0322265625 3292.9306640625
4823.7919921875 4804.02099609375 4752.119140625 4877.04638671875 4897.65087890625 4874.70654296875 4751.32275390625 4557.6328125 4315.65576171875 4244.85888671875 4251.2060546875 4228.43798828125 4348.5087890625 4411.634765625 4745.416015625 4833.2998046875 4856.77978515625 4819.884765625 4770.25830078125 4736.189453125 4688.80859375 4629.03564453125 4612.92578125 4630.58251953125 4556.3076171875 4439.67333984375 4207.48193359375 4176.46435546875 4148.802734375 4097.71142578125 4044.8701171875 4002.82934570312 3948.7587890625 3959.1982421875 3937.6484375 3844.81762695312 3841.98046875 3662.91552734375 3590.04565429688 3541.525390625 3496.115234375 3460.75512695312 3421.42797851562 3383.1396484375 3357.77001953125 3335.89819335938 -3.4e+38 3268.02587890625 3276.15625
4871.8388671875 4856.5703125 4868.42333984375 4712.79541015625 4686.2763671875 4898.30224609375 4952.7490234375 4950.76904296875 4942.79150390625 4946.56103515625 4946.16162109375 4924.146484375 4858.46044921875 4664.76123046875 4230.375 4019.84130859375 4088.72387695312 4344.3681640625 4553.14013671875 4615.0947265625 4714.33984375 4840.22509765625 4797.59619140625 4765.2490234375 4765.14013671875 4757.8291015625 4610.22265625 4517.998046875 4474.7001953125 4495.50341796875 4380.228515625 4190.49169921875 4010.6953125 3868.48974609375 3834.986328125 3794.17797851562 3755.78271484375 3772.78369140625 3769.0400390625 3611.47729492188 3504.11865234375 3451.83984375 3404.46533203125 3382.9677734375 3351.28881835938 3310.01806640625 3276.51123046875 -3.4e+38 3228.69799804688
4895.70361328125 4873.92724609375 4848.4794921875 4851.3837890625 4834.05029296875 4911.7041015625 4916.97509765625 4918.85888671875 4948.76611328125 4956.7900390625 4952.0927734375 4938.04931640625 4947.6630859375 4953.97509765625 4763.009765625 4396.50830078125 4179.40673828125 4165.419921875 4199.646484375 4249.29833984375 4515.8876953125 4850.19970703125 4840.4794921875 4745.76220703125 4771.31103515625 4844.52490234375 4686.9931640625 4688.439453125 4725.533203125 4754.32568359375 4669.876953125 4498.0263671875 4295.3564453125 4116.6845703125 3981.36352539062 3788.29223632812 3694.5205078125 3904.193359375 4007.49291992188 3785.45385742188 3519.03491210938 3438.08056640625 3401.52783203125 3378.18701171875 3340.24682617188 3300.06396484375 -3.4e+38 -3.4e+38 -3.4e+38
4896.65380859375 4917.65966796875 4866.8505859375 4911.6328125 4955.5185546875 4946.8720703125 4899.32080078125 4872.56005859375 4920.50048828125 4956.65234375 4948.45849609375 4941.7626953125 4958.4296875 4989.77197265625 4953.02490234375 4804.86767578125 4610.8115234375 4437.21533203125 4243.0517578125 4197.5556640625 4286.7177734375 4349.501953125 4361.20556640625 4328.24072265625 4440.6513671875 4524.13623046875 4351.185546875 4491.3125 4505.88671875 4588.07177734375 4727.4140625 4701.57080078125 4617.4931640625 4538.07177734375 4372.25244140625 3967.48999023438 3629.32470703125 4077.83569335938 4284.009765625 4012.57690429688 3591.58813476562 3433.3427734375 3386.43432617188 3355.15234375 3315.9111328125 3280.73706054688 3264.32006835938 -3.4e+38 -3.4e+38
