rcp8.5models/MPI_ESM_LR/sc1gr2.36
NCOLS 261 
NROWS 433 
XLLCORNER 336357.134 
YLLCORNER 654653.479 
CELLSIZE 1000 
NODATA_value -9999 
[rows 220 to 241 of 433, columns 100 to 149 of 261]
345.554260253906 344.507537841797 344.048522949219 342.861633300781 342.178253173828 341.212219238281 340.701873779297 341.239990234375 339.995361328125 339.133361816406 342.008575439453 342.285125732422 341.852935791016 342.047058105469 341.502716064453 340.870239257812 340.161163330078 340.2783203125 340.73681640625 341.102020263672 340.908508300781 340.368469238281 340.044830322266 340.026214599609 339.509185791016 339.278564453125 338.638732910156 335.697082519531 332.460357666016 336.742919921875 338.336242675781 337.860137939453 336.419891357422 335.211639404297 335.011596679688 334.923217773438 333.734344482422 330.698822021484 325.725708007812 327.201690673828 332.137390136719 327.008575439453 327.471527099609 335.983673095703 336.178283691406 335.964019775391 337.926116943359 338.676635742188 338.675964355469 338.388854980469
345.357757568359 344.311309814453 343.75830078125 343.135162353516 342.598297119141 342.709564208984 342.049896240234 341.571380615234 340.008209228516 339.549652099609 342.287963867188 342.442779541016 341.359771728516 341.679565429688 341.570556640625 340.850738525391 339.967529296875 339.738098144531 340.416229248047 341.083801269531 340.7509765625 340.045623779297 340.02685546875 339.833984375 339.830871582031 339.331634521484 338.446533203125 334.144287109375 330.238677978516 337.201080322266 337.867462158203 337.533355712891 336.660552978516 334.999938964844 332.690673828125 334.624145507812 332.617767333984 327.508331298828 325.159515380859 329.669860839844 332.816040039062 326.246307373047 327.378356933594 336.335205078125 336.310821533203 336.262420654297 337.738098144531 338.208526611328 338.562957763672 338.559753417969
345.389862060547 344.162567138672 343.448333740234 342.937103271484 342.136810302734 342.983551025391 343.046722412109 341.713531494141 339.868286132812 339.927825927734 342.092346191406 341.81591796875 341.594116210938 341.321411132812 341.465057373047 340.655242919922 339.601593017578 339.802093505859 340.223419189453 340.507843017578 340.350219726562 340.202423095703 340.563598632812 340.228851318359 339.40185546875 339.068572998047 338.083557128906 333.997100830078 329.814971923828 337.184631347656 337.850372314453 337.515686035156 336.6728515625 335.593505859375 333.617004394531 333.688446044922 330.527618408203 326.58154296875 329.686889648438 334.869903564453 334.497528076172 330.526153564453 329.87158203125 335.708465576172 337.008148193359 336.804290771484 337.748168945312 338.116943359375 338.112854003906 338.196990966797
345.90234375 344.542327880859 343.071228027344 341.811614990234 341.298828125 342.493774414062 342.632720947266 341.514221191406 339.945617675781 340.991729736328 341.937866210938 341.229064941406 341.662902832031 341.376190185547 340.759979248047 340.673522949219 339.627899169922 337.590637207031 335.125427246094 339.459411621094 340.408782958984 340.324890136719 340.815307617188 340.102264404297 338.936187744141 338.601409912109 337.202362060547 333.556427001953 331.476684570312 336.99365234375 337.285858154297 337.125549316406 336.626220703125 335.745574951172 333.517730712891 331.515686035156 329.925872802734 332.083984375 334.465728759766 337.033264160156 335.834777832031 335.272430419922 333.427062988281 334.906555175781 337.776245117188 337.803436279297 338.246765136719 338.54541015625 338.392913818359 338.228637695312
346.352630615234 344.811798095703 342.607727050781 341.039611816406 341.959930419922 342.915832519531 342.712951660156 341.536865234375 340.293090820312 341.566802978516 342.095855712891 341.598663330078 341.869232177734 -9999 340.826843261719 340.79150390625 339.241424560547 -9999 334.231262207031 339.738739013672 340.693023681641 339.955810546875 339.722503662109 339.434478759766 339.294586181641 338.582672119141 337.310577392578 335.314056396484 334.69580078125 336.483001708984 336.071044921875 336.799499511719 335.765838623047 333.121887207031 331.563262939453 330.263153076172 330.399932861328 337.084625244141 337.052490234375 337.364379882812 336.525787353516 336.116241455078 335.858123779297 336.161773681641 338.274749755859 338.423492431641 338.050933837891 338.2587890625 338.362487792969 338.015655517578
346.464874267578 344.790771484375 342.634185791016 341.752807617188 343.448699951172 343.323608398438 343.166442871094 341.32373046875 339.009155273438 341.3701171875 341.645385742188 341.488311767578 341.971038818359 -9999 341.10791015625 340.948822021484 339.715881347656 337.761291503906 338.518035888672 340.150329589844 340.294097900391 339.830841064453 339.155670166016 338.524749755859 339.405944824219 338.188812255859 337.865386962891 337.704376220703 337.20458984375 336.000549316406 334.891571044922 336.061401367188 333.199951171875 328.839416503906 330.880950927734 330.232421875 331.890960693359 336.260223388672 334.934722900391 336.544769287109 336.635620117188 335.380798339844 337.139373779297 337.597076416016 338.397583007812 338.193939208984 338.104461669922 338.142456054688 337.928802490234 337.753448486328
346.446655273438 345.347595214844 343.322113037109 342.689575195312 344.193634033203 343.697021484375 343.281921386719 341.410827636719 338.594604492188 341.215148925781 341.014251708984 340.78515625 341.606567382812 341.315185546875 340.705444335938 341.068725585938 340.591522216797 339.727966308594 340.010009765625 -9999 339.97216796875 339.95361328125 339.297912597656 337.917266845703 339.044097900391 338.238952636719 337.847412109375 337.654937744141 337.121154785156 334.95947265625 331.164459228516 330.903045654297 326.807800292969 323.005432128906 330.290893554688 333.411499023438 334.945007324219 334.329254150391 331.703002929688 335.055908203125 336.478698730469 335.98681640625 337.584533691406 337.894104003906 338.406616210938 338.229827880859 338.514678955078 338.245300292969 337.825561523438 338.028076171875
346.428375244141 345.930786132812 344.482543945312 343.932678222656 344.701202392578 344.150512695312 343.6533203125 341.837310791016 339.557220458984 341.375946044922 341.243804931641 340.470123291016 341.070434570312 340.508575439453 339.826690673828 340.489532470703 340.152313232422 339.630096435547 339.991058349609 339.972076416016 339.953369140625 339.934906005859 339.454376220703 338.274566650391 338.136474609375 337.778472900391 337.829376220703 337.491821289062 336.268737792969 332.745452880859 326.121307373047 321.143005371094 317.994720458984 322.287139892578 331.413940429688 335.468200683594 333.833618164062 330.772155761719 330.394561767578 332.786834716797 335.311859130859 337.271148681641 337.743225097656 338.068115234375 338.003082275391 338.1640625 338.499572753906 338.368713378906 338.054656982422 337.249084472656
346.226257324219 346.044158935547 345.202667236328 -9999 -9999 344.657135009766 343.925964355469 342.492828369141 341.178863525391 341.881713867188 341.518127441406 339.911895751953 340.7724609375 339.930908203125 339.751342773438 340.030364990234 339.86962890625 339.511993408203 339.415252685547 339.575164794922 339.7568359375 339.362182617188 339.201751708984 338.559509277344 337.524230957031 337.325836181641 338.183715820312 337.473022460938 336.165161132812 332.601867675781 323.854705810547 315.164855957031 318.803192138672 329.387359619141 333.387634277344 334.640411376953 331.873840332031 329.51171875 332.634643554688 333.242462158203 334.041534423828 336.474670410156 337.877319335938 338.214385986328 337.525207519531 337.836517333984 338.484436035156 338.296508789062 337.596282958984 335.582305908203
345.098480224609 345.630798339844 345.134948730469 344.903045654297 345.088165283203 344.539123535156 343.723480224609 342.676666259766 342.384796142578 341.771301269531 340.953948974609 338.321899414062 340.549346923828 340.253387451172 339.829528808594 340.391265869141 339.812408447266 339.093902587891 338.574951171875 339.076721191406 339.217956542969 338.897277832031 338.701629638672 337.633209228516 335.873382568359 335.414520263672 337.922332763672 337.082946777344 336.437713623047 333.485748291016 324.092102050781 316.313629150391 324.884033203125 334.225128173828 334.357177734375 334.663635253906 334.311492919922 334.190460205078 335.997314453125 336.184020996094 335.506225585938 336.615844726562 337.687072753906 337.835327148438 337.509582519531 337.821411132812 338.469207763672 338.130004882812 337.116607666016 334.972900390625
345.346557617188 345.323608398438 344.795593261719 344.021209716797 344.725494384766 344.616912841797 343.747406005859 342.889587402344 342.701080322266 341.843444824219 340.14990234375 335.924133300781 339.811157226562 340.008605957031 339.294219970703 339.731719970703 339.271881103516 338.631103515625 337.897583007812 338.161987304688 338.718048095703 338.325012207031 -9999 334.741607666016 330.083282470703 332.240905761719 337.62890625 336.952087402344 336.048919677734 331.873809814453 321.008636474609 318.825531005859 329.315368652344 335.207489013672 335.015991210938 334.197784423828 336.984771728516 337.616943359375 337.454925537109 336.873596191406 337.048675537109 337.897888183594 337.52099609375 337.682250976562 338.030731201172 338.167938232422 338.279235839844 337.753814697266 337.101287841797 335.457733154297
346.335693359375 345.573120117188 344.245971679688 342.782470703125 344.213195800781 343.682861328125 342.735534667969 343.050720214844 343.120910644531 342.452941894531 339.040588378906 332.990844726562 335.238311767578 339.669464111328 339.114990234375 339.394226074219 338.909027099609 336.259429931641 334.294616699219 337.395843505859 336.801452636719 335.342468261719 333.181610107422 329.398223876953 325.31982421875 333.812683105469 336.23583984375 335.322082519531 333.932678222656 326.637847900391 319.796997070312 325.885925292969 334.779327392578 336.320770263672 334.608062744141 332.061767578125 335.186401367188 338.04345703125 338.082489013672 338.068145751953 338.204559326172 338.502288818359 338.16259765625 337.626739501953 337.925994873047 338.088287353516 338.096405029297 337.235473632812 335.684631347656 333.140380859375
346.316986083984 345.453125 345.079620361328 343.924896240234 344.395416259766 343.506286621094 342.916839599609 342.447845458984 342.917602539062 342.048492431641 340.168701171875 336.851745605469 333.895874023438 339.088470458984 338.212280273438 336.72998046875 334.673950195312 333.888122558594 332.547424316406 334.941040039062 334.874694824219 333.860687255859 329.613494873047 327.709197998047 331.185424804688 334.355072021484 334.974273681641 333.788238525391 333.846313476562 328.630432128906 321.626831054688 329.570739746094 335.702392578125 336.611846923828 334.519470214844 334.260650634766 335.073028564453 336.787933349609 337.624786376953 337.798889160156 337.774993896484 338.310516357422 337.609130859375 337.273712158203 337.982482910156 338.120910644531 337.720703125 337.067779541016 335.445159912109 333.460968017578
346.110443115234 345.961151123047 345.898040771484 345.012420654297 344.510192871094 344.431030273438 344.046234130859 342.812683105469 343.125 342.865203857422 341.657379150391 339.827667236328 334.925994873047 338.810241699219 337.439208984375 333.468505859375 330.068817138672 330.362274169922 330.217010498047 331.536804199219 332.703552246094 331.998596191406 328.748901367188 326.781585693359 332.576751708984 333.495544433594 333.680358886719 333.011474609375 333.669616699219 329.826751708984 325.166961669922 333.253967285156 336.066223144531 336.229217529297 334.239654541016 332.212249755859 -9999 336.389526367188 337.199340820312 337.345336914062 337.322998046875 337.781188964844 337.12939453125 337.097961425781 338.430572509766 338.417724609375 337.751800537109 337.052093505859 336.039520263672 335.049011230469
346.530914306641 346.041076660156 345.678192138672 345.612274169922 345.251037597656 345.131225585938 344.640716552734 343.652221679688 343.584991455078 342.410186767578 339.176330566406 336.361572265625 333.974243164062 338.373992919922 336.175415039062 330.941253662109 329.249481201172 328.855621337891 328.982421875 329.375610351562 330.131225585938 330.104675292969 328.058959960938 326.279571533203 332.715087890625 332.488708496094 332.072906494141 332.983367919922 334.563720703125 331.237670898438 328.257232666016 335.110717773438 336.311218261719 336.633026123047 334.680053710938 330.188781738281 -9999 336.834075927734 337.493133544922 337.479736328125 337.466491699219 337.277496337891 336.927795410156 337.443054199219 338.414611816406 338.401916503906 337.689758300781 336.686187744141 335.306671142578 334.989685058594
346.933013916016 346.0703125 345.897766113281 346.159942626953 345.808074951172 344.925079345703 344.192138671875 343.497711181641 343.148590087891 341.557403564453 337.455871582031 331.315643310547 333.806945800781 336.4189453125 334.339904785156 329.499481201172 329.709686279297 329.209533691406 328.817535400391 328.653015136719 329.135589599609 330.323120117188 329.037780761719 326.821441650391 332.327819824219 332.383575439453 331.905944824219 333.147399902344 334.224609375 329.669677734375 327.278167724609 334.878723144531 336.901306152344 337.053802490234 335.375183105469 330.544342041016 332.064575195312 336.093780517578 337.652801513672 337.824279785156 337.449951171875 337.108917236328 336.576263427734 337.203765869141 338.039031982422 338.210571289062 337.002410888672 336.714508056641 335.206359863281 334.309753417969
347.102691650391 346.190490722656 346.165344238281 345.952514648438 345.216766357422 344.568359375 344.307861328125 343.053100585938 341.934143066406 341.114624023438 337.996429443359 334.097869873047 335.931518554688 336.149200439453 334.881683349609 329.55712890625 329.835388183594 329.852722167969 329.542175292969 328.961608886719 329.608489990234 329.831146240234 328.419281005859 325.567565917969 332.006072998047 332.661560058594 331.569274902344 331.268341064453 334.382568359375 331.39892578125 330.567993164062 335.462554931641 337.070159912109 336.698913574219 335.917175292969 333.886413574219 335.093139648438 336.904083251953 337.081451416016 336.321929931641 336.536254882812 336.73193359375 336.407775878906 336.723663330078 337.359649658203 337.323822021484 337.032531738281 336.829528808594 335.306182861328 333.280303955078
347.222991943359 346.366333007812 345.762420654297 345.602416992188 344.384552001953 344.402526855469 344.718841552734 343.222686767578 341.71142578125 341.405364990234 340.210754394531 339.154541015625 338.355041503906 337.612426757812 336.255706787109 330.581390380859 329.815765380859 330.126495361328 330.119659423828 329.454193115234 330.664825439453 329.617645263672 327.962097167969 326.416137695312 332.72265625 333.002960205078 331.024780273438 328.843292236328 335.267425537109 334.610412597656 334.596282958984 335.304504394531 336.845520019531 336.701904296875 337.050262451172 336.831420898438 338.469085693359 -9999 -9999 333.684783935547 334.672912597656 335.332122802734 335.672760009766 336.707916259766 337.037628173828 336.683227539062 336.971923828125 336.835418701172 335.509857177734 333.006866455078
346.627716064453 346.295867919922 345.651275634766 345.246398925781 344.647125244141 344.576110839844 344.130432128906 342.964752197266 341.982818603516 342.147003173828 342.314880371094 341.150817871094 339.957946777344 338.932830810547 336.704528808594 332.078338623047 330.911651611328 329.924682617188 330.093414306641 330.289703369141 331.205993652344 330.596374511719 329.239074707031 329.978881835938 333.857269287109 333.650512695312 331.668731689453 327.514892578125 332.510986328125 335.436798095703 335.789886474609 335.792449951172 336.526000976562 336.111175537109 337.492401123047 337.308135986328 337.913665771484 -9999 333.456390380859 332.388763427734 333.010650634766 334.387573242188 335.033966064453 336.692138671875 337.021118164062 336.667663574219 336.6435546875 336.797637939453 335.428741455078 333.822631835938
345.801086425781 345.942260742188 345.583435058594 345.463409423828 344.489349365234 343.562561035156 343.865600585938 343.2197265625 342.527862548828 342.649078369141 342.586395263672 341.564849853516 339.402160644531 339.688171386719 337.936401367188 335.019989013672 333.266265869141 329.757873535156 330.071014404297 330.538787841797 330.301544189453 330.288452148438 329.852142333984 331.857513427734 -9999 -9999 -9999 329.088470458984 330.394012451172 334.605682373047 336.347015380859 337.030700683594 335.791259765625 334.39892578125 336.751922607422 337.625854492188 337.972808837891 -9999 333.399536132812 329.920562744141 331.114074707031 334.906494140625 335.376983642578 336.676330566406 337.004608154297 336.476104736328 336.985473632812 336.803192138672 335.302459716797 332.335327148438
345.884185791016 345.971374511719 345.803192138672 345.729125976562 343.846710205078 342.302612304688 343.989776611328 343.821441650391 343.319549560547 342.920654296875 342.565399169922 341.543884277344 339.432769775391 340.187164306641 339.352844238281 337.149169921875 332.947906494141 329.738342285156 329.868774414062 330.001586914062 329.501953125 329.483123779297 329.802978515625 330.831115722656 335.2373046875 335.587066650391 -9999 333.976226806641 333.800720214844 334.973175048828 335.995758056641 336.805328369141 335.339294433594 334.004180908203 336.480224609375 337.045166015625 337.520050048828 337.408447265625 333.973602294922 327.698944091797 328.22216796875 334.814727783203 -9999 336.660491943359 337.164306640625 336.839782714844 337.107086181641 336.233337402344 334.711395263672 331.140869140625
346.530059814453 345.902801513672 345.689208984375 345.708526611328 344.441101074219 343.319274902344 343.593231201172 343.757293701172 343.213439941406 342.900848388672 342.732269287109 342.083740234375 340.893463134766 340.275177001953 337.918731689453 334.088592529297 330.812622070312 329.165283203125 328.779846191406 328.579528808594 329.332672119141 329.131622314453 329.267272949219 329.612365722656 334.551818847656 -9999 335.342407226562 335.448455810547 336.523590087891 336.357208251953 336.008880615234 336.119201660156 335.471588134766 334.090209960938 335.871765136719 335.694000244141 336.731811523438 337.387725830078 335.436431884766 329.342315673828 328.088653564453 334.869445800781 335.968322753906 336.644653320312 337.302093505859 337.114135742188 336.936767578125 335.595092773438 333.211730957031 330.158294677734
