rcp8.5models/MPI_ESM_LR/sc1gr7.6
NCOLS 261 
NROWS 433 
XLLCORNER 336357.134 
YLLCORNER 654653.479 
CELLSIZE 1000 
NODATA_value -9999 
[rows 352 to 373 of 433, columns 100 to 149 of 261]
60.0520099571028 60.501593548409 61.6621710563264 62.9719160438056 63.3178594146904 63.1440733891944 62.7128077038365 62.3102566100178 62.575474548747 63.0756099128966 63.401789466652 63.5556074885837 65.1395439130606 66.4047561793987 67.4181445729453 68.0578330231065 68.8167140483657 69.69241503484 70.3471347997975 -9999 69.7671853872772 69.7845810713156 69.8896452921216 69.5543205033916 71.6437207885832 73.6578210128884 75.5460768474483 78.3638812941816 81.9730895239377 84.2734900043642 85.2274415238773 86.1079709909622 86.7240804739923 87.5310506258127 88.577205384909 90.1809715052777 91.0660179460094 92.0148635699979 93.0724228120605 93.9713322017928 94.5769256247652 -9999 -9999 97.5407180335138 98.4431373815721 99.3547863706918 101.232381141377 102.003547987386 103.149652115822 105.121096940958
60.1060851316543 60.1120296324441 60.9177651954901 62.300342688411 63.305503837061 63.6451390590715 63.3486764108094 62.6163252734418 62.2098456472939 62.3196176335232 62.7177584907716 63.0713074843023 63.9308837788703 64.9730905467804 66.1483264643829 67.2745599402287 68.5843221330826 69.5771934269329 69.7211107781948 69.2865020673252 70.3515319725312 72.0621184268724 72.1276674958704 71.4616369987163 73.5351957991631 74.6122710897445 76.8596018757721 79.0880865653256 80.6396243784692 83.4231221734305 85.0925432991217 85.8045596791461 87.0808850973007 87.8116572181125 88.6555518765659 90.1728853454989 90.8867163045599 91.9864296497033 93.0069706766723 93.764020313987 -9999 -9999 -9999 97.5737487244157 98.5486955751155 99.5610997082066 101.365646011265 102.113695076582 103.264132645633 105.397606793307
60.2464010399959 60.1301084399768 60.3315559830174 60.9368495620475 62.2210354936454 63.2487629856151 63.5855222968553 63.3588922156611 62.6800614266564 62.3456375776695 62.3626652680426 62.5349637614916 63.2642007322252 63.8500518094495 64.6984394010536 66.1498473747852 68.1482130261788 68.9434526845274 68.0430923855755 67.4676620483321 68.8885776707952 70.7740708300689 72.1718087154323 73.020721582543 75.8252544328515 75.3717537955495 77.1582842927005 78.7698026025658 79.0180117614967 81.2226413747775 83.137674671468 84.6355059395307 87.2473629173532 88.1788700310593 88.8392464392155 89.7301946998338 90.88053413475 91.8468862922348 92.9325427644823 93.8606696623625 -9999 95.8457750163397 96.7515755342881 97.4614075421033 98.3096332381647 99.3556996444603 101.278979799713 102.235375914536 103.526151530652 106.041796931787
59.9121746635071 60.0073485475294 60.0049502112168 60.0621187408677 60.8007075654703 61.8210208307006 62.5622780806247 63.360146006857 63.7085055758357 63.3958933288861 63.0736886047949 62.7905132321331 62.821753558572 63.227915253391 63.7791633053301 64.7897941908927 66.4172593694457 67.0653257519918 66.4448023522217 66.5945963240128 67.454599144087 68.453338817549 70.0932379066578 71.7524262737546 73.6610542212507 73.6855065700715 75.8503827688211 78.2735380150447 78.9434720775943 80.357323378027 82.0699424475084 84.6752377014607 87.1099918552623 88.1330266225644 88.9119990337715 89.9465193797774 91.3407970284604 92.0077875291173 93.0175811363898 94.0685347538466 95.0521681418546 95.8674701518751 96.4406523645025 97.1404052330797 98.0372606027153 99.1398545596607 101.313807415867 102.376233008751 103.790463608138 106.442711307442
59.1390610618505 59.8024700483817 59.8768752650365 59.7692577680572 60.0682040166153 60.537917757596 61.160910608079 62.2092596997366 63.6429594544882 64.4945031245624 64.4524635860964 63.6826447264893 62.6414625002454 62.9707183972595 63.376313958169 63.9780356941054 64.7824864495755 65.3405075614258 65.6935717981618 66.3215025820466 67.0727632491865 67.8609359280693 68.7024076521881 69.7702234742219 72.7541988422371 75.3980274146996 77.4755853527215 79.2871588708801 78.8923847603081 78.7189856800549 80.8202092253524 83.8954964602749 86.4431882684962 87.7544890149653 88.6410593325223 90.3732471195928 91.368568823455 92.0687160665284 93.0918890556376 94.0342617733824 94.9849659206415 95.6516014614798 96.4141790370815 97.5035178649083 98.4153716959488 99.4148805721427 101.445358261322 102.568373511186 104.402024155246 107.402136296548
58.6712217390436 59.4532844897405 59.5778058871859 59.6150780819373 60.1157565844693 60.3009197379064 60.3287455313792 60.8757800271052 62.0229929457012 63.4273273512828 64.1504075116072 64.0059372214516 62.8394365897608 62.7560364266656 63.180475624252 63.7403208970612 64.281930221675 64.7969131536469 65.4259591153859 66.1194615599683 66.8611186722053 67.6440702911375 68.4910917715605 69.3891076122905 72.4395700199468 75.3355740159464 76.9904791137843 78.9440924638841 79.3340299789274 77.5173886934942 78.6028170572123 81.6669625121121 85.1776229208743 86.9838069137269 88.4134977507505 89.7544572377866 91.3352522372281 92.1746364155225 93.0315686677078 93.9440923382858 94.7073021288981 95.5310679426263 96.6863015034504 97.7771753956493 98.5754126967903 99.4731906615282 101.506710355307 103.263179605084 106.063965038893 108.566609747781
58.4394432946203 58.9182957420954 59.1127421859585 59.4069795879442 59.836656729147 60.000831194661 60.0412301809954 60.2898691364836 60.6742587629822 61.5494206346508 62.492620786625 62.8721228297503 62.6248378306081 62.57448326008 62.952695493316 63.5032038200965 64.0977904424657 64.731753204267 65.4425096234851 66.0780761238752 66.6800747322306 67.4848669469207 68.3441477186678 69.2385740499619 72.131458976339 73.6212308159312 75.2124442143926 78.4033413783565 81.2537680260156 79.9693805746102 79.3659474490022 82.0648059598801 84.9416654911773 86.8642596298905 87.8931260092795 89.1911146719648 90.8471279201982 91.7825944915089 92.5996987925375 93.4369252001785 94.2582871340601 95.4200401544913 96.5113236376051 97.4625360000308 98.3601801639636 99.3076341851129 101.535609700773 103.897025397023 107.401549044806 108.87563644331
58.26179019446 58.6269567646256 58.8416690923317 59.0970471701496 59.3307774335176 59.5475090553249 59.7992364712424 60.0547185743647 60.3294532242988 60.7151118679454 61.3249174480614 61.7735229132911 62.2282646851259 62.3922077104855 62.8089907439556 63.2726178065445 63.9347664997717 64.7990506671274 65.4594953122771 65.9697558651422 66.5062159905577 67.2966102626846 68.2648148385587 69.3050941657714 72.2768100376854 73.8124606391561 75.5350816930736 78.5520341806082 81.7766395179512 81.2131038665541 80.5084305918163 82.9921245960841 84.3160397331976 85.4525336886553 86.818812165216 89.6277635991381 90.3231944925943 91.0130046267272 92.2775755649094 92.6592563549531 93.3892146656276 95.0247816222589 96.2962984723636 97.1948081366679 99.1532139847179 100.574469360611 102.9297899537 105.155128362118 107.768076139994 109.160331840442
58.2254606807854 58.5449147287096 58.5960374775173 58.7383521848152 58.9254375576405 59.1942381005313 59.4574602804225 59.6233765415367 59.7621819228843 60.1080284830168 60.4787877343865 60.7009713923546 61.4949796333848 61.9499514324262 62.4375315057718 62.9046377705424 63.4400911693861 64.0671993140727 64.744677617812 65.5151456347814 66.4113118240007 67.4177099547756 68.2459890410008 69.0054651799979 71.0125272423884 72.2321512638445 73.7538320134239 75.5661717504728 76.3333869896703 77.6219238766603 79.9829121494288 80.7124235379646 81.4800806262689 82.9764171396715 85.0483628210411 85.9130014997745 87.4299103826169 89.1740587706533 90.8898956982917 92.864909582809 94.6235031504196 96.2572497916499 97.8331031519357 99.4276636481119 101.023762349883 102.562925087292 105.451668961261 106.955654533301 108.371887184728 109.65880680647
58.1370257477818 58.4771790184067 58.8958192774696 59.1156050869643 59.0379475495828 59.0276899099427 59.1360053358516 59.5346442446711 59.9856285560722 60.400321056772 60.8405462931864 61.0608051819782 62.277788906001 63.0861908643193 63.6120063295127 63.5871004605855 63.519846018439 63.9887920511576 64.6857373906065 65.4006815838517 66.2495423476994 67.3105830357461 68.4556104640833 69.3858008209275 71.2018479571295 72.248761429001 73.615118914564 76.2013748487161 77.6960119500056 77.5462852616106 79.0393499457756 79.8623204743197 81.0310810725025 83.1806420275046 85.5376753272556 86.554926571505 87.7228061647916 88.9081768589011 90.446555698646 92.6564507174796 94.5033085847384 96.060410117085 97.5637772628854 99.3898238032704 101.149366625134 102.785461532202 105.776872094541 -9999 108.590320727942 109.964642555067
58.7555506717602 58.3029857341529 58.9224666447678 59.6618520065064 59.5948654356029 59.3679864611312 59.4058434895523 59.6856094377506 60.3006228450888 61.061973738396 61.6832787618927 61.9281868036984 62.9889804782162 64.5524439728762 65.1641219451458 64.4362740732218 63.7541090883601 63.9476212166763 64.6590483387659 65.4631831053684 66.3350771666836 67.313986823433 68.3578928195145 69.3063156290515 72.2072378488431 73.258980258644 73.3592846827654 75.0290547772907 76.7502378505866 76.9955244752016 77.9940697046179 79.2727354295903 80.6185798204155 82.266037823972 83.9101152420171 86.8015537216044 87.756395152146 88.811529925498 90.353132527867 92.5520989747162 94.4801103198195 95.7235123966361 97.2124664630989 99.5087894231277 101.194557353664 102.840789689177 105.977587847533 107.447241492207 108.857933722314 110.312498241147
59.0827400103868 58.4851203076685 58.6114649787536 59.6793085025258 60.3352064373372 60.2614046913357 60.1171752432014 59.9191263964963 60.0728568422848 60.8720061242721 61.6210021455142 61.9188192511848 62.5959938443575 64.3563072072509 65.3033252515789 64.5362211130745 63.9150115229396 64.0359232023152 64.5840873356892 65.4444621142371 66.3283824260234 67.5036503447653 68.4912652557741 69.090297382483 72.1788562242271 73.2807344603349 73.2171017921482 74.1877878398586 75.4205629786209 76.733593496885 78.1005017435937 79.2862431175301 80.4900546498433 82.0043055853947 83.7180030297225 86.5040720280036 87.4926759931684 88.8793132370413 90.5015281537771 92.7178290616999 94.5269857731825 95.7990361713938 97.4512302789588 99.8193968917619 101.457509001533 102.9925378265 106.230878375722 107.776317862091 109.125172558245 110.486180399948
58.520768568415 58.9151117678378 58.4536784237229 58.8108434051032 59.8742762571166 60.5997648556133 60.8093577156127 60.6155415957878 60.2089019718833 60.2388069040186 60.6016399689918 61.0272544381024 62.4137310596471 63.8077487600608 64.3852367800768 64.2831478055398 64.1250841581048 64.2764721144826 64.5876449418935 65.3161667704812 66.2029504635155 67.5231651659173 68.921330896104 69.8236957801936 71.817175664852 73.0352551276391 73.9108550169873 74.70745505287 75.4515556469361 76.8410321181499 78.3981687413475 79.6789614260545 80.8475617887039 82.1233121898685 83.5164629002798 86.6838963323131 87.8463127184082 89.4446288248972 90.8749364853827 92.774683445864 94.6624750397699 96.2993668148804 98.1163163822595 100.037506358268 101.753903003004 103.355989627499 106.525844398664 108.016681990042 109.313287956763 110.655524575232
58.1443609287528 58.8159947612049 58.5443173442375 58.3104020181906 58.6750245370175 59.6735454297595 60.8006984781978 61.551314722552 61.2978247365538 60.747506896508 60.7036911183736 60.7914223444052 61.8870205992448 62.8093256901526 63.3544132291561 63.9584438753573 64.2960339873164 64.4826721214365 64.6829149723727 65.3260172202892 66.2828763960234 67.3211788162447 68.6386903122751 69.8576564358381 72.2137436788718 73.4390069500173 74.4204276298525 74.8388550311546 75.3247488938484 76.6988564669102 78.3469059318448 79.9131116838579 81.3566218644297 82.5988734393613 83.5859814940581 86.3214988596899 88.318594009994 90.4625097262583 91.5637785000625 92.9312516275378 95.0465156614265 96.6889467896483 98.5556754295346 100.365509521114 102.122688361713 103.753351647204 106.831603218588 108.199212227107 109.546317654435 110.881985847908
58.3912367342303 58.7647687445572 58.7474729246728 58.5350195204656 58.2732030661682 58.716353186724 59.7165558833619 60.8771643308077 61.3737700425223 61.3988713032365 61.7068087976067 61.758469505063 61.4111493329782 61.954741915572 62.8366429500257 63.6632110969638 64.4446972516781 64.7373697984029 64.760318662261 65.406284651484 66.3310500942755 67.1734475948883 68.1448157838833 69.1761261993997 71.6632124722038 72.7694769460736 73.6663969189721 74.3217197232389 75.2550163456342 76.5530352383154 78.0976168838365 79.8114206238612 81.5571077931311 83.0937745035678 84.2328844110558 86.1904748682103 88.537895907683 90.83805647727 92.2308115854666 93.6814796578289 95.5292435700091 97.1159704053749 98.8031708044348 100.603963929985 102.447397769194 104.058725498967 107.126789064842 108.373007022379 109.699890240269 111.04252592631
58.3097325459266 60.1826896008603 59.8015191669942 59.3318201839409 59.2212273910243 59.2665841503119 59.5647336333805 59.9663141582613 60.4348139064748 60.8866512886437 61.7524315240883 62.4647160688803 61.60068763351 61.8655027173687 62.4811282582357 63.3831623096791 64.5035466678066 65.0162630804567 65.0596332809957 65.6613077529923 66.4082555537733 67.0791356361767 67.9436585886003 68.9038038329364 70.999956316495 72.0729045654294 73.0456020502202 74.1501488925442 75.289479594549 76.5555710964567 77.999084934595 79.5289760808715 81.2740395092905 83.1330495766004 84.6531656313576 87.2522094514156 89.1929316588357 91.0550432206509 92.7015277292004 94.3425053013337 95.9579763844928 97.4992740436073 99.1228632419028 100.877166218901 102.666105768909 104.378549654517 107.233054472195 108.459554295873 109.776728243761 111.183999995789
58.3597705907503 60.2222850626288 60.6180972106568 60.8875343539199 61.3789632763408 61.5946817499138 61.5765231473082 61.4370319574843 61.3153957540354 61.1094261175501 61.5217463514523 62.3740021775987 62.0810712980716 62.1803591119153 62.566460884601 63.2566571833821 64.0587153185707 64.8714896251422 65.5452658046728 66.3690724343778 67.0869500115359 67.5583135493365 68.1000386597294 68.8106475152745 70.824710144706 71.8881032270952 72.9255428204032 74.1283723774345 75.2966744210329 76.58815801446 77.9887894213787 79.289093808509 80.9511589132607 82.998231228022 84.6778663240252 88.0331534783111 89.660474394626 91.2559862143507 92.9125322784159 94.5914711027019 96.292193861385 97.8269906835238 99.5098940947978 101.302926166857 103.006439456165 104.677425475621 107.21667842961 108.553354993671 109.939667225792 111.322268903237
59.6019448484166 59.354008106948 59.8771161996198 61.0901121985735 62.5197560577635 63.3147364122569 63.3921987559509 63.3796352404242 63.3767717847294 63.2231182598613 63.1404257719936 63.3086821892564 63.3698267057945 63.3094835433329 63.5774685519919 63.7160666786597 63.9794494639556 64.7593630150911 65.6023027938784 66.5371207315757 67.4048142473002 67.9710376258227 68.4019069553907 69.0878710273446 70.7766802955288 71.8382998573174 72.9695836894665 74.1415822733503 75.3261415417996 76.5951876824839 77.9609539868069 79.2316016108217 80.8813969276274 82.7993497198365 84.2306111049634 87.863082567057 89.6933148799261 91.4047971095877 93.0985471231175 94.7720303655084 96.5311675653715 98.2139798809867 99.8145886616281 101.501662114277 -9999 104.86875285528 107.278354090922 108.753381868241 110.158243982734 111.484809236807
60.5270512523202 59.8736218722983 59.3802665931338 59.884473948371 61.1326035253768 62.5512982742817 63.729932226405 64.1329425031302 64.3607350959181 64.6388616472941 64.7825076010111 64.7472602481098 65.0767699584922 65.0254030446636 65.1912456970243 65.141824758794 65.1369254737415 65.5650391353709 65.9923816835141 66.3856535531244 67.1514865718826 68.1902600467659 68.8147982052005 69.2892755608214 70.8154843972457 71.8854768476879 73.0079736968366 74.1740312308351 75.4383896441366 76.6828845496799 78.0496535776127 79.3023224753744 80.7214872356472 82.4017351671453 83.7179587678055 87.6191105894028 89.6096887137569 91.4137372744121 93.2187029851752 94.912138747464 96.7077904247368 98.5373000883368 100.130423566077 101.684060198857 -9999 104.976582418581 107.504931411971 108.99794028997 110.344743073726 111.631799623932
58.6880455199462 61.5410675781819 62.1895515142613 60.8574405040521 60.3822526171182 60.559761179598 60.8884258693868 61.4895849268872 62.0327182416561 62.3908341306223 63.1846401441225 64.4621568247712 65.6862727202574 66.1337350693134 66.4847568545838 67.1541517228607 67.7532145117235 68.0526400141672 68.0204856326482 67.8602421868183 68.0319498322209 68.7263417065969 69.815376867731 70.9152943767487 72.1020676260689 72.6103297699054 73.6279199917332 74.8987919123243 75.7862767839966 76.6525739373181 78.0728899446421 79.7152386300787 81.1746762059198 82.7246901241831 84.3232396250786 86.7972109166083 88.2083001394826 90.8635153956699 93.1612100917126 95.0129168085755 96.8924174693639 98.4628632453905 100.146157774019 101.985955008839 103.624983776339 -9999 107.905882453913 109.246715592839 110.498530602623 111.668613604465
58.1079481591502 60.3095919891749 61.3223635186872 61.2679847793831 61.4837688908099 61.5930429651667 61.1021703213636 60.9768503250191 61.2831882861165 61.5370402061197 62.0594152824771 63.0176822015994 65.3071923448416 66.2213467166955 66.6592513710827 67.3488962011108 67.8585632106963 68.3762616382189 68.8846309815277 68.8767108245804 69.0242927115846 69.8306339772193 70.8880789820807 71.9293653787979 73.3677131203704 73.7629448799153 74.5959475426857 75.7380730265294 76.4395810476749 76.9110038831452 78.0002235410492 79.3019950786726 80.7491023317398 82.7811738291481 84.7332034940306 86.2211073673522 87.0304846370264 89.6856124821291 92.9792522753661 95.1651261414061 96.9476152761539 98.5349627169818 100.313371365669 102.119839309652 -9999 -9999 -9999 109.353868914397 110.614270253934 111.808480168144
58.4002031398749 59.1087218532582 60.1089771177626 61.1623317552753 62.1210086286081 62.6749918113566 62.4039882433102 61.5425931658836 61.1958332945247 61.504135431083 62.0187615173656 62.7266453456892 65.1061403390807 66.3132090317547 67.2640131089272 67.7769402020098 68.0005300470773 68.4310197655293 68.8632469379561 68.9364000111003 69.4192228537216 70.3262797662447 71.2304028623015 71.9008299678659 73.1937648756409 74.1383648447162 74.7166704422606 75.7449508264792 76.8244802711759 77.3536699285037 78.2020115669049 79.2515339914986 80.4119237040373 82.640005354808 85.2939161669497 85.4934520251501 86.1221536952713 88.5524999731568 92.2953039911198 95.2276112814965 97.1275403489053 98.8108978441233 100.644735031032 102.384153823487 103.874909176173 -9999 -9999 109.458894475036 110.748676267303 111.961053182964
