rcp8.5models/MPI_ESM_LR/sc1gr3.FIL
NCOLS 261 
NROWS 433 
XLLCORNER 336357.134 
YLLCORNER 654653.479 
CELLSIZE 1000 
NODATA_value -3.4e+38 
[rows 66 to 87 of 433, columns 98 to 146 of 261]
262.852630615234 262.756622314453 263.180511474609 263.126281738281 263.202362060547 263.582244873047 263.93603515625 263.280944824219 263.066131591797 262.911987304688 262.956756591797 262.900054931641 262.917877197266 262.575042724609 261.920227050781 261.884460449219 262.378356933594 262.444946289062 262.662841796875 262.427551269531 261.638305664062 262.578277587891 261.985015869141 261.391143798828 261.599487304688 262.124359130859 261.542724609375 261.300445556641 261.923156738281 262.703491210938 263.042083740234 263.989349365234 264.35888671875 264.459136962891 264.316986083984 263.292602539062 261.542327880859 262.175659179688 262.512756347656 263.124969482422 263.590759277344 263.881317138672 264.544067382812 -3.4e+38 -3.4e+38 264.473724365234 264.572875976562 264.625701904297 -3.4e+38
262.863739013672 262.875396728516 263.186370849609 263.022125244141 263.235168457031 263.525329589844 263.8408203125 263.2734375 263.238647460938 263.070495605469 262.940032958984 262.648254394531 262.651214599609 262.693572998047 261.895599365234 262.429718017578 262.743682861328 262.628173828125 262.466400146484 261.236419677734 261.309600830078 261.791687011719 261.691345214844 261.657409667969 262.088073730469 262.093841552734 261.877624511719 261.66650390625 262.876251220703 263.424621582031 263.830688476562 264.344665527344 264.454956054688 264.346588134766 264.141937255859 263.295684814453 261.975982666016 262.299285888672 263.040863037109 263.483123779297 263.844055175781 263.938110351562 264.414855957031 264.086242675781 -3.4e+38 -3.4e+38 264.484710693359 264.483459472656 -3.4e+38
262.642639160156 262.713012695312 262.891998291016 263.035522460938 263.265380859375 263.591369628906 263.800323486328 263.151336669922 263.001434326172 263.044921875 262.538452148438 262.275909423828 261.947814941406 261.74365234375 261.558044433594 262.403930664062 262.395935058594 262.043426513672 261.706390380859 261.484924316406 262.412200927734 262.405578613281 262.457611083984 262.868194580078 263.265319824219 263.323425292969 263.370208740234 263.386779785156 263.413024902344 263.763122558594 264.025604248047 264.06591796875 263.786254882812 263.664428710938 263.171356201172 262.998565673828 262.283447265625 262.460723876953 262.810211181641 263.023559570312 263.248168945312 263.315032958984 263.564453125 263.757934570312 264.420135498047 -3.4e+38 264.321624755859 264.27001953125 264.504058837891
262.747985839844 262.303924560547 262.727325439453 263.137054443359 263.196319580078 263.30810546875 263.353302001953 263.271331787109 263.196105957031 262.997985839844 262.415130615234 262.271331787109 261.858032226562 261.711090087891 261.365875244141 262.251922607422 262.116394042969 261.938629150391 261.763458251953 262.4365234375 262.488830566406 262.937652587891 263.040344238281 263.201599121094 -3.4e+38 263.400787353516 263.51611328125 263.738464355469 263.759307861328 263.795623779297 264.008575439453 263.976776123047 263.823150634766 263.620788574219 263.302337646484 262.358306884766 261.435791015625 262.019897460938 262.566497802734 262.708221435547 262.924499511719 263.245361328125 263.662445068359 264.076538085938 264.321136474609 263.956573486328 264.179656982422 264.276977539062 264.510803222656
262.701568603516 262.395874023438 262.8173828125 263.092620849609 263.095153808594 263.188110351562 263.195983886719 263.325836181641 263.116729736328 262.952850341797 262.467041015625 262.176605224609 261.814575195312 261.783966064453 261.683959960938 261.969207763672 262.010955810547 261.714141845703 261.908782958984 262.639007568359 263.171905517578 263.3486328125 -3.4e+38 -3.4e+38 263.155883789062 263.487182617188 263.565765380859 263.713684082031 263.888763427734 263.748168945312 263.997009277344 263.888854980469 263.774719238281 263.633544921875 263.322082519531 262.269958496094 261.281829833984 261.994781494141 262.426574707031 262.237884521484 262.717193603516 262.970550537109 263.686279296875 264.077484130859 264.020965576172 263.646240234375 264.135131835938 263.914672851562 -3.4e+38
262.513488769531 262.586303710938 263.085388183594 262.847991943359 263.143432617188 263.194030761719 263.193511962891 263.206604003906 262.809814453125 262.872894287109 262.561157226562 262.094604492188 261.530059814453 261.681396484375 261.786376953125 261.958374023438 261.949829101562 262.195404052734 262.366851806641 262.609954833984 263.577362060547 262.876068115234 263.161651611328 262.6455078125 262.804779052734 263.351440429688 263.550628662109 263.565887451172 263.65673828125 263.654418945312 263.909240722656 263.835327148438 263.640869140625 263.117279052734 263.154113769531 262.283203125 261.621704101562 261.494934082031 261.840606689453 262.018585205078 262.852172851562 262.906158447266 263.434020996094 -3.4e+38 263.710327148438 263.365905761719 263.781799316406 263.542785644531 -3.4e+38
262.38916015625 262.285339355469 263.003662109375 263.042633056641 263.205322265625 263.199920654297 263.194427490234 263.145233154297 262.650604248047 262.314361572266 262.266143798828 262.289337158203 261.526214599609 261.432647705078 261.462341308594 261.739776611328 262.338684082031 262.534088134766 262.608795166016 262.616943359375 262.983001708984 262.565185546875 262.691040039062 262.372741699219 262.532775878906 262.897033691406 263.388885498047 263.550018310547 263.595672607422 263.86083984375 263.943664550781 263.760803222656 263.162414550781 262.463073730469 262.634460449219 261.784637451172 261.616577148438 261.495513916016 261.452819824219 261.975189208984 262.689086914062 262.985290527344 263.588195800781 263.806701660156 263.332122802734 263.136474609375 263.491455078125 263.145050048828 264.158325195312
262.182067871094 262.103942871094 262.694152832031 262.913421630859 263.105163574219 263.108642578125 263.173431396484 262.872131347656 262.771362304688 262.510375976562 262.217956542969 262.149383544922 261.768035888672 261.719177246094 261.425964355469 261.555511474609 262.139251708984 262.306182861328 262.623596191406 262.617218017578 262.567352294922 262.288879394531 262.227386474609 262.221099853516 262.304473876953 262.854553222656 263.151397705078 263.323486328125 263.720184326172 264.024047851562 263.848693847656 263.32275390625 262.579711914062 261.985717773438 261.90625 261.496826171875 261.529998779297 262.011505126953 261.514831542969 262.279174804688 262.503692626953 263.459289550781 263.642456054688 263.144409179688 262.86767578125 262.964294433594 263.183990478516 263.396270751953 264.165191650391
262.095306396484 262.410125732422 262.695159912109 262.845458984375 263.041900634766 262.953063964844 263.093994140625 263.002746582031 262.86181640625 262.817565917969 262.421142578125 262.141998291016 262.320404052734 261.950500488281 261.566314697266 261.445587158203 261.967620849609 262.366760253906 262.52734375 262.492706298828 262.224731445312 261.702850341797 261.697021484375 261.691101074219 261.816680908203 262.566192626953 262.902374267578 263.160827636719 263.663055419922 263.817657470703 263.588165283203 263.037475585938 262.256072998047 261.938873291016 261.943359375 262.240814208984 262.356567382812 262.392242431641 262.057037353516 263.277526855469 263.240966796875 263.567504882812 263.037811279297 262.549224853516 262.545257568359 262.866760253906 263.550079345703 264.242980957031 264.389770507812
262.099182128906 262.394744873047 262.853149414062 263.00537109375 263.042602539062 262.906982421875 263.156066894531 263.175994873047 262.877716064453 262.923309326172 262.521057128906 262.505432128906 262.558197021484 262.351745605469 261.57958984375 261.791137695312 262.225463867188 262.462005615234 262.380920410156 262.401977539062 261.939971923828 261.420104980469 261.240295410156 261.297027587891 261.701019287109 262.125244140625 262.834106445312 263.322601318359 263.591827392578 263.691436767578 263.448852539062 262.817932128906 262.006072998047 262.103668212891 262.489807128906 262.803436279297 262.922637939453 263.033813476562 263.044372558594 -3.4e+38 263.186401367188 263.002319335938 262.571685791016 262.6982421875 263.254669189453 263.464782714844 263.974670410156 -3.4e+38 -3.4e+38
261.983673095703 262.065612792969 262.491790771484 263.066955566406 263.048065185547 262.927459716797 263.323089599609 263.296142578125 263.089141845703 263.120483398438 262.920196533203 262.683319091797 262.593719482422 262.290649414062 261.613952636719 261.740264892578 262.137420654297 262.268035888672 262.243560791016 262.413024902344 261.9775390625 261.406829833984 261.085571289062 260.963745117188 261.338928222656 261.842651367188 262.662017822266 263.236999511719 263.361633300781 263.387969970703 263.492950439453 262.628234863281 262.062713623047 262.483428955078 262.724243164062 262.829284667969 262.805328369141 262.958679199219 262.997741699219 262.785369873047 262.778717041016 262.799346923828 263.179840087891 263.505798339844 264.224517822266 264.399322509766 -3.4e+38 -3.4e+38 -3.4e+38
262.02587890625 261.936614990234 262.147247314453 263.072601318359 263.053497314453 262.920776367188 263.198974609375 263.378997802734 263.286560058594 262.976928710938 262.775848388672 262.650482177734 262.230285644531 261.844329833984 261.677642822266 261.769836425781 262.153869628906 261.888610839844 262.180450439453 262.296661376953 261.792083740234 261.514404296875 261.204376220703 261.129241943359 261.389892578125 261.656890869141 262.585876464844 262.892639160156 263.000701904297 263.243469238281 263.033294677734 262.492767333984 262.094909667969 262.724548339844 262.689727783203 262.245910644531 262.30322265625 262.178741455078 262.580413818359 262.753051757812 263.155700683594 263.531372070312 264.231018066406 264.339324951172 264.595397949219 -3.4e+38 264.755676269531 264.746643066406 -3.4e+38
262.193786621094 262.037414550781 262.104064941406 263.078216552734 263.076904296875 263.117462158203 263.179138183594 263.285705566406 263.220184326172 262.636383056641 262.327972412109 262.269775390625 262.106964111328 261.873016357422 261.686706542969 261.761260986328 261.888793945312 261.714874267578 262.075561523438 262.175689697266 261.872436523438 261.427856445312 261.350067138672 261.171417236328 261.665008544922 261.911987304688 262.475219726562 262.855529785156 262.878082275391 262.957763671875 262.627044677734 262.127960205078 262.031005859375 262.2265625 262.090972900391 261.48876953125 262.108032226562 261.487396240234 262.632965087891 262.926483154297 263.557983398438 263.923431396484 264.630493164062 264.645416259766 264.704162597656 264.672882080078 264.6640625 264.530548095703 263.952026367188
262.066833496094 262.197570800781 262.119049072266 263.163269042969 262.891174316406 263.115875244141 262.939483642578 263.124816894531 263.094543457031 262.8193359375 262.414764404297 262.336456298828 262.194763183594 262.118041992188 261.684692382812 261.665344238281 261.570159912109 261.596099853516 261.798614501953 261.907470703125 262.20166015625 261.835144042969 261.352416992188 261.323638916016 261.720092773438 262.249877929688 262.847747802734 262.727142333984 262.744720458984 262.847198486328 262.720245361328 262.153839111328 261.886962890625 261.645233154297 261.828369140625 261.714874267578 261.917449951172 261.674682617188 262.9267578125 263.290405273438 263.941284179688 264.308563232422 264.561767578125 264.597534179688 264.546783447266 264.684631347656 264.503448486328 263.988861083984 263.459167480469
262.474945068359 261.899780273438 262.083129882812 261.847839355469 262.003997802734 262.640472412109 262.581359863281 262.581085205078 262.475402832031 262.563629150391 262.551177978516 262.465881347656 262.229858398438 261.841766357422 261.332336425781 261.324676513672 261.025390625 261.567932128906 261.691162109375 261.841003417969 262.024047851562 261.601837158203 261.568511962891 261.878875732422 261.939544677734 262.179992675781 262.129425048828 262.158172607422 262.073913574219 262.674194335938 262.477020263672 261.97265625 261.870208740234 262.201354980469 262.601898193359 263.048126220703 262.818328857422 263.208587646484 263.577331542969 263.803558349609 264.334136962891 264.658081054688 264.428283691406 263.7568359375 263.940185546875 263.972290039062 263.666046142578 263.442565917969 262.875396728516
262.581787109375 262.247528076172 261.994201660156 261.816986083984 261.895385742188 262.199676513672 262.474182128906 262.413269042969 262.425567626953 262.557922363281 262.459930419922 262.452087402344 262.386505126953 262.020416259766 261.394592285156 261.218322753906 260.771911621094 261.333557128906 261.708129882812 261.874694824219 261.852661132812 261.692687988281 261.213317871094 261.723266601562 261.777801513672 261.788604736328 261.798583984375 261.954986572266 262.501281738281 262.665679931641 262.162719726562 261.936859130859 262.254455566406 262.741912841797 263.031768798828 263.570587158203 263.6259765625 263.827301025391 263.689270019531 263.749938964844 264.045989990234 264.248107910156 264.043640136719 263.680419921875 263.80712890625 263.852905273438 263.694030761719 263.408721923828 262.910675048828
262.840972900391 262.145294189453 262.240936279297 262.131439208984 261.924377441406 261.862121582031 262.235321044922 262.418823242188 262.386749267578 262.1630859375 262.230682373047 262.508453369141 262.530670166016 262.278259277344 261.581665039062 261.087585449219 260.654663085938 261.104309082031 261.586547851562 261.524383544922 261.207153320312 261.937805175781 261.528442382812 261.181030273438 261.405609130859 261.597229003906 261.864379882812 262.259185791016 262.578948974609 262.477661132812 262.083038330078 262.188751220703 262.416931152344 262.850189208984 263.063934326172 263.459564208984 264.052764892578 -3.4e+38 263.826232910156 263.626831054688 263.626495361328 263.363616943359 263.648406982422 263.231536865234 263.776580810547 263.854339599609 263.652679443359 263.096069335938 262.986328125
262.935668945312 262.594085693359 262.553833007812 262.046142578125 261.848419189453 261.990020751953 262.108764648438 262.259216308594 262.562133789062 262.048187255859 262.316528320312 262.569732666016 262.531127929688 262.306823730469 261.933349609375 261.322692871094 261.176422119141 261.363800048828 261.51416015625 261.336822509766 260.852478027344 261.802520751953 261.722534179688 261.385406494141 261.689666748047 261.772979736328 262.165313720703 262.495330810547 262.670288085938 262.731414794922 262.682403564453 262.676361083984 262.515197753906 262.877258300781 263.357696533203 263.437652587891 263.981262207031 -3.4e+38 263.63671875 262.974548339844 263.000183105469 262.789794921875 263.221252441406 263.560394287109 263.915618896484 263.90673828125 263.736022949219 263.157592773438 262.961578369141
262.968627929688 262.945434570312 262.701019287109 262.241088867188 262.030792236328 262.379791259766 262.018493652344 262.227447509766 262.440795898438 262.388610839844 262.341918945312 262.587799072266 262.644653320312 262.413940429688 261.966217041016 261.607360839844 261.30810546875 261.142242431641 261.269409179688 261.427764892578 260.900390625 261.001129150391 261.215301513672 261.434783935547 261.40625 261.973754882812 262.034362792969 262.299255371094 262.884857177734 262.869964599609 262.943542480469 262.968658447266 263.045745849609 263.004150390625 263.621734619141 263.799346923828 263.76416015625 263.767028808594 263.053741455078 262.821044921875 262.743804931641 262.770355224609 263.492370605469 263.925109863281 263.966369628906 263.883972167969 263.723358154297 263.190155029297 262.776458740234
262.973785400391 262.964233398438 262.87353515625 262.549072265625 262.419677734375 262.219573974609 261.556671142578 261.85107421875 261.860809326172 261.953704833984 261.926696777344 262.601165771484 262.721252441406 262.518859863281 261.972015380859 261.723999023438 261.078735351562 260.958587646484 261.486755371094 261.624816894531 260.960784912109 260.639099121094 260.808197021484 261.086059570312 260.909851074219 261.410095214844 261.995697021484 262.4814453125 262.951263427734 262.902587890625 262.949554443359 262.982330322266 263.096282958984 262.942230224609 263.144989013672 263.609466552734 263.110595703125 263.191223144531 262.843170166016 262.902404785156 262.848510742188 263.264038085938 263.631469726562 263.292053222656 263.465454101562 263.6748046875 263.592926025391 262.923706054688 262.831481933594
262.668487548828 262.789398193359 263.042205810547 262.702301025391 262.352325439453 261.771331787109 261.457122802734 261.235717773438 261.567016601562 -3.4e+38 261.637023925781 262.06298828125 262.739654541016 262.635131835938 262.24658203125 262.022735595703 261.495391845703 261.131896972656 261.45849609375 261.669708251953 261.077728271484 260.709075927734 260.300994873047 260.479064941406 260.836944580078 260.911499023438 262.013854980469 262.298156738281 262.969757080078 262.962707519531 262.955535888672 262.948272705078 262.961029052734 262.963745117188 262.755981445312 262.919738769531 262.66650390625 262.818206787109 262.908905029297 262.91552734375 262.806671142578 263.152679443359 263.066986083984 262.689819335938 262.858520507812 263.236877441406 263.636016845703 262.809356689453 262.814758300781
262.471313476562 262.380767822266 262.904144287109 262.635040283203 262.038360595703 261.622741699219 261.557434082031 261.078002929688 261.297882080078 261.356628417969 261.700775146484 261.776153564453 262.40673828125 262.766326904297 261.984649658203 261.920501708984 261.854400634766 261.611633300781 261.532623291016 261.575653076172 261.286651611328 260.57373046875 260.106475830078 260.105773925781 260.593231201172 260.800903320312 261.913879394531 262.065643310547 262.410125732422 262.968597412109 262.961456298828 262.954223632812 262.980804443359 263.037048339844 262.85498046875 263.098815917969 262.795135498047 262.520324707031 262.832244873047 262.898498535156 262.725555419922 262.769775390625 262.704498291016 262.558197021484 262.699615478516 262.952606201172 263.305084228516 262.717926025391 263.121643066406
