rcp8.5models/MPI_ESM_LR/sc1gr1.1
NCOLS 261 
NROWS 433 
XLLCORNER 336357.134 
YLLCORNER 654653.479 
CELLSIZE 1000 
NODATA_value -9999 
[rows 286 to 307 of 433, columns 200 to 249 of 261]
75.5409751712856 75.7845080140861 75.6585732650911 75.3756445309376 74.8476540504398 75.0707673312878 74.7372056257286 74.4727608470803 74.5842528502442 74.8477814506203 74.9998033300943 74.8246515054034 74.7852017750343 74.3896788499769 -9999 74.1279372729536 73.9532296087606 73.6664968501414 73.6072794501877 73.4335558072414 73.7906174789525 73.5741985576635 73.4977089103431 73.3981373170218 72.7140040840558 72.6485932884716 72.6655210814387 72.5378670685582 72.4632829064982 72.5864563398383 72.49343045495 72.2153273804721 71.7759446344983 71.8350744766147 71.8928273683366 71.7036662076894 71.5059816456392 71.3851273507025 71.0007683486045 70.3611858773773 70.5771643556696 70.8692503556603 70.8696241318789 70.7250179608657 -9999 -9999 70.5406249903531 69.6250093660696 69.7249853225766 68.8962979253913
75.0858458894098 75.817964144992 75.3440072610927 75.3562418826197 74.9080263784181 74.7371126767608 74.825859626062 74.5259780336676 74.3063263840932 74.6903196923078 74.8677926339544 74.8877116853956 74.9221860488521 74.4909486536858 -9999 74.4498029576624 73.8103157926496 73.675663771982 73.9072772937476 73.8044264381119 73.8850774299118 73.8571868857371 73.3856147459279 73.0535685893703 72.8310286586764 72.957808222722 -9999 72.7244713753616 72.8861701585755 72.7819430753466 72.3668744389992 72.331503086097 72.1185045264335 72.0969301563732 71.8335797601262 71.8831356441235 71.6549164879093 71.3325329676461 71.0426889836377 70.4239359668229 70.8602354453935 71.1112621076227 70.7738602001929 -9999 -9999 -9999 70.8011390053618 70.1847925814723 70.6033665582786 70.115309528909
75.3339374338434 75.5685825022272 75.2702527716257 74.9769785784139 75.0837636001783 74.8322879847082 74.822643149218 74.5041346271769 74.3497655657647 74.3810598695215 74.8460107819727 75.1418232648656 74.6390926662756 74.4206477451186 -9999 74.1067241003234 73.9408406838307 73.8922706830371 74.1694193489481 74.1584756287163 73.8456704635831 73.7632582331023 73.4727444068159 73.2777276160849 73.1262607845985 72.7189916799408 72.7306987951411 73.1047936942313 73.2516008651028 72.959164074825 72.4938284895731 72.4467823350605 72.368936555215 72.4112117248127 71.9993020904445 71.924451290172 71.7866421656598 71.3043867119708 71.2210094677392 70.8092382579201 70.8403989605861 71.2997183835999 71.1637725440735 71.1295885220335 70.7514391206904 -9999 70.7790108665145 70.1360720815745 70.4269800688021 70.4450926323232
75.6167482698386 75.6548691965407 75.2497913721783 74.9173781522136 75.1041978680582 75.1820235721282 75.0021254402573 74.9413385692101 74.8675174760548 74.3257429665993 74.7921165264664 75.1712360759414 74.7488312650847 74.2220469083426 74.1226276348605 74.1803939616866 74.2880126318954 73.7900942961687 -9999 -9999 73.7190663059859 -9999 -9999 73.6754110981148 73.4374797213459 72.8007702417028 73.1833887766946 73.2741720755604 72.9282887254133 72.9333040281149 72.6726793503241 72.5135653009406 72.1764651015673 72.2459955276108 72.1637839865503 71.988873326118 71.8348933859351 71.3289427625068 71.1107216351443 71.0561103873999 70.5660585386178 70.8146448619263 70.9628445093286 71.2018800019274 70.7152203620375 70.6794450201591 70.3511676611258 69.6999273037367 69.9989139733664 70.1248072368834
76.1281777193685 75.878141310006 75.9607887255365 75.1055936752444 75.3423310900426 75.5694446182809 75.1109847646756 74.9043786629846 74.8916094132035 74.8963076097845 75.1473385607091 75.1953493303623 74.8373009617092 74.3411962377716 -9999 74.5471935162438 74.1809172654184 -9999 -9999 -9999 -9999 -9999 -9999 73.6822396217109 73.3529276922968 73.3812389378327 72.9090011288094 73.1171321943393 73.0274009784176 73.093531568516 72.8663509367441 72.9203933952405 72.558562384723 72.2392836836417 72.1258043261041 72.4205294878719 72.2020319640901 71.9293683130193 71.6391445065205 71.3453468851665 70.8888974666144 71.363568859458 71.0780518379533 70.7040228744706 70.7373681827806 70.5711331254754 70.4867861767632 70.3609619978942 70.4210898290288 69.7978584567666
75.9739354206558 75.745759734949 75.9879461768991 75.3107985644973 75.2714217540712 75.5601410824979 75.1439992000685 75.0888215420875 75.038877231056 74.8341577528764 74.9850064616086 75.0316555249979 74.6986679404634 74.5022216841037 -9999 -9999 -9999 -9999 -9999 -9999 -9999 -9999 -9999 74.0895698782742 73.9262836434641 73.5969722833594 73.1675824530954 73.0777931459238 72.6829896214438 73.2263842402288 72.9848761424877 72.9679116129942 72.1239174329664 71.8865983467301 72.1123561834238 72.3775391027429 72.3617852877773 71.8955006270752 72.0575760298606 -9999 70.9994989028732 71.1363653261084 70.843279712056 70.949079181955 70.8309546206575 71.1258422195719 70.9580806981396 70.3919403176523 70.3795862916528 70.1876074817124
76.02196792722 76.2781104523958 76.0393745645276 75.7550612634755 75.9086244568038 75.5828128430571 75.3774393934141 75.5146413175564 75.4842139059412 75.1368532014901 74.9620193402699 74.8751761564202 74.6929277483621 74.9872455122331 74.9511635567051 74.4056530921942 74.4922698191838 -9999 -9999 74.1860989674913 -9999 -9999 -9999 74.0825250667573 74.1451584728629 73.8284600868655 73.2959390651057 73.2953122712253 72.5732772297133 72.8709968859486 72.7466980752565 72.9349109879574 72.463790866313 71.856842625659 71.962449945056 -9999 72.497249642067 71.7720891141206 71.9854628499822 -9999 71.3413955774315 71.3711272642041 71.0449799757119 70.9739609440998 70.8775157993425 70.9851962979679 70.8062101801746 70.2206466593993 70.2834332911677 70.5754859152834
76.6160552809802 76.3386380341615 76.1214813107699 75.5894351249241 75.8760681626474 75.7185168181771 75.1716094128498 75.3904159857298 75.7508733897251 75.4720773809833 75.0534387961613 74.7676730815319 74.8222718256551 75.0557700347667 74.6394442061141 74.9238705427738 -9999 -9999 -9999 -9999 -9999 -9999 73.8084817494953 73.934872980474 73.8742584391953 73.8487164283439 73.5861717563429 73.4038911904157 72.781125215033 72.6452113315651 72.9095336935485 72.9515694921285 72.8440237383863 72.421728792325 72.4144457317115 72.2631325697242 72.0365033655024 72.3376606612162 71.8614619596929 71.8564067159751 71.8151026250606 71.7439607717195 71.4805233564216 71.0522223143212 70.5979277178323 70.7616525278269 70.8924041274433 70.3800152949761 70.5355806128778 70.5782292966126
76.8931419934669 76.3170970740875 76.1345456834034 75.723574287638 75.9448627219728 76.2161380818674 75.4540047312835 75.5807837015171 75.5647729325453 75.5748600278 75.5060443684857 74.6096241792469 75.0342959981802 74.9158715074901 74.7367234857661 74.7030483735028 -9999 -9999 -9999 -9999 -9999 -9999 74.0109705191064 73.7096712819567 73.4958966375217 73.4681681781521 73.4903774780816 73.4191391096299 73.0497408240204 72.6216285306626 72.7720691036508 -9999 72.7356673620124 72.4733101756315 72.8833226379336 72.5158561194026 71.9643807776934 72.2245817263095 71.9443376853798 72.00199398702 71.8276139919871 71.6373128485395 71.4194599093947 71.122986590183 70.8118701606981 71.2114885607223 70.9378267960114 70.5390038509312 70.583358226823 70.1346779037437
76.4821719874414 76.36980783003 76.2180068647542 75.9500025517479 76.0339881935416 76.4645212131951 75.8387813031294 75.879137957356 75.431393567327 75.4085662850529 75.4643728747918 74.8936456160179 75.1616877556475 75.1621634857803 74.9692824740827 74.7860097280334 -9999 -9999 -9999 -9999 -9999 74.3851780296858 74.2389717757077 73.5882307217316 73.5615999533938 73.5575027863814 73.1453621534356 73.1540393725522 72.9693925057682 72.7215828575603 72.6405401203786 -9999 72.8037052162227 72.7673706592632 73.0090442142378 72.666645237569 72.10698096457 72.0618561740425 72.1104158226802 -9999 -9999 71.5180635915318 71.3141040944872 71.0916596331851 71.2276131921389 71.5478807888436 70.7701235272965 70.4966754334084 70.6223954522956 70.274572536464
76.6661886670205 76.4189121898188 76.5084003250959 75.8443159348647 75.6906646612397 75.9276477822963 75.7588861437958 75.465235345033 75.7533716106523 75.4262041787187 75.275915102779 75.4888249584291 75.3095726502115 75.390537267514 75.3224064771635 -9999 74.4805471544556 74.2335184352427 -9999 -9999 -9999 74.2340298285057 74.0783603583867 73.8042339678041 73.9447333205386 73.824984935564 73.1920745660459 73.5096606172668 73.2750206536792 72.8130958034087 -9999 -9999 72.7138383592644 73.4252316028658 73.0718082477152 72.9924318608073 72.5369416950689 72.53011730797 -9999 71.9834998798631 -9999 71.0651563366106 70.9494974131784 71.075723358188 71.3415032186793 71.7153532565674 71.1265424718896 70.5760104222979 70.4747827727379 70.597785419792
77.1188954707771 76.4743307311428 76.433358534702 76.0134195129848 75.4699061287078 75.4847225585568 75.5973420667963 75.1154577072244 75.4867751907747 75.2656367979226 75.400082260925 75.640650415518 75.3209867001505 75.3767018191372 74.9936567876905 75.1014590606071 74.8044519801426 74.6784824026896 -9999 74.2444955193126 74.1068318196722 74.3396394243399 73.8489993747963 74.0743582925959 74.0867690398984 73.8173147995331 73.5737160995493 73.798203309099 73.2822977246884 72.9054724898918 73.2660693036839 73.0003443185389 72.6542944803781 73.4884533610292 72.7398807741433 72.5844465269715 72.836000263532 72.305808454047 72.0831206061881 -9999 -9999 71.4230097844544 71.1873358415377 71.1647386790894 70.9822229218176 71.3850030037773 70.9618816373255 70.7355535448997 70.5883982224385 70.6818253019229
77.2589733271129 76.5788169404124 76.4617017168255 76.1210700899349 75.615731162648 75.7824107976078 75.7616898998917 75.5307489994528 75.608333624731 75.3458572863722 75.4116991649636 75.6487788758208 75.8284529403353 75.3632357725018 74.8405773131496 74.4617504629975 74.6479291707528 74.8455022016135 -9999 74.1208219083001 74.4587003902766 74.6982117336223 74.3685075627173 74.1372232893744 73.938020117226 73.9908791558871 73.951764110704 73.889343646818 73.2433606274511 73.0568700924775 73.0986963959044 72.6937395285518 72.6574735754874 72.7469098848329 72.4991561957967 72.762771595408 72.7864590999796 72.3334127327001 72.3589645859903 -9999 -9999 71.8092054560086 71.5778443739312 71.4151621156659 71.1486377145986 71.4239956442722 71.2051150818066 70.8040680456388 70.5311108153047 70.7577549429721
76.7788022961761 76.7061570019015 76.7425186664666 76.1582306079966 75.8448378859543 75.8475115772702 76.0311559684024 76.3429807662311 76.1899721373789 75.4925785648446 75.175062494586 75.5507476507793 76.2558692489829 75.3710834294743 75.0976677504675 74.7996131092299 74.8135539360701 74.9957978961591 74.5157217408968 74.5929004414829 74.5265496930729 74.6302137722956 74.4535053188836 74.0978854042876 -9999 73.8782837294702 73.8865906203879 74.0202758701637 73.680479314752 73.4394058060332 73.3435583317686 73.1982039071576 72.8041478496326 72.5885541608655 72.6585791637031 72.6733731496615 72.958825613467 72.674640075882 72.3331449631163 72.1579748973688 71.7920540089271 71.754646875123 71.686987015402 71.5397876651663 71.3045257803037 71.4166584395187 71.8842578663183 71.1966432289524 70.4167787705321 70.835994279959
76.5305580413379 76.7393400782856 76.6181840410052 76.2355190828043 76.229292091152 76.0131596469315 76.0378681756316 76.2503107116298 75.8016131950081 75.8163804026746 75.3532562208987 75.4005184712751 75.8491794290222 75.5492187075281 75.2614900900266 75.4520387485301 75.1517545884483 74.7936210153844 74.7452774507056 74.9396656955902 74.4257896832056 74.4763828835951 -9999 -9999 -9999 73.683117890001 74.1074349081939 74.1603870568071 73.9493734181308 73.9133130750522 73.4824234837669 73.4262717044605 73.0608408663014 73.268384586467 72.8186288129493 72.5543580245641 72.8915155203585 72.700846096435 72.3539773432101 71.9747991777118 71.8636861846015 72.191629677957 71.5906055645547 71.2092549543112 71.1690865418963 71.0498484130629 71.7532282909719 71.1109023738909 70.4383689670974 70.5187276244016
76.6775304768882 76.5387928652408 76.5837983926155 76.5395779772658 76.6413822889573 76.4162455540884 76.1703651742216 76.4525711562076 76.5279982739859 75.8068152232786 75.7332133278673 75.1594027080372 75.7597316039975 75.799867063271 75.3313030072103 74.9608313526281 74.8067796185708 74.8628353702891 74.2828162395891 74.3620361024398 74.5727900123925 74.5362835684743 -9999 -9999 74.4155252494569 74.1305638631823 74.0197305046879 74.0847361506486 74.0228794783228 74.2203402742095 73.7339205732466 73.6368652922101 73.2402649960028 73.1053343944984 73.4211724886694 73.1365919665349 72.9578848795903 72.1654185439818 72.6396887304811 72.4347100510284 72.7250775128325 72.0554177463303 71.8832314516571 72.1144039729294 71.7686383289488 71.3542141329 71.2846368221975 71.3809422038326 70.860090785498 71.6136282420508
76.8191363175946 76.6045868830569 76.5303580887831 76.3376520314953 76.5815705155152 76.4917792649346 76.7012773621634 76.6720306530792 76.5387662612575 76.0229410472945 75.9297718874717 75.6967340926484 75.8096660511093 75.8760316502073 75.3176755663645 75.0343900060669 75.1093298206962 74.8594493450902 74.8177706023453 74.6092979431514 74.4772748017384 74.4654200456324 -9999 74.6140361482236 74.5343011190733 74.2019454037049 74.2506486618554 74.2072912396886 73.8274795016925 74.0323865138866 74.1062753079398 73.6743402305182 73.0332054883699 73.1428663075842 73.4086411202803 73.696351120737 73.0267273542578 72.5006233112983 72.7360303678841 72.5184243814328 72.474668333222 72.002264702618 71.9460201256917 72.3787838480128 71.9252585515233 71.699158633431 71.2237945601642 71.5156795324591 71.0212845292205 71.3946118668132
76.7573275786689 76.7399721744587 76.6750828297384 76.5202046640571 76.6326913111473 76.512186100874 76.4673934634253 76.5730251449253 76.5418563246072 76.3342362729945 76.0695161990169 75.6495181419505 75.6617711493784 75.6729346771793 75.3502125217529 75.3982736191252 75.3660438603326 75.0133074801981 74.7849515145235 74.5263864763454 74.6661891614527 74.5552741016805 74.8387556410479 74.6258174319421 74.4406582122935 74.0904182737287 74.3006713608079 74.1909488528617 74.1365471757177 73.8158064409049 74.2170403197998 73.6075589636072 -9999 72.7508401613676 73.3967948893745 73.3315976247375 73.1393185360208 72.5757305709645 72.705977808431 72.4339355715737 72.0392724555645 72.1055998836911 72.1646606060741 72.0959648242351 71.6441939096138 71.6895324361313 71.5713304174045 71.3599118278779 71.1409698881609 71.443872607011
76.7111621073747 76.5591232344392 76.530508652031 76.6966444987667 76.5614821399953 76.6553052937369 76.2887099009777 76.5135233403622 76.6687943851745 76.346601513743 76.1387438634649 75.5015178239642 75.7612113796898 75.7566161014799 75.375194205848 75.4282814654242 75.2930352612351 74.7750134800065 74.9375973388206 74.8006741632842 74.9342581541181 74.870097207603 75.0089951728542 74.6195439013965 74.5944024422462 74.2837689673606 74.1525025028871 74.0874298995473 74.1671872480433 74.0994214358757 74.2273336785583 73.762276731064 73.6168355273694 -9999 -9999 72.8506887579326 73.1872295816578 72.5081055462548 72.8046267219554 72.2985422787627 72.2018301207503 72.377334966039 72.2779082321551 71.9723683821641 71.6818422684798 71.5311162877389 71.5262787176399 71.3196984135094 70.9711783244291 -9999
76.9220360289541 76.6639209072465 76.4937206997594 77.0202054825147 76.5908970485577 76.5334383079511 76.4594575167303 76.4748425937137 76.6261875024514 76.5362949855534 76.3461021085263 75.719795202597 75.7232863319769 75.9192693114571 75.6393303641073 75.657922229827 75.2935572646664 74.9177454614847 74.9926246277423 74.8710260068325 75.3973611803901 74.9207270619775 74.9386158310711 74.9466126978101 74.993828523616 74.766415407643 74.0237587935235 73.99920387753 74.1523161716783 74.2213966019589 74.0429156545689 73.5791085562511 -9999 -9999 73.6688931030078 72.9731394363145 73.0541302016886 72.8625635382076 72.6699369919649 72.5422240636352 72.4796171165429 72.371890560423 72.2654329698124 72.043169754933 71.9332969288754 71.5978181278478 71.4324254595355 71.5163354660436 71.0737209237456 71.3668008007064
77.0799944959266 77.0203126353987 77.1724826520391 77.346802951807 76.7698414237132 76.4546331501793 76.4993519956993 76.4247037188418 76.3524743983466 76.1933470101129 76.3291441089379 75.8468127872975 75.5269716380308 75.7989521981723 76.1401440590066 75.7505805701945 75.3862402703336 75.2597708843647 74.9596076048943 74.9195784443447 75.66813842902 75.1860032811613 74.9435376968407 75.2358678212792 75.215865722318 74.8066454520348 74.3604701279358 74.1739642002397 74.2177932888163 74.2596714580481 73.8795437399924 73.1907948405784 72.9204126878496 73.0249452285817 73.0483440392148 73.3336520609853 73.7361919932235 73.0312781590305 72.6172795941652 72.5654133539543 72.6248919582668 72.3441064899747 72.3376100230428 72.4353855702268 71.9852971161 71.6494929417716 71.518738502619 71.6782845871278 71.1296365972761 71.1611281536932
76.6762873452724 76.9928784029611 77.5798088825587 77.0776570827677 76.749459726431 76.5120375892259 76.4724237181122 76.4873364577663 76.3211631208458 75.8638576973922 75.8283417443518 76.0467815739641 75.7973191260459 75.572218499716 76.2293311477031 75.9601953633229 75.5822063998214 75.4870421957441 75.1283008409804 74.8826116168443 75.3965473851552 75.4421688114833 74.678364783644 75.1453398649409 75.3165578222338 74.8138405649944 74.7500422546531 74.299388085545 74.1460856169963 74.32085069766 74.1607755641465 73.5678952841758 73.5930194059989 73.4188106738049 72.9077133076474 73.552179249284 73.5447618799087 72.8465007134947 72.9664629690297 72.7686457614775 72.5921346447179 72.5665324138541 72.2929426422589 72.3417526359699 71.9917007907491 71.7648079972036 71.394206271074 71.5260641468204 71.3365145339784 70.8910132300171
