rcp8.5models/MPI_ESM_LR/sc1gr8.19
NCOLS 261 
NROWS 433 
XLLCORNER 336357.134 
YLLCORNER 654653.479 
CELLSIZE 1000 
NODATA_value -3.4e+38 
[rows 396 to 417 of 433, columns 147 to 195 of 261]
151.859024047852 145.444458007812 140.911544799805 136.694808959961 133.884628295898 130.605773925781 127.119659423828 124.260429382324 122.1396484375 119.825553894043 117.225860595703 113.753059387207 112.590469360352 110.90682220459 109.598899841309 108.702102661133 107.483520507812 106.494606018066 105.101516723633 104.037788391113 103.553062438965 102.75959777832 101.241577148438 100.380363464355 100.003570556641 99.3364715576172 98.6782836914062 -3.4e+38 -3.4e+38 97.4882278442383 96.4470062255859 -3.4e+38 -3.4e+38 94.1074676513672 94.0636291503906 93.4404449462891 92.905517578125 91.9596328735352 91.4862518310547 91.5631256103516 91.0492248535156 90.156982421875 89.7737426757812 89.7205963134766 89.3396224975586 -3.4e+38 88.1415786743164 86.8508605957031 85.9426574707031
154.78564453125 147.863296508789 142.958633422852 138.351333618164 134.493759155273 131.642837524414 128.831893920898 125.832077026367 123.425804138184 120.92552947998 118.89338684082 115.462799072266 114.235740661621 112.487434387207 111.284278869629 110.329292297363 109.04679107666 108.101188659668 106.880615234375 106.250244140625 105.223670959473 104.350639343262 102.883262634277 102.015548706055 101.740791320801 101.217643737793 100.347023010254 99.9748077392578 -3.4e+38 -3.4e+38 98.2343673706055 -3.4e+38 -3.4e+38 96.4963455200195 96.1288146972656 95.4198989868164 94.7627868652344 94.0444183349609 93.5599670410156 93.5946884155273 92.9937210083008 92.1769790649414 91.5529022216797 91.1014404296875 90.337158203125 -3.4e+38 -3.4e+38 88.6112823486328 87.1832962036133
154.734771728516 148.944549560547 143.929931640625 139.890869140625 136.035461425781 133.127868652344 130.82209777832 128.147369384766 125.118934631348 122.482032775879 120.523620605469 117.672302246094 115.83568572998 114.194671630859 112.940818786621 111.832160949707 110.582931518555 109.773788452148 108.571868896484 107.857406616211 106.740264892578 106.260444641113 104.401611328125 103.639717102051 103.362190246582 102.84375 101.93293762207 101.481567382812 101.206283569336 100.890365600586 99.8867950439453 99.9276733398438 99.6903457641602 98.5126571655273 98.2340850830078 97.6729202270508 96.6998138427734 96.1109008789062 95.6392364501953 95.4038238525391 94.1273651123047 93.8403472900391 93.6006240844727 92.8598327636719 -3.4e+38 90.2796249389648 89.889045715332 -3.4e+38 89.0794372558594
154.894119262695 149.672775268555 145.165390014648 141.044418334961 137.695327758789 134.681991577148 132.304641723633 129.770416259766 127.086410522461 124.712783813477 122.43359375 119.225090026855 117.498626708984 116.055641174316 114.645637512207 113.601585388184 112.367630004883 111.356971740723 110.246528625488 109.731689453125 108.908317565918 108.074432373047 106.300910949707 105.878814697266 105.026412963867 104.439567565918 103.369323730469 102.963775634766 102.766532897949 102.378143310547 101.518173217773 101.526878356934 101.239570617676 100.175498962402 100.087142944336 99.4644088745117 98.4771728515625 98.2170486450195 97.7334060668945 97.4973297119141 96.1652221679688 95.5585556030273 94.75 94.1306991577148 -3.4e+38 92.1786575317383 91.4482650756836 90.353515625 90.1455993652344
155.480163574219 150.596862792969 146.615905761719 142.704452514648 139.266021728516 136.12548828125 133.430465698242 130.71305847168 128.679824829102 126.678970336914 124.686790466309 120.84440612793 119.255363464355 118.067070007324 -3.4e+38 -3.4e+38 114.192886352539 113.381927490234 112.642028808594 111.50439453125 110.727630615234 109.736953735352 107.994613647461 107.55135345459 106.664939880371 106.323211669922 105.613906860352 104.679489135742 104.558097839355 104.014068603516 103.131034851074 103.080902099609 102.700912475586 101.74755859375 101.562812805176 101.154724121094 100.355171203613 100.187828063965 99.6782836914062 98.8034744262695 98.2235488891602 97.4804077148438 96.7020568847656 95.9607467651367 94.760139465332 93.6988220214844 93.510627746582 91.9663848876953 90.8382949829102
156.058319091797 151.196670532227 147.468612670898 144.20036315918 140.758575439453 137.351165771484 134.524047851562 132.327056884766 130.294464111328 128.270950317383 126.280364990234 122.685699462891 121.343536376953 120.178573608398 -3.4e+38 -3.4e+38 -3.4e+38 115.313514709473 114.494232177734 113.256645202637 112.749954223633 111.874801635742 109.517120361328 109.415557861328 108.792282104492 107.993522644043 107.277183532715 106.31950378418 106.2529296875 106.030517578125 105.393608093262 104.732093811035 104.348411560059 103.304649353027 102.795806884766 102.129035949707 102.014633178711 101.939735412598 101.37117767334 100.478782653809 100.106986999512 98.7231521606445 98.2442321777344 98.0310363769531 96.6662139892578 94.715217590332 94.3253936767578 93.9103775024414 92.146614074707
157.080352783203 152.791381835938 148.768630981445 144.764190673828 141.642288208008 138.99543762207 136.164566040039 133.962005615234 131.980361938477 130.017456054688 127.94255065918 124.611518859863 123.598266601562 -3.4e+38 -3.4e+38 -3.4e+38 117.960662841797 116.895965576172 116.484031677246 115.500175476074 114.359756469727 113.59090423584 112.06224822998 111.696517944336 110.406295776367 109.453483581543 109.09944152832 108.667770385742 107.784767150879 107.704620361328 107.053619384766 106.363433837891 105.97673034668 104.902282714844 104.29369354248 103.740997314453 103.524490356445 103.034690856934 102.368743896484 102.221977233887 101.836822509766 100.614700317383 99.2677841186523 -3.4e+38 98.7479705810547 96.4286041259766 95.1959457397461 94.6752471923828 93.9449615478516
158.647048950195 154.427703857422 150.41975402832 146.244201660156 143.180526733398 140.672546386719 137.814605712891 135.594543457031 133.617813110352 131.642700195312 129.573989868164 126.754829406738 125.253326416016 123.794952392578 122.706649780273 121.198722839355 119.912178039551 119.284286499023 118.671310424805 117.180946350098 115.938095092773 115.623588562012 113.91438293457 113.465065002441 112.417961120605 111.911987304688 111.522933959961 110.348213195801 109.439483642578 109.356666564941 108.659233093262 107.906005859375 107.596321105957 106.532554626465 105.928108215332 105.390548706055 105.12230682373 104.48299407959 103.844787597656 103.564720153809 102.595092773438 102.224754333496 101.338890075684 -3.4e+38 -3.4e+38 -3.4e+38 96.9180145263672 -3.4e+38 -3.4e+38
160.147323608398 155.436447143555 151.296920776367 147.843597412109 144.561920166016 141.806564331055 139.549713134766 137.381774902344 135.245422363281 133.205627441406 131.355072021484 128.508224487305 127.212951660156 126.155792236328 124.561370849609 123.371437072754 122.256736755371 120.995681762695 120.29076385498 119.18824005127 118.533599853516 118.01163482666 115.685813903809 115.291435241699 114.735069274902 113.688888549805 113.359214782715 112.325889587402 112.124420166016 111.666969299316 110.338821411133 109.551940917969 109.242820739746 108.203308105469 107.586463928223 107.022270202637 -3.4e+38 -3.4e+38 -3.4e+38 105.15308380127 -3.4e+38 103.010719299316 -3.4e+38 -3.4e+38 -3.4e+38 -3.4e+38 -3.4e+38 -3.4e+38 -3.4e+38
161.511856079102 156.860946655273 152.487716674805 148.563247680664 145.633422851562 143.343551635742 141.221664428711 139.114242553711 137.035629272461 135.199859619141 133.733474731445 130.54704284668 129.470184326172 127.967788696289 126.63224029541 125.737632751465 124.043594360352 122.747993469238 122.321586608887 121.538948059082 120.306350708008 119.766151428223 118.274894714355 117.608345031738 116.517684936523 115.510101318359 115.315223693848 114.965194702148 114.530494689941 113.226043701172 112.313941955566 112.010696411133 110.986755371094 109.708099365234 109.19270324707 108.506408691406 -3.4e+38 -3.4e+38 -3.4e+38 105.979476928711 105.440330505371 104.602928161621 -3.4e+38 -3.4e+38 -3.4e+38 -3.4e+38 -3.4e+38 -3.4e+38 -3.4e+38
164.827819824219 160.692337036133 156.622665405273 153.258911132812 150.40885925293 147.780776977539 145.149154663086 143.237701416016 141.621292114258 139.975952148438 137.872253417969 134.618255615234 133.178512573242 132.227722167969 130.788345336914 129.512481689453 128.499420166016 127.214645385742 126.491798400879 125.48551940918 125.008796691895 124.221092224121 122.582130432129 121.4921875 121.180686950684 120.66325378418 119.578880310059 118.522644042969 118.155067443848 117.428733825684 116.44612121582 115.506278991699 115.006561279297 113.58960723877 112.496688842773 111.558135986328 -3.4e+38 -3.4e+38 -3.4e+38 -3.4e+38 -3.4e+38 -3.4e+38 -3.4e+38 -3.4e+38 -3.4e+38 -3.4e+38 -3.4e+38 -3.4e+38 -3.4e+38
166.590072631836 162.284225463867 158.250549316406 155.265121459961 152.857894897461 150.215057373047 147.549789428711 145.591323852539 144.060989379883 142.554321289062 140.5029296875 136.560287475586 135.466674804688 134.077484130859 132.8369140625 131.799911499023 130.323913574219 129.002563476562 128.563690185547 127.88451385498 126.879989624023 126.139991760254 124.740989685059 123.876724243164 122.959938049316 122.480972290039 121.705177307129 121.151145935059 120.582695007324 119.348731994629 118.483642578125 117.723999023438 116.72452545166 115.280982971191 -3.4e+38 112.895545959473 -3.4e+38 -3.4e+38 -3.4e+38 -3.4e+38 -3.4e+38 -3.4e+38 -3.4e+38 -3.4e+38 -3.4e+38 -3.4e+38 -3.4e+38 -3.4e+38 -3.4e+38
168.17431640625 164.351791381836 160.781021118164 157.557662963867 154.842742919922 152.643844604492 150.227035522461 148.517044067383 146.358535766602 144.591339111328 142.782608032227 139.101928710938 137.947845458984 136.077926635742 135.561065673828 134.217910766602 132.427490234375 131.644378662109 130.86067199707 129.701477050781 128.602432250977 128.140640258789 127.145332336426 125.716094970703 124.834350585938 124.495498657227 124.408966064453 123.725151062012 122.521797180176 121.465316772461 120.870132446289 119.459869384766 118.386734008789 116.367073059082 114.845672607422 -3.4e+38 -3.4e+38 -3.4e+38 -3.4e+38 -3.4e+38 -3.4e+38 -3.4e+38 -3.4e+38 -3.4e+38 -3.4e+38 -3.4e+38 -3.4e+38 -3.4e+38 -3.4e+38
170.382415771484 166.904006958008 163.689117431641 160.362152099609 157.502914428711 155.417144775391 153.174545288086 151.265396118164 148.720886230469 146.807800292969 145.185241699219 141.723083496094 140.163436889648 138.758666992188 137.835906982422 136.198837280273 135.032333374023 134.147155761719 132.829086303711 131.790191650391 131.242752075195 130.435119628906 128.949996948242 127.817085266113 127.642700195312 127.168464660645 126.877578735352 125.689468383789 124.659881591797 123.869453430176 122.624954223633 121.077270507812 -3.4e+38 -3.4e+38 -3.4e+38 -3.4e+38 -3.4e+38 -3.4e+38 -3.4e+38 -3.4e+38 -3.4e+38 -3.4e+38 -3.4e+38 -3.4e+38 -3.4e+38 -3.4e+38 -3.4e+38 -3.4e+38 -3.4e+38
172.938751220703 169.662582397461 166.606307983398 163.212371826172 160.625015258789 158.241485595703 156.156143188477 154.116821289062 151.484405517578 149.507446289062 147.992782592773 144.275238037109 142.23078918457 141.134780883789 139.407028198242 138.153594970703 137.364669799805 136.077880859375 135.095687866211 134.23649597168 133.091445922852 132.263748168945 130.89225769043 130.515182495117 130.128524780273 129.10676574707 128.671890258789 127.713989257812 127.082633972168 125.642547607422 -3.4e+38 -3.4e+38 -3.4e+38 -3.4e+38 -3.4e+38 -3.4e+38 -3.4e+38 -3.4e+38 -3.4e+38 -3.4e+38 -3.4e+38 -3.4e+38 -3.4e+38 -3.4e+38 -3.4e+38 -3.4e+38 -3.4e+38 -3.4e+38 -3.4e+38
176.057403564453 172.413986206055 169.181732177734 166.41130065918 163.911239624023 161.264663696289 159.479675292969 156.931350708008 154.148406982422 152.156753540039 150.703689575195 146.512588500977 144.662521362305 142.845703125 141.450317382812 140.63444519043 139.250366210938 138.170806884766 137.433807373047 136.032379150391 134.782287597656 134.360534667969 133.212112426758 132.35124206543 132.002716064453 131.018524169922 130.332580566406 -3.4e+38 -3.4e+38 -3.4e+38 -3.4e+38 -3.4e+38 -3.4e+38 -3.4e+38 -3.4e+38 -3.4e+38 -3.4e+38 -3.4e+38 -3.4e+38 -3.4e+38 -3.4e+38 -3.4e+38 -3.4e+38 -3.4e+38 -3.4e+38 -3.4e+38 -3.4e+38 -3.4e+38 -3.4e+38
179.215927124023 175.259994506836 171.98095703125 169.432983398438 166.655822753906 164.263549804688 162.731338500977 159.833694458008 157.110382080078 154.772369384766 152.796844482422 148.553329467773 147.042175292969 145.040191650391 143.951873779297 142.600601196289 141.560256958008 140.618957519531 -3.4e+38 137.185272216797 137.189987182617 136.311279296875 -3.4e+38 -3.4e+38 -3.4e+38 -3.4e+38 -3.4e+38 -3.4e+38 -3.4e+38 -3.4e+38 -3.4e+38 -3.4e+38 -3.4e+38 -3.4e+38 -3.4e+38 -3.4e+38 -3.4e+38 -3.4e+38 -3.4e+38 -3.4e+38 -3.4e+38 -3.4e+38 -3.4e+38 -3.4e+38 -3.4e+38 -3.4e+38 -3.4e+38 -3.4e+38 -3.4e+38
181.491439819336 178.045883178711 174.844146728516 172.017318725586 169.227828979492 166.348327636719 164.387023925781 162.380325317383 160.047668457031 157.360107421875 154.780227661133 -3.4e+38 149.242645263672 -3.4e+38 145.808288574219 144.679321289062 -3.4e+38 -3.4e+38 -3.4e+38 -3.4e+38 -3.4e+38 -3.4e+38 -3.4e+38 -3.4e+38 -3.4e+38 -3.4e+38 -3.4e+38 -3.4e+38 -3.4e+38 -3.4e+38 -3.4e+38 -3.4e+38 -3.4e+38 -3.4e+38 -3.4e+38 -3.4e+38 -3.4e+38 -3.4e+38 -3.4e+38 -3.4e+38 -3.4e+38 -3.4e+38 -3.4e+38 -3.4e+38 -3.4e+38 -3.4e+38 -3.4e+38 -3.4e+38 -3.4e+38
182.543106079102 180.167785644531 177.799743652344 174.577011108398 171.732925415039 169.008010864258 166.212615966797 164.177795410156 161.699096679688 159.457336425781 -3.4e+38 153.530548095703 -3.4e+38 -3.4e+38 147.631271362305 -3.4e+38 -3.4e+38 -3.4e+38 -3.4e+38 -3.4e+38 -3.4e+38 -3.4e+38 -3.4e+38 -3.4e+38 -3.4e+38 -3.4e+38 -3.4e+38 -3.4e+38 -3.4e+38 -3.4e+38 -3.4e+38 -3.4e+38 -3.4e+38 -3.4e+38 -3.4e+38 -3.4e+38 -3.4e+38 -3.4e+38 -3.4e+38 -3.4e+38 -3.4e+38 -3.4e+38 -3.4e+38 -3.4e+38 -3.4e+38 -3.4e+38 -3.4e+38 -3.4e+38 -3.4e+38
184.258163452148 182.061492919922 180.30729675293 177.419158935547 174.184967041016 171.432037353516 168.71435546875 -3.4e+38 163.568359375 -3.4e+38 -3.4e+38 -3.4e+38 -3.4e+38 -3.4e+38 -3.4e+38 -3.4e+38 -3.4e+38 -3.4e+38 -3.4e+38 -3.4e+38 -3.4e+38 -3.4e+38 -3.4e+38 -3.4e+38 -3.4e+38 -3.4e+38 -3.4e+38 -3.4e+38 -3.4e+38 -3.4e+38 -3.4e+38 -3.4e+38 -3.4e+38 -3.4e+38 -3.4e+38 -3.4e+38 -3.4e+38 -3.4e+38 -3.4e+38 -3.4e+38 -3.4e+38 -3.4e+38 -3.4e+38 -3.4e+38 -3.4e+38 -3.4e+38 -3.4e+38 -3.4e+38 -3.4e+38
186.991363525391 184.592788696289 182.332275390625 179.664688110352 176.466842651367 173.545135498047 170.825149536133 168.731491088867 -3.4e+38 -3.4e+38 -3.4e+38 -3.4e+38 -3.4e+38 -3.4e+38 -3.4e+38 -3.4e+38 -3.4e+38 -3.4e+38 -3.4e+38 -3.4e+38 -3.4e+38 -3.4e+38 -3.4e+38 -3.4e+38 -3.4e+38 -3.4e+38 -3.4e+38 -3.4e+38 -3.4e+38 -3.4e+38 -3.4e+38 -3.4e+38 -3.4e+38 -3.4e+38 -3.4e+38 -3.4e+38 -3.4e+38 -3.4e+38 -3.4e+38 -3.4e+38 -3.4e+38 -3.4e+38 -3.4e+38 -3.4e+38 -3.4e+38 -3.4e+38 -3.4e+38 -3.4e+38 -3.4e+38
189.36589050293 186.538925170898 184.133804321289 181.491638183594 -3.4e+38 -3.4e+38 -3.4e+38 -3.4e+38 -3.4e+38 -3.4e+38 -3.4e+38 -3.4e+38 -3.4e+38 -3.4e+38 -3.4e+38 -3.4e+38 -3.4e+38 -3.4e+38 -3.4e+38 -3.4e+38 -3.4e+38 -3.4e+38 -3.4e+38 -3.4e+38 -3.4e+38 -3.4e+38 -3.4e+38 -3.4e+38 -3.4e+38 -3.4e+38 -3.4e+38 -3.4e+38 -3.4e+38 -3.4e+38 -3.4e+38 -3.4e+38 -3.4e+38 -3.4e+38 -3.4e+38 -3.4e+38 -3.4e+38 -3.4e+38 -3.4e+38 -3.4e+38 -3.4e+38 -3.4e+38 -3.4e+38 -3.4e+38 -3.4e+38
