rcp8.5models/MPI_ESM_LR/sc1gr0.6
NCOLS 261 
NROWS 433 
XLLCORNER 336357.134 
YLLCORNER 654653.479 
CELLSIZE 1000 
NODATA_value -9999 
[rows 330 to 351 of 433, columns 100 to 149 of 261]
88.1550861124039 88.4594903091529 88.6301826520311 88.7622658620544 88.7282635701467 88.4281889200224 88.2133557226843 88.3118529846541 88.5249467907729 88.6098558036929 88.5344204023094 88.677266212903 -9999 -9999 89.2362366320726 89.1914618666156 89.4270932233866 89.7029191547998 -9999 -9999 89.7718864086434 89.5460089400305 89.503054234138 89.5146538750134 89.2078861633965 88.8133982747986 88.7865993388564 89.2089708261535 89.3545083340566 89.2818980490409 89.1511848240116 89.1008732898519 89.2883068366593 89.3723733397884 89.2936784268664 89.4882991222975 89.6381138589129 89.4913849421173 89.2661018221426 88.949834871157 88.2407907452325 87.6290613689984 87.6747731033279 88.2574693766748 88.4270662131415 88.3585922814009 89.2410887057762 89.711237579693 90.0705343585783 90.1535809678083
87.9926009619648 88.3880468699684 88.3861618932952 88.516678913057 88.5877346713167 88.4124958419673 88.2211728629768 88.0760746442022 88.0523419827571 88.143715225351 88.2322775040547 88.3426583338992 89.026059710263 -9999 89.3325008818684 89.2498171543474 89.2935314525467 89.3498973642739 89.363538602816 89.5694715140977 89.6897633852751 89.687331967307 89.5946314299526 89.4729466519332 89.1758352943471 88.8052390865988 88.5020462640521 88.3257895217893 88.5349513238336 88.8732202595936 88.8091406098296 88.9142061558805 89.1054087121533 89.1437445021627 89.0681638727576 89.1737792083549 89.2237865435288 89.2674014476469 89.244870085541 88.9208883666848 88.3991123724187 87.6002883900254 86.7763791484874 87.2265253804822 87.8933054851368 87.9045221933352 89.261991262832 89.5475487832074 89.7797560196924 89.967956983577
87.4532253395072 88.1869219373709 88.2423986921302 88.2774454772475 88.412430341324 88.4095342453006 88.247384395867 87.8633208582866 87.7186443368737 87.9498365315262 88.2451077865489 88.4971897080031 88.9650067138569 89.2612186267276 -9999 -9999 89.2647931302975 89.1812535079123 89.0226495868678 89.1340092444923 89.4543124819783 89.6622888757635 89.6180121370608 89.454155794995 89.2291717226108 89.0325790259465 88.6755606829602 88.0195521579922 87.8897253941695 88.4872236693882 88.6617515689298 88.8362422243999 88.9394473041075 89.0482604531136 89.0548636593951 88.9478862624743 88.804632886304 88.6940051613255 88.7808390324949 88.498975568814 88.0003088438185 87.148251647345 86.2653391710035 86.3172095262423 87.0419278283915 87.576537778635 88.8591783906823 89.309195980305 89.5138377851739 89.7391755345736
87.0306635915886 88.0639579163069 88.2240038512626 88.2067676639143 88.2951098181412 88.3114564372745 88.0824956685992 87.7931071255433 87.9172904458035 88.2247965878939 88.457985093447 88.6076770968116 -9999 -9999 -9999 -9999 89.0785626576363 89.0255726152475 88.8916975499263 88.8620725164728 89.0470908570616 89.3059259423905 89.5143184461708 89.450145284557 89.217283123579 89.1348621852775 88.9222553222824 88.4955243107117 88.1695490285554 88.4036767856948 88.6690730548941 88.8146359040152 88.8148537241104 88.7966460613996 88.8452849210105 88.7722733747905 88.5112714691131 88.1698757920389 87.8843244479343 87.658043849554 87.3624694156521 86.7624968811389 86.3041809545055 86.1840414703776 86.7001010195201 87.7070486501105 88.4257541293738 88.7271832902212 88.7773192692324 89.0567888279829
86.9334376441508 87.9646456386677 88.0899737439151 88.0767427329231 88.2027045093014 88.1516036928146 87.8455208052181 87.5541405283305 87.6721559370904 88.0024937021763 88.2293900790918 88.4235158047162 88.6530601560909 88.9234359898245 -9999 -9999 88.9646175341639 88.9466454328796 88.9127298054494 88.8547364842515 88.7891997923422 88.9000106096297 89.1311514358718 89.1818595799624 89.124941084497 89.1208293084766 89.1084168652998 88.9028046396305 88.6298455872335 88.5221969703836 88.60552498738 88.7314799690289 88.7395959984275 88.6000237598558 88.6331802277861 88.4865178939393 88.0195849561317 87.5845884225581 86.9453839994041 86.5416423334907 86.772647859267 86.6901077186568 86.4228222647049 86.2851263380593 86.450494895273 87.013524390584 88.3394205013342 88.6244689455905 88.6342521556257 88.8024359074392
86.8959135470324 87.4738845659835 87.802368958696 87.9431212537671 88.053798984014 87.9384266821368 87.5834974965387 87.3334256329266 87.3132077322087 87.5384681575413 87.6713909939607 87.9479097690276 88.4242403026489 88.7565387474735 88.7376834888347 88.6525557610868 88.7400014779258 88.7716231204622 88.8088086592508 88.8305135079733 88.7533089585255 88.7288521398473 88.7504834590816 88.7927561796463 88.9183128571764 88.9648331680834 89.0915724344563 89.0907669329186 88.9042756051794 88.6477504728304 88.5395644368018 88.5063770496763 88.6188407712531 88.5592245265434 88.4702001404046 88.174646931135 87.4972970973004 86.6743634806101 86.3136007913382 86.1189329698797 86.3668792926716 86.5046750630903 86.4108229074498 86.2990131908482 86.2231674434604 86.297413211446 87.6265461912097 88.2434909671221 88.6252105386802 88.9100849196621
86.254440145326 86.4235778439397 86.7851072348788 86.9355023359417 87.40684489733 87.8654426885631 87.6770881500165 87.3392743008337 87.3538379848227 87.4563880842234 87.6028108567863 87.7999096746178 87.9531316498099 88.0101675270537 88.000001491099 87.6087006225351 87.5300137514232 87.8855171729782 88.1829450565353 88.4327659939848 88.537125260574 88.4243759868645 88.4330029386044 88.3188771904068 88.2039291143711 88.348829894 88.5468762537276 88.7936474197401 88.8797425190072 88.7205033239929 88.6247402015816 88.3597144359047 88.100247130968 87.9771031648247 87.6996353030137 86.9155333236246 86.4532674276092 85.8497192728514 85.7801373460087 86.0810683085859 86.3119844550485 86.4015833231758 86.3596491957335 86.4039355468192 86.8122584814834 87.1526671246581 88.3622014667191 87.9304662457168 87.5848227788483 87.8870003901253
85.9571161725874 86.1663211017546 86.2405936380165 86.4342030670208 87.035400647492 87.5840110578279 87.5748079626809 87.2746405317547 87.2074687290957 87.2735152379515 87.4383439164113 87.5551977992824 87.4209129096243 87.3790372777906 87.5001168686181 87.2694563041005 87.1858956032863 87.5961227667742 88.0525349865981 88.249254833842 88.312354178074 88.2873604921181 88.3618597089816 88.169632407384 87.8596044390637 87.9961507373837 88.1552015888469 88.3913000351127 88.50954309457 88.5266983572238 88.5424962482431 88.405019320175 88.3374646822165 88.2727860377575 87.8893172582452 86.7662361316818 86.5962778611531 86.3790900269016 86.2275728385288 86.268964952085 86.6102596854105 87.1422131096196 87.1805544096375 87.1023068362862 88.0257351015897 88.5873616540379 89.2266583276659 89.0084168885652 88.5184828574035 88.2523516423796
85.9000872309712 86.046011457359 85.9336582552303 86.1487421770718 86.6107116518839 87.1604814612607 87.5131733551578 87.5119988356589 87.4451416875438 87.2561834895494 87.3415255889672 87.4762371404308 87.1974010137172 87.0506974069077 87.0765008952507 87.0162398265762 87.0744996770143 87.4035639189035 87.8708988189429 87.9390697191979 88.0528935928835 88.0829848891964 88.1503389819445 88.0835038745454 87.5193843193335 87.4033858911435 87.6954474207629 88.0767756581055 88.1812338639288 88.2433398454478 88.2878865780517 88.2216504486758 88.2096989922225 88.1722139844034 87.8649096521719 86.9664055262405 86.3900959768162 86.2267903311902 86.4398330161705 86.5681870820199 87.2625446103139 88.1642731649103 87.9872914200517 87.9875443908377 88.9956370016952 89.4299107872906 90.1458572828644 90.1571296419663 89.8095539448569 89.1706927090443
85.8241880320261 85.8080878352316 85.9102729859669 85.9557176687048 86.1120094731078 86.5522120862699 87.1426272221486 87.5101488582383 87.5886529701748 87.4030645436175 87.3866068779546 87.5940556076866 87.5996237952078 87.3235429457245 87.1274829151307 87.1318058538517 87.1597308377334 87.1668894201603 87.3375933021379 87.4615239198057 87.7115100404356 87.8789262074328 87.9077487754452 87.9008809263884 87.4074084180649 87.0037328101256 87.1687260124069 87.5942316486962 87.9205169897369 88.0364326710551 88.0089217224537 88.0229180666272 87.9880447251923 87.7597119563961 87.6348273324871 87.371978985013 87.1102313467395 87.0466154406125 86.9798852202098 87.4024864736778 88.2440323955039 88.632540183109 87.9933296422304 87.9577538701736 88.9355435465292 89.4938345702531 90.5938301402945 90.4977221903504 90.3096249694032 90.0401053155884
85.7256031581399 85.5601738941053 85.8261356431405 85.7532547149195 85.8021917979332 86.0361737835533 86.4574221343012 86.8336227869883 87.1005807133885 87.3587940476786 87.4363985915976 87.5946579316757 87.8503009505408 87.7184465767267 87.5774318164843 87.5932054129185 87.5823749868979 87.4957145814471 87.344323947296 87.4702557537194 87.7075826177704 87.811583750789 87.6574040422459 87.6043969294795 87.3451863666598 87.0107280637784 86.9897364731685 87.3182963876619 87.8448352426644 87.9533541174468 87.8844908644171 87.9513629766359 87.9162250870441 87.8100173475813 87.8437689377237 88.0104084668014 88.2951184993718 88.2172750344761 87.6338411854049 88.1260853259332 88.886860220925 88.5074603536381 87.7305057793689 87.9075147584432 88.801720236969 89.3228472183455 90.5125119324956 90.4699175984464 90.3601391358897 90.3569175248993
85.523856631885 85.4323894662744 85.7008047723542 85.5711267927819 85.5547346120974 85.7558253290371 86.0182842497409 86.1866048062874 86.4756311765077 86.9761322222256 87.2302646694168 87.3502201572443 87.6447354392203 87.7319709549418 87.7416974447783 87.8416250916816 87.9084548941549 87.8920449581912 87.8036461009228 87.8466308362746 87.9490936009017 87.9102134384488 87.6221695210676 87.4424783721926 87.2944957476514 87.4584348488735 87.53794380837 87.5055587997662 87.856754197624 88.152174151201 88.2036580927086 88.1815492834762 88.2322554407404 88.3565365601666 88.5064976687111 88.867637457905 88.9163451035146 88.560464648393 88.2541118197529 88.7242675817673 89.0192437048486 88.2655145586776 88.0154748218328 88.7335641729288 89.3117412509617 89.7945016742107 90.2793605464776 90.2515998965476 90.241863140897 90.3121072119871
85.4527896632412 85.3062972939621 85.6652195338274 85.4753148490238 85.3904614320845 85.5474193605628 85.7105911255021 85.8775597683643 86.0966164543645 86.4962907596246 86.8735164728107 87.0373486517071 87.4801489884695 87.5914555734819 87.5578743132013 87.739385084616 87.9063270460712 87.9346361685649 87.9456353362878 87.9315238560988 87.9716952952684 87.995237661787 87.8175368494665 87.6428132951282 87.6540377010318 88.1014833970362 88.1412634276095 87.9836973474727 88.1510682113226 88.4923535421701 88.6112370235273 88.4872714697109 88.5515856573077 88.7257652592525 88.9320711538498 89.264539814786 89.2968852190141 88.9835166233809 88.9780186933761 89.3143162668704 89.0905721146041 88.7306243521801 88.9776546008811 89.3774304202955 89.6363509292125 89.9047467400032 89.3222029730468 89.3214274515084 89.2639346842918 89.5749447463368
85.1850104520928 85.2083706910668 85.5001499463321 85.3874219876037 85.2886230615185 85.4090739567884 85.5929235753855 85.798846558708 85.9057305415294 86.1054472350198 86.4833153511912 86.7672365993641 87.2377419444633 87.414450780096 87.4346233608036 87.559462517169 87.6335559360939 87.729843333005 87.7671519087603 87.6876311547437 87.7475317632035 87.8636217745925 87.9900467873581 88.0029737809166 88.1028520123919 88.3023313890396 88.3559803900585 88.382464563775 88.5297642044705 88.6375155716644 88.694204289157 88.602032702137 88.5426132748268 88.5641855862111 88.6701606843205 89.1629848290587 89.2983392087641 89.2075929580573 89.2459890133255 89.3743598260239 89.2792191160172 89.3258246304726 89.5415866466718 89.5268467302723 89.5302773001107 89.3511212571901 88.2999801140033 88.0351340351218 88.4765685627699 88.7380979865406
84.7634863455467 85.1235830047304 85.1617490019869 85.2113266140448 85.1625759089018 85.2536818247514 85.4348649021044 85.6400607666984 85.695267919464 85.718255438197 86.0012627586699 86.2734593168337 86.6890708233647 86.9939896616871 87.2343073780841 87.3608671590768 87.4227691157105 87.5761011789254 87.6024902661699 87.5958937046715 87.5667300130836 87.5465515686267 87.7599809182562 87.888194489644 88.2438517519696 88.3043901418962 88.3399168051764 88.3087409295646 88.3366734154932 88.3626526814025 88.4099198851963 88.4581094346147 88.6470680206315 88.5735389411316 88.4888960709827 88.6104149790148 88.9008822348264 88.8863989281212 88.8735499374277 89.0064824738115 89.0679359030625 89.0538551876656 89.106287946808 89.118504827319 88.9223089460224 88.37471942268 87.6705491483554 87.1388054949289 87.8362318603337 88.361687696452
84.5878162297894 85.0625646837748 84.9284809940637 84.9048069063561 84.9530714508263 85.0025439473673 85.1480658685317 85.221509067667 85.2433543458443 85.3022021488305 85.4631448763676 85.5748790200846 85.9732505209438 86.4776512036885 86.8411934308958 87.0060968132771 87.1891015688342 87.2787973706753 87.4459966557894 87.6008909216881 87.5197128128785 87.4553446572514 87.3959950899416 87.3099322658645 87.6510872070074 87.6762148182971 87.7536480475264 87.8329209819608 87.7017254092302 87.530586599708 87.6663993167158 87.8867033018548 88.3276645088114 88.6010429261171 88.5890762013661 88.501067298079 88.6406443176328 88.3741969700415 88.2318831160467 88.4874318843895 88.4019975097965 88.2351420451741 88.2887841051963 88.2374648055932 87.9992657269432 87.4504185254191 86.6277471919309 86.2825257024529 86.3556013665544 86.6764805469596
84.4830145367224 84.9959400823677 84.9390588538799 84.8486286298915 84.8121290449369 84.8440127091119 84.8793285330956 84.7968492738124 84.7219890859957 84.8177860032799 84.9712235235097 84.9987217060789 85.1843524574311 85.6455615886802 85.9755925790341 86.1272058807484 86.4371621093327 86.684341209325 86.9381886049982 87.2214100821139 87.4395385063518 87.4066249895339 87.098395156071 86.8901667681185 86.93332860787 86.968573765239 87.0526034430387 87.1569863375862 87.0740961606925 87.0632915439345 87.3732763025539 87.4165271848896 87.3432018164801 87.7244406010933 87.8434084517816 88.1562194394586 88.0654959793088 87.6169427254952 -9999 87.9161462136868 87.8816024001895 87.8101174179565 87.793209814198 87.3967464902186 86.9236618652611 86.6140132547038 86.6099061793499 86.1242328293447 85.5670037442861 84.9450822805417
84.4959790622273 84.7583884990936 84.7836756095884 84.8338590231521 84.749032020399 84.71756541352 84.6987562645489 84.6158977761531 84.5331150206199 84.5829271437053 84.6487922995786 84.7256942533985 84.6745459216933 84.8428242228937 85.1662862706935 85.4497154315444 85.8185464458815 86.1726508084766 86.4440107507811 86.8448794498137 87.1608391658165 87.1615749256194 86.8570832360838 86.585520580276 86.4659746089404 86.6338458559022 86.6468523908228 86.6000028723001 86.6957269856946 86.9677332713466 87.4107560681879 87.4618480864549 87.1276194572851 87.125951677498 87.0838383326744 87.104411700937 86.9739710342845 86.9066146329074 87.2376563718725 87.3887527951425 87.3349646687189 87.3959228607775 87.6422660851208 87.1400606487687 86.6132567132362 86.7776824084967 87.1300882873712 86.3658814601478 86.0095109549242 85.5655050281159
84.0921060713679 83.8030293633682 83.9247307170908 84.1590240139815 84.2412724860779 84.1240737598785 84.1589831884718 84.1683665593084 84.0774655015791 84.2305606082328 84.6114651080308 84.8801894762968 84.6596015888857 84.5716890195685 84.7845408773339 84.8227441050187 84.823872148077 85.2461154667715 86.0066325575212 86.4279843046746 86.7863244342482 86.8506006706734 86.8749449625848 86.8455742828002 86.7784430107821 86.5952293987117 86.4893630424974 86.3554365841009 86.2390737258569 86.3331563782039 86.4331117680808 86.5433079204433 86.7039032067602 86.8478294014447 86.8551955279816 86.5481383135821 86.5800331293809 86.3506259534798 -9999 -9999 86.2291981097584 86.1823495557209 86.4042360818932 86.6811099909473 86.567919464926 86.2764909006629 86.9087311886576 86.6080296766934 85.9304649187408 85.8824821979716
83.8605221071193 83.6607644331 83.8782734608585 84.0408064564271 83.9540334543589 83.8430481674369 83.9380658655834 83.925147026927 83.7699021366166 83.9168842562153 84.3875120614563 84.6617796946208 84.6676475029066 84.7550826237575 84.9003190053801 84.9847384712737 85.1682721447749 85.474450954048 85.9046092846132 86.1395048078084 86.4313664181746 86.6747663746932 86.7681582676828 86.8282189123381 87.0495291084208 86.9005425825946 86.5354696489534 86.2592197151537 86.1316549030899 85.9671336917897 85.9870653630759 86.1370916325297 86.3388140254488 86.44286832114 86.7037714592759 86.4038779909248 86.5653950796974 86.6793082513796 86.3897147258889 -9999 85.8251119628387 85.7325998046254 85.7821799456403 85.8733870192719 85.7401674643419 85.176103589245 85.7968120444028 85.5316951172913 84.2283703821527 83.8307534807064
83.4480194258099 83.7627522324668 83.8195640821686 83.8115193205698 83.6546452567683 83.6684455090363 83.705538564197 83.7046724675018 83.6338197306113 83.6320423576197 83.8700779646929 84.1466399636411 84.9590555772502 85.1522927337213 85.074135299073 85.3531115070244 85.7951126591013 86.0537646845308 86.1289844893299 86.2008137029353 86.3638140538098 86.6076268240041 86.6818791291092 86.6092373383932 86.8211029565797 86.8701444314621 86.5886616422999 86.0620735689513 85.870358768386 85.6750424087287 85.6520995157541 85.8599350721007 86.1163408738215 86.1894037350083 86.4497151565367 86.3314389019294 86.5253621581088 86.6202531574384 86.3613912597316 85.9832791871535 -9999 85.5462557014501 85.7717712092211 86.0200006097393 85.8701346005759 85.0916473574196 84.1068532783126 84.0969564785096 83.3806539291689 82.6943218517853
83.4142185487134 83.5391223886844 83.5624862375282 83.4101757423092 83.3408284072077 83.4393761319501 83.4240161338332 83.3845604421414 83.4118206866206 83.369335338008 83.4095558728692 83.5200546389946 84.511322528225 84.9507904067739 85.0527758925291 85.2941235872431 85.5498811909251 85.7295204897497 86.0227438521916 86.1772080362913 86.264526472624 86.4049485364958 86.4139221700411 86.3371725285598 86.6648764745923 86.6745358286458 86.4499174198856 85.9000264559336 85.61968718844 85.7107111262708 85.7029814157031 85.7011275467764 85.8147925226963 85.9153072143228 86.0645608674082 86.0738599561734 86.4312428175639 86.3459873508981 86.1708993176051 86.1026898506679 -9999 -9999 -9999 86.4571649154869 86.1297916165947 85.3650270794739 84.0172425610709 83.2951983881045 83.2542019025943 82.479103544521
