rcp8.5models/MPI_ESM_LR/sc1gr5.15
NCOLS 261 
NROWS 433 
XLLCORNER 336357.134 
YLLCORNER 654653.479 
CELLSIZE 1000 
NODATA_value -3.4e+38 
[rows 352 to 373 of 433, columns 196 to 244 of 261]
280.768157958984 280.563262939453 280.234344482422 279.760986328125 280.417266845703 280.291900634766 280.018005371094 281.138427734375 282.173278808594 282.875061035156 283.372161865234 283.449157714844 283.898315429688 283.988891601562 284.075866699219 284.437042236328 285.1279296875 285.085510253906 284.866027832031 284.864074707031 284.943603515625 284.146301269531 283.384124755859 285.292694091797 285.310699462891 285.532012939453 285.622314453125 285.502380371094 285.006561279297 285.691833496094 286.879455566406 287.218322753906 286.876159667969 287.294067382812 286.757720947266 286.374847412109 286.571594238281 286.888366699219 286.127593994141 286.549987792969 287.513946533203 287.957122802734 288.414184570312 -3.4e+38 -3.4e+38 -3.4e+38 -3.4e+38 287.950073242188 288.593170166016
280.856597900391 280.567504882812 280.134002685547 280.01513671875 280.437133789062 280.754272460938 280.767944335938 281.817413330078 282.182250976562 282.853210449219 283.176452636719 282.855712890625 283.467559814453 283.545196533203 283.836486816406 284.001708984375 284.840209960938 284.810791015625 285.335083007812 285.242858886719 285.210174560547 284.511322021484 284.167907714844 285.621856689453 285.872406005859 285.795196533203 285.978698730469 285.931427001953 285.707824707031 286.057556152344 287.020660400391 287.475189208984 287.300109863281 287.509490966797 286.813842773438 286.549072265625 286.952056884766 287.202178955078 286.614868164062 286.646575927734 -3.4e+38 -3.4e+38 -3.4e+38 -3.4e+38 -3.4e+38 -3.4e+38 -3.4e+38 288.214874267578 289.184204101562
280.839019775391 280.316345214844 280.38330078125 280.856079101562 280.807312011719 281.165771484375 280.863159179688 281.076019287109 281.696472167969 282.057495117188 282.464447021484 282.738250732422 282.957153320312 283.229583740234 283.576141357422 283.989807128906 284.515258789062 284.838806152344 285.451232910156 285.51025390625 285.531555175781 285.045562744141 285.269378662109 285.904418945312 286.004211425781 285.956726074219 285.941802978516 286.261596679688 286.491851806641 286.437805175781 286.900421142578 287.478729248047 287.630737304688 287.569427490234 287.027862548828 286.708557128906 287.334686279297 287.319854736328 286.515686035156 -3.4e+38 -3.4e+38 -3.4e+38 -3.4e+38 -3.4e+38 -3.4e+38 -3.4e+38 -3.4e+38 -3.4e+38 288.912414550781
280.826110839844 280.264984130859 280.378143310547 280.966064453125 281.205841064453 281.272796630859 280.965850830078 280.409088134766 280.777160644531 281.514099121094 282.089294433594 282.623748779297 282.494171142578 282.96484375 283.399108886719 283.999633789062 284.285797119141 284.587310791016 285.397308349609 285.568725585938 285.612274169922 285.451812744141 285.650970458984 286.138732910156 286.207977294922 286.267333984375 286.157684326172 286.505493164062 286.949951171875 286.609649658203 286.838073730469 287.277252197266 287.550445556641 287.570037841797 287.427917480469 287.101837158203 287.404663085938 287.470306396484 -3.4e+38 -3.4e+38 -3.4e+38 -3.4e+38 -3.4e+38 -3.4e+38 -3.4e+38 -3.4e+38 -3.4e+38 -3.4e+38 -3.4e+38
280.934509277344 280.371704101562 280.244384765625 280.761322021484 281.417541503906 281.595520019531 281.334167480469 280.753540039062 280.241760253906 281.210327148438 282.429504394531 282.619079589844 282.291931152344 282.288665771484 282.958099365234 283.528656005859 283.807067871094 283.555755615234 284.882080078125 285.45166015625 285.722961425781 285.695190429688 285.844665527344 286.143981933594 286.376617431641 286.457702636719 286.603942871094 286.716369628906 287.107940673828 286.847747802734 287.186614990234 287.257995605469 287.407653808594 287.546020507812 287.713592529297 287.336303710938 -3.4e+38 -3.4e+38 -3.4e+38 -3.4e+38 -3.4e+38 -3.4e+38 -3.4e+38 -3.4e+38 -3.4e+38 -3.4e+38 -3.4e+38 -3.4e+38 -3.4e+38
280.555419921875 280.267150878906 280.524993896484 280.910003662109 281.835998535156 282.111358642578 281.586181640625 281.73681640625 280.988677978516 281.374359130859 282.682312011719 282.753662109375 282.771484375 282.356872558594 282.747680664062 282.989440917969 283.112701416016 283.066314697266 284.416076660156 285.371490478516 285.675323486328 285.843109130859 285.967956542969 286.051208496094 286.244140625 286.564208984375 286.784790039062 286.818084716797 286.924530029297 287.060485839844 287.202880859375 287.245971679688 287.425872802734 287.526672363281 287.609771728516 287.344421386719 -3.4e+38 -3.4e+38 -3.4e+38 -3.4e+38 -3.4e+38 -3.4e+38 -3.4e+38 -3.4e+38 -3.4e+38 -3.4e+38 -3.4e+38 -3.4e+38 -3.4e+38
280.298187255859 280.373626708984 281.119750976562 281.208740234375 281.998168945312 282.254760742188 281.748931884766 282.383605957031 282.025390625 281.802856445312 282.709228515625 283.119934082031 283.241577148438 283.027099609375 283.306457519531 283.014678955078 282.935943603516 283.206176757812 284.406951904297 285.203063964844 285.211181640625 285.6083984375 285.776458740234 285.759246826172 285.735565185547 286.314056396484 286.331665039062 286.116546630859 286.4775390625 286.712097167969 286.806396484375 287.069549560547 287.245208740234 287.410003662109 287.375030517578 -3.4e+38 -3.4e+38 -3.4e+38 -3.4e+38 -3.4e+38 -3.4e+38 -3.4e+38 -3.4e+38 -3.4e+38 -3.4e+38 -3.4e+38 -3.4e+38 -3.4e+38 -3.4e+38
280.637298583984 280.731719970703 281.473907470703 281.375793457031 282.09765625 282.251892089844 282.164184570312 282.460754394531 282.109802246094 282.161804199219 282.87060546875 283.460357666016 283.375640869141 283.194244384766 283.877746582031 283.575775146484 283.309051513672 283.354858398438 284.368255615234 284.695068359375 284.829132080078 285.293914794922 285.392547607422 285.291748046875 285.452301025391 285.590698242188 285.518035888672 285.289093017578 286.108001708984 286.230133056641 286.737457275391 286.954681396484 286.730255126953 287.368499755859 287.472015380859 287.540557861328 -3.4e+38 -3.4e+38 -3.4e+38 -3.4e+38 -3.4e+38 -3.4e+38 -3.4e+38 -3.4e+38 -3.4e+38 -3.4e+38 -3.4e+38 -3.4e+38 -3.4e+38
280.988891601562 280.055633544922 280.464630126953 281.882202148438 282.391723632812 282.756439208984 282.850402832031 283.320953369141 282.927062988281 282.489715576172 283.210845947266 283.790710449219 283.746368408203 283.832244873047 284.188415527344 284.397033691406 284.037780761719 283.699554443359 283.209167480469 284.241577148438 284.314727783203 284.376922607422 283.277008056641 282.298431396484 284.028259277344 284.369323730469 284.696411132812 285.066497802734 285.632995605469 285.631561279297 285.776458740234 285.777893066406 286.792297363281 287.290893554688 287.624786376953 288.051452636719 -3.4e+38 -3.4e+38 -3.4e+38 -3.4e+38 -3.4e+38 -3.4e+38 -3.4e+38 -3.4e+38 -3.4e+38 -3.4e+38 -3.4e+38 -3.4e+38 -3.4e+38
281.623626708984 280.632232666016 280.351226806641 281.562133789062 282.094818115234 282.778015136719 283.513824462891 283.634429931641 283.495971679688 283.106536865234 283.752258300781 283.607666015625 282.145111083984 282.223052978516 284.335662841797 284.461608886719 284.061614990234 283.516296386719 283.196411132812 283.866271972656 284.023406982422 282.970184326172 280.745697021484 280.064727783203 283.352874755859 284.575439453125 285.209930419922 285.499084472656 285.995452880859 285.936706542969 285.611877441406 285.670867919922 286.975769042969 287.329284667969 287.693511962891 287.960723876953 288.136077880859 -3.4e+38 -3.4e+38 -3.4e+38 -3.4e+38 -3.4e+38 -3.4e+38 -3.4e+38 -3.4e+38 -3.4e+38 -3.4e+38 -3.4e+38 -3.4e+38
282.116668701172 281.706329345703 281.490844726562 281.836944580078 281.700347900391 282.665100097656 283.332366943359 283.557891845703 283.579254150391 283.618988037109 283.833557128906 283.979431152344 282.090789794922 280.663330078125 284.476959228516 284.536987304688 284.304382324219 283.846038818359 283.242645263672 283.419891357422 283.631622314453 282.412536621094 280.998779296875 281.347198486328 282.395080566406 284.525329589844 285.689392089844 285.929504394531 286.129669189453 286.002105712891 285.917877197266 286.045837402344 286.80908203125 286.969299316406 287.229614257812 287.835052490234 288.306549072266 288.249114990234 288.319061279297 288.506713867188 288.833862304688 -3.4e+38 -3.4e+38 -3.4e+38 -3.4e+38 -3.4e+38 -3.4e+38 -3.4e+38 -3.4e+38
282.3115234375 282.040222167969 281.991516113281 282.089233398438 281.904754638672 282.571502685547 282.984100341797 283.600280761719 283.717742919922 283.622467041016 283.847625732422 284.443359375 284.160919189453 282.717193603516 284.609954833984 284.794891357422 284.328308105469 284.066650390625 283.712677001953 283.572814941406 283.347412109375 282.621398925781 282.679016113281 283.424530029297 283.095916748047 284.929534912109 285.760314941406 286.120391845703 286.382690429688 286.170593261719 286.413116455078 286.313446044922 286.423461914062 287.033782958984 287.281860351562 288.115783691406 288.425689697266 288.319213867188 288.363067626953 288.588500976562 288.737274169922 289.013610839844 -3.4e+38 -3.4e+38 -3.4e+38 -3.4e+38 -3.4e+38 -3.4e+38 -3.4e+38
282.505737304688 282.042205810547 282.037445068359 282.401275634766 282.565673828125 282.902740478516 283.168731689453 283.896881103516 284.124816894531 283.878814697266 283.591217041016 283.60498046875 284.276123046875 284.745422363281 284.751525878906 284.836273193359 284.534515380859 284.302124023438 284.191070556641 283.915100097656 283.391815185547 282.848754882812 283.226287841797 284.023956298828 284.645141601562 285.512084960938 285.890411376953 286.334564208984 286.815124511719 286.662841796875 286.905456542969 286.799865722656 286.600311279297 287.055053710938 287.713012695312 288.310913085938 288.284820556641 288.273803710938 288.436676025391 288.509674072266 288.59130859375 289.053771972656 289.19970703125 -3.4e+38 -3.4e+38 -3.4e+38 -3.4e+38 -3.4e+38 -3.4e+38
282.619934082031 282.007537841797 282.204986572266 282.860595703125 283.131805419922 283.342437744141 283.363739013672 284.212280273438 284.409454345703 284.315826416016 284.064178466797 283.845001220703 284.302764892578 284.86376953125 284.832122802734 284.696655273438 284.910095214844 284.788818359375 283.871887207031 284.111389160156 283.779968261719 283.429473876953 283.701110839844 284.316345214844 285.027954101562 285.508331298828 285.831268310547 286.190582275391 286.849548339844 286.930114746094 287.165954589844 287.147186279297 287.024688720703 287.070281982422 287.798614501953 288.234008789062 288.339904785156 288.438720703125 288.506225585938 288.599761962891 288.604156494141 288.833618164062 289.038818359375 289.325012207031 289.328704833984 -3.4e+38 -3.4e+38 -3.4e+38 -3.4e+38
282.789367675781 282.394012451172 282.382232666016 282.775238037109 283.064849853516 283.424713134766 283.633605957031 284.251403808594 284.566192626953 284.488372802734 284.640258789062 284.672790527344 284.849609375 285.298645019531 285.185028076172 284.732421875 285.030883789062 284.903686523438 283.498138427734 284.203857421875 284.200531005859 284.147186279297 284.171478271484 284.525207519531 284.764373779297 284.856475830078 285.020355224609 285.332092285156 285.313018798828 286.960876464844 287.31787109375 287.281341552734 287.389862060547 287.593597412109 287.857025146484 288.184478759766 288.484191894531 288.554260253906 288.525482177734 288.696502685547 288.761077880859 288.797271728516 289.014404296875 289.295288085938 289.685089111328 -3.4e+38 -3.4e+38 -3.4e+38 -3.4e+38
283.063140869141 282.923950195312 282.547302246094 282.425018310547 282.967987060547 283.569580078125 283.968933105469 284.027954101562 284.717529296875 284.560791015625 284.645294189453 284.753509521484 285.210571289062 285.637664794922 285.646270751953 285.360534667969 285.378479003906 284.868469238281 283.524780273438 284.363525390625 284.604309082031 284.473358154297 284.518798828125 285.007720947266 284.838684082031 284.618621826172 284.636779785156 285.326751708984 285.079742431641 286.775238037109 287.327880859375 287.479278564453 287.815795898438 287.92529296875 287.641967773438 287.409515380859 288.498046875 288.629150390625 288.7587890625 288.624542236328 288.814147949219 288.995513916016 289.027221679688 289.225738525391 289.696929931641 289.902648925781 -3.4e+38 -3.4e+38 -3.4e+38
283.229461669922 283.307006835938 282.726379394531 282.446228027344 283.249908447266 283.638549804688 284.103881835938 284.223663330078 284.636962890625 284.495269775391 284.704132080078 284.959411621094 285.186584472656 285.578063964844 285.731262207031 285.68359375 285.363342285156 285.019927978516 283.865966796875 284.379425048828 284.876586914062 284.838531494141 284.584564208984 285.362915039062 285.3701171875 284.874725341797 284.543792724609 285.452789306641 286.287811279297 286.648651123047 286.8525390625 287.372161865234 288.131256103516 288.144226074219 287.284576416016 287.517883300781 288.338562011719 288.476593017578 288.770629882812 288.798217773438 288.819396972656 289.284881591797 289.453430175781 289.450897216797 289.759429931641 -3.4e+38 -3.4e+38 -3.4e+38 -3.4e+38
283.409790039062 283.265167236328 282.893585205078 282.775085449219 283.213226318359 283.455688476562 283.927734375 284.491088867188 284.428009033203 284.421844482422 284.628784179688 284.837432861328 284.906982421875 285.651672363281 285.753173828125 285.750946044922 285.339477539062 285.095855712891 284.129028320312 284.514068603516 285.139373779297 284.701690673828 284.519317626953 285.386779785156 285.595642089844 285.501495361328 285.520446777344 285.969665527344 286.806365966797 286.8310546875 286.877166748047 287.637817382812 288.216522216797 288.209106445312 287.833374023438 288.173126220703 288.203186035156 288.331359863281 288.62060546875 289.028869628906 288.984344482422 289.542663574219 289.766540527344 289.750549316406 289.741577148438 -3.4e+38 -3.4e+38 -3.4e+38 -3.4e+38
283.763580322266 282.933929443359 282.930725097656 283.120330810547 283.309631347656 283.439605712891 283.517761230469 284.367797851562 284.529724121094 284.780212402344 284.744049072266 284.993865966797 284.916809082031 285.635528564453 285.721862792969 285.937103271484 285.591094970703 285.328826904297 284.940399169922 284.978851318359 285.345306396484 284.774383544922 285.060333251953 285.908203125 286.086853027344 286.309844970703 286.666595458984 286.7470703125 287.088836669922 286.922210693359 287.315185546875 288.151397705078 288.366760253906 288.351165771484 288.538970947266 288.350952148438 288.366851806641 288.422821044922 288.772979736328 289.068542480469 289.202514648438 289.709442138672 289.841491699219 289.638885498047 -3.4e+38 -3.4e+38 -3.4e+38 -3.4e+38 -3.4e+38
283.624237060547 283.176422119141 283.382507324219 283.689880371094 284.052703857422 284.082885742188 283.815246582031 284.480926513672 284.751861572266 285.265899658203 285.455963134766 285.611663818359 285.665008544922 285.866088867188 286.051818847656 285.937377929688 285.850189208984 285.670013427734 285.869995117188 285.636871337891 285.960021972656 285.886413574219 286.089080810547 286.448760986328 286.459716796875 286.391265869141 286.890686035156 287.432098388672 287.439697265625 287.452362060547 288.050689697266 287.988555908203 288.378479003906 288.418395996094 288.791687011719 289.047729492188 288.639739990234 288.940002441406 288.647033691406 288.677917480469 289.043151855469 289.627807617188 289.730773925781 -3.4e+38 -3.4e+38 -3.4e+38 -3.4e+38 -3.4e+38 -3.4e+38
283.732299804688 283.562042236328 283.600189208984 283.854644775391 284.495635986328 284.554016113281 284.159301757812 284.524810791016 284.936004638672 285.452484130859 285.635040283203 285.7841796875 285.871490478516 286.128173828125 286.043426513672 286.167694091797 285.996673583984 285.730041503906 286.072723388672 285.999206542969 286.178527832031 286.242218017578 286.257232666016 286.333251953125 286.553771972656 286.774719238281 287.013336181641 287.4326171875 287.559753417969 287.759246826172 288.211517333984 288.263671875 288.279083251953 288.440124511719 288.94775390625 289.225952148438 288.781555175781 289.226959228516 288.615844726562 288.447113037109 288.775390625 289.645172119141 -3.4e+38 -3.4e+38 -3.4e+38 -3.4e+38 -3.4e+38 -3.4e+38 -3.4e+38
284.008331298828 283.86279296875 283.774475097656 283.971496582031 284.504913330078 284.928466796875 284.591461181641 284.649261474609 285.217895507812 285.831970214844 285.834289550781 285.837585449219 286.161590576172 286.550201416016 286.471282958984 286.493011474609 285.937072753906 285.822021484375 286.132965087891 286.252014160156 286.271514892578 286.180541992188 286.280670166016 286.334777832031 286.78076171875 287.137481689453 287.482879638672 287.373382568359 287.53076171875 287.972625732422 288.355834960938 288.551116943359 288.593902587891 288.467346191406 288.901702880859 -3.4e+38 288.934417724609 -3.4e+38 288.776428222656 288.117767333984 288.62451171875 -3.4e+38 -3.4e+38 -3.4e+38 -3.4e+38 -3.4e+38 -3.4e+38 -3.4e+38 -3.4e+38
