rcp8.5models/MPI_ESM_LR/sc1gr4.33
NCOLS 261 
NROWS 433 
XLLCORNER 336357.134 
YLLCORNER 654653.479 
CELLSIZE 1000 
NODATA_value -9999 
[rows 330 to 351 of 433, columns 100 to 149 of 261]
249.021942138672 243.452987670898 240.051254272461 244.029037475586 235.002380371094 215.977813720703 205.23796081543 206.630325317383 207.807678222656 208.516647338867 210.086776733398 210.298828125 -9999 -9999 218.401565551758 215.106063842773 219.439788818359 225.763534545898 -9999 -9999 225.761047363281 220.281311035156 217.781280517578 216.394836425781 207.55046081543 196.496612548828 195.841186523438 205.075378417969 207.154541015625 204.884613037109 203.233596801758 203.21630859375 205.414581298828 206.944061279297 206.118423461914 207.12272644043 208.881256103516 207.256958007812 202.543975830078 196.132873535156 188.72705078125 183.135848999023 182.856948852539 187.799026489258 189.233901977539 188.521987915039 201.705444335938 209.922546386719 214.209701538086 216.12629699707
251.324829101562 237.403656005859 227.080261230469 233.502471923828 234.453811645508 220.703247070312 207.526977539062 201.25373840332 198.546249389648 199.195190429688 203.943603515625 205.179046630859 222.877029418945 -9999 224.225692749023 221.840789794922 220.386856079102 218.602188110352 220.237045288086 224.791000366211 226.639358520508 225.840667724609 222.199630737305 217.852920532227 210.125076293945 201.831619262695 195.918304443359 194.222366333008 196.524703979492 199.128890991211 198.083221435547 200.309982299805 203.859176635742 205.669906616211 204.136505126953 202.704284667969 202.712753295898 203.657272338867 203.487899780273 198.342651367188 192.19514465332 184.178131103516 178.142288208008 180.707153320312 184.893341064453 185.472625732422 202.968505859375 208.396636962891 213.439559936523 215.536987304688
265.841033935547 243.960968017578 229.185455322266 227.034149169922 227.189682006836 221.734802246094 212.000045776367 199.669647216797 194.676895141602 198.197692871094 206.683380126953 212.267562866211 223.359802246094 227.435333251953 -9999 -9999 223.551574707031 219.041030883789 215.477325439453 217.528076171875 223.321441650391 227.565338134766 226.334564208984 220.921813964844 214.056579589844 209.083526611328 202.422714233398 191.987915039062 188.153671264648 194.042984008789 197.124908447266 200.000061035156 202.727554321289 205.351196289062 204.932922363281 201.759994506836 198.527725219727 196.711166381836 196.303237915039 193.074340820312 187.994979858398 181.36311340332 175.402755737305 174.902404785156 179.363922119141 183.94206237793 198.911117553711 206.120513916016 211.001937866211 213.131088256836
272.414184570312 245.086547851562 235.385894775391 228.530914306641 223.317443847656 220.549530029297 213.560409545898 202.809326171875 200.986709594727 208.166946411133 215.875076293945 219.346160888672 -9999 -9999 -9999 -9999 222.942504882812 221.157821655273 217.856338500977 215.577865600586 217.578460693359 222.416152954102 225.063293457031 222.326690673828 215.785217285156 212.966079711914 208.007827758789 200.473495483398 193.134063720703 193.57829284668 199.35710144043 202.27490234375 202.754547119141 202.828750610352 202.935165405273 200.031265258789 195.602645874023 191.226150512695 187.335403442383 185.330795288086 182.394638061523 178.417617797852 175.289443969727 174.693634033203 178.186370849609 185.962631225586 194.732482910156 200.881393432617 200.803039550781 203.933486938477
271.225372314453 238.636856079102 228.661254882812 225.77392578125 221.972473144531 217.608016967773 209.911254882812 200.174942016602 199.157745361328 206.183715820312 211.11750793457 214.391525268555 220.116439819336 227.103897094727 -9999 -9999 223.276580810547 221.119842529297 219.291229248047 217.304214477539 215.712478637695 215.739669799805 218.566879272461 219.606826782227 217.330383300781 216.311996459961 213.810317993164 209.138885498047 203.355682373047 199.640747070312 201.901901245117 203.904861450195 202.82048034668 200.754150390625 200.35595703125 195.998565673828 190.048049926758 185.808532714844 180.219955444336 177.159561157227 179.081558227539 178.021499633789 176.279556274414 176.075653076172 177.407257080078 181.507171630859 194.473648071289 199.309158325195 198.859527587891 201.101654052734
267.250305175781 251.517501831055 237.703582763672 230.995971679688 225.988403320312 214.485061645508 203.24284362793 194.53337097168 193.495849609375 198.499252319336 200.206268310547 203.99201965332 218.205154418945 226.032592773438 225.057800292969 223.631607055664 221.929183959961 219.544738769531 218.540771484375 218.174987792969 216.505157470703 213.133926391602 211.841613769531 212.55810546875 215.417877197266 216.211776733398 217.37646484375 216.000793457031 211.750183105469 206.172714233398 202.976379394531 201.119918823242 201.261810302734 200.201675415039 197.409439086914 192.164489746094 184.944580078125 179.014144897461 175.750503540039 174.310043334961 176.765594482422 177.009521484375 176.574234008789 176.463943481445 175.924942016602 176.13818359375 187.963775634766 194.751586914062 200.764846801758 205.043273925781
274.228179931641 277.090759277344 273.463317871094 264.930419921875 247.582260131836 233.213150024414 215.780151367188 198.976989746094 199.929763793945 201.761123657227 204.835327148438 208.470504760742 212.277603149414 212.47346496582 207.347351074219 196.675094604492 195.069595336914 204.62565612793 212.368774414062 214.944686889648 216.372268676758 215.316711425781 211.961135864258 205.765075683594 203.070709228516 207.609725952148 211.675262451172 214.485168457031 215.170272827148 213.661560058594 209.503067016602 202.663314819336 198.539840698242 196.354522705078 191.646362304688 181.481140136719 178.612289428711 174.288299560547 173.638885498047 176.101928710938 177.59831237793 177.579681396484 178.400863647461 178.326095581055 181.814270019531 186.380310058594 199.95133972168 193.667984008789 188.886215209961 192.864959716797
282.863098144531 283.442474365234 280.767639160156 272.820526123047 257.636871337891 244.944854736328 223.761917114258 202.754364013672 201.887573242188 200.851043701172 202.622268676758 205.265029907227 201.95426940918 200.402786254883 199.171844482422 194.254043579102 191.021484375 199.649047851562 212.121994018555 214.727294921875 214.037094116211 213.899932861328 213.844985961914 208.11572265625 198.112747192383 201.556427001953 205.347076416016 209.163604736328 211.000228881836 210.617340087891 209.753036499023 206.398574829102 204.042236328125 201.836410522461 195.780395507812 181.828353881836 180.897430419922 178.817077636719 176.585174560547 177.479110717773 180.240112304688 185.333251953125 186.905700683594 186.181701660156 195.816848754883 204.145553588867 215.016494750977 210.015716552734 202.272308349609 199.331481933594
288.528717041016 289.183654785156 286.728576660156 280.176116943359 269.137268066406 254.035293579102 231.545928955078 216.564819335938 212.184066772461 205.9228515625 204.306701660156 204.351135253906 198.435958862305 193.358901977539 194.082229614258 193.1650390625 191.565017700195 198.585906982422 209.493133544922 211.005279541016 210.626556396484 210.925247192383 213.279144287109 209.815277099609 194.073043823242 193.04035949707 197.013275146484 202.497222900391 205.721328735352 206.381134033203 206.864898681641 205.853973388672 204.554656982422 202.796447753906 198.233413696289 185.06396484375 179.693008422852 178.147369384766 179.317276000977 180.114608764648 188.023788452148 199.513534545898 197.072494506836 198.468322753906 211.373413085938 219.613143920898 230.33186340332 228.225341796875 221.717895507812 213.928039550781
293.591644287109 293.365570068359 288.186859130859 284.345855712891 279.891723632812 267.330200195312 250.706939697266 239.185989379883 231.267700195312 224.121551513672 217.542953491211 214.889694213867 215.352981567383 203.631622314453 197.156677246094 196.170486450195 195.589874267578 195.977355957031 198.902206420898 200.177993774414 204.557037353516 208.344436645508 208.86181640625 206.398971557617 194.101409912109 188.848297119141 190.338897705078 195.242691040039 201.254287719727 205.004241943359 204.205596923828 202.945220947266 200.744934082031 197.985443115234 196.154144287109 189.561264038086 187.689407348633 187.687408447266 185.839294433594 190.897735595703 203.960205078125 210.154083251953 198.856704711914 199.207305908203 213.623764038086 223.574508666992 240.445251464844 237.569763183594 232.938018798828 227.989227294922
296.142364501953 295.317626953125 287.014801025391 282.654418945312 282.603790283203 276.109466552734 266.648223876953 259.639862060547 252.417190551758 242.339462280273 233.169692993164 232.233596801758 231.742172241211 218.302108764648 210.261657714844 211.389999389648 210.8994140625 206.235122680664 203.458236694336 204.779754638672 206.622451782227 208.874771118164 205.935180664062 202.507064819336 193.792068481445 189.753829956055 190.020446777344 195.017074584961 204.081726074219 207.377822875977 204.310684204102 202.255844116211 201.594665527344 201.964157104492 202.06135559082 201.389297485352 206.235549926758 204.23844909668 194.514526367188 203.083557128906 217.472946166992 210.22282409668 196.31526184082 198.217208862305 214.215209960938 224.407516479492 244.948318481445 246.406768798828 240.829803466797 235.934936523438
296.040954589844 297.360870361328 290.219818115234 284.612976074219 283.263061523438 278.684722900391 273.364654541016 270.186614990234 264.354705810547 254.569076538086 247.37336730957 244.968490600586 238.375183105469 226.145553588867 222.464477539062 226.37174987793 226.588684082031 223.909927368164 222.458419799805 220.500030517578 216.776245117188 214.01985168457 207.962799072266 202.303192138672 195.965118408203 200.892517089844 203.386474609375 200.827682495117 208.903732299805 215.248489379883 212.761840820312 210.007186889648 212.223968505859 215.148620605469 217.205215454102 220.900283813477 222.723098754883 214.563583374023 207.335571289062 216.837249755859 223.198059082031 208.402084350586 202.925308227539 213.980972290039 225.574020385742 234.843322753906 246.320114135742 248.344528198242 244.724548339844 242.801864624023
295.378631591797 298.420562744141 294.014739990234 287.778076171875 283.228851318359 279.868011474609 277.216003417969 274.010223388672 268.610534667969 262.138916015625 256.145416259766 251.609146118164 243.660751342773 233.814559936523 229.627960205078 232.43034362793 235.168640136719 237.154891967773 238.309936523438 235.819519042969 232.723022460938 226.624450683594 217.738677978516 211.547927856445 209.456741333008 217.229080200195 219.480453491211 213.463088989258 218.184097290039 225.57633972168 225.784530639648 222.672988891602 222.106781005859 223.570556640625 228.054428100586 235.518615722656 235.307235717773 227.17594909668 225.746032714844 231.823226928711 226.732666015625 218.679565429688 222.424560546875 229.740432739258 236.398086547852 245.651214599609 254.136779785156 254.533050537109 253.226608276367 252.863525390625
290.60009765625 297.165374755859 293.917938232422 287.272827148438 279.262542724609 276.364227294922 273.991638183594 271.490112304688 268.835754394531 265.142333984375 258.966064453125 253.557281494141 247.514083862305 241.782852172852 237.497283935547 235.537506103516 234.144332885742 237.789855957031 245.716445922852 249.106079101562 248.078628540039 242.260833740234 234.720016479492 230.012908935547 225.057678222656 229.013916015625 233.872329711914 234.455673217773 233.686477661133 234.429214477539 234.11149597168 229.589584350586 225.166381835938 223.575607299805 226.315307617188 238.389068603516 243.817428588867 242.752258300781 242.092498779297 241.038681030273 235.520401000977 235.904266357422 240.195541381836 241.953460693359 246.741394042969 253.808471679688 261.736022949219 264.186004638672 261.151794433594 259.834136962891
282.939086914062 296.886047363281 293.456573486328 284.469604492188 276.024353027344 273.726226806641 271.59716796875 267.780426025391 267.470092773438 268.169860839844 263.789245605469 259.388092041016 255.528930664062 250.534729003906 244.003829956055 238.782028198242 234.434341430664 233.708801269531 239.19140625 244.66325378418 250.402587890625 253.321594238281 250.144058227539 245.649841308594 235.140441894531 239.648452758789 245.532684326172 248.4912109375 246.744812011719 245.732040405273 246.205551147461 241.333114624023 234.755279541016 232.661041259766 227.64958190918 230.622222900391 243.50325012207 251.347274780273 252.436538696289 250.143325805664 249.098068237305 249.953475952148 251.397171020508 253.584991455078 255.678024291992 259.978668212891 264.590423583984 267.65478515625 263.506225585938 260.552825927734
281.710723876953 297.301788330078 291.327667236328 283.254089355469 279.046966552734 276.736053466797 275.530426025391 274.271697998047 275.854034423828 276.241394042969 272.780700683594 271.445251464844 267.342620849609 258.593475341797 250.660614013672 247.426223754883 245.124664306641 241.023071289062 236.658569335938 236.039169311523 241.336730957031 247.324645996094 253.804565429688 256.100677490234 249.422027587891 252.153686523438 253.842330932617 255.934326171875 257.493774414062 258.468933105469 259.075347900391 256.375122070312 250.553634643555 246.738952636719 239.28369140625 232.244155883789 244.428237915039 255.139373779297 258.063751220703 257.05712890625 257.416900634766 257.651519775391 258.363555908203 259.687652587891 260.91943359375 264.43115234375 269.483917236328 271.084747314453 269.977142333984 267.41845703125
289.082275390625 297.813720703125 293.415802001953 288.812835693359 286.345825195312 285.124053955078 284.938354492188 285.569519042969 287.633575439453 287.129943847656 284.301910400391 283.969573974609 278.046722412109 269.537292480469 264.333312988281 262.535736083984 258.472259521484 253.328735351562 248.29231262207 243.611709594727 241.298675537109 244.210205078125 253.850769042969 259.730255126953 260.621704101562 260.976165771484 261.327667236328 261.885528564453 262.661499023438 262.566162109375 260.459686279297 260.790374755859 261.702117919922 257.519500732422 254.383148193359 249.967864990234 253.906066894531 260.155242919922 -9999 260.342834472656 259.83837890625 260.232788085938 260.535919189453 263.60693359375 266.487518310547 268.053344726562 268.132537841797 270.776794433594 273.263458251953 275.753936767578
293.930633544922 294.437072753906 294.398742675781 293.539276123047 292.403747558594 292.519409179688 292.613403320312 292.737548828125 291.928863525391 290.451171875 287.203887939453 282.821990966797 283.848358154297 280.731201171875 274.934417724609 269.627624511719 264.811065673828 260.913879394531 257.727233886719 251.771865844727 247.034545898438 249.014038085938 255.706420898438 260.114135742188 263.362731933594 263.550231933594 263.795776367188 263.847351074219 263.212524414062 261.434967041016 258.013549804688 257.775817871094 261.255767822266 261.683166503906 262.693572998047 263.473724365234 263.432250976562 264.990447998047 263.212249755859 262.161285400391 262.207092285156 262.287811279297 260.924743652344 263.952575683594 267.011505126953 266.045928955078 263.826873779297 268.224639892578 270.0048828125 271.690979003906
294.173522949219 280.100372314453 285.624359130859 289.670349121094 289.693572998047 289.529968261719 291.050201416016 290.273651123047 286.147918701172 280.675842285156 273.21044921875 266.943328857422 272.675842285156 276.175079345703 274.152191162109 272.019439697266 271.747436523438 268.880523681641 259.741821289062 252.274612426758 243.217315673828 238.375823974609 243.696990966797 249.603088378906 253.714889526367 258.144165039062 261.808715820312 263.559844970703 264.459625244141 263.449554443359 262.641021728516 262.073333740234 261.007446289062 259.976776123047 260.949462890625 264.822479248047 264.839996337891 266.037780761719 -9999 -9999 267.187591552734 266.863708496094 265.877166748047 263.930053710938 264.486663818359 265.910491943359 262.548126220703 264.226257324219 267.711761474609 266.802551269531
297.189514160156 282.934661865234 289.242156982422 292.801055908203 289.331817626953 286.298950195312 288.371826171875 289.161315917969 286.853576660156 282.378997802734 271.469909667969 265.296264648438 267.865173339844 268.056610107422 267.080932617188 265.354797363281 263.309265136719 261.664367675781 257.128295898438 252.051025390625 244.758361816406 239.133316040039 238.874237060547 240.209609985352 243.970840454102 250.192947387695 256.944091796875 261.610961914062 263.316833496094 263.549560546875 263.564361572266 262.867218017578 262.339599609375 261.377166748047 260.110900878906 263.406768798828 262.522766113281 261.746704101562 263.738189697266 -9999 267.928741455078 268.440368652344 268.901000976562 267.671356201172 267.902465820312 270.731140136719 267.298950195312 268.674255371094 274.770446777344 275.71826171875
299.595581054688 291.148834228516 292.135711669922 293.756378173828 291.436553955078 289.734344482422 290.669738769531 289.828826904297 287.617889404297 284.472778320312 277.996246337891 272.100921630859 259.678009033203 258.591888427734 260.696350097656 255.776550292969 249.958709716797 246.864318847656 243.191116333008 240.805068969727 240.871429443359 239.629531860352 235.369720458984 234.171936035156 242.086685180664 245.469833374023 252.276947021484 260.144348144531 261.919769287109 262.791442871094 263.853546142578 263.532836914062 263.555969238281 261.719024658203 259.299530029297 262.085723876953 260.739410400391 260.439605712891 262.877410888672 265.011810302734 -9999 267.873504638672 267.198120117188 265.644195556641 266.148223876953 269.934814453125 274.757934570312 274.848999023438 277.569580078125 279.708587646484
298.550567626953 295.670959472656 290.929565429688 287.222351074219 287.661560058594 290.204803466797 291.346435546875 291.627685546875 289.037933349609 285.877685546875 285.524536132812 283.578308105469 264.590667724609 258.353668212891 259.106231689453 254.306976318359 249.48991394043 247.08349609375 238.763137817383 230.693344116211 227.990447998047 226.833038330078 223.402374267578 221.335952758789 235.165740966797 241.264633178711 249.572708129883 258.616180419922 262.328155517578 262.4541015625 263.021484375 263.509490966797 264.348266601562 262.702087402344 261.173034667969 261.893157958984 260.072052001953 260.526672363281 262.436431884766 263.127716064453 -9999 -9999 -9999 260.793334960938 262.488525390625 267.294464111328 273.901977539062 277.279846191406 276.874908447266 279.706665039062
