rcp8.5models/MPI_ESM_LR/sc1gr1.12
NCOLS 261 
NROWS 433 
XLLCORNER 336357.134 
YLLCORNER 654653.479 
CELLSIZE 1000 
NODATA_value -3.4e+38 
[rows 110 to 131 of 433, columns 147 to 195 of 261]
61.9479484558105 61.657470703125 61.7776641845703 61.9220848083496 61.8125114440918 61.6243057250977 60.9713554382324 60.6932792663574 60.4335441589355 60.4143600463867 60.5960006713867 60.2953224182129 60.6619606018066 61.040943145752 60.8519897460938 60.697151184082 60.404125213623 59.8989334106445 59.7146186828613 59.8663673400879 60.1851921081543 60.1697311401367 59.2880249023438 -3.4e+38 -3.4e+38 59.2594528198242 58.7279510498047 -3.4e+38 -3.4e+38 -3.4e+38 -3.4e+38 -3.4e+38 -3.4e+38 -3.4e+38 -3.4e+38 -3.4e+38 -3.4e+38 -3.4e+38 -3.4e+38 -3.4e+38 -3.4e+38 -3.4e+38 -3.4e+38 -3.4e+38 -3.4e+38 -3.4e+38 -3.4e+38 -3.4e+38 -3.4e+38
61.955940246582 61.8184394836426 61.7632217407227 61.7995948791504 -3.4e+38 61.4156875610352 61.1047325134277 60.8740348815918 60.6313400268555 60.5469627380371 60.5887184143066 60.1951065063477 60.4241523742676 60.9892425537109 60.9376907348633 60.742977142334 60.4877166748047 60.2367401123047 59.9778366088867 59.9102439880371 60.3170394897461 60.1631813049316 59.2910308837891 -3.4e+38 59.2632141113281 59.2242393493652 -3.4e+38 -3.4e+38 -3.4e+38 -3.4e+38 -3.4e+38 -3.4e+38 -3.4e+38 -3.4e+38 -3.4e+38 -3.4e+38 -3.4e+38 -3.4e+38 -3.4e+38 -3.4e+38 -3.4e+38 -3.4e+38 -3.4e+38 -3.4e+38 -3.4e+38 -3.4e+38 -3.4e+38 -3.4e+38 -3.4e+38
62.1764373779297 62.177375793457 61.9426879882812 61.9194488525391 61.7522811889648 61.6563682556152 61.4157676696777 61.0725898742676 60.9676399230957 60.6601257324219 60.6125831604004 60.2879943847656 60.4963684082031 -3.4e+38 60.8017807006836 60.6098785400391 60.6770782470703 60.2897148132324 59.783878326416 59.7425384521484 59.7541351318359 59.6973876953125 59.151252746582 59.0369415283203 59.338493347168 59.4238739013672 59.0174026489258 58.7185325622559 -3.4e+38 -3.4e+38 -3.4e+38 -3.4e+38 -3.4e+38 -3.4e+38 -3.4e+38 -3.4e+38 -3.4e+38 -3.4e+38 -3.4e+38 -3.4e+38 -3.4e+38 -3.4e+38 -3.4e+38 -3.4e+38 -3.4e+38 -3.4e+38 -3.4e+38 -3.4e+38 -3.4e+38
62.4994621276855 62.3181457519531 61.8214454650879 61.8345603942871 61.903751373291 61.5982513427734 61.4833374023438 61.4367332458496 61.1539497375488 60.6889762878418 60.7294311523438 60.3317527770996 60.3888359069824 60.5105667114258 60.4536247253418 60.2560195922852 60.3830642700195 60.233268737793 59.910961151123 59.5985450744629 59.4455718994141 59.9462661743164 59.2144546508789 58.9472999572754 59.202564239502 59.5331802368164 -3.4e+38 58.6415557861328 -3.4e+38 -3.4e+38 -3.4e+38 -3.4e+38 -3.4e+38 -3.4e+38 -3.4e+38 -3.4e+38 -3.4e+38 -3.4e+38 -3.4e+38 -3.4e+38 -3.4e+38 -3.4e+38 -3.4e+38 -3.4e+38 -3.4e+38 -3.4e+38 -3.4e+38 -3.4e+38 -3.4e+38
62.4961929321289 62.22705078125 61.8937683105469 61.8659629821777 61.6009902954102 61.5266494750977 61.6872940063477 61.6708984375 61.3487739562988 61.0457534790039 61.0978050231934 -3.4e+38 60.2149200439453 60.1614189147949 60.1755867004395 60.2293319702148 60.4303321838379 60.3281135559082 59.866096496582 59.7707862854004 60.2035980224609 60.4012908935547 59.6433029174805 59.4259071350098 59.2113876342773 59.0953216552734 58.9030342102051 58.6480827331543 58.502384185791 -3.4e+38 -3.4e+38 -3.4e+38 -3.4e+38 -3.4e+38 -3.4e+38 -3.4e+38 -3.4e+38 -3.4e+38 -3.4e+38 -3.4e+38 -3.4e+38 -3.4e+38 -3.4e+38 -3.4e+38 -3.4e+38 -3.4e+38 -3.4e+38 -3.4e+38 -3.4e+38
62.7610664367676 62.5806770324707 62.0343818664551 61.9992790222168 62.1141166687012 62.317569732666 62.0447845458984 61.5893745422363 61.4805946350098 61.5438652038574 61.3577003479004 60.9708824157715 -3.4e+38 60.6345291137695 60.7421493530273 60.513256072998 60.2803192138672 60.0136833190918 59.7751884460449 59.7292785644531 59.4774627685547 59.4831848144531 59.3196716308594 59.676643371582 59.184986114502 58.8903846740723 58.4570350646973 58.3975563049316 -3.4e+38 -3.4e+38 -3.4e+38 -3.4e+38 -3.4e+38 -3.4e+38 -3.4e+38 -3.4e+38 -3.4e+38 -3.4e+38 -3.4e+38 -3.4e+38 -3.4e+38 -3.4e+38 -3.4e+38 -3.4e+38 -3.4e+38 -3.4e+38 -3.4e+38 -3.4e+38 -3.4e+38
62.7841911315918 62.5144004821777 62.0426254272461 62.0635604858398 62.263542175293 62.3984909057617 61.9350509643555 61.5742454528809 61.4558525085449 61.6669769287109 61.3254661560059 60.9538650512695 60.897029876709 60.7894897460938 60.7970809936523 60.2851104736328 59.9161529541016 59.9230041503906 60.0087509155273 59.8173027038574 59.538745880127 59.4347267150879 59.3375473022461 59.6449737548828 59.1347999572754 59.0952529907227 58.723934173584 58.4361839294434 58.3486289978027 -3.4e+38 -3.4e+38 -3.4e+38 -3.4e+38 -3.4e+38 -3.4e+38 -3.4e+38 -3.4e+38 -3.4e+38 -3.4e+38 -3.4e+38 -3.4e+38 -3.4e+38 -3.4e+38 -3.4e+38 -3.4e+38 -3.4e+38 -3.4e+38 -3.4e+38 -3.4e+38
62.9843368530273 62.5586471557617 62.0671005249023 62.1062774658203 62.1740684509277 62.1686363220215 62.1215019226074 61.8344306945801 61.6695785522461 61.7881774902344 61.5549125671387 61.4130096435547 61.2203941345215 61.1753005981445 61.0102806091309 60.503173828125 60.3433647155762 60.2142105102539 60.0190010070801 59.9534301757812 59.9450607299805 59.9141235351562 59.5307846069336 59.5340728759766 59.0401878356934 59.1983947753906 59.0198707580566 58.8078994750977 58.3314247131348 -3.4e+38 -3.4e+38 -3.4e+38 -3.4e+38 -3.4e+38 -3.4e+38 -3.4e+38 -3.4e+38 -3.4e+38 -3.4e+38 -3.4e+38 -3.4e+38 -3.4e+38 -3.4e+38 -3.4e+38 -3.4e+38 -3.4e+38 -3.4e+38 -3.4e+38 -3.4e+38
62.9035491943359 62.659294128418 62.3414115905762 62.2899513244629 62.2614822387695 62.2498931884766 62.0636138916016 62.0918579101562 61.9639778137207 61.8320503234863 61.739086151123 61.6830940246582 61.3133926391602 61.170467376709 60.8254585266113 60.5404281616211 60.5095405578613 60.423828125 60.0419883728027 60.226001739502 60.0840263366699 60.0342140197754 59.5307273864746 59.6362648010254 59.3891258239746 59.6152038574219 59.2576141357422 58.9298934936523 58.6931571960449 -3.4e+38 -3.4e+38 -3.4e+38 -3.4e+38 -3.4e+38 -3.4e+38 -3.4e+38 -3.4e+38 -3.4e+38 -3.4e+38 -3.4e+38 -3.4e+38 -3.4e+38 -3.4e+38 -3.4e+38 -3.4e+38 -3.4e+38 -3.4e+38 -3.4e+38 -3.4e+38
62.6535148620605 62.7062454223633 62.5940437316895 62.4416389465332 62.3201675415039 62.2527008056641 61.9344940185547 62.1932830810547 61.9912452697754 61.9851722717285 61.7650909423828 61.4031372070312 61.3027038574219 61.0630264282227 60.8472633361816 -3.4e+38 60.5871238708496 60.4505310058594 60.1373138427734 60.222339630127 59.8469924926758 59.7140846252441 59.2975883483887 59.6046485900879 59.7144508361816 59.8682441711426 59.3591842651367 58.8344345092773 58.907787322998 -3.4e+38 -3.4e+38 -3.4e+38 58.2184906005859 -3.4e+38 -3.4e+38 -3.4e+38 -3.4e+38 -3.4e+38 -3.4e+38 -3.4e+38 -3.4e+38 -3.4e+38 -3.4e+38 -3.4e+38 -3.4e+38 -3.4e+38 -3.4e+38 -3.4e+38 -3.4e+38
62.7277412414551 62.9286842346191 62.6506156921387 62.4682960510254 62.1835861206055 61.9714317321777 62.0377502441406 62.0851821899414 61.8890151977539 61.983959197998 61.6751899719238 61.3099975585938 61.3201751708984 61.0512428283691 60.9042778015137 60.9075775146484 60.8460235595703 60.6067543029785 60.2748031616211 60.2225456237793 60.0528945922852 59.9320182800293 59.2316360473633 59.5032386779785 59.8751029968262 59.6940612792969 59.2690544128418 59.2030487060547 59.0769233703613 58.6068077087402 58.2844390869141 58.3410110473633 58.3650703430176 57.8990516662598 -3.4e+38 -3.4e+38 -3.4e+38 -3.4e+38 -3.4e+38 -3.4e+38 -3.4e+38 -3.4e+38 -3.4e+38 -3.4e+38 -3.4e+38 -3.4e+38 -3.4e+38 -3.4e+38 -3.4e+38
62.7422752380371 62.7640533447266 62.7513771057129 62.5359268188477 62.2186813354492 -3.4e+38 62.0959243774414 62.1238822937012 62.0330352783203 62.017333984375 61.7226753234863 61.6277923583984 61.3838920593262 61.1194839477539 60.9426422119141 60.8054847717285 -3.4e+38 60.4234962463379 60.2213325500488 60.2293930053711 60.0534172058105 59.9118919372559 59.3252258300781 59.5417098999023 59.9266395568848 59.8731956481934 59.3329925537109 59.1249923706055 59.1415901184082 58.7279472351074 58.4577751159668 58.4308853149414 -3.4e+38 58.1646041870117 58.1833076477051 -3.4e+38 -3.4e+38 -3.4e+38 -3.4e+38 -3.4e+38 -3.4e+38 -3.4e+38 -3.4e+38 -3.4e+38 -3.4e+38 -3.4e+38 -3.4e+38 -3.4e+38 -3.4e+38
-3.4e+38 62.4495391845703 62.4568176269531 62.1306610107422 61.9385681152344 61.981315612793 62.1976699829102 62.2686424255371 62.1453170776367 62.0402450561523 61.7326889038086 61.7373504638672 61.2896194458008 61.2470970153809 60.9929695129395 60.8050498962402 60.7379264831543 60.5019912719727 60.2536926269531 60.1582260131836 59.9057350158691 59.7034492492676 59.2839698791504 59.3644104003906 59.6223030090332 59.5623817443848 59.2612342834473 58.6578521728516 58.8337364196777 58.8058052062988 58.7705841064453 58.2871017456055 58.3165245056152 -3.4e+38 58.0424499511719 57.8073921203613 -3.4e+38 -3.4e+38 -3.4e+38 -3.4e+38 -3.4e+38 -3.4e+38 -3.4e+38 -3.4e+38 -3.4e+38 -3.4e+38 -3.4e+38 -3.4e+38 -3.4e+38
62.6504096984863 62.3999900817871 62.2763252258301 62.043815612793 61.8140830993652 62.2385368347168 62.2032127380371 62.1016883850098 61.8958206176758 62.2473220825195 61.8628082275391 61.7746543884277 61.3893623352051 61.2635345458984 60.9494438171387 60.8698616027832 60.7530784606934 60.670467376709 60.2635612487793 60.3057136535645 60.0978622436523 59.6428909301758 59.2421569824219 59.2947731018066 59.7148208618164 59.5183029174805 58.9981231689453 58.6629409790039 58.8605117797852 59.0142440795898 58.8779983520508 58.2521858215332 -3.4e+38 58.1894874572754 58.0434150695801 57.931037902832 -3.4e+38 -3.4e+38 -3.4e+38 -3.4e+38 -3.4e+38 -3.4e+38 -3.4e+38 -3.4e+38 -3.4e+38 -3.4e+38 -3.4e+38 -3.4e+38 -3.4e+38
62.6208801269531 62.550853729248 62.7239303588867 62.279670715332 61.8900146484375 62.2236404418945 62.0869140625 61.9607429504395 61.9528541564941 62.4718742370605 62.0297241210938 61.8902206420898 61.5894470214844 61.4028282165527 61.2375907897949 61.0398368835449 60.7787933349609 60.6924438476562 60.3361434936523 60.2357940673828 60.0109367370605 59.6116752624512 59.3287239074707 59.4250526428223 59.5332527160645 59.4510726928711 59.2635498046875 59.263256072998 59.2369346618652 58.9724884033203 58.7492256164551 58.4897727966309 58.0952987670898 58.2889213562012 57.9821357727051 -3.4e+38 57.7316551208496 -3.4e+38 -3.4e+38 -3.4e+38 -3.4e+38 -3.4e+38 -3.4e+38 -3.4e+38 -3.4e+38 -3.4e+38 -3.4e+38 -3.4e+38 -3.4e+38
62.6576194763184 62.7161598205566 63.0145721435547 62.2028427124023 61.8220252990723 62.056282043457 62.3924560546875 62.2123870849609 62.2600784301758 62.151741027832 61.9435958862305 61.9683303833008 61.7829933166504 61.550464630127 61.4896087646484 61.2414169311523 60.8017578125 60.7644348144531 60.418529510498 60.0685882568359 59.9745597839355 59.8586044311523 59.5277633666992 59.4322891235352 59.3141555786133 59.5107650756836 59.5962028503418 59.4412498474121 59.3435020446777 58.8297882080078 58.5394821166992 58.7946357727051 58.4758338928223 57.9669914245605 57.7231750488281 57.5934944152832 57.567440032959 57.5019760131836 -3.4e+38 -3.4e+38 -3.4e+38 -3.4e+38 -3.4e+38 -3.4e+38 -3.4e+38 -3.4e+38 -3.4e+38 -3.4e+38 -3.4e+38
63.3059539794922 63.3740425109863 62.8561515808105 62.8319320678711 62.5144119262695 61.8751678466797 62.2919082641602 62.2872047424316 62.277660369873 62.1633720397949 61.9477691650391 61.8989372253418 61.7548370361328 61.6446838378906 61.5145378112793 61.2098731994629 61.296257019043 60.8360595703125 60.4051895141602 60.4967041015625 60.5310096740723 60.438663482666 59.397346496582 59.1426963806152 59.4309577941895 59.6841430664062 59.3719253540039 59.0218772888184 59.3386192321777 59.0161476135254 58.3359794616699 58.7327346801758 58.8283767700195 57.961986541748 57.6877517700195 -3.4e+38 57.5321197509766 57.4436492919922 -3.4e+38 -3.4e+38 -3.4e+38 -3.4e+38 -3.4e+38 -3.4e+38 -3.4e+38 -3.4e+38 -3.4e+38 -3.4e+38 -3.4e+38
63.0178985595703 62.906120300293 62.6974258422852 62.8306694030762 62.4550590515137 62.5398902893066 62.6142387390137 62.4102592468262 62.0680351257324 62.0906944274902 62.2433052062988 61.8880157470703 61.5925483703613 61.6716957092285 61.5766258239746 61.3295822143555 61.2486839294434 60.9601745605469 60.7610855102539 60.7583045959473 60.5728874206543 60.4110870361328 59.5596046447754 59.1619758605957 59.3605575561523 59.391429901123 59.2445182800293 59.0696449279785 59.0591621398926 58.812183380127 58.4670944213867 58.6731147766113 58.4276580810547 57.6903343200684 57.6726837158203 -3.4e+38 -3.4e+38 57.6013450622559 57.5615577697754 -3.4e+38 -3.4e+38 -3.4e+38 -3.4e+38 -3.4e+38 -3.4e+38 -3.4e+38 -3.4e+38 -3.4e+38 -3.4e+38
62.810417175293 62.7340812683105 62.8598556518555 62.6445579528809 62.8312034606934 63.1128425598145 62.9482269287109 62.6510696411133 62.3235855102539 62.1304550170898 62.0483474731445 61.8243217468262 61.8632202148438 61.7813606262207 61.4885482788086 61.1417503356934 61.0261077880859 60.9536285400391 60.8443260192871 60.8596267700195 60.6657562255859 60.4551391601562 59.8053588867188 59.6421775817871 59.5576515197754 59.4500427246094 59.3689842224121 59.2612419128418 59.0782661437988 58.5658111572266 58.4386367797852 58.6417961120605 58.4160423278809 57.6640853881836 57.6059913635254 57.7147827148438 57.6822662353516 -3.4e+38 57.4649658203125 -3.4e+38 -3.4e+38 -3.4e+38 -3.4e+38 -3.4e+38 -3.4e+38 -3.4e+38 -3.4e+38 -3.4e+38 -3.4e+38
63.0031929016113 62.8422508239746 62.5655250549316 62.590217590332 62.9017105102539 62.9704971313477 62.9799270629883 62.5796356201172 62.2238693237305 62.2316627502441 61.8801498413086 61.9277191162109 61.9489517211914 61.8742065429688 61.416202545166 60.915225982666 61.2265434265137 60.9605979919434 60.5928497314453 60.7739410400391 60.7767333984375 60.6022453308105 59.9578590393066 59.9492378234863 59.8603324890137 59.6241493225098 59.4269371032715 59.2806053161621 59.2175025939941 58.821102142334 58.9089584350586 58.8431015014648 58.7767105102539 57.7846717834473 57.8739814758301 57.9114379882812 -3.4e+38 -3.4e+38 57.4688873291016 57.4142303466797 -3.4e+38 -3.4e+38 -3.4e+38 -3.4e+38 -3.4e+38 -3.4e+38 -3.4e+38 -3.4e+38 -3.4e+38
63.3315582275391 63.1275672912598 62.9048118591309 62.8271865844727 62.6508255004883 62.8203086853027 62.797492980957 62.0513114929199 61.9602890014648 62.1917839050293 61.9331817626953 61.9093894958496 61.7966957092285 62.0811500549316 61.6266326904297 61.1764984130859 61.1986465454102 61.0117301940918 60.6433639526367 60.7544021606445 60.8764114379883 60.5293769836426 60.0248527526855 59.9526252746582 60.0016708374023 59.5368461608887 59.1630668640137 59.1746826171875 59.0058097839355 58.973087310791 59.3412399291992 58.9549522399902 58.7481536865234 57.7400665283203 57.8837127685547 58.0356521606445 57.8462028503418 57.6542167663574 57.4405822753906 57.2170372009277 -3.4e+38 -3.4e+38 -3.4e+38 -3.4e+38 -3.4e+38 -3.4e+38 -3.4e+38 -3.4e+38 -3.4e+38
63.2861442565918 63.0010871887207 63.2865295410156 62.9824371337891 62.6126937866211 62.7738876342773 62.7711410522461 62.0733604431152 62.3342094421387 62.1130142211914 61.8001747131348 61.9607162475586 61.9975051879883 62.1186866760254 61.6669654846191 61.4332809448242 61.2795372009277 61.0825691223145 60.8212203979492 60.8002052307129 60.9357070922852 60.452808380127 60.2144889831543 59.9395561218262 59.8445129394531 59.5746994018555 59.2059898376465 59.2094573974609 59.1358299255371 58.8779220581055 58.8320350646973 58.8022727966309 58.641185760498 57.6425018310547 57.5119552612305 57.4962120056152 -3.4e+38 57.3416976928711 57.3388404846191 57.3193893432617 56.9174003601074 -3.4e+38 -3.4e+38 -3.4e+38 -3.4e+38 -3.4e+38 -3.4e+38 -3.4e+38 -3.4e+38
