rcp8.5models/MPI_ESM_LR/sc1gr8.17
NCOLS 261 
NROWS 433 
XLLCORNER 336357.134 
YLLCORNER 654653.479 
CELLSIZE 1000 
NODATA_value -3.4e+38 
[rows 176 to 197 of 433, columns 49 to 97 of 261]
73.7831192016602 73.8952484130859 74.0057525634766 74.2516937255859 75.2008361816406 76.2529449462891 76.35791015625 77.0757598876953 76.7462158203125 77.5568923950195 76.6481781005859 78.7163391113281 78.8786926269531 79.1322021484375 78.6161804199219 79.2373504638672 79.3191528320312 79.4409637451172 80.8114624023438 81.5672988891602 81.7684860229492 82.371955871582 82.8253555297852 84.2670593261719 83.5901870727539 83.728889465332 84.0850830078125 83.9915237426758 84.3925323486328 87.4634323120117 88.185676574707 89.6725006103516 90.9297485351562 91.4822845458984 90.851806640625 92.2075881958008 93.6717987060547 94.8930053710938 95.8496932983398 96.3849487304688 95.6025772094727 97.6033401489258 98.8635864257812 99.9525985717773 100.061584472656 98.7227249145508 99.7173919677734 99.5736999511719 99.5872802734375
75.8424453735352 75.640869140625 74.6636428833008 76.5770874023438 76.4172210693359 76.5263290405273 76.6333770751953 77.4989395141602 77.8345947265625 78.825553894043 78.5262832641602 79.8294143676758 79.922737121582 80.0957412719727 80.6560821533203 81.2724609375 81.0114135742188 79.7617950439453 82.8248672485352 81.9329605102539 82.3994064331055 82.64892578125 83.1058807373047 84.7287902832031 84.7868423461914 85.1502227783203 86.2980804443359 85.960334777832 86.4097518920898 87.8985214233398 89.0716400146484 89.9439926147461 91.2352066040039 92.1342697143555 91.9406127929688 92.0967330932617 93.7607345581055 94.3880767822266 95.6064834594727 96.8318328857422 96.7649993896484 97.6801681518555 98.396484375 99.6414794921875 99.9591979980469 99.7495498657227 99.6961288452148 99.5492401123047 99.5608673095703
76.8449020385742 76.8372802734375 76.5866470336914 77.9606399536133 78.4906997680664 78.5994567871094 78.7890701293945 79.7325820922852 80.289924621582 79.3469772338867 79.8505783081055 80.1172332763672 80.2105865478516 80.6331787109375 82.1614608764648 82.4233169555664 82.3366851806641 81.8402328491211 84.5171127319336 84.0027160644531 84.6015777587891 84.4820098876953 84.0581130981445 85.0083541870117 85.064811706543 85.5244064331055 87.1324844360352 87.3535690307617 88.291374206543 89.8422470092773 90.5905151367188 90.2165374755859 91.4054870605469 92.2442626953125 93.3430023193359 93.4835510253906 93.2896118164062 94.3115539550781 96.0016937255859 97.2108154296875 97.6582336425781 98.4654083251953 98.267448425293 99.780143737793 100.062545776367 101.026298522949 101.024879455566 100.74479675293 99.5365829467773
79.1729431152344 80.4213714599609 80.5765151977539 80.9245147705078 81.3570938110352 81.5578765869141 81.7472381591797 81.6265258789062 81.9908752441406 81.8315277099609 82.0968627929688 82.1897888183594 82.5343933105469 83.4609756469727 82.6294708251953 83.0630493164062 84.3032608032227 83.366584777832 85.076286315918 85.5465393066406 85.7978515625 85.9402847290039 86.4340057373047 87.02197265625 86.7130813598633 85.8066024780273 87.4125595092773 87.8235092163086 89.2801818847656 90.9878005981445 91.6231536865234 91.635612487793 91.039192199707 92.5179595947266 93.6544418334961 94.1580505371094 94.8411026000977 95.742805480957 95.6664428710938 96.8555908203125 97.7428894042969 99.5023422241211 99.5914535522461 99.427734375 100.132659912109 100.845893859863 101.987976074219 101.448776245117 99.5144424438477
82.9196624755859 82.0293045043945 82.1665573120117 82.300537109375 82.5163879394531 83.0542221069336 83.3589019775391 84.0515747070312 83.9407653808594 83.4719467163086 85.1943206787109 85.6493072509766 84.5123825073242 85.3091812133789 84.7028961181641 84.9582977294922 85.7015991210938 85.779182434082 85.4172134399414 86.0223693847656 86.0901641845703 86.5128402709961 87.9988098144531 88.2428512573242 88.3688278198242 88.8258056640625 89.4191436767578 89.8796463012695 91.1018447875977 91.2706680297852 92.1170501708984 92.9443054199219 92.2584915161133 92.792594909668 -3.4e+38 94.276741027832 96.1184844970703 97.0575485229492 96.7221374511719 96.5557632446289 97.27734375 99.8189926147461 100.294898986816 100.354866027832 99.6627578735352 100.71076965332 102.186004638672 101.840789794922 101.089836120605
84.6167602539062 84.1431732177734 84.2820205688477 84.503303527832 85.2146682739258 86.231559753418 86.4280853271484 87.0933074951172 85.6257705688477 85.5652160644531 87.22412109375 87.8570175170898 87.3098831176758 87.5746231079102 87.3054580688477 86.0536499023438 86.5395202636719 87.0623092651367 87.832633972168 88.0796508789062 88.3186340332031 89.2842712402344 89.8620223999023 88.536003112793 89.0081481933594 90.616081237793 90.6628952026367 91.1321258544922 92.5163192749023 91.5543746948242 92.4015655517578 93.4421768188477 93.6836395263672 94.1993560791016 93.5570526123047 94.8845901489258 96.2107086181641 96.9362258911133 97.9716033935547 97.3636932373047 97.1592407226562 99.3540802001953 100.227035522461 101.064056396484 100.766479492188 100.777534484863 101.793037414551 102.132247924805 102.132270812988
86.8842544555664 87.1244812011719 87.6496124267578 88.0016403198242 88.7585525512695 87.7346572875977 87.8698043823242 88.6293869018555 88.2533264160156 89.1755218505859 89.713020324707 89.9093704223633 90.071533203125 89.8141632080078 88.7657318115234 88.5515060424805 88.6209335327148 88.0569458007812 89.2279052734375 89.2990875244141 89.7319641113281 91.2224044799805 91.2693634033203 90.2085571289062 89.3053283691406 90.9111480712891 91.2321548461914 92.4248580932617 93.0198211669922 93.5566482543945 94.0198974609375 93.821891784668 94.5248718261719 95.5245132446289 95.2046051025391 96.6631622314453 96.3735046386719 96.8316040039062 98.3650817871094 98.4215240478516 98.6974639892578 99.2318496704102 100.371124267578 101.18408203125 102.019317626953 101.54076385498 101.49144744873 101.808181762695 102.124771118164
89.8366470336914 90.2023544311523 90.2502822875977 -3.4e+38 90.3848571777344 89.8761749267578 89.9559707641602 90.1378555297852 90.3722457885742 90.6884307861328 90.6980743408203 90.6470642089844 90.710693359375 90.7054748535156 90.2275772094727 90.3982162475586 90.3012237548828 89.9992141723633 90.4648666381836 89.7862930297852 90.7472305297852 91.6210403442383 91.6737518310547 91.8087539672852 91.9466094970703 92.3132400512695 91.6839065551758 93.2783050537109 -3.4e+38 95.1729278564453 95.4621047973633 95.4918823242188 95.0078735351562 96.0342407226562 96.4983901977539 97.9250640869141 97.31884765625 97.1084976196289 98.6393737792969 98.9344863891602 99.9601287841797 100.56689453125 100.02611541748 101.257148742676 101.804809570312 102.598350524902 102.878875732422 101.662773132324 101.974060058594
91.1595764160156 91.1786193847656 91.0179061889648 90.7996673583984 90.8046951293945 90.9517364501953 90.8931350708008 90.7082366943359 90.8111267089844 91.1721267700195 91.020881652832 90.7459564208984 91.0064086914062 91.1558227539062 90.9680786132812 91.0426712036133 90.8691024780273 91.0325622558594 91.1304473876953 90.9174652099609 91.3198471069336 91.5905838012695 92.0280303955078 92.3601913452148 93.2710800170898 93.3946838378906 93.2441711425781 94.1262512207031 94.6108322143555 95.6628799438477 95.9812698364258 96.9441223144531 96.6181488037109 96.3190689086914 96.7856140136719 98.3298797607422 -3.4e+38 98.8815383911133 99.5791397094727 99.3106536865234 100.685745239258 102.004989624023 101.479751586914 101.396362304688 101.676261901855 102.923187255859 103.733093261719 103.077270507812 101.987503051758
91.733642578125 91.4673614501953 91.3270034790039 91.2389984130859 91.2962036132812 91.2028121948242 91.1770248413086 90.9386291503906 90.9168472290039 91.1478958129883 91.1892929077148 91.2365264892578 91.1714935302734 91.6628036499023 91.0684585571289 91.0089645385742 90.9784622192383 91.0168228149414 91.6126708984375 92.2780532836914 92.9060287475586 92.8853912353516 92.8700180053711 92.9532089233398 93.3603439331055 93.9046325683594 94.8606185913086 95.2264022827148 95.6812744140625 97.6459884643555 97.7538070678711 98.3312911987305 98.6121063232422 99.7919082641602 100.39217376709 100.608306884766 100.669540405273 100.896278381348 101.194190979004 102.465827941895 103.300910949707 102.257736206055 103.361587524414 103.382591247559 103.225852966309 102.647598266602 103.796890258789 103.986610412598 104.546188354492
91.7538070678711 91.6061172485352 91.4641494750977 91.3483657836914 91.2995300292969 91.2220993041992 91.2858810424805 91.0630035400391 90.9819641113281 91.0151824951172 91.3339920043945 92.1043548583984 92.0746994018555 92.185676574707 90.9696350097656 91.0935974121094 90.8975677490234 91.4108200073242 -3.4e+38 92.4963150024414 92.7193145751953 92.81103515625 93.1970748901367 93.4119033813477 94.2280578613281 94.4608306884766 95.0516586303711 95.3425750732422 95.5110168457031 97.4992065429688 -3.4e+38 98.4822387695312 99.309684753418 100.041564941406 100.75675201416 101.886795043945 102.157379150391 102.478004455566 101.480934143066 -3.4e+38 103.452178955078 103.408180236816 103.63410949707 103.717567443848 104.16788482666 104.158111572266 103.458824157715 104.191482543945 104.849517822266
91.6076126098633 91.4597778320312 91.3175048828125 91.2284393310547 91.2818908691406 91.1757888793945 91.1363296508789 91.1371459960938 91.102409362793 91.290412902832 91.5697402954102 92.5664825439453 92.5056991577148 92.3842926025391 91.873908996582 91.8973922729492 91.7651977539062 91.996452331543 92.3829879760742 92.4857177734375 92.9479522705078 92.9806671142578 93.3693695068359 94.1274108886719 94.550666809082 94.8657608032227 95.1790542602539 95.2693328857422 95.5416488647461 -3.4e+38 -3.4e+38 -3.4e+38 -3.4e+38 100.205841064453 101.060554504395 101.985382080078 102.594429016113 103.70866394043 103.100883483887 103.242980957031 103.54125213623 104.292869567871 103.300109863281 103.860908508301 104.311882019043 105.509765625 104.556159973145 104.430572509766 104.944625854492
91.3626174926758 91.2141876220703 91.1195373535156 91.1885223388672 91.1360855102539 91.0560073852539 91.1145401000977 91.3279342651367 91.2997589111328 91.641845703125 92.2130432128906 92.631591796875 92.5445785522461 92.46337890625 92.3406753540039 92.1492538452148 92.2543869018555 92.1961288452148 92.7366714477539 92.7547607421875 92.9804992675781 93.2591705322266 93.8469848632812 94.3068923950195 94.7267227172852 94.9187927246094 95.3784408569336 96.110595703125 96.3102264404297 -3.4e+38 -3.4e+38 -3.4e+38 -3.4e+38 100.096038818359 101.246658325195 101.926162719727 102.46849822998 103.836944580078 104.125129699707 104.400588989258 103.701187133789 104.856773376465 104.442268371582 104.131988525391 104.384147644043 105.448364257812 105.842834472656 105.320236206055 105.147537231445
91.3580932617188 91.2073516845703 91.1565933227539 91.4242553710938 -3.4e+38 91.3598175048828 91.3140029907227 91.4593276977539 91.3698120117188 91.6096572875977 92.4893417358398 92.4778518676758 92.3886871337891 92.3052368164062 92.2036666870117 92.0705184936523 92.2080917358398 92.5630111694336 92.7767562866211 92.89404296875 93.0748825073242 93.9482574462891 94.4314498901367 94.4695816040039 94.714714050293 95.1057586669922 96.0915222167969 96.6562805175781 -3.4e+38 -3.4e+38 98.6618194580078 98.9709091186523 -3.4e+38 -3.4e+38 101.258079528809 101.822387695312 102.634269714355 103.569190979004 104.02116394043 105.233993530273 104.722694396973 105.726982116699 105.744201660156 105.159362792969 104.843482971191 105.325172424316 106.250305175781 106.408668518066 106.567825317383
91.5745239257812 91.4714431762695 91.5420303344727 91.5410537719727 91.4839324951172 91.4000701904297 91.4522399902344 92.0432662963867 92.1039733886719 92.1587219238281 92.6997833251953 92.7728500366211 92.6777572631836 92.5883178710938 92.5045394897461 92.4264068603516 92.4633331298828 92.7761535644531 92.8826675415039 93.5929107666016 93.724006652832 94.3708190917969 94.626350402832 94.5963363647461 94.8694000244141 95.9569854736328 96.4284057617188 96.7337188720703 97.1867599487305 98.1899337768555 98.6334915161133 99.3096694946289 100.072975158691 100.639556884766 101.198097229004 101.689414978027 102.998382568359 103.408233642578 103.897796630859 105.350456237793 105.592384338379 106.639434814453 106.164741516113 106.346206665039 106.569694519043 105.595909118652 106.518135070801 106.753852844238 107.424385070801
91.7245407104492 91.5919799804688 91.5737838745117 91.6139831542969 91.4732284545898 91.3596725463867 91.3601684570312 92.385871887207 92.6660232543945 92.7629089355469 92.8523483276367 93.0055236816406 92.8588256835938 92.6457214355469 92.7288818359375 92.6478424072266 92.5971755981445 92.8126754760742 93.7872085571289 94.0874786376953 94.1257171630859 94.3985290527344 94.7205810546875 95.5866546630859 95.7069854736328 96.2289886474609 96.3942337036133 96.7839736938477 97.904541015625 98.5473022460938 99.0024185180664 99.8668441772461 100.394248962402 100.751487731934 101.30330657959 102.104766845703 103.330711364746 104.303802490234 104.559783935547 105.345596313477 105.930381774902 108.259963989258 107.591064453125 106.90323638916 108.082908630371 107.32755279541 107.534072875977 107.20703125 107.532257080078
91.6377258300781 91.6703796386719 91.541374206543 91.5267028808594 91.5675659179688 91.4292602539062 91.3940277099609 91.9921264648438 92.600959777832 92.7935104370117 92.8802719116211 92.8580627441406 92.7339019775391 92.5797500610352 92.8500213623047 93.7005844116211 93.6181640625 93.6455459594727 94.2431259155273 94.1853408813477 94.2078247070312 94.6344299316406 95.5324935913086 96.1458206176758 96.113410949707 96.1131744384766 96.4553909301758 97.4778442382812 98.0168914794922 99.4664154052734 99.6891708374023 100.133125305176 100.853187561035 101.666618347168 101.939910888672 102.548301696777 103.249946594238 104.702095031738 105.143592834473 106.060409545898 106.480056762695 108.351860046387 108.737854003906 108.427688598633 108.642158508301 108.567192077637 108.72998046875 108.913360595703 107.66951751709
91.6098403930664 91.5857162475586 91.6963729858398 91.8449401855469 91.7801666259766 91.8420639038086 92.4531555175781 92.3816604614258 92.5801315307617 92.7428512573242 92.8380126953125 93.1581497192383 93.0522842407227 92.9518585205078 93.150260925293 94.0998077392578 94.1837539672852 94.1065216064453 94.2919921875 94.459114074707 95.2237930297852 95.5402603149414 95.9233093261719 96.0187301635742 96.3696136474609 97.0687637329102 97.2463912963867 97.8800582885742 97.9631271362305 99.830436706543 100.050506591797 100.343635559082 100.903709411621 102.057487487793 102.48014831543 102.628898620605 103.056289672852 104.385124206543 105.129066467285 106.56665802002 106.598281860352 108.204162597656 109.064239501953 110.067611694336 109.572891235352 108.956970214844 109.610877990723 110.434989929199 109.085716247559
92.0502777099609 91.9127960205078 91.8720092773438 91.8425140380859 91.7486114501953 91.8798065185547 92.2209701538086 92.5421524047852 92.6163177490234 92.6546096801758 92.9089431762695 93.176139831543 93.0688552856445 93.1221084594727 93.6700286865234 94.0311584472656 94.0805435180664 94.164924621582 95.3234329223633 95.5016326904297 96.1903839111328 95.9836120605469 95.9336166381836 96.1472930908203 97.1048049926758 97.6341781616211 97.7540130615234 98.1973342895508 98.3761367797852 99.8203506469727 100.477409362793 101.094795227051 101.341171264648 102.169357299805 102.399909973145 102.575355529785 103.343215942383 104.235748291016 104.990165710449 106.445449829102 106.701835632324 108.372276306152 109.07145690918 110.37744140625 110.605026245117 110.958534240723 111.039283752441 110.408821105957 110.609252929688
-3.4e+38 91.9630966186523 91.9924163818359 91.8401184082031 91.7153015136719 91.6525039672852 91.7397003173828 92.4999008178711 92.58349609375 92.9293746948242 92.9577102661133 92.9257431030273 93.0236282348633 93.6819839477539 93.865837097168 93.8566131591797 93.9204330444336 94.3302383422852 95.0149230957031 96.0661010742188 97.1392211914062 96.1274795532227 96.2820358276367 97.0191802978516 97.4090042114258 97.5078659057617 97.9821243286133 99.0453720092773 99.1110763549805 99.9854049682617 101.717559814453 103.498870849609 101.888519287109 103.061744689941 102.917007446289 103.146354675293 103.891716003418 104.161254882812 104.73844909668 -3.4e+38 106.767509460449 108.564125061035 109.672836303711 110.239906311035 110.907745361328 112.238929748535 112.472061157227 111.506317138672 111.216812133789
-3.4e+38 91.9164733886719 92.2152938842773 92.0823745727539 92.0103073120117 92.0926513671875 92.8097991943359 92.9350662231445 92.8539733886719 92.8967971801758 92.7709121704102 92.8354873657227 93.398796081543 93.6745300292969 93.9838180541992 93.9474182128906 94.1131744384766 94.373420715332 95.2781295776367 95.6786499023438 95.8926239013672 96.1426849365234 96.8080215454102 97.1845016479492 97.2362365722656 97.7595596313477 98.6670761108398 99.2773056030273 99.8542175292969 100.684226989746 101.554084777832 102.710479736328 103.022193908691 103.105400085449 103.22029876709 103.613906860352 103.930656433105 104.724334716797 105.644287109375 -3.4e+38 106.868133544922 108.447479248047 109.882530212402 110.29727935791 -3.4e+38 112.24284362793 113.112998962402 113.568367004395 114.331970214844
92.424201965332 92.2004241943359 92.2402725219727 92.1388244628906 92.3271713256836 92.7793273925781 92.897819519043 92.7491607666016 92.8118209838867 92.7619705200195 92.6344146728516 92.8312225341797 93.7876129150391 93.9063568115234 94.0060195922852 93.9546356201172 94.2092590332031 94.7922821044922 95.5328521728516 95.8527145385742 96.0271148681641 96.5990295410156 96.9944381713867 97.1483688354492 97.6824569702148 98.3765106201172 98.7796325683594 99.1771011352539 99.9916534423828 101.231887817383 102.324554443359 102.865058898926 103.071380615234 103.272483825684 103.476455688477 104.167739868164 104.506629943848 105.011703491211 105.810829162598 106.656341552734 107.36856842041 108.764556884766 109.868827819824 110.746780395508 111.817512512207 112.841178894043 113.651580810547 113.988708496094 114.911949157715
