rcp8.5models/MPI_ESM_LR/sc1gr1.19
NCOLS 261 
NROWS 433 
XLLCORNER 336357.134 
YLLCORNER 654653.479 
CELLSIZE 1000 
NODATA_value -3.4e+38 
[rows 352 to 373 of 433, columns 98 to 146 of 261]
72.768424987793 72.6979064941406 72.5567779541016 72.5530319213867 72.8483657836914 73.303108215332 73.5354995727539 73.5407943725586 73.6099166870117 73.4043502807617 73.5595169067383 73.3761520385742 73.3989028930664 73.9046478271484 74.3973541259766 75.0645523071289 75.3603897094727 75.5829391479492 75.9606246948242 76.0807342529297 76.2659378051758 -3.4e+38 75.08203125 74.6943511962891 73.9649047851562 73.2371597290039 74.810432434082 76.3694763183594 77.1432037353516 77.5240631103516 78.0450134277344 78.1741943359375 77.9811477661133 78.0791091918945 78.3301696777344 78.2822647094727 78.431755065918 78.8474197387695 79.3240051269531 79.353889465332 79.681770324707 79.6699600219727 79.6308364868164 -3.4e+38 -3.4e+38 80.1520233154297 80.309944152832 80.2739334106445 80.1852111816406
72.4659805297852 72.5633010864258 72.6903381347656 72.3130493164062 72.6670074462891 73.1168060302734 73.6901245117188 73.8793869018555 73.6771621704102 73.4358062744141 73.5252990722656 73.4430236816406 73.5781402587891 73.9507217407227 74.0374908447266 74.300407409668 74.625 75.2507171630859 75.8668746948242 76.0516128540039 76.1338348388672 75.9614715576172 76.2438888549805 76.5889663696289 76.3659362792969 75.6467056274414 76.1019668579102 76.9713897705078 77.4239273071289 77.4072952270508 77.5872192382812 77.7303237915039 77.8018798828125 77.8722763061523 78.0225067138672 78.3068389892578 78.554801940918 79.0681228637695 78.8012924194336 78.789924621582 79.2978591918945 79.377815246582 -3.4e+38 -3.4e+38 -3.4e+38 79.9700241088867 80.2845230102539 80.2623748779297 80.094596862793
72.5362396240234 72.7242584228516 72.7958679199219 72.6815719604492 72.8181533813477 73.0355987548828 73.5594940185547 74.0886917114258 74.0465545654297 73.8813247680664 73.6529388427734 73.4377517700195 73.6431350708008 73.8247222900391 74.0672073364258 73.8280868530273 74.1506500244141 75.1191864013672 75.8281936645508 75.8514938354492 75.3046035766602 74.9361038208008 75.5047302246094 75.8979263305664 76.5921859741211 76.9277801513672 77.2916259765625 77.4086837768555 77.2949752807617 76.9830551147461 76.9434280395508 77.2141723632812 77.5648193359375 77.8295593261719 78.1359710693359 78.4930038452148 78.8051452636719 79.0394134521484 78.9009246826172 79.1243057250977 79.4520721435547 79.1309432983398 -3.4e+38 79.3794097900391 79.4813919067383 80.2654495239258 80.4601974487305 80.2851715087891 80.0674896240234
72.3880844116211 72.5202255249023 72.5083465576172 72.8809280395508 72.9876174926758 73.1704940795898 73.3897399902344 73.5246047973633 73.4701843261719 74.0378570556641 74.2128753662109 73.9028625488281 73.9960556030273 73.9729919433594 73.9312286376953 73.6918106079102 74.0931777954102 74.9039154052734 75.3735504150391 75.4200210571289 74.7324523925781 74.2832183837891 74.5702743530273 75.1713104248047 75.760139465332 76.0556488037109 76.0408401489258 76.4937286376953 76.9240570068359 77.1170196533203 77.287712097168 77.66015625 77.7225036621094 77.804443359375 78.1796951293945 78.4357376098633 78.948112487793 78.9670104980469 79.2314224243164 79.4530181884766 79.3086318969727 78.9143905639648 79.0102615356445 79.2533187866211 80.0289993286133 80.3097381591797 80.0585632324219 79.925895690918 80.2702255249023
72.5904769897461 72.4989166259766 72.4741821289062 72.7466583251953 72.7957534790039 73.0151290893555 72.9846115112305 73.1274261474609 73.3455505371094 73.8370742797852 74.3533248901367 74.6216201782227 74.6137313842773 74.2838363647461 74.0192565917969 73.6803436279297 73.8605499267578 74.5150451660156 74.6722869873047 74.6654891967773 74.2313461303711 74.2309722900391 74.5714874267578 75.2700119018555 75.4712142944336 75.3950653076172 75.9523696899414 76.7904434204102 77.2968139648438 77.631965637207 77.836181640625 77.766716003418 78.0706100463867 78.1755981445312 78.4872589111328 78.883056640625 79.0339660644531 78.7943496704102 78.8706359863281 79.2022018432617 79.0790100097656 78.8196563720703 79.3876495361328 79.6298980712891 80.0014801025391 80.0856018066406 79.945930480957 80.0103225708008 80.0618438720703
72.485481262207 72.5936126708984 72.5761032104492 72.7967987060547 72.7949066162109 72.9631195068359 73.1139144897461 73.2387161254883 73.370475769043 73.3880767822266 73.8218231201172 74.3554306030273 74.5327758789062 74.5327301025391 74.2598724365234 74.0450592041016 74.0887069702148 74.1639633178711 74.1978225708008 74.40087890625 74.4199447631836 74.6055145263672 74.6958465576172 74.9719848632812 75.1179580688477 75.1943206787109 76.2911605834961 77.0471801757812 77.2524032592773 77.6234817504883 77.9350204467773 77.9824752807617 78.5525817871094 78.390251159668 78.6421432495117 79.0617523193359 78.905647277832 78.8770446777344 78.6626510620117 78.8136215209961 78.9125442504883 78.8528366088867 79.2065124511719 79.3277206420898 79.5980682373047 79.8726272583008 79.978874206543 80.2651214599609 80.1399383544922
72.3206405639648 72.3274383544922 72.2802352905273 72.6126022338867 72.6618881225586 72.9029159545898 73.374755859375 73.2897338867188 73.2060470581055 73.1168518066406 73.2450332641602 73.6280670166016 73.9840087890625 74.209228515625 74.0295562744141 74.1571044921875 74.0987014770508 74.0519409179688 74.4371566772461 74.6823425292969 75.1150588989258 74.9649810791016 74.5647811889648 74.7945327758789 75.0097122192383 75.16748046875 76.2610168457031 76.7191390991211 77.0026245117188 77.3936462402344 77.786506652832 78.1435623168945 78.2572250366211 77.9057159423828 78.0896911621094 78.4815139770508 78.8200912475586 79.162483215332 78.7301254272461 78.4943084716797 78.7840957641602 78.9640579223633 78.9157485961914 79.1022186279297 79.1906814575195 79.0916748046875 79.5451278686523 79.8391799926758 79.8938598632812
72.3684692382812 72.4496078491211 72.3726806640625 72.4105987548828 72.6732177734375 72.928955078125 73.1286163330078 73.1112365722656 73.1266174316406 73.1409530639648 73.0958480834961 73.343505859375 73.6061935424805 73.588134765625 73.8913345336914 74.0230102539062 74.1155853271484 74.1701354980469 74.6083221435547 74.8684234619141 75.0084762573242 74.8903884887695 74.5797576904297 74.7746887207031 75.0201187133789 75.448844909668 76.2723007202148 76.5419006347656 77.0055160522461 77.2085723876953 77.5482025146484 77.5929412841797 77.556770324707 77.7429351806641 77.7269821166992 77.9800033569336 78.5244369506836 78.8436660766602 78.4884414672852 78.5701904296875 78.6204299926758 78.6016998291016 78.7919540405273 78.6400527954102 78.3472442626953 78.1605911254883 78.2152328491211 78.2970275878906 78.4347534179688
72.663948059082 72.4829864501953 72.6884078979492 72.7954635620117 72.8468399047852 72.6729507446289 72.5461349487305 72.7800064086914 73.0463104248047 73.2883148193359 73.2058029174805 73.2663803100586 73.6817169189453 73.5825958251953 73.7269592285156 73.7150268554688 73.9790115356445 74.0567092895508 74.125373840332 74.3679122924805 74.5043411254883 74.7012100219727 74.8019180297852 74.9986801147461 75.3141098022461 75.4669723510742 75.7332000732422 75.6332168579102 76.2787780761719 76.559455871582 76.5192337036133 76.7331695556641 77.0868835449219 77.2139282226562 77.5388641357422 77.5529098510742 77.7630233764648 77.4463043212891 77.0058746337891 77.1009674072266 77.2638778686523 77.6477661132812 77.2135238647461 77.1427841186523 77.3256988525391 77.3020095825195 77.5711212158203 77.8410720825195 78.1680450439453
72.8262329101562 72.6747665405273 72.4621429443359 72.9858551025391 73.2108917236328 73.007568359375 72.8406677246094 72.8781051635742 72.9447784423828 73.2073287963867 73.3609466552734 73.7550048828125 73.9214248657227 73.8623962402344 73.830940246582 74.1721878051758 74.5826416015625 74.545280456543 74.5144958496094 74.6430130004883 74.6869659423828 74.6954040527344 74.8624572753906 75.1640853881836 75.428825378418 75.5944519042969 75.910026550293 75.8783721923828 76.3584823608398 77.2715301513672 77.1008224487305 76.5299377441406 76.6545715332031 76.94482421875 77.1646423339844 77.3726654052734 77.7762832641602 77.6667175292969 77.5514450073242 77.5626754760742 77.6997604370117 77.4811782836914 77.2492980957031 77.3126525878906 77.2795867919922 77.6336364746094 77.6456146240234 77.391357421875 77.7754898071289
72.7850570678711 72.912483215332 72.5868148803711 72.7275390625 73.2337112426758 73.3060836791992 73.0383605957031 73.0895309448242 73.1731414794922 73.2490692138672 73.5677261352539 74.1328125 74.3397750854492 74.4542846679688 74.1749114990234 74.6655578613281 75.0036926269531 74.8317413330078 74.735595703125 74.5808715820312 74.6841659545898 74.7230834960938 74.8845901489258 75.1763534545898 75.3152008056641 75.5194778442383 76.235954284668 76.4978713989258 76.2152252197266 76.4765243530273 76.6859893798828 76.4711608886719 76.4202651977539 76.9892272949219 76.922119140625 76.8952484130859 77.4130935668945 77.750358581543 77.7407302856445 77.6615829467773 77.2940216064453 77.3010025024414 77.3750686645508 77.4860229492188 77.7206268310547 77.8878479003906 77.8921737670898 77.7379150390625 77.4127960205078
72.5561752319336 72.8720016479492 72.9386978149414 72.7013168334961 72.8979187011719 73.3372573852539 73.3331985473633 73.4707870483398 73.6248779296875 73.3843994140625 73.4842910766602 73.8951263427734 74.0839080810547 74.2293243408203 74.0730667114258 74.6267471313477 75.050651550293 74.8629150390625 74.6573333740234 74.4816360473633 74.6769332885742 74.9218521118164 74.969367980957 75.3269348144531 75.4438095092773 75.4629440307617 76.3290786743164 76.6662292480469 76.0607147216797 75.6937713623047 76.1067886352539 76.2846984863281 76.2439270019531 76.8049011230469 77.1809997558594 77.0920715332031 77.2404861450195 77.780403137207 77.6882400512695 77.5630493164062 77.3362731933594 77.2452087402344 77.3498992919922 77.5148696899414 77.7147216796875 77.8152160644531 77.8283996582031 77.6721420288086 77.0015487670898
72.0969009399414 72.4776611328125 72.7242889404297 73.0168991088867 72.6896438598633 72.9755096435547 73.403938293457 73.609245300293 73.7601928710938 73.8178100585938 73.5560302734375 73.4355239868164 73.7388229370117 73.7715148925781 74.3409805297852 74.628059387207 74.8789291381836 74.8344573974609 74.5717849731445 74.6300811767578 74.7704010009766 74.8790588378906 75.0733489990234 75.5714721679688 75.7587127685547 75.790901184082 76.0534820556641 76.2164154052734 76.0384216308594 75.8747024536133 76.2871780395508 76.0750732421875 75.8104629516602 76.1808929443359 76.7227783203125 77.0275497436523 77.4369659423828 77.8027496337891 77.5542526245117 77.0429992675781 76.9431457519531 76.872802734375 76.851203918457 77.1419219970703 77.3081283569336 77.5574188232422 77.3098373413086 77.280403137207 77.1399230957031
72.0127410888672 72.3523864746094 72.5412139892578 72.7043228149414 72.7063369750977 72.6559906005859 72.7829284667969 73.3069915771484 73.7156753540039 74.1904067993164 74.2411346435547 73.8814315795898 73.8586196899414 73.6718521118164 74.1211624145508 74.3295516967773 74.5503158569336 74.5049209594727 74.4583282470703 74.6205520629883 74.8352890014648 74.822380065918 74.8724060058594 75.3309631347656 75.7472076416016 75.9458160400391 76.2524642944336 76.5342102050781 76.1987228393555 75.9974212646484 76.1717910766602 76.0213012695312 75.8078460693359 75.9479522705078 75.9678344726562 76.2058258056641 76.8511123657227 77.7510070800781 77.3353576660156 76.4345016479492 76.5939788818359 76.8640441894531 76.758544921875 77.2425003051758 77.3219528198242 77.3075408935547 77.1456985473633 77.3399353027344 77.7344284057617
72.1873092651367 72.4000930786133 72.8204879760742 72.8955917358398 72.8167037963867 72.7668533325195 72.5828399658203 73.0914764404297 73.4133224487305 73.7543563842773 74.4269714355469 74.5453948974609 74.3260650634766 74.1349029541016 73.8155975341797 73.9995498657227 74.4406585693359 74.552490234375 74.7204742431641 74.891242980957 74.8822479248047 74.6750411987305 74.8266296386719 75.3311080932617 75.6020431518555 75.6586532592773 76.2578506469727 76.3749542236328 75.8592224121094 75.8950119018555 76.1283187866211 76.0754776000977 75.9439163208008 76.0279846191406 75.8240203857422 75.7673721313477 76.134391784668 77.0835876464844 76.8189392089844 76.368522644043 76.9117660522461 77.3039169311523 77.2489318847656 77.2528457641602 77.0130386352539 76.9040908813477 76.9504852294922 77.5985946655273 77.8502655029297
72.0418853759766 72.2146987915039 72.6377639770508 73.5345001220703 73.2679443359375 73.1750793457031 73.0588989257812 73.1125030517578 73.1774368286133 73.4466323852539 74.2005920410156 74.4289398193359 74.2744674682617 74.39208984375 74.0066070556641 73.9476852416992 74.1284637451172 74.6546325683594 75.0861663818359 75.2106323242188 75.075569152832 74.8562393188477 74.8471984863281 75.0411148071289 75.42333984375 75.6070251464844 75.7546081542969 75.8259506225586 75.5785369873047 75.8626861572266 75.9585342407227 76.0558624267578 76.1020278930664 76.273078918457 76.1818313598633 75.8093566894531 76.1581497192383 76.5288391113281 76.4720840454102 76.4809722900391 76.7860946655273 76.9067611694336 76.9341812133789 76.8737945556641 76.7615585327148 77.0242309570312 76.9906616210938 77.5211944580078 77.6519775390625
72.3222122192383 72.6057891845703 72.8717193603516 73.2738723754883 73.6911315917969 73.8238983154297 73.6919479370117 73.551155090332 73.8580932617188 74.1490173339844 74.2479095458984 74.0900344848633 74.0428009033203 74.2216262817383 74.2984390258789 74.1521530151367 74.0915451049805 74.4426116943359 74.747428894043 75.0074081420898 75.1822052001953 75.4267883300781 75.1623916625977 74.9790878295898 75.3322601318359 75.6978530883789 75.3985137939453 75.7129669189453 75.7754516601562 75.6953811645508 75.6698150634766 75.9889907836914 76.2144012451172 76.5213928222656 76.4837341308594 76.1312866210938 76.4169540405273 76.4440612792969 76.4284820556641 76.4514770507812 76.4822235107422 76.5530700683594 76.6581268310547 76.7307586669922 76.8407516479492 77.452392578125 77.2971267700195 77.0808563232422 77.4674835205078
72.7462692260742 73.4138107299805 73.6377716064453 72.927116394043 73.4141006469727 73.894905090332 74.1091079711914 74.0565872192383 74.3292007446289 74.5911026000977 74.5338287353516 74.6062240600586 74.5961990356445 74.535285949707 74.8724136352539 74.6211242675781 74.4740753173828 74.4416885375977 74.5677947998047 74.9306259155273 75.1028442382812 75.2897033691406 75.2837524414062 75.1388320922852 75.3681106567383 75.7124862670898 75.112190246582 75.2961196899414 75.6904067993164 75.4977569580078 75.5180511474609 75.8669662475586 76.0698699951172 76.376335144043 76.2825698852539 76.2827529907227 76.3851547241211 76.5101089477539 76.3927383422852 76.1385650634766 76.1861801147461 76.3241577148438 76.5529098510742 76.7146987915039 76.9645004272461 77.2913284301758 -3.4e+38 76.8374481201172 77.1999740600586
72.4868087768555 72.9183044433594 73.3778457641602 73.3727569580078 72.952751159668 73.2133255004883 73.690559387207 74.0595779418945 74.3594818115234 74.5353927612305 74.7473526000977 74.8505935668945 74.8206405639648 74.953742980957 75.1774520874023 75.3529281616211 75.2352981567383 74.9934463500977 75.0124664306641 75.1226043701172 75.2215881347656 74.9560012817383 74.9584732055664 75.2144088745117 75.4657974243164 75.5966033935547 75.1529159545898 75.2897644042969 75.5671463012695 75.6361236572266 75.9789962768555 75.9286041259766 75.9733200073242 76.1423950195312 76.2575378417969 76.2407760620117 76.2620391845703 76.5760879516602 76.48291015625 76.1690216064453 76.0439682006836 76.1518020629883 76.5480804443359 76.7079391479492 76.9934844970703 77.0019683837891 -3.4e+38 76.97900390625 77.1483764648438
72.6020202636719 72.6970062255859 72.7464370727539 73.370964050293 73.696662902832 73.5133285522461 73.1863632202148 73.2743301391602 73.8221206665039 73.9688720703125 73.9310455322266 74.1853942871094 74.6354141235352 74.9932556152344 74.9229125976562 74.9913558959961 75.1616821289062 75.6958694458008 75.8920288085938 75.3868255615234 75.312385559082 75.5095367431641 75.2770767211914 75.1953430175781 75.7275772094727 76.1051025390625 76.1218872070312 76.0420761108398 76.0657958984375 76.4503173828125 76.3554992675781 76.1297302246094 75.6809921264648 75.6719284057617 76.1394958496094 76.2483978271484 76.2104110717773 76.656364440918 76.6888427734375 76.4780044555664 76.4270172119141 76.5904235839844 76.7706527709961 76.8077239990234 76.6977081298828 76.508056640625 76.5457458496094 -3.4e+38 77.3654251098633
72.3942108154297 72.5514984130859 72.3042984008789 73.1583786010742 73.5350112915039 73.6746292114258 73.4554138183594 73.6473007202148 74.0146560668945 73.6723251342773 73.5140533447266 73.6788024902344 73.9352188110352 74.4411239624023 75.1851272583008 75.6408386230469 75.3435897827148 75.4751358032227 75.6095275878906 75.4298477172852 75.7333221435547 75.7199096679688 75.6116104125977 75.6016387939453 75.7117767333984 76.169921875 76.6272506713867 76.6178512573242 76.9520416259766 77.4605026245117 77.0195846557617 76.6391448974609 76.5105819702148 76.3410949707031 76.5248413085938 76.3631286621094 76.1725006103516 77.0859680175781 77.1565780639648 76.9379043579102 76.555290222168 76.4035186767578 76.5735931396484 76.5439300537109 76.5923156738281 76.6667327880859 -3.4e+38 -3.4e+38 -3.4e+38
72.2256622314453 72.5255737304688 72.3740615844727 72.8276596069336 73.044059753418 73.4850769042969 73.6406478881836 74.2433929443359 74.3825302124023 73.6082153320312 73.3276901245117 73.5596466064453 73.6933975219727 74.0205154418945 74.9423675537109 75.4819717407227 75.4855422973633 75.6941452026367 75.5031051635742 75.5646896362305 75.8422012329102 75.6759719848633 76.1034317016602 76.0398712158203 75.8561859130859 76.2791061401367 76.6928405761719 76.9629898071289 77.326774597168 77.7600326538086 77.3027114868164 76.9839935302734 77.0717315673828 77.0024566650391 77.1140823364258 76.7178955078125 76.1140670776367 77.2570419311523 77.6726226806641 77.3097229003906 76.6706085205078 76.1700057983398 76.1400299072266 75.994255065918 76.4223709106445 76.9840469360352 77.0669555664062 -3.4e+38 -3.4e+38
