rcp8.5models/MPI_ESM_LR/sc1gr4.11
NCOLS 261 
NROWS 433 
XLLCORNER 336357.134 
YLLCORNER 654653.479 
CELLSIZE 1000 
NODATA_value -3.4e+38 
[rows 220 to 241 of 433, columns 49 to 97 of 261]
282.2783203125 282.179351806641 282.126281738281 282.058990478516 281.546325683594 281.277008056641 281.232391357422 281.298187255859 281.200805664062 280.999755859375 281.198760986328 281.217834472656 281.290222167969 281.0107421875 280.977691650391 280.8369140625 280.419219970703 280.547821044922 280.778045654297 280.745330810547 280.346466064453 280.044006347656 279.360748291016 279.319671630859 279.321502685547 279.348358154297 279.063262939453 279.088684082031 279.114593505859 278.847106933594 279.147308349609 279.006561279297 278.808837890625 278.893280029297 278.916198730469 278.924743652344 278.973724365234 278.780181884766 278.099792480469 277.393890380859 277.209045410156 277.20263671875 277.287780761719 277.022094726562 276.970458984375 277.191680908203 277.151031494141 277.038848876953 276.849792480469
282.830963134766 282.587158203125 282.141448974609 282.094207763672 281.704528808594 281.200897216797 281.390838623047 281.230010986328 281.37841796875 281.716247558594 281.742156982422 281.466003417969 281.2626953125 281.353210449219 281.282318115234 280.979187011719 280.721313476562 281.082580566406 281.370391845703 281.106475830078 280.49853515625 280.33447265625 279.980041503906 279.955017089844 279.759613037109 279.3388671875 279.285034179688 279.277435302734 279.432769775391 278.893646240234 278.938568115234 279.101013183594 279.040863037109 279.275146484375 279.294219970703 279.191558837891 279.207733154297 279.075927734375 278.324523925781 277.947479248047 277.660430908203 276.488189697266 276.762512207031 277.164916992188 276.968017578125 277.194763183594 277.103179931641 277.049987792969 276.868865966797
282.986511230469 282.486419677734 282.246063232422 282.144622802734 281.825073242188 281.184112548828 281.522918701172 281.589660644531 282.021575927734 282.022491455078 281.658416748047 281.489135742188 281.340301513672 281.397399902344 281.209228515625 280.895965576172 281.195953369141 281.444427490234 281.498291015625 281.385314941406 280.915863037109 280.470794677734 280.522003173828 280.749053955078 280.20458984375 279.962493896484 279.719604492188 279.562622070312 279.840423583984 279.193237304688 279.114349365234 279.270355224609 279.310638427734 279.388580322266 279.34375 279.407196044922 279.208679199219 279.109130859375 278.654815673828 278.313049316406 278.271545410156 276.524078369141 276.216766357422 276.787872314453 276.955780029297 276.626068115234 275.032775878906 276.760925292969 276.672607421875
282.752075195312 282.227783203125 282.190887451172 281.996276855469 281.595977783203 281.356994628906 281.325775146484 282.161193847656 282.298950195312 281.914978027344 281.299468994141 281.430419921875 281.407348632812 281.384155273438 281.290863037109 281.207275390625 281.472412109375 281.550231933594 281.557769775391 281.725860595703 281.271667480469 281.017425537109 281.092834472656 281.062530517578 280.320007324219 280.330322265625 279.947601318359 279.799285888672 280.149658203125 279.589660644531 279.994873046875 279.939300537109 279.883758544922 279.724029541016 279.434356689453 279.837799072266 279.401824951172 279.187194824219 278.999359130859 278.459503173828 278.647888183594 277.379821777344 276.932373046875 276.750305175781 277.279754638672 275.859405517578 272.13720703125 275.776123046875 276.521545410156
282.364532470703 282.242248535156 282.038391113281 281.818237304688 281.864440917969 281.751342773438 281.697204589844 282.308624267578 282.19189453125 282.02783203125 281.735137939453 281.536956787109 281.318145751953 281.404052734375 281.456146240234 281.450073242188 281.714813232422 282.204742431641 281.97998046875 281.687866210938 281.381164550781 281.430938720703 281.264526367188 280.787078857422 280.386688232422 280.182312011719 280.119445800781 280.184020996094 280.207244873047 279.691925048828 280.251922607422 280.281219482422 280.245788574219 280.143280029297 279.899993896484 280.057647705078 279.769256591797 279.558197021484 279.297454833984 279.000457763672 278.846252441406 277.933959960938 278.025634765625 277.804718017578 278.010162353516 277.100708007812 274.888519287109 276.647827148438 276.746002197266
282.108093261719 282.187133789062 282.080383300781 281.995635986328 282.103485107422 282.155731201172 282.227111816406 282.20166015625 282.106536865234 281.872222900391 281.543426513672 281.432830810547 281.399261474609 281.777770996094 281.784484863281 281.910064697266 282.077209472656 282.470947265625 282.070922851562 281.678924560547 281.818420410156 281.558807373047 281.180816650391 280.790466308594 280.265441894531 280.309020996094 280.515594482422 280.641784667969 280.226135253906 279.613647460938 280.009490966797 280.621612548828 280.671875 280.32177734375 280.254669189453 280.181091308594 280.013122558594 279.860992431641 279.640441894531 279.346893310547 279.027618408203 278.344085693359 278.621795654297 278.567047119141 278.448669433594 278.372497558594 277.989593505859 -3.4e+38 277.014068603516
282.263214111328 282.593353271484 282.465850830078 282.208129882812 282.202514648438 282.303649902344 282.371032714844 282.048126220703 281.778564453125 281.580261230469 281.333526611328 281.551177978516 281.794219970703 282.102447509766 282.174224853516 282.421691894531 282.391937255859 282.490539550781 282.193450927734 282.157928466797 281.919372558594 281.2978515625 281.189514160156 281.024597167969 280.434844970703 280.868408203125 280.959350585938 280.636169433594 280.212036132812 280.0966796875 280.338775634766 281.031127929688 281.023376464844 280.521118164062 280.771026611328 280.646453857422 280.165893554688 280.118499755859 279.672607421875 279.59814453125 279.487274169922 278.772338867188 278.982086181641 278.951416015625 278.856811523438 278.573638916016 278.286804199219 278.255798339844 277.962738037109
282.318115234375 282.714111328125 282.616455078125 282.319519042969 282.452819824219 282.463745117188 282.396453857422 281.933258056641 281.878570556641 281.70166015625 281.540008544922 281.456420898438 282.101837158203 282.315124511719 282.330200195312 282.707275390625 282.593566894531 282.210144042969 281.651397705078 281.755279541016 281.390106201172 281.114990234375 281.128936767578 281.0419921875 280.864776611328 281.168304443359 281.067138671875 280.987030029297 280.550689697266 280.463623046875 280.725311279297 281.155731201172 281.235260009766 280.871704101562 281.062164306641 280.917022705078 280.576934814453 280.302551269531 279.909790039062 280.141296386719 279.750305175781 279.222839355469 279.233642578125 279.16259765625 277.653686523438 275.323364257812 278.214324951172 278.349945068359 278.45751953125
282.326507568359 282.779479980469 282.716369628906 282.559967041016 282.998779296875 282.870178222656 282.546997070312 282.160095214844 282.109344482422 281.736633300781 281.361785888672 281.591491699219 282.472290039062 282.231872558594 282.336639404297 282.770904541016 282.507904052734 281.729370117188 281.378234863281 281.73046875 281.416076660156 281.265930175781 281.503540039062 281.242309570312 281.232940673828 281.212432861328 281.092712402344 281.34326171875 281.106597900391 280.769805908203 280.862060546875 281.268096923828 281.348907470703 281.313995361328 281.288635253906 280.949340820312 280.810943603516 280.689300537109 280.452056884766 280.459197998047 280.045654296875 279.671325683594 279.270172119141 279.294403076172 278.355590820312 276.573974609375 278.4658203125 278.461029052734 278.521026611328
282.710266113281 283.13232421875 282.934417724609 283.040679931641 283.097503662109 282.652954101562 282.16015625 282.017425537109 282.111419677734 281.939575195312 281.690124511719 281.936157226562 282.825866699219 282.585968017578 282.427307128906 283.081481933594 282.775177001953 281.879211425781 281.748016357422 281.989074707031 281.700927734375 281.671234130859 281.942077636719 281.789886474609 281.665161132812 281.38623046875 281.43310546875 281.632110595703 281.436889648438 281.166229248047 281.097320556641 281.44873046875 281.595306396484 281.455230712891 281.526733398438 281.024536132812 280.874450683594 281.111877441406 280.798431396484 280.640014648438 280.596557617188 279.944946289062 279.423217773438 279.593353271484 279.730377197266 279.073089599609 278.940643310547 278.976684570312 278.681518554688
283.066619873047 283.486083984375 283.244750976562 283.023681640625 282.920776367188 282.417114257812 282.003631591797 281.803436279297 282.102264404297 282.605041503906 282.543548583984 282.566650390625 282.922790527344 282.981628417969 282.807281494141 283.102630615234 282.809265136719 282.147277832031 282.35498046875 282.049591064453 281.869323730469 281.916442871094 281.980560302734 281.879364013672 281.839080810547 281.506072998047 281.64501953125 281.760192871094 281.580596923828 281.493560791016 281.632110595703 281.514953613281 281.89599609375 281.761047363281 281.541900634766 281.1748046875 281.375152587891 281.298889160156 280.734222412109 280.664398193359 280.692169189453 280.004974365234 279.934448242188 279.938171386719 279.871795654297 279.586151123047 279.363677978516 279.098022460938 278.905609130859
283.738037109375 283.289306640625 282.902587890625 282.732666015625 282.591491699219 282.699584960938 282.7548828125 282.846008300781 283.339538574219 283.655548095703 283.666107177734 283.587249755859 282.937683105469 283.048431396484 283.459381103516 283.396240234375 283.07958984375 282.643829345703 -3.4e+38 -3.4e+38 282.58935546875 282.234710693359 282.166900634766 282.295104980469 282.533843994141 282.500885009766 282.568695068359 282.343658447266 282.494262695312 282.275390625 282.294494628906 282.204742431641 282.0546875 281.806762695312 281.507568359375 281.901580810547 281.384460449219 280.849792480469 280.801055908203 280.54833984375 280.630828857422 280.554107666016 280.777648925781 280.221557617188 280.111633300781 279.869415283203 279.789215087891 279.806121826172 279.432281494141
283.615539550781 283.093292236328 282.880065917969 282.921936035156 282.767242431641 283.109527587891 283.540161132812 283.465637207031 283.888946533203 283.981384277344 283.916961669922 283.574401855469 282.878570556641 283.312225341797 283.563842773438 283.504302978516 283.206939697266 282.782165527344 282.878540039062 282.852935791016 282.856079101562 282.821319580078 282.652465820312 282.706329345703 282.788879394531 282.697021484375 282.738372802734 282.645965576172 282.787994384766 282.167541503906 282.107116699219 282.175964355469 282.221954345703 282.060729980469 281.8046875 282.016967773438 281.663726806641 281.268310546875 281.200469970703 281.035339355469 280.757080078125 280.953338623047 280.746246337891 280.070434570312 279.997894287109 279.951782226562 279.892028808594 279.798156738281 279.498657226562
283.260620117188 283.082672119141 282.872375488281 283.128265380859 283.461669921875 283.732513427734 283.896270751953 283.901641845703 283.957946777344 283.858032226562 283.910888671875 283.644104003906 283.477996826172 283.540588378906 283.478332519531 283.472015380859 283.276550292969 283.199615478516 283.281219482422 283.111785888672 283.125366210938 283.074005126953 282.857574462891 282.800567626953 282.631713867188 282.746917724609 282.586822509766 282.316497802734 282.557769775391 282.066436767578 281.950012207031 282.110534667969 282.247955322266 282.060913085938 282.232879638672 282.054138183594 281.742126464844 281.472442626953 281.307342529297 281.050354003906 280.905029296875 281.162689208984 280.8740234375 280.464538574219 280.042663574219 279.974456787109 279.745208740234 279.564086914062 279.130798339844
283.258758544922 283.236419677734 283.45947265625 283.808441162109 283.855285644531 283.868286132812 283.957092285156 284.004913330078 283.906585693359 283.845428466797 283.749572753906 283.740295410156 283.700012207031 283.473236083984 283.318542480469 283.386566162109 283.181274414062 283.118072509766 283.365478515625 282.937042236328 282.983215332031 282.917938232422 282.898162841797 282.925476074219 282.537567138672 282.316833496094 282.209930419922 282.068786621094 282.406951904297 282.148651123047 282.223266601562 281.88330078125 281.940795898438 281.823852539062 282.1572265625 -3.4e+38 281.825805664062 281.444671630859 281.221557617188 281.052459716797 281.115783691406 281.455230712891 280.911468505859 280.713073730469 280.493255615234 280.375335693359 279.945495605469 279.599853515625 279.279510498047
283.317901611328 283.370849609375 283.831665039062 284.01220703125 283.935668945312 283.931457519531 284.038299560547 283.642181396484 283.856811523438 283.945251464844 283.427093505859 283.076568603516 283.073120117188 282.862182617188 283.031921386719 283.083740234375 282.873657226562 282.735076904297 282.864135742188 282.795989990234 282.952545166016 282.926330566406 282.940826416016 282.820007324219 282.280456542969 281.981292724609 282.025115966797 282.020202636719 282.311248779297 281.994812011719 282.091827392578 281.965026855469 281.659332275391 281.427185058594 281.905395507812 -3.4e+38 -3.4e+38 281.849700927734 281.601287841797 281.555114746094 281.607025146484 281.650573730469 281.129760742188 281.165161132812 280.773162841797 280.600616455078 280.246215820312 279.621276855469 279.356781005859
283.457244873047 283.810577392578 284.062347412109 283.889373779297 284.016662597656 284.049682617188 283.767730712891 283.424987792969 283.643768310547 283.860260009766 283.643890380859 282.989379882812 282.802642822266 282.646301269531 282.794250488281 282.896636962891 282.954193115234 283.101165771484 282.784240722656 282.908935546875 283.105529785156 283.044372558594 282.982696533203 282.771209716797 282.1533203125 281.994293212891 282.010406494141 281.984436035156 282.098022460938 281.885772705078 281.914581298828 282.011413574219 281.72314453125 281.764434814453 -3.4e+38 -3.4e+38 282.121887207031 -3.4e+38 -3.4e+38 281.861114501953 281.730926513672 281.815460205078 281.427673339844 281.016876220703 280.785614013672 280.546752929688 280.105865478516 280.081298828125 279.724609375
283.895050048828 284.108917236328 284.178283691406 284.027648925781 283.668121337891 283.294952392578 283.200958251953 283.136932373047 283.025360107422 283.427398681641 283.822418212891 283.493316650391 283.226623535156 283.412811279297 283.369201660156 283.436645507812 283.274780273438 283.119842529297 283.119445800781 283.133270263672 283.048034667969 283.001586914062 282.780670166016 282.55322265625 282.644775390625 282.264282226562 281.892425537109 281.93505859375 281.999206542969 281.959869384766 281.887420654297 281.883850097656 281.81494140625 281.987487792969 -3.4e+38 -3.4e+38 -3.4e+38 282.079925537109 281.88037109375 281.370056152344 281.356201171875 281.448577880859 281.532501220703 281.027435302734 280.756561279297 280.743560791016 280.554656982422 280.552307128906 279.972595214844
284.136199951172 284.150604248047 284.033508300781 283.808563232422 283.583892822266 283.192840576172 283.170715332031 283.103424072266 283.041534423828 283.187652587891 283.229309082031 283.349884033203 283.499725341797 283.395538330078 283.496795654297 283.560028076172 283.060821533203 283.002227783203 283.001037597656 283.010589599609 282.97314453125 282.911651611328 282.711791992188 282.672637939453 282.992095947266 282.533508300781 281.883636474609 282.036743164062 282.052520751953 281.987365722656 281.850402832031 281.858489990234 281.866485595703 281.851104736328 -3.4e+38 -3.4e+38 282.098754882812 282.107849121094 282.016235351562 281.479095458984 281.059661865234 281.376190185547 281.110229492188 281.138061523438 281.3017578125 281.056945800781 280.75830078125 280.665161132812 280.279632568359
284.159942626953 284.139038085938 283.947418212891 283.576599121094 283.518035888672 283.439544677734 283.363037109375 283.369079589844 283.363800048828 283.412200927734 283.417724609375 283.23388671875 283.021240234375 282.952362060547 283.043975830078 283.127075195312 282.832855224609 282.797241210938 282.881652832031 282.910095214844 282.819152832031 282.596771240234 282.357147216797 282.513000488281 282.813262939453 282.844757080078 282.600067138672 282.44775390625 281.978637695312 281.834930419922 281.359924316406 281.426513671875 281.826812744141 281.8134765625 282.009613037109 -3.4e+38 282.181640625 281.946960449219 282.033813476562 281.874786376953 281.336700439453 281.113403320312 281.024108886719 280.986328125 281.371063232422 281.078369140625 280.6650390625 280.691955566406 280.562072753906
284.296875 284.127502441406 283.934722900391 283.527465820312 283.414794921875 283.409973144531 283.445587158203 283.800628662109 283.663238525391 283.42431640625 283.421966552734 283.369110107422 283.168395996094 283.001525878906 282.924591064453 282.937835693359 282.871124267578 282.806121826172 282.747833251953 282.812927246094 282.650115966797 282.139862060547 282.080657958984 282.208190917969 282.466033935547 282.670288085938 282.940490722656 282.919891357422 282.583160400391 281.936706542969 281.310150146484 280.959869384766 281.432525634766 281.730010986328 281.783355712891 282.249542236328 -3.4e+38 281.896270751953 281.883728027344 281.958862304688 281.830810546875 280.998382568359 281.460021972656 281.18212890625 280.894683837891 280.795776367188 280.529541015625 280.318603515625 280.509307861328
283.789611816406 283.591705322266 283.628143310547 283.515594482422 283.384399414062 283.51513671875 283.858612060547 283.666931152344 283.619262695312 283.390930175781 283.310699462891 283.272583007812 283.171997070312 283.055725097656 283.273559570312 283.246551513672 283.219390869141 283.228393554688 282.722839355469 282.632446289062 282.491851806641 282.241424560547 282.219146728516 282.165710449219 282.2216796875 282.224395751953 282.509490966797 282.800537109375 282.588439941406 282.320709228516 281.637817382812 281.306945800781 281.468200683594 281.737854003906 281.835723876953 282.312408447266 282.544830322266 281.835479736328 281.856201171875 281.963623046875 281.864105224609 280.854705810547 281.126159667969 281.118927001953 280.779602050781 280.639282226562 280.262268066406 279.755981445312 280.369476318359
