rcp8.5models/MPI_ESM_LR/sc1gr1.4
NCOLS 261 
NROWS 433 
XLLCORNER 336357.134 
YLLCORNER 654653.479 
CELLSIZE 1000 
NODATA_value -9999 
[rows 330 to 351 of 433, columns 100 to 149 of 261]
75.0405218575267 74.5047040513134 74.5043438216358 75.1990423794228 73.9314592288668 70.0112447280329 67.4194538264584 67.6020026883016 67.8979772993127 68.1779810535417 68.5302378775315 68.7927986233934 -9999 -9999 70.9450056661556 69.9010505135728 71.2397229926355 73.2152708757068 -9999 -9999 72.946449109362 71.5947779458097 70.9783340287044 70.2710770793462 67.9477867969089 65.1265165015917 65.3477082116518 67.4268933450633 67.7105451514857 67.1427873440945 66.8883235004531 66.5905856410629 67.1935367248729 67.6145016577109 67.6862680716996 67.973712619819 68.3690237880239 67.8673605029753 66.447146037804 64.8253588810525 63.560896183215 62.9982204820826 63.1222332325318 63.2244403942198 63.3950367953477 63.4623799114875 66.3367041687439 68.890549585896 70.3969023293668 71.1308843837508
74.9306397061692 74.030886560392 72.673038337504 73.9195334950861 74.3390687852852 71.2433702353922 67.907289534238 66.3569183115013 65.8437325012559 66.0866456687088 67.1625185662223 67.4473950822378 72.2346235984052 -9999 72.6602019954243 71.4568306992039 71.2304701349145 70.8998513888437 71.4583804124027 72.9195663418891 73.6124431753698 73.4802265985147 72.4353720642134 70.6196902606123 68.4496116627679 66.4673453412814 65.2599867950096 64.8689518763232 65.4681276111079 65.5505343998827 65.4835047890093 66.0147456765406 66.8530528915489 67.0661483622664 67.0032242500103 66.6184048407971 66.5199360158234 66.9171541090937 66.5695288054589 65.2317060162765 63.939316721576 63.1339715322267 63.0051513394369 62.9130785272052 63.0986232843573 63.1172363476773 66.7013729176308 68.1906366524292 70.0029741317538 70.8771153256266
74.3082750062383 74.5966587131547 73.0860778410891 72.6494219621606 72.7959009775239 71.4720702512404 68.9953802060856 66.162338589156 65.1749313383703 65.9561420799466 67.8293437740003 68.944474424787 72.4154045824389 73.6845886163226 -9999 -9999 72.355336186428 70.9495104019423 69.9737834572395 70.8394913324356 72.7458992671814 74.0335387141829 73.4571591282128 71.7492762955933 69.5797481973843 68.5454420625562 66.6910654944639 64.407743081101 63.8915312481855 64.6660104369545 65.0088257310983 65.8062112742106 66.8191075573648 67.4068373738847 67.3211974353353 66.0270148156752 65.2318425200764 64.9862964291623 64.9376814674967 64.3146688409114 63.5269003827996 63.1609073921905 63.0150527670938 62.9243021492262 62.9086019040387 62.9534835864959 66.0567454478926 67.5039791600577 69.0791521890958 69.9219153956634
74.2239587361497 75.3340806323874 74.581179233909 73.0691929648087 71.8159179075525 71.0782906318515 69.3390232216528 66.8343451302546 66.3985807234233 68.0705880758567 70.042281601834 70.8083959124661 -9999 -9999 -9999 -9999 72.2149029384761 71.6701348251452 70.6213022748825 70.0668154352884 70.791591738548 72.2015063574177 72.9484867451926 72.1985151443897 69.861167080328 69.4755969320022 68.2388704369945 66.2502212573848 64.5829728679054 64.5583964885175 65.4242751636483 66.2248546322728 66.6084062748081 66.6668448188638 66.7439734666922 65.6468088691313 64.6900524896351 63.8920656922559 63.4282184357033 63.3578070048561 63.0224944937495 62.9298018121631 62.8857345910411 62.9735926072748 62.8492831314732 63.1388248840105 64.6737116582634 65.9687305210605 66.0614689841438 67.336794030104
74.3847441483628 74.6158514336415 73.0890479514753 72.3942855765569 71.38131079437 70.2326321201716 68.3546977032576 66.2174749015035 66.0433297239383 67.5141843818189 68.6130865088443 69.5224502326595 70.9871565104698 73.3476719124955 -9999 -9999 72.0355130939749 71.5358573436516 71.0026750264778 70.6013239099746 70.3463426975084 70.3714412370705 71.1584291118752 71.1906015645569 70.3352746999224 70.4292897805195 70.0348413750742 68.4630241752652 66.645381298323 65.528159725386 65.9334730310479 66.5608848481483 66.5531439923716 66.1456104463726 66.0794437180251 64.9652424056879 63.8787299934584 63.2809148780739 63.0707121704062 63.0919142422797 63.0057107418245 62.8693256716861 62.8795183147158 62.9783441116907 63.0516298398066 63.308214718076 64.3693348201141 65.652326727975 65.6416798777304 66.4758782497361
74.8330871107964 74.7309069423208 73.903599943364 73.6261315130399 72.2224882198684 69.2820252911926 66.7186023119957 65.2187853966964 65.1030908471717 65.7077099943973 65.7370925278294 66.7495807046983 70.4133544434127 72.9272757405575 72.8283416960876 72.1247712291444 71.6806874678483 71.232946554002 71.0168817358069 70.816340827079 70.4497583659785 69.4594401848777 68.9814688985926 69.2123814695326 70.12325365987 70.3619896896166 70.6583925634413 70.1823601340294 68.8499674027512 67.2583954252456 66.3920050292702 65.8977482894915 66.1463726942912 66.0003583083545 65.1568493062387 64.2202919806074 63.4543730374336 63.0313856634448 63.1073878078782 62.9085474041049 62.788702908486 62.9478337686177 62.9937906952666 63.0567284250121 63.1750533885542 63.0612887850894 63.4508264920888 64.7227115041188 66.1627475367367 67.1751558033527
75.2549717568838 74.8925695877003 75.4725216065161 75.7563843464679 75.0755395990438 73.6731396030373 69.7743247805249 65.8014522183558 65.8685937733221 66.3382523631815 66.9775077037393 67.6871447877384 69.1055327863398 68.9834180346929 67.7699588595096 65.2035594179304 64.9191723550197 67.1837395695679 69.0622928313256 69.9011065578191 70.3199998462983 69.7248543884557 68.7232294215873 67.2529584404812 66.4143741912824 67.5915618090469 68.999884730033 70.054267074259 70.1549227414732 69.6419487154048 68.3303736960782 66.381592450266 65.3995549866676 64.9001382977393 64.0937573036615 63.0389120711427 62.9473895691011 62.9890696673865 62.8859681286009 62.8063613430384 62.9459585003031 62.985752438114 62.9328409987189 62.8569178313634 63.4027425718394 64.1615906936221 65.7891395770597 64.3253735031297 63.5066603525051 64.428892523449
74.5056937388481 74.773249546161 75.150961586382 75.1332485363032 75.6183477912241 75.9565328794878 71.5148284112258 66.5508642748796 66.4183117795772 66.2763033474218 66.782640138294 67.0326059076182 66.4079301319969 65.965680086822 65.6554349041542 64.5767156051297 64.1067201915548 66.1063175496412 68.8443658388407 69.6416448582612 69.6297615261841 69.4951009201114 69.4718848115418 67.8043032356277 65.2434883256964 65.9952584571783 67.1667747500029 68.3739369520035 68.7953959991671 68.7401034343027 68.4831082885669 67.3584354206325 66.6078855247697 66.2218724027089 64.9005848333104 63.0097920991511 63.0908393964515 63.0489261438712 62.9197740279041 62.9262633943023 63.057469851294 63.6183549022135 64.021908572898 63.7420696395456 65.5185693407117 67.2011678616265 70.5836715388111 69.5584300681824 66.9194347984904 65.9933660090151
74.7660830098293 74.6095537894893 74.8523954606355 74.8513533030333 75.5208878773952 76.174714118102 73.4804891752483 70.1332071166288 69.0417448901296 67.3833177769567 67.1158927646167 66.824009503779 65.5396504898189 64.5837382604952 64.5882290747688 64.4310089537756 64.4387003475352 66.0566909561731 68.1614522197297 68.5750782640324 68.6274563735268 68.627140939896 69.2730226159855 68.3618099781362 64.563464527231 64.5537571736152 65.2694593450288 66.3819847496046 67.0783328719006 67.6057541022161 67.7096080323794 67.2454592215645 66.9709022923079 66.5725424102948 65.393940606713 63.5038508045075 63.066411739857 62.9291897956611 63.0570054948902 63.0384668967036 64.108674323474 65.892370198856 65.5014615232468 66.0339849229033 69.4213306818211 72.258857375509 75.9340657992632 75.3448476361229 72.782702353749 70.4472842286152
74.9471477525209 74.4202165378568 74.7747319012606 75.0014619675761 75.056882162669 75.8941704632325 76.0669887909953 75.2218292764004 74.0027858433748 72.1281530257612 70.1322786103362 69.4176218481279 70.1884605854138 67.1656118867484 65.3964290319608 65.1253596236828 65.0293509027266 65.2723428387151 65.7951873220137 66.0508545825034 66.9696638681555 67.6310417157676 67.8877285990109 67.3817165609882 64.5710155819101 63.7155818525627 64.0977736191347 64.9785749142871 66.1652991365627 67.1375471366305 66.8486116932064 66.4947649028207 65.8673806821226 65.1599994851157 64.7286617424042 64.1360907601767 64.1689700621792 64.2298838903358 63.4252367686076 64.363807321826 67.4299062905564 68.8181999025262 65.939400708209 66.3372180777775 70.1292755293479 73.6022604447542 79.3548466607235 78.2618001790214 76.8727899566833 75.307171511724
74.6610294138519 74.5255901377043 74.8082539226233 74.9461158807549 74.7590902326561 75.5790558352787 76.4121642448223 76.6889696051707 76.5318832192384 75.9376959804353 74.4791498780068 74.1790011025917 74.3210664462358 70.8004660242678 68.6578217949207 69.057799780598 68.6393536746366 67.6805621408613 66.9271453371036 67.1715574913287 67.5791229929092 67.8899208468436 67.1699193189473 66.3352776902063 64.5924208801177 63.8465929763116 63.86552746078 64.8452571243256 66.7219308813444 67.7454415163535 66.9594456400364 66.1986211475771 65.8918863075371 66.1181772333135 66.1819320202378 66.712872506709 67.9585715913134 67.4226347600387 64.5443059705815 66.6646997594699 70.843685400816 68.9932769461338 65.2619972299795 66.0133365212247 70.1534435834731 73.6713187619226 80.5745918950328 80.4927281219983 78.9830774973644 77.9284425573044
74.4533972028009 74.8338975347478 75.0240447288586 74.9127765131147 75.0178431633754 75.6536074154561 76.021756185873 76.3079876828964 76.7292938058921 77.0918293855232 76.9122424366794 76.5326886730136 75.5496047229948 72.7546770197208 71.8688597057021 73.2203197947114 73.2155093323597 72.4079980051395 71.6839149123512 71.0048852179621 70.1281362372258 69.4864161389157 67.867342682745 66.3521734705045 65.2071498277848 66.3838671442038 66.9128158153254 65.979625192746 67.88543842654 70.0697794099093 69.4301538919034 68.4479897905034 69.148183974469 70.0605062382249 70.922290362531 72.062704348352 72.6440017904008 70.3822431711774 68.0823255807413 70.9459253077899 72.7047296616964 68.2100394798178 66.6781193947031 69.9949016127346 73.8954397980753 77.4594779414693 80.6017463061371 80.8684862526808 79.8112069096435 79.4279854916006
74.5116346015537 74.9861221142636 75.1129012585409 75.2358997018121 75.8421512639452 76.1183300844631 75.9167062307716 76.1248033856496 76.8429717829979 77.3148482258681 77.5124788025985 77.2179276216715 76.8045686957059 74.8443764055971 74.1673470584814 75.1800426467933 75.8443085241023 76.0819063431235 76.188893537611 75.4871998520303 74.5710790935249 73.1174419898295 70.5082745497826 68.7519830240518 68.4988173723399 70.6110784734885 71.2673372032881 69.5375034087163 71.051988717509 73.3821851768149 73.395526263851 72.3998905561531 72.2408304143761 72.7374493315711 74.60235058763 76.4352476823588 76.5545294457659 74.1748261586594 74.0787711604306 76.0680634562753 74.0975358751709 71.3256819247308 72.7381657208412 75.1074298875059 77.634183743495 80.3942912546324 81.5722822370362 81.1783104133222 80.6821614068483 80.7839535956343
75.1207196591683 74.8620038617071 74.7729448109661 75.4122437713318 76.1847574066722 76.2449746728525 76.2950336802171 76.4047340161211 76.809985587882 76.9641706944101 77.2735799300904 77.5010300262256 77.4804474038221 76.8165937214029 76.1211977312705 75.8180694213751 75.5641217981715 76.1628552180837 77.8992608649735 78.6932843212475 78.656855339476 77.3600473397985 75.3279369141866 74.06903486108 72.9832906975041 74.1358364598609 75.5074797489685 75.7049353171018 75.9665182096822 76.2572919947793 75.932181128337 74.5736430002099 73.1834703237686 72.7527526395974 73.8708813287914 77.447228470247 79.2140572212896 78.806893599321 79.1159870309121 79.080873109662 77.1151046456317 77.1084053673338 78.6036253180101 79.3758482679503 80.4706674501607 81.6477088203394 81.9948623255782 81.5374479155299 81.3926776115521 81.5074704945306
75.6547155862659 74.9363798467666 74.7947740360458 75.4063690485154 75.7087719740332 75.8888155251742 76.4069153071452 76.3762824738352 76.4058942433597 76.568115694747 76.8275657692095 77.0114223417509 77.7725325721828 77.5208434168706 76.9471918469392 76.5063484533286 75.5431104851833 75.2427098811912 76.5177925414652 77.6306501026517 78.848359805093 79.0901629913017 78.6283540401389 78.0970621646525 76.2035755736951 77.2481836609463 78.7655365933014 79.512735403293 78.9262008805016 78.6436283322453 78.6378241584164 77.3637805368968 76.2110344772429 75.5127319915511 73.9772585209282 74.944238604333 79.0169147253755 80.8629141634963 81.1115857442699 80.7545411783618 80.6088494570054 80.9131707743091 81.1095365071595 81.7369997931717 81.8758715961709 81.9825019628188 81.4421812390837 81.4449125172486 81.5711425273577 81.4463460768373
75.9401154721106 74.9825442196506 75.1646231622528 75.8256387784075 75.8689446171607 76.0158933720958 76.309014590934 76.024479668321 75.9956407911814 76.3607310252202 76.5090856609065 76.5570082661309 77.0077785861159 77.2987747902496 77.5367219610443 77.8062930006141 77.5525548494209 76.8574860850654 76.1045010663151 75.9964497771869 76.9417339264419 77.8022542939462 79.0131395877142 79.1648334577257 78.6555151738893 79.2916344906124 79.6909645177128 80.0765709734482 79.8470616902148 79.7760640728606 80.0725728130786 79.7082220125471 79.6049036858555 79.1802657400275 77.3149067411212 75.6916155169562 78.9522544078649 80.8920413041909 81.3565614143817 81.6174306796291 81.6477222732159 81.7442015421846 81.7788194021262 81.8599701261537 82.0422139978759 81.8365971162006 81.5305302034709 81.4588107306547 81.5673774377172 81.2639259886402
75.5886381209744 75.2590192730138 75.2786937512393 75.8294488692327 75.9687657665803 75.9801574854091 75.9944526718451 75.7622902593078 75.6545724226305 75.8879862882496 76.0032183416807 76.0084785574599 76.3242935062466 77.0419588373453 77.4569550329727 77.5483414680759 78.1263881243894 78.3540317245692 77.674939818066 77.3417964517807 77.3559615008923 77.9017149851012 78.9155875947727 78.9566513756512 79.809469790445 79.6678309230221 79.510829914013 79.7334250341862 79.8522817928483 79.8236237169284 80.0910654105835 80.2635499982391 80.120099154456 79.9410008503882 79.8591976420337 79.9057546728418 80.3796229021588 80.8474354340277 -9999 81.5111847955925 81.6211095481133 81.7405502050436 81.712558726248 81.6341452412133 81.7987114843099 81.6063663913004 81.7260686306713 81.4182257507569 81.2791282251625 80.9450932843236
75.0890411691931 75.6304954053874 75.6811543341421 75.8324683544612 75.9246205090164 75.6907126607163 75.6575470276033 75.5680419182025 75.8061681096455 76.0499201106874 75.8927840086607 76.1025351139497 76.5052539634001 76.7712317941244 77.0873015571276 77.2959377896661 77.9277661717274 78.3947152504384 78.7485276258165 78.8863283994187 78.5389821631916 78.7812242404901 79.011762408049 78.7755445558032 79.1582615795343 78.993136408899 79.0289396149782 79.7409700028552 80.0060636679142 80.0771725285033 80.3572266007897 80.7309904827964 80.3745458015219 80.0675920264776 80.3681300093767 80.7923116894004 80.44426589865 80.507578177602 81.0133905592694 81.2784351590864 81.5554584515081 81.6444365732478 81.7611712347684 81.7015087046034 81.7496175350754 81.9634720469959 82.086089934325 81.9676506260548 81.3991436828387 80.9963500905317
75.629282492332 76.0598231137837 75.6471224090613 75.4902051863442 75.54820866867 75.7430696904184 76.1120183524025 76.2706355178296 76.3646167673621 76.3156631817063 76.9189401048315 77.7031289019046 77.0964060321578 76.8516259495341 77.1452515995896 77.6955852267269 77.872510789854 78.2066422938614 78.6817052000107 78.6609387055517 77.4030105532665 76.2450556493176 77.6018080957189 78.3010891434101 78.990020891892 79.2002148456807 79.4050772272093 79.7016475058685 80.0501063917088 80.0499464568207 80.4755913344247 80.6214133721865 80.7522297385283 81.0797632019955 81.0099783495557 81.0418472577748 80.7714293209342 80.5218524400421 -9999 -9999 81.0622247833423 81.2779651828201 81.6336496041526 82.027689948376 81.9121799320177 81.5701665469519 82.0344028401646 81.4582500380085 81.5202496653492 81.5085343525582
75.5757120393981 75.8617105916167 75.545227264138 75.6842375269472 75.7819587776948 75.6478558693715 75.8595894526334 76.1686158062681 76.5192360855312 76.7044409810342 77.2003723258493 77.9720578812998 77.603680076381 77.6570038564148 77.9084602690207 78.4557785344563 78.833356679871 78.8929222744704 78.9455177606071 78.6459011033163 77.8132397117338 76.641733687851 76.4956934411123 76.6045677086689 77.8281473129437 79.1373843826651 79.5591572462565 79.9423105987844 80.2222989266596 80.048886888798 80.189174402812 80.3672281722767 80.3953997948509 80.6505558943349 81.2374171660071 81.1662979136796 81.1446694080762 80.9463780092253 81.1116488182131 -9999 81.1578272260901 81.0515247403588 81.2271362854456 81.5314960462301 81.6803973279893 81.4790438231308 81.6989230558944 81.7522979762689 81.4683330441463 81.2547596963308
76.0371143771542 75.5792259799047 75.6303523753142 75.9461093934243 75.95748499521 75.9801734291288 76.0006614055354 75.9578365343808 76.3426535065415 76.8786723167296 77.0756500422342 77.4494647352777 78.1085658540274 78.0307642959907 78.5231407704488 78.5847654370416 78.4062967831113 78.024875487046 76.9631866034317 76.2845066598825 76.7256804025125 76.7737536694956 75.5740800121624 74.8930186181895 77.1935202666534 78.2609970271503 79.1347839664715 80.1057743032706 80.11052548987 80.0621726388837 80.0826215997172 80.0261065552464 80.3851483362265 80.5256501737799 80.872321819482 81.0734525961119 81.1467709773082 81.37593215326 81.5717552481235 81.5836355193943 -9999 80.9939154032119 81.3635579024922 81.8647013154916 81.9469600409388 81.6241385236661 81.096836759793 81.3580026346171 81.0258997827821 80.5494021154535
76.048749580837 75.7056398327254 76.0405270160742 76.4223590053485 76.3658486528002 76.3959827254162 76.3861133884092 75.9971304564664 76.1284755805311 76.5856197307358 76.6269733403514 76.8456956033326 77.8330224643879 78.4003985920714 78.8331115919638 78.6454390753217 78.4482149808147 77.7576611263326 75.6806509347983 73.6336925979883 73.13075403978 73.0391226612016 72.1295393920683 71.5352635794938 75.7077326545745 77.5521867079817 79.0829314264955 80.0729828407846 80.1631207377549 80.4303524213889 80.2407371464521 80.155038419758 80.5983915363195 80.7591546531797 80.8137511236249 81.1829211205134 81.2800036451933 81.5036255920876 81.7777193804678 81.8229259993739 -9999 -9999 -9999 81.9041923001533 81.7284712175775 81.7494837760799 81.3673738494651 81.3413424404094 81.2600394530101 80.5869489891972
