rcp8.5models/MPI_ESM_LR/sc1gr1.28
NCOLS 261 
NROWS 433 
XLLCORNER 336357.134 
YLLCORNER 654653.479 
CELLSIZE 1000 
NODATA_value -3.4e+38 
[rows 330 to 351 of 433, columns 49 to 97 of 261]
70.7954254150391 70.9580230712891 70.9278335571289 70.8336486816406 71.1923217773438 71.2224349975586 71.230827331543 71.7489547729492 72.0277557373047 72.204833984375 71.9123916625977 71.5769348144531 71.9028625488281 72.2623901367188 72.5074462890625 72.8024673461914 72.8828811645508 72.7985153198242 73.3661270141602 73.0594863891602 73.2991027832031 73.4111785888672 73.3745040893555 73.7371597290039 -3.4e+38 -3.4e+38 73.6378555297852 -3.4e+38 73.9192199707031 73.955696105957 74.258056640625 74.3804779052734 74.6780548095703 74.939079284668 75.0181274414062 74.7616653442383 74.5317230224609 74.7995681762695 75.2224807739258 75.4474334716797 75.2590179443359 75.160758972168 74.9979019165039 74.8583450317383 75.0602416992188 75.0695724487305 74.7804946899414 74.5273513793945 74.8374176025391
70.7109756469727 70.9163284301758 71.0370635986328 71.1318817138672 71.0795440673828 70.9060668945312 71.069938659668 71.8245315551758 71.9422454833984 72.1344604492188 72.1360626220703 71.8409194946289 71.9950408935547 72.2582778930664 72.317268371582 72.4549026489258 72.6530380249023 72.8164825439453 73.305419921875 72.9324645996094 73.1658020019531 73.7398681640625 73.8234634399414 73.6682052612305 -3.4e+38 73.4692687988281 73.7182388305664 -3.4e+38 73.7778625488281 74.0570831298828 74.4482879638672 74.5862274169922 74.9148025512695 75.0963363647461 75.0986099243164 75.0364990234375 75.0982513427734 75.5851364135742 75.8642654418945 75.6647033691406 75.2288970947266 75.1437377929688 74.9220199584961 75.1852188110352 75.1362838745117 75.0521926879883 75.0330810546875 75.0882797241211 75.7474822998047
70.8754348754883 70.9365844726562 71.094612121582 71.2048797607422 71.1698989868164 70.9007797241211 71.1958770751953 71.7393951416016 71.934455871582 72.1624603271484 72.4151382446289 72.0574951171875 71.7971725463867 72.0968170166016 72.3231506347656 72.5993270874023 72.7369995117188 72.7930068969727 73.3726806640625 73.3235244750977 73.2279434204102 73.6385498046875 73.7273178100586 73.4161148071289 -3.4e+38 73.4972991943359 73.5488433837891 74.0208740234375 74.3010940551758 74.2947158813477 74.842643737793 75.0086517333984 75.1692047119141 75.2536544799805 74.9785842895508 74.9695816040039 75.5982971191406 75.8199768066406 75.8471755981445 75.664680480957 75.2308654785156 75.1559143066406 74.9427337646484 75.1327896118164 75.1531295776367 75.0952224731445 75.3356094360352 75.5614242553711 75.8774261474609
70.9024505615234 70.867805480957 71.1079711914062 71.2568435668945 71.0822525024414 71.1499938964844 71.356559753418 71.6592636108398 71.8365936279297 72.1385345458984 72.4482955932617 72.4138717651367 72.2408905029297 72.1123886108398 72.3307266235352 72.8044738769531 72.863655090332 72.876335144043 73.2992095947266 73.4540863037109 73.2642135620117 73.5076293945312 73.4729766845703 73.2794342041016 -3.4e+38 73.6210708618164 73.5577392578125 73.9053344726562 73.8327026367188 74.693603515625 74.7858200073242 74.9264831542969 75.2238006591797 75.6305694580078 75.1975631713867 75.0336074829102 75.6939239501953 75.6523895263672 75.7340545654297 75.9359817504883 75.5153274536133 75.0825958251953 74.9776382446289 75.3308792114258 75.6036376953125 75.5628280639648 76.1062088012695 75.5765380859375 74.9603271484375
70.9440078735352 70.8207626342773 71.1125793457031 71.0775146484375 70.970458984375 71.2969055175781 71.5276947021484 71.6087493896484 71.8481521606445 72.0746688842773 72.3077774047852 72.4561767578125 72.612434387207 72.489631652832 72.2719802856445 72.5943756103516 72.861083984375 72.9745254516602 73.1543273925781 73.3234405517578 73.2492523193359 73.6225738525391 73.6043014526367 73.3543395996094 73.4983978271484 73.6668319702148 73.8782119750977 74.2099761962891 73.7146224975586 74.7522583007812 74.8500747680664 75.0055618286133 75.2368850708008 75.6172409057617 75.4740447998047 75.045654296875 75.3764801025391 75.6679229736328 75.553337097168 75.7434616088867 75.8888168334961 75.2020721435547 75.0611572265625 75.7014236450195 76.2925262451172 76.1979827880859 76.1994094848633 75.192756652832 74.1910705566406
70.8703308105469 71.0446624755859 71.2413177490234 71.2185363769531 71.148193359375 71.0730056762695 71.473274230957 71.7660522460938 71.9083480834961 72.0028610229492 72.1681060791016 72.3720321655273 72.6570129394531 72.6447601318359 72.3778991699219 72.620849609375 72.8853607177734 73.2959060668945 73.2094573974609 73.1967086791992 73.2430038452148 73.7270965576172 73.7288589477539 73.3464050292969 73.3704147338867 73.7635498046875 73.8853378295898 74.4144821166992 74.2618255615234 74.5431137084961 74.664794921875 74.7187347412109 74.8897476196289 75.5340042114258 75.7006683349609 75.3701629638672 75.5949325561523 75.773193359375 75.596061706543 75.8065872192383 76.2580184936523 75.5409088134766 75.4799270629883 75.9920654296875 76.5462188720703 76.4495468139648 75.8712387084961 74.8249282836914 73.6744384765625
70.8624725341797 71.0481109619141 71.1361541748047 70.9310455322266 70.5890808105469 70.7833023071289 71.2215194702148 71.9135589599609 71.8520584106445 72.2362899780273 72.6814575195312 72.8943405151367 72.7588882446289 72.348876953125 72.4650955200195 72.7642364501953 73.0289840698242 73.3498306274414 73.1537322998047 73.0408477783203 73.467041015625 73.5083847045898 73.5691299438477 73.589973449707 73.7594146728516 73.9457626342773 74.3688659667969 74.6088714599609 73.9626617431641 74.8914337158203 74.7041015625 74.8554382324219 74.5841522216797 74.5999908447266 75.4919357299805 76.2195892333984 76.1212768554688 75.7041015625 75.9037628173828 76.3553237915039 76.2446975708008 76.2367706298828 76.1262359619141 76.514762878418 76.8356323242188 77.1693801879883 76.878532409668 75.5000610351562 74.5493316650391
70.6991806030273 70.6843566894531 70.9419403076172 71.0824508666992 70.9302978515625 70.8070602416992 71.2460327148438 71.9293975830078 71.8381576538086 72.3547515869141 72.6263275146484 72.4171752929688 72.3639755249023 72.3847045898438 72.4730529785156 72.831428527832 73.1260375976562 73.1968383789062 73.3868026733398 73.5254058837891 73.6942825317383 73.7124176025391 73.8145141601562 73.5233612060547 73.5088882446289 74.0960006713867 74.5692825317383 74.8482971191406 74.6959075927734 74.948112487793 74.6287002563477 74.9366760253906 74.8748168945312 75.0602340698242 75.849235534668 76.147102355957 75.9490814208984 75.8056106567383 75.8736953735352 76.0942840576172 76.3887252807617 76.6188049316406 76.2544326782227 76.5654678344727 77.0361175537109 77.2018051147461 76.7258224487305 75.7708358764648 75.2365264892578
70.5926818847656 70.6698379516602 71.0183410644531 71.3567733764648 71.2246856689453 71.0344314575195 71.3379974365234 72.0983657836914 72.4970397949219 72.3595962524414 72.1836013793945 72.4450988769531 72.5719833374023 72.5810623168945 72.5421676635742 72.6538925170898 72.9255828857422 73.1501846313477 73.5810623168945 73.6813354492188 73.7366409301758 73.8212661743164 73.8903121948242 73.7084350585938 73.4054107666016 73.6181945800781 74.122314453125 74.400764465332 74.7068939208984 74.6051559448242 74.5670852661133 75.0849151611328 74.8275299072266 74.7871322631836 75.6593627929688 75.8919143676758 75.9352264404297 75.960090637207 75.7087707519531 75.9181137084961 76.2569885253906 76.8496322631836 76.8131637573242 76.7497329711914 76.9512023925781 77.1425399780273 76.9928970336914 76.3145446777344 75.7489852905273
70.8098526000977 70.83203125 71.0472564697266 71.1614151000977 71.3088836669922 71.5596160888672 71.5950317382812 72.0426406860352 72.4747543334961 72.3415069580078 72.0986480712891 72.4790649414062 72.4531097412109 72.4867248535156 72.5342330932617 72.5020065307617 72.703727722168 73.1796722412109 73.4966583251953 73.735954284668 73.8478851318359 73.9768829345703 73.7492752075195 73.8273239135742 73.9927749633789 73.5625686645508 73.8742980957031 74.5458297729492 74.6813278198242 74.6353607177734 74.2555389404297 74.6480712890625 75.0949478149414 74.6205673217773 75.1938247680664 76.0046539306641 76.2256469726562 76.3364868164062 76.0606689453125 76.2325592041016 76.4381637573242 76.8233489990234 77.0668411254883 77.0011444091797 76.8932037353516 76.9814987182617 77.0134658813477 76.9635848999023 76.4843673706055
70.8405838012695 71.1343231201172 71.3303070068359 71.1780166625977 71.168083190918 71.322395324707 71.4350128173828 71.7542724609375 72.1777114868164 72.3842163085938 72.1731338500977 72.4680557250977 72.488525390625 72.2094116210938 72.3278884887695 72.7146224975586 72.7440490722656 72.9820785522461 73.330322265625 73.8445739746094 74.2191390991211 74.3476715087891 74.111701965332 74.1927490234375 74.2615585327148 73.913444519043 74.2266540527344 74.7934494018555 74.5727996826172 74.3507919311523 74.3852996826172 74.8992919921875 75.5643692016602 75.478401184082 75.6222457885742 76.3498077392578 76.1696166992188 76.1157608032227 76.1382522583008 76.252082824707 76.7357711791992 76.9743041992188 77.1940765380859 77.1171722412109 77.0536727905273 77.145149230957 76.9757308959961 77.2404403686523 76.7728576660156
71.0487976074219 71.1657333374023 71.3719177246094 71.5345916748047 71.1700286865234 71.0376892089844 71.3775100708008 71.8186645507812 72.1359024047852 72.5461502075195 72.5057983398438 72.4630279541016 72.7275543212891 72.5933990478516 72.3014068603516 72.8212509155273 73.0944976806641 73.230598449707 73.5663223266602 73.7518920898438 74.2322082519531 74.4426956176758 74.5729293823242 74.412956237793 74.2299270629883 74.3891983032227 74.3474197387695 74.5452041625977 74.7012023925781 74.5930557250977 74.7106781005859 74.996467590332 75.1593933105469 75.6546249389648 76.0331802368164 76.3101196289062 76.3109664916992 76.5126800537109 76.1507797241211 76.2112731933594 76.9635009765625 76.9434967041016 77.2921142578125 77.4646911621094 77.4110870361328 77.4263076782227 77.1756439208984 77.3433227539062 76.8889694213867
71.0034942626953 71.296012878418 71.5512084960938 71.5220718383789 71.2527770996094 71.3919448852539 71.7334594726562 71.7440490722656 71.9248886108398 72.3626174926758 72.7151641845703 72.6664199829102 72.7619705200195 73.0373382568359 72.9917984008789 73.0625686645508 72.8544387817383 73.0693817138672 73.6885147094727 73.7540817260742 74.0575180053711 74.2109680175781 74.3413848876953 74.1403274536133 74.0637512207031 74.3853149414062 74.2601852416992 74.2852630615234 74.5323028564453 74.7273559570312 74.846549987793 75.1521530151367 75.076774597168 75.2713241577148 75.6404266357422 75.8887252807617 76.4013748168945 76.6665115356445 76.1392059326172 76.2595901489258 76.8016967773438 76.7927780151367 76.8324432373047 77.4125823974609 77.5051803588867 77.2547988891602 76.9424285888672 77.2167816162109 76.9318771362305
71.0072402954102 71.1872482299805 71.2545547485352 71.2836227416992 71.5279846191406 71.6496353149414 71.841667175293 71.6861801147461 71.7640991210938 72.1186676025391 72.7243804931641 72.7737350463867 72.6557006835938 72.8813095092773 73.0966720581055 73.1477966308594 73.1196212768555 73.2021484375 73.7916107177734 74.0543518066406 74.094352722168 74.2258071899414 74.3063888549805 74.3250961303711 74.355094909668 74.3340377807617 74.5403366088867 74.6498336791992 74.5908279418945 74.7673263549805 74.9310607910156 75.3381652832031 75.369987487793 75.281608581543 75.5099105834961 76.0796890258789 76.5426559448242 76.4844436645508 76.3283081054688 76.3439102172852 76.3964385986328 76.7524566650391 76.7221527099609 77.0131301879883 77.1419219970703 77.1798858642578 77.2402954101562 77.5518951416016 76.8327865600586
71.2760848999023 71.2784805297852 71.2641677856445 71.2441787719727 71.4344482421875 71.7633590698242 71.7662887573242 72.0389709472656 71.6554794311523 72.0303573608398 72.7037887573242 72.7107315063477 72.5735931396484 72.7120819091797 73.2193069458008 73.2677154541016 73.2226867675781 73.3164825439453 73.7697525024414 74.1273498535156 74.3062973022461 74.3658981323242 74.4088363647461 74.4340744018555 74.4840316772461 74.3688278198242 74.5585784912109 74.7245941162109 74.5579833984375 74.9953079223633 75.0310516357422 75.342529296875 75.5001525878906 75.3666458129883 75.3357543945312 75.9846115112305 76.3359909057617 76.3165054321289 76.3186187744141 76.4573287963867 76.5002059936523 76.7558670043945 76.8547897338867 77.1974182128906 77.1885147094727 77.3495330810547 77.5298919677734 77.8265609741211 76.9487915039062
71.2572937011719 71.2526168823242 71.3051223754883 71.2249374389648 71.3310623168945 71.8189926147461 71.9220199584961 71.9422149658203 72.0000381469727 72.3687286376953 72.4806976318359 72.4151153564453 72.7961959838867 73.1078796386719 73.2322998046875 72.9679946899414 72.9072799682617 72.8810501098633 73.7525634765625 73.988395690918 74.1459045410156 74.457893371582 74.350700378418 74.3242416381836 74.4824981689453 74.5178985595703 74.761474609375 74.7893524169922 74.4211502075195 74.9017486572266 74.8261337280273 75.1559524536133 75.5628204345703 75.7286834716797 75.408332824707 75.7474822998047 76.0143356323242 76.0431518554688 76.2393646240234 76.5578079223633 76.7740020751953 76.9468841552734 76.8112640380859 77.2333526611328 77.4385147094727 77.4159851074219 77.4338836669922 77.7090911865234 77.1910171508789
71.1481018066406 71.1388244628906 71.2016754150391 71.1484222412109 71.3422088623047 71.7309722900391 71.9699172973633 71.9002914428711 72.0739440917969 72.2766723632812 72.3167495727539 72.5078506469727 72.8849945068359 73.1024856567383 73.0082397460938 72.8514099121094 72.9438018798828 73.1910400390625 73.7660903930664 74.1106185913086 74.0749130249023 74.2469253540039 74.3576354980469 74.2760848999023 74.2799224853516 74.5333480834961 74.8158569335938 75.114387512207 75.2204360961914 74.9383697509766 75.1808013916016 75.0025787353516 75.1621932983398 75.6412734985352 75.7384490966797 76.004508972168 76.1938934326172 76.1977691650391 76.2501220703125 76.4665679931641 76.7295150756836 76.7590484619141 77.046012878418 77.4415130615234 77.5 77.4806060791016 77.5780792236328 77.8769989013672 77.7109375
71.097900390625 71.0426940917969 71.185546875 71.1654434204102 71.0999298095703 71.496940612793 71.8408279418945 72.0696029663086 72.0451278686523 72.1078948974609 72.4106369018555 72.7275466918945 72.6547927856445 72.7295227050781 73.015380859375 73.0103302001953 73.3910293579102 73.8200225830078 73.5614776611328 73.9438858032227 73.9749374389648 73.8934783935547 74.4279937744141 74.4300155639648 74.2871017456055 74.4865112304688 74.6380615234375 75.2641372680664 75.4206085205078 74.9610748291016 75.3769760131836 75.1570053100586 74.8402328491211 75.535041809082 76.1382446289062 76.2156295776367 76.1921615600586 75.921875 76.1840209960938 76.7579650878906 76.8080215454102 76.9044036865234 77.1401977539062 77.3770065307617 77.3768005371094 77.5254135131836 77.8769073486328 78.0917282104492 77.8685302734375
71.0478668212891 71.2141265869141 71.3997802734375 71.3840560913086 71.3473892211914 71.456298828125 71.5558319091797 72.1703186035156 72.3671188354492 72.562255859375 72.6695709228516 72.7770462036133 72.7555160522461 72.5801086425781 72.8943481445312 73.2052230834961 73.2472381591797 73.533935546875 73.5269165039062 73.3637466430664 73.6995315551758 74.2944869995117 74.2639389038086 74.5736389160156 74.7939834594727 74.5176849365234 74.5151977539062 74.3411102294922 74.2322387695312 74.6326675415039 74.746940612793 75.0492935180664 74.4479675292969 74.1594924926758 75.2177963256836 75.6986541748047 76.0946655273438 76.0081787109375 75.3224487304688 75.6182403564453 76.3872985839844 76.9618988037109 77.3100128173828 77.4438323974609 77.841438293457 77.9285736083984 77.7047424316406 77.6433181762695 77.8053894042969
71.0495147705078 71.1453170776367 71.2531356811523 71.3734359741211 71.5908050537109 71.5139770507812 71.5068359375 72.4213409423828 72.5395355224609 72.4517364501953 72.7401809692383 72.8047256469727 72.9040756225586 73.0376205444336 73.0206680297852 73.1043014526367 73.2825088500977 73.6383590698242 73.7298355102539 73.5487899780273 73.5594787597656 73.8754577636719 74.1371994018555 74.5099792480469 74.6910018920898 74.7301406860352 74.8526840209961 74.4623641967773 74.5682220458984 74.8342895507812 74.9169921875 74.8674468994141 74.0914077758789 74.1527633666992 75.182487487793 75.4132919311523 75.8050765991211 76.2345123291016 75.489501953125 75.5809555053711 76.491584777832 76.6328201293945 77.0784530639648 77.3691482543945 77.7469863891602 77.8559799194336 77.5802001953125 77.6453475952148 77.8858642578125
71.0510406494141 71.0951232910156 71.1829223632812 71.3945007324219 71.6463012695312 71.4608383178711 71.6755065917969 72.2012329101562 72.384635925293 72.4069519042969 72.6103744506836 72.6721343994141 72.8810653686523 73.1673202514648 73.2180786132812 73.3318786621094 73.3696060180664 73.4993362426758 73.7211761474609 73.8162536621094 73.595085144043 73.6262969970703 74.3493957519531 74.6400604248047 74.7960510253906 74.8926239013672 74.9043045043945 74.5167007446289 74.8291931152344 74.6337280273438 74.7505111694336 74.7666854858398 73.9494323730469 73.7632522583008 74.817008972168 75.3631286621094 75.5875549316406 76.0698013305664 75.9058074951172 75.4193496704102 75.9127578735352 76.9452819824219 77.1497497558594 77.2783203125 77.5477676391602 77.8688201904297 77.9322891235352 77.8704605102539 77.8955307006836
71.3019332885742 71.2005081176758 71.1190567016602 71.3180160522461 71.5542678833008 71.3421096801758 71.4635772705078 71.9154510498047 72.2187271118164 72.5848770141602 72.5969085693359 72.5041046142578 72.6475448608398 73.2603454589844 73.4234848022461 73.4647827148438 73.2939758300781 73.259391784668 73.6608810424805 73.9670333862305 73.9715576171875 73.6583023071289 74.0599822998047 74.5255813598633 74.7810821533203 74.8700332641602 74.9375076293945 74.6221084594727 74.72216796875 74.7141418457031 74.9947509765625 74.980712890625 74.0517807006836 73.7593688964844 74.7177581787109 75.7998428344727 76.2322387695312 76.2787170410156 76.1746292114258 75.4548645019531 75.1657257080078 76.8472442626953 77.2426910400391 77.1079635620117 77.4346923828125 77.954719543457 78.2370223999023 77.6809158325195 77.5763473510742
