rcp8.5models/MPI_ESM_LR/sc1gr1.37
NCOLS 261 
NROWS 433 
XLLCORNER 336357.134 
YLLCORNER 654653.479 
CELLSIZE 1000 
NODATA_value -3.4e+38 
[rows 176 to 197 of 433, columns 49 to 97 of 261]
65.2176208496094 65.4418029785156 65.5259704589844 65.5990905761719 65.987060546875 65.920654296875 65.6371383666992 65.7986145019531 65.9678344726562 66.1953582763672 66.1960754394531 66.1446838378906 66.4091567993164 66.4609756469727 66.3445510864258 66.51025390625 66.5803527832031 66.5856170654297 66.7343139648438 66.7211227416992 66.8938903808594 66.9471206665039 67.1102142333984 67.1814041137695 67.1469268798828 67.0249099731445 67.3613586425781 67.2697906494141 67.5629501342773 67.6975708007812 67.772216796875 67.8547897338867 67.9635696411133 67.9381942749023 68.0785369873047 67.854248046875 68.3793792724609 68.2969589233398 68.4244079589844 68.5952606201172 68.7855834960938 68.6229705810547 68.6736755371094 68.2433395385742 68.7390823364258 68.8926010131836 68.8834838867188 68.6958160400391 68.7417373657227
65.2898178100586 65.3275299072266 65.4331283569336 65.5384368896484 66.1285247802734 66.094970703125 65.7004852294922 65.9488754272461 66.0285491943359 66.0600433349609 66.0441665649414 66.0701675415039 66.2539138793945 66.34765625 66.3773956298828 66.4447479248047 66.5256576538086 66.6457443237305 66.8457565307617 66.8620376586914 66.9918746948242 67.0422668457031 67.1882934570312 67.2675857543945 67.2187881469727 67.0772018432617 67.0888290405273 67.1784820556641 67.6309356689453 67.5809478759766 67.8727951049805 67.9051818847656 68.0952453613281 68.1486892700195 68.0167007446289 67.9564666748047 68.1783752441406 68.1719512939453 68.3378067016602 68.6250152587891 68.9352188110352 68.4958953857422 68.5398559570312 68.6195983886719 68.6746215820312 68.5631713867188 68.9243927001953 68.9070892333984 68.7951812744141
65.4631500244141 65.805290222168 65.499267578125 65.6349105834961 65.9498977661133 65.8493041992188 65.7799530029297 65.9596252441406 66.103889465332 66.217399597168 66.2658843994141 66.2516326904297 66.3210067749023 66.4047012329102 66.5196838378906 66.5225143432617 66.4375457763672 66.5415802001953 66.8551712036133 67.0038146972656 66.9545516967773 66.8591232299805 67.1860961914062 67.2870330810547 67.4093475341797 67.3401107788086 67.2913665771484 67.415657043457 67.6403274536133 67.7497940063477 67.8779983520508 67.6194915771484 67.988395690918 68.146598815918 67.9523773193359 68.179931640625 68.0057067871094 67.9508514404297 68.3769149780273 68.5389556884766 68.7304992675781 68.5451812744141 68.4844207763672 68.6694946289062 68.8461532592773 68.6728057861328 68.9732360839844 69.0184326171875 68.9274444580078
65.5309066772461 65.7106170654297 65.692626953125 66.0556945800781 65.878059387207 65.7913360595703 65.6938705444336 65.9918594360352 66.0822219848633 66.2327499389648 66.25634765625 66.2805709838867 66.481803894043 66.5223770141602 66.6436233520508 66.7173385620117 66.6776962280273 66.6833572387695 67.0489654541016 67.1421890258789 67.0921020507812 67.0471496582031 67.1976699829102 67.0213394165039 67.2749710083008 67.4724044799805 67.5921478271484 67.6838150024414 67.5626373291016 67.9011840820312 67.9440002441406 67.7160110473633 67.8738861083984 67.7693328857422 67.981803894043 68.0926513671875 68.0508346557617 68.1487884521484 68.4543762207031 68.4416656494141 68.4534454345703 68.5221557617188 68.6646423339844 68.5181045532227 68.8087921142578 69.0707855224609 68.9994506835938 69.028190612793 69.0983352661133
65.5480422973633 65.7053146362305 65.7317886352539 65.9399490356445 65.8364791870117 65.7916870117188 65.7305679321289 65.5892181396484 66.0119018554688 66.1735916137695 65.8784942626953 66.2434844970703 66.041748046875 66.5015029907227 66.3292922973633 66.8155746459961 66.8174285888672 66.9456405639648 67.0776138305664 67.1535339355469 67.1277465820312 67.044319152832 66.7674713134766 66.9182586669922 67.2858352661133 67.4843673706055 67.4554977416992 67.6425247192383 67.508430480957 67.6100921630859 67.8242874145508 67.8738861083984 67.9372177124023 67.8563690185547 -3.4e+38 67.8480377197266 68.2819061279297 68.3215408325195 68.4590072631836 68.2417297363281 68.4337387084961 68.4329376220703 68.6936721801758 68.854621887207 68.8781509399414 68.8850860595703 69.1184234619141 69.1468048095703 69.2544021606445
65.5375289916992 65.4939498901367 65.5230178833008 65.539192199707 65.3513565063477 65.4690017700195 65.6709823608398 65.9120559692383 65.6872940063477 65.8264236450195 65.8221817016602 65.6839904785156 65.8310623168945 66.2007675170898 66.5175399780273 66.3862609863281 66.144645690918 66.262809753418 66.5316925048828 66.781120300293 66.7055130004883 67.2283020019531 67.0791473388672 67.0583572387695 67.4691390991211 67.255744934082 67.2874069213867 67.4421691894531 67.4546661376953 67.5641784667969 67.9412307739258 67.7595520019531 68.059700012207 68.1521148681641 68.0602340698242 68.0483093261719 68.2889938354492 68.3586502075195 68.3153457641602 68.2510147094727 68.4502487182617 68.3757781982422 68.5370330810547 68.8934020996094 69.0065460205078 68.6424942016602 68.9874801635742 69.4907150268555 69.5480804443359
65.2422943115234 65.212287902832 65.1738586425781 65.1872863769531 65.0403671264648 65.5656814575195 65.4986953735352 65.8283996582031 65.6698913574219 65.8203582763672 65.7843856811523 65.7138977050781 65.8870697021484 65.9683074951172 65.9783706665039 66.0409393310547 65.5723342895508 65.9897613525391 66.7433624267578 66.4170303344727 66.4299468994141 66.6953201293945 66.8091049194336 66.6617584228516 66.9370193481445 67.2467727661133 67.4783782958984 67.1725311279297 67.4519729614258 67.5978775024414 67.7837982177734 67.9747848510742 68.1282272338867 68.2011184692383 68.2036361694336 68.2399215698242 68.2372741699219 68.3234481811523 68.2574081420898 68.2709579467773 68.4372253417969 68.4221954345703 68.4321441650391 68.6819458007812 69.02880859375 68.6553649902344 68.938835144043 69.5136642456055 69.2405776977539
65.1863327026367 65.2763137817383 65.1673812866211 -3.4e+38 65.3348388671875 65.5869598388672 65.6007461547852 65.6904373168945 65.7282104492188 65.8675079345703 65.7272338867188 65.8975524902344 65.9190826416016 65.9691009521484 65.956413269043 66.0900497436523 65.7541275024414 66.0164794921875 66.4555053710938 66.3070526123047 66.6415939331055 66.7161483764648 66.9823150634766 66.880241394043 67.0656127929688 67.1420516967773 67.1496276855469 67.2530517578125 -3.4e+38 67.5679779052734 67.6085968017578 67.9144744873047 68.1457672119141 68.1589508056641 68.1934585571289 68.275764465332 68.3248062133789 68.2998962402344 68.3114929199219 68.449462890625 68.5380554199219 68.7475280761719 68.5899429321289 68.701789855957 68.9415969848633 68.9591293334961 68.7983093261719 69.1386108398438 69.2687072753906
65.3008804321289 65.3747329711914 65.3749618530273 65.4711151123047 65.5468063354492 65.6218719482422 65.6422424316406 65.7894744873047 65.8890686035156 66.0475082397461 65.9609146118164 65.9540100097656 66.0102386474609 66.1224746704102 65.9087982177734 66.1439743041992 66.0140228271484 66.0611267089844 66.2498245239258 66.2991333007812 66.3857421875 66.922233581543 67.0312652587891 66.7560348510742 66.8341751098633 66.7947616577148 66.8172988891602 67.3668060302734 67.3288345336914 67.4758758544922 67.6269073486328 67.790901184082 68.0762557983398 67.8454742431641 68.0478820800781 68.3007736206055 -3.4e+38 68.3977355957031 68.3124160766602 68.6162033081055 68.5803985595703 68.6658782958984 68.6071090698242 68.7997283935547 69.0105514526367 68.9269638061523 69.1077117919922 69.2440719604492 69.1933059692383
65.3079376220703 65.3825836181641 65.4535751342773 65.5195693969727 65.6875915527344 65.8567657470703 65.9929809570312 65.9251937866211 66.0379638671875 66.1399002075195 66.2297286987305 66.2607345581055 66.3418350219727 66.500373840332 66.2168045043945 65.8463592529297 66.2182693481445 66.4906921386719 66.4341583251953 66.3216094970703 66.6412200927734 66.4295883178711 66.6728057861328 66.5306701660156 66.548698425293 66.428581237793 66.7752456665039 66.8370666503906 67.0824966430664 67.3120040893555 67.3844528198242 67.4700241088867 67.2210159301758 67.6952209472656 68.0501480102539 68.0403442382812 68.3310089111328 68.1363830566406 68.4175109863281 68.6625823974609 68.6806030273438 68.8749847412109 68.6797409057617 68.8203048706055 68.9160690307617 68.9027862548828 68.9092483520508 69.1960906982422 69.4033660888672
65.1967926025391 65.35107421875 65.3021774291992 65.2883682250977 65.5362014770508 65.6124420166016 65.6896209716797 66.0383453369141 65.7995223999023 65.8896713256836 66.0311279296875 66.0916213989258 65.8426666259766 66.0459213256836 66.2958068847656 65.716796875 66.4072113037109 66.5969543457031 -3.4e+38 66.4809875488281 66.6548080444336 66.6470413208008 66.7274932861328 66.5948028564453 66.7116394042969 66.6535339355469 66.9782867431641 66.9520034790039 67.0023345947266 67.2275009155273 -3.4e+38 67.4180297851562 67.2859420776367 67.7151947021484 68.0080413818359 68.2288589477539 68.1194534301758 68.1302947998047 68.2579116821289 -3.4e+38 68.7848587036133 68.7657775878906 68.7577362060547 68.7927703857422 68.8686599731445 68.8721542358398 69.018928527832 69.0415954589844 69.1351013183594
65.4732894897461 65.3671112060547 65.2599639892578 64.9763107299805 65.5722579956055 65.6800308227539 65.6916580200195 65.5204010009766 65.5764923095703 66.0453033447266 66.0901260375977 66.1097946166992 66.0752182006836 65.9881973266602 66.4016723632812 65.9340438842773 66.5698013305664 66.6681365966797 66.6005401611328 66.6658630371094 66.6300430297852 66.576057434082 66.9589920043945 66.937255859375 66.9916152954102 66.9869918823242 67.0692443847656 66.9294586181641 67.062126159668 -3.4e+38 -3.4e+38 -3.4e+38 -3.4e+38 67.6674728393555 68.0060653686523 68.1253433227539 68.0414199829102 68.2009353637695 68.4224090576172 68.4740829467773 68.7569427490234 68.7570037841797 68.7744903564453 68.7566375732422 68.7620468139648 68.7922973632812 69.0484771728516 69.1668243408203 69.0244216918945
65.2882461547852 65.2773513793945 65.0958938598633 65.0854949951172 65.4878158569336 65.3307266235352 65.6353073120117 65.5474472045898 65.7760314941406 66.0121078491211 65.9727096557617 65.9374313354492 66.2654418945312 66.2448883056641 66.0671768188477 66.3502197265625 66.4632568359375 66.2957077026367 66.4280242919922 66.6001892089844 66.8385620117188 66.8246536254883 67.0368270874023 66.9396591186523 66.8200225830078 67.1085433959961 67.1162109375 67.067497253418 67.2927169799805 -3.4e+38 -3.4e+38 -3.4e+38 -3.4e+38 67.6218185424805 68.0054168701172 68.0379028320312 68.0681533813477 68.1843490600586 68.3628234863281 68.3450241088867 68.6906814575195 68.8462753295898 69.1279296875 68.8327178955078 68.8864517211914 68.8169326782227 68.8747634887695 68.9927673339844 69.0802230834961
64.9117279052734 65.169319152832 64.697998046875 65.4455871582031 -3.4e+38 65.5176620483398 65.6897430419922 65.7914886474609 65.8407440185547 65.6797561645508 65.678092956543 65.788459777832 66.0246353149414 65.6634521484375 65.8867568969727 66.3628005981445 66.3586730957031 66.2741928100586 66.1785430908203 66.6746215820312 66.6991195678711 67.0911483764648 67.0371398925781 67.0099258422852 66.9448623657227 67.1309585571289 66.9344635009766 67.2194061279297 -3.4e+38 -3.4e+38 67.4665069580078 67.4571533203125 -3.4e+38 -3.4e+38 67.7304763793945 67.84765625 68.0918350219727 68.171012878418 68.2667236328125 68.5872116088867 68.7201461791992 68.8124313354492 68.9639129638672 68.7627563476562 68.9573211669922 69.1996612548828 69.0997314453125 68.8699798583984 69.0018844604492
65.2040710449219 65.240852355957 64.9040679931641 65.3869705200195 65.3976211547852 65.4126129150391 65.4053192138672 65.652473449707 65.713737487793 65.5514678955078 65.5802993774414 65.5221633911133 66.0998687744141 65.7719192504883 65.6477890014648 66.3324279785156 66.2612457275391 66.1770477294922 66.4227676391602 66.8621063232422 66.6303329467773 66.957878112793 66.7510147094727 66.9230880737305 67.2530288696289 67.2089691162109 66.8648223876953 67.3594741821289 67.4262313842773 67.4500274658203 67.5452041625977 67.5242309570312 67.4789047241211 67.5269927978516 67.5968780517578 67.7361526489258 68.1329727172852 68.2639541625977 68.4701766967773 68.2108840942383 68.3906936645508 68.8575210571289 68.7860717773438 68.8465194702148 68.9647903442383 69.2197570800781 69.4719467163086 69.2246932983398 68.9150238037109
65.2483901977539 64.9153442382812 65.3874206542969 65.1380081176758 65.1533889770508 65.607551574707 65.3645858764648 65.7902526855469 65.6318664550781 65.6571655273438 65.7098770141602 65.7873687744141 65.9189300537109 65.7985000610352 65.7190780639648 66.0227127075195 66.0622100830078 66.3370513916016 66.8655700683594 66.8228530883789 66.9625244140625 67.0307388305664 66.7910995483398 66.8317108154297 66.9187393188477 66.7475051879883 66.8475646972656 67.1930618286133 67.3662948608398 67.5722808837891 67.5710220336914 67.664436340332 67.667854309082 67.6663284301758 67.701286315918 67.7877883911133 68.1077499389648 67.9889373779297 68.040771484375 67.8363723754883 68.2129058837891 68.7276306152344 68.8474578857422 68.9610290527344 69.0108795166016 69.0707397460938 69.230827331543 69.1763076782227 68.9475173950195
65.3838043212891 65.2176208496094 65.292594909668 65.4068374633789 65.2176971435547 65.4244842529297 65.1651763916016 65.3710556030273 65.6673812866211 65.7695083618164 65.8090972900391 65.8384857177734 65.7928771972656 65.8325042724609 65.9849548339844 65.9173889160156 65.8503723144531 66.5139465332031 66.5412979125977 66.1254501342773 66.4656829833984 66.4175796508789 66.9919586181641 67.2134323120117 67.0732116699219 66.8403244018555 67.0459747314453 67.2599487304688 67.2953872680664 67.6131134033203 67.6091156005859 67.7387390136719 67.7879638671875 67.7916259765625 67.8615417480469 68.0732650756836 67.9094543457031 67.8455047607422 67.7888259887695 67.8798065185547 68.1904602050781 68.6953964233398 68.6396102905273 68.7773818969727 68.9889221191406 69.0851364135742 69.2561721801758 69.0713272094727 69.0880508422852
65.4283065795898 65.0977096557617 64.9687423706055 65.3360366821289 65.4240417480469 65.6192169189453 65.3965911865234 65.3696746826172 65.6788101196289 65.737548828125 65.8353729248047 65.8437347412109 66.0200653076172 65.9609375 65.9876556396484 66.0838928222656 66.05712890625 66.3183822631836 66.3355407714844 66.1318969726562 66.3039398193359 66.3403015136719 66.6750335693359 67.0740280151367 67.055419921875 66.9854736328125 67.1206970214844 67.2747039794922 67.2178039550781 67.173210144043 67.5343170166016 67.721061706543 67.8136672973633 67.8629150390625 68.0007095336914 68.2202224731445 67.7942123413086 68.0390396118164 67.9352416992188 68.0464096069336 68.2379684448242 68.8292770385742 68.6360931396484 68.8765106201172 68.8034896850586 69.1793746948242 69.5239562988281 69.3984756469727 69.4037857055664
65.2271575927734 65.0305633544922 65.1048049926758 65.2124176025391 65.3268508911133 65.5694427490234 65.5869750976562 65.4791107177734 65.6674728393555 65.7651519775391 65.8318557739258 66.026252746582 66.0532531738281 65.9363784790039 65.9214401245117 66.0105056762695 65.8259506225586 66.1673126220703 66.4169235229492 66.4387741088867 66.5745697021484 66.5402755737305 66.5260772705078 66.7371826171875 66.8922958374023 66.6853637695312 66.8595123291016 66.9640655517578 67.1604232788086 67.3901519775391 67.5152893066406 67.8305435180664 67.6183319091797 67.9192581176758 67.9568557739258 67.9672317504883 67.8200225830078 67.9674072265625 68.0207138061523 68.0394515991211 68.1709060668945 68.6991195678711 68.6605377197266 68.9735336303711 68.7840957641602 69.30810546875 69.6885223388672 69.6428680419922 69.5997543334961
-3.4e+38 64.9398574829102 65.0094299316406 65.0245666503906 65.1585311889648 65.3051910400391 65.5136032104492 65.4733276367188 65.6380996704102 65.8206176757812 65.891731262207 66.0819244384766 66.0041732788086 65.7922744750977 66.0812072753906 66.0754089355469 65.9566192626953 66.2207641601562 66.3273696899414 66.5222778320312 66.7047424316406 66.5687103271484 66.583366394043 66.7514953613281 67.0673828125 67.0054244995117 66.9988555908203 66.807975769043 67.0007019042969 67.2242965698242 67.4025115966797 67.580940246582 67.5762329101562 68.0178909301758 68.0214920043945 68.2143478393555 68.1856384277344 67.9649810791016 68.2395095825195 -3.4e+38 68.0953903198242 68.2221374511719 68.329719543457 68.7468566894531 68.84326171875 69.1942367553711 69.2238998413086 69.3754959106445 69.4238052368164
-3.4e+38 64.7988433837891 64.9981842041016 64.9890594482422 65.1004791259766 65.0999603271484 65.1723098754883 65.5454559326172 65.6952819824219 65.7542266845703 65.6454467773438 65.7437133789062 65.90625 65.7258453369141 65.7711868286133 65.8467254638672 66.2550201416016 66.2693099975586 66.2897033691406 66.473503112793 66.5601119995117 66.5605163574219 66.3886566162109 66.6690139770508 66.8344192504883 66.675666809082 66.9640502929688 67.0435638427734 66.9861526489258 67.0729598999023 67.2688064575195 67.1421661376953 67.4597778320312 67.6450805664062 68.0850143432617 67.9188232421875 67.9884872436523 67.884407043457 68.2652816772461 -3.4e+38 68.0678634643555 68.5621032714844 68.3807754516602 68.6302108764648 -3.4e+38 68.9191055297852 69.2346801757812 69.2734909057617 69.2628402709961
64.8482971191406 64.8664932250977 64.7539749145508 65.0301895141602 65.1235122680664 65.2228851318359 65.2706909179688 65.6227188110352 65.7504577636719 65.5173110961914 65.6670227050781 65.8372802734375 65.9464721679688 65.8778610229492 65.894905090332 65.7616424560547 66.2989120483398 66.3580932617188 66.4711761474609 66.5452499389648 66.6204147338867 66.6649551391602 66.5602188110352 66.7392883300781 66.8208618164062 66.7041549682617 66.7686080932617 66.9014129638672 67.0039367675781 67.1848526000977 67.3489303588867 67.4644165039062 67.4826736450195 67.5996398925781 68.27587890625 68.2184906005859 67.8732528686523 67.8061370849609 68.3110809326172 68.3745956420898 68.2228927612305 68.6589126586914 68.546630859375 68.6547317504883 68.3295059204102 68.7521438598633 69.0404815673828 69.4698333740234 69.441764831543
