rcp8.5models/MPI_ESM_LR/sc1gr8.11
NCOLS 261 
NROWS 433 
XLLCORNER 336357.134 
YLLCORNER 654653.479 
CELLSIZE 1000 
NODATA_value -3.4e+38 
[rows 286 to 307 of 433, columns 98 to 146 of 261]
186.955825805664 186.426498413086 186.242553710938 189.440475463867 191.14143371582 192.368804931641 193.697769165039 195.159622192383 197.107864379883 198.879440307617 202.637512207031 211.846664428711 228.133972167969 239.869079589844 223.553512573242 226.299819946289 222.877731323242 224.162933349609 225.242279052734 221.867889404297 217.380386352539 235.273986816406 278.958190917969 312.808685302734 330.442291259766 336.499450683594 297.684600830078 279.352233886719 271.806304931641 271.213256835938 256.675598144531 249.689056396484 266.72314453125 271.276000976562 278.373718261719 275.086364746094 256.853973388672 -3.4e+38 -3.4e+38 295.026000976562 297.115478515625 -3.4e+38 -3.4e+38 307.485473632812 321.090911865234 325.541290283203 319.348663330078 313.342834472656 308.510833740234
186.876480102539 187.483581542969 187.883041381836 190.331741333008 192.109680175781 193.375625610352 194.808776855469 196.081497192383 197.201126098633 198.533279418945 199.62126159668 204.594665527344 222.190948486328 234.086395263672 227.570449829102 232.450241088867 227.451309204102 227.854522705078 229.182647705078 228.641448974609 221.783538818359 238.841369628906 289.711669921875 329.386413574219 334.716461181641 335.075897216797 321.128356933594 316.562255859375 317.705535888672 302.892181396484 275.597534179688 267.863647460938 270.385467529297 264.096069335938 258.926849365234 258.438293457031 260.546447753906 270.076354980469 278.071105957031 -3.4e+38 307.392669677734 297.322875976562 295.792083740234 311.0166015625 323.230926513672 326.712982177734 323.68798828125 319.690673828125 310.778900146484
188.307922363281 189.201370239258 189.804656982422 191.530838012695 193.294860839844 194.705368041992 195.912582397461 197.035079956055 197.801681518555 199.273208618164 201.142303466797 201.070953369141 206.248016357422 218.180480957031 226.293792724609 237.397003173828 242.150177001953 230.354782104492 230.046096801758 230.500259399414 223.532638549805 227.561248779297 264.484771728516 318.666595458984 328.975158691406 331.456848144531 336.004699707031 339.403717041016 339.8916015625 326.958312988281 306.075347900391 288.067840576172 268.781524658203 261.272216796875 254.492538452148 260.356231689453 270.206481933594 282.703460693359 289.322540283203 286.004425048828 308.405303955078 319.515563964844 301.616302490234 303.847717285156 316.992004394531 326.289581298828 323.207275390625 323.516174316406 320.100646972656
188.832244873047 189.631134033203 190.268051147461 192.552276611328 194.325210571289 195.702133178711 196.891189575195 198.273666381836 199.314804077148 201.414093017578 203.459197998047 201.858428955078 206.778121948242 216.098556518555 223.27458190918 238.116165161133 238.046279907227 225.097015380859 225.048797607422 226.121337890625 223.615234375 220.148773193359 237.820129394531 289.082092285156 320.368621826172 330.405120849609 335.586364746094 339.303680419922 342.098480224609 341.311950683594 330.994232177734 310.860290527344 298.023620605469 288.854187011719 273.543121337891 268.433563232422 275.633758544922 290.884246826172 291.140777587891 285.497680664062 301.156341552734 323.307434082031 -3.4e+38 303.065948486328 311.720855712891 323.407135009766 318.841033935547 323.386962890625 320.434600830078
192.760192871094 192.203460693359 192.486404418945 194.643951416016 196.489562988281 198.340118408203 199.242874145508 200.732940673828 201.792419433594 202.097671508789 204.566101074219 206.460739135742 209.80827331543 227.257278442383 226.028915405273 232.550964355469 231.19108581543 225.093307495117 220.340423583984 220.108657836914 221.232147216797 219.105880737305 225.029098510742 246.995239257812 272.470153808594 298.119659423828 333.883239746094 338.844299316406 336.511016845703 340.16259765625 341.573791503906 338.984497070312 341.703399658203 343.736450195312 336.535247802734 321.705841064453 296.2978515625 310.235107421875 324.0263671875 317.767639160156 307.08544921875 322.875671386719 330.779296875 316.284545898438 -3.4e+38 313.116088867188 317.252136230469 318.391540527344 328.249420166016
218.796783447266 198.437744140625 195.181518554688 197.071990966797 197.366195678711 199.182708740234 200.029266357422 201.367752075195 202.910766601562 204.09294128418 203.742309570312 207.77392578125 217.322357177734 223.055297851562 235.102478027344 235.78889465332 232.406494140625 230.417572021484 224.754440307617 220.377517700195 221.697113037109 220.677978515625 226.677505493164 245.192337036133 259.212585449219 281.386383056641 336.157684326172 334.632781982422 329.521423339844 335.671783447266 338.736297607422 338.26611328125 339.251861572266 340.910400390625 343.669494628906 347.010040283203 326.789398193359 307.558685302734 319.688537597656 318.997222900391 313.647552490234 325.992156982422 328.004791259766 310.968170166016 308.457305908203 313.014678955078 317.323852539062 314.848663330078 323.950042724609
236.466064453125 218.756958007812 203.601928710938 203.730667114258 199.142654418945 200.444107055664 201.420333862305 202.464874267578 203.888275146484 205.258483886719 206.287094116211 212.163467407227 218.183013916016 215.905502319336 250.526031494141 250.049240112305 233.036407470703 232.191787719727 225.815795898438 224.792068481445 223.747756958008 221.194625854492 225.39599609375 247.614974975586 265.797515869141 274.452117919922 313.082794189453 324.33056640625 331.804412841797 338.934875488281 340.980804443359 339.938629150391 336.907073974609 337.215637207031 339.952392578125 349.261962890625 -3.4e+38 309.430297851562 304.345581054688 310.502044677734 328.054748535156 336.636779785156 336.230255126953 322.051086425781 307.951171875 312.78076171875 -3.4e+38 -3.4e+38 -3.4e+38
216.516021728516 216.853607177734 205.162322998047 203.819610595703 201.296951293945 202.208160400391 203.454925537109 204.297821044922 204.672225952148 205.608978271484 207.674346923828 210.323989868164 209.906951904297 208.742462158203 259.296661376953 261.805236816406 241.674682617188 240.483428955078 224.390548706055 221.552978515625 220.860427856445 221.246002197266 233.394485473633 259.952484130859 274.824401855469 272.304382324219 289.221313476562 318.036895751953 335.327575683594 336.679107666016 338.004302978516 337.720520019531 334.767181396484 337.54345703125 343.145874023438 348.344421386719 350.192810058594 308.410705566406 303.501373291016 312.252868652344 334.565826416016 345.009643554688 339.634857177734 334.080688476562 322.620849609375 320.729370117188 319.886932373047 316.831115722656 -3.4e+38
200.812774658203 202.212738037109 201.336318969727 201.272109985352 202.471542358398 204.004287719727 205.146759033203 205.996887207031 206.032150268555 206.452743530273 208.677185058594 210.005355834961 209.317153930664 207.674911499023 248.841598510742 258.833038330078 233.249954223633 234.442031860352 219.964828491211 217.923141479492 223.699172973633 232.619277954102 251.507659912109 275.7001953125 287.650726318359 290.283874511719 287.503692626953 313.356811523438 337.125335693359 332.013916015625 330.727691650391 336.076812744141 335.11181640625 340.650634765625 344.972961425781 345.154663085938 338.390563964844 307.218078613281 316.068328857422 319.055206298828 329.587890625 344.674224853516 333.414276123047 324.0283203125 322.807586669922 322.409301757812 322.520690917969 320.463745117188 324.735748291016
200.457778930664 201.443862915039 203.938873291016 202.678741455078 203.43620300293 205.300262451172 206.282470703125 206.569549560547 207.180282592773 207.878005981445 209.231597900391 210.58854675293 212.274291992188 210.736129760742 237.898620605469 255.868255615234 218.168029785156 218.977111816406 216.100524902344 220.939605712891 236.271286010742 256.004577636719 274.489807128906 292.438415527344 305.664428710938 314.101135253906 295.485260009766 305.360504150391 331.763244628906 330.867492675781 330.287261962891 341.866912841797 338.091156005859 341.211853027344 340.721954345703 331.947540283203 318.222991943359 321.747528076172 339.231658935547 338.994873046875 339.686614990234 344.783233642578 327.6201171875 310.586242675781 308.740478515625 313.052764892578 321.870208740234 321.749603271484 326.946899414062
201.95783996582 205.009078979492 222.090667724609 219.471618652344 209.159469604492 206.567077636719 208.28076171875 208.469345092773 209.02214050293 209.294784545898 208.303588867188 210.306945800781 213.064361572266 212.941680908203 263.209594726562 266.668914794922 219.038146972656 215.192535400391 217.085113525391 226.01513671875 254.360046386719 289.361114501953 304.126861572266 307.981964111328 317.584594726562 325.349761962891 315.968078613281 312.283721923828 320.066070556641 327.871124267578 329.484344482422 347.238250732422 342.00927734375 336.267791748047 338.370300292969 325.895599365234 313.544860839844 333.252502441406 349.979217529297 346.724243164062 344.084930419922 344.404479980469 325.224670410156 310.213073730469 307.780151367188 312.371124267578 322.496917724609 319.829376220703 327.698822021484
204.043243408203 208.712448120117 239.289932250977 238.521255493164 217.859664916992 208.613372802734 210.95573425293 211.363220214844 211.869171142578 212.298522949219 210.388092041016 218.290161132812 227.350204467773 221.793304443359 266.926910400391 255.257247924805 222.598297119141 216.94172668457 218.656448364258 231.204483032227 263.391571044922 301.283264160156 312.814178466797 300.125610351562 305.158752441406 321.698486328125 318.9775390625 321.006896972656 322.324340820312 326.478637695312 327.265380859375 348.645599365234 349.139282226562 338.503997802734 336.187164306641 334.249237060547 322.517456054688 332.305114746094 338.058471679688 342.527404785156 334.261535644531 335.286590576172 327.555267333984 311.151031494141 310.292144775391 318.54150390625 323.587371826172 317.794097900391 325.089111328125
208.120880126953 211.623687744141 237.077911376953 241.786071777344 214.297073364258 209.431869506836 212.441329956055 213.521820068359 213.379623413086 214.744277954102 213.809234619141 230.392501831055 254.024597167969 243.508316040039 272.562774658203 267.505737304688 241.680450439453 219.081604003906 220.64973449707 231.147399902344 253.489013671875 273.875671386719 287.0927734375 292.856811523438 308.164642333984 321.9580078125 321.646514892578 320.818115234375 318.461944580078 319.280242919922 327.224578857422 348.988739013672 347.33447265625 342.710876464844 331.748687744141 338.164703369141 334.641265869141 337.678375244141 336.323669433594 345.66162109375 337.933654785156 334.569549560547 338.253112792969 327.845458984375 324.960174560547 326.247802734375 320.240020751953 315.397796630859 324.849395751953
210.097244262695 213.960906982422 235.182052612305 247.205307006836 234.844314575195 232.163101196289 214.459854125977 212.614471435547 227.076034545898 250.281524658203 244.891845703125 248.290466308594 263.745819091797 259.940765380859 283.613311767578 282.510314941406 248.80876159668 221.429840087891 224.215866088867 228.845413208008 247.70783996582 270.016784667969 291.448120117188 302.752868652344 304.937530517578 306.952545166016 321.531188964844 320.018127441406 309.348480224609 312.169769287109 332.987915039062 345.7333984375 334.736175537109 344.674560546875 333.814819335938 336.987121582031 336.975952148438 340.451385498047 342.71630859375 340.956634521484 335.020568847656 341.788940429688 345.935791015625 338.857788085938 327.826690673828 320.102874755859 313.114807128906 315.308685302734 326.427947998047
219.433532714844 237.711715698242 254.063735961914 264.636840820312 268.614654541016 264.882446289062 246.947738647461 229.803497314453 223.546401977539 259.825439453125 276.279052734375 256.405883789062 254.13117980957 270.537963867188 279.117401123047 270.490966796875 236.694793701172 225.38264465332 233.087097167969 233.903839111328 242.077224731445 279.669647216797 315.369140625 307.6748046875 291.560455322266 287.103210449219 304.544067382812 316.052795410156 310.376953125 316.103179931641 345.551940917969 337.053497314453 324.575988769531 349.982727050781 342.279174804688 344.005706787109 339.100341796875 333.842742919922 335.976409912109 328.721832275391 321.986907958984 332.394470214844 342.368072509766 331.458465576172 313.270477294922 314.006378173828 319.875213623047 318.562561035156 318.015716552734
256.636779785156 273.877227783203 273.163970947266 264.389343261719 261.308349609375 270.149780273438 278.297943115234 280.235321044922 264.535858154297 249.128219604492 261.739318847656 274.641021728516 276.843048095703 279.740356445312 269.752166748047 267.677093505859 241.012268066406 230.311401367188 247.038146972656 274.726867675781 287.732086181641 287.222076416016 306.924163818359 310.882568359375 309.534912109375 318.809051513672 294.606597900391 309.982696533203 310.169036865234 315.412872314453 332.654541015625 340.231811523438 316.043914794922 293.095794677734 275.113891601562 259.290588378906 290.716705322266 336.693511962891 332.743927001953 328.758148193359 327.359375 322.333435058594 325.315460205078 331.651947021484 321.581420898438 331.351104736328 321.878662109375 306.014862060547 294.456787109375
234.196228027344 253.831878662109 265.289764404297 268.955413818359 261.480651855469 267.054748535156 276.422332763672 275.933502197266 273.506408691406 266.418670654297 266.596954345703 271.007720947266 274.48486328125 277.235992431641 270.486206054688 265.637786865234 226.772689819336 231.824523925781 254.948150634766 294.843536376953 311.692535400391 307.838195800781 308.751983642578 294.341674804688 286.202056884766 306.558013916016 289.706451416016 294.707275390625 313.731903076172 330.42626953125 338.840393066406 349.795715332031 312.667846679688 257.2548828125 234.907409667969 233.235778808594 258.355621337891 330.74609375 329.392669677734 316.490112304688 308.431640625 316.430633544922 322.93359375 329.382843017578 328.535003662109 326.222290039062 309.469970703125 296.39404296875 295.677642822266
234.806259155273 255.9384765625 268.326751708984 264.277130126953 260.3525390625 264.666595458984 273.093017578125 277.378753662109 281.718139648438 283.554901123047 281.059600830078 278.404815673828 281.764801025391 280.733581542969 274.014068603516 269.950469970703 237.917327880859 242.911087036133 256.324523925781 294.858215332031 308.213623046875 289.81884765625 286.800323486328 286.700103759766 294.727386474609 296.811645507812 301.747467041016 292.908111572266 300.862365722656 322.072235107422 330.793670654297 333.735107421875 304.012969970703 257.094329833984 231.433990478516 224.059707641602 241.712448120117 304.799926757812 295.884765625 283.555572509766 295.949615478516 319.004455566406 322.849395751953 329.199462890625 330.174682617188 312.373565673828 303.564483642578 302.888336181641 290.532745361328
242.146591186523 246.456588745117 253.996551513672 251.79150390625 266.008850097656 268.799041748047 273.742706298828 275.591827392578 271.446411132812 266.604675292969 269.338531494141 274.886047363281 284.160919189453 283.955047607422 257.671813964844 244.268753051758 237.563934326172 244.298324584961 256.409210205078 291.678283691406 295.408813476562 265.168853759766 271.2353515625 281.841583251953 298.027008056641 297.796051025391 314.087280273438 305.773986816406 294.48583984375 301.169952392578 317.550231933594 325.093719482422 307.581085205078 275.862213134766 248.301330566406 227.014602661133 228.790496826172 254.225128173828 249.21240234375 269.264007568359 320.133239746094 328.389007568359 331.658721923828 335.242736816406 325.792572021484 305.588012695312 305.057250976562 293.465484619141 292.130737304688
228.89469909668 225.495498657227 231.136764526367 248.106719970703 271.3681640625 270.594146728516 266.756988525391 260.062103271484 258.021850585938 252.688674926758 253.458480834961 258.352996826172 272.832946777344 280.165069580078 238.760696411133 227.831207275391 238.682678222656 254.842880249023 262.580718994141 275.858581542969 296.341949462891 290.661163330078 295.85986328125 301.483154296875 291.73681640625 293.936218261719 305.6376953125 303.497924804688 310.123840332031 305.713989257812 304.897857666016 320.305816650391 327.479919433594 299.230499267578 271.389587402344 238.966247558594 221.582122802734 234.359420776367 267.253234863281 307.198516845703 332.537811279297 327.674255371094 332.019470214844 324.942108154297 316.863525390625 309.447540283203 303.876007080078 273.295928955078 281.198883056641
236.689880371094 248.828567504883 242.479736328125 250.298614501953 268.553283691406 267.667236328125 257.434417724609 250.05842590332 250.535629272461 253.363342285156 252.254913330078 257.264831542969 274.563385009766 278.503540039062 233.063140869141 230.950714111328 247.780776977539 276.6845703125 282.206787109375 268.810333251953 277.628387451172 288.724822998047 291.518981933594 292.185852050781 282.915832519531 282.5439453125 289.322601318359 -3.4e+38 304.921539306641 308.772186279297 308.544189453125 311.753540039062 324.146331787109 330.652618408203 305.104949951172 254.629089355469 223.667098999023 250.537185668945 318.516723632812 335.47802734375 326.854644775391 326.128936767578 323.096771240234 315.119232177734 313.040130615234 307.454406738281 279.660125732422 257.247009277344 254.401138305664
258.027160644531 265.577606201172 262.371063232422 259.481292724609 266.968170166016 269.945526123047 263.668640136719 254.446716308594 248.137268066406 260.266693115234 268.226593017578 272.445953369141 276.303405761719 260.232696533203 229.994445800781 234.570129394531 250.072189331055 279.760437011719 297.935150146484 291.51416015625 281.276672363281 -3.4e+38 -3.4e+38 -3.4e+38 -3.4e+38 -3.4e+38 -3.4e+38 293.166015625 -3.4e+38 -3.4e+38 310.526947021484 312.074157714844 312.014312744141 337.535064697266 328.467193603516 265.456298828125 228.745849609375 270.450897216797 333.414703369141 326.666656494141 320.137451171875 323.230560302734 315.138061523438 297.493621826172 297.085632324219 274.154998779297 242.80827331543 233.284774780273 235.699645996094
