rcp8.5models/MPI_ESM_LR/sc1gr7.40
NCOLS 261 
NROWS 433 
XLLCORNER 336357.134 
YLLCORNER 654653.479 
CELLSIZE 1000 
NODATA_value -9999 
[rows 330 to 351 of 433, columns 100 to 149 of 261]
99.6117972754817 100.247855264318 99.3149113436444 98.4237850280891 101.577681391023 106.278710238543 107.296703025207 107.841255250325 108.591257475262 109.107232278114 109.656999548216 108.977355081245 -9999 -9999 112.73376582507 113.823675321362 112.400714355347 109.289585504258 -9999 -9999 111.311509905617 116.375303180022 117.576469198344 117.819972601466 114.195015575238 111.791495702545 113.63357217391 114.339084764633 115.16643937377 113.977992624244 113.527599509876 114.087453007965 115.538436479436 117.307268223659 117.139227639419 119.034939726293 120.734374815453 120.357246956959 118.331170002922 117.857532831659 119.14584658812 119.900214831329 120.035876056335 119.913331840753 120.103027255814 120.392352620459 122.434012444459 126.089637356547 127.637562263888 128.381296938916
99.6432643405063 101.651872622118 103.656907000119 100.601438214149 99.7750399586853 105.604282760159 108.241268796645 107.56788687948 108.133701151948 108.057187968414 108.242097124588 109.254931891048 110.319684029484 -9999 110.419842089939 112.136397819714 113.817765434054 115.157959524084 112.792109914654 111.183242073807 111.367742190856 112.468846562718 115.47379217003 118.224414544165 115.942638342455 113.34669338254 113.341634066659 113.987614305504 114.14760566072 112.841979981736 113.453808540574 113.46813860029 115.3258185227 117.179214217328 116.512716278652 116.753556079106 118.047761045633 119.470245135296 119.253453206949 117.941963134716 118.794158921151 119.919904732989 120.344947486477 120.385913094987 120.455546938121 120.727995908133 123.767310174316 126.231911625292 127.937594057008 128.599339151792
101.493300730676 100.717126674615 103.409821658407 103.996313613855 104.3405902463 108.731732823174 109.437713169551 107.993395892847 108.539386689437 108.878085720041 109.606258007646 111.554583441291 110.228041520532 106.599016406207 -9999 -9999 112.670432954083 115.360606545279 116.022620987928 116.089417140547 114.235901617444 111.28387435012 113.031319935162 117.768570181622 118.433844994752 116.277993345679 114.310954471844 114.567920134054 115.508118475784 114.297850031146 113.970362155452 114.003165995903 115.290629905325 117.724813814567 118.160939345846 117.000525870057 116.773520322243 117.935496171886 118.745417216186 118.610779322484 119.410320657082 120.105413084728 120.541897148787 120.748714619209 120.793039318537 120.928365908085 123.680249607791 125.780419420675 127.987920477856 128.686448313109
102.367412227048 98.5789468539781 98.6213549506219 102.993611245954 108.170672826689 110.585784886311 110.065257201688 108.553984301449 109.042869636399 110.800008264597 111.793415976721 112.173958268434 -9999 -9999 -9999 -9999 114.023059669718 115.860848690445 116.897774049022 117.102290938326 117.03658943741 115.058250427995 114.670856761734 117.487842968683 119.685520123619 119.087739231117 116.908043215319 114.93678888167 115.184855410872 114.894235049425 114.629847266381 115.646611598263 115.985220760616 116.872308298625 117.892938135139 117.323961530419 117.543890597079 118.492675128302 119.28604253387 119.701750705992 120.074181446188 120.366703756725 120.665797692822 120.93339350946 121.046666220862 121.132894609282 122.190155166572 123.886772759764 124.967064657083 126.599602666042
102.220069564897 101.37715516846 103.311748517018 105.915179200582 109.310178965795 110.746097680426 109.962071806355 108.949834160053 109.390143440085 110.395489201778 110.98603155993 111.23935885228 111.535436568747 107.683175453636 -9999 -9999 113.502917258762 116.423345061991 117.43370562776 117.922484833758 117.844126463978 117.258317281806 117.518283656544 118.834277016059 120.368336033031 120.555178265164 120.022857283632 118.50122494256 116.563845692207 115.573418862634 116.130408575202 117.070614421916 116.90346583843 116.392650844004 117.082299837076 117.650263971248 118.556190945869 119.215314894245 119.778403198257 120.170736866348 120.364040422649 120.59634948655 120.729910385808 120.955343798128 121.14967074921 121.309193630692 122.333542513872 123.640995077843 124.52711875687 126.338001332471
101.396289365253 102.592027366226 103.751836106593 103.475767131941 106.803811784852 110.083434813344 109.27886521137 109.343938337967 109.518828582414 109.016007348012 109.382952818893 110.370180510104 111.503371397755 109.033468968479 110.946968453618 113.058117674527 114.948604752866 117.275208725867 117.97961138227 118.533505781255 118.544691880046 118.033211463567 117.930041536666 118.509198471413 120.332095397458 120.929826413194 121.595365644405 121.601761130924 120.334517829322 118.331120326096 117.067708233122 116.60237013617 117.025388965276 116.960493593017 116.957538270857 118.236414732982 119.26265019588 119.782726981459 120.072248324048 120.337440306012 120.526116085692 120.701601649369 120.835144413937 121.069805009044 121.200289710367 121.300794843497 122.114568247187 123.311227045119 125.499620050321 127.971894427629
104.045823220931 105.228162157874 104.367981738946 103.350757087431 101.776623108868 103.351460023898 107.862409239766 109.514387292793 109.656485325208 110.115193796212 111.196082338939 112.457228214621 114.631905746403 115.095982911965 113.655553279734 111.700338577149 112.987387365611 115.329656960113 117.432428719378 118.654881813911 119.41818077062 119.571786977939 119.02347680943 116.597057619528 116.237373501916 118.844398421333 121.122440966219 122.300926178172 122.947413043312 123.178403132081 121.842485332633 119.227148130848 118.031802541735 117.585383250305 118.218064748393 119.595868656973 119.808033416734 120.144247160687 120.459273817836 120.580933074805 120.730099621772 120.919620294849 121.059224009496 121.274438424921 121.758293207534 122.352177804141 125.701594195407 123.675072981386 122.838897472591 123.609670295254
106.755249100074 107.277792975256 106.83269687927 104.799840447259 102.697823914484 101.905047463649 105.160903787786 110.17708677545 110.378042370511 110.463724148311 111.045301314484 111.751970939581 112.348022097125 112.69901005478 112.273969833302 111.901053727769 112.537186091884 114.446172092585 117.67159763975 118.964379187538 119.190122006916 119.499264202658 119.915118379469 118.309901885697 114.888744801684 116.314700375871 118.471545003825 120.822598932726 122.336669306124 122.641871100162 122.74416318026 121.688617449914 120.726870389286 120.17537514953 119.623446611147 119.690369803337 119.942845211573 120.177115376734 120.453059437398 120.626327699696 120.83323150112 121.263152314958 121.610472221818 121.976800633878 124.314328525968 126.730174088095 130.732810784565 129.017939892292 127.306513037163 126.223338301731
108.500721984908 108.970970762788 108.564072502805 106.998836292867 105.139243026059 103.708474303562 104.710836876829 108.331034746486 110.907516499236 112.293784999346 112.052665708663 111.996945995788 112.06143800649 111.725614370224 111.919718096419 112.216163800739 112.766574112219 114.649906977634 117.068588672448 118.059173889132 118.572841676025 119.002483556986 120.16235703707 119.370246605283 115.25344844546 115.852211810018 116.468091932354 118.370512683678 120.406324226703 121.127365251721 121.823152038138 121.828916152099 121.517253949188 120.927432243776 119.935769938018 119.750535819143 120.105872641267 120.342420507958 120.528505919617 120.713365321644 122.479014511683 124.417811814991 123.136202675192 124.407952394148 128.783158927427 131.801318489916 135.139504225468 134.791417684913 133.453942613938 131.185280500915
110.168567955774 110.304889790525 109.075949679756 108.312519075785 107.393615998766 105.640644421782 104.960379510995 105.707521579015 106.966478564529 108.366856179882 110.789473352364 111.617593677654 111.135779122314 113.305707660689 112.428954506144 112.608358655778 113.118009459356 113.943522073141 114.827082031331 115.418623885386 117.006299561862 118.692097154607 119.250766973542 118.319853088545 115.863982132013 116.452640797998 116.727273392998 117.127041045702 119.068036249824 121.098134131954 120.918319509358 120.45508737725 119.925682981341 119.21584712713 119.180256338896 119.816004979226 120.823399293944 121.544094419225 120.829892571737 122.54955726349 126.712835072149 128.125152593012 124.824776499622 125.443443372254 130.479698046603 132.631057168572 138.905345920755 138.235042365315 137.036503066686 135.693102879288
110.959827787683 110.970468500182 108.820804515299 108.049536839212 108.341441682228 107.221658938992 106.183587645849 105.968900194045 105.296064491862 104.749312956782 106.433680461162 107.863914309858 108.345810612812 113.645545201523 115.025629035557 114.639598347845 115.588723943298 116.128118546573 116.543889319808 117.063041028575 118.049349904026 119.350465903757 118.427501405566 116.949335894382 116.093012832004 116.540681576993 116.862798023789 118.096725119864 121.169134434787 122.813922383983 121.59592861994 120.761856690884 121.095160240595 121.865635298899 122.318281760363 123.659554278864 125.017932114981 124.801458069459 122.128528302884 124.605622705177 129.751786004037 128.226237194307 124.160402188896 125.466099256867 130.874888044384 132.903630759081 140.416582539609 140.972295119935 140.106243446357 139.203208809287
110.84540235066 111.644925927426 109.796973234898 108.583309551567 108.652409579927 108.084062044845 107.403059534687 107.226501189566 107.306107183725 106.959815028964 106.49395453789 107.001478055524 107.701531256945 111.349270628785 114.851827141462 112.778420418104 113.165075433603 114.01510784469 114.872250512182 117.512539331687 119.906441030284 120.277465535377 119.335901657783 117.375563786755 117.049101532269 118.71158022483 118.928687861814 119.619512105827 122.573800515334 124.023424433591 123.49207900859 123.928481040302 124.591057829924 125.451519535961 125.664013390775 127.355349105627 128.370694691551 127.806620122204 126.275383157029 127.631793081403 130.485395554144 128.44497514547 126.075526486656 129.22770310152 133.163434634744 135.975289962604 140.892818705115 141.781730480197 141.873459382926 141.931154730334
110.571652384673 111.909536667886 110.733185741513 109.370087620728 108.824647657836 108.580016371019 108.439718625832 108.293950720795 108.106976806606 108.217650310991 108.748230545479 109.259720795323 108.758099787526 109.008139446359 110.279467594603 109.175714929363 109.492036231756 111.009346344497 112.563468706175 115.054565891235 117.349924048447 117.510007827003 119.173197272995 120.106288064094 120.448958600653 121.132883871135 121.081270927055 121.298508495453 121.891855278957 122.970934444081 123.5515481279 124.874672297235 125.662779067317 125.93945464066 126.065678134439 128.77553004831 129.882620982182 129.684346930246 130.248888810756 131.249122095383 130.934742514249 130.639435988518 131.399141970492 133.264106650591 135.855732351639 139.227938594046 140.605108136988 141.090577323028 141.554301025665 142.596533188846
109.371693666966 111.461808231115 110.511796317948 109.460169911766 108.359773870456 108.229679374027 108.261301586274 108.356828907652 108.502762761994 108.743066983957 109.224542961796 109.801082499074 110.125799397203 109.223595889965 108.886092610954 109.253895379856 110.455829643584 112.328624515963 114.094817995893 115.815984126159 116.391312831811 116.301642746482 117.715885312937 119.257230798485 119.969966991472 120.1632678811 121.38016026013 122.840383452913 122.321856915405 122.481236533587 123.165235902163 123.726009869818 125.177393086286 126.151827968391 126.590147405538 129.673619728589 132.079058020809 132.452890741974 133.098649767829 133.637594529499 133.189974607836 134.303977645162 135.752306534 136.787978158423 138.49113964983 140.165048169704 140.12305298451 140.113352736601 141.215282822428 141.915462221162
107.835831934186 111.315252035647 110.50563841849 109.006685152093 108.056494325734 108.098295023911 108.219474324531 108.279336412452 108.771233360144 109.430625391634 109.81506072803 110.326158646154 111.444408334984 111.44824999665 110.7374367486 110.260011246916 110.975403821239 111.811453354439 112.995829290218 115.015733841555 117.202437398531 118.768440642676 118.889157294372 118.680525566693 118.031531167707 120.155586536109 122.552599732916 124.239977855228 124.655245674218 125.291556054731 126.224772035383 126.20302401366 126.563471105763 127.54965007685 127.311727438739 129.065294336469 132.003824039846 134.642712418237 135.484775903334 135.841136133317 136.395776998231 137.425232126233 138.271705068543 139.262324817541 139.690076022785 139.697883892057 139.866810543248 139.701225615535 141.039202219839 142.053444076525
107.720112985943 111.340779816263 110.1649257823 108.826536383065 108.629987480014 108.811043714243 109.060095275161 109.303457870055 109.821010946696 110.400241007572 110.734026073028 111.206385231238 112.467967310522 112.898500002672 112.693206535195 112.675289948643 113.048160739938 113.106206167298 112.911959296308 113.281130765064 115.362448828271 117.790665384978 120.066704513584 121.490658297752 121.571787009246 123.359326434051 124.784764767677 126.19766011458 127.288786501739 128.171612988433 129.227802229706 129.64481913292 129.518253372961 129.66382071643 129.081206487876 129.664136919141 132.37154312994 135.307841590361 136.207512753374 136.840428764289 137.538301806385 138.153640364552 138.646237783708 139.157979094805 139.419324319434 139.189219824399 139.139894312585 139.319449500228 140.040921818681 141.021269604585
109.183022639494 111.35600967487 110.503885570413 109.734603016283 109.532964007483 109.775629087062 110.090665904909 110.440971132724 111.074931478331 111.45107226248 111.521268583677 111.920438094218 112.950517620264 113.47338392957 114.075143057249 114.894744988158 115.679019796765 116.012130235084 115.760374480442 115.423299098665 115.842485700516 117.606796518742 120.538828115098 122.605365101164 124.675384589996 125.741762829589 126.62007587175 127.569127122863 128.52982845008 129.306938917891 129.907180702089 130.63095314293 131.289539572698 131.607840277397 131.882861061631 132.63665145341 134.360014541536 135.676575928827 -9999 137.119080212948 137.774505883143 138.319495118917 138.76142680919 138.769794087345 138.550682243426 138.706717638769 139.743402459294 139.656533815931 139.674371016523 139.869368358305
110.048360491649 110.375637032285 110.473551471717 110.411291857964 110.39143578688 110.620422224413 110.893481185437 111.269267883706 111.48444300599 111.582739512152 111.672497189076 112.124617423485 113.007674692828 113.597568602995 114.567886463833 115.715320822923 116.724909346717 117.556181177131 118.020092847703 117.803388072049 117.593278938829 118.939842369772 121.391227703219 123.115563948462 125.451792750631 126.495243107638 127.421206669675 128.293981997595 129.224157463088 129.859679368061 130.105140343038 130.56380077662 131.591566003808 132.720162566087 133.410135473695 134.596112443735 135.018020813075 135.597383309618 136.639146676291 137.292277204138 137.753092845065 138.294104832006 139.056109715958 138.990663040916 138.740419970817 139.47329676533 140.828588037238 140.358307765493 140.485955352774 140.829799575485
110.046979339572 108.419862938843 108.99639484341 109.530158926063 109.794693164373 110.203567796352 110.690995077504 110.748179641386 110.807836332045 111.34142818605 112.105294362276 112.888304357931 113.983400083757 114.430700603677 115.246153508547 116.169773384084 116.933252952302 118.034795505534 119.124053271376 118.682710878311 117.416367274606 116.99752846815 119.13956824323 121.535858616026 124.298420916657 126.232575247371 128.189213599093 129.258995415112 130.226021524756 131.180803907277 131.978415742237 132.642383249971 133.183489635626 133.702704104114 134.227801740959 135.360017635819 135.846327290632 136.049785430251 -9999 -9999 137.240137510926 137.851821517077 138.630644825199 139.535281546061 139.908541724277 140.020163816332 141.640050129811 141.738717489942 141.495661462487 142.048587382803
110.635185581232 108.565666792102 109.441597380081 110.012772719764 109.767942947759 109.760666352109 110.224342169976 110.544267217565 110.666733854458 111.295434910286 112.326492961499 113.219299144133 114.703272466372 115.422597967983 116.293351583919 117.003889686815 117.128027014243 117.82039217107 119.080236043101 119.054212190864 118.115588736141 117.477280918605 118.292234220797 119.478644424124 122.161332421521 124.693944819933 127.557083625928 129.637161674085 130.716436347529 131.588048630509 132.283268261343 133.164150545673 133.835902486332 134.319076884936 134.767511167945 135.935375048048 136.407841549709 136.953295697184 137.18361978363 -9999 137.280390661403 137.649099393436 138.057794636654 138.902554978928 139.377718521294 139.235644624558 140.915705137003 141.08661670581 140.499347511131 140.969903907877
111.088161562517 109.380747757291 109.729902302307 110.135307741455 109.98620945295 110.02460562027 110.343249640564 110.496553112199 110.65244271456 111.213185805222 112.039166334941 113.11800854263 114.57255472292 115.271575641744 116.521550754751 116.599505152212 116.521735948068 116.587024964187 116.973845498736 117.545381990077 117.796951193232 118.001685811359 118.066755888435 118.981726619861 121.848106860118 123.676063512428 126.563047258279 129.841618134723 131.365199153848 132.079436798867 132.751713688506 133.537999922662 134.123502073444 134.408744842023 134.907376401938 136.453683406399 136.892932978717 137.340623887618 137.71584632444 137.832696256286 -9999 138.053986472199 138.750517860578 139.51752699557 139.905774300642 139.588634958072 139.838071228373 140.423388977328 140.544236419766 140.764900706465
110.58566722072 110.111464083366 109.533066808846 109.616003730692 109.783892597192 109.952917835024 110.298993617255 110.591484630104 110.757747156631 111.067561917036 111.525491008217 112.258399616699 114.44797423053 115.618215202468 116.855968983247 116.827870535241 116.811197368327 117.023814813582 116.348560611981 116.882069027078 119.263009132166 120.873211417503 121.040613809446 121.694314316715 121.982015331151 122.882566696613 125.992303661787 129.731773243595 132.048123499392 132.799471856915 133.508485025198 134.016001208049 134.381942965971 134.675163708225 135.244796357012 136.615763830521 137.146881728089 137.633738243728 138.037303436335 138.43082873217 -9999 -9999 -9999 140.632597053608 140.779286377937 140.320644941075 140.213689933804 140.30143149575 140.85980310344 140.880075693726
