rcp8.5models/MPI_ESM_LR/sc1gr0.13
NCOLS 261 
NROWS 433 
XLLCORNER 336357.134 
YLLCORNER 654653.479 
CELLSIZE 1000 
NODATA_value -3.4e+38 
[rows 110 to 131 of 433, columns 98 to 146 of 261]
74.2410125732422 74.4445037841797 74.4547271728516 74.9233932495117 75.2207260131836 75.4380111694336 75.9167251586914 76.0163192749023 76.3141555786133 76.4271545410156 76.5128402709961 76.4729461669922 76.6655426025391 76.709602355957 76.6736831665039 76.5595016479492 76.4131851196289 76.2921829223633 76.1872406005859 76.1169281005859 75.9059753417969 75.7200546264648 75.492073059082 75.3392715454102 75.0290298461914 74.7069091796875 74.3250198364258 74.0971221923828 74.0036697387695 73.5533142089844 73.0922470092773 72.913688659668 72.8075637817383 72.274040222168 71.9315872192383 71.6179504394531 71.3261566162109 70.8794326782227 70.7073822021484 70.4121398925781 70.1265182495117 70.1103363037109 69.9299850463867 69.6251525878906 69.4992370605469 69.0140686035156 68.7135696411133 68.4166030883789 67.7583999633789
74.5403442382812 74.887321472168 74.9373474121094 75.2666320800781 75.5398941040039 75.9173889160156 76.295524597168 76.4054946899414 76.5745239257812 76.7152099609375 76.8824996948242 76.9340133666992 77.1536636352539 77.192024230957 77.1390914916992 77.0055313110352 76.8693008422852 76.6414031982422 76.3644180297852 76.3430328369141 76.2270202636719 76.0315170288086 75.7603912353516 75.6111068725586 75.3970642089844 75.1419219970703 74.5802841186523 74.4631958007812 74.1205596923828 73.7845840454102 73.4468002319336 73.2544479370117 73.0779724121094 72.6088638305664 72.1098022460938 71.8378448486328 71.5942230224609 71.0094985961914 70.8883666992188 70.6412887573242 70.3471603393555 70.3534240722656 70.1093063354492 69.8253784179688 69.5827865600586 69.1946105957031 68.9423675537109 68.6383438110352 67.8621063232422
74.8582916259766 75.2646408081055 75.4344635009766 75.7952651977539 76.116340637207 76.4412307739258 76.6434326171875 76.7064208984375 76.8065948486328 77.0448684692383 77.3509292602539 77.3306579589844 77.3540725708008 77.4773483276367 77.3732757568359 -3.4e+38 77.014030456543 77.0119400024414 76.8674774169922 76.7265167236328 76.4578399658203 76.3248596191406 76.140510559082 75.9409942626953 75.6487579345703 75.4660873413086 74.8151779174805 74.5634765625 74.1962814331055 73.9235153198242 73.7037658691406 73.4913101196289 73.1059875488281 72.7649002075195 72.3680038452148 72.2750701904297 71.8207778930664 71.2557754516602 71.108268737793 70.8307495117188 70.5248794555664 70.4860458374023 70.27099609375 70.0201568603516 69.4827270507812 69.2720642089844 68.9977874755859 68.7044906616211 68.0170364379883
75.2989730834961 75.6127471923828 75.9517593383789 76.2455749511719 76.6350021362305 76.8840255737305 77.1021347045898 77.0819778442383 77.2657089233398 77.4918899536133 77.8101196289062 77.7254943847656 77.682991027832 77.7500381469727 77.6432189941406 77.6143188476562 77.3761367797852 77.3876037597656 77.1947937011719 77.0624389648438 76.7372131347656 76.7023391723633 76.4598693847656 76.1705474853516 75.8432769775391 75.6997528076172 75.1765060424805 74.728889465332 74.2504577636719 74.0388259887695 73.8879089355469 73.7230529785156 73.3250427246094 73.0562133789062 72.7562484741211 72.4923248291016 72.0507583618164 -3.4e+38 -3.4e+38 -3.4e+38 -3.4e+38 70.5460205078125 70.3914642333984 70.0339050292969 69.5822906494141 69.3472442626953 68.9635391235352 68.6382446289062 68.1108169555664
75.5005798339844 75.9816589355469 76.3073348999023 76.7029037475586 77.091911315918 77.3425979614258 77.5814590454102 77.6313934326172 77.8487319946289 77.9355163574219 78.1129989624023 78.0475387573242 78.1114273071289 78.2340393066406 78.0245361328125 77.899543762207 77.7359619140625 77.7660751342773 77.4983749389648 77.2386016845703 77.0119857788086 76.9812545776367 76.7134628295898 76.4758911132812 76.0702209472656 75.8095474243164 75.3942565917969 75.0255966186523 74.6282958984375 74.2322692871094 74.2289199829102 73.967903137207 73.7306289672852 73.3538360595703 73.0055770874023 72.5384750366211 -3.4e+38 -3.4e+38 -3.4e+38 -3.4e+38 -3.4e+38 70.5968780517578 70.4677886962891 70.1405410766602 69.859733581543 69.4955444335938 69.1301116943359 68.6650543212891 68.233642578125
76.054069519043 76.4203643798828 76.8208312988281 77.5146713256836 77.7997589111328 78.2182006835938 78.3968124389648 78.6419219970703 78.6077117919922 78.804817199707 79.0482482910156 79.1047668457031 79.1025238037109 78.9624786376953 78.8465118408203 78.7203750610352 78.5514373779297 78.3017196655273 77.9943008422852 77.7277374267578 77.6319808959961 77.3613052368164 77.2588729858398 76.8218612670898 76.5674362182617 76.1177444458008 75.8271865844727 75.3518524169922 75.0467147827148 74.5507202148438 74.5571670532227 74.3425598144531 73.9991989135742 73.8316497802734 73.4235458374023 73.0547103881836 72.5079727172852 71.9962463378906 71.7227096557617 71.4977569580078 71.1810150146484 70.8902587890625 70.6024322509766 70.3285522460938 70.0056915283203 69.6161499023438 69.0849151611328 68.964714050293 68.5718536376953
76.4485626220703 76.7212371826172 76.9758529663086 77.8804244995117 78.2309951782227 78.5081024169922 78.731086730957 79.0176544189453 79.0499114990234 79.3389053344727 79.5439147949219 79.5589828491211 79.6316146850586 79.4992446899414 79.1487274169922 79.0202865600586 78.9057006835938 78.6434020996094 78.2821655273438 78.0252914428711 77.9585037231445 77.6132888793945 77.4408798217773 77.0439910888672 76.8152008056641 76.4411315917969 75.9545822143555 75.7402954101562 75.2987518310547 74.8176956176758 74.7260131835938 74.4023361206055 73.9881210327148 73.7211227416992 73.3938064575195 73.1698303222656 72.6854782104492 72.2120590209961 71.9264755249023 71.700325012207 71.2611389160156 71.0123596191406 70.7447662353516 70.3997955322266 70.0863800048828 69.748405456543 69.3196868896484 69.2237319946289 68.4980163574219
76.8499221801758 77.0954132080078 77.3409957885742 78.2703170776367 78.4587097167969 78.7577896118164 79.2127456665039 79.4755249023438 79.5781936645508 79.8088607788086 80.0305786132812 80.1163482666016 80.1163711547852 79.9579162597656 79.5149917602539 79.4233932495117 79.2296905517578 78.955940246582 78.5084228515625 78.2886276245117 78.0413818359375 77.9072189331055 -3.4e+38 77.1983032226562 77.0011672973633 76.7334671020508 76.2428970336914 75.8939819335938 75.5436401367188 75.265625 74.9149780273438 74.5139007568359 74.0602569580078 73.7760009765625 73.497444152832 73.1740341186523 72.7695465087891 72.3175582885742 72.1445388793945 71.8072967529297 71.3445739746094 71.1374053955078 70.8431625366211 70.4255981445312 70.2407608032227 69.9250640869141 69.6241149902344 69.4075393676758 68.4788360595703
76.9791488647461 77.4343566894531 77.6133804321289 78.4541320800781 78.7462005615234 79.0983810424805 79.5528030395508 79.8672256469727 80.1049652099609 80.3496856689453 80.4885559082031 80.5550231933594 80.4051513671875 80.2702331542969 79.8710861206055 79.7168197631836 79.5165100097656 79.0934295654297 78.6719207763672 78.5432968139648 78.1924514770508 77.9541320800781 77.831298828125 77.6475219726562 77.2570114135742 76.9527053833008 76.513671875 76.0850219726562 75.7760009765625 75.4700393676758 75.0910797119141 74.7054595947266 74.2562713623047 74.0895767211914 73.7275314331055 73.3667907714844 72.9891662597656 72.3401412963867 72.2673263549805 71.9166870117188 71.4605331420898 71.2347717285156 70.9082870483398 70.4734649658203 70.3286972045898 70.1174697875977 69.747802734375 69.4121780395508 68.5065994262695
76.9967041015625 77.532356262207 77.9231796264648 78.7360305786133 79.048828125 79.3914337158203 79.7915191650391 80.1459732055664 80.5706787109375 80.7395401000977 81.02978515625 80.8588180541992 80.6992721557617 80.4959716796875 80.0977096557617 79.8057098388672 79.5467681884766 79.1925048828125 78.8957061767578 78.7775573730469 78.3870010375977 78.0791091918945 78.0994338989258 77.8172988891602 77.3284149169922 77.014892578125 76.3390121459961 76.0759582519531 75.9068756103516 75.5455627441406 75.0850219726562 74.7251358032227 74.3862762451172 74.3011322021484 73.9570617675781 73.5778656005859 73.0399703979492 72.4486923217773 72.2999420166016 71.9606399536133 71.5578994750977 71.3059158325195 71.0638198852539 70.8014602661133 70.4593963623047 70.2089385986328 69.8346633911133 69.4750747680664 68.6834030151367
77.1798782348633 77.4579849243164 77.9726028442383 78.9975204467773 79.0980529785156 79.5358734130859 79.9872589111328 80.3840026855469 80.8250350952148 81.0711135864258 81.2693481445312 81.2839813232422 81.0505142211914 80.8046188354492 80.1731643676758 -3.4e+38 79.6362228393555 79.3821792602539 79.141242980957 78.9187622070312 78.5840454101562 78.3699493408203 78.0330276489258 77.6364898681641 77.3548202514648 77.1209869384766 76.4648742675781 76.1276550292969 75.933349609375 75.6148071289062 75.2133331298828 74.7643585205078 74.4606475830078 74.2626342773438 73.9813537597656 73.4594116210938 73.085334777832 72.8376083374023 72.5303344726562 72.0891876220703 71.677001953125 71.4125518798828 71.178108215332 71.0218505859375 70.5991363525391 70.263786315918 69.925163269043 69.5385437011719 68.9557647705078
77.2941436767578 77.5744323730469 78.1225128173828 79.1371612548828 79.2704315185547 79.7506866455078 80.1231994628906 80.4000015258789 80.7543869018555 81.0563125610352 81.2943267822266 81.400634765625 81.1667709350586 80.9309997558594 80.2926254272461 80.0237197875977 79.8238525390625 79.579460144043 79.3463516235352 79.0059585571289 78.7387390136719 78.4818649291992 78.0286636352539 77.9052505493164 77.7190704345703 77.2619552612305 76.6616439819336 76.2982940673828 75.9401016235352 75.5768814086914 75.4058380126953 75.0416946411133 74.6081085205078 74.2372055053711 73.9834747314453 73.5360641479492 73.4370422363281 73.0539398193359 72.5319900512695 72.1152191162109 71.9026184082031 71.5577163696289 71.2501754760742 71.0219497680664 70.7018280029297 70.1917114257812 69.8859405517578 69.5926666259766 69.1927032470703
77.4676361083984 77.9067764282227 78.3594436645508 79.2238235473633 79.3984451293945 79.6694488525391 80.0750961303711 80.3678970336914 80.7262191772461 80.7900695800781 81.1378631591797 81.1411819458008 81.0064849853516 80.8179779052734 80.4332046508789 80.168586730957 79.9281921386719 79.6807861328125 79.4409637451172 79.1232147216797 78.8497772216797 78.6342926025391 78.2082366943359 77.9724044799805 77.8902969360352 77.2970733642578 76.6351318359375 76.2333526611328 75.96337890625 75.7259216308594 75.3772964477539 75.0454483032227 74.8433990478516 74.3081359863281 74.137321472168 73.9619750976562 73.7736663818359 73.0293731689453 72.4977188110352 72.1204833984375 72.0722198486328 71.5683135986328 71.2708206176758 71.0568084716797 70.7041854858398 70.203857421875 -3.4e+38 -3.4e+38 69.2470245361328
77.6122512817383 78.0884323120117 78.4272994995117 79.1769256591797 79.2888412475586 79.6605987548828 79.9671401977539 80.3336029052734 80.5830841064453 80.672233581543 80.9627456665039 80.9115447998047 80.8419418334961 80.6452331542969 80.4820785522461 80.3111572265625 79.9492263793945 79.7051010131836 79.4717788696289 79.1713638305664 79.0127639770508 78.6327285766602 78.3943176269531 78.0008087158203 77.8191680908203 77.1941223144531 76.6942749023438 76.2191619873047 76.027587890625 75.7984390258789 75.2872619628906 74.8529815673828 74.7203674316406 74.5103607177734 74.4686660766602 74.2941970825195 73.8556594848633 73.0561904907227 72.6435165405273 72.2820434570312 71.9857177734375 71.6663589477539 71.4877090454102 71.1860656738281 70.8022155761719 70.5096282958984 70.288688659668 -3.4e+38 -3.4e+38
77.7445220947266 78.251838684082 78.5005493164062 79.0450134277344 79.2308120727539 79.5965270996094 79.9036712646484 80.1477890014648 80.3370208740234 80.6376800537109 80.8289108276367 80.8306884765625 80.7495040893555 80.5761413574219 80.4261016845703 80.2947311401367 79.9962387084961 79.7695159912109 79.4397277832031 79.1392974853516 79.0386962890625 78.6608047485352 78.4453582763672 78.1530609130859 77.7279663085938 77.1746139526367 76.7206344604492 76.4382476806641 76.0718688964844 75.8330001831055 75.475700378418 75.1457061767578 74.9017868041992 74.7130889892578 74.7094116210938 74.5226516723633 74.0991363525391 73.1031036376953 72.7982406616211 72.4483261108398 71.9098205566406 71.7393798828125 71.6860427856445 71.2288436889648 70.8012619018555 70.5218658447266 -3.4e+38 69.7812652587891 -3.4e+38
77.7861480712891 78.2195281982422 78.4150619506836 78.9686279296875 79.1286010742188 79.4107666015625 79.8336486816406 80.047492980957 80.2692947387695 80.5046234130859 80.5936126708984 80.5697708129883 80.5364837646484 80.5292205810547 80.211669921875 80.0600509643555 80.004508972168 79.714729309082 79.3900680541992 79.2419052124023 79.0220489501953 78.7136306762695 78.5368881225586 78.2109832763672 77.8020553588867 77.2892303466797 76.8609313964844 76.4838943481445 76.0782470703125 75.9386978149414 75.7121505737305 75.3963851928711 75.0806350708008 74.9324951171875 74.7785949707031 74.4228057861328 74.0025634765625 73.2884140014648 72.9392700195312 72.4261779785156 71.9393463134766 71.7809219360352 71.7377090454102 71.3661727905273 70.9046173095703 70.3726119995117 70.0396957397461 69.8955535888672 69.3366317749023
77.577278137207 77.978385925293 -3.4e+38 -3.4e+38 79.1092300415039 79.3625411987305 79.591423034668 79.941047668457 80.0916595458984 80.2908630371094 80.2965774536133 80.3691711425781 80.2091751098633 80.2256698608398 80.1055450439453 80.0536804199219 79.8033218383789 79.6066741943359 79.524528503418 79.2329635620117 78.8496704101562 78.6609878540039 78.3716888427734 78.0188598632812 77.7324371337891 77.6201324462891 76.7595138549805 76.5746154785156 76.3940963745117 76.1639785766602 75.7646560668945 75.6884765625 75.4999771118164 75.0603179931641 74.534538269043 74.3369827270508 73.8042831420898 73.3696670532227 73.0338363647461 72.6385955810547 72.1403732299805 72.1025772094727 71.8225860595703 71.2199249267578 70.9828491210938 70.6499862670898 70.4290924072266 70.2678146362305 69.3021087646484
77.7567138671875 -3.4e+38 -3.4e+38 78.939079284668 79.2828674316406 79.4642105102539 79.4770812988281 79.7358856201172 79.8867492675781 79.9940719604492 80.1409606933594 80.1636581420898 80.0657196044922 80.2154922485352 80.0072860717773 79.8940353393555 79.7233200073242 79.5357666015625 79.4861907958984 79.1963729858398 78.9890060424805 78.8405532836914 78.4618835449219 78.0878143310547 77.8484573364258 77.5169525146484 76.9060897827148 76.5354995727539 76.5130310058594 76.2098922729492 75.9467849731445 75.786376953125 75.4386367797852 74.9470367431641 74.4394149780273 74.2552795410156 74.0595397949219 73.3614501953125 73.0243072509766 72.7232894897461 72.3509216308594 72.1673889160156 71.6833419799805 71.2781372070312 71.0093841552734 70.7211685180664 70.5299377441406 70.2563705444336 69.3598251342773
77.7524032592773 -3.4e+38 78.3304290771484 78.9813003540039 79.4046096801758 79.4341125488281 79.3943099975586 79.6920928955078 79.786491394043 80.0044708251953 80.0482864379883 79.9838485717773 80.1132049560547 80.2433166503906 79.9113006591797 79.8579330444336 79.6547164916992 79.4118423461914 79.2752456665039 79.1299362182617 78.9811706542969 78.8530044555664 78.4937210083008 78.1446990966797 77.8574752807617 77.5464248657227 77.1166152954102 76.5607833862305 76.59912109375 76.2644195556641 76.0529556274414 75.6984405517578 75.3042831420898 74.8515472412109 74.498046875 74.347412109375 74.1895980834961 73.3359146118164 73.1367263793945 72.8078536987305 72.552604675293 72.1806259155273 71.6799774169922 71.3773727416992 71.0759506225586 70.8037948608398 70.5635223388672 70.3434600830078 69.4611663818359
77.7888641357422 -3.4e+38 78.3082122802734 78.9959335327148 79.2885818481445 79.3557586669922 79.5120162963867 79.6357574462891 79.8273849487305 79.9335861206055 79.8266067504883 79.8786773681641 80.0279541015625 80.1213989257812 79.7824249267578 79.7460479736328 79.6049118041992 79.3508377075195 79.2337341308594 79.1276245117188 78.986198425293 78.7595748901367 78.4987869262695 78.2003860473633 77.8603515625 77.5526123046875 77.0585174560547 76.7593383789062 76.6094055175781 76.3744659423828 76.0834732055664 75.709114074707 75.3194351196289 74.9419174194336 74.6565093994141 74.4175415039062 74.2287445068359 73.5500564575195 73.2771530151367 72.8491287231445 72.614372253418 72.3080902099609 71.9554672241211 71.5720138549805 71.152099609375 70.9121856689453 70.6009140014648 70.4868316650391 69.6715393066406
77.782470703125 77.9527359008789 78.2962875366211 78.9495239257812 79.1494216918945 79.1871185302734 79.4794158935547 79.5877075195312 79.6858367919922 79.8168411254883 79.7071075439453 79.835578918457 79.811408996582 79.7774887084961 79.6238555908203 79.5634002685547 79.5694274902344 79.3982696533203 79.1965713500977 79.1015930175781 78.9123229980469 78.7186813354492 78.5213012695312 78.18359375 77.8990859985352 77.6563949584961 77.0486068725586 76.9807052612305 76.7171783447266 76.4528579711914 75.9916915893555 75.7442932128906 75.4317245483398 75.0313873291016 74.725471496582 74.4737167358398 74.346565246582 73.5837860107422 73.3352813720703 72.8628005981445 72.6111373901367 72.397575378418 72.1901702880859 71.6958541870117 71.2847213745117 71.080940246582 70.6703338623047 70.5020751953125 69.7638702392578
77.9613265991211 77.9386138916016 78.273078918457 78.8375244140625 78.9675521850586 79.0607452392578 79.282600402832 79.4455108642578 79.5071411132812 79.713020324707 79.6355819702148 79.7200241088867 79.6668930053711 79.5750122070312 79.454719543457 79.4508972167969 79.4866104125977 79.2019271850586 79.1200866699219 79.0150604248047 78.7402725219727 78.5882720947266 78.4510345458984 78.1225051879883 77.8222503662109 77.6689224243164 77.1317901611328 76.9856338500977 76.7070159912109 76.4048156738281 75.8791351318359 75.6618347167969 75.4106597900391 75.0580825805664 74.79052734375 74.6493072509766 74.2580184936523 73.583251953125 73.3399124145508 73.0763092041016 72.7892303466797 72.5279388427734 72.1734466552734 71.6582183837891 71.3017196655273 71.1365585327148 70.796028137207 70.4936065673828 69.8967437744141
