rcp8.5models/MPI_ESM_LR/sc1gr1.14
NCOLS 261 
NROWS 433 
XLLCORNER 336357.134 
YLLCORNER 654653.479 
CELLSIZE 1000 
NODATA_value -3.4e+38 
[rows 44 to 65 of 433, columns 98 to 146 of 261]
55.9805641174316 55.2570266723633 55.1584243774414 55.3860549926758 55.4533653259277 55.4526176452637 55.7388801574707 55.8188323974609 55.9999923706055 56.0652618408203 55.6311950683594 56.1177635192871 55.9468574523926 55.9943084716797 56.6913757324219 56.7262496948242 56.3719062805176 56.1829566955566 56.2708511352539 56.6820831298828 56.6439895629883 56.4232482910156 56.479606628418 56.5884742736816 -3.4e+38 -3.4e+38 -3.4e+38 -3.4e+38 -3.4e+38 -3.4e+38 -3.4e+38 -3.4e+38 -3.4e+38 -3.4e+38 -3.4e+38 -3.4e+38 -3.4e+38 -3.4e+38 -3.4e+38 -3.4e+38 -3.4e+38 -3.4e+38 -3.4e+38 -3.4e+38 -3.4e+38 -3.4e+38 -3.4e+38 -3.4e+38 -3.4e+38
54.9233169555664 54.8868713378906 55.096492767334 55.5204734802246 55.6738319396973 55.7962379455566 55.7310562133789 55.8047752380371 55.9653244018555 56.1033210754395 55.9648323059082 56.1455116271973 56.2689018249512 56.3270378112793 57.119945526123 57.220085144043 57.2878189086914 57.2962532043457 57.1227531433105 57.0583038330078 56.8868255615234 56.9493217468262 56.8666763305664 56.9428367614746 56.9712333679199 -3.4e+38 -3.4e+38 -3.4e+38 -3.4e+38 -3.4e+38 -3.4e+38 -3.4e+38 -3.4e+38 -3.4e+38 -3.4e+38 -3.4e+38 -3.4e+38 -3.4e+38 -3.4e+38 -3.4e+38 -3.4e+38 -3.4e+38 -3.4e+38 -3.4e+38 -3.4e+38 -3.4e+38 -3.4e+38 -3.4e+38 -3.4e+38
54.7742576599121 55.3718338012695 55.2754592895508 55.6322593688965 55.4629783630371 55.6107482910156 55.6086959838867 55.808292388916 55.8579063415527 55.9844627380371 56.0608177185059 56.2362442016602 56.3131217956543 56.7922859191895 57.2171096801758 57.3200187683105 57.4128265380859 57.4268226623535 57.6313781738281 57.2094383239746 56.8720779418945 56.9591903686523 57.1352653503418 57.0146102905273 57.0301475524902 57.2601699829102 57.349292755127 -3.4e+38 -3.4e+38 -3.4e+38 -3.4e+38 -3.4e+38 -3.4e+38 -3.4e+38 -3.4e+38 -3.4e+38 -3.4e+38 -3.4e+38 -3.4e+38 -3.4e+38 -3.4e+38 -3.4e+38 -3.4e+38 -3.4e+38 -3.4e+38 -3.4e+38 -3.4e+38 -3.4e+38 -3.4e+38
55.3732872009277 55.7748374938965 55.7950897216797 55.7764053344727 55.4127960205078 55.4918365478516 55.6965255737305 55.851203918457 55.9221000671387 56.0187377929688 56.0798301696777 56.3529853820801 56.4131774902344 57.0060386657715 57.0262603759766 57.1198806762695 57.1289863586426 57.262580871582 57.4520797729492 57.3746452331543 57.326732635498 57.1431655883789 57.1280364990234 57.2053718566895 57.5564880371094 57.396842956543 57.5094718933105 -3.4e+38 57.1317749023438 -3.4e+38 -3.4e+38 -3.4e+38 -3.4e+38 -3.4e+38 -3.4e+38 -3.4e+38 -3.4e+38 -3.4e+38 -3.4e+38 -3.4e+38 -3.4e+38 -3.4e+38 -3.4e+38 -3.4e+38 -3.4e+38 -3.4e+38 -3.4e+38 -3.4e+38 -3.4e+38
55.7734222412109 55.9031639099121 56.0892868041992 56.185661315918 55.8139762878418 55.8195190429688 55.6332397460938 55.8349456787109 55.9372253417969 56.0856857299805 56.1659660339355 56.4063034057617 56.5861740112305 56.8007049560547 57.0471687316895 57.138729095459 57.1390724182129 57.2776031494141 57.4503135681152 57.4718399047852 57.2695274353027 57.2372283935547 57.1730651855469 57.0656051635742 57.6270866394043 57.4388046264648 57.2671775817871 57.2549858093262 -3.4e+38 -3.4e+38 -3.4e+38 -3.4e+38 -3.4e+38 -3.4e+38 -3.4e+38 -3.4e+38 -3.4e+38 -3.4e+38 -3.4e+38 -3.4e+38 -3.4e+38 -3.4e+38 -3.4e+38 -3.4e+38 -3.4e+38 -3.4e+38 -3.4e+38 -3.4e+38 -3.4e+38
56.0872383117676 55.9197769165039 56.3727531433105 56.3769760131836 56.321891784668 56.6879920959473 56.2910842895508 56.3947410583496 56.5010452270508 56.705810546875 56.4142303466797 56.5502777099609 56.7997741699219 57.4075126647949 56.8431282043457 57.1891632080078 56.9383697509766 57.0439147949219 57.1770172119141 -3.4e+38 57.2864074707031 57.3552780151367 57.3013458251953 57.1646270751953 57.5311584472656 57.4840049743652 57.2678260803223 57.3155212402344 57.4197807312012 57.9022102355957 57.9025230407715 -3.4e+38 -3.4e+38 -3.4e+38 -3.4e+38 -3.4e+38 -3.4e+38 -3.4e+38 -3.4e+38 -3.4e+38 -3.4e+38 -3.4e+38 -3.4e+38 -3.4e+38 -3.4e+38 -3.4e+38 -3.4e+38 -3.4e+38 -3.4e+38
56.3256072998047 56.117790222168 56.3035659790039 56.4066123962402 56.1544952392578 56.3555908203125 56.7923545837402 56.9150009155273 57.0185012817383 57.1589660644531 56.985969543457 57.0666961669922 56.9361305236816 57.4130210876465 56.822093963623 56.8543891906738 56.9946517944336 57.054012298584 57.1997604370117 -3.4e+38 57.7168426513672 57.1092681884766 57.1489067077637 57.2042770385742 57.3452644348145 57.3106384277344 57.4090194702148 57.3510093688965 57.4438743591309 57.6369285583496 57.7751884460449 58.1032218933105 -3.4e+38 -3.4e+38 -3.4e+38 -3.4e+38 -3.4e+38 -3.4e+38 -3.4e+38 -3.4e+38 -3.4e+38 -3.4e+38 -3.4e+38 -3.4e+38 -3.4e+38 -3.4e+38 -3.4e+38 -3.4e+38 -3.4e+38
56.4249382019043 56.428840637207 56.1641387939453 56.6981391906738 56.5822601318359 56.1884002685547 56.371223449707 56.6556587219238 56.8098793029785 56.9782295227051 57.3025436401367 56.8145294189453 56.7472267150879 56.8642501831055 56.9296722412109 56.9897346496582 57.1677932739258 57.5321426391602 57.3686218261719 57.7294464111328 57.9043998718262 57.6845893859863 57.0697174072266 57.1717643737793 57.2592277526855 57.2675476074219 57.4797401428223 57.4511184692383 57.5069007873535 57.5807609558105 57.6789398193359 57.8776664733887 -3.4e+38 -3.4e+38 -3.4e+38 -3.4e+38 -3.4e+38 -3.4e+38 -3.4e+38 -3.4e+38 -3.4e+38 -3.4e+38 -3.4e+38 -3.4e+38 -3.4e+38 -3.4e+38 -3.4e+38 -3.4e+38 -3.4e+38
56.3404273986816 56.4326667785645 56.2649040222168 56.6836814880371 56.7710113525391 56.5720710754395 56.6701354980469 56.9349708557129 56.6534118652344 56.6006164550781 57.4810485839844 56.7287712097168 57.509464263916 57.0813407897949 57.0305557250977 57.2287292480469 57.2848320007324 57.4700736999512 57.4451293945312 57.7514457702637 58.1665840148926 58.1585502624512 57.2503852844238 57.12451171875 57.4229583740234 57.4036979675293 57.5542869567871 57.575366973877 57.6092758178711 57.7081565856934 57.7831344604492 57.8910140991211 58.1070747375488 -3.4e+38 -3.4e+38 -3.4e+38 -3.4e+38 -3.4e+38 -3.4e+38 -3.4e+38 -3.4e+38 -3.4e+38 -3.4e+38 -3.4e+38 -3.4e+38 -3.4e+38 -3.4e+38 -3.4e+38 -3.4e+38
56.6406173706055 56.5698661804199 56.4166107177734 56.6924629211426 56.8446922302246 56.969841003418 57.1325187683105 57.3276329040527 57.1989402770996 57.1964874267578 57.0293579101562 56.8233680725098 57.221981048584 57.0292205810547 57.2273750305176 57.3982238769531 57.4515724182129 57.5156555175781 57.4008865356445 57.760440826416 58.1054496765137 57.9663276672363 57.6796264648438 57.6995506286621 57.9538078308105 57.5900611877441 57.6700401306152 57.7594223022461 58.1154594421387 57.8712730407715 57.9385757446289 58.1013984680176 58.3148612976074 58.1518058776855 -3.4e+38 -3.4e+38 57.7586708068848 -3.4e+38 -3.4e+38 -3.4e+38 -3.4e+38 -3.4e+38 -3.4e+38 -3.4e+38 -3.4e+38 -3.4e+38 -3.4e+38 -3.4e+38 -3.4e+38
56.6520156860352 56.4610595703125 56.5103797912598 56.8954658508301 57.0245361328125 57.1452255249023 57.1180267333984 57.5472564697266 57.6837730407715 57.5146522521973 56.8974113464355 57.3802795410156 57.4272651672363 57.0046768188477 57.3068313598633 -3.4e+38 57.5981292724609 57.6306419372559 57.3592758178711 57.9490585327148 57.9653434753418 57.9035110473633 57.984489440918 -3.4e+38 57.9761428833008 58.1313095092773 58.1326713562012 58.0360260009766 58.5263252258301 58.1299018859863 58.0647773742676 58.164119720459 58.6009674072266 58.3825569152832 58.124454498291 -3.4e+38 -3.4e+38 57.7339935302734 -3.4e+38 -3.4e+38 -3.4e+38 -3.4e+38 -3.4e+38 -3.4e+38 -3.4e+38 -3.4e+38 -3.4e+38 -3.4e+38 -3.4e+38
56.4081535339355 -3.4e+38 56.7325859069824 57.0217971801758 57.1534194946289 -3.4e+38 57.3616256713867 57.8081092834473 -3.4e+38 57.5812759399414 57.4842262268066 57.8698844909668 -3.4e+38 57.1419296264648 57.4243965148926 -3.4e+38 57.5590476989746 57.7477607727051 57.6966590881348 57.8470191955566 57.6800880432129 57.8504295349121 57.865550994873 57.9160270690918 58.1774444580078 58.5097770690918 58.4807167053223 58.4255256652832 58.2863540649414 58.2632179260254 58.2445602416992 57.9811172485352 58.3812599182129 58.4227485656738 58.0035209655762 -3.4e+38 58.0782661437988 -3.4e+38 57.986515045166 -3.4e+38 -3.4e+38 -3.4e+38 -3.4e+38 -3.4e+38 -3.4e+38 -3.4e+38 -3.4e+38 -3.4e+38 -3.4e+38
56.7596893310547 56.967227935791 57.1783561706543 57.1220741271973 -3.4e+38 -3.4e+38 57.8028259277344 57.6758232116699 57.4772720336914 57.1128845214844 57.7821235656738 57.712085723877 -3.4e+38 57.9393310546875 57.8856735229492 57.6356735229492 57.7269744873047 57.8747634887695 57.8283462524414 57.8265953063965 57.8583183288574 58.148250579834 58.0874481201172 58.3435134887695 58.4024505615234 58.314510345459 58.3311920166016 58.0285682678223 58.1115684509277 58.6971473693848 58.4520149230957 58.2854995727539 58.2628936767578 58.0753059387207 58.1477241516113 58.3483123779297 58.448616027832 58.1721878051758 -3.4e+38 -3.4e+38 -3.4e+38 -3.4e+38 -3.4e+38 -3.4e+38 -3.4e+38 -3.4e+38 -3.4e+38 -3.4e+38 -3.4e+38
56.8819389343262 57.1362190246582 57.071403503418 57.380687713623 -3.4e+38 -3.4e+38 57.6259155273438 57.4733047485352 57.5966873168945 57.5790481567383 57.9006958007812 58.1573371887207 58.2084350585938 57.9981460571289 57.8662452697754 57.9698181152344 58.1735725402832 58.2758674621582 58.2036972045898 58.004020690918 -3.4e+38 57.9237327575684 58.2738723754883 58.4768180847168 58.1520347595215 58.1508407592773 -3.4e+38 58.1502647399902 58.314640045166 58.5795669555664 58.250057220459 58.2638664245605 58.243049621582 58.2503623962402 58.2500762939453 58.3542671203613 -3.4e+38 -3.4e+38 -3.4e+38 -3.4e+38 -3.4e+38 -3.4e+38 -3.4e+38 -3.4e+38 -3.4e+38 -3.4e+38 -3.4e+38 -3.4e+38 -3.4e+38
57.0316772460938 57.2896194458008 57.3366432189941 57.6674461364746 -3.4e+38 57.8313026428223 57.2703857421875 57.2356185913086 57.487548828125 57.7130889892578 57.9212913513184 58.0502319335938 57.927848815918 57.7296257019043 57.9902839660645 58.0616493225098 58.1647644042969 58.3863182067871 58.1112480163574 -3.4e+38 -3.4e+38 58.2493171691895 58.4081268310547 58.4405250549316 58.1676559448242 58.6111259460449 58.2052307128906 58.6722259521484 58.9893112182617 58.4765586853027 58.4540939331055 58.5724754333496 58.7749710083008 58.4183959960938 58.476692199707 58.649486541748 -3.4e+38 -3.4e+38 -3.4e+38 -3.4e+38 -3.4e+38 58.4436378479004 58.8324584960938 -3.4e+38 -3.4e+38 -3.4e+38 -3.4e+38 -3.4e+38 -3.4e+38
57.3913116455078 57.4165573120117 56.9115791320801 57.7171211242676 57.8889122009277 57.9024620056152 57.0162315368652 57.8168869018555 57.8715324401855 57.8050689697266 58.3649215698242 57.8737335205078 57.9015312194824 58.0674591064453 58.0744667053223 58.0003662109375 58.4730339050293 58.4120635986328 58.0483551025391 58.2478408813477 58.2971115112305 58.4911079406738 58.7148361206055 58.4272422790527 58.6039390563965 58.9976501464844 58.3455696105957 58.4115219116211 58.8334617614746 58.5193405151367 58.6293716430664 58.7351341247559 58.943172454834 58.6029663085938 58.7788543701172 58.9382247924805 -3.4e+38 -3.4e+38 -3.4e+38 -3.4e+38 -3.4e+38 -3.4e+38 58.9498291015625 59.0065116882324 -3.4e+38 -3.4e+38 -3.4e+38 -3.4e+38 -3.4e+38
57.5917549133301 57.318660736084 57.2170524597168 57.1651763916016 57.9965362548828 57.7276573181152 57.2096366882324 57.845832824707 58.0335807800293 58.0335922241211 58.3009986877441 57.6806945800781 57.9059829711914 58.1596946716309 58.1599617004395 58.1235427856445 58.8773345947266 58.5121421813965 58.3371734619141 58.4562683105469 58.4364852905273 58.724609375 58.966194152832 58.4053153991699 58.8633728027344 58.8498878479004 58.4533882141113 58.4610252380371 58.3169326782227 58.6292419433594 58.8518867492676 58.8214836120605 58.925895690918 58.7298583984375 58.8928833007812 59.0863647460938 -3.4e+38 -3.4e+38 -3.4e+38 -3.4e+38 -3.4e+38 -3.4e+38 58.632381439209 58.9408836364746 -3.4e+38 -3.4e+38 -3.4e+38 -3.4e+38 -3.4e+38
57.9020462036133 56.987865447998 57.5654525756836 56.991626739502 57.8669357299805 57.866870880127 57.5020713806152 57.859546661377 58.3217468261719 58.0519142150879 58.5528984069824 58.0457038879395 57.9294166564941 58.3307723999023 58.6950950622559 58.4716377258301 59.1810417175293 58.6490936279297 58.8385276794434 58.6403350830078 58.7538566589355 58.9772491455078 58.8517990112305 58.8575553894043 59.065845489502 58.8058815002441 58.8842849731445 58.6512451171875 58.7813415527344 58.9091835021973 59.0677375793457 59.0317497253418 58.9860992431641 58.8297882080078 58.9074630737305 59.0488128662109 59.0576057434082 -3.4e+38 -3.4e+38 -3.4e+38 -3.4e+38 -3.4e+38 -3.4e+38 58.6695518493652 58.5606346130371 -3.4e+38 -3.4e+38 -3.4e+38 -3.4e+38
57.8001670837402 57.0928649902344 57.6116218566895 57.3113594055176 57.9279441833496 58.0501365661621 57.6788597106934 58.0249938964844 58.3280372619629 57.9874649047852 58.6241989135742 58.3839492797852 57.9801712036133 58.2192573547363 58.7160301208496 58.7838020324707 59.0379295349121 58.7484283447266 58.9416694641113 58.6079330444336 59.0000648498535 59.0743446350098 59.1101989746094 59.2298774719238 58.9449615478516 58.5266609191895 59.315731048584 58.8692626953125 59.0203742980957 58.8797073364258 59.1498260498047 59.0549583435059 59.0623779296875 58.8819274902344 58.9422798156738 58.955883026123 59.074089050293 58.8591270446777 58.8564567565918 58.7766723632812 -3.4e+38 -3.4e+38 -3.4e+38 -3.4e+38 58.5866851806641 -3.4e+38 -3.4e+38 -3.4e+38 -3.4e+38
57.9577407836914 57.2735710144043 57.7838325500488 57.6278991699219 57.8413162231445 57.932014465332 57.9195175170898 58.1145133972168 58.3545036315918 58.0879859924316 58.3216438293457 58.5332832336426 57.9289054870605 58.0585327148438 58.7276878356934 58.8671264648438 58.9466934204102 58.8097114562988 59.4051208496094 59.1675071716309 58.6082992553711 59.1142196655273 59.1697769165039 59.1575355529785 58.9838256835938 59.0072746276855 59.1971244812012 58.8056526184082 58.8622398376465 58.8267631530762 59.073184967041 59.045093536377 59.148250579834 58.9035491943359 58.9168930053711 59.0078010559082 59.2374877929688 58.8288345336914 59.0072898864746 58.9270477294922 59.1261367797852 -3.4e+38 -3.4e+38 -3.4e+38 58.6735458374023 58.7250823974609 -3.4e+38 -3.4e+38 -3.4e+38
58.1097793579102 57.3491287231445 58.0633964538574 58.0893859863281 58.1860771179199 57.9449424743652 58.097827911377 57.950439453125 58.5383110046387 58.3318939208984 58.1853218078613 58.4535675048828 58.352466583252 58.1567611694336 58.5824241638184 58.7100677490234 58.5096969604492 58.5673370361328 59.3832054138184 59.455493927002 58.9558525085449 59.2355117797852 59.0209999084473 59.1161766052246 59.1320915222168 59.494815826416 59.3295211791992 58.9552993774414 59.1810035705566 59.0610618591309 58.8552551269531 59.1016578674316 59.182689666748 58.9694938659668 58.8664817810059 59.2960205078125 59.2274475097656 59.1833801269531 59.0353126525879 58.9924850463867 59.19287109375 59.2516174316406 -3.4e+38 -3.4e+38 -3.4e+38 58.7773857116699 -3.4e+38 -3.4e+38 -3.4e+38
58.1226119995117 58.0048942565918 57.8500823974609 58.4426612854004 58.6087532043457 57.8311576843262 57.9627647399902 58.1476249694824 58.3829154968262 58.304630279541 58.4094581604004 58.5483283996582 58.7093353271484 58.2529067993164 59.0200309753418 59.1499061584473 58.990550994873 58.5865669250488 58.9402236938477 59.0631828308105 58.9585037231445 59.148380279541 58.9366722106934 59.406551361084 59.2478065490723 59.4034576416016 59.5057106018066 59.5285148620605 59.5581398010254 59.5599822998047 58.9651565551758 59.1227760314941 59.5586318969727 58.9183769226074 58.9897727966309 59.3400955200195 59.5544853210449 59.3607711791992 59.2064666748047 59.0766639709473 59.0413017272949 59.1202850341797 -3.4e+38 -3.4e+38 -3.4e+38 58.9487457275391 59.5083084106445 -3.4e+38 -3.4e+38
