rcp8.5models/MPI_ESM_LR/sc1gr21.31
NCOLS 261 
NROWS 433 
XLLCORNER 336357.134 
YLLCORNER 654653.479 
CELLSIZE 1000 
NODATA_value -9999 
[rows 352 to 373 of 433, columns 200 to 249 of 261]
5.85240793228149 5.81177949905396 5.81177949905396 5.81177997589111 5.80660963058472 5.76169681549072 5.73815059661865 5.73815059661865 5.73821783065796 5.75845813751221 5.91425371170044 6.3433403968811 6.17279767990112 5.25593566894531 5.02392768859863 4.955735206604 4.94640350341797 4.94620752334595 4.96219921112061 5.20209503173828 5.3214373588562 5.3214373588562 5.32143688201904 5.32143688201904 5.32143688201904 5.32143688201904 5.32143688201904 5.32143688201904 5.32143688201904 5.32279634475708 5.37992668151855 6.39124011993408 5.6517915725708 4.98308897018433 4.56704425811768 3.47630214691162 2.45384311676025 2.11412024497986 0.797469258308411 -9999 -9999 -9999 -9999 3.48876905441284 4.83530282974243 5.05362272262573 5.70252847671509 6.05718612670898 6.07058715820312 -9999
5.81177949905396 5.81177949905396 5.81177949905396 5.81177997589111 5.80664443969727 5.76171684265137 5.73815011978149 5.73815059661865 5.73815059661865 5.73849248886108 5.74328279495239 5.75521469116211 5.72026681900024 5.58118438720703 5.36427402496338 5.10743951797485 4.95542478561401 4.94620800018311 4.96195220947266 5.20196628570557 5.3214373588562 5.3214373588562 5.3214373588562 5.3214373588562 5.3214373588562 5.3214373588562 5.3214373588562 5.32143688201904 5.3214373588562 5.32282066345215 5.38293075561523 6.34982919692993 5.28585577011108 3.68162536621094 2.09676456451416 1.03749513626099 -9999 -9999 -9999 -9999 -9999 -9999 -9999 1.9103057384491 3.76558971405029 4.8134765625 5.40397119522095 5.90763425827026 6.01482105255127 -9999
5.77040529251099 5.77036285400391 5.77031946182251 5.77027463912964 5.76411294937134 5.71015214920044 5.68173027038574 5.68166446685791 5.68159675598145 5.68145704269409 5.68137788772583 5.68114280700684 5.67934894561768 5.6637225151062 5.57234048843384 5.30583333969116 5.0015869140625 4.89778995513916 4.91285228729248 5.1516284942627 5.26488590240479 5.26087093353271 5.26077699661255 5.26068067550659 5.26058340072632 5.26048421859741 5.26038312911987 5.26028156280518 5.26017808914185 5.26110982894897 5.3054404258728 4.95975828170776 2.71311044692993 1.73487913608551 1.62072575092316 -9999 -9999 -9999 -9999 -9999 -9999 -9999 -9999 -9999 1.05250000953674 1.4170686006546 1.87216627597809 3.53188014030457 4.78330135345459 -9999
5.2328085899353 5.23227739334106 5.23173332214355 5.23117589950562 5.20942974090576 5.02023935317993 4.91647624969482 4.91561317443848 4.9147310256958 4.9129114151001 4.91197443008423 4.91101837158203 4.91002416610718 4.9078369140625 4.88778829574585 4.77431869506836 4.51218223571777 4.28267478942871 4.25544738769531 4.44693374633789 4.4890923500061 4.40700340270996 4.39555692672729 4.40095472335815 4.41134977340698 4.41438961029053 4.41183614730835 4.41086530685425 4.40273571014404 4.38508367538452 4.2592077255249 2.49656271934509 2.05463719367981 1.12603712081909 -9999 -9999 -9999 -9999 -9999 -9999 -9999 -9999 -9999 -9999 -9999 0.100703299045563 0.519717216491699 2.61810660362244 -9999 -9999
4.9690055847168 4.9690055847168 4.9690055847168 4.9690055847168 4.94066762924194 4.68657350540161 4.54727602005005 4.54727649688721 4.54727649688721 4.54727602005005 4.54727649688721 4.54727649688721 4.54727649688721 4.54726839065552 4.54639053344727 4.5303897857666 4.43556928634644 4.22997379302979 4.14880561828613 4.63619232177734 4.91614103317261 4.30477046966553 4.13013219833374 4.25269222259521 4.47674465179443 4.57222414016724 4.56326293945312 4.5866231918335 4.45233535766602 4.13114452362061 3.78570890426636 0.746705591678619 -9999 -9999 -9999 -9999 -9999 -9999 -9999 -9999 -9999 -9999 -9999 -9999 -9999 -9999 -9999 -9999 -9999 -9999
4.96900510787964 4.9690055847168 4.9690055847168 4.9690055847168 4.94086503982544 4.68669128417969 4.54727602005005 4.54727602005005 4.54727602005005 4.54727602005005 4.54727602005005 4.54727602005005 4.54733419418335 4.54913997650146 4.57032251358032 4.68455028533936 4.96623849868774 5.23078012466431 5.32446432113647 5.64372110366821 5.86464643478394 5.57394075393677 5.48714780807495 5.55594301223755 5.68153047561646 5.72902774810791 5.72728872299194 5.72891759872437 5.5296106338501 4.79326629638672 3.87427234649658 0.17453907430172 -9999 -9999 -9999 -9999 -9999 -9999 -9999 -9999 -9999 -9999 -9999 -9999 -9999 -9999 -9999 -9999 -9999 -9999
4.96900510787964 4.9690055847168 4.9690055847168 4.9690055847168 4.94106245040894 4.68680858612061 4.54727602005005 4.54727602005005 4.54727649688721 4.54730653762817 4.54793453216553 4.55242013931274 4.56735420227051 4.60602426528931 4.75059986114502 5.14468479156494 5.64293813705444 5.91091299057007 5.97787857055664 6.08782005310059 6.16064786911011 6.14984083175659 6.1454496383667 6.1511058807373 6.16225481033325 6.16384029388428 6.16432619094849 6.1592059135437 6.07157135009766 5.57017421722412 4.34191083908081 -9999 -9999 -9999 -9999 -9999 -9999 -9999 -9999 -9999 -9999 -9999 -9999 -9999 -9999 -9999 -9999 -9999 -9999 -9999
4.9690055847168 4.9690055847168 4.9690055847168 4.9690055847168 4.94125938415527 4.68692636489868 4.54727602005005 4.54731321334839 4.54801797866821 4.56732702255249 4.5977840423584 4.6767053604126 4.87723779678345 5.18143892288208 5.49681806564331 5.79107999801636 5.98187828063965 6.04004240036011 6.04681777954102 6.12817144393921 6.17153739929199 6.1714391708374 6.17137813568115 6.17146062850952 6.17163467407227 6.17163419723511 6.17163276672363 6.17134428024292 6.1585636138916 5.96366167068481 4.7564377784729 0.101572431623936 -9999 -9999 -9999 -9999 -9999 -9999 -9999 -9999 -9999 -9999 -9999 -9999 -9999 -9999 -9999 -9999 -9999 -9999
4.9690055847168 4.9690055847168 4.9690055847168 4.9690055847168 4.94149017333984 4.68773174285889 4.55257511138916 4.56819915771484 4.60088586807251 4.87042570114136 5.16642808914185 5.45852422714233 5.67603921890259 5.83488321304321 5.96556568145752 6.03270244598389 6.04190492630005 6.04358768463135 6.04827690124512 6.1289644241333 6.17163467407227 6.17163467407227 6.17163467407227 6.17163467407227 6.17163467407227 6.17163467407227 6.17163467407227 6.17163228988647 6.16957092285156 6.06303977966309 5.03270292282104 0.245585903525352 -9999 -9999 -9999 -9999 -9999 -9999 -9999 -9999 -9999 -9999 -9999 -9999 -9999 -9999 -9999 -9999 -9999 -9999
4.9690055847168 4.96906185150146 4.97011518478394 4.97720384597778 4.97068691253662 4.74707651138306 4.67603015899658 4.8698616027832 5.17222261428833 5.66760110855103 5.82723712921143 5.96258640289307 6.02713823318481 6.03686904907227 6.04140424728394 6.04348134994507 6.04358720779419 6.04358768463135 6.04819488525391 6.12891912460327 6.17163419723511 6.17163419723511 6.17163419723511 6.17163419723511 6.17163419723511 6.17163419723511 6.17160081863403 6.17012739181519 6.15708780288696 6.03561735153198 5.05016183853149 0.870287001132965 0.240766420960426 -9999 -9999 -9999 -9999 -9999 -9999 -9999 -9999 -9999 -9999 -9999 -9999 -9999 -9999 -9999 -9999 -9999
5.10193395614624 5.32257699966431 5.66914844512939 5.97568416595459 6.1858491897583 6.03078556060791 5.95051431655884 6.01976346969604 6.03551483154297 6.04340982437134 6.04358768463135 6.04358768463135 6.04358768463135 6.04358768463135 6.04358768463135 6.04358768463135 6.04358768463135 6.04358816146851 6.04803228378296 6.12882947921753 6.17163467407227 6.17163419723511 6.17151498794556 6.16601133346558 6.08525133132935 5.69241714477539 5.37213468551636 5.44195890426636 4.58517789840698 3.31049728393555 2.72527027130127 2.08806872367859 1.41307818889618 0.655228137969971 0.374207228422165 0.331670045852661 0.600947558879852 -9999 -9999 -9999 -9999 -9999 -9999 -9999 -9999 -9999 -9999 -9999 -9999 -9999
5.8995795249939 6.16301584243774 6.37283420562744 6.51545476913452 6.54814052581787 6.22198820114136 6.04040718078613 6.04320764541626 6.04358768463135 6.04358720779419 6.04358720779419 6.04358768463135 6.04358768463135 6.04358768463135 6.04358720779419 6.04358720779419 6.04358720779419 6.04358768463135 6.04795026779175 6.1287841796875 6.17000818252563 6.15766763687134 6.12381458282471 6.02316808700562 5.41111087799072 4.05338382720947 3.18192195892334 3.19793772697449 2.85254907608032 2.36410045623779 2.28292989730835 2.2626953125 2.01367878913879 1.10620415210724 0.424943178892136 0.375105142593384 0.622281074523926 0.546613276004791 -9999 -9999 -9999 -9999 -9999 -9999 -9999 -9999 -9999 -9999 -9999 -9999
6.48337316513062 6.57050228118896 6.59441328048706 6.60102796554565 6.56857204437256 6.23012351989746 6.04358768463135 6.04358768463135 6.04358768463135 6.04358720779419 6.04358720779419 6.04358768463135 6.04358768463135 6.04358768463135 6.04358720779419 6.04358720779419 6.04358720779419 6.04358768463135 6.04786825180054 6.12873888015747 6.13631534576416 5.87768793106079 5.26905822753906 4.70532608032227 3.80850124359131 2.64529919624329 2.29867219924927 2.29012489318848 2.28545022010803 2.28000807762146 2.27926874160767 2.27861905097961 2.21251606941223 1.90759789943695 1.65992105007172 1.550652384758 1.24048590660095 0.57435017824173 0.133808240294456 -9999 -9999 -9999 -9999 -9999 -9999 -9999 -9999 -9999 -9999 -9999
6.59941101074219 6.60337066650391 6.60408926010132 6.60408926010132 6.56903791427612 6.23027801513672 6.04358720779419 6.04358768463135 6.04358768463135 6.04358768463135 6.04358768463135 6.04358768463135 6.04358720779419 6.04358720779419 6.04358720779419 6.04358720779419 6.04358720779419 6.04358720779419 6.04778671264648 6.12855625152588 5.97595167160034 4.88838052749634 3.4154839515686 2.88482141494751 2.581458568573 2.28607630729675 2.27937436103821 2.27926850318909 2.27926850318909 2.27926850318909 2.27926874160767 2.27920007705688 2.24443888664246 2.21804976463318 2.21424245834351 2.17336487770081 1.96124291419983 1.0903148651123 0.329717367887497 0.822317123413086 1.33787834644318 -9999 -9999 -9999 -9999 -9999 -9999 -9999 -9999 -9999
6.60408926010132 6.60408973693848 6.60408973693848 6.60408926010132 6.56929683685303 6.23043251037598 6.04358720779419 6.04358768463135 6.04358768463135 6.04358768463135 6.04358768463135 6.04358768463135 6.04358720779419 6.04358720779419 6.04358720779419 6.04358720779419 6.04357385635376 6.04301023483276 6.03915739059448 6.07754993438721 5.40613746643066 3.80221343040466 2.42907977104187 2.28933358192444 2.28396415710449 2.27929091453552 2.27926850318909 2.27926874160767 2.27926874160767 2.27926850318909 2.27926874160767 2.27924466133118 2.24540209770203 2.22737789154053 2.22727298736572 2.22727298736572 2.18999910354614 1.69708704948425 0.813311338424683 0.853461563587189 1.33797240257263 -9999 -9999 -9999 -9999 -9999 -9999 -9999 -9999 -9999
6.60408926010132 6.60409021377563 6.60409021377563 6.60408973693848 6.56955671310425 6.23058748245239 6.04358768463135 6.04358768463135 6.04358816146851 6.04358768463135 6.04358768463135 6.04358768463135 6.04358768463135 6.04358768463135 6.04358768463135 6.04344129562378 6.03954410552979 6.00476169586182 5.82416772842407 5.22783851623535 3.36636090278625 2.67865824699402 2.28179502487183 2.27926874160767 2.27926874160767 2.27926874160767 2.27926850318909 2.27926874160767 2.27926874160767 2.27926850318909 2.27926874160767 2.27926850318909 2.24544477462769 2.22740125656128 2.2272732257843 2.2272732257843 2.22025442123413 2.11779403686523 1.82104635238647 1.50277316570282 1.38128757476807 1.51638507843018 -9999 -9999 -9999 -9999 -9999 -9999 -9999 -9999
6.62109470367432 6.62111234664917 6.62112998962402 6.62114763259888 6.58622741699219 6.24057245254517 6.04957342147827 6.04958057403564 6.04958772659302 6.04960203170776 6.04960966110229 6.04961681365967 6.04962491989136 6.04963302612305 6.04945039749146 6.04290866851807 5.9609580039978 5.50454711914062 4.40762758255005 3.284104347229 2.35575103759766 2.28372550010681 2.27605891227722 2.27605414390564 2.2760488986969 2.27604365348816 2.27603840827942 2.27603316307068 2.27602767944336 2.27602243423462 2.27601671218872 2.2760055065155 2.24431538581848 2.22729086875916 2.22714853286743 2.22714829444885 2.22714829444885 2.22662568092346 2.21147227287292 2.09215235710144 1.98281979560852 -9999 -9999 -9999 -9999 -9999 -9999 -9999 -9999 -9999
6.78715467453003 6.78731346130371 6.78747606277466 6.78764247894287 6.74680852890015 6.33774662017822 6.108971118927 6.10903644561768 6.10910224914551 6.10923910140991 6.10930919647217 6.1093807220459 6.1094536781311 6.10952854156494 6.10653448104858 6.03075838088989 5.50026035308838 4.1893458366394 2.87255263328552 2.34402203559875 2.24423813819885 2.24294590950012 2.24289679527283 2.24284791946411 2.2427978515625 2.24274706840515 2.24269556999207 2.24264335632324 2.24259066581726 2.24253702163696 2.24248266220093 2.24237108230591 2.23163890838623 2.22581887245178 2.22576093673706 2.22575855255127 2.2257559299469 2.22575330734253 2.22575092315674 2.22574853897095 2.22526454925537 -9999 -9999 -9999 -9999 -9999 -9999 -9999 -9999 -9999
6.86730289459229 6.86730289459229 6.86730289459229 6.86730289459229 6.82361602783203 6.38410997390747 6.13715124130249 6.13715124130249 6.13715124130249 6.13715124130249 6.13715124130249 6.13715124130249 6.13715124130249 6.13715124130249 6.12908983230591 5.93944263458252 4.8119478225708 3.09014439582825 2.32404947280884 2.24326348304749 2.22820544242859 2.22820520401001 2.22820544242859 2.22820544242859 2.22820544242859 2.22820544242859 2.22820520401001 2.22820520401001 2.22820544242859 2.22820544242859 2.22820544242859 2.22820520401001 2.2263035774231 2.22519636154175 2.22518420219421 2.22518420219421 2.22518420219421 2.22518420219421 2.22518420219421 2.22518420219421 -9999 -9999 -9999 -9999 -9999 -9999 -9999 -9999 -9999 -9999
6.86730289459229 6.86730289459229 6.86730289459229 6.86730289459229 6.82394933700562 6.38431215286255 6.13715124130249 6.13715124130249 6.13715076446533 6.13715124130249 6.13715124130249 6.13715076446533 6.13715076446533 6.13715124130249 6.1280312538147 5.91243839263916 4.64948272705078 2.88025045394897 2.26655101776123 2.2415292263031 2.22820520401001 2.22820520401001 2.22820520401001 2.22820520401001 2.22820520401001 2.22820520401001 2.22820520401001 2.22820520401001 2.22820520401001 2.22820520401001 2.22820520401001 2.22820520401001 2.22630596160889 2.22519755363464 2.22518396377563 2.22518396377563 2.22518396377563 2.22518396377563 2.22518396377563 -9999 -9999 -9999 -9999 -9999 -9999 -9999 -9999 -9999 -9999 -9999
6.86730289459229 6.86730289459229 6.86730289459229 6.86730289459229 6.82428216934204 6.38451433181763 6.13715124130249 6.13715124130249 6.13715124130249 6.13715076446533 6.13715124130249 6.13715124130249 6.13715124130249 6.13715124130249 6.12955188751221 5.94565916061401 4.82403087615967 3.05777454376221 2.27216482162476 2.24154281616211 2.22820520401001 2.22820520401001 2.22820544242859 2.22820544242859 2.22820544242859 2.22820520401001 2.22820520401001 2.22820520401001 2.22820544242859 2.22820544242859 2.22820520401001 2.22820520401001 2.2263081073761 2.22519874572754 2.22518420219421 2.22518396377563 2.22518396377563 2.22518396377563 -9999 -9999 -9999 -9999 -9999 -9999 -9999 -9999 -9999 -9999 -9999 -9999
6.86730289459229 6.86730337142944 6.8673038482666 6.8673038482666 6.82461500167847 6.38471651077271 6.13715124130249 6.13715171813965 6.13715124130249 6.13715124130249 6.13715124130249 6.13715124130249 6.13715171813965 6.13715171813965 6.13426542282104 6.05682325363159 5.45108270645142 3.75658488273621 2.3601086139679 2.24155688285828 2.22820520401001 2.22820520401001 2.22820544242859 2.22820544242859 2.22820544242859 2.22820544242859 2.22820520401001 2.22820544242859 2.22820544242859 2.22820544242859 2.22820520401001 -9999 2.22631049156189 -9999 2.22518420219421 2.22518420219421 2.22518396377563 -9999 -9999 -9999 -9999 -9999 -9999 -9999 -9999 -9999 -9999 -9999 -9999 -9999
