rcp8.5models/MPI_ESM_LR/sc1gr7.22
NCOLS 261 
NROWS 433 
XLLCORNER 336357.134 
YLLCORNER 654653.479 
CELLSIZE 1000 
NODATA_value -3.4e+38 
[rows 88 to 109 of 433, columns 98 to 146 of 261]
102.206588745117 101.961082458496 101.60774230957 101.059883117676 100.624649047852 100.225021362305 99.8132553100586 99.3421936035156 98.9247207641602 98.7435684204102 98.5012893676758 98.0901260375977 97.9227981567383 97.7192153930664 96.7698059082031 96.3301162719727 95.7866363525391 95.454460144043 95.0252380371094 94.4774398803711 93.9747009277344 93.6024551391602 92.870735168457 92.6968383789062 92.3701553344727 91.8341217041016 91.1737747192383 91.0080947875977 90.7216796875 90.1599578857422 89.9030151367188 89.5590362548828 89.0908813476562 88.49658203125 88.3277893066406 87.9888229370117 87.3508682250977 86.5808792114258 86.2531890869141 85.7153549194336 85.4131546020508 85.2640838623047 84.8387222290039 84.4321441650391 84.2445449829102 83.9408721923828 83.7018203735352 83.1691970825195 82.7664413452148
101.900825500488 101.625091552734 101.271125793457 100.680397033691 100.41089630127 100.188537597656 99.6179275512695 99.0349426269531 98.7589797973633 98.4253540039062 98.2753143310547 98.0190200805664 97.7191619873047 97.4556198120117 96.7118148803711 96.2335205078125 95.5999069213867 95.2275695800781 94.9258499145508 94.2129287719727 93.8710861206055 93.3953247070312 92.5789947509766 92.4045257568359 92.0055847167969 91.7228775024414 91.0195236206055 90.7617645263672 90.3919906616211 89.9856872558594 89.6944198608398 89.226318359375 88.9661026000977 88.2484817504883 88.0512390136719 87.7844085693359 87.0669479370117 86.3939819335938 85.9548950195312 85.5948944091797 85.3213043212891 85.0105667114258 84.4062271118164 84.2137756347656 83.9441146850586 83.7309417724609 83.4419097900391 82.9775161743164 82.5652770996094
101.609954833984 101.150573730469 100.905502319336 100.435455322266 100.266868591309 99.6666488647461 99.1355361938477 98.7528610229492 98.5162200927734 98.318359375 97.8199157714844 97.6319732666016 97.4625854492188 96.9816284179688 96.4748687744141 96.0710296630859 95.41064453125 94.9926300048828 94.7173385620117 94.0375137329102 93.59765625 93.1414566040039 92.4968795776367 92.0488586425781 91.6056442260742 91.2114028930664 90.790168762207 90.5159759521484 90.0493850708008 89.6035614013672 89.2759552001953 88.8112106323242 88.5280227661133 88.0353546142578 87.6599884033203 87.4637451171875 86.7833862304688 86.0961074829102 85.7440719604492 85.3911743164062 85.1337280273438 84.7210464477539 84.2681579589844 84.0502395629883 83.79931640625 83.4073791503906 83.1156463623047 82.8250274658203 82.4053726196289
100.860298156738 100.691307067871 100.59349822998 99.8308944702148 99.7473068237305 99.429069519043 99.0397491455078 98.6124801635742 98.1386795043945 97.7353897094727 97.4086456298828 97.0517272949219 96.9062194824219 96.6503829956055 95.9100112915039 95.4782257080078 95.0446243286133 94.4246978759766 94.2181854248047 93.6522979736328 92.9907836914062 92.4588241577148 91.8588333129883 91.7298278808594 91.1749649047852 90.6795654296875 90.040283203125 89.8415832519531 89.2739410400391 89.0536880493164 88.7489776611328 88.3332443237305 87.6378707885742 87.3978805541992 86.9820556640625 86.6340942382812 86.3275680541992 85.4615707397461 85.3313751220703 85.078483581543 84.6618499755859 84.2974243164062 -3.4e+38 83.5318603515625 83.1289825439453 82.9322280883789 82.7635192871094 82.6520843505859 81.9414749145508
100.758613586426 100.516250610352 100.179237365723 99.3824615478516 99.2625579833984 99.040397644043 98.5292587280273 97.9665451049805 97.6887588500977 97.3830947875977 97.119255065918 96.7233200073242 96.5796356201172 96.1905517578125 95.3432159423828 95.0869064331055 94.8847885131836 94.2533645629883 94.1905517578125 93.4506454467773 92.7928924560547 92.2746887207031 91.6243667602539 91.3860244750977 90.842041015625 90.4459609985352 89.9424209594727 89.5028610229492 88.9730987548828 88.8109359741211 88.2927551269531 87.816780090332 87.4155654907227 87.0674514770508 86.6027526855469 86.3647079467773 86.1251983642578 85.3699722290039 85.1740341186523 84.8202896118164 84.3793563842773 84.0743026733398 83.8288345336914 83.2808685302734 82.7645111083984 82.6093139648438 82.4762344360352 -3.4e+38 81.6611633300781
100.58585357666 100.216201782227 99.8772735595703 99.2372970581055 99.1022567749023 98.8558654785156 98.5275039672852 97.7126617431641 97.4595108032227 97.2141876220703 96.9769058227539 96.3834838867188 96.2301177978516 96.0164260864258 95.0927276611328 94.7657623291016 94.572624206543 93.9832534790039 93.5958404541016 93.0500640869141 92.5680236816406 91.9867553710938 91.4751892089844 91.0386810302734 90.4765548706055 90.3365783691406 89.7830200195312 89.1965560913086 88.844482421875 88.618537902832 87.9040069580078 87.4944229125977 87.120719909668 86.779411315918 86.430908203125 86.1293716430664 86.0176315307617 -3.4e+38 84.865348815918 84.4316177368164 84.1223983764648 83.8810958862305 -3.4e+38 83.0787200927734 82.7528762817383 82.3666000366211 82.1921539306641 82.0913543701172 81.3860092163086
100.128974914551 99.9489593505859 99.6762084960938 98.7146911621094 98.6806564331055 98.6072998046875 98.1664123535156 97.5890350341797 97.3507080078125 97.0532379150391 96.6827850341797 96.312255859375 96.0479278564453 95.8055725097656 94.8394622802734 94.452766418457 94.2246627807617 93.7175827026367 93.2772674560547 92.7871322631836 92.4026184082031 91.6012878417969 91.163703918457 90.6775817871094 90.2133636474609 90.1483459472656 89.5368347167969 88.9875869750977 88.5253982543945 88.2892684936523 87.7794570922852 87.4715957641602 86.9201431274414 86.4473495483398 86.1807022094727 85.9592514038086 85.6600952148438 84.9316024780273 84.6359252929688 84.2159881591797 83.8576354980469 83.609733581543 83.1898040771484 82.8456420898438 82.6384201049805 82.2891159057617 81.9221954345703 81.7849349975586 81.1357192993164
99.9135589599609 99.7346801757812 99.2260284423828 98.4843521118164 98.3336944580078 98.0431213378906 97.7466125488281 97.4188995361328 97.1351318359375 96.6884231567383 96.3883819580078 95.9989013671875 95.545280456543 95.637825012207 94.5702362060547 94.2978363037109 93.8601303100586 93.2715682983398 92.9375305175781 92.6049575805664 92.1730041503906 91.5047073364258 90.9182739257812 90.3617324829102 90.0916290283203 89.9746246337891 89.2130813598633 88.8005752563477 88.2972106933594 88.00048828125 -3.4e+38 87.2097091674805 86.577880859375 86.2233963012695 85.9037857055664 85.6231994628906 85.3091735839844 84.5647277832031 84.2527389526367 -3.4e+38 83.5919342041016 -3.4e+38 82.8611907958984 82.6378936767578 82.5774078369141 82.2355346679688 81.7316970825195 81.5072784423828 80.7981185913086
99.7519912719727 99.6088714599609 98.9728546142578 98.1088485717773 97.9592742919922 97.8264999389648 97.5893630981445 97.1901931762695 96.8581390380859 96.277587890625 96.0367050170898 95.5267944335938 95.0171737670898 95.0359191894531 94.2912139892578 93.9002914428711 93.5825271606445 92.9485092163086 92.6606597900391 92.4940567016602 91.9836883544922 91.4432373046875 90.8319854736328 90.1073303222656 89.9602966308594 89.7480773925781 88.8927001953125 88.592887878418 88.3183135986328 87.7416687011719 87.3705062866211 86.9425582885742 86.288444519043 86.0700073242188 85.6498947143555 85.1963653564453 84.9331741333008 84.2978210449219 83.9015579223633 -3.4e+38 83.3753890991211 82.7862777709961 82.6097869873047 82.5017700195312 82.3152847290039 81.8247756958008 81.4689025878906 81.1468276977539 80.4197616577148
99.4732437133789 99.3200073242188 98.9455642700195 97.9929351806641 97.8333740234375 97.5468368530273 97.3288192749023 96.8604507446289 96.5200119018555 96.1025238037109 95.796630859375 95.2710571289062 94.8256683349609 94.5805130004883 93.9603042602539 93.627799987793 93.3292541503906 92.7369918823242 92.3442535400391 92.1584930419922 91.6159896850586 90.9849090576172 90.5268402099609 89.879768371582 89.7604370117188 89.5214157104492 88.6455078125 88.2099304199219 88.1087341308594 87.5112152099609 87.1317977905273 86.813232421875 86.1830749511719 85.9395065307617 85.3818588256836 84.9813461303711 84.6127395629883 83.894416809082 83.7348480224609 83.4766082763672 83.0324249267578 82.7048110961914 82.5197982788086 82.2605819702148 81.8494262695312 81.4430541992188 81.1765213012695 80.8604202270508 80.3277587890625
99.3044357299805 99.0728149414062 98.8480834960938 97.8226699829102 97.5958251953125 97.2449340820312 96.9002838134766 96.5497589111328 96.3042526245117 96.02490234375 95.5658645629883 95.0825042724609 94.7503662109375 94.4040298461914 93.6606750488281 93.4142837524414 -3.4e+38 92.577262878418 91.9760665893555 91.5566024780273 91.1814270019531 90.5811538696289 90.1485748291016 89.7202758789062 89.4954147338867 89.2880554199219 88.4500198364258 88.085563659668 87.6772003173828 87.2817764282227 86.9604568481445 86.526481628418 86.0722045898438 85.8403244018555 85.2484588623047 84.8062896728516 84.3700942993164 83.6652450561523 83.4272918701172 83.1913757324219 82.8499298095703 82.6277618408203 82.3346405029297 81.8343353271484 81.5932540893555 81.2418899536133 80.8797225952148 80.6274337768555 80.2253646850586
99.1986846923828 98.8579254150391 98.7081985473633 97.6539154052734 97.1369934082031 96.8380355834961 96.7549438476562 96.4165344238281 96.0634231567383 95.5442810058594 95.1628112792969 94.7538299560547 94.4783401489258 94.110481262207 93.307243347168 93.0309066772461 92.6358489990234 92.3747024536133 91.8111953735352 91.1642913818359 90.9197616577148 90.5195541381836 89.8494110107422 89.5410919189453 89.2990036010742 89.0177841186523 88.1739120483398 87.6728210449219 87.2928085327148 86.9976654052734 86.739631652832 86.1265716552734 85.7339248657227 85.5437316894531 85.080436706543 84.5920181274414 84.0816879272461 83.6111373901367 83.1583709716797 82.9302062988281 82.598388671875 82.2512969970703 -3.4e+38 81.5154800415039 81.321647644043 81.0853576660156 80.6818161010742 80.4535903930664 79.9775085449219
99.1622314453125 98.696533203125 98.1330947875977 97.4267196655273 96.7597885131836 96.5669250488281 96.5273361206055 96.3610458374023 95.5531311035156 95.0819091796875 95.0261383056641 94.5035171508789 94.1502151489258 93.9609146118164 92.8851623535156 92.5468063354492 92.2922439575195 92.043701171875 91.6001968383789 91.1182174682617 90.7771530151367 90.1745376586914 89.6496200561523 89.3328857421875 89.0616836547852 88.7180557250977 87.9706573486328 87.3586654663086 87.0475692749023 86.7246017456055 86.3407669067383 85.909782409668 85.5416870117188 85.1464080810547 84.8962097167969 84.4192657470703 83.9965744018555 83.3151016235352 82.9801177978516 82.6791915893555 82.3264389038086 81.9324035644531 81.5154647827148 81.2572326660156 81.0784454345703 80.7714233398438 80.3966827392578 80.1469497680664 79.5251693725586
98.9658203125 98.499267578125 97.9587783813477 97.2446899414062 96.8273391723633 96.4173126220703 96.3493270874023 95.9767150878906 95.5341491699219 94.9418487548828 94.8857650756836 94.3825607299805 94.0185317993164 93.615478515625 92.5923461914062 92.2845840454102 92.0222930908203 91.8299179077148 91.1765060424805 90.8355255126953 90.4784164428711 89.7877578735352 89.4571304321289 89.1200485229492 88.7741775512695 88.3966598510742 87.4764862060547 87.2172164916992 86.7820739746094 86.3125991821289 85.9782638549805 85.754280090332 85.2488708496094 84.7954788208008 84.5490875244141 84.117790222168 83.7878494262695 82.9207229614258 82.7414627075195 82.3549346923828 82.0957717895508 81.7662963867188 81.4196166992188 81.0851516723633 80.6957550048828 80.3983917236328 80.143310546875 79.8337249755859 79.2176971435547
98.7038269042969 98.4233016967773 97.7493591308594 97.098274230957 96.7107925415039 96.248405456543 96.1933975219727 95.6252899169922 95.2526626586914 94.7522430419922 94.4075546264648 94.1444778442383 93.8481369018555 93.2216491699219 92.4459228515625 92.2553787231445 91.9417724609375 91.4015502929688 90.9845352172852 90.6989440917969 90.302734375 89.6623687744141 89.0680923461914 88.5555267333984 88.3240280151367 88.1427612304688 87.1977310180664 86.9209899902344 86.5949554443359 86.0284957885742 85.6727981567383 85.3029174804688 84.9647903442383 84.6882247924805 84.1634292602539 83.7921524047852 83.5067520141602 82.7174224853516 82.4421615600586 82.0132598876953 81.7831344604492 81.458854675293 81.2573776245117 80.7935333251953 80.3762741088867 80.1804885864258 79.9094085693359 79.6194610595703 78.9696197509766
98.0869064331055 97.4817428588867 97.2476654052734 96.7048492431641 96.4923553466797 95.9894104003906 95.6846389770508 95.114372253418 94.8261566162109 94.3928375244141 94.0188446044922 93.5650100708008 93.3327255249023 92.7492141723633 92.2294158935547 91.8833847045898 91.2880325317383 91.0237045288086 90.4081726074219 89.9787216186523 89.6378936767578 89.4094467163086 88.8076171875 88.2779693603516 87.9306488037109 87.6315002441406 86.8980407714844 86.5847549438477 86.0649490356445 85.5897750854492 85.1797256469727 84.7817993164062 84.4948806762695 84.061408996582 83.699951171875 83.2427825927734 82.8907241821289 82.2286682128906 81.923957824707 81.5458679199219 81.1528167724609 80.8190383911133 80.4708480834961 80.1359176635742 79.8451538085938 79.5116806030273 79.1960830688477 78.9094390869141 78.590461730957
97.6544036865234 97.325439453125 97.0594177246094 96.445556640625 96.293098449707 95.8377532958984 95.498176574707 94.9038009643555 94.6433258056641 94.3275680541992 93.9277420043945 93.4993667602539 93.0010299682617 92.4414596557617 91.7081527709961 91.3431091308594 90.8597564697266 90.6910552978516 90.2276840209961 89.6533737182617 89.3086242675781 88.9423980712891 88.451789855957 88.1063613891602 87.7759552001953 87.3097915649414 86.5347290039062 86.1590805053711 85.8787002563477 85.4906921386719 84.8257064819336 84.6488952636719 84.1271362304688 83.865966796875 83.5445709228516 82.8577194213867 82.5146789550781 81.8850402832031 81.5974807739258 81.2328491210938 80.7625503540039 80.5757217407227 80.304443359375 79.8151626586914 79.5302810668945 79.3012390136719 78.9759216308594 78.7636108398438 78.2123641967773
97.4713516235352 97.2871017456055 96.9878158569336 96.1981506347656 95.9413833618164 95.394287109375 95.1927337646484 94.7377243041992 94.5005874633789 94.1993560791016 93.6303024291992 93.2195663452148 92.6473999023438 92.1134262084961 91.3300170898438 90.9789199829102 90.4674758911133 90.358024597168 89.9315795898438 89.4658889770508 89.0880279541016 88.4565658569336 88.1699371337891 87.8184661865234 87.5249633789062 87.096321105957 86.3328018188477 85.8440246582031 85.6426315307617 85.193229675293 84.6305389404297 84.3320617675781 83.9278106689453 83.4819183349609 83.0548095703125 82.5523071289062 82.2665023803711 81.6979827880859 81.271614074707 80.9296875 80.5620956420898 80.2335052490234 80.0428924560547 79.557373046875 79.2927627563477 79.1637344360352 78.8204574584961 78.5130996704102 77.9923934936523
97.2833709716797 97.1562042236328 96.7914276123047 95.9892501831055 95.4677047729492 95.1505584716797 94.8468017578125 94.444709777832 94.2201156616211 93.8075790405273 93.4832916259766 92.8383483886719 92.4779815673828 92.1633987426758 91.1763000488281 90.7605972290039 90.4165344238281 89.8795623779297 89.5718994140625 89.2837905883789 88.9299697875977 88.2349395751953 87.9209823608398 87.5735244750977 87.0980682373047 86.8678894042969 86.0304412841797 85.6194534301758 85.3541488647461 84.7640991210938 84.4591827392578 84.0366821289062 83.6612014770508 83.2344436645508 82.7395782470703 82.4290618896484 82.0638809204102 81.4287109375 81.0550689697266 80.6587142944336 80.2411880493164 79.9137649536133 79.7599639892578 79.3457565307617 79.0402297973633 78.8580474853516 78.5045394897461 78.1521377563477 77.8046188354492
97.1588516235352 96.8027114868164 96.494384765625 95.7960739135742 95.2502670288086 94.9999389648438 94.664665222168 94.167121887207 93.9134216308594 93.493896484375 93.1756591796875 92.5991592407227 92.3302154541016 92.0312805175781 90.8884735107422 90.4921035766602 90.2746124267578 89.6213455200195 89.3128967285156 89.0852127075195 88.8359603881836 88.184928894043 87.7691802978516 87.430778503418 86.9021301269531 86.6559143066406 85.709602355957 85.3991241455078 84.8936614990234 84.5892105102539 84.2589340209961 83.8190841674805 83.4213790893555 82.8719940185547 82.498893737793 82.1609573364258 81.9320678710938 81.0653457641602 80.8553924560547 80.3415298461914 79.9409561157227 79.7417678833008 79.4167404174805 79.0344314575195 78.7360534667969 78.4282379150391 78.0981826782227 77.89990234375 77.5554962158203
96.8245086669922 96.5328826904297 96.3344192504883 95.5032501220703 94.9698867797852 94.7025909423828 94.3756332397461 93.87060546875 93.6743316650391 93.0774765014648 92.8531188964844 92.5640640258789 92.2742385864258 91.7729721069336 90.8936233520508 90.4113922119141 89.9751358032227 89.3208236694336 89.1558990478516 88.8809051513672 88.5023880004883 87.9740524291992 87.5705642700195 87.0737457275391 86.6582107543945 86.363166809082 85.5783615112305 85.096809387207 84.5237274169922 84.319206237793 83.9221420288086 83.4861145019531 83.0805511474609 82.5900497436523 82.1579971313477 81.9046630859375 81.8366546630859 80.9255065917969 80.5226364135742 80.0482406616211 79.7879180908203 79.5010757446289 79.077262878418 78.8127899169922 78.5075454711914 78.2190399169922 77.8703765869141 77.6691970825195 77.3384246826172
96.6289443969727 96.3093338012695 96.1408157348633 95.2916030883789 94.7217178344727 94.6541366577148 94.3468399047852 93.7201995849609 93.4354400634766 92.8679809570312 92.5637588500977 92.4454803466797 92.0171356201172 -3.4e+38 90.8405227661133 90.3153915405273 89.5869293212891 89.1625823974609 89.0076675415039 88.6850891113281 87.9635238647461 87.5283203125 87.179328918457 86.6325454711914 86.3932037353516 86.1872482299805 85.2649841308594 84.6725082397461 84.3059768676758 83.8432083129883 83.4847030639648 83.2620086669922 82.8536376953125 82.5030822753906 81.8486175537109 81.7083129882812 81.4271926879883 80.6438751220703 80.2483444213867 79.8747940063477 79.5755310058594 79.2217254638672 78.8687744140625 78.589485168457 78.2871246337891 78.1225280761719 77.8253173828125 77.5208206176758 77.0711059570312
