rcp8.5models/MPI_ESM_LR/sc1gr9.15
NCOLS 261 
NROWS 433 
XLLCORNER 336357.134 
YLLCORNER 654653.479 
CELLSIZE 1000 
NODATA_value -3.4e+38 
[rows 396 to 417 of 433, columns 49 to 97 of 261]
-3.4e+38 -3.4e+38 -3.4e+38 -3.4e+38 -3.4e+38 -3.4e+38 -3.4e+38 -3.4e+38 -3.4e+38 1715.30212402344 1722.18298339844 1724.06958007812 1734.86853027344 1748.61096191406 1767.38854980469 1776.88989257812 1784.01916503906 1788.22863769531 1807.39807128906 1809.60998535156 1814.92834472656 1828.40832519531 1854.45776367188 1868.56628417969 1839.63061523438 1832.18359375 1854.21801757812 1862.08825683594 1848.21301269531 1843.95715332031 1838.66760253906 1828.65185546875 1828.46618652344 1827.14086914062 1827.12780761719 1837.21533203125 1832.11157226562 1812.22338867188 1863.41943359375 1855.033203125 1808.603515625 1888.869140625 1890.69299316406 1890.20056152344 1888.29736328125 1879.857421875 1875.53527832031 1872.38244628906 1864.87658691406
-3.4e+38 -3.4e+38 -3.4e+38 -3.4e+38 -3.4e+38 -3.4e+38 -3.4e+38 -3.4e+38 -3.4e+38 1701.43359375 1704.86474609375 1709.38488769531 1724.87536621094 1731.99914550781 1748.87536621094 1759.76745605469 1768.75720214844 1774.349609375 1793.236328125 1796.44787597656 1798.32482910156 1800.15502929688 1811.26599121094 1829.19494628906 1818.32275390625 1816.54614257812 1820.56787109375 1813.03894042969 1812.90710449219 1823.14868164062 1824.23913574219 1812.93566894531 1807.91284179688 1805.11767578125 1801.97595214844 1803.21374511719 1796.66882324219 1786.18688964844 1828.17175292969 1823.62390136719 1801.74682617188 1865.31506347656 1865.54748535156 1867.17724609375 1867.00695800781 1860.40234375 1853.8349609375 1846.08581542969 1837.41125488281
-3.4e+38 -3.4e+38 -3.4e+38 -3.4e+38 -3.4e+38 -3.4e+38 -3.4e+38 -3.4e+38 -3.4e+38 -3.4e+38 1693.09509277344 1696.80615234375 1709.19067382812 1713.93920898438 1728.31701660156 1742.9033203125 1751.59680175781 1760.3916015625 1774.57116699219 1776.53430175781 1773.68994140625 1776.33862304688 1783.14477539062 1796.42822265625 1794.40795898438 1791.25891113281 1801.91247558594 1816.75061035156 1801.69189453125 1794.27392578125 1806.85583496094 1791.37890625 1780.99438476562 1778.18127441406 1773.10424804688 1767.16906738281 1763.82678222656 1765.35766601562 1776.94287109375 1773.35229492188 1774.58349609375 1828.20776367188 1847.35717773438 1844.97607421875 1843.06665039062 1839.31127929688 1833.39135742188 1824.99108886719 1816.17932128906
-3.4e+38 -3.4e+38 -3.4e+38 -3.4e+38 -3.4e+38 -3.4e+38 -3.4e+38 -3.4e+38 -3.4e+38 -3.4e+38 1680.68725585938 1685.06909179688 1692.65893554688 1698.10913085938 1708.55346679688 1723.72888183594 1732.59899902344 1741.87280273438 1756.40173339844 1756.18969726562 1753.91979980469 1755.841796875 1764.20092773438 1776.79138183594 1769.98522949219 1765.88745117188 1774.30029296875 1785.84753417969 1770.283203125 1768.95861816406 1772.39636230469 1762.10791015625 1759.49230957031 1761.77209472656 1754.31066894531 1745.16564941406 1749.33898925781 1748.6064453125 1742.86962890625 1753.12133789062 1748.96264648438 1800.61157226562 1825.60388183594 1820.79272460938 1818.69580078125 1815.90380859375 1811.40673828125 1802.16040039062 1792.16638183594
-3.4e+38 -3.4e+38 -3.4e+38 -3.4e+38 -3.4e+38 -3.4e+38 -3.4e+38 -3.4e+38 -3.4e+38 -3.4e+38 -3.4e+38 1673.38269042969 1677.71374511719 1682.25817871094 1688.73974609375 1703.91979980469 1714.7177734375 1724.67712402344 1740.22631835938 1741.04052734375 1742.9521484375 1740.51342773438 1740.32202148438 1749.68969726562 1749.84680175781 1754.93859863281 1746.08825683594 1740.07897949219 1738.8857421875 1739.53173828125 1745.20153808594 1741.77331542969 1741.03112792969 1746.25244140625 1736.79174804688 1733.47106933594 1732.55859375 1725.80444335938 1722.34887695312 1730.18371582031 1723.12426757812 1755.18603515625 1784.06872558594 1794.4248046875 1795.28955078125 1790.86120605469 1788.06848144531 1782.11486816406 1768.28442382812
-3.4e+38 -3.4e+38 -3.4e+38 -3.4e+38 -3.4e+38 -3.4e+38 -3.4e+38 -3.4e+38 -3.4e+38 -3.4e+38 -3.4e+38 1656.85009765625 1665.4990234375 1672.72216796875 1675.55261230469 1683.90466308594 1696.91223144531 1709.87670898438 1721.36950683594 1724.65832519531 1726.29345703125 1724.80432128906 1722.14440917969 1730.09045410156 1730.33312988281 1740.64453125 1747.75268554688 1728.47595214844 1717.4990234375 1715.15661621094 1723.86462402344 1722.46801757812 1723.11010742188 1734.95043945312 1719.05297851562 1716.1875 1710.06176757812 1700.72436523438 1701.33483886719 1711.52648925781 1709.30578613281 1700.36315917969 1742.76513671875 1770.33178710938 1770.76953125 1763.49719238281 1758.07861328125 1757.96472167969 1748.28686523438
-3.4e+38 -3.4e+38 -3.4e+38 -3.4e+38 -3.4e+38 -3.4e+38 -3.4e+38 -3.4e+38 -3.4e+38 -3.4e+38 -3.4e+38 1636.7880859375 1649.16442871094 1659.68103027344 1663.806640625 1669.88562011719 1681.48950195312 1693.70861816406 1703.84020996094 1708.75732421875 1713.23217773438 1708.88500976562 1706.30285644531 1710.07995605469 1707.44482421875 1709.56213378906 1719.36743164062 1704.67236328125 1709.47253417969 1694.80310058594 1693.87866210938 1694.54064941406 1699.45764160156 1705.3095703125 1691.33227539062 1684.84326171875 1685.080078125 1690.07897949219 1688.48364257812 1692.17260742188 1694.98498535156 1704.90832519531 1709.64636230469 1731.31323242188 1745.50268554688 1740.15649414062 1733.41345214844 1730.08215332031 1724.63391113281
-3.4e+38 -3.4e+38 -3.4e+38 -3.4e+38 -3.4e+38 -3.4e+38 -3.4e+38 -3.4e+38 -3.4e+38 -3.4e+38 -3.4e+38 -3.4e+38 1634.64440917969 1645.05200195312 1649.82873535156 1657.29736328125 1667.17993164062 1675.29418945312 1686.95495605469 1692.56689453125 1696.83190917969 1692.189453125 1690.51745605469 1688.6904296875 1689.27490234375 1690.67895507812 1684.86303710938 1678.11450195312 1687.53967285156 1670.69885253906 1682.01953125 1677.03601074219 1668.88330078125 1666.20288085938 1663.04309082031 1668.96240234375 1683.06945800781 1685.31762695312 1682.82604980469 1680.376953125 1685.75903320312 1718.13134765625 1703.88977050781 1686.9052734375 1701.26293945312 1713.98608398438 1711.76794433594 1704.38659667969 1700.57849121094
-3.4e+38 -3.4e+38 -3.4e+38 -3.4e+38 -3.4e+38 -3.4e+38 -3.4e+38 -3.4e+38 -3.4e+38 -3.4e+38 -3.4e+38 -3.4e+38 -3.4e+38 1626.52758789062 1633.9228515625 1641.80151367188 1648.35632324219 1656.91442871094 1667.03649902344 1674.1982421875 1677.17236328125 1677.07775878906 1675.38549804688 1672.47387695312 1671.55041503906 1671.12683105469 1661.85205078125 1659.58251953125 1657.56103515625 1648.810546875 1657.91857910156 1652.39953613281 1641.38256835938 1648.47607421875 1656.86291503906 1661.65808105469 1661.35815429688 1660.18725585938 1672.29724121094 1678.58959960938 1680.01391601562 1698.71997070312 1698.08862304688 1677.96875 1660.4033203125 1675.78845214844 1686.46740722656 1679.59069824219 1675.568359375
-3.4e+38 -3.4e+38 -3.4e+38 -3.4e+38 -3.4e+38 -3.4e+38 -3.4e+38 -3.4e+38 -3.4e+38 -3.4e+38 -3.4e+38 -3.4e+38 -3.4e+38 -3.4e+38 1614.65100097656 1623.36572265625 1627.90270996094 1637.61987304688 1650.10144042969 1657.06530761719 1660.03002929688 1659.79772949219 1657.72424316406 1652.96459960938 1647.89440917969 1643.73486328125 1637.00671386719 1635.248046875 1638.41320800781 1628.39868164062 1629.30798339844 1634.28283691406 1623.33898925781 1634.36462402344 1643.73205566406 1632.48864746094 1630.12841796875 1633.11328125 1644.93859863281 1654.88525390625 1651.92236328125 1668.09704589844 1666.87414550781 1667.79052734375 1651.62670898438 1642.97229003906 1652.44396972656 1652.81921386719 1647.92602539062
-3.4e+38 -3.4e+38 -3.4e+38 -3.4e+38 -3.4e+38 -3.4e+38 -3.4e+38 -3.4e+38 -3.4e+38 -3.4e+38 -3.4e+38 -3.4e+38 -3.4e+38 -3.4e+38 1583.7421875 1587.72302246094 1591.97265625 1596.43603515625 1616.6806640625 1623.83056640625 1625.35217285156 1620.55322265625 1615.173828125 1608.16284179688 1601.64782714844 1598.2236328125 1595.20385742188 1590.88757324219 1585.86218261719 1584.7412109375 1578.25646972656 1573.85705566406 1577.82446289062 1578.01770019531 1572.658203125 1574.16516113281 1586.11828613281 1592.48205566406 1594.87463378906 1589.94580078125 1588.66674804688 1602.55224609375 1603.6982421875 1597.34020996094 1603.53674316406 1600.30212402344 1577.68273925781 1568.96545410156 1572.14440917969
-3.4e+38 -3.4e+38 -3.4e+38 -3.4e+38 -3.4e+38 -3.4e+38 -3.4e+38 -3.4e+38 -3.4e+38 -3.4e+38 -3.4e+38 -3.4e+38 -3.4e+38 -3.4e+38 -3.4e+38 1566.21594238281 1572.3837890625 1578.388671875 1588.98107910156 1600.25915527344 1603.95043945312 1599.533203125 1592.76293945312 1585.2333984375 1578.90673828125 1574.14819335938 1570.08935546875 1566.45690917969 1566.28210449219 1558.14794921875 1557.46997070312 1553.06042480469 1551.44152832031 1552.00708007812 1553.68139648438 1551.15222167969 1559.587890625 1569.91760253906 1581.3193359375 1578.57543945312 1562.78198242188 1571.07043457031 1574.40490722656 1575.3896484375 1581.76586914062 1579.462890625 1567.978515625 1556.10546875 1547.57006835938
-3.4e+38 -3.4e+38 -3.4e+38 -3.4e+38 -3.4e+38 -3.4e+38 -3.4e+38 -3.4e+38 -3.4e+38 -3.4e+38 -3.4e+38 -3.4e+38 -3.4e+38 -3.4e+38 -3.4e+38 1547.8125 1552.63623046875 1557.01452636719 1565.50390625 1574.60205078125 1578.36535644531 1574.04956054688 1567.09387207031 1560.99194335938 1555.85168457031 1550.49597167969 1544.52258300781 1544.37622070312 1545.2841796875 1534.17370605469 1529.77355957031 1526.63305664062 1525.36987304688 1526.29248046875 1529.34838867188 1525.49035644531 1528.40576171875 1540.85314941406 1550.53686523438 1556.95043945312 1548.85803222656 1540.25244140625 1542.7626953125 1555.55554199219 1559.43579101562 1550.44958496094 1548.01379394531 1545.25830078125 1538.32763671875
-3.4e+38 -3.4e+38 -3.4e+38 -3.4e+38 -3.4e+38 -3.4e+38 -3.4e+38 -3.4e+38 -3.4e+38 -3.4e+38 -3.4e+38 -3.4e+38 -3.4e+38 -3.4e+38 -3.4e+38 1526.91796875 1531.78442382812 1537.24401855469 1545.09033203125 1549.25390625 1548.90258789062 1543.64294433594 1540.27551269531 1535.62255859375 1529.78088378906 1523.54284667969 1518.64807128906 1518.76281738281 1517.33203125 1511.47473144531 1504.97045898438 1499.38110351562 1500.19006347656 1499.31384277344 1500.11779785156 1497.29833984375 1498.17907714844 1504.50732421875 1509.20593261719 1511.11022949219 1514.78161621094 1507.36401367188 1510.06359863281 1519.59631347656 1526.45886230469 1514.34924316406 1515.38024902344 1530.11596679688 1522.48608398438
-3.4e+38 -3.4e+38 -3.4e+38 -3.4e+38 -3.4e+38 -3.4e+38 -3.4e+38 -3.4e+38 -3.4e+38 -3.4e+38 -3.4e+38 -3.4e+38 -3.4e+38 -3.4e+38 -3.4e+38 -3.4e+38 1511.89514160156 1515.09887695312 1518.50073242188 1521.44250488281 1521.16442871094 1516.04638671875 1511.91943359375 1507.95629882812 1502.40612792969 1497.275390625 1493.81420898438 1491.32250976562 1488.84558105469 1482.86865234375 1481.00170898438 1476.25463867188 1472.74853515625 1469.53295898438 1470.21545410156 1469.24731445312 1473.61608886719 1480.56555175781 1478.38146972656 1473.92175292969 1471.3154296875 1468.69226074219 1471.86962890625 1477.96765136719 1485.9638671875 1485.04858398438 1481.89599609375 1495.83190917969 1496.9697265625
-3.4e+38 -3.4e+38 -3.4e+38 -3.4e+38 -3.4e+38 -3.4e+38 -3.4e+38 -3.4e+38 -3.4e+38 -3.4e+38 -3.4e+38 -3.4e+38 -3.4e+38 -3.4e+38 -3.4e+38 -3.4e+38 -3.4e+38 -3.4e+38 1491.42846679688 1493.78527832031 1494.22521972656 1489.92761230469 1483.50305175781 1479.32299804688 1474.57666015625 1470.78698730469 1468.62878417969 1463.90283203125 1459.85534667969 1454.39392089844 1451.50134277344 1450.03100585938 1447.79663085938 1446.86633300781 1444.21459960938 1442.68859863281 1446.91088867188 1452.97131347656 1447.859375 1442.7353515625 1442.76013183594 1435.59350585938 1436.14245605469 1453.66625976562 1465.17712402344 1465.58142089844 1451.67321777344 1452.05102539062 1456.99694824219
-3.4e+38 -3.4e+38 -3.4e+38 -3.4e+38 -3.4e+38 -3.4e+38 -3.4e+38 -3.4e+38 -3.4e+38 -3.4e+38 -3.4e+38 -3.4e+38 -3.4e+38 -3.4e+38 -3.4e+38 -3.4e+38 -3.4e+38 -3.4e+38 1465.00646972656 1465.80834960938 1465.89477539062 1462.99267578125 1457.7900390625 1452.4931640625 1448.001953125 1443.57153320312 1440.75537109375 1435.77795410156 1432.14208984375 1427.46691894531 1423.22521972656 1420.83166503906 1419.38708496094 1421.60803222656 1422.779296875 1421.60595703125 1421.7587890625 1423.25366210938 1420.77319335938 1415.57080078125 1417.14135742188 1408.40698242188 1405.87060546875 1431.341796875 1449.86730957031 1435.34313964844 1418.9033203125 1411.15905761719 1404.29602050781
-3.4e+38 -3.4e+38 -3.4e+38 -3.4e+38 -3.4e+38 -3.4e+38 -3.4e+38 -3.4e+38 -3.4e+38 -3.4e+38 -3.4e+38 -3.4e+38 -3.4e+38 -3.4e+38 -3.4e+38 -3.4e+38 -3.4e+38 -3.4e+38 -3.4e+38 1438.26733398438 1436.92016601562 1434.77746582031 1431.23803710938 1427.14221191406 1422.1376953125 1417.46313476562 1413.9677734375 1409.75207519531 1406.49182128906 1400.31494140625 1397.26062011719 1394.84582519531 1392.61791992188 1393.15893554688 1396.48376464844 1398.90698242188 1398.71472167969 1399.11950683594 1397.10925292969 1399.80334472656 1403.12219238281 1397.07641601562 1384.94750976562 1389.86315917969 1399.75280761719 1386.90673828125 1382.23413085938 1376.31481933594 1368.61877441406
-3.4e+38 -3.4e+38 -3.4e+38 -3.4e+38 -3.4e+38 -3.4e+38 -3.4e+38 -3.4e+38 -3.4e+38 -3.4e+38 -3.4e+38 -3.4e+38 -3.4e+38 -3.4e+38 -3.4e+38 -3.4e+38 -3.4e+38 -3.4e+38 -3.4e+38 -3.4e+38 1410.31518554688 1407.79321289062 1403.83203125 1400.99926757812 1396.99621582031 1391.85583496094 1388.19006347656 1384.44104003906 1381.1142578125 1373.11499023438 1370.77551269531 1368.16711425781 1366.47790527344 1365.93212890625 1367.00256347656 1369.56372070312 1369.32177734375 1370.7861328125 1379.00854492188 1388.79125976562 1383.35595703125 1376.49291992188 1365.35986328125 1356.03540039062 1353.67980957031 1353.60925292969 1357.58203125 1358.55871582031 1356.2568359375
-3.4e+38 -3.4e+38 -3.4e+38 -3.4e+38 -3.4e+38 -3.4e+38 -3.4e+38 -3.4e+38 -3.4e+38 -3.4e+38 -3.4e+38 -3.4e+38 -3.4e+38 -3.4e+38 -3.4e+38 -3.4e+38 -3.4e+38 -3.4e+38 -3.4e+38 -3.4e+38 -3.4e+38 1382.67028808594 1379.15856933594 1375.75329589844 1372.49267578125 1366.25573730469 1359.85363769531 1356.83178710938 1354.92590332031 1347.88037109375 1344.70068359375 1341.85021972656 1339.75708007812 1338.24389648438 1339.06689453125 1341.11743164062 1340.71118164062 1343.67053222656 1352.46728515625 1361.67858886719 1361.73327636719 1353.2607421875 1346.998046875 1340.17504882812 1331.49877929688 1333.59411621094 1344.25280761719 1346.83459472656 1348.73608398438
-3.4e+38 -3.4e+38 -3.4e+38 -3.4e+38 -3.4e+38 -3.4e+38 -3.4e+38 -3.4e+38 -3.4e+38 -3.4e+38 -3.4e+38 -3.4e+38 -3.4e+38 -3.4e+38 -3.4e+38 -3.4e+38 -3.4e+38 -3.4e+38 -3.4e+38 -3.4e+38 -3.4e+38 -3.4e+38 1355.16540527344 1351.76647949219 1347.78308105469 1341.44189453125 1333.23156738281 1329.47644042969 1328.57690429688 1322.51745605469 1319.6298828125 1317.49340820312 1315.23364257812 1311.53015136719 1311.30261230469 1313.50048828125 1314.86877441406 1317.91027832031 1320.79602050781 1329.69384765625 1343.76647949219 1343.59155273438 1338.65783691406 1325.67687988281 1310.94494628906 1308.84008789062 1324.40466308594 1323.08288574219 1328.03515625
-3.4e+38 -3.4e+38 -3.4e+38 -3.4e+38 -3.4e+38 -3.4e+38 -3.4e+38 -3.4e+38 -3.4e+38 -3.4e+38 -3.4e+38 -3.4e+38 -3.4e+38 -3.4e+38 -3.4e+38 -3.4e+38 -3.4e+38 -3.4e+38 -3.4e+38 -3.4e+38 -3.4e+38 -3.4e+38 -3.4e+38 1331.9755859375 1324.59997558594 1317.875 1311.13806152344 1307.462890625 1305.17980957031 1295.89855957031 1294.45129394531 1293.322265625 1290.26867675781 1287.14965820312 1285.82788085938 1286.27001953125 1293.15734863281 1294.21752929688 1301.38928222656 1314.83996582031 1324.13940429688 1326.20263671875 1327.07495117188 1309.70190429688 1293.50219726562 1290.10754394531 1292.00720214844 1285.61254882812 1293.59411621094
