rcp8.5models/MPI_ESM_LR/sc1gr3.40
NCOLS 261 
NROWS 433 
XLLCORNER 336357.134 
YLLCORNER 654653.479 
CELLSIZE 1000 
NODATA_value -9999 
[rows 88 to 109 of 433, columns 50 to 99 of 261]
-9999 -9999 -9999 -9999 -9999 -9999 -9999 -9999 -9999 282.534240722656 -9999 282.514902268872 282.43511826585 281.967023230025 282.096398011857 281.931530142083 281.525164702924 281.659293772802 281.046514544282 280.893345052367 281.2757284487 281.058631281554 280.831108864339 280.934307829763 280.811189648056 280.635485277204 280.906502982022 280.843825527223 280.881311434523 281.036424221774 281.015658234946 -9999 279.90318347451 280.121942328045 280.42796315481 280.203596668245 280.12987409429 279.786195319306 279.511767598179 279.542969787273 278.39315593214 278.69597775595 278.505170963257 278.254929859267 278.429977135208 278.200110500725 278.214035415608 278.464542555223 278.224164529621 277.892749158226
-9999 -9999 -9999 -9999 -9999 -9999 -9999 -9999 -9999 282.532106549945 282.522175642598 282.511779337737 282.341914574548 282.118797828176 282.145646241709 281.975974123506 281.589604668933 281.377527612705 280.823843012849 280.704312371146 280.842092468029 280.898827426423 280.609503429964 280.649644804153 280.703042674962 280.413483003234 280.732659859717 280.16102134677 280.258506010975 280.299683951197 280.068901414314 279.893763424782 279.620019180214 279.724297399677 279.890258869832 280.197193376704 280.116717473397 279.724832215642 279.447258078785 279.337837304612 278.385614880207 278.635398413289 278.575664410114 277.907630289306 278.601419980084 278.493765993166 278.442941091819 277.935327824945 277.811317805017 277.795948097331
-9999 -9999 -9999 -9999 -9999 -9999 -9999 -9999 -9999 282.529611890404 282.519166394222 282.508718214274 282.453106069268 282.394642890774 282.152273356051 281.972310038303 281.632724528281 281.276724992539 280.539044276105 280.975441799153 280.741915713868 281.009315327522 280.669297733079 280.657461986468 280.583801054127 280.014576210777 280.10891219869 279.840052850718 279.873482118488 279.967179918976 279.623168465298 279.300101921874 279.727609125875 279.829260772516 279.926191256416 279.920924804752 279.905119502508 279.717499895219 279.388384548894 279.334004631018 279.104244696697 278.790803189413 278.657067893579 278.327896529898 278.413351743235 277.996719088176 278.413313082526 277.649085924694 277.69667723649 277.336715508143
-9999 -9999 -9999 -9999 -9999 -9999 -9999 -9999 282.55864021553 282.523917618636 282.398135734959 282.292905576904 282.163182101234 282.24073222681 282.140805988577 281.734954886165 281.226281178283 281.415653952531 281.221845531949 281.077336810189 281.015353220025 280.991636420308 280.942417471716 280.639510102376 280.587531648396 280.567373041214 280.440379294715 280.046814240481 279.862892200613 279.785782156909 279.220824684126 278.788529430595 279.006033433045 279.310622645668 279.076254217355 278.764875466099 279.090929431037 279.478409345239 279.958792298433 279.381297568069 279.476997641186 279.518981043294 279.497008943906 278.605329953351 278.522864503349 277.64796673889 277.602390539986 277.163977056186 276.945636071515 277.731699862323
-9999 -9999 -9999 -9999 -9999 -9999 -9999 282.803270109549 282.54360709741 282.40568912128 282.230255227303 282.213517782497 282.157597274346 282.145500044424 282.135013575265 281.636198147968 281.354833401901 281.655486117867 281.418857261606 280.959979543986 280.946874616342 280.885824625468 280.697877037006 280.876307985078 280.914884853291 280.620025769358 280.105387329597 279.878410168415 279.477499284027 279.777922453317 279.109964042778 278.777531169244 278.76407520837 278.630897839899 278.207135920047 278.435872501945 279.032833261878 279.516309600377 279.802241482808 279.37720969027 279.566075997281 279.473010697093 278.934729351668 278.545054493104 278.400900156784 277.946375883531 277.708107100566 277.333300898087 277.255393394214 277.297004472099
-9999 -9999 -9999 -9999 282.71851364514 282.777918136172 282.999813327054 -9999 282.546786039533 282.358460127445 282.180604989784 282.395143455494 282.391710881956 282.495919714244 282.256215558271 281.403363431584 -9999 -9999 281.415990752214 281.136362549451 280.893121692462 280.882531672874 280.884418297841 -9999 280.789421870505 280.666063312081 279.996052392256 279.820066812226 279.528905549312 279.576060964843 279.775659977568 279.423502957071 278.915238319315 278.520341941041 278.261410749115 278.661602608312 279.363879735305 278.935252558948 279.593208648786 279.472366554998 279.361529206918 279.385853190913 279.157869261438 278.592626577809 278.471438104116 277.809767656535 277.681438450755 277.578474107189 277.658343197903 277.060451924815
-9999 -9999 -9999 282.803154976726 -9999 282.620397903198 283.040423032521 283.037397795099 282.430861034739 282.350919581865 282.177510743315 282.484115201722 282.599638032959 282.638638958823 281.839909932253 281.295088370949 281.438960791853 281.519551547177 281.41079464041 281.233630276405 281.120657627839 280.99386446766 280.80694647949 -9999 -9999 280.883078814711 279.878962093392 279.704797688286 279.181988665353 279.152926554025 280.077676487072 279.089979979597 278.754459070506 278.587224194703 278.634702066058 278.758727768713 279.155320961135 277.987913330317 279.532029841919 279.417318049412 279.298570076226 279.408933077008 278.934504020432 278.652877641199 278.56976230178 277.779814552796 278.14046604246 277.923892294889 277.71417609302 277.055800069689
-9999 -9999 -9999 282.765492815682 282.628737153189 282.802617168965 283.033135285824 282.686165476157 282.368979778533 282.230490099797 282.286853776214 282.601840803503 282.64657252476 282.288965714609 281.638783169396 281.171861074142 281.319028711656 281.416890142025 281.407211149839 280.998510779409 280.989001994441 281.039493455202 280.472404887414 280.742091145534 280.784370959862 -9999 280.486827470286 279.651827340085 279.530728418452 279.71447054187 279.114750299543 279.293352979699 278.585842135187 278.462936429871 278.303295517304 278.4115421497 278.610800084472 278.594551103814 279.633445408536 279.453594322691 279.253591284966 279.436458779569 278.691583690755 279.033552988741 278.517438336927 278.324758287024 278.214362834539 277.882472645642 277.65545206395 277.443736955891
283.119262695312 282.638853227891 282.679158696104 282.632978271157 282.578602277148 282.649595650802 283.039788027589 282.435264769788 282.240223827782 282.295470342671 282.448413749758 282.650377394605 282.296256756981 281.904752723346 281.628135761088 281.584684748175 281.388505533134 281.414566611794 281.056056599286 280.894116448952 280.996204161895 280.460986435805 280.022712598804 280.343135275644 280.328048280353 280.002048893774 280.813435243552 280.434063189215 279.990630987723 279.199727480877 278.64616870065 279.568292177805 278.906854138837 278.626466331788 278.51178056507 278.55209981241 278.505944049463 278.760982315382 279.47667254099 279.398595863192 279.28802058484 279.365423100043 279.076495119315 278.956939056381 278.610206311763 278.931807555781 278.726494368426 278.326806197289 277.5258549614 277.720724768014
282.726953618532 282.73189684429 282.603139651028 282.585361961439 282.574329718858 282.914006824362 282.924501796684 282.383144511516 282.191514055383 282.336902156609 282.609824349351 282.419207309409 282.031433750985 281.685746166366 281.621824694239 281.542456970025 281.433919157544 281.06303066596 280.900689565602 280.314543828805 280.814613450833 280.543733461128 280.090546349108 280.181070820999 280.053520140228 279.792564503883 280.49168703928 280.903943166185 279.99119978611 279.443496437105 279.271372855701 279.237947784567 278.751731416058 278.735397488375 278.621557193536 278.609227761833 278.53965113937 278.439347433243 278.621623753114 278.952230898645 279.33444607194 279.325702603178 279.320035707844 279.310797590602 278.969439031385 279.125025265267 279.08507373089 278.675520018159 277.784589653656 278.024946057164
282.842219694229 282.659433246709 282.479464260373 282.577503440703 282.806764585893 282.816197143603 282.527369174518 282.249005025244 282.302148042095 282.572056881996 282.542840922687 282.205381449529 281.743838823011 281.630797074641 281.735251192931 281.676893298454 281.431789323623 280.909173879641 280.780434461393 280.174211372864 280.712190675178 280.806161828589 280.072122397187 279.836559613813 279.779415847019 279.960898827342 280.774479263634 280.960800005292 280.278421312961 279.983820412075 279.587796786403 279.31475509623 279.330227300475 278.868464374772 279.221478557362 279.190616565348 278.846829492504 278.465076756836 278.32674340801 278.734168783294 279.330949353015 279.330909800929 279.430729820723 279.506335482925 279.197827232795 278.792457859551 278.687457164518 278.64611423981 278.416270959711 278.019260934364
282.470793623459 282.477964581471 282.545827988735 282.579646578342 282.772160293458 282.962564316532 282.259206352273 282.194092750116 282.578104956533 282.668369329978 282.379481691522 282.152634401301 281.762441553382 281.628403058728 281.430605959799 281.536144080085 281.428220833524 280.441656045656 280.611741053794 280.335747600587 280.482679845793 280.848384469751 279.789978575292 279.677130053406 279.672209831551 279.885408068219 280.209595040441 280.847766404513 280.006634296971 280.08997468588 279.705493817363 279.64222236271 279.61890041145 279.354537712085 279.564718759537 279.621140806302 279.028480371824 278.831231865772 278.486630616431 278.836155500542 279.534390275981 279.440000574469 279.5562109852 279.23957782 279.057690314149 278.834918976045 278.862607966976 278.765531027067 278.28426146067 277.88185203426
282.655908305227 282.68156248986 282.594797158489 282.697656344379 282.733565200995 282.927530776592 282.320720216587 282.42897018158 282.673121887315 282.433789097841 282.325916481996 282.031850889214 281.570524081582 281.389628651068 281.281052766106 280.967399646721 280.723093252696 280.237879050226 280.327811711798 280.269886532797 280.484628370035 280.277644764695 279.684691879986 279.674331662361 279.668440054113 279.820432824667 279.846594617369 280.904815297071 279.780018118838 279.76906394558 279.760375492291 279.742107567776 279.550374716568 279.098817524102 278.726046148192 279.444243182173 278.701478509389 278.579478516017 278.425552791273 278.64319203817 279.492296837274 278.870152648519 279.177217748852 278.80561852509 278.763270277037 278.964049559473 279.100206289772 278.972958200839 278.393299503977 278.245960553941
282.776770515201 282.767505140923 282.951029287201 282.871023255609 282.85612374518 282.769578270474 282.247493254627 282.63250887302 282.558873076398 282.337198544402 282.08695330548 281.391528566717 281.230838553691 281.053753509409 280.925139937022 280.767392773714 280.890001241275 280.234848795236 280.220441530296 279.871767065901 280.184678201539 279.796622296924 279.793694189421 279.674518148241 -9999 280.040429050166 279.941220907182 280.520440097947 279.988518997083 279.719831144034 279.862908494892 279.732859366089 279.435789676146 278.959114807168 278.277486836189 279.138327650914 278.849171163609 278.652633563337 278.259906020446 278.522257983701 279.027612604195 278.718034733544 278.959349475711 278.831649479932 278.74774376699 278.950507835405 278.997055483334 278.958919431678 278.68073041935 278.561192086765
282.777446756365 282.88449583898 282.842780089438 282.788702009894 282.776182394241 282.249394621333 282.43525758298 282.563038403341 282.391985553274 282.331890157983 281.991213228135 281.386568146257 281.250652979153 281.307575092375 281.364423479671 281.116647823106 280.851050536336 280.232425360871 280.221214807678 280.166744217418 279.801823777841 279.691006674 279.739044519424 280.011993127436 280.055496904193 280.13871213843 279.862518239205 279.970543627628 279.985723447895 279.76157526745 279.707688876066 279.836957203256 279.498947937494 279.247883966702 278.76129882633 278.711300878532 278.698802937686 278.627569285783 278.495830208427 278.394942282164 278.701007854283 278.599654724804 278.665512587225 278.855930290616 278.864185961163 278.644302073707 278.827181409603 278.801560882152 278.638156061593 278.61311672875
282.778353348394 282.763381911848 282.751870510809 282.621571145134 282.725374746246 282.555152546768 282.523707746618 282.262191576654 282.173058075768 282.042446391581 281.369300368675 281.139513856156 281.009041895301 280.928664639346 280.772581832984 281.074210331487 280.816959869729 280.807597730485 280.769036931292 280.058949884116 279.698545116168 279.793708407959 279.199769854913 278.881722526833 278.839392427915 279.372766040474 279.766240675474 280.3320643798 279.920170691543 279.647532839145 279.619250776757 279.293385374241 279.241950329927 279.39690667847 279.539208109124 279.467968177053 279.330015622376 279.037199880578 278.700522014345 277.776547834502 277.768810213194 278.808126217539 278.848092553058 278.779358383989 278.71627481448 278.647904378837 278.153237591521 278.39075444145 278.548268807696 278.785527216433
282.773781676143 282.7621781497 282.631445395139 282.811826959267 282.729568961234 282.434350069099 282.406893559017 282.230377298267 282.052295937414 281.518684872359 281.197064914928 281.254961130163 280.84033810389 280.78073668557 280.767292225422 280.344599294174 280.914206530712 281.058126713902 280.971278702446 279.704015469731 279.704876010785 280.09336896516 278.83501409185 278.71442366533 278.7125828533 278.948658684321 279.764240540047 280.226406976975 279.857293297989 279.453713623112 278.996257571329 278.523835519982 278.654531622599 279.167436353768 279.211763384473 279.227029392882 279.508568989056 279.288648152 278.573019572011 278.028391210208 277.581348584661 278.217556074878 278.780581631474 278.66516724227 278.561324316931 278.503824278011 278.105098106637 278.367755252031 278.512074456575 278.805740569901
282.772729298522 282.880580411595 282.830077253376 282.78281780321 282.846505923069 282.509897042294 282.357170819718 -9999 -9999 281.447770932412 281.146994726361 281.30123309395 281.144064089283 280.776479071349 280.298270314767 280.329230806992 280.792376643794 280.595784238868 280.687857445081 280.156298236365 279.924836372974 280.031661955662 278.952359999927 278.991401446461 278.79542100043 279.608459714924 -9999 279.676912197282 -9999 279.407432258773 279.143062427089 278.423077960441 278.001293505857 278.702831455416 278.513980362359 278.814463826221 278.861151170046 -9999 278.48085950698 278.259894605849 277.839173717647 277.74433489263 278.301096348218 278.691348554936 278.45949102596 278.611387829963 278.31973179863 277.967491548468 277.881007751418 278.6472929456
282.895625366935 282.925444010872 282.91501046569 282.860197458066 282.651767651012 282.548337771818 -9999 -9999 -9999 281.848128783654 281.382825569584 281.417833669609 281.16839900155 280.772964978104 280.218849223488 280.424263478402 280.621682509234 280.042034684296 280.089699116503 280.357189368248 280.025736182828 280.092358989392 279.1165661999 279.152653599191 279.078681785222 279.969083132551 279.929380739595 279.333313203082 279.590618733606 279.508921762717 279.141259563507 278.428431752745 278.047924678166 278.019195162981 278.331670891171 278.528234113445 277.863350683496 277.927394504483 278.717358843179 278.752199849063 277.743891295128 277.669986995684 278.13106859715 -9999 278.659407753223 278.734591941014 278.413299324433 277.542419244532 277.723842639198 278.545223113469
282.937592059078 282.92577543059 282.914010340349 282.90227681899 282.563286746879 -9999 -9999 -9999 -9999 282.226194215541 281.475802439191 281.227321118723 281.120222136627 281.119935100488 280.266301278484 280.416705470011 280.225954094684 279.77060893384 279.770410544154 280.131431370048 280.021882685381 280.030321171856 279.165297553197 279.154633452545 279.150879626741 279.322440569002 279.939898752766 279.594642231267 279.526890858498 279.315671566296 278.622048254635 278.486825094793 278.175829301383 277.623718140665 277.95764060197 278.268870333887 277.830184640642 277.823719030746 278.874678824073 278.221122731036 277.536553418409 277.652777886669 277.927009556263 278.191632079277 278.67040486767 278.761456391956 278.648088449343 277.526077203472 277.73883942347 278.557275607738
282.816424559914 282.801729094115 282.790335449535 282.899073275554 282.681341663297 -9999 -9999 -9999 -9999 282.43854457108 282.183571606392 281.129944738864 281.120136582228 281.26131331173 280.263263116758 280.297168497499 280.081729383872 280.180293848543 280.163960430221 280.025425738025 279.907744907376 280.001723414643 279.845599686961 279.793176620648 278.918663559414 279.013883576908 279.951312668827 279.843079914595 279.360559434549 279.235554864673 279.033081804785 278.521088526572 277.979985385253 277.746544843164 277.617602585602 277.955508551697 277.824711455491 278.213142840546 278.758290326709 278.484587866339 277.642120511412 277.350453829953 277.801625128099 278.060597827617 278.696525242815 278.654948556125 278.64489794782 278.15144869704 277.791540599003 277.991784711973
282.891163048607 282.880683920497 282.868335129893 282.899737540837 282.60381607311 282.378903971038 -9999 282.175182531507 -9999 282.365741754268 282.352051366326 281.951499798255 281.353535923125 281.385437035139 281.068400418897 280.360526915437 280.075224342443 280.844900133939 280.807093777664 280.021526398117 279.851607793559 279.898108189733 280.028107814539 279.559367349554 279.034959894273 279.120742735678 279.958100104404 279.996372499571 279.240235760502 279.040493478103 279.225468052097 278.297150697083 277.770596909149 277.735399113652 277.43605089403 277.637508390427 277.750106465059 278.501303788589 278.028839675954 278.161993333398 277.578318743185 277.592370817334 277.968829135102 277.832235040763 278.270529249519 278.572351689335 278.48298567727 278.525715111612 278.102315376384 277.473301331062
