rcp8.5models/MPI_ESM_LR/sc1gr3.14
NCOLS 261 
NROWS 433 
XLLCORNER 336357.134 
YLLCORNER 654653.479 
CELLSIZE 1000 
NODATA_value -3.4e+38 
[rows 374 to 395 of 433, columns 49 to 97 of 261]
-3.4e+38 -3.4e+38 -3.4e+38 278.559112548828 278.684539794922 278.887756347656 278.973266601562 278.775054931641 278.490478515625 278.396057128906 278.238983154297 278.158416748047 278.316101074219 278.602386474609 278.074066162109 278.154052734375 277.425476074219 276.483245849609 276.6201171875 273.236663818359 272.124755859375 274.198791503906 275.892425537109 274.758087158203 275.196868896484 277.0751953125 277.857086181641 277.739593505859 274.003753662109 265.034149169922 263.65966796875 269.451934814453 275.266998291016 276.426025390625 276.258819580078 274.986022949219 273.126190185547 271.765289306641 272.140472412109 272.606109619141 270.370361328125 263.201995849609 262.975006103516 260.748077392578 255.066146850586 253.896133422852 252.850830078125 251.162200927734 254.299133300781
-3.4e+38 -3.4e+38 -3.4e+38 278.493835449219 278.437042236328 278.538391113281 278.819000244141 278.830749511719 278.658172607422 278.873657226562 278.729614257812 278.435668945312 278.659515380859 278.762573242188 278.173583984375 278.22412109375 278.219787597656 276.456848144531 277.523132324219 274.589599609375 274.333129882812 275.928894042969 274.171447753906 272.205383300781 274.530090332031 276.948608398438 277.822418212891 277.816101074219 277.093444824219 263.9150390625 265.630004882812 269.644470214844 273.428100585938 275.883422851562 276.590393066406 275.412719726562 273.761169433594 270.337005615234 270.194793701172 271.690979003906 270.086059570312 262.350311279297 260.046539306641 259.134155273438 254.323577880859 250.692077636719 252.87744140625 252.942459106445 253.449584960938
-3.4e+38 -3.4e+38 -3.4e+38 278.619842529297 278.442596435547 278.37548828125 278.441741943359 278.815246582031 278.849578857422 279.064514160156 278.966918945312 278.925872802734 278.984283447266 278.696563720703 277.845153808594 276.737762451172 276.329315185547 275.462524414062 273.410430908203 275.147705078125 274.338623046875 274.531311035156 272.428588867188 270.786743164062 274.858428955078 276.689788818359 277.135681152344 277.83349609375 277.67333984375 268.057281494141 268.230407714844 269.561798095703 272.769683837891 276.040710449219 275.561920166016 274.301666259766 274.2138671875 271.845397949219 270.710205078125 271.451293945312 270.862640380859 263.331237792969 256.664276123047 255.998657226562 255.937698364258 250.999969482422 250.356079101562 253.375015258789 254.471710205078
-3.4e+38 -3.4e+38 -3.4e+38 -3.4e+38 278.459594726562 278.360748291016 278.333679199219 278.718505859375 278.911865234375 279.098052978516 278.751525878906 278.890625 279.074188232422 278.631988525391 277.874359130859 275.839996337891 275.181823730469 274.716033935547 273.501281738281 273.722381591797 272.563690185547 273.572113037109 272.372100830078 270.064270019531 272.981323242188 276.169158935547 277.085845947266 277.587066650391 277.643524169922 275.023193359375 273.52392578125 272.894927978516 274.279571533203 275.681060791016 274.504791259766 274.60986328125 274.683410644531 273.222473144531 271.297241210938 271.49609375 272.117797851562 267.801361083984 262.413177490234 259.39306640625 256.997161865234 253.473251342773 248.698532104492 249.458923339844 252.303421020508
-3.4e+38 -3.4e+38 -3.4e+38 -3.4e+38 278.620452880859 278.33984375 278.438049316406 -3.4e+38 278.901977539062 -3.4e+38 -3.4e+38 278.970306396484 278.945587158203 278.618896484375 278.2333984375 277.295135498047 276.374389648438 276.010284423828 276.414703369141 272.107421875 269.927093505859 273.102691650391 274.894744873047 272.041656494141 273.000640869141 276.261932373047 277.302886962891 277.540283203125 277.645812988281 277.362426757812 277.516662597656 274.409149169922 274.240814208984 275.597595214844 274.937225341797 274.623260498047 274.708465576172 273.679992675781 271.554534912109 270.017211914062 271.186798095703 270.978912353516 266.694702148438 262.429290771484 256.358367919922 253.978912353516 252.230194091797 247.77978515625 250.567886352539
-3.4e+38 -3.4e+38 -3.4e+38 -3.4e+38 278.711791992188 278.471130371094 -3.4e+38 278.695068359375 278.858062744141 278.603637695312 278.68115234375 278.919219970703 278.883605957031 278.645477294922 278.398742675781 278.574432373047 278.130187988281 277.003997802734 277.0146484375 273.028411865234 270.808288574219 271.606140136719 274.54345703125 275.484588623047 275.133270263672 276.151031494141 277.312072753906 277.820007324219 277.793243408203 277.514343261719 277.062469482422 273.434722900391 270.267272949219 272.357849121094 274.115356445312 274.290130615234 275.158294677734 274.845336914062 272.953887939453 270.620025634766 271.058013916016 270.348907470703 264.326416015625 260.177795410156 260.208129882812 262.390716552734 261.408782958984 254.255310058594 250.24560546875
-3.4e+38 -3.4e+38 -3.4e+38 -3.4e+38 -3.4e+38 278.622436523438 278.700775146484 -3.4e+38 278.377777099609 278.349517822266 278.500244140625 278.673950195312 278.702758789062 278.721862792969 278.59814453125 278.822692871094 278.9423828125 277.833953857422 275.77783203125 274.514739990234 272.203369140625 269.479949951172 270.924774169922 275.051116943359 276.749969482422 277.115875244141 277.526031494141 278.007934570312 277.871154785156 277.491027832031 276.059509277344 274.178405761719 269.005279541016 268.505584716797 272.047088623047 272.598175048828 273.824340820312 274.862854003906 274.139587402344 272.795562744141 271.645599365234 272.287170410156 266.678985595703 261.827484130859 266.094757080078 271.793853759766 270.790130615234 264.310150146484 255.948455810547
-3.4e+38 -3.4e+38 -3.4e+38 -3.4e+38 -3.4e+38 278.427307128906 278.421142578125 278.487609863281 278.485290527344 278.414886474609 278.253173828125 278.316528320312 278.494201660156 278.569030761719 278.47607421875 278.475372314453 278.619354248047 277.615081787109 274.124542236328 272.321228027344 270.512359619141 268.420989990234 269.594909667969 272.173217773438 276.041473388672 277.518737792969 277.427734375 277.783081054688 277.693511962891 277.0712890625 275.564270019531 273.812286376953 271.917419433594 269.454040527344 271.852142333984 271.257385253906 272.610870361328 275.162902832031 275.335632324219 273.540069580078 271.075653076172 272.672241210938 271.2294921875 269.124359130859 271.323883056641 274.269866943359 275.273620605469 269.674346923828 263.072204589844
-3.4e+38 -3.4e+38 -3.4e+38 -3.4e+38 -3.4e+38 278.305938720703 278.074493408203 278.359832763672 278.450988769531 278.292938232422 278.017120361328 278.131622314453 278.189666748047 278.294647216797 278.230316162109 278.220367431641 278.209991455078 277.722564697266 274.231811523438 271.554443359375 269.796844482422 269.653991699219 271.302673339844 272.314086914062 275.275238037109 277.193450927734 277.499114990234 277.603179931641 277.544403076172 277.106414794922 274.639862060547 272.635681152344 272.632751464844 270.248596191406 272.383209228516 270.708129882812 272.084197998047 275.812316894531 276.12109375 273.494049072266 270.974426269531 271.949645996094 274.037292480469 274.120513916016 274.759155273438 274.982635498047 274.655395507812 272.313934326172 268.360626220703
-3.4e+38 -3.4e+38 -3.4e+38 -3.4e+38 -3.4e+38 -3.4e+38 277.735748291016 277.965240478516 278.225219726562 278.053894042969 278.060913085938 278.177368164062 278.150451660156 278.106842041016 277.935760498047 277.919769287109 277.861511230469 277.940490722656 278.311676025391 278.080841064453 277.911254882812 277.854248046875 275.856048583984 274.405456542969 275.150268554688 276.899841308594 277.840118408203 277.756256103516 277.658203125 277.508392333984 273.339813232422 272.538452148438 273.204742431641 270.80224609375 271.482818603516 270.730255126953 270.326873779297 273.204833984375 275.888763427734 276.678588867188 275.1201171875 273.884002685547 274.380950927734 274.116302490234 272.732055664062 273.540222167969 274.349060058594 273.61181640625 273.768341064453
-3.4e+38 -3.4e+38 -3.4e+38 -3.4e+38 -3.4e+38 -3.4e+38 277.826965332031 277.642486572266 278.000152587891 277.809020996094 277.980895996094 278.099792480469 277.992401123047 277.684204101562 277.735076904297 277.454132080078 277.598358154297 277.586730957031 278.274047851562 278.002502441406 277.864013671875 277.615386962891 277.363006591797 277.169036865234 277.100006103516 277.461273193359 277.851959228516 277.884246826172 277.709533691406 277.806243896484 275.467132568359 274.156341552734 273.624847412109 269.312896728516 269.325866699219 271.070434570312 266.176330566406 268.54443359375 273.749206542969 275.669250488281 276.357757568359 273.145629882812 273.396545410156 275.2109375 273.731597900391 273.143035888672 273.100952148438 272.578369140625 273.567474365234
-3.4e+38 -3.4e+38 -3.4e+38 -3.4e+38 -3.4e+38 -3.4e+38 -3.4e+38 277.884948730469 277.844299316406 277.506164550781 277.571685791016 277.679656982422 277.616546630859 277.33203125 277.675354003906 277.533111572266 277.311584472656 277.495574951172 278.114593505859 277.936492919922 277.186401367188 276.504364013672 276.970245361328 277.578186035156 275.748443603516 274.999755859375 276.156372070312 277.292541503906 277.68994140625 277.772827148438 276.081298828125 272.295989990234 271.430236816406 268.878234863281 267.040679931641 268.77099609375 264.281982421875 267.322540283203 272.461181640625 274.039581298828 276.037994384766 274.755065917969 273.310028076172 272.731903076172 272.504669189453 272.91845703125 271.526153564453 271.169647216797 272.507171630859
-3.4e+38 -3.4e+38 -3.4e+38 -3.4e+38 -3.4e+38 -3.4e+38 -3.4e+38 277.749389648438 277.598541259766 277.719635009766 277.863525390625 277.575134277344 277.38623046875 277.321716308594 277.500762939453 277.513916015625 277.204345703125 277.440734863281 278.078216552734 277.68603515625 276.963043212891 276.119873046875 275.802551269531 276.825927734375 275.417388916016 275.20654296875 276.123107910156 277.007049560547 277.554168701172 277.597564697266 276.438751220703 272.645141601562 271.127960205078 271.634979248047 268.398132324219 265.188629150391 263.456420898438 267.644500732422 271.913330078125 273.579772949219 275.129516601562 276.573669433594 274.489959716797 271.554809570312 270.896179199219 271.857727050781 271.523712158203 269.774200439453 266.465026855469
-3.4e+38 -3.4e+38 -3.4e+38 -3.4e+38 -3.4e+38 -3.4e+38 -3.4e+38 277.544464111328 277.695526123047 277.910247802734 278.068542480469 277.590118408203 277.608551025391 277.820678710938 277.579437255859 277.548187255859 277.17626953125 277.013641357422 277.903594970703 277.562347412109 277.428192138672 276.813842773438 275.895599365234 275.822479248047 276.307342529297 275.539794921875 274.209899902344 275.376831054688 277.150848388672 277.579071044922 277.463195800781 276.231536865234 273.722747802734 273.363555908203 269.214141845703 264.840484619141 262.690032958984 262.285461425781 268.590728759766 274.468902587891 274.644592285156 275.357818603516 275.269714355469 272.335723876953 270.406524658203 270.0869140625 270.706878662109 268.855621337891 262.665679931641
-3.4e+38 -3.4e+38 -3.4e+38 -3.4e+38 -3.4e+38 -3.4e+38 -3.4e+38 277.854431152344 277.917114257812 277.787017822266 277.877990722656 277.875946044922 277.966186523438 278.203155517578 277.776550292969 277.832458496094 277.414794921875 277.011352539062 277.698883056641 277.712707519531 277.675659179688 277.278472900391 277.017425537109 274.560913085938 275.291564941406 275.015411376953 273.081939697266 275.104583740234 277.330505371094 276.577514648438 277.384338378906 277.045379638672 273.178039550781 271.238800048828 269.920532226562 267.391967773438 265.407104492188 263.046142578125 269.406799316406 275.737121582031 274.668365478516 272.946868896484 275.313629150391 272.465484619141 268.939331054688 267.779296875 268.759948730469 268.123016357422 264.250885009766
-3.4e+38 -3.4e+38 -3.4e+38 -3.4e+38 -3.4e+38 -3.4e+38 -3.4e+38 -3.4e+38 277.760650634766 277.850280761719 277.908386230469 -3.4e+38 278.006988525391 278.021057128906 277.887481689453 277.961090087891 277.499267578125 277.140258789062 277.570739746094 277.808044433594 277.796600341797 277.521514892578 277.306304931641 273.347259521484 272.956634521484 274.523559570312 274.220458984375 275.884582519531 277.484344482422 275.284912109375 277.440612792969 275.894805908203 271.057891845703 268.531372070312 269.592163085938 269.115692138672 268.373992919922 268.224304199219 273.0087890625 276.413513183594 274.587890625 269.196594238281 273.056365966797 274.318511962891 269.830474853516 265.679931640625 266.527038574219 268.022735595703 267.463073730469
-3.4e+38 -3.4e+38 -3.4e+38 -3.4e+38 -3.4e+38 -3.4e+38 -3.4e+38 -3.4e+38 277.693420410156 277.939422607422 -3.4e+38 277.945251464844 277.579376220703 277.371643066406 277.78173828125 277.860900878906 277.421875 277.086151123047 277.254547119141 277.443237304688 277.726776123047 277.696502685547 277.214660644531 274.748565673828 273.978332519531 274.549224853516 275.321319580078 276.385955810547 277.065399169922 276.157958984375 277.507019042969 275.500579833984 272.130493164062 269.420806884766 270.376983642578 270.095764160156 268.608764648438 268.9619140625 273.767639160156 276.899108886719 275.169281005859 269.375122070312 269.419158935547 273.757110595703 272.550354003906 267.205718994141 266.542694091797 269.053405761719 269.998138427734
-3.4e+38 -3.4e+38 -3.4e+38 -3.4e+38 -3.4e+38 -3.4e+38 -3.4e+38 -3.4e+38 277.603424072266 277.70703125 277.918731689453 277.800537109375 277.520599365234 277.223693847656 277.312530517578 277.249206542969 277.058135986328 276.899536132812 276.908264160156 276.880310058594 277.119598388672 277.289642333984 277.397491455078 277.085388183594 275.4208984375 274.154388427734 274.66943359375 275.234436035156 276.480834960938 276.718719482422 277.182220458984 276.094512939453 275.175231933594 272.250091552734 271.436553955078 271.328765869141 269.411590576172 268.992401123047 273.589721679688 276.838256835938 276.029022216797 271.062255859375 268.165466308594 270.044830322266 272.712921142578 270.792816162109 268.747283935547 269.829620361328 270.579711914062
-3.4e+38 -3.4e+38 -3.4e+38 -3.4e+38 -3.4e+38 -3.4e+38 -3.4e+38 -3.4e+38 277.611297607422 277.746154785156 277.917663574219 277.894500732422 277.623779296875 277.294891357422 276.998229980469 276.906585693359 277.022277832031 276.880889892578 276.697692871094 276.72607421875 276.935485839844 277.081207275391 277.193481445312 277.237335205078 276.208465576172 273.905914306641 273.513580322266 273.878753662109 275.764892578125 275.928558349609 276.282562255859 276.746734619141 277.063995361328 274.403472900391 271.480987548828 271.201812744141 269.582672119141 267.086456298828 271.852783203125 276.389678955078 275.804565429688 269.310089111328 268.129791259766 266.385498046875 267.658630371094 271.382507324219 272.906219482422 272.817047119141 272.163726806641
-3.4e+38 -3.4e+38 -3.4e+38 -3.4e+38 -3.4e+38 -3.4e+38 -3.4e+38 -3.4e+38 277.680267333984 277.880859375 277.915710449219 277.67919921875 277.370788574219 277.214019775391 277.079650878906 277.057983398438 277.026641845703 276.852020263672 276.584381103516 276.773010253906 276.799957275391 276.435485839844 276.598785400391 277.043090820312 276.662445068359 275.007873535156 273.778564453125 273.241455078125 274.160308837891 275.873687744141 276.156555175781 276.727447509766 277.052490234375 275.957275390625 274.001037597656 272.607788085938 269.728515625 267.64697265625 272.346069335938 276.486999511719 273.270111083984 267.855346679688 265.505889892578 262.057250976562 261.8046875 266.82568359375 273.155242919922 274.998779296875 273.989227294922
-3.4e+38 -3.4e+38 -3.4e+38 -3.4e+38 -3.4e+38 -3.4e+38 -3.4e+38 -3.4e+38 277.743041992188 277.679351806641 277.486480712891 277.352447509766 277.307250976562 277.287475585938 277.267639160156 277.183807373047 277.039276123047 276.844940185547 276.472808837891 276.518280029297 276.217956542969 274.733520507812 275.780944824219 277.046569824219 274.584930419922 272.477935791016 272.589721679688 272.323547363281 273.167938232422 276.3623046875 275.919250488281 276.093566894531 276.243957519531 276.3447265625 276.063842773438 275.368072509766 271.877380371094 267.585632324219 268.897705078125 273.932922363281 272.085723876953 264.365600585938 264.333312988281 261.596649169922 262.153472900391 264.437286376953 270.541931152344 274.68115234375 274.823028564453
-3.4e+38 -3.4e+38 -3.4e+38 -3.4e+38 -3.4e+38 -3.4e+38 -3.4e+38 -3.4e+38 277.355743408203 277.210876464844 277.138214111328 277.413513183594 277.788238525391 277.469329833984 276.998352050781 276.951263427734 277.217376708984 277.229095458984 276.608154296875 276.572021484375 276.373138427734 275.724365234375 273.768768310547 273.851013183594 275.813232421875 275.157775878906 273.047241210938 272.447204589844 273.330230712891 275.450897216797 276.083526611328 276.380279541016 276.554779052734 276.154907226562 275.771209716797 275.648956298828 276.107971191406 273.809204101562 267.180145263672 271.008911132812 275.986511230469 266.715515136719 266.495880126953 266.871154785156 266.546539306641 265.886627197266 266.967895507812 269.864959716797 270.955993652344
