rcp8.5models/MPI_ESM_LR/sc1gr2.34
NCOLS 261 
NROWS 433 
XLLCORNER 336357.134 
YLLCORNER 654653.479 
CELLSIZE 1000 
NODATA_value -9999 
[rows 264 to 285 of 433, columns 50 to 99 of 261]
350.54150390625 350.533630371094 350.524993896484 350.91796875 351.505126953125 351.493957519531 351.609436035156 351.926300048828 352.087371826172 351.957183837891 351.772216796875 352.265228271484 352.767333984375 352.366577148438 352.350494384766 352.334228515625 352.317749023438 352.512878417969 352.267578125 352.398620605469 352.70751953125 352.982727050781 352.961486816406 352.570098876953 352.705505371094 353.166198730469 353.760040283203 354.117340087891 354.31640625 354.058044433594 353.054595947266 353.193176269531 353.656097412109 354.236480712891 354.743896484375 354.604522705078 353.970367431641 354.335418701172 354.569000244141 354.090850830078 353.495147705078 353.10986328125 352.140350341797 352.382904052734 352.984161376953 350.816253662109 350.349548339844 349.185455322266 343.414947509766 345.381958007812
350.531494140625 350.253967285156 350.121398925781 350.642333984375 350.83740234375 351.091583251953 351.195343017578 351.196716308594 352.041687011719 352.270751953125 351.783416748047 351.925109863281 352.586120605469 352.602508544922 352.716186523438 352.317749023438 352.052947998047 352.266815185547 352.249633789062 352.475524902344 352.982879638672 352.957153320312 352.415863037109 352.163635253906 352.146636962891 352.281280517578 353.127838134766 354.096435546875 353.846923828125 354.371307373047 354.000213623047 353.385650634766 353.157196044922 354.002655029297 354.748229980469 354.213958740234 353.947021484375 354.0908203125 354.179718017578 353.910705566406 353.670745849609 352.924468994141 351.818298339844 351.060394287109 351.027709960938 350.055053710938 349.291107177734 346.868621826172 338.848266601562 340.445953369141
349.708282470703 349.501068115234 349.490875244141 349.620239257812 350.080841064453 350.597412109375 350.428894042969 350.414520263672 350.283111572266 350.763732910156 351.728637695312 351.568664550781 351.335510253906 351.826568603516 352.711883544922 352.662170410156 352.016448974609 351.380706787109 351.988250732422 352.274719238281 351.946228027344 352.311126708984 352.375946044922 351.883636474609 351.974822998047 352.612548828125 353.092712402344 353.818695068359 353.388824462891 353.160034179688 353.390747070312 353.146331787109 352.612121582031 352.349884033203 352.948669433594 353.757110595703 353.646911621094 353.888061523438 353.875701904297 353.863952636719 353.683288574219 352.973205566406 351.431427001953 349.230133056641 347.272003173828 348.256713867188 349.652038574219 340.693756103516 329.526885986328 335.847320556641
349.499664306641 349.489685058594 349.478973388672 349.467529296875 349.597320556641 350.057708740234 350.031585693359 350.663330078125 350.359802246094 349.920776367188 350.713623046875 350.441375732422 350.56201171875 351.597930908203 352.276428222656 352.489105224609 352.099761962891 351.461822509766 351.967010498047 351.930450439453 351.541168212891 351.768707275391 352.122222900391 351.950958251953 352.243835449219 353.153564453125 353.572662353516 353.878723144531 353.609405517578 352.749664306641 352.369262695312 352.429595947266 352.529907226562 352.513214111328 352.812683105469 353.529449462891 353.652191162109 353.503936767578 353.852752685547 353.617919921875 353.598327636719 352.910614013672 351.896881103516 350.935729980469 350.062744140625 349.877960205078 349.265991210938 341.324798583984 333.960998535156 338.949920654297
349.488555908203 349.478057861328 349.466857910156 349.454956054688 349.712463378906 350.224426269531 349.163757324219 350.150024414062 350.434906005859 350.403015136719 350.715942382812 350.172729492188 350.234344482422 350.909149169922 351.417083740234 351.621124267578 351.857269287109 351.968933105469 351.927825927734 351.386688232422 351.385437011719 351.889221191406 352.102508544922 351.841796875 352.093505859375 353.443084716797 353.791351318359 353.408477783203 353.221038818359 352.335906982422 351.114562988281 351.591949462891 352.913482666016 353.128295898438 353.245330810547 353.028289794922 353.108856201172 352.776275634766 352.661163330078 352.716003417969 352.697875976562 352.786926269531 352.778137207031 352.332427978516 350.855804443359 350.262847900391 348.892944335938 338.270782470703 331.852783203125 341.388305664062
349.199829101562 349.081634521484 349.454498291016 349.442138671875 349.844299316406 350.415405273438 349.178924560547 349.782653808594 350.354766845703 350.485778808594 350.79638671875 350.680541992188 350.28662109375 350.675811767578 350.994567871094 350.858764648438 351.618469238281 351.554077148438 351.384552001953 351.138885498047 351.520812988281 352.101379394531 352.082702636719 351.665771484375 351.840942382812 353.183288574219 353.247650146484 352.991638183594 352.829284667969 352.752655029297 351.362274169922 351.806060791016 353.123352050781 353.627197265625 353.472076416016 353.075653076172 353.192718505859 352.433074951172 352.033020019531 352.314483642578 351.267791748047 351.338073730469 352.093933105469 350.697784423828 348.967834472656 348.376251220703 349.556457519531 340.978088378906 335.042419433594 345.417663574219
348.93994140625 348.979705810547 349.059875488281 349.703277587891 349.940948486328 349.750518798828 349.371551513672 349.769775390625 350.073944091797 349.946380615234 350.454315185547 350.502288818359 350.269927978516 350.143768310547 350.079528808594 350.366271972656 350.976593017578 351.157897949219 351.138854980469 351.369140625 351.623352050781 351.714202880859 352.062774658203 352.132568359375 352.312316894531 352.641784667969 352.747802734375 352.846313476562 353.451812744141 353.601257324219 352.624816894531 352.278411865234 353.028961181641 353.493988037109 353.678833007812 353.344085693359 353.063140869141 352.636505126953 352.530181884766 352.611480712891 349.792755126953 348.236114501953 348.787353515625 347.780578613281 347.649658203125 348.436370849609 349.682159423828 344.050964355469 336.845520019531 345.616271972656
349.2587890625 349.019561767578 348.8505859375 349.560943603516 349.603454589844 349.387451171875 349.626220703125 349.864624023438 349.799774169922 349.83056640625 349.915222167969 350.271209716797 349.991973876953 349.451446533203 349.367767333984 349.569274902344 349.960815429688 350.517578125 350.751861572266 351.255401611328 351.559020996094 352.07958984375 352.408294677734 352.425750732422 352.603576660156 352.386535644531 352.568054199219 352.265991210938 353.314270019531 353.535736083984 352.616882324219 350.834197998047 351.302124023438 352.042419433594 352.868865966797 353.053009033203 352.788543701172 352.775299072266 352.989837646484 353.332763671875 349.050750732422 347.297332763672 347.509246826172 348.131134033203 349.218109130859 350.318145751953 350.344299316406 345.122406005859 339.785614013672 346.243103027344
349.441833496094 349.284606933594 349.218475341797 349.402465820312 349.388122558594 349.373199462891 349.760864257812 350.175994873047 349.831390380859 349.500885009766 349.688446044922 350.254425048828 350.084014892578 349.848236083984 349.567749023438 349.178802490234 349.313323974609 349.753112792969 350.508758544922 351.0810546875 351.217742919922 351.833892822266 352.253662109375 352.160827636719 352.218109130859 352.367523193359 352.545257568359 352.169708251953 352.532165527344 353.035217285156 351.672973632812 348.540405273438 348.085021972656 348.264953613281 349.099334716797 352.423583984375 352.996368408203 353.108764648438 352.903442382812 353.373870849609 348.930480957031 347.250457763672 348.038146972656 350.954956054688 351.600311279297 351.186340332031 350.493041992188 345.043151855469 342.44921875 348.464172363281
349.051391601562 349.416656494141 349.403076171875 349.388854980469 349.374084472656 349.358734130859 349.475799560547 349.666137695312 349.500305175781 349.274230957031 349.40771484375 349.602569580078 349.585754394531 349.568664550781 349.397521972656 348.642272949219 348.406890869141 349.767242431641 350.856567382812 351.061492919922 351.041656494141 351.429321289062 352.250854492188 352.345031738281 351.963470458984 352.103546142578 351.674560546875 350.861999511719 352.031463623047 352.494812011719 351.715576171875 347.8671875 346.119323730469 346.792510986328 347.060607910156 351.79736328125 352.907318115234 352.983154296875 352.718353271484 352.870483398438 351.218688964844 349.653961181641 350.108978271484 350.713348388672 350.38134765625 351.833770751953 350.444061279297 345.525543212891 344.439361572266 349.693328857422
348.563232421875 348.745483398438 348.733673095703 348.721282958984 348.708282470703 348.694702148438 348.939147949219 349.293640136719 349.275909423828 349.257720947266 349.239166259766 349.486206054688 349.833557128906 349.812072753906 349.267120361328 348.465606689453 348.941345214844 350.015869140625 350.443298339844 350.678558349609 351.273834228516 351.522155761719 352.028747558594 352.802856445312 352.302978515625 351.923309326172 351.094421386719 349.885559082031 351.25048828125 351.156707763672 351.419677734375 349.423522949219 346.371063232422 347.167572021484 348.198425292969 351.295959472656 352.368072509766 352.708770751953 352.696228027344 352.684478759766 351.498565673828 350.374908447266 351.294891357422 350.586547851562 350.361236572266 352.239959716797 351.290496826172 349.372100830078 349.038116455078 350.451629638672
348.029968261719 348.390777587891 348.376220703125 348.080505371094 347.973388671875 348.051788330078 348.721130371094 349.277679443359 349.259552001953 349.241058349609 348.953674316406 348.989959716797 349.551391601562 349.53369140625 349.467224121094 349.270446777344 349.259979248047 350.425567626953 350.042236328125 350.180297851562 351.052337646484 351.570129394531 351.531188964844 352.332427978516 352.154022216797 351.655426025391 351.202362060547 350.823333740234 351.183898925781 350.165863037109 350.404357910156 350.964324951172 348.651611328125 347.143981933594 347.394317626953 350.405151367188 352.096923828125 352.686584472656 352.443939208984 351.852722167969 348.482482910156 348.840148925781 349.766235351562 350.276031494141 351.865509033203 351.646881103516 351.474365234375 352.000213623047 351.023895263672 348.914764404297
347.539855957031 347.720062255859 347.990844726562 348.197204589844 348.132141113281 348.163269042969 348.431823730469 348.893585205078 348.970397949219 348.857452392578 348.780822753906 348.340423583984 348.800659179688 349.145568847656 349.281829833984 349.322204589844 349.345367431641 350.264862060547 350.022399902344 350.001770019531 350.300720214844 350.829040527344 351.101043701172 351.562042236328 351.651519775391 351.361785888672 351.626708984375 351.434814453125 350.914398193359 348.543914794922 348.919128417969 351.589233398438 350.761627197266 347.585205078125 344.306884765625 346.253631591797 350.317749023438 352.664398193359 352.255065917969 351.47412109375 349.217620849609 349.549224853516 350.417327880859 350.723846435547 352.074005126953 351.765075683594 351.706878662109 352.358428955078 350.900634765625 348.856567382812
347.379089355469 347.364196777344 347.498870849609 347.680145263672 347.947448730469 348.299194335938 348.263671875 348.398956298828 348.432495117188 348.634338378906 348.761383056641 348.437072753906 348.935333251953 349.127227783203 349.106658935547 349.0859375 349.485626220703 350.383392333984 349.744476318359 349.365936279297 349.857391357422 350.712921142578 350.919525146484 351.312255859375 351.467041015625 351.021911621094 350.989715576172 350.701263427734 350.206848144531 348.030303955078 348.406280517578 351.025634765625 351.549468994141 350.129730224609 348.053741455078 348.360412597656 350.575714111328 352.291961669922 352.463012695312 351.967620849609 350.10888671875 350.378601074219 351.580963134766 351.574066162109 351.736419677734 351.825408935547 351.506591796875 351.2548828125 350.213684082031 349.161682128906
346.984985351562 347.336944580078 347.320556640625 347.589447021484 347.651733398438 347.704803466797 347.951965332031 347.571166992188 347.829925537109 347.897918701172 348.06396484375 348.492736816406 348.269256591797 348.730102539062 349.068817138672 349.047515869141 349.186340332031 349.364562988281 349.605010986328 350.199005126953 350.437347412109 349.612548828125 349.076232910156 349.731079101562 350.087768554688 350.834442138672 350.735198974609 349.280883789062 349.415496826172 348.364440917969 348.505523681641 350.927703857422 350.909942626953 351.409515380859 351.709136962891 351.725891113281 352.013671875 352.128570556641 351.488342285156 351.341644287109 349.481719970703 349.298614501953 351.280120849609 351.304351806641 351.180114746094 351.52099609375 351.124694824219 350.293701171875 348.554840087891 346.488006591797
346.491119384766 346.667236328125 346.941314697266 347.442535400391 347.467681884766 347.407623291016 348.058868408203 347.835815429688 347.970855712891 347.721557617188 347.999328613281 348.682098388672 348.092407226562 348.500518798828 349.049621582031 349.028015136719 348.741027832031 348.607025146484 349.103637695312 349.7275390625 349.864074707031 348.938720703125 348.628631591797 348.999176025391 349.626342773438 350.355438232422 350.489410400391 349.525115966797 349.778625488281 350.031097412109 349.721618652344 350.421051025391 349.983459472656 350.345947265625 350.958587646484 350.677581787109 351.061706542969 351.419799804688 350.965545654297 350.450775146484 346.087585449219 346.539703369141 349.795989990234 349.169281005859 349.523071289062 351.274505615234 350.758331298828 349.878295898438 347.802368164062 346.621429443359
346.325836181641 346.30908203125 346.445739746094 346.623016357422 346.893615722656 346.952026367188 347.837768554688 348.178314208984 348.157989501953 347.701751708984 347.709991455078 348.3037109375 348.073669433594 348.212615966797 347.865814208984 347.940582275391 348.557983398438 348.723175048828 348.920440673828 349.322875976562 349.712707519531 349.207916259766 348.833953857422 348.557861328125 348.860076904297 349.771575927734 349.666839599609 349.199096679688 350.220703125 350.675384521484 350.413177490234 349.637908935547 348.623962402344 347.635314941406 347.624206542969 348.170562744141 349.339202880859 350.910430908203 350.598846435547 349.680755615234 344.705688476562 345.043792724609 347.576599121094 347.801666259766 348.703857421875 350.39501953125 350.250427246094 349.341094970703 348.130035400391 347.993743896484
346.312133789062 346.294891357422 346.277130126953 346.258911132812 346.396362304688 346.418182373047 346.697540283203 347.163024902344 347.782562255859 347.959930419922 347.8916015625 347.801483154297 347.425354003906 347.677337646484 347.416229248047 347.637054443359 348.535858154297 348.657165527344 348.546813964844 349.303558349609 349.59521484375 349.058166503906 349.069396972656 348.975036621094 348.452789306641 348.796752929688 348.960632324219 348.709014892578 350.074829101562 350.058166503906 349.137359619141 348.163818359375 347.945983886719 345.764190673828 345.454040527344 347.624389648438 348.796264648438 350.498565673828 350.546844482422 349.729309082031 344.680145263672 344.453674316406 346.529205322266 347.636444091797 348.289276123047 349.512145996094 350.056060791016 349.279693603516 349.239013671875 349.529083251953
345.576507568359 346.280548095703 346.262359619141 346.243682861328 346.224578857422 346.204986572266 346.164611816406 346.585754394531 347.282653808594 347.745483398438 347.801940917969 346.712951660156 345.777618408203 346.467834472656 347.202972412109 347.565093994141 348.160949707031 348.032653808594 348.394561767578 348.407989501953 348.967010498047 349.16162109375 348.956573486328 348.481567382812 347.882476806641 348.496612548828 348.958801269531 349.285003662109 348.154876708984 347.303283691406 348.756622314453 348.950042724609 348.684295654297 346.153228759766 345.640930175781 347.358367919922 348.345306396484 349.504241943359 349.991821289062 349.419189453125 343.271514892578 343.004608154297 345.220550537109 346.188415527344 347.496765136719 349.232940673828 349.806823730469 348.415069580078 347.687042236328 347.889739990234
344.892730712891 345.611907958984 345.889282226562 346.228332519531 346.208770751953 346.188751220703 346.077178955078 346.925659179688 347.104888916016 347.244476318359 347.266479492188 346.713989257812 345.997833251953 346.495239257812 347.595520019531 347.463928222656 347.574066162109 347.560974121094 347.195922851562 347.135284423828 348.145294189453 348.664428710938 348.508270263672 347.546569824219 347.317413330078 348.356475830078 349.105499267578 349.410491943359 347.011596679688 345.794372558594 348.907135009766 350.085418701172 349.452575683594 347.883270263672 346.622833251953 346.679809570312 347.323577880859 348.311370849609 347.943176269531 346.869903564453 342.563629150391 341.123596191406 342.368927001953 343.973907470703 346.878479003906 348.757995605469 348.929382324219 347.609954833984 346.234252929688 345.426055908203
344.725250244141 345.251495361328 345.390167236328 345.856781005859 346.192779541016 346.17236328125 345.805847167969 346.116516113281 346.167175292969 346.359161376953 347.322265625 347.371490478516 346.556182861328 346.302337646484 347.249572753906 347.490264892578 347.340606689453 347.773010253906 346.402191162109 346.411376953125 347.705017089844 348.282440185547 348.229614257812 348.159606933594 348.077606201172 348.707489013672 349.174743652344 348.871032714844 347.416870117188 346.529968261719 348.325073242188 349.195251464844 349.186737060547 348.68212890625 347.811889648438 347.993347167969 346.606384277344 345.309295654297 345.335723876953 345.122650146484 341.297668457031 339.728790283203 340.344207763672 342.795959472656 347.510162353516 348.499450683594 347.593139648438 346.907409667969 345.935638427734 343.222229003906
344.413360595703 344.583343505859 345.158660888672 346.005432128906 345.883819580078 345.802368164062 345.663513183594 345.253143310547 345.269866943359 345.655334472656 346.555114746094 346.576263427734 345.350799560547 344.076202392578 345.214263916016 346.496978759766 346.701599121094 347.538177490234 346.992553710938 346.836120605469 347.714660644531 347.966918945312 347.891265869141 347.835205078125 347.730133056641 348.225708007812 348.521575927734 348.361450195312 347.479339599609 345.386444091797 346.247802734375 348.522155761719 348.431884765625 347.482025146484 346.163848876953 346.514556884766 347.139526367188 345.955688476562 344.688323974609 345.135009765625 342.018798828125 341.130157470703 341.705139160156 344.651062011719 348.178161621094 348.787017822266 347.298675537109 346.815734863281 346.913421630859 344.101654052734
