rcp8.5models/MPI_ESM_LR/sc1gr10.24
NCOLS 261 
NROWS 433 
XLLCORNER 336357.134 
YLLCORNER 654653.479 
CELLSIZE 1000 
NODATA_value -3.4e+38 
[rows 176 to 197 of 433, columns 49 to 97 of 261]
321.069885253906 320.607482910156 320.187286376953 319.782135009766 320.116760253906 319.822998046875 319.500274658203 318.617736816406 318.188659667969 318.044860839844 317.539825439453 317.914489746094 317.902893066406 317.683898925781 317.177520751953 317.349487304688 316.997344970703 316.472747802734 316.961486816406 316.868347167969 317.231414794922 317.147094726562 317.871826171875 317.788513183594 317.845306396484 318.11669921875 319.01220703125 320.131225585938 322.030975341797 326.355285644531 328.848297119141 331.511932373047 334.254150390625 335.8125 338.073272705078 340.930023193359 343.095336914062 345.175628662109 348.302947998047 350.441314697266 352.531127929688 357.377746582031 359.357757568359 361.555450439453 364.183563232422 367.153839111328 369.868408203125 371.275146484375 372.622680664062
319.462829589844 318.996978759766 318.254302978516 317.980102539062 318.472625732422 318.194061279297 317.514129638672 316.739532470703 316.482757568359 315.912414550781 316.06103515625 316.031646728516 315.566070556641 315.299377441406 315.034820556641 315.501403808594 315.013916015625 314.600250244141 315.235626220703 314.845703125 315.335998535156 315.461669921875 316.011779785156 315.680389404297 316.368316650391 316.976409912109 317.908020019531 318.870513916016 320.467346191406 325.015380859375 327.275543212891 329.491546630859 331.679504394531 333.556579589844 335.474029541016 338.243804931641 340.590576171875 342.777008056641 345.507019042969 348.388397216797 350.713104248047 355.40283203125 357.283203125 359.309844970703 361.415130615234 364.448303222656 367.228210449219 369.410522460938 371.088165283203
317.974243164062 318.103057861328 316.643890380859 316.441772460938 316.832641601562 316.165466308594 315.690948486328 315.081237792969 314.445953369141 314.179443359375 314.732482910156 314.064361572266 313.666412353516 313.51904296875 313.885589599609 313.511993408203 313.142120361328 313.026702880859 313.314971923828 313.623626708984 313.788818359375 314.236083984375 314.296783447266 313.823211669922 314.688018798828 315.606597900391 316.484954833984 317.580261230469 319.401245117188 323.192626953125 325.1943359375 326.613708496094 329.066223144531 331.345428466797 332.7626953125 335.420166015625 337.853118896484 340.646301269531 343.041412353516 346.316802978516 348.520538330078 352.927581787109 355.51708984375 357.837310791016 359.293395996094 361.609497070312 364.454071044922 367.185852050781 369.360290527344
316.481384277344 316.859344482422 315.902374267578 315.568237304688 315.327209472656 314.473541259766 314.121398925781 313.557373046875 312.858978271484 313.140441894531 313.017456054688 312.248352050781 312.204498291016 312.296569824219 311.561920166016 311.671051025391 311.525939941406 311.375274658203 311.567626953125 312.156280517578 312.137878417969 312.74658203125 312.369171142578 312.711608886719 313.484222412109 313.857269287109 314.902191162109 316.353942871094 317.971252441406 321.847045898438 323.020202636719 324.304779052734 326.728485107422 328.922668457031 330.688934326172 333.051025390625 335.342559814453 338.364654541016 340.826782226562 343.373016357422 345.612518310547 349.932830810547 352.806823730469 356.154052734375 357.635162353516 360.653930664062 362.322875976562 364.3916015625 367.101776123047
315.538726806641 315.024536132812 314.557006835938 314.093200683594 313.380523681641 313.017425537109 312.77490234375 312.251068115234 311.805694580078 311.669219970703 311.120452880859 310.651275634766 310.622863769531 311.060943603516 310.078887939453 310.048736572266 309.989837646484 310.308471679688 309.832427978516 310.374114990234 310.397613525391 310.640899658203 310.476623535156 311.364807128906 312.141845703125 312.774658203125 313.835998535156 315.531036376953 316.724090576172 320.291564941406 321.260925292969 322.884826660156 324.565307617188 326.734588623047 -3.4e+38 331.101440429688 334.025726318359 336.625640869141 338.702697753906 340.599060058594 342.256469726562 347.324523925781 350.102661132812 353.171844482422 355.325317382812 358.814453125 360.688415527344 362.388031005859 364.775390625
314.147552490234 313.427520751953 313.030578613281 312.529907226562 311.68310546875 311.372589111328 311.223480224609 310.859893798828 310.500732421875 310.164978027344 309.940246582031 309.682464599609 309.063232421875 309.587005615234 308.650604248047 308.376861572266 308.354064941406 308.589813232422 308.713348388672 308.890167236328 309.288635253906 308.961151123047 309.466400146484 310.267517089844 310.527679443359 311.374694824219 312.475311279297 314.099792480469 315.148223876953 318.268768310547 320.031372070312 321.346954345703 322.964752197266 324.645965576172 326.938903808594 329.477813720703 331.958312988281 334.403869628906 335.862060546875 338.072174072266 339.898162841797 345.242523193359 347.577301025391 350.111389160156 352.953186035156 356.191955566406 358.550109863281 361.162933349609 362.725311279297
312.740447998047 312.535614013672 312.292114257812 311.783538818359 310.783996582031 309.971862792969 310.144439697266 309.39794921875 309.202484130859 309.434265136719 308.705139160156 308.434753417969 308.200500488281 308.449798583984 307.193542480469 307.200897216797 306.295684814453 306.664093017578 307.302978515625 307.306945800781 307.655090332031 307.836181640625 308.208679199219 308.924407958984 309.416534423828 310.297271728516 311.213897705078 312.373657226562 313.254730224609 316.313629150391 318.057525634766 319.689453125 321.423797607422 322.669708251953 325.086700439453 327.411712646484 329.998168945312 331.690887451172 333.278869628906 335.559051513672 338.055847167969 342.749542236328 345.294036865234 347.810150146484 350.9140625 354.095031738281 356.461456298828 359.730743408203 361.712677001953
312.002014160156 311.628845214844 310.958801269531 -3.4e+38 309.561920166016 309.141906738281 308.8896484375 307.789520263672 307.783325195312 308.142425537109 307.245025634766 306.912017822266 306.871978759766 307.2705078125 306.281402587891 306.027008056641 305.055419921875 305.025543212891 305.587493896484 305.234252929688 305.796356201172 306.442260742188 306.466247558594 307.208984375 308.07666015625 308.907135009766 309.787780761719 310.633117675781 -3.4e+38 314.353118896484 315.636169433594 317.762542724609 319.143402099609 320.782165527344 323.201873779297 325.203399658203 327.430358886719 329.221588134766 331.648315429688 334.386901855469 336.53076171875 341.029998779297 343.323516845703 345.955169677734 348.788024902344 351.383728027344 354.360534667969 357.168182373047 359.48681640625
310.764831542969 309.987731933594 309.442596435547 308.929016113281 308.114501953125 307.944488525391 307.442596435547 306.364593505859 306.696197509766 306.820098876953 306.620239257812 305.419982910156 305.324462890625 305.808746337891 304.900970458984 304.557067871094 303.6689453125 303.6328125 303.999450683594 303.951080322266 304.156311035156 304.878814697266 305.311340332031 305.548309326172 306.364379882812 307.230651855469 308.061462402344 309.0732421875 310.478515625 312.6044921875 314.2138671875 316.059509277344 317.469512939453 318.923309326172 321.024719238281 323.264739990234 -3.4e+38 327.539855957031 329.935028076172 333.066772460938 334.989990234375 339.426025390625 341.515625 344.189086914062 346.5712890625 348.358062744141 351.561889648438 353.867492675781 356.802947998047
308.576324462891 307.180023193359 306.532501220703 306.601043701172 305.878631591797 305.539794921875 305.350891113281 304.047393798828 303.657379150391 304.278228759766 304.137115478516 303.410766601562 303.082275390625 303.257385253906 302.445007324219 301.846008300781 300.775054931641 301.276763916016 301.877685546875 302.038055419922 302.263366699219 302.23779296875 302.435119628906 303.065185546875 303.606018066406 304.528076171875 305.623260498047 306.538513183594 307.526733398438 310.43896484375 312.462097167969 313.570953369141 315.388336181641 317.109832763672 318.357177734375 320.752899169922 323.207946777344 325.588989257812 327.437957763672 329.456024169922 331.709838867188 336.377227783203 337.517669677734 339.564910888672 341.426391601562 343.337097167969 345.785186767578 348.557312011719 351.712371826172
307.117126464844 305.855285644531 304.868469238281 304.494201660156 304.561859130859 304.2001953125 303.951446533203 302.581604003906 302.415618896484 302.908447265625 302.789825439453 302.748107910156 302.121337890625 302.057220458984 301.104522705078 300.568572998047 299.627685546875 299.826965332031 -3.4e+38 300.423736572266 300.502807617188 300.969299316406 301.51171875 302.221893310547 302.918548583984 303.349243164062 304.5654296875 305.335296630859 305.823852539062 308.61669921875 -3.4e+38 311.818420410156 313.683349609375 315.395141601562 316.542572021484 318.824737548828 321.179412841797 323.567993164062 325.332183837891 -3.4e+38 329.849670410156 333.626708984375 335.088195800781 336.970428466797 339.237945556641 341.279998779297 343.633239746094 346.090515136719 349.450073242188
304.538635253906 303.845123291016 302.976531982422 303.072357177734 303.053253173828 302.583923339844 301.929626464844 301.279693603516 301.476531982422 301.268035888672 300.966918945312 301.815826416016 301.369964599609 300.424499511719 299.539306640625 299.065460205078 298.422485351562 298.722351074219 299.294189453125 299.621063232422 299.513641357422 299.548187255859 300.786163330078 301.466186523438 301.672058105469 302.210388183594 303.306121826172 303.999664306641 304.561614990234 -3.4e+38 -3.4e+38 -3.4e+38 -3.4e+38 313.471466064453 314.699676513672 317.013397216797 318.968048095703 321.054046630859 323.224090576172 324.991088867188 327.092712402344 331.210174560547 333.138824462891 335.221160888672 337.151519775391 339.008850097656 341.889068603516 344.424011230469 347.096893310547
302.42431640625 301.890106201172 301.111877441406 301.247436523438 301.445587158203 300.957153320312 300.235137939453 299.727935791016 300.050048828125 299.671112060547 300.123992919922 300.283508300781 299.626281738281 298.885406494141 298.027709960938 297.450805664062 296.991912841797 297.532348632812 298.162017822266 298.73974609375 298.975982666016 298.852569580078 299.480621337891 300.173675537109 300.713073730469 301.309265136719 301.869964599609 303.011657714844 303.855194091797 -3.4e+38 -3.4e+38 -3.4e+38 -3.4e+38 311.849334716797 313.439025878906 315.349731445312 317.134094238281 319.011047363281 320.938201904297 322.551727294922 324.267608642578 328.604705810547 331.123870849609 332.750091552734 334.982452392578 337.446105957031 340.505706787109 342.717437744141 344.859283447266
300.936218261719 300.39892578125 299.679656982422 299.972595214844 -3.4e+38 299.431365966797 298.628143310547 298.731231689453 298.465484619141 297.961822509766 298.856262207031 299.085357666016 297.657592773438 297.075653076172 297.034423828125 296.497833251953 296.00537109375 296.601104736328 296.535003662109 297.289245605469 297.90380859375 298.439788818359 298.784545898438 298.906829833984 299.469177246094 300.412750244141 300.815277099609 302.168395996094 -3.4e+38 -3.4e+38 306.073089599609 307.501953125 -3.4e+38 -3.4e+38 312.06201171875 313.971282958984 315.274078369141 317.137054443359 318.713043212891 320.21826171875 322.328338623047 326.217559814453 328.668670654297 330.323516845703 332.678253173828 335.680816650391 338.014923095703 340.391998291016 342.957489013672
299.256744384766 298.748260498047 299.266235351562 299.015777587891 298.347045898438 297.938446044922 297.442443847656 297.399780273438 297.238189697266 297.284118652344 297.483520507812 297.785461425781 296.29833984375 296.245697021484 295.814147949219 295.409240722656 295.083312988281 295.365112304688 295.586334228516 296.259887695312 296.434448242188 297.171997070312 297.861755371094 298.20556640625 298.577301025391 298.803039550781 299.644500732422 301.414855957031 302.243133544922 303.792907714844 305.418243408203 306.408203125 307.548156738281 308.900665283203 310.314666748047 312.11767578125 313.556610107422 315.409515380859 317.145416259766 319.109588623047 321.076141357422 325.000030517578 326.616119384766 328.571899414062 331.063812255859 333.610504150391 335.631072998047 338.046661376953 340.657012939453
298.510772705078 297.980072021484 297.714599609375 297.408355712891 296.998229980469 297.126220703125 296.688201904297 295.868377685547 295.776214599609 296.398254394531 296.624114990234 296.471221923828 295.411895751953 295.046020507812 294.349151611328 294.124450683594 294.294219970703 294.282043457031 294.849517822266 294.983123779297 295.248931884766 295.558044433594 296.434387207031 297.514129638672 297.602142333984 297.949554443359 298.882934570312 300.076904296875 301.115661621094 303.299499511719 304.572662353516 305.100006103516 306.537200927734 307.998443603516 309.337585449219 310.401458740234 312.583740234375 314.702423095703 316.477966308594 318.370208740234 319.659576416016 324.34619140625 325.453216552734 327.264251708984 329.496673583984 332.065643310547 334.695892333984 336.664459228516 338.85693359375
297.203186035156 296.568664550781 296.030334472656 295.718170166016 295.655944824219 295.906799316406 295.153442382812 294.248840332031 294.108642578125 294.894622802734 295.382537841797 294.916320800781 294.190185546875 294.199981689453 293.682830810547 293.351593017578 293.709411621094 293.447113037109 294.112457275391 294.234832763672 294.069213867188 294.63037109375 295.387237548828 296.382904052734 296.770812988281 297.437377929688 298.198669433594 299.004547119141 299.862396240234 302.876159667969 303.652008056641 303.962310791016 305.575378417969 307.810546875 308.809204101562 309.538940429688 311.215240478516 313.536102294922 315.326507568359 316.874328613281 317.993286132812 322.551696777344 324.018524169922 325.917022705078 328.012359619141 330.261108398438 332.754730224609 335.267700195312 337.398132324219
295.753540039062 295.207916259766 294.611968994141 294.213348388672 293.926239013672 293.889801025391 293.892456054688 292.889831542969 293.103179931641 293.359436035156 293.788635253906 293.385009765625 292.603485107422 292.508514404297 292.280670166016 292.163269042969 292.994873046875 292.807495117188 293.367706298828 293.375640869141 293.63037109375 294.198425292969 294.090911865234 295.051605224609 296.449554443359 296.659576416016 297.155914306641 298.496002197266 298.462707519531 301.805847167969 302.986083984375 303.538330078125 304.731964111328 306.766235351562 307.607757568359 308.341796875 309.386383056641 311.421142578125 313.967437744141 316.460205078125 316.643524169922 320.565032958984 323.040924072266 325.498046875 326.999908447266 328.809783935547 330.897796630859 333.428588867188 335.572387695312
294.378479003906 293.8466796875 293.031860351562 292.615661621094 292.386352539062 292.613189697266 292.133453369141 291.405517578125 291.876037597656 291.503845214844 291.318634033203 291.770111083984 290.916442871094 290.603637695312 290.523132324219 290.555816650391 291.326904296875 291.649963378906 292.728546142578 293.019989013672 294.582550048828 293.782958984375 293.444885253906 294.010650634766 295.386962890625 295.901062011719 296.483856201172 297.509918212891 297.470886230469 300.264801025391 301.947692871094 303.059417724609 303.903289794922 305.211517333984 306.276824951172 306.595428466797 307.594085693359 309.685180664062 312.670440673828 314.857543945312 315.423217773438 319.327880859375 321.611236572266 323.838012695312 325.647888183594 327.632110595703 330.227416992188 332.039703369141 333.646453857422
-3.4e+38 291.972015380859 291.705810546875 291.803192138672 291.465606689453 291.203674316406 290.325500488281 289.889495849609 290.301239013672 290.116943359375 290.083251953125 289.772491455078 289.404296875 289.549163818359 288.96630859375 288.867858886719 289.480590820312 290.157104492188 290.819244384766 292.458709716797 295.682525634766 292.634796142578 292.839233398438 293.019073486328 293.819915771484 294.554412841797 295.510070800781 296.718688964844 297.066589355469 299.239990234375 302.126037597656 305.904296875 303.220672607422 305.598815917969 304.986450195312 305.496429443359 306.451019287109 307.9990234375 310.4580078125 -3.4e+38 314.043029785156 318.560913085938 320.538818359375 322.080780029297 324.595550537109 326.99267578125 329.715270996094 330.969390869141 333.281005859375
-3.4e+38 289.0830078125 289.177337646484 288.689544677734 288.065734863281 287.691772460938 287.304443359375 286.878662109375 287.1181640625 286.473358154297 286.124572753906 286.440887451172 286.074523925781 285.676452636719 285.563934326172 285.654510498047 286.30029296875 286.773040771484 287.300384521484 288.051300048828 288.671813964844 288.900054931641 289.731262207031 290.033599853516 290.069946289062 291.130065917969 292.235717773438 293.737487792969 295.357604980469 296.710266113281 298.398071289062 300.737274169922 301.388336181641 301.992645263672 302.698364257812 303.446502685547 304.347564697266 305.672668457031 307.658569335938 -3.4e+38 310.435211181641 315.251403808594 318.107971191406 319.619476318359 -3.4e+38 323.645721435547 325.746002197266 328.227355957031 331.017425537109
289.145477294922 288.352020263672 287.900390625 287.453063964844 286.868591308594 286.215423583984 285.803192138672 285.260192871094 285.555236816406 284.738372802734 284.386962890625 284.257720947266 284.012786865234 283.826385498047 284.194152832031 284.066558837891 284.747375488281 285.133544921875 285.771759033203 286.54248046875 287.101135253906 287.556304931641 288.208801269531 287.990936279297 289.032531738281 290.111968994141 290.656585693359 292.276489257812 293.535400390625 295.978302001953 297.586395263672 298.993621826172 300.1083984375 300.411651611328 300.846984863281 302.239868164062 303.643157958984 304.262664794922 306.314666748047 308.628173828125 310.024841308594 313.578796386719 316.114044189453 317.870300292969 319.991882324219 322.919860839844 325.312683105469 327.204284667969 330.045593261719
