rcp8.5models/MPI_ESM_LR/sc1gr10.39
NCOLS 261 
NROWS 433 
XLLCORNER 336357.134 
YLLCORNER 654653.479 
CELLSIZE 1000 
NODATA_value -3.4e+38 
[rows 352 to 373 of 433, columns 147 to 195 of 261]
1046.45190429688 1050.10180664062 1012.17071533203 935.460144042969 922.538696289062 919.468383789062 916.591430664062 919.101135253906 923.669128417969 918.633850097656 929.032104492188 988.341247558594 1021.15789794922 1036.41479492188 998.076354980469 953.78759765625 951.253234863281 970.695678710938 969.585815429688 951.218078613281 947.082458496094 935.501220703125 958.852111816406 978.210998535156 971.123168945312 940.181274414062 926.563110351562 924.82080078125 921.353149414062 920.423889160156 921.760803222656 925.066650390625 926.574768066406 924.721313476562 929.013305664062 934.188720703125 937.050537109375 937.818481445312 939.548706054688 938.610412597656 939.613647460938 942.155883789062 943.474243164062 947.249816894531 951.329467773438 958.789306640625 967.007202148438 974.593994140625 979.413940429688
1063.251953125 1056.189453125 1007.96752929688 930.004211425781 919.204223632812 915.695983886719 914.179504394531 912.943176269531 912.955078125 914.349609375 919.594177246094 942.776062011719 966.613708496094 980.690063476562 957.47021484375 924.427490234375 923.958190917969 959.487670898438 1001.18872070312 969.934265136719 915.476806640625 910.420837402344 938.568664550781 946.296752929688 949.269226074219 933.236022949219 920.818481445312 919.624145507812 919.378112792969 918.746826171875 917.681335449219 920.10400390625 921.118041992188 921.823425292969 928.110717773438 933.2080078125 935.4150390625 936.864990234375 938.380798339844 937.067321777344 938.350219726562 939.912109375 941.598388671875 946.081665039062 949.238830566406 957.63720703125 964.859985351562 972.786926269531 978.296630859375
1070.33874511719 1047.4345703125 982.737609863281 921.5126953125 916.6123046875 913.686462402344 910.906860351562 908.725891113281 908.108703613281 909.165893554688 910.871337890625 913.031616210938 918.032165527344 921.162902832031 917.951232910156 914.621704101562 911.896057128906 920.854553222656 950.730895996094 942.713012695312 914.818908691406 902.406005859375 909.058288574219 913.2900390625 915.633728027344 912.117126464844 914.141357421875 914.026489257812 916.073791503906 916.605224609375 915.076538085938 915.576171875 916.345947265625 918.620178222656 926.443298339844 931.444091796875 931.757507324219 933.261291503906 935.202697753906 934.872863769531 936.418273925781 937.9453125 939.412292480469 944.155334472656 947.997924804688 955.738525390625 963.734436035156 970.673278808594 976.021362304688
1079.41052246094 1052.74975585938 976.871398925781 918.600280761719 914.171875 912.073791503906 908.859985351562 905.432250976562 903.882019042969 904.734130859375 905.477233886719 907.654357910156 916.330261230469 929.806884765625 936.1591796875 938.573303222656 905.284790039062 900.152160644531 898.260925292969 910.370300292969 921.640258789062 897.646301269531 912.909423828125 918.266845703125 913.322998046875 906.072265625 906.790466308594 907.967224121094 910.933715820312 912.351379394531 912.412231445312 911.772888183594 913.446472167969 915.894104003906 924.664306640625 932.106323242188 928.613037109375 930.791076660156 931.867309570312 932.267211914062 933.049560546875 934.932312011719 937.705627441406 940.805419921875 946.057189941406 953.672912597656 962.2978515625 971.613220214844 979.413513183594
1092.92919921875 1038.90612792969 949.781616210938 916.086364746094 912.027709960938 910.039367675781 909.391357421875 907.195739746094 903.490600585938 901.844177246094 903.462036132812 904.250366210938 918.043273925781 946.378051757812 948.61083984375 933.008728027344 903.514587402344 899.790710449219 895.498596191406 899.528259277344 905.374450683594 907.497314453125 925.903686523438 916.692138671875 914.9716796875 907.78515625 901.539001464844 902.83984375 905.584655761719 906.636962890625 909.022033691406 909.105712890625 909.654541015625 913.634582519531 922.317016601562 929.595031738281 925.289123535156 928.343078613281 928.765747070312 929.944641113281 930.281005859375 931.635803222656 935.692565917969 938.552612304688 943.142639160156 952.620788574219 959.950927734375 968.83837890625 976.295166015625
1076.91687011719 971.229675292969 917.020324707031 913.047485351562 909.584777832031 909.436218261719 910.800659179688 909.644653320312 905.963928222656 903.464050292969 903.304870605469 898.151489257812 906.997863769531 925.660888671875 918.283203125 899.81982421875 903.445190429688 899.817260742188 893.542907714844 888.702758789062 889.231567382812 911.014038085938 934.532409667969 906.541381835938 904.415649414062 908.475158691406 906.196228027344 899.300354003906 899.745422363281 902.498596191406 906.383422851562 905.594421386719 905.995666503906 910.445434570312 918.180114746094 922.640319824219 921.488464355469 924.718811035156 926.108642578125 929.558715820312 930.571044921875 930.647644042969 934.0849609375 937.568115234375 941.062744140625 951.495239257812 957.155151367188 964.172546386719 971.570190429688
1037.11779785156 924.535705566406 913.899719238281 910.995361328125 909.734802246094 909.879089355469 909.617431640625 907.178771972656 904.914611816406 902.60302734375 900.621887207031 891.550476074219 890.481872558594 889.617492675781 890.028747558594 893.955444335938 897.9228515625 895.921875 891.195129394531 885.893737792969 883.731018066406 894.361694335938 926.208801269531 903.250244140625 895.0673828125 902.365173339844 910.914611816406 895.604064941406 893.982421875 899.241088867188 903.729736328125 902.731872558594 904.275817871094 908.182312011719 915.479858398438 919.630187988281 919.891784667969 921.271667480469 924.036682128906 929.148559570312 931.259399414062 931.369995117188 934.331665039062 936.060424804688 938.88525390625 950.648193359375 956.641235351562 963.655578613281 971.348510742188
972.619873046875 917.831848144531 911.187316894531 909.707214355469 908.456481933594 905.868286132812 904.445007324219 902.735473632812 900.263854980469 898.395202636719 896.398803710938 886.684936523438 888.048950195312 887.695495605469 886.927124023438 889.825622558594 892.150634765625 890.312744140625 886.632019042969 883.113037109375 880.972595214844 883.141052246094 901.554809570312 890.999877929688 889.618896484375 895.173156738281 901.807373046875 891.549926757812 890.295166015625 896.28369140625 900.871337890625 901.323425292969 901.606567382812 905.884948730469 913.673034667969 918.442260742188 917.327514648438 917.929138183594 921.926513671875 928.787841796875 931.550964355469 930.585876464844 933.472717285156 934.909973144531 937.171752929688 948.921142578125 955.511962890625 961.295288085938 968.910095214844
919.468200683594 912.311889648438 908.774963378906 905.846923828125 903.476196289062 900.990356445312 899.418518066406 896.153625488281 891.908386230469 892.053588867188 891.032470703125 876.990844726562 877.249694824219 879.92041015625 882.674926757812 885.6220703125 885.345581054688 881.635986328125 -3.4e+38 877.003234863281 876.229187011719 -3.4e+38 874.622497558594 875.430847167969 878.180603027344 882.583557128906 883.100708007812 884.297790527344 884.969421386719 891.268493652344 892.080078125 894.08447265625 895.5107421875 902.844848632812 908.183654785156 913.432250976562 911.32275390625 913.12158203125 917.014404296875 922.64013671875 927.020935058594 929.612609863281 929.779479980469 931.165466308594 934.882019042969 946.663818359375 950.810607910156 956.870483398438 -3.4e+38
-3.4e+38 909.748779296875 907.079895019531 905.105529785156 903.98583984375 900.127563476562 896.606079101562 891.666259765625 887.332275390625 886.38330078125 884.564758300781 873.090759277344 873.045349121094 874.872131347656 873.890930175781 878.082336425781 880.652160644531 879.221557617188 877.311767578125 876.605041503906 876.670166015625 874.061767578125 870.609924316406 871.3125 873.113830566406 877.012878417969 878.789367675781 877.430908203125 881.0556640625 887.414367675781 888.304931640625 890.296020507812 892.07861328125 900.470642089844 905.835571289062 911.490661621094 909.990295410156 910.4306640625 913.323547363281 918.932067871094 923.637268066406 927.7919921875 929.546264648438 931.353637695312 933.662170410156 944.317199707031 949.22705078125 956.954833984375 962.374267578125
913.119140625 906.06884765625 903.4453125 902.416259765625 899.589294433594 895.221862792969 890.849243164062 886.203979492188 882.574157714844 880.607116699219 877.678833007812 868.648010253906 868.628479003906 870.483703613281 869.074829101562 871.898254394531 874.383605957031 876.31884765625 877.310119628906 876.654541015625 876.351867675781 872.357543945312 867.953308105469 868.383911132812 868.714477539062 871.712646484375 873.574157714844 873.075256347656 877.887329101562 882.637268066406 884.447570800781 886.797729492188 889.229248046875 898.793273925781 904.6767578125 909.121032714844 908.0869140625 908.935852050781 909.147705078125 914.020812988281 919.683715820312 924.520935058594 928.613220214844 930.506713867188 -3.4e+38 940.976501464844 948.589782714844 956.804321289062 959.668640136719
911.237915039062 904.231506347656 901.151062011719 898.319274902344 894.703857421875 891.724670410156 885.992858886719 881.749084472656 879.720703125 876.072814941406 872.717163085938 865.470458984375 864.076110839844 864.235473632812 866.740600585938 872.646118164062 873.834411621094 874.412292480469 877.218139648438 879.879272460938 874.666320800781 872.454467773438 868.845642089844 867.293884277344 867.220336914062 867.998107910156 867.733215332031 869.067077636719 873.180725097656 876.464721679688 879.978881835938 883.810913085938 885.758728027344 898.169494628906 904.417419433594 906.708129882812 905.911987304688 906.881652832031 907.232666015625 909.380676269531 914.474365234375 920.803466796875 926.674987792969 929.816467285156 -3.4e+38 -3.4e+38 947.178955078125 954.032348632812 956.91845703125
907.655517578125 902.969177246094 900.355041503906 896.996032714844 893.278564453125 888.550903320312 883.260803222656 879.489624023438 875.963928222656 871.046142578125 867.438049316406 -3.4e+38 -3.4e+38 861.605651855469 866.4287109375 869.176818847656 869.932067871094 870.55908203125 876.022399902344 889.959411621094 884.036560058594 871.292541503906 871.095886230469 870.90234375 870.416381835938 867.868591308594 866.20361328125 865.593322753906 867.7607421875 871.321166992188 876.039978027344 879.88623046875 882.331726074219 895.656372070312 901.926452636719 904.613220214844 904.429504394531 904.870849609375 906.803039550781 909.0458984375 911.618225097656 916.906127929688 923.14013671875 927.687744140625 930.265808105469 -3.4e+38 945.557983398438 950.449340820312 954.418090820312
904.056823730469 901.059875488281 898.9658203125 896.593994140625 893.021911621094 887.190612792969 880.692993164062 876.397033691406 870.818664550781 866.357971191406 861.957824707031 859.835815429688 858.820495605469 860.549743652344 863.998962402344 861.15625 860.974365234375 864.495910644531 869.93994140625 886.936157226562 891.858520507812 870.698303222656 867.961303710938 870.289916992188 870.29052734375 866.857604980469 865.1787109375 865.023681640625 867.188049316406 868.254089355469 872.147033691406 876.152893066406 879.142700195312 891.233337402344 897.661560058594 903.801086425781 903.762145996094 905.100402832031 906.436096191406 909.768920898438 911.51806640625 914.161926269531 918.437744140625 922.747436523438 928.081909179688 935.408325195312 942.739990234375 946.412170410156 950.729370117188
902.855346679688 900.268310546875 897.294311523438 894.246704101562 889.888732910156 884.217529296875 877.947387695312 873.586120605469 867.986999511719 863.763793945312 858.830200195312 858.483825683594 857.879028320312 858.379699707031 858.176330566406 857.063781738281 856.893859863281 860.354675292969 862.585021972656 872.896606445312 882.891052246094 873.236022949219 864.517700195312 864.429931640625 864.390747070312 863.347900390625 863.573547363281 865.727233886719 868.10693359375 866.8369140625 869.301452636719 872.120666503906 875.508972167969 886.245422363281 893.675598144531 900.726745605469 903.007019042969 904.160095214844 905.335144042969 909.357604980469 911.739929199219 912.609130859375 915.838562011719 920.146423339844 925.9443359375 933.789794921875 939.010192871094 943.799560546875 948.464538574219
903.824890136719 900.308654785156 895.217834472656 891.821105957031 887.268005371094 879.762390136719 873.657470703125 869.57373046875 864.052734375 860.65673828125 858.2041015625 854.687744140625 854.987854003906 855.792114257812 852.753356933594 852.983703613281 855.034729003906 856.772583007812 857.188354492188 863.435119628906 -3.4e+38 872.878356933594 865.835327148438 863.342468261719 860.874450683594 861.038208007812 863.365295410156 867.19287109375 868.964599609375 868.32421875 868.363891601562 868.601318359375 872.353637695312 884.302429199219 891.880004882812 896.821594238281 899.689636230469 901.517761230469 902.301147460938 905.687927246094 909.208801269531 910.125 913.418090820312 917.452087402344 923.624084472656 931.829772949219 935.218139648438 941.183959960938 945.714538574219
902.80712890625 897.786010742188 891.542541503906 888.042907714844 885.338989257812 878.490966796875 869.571166992188 864.424682617188 860.32763671875 858.625610351562 858.1591796875 851.074951171875 851.939025878906 851.708618164062 848.684265136719 849.474243164062 852.095397949219 852.292663574219 851.441833496094 855.655456542969 868.154296875 884.72119140625 863.800048828125 862.702941894531 862.265686035156 864.313842773438 866.279907226562 867.880859375 866.97119140625 866.842834472656 865.733764648438 866.280212402344 870.017578125 881.921813964844 889.034545898438 892.335205078125 894.982360839844 898.903991699219 899.205017089844 901.550476074219 905.470947265625 907.533569335938 910.787780761719 -3.4e+38 919.779602050781 929.057556152344 932.0302734375 937.1455078125 943.097351074219
899.369689941406 892.792114257812 888.996948242188 886.416748046875 883.772094726562 877.446655273438 868.332885742188 861.348449707031 857.879028320312 857.279968261719 855.388610839844 849.384704589844 848.994934082031 847.826965332031 845.165344238281 846.617431640625 847.383972167969 846.524963378906 847.894897460938 853.411682128906 866.581359863281 883.858276367188 859.934997558594 860.265563964844 862.856384277344 865.38134765625 867.833312988281 867.3681640625 863.613952636719 861.77099609375 862.043884277344 863.744812011719 867.717590332031 880.0810546875 884.484558105469 887.15283203125 890.937072753906 895.4931640625 897.006408691406 900.176086425781 903.424926757812 906.106628417969 908.584167480469 912.987365722656 916.590515136719 926.221740722656 929.1611328125 934.693603515625 941.51611328125
893.787658691406 889.299255371094 887.258666992188 885.262939453125 883.012756347656 876.495971679688 868.377685546875 860.239929199219 854.213012695312 851.899047851562 849.970336914062 847.03955078125 846.911743164062 846.202941894531 842.284484863281 842.383178710938 842.515625 843.52197265625 847.384826660156 853.380126953125 858.258483886719 863.183288574219 859.495727539062 857.657775878906 859.674621582031 862.354919433594 866.332885742188 865.301147460938 862.125427246094 860.179382324219 861.781005859375 861.128234863281 865.298461914062 879.206298828125 880.261535644531 882.922729492188 886.698120117188 892.150756835938 896.474853515625 900.670837402344 903.449340820312 905.062622070312 907.57958984375 911.612243652344 913.467834472656 924.811279296875 927.842468261719 933.165283203125 938.187072753906
886.801513671875 884.220520019531 881.611572265625 877.945983886719 874.712585449219 871.705139160156 866.648559570312 856.574584960938 850.337524414062 845.499084472656 842.918395996094 842.565124511719 844.80322265625 841.755615234375 837.73974609375 835.958801269531 837.191772460938 840.6201171875 843.367492675781 845.185363769531 848.102600097656 850.88720703125 855.088195800781 854.522521972656 851.18896484375 855.936828613281 860.395812988281 860.38232421875 858.9228515625 859.75830078125 858.175170898438 857.147399902344 860.664367675781 873.767944335938 874.90673828125 875.860107421875 878.369506835938 883.948486328125 890.846496582031 898.512878417969 901.892883300781 905.718994140625 907.413940429688 908.847839355469 910.962036132812 919.0419921875 925.034973144531 928.966430664062 934.319641113281
885.367126464844 882.185913085938 877.095397949219 873.344909667969 871.205932617188 870.422485351562 866.79833984375 858.371704101562 849.878662109375 843.106994628906 838.865783691406 839.072998046875 839.5322265625 836.89501953125 834.50341796875 834.08203125 836.197631835938 838.222717285156 838.496887207031 841.601806640625 844.110290527344 844.863647460938 848.518981933594 849.865417480469 849.062744140625 853.938415527344 857.025085449219 858.505798339844 856.928344726562 855.764282226562 854.12109375 853.302307128906 857.734069824219 871.269226074219 872.3623046875 873.159606933594 875.495849609375 880.688659667969 886.532165527344 895.061645507812 900.805908203125 904.562866210938 906.830261230469 909.910339355469 912.454650878906 916.702697753906 920.791198730469 926.433776855469 933.206115722656
880.933166503906 875.903381347656 871.3408203125 869.735229492188 869.192321777344 866.965148925781 864.134765625 858.555358886719 850.066040039062 842.841613769531 836.725219726562 834.967712402344 833.237487792969 832.171813964844 830.605346679688 832.4521484375 837.671020507812 835.511352539062 834.839294433594 838.442443847656 840.885375976562 838.991149902344 840.845397949219 842.398742675781 846.298767089844 849.999755859375 854.367065429688 858.625 856.08984375 854.929626464844 852.778076171875 850.717224121094 855.131103515625 867.519287109375 869.164978027344 869.424438476562 872.573608398438 878.113037109375 883.47314453125 891.157958984375 898.230285644531 902.705200195312 907.084777832031 909.892578125 911.686157226562 916.272399902344 918.315490722656 924.761474609375 930.467102050781
