rcp8.5models/MPI_ESM_LR/sc1gr3.31
NCOLS 261 
NROWS 433 
XLLCORNER 336357.134 
YLLCORNER 654653.479 
CELLSIZE 1000 
NODATA_value -3.4e+38 
[rows 308 to 329 of 433, columns 98 to 146 of 261]
223.944396972656 226.86149597168 235.780822753906 235.785430908203 233.475219726562 231.871551513672 231.884902954102 229.635131835938 227.067733764648 232.195449829102 238.425018310547 242.32145690918 244.676147460938 247.702667236328 247.584426879883 244.513275146484 243.517150878906 238.927871704102 229.807556152344 225.558349609375 227.656951904297 231.096176147461 231.390991210938 233.402114868164 233.673217773438 232.034957885742 228.061935424805 233.475067138672 234.069580078125 226.182235717773 221.881820678711 219.221908569336 213.148880004883 201.94596862793 194.311157226562 187.285766601562 175.968414306641 181.867248535156 195.186172485352 202.489105224609 207.540176391602 204.6396484375 191.971649169922 184.763031005859 183.650955200195 180.559280395508 179.982437133789 179.914932250977 176.771881103516
229.531616210938 231.576812744141 239.118942260742 238.380966186523 228.78385925293 226.103088378906 230.24494934082 234.930130004883 234.791366577148 236.580490112305 243.169860839844 248.173751831055 248.976028442383 249.190139770508 245.967300415039 241.376449584961 239.561264038086 236.826141357422 227.677230834961 225.078796386719 224.494781494141 221.701065063477 219.658767700195 218.122482299805 218.006790161133 219.604553222656 229.066024780273 233.07177734375 222.171173095703 208.680877685547 202.371490478516 207.255889892578 207.907043457031 199.318801879883 191.228225708008 184.005187988281 176.214431762695 176.909973144531 188.924713134766 194.94465637207 201.331390380859 202.583999633789 190.382934570312 180.696701049805 176.31298828125 176.775924682617 178.474761962891 178.395278930664 172.34700012207
248.375549316406 246.871353149414 248.042572021484 245.297164916992 232.745208740234 223.866714477539 223.442077636719 234.948532104492 237.344467163086 237.445541381836 245.335006713867 248.649139404297 248.153106689453 247.919586181641 243.642288208008 237.397048950195 233.645263671875 235.247085571289 232.829376220703 230.437454223633 225.318359375 216.748123168945 211.241241455078 207.66162109375 209.942123413086 216.981674194336 229.6123046875 230.216125488281 215.198501586914 197.651473999023 192.367889404297 195.081588745117 198.782135009766 196.866683959961 189.906036376953 178.018859863281 170.554229736328 173.223434448242 178.743362426758 183.420837402344 190.921417236328 200.162582397461 192.662048339844 179.016510009766 171.917022705078 174.930435180664 177.305541992188 175.887329101562 176.70085144043
262.879089355469 264.42138671875 261.714385986328 253.250259399414 239.80403137207 224.691787719727 222.384887695312 234.99674987793 241.097457885742 242.046798706055 247.329742431641 248.597702026367 247.250335693359 245.998748779297 243.849395751953 238.633926391602 231.754653930664 230.81462097168 233.495239257812 232.702743530273 226.925338745117 216.542663574219 205.485580444336 202.496017456055 211.888824462891 222.110977172852 225.461471557617 224.526641845703 217.308013916016 205.627182006836 195.887985229492 190.292114257812 190.073104858398 191.397018432617 190.42219543457 181.753753662109 170.069000244141 163.402694702148 166.558395385742 173.440628051758 185.45068359375 192.252624511719 185.617858886719 173.622817993164 167.785537719727 170.854721069336 174.144760131836 175.069534301758 182.470291137695
270.123321533203 274.10546875 268.983734130859 257.548522949219 242.067794799805 226.226119995117 227.979187011719 238.857727050781 244.287567138672 246.507034301758 247.322326660156 246.765060424805 244.830200195312 242.882995605469 242.691757202148 238.082336425781 231.094161987305 226.496765136719 227.772277832031 228.029373168945 226.829650878906 219.704635620117 208.552688598633 207.635864257812 219.926208496094 227.845809936523 223.105133056641 222.886932373047 222.388702392578 217.931167602539 204.952102661133 195.241973876953 192.680938720703 189.030349731445 186.874572753906 183.923980712891 176.085052490234 157.14094543457 158.045440673828 167.291061401367 177.80549621582 175.330551147461 169.708312988281 164.825561523438 164.148986816406 166.786010742188 171.602813720703 177.734222412109 185.698593139648
276.619873046875 276.226379394531 271.394317626953 258.822814941406 256.214813232422 247.866836547852 248.239639282227 251.861267089844 247.770248413086 244.751571655273 242.164016723633 237.7158203125 236.193939208984 239.328628540039 236.099411010742 228.208770751953 224.399932861328 221.684524536133 218.705215454102 215.284790039062 214.966445922852 215.506744384766 209.805694580078 212.252182006836 225.987365722656 229.728912353516 215.966354370117 207.458908081055 208.772003173828 207.241333007812 205.597732543945 202.571151733398 199.701477050781 192.898193359375 183.541809082031 177.411010742188 172.774215698242 163.132049560547 156.167907714844 150.660369873047 147.951919555664 147.958587646484 154.992630004883 163.840713500977 166.916702270508 168.170822143555 169.733901977539 171.219543457031 182.716369628906
277.142547607422 277.447326660156 274.568908691406 268.341033935547 266.722686767578 262.284576416016 260.331359863281 261.237884521484 256.210662841797 246.694259643555 240.837799072266 234.241943359375 232.297561645508 237.118835449219 235.845901489258 226.15087890625 221.556228637695 217.850524902344 208.775131225586 202.623794555664 205.46711730957 209.251892089844 206.513900756836 207.577590942383 220.181274414062 228.862182617188 216.467956542969 205.60888671875 195.95881652832 190.374694824219 194.054870605469 193.96516418457 189.38623046875 188.545364379883 183.935653686523 177.563995361328 169.491760253906 164.215698242188 163.094909667969 157.671325683594 153.339370727539 151.220260620117 156.661087036133 164.857696533203 168.363037109375 168.393737792969 167.707122802734 166.99983215332 176.751098632812
271.355743408203 272.458099365234 273.676239013672 265.268890380859 270.693023681641 268.960723876953 263.232971191406 264.258728027344 262.276885986328 251.056121826172 241.293258666992 233.108734130859 227.708206176758 231.129119873047 233.423355102539 226.249450683594 220.828063964844 212.660598754883 198.129379272461 193.393936157227 199.787612915039 206.464477539062 208.888519287109 211.12516784668 221.112762451172 227.272186279297 216.087554931641 205.274276733398 185.355438232422 176.194702148438 180.790191650391 178.481185913086 174.537231445312 176.425277709961 173.312957763672 171.23193359375 165.272689819336 163.906021118164 166.614761352539 165.857269287109 161.03825378418 157.565093994141 160.148208618164 165.549194335938 169.171813964844 168.285507202148 166.397064208984 166.82487487793 173.184692382812
263.945617675781 263.2724609375 266.836883544922 252.761505126953 262.878112792969 269.550872802734 260.346405029297 259.485870361328 265.193969726562 254.858978271484 242.606323242188 234.606002807617 228.551605224609 225.773651123047 227.311767578125 224.41796875 218.344207763672 206.418563842773 192.220260620117 189.267364501953 193.198471069336 201.545471191406 210.753921508789 218.564743041992 225.713928222656 224.416809082031 210.172637939453 205.651016235352 191.089630126953 176.644500732422 172.649612426758 167.590362548828 165.815734863281 167.055221557617 164.675598144531 164.036270141602 161.067916870117 163.353698730469 165.781692504883 168.720184326172 166.786865234375 165.336181640625 167.157043457031 169.662017822266 169.772323608398 166.819305419922 166.355865478516 171.150573730469 180.262329101562
261.202850341797 260.355224609375 261.372283935547 249.103652954102 253.578109741211 266.888641357422 262.011047363281 253.76123046875 259.061126708984 259.359771728516 250.022354125977 238.839004516602 231.062042236328 225.835632324219 220.213638305664 221.015213012695 215.72624206543 204.905853271484 193.762298583984 188.58952331543 191.512451171875 201.253280639648 209.63916015625 217.623458862305 223.966873168945 223.50456237793 209.570846557617 208.279678344727 202.458831787109 193.319152832031 183.194839477539 170.50732421875 163.649383544922 165.617233276367 163.458587646484 160.526657104492 161.070983886719 164.189666748047 164.751174926758 168.583084106445 169.761611938477 170.222991943359 171.447006225586 172.858032226562 172.097869873047 168.440994262695 168.148651123047 175.259887695312 191.023010253906
260.210754394531 258.410430908203 258.991149902344 253.530334472656 256.307952880859 266.461822509766 264.045227050781 251.938003540039 249.406860351562 256.446960449219 253.967727661133 241.328689575195 229.569473266602 225.796157836914 217.777130126953 218.673706054688 215.853820800781 206.797653198242 198.651107788086 196.011566162109 197.412658691406 205.994720458984 212.434646606445 215.89811706543 219.017456054688 222.821670532227 214.836166381836 212.031097412109 209.00862121582 206.919342041016 200.244842529297 187.611251831055 177.557052612305 177.058929443359 172.161239624023 166.856033325195 166.34016418457 169.05696105957 167.130142211914 167.818298339844 169.962356567383 170.655990600586 171.774322509766 172.451690673828 173.252227783203 173.74577331543 175.23893737793 180.557113647461 196.156539916992
259.818542480469 256.830627441406 257.343841552734 256.487976074219 253.825668334961 260.556060791016 262.808197021484 252.718902587891 243.742980957031 247.412033081055 250.092681884766 239.071838378906 227.051712036133 223.433212280273 222.333221435547 220.978286743164 216.137588500977 208.628433227539 202.920639038086 203.165603637695 203.825637817383 206.812774658203 211.257568359375 213.337677001953 215.141235351562 217.834594726562 216.384719848633 214.887115478516 212.641326904297 211.387725830078 209.010192871094 204.337127685547 199.42936706543 194.159027099609 187.062850952148 181.847106933594 178.312362670898 178.902862548828 173.509429931641 169.826583862305 170.35530090332 170.602844238281 171.958847045898 171.687393188477 171.650451660156 174.31217956543 180.513946533203 188.764511108398 198.941528320312
262.053100585938 260.782775878906 258.990112304688 257.060180664062 248.305206298828 249.87841796875 259.061614990234 257.066680908203 244.947219848633 240.195587158203 242.790618896484 234.615158081055 222.556533813477 220.7626953125 224.733779907227 222.648818969727 215.962066650391 210.426666259766 206.149185180664 206.657958984375 209.11962890625 209.580154418945 209.851776123047 211.093704223633 213.838470458984 213.406646728516 213.053039550781 214.722030639648 214.678863525391 211.740280151367 209.336334228516 208.011276245117 208.243133544922 206.013275146484 200.534454345703 195.426879882812 191.019744873047 182.431945800781 172.505905151367 168.464263916016 169.776672363281 170.745025634766 172.645324707031 173.291625976562 172.406845092773 172.366729736328 177.462905883789 188.044403076172 203.170135498047
266.500762939453 265.523162841797 262.170074462891 258.269683837891 248.012954711914 241.622863769531 251.054702758789 260.7734375 251.77214050293 241.271011352539 239.669143676758 234.269104003906 221.995849609375 218.937026977539 220.855438232422 219.5595703125 216.490097045898 210.63508605957 208.054183959961 208.287521362305 211.54866027832 212.818023681641 212.092025756836 212.683410644531 212.362350463867 209.36994934082 209.814239501953 212.131591796875 213.456924438477 211.352279663086 209.971054077148 208.360504150391 205.416290283203 205.661651611328 206.208541870117 203.803176879883 197.562423706055 177.891403198242 168.472808837891 165.394607543945 168.579223632812 170.138214111328 172.355621337891 174.359298706055 175.593002319336 174.795715332031 177.531280517578 185.416122436523 204.559020996094
265.895904541016 266.440307617188 262.350646972656 257.735778808594 247.687133789062 238.372177124023 244.607284545898 258.615509033203 256.679138183594 248.620635986328 241.373550415039 235.55989074707 228.483154296875 221.772232055664 216.279602050781 216.577392578125 218.3125 215.697280883789 210.804962158203 207.611968994141 210.603103637695 213.279235839844 213.304809570312 213.787551879883 209.647994995117 203.896514892578 207.26042175293 208.320938110352 208.31379699707 208.635620117188 210.568984985352 209.680145263672 204.4091796875 203.184112548828 205.155746459961 205.771011352539 200.552215576172 180.352691650391 172.280853271484 167.205383300781 168.393936157227 169.352752685547 171.221725463867 172.41716003418 172.649932861328 172.636138916016 179.118865966797 187.825164794922 202.15625
257.236541748047 260.900268554688 261.474609375 257.279449462891 249.076614379883 240.999694824219 242.987884521484 250.443252563477 253.415618896484 250.575073242188 242.188125610352 231.669662475586 229.127807617188 226.956741333008 213.688827514648 214.361907958984 216.077758789062 218.866744995117 215.602203369141 209.811706542969 209.772674560547 211.529937744141 211.855560302734 211.269729614258 208.915130615234 203.222183227539 202.557327270508 204.902725219727 205.541564941406 206.839813232422 208.788391113281 208.193405151367 205.604553222656 205.096893310547 203.912292480469 203.889282226562 202.18327331543 188.447204589844 178.463882446289 169.873275756836 167.299224853516 168.93962097168 170.620254516602 171.637802124023 168.956573486328 167.594360351562 177.381607055664 188.350646972656 201.02702331543
256.751770019531 259.083862304688 261.461639404297 256.298370361328 251.643707275391 243.166198730469 239.849853515625 240.143264770508 242.657684326172 244.855178833008 240.145034790039 228.299011230469 223.633651733398 228.224060058594 215.501647949219 212.538299560547 211.176986694336 212.734313964844 214.579071044922 213.512847900391 211.002716064453 209.959457397461 210.20344543457 208.28759765625 205.795272827148 201.568618774414 202.872222900391 205.140975952148 207.250595092773 208.744415283203 209.943252563477 209.707427978516 207.427932739258 206.260208129883 204.085922241211 203.928680419922 203.587158203125 190.758560180664 183.475036621094 175.118225097656 169.445571899414 169.534561157227 170.246292114258 171.800216674805 171.509323120117 171.793731689453 178.621368408203 186.752700805664 199.516174316406
265.049072265625 266.490386962891 266.395080566406 259.778442382812 252.910842895508 241.846389770508 233.739959716797 229.46794128418 223.805999755859 219.315383911133 223.572006225586 231.663055419922 227.252716064453 216.896514892578 220.058822631836 217.842163085938 212.890060424805 209.036468505859 209.838302612305 210.922500610352 211.554794311523 211.803009033203 208.637924194336 202.029342651367 201.573516845703 200.255493164062 188.567260742188 195.817672729492 197.836227416992 199.147415161133 203.478103637695 205.534957885742 206.742538452148 206.578536987305 206.728149414062 204.777725219727 201.022537231445 191.399108886719 187.469757080078 184.383117675781 178.977005004883 173.882019042969 172.616775512695 172.540130615234 173.424331665039 175.108734130859 181.03645324707 188.517944335938 194.065795898438
261.939208984375 264.180114746094 262.774017333984 258.910095214844 252.996627807617 244.859924316406 235.097427368164 226.644638061523 221.710952758789 212.822784423828 213.167251586914 227.393112182617 230.476119995117 222.36018371582 212.298492431641 216.600601196289 218.351684570312 212.984817504883 208.593994140625 209.195617675781 210.738510131836 211.860626220703 211.764602661133 209.116760253906 207.845932006836 203.206329345703 184.175582885742 189.287063598633 192.788909912109 196.178756713867 204.187149047852 205.632766723633 206.357894897461 204.561248779297 202.303588867188 198.846115112305 194.938354492188 181.200332641602 181.561950683594 181.229919433594 177.354873657227 174.529907226562 174.215423583984 173.548645019531 173.557312011719 174.624374389648 178.623611450195 187.320907592773 201.11328125
258.934753417969 263.234832763672 261.529754638672 252.966812133789 246.585510253906 237.501113891602 228.032104492188 218.763717651367 215.859527587891 210.189086914062 207.009414672852 214.72428894043 223.671432495117 224.279098510742 209.144561767578 208.454467773438 216.515960693359 217.529113769531 213.135314941406 211.060729980469 211.060653686523 212.947982788086 213.994918823242 212.293792724609 209.96272277832 205.946578979492 192.123474121094 192.099502563477 196.651000976562 200.026702880859 206.323303222656 206.770584106445 206.449432373047 204.440322875977 201.764205932617 198.212707519531 191.744491577148 179.080383300781 173.409057617188 171.70182800293 170.495239257812 171.999176025391 172.525253295898 173.450378417969 173.928726196289 173.912567138672 175.477264404297 183.589599609375 201.67839050293
255.503555297852 256.106964111328 256.952667236328 248.476715087891 243.152877807617 234.211547851562 222.007934570312 208.908111572266 208.381851196289 208.641174316406 203.608917236328 205.122467041016 214.764434814453 223.436294555664 213.337051391602 206.3388671875 208.491729736328 215.249389648438 -3.4e+38 218.734771728516 216.662384033203 215.123916625977 213.273101806641 211.978378295898 210.5947265625 207.619369506836 194.557327270508 194.479690551758 199.973754882812 202.984222412109 205.287139892578 206.002532958984 205.944046020508 204.474334716797 203.582778930664 202.063751220703 196.929336547852 188.087188720703 182.287338256836 177.584609985352 171.517639160156 170.602783203125 169.229263305664 171.703842163086 173.335754394531 173.091613769531 172.948532104492 179.093719482422 195.119033813477
250.972930908203 244.848159790039 244.445709228516 240.065246582031 238.178680419922 234.312301635742 219.865676879883 201.527603149414 197.893997192383 201.789688110352 201.827011108398 203.444961547852 208.326965332031 216.816253662109 216.235900878906 210.508102416992 204.258865356445 206.051284790039 215.777954101562 -3.4e+38 -3.4e+38 218.846893310547 214.10612487793 210.248474121094 209.301818847656 207.535095214844 194.974655151367 185.874221801758 191.199752807617 200.725402832031 202.300109863281 201.347290039062 199.931869506836 199.393127441406 199.469390869141 201.375915527344 200.324905395508 196.308456420898 192.460891723633 188.411041259766 180.902450561523 173.558807373047 167.30078125 167.425720214844 170.575439453125 172.812210083008 171.995849609375 173.552612304688 189.057174682617
