rcp8.5models/MPI_ESM_LR/sc1gr5.32
NCOLS 261 
NROWS 433 
XLLCORNER 336357.134 
YLLCORNER 654653.479 
CELLSIZE 1000 
NODATA_value -3.4e+38 
[rows 66 to 87 of 433, columns 49 to 97 of 261]
-3.4e+38 -3.4e+38 -3.4e+38 -3.4e+38 -3.4e+38 -3.4e+38 -3.4e+38 -3.4e+38 -3.4e+38 -3.4e+38 -3.4e+38 -3.4e+38 -3.4e+38 -3.4e+38 -3.4e+38 -3.4e+38 -3.4e+38 -3.4e+38 302.780456542969 303.515472412109 -3.4e+38 303.279876708984 303.552062988281 303.263397216797 303.012023925781 302.859436035156 302.349151611328 302.120391845703 301.933624267578 302.619873046875 302.681671142578 303.162292480469 303.142333984375 302.715881347656 303.153381347656 303.185485839844 303.423889160156 303.1123046875 302.741912841797 302.818054199219 -3.4e+38 302.53955078125 302.622955322266 302.965759277344 -3.4e+38 -3.4e+38 302.401763916016 302.202087402344 302.208038330078
-3.4e+38 -3.4e+38 -3.4e+38 -3.4e+38 -3.4e+38 -3.4e+38 -3.4e+38 -3.4e+38 -3.4e+38 -3.4e+38 -3.4e+38 -3.4e+38 -3.4e+38 -3.4e+38 -3.4e+38 -3.4e+38 -3.4e+38 -3.4e+38 303.037078857422 303.420166015625 303.428405761719 -3.4e+38 303.240997314453 302.89453125 302.844818115234 302.705078125 302.572113037109 302.26611328125 302.269958496094 302.139739990234 302.313293457031 303.422210693359 302.807922363281 302.381683349609 302.779876708984 303.303924560547 -3.4e+38 -3.4e+38 302.755737304688 302.885559082031 303.12548828125 302.657135009766 302.297485351562 302.432250976562 302.608856201172 302.636566162109 302.740386962891 302.583679199219 302.269897460938
-3.4e+38 -3.4e+38 -3.4e+38 -3.4e+38 -3.4e+38 -3.4e+38 -3.4e+38 -3.4e+38 -3.4e+38 -3.4e+38 -3.4e+38 -3.4e+38 -3.4e+38 -3.4e+38 -3.4e+38 -3.4e+38 -3.4e+38 -3.4e+38 303.671600341797 302.964477539062 303.524658203125 303.259246826172 303.0087890625 302.856170654297 302.599334716797 302.398803710938 302.139068603516 301.9873046875 301.901702880859 301.888031005859 301.520385742188 303.158233642578 303.007019042969 302.306671142578 302.368041992188 302.222503662109 302.736114501953 302.926055908203 303.055114746094 302.796783447266 302.704071044922 302.40283203125 302.085144042969 301.895080566406 302.133056640625 302.205505371094 302.177185058594 302.229095458984 301.918670654297
-3.4e+38 -3.4e+38 -3.4e+38 -3.4e+38 -3.4e+38 -3.4e+38 -3.4e+38 -3.4e+38 -3.4e+38 -3.4e+38 -3.4e+38 -3.4e+38 -3.4e+38 -3.4e+38 -3.4e+38 -3.4e+38 -3.4e+38 -3.4e+38 303.76904296875 302.911560058594 303.533935546875 303.023223876953 302.848419189453 302.812225341797 302.513549804688 302.578948974609 302.061492919922 302.007507324219 301.803466796875 301.792327880859 301.921905517578 303.130310058594 303.286437988281 302.930511474609 302.608734130859 302.458312988281 302.585296630859 303.048706054688 302.788177490234 302.529541015625 302.37890625 -3.4e+38 -3.4e+38 302.114196777344 301.979400634766 302.096496582031 301.955871582031 302.026916503906 301.98828125
-3.4e+38 -3.4e+38 -3.4e+38 -3.4e+38 -3.4e+38 -3.4e+38 -3.4e+38 -3.4e+38 -3.4e+38 -3.4e+38 -3.4e+38 -3.4e+38 -3.4e+38 -3.4e+38 -3.4e+38 -3.4e+38 -3.4e+38 -3.4e+38 303.735382080078 302.963836669922 303.110137939453 302.959991455078 302.811248779297 302.600921630859 302.624572753906 302.472015380859 302.288909912109 301.856079101562 301.75927734375 302.02197265625 302.145874023438 302.926330566406 303.125183105469 303.3173828125 302.730316162109 302.578826904297 302.485504150391 302.669799804688 302.519897460938 302.044403076172 302.115203857422 302.212524414062 -3.4e+38 302.237915039062 302.036468505859 301.998626708984 301.860748291016 301.976928710938 301.896697998047
-3.4e+38 -3.4e+38 -3.4e+38 -3.4e+38 -3.4e+38 -3.4e+38 -3.4e+38 -3.4e+38 -3.4e+38 -3.4e+38 -3.4e+38 -3.4e+38 -3.4e+38 -3.4e+38 -3.4e+38 -3.4e+38 -3.4e+38 303.909729003906 303.736175537109 303.306121826172 302.851745605469 302.843383789062 302.706451416016 302.512298583984 302.458679199219 302.157470703125 302.385864257812 302.105133056641 301.778991699219 301.903045654297 302.155700683594 302.723876953125 -3.4e+38 302.935455322266 302.738800048828 302.590301513672 302.442260742188 302.46044921875 302.363342285156 301.833984375 302.016815185547 302.1630859375 302.182495117188 302.246978759766 301.992126464844 301.842742919922 301.712585449219 301.989990234375 301.948455810547
-3.4e+38 -3.4e+38 -3.4e+38 -3.4e+38 -3.4e+38 -3.4e+38 -3.4e+38 -3.4e+38 -3.4e+38 -3.4e+38 -3.4e+38 -3.4e+38 -3.4e+38 -3.4e+38 -3.4e+38 -3.4e+38 -3.4e+38 303.755920410156 303.413787841797 303.320770263672 302.819152832031 302.917663574219 302.564239501953 302.627288818359 302.268890380859 302.062927246094 301.839019775391 302.024383544922 301.899658203125 301.585571289062 302.050567626953 302.682891845703 -3.4e+38 302.731109619141 302.413757324219 302.377899169922 302.453948974609 302.469635009766 302.100799560547 301.956420898438 302.132202148438 302.011871337891 302.030456542969 302.041198730469 301.819732666016 301.280090332031 301.776489257812 302.111541748047 302.119476318359
-3.4e+38 -3.4e+38 -3.4e+38 -3.4e+38 -3.4e+38 -3.4e+38 -3.4e+38 -3.4e+38 -3.4e+38 -3.4e+38 -3.4e+38 -3.4e+38 -3.4e+38 -3.4e+38 -3.4e+38 -3.4e+38 303.868896484375 303.729827880859 303.267822265625 303.167999267578 302.821044921875 302.977264404297 302.753387451172 302.473815917969 302.335723876953 301.966033935547 301.599731445312 301.929138183594 301.736175537109 301.608978271484 302.45849609375 302.701141357422 302.723052978516 302.518218994141 302.261566162109 302.280548095703 302.465606689453 302.483734130859 302.441833496094 -3.4e+38 302.094787597656 302.015625 301.923522949219 301.837646484375 301.892974853516 301.624328613281 301.506591796875 301.561492919922 302.087280273438
-3.4e+38 -3.4e+38 -3.4e+38 -3.4e+38 -3.4e+38 -3.4e+38 -3.4e+38 -3.4e+38 -3.4e+38 -3.4e+38 -3.4e+38 -3.4e+38 -3.4e+38 -3.4e+38 -3.4e+38 -3.4e+38 303.8779296875 303.631072998047 303.160217285156 303.461242675781 303.183013916016 303.230712890625 303.205108642578 302.743469238281 302.629089355469 302.161712646484 302.063293457031 302.178680419922 301.54052734375 302.129608154297 302.688781738281 303.163696289062 302.513824462891 302.308837890625 302.273040771484 302.403839111328 302.476318359375 302.382690429688 302.236846923828 302.191864013672 301.834411621094 301.975708007812 301.917541503906 301.380340576172 302.077575683594 301.990081787109 301.949859619141 301.201690673828 301.415283203125
-3.4e+38 -3.4e+38 -3.4e+38 -3.4e+38 -3.4e+38 -3.4e+38 -3.4e+38 -3.4e+38 -3.4e+38 -3.4e+38 -3.4e+38 -3.4e+38 -3.4e+38 -3.4e+38 -3.4e+38 -3.4e+38 303.890808105469 303.376586914062 303.46826171875 303.629516601562 303.342010498047 303.3447265625 303.364776611328 303.128570556641 303.087951660156 302.956817626953 302.857360839844 302.871704101562 302.410919189453 302.586120605469 303.043426513672 -3.4e+38 302.415954589844 302.265930175781 302.396881103516 -3.4e+38 302.487091064453 302.336059570312 302.024780273438 301.986267089844 301.829437255859 301.924407958984 301.736267089844 301.883575439453 301.624420166016 301.991882324219 301.769317626953 300.98388671875 300.980682373047
-3.4e+38 -3.4e+38 -3.4e+38 -3.4e+38 -3.4e+38 -3.4e+38 -3.4e+38 -3.4e+38 -3.4e+38 -3.4e+38 -3.4e+38 -3.4e+38 -3.4e+38 -3.4e+38 -3.4e+38 303.887084960938 303.679992675781 303.729431152344 303.627380371094 303.315704345703 303.336242675781 303.24560546875 303.260589599609 303.232513427734 303.362243652344 303.161987304688 303.236633300781 303.257659912109 303.062469482422 303.043731689453 303.218811035156 302.854919433594 302.538757324219 302.502227783203 302.576080322266 302.813812255859 302.498260498047 302.348602294922 302.146697998047 302.104278564453 301.891845703125 301.704895019531 301.207458496094 301.639312744141 301.225677490234 301.359832763672 301.2900390625 300.891998291016 301.119232177734
-3.4e+38 -3.4e+38 -3.4e+38 -3.4e+38 -3.4e+38 -3.4e+38 -3.4e+38 -3.4e+38 -3.4e+38 -3.4e+38 -3.4e+38 -3.4e+38 -3.4e+38 -3.4e+38 -3.4e+38 -3.4e+38 303.699768066406 303.699127197266 303.642852783203 303.523864746094 303.358581542969 303.098602294922 302.994567871094 303.234436035156 303.311889648438 303.122222900391 303.185699462891 303.206939697266 303.175415039062 303.325469970703 303.120727539062 303.031402587891 302.603851318359 302.847381591797 302.977020263672 302.991516113281 302.836883544922 302.247650146484 301.996276855469 302.117401123047 301.9130859375 301.830749511719 301.638793945312 301.967376708984 301.779998779297 300.918060302734 301.008239746094 301.321502685547 301.350830078125
-3.4e+38 -3.4e+38 -3.4e+38 -3.4e+38 -3.4e+38 -3.4e+38 -3.4e+38 -3.4e+38 -3.4e+38 -3.4e+38 -3.4e+38 -3.4e+38 -3.4e+38 -3.4e+38 303.892456054688 303.708709716797 303.646697998047 303.617950439453 303.655517578125 303.563629150391 303.260040283203 303.170013427734 303.137145996094 303.251861572266 302.938415527344 302.786407470703 302.914886474609 302.937805175781 302.620666503906 303.158843994141 302.965454101562 303.096252441406 302.953155517578 303.08056640625 303.262237548828 303.000549316406 302.683380126953 302.316864013672 302.226013183594 302.287841796875 301.932495117188 302.073944091797 302.0869140625 302.004272460938 301.95458984375 301.715087890625 301.442565917969 301.785705566406 301.836883544922
-3.4e+38 -3.4e+38 -3.4e+38 -3.4e+38 -3.4e+38 -3.4e+38 -3.4e+38 -3.4e+38 -3.4e+38 -3.4e+38 -3.4e+38 -3.4e+38 -3.4e+38 303.884948730469 303.788604736328 303.869018554688 303.624938964844 303.627868652344 303.555999755859 303.411590576172 303.554077148438 303.466339111328 303.368530273438 302.934295654297 302.679290771484 302.978912353516 302.492736816406 302.614654541016 302.143829345703 302.500854492188 303.033996582031 303.220977783203 303.12744140625 303.256622314453 303.105072021484 302.903961181641 302.864898681641 302.713745117188 302.509216308594 302.310455322266 302.264434814453 302.247161865234 302.154754638672 302.05078125 301.850402832031 301.67919921875 301.845581054688 302.009521484375 301.865783691406
-3.4e+38 -3.4e+38 -3.4e+38 -3.4e+38 -3.4e+38 -3.4e+38 -3.4e+38 -3.4e+38 -3.4e+38 -3.4e+38 -3.4e+38 -3.4e+38 -3.4e+38 303.788970947266 303.693664550781 303.618499755859 303.633117675781 303.428192138672 303.357788085938 303.586791992188 303.663665771484 303.476959228516 303.230499267578 303.128723144531 303.145080566406 302.662780761719 302.683746337891 302.548614501953 302.390777587891 302.379486083984 302.838958740234 303.130554199219 302.924377441406 302.338623046875 302.638153076172 303.147155761719 303.000701904297 302.964691162109 302.984558105469 303.034790039062 302.484283447266 302.049926757812 301.951690673828 301.873596191406 302.051605224609 302.114929199219 302.128112792969 302.082122802734 301.854034423828
-3.4e+38 -3.4e+38 -3.4e+38 -3.4e+38 -3.4e+38 -3.4e+38 -3.4e+38 -3.4e+38 -3.4e+38 -3.4e+38 -3.4e+38 -3.4e+38 -3.4e+38 -3.4e+38 303.614929199219 303.400299072266 303.295043945312 303.444152832031 303.372467041016 303.552490234375 303.465972900391 303.433441162109 303.176696777344 302.913116455078 302.813293457031 302.628784179688 302.242950439453 302.144592285156 302.059753417969 302.4921875 303.06982421875 302.803558349609 302.545043945312 302.458038330078 302.424163818359 302.665344238281 302.901763916016 302.919799804688 302.939483642578 303.004272460938 302.810668945312 302.017974853516 302.255889892578 302.535034179688 302.675201416016 302.135131835938 302.168670654297 302.398010253906 301.94677734375
-3.4e+38 -3.4e+38 -3.4e+38 -3.4e+38 -3.4e+38 -3.4e+38 -3.4e+38 -3.4e+38 -3.4e+38 -3.4e+38 -3.4e+38 -3.4e+38 -3.4e+38 -3.4e+38 303.37353515625 303.197265625 303.38671875 303.507263183594 303.497955322266 303.569610595703 303.543060302734 303.560699462891 302.916015625 302.705749511719 302.670288085938 302.575439453125 301.934814453125 301.667602539062 301.571563720703 302.224487304688 302.460296630859 302.765289306641 302.562164306641 302.412292480469 302.372375488281 302.188781738281 302.910064697266 302.826904296875 303.058929443359 303.074401855469 303.036773681641 302.039642333984 -3.4e+38 -3.4e+38 302.833618164062 302.517761230469 302.509948730469 302.200775146484 302.349884033203
-3.4e+38 -3.4e+38 -3.4e+38 -3.4e+38 -3.4e+38 -3.4e+38 -3.4e+38 -3.4e+38 -3.4e+38 -3.4e+38 -3.4e+38 -3.4e+38 -3.4e+38 303.278503417969 303.184509277344 303.266632080078 303.494079589844 303.411163330078 303.562194824219 303.244079589844 303.479370117188 303.393280029297 302.710327148438 302.663024902344 302.567993164062 302.421264648438 302.118896484375 302.029754638672 301.880462646484 302.467864990234 302.37548828125 302.716186523438 302.345184326172 302.144134521484 302.055999755859 302.185150146484 302.279602050781 302.999694824219 303.122528076172 303.032012939453 302.992462158203 302.664611816406 -3.4e+38 302.303192138672 302.442352294922 302.750213623047 302.552947998047 302.404327392578 302.586364746094
-3.4e+38 -3.4e+38 -3.4e+38 -3.4e+38 -3.4e+38 -3.4e+38 -3.4e+38 -3.4e+38 -3.4e+38 -3.4e+38 -3.4e+38 -3.4e+38 -3.4e+38 303.177093505859 303.259490966797 303.441375732422 303.401397705078 303.372222900391 303.462982177734 303.221740722656 303.329406738281 303.189666748047 303.12060546875 302.682464599609 302.302032470703 302.264892578125 302.004852294922 302.135955810547 301.875610351562 302.751220703125 302.379089355469 302.341217041016 302.415496826172 302.15380859375 301.906768798828 302.244598388672 302.057525634766 302.472106933594 302.915069580078 302.882873535156 303.000823974609 302.905578613281 302.420043945312 302.064910888672 301.951080322266 302.228302001953 302.139190673828 302.242553710938 302.656280517578
-3.4e+38 -3.4e+38 -3.4e+38 -3.4e+38 -3.4e+38 -3.4e+38 -3.4e+38 -3.4e+38 -3.4e+38 -3.4e+38 -3.4e+38 -3.4e+38 303.165557861328 303.252349853516 303.434173583984 303.507354736328 303.369995117188 303.496246337891 303.310089111328 303.276489257812 303.294586181641 303.151153564453 302.875396728516 302.689300537109 302.211517333984 302.224395751953 302.253356933594 302.32373046875 302.122833251953 302.930328369141 302.787109375 302.752014160156 302.872406005859 302.664703369141 302.363739013672 302.694305419922 302.341064453125 302.560180664062 302.264862060547 302.286376953125 302.362579345703 302.351348876953 -3.4e+38 302.0517578125 301.562530517578 301.757232666016 302.067108154297 302.032379150391 302.666290283203
-3.4e+38 -3.4e+38 -3.4e+38 -3.4e+38 -3.4e+38 -3.4e+38 -3.4e+38 -3.4e+38 -3.4e+38 -3.4e+38 -3.4e+38 -3.4e+38 -3.4e+38 303.313201904297 303.494323730469 303.408294677734 303.377227783203 303.441680908203 303.383056640625 303.290435791016 303.306732177734 303.390625 303.146789550781 303.046020507812 302.681518554688 302.923034667969 302.765533447266 302.896667480469 302.748443603516 302.996704101562 303.015197753906 303.031646728516 302.938781738281 302.9033203125 302.924621582031 303.045013427734 302.903045654297 303.009735107422 302.514923095703 301.904876708984 302.034851074219 301.967803955078 302.242767333984 302.060516357422 301.556243896484 301.639862060547 301.818206787109 301.837677001953 302.519409179688
-3.4e+38 -3.4e+38 -3.4e+38 -3.4e+38 -3.4e+38 -3.4e+38 -3.4e+38 -3.4e+38 -3.4e+38 -3.4e+38 -3.4e+38 -3.4e+38 303.308380126953 303.442199707031 303.512603759766 303.488861083984 303.392211914062 303.293365478516 303.331176757812 303.300659179688 303.546966552734 303.391937255859 303.015899658203 302.979675292969 302.896453857422 303.018157958984 303.047790527344 303.232299804688 302.971588134766 303.008117675781 303.022979736328 302.819427490234 302.789459228516 303.027252197266 303.098968505859 303.113220214844 303.024017333984 303.033203125 302.821716308594 302.493225097656 302.138732910156 301.811706542969 302.068939208984 301.783477783203 301.822631835938 301.615356445312 301.332672119141 301.421630859375 302.251800537109
