rcp8.5models/MPI_ESM_LR/sc1gr6.9
NCOLS 261 
NROWS 433 
XLLCORNER 336357.134 
YLLCORNER 654653.479 
CELLSIZE 1000 
NODATA_value -3.4e+38 
[rows 154 to 175 of 433, columns 98 to 146 of 261]
1121.521484375 1126.01281738281 1130.20703125 1134.16528320312 1136.23034667969 1138.29431152344 1139.96203613281 1140.06628417969 1140.24670410156 1139.89892578125 1140.74072265625 1141.75451660156 1142.13256835938 1143.99291992188 1148.1416015625 1151.57824707031 1153.21655273438 1153.88757324219 1155.5361328125 1155.9765625 1156.54052734375 1157.63598632812 1158.92785644531 1160.08227539062 1160.59326171875 1161.9091796875 1164.95568847656 1166.72583007812 1166.34143066406 1167.17211914062 1167.00158691406 1168.29577636719 1168.72692871094 1169.2958984375 1169.91149902344 1167.59741210938 1165.71923828125 1166.5888671875 1165.54870605469 1170.68762207031 1179.66979980469 1166.298828125 1164.296875 1164.93237304688 1164.97937011719 1165.65063476562 1165.26208496094 1164.15014648438 1157.52966308594
1125.79760742188 1127.15539550781 1130.08703613281 1135.03918457031 1138.2529296875 1140.92663574219 1142.86682128906 1143.10046386719 1141.71215820312 1141.03198242188 -3.4e+38 1142.99279785156 1142.578125 1144.74108886719 1148.40490722656 1150.04760742188 1152.41772460938 1154.54858398438 1156.07116699219 1157.55834960938 1157.45690917969 -3.4e+38 1159.08276367188 1160.822265625 1160.94665527344 1161.63146972656 1164.09716796875 1164.38684082031 1163.73815917969 1164.61157226562 1166.18518066406 1167.857421875 1168.11352539062 1168.64111328125 1167.88452148438 1165.12719726562 1164.31469726562 1163.62438964844 1163.30249023438 1166.19213867188 1169.52746582031 1163.87268066406 1162.50573730469 1161.56506347656 1161.01989746094 1161.70349121094 1162.71667480469 1162.74548339844 1156.349609375
1127.41052246094 -3.4e+38 1131.36755371094 1136.220703125 1139.9013671875 1142.67431640625 1143.68212890625 1144.95275878906 1143.87243652344 1143.267578125 1143.5400390625 1144.82653808594 1143.80786132812 1145.568359375 1147.44653320312 1149.07775878906 1151.11328125 1154.34948730469 1155.18310546875 1157.3603515625 1157.03918457031 1156.98913574219 1158.93688964844 1159.94775390625 1160.89440917969 1161.50329589844 1162.99072265625 1162.11303710938 1161.82788085938 1164.06091308594 1164.84887695312 1166.85437011719 1166.86083984375 1166.39038085938 1164.62524414062 1162.615234375 1162.04956054688 1161.2490234375 1161.59558105469 1160.40576171875 1160.92272949219 1161.14367675781 1160.4814453125 1159.45959472656 1158.58972167969 1158.59655761719 1158.70666503906 1158.62451171875 1153.59204101562
1126.88916015625 1129.861328125 1133.10778808594 1138.6376953125 1140.99304199219 1142.48571777344 1144.1689453125 1146.67224121094 1146.45178222656 1146.05834960938 1145.34155273438 1147.28540039062 1146.67944335938 1145.38745117188 1147.4482421875 1150.61181640625 1152.2802734375 1153.86462402344 1152.77587890625 1154.91186523438 1155.56860351562 1156.51672363281 1157.50793457031 1157.14965820312 1158.46875 1159.21765136719 1160.326171875 1160.521484375 1161.28308105469 1163.45239257812 1163.82019042969 1165.82250976562 1166.58679199219 1165.26770019531 1163.39379882812 1160.53259277344 1160.15588378906 1159.59497070312 1159.138671875 1158.03308105469 1159.2666015625 1159.09326171875 1158.84484863281 1157.40209960938 1157.05163574219 1155.77844238281 1153.70263671875 1153.9208984375 1149.89221191406
1128.31762695312 1132.11975097656 1134.09240722656 1139.54956054688 1141.62744140625 1142.00500488281 1144.50891113281 1146.89208984375 1148.59216308594 1148.30737304688 1146.3095703125 1148.80407714844 1147.09533691406 1145.22692871094 1147.42529296875 1150.42419433594 1152.45129394531 1152.97839355469 1151.27258300781 1152.08801269531 1152.79748535156 1155.29577636719 1155.2783203125 1154.80822753906 1155.18212890625 1155.92907714844 1160.14538574219 1160.98266601562 1161.54333496094 1161.65881347656 1162.82189941406 1165.2451171875 1167.4091796875 1164.72607421875 1161.91589355469 1159.0576171875 1158.12048339844 1156.50341796875 1155.46032714844 1155.86596679688 1156.84008789062 1157.65686035156 1157.73583984375 1155.73034667969 1155.26477050781 1153.99938964844 -3.4e+38 1151.5576171875 1147.49682617188
1132.1201171875 1133.80859375 1135.93420410156 1140.23852539062 1143.57006835938 1143.76806640625 1144.01000976562 1146.7685546875 1149.55114746094 1149.41735839844 1148.89575195312 1150.244140625 1148.2158203125 1146.97351074219 1146.45715332031 -3.4e+38 -3.4e+38 1150.45031738281 1150.38793945312 1150.50549316406 1151.05053710938 1152.70068359375 1153.76879882812 1154.56237792969 1154.74633789062 1153.14453125 1159.29162597656 1160.72937011719 1160.53137207031 1160.51452636719 1161.46142578125 1164.00305175781 1166.88195800781 1163.60852050781 1159.57495117188 1156.74890136719 1156.19958496094 1153.71118164062 1152.21826171875 1152.67346191406 1153.185546875 1153.78698730469 1154.91735839844 1154.25061035156 1154.25244140625 1152.60754394531 1151.00207519531 1150.24499511719 1145.78955078125
1134.74365234375 1136.16882324219 1139.09765625 1144.39294433594 1145.19836425781 1146.68029785156 1146.22619628906 1147.587890625 1150.66174316406 1151.36059570312 1150.49633789062 1149.80737304688 1148.83715820312 1148.19909667969 -3.4e+38 -3.4e+38 1150.158203125 1149.845703125 1150.26818847656 1150.16735839844 1151.22729492188 1152.71557617188 1153.494140625 1153.58984375 1154.22998046875 1153.25842285156 1155.31896972656 1157.43981933594 1157.14685058594 1159.24267578125 1160.62585449219 1162.1181640625 1164.13293457031 1160.97900390625 1157.74633789062 1155.11254882812 1154.80639648438 1151.21240234375 1150.41076660156 1152.09240722656 1151.45495605469 1149.9912109375 1150.90588378906 1151.9599609375 1151.39111328125 1150.55969238281 1149.78955078125 1149.02075195312 1145.30737304688
1139.46728515625 1141.43029785156 1143.71545410156 1145.04089355469 1144.89538574219 1147.91040039062 1149.8857421875 1151.77258300781 1154.28759765625 1154.50793457031 1152.92370605469 1151.76049804688 1151.65759277344 1150.84521484375 1148.92846679688 -3.4e+38 1149.94689941406 1151.3134765625 1153.27490234375 1153.29064941406 1153.13244628906 1151.74633789062 1152.51647949219 1153.27355957031 1152.3369140625 1153.94104003906 1155.36047363281 1155.39367675781 1155.19250488281 1155.98388671875 1155.22961425781 1156.16174316406 1154.10729980469 1152.27905273438 1151.376953125 1150.98522949219 1148.44616699219 1146.23193359375 1146.94226074219 1147.72888183594 1148.06311035156 1147.71850585938 1146.83508300781 1146.92602539062 1148.01171875 1147.314453125 1147.62756347656 1151.58129882812 1144.32543945312
1144.47412109375 1143.26159667969 1146.08178710938 1148.05700683594 1146.15588378906 1148.17199707031 1150.70837402344 1153.96337890625 1156.58154296875 1155.60961914062 1154.38000488281 1153.91906738281 1152.12036132812 1150.68896484375 1149.76879882812 -3.4e+38 1150.30407714844 1150.17980957031 1150.8720703125 1152.72546386719 1153.87158203125 1153.56787109375 1153.40344238281 1154.12890625 1153.47009277344 1154.75915527344 1154.521484375 1155.11584472656 1155.16650390625 1155.49829101562 1155.38623046875 1155.26892089844 1152.048828125 1149.81994628906 1148.54431152344 1147.62121582031 1145.732421875 1144.68957519531 1145.42529296875 1143.88684082031 1144.86926269531 1146.51770019531 1144.54943847656 1144.82397460938 1145.65698242188 1146.39270019531 1147.30395507812 1148.33203125 1143.65808105469
1145.96325683594 1144.25524902344 1147.97631835938 1150.54956054688 1149.77709960938 1149.05041503906 1150.50207519531 1152.23120117188 1154.45092773438 1154.51794433594 1156.01171875 1155.43395996094 1155.79150390625 1151.69763183594 1148.93579101562 1148.7841796875 1151.39904785156 1150.79260253906 1149.79040527344 1150.83178710938 1152.69384765625 1153.001953125 1154.07690429688 1155.41320800781 1154.30541992188 1152.90100097656 1153.12524414062 1154.67736816406 1154.72790527344 1155.05236816406 1155.24694824219 1154.255859375 1150.22326660156 1150.17407226562 1148.54870605469 1146.06921386719 1143.93933105469 1143.62951660156 1143.32397460938 1141.62976074219 1141.69396972656 1144.14990234375 1142.99169921875 1142.53125 1143.91357421875 1147.05480957031 1149.40197753906 1147.80249023438 1143.18811035156
1145.92504882812 1146.03125 1148.37280273438 1150.05212402344 1151.14831542969 1151.73803710938 1151.07580566406 1150.72265625 1151.87475585938 1153.29736328125 1154.92272949219 1155.21533203125 1156.52868652344 1152.20764160156 1149.31701660156 1149.15197753906 1151.337890625 1152.24450683594 1150.94055175781 1150.39465332031 1152.19677734375 1151.3359375 1153.16577148438 1153.84130859375 1154.17431640625 1152.33374023438 1152.66870117188 1153.18225097656 1153.87939453125 1154.349609375 1155.28112792969 1154.82104492188 1148.91821289062 1149.96411132812 1148.11987304688 1144.8623046875 1142.44958496094 1142.05517578125 1142.99743652344 1142.32800292969 1140.28173828125 1141.57238769531 1141.966796875 1141.79956054688 1143.70690917969 1147.37255859375 1149.892578125 1147.91906738281 1143.00451660156
1147.11169433594 1147.73986816406 1148.59130859375 1148.85083007812 1149.84094238281 1150.52014160156 1149.49475097656 1148.90612792969 1149.9658203125 1152.2587890625 1154.10791015625 1153.88330078125 1153.68884277344 1151.41735839844 1149.27893066406 1149.05236816406 1149.99523925781 1150.8076171875 1150.96203613281 1151.25915527344 1153.15405273438 1152.32080078125 1153.56555175781 1153.68774414062 1153.89636230469 1153.23852539062 1153.90063476562 1153.330078125 1154.40734863281 1153.69604492188 1154.65063476562 1154.58435058594 1148.83178710938 1149.23266601562 1146.40991210938 1143.62805175781 1141.29504394531 1140.57946777344 1142.154296875 1141.46240234375 1138.93981933594 1139.20544433594 1140.64147949219 1140.37951660156 1143.15954589844 1146.99243164062 1148.13879394531 1146.44140625 1142.60888671875
1148.51525878906 1149.12390136719 1148.60412597656 1146.07958984375 1147.94274902344 1147.50061035156 1147.30627441406 1148.83190917969 1149.74169921875 1151.06005859375 1152.89392089844 1153.35522460938 1157.24255371094 1164.58447265625 1149.85107421875 1149.19360351562 1149.359375 1148.09106445312 1150.26025390625 1151.62744140625 1152.3154296875 1152.81286621094 1152.60461425781 1153.22534179688 1153.32751464844 1151.88317871094 1154.62744140625 1155.16540527344 1155.84985351562 1153.26965332031 1152.90026855469 1151.86340332031 1148.14697265625 1148.19165039062 1145.99462890625 1143.09729003906 1140.236328125 1139.85278320312 1139.84057617188 1139.4990234375 1136.72387695312 1137.04187011719 1138.02172851562 1137.54577636719 1139.76306152344 1143.11877441406 1142.81030273438 1142.45324707031 1142.88049316406
1146.41284179688 1148.87280273438 1147.68237304688 1144.1748046875 1145.74536132812 1146.81787109375 1147.91149902344 1149.49243164062 1149.05859375 1150.20104980469 1151.99243164062 1152.76977539062 1156.1806640625 1161.25354003906 1150.44445800781 1149.52062988281 1148.87939453125 1148.39709472656 1150.30163574219 1152.23278808594 1151.54821777344 1150.56567382812 1150.23937988281 1150.99035644531 1151.53100585938 1151.97900390625 1152.68420410156 1153.78063964844 1154.1787109375 1153.33288574219 1152.30847167969 1148.51916503906 1146.34765625 1145.32800292969 1143.03234863281 1141.51403808594 1138.73205566406 1139.17529296875 1138.34826660156 1138.49499511719 1136.74853515625 1136.20568847656 1135.42358398438 1135.89282226562 -3.4e+38 1137.42346191406 1136.9140625 1137.91833496094 1139.69763183594
1144.88952636719 1147.71130371094 1147.61059570312 1144.79248046875 1144.79858398438 1145.75256347656 1148.30261230469 1150.20080566406 1149.91076660156 1150.78076171875 1152.25695800781 1153.701171875 1153.34729003906 1152.21594238281 1151.28784179688 1150.73889160156 1148.7177734375 1148.07446289062 1149.76293945312 1150.45715332031 1150.47302246094 1148.77368164062 1148.73937988281 1149.63037109375 1149.69897460938 1151.41613769531 1150.24353027344 1150.63427734375 1151.02612304688 1152.65307617188 1151.91491699219 1147.02087402344 1144.9541015625 1142.52270507812 1140.65197753906 1139.900390625 1136.41711425781 1136.36865234375 1136.31274414062 1136.57067871094 1136.60131835938 1137.21813964844 1135.48461914062 1134.7998046875 -3.4e+38 -3.4e+38 1135.34460449219 1135.89465332031 1137.12744140625
1143.39208984375 1146.57885742188 1148.59289550781 1146.00805664062 1145.13415527344 1145.25256347656 1146.53125 1149.00085449219 1149.73999023438 1150.25769042969 1151.28430175781 1153.27734375 1154.19445800781 1153.0439453125 1150.810546875 1151.53771972656 1148.47509765625 1147.99230957031 1148.65673828125 1148.50854492188 1149.13464355469 1148.89123535156 1149.31201171875 1149.388671875 1148.08544921875 1148.59509277344 1148.6064453125 1149.53857421875 1150.03198242188 1151.77734375 1152.49328613281 1145.49877929688 1142.46325683594 1141.1474609375 1139.44360351562 1137.18920898438 1134.75048828125 1134.65307617188 1134.28698730469 1134.20080566406 1135.25903320312 1137.67041015625 1136.27770996094 1134.56872558594 1135.47155761719 1135.21203613281 1134.96606445312 1135.6259765625 1134.31359863281
1140.89111328125 1144.41394042969 1147.34387207031 1146.7607421875 1147.02770996094 1146.14880371094 1145.52429199219 1147.00695800781 1149.11157226562 1149.06359863281 1150.001953125 1152.3505859375 1154.10095214844 1153.69458007812 1150.96984863281 1151.509765625 1148.86242675781 1149.95092773438 1150.15307617188 1149.89392089844 1148.7333984375 1149.52856445312 1150.30541992188 1149.74670410156 1148.77478027344 1148.09533691406 1146.23657226562 1147.81005859375 1148.4169921875 1150.091796875 1154.74401855469 1153.44738769531 1141.701171875 1140.17626953125 1136.900390625 1135.41418457031 1133.40551757812 1134.98303222656 1134.67175292969 1132.83129882812 1134.4111328125 1138.69006347656 1137.15673828125 1134.34509277344 1134.97766113281 1135.0791015625 1134.22277832031 1136.65686035156 1131.52514648438
1137.66943359375 1140.33923339844 1143.12158203125 1146.04113769531 1147.10339355469 1146.47204589844 1146.76733398438 1146.77099609375 1148.67358398438 1149.80981445312 1150.04431152344 1151.50610351562 1153.58312988281 1153.75720214844 1153.32019042969 1151.66479492188 1149.80029296875 1150.9443359375 1150.74768066406 1150.59252929688 1148.48779296875 1149.41442871094 1150.17077636719 1150.00939941406 1149.15307617188 1149.01232910156 1145.046875 1145.79797363281 1145.96630859375 1147.26171875 1150.76806640625 1152.10083007812 1141.40356445312 1138.6416015625 1136.29907226562 1134.60083007812 1132.62158203125 1133.24853515625 1133.67163085938 1132.25170898438 1134.82165527344 1138.01196289062 1137.05981445312 1136.02807617188 1135.66442871094 1133.98779296875 1132.82421875 1135.92724609375 1133.63745117188
1135.60217285156 1136.67199707031 1139.16516113281 1144.72412109375 1145.67822265625 1145.66870117188 1147.53161621094 1148.52978515625 1148.27954101562 1149.56848144531 1149.42687988281 1151.24658203125 1154.6943359375 1154.35888671875 1152.75073242188 1151.41491699219 1150.42553710938 1150.15856933594 1149.91040039062 1149.88635253906 1149.51025390625 1151.01867675781 1151.12963867188 1150.42211914062 1149.88061523438 1148.66162109375 1146.70764160156 1146.33325195312 1145.00708007812 1144.947265625 1145.36694335938 1144.97302246094 1141.96826171875 1137.60607910156 1136.16088867188 1134.0927734375 1131.61608886719 1131.8701171875 1132.91247558594 1132.79565429688 -3.4e+38 1134.69799804688 1136.64440917969 1138.615234375 1139.76306152344 1135.03308105469 1132.58703613281 1133.43078613281 1134.70458984375
1134.90686035156 1137.72106933594 1138.03356933594 1141.21643066406 1141.42504882812 1142.89025878906 1143.80895996094 1146.50793457031 -3.4e+38 1146.16174316406 1147.45922851562 1148.84692382812 1150.12683105469 1150.76696777344 1149.98156738281 1150.21630859375 1150.74548339844 1150.29638671875 1150.20666503906 1150.21313476562 1148.41796875 1149.12609863281 1149.77307128906 1149.04211425781 1148.7080078125 1147.05908203125 1146.10412597656 1146.7841796875 1147.53662109375 1145.89318847656 1145.57873535156 1145.3310546875 1141.97155761719 1138.53662109375 1135.95910644531 1133.56555175781 1132.17785644531 1133.80908203125 1134.68786621094 1135.11804199219 -3.4e+38 1132.07055664062 1135.83386230469 1142.64965820312 1144.08251953125 1136.54284667969 1135.25256347656 1133.07250976562 1131.33642578125
1133.54541015625 1135.42077636719 1138.6796875 1140.08374023438 1141.16479492188 1141.17590332031 1143.38977050781 1145.20922851562 -3.4e+38 1145.79895019531 1145.79577636719 1146.63659667969 1147.99560546875 1147.94494628906 1147.77746582031 1148.404296875 1147.79406738281 1147.67687988281 1150.04284667969 1150.59899902344 1147.99304199219 1146.29956054688 1147.85925292969 1146.90417480469 1145.68530273438 1145.56469726562 1146.56457519531 1145.8212890625 1146.34753417969 1145.58483886719 1146.04907226562 1145.98205566406 1141.65258789062 1138.21264648438 1135.38525390625 1132.99572753906 1130.34619140625 1132.43676757812 1133.55786132812 1136.17395019531 1134.34533691406 1132.29724121094 1138.26098632812 1147.03857421875 1143.24645996094 1136.97631835938 1136.2021484375 1132.68896484375 1127.96398925781
1133.86071777344 1133.44665527344 1136.99353027344 1140.18981933594 1142.7236328125 1142.19213867188 1143.19458007812 -3.4e+38 -3.4e+38 -3.4e+38 1143.73767089844 1144.29663085938 1145.3896484375 1145.51025390625 1145.7763671875 1146.29077148438 1146.2841796875 1146.93884277344 1149.40942382812 1150.32409667969 1147.86560058594 1146.12036132812 1144.5107421875 1144.22058105469 1144.56127929688 1144.07299804688 1144.75793457031 -3.4e+38 1146.92919921875 1146.22937011719 1145.72595214844 1143.94006347656 1140.48461914062 1138.02001953125 1134.72229003906 1132.09313964844 1130.54345703125 1132.41711425781 1132.9931640625 1135.59729003906 1137.61535644531 1133.42810058594 1137.94311523438 1142.60327148438 1137.36950683594 1134.38781738281 1133.60131835938 1131.23559570312 1125.70239257812
