rcp8.5models/MPI_ESM_LR/sc1gr3.32
NCOLS 261 
NROWS 433 
XLLCORNER 336357.134 
YLLCORNER 654653.479 
CELLSIZE 1000 
NODATA_value -3.4e+38 
[rows 286 to 307 of 433, columns 49 to 97 of 261]
295.511810302734 295.618011474609 295.685333251953 295.600006103516 295.778594970703 295.923065185547 296.117095947266 295.737945556641 295.253295898438 294.796966552734 294.870086669922 295.349365234375 295.856384277344 294.141052246094 292.284698486328 293.731567382812 294.705413818359 294.699401855469 295.316467285156 293.610168457031 293.158813476562 294.831848144531 294.073669433594 293.272766113281 293.762969970703 292.365081787109 292.473236083984 294.849639892578 294.304107666016 292.056182861328 285.189910888672 284.215484619141 293.528045654297 290.931457519531 284.387603759766 280.798370361328 280.546417236328 282.034851074219 280.611785888672 278.504791259766 279.163940429688 279.552795410156 279.722900390625 280.107482910156 281.505401611328 282.446624755859 282.075927734375 279.677612304688 278.212738037109
295.582397460938 295.628326416016 295.512023925781 295.320098876953 295.380340576172 295.310577392578 295.355163574219 295.455383300781 295.385528564453 295.003601074219 295.065216064453 295.225524902344 295.707092285156 295.092437744141 294.305816650391 294.669372558594 294.720367431641 294.864685058594 294.752014160156 292.889465332031 291.851654052734 294.138977050781 293.470642089844 291.242401123047 290.699249267578 290.165740966797 292.178558349609 294.829406738281 293.581237792969 292.419677734375 285.637969970703 283.666656494141 292.592834472656 288.142608642578 280.632202148438 281.413726806641 282.233001708984 282.256500244141 280.47509765625 278.452117919922 277.159729003906 278.659118652344 279.907897949219 279.668060302734 279.60595703125 278.652191162109 276.548858642578 274.308380126953 273.537536621094
295.544189453125 295.802337646484 295.826873779297 295.484985351562 295.463836669922 295.197387695312 294.901184082031 295.052703857422 295.373870849609 295.410186767578 295.057983398438 295.052642822266 295.1669921875 295.133850097656 294.472625732422 294.215393066406 295.073181152344 295.523834228516 293.9853515625 292.925567626953 291.984039306641 293.416717529297 292.203186035156 288.654418945312 288.319000244141 290.574554443359 292.463714599609 292.929840087891 293.495178222656 289.867645263672 284.510345458984 283.302642822266 287.273254394531 285.784332275391 282.130432128906 282.188323974609 281.615783691406 281.718170166016 280.871246337891 279.216796875 276.576690673828 277.242034912109 279.176391601562 279.348754882812 279.072052001953 277.025848388672 273.557525634766 271.871948242188 272.163909912109
295.587127685547 295.424865722656 295.675720214844 295.69921875 295.736450195312 295.689453125 295.201141357422 294.806701660156 294.939666748047 295.100952148438 294.935577392578 294.759582519531 294.667236328125 294.999694824219 294.606292724609 294.400268554688 295.289825439453 295.804168701172 292.34326171875 292.05859375 291.855926513672 293.520477294922 292.596893310547 288.569671630859 289.126556396484 292.858062744141 293.234191894531 289.276641845703 288.244201660156 287.394378662109 282.615905761719 281.570770263672 282.994506835938 285.090759277344 283.136901855469 281.180816650391 280.374877929688 281.143402099609 280.272094726562 278.180358886719 276.092071533203 276.833038330078 278.762634277344 279.197692871094 278.464508056641 277.761413574219 276.090057373047 274.750671386719 273.957916259766
295.240875244141 295.022857666016 294.987152099609 294.991882324219 295.098876953125 295.172424316406 295.195404052734 294.869476318359 294.450744628906 294.244476318359 294.588104248047 294.924987792969 295.014984130859 295.331298828125 295.5830078125 295.730010986328 295.603576660156 293.768341064453 292.315460205078 292.564819335938 293.191009521484 293.289703369141 293.162322998047 293.033325195312 290.683746337891 290.326080322266 290.900207519531 291.470489501953 289.304412841797 281.429779052734 280.988922119141 283.257263183594 286.464263916016 287.943237304688 285.114501953125 283.501281738281 281.649017333984 280.8193359375 279.506774902344 278.635009765625 278.584625244141 275.988250732422 277.066864013672 278.562957763672 279.506134033203 278.849761962891 275.483459472656 272.271331787109 271.045166015625
294.612854003906 294.63525390625 294.718200683594 294.686828613281 294.754699707031 294.952789306641 295.006072998047 295.111694335938 294.593109130859 294.150329589844 294.443389892578 294.943176269531 295.124359130859 295.453399658203 295.587951660156 295.210266113281 295.429077148438 294.789916992188 292.575744628906 292.744079589844 293.349548339844 293.211395263672 293.284118652344 292.001403808594 286.385711669922 286.516143798828 291.101470947266 290.68017578125 291.573303222656 279.987976074219 280.895965576172 282.826843261719 286.778045654297 288.184173583984 284.847137451172 285.205657958984 284.722808837891 284.696594238281 282.203094482422 280.730590820312 281.4912109375 274.278167724609 275.705474853516 277.898132324219 280.030364990234 279.312591552734 275.638671875 269.515167236328 261.201538085938
294.512481689453 294.508697509766 294.480926513672 294.502136230469 294.684234619141 294.801940917969 294.922760009766 294.933929443359 294.730072021484 294.520782470703 294.612487792969 294.899658203125 294.970886230469 295.328094482422 295.371948242188 294.728820800781 294.784027099609 295.0185546875 293.995483398438 294.088653564453 293.769897460938 292.348693847656 292.277313232422 291.579864501953 287.223846435547 287.18701171875 290.854949951172 291.324768066406 292.082794189453 284.097076416016 284.671417236328 289.920135498047 290.311157226562 288.898742675781 286.593658447266 286.27197265625 286.188903808594 286.278381347656 284.573486328125 284.823791503906 283.76806640625 272.902709960938 274.251495361328 277.069183349609 277.923919677734 278.421051025391 277.203826904297 269.483245849609 259.530120849609
294.672180175781 294.616394042969 294.579620361328 294.526397705078 294.648864746094 295.050872802734 295.072113037109 294.918029785156 294.778411865234 294.409973144531 294.490386962891 294.846923828125 294.873596191406 295.112487792969 295.025085449219 294.756805419922 294.681274414062 294.81982421875 293.280883789062 293.538360595703 293.910369873047 292.221221923828 291.669830322266 291.693969726562 287.05126953125 282.651611328125 286.064300537109 288.456878662109 285.028228759766 285.452239990234 281.339202880859 287.672241210938 286.338653564453 284.603820800781 284.99169921875 283.889007568359 283.894714355469 283.862365722656 282.212127685547 282.777893066406 283.186645507812 275.864196777344 274.895080566406 278.095306396484 278.281921386719 277.724853515625 278.112335205078 272.695861816406 267.434051513672
294.835845947266 294.691284179688 294.633026123047 294.444213867188 294.452758789062 294.767608642578 294.748321533203 294.779724121094 294.713928222656 294.680450439453 294.87841796875 294.995880126953 295.244201660156 295.229064941406 294.947967529297 295.029266357422 294.563323974609 294.232757568359 293.33203125 293.594268798828 293.763610839844 292.617156982422 290.828186035156 290.873413085938 288.809753417969 282.159851074219 280.242248535156 281.227264404297 280.083770751953 282.410552978516 279.839935302734 280.985809326172 281.854827880859 283.082580566406 283.281066894531 283.182830810547 284.474334716797 282.964447021484 279.146331787109 276.997833251953 279.941864013672 277.975036621094 278.540069580078 279.482147216797 281.10302734375 279.475494384766 279.012268066406 278.185485839844 276.814300537109
294.719116210938 294.7119140625 294.523803710938 294.419982910156 294.732147216797 294.751861572266 294.370666503906 294.249206542969 294.6552734375 295.070129394531 295.014221191406 294.910736083984 295.157409667969 295.071502685547 294.74267578125 294.528289794922 294.129211425781 294.157379150391 292.543273925781 292.522064208984 293.682708740234 292.329284667969 291.439849853516 292.287567138672 288.390045166016 281.859436035156 279.038665771484 277.883056640625 278.693481445312 278.574951171875 280.192687988281 280.484405517578 282.484802246094 284.167633056641 282.637176513672 282.926696777344 285.691162109375 282.319610595703 277.1552734375 273.926208496094 277.119567871094 274.97509765625 276.271484375 278.452758789062 280.398986816406 277.952880859375 275.823608398438 276.912689208984 277.387664794922
294.902496337891 294.914642333984 295.0478515625 295.035217285156 294.948516845703 294.644287109375 294.479766845703 293.789184570312 294.271850585938 294.837677001953 294.856231689453 294.809997558594 294.918792724609 294.938568115234 294.762023925781 294.539093017578 294.415313720703 294.263336181641 292.622375488281 292.347930908203 293.507659912109 293.238494873047 293.613616943359 292.811920166016 285.890777587891 280.359008789062 280.148651123047 277.930480957031 276.211853027344 275.842132568359 279.042205810547 280.43017578125 282.264373779297 283.523620605469 282.905731201172 283.106689453125 285.302825927734 281.795196533203 275.610534667969 274.30859375 275.074554443359 271.869659423828 271.209655761719 274.788757324219 277.082275390625 275.597076416016 273.265869140625 271.904724121094 271.560577392578
294.607299804688 294.218688964844 294.433288574219 294.709045410156 294.304473876953 294.076110839844 294.220184326172 293.818756103516 294.213775634766 294.697387695312 294.612976074219 294.534820556641 294.723846435547 294.751190185547 294.812530517578 294.545654296875 294.125701904297 293.795379638672 293.543640136719 293.596527099609 293.498046875 292.926116943359 292.500946044922 291.141723632812 288.635711669922 286.784790039062 283.631896972656 278.774780273438 276.805908203125 276.207244873047 279.079742431641 280.626098632812 280.938507080078 281.930633544922 283.983154296875 285.587097167969 284.914794921875 279.056701660156 272.53076171875 273.374053955078 276.0087890625 271.5205078125 270.091186523438 270.739532470703 273.754547119141 275.781524658203 274.274780273438 271.406311035156 269.983184814453
293.821075439453 293.662658691406 293.824676513672 293.916687011719 293.71728515625 293.980804443359 294.170104980469 294.180419921875 294.295043945312 294.826385498047 294.640289306641 294.327697753906 294.261444091797 294.201232910156 294.303833007812 294.116058349609 293.762939453125 293.666595458984 293.593841552734 294.027801513672 293.895294189453 292.107666015625 289.924407958984 286.343597412109 283.761657714844 284.723388671875 282.400573730469 278.983856201172 279.242340087891 277.932495117188 278.215972900391 279.700256347656 281.525695800781 283.604797363281 285.816284179688 287.595367431641 284.628051757812 277.455474853516 273.806274414062 275.617370605469 279.925231933594 274.341369628906 272.837524414062 272.678771972656 274.999694824219 276.280853271484 275.073089599609 271.966857910156 268.48779296875
293.519958496094 293.701965332031 293.922821044922 293.887329101562 293.748352050781 294.272155761719 294.624237060547 294.475372314453 294.559722900391 294.879364013672 294.671569824219 294.140991210938 293.875823974609 293.836547851562 293.957397460938 293.985137939453 293.759674072266 293.643981933594 293.536010742188 293.970672607422 294.088439941406 291.829162597656 288.977264404297 286.486999511719 282.311737060547 280.744903564453 284.354583740234 284.399078369141 280.08251953125 279.716522216797 277.404846191406 279.567749023438 283.268249511719 284.117401123047 285.493041992188 287.938201904297 285.111572265625 279.994750976562 277.843872070312 276.382690429688 279.710998535156 277.669830322266 275.763671875 273.499725341797 273.515258789062 273.855895996094 273.308746337891 273.072509765625 271.618377685547
293.457550048828 293.858795166016 294.272705078125 294.265045166016 294.0458984375 294.231506347656 294.605377197266 294.182159423828 294.238433837891 294.295257568359 294.204040527344 293.9296875 293.770751953125 294.059143066406 294.192443847656 293.950500488281 293.753143310547 293.569702148438 293.990264892578 293.983734130859 294.074188232422 291.692474365234 289.511779785156 290.110931396484 289.649688720703 285.317413330078 283.052703857422 282.7939453125 278.847320556641 281.417510986328 278.719818115234 277.928863525391 280.422515869141 283.017242431641 285.334259033203 287.633819580078 285.569732666016 280.425567626953 277.464813232422 276.792633056641 279.824340820312 277.061462402344 274.963165283203 272.12255859375 269.640228271484 269.102294921875 266.555236816406 263.78564453125 264.285003662109
293.661804199219 293.710968017578 293.735870361328 293.883972167969 294.316162109375 294.471374511719 294.439270019531 294.323760986328 294.067047119141 293.877960205078 293.797149658203 293.988861083984 294.171630859375 294.028900146484 293.765380859375 293.672882080078 293.756469726562 293.975219726562 294.705413818359 294.581726074219 294.334655761719 293.646118164062 292.6533203125 292.164184570312 292.456451416016 286.79931640625 281.935119628906 283.914733886719 282.521820068359 282.329254150391 282.983978271484 280.120452880859 278.078063964844 281.576141357422 286.840667724609 287.821899414062 284.256622314453 278.369415283203 277.083618164062 278.914611816406 279.555541992188 280.963806152344 276.34716796875 276.059295654297 276.754302978516 273.399169921875 268.180603027344 262.805541992188 253.257354736328
294.032562255859 294.056060791016 294.050262451172 294.321136474609 294.550933837891 294.091766357422 293.839233398438 294.3095703125 294.224060058594 293.825622558594 293.805847167969 293.832183837891 293.703887939453 293.570861816406 293.551879882812 293.632385253906 293.712158203125 294.131225585938 294.081420898438 293.807342529297 293.107818603516 291.693176269531 287.492523193359 284.409729003906 286.566101074219 285.6748046875 283.086791992188 283.293487548828 281.362121582031 279.647613525391 282.120697021484 282.034545898438 280.43310546875 284.643737792969 287.669128417969 287.329986572266 285.795654296875 279.668884277344 276.109527587891 281.635559082031 284.148559570312 284.911346435547 282.221618652344 281.23681640625 281.818695068359 281.140411376953 275.457489013672 270.483917236328 262.373077392578
293.957489013672 294.062286376953 294.110809326172 294.034332275391 293.953704833984 293.656890869141 293.475402832031 293.759185791016 293.7060546875 293.542785644531 293.566741943359 293.663177490234 293.669799804688 293.416656494141 293.426055908203 293.626159667969 293.647888183594 293.847869873047 293.679443359375 293.422027587891 292.680145263672 287.901794433594 281.268798828125 279.451721191406 281.837585449219 283.769256591797 280.425140380859 277.676239013672 278.320159912109 279.685852050781 282.998901367188 282.833740234375 281.644836425781 286.131774902344 287.066864013672 286.318450927734 285.289184570312 282.928497314453 282.180297851562 283.509765625 283.066741943359 283.921234130859 281.419830322266 273.848876953125 267.718505859375 267.760131835938 270.949890136719 267.357238769531 259.419219970703
293.803131103516 293.857482910156 293.935577392578 294.109130859375 294.2021484375 293.792877197266 293.436004638672 293.192474365234 292.995880126953 293.195587158203 292.534149169922 292.549652099609 293.462554931641 293.160491943359 292.988525390625 293.100311279297 293.243316650391 293.230133056641 293.282104492188 292.789733886719 292.512176513672 286.483367919922 279.362609863281 278.708099365234 280.834197998047 283.080657958984 280.246337890625 277.941009521484 279.165740966797 283.048400878906 285.978118896484 285.132415771484 284.808715820312 287.059844970703 286.843017578125 285.983367919922 285.904510498047 286.573669433594 285.140960693359 280.130615234375 278.406463623047 276.892700195312 275.133270263672 263.903930664062 252.754776000977 251.230911254883 259.173126220703 257.439605712891 250.299560546875
293.475158691406 293.789245605469 293.759552001953 293.635314941406 293.776397705078 293.719940185547 293.426391601562 293.051391601562 292.687255859375 292.595001220703 291.575164794922 291.734100341797 292.981567382812 292.551055908203 292.276306152344 292.561920166016 292.949615478516 292.984039306641 293.204071044922 292.296600341797 291.619689941406 290.039916992188 283.960571289062 279.493225097656 280.588012695312 281.125 279.986755371094 278.986541748047 278.181488037109 282.821868896484 286.152252197266 286.895904541016 287.073944091797 287.738830566406 287.156280517578 286.674285888672 287.000518798828 286.302947998047 281.687103271484 276.126770019531 275.752746582031 272.512634277344 270.436187744141 262.624267578125 252.006301879883 251.143692016602 258.632690429688 258.531524658203 256.231811523438
292.967010498047 293.022430419922 292.832916259766 292.786743164062 292.813842773438 293.219451904297 293.469451904297 293.123657226562 292.698120117188 292.1533203125 292.021179199219 292.657287597656 292.885772705078 292.589935302734 292.424468994141 292.578033447266 293.055694580078 293.060974121094 293.218078613281 292.544281005859 291.779296875 292.058044433594 286.927398681641 280.317016601562 279.518280029297 278.933898925781 279.987030029297 278.879119873047 275.662811279297 280.261596679688 284.651733398438 287.192840576172 287.240264892578 287.624969482422 287.328491210938 286.976501464844 286.428619384766 284.334747314453 279.954986572266 275.730133056641 277.164428710938 277.237243652344 275.043243408203 272.491333007812 264.887725830078 261.364196777344 261.628692626953 259.164611816406 258.404693603516
292.514465332031 292.599273681641 292.512084960938 292.561614990234 292.773132324219 292.996185302734 292.907562255859 293.037139892578 293.190093994141 292.881408691406 292.815551757812 293.018890380859 292.8876953125 292.6611328125 292.518341064453 292.558380126953 292.942840576172 292.872497558594 293.095886230469 292.65869140625 292.427520751953 290.0908203125 285.461639404297 280.731658935547 278.677337646484 278.658966064453 278.404022216797 278.005645751953 277.334869384766 281.624938964844 285.055511474609 287.286865234375 286.922882080078 285.937347412109 285.680084228516 284.573333740234 283.580627441406 282.930358886719 280.957305908203 279.544708251953 280.65234375 280.426879882812 280.792266845703 278.486755371094 269.283874511719 257.771270751953 249.439865112305 244.880523681641 243.923583984375
