rcp8.5models/MPI_ESM_LR/sc1gr5.16
NCOLS 261 
NROWS 433 
XLLCORNER 336357.134 
YLLCORNER 654653.479 
CELLSIZE 1000 
NODATA_value -3.4e+38 
[rows 154 to 175 of 433, columns 147 to 195 of 261]
301.293151855469 301.072784423828 300.842956542969 300.988403320312 300.576995849609 300.048370361328 299.497467041016 299.362701416016 299.621124267578 300.351776123047 300.207977294922 299.921783447266 300.626129150391 300.071807861328 298.804595947266 299.872100830078 301.370666503906 301.015106201172 300.87060546875 303.547882080078 -3.4e+38 302.247619628906 305.911804199219 305.983184814453 306.183135986328 306.420288085938 306.835693359375 306.819183349609 306.898529052734 306.951599121094 306.864318847656 306.609161376953 306.528533935547 307.206237792969 307.714691162109 307.638580322266 307.583953857422 307.58837890625 307.592681884766 307.632019042969 -3.4e+38 307.695373535156 307.608856201172 307.5849609375 307.571716308594 307.623321533203 307.663513183594 307.687652587891 307.634490966797
301.012084960938 300.795532226562 300.607543945312 300.777099609375 300.536193847656 300.005706787109 299.494262695312 299.362731933594 -3.4e+38 299.818420410156 299.671142578125 300.108673095703 301.254974365234 300.623382568359 299.362365722656 301.052490234375 301.763488769531 301.550720214844 -3.4e+38 303.034973144531 301.623046875 303.005218505859 305.793853759766 306.156646728516 306.252502441406 306.299957275391 306.563201904297 306.754852294922 306.881103515625 306.754821777344 306.43408203125 306.264984130859 306.407989501953 307.231597900391 307.537933349609 307.634216308594 307.592346191406 307.458129882812 307.400634765625 307.691192626953 307.65478515625 307.61328125 307.617156982422 307.620910644531 307.624542236328 307.573577880859 307.662872314453 307.42333984375 307.089019775391
300.657623291016 300.6220703125 300.359069824219 299.977874755859 299.998077392578 299.714263916016 299.129486083984 299.466186523438 299.489013671875 299.311462402344 299.296844482422 300.399353027344 301.295074462891 300.912384033203 300.097961425781 301.430969238281 301.984619140625 301.704254150391 302.468719482422 -3.4e+38 300.713195800781 304.692565917969 305.550598144531 306.049133300781 306.280609130859 306.298828125 306.323699951172 306.481689453125 306.638336181641 306.385955810547 306.114349365234 306.098327636719 306.303741455078 307.134643554688 307.311706542969 307.341003417969 -3.4e+38 307.122741699219 307.078399658203 307.284393310547 307.242370605469 307.422912597656 307.683746337891 307.593292236328 307.538513183594 307.355133056641 307.2802734375 307.149932861328 306.756530761719
300.518981933594 300.471588134766 300.019897460938 299.180694580078 299.210388183594 299.355529785156 298.877502441406 299.518829345703 299.213714599609 298.837371826172 298.995574951172 300.738220214844 301.785034179688 301.701232910156 301.308898925781 301.799560546875 301.882415771484 302.330352783203 302.521911621094 302.250335693359 302.347198486328 305.086364746094 305.565277099609 306.04443359375 306.234039306641 306.320434570312 306.361083984375 306.370208740234 306.321838378906 305.959075927734 305.895385742188 306.113555908203 306.257659912109 307.049194335938 307.232543945312 307.124114990234 -3.4e+38 306.946594238281 306.950866699219 306.955017089844 306.994171142578 307.193878173828 307.538970947266 307.667877197266 307.532318115234 307.405944824219 307.337249755859 307.331359863281 307.202728271484
300.434234619141 300.2587890625 299.683074951172 299.094329833984 298.667724609375 298.811553955078 298.714019775391 299.097930908203 298.876983642578 297.928192138672 298.062866210938 300.5380859375 301.547180175781 302.411315917969 302.389190673828 302.245452880859 302.010009765625 303.048156738281 301.709991455078 300.52294921875 304.280395507812 305.064056396484 305.659759521484 306.101348876953 306.184967041016 306.12353515625 306.116912841797 306.122375488281 306.049896240234 305.859375 305.880737304688 306.18115234375 306.453277587891 307.023559570312 307.120880126953 307.053375244141 307.055847167969 306.954711914062 306.958953857422 306.963104248047 306.994415283203 307.114410400391 307.416198730469 307.725952148438 307.643493652344 307.647338867188 307.652465820312 307.495391845703 307.535339355469
299.996887207031 299.86669921875 299.467987060547 299.062591552734 298.546203613281 298.525787353516 298.556365966797 298.621368408203 298.665374755859 297.866973876953 297.643432617188 300.203216552734 301.382110595703 302.52197265625 302.884765625 302.617584228516 302.744445800781 -3.4e+38 301.997619628906 301.821166992188 304.68310546875 305.146362304688 305.561126708984 305.895202636719 306.138824462891 306.131225585938 305.895324707031 305.667541503906 305.914306640625 305.952423095703 306.076843261719 306.275268554688 306.480926513672 306.725708007812 306.877563476562 306.980773925781 307.0048828125 306.893951416016 306.849243164062 306.971099853516 306.97509765625 307.033721923828 307.183349609375 307.376068115234 307.593292236328 307.604614257812 307.378570556641 307.372131347656 307.345062255859
299.552185058594 299.603576660156 299.296508789062 298.658355712891 298.662109375 298.606201171875 297.985748291016 297.959655761719 297.943359375 297.517883300781 298.036804199219 299.789886474609 301.450500488281 302.137939453125 -3.4e+38 -3.4e+38 302.927398681641 -3.4e+38 303.728759765625 304.590270996094 304.776885986328 305.154449462891 305.444610595703 305.636688232422 305.909851074219 306.114410400391 305.80859375 305.413909912109 305.584106445312 305.773620605469 306.032989501953 306.145050048828 306.230895996094 306.293243408203 306.499450683594 306.843505859375 306.966369628906 306.813720703125 306.602294921875 306.767913818359 306.924285888672 306.986846923828 307.025909423828 307.107696533203 307.297393798828 307.416473388672 307.2158203125 307.221893310547 307.107177734375
298.325286865234 299.223510742188 298.611297607422 298.851684570312 299.29736328125 298.694915771484 298.285583496094 297.079467773438 296.739349365234 297.135284423828 299.100860595703 301.500305175781 302.216644287109 302.468872070312 -3.4e+38 -3.4e+38 302.853637695312 303.090087890625 304.099426269531 304.514434814453 304.910400390625 305.169342041016 305.403778076172 305.346649169922 305.294403076172 305.357696533203 305.280670166016 305.352264404297 305.391052246094 305.539184570312 305.816436767578 306.087615966797 306.11181640625 306.514251708984 306.5927734375 306.63720703125 306.697113037109 306.846588134766 306.897186279297 306.854339599609 306.825805664062 306.908752441406 306.885009765625 306.788055419922 306.756042480469 306.898040771484 306.911926269531 306.948394775391 306.971984863281
297.834228515625 298.740844726562 298.603759765625 299.118927001953 299.806854248047 299.791107177734 298.665985107422 297.723693847656 298.181182861328 298.777526855469 299.750640869141 301.835754394531 302.254180908203 -3.4e+38 -3.4e+38 -3.4e+38 303.213012695312 303.171295166016 304.003021240234 304.374420166016 304.709136962891 305.053955078125 305.226959228516 305.213714599609 305.201904296875 305.193298339844 -3.4e+38 305.3544921875 305.313598632812 305.340881347656 305.743072509766 305.877777099609 305.727905273438 306.523956298828 306.613891601562 306.532257080078 306.611328125 306.827331542969 306.831481933594 306.862640380859 306.885498046875 306.84326171875 306.846984863281 306.780029296875 306.666412353516 306.708435058594 306.733642578125 306.750823974609 306.953552246094
297.708953857422 298.416534423828 298.650299072266 299.270141601562 299.844512939453 300.491455078125 299.902282714844 299.434661865234 300.028625488281 300.530975341797 300.695648193359 302.254486083984 302.410949707031 -3.4e+38 -3.4e+38 -3.4e+38 303.633758544922 303.625244140625 303.979278564453 304.190704345703 304.506744384766 304.994110107422 305.117401123047 305.115173339844 304.930419921875 304.794799804688 304.925598144531 305.2431640625 305.215026855469 305.259887695312 305.374938964844 305.553588867188 305.611114501953 306.370269775391 306.509765625 306.552215576172 306.618774414062 306.766754150391 306.721160888672 306.843078613281 306.846984863281 306.781188964844 306.667327880859 306.615875244141 306.598907470703 306.633941650391 306.699035644531 306.668823242188 306.804473876953
297.402008056641 298.126617431641 298.283142089844 299.122711181641 299.288818359375 300.120788574219 300.077850341797 300.230377197266 300.671691894531 301.020080566406 301.329498291016 302.386779785156 302.519500732422 -3.4e+38 -3.4e+38 303.421417236328 303.714782714844 303.831695556641 304.061737060547 304.123901367188 304.46484375 304.964721679688 304.932708740234 304.697357177734 304.438232421875 304.372436523438 304.674957275391 305.052825927734 305.045562744141 305.246429443359 305.34326171875 305.554901123047 306.062103271484 -3.4e+38 306.467834472656 306.395324707031 306.465454101562 306.509399414062 306.473999023438 306.536468505859 306.515686035156 306.627685546875 306.715576171875 306.719329833984 306.777923583984 306.597320556641 306.635040283203 306.603729248047 306.640197753906
296.917388916016 297.834503173828 298.268341064453 298.666442871094 298.959686279297 299.666625976562 299.403594970703 299.527618408203 300.698394775391 301.321319580078 301.618194580078 302.263610839844 302.464599609375 302.558502197266 302.748840332031 303.224731445312 303.721008300781 303.962646484375 304.099853515625 304.192901611328 304.472351074219 304.829132080078 304.458618164062 304.293701171875 304.31494140625 304.262481689453 304.410888671875 304.501739501953 304.726409912109 305.257781982422 305.550994873047 305.910827636719 306.316101074219 306.551605224609 306.404724121094 306.294158935547 306.379364013672 306.408874511719 306.456298828125 306.507507324219 306.315521240234 306.447174072266 306.588806152344 306.697143554688 306.876159667969 306.54931640625 306.552429199219 306.591369628906 306.616333007812
296.704315185547 297.644287109375 298.392974853516 298.359832763672 298.315246582031 299.049468994141 298.701934814453 298.669616699219 300.366088867188 300.964874267578 301.277587890625 302.089019775391 302.424560546875 302.417297363281 302.567596435547 302.861389160156 303.543273925781 303.946655273438 304.101501464844 304.157958984375 304.264373779297 304.393859863281 304.220489501953 304.349853515625 304.428436279297 304.417053222656 304.425628662109 304.226013183594 304.399536132812 305.205078125 305.662780761719 -3.4e+38 306.303771972656 306.434539794922 -3.4e+38 306.348602294922 306.447113037109 306.488250732422 306.383056640625 306.504699707031 306.369049072266 306.441986083984 306.493713378906 306.531890869141 306.719451904297 306.744140625 306.711730957031 306.648376464844 306.682250976562
296.846496582031 297.681243896484 298.246124267578 297.800170898438 297.900482177734 298.172027587891 297.441314697266 298.703918457031 300.035949707031 300.678039550781 301.003570556641 301.909332275391 302.19091796875 302.045104980469 302.470001220703 302.671051025391 303.126708984375 303.485137939453 303.900085449219 303.968017578125 304.097259521484 303.886962890625 304.044982910156 304.428192138672 304.800842285156 304.921875 304.890319824219 304.641723632812 304.544799804688 305.224029541016 -3.4e+38 306.051574707031 306.218017578125 306.346862792969 306.351409912109 -3.4e+38 306.413665771484 306.363677978516 306.135681152344 306.254547119141 306.376220703125 306.434295654297 306.475677490234 306.371948242188 306.259704589844 306.896881103516 306.872314453125 306.802551269531 306.744110107422
296.979675292969 297.779907226562 297.924926757812 296.683197021484 296.960571289062 296.324401855469 296.399871826172 299.413513183594 299.992248535156 300.656097412109 300.948150634766 301.717651367188 301.813751220703 301.796569824219 302.38916015625 302.679748535156 303.031890869141 303.409057617188 303.696563720703 303.814453125 303.920562744141 303.658416748047 303.871826171875 304.195739746094 304.716766357422 305.129486083984 305.146667480469 305.112823486328 305.083801269531 305.279479980469 -3.4e+38 305.908538818359 305.917572021484 306.168884277344 306.239807128906 306.363006591797 306.333709716797 306.191192626953 306.110046386719 306.217987060547 306.265594482422 306.387023925781 306.390625 306.339508056641 306.083862304688 306.634979248047 306.848571777344 306.909790039062 306.8212890625
297.180084228516 297.595825195312 297.211456298828 295.547058105469 295.103698730469 294.181335449219 294.870819091797 298.388885498047 299.636352539062 300.43701171875 301.280914306641 301.457977294922 301.233123779297 301.779571533203 302.345947265625 302.626770019531 303.013854980469 303.591766357422 303.653778076172 303.771850585938 303.839874267578 303.862396240234 303.884857177734 304.087280273438 304.3330078125 304.794189453125 305.033172607422 305.210998535156 305.261840820312 305.286529541016 305.586822509766 305.592742919922 305.602325439453 306.027801513672 306.08544921875 306.184753417969 306.162170410156 306.024841308594 306.018798828125 306.273590087891 306.297210693359 306.393981933594 306.397552490234 306.401031494141 306.295013427734 306.384918212891 306.528686523438 306.706176757812 306.797729492188
296.981018066406 297.110076904297 297.096160888672 295.785949707031 294.510009765625 292.378234863281 292.744476318359 297.187561035156 299.741058349609 300.57421875 301.192291259766 300.970001220703 301.039978027344 301.729614257812 302.045379638672 302.491363525391 302.861450195312 303.352691650391 -3.4e+38 303.778930664062 303.896942138672 304.038299560547 304.038787841797 304.143585205078 304.200561523438 304.355804443359 304.542541503906 304.865386962891 305.139739990234 305.169097900391 305.298706054688 305.223785400391 305.323516845703 306.034820556641 305.973052978516 305.858489990234 305.862609863281 305.913909912109 306.115783691406 306.244720458984 306.186401367188 306.342071533203 306.404418945312 306.407867431641 306.411224365234 306.214172363281 306.0478515625 306.491302490234 306.580871582031
296.311462402344 296.68896484375 296.971343994141 296.228363037109 294.969055175781 293.504760742188 294.535919189453 297.5654296875 300.066314697266 300.820037841797 300.756164550781 300.817291259766 301.453735351562 301.628051757812 301.861663818359 302.515625 302.758697509766 303.037963867188 303.422332763672 303.785888671875 -3.4e+38 304.081878662109 304.144561767578 304.150604248047 -3.4e+38 304.162231445312 304.193603515625 304.568237304688 305.120849609375 305.043365478516 304.973937988281 304.874328613281 305.106719970703 -3.4e+38 305.927001953125 305.717254638672 305.688110351562 305.780426025391 306.070953369141 306.006896972656 305.830993652344 305.964294433594 306.234954833984 306.414642333984 306.417938232422 306.018127441406 305.972686767578 306.029144287109 306.006286621094
296.007751464844 296.525756835938 296.648651123047 296.486663818359 295.320129394531 294.852935791016 297.650421142578 298.613006591797 299.957244873047 300.575805664062 300.872467041016 301.069000244141 301.689819335938 301.643859863281 302.041046142578 302.628753662109 302.776916503906 302.946014404297 303.137756347656 303.609130859375 303.818695068359 -3.4e+38 304.151458740234 304.188751220703 304.286651611328 304.352996826172 304.295349121094 304.462463378906 304.815856933594 304.568023681641 304.674652099609 304.742523193359 305.131439208984 -3.4e+38 305.815093994141 305.724060058594 305.668273925781 305.585784912109 305.624877929688 305.736907958984 305.834930419922 305.796478271484 306.058044433594 306.107208251953 306.051361083984 305.986389160156 306.137603759766 305.742431640625 305.727416992188
296.385375976562 296.762023925781 296.873199462891 296.753570556641 296.1376953125 295.321868896484 297.625366210938 298.698486328125 299.175415039062 298.871490478516 300.848114013672 301.025573730469 301.714416503906 -3.4e+38 302.60498046875 302.642150878906 302.740966796875 302.798461914062 302.843688964844 303.022857666016 303.204620361328 303.360748291016 303.789245605469 303.805725097656 304.030395507812 304.293060302734 304.626159667969 304.586547851562 304.676879882812 304.749603271484 304.731292724609 304.916107177734 305.143615722656 -3.4e+38 305.462493896484 305.231170654297 305.363311767578 305.293060302734 305.309967041016 305.420166015625 305.531646728516 305.668518066406 305.524169921875 305.434356689453 305.595550537109 305.804412841797 305.853118896484 305.828369140625 305.785461425781
296.761260986328 297.425567626953 297.029724121094 296.360321044922 297.233856201172 297.007354736328 297.61328125 299.163818359375 299.590759277344 299.760955810547 300.89208984375 301.4453125 301.698394775391 301.780090332031 302.123657226562 302.153594970703 302.359100341797 302.548248291016 302.842132568359 302.887908935547 302.925079345703 302.992492675781 303.762176513672 303.695770263672 303.963806152344 304.214874267578 304.372619628906 304.560363769531 304.584930419922 304.720458984375 304.950469970703 305.220977783203 -3.4e+38 -3.4e+38 305.308868408203 305.163116455078 305.188812255859 305.252166748047 305.249420166016 305.308532714844 305.430328369141 305.366027832031 305.25146484375 305.288909912109 305.535675048828 305.818176269531 305.879791259766 305.847564697266 305.791748046875
297.039978027344 297.632049560547 297.278900146484 296.833557128906 297.749877929688 298.185821533203 297.935913085938 299.310546875 299.743316650391 300.459716796875 300.945159912109 301.394958496094 301.668029785156 301.57080078125 301.821929931641 301.735961914062 301.842651367188 302.242065429688 302.771331787109 302.788726806641 302.942596435547 302.9990234375 303.875762939453 303.911346435547 303.970245361328 304.195770263672 304.201385498047 304.290130615234 304.459594726562 304.585876464844 304.945587158203 305.227447509766 305.199920654297 -3.4e+38 -3.4e+38 305.223754882812 305.206817626953 305.225311279297 305.143188476562 305.186859130859 305.310241699219 305.200714111328 305.1103515625 305.277557373047 305.678680419922 -3.4e+38 -3.4e+38 -3.4e+38 305.833129882812
