rcp8.5models/MPI_ESM_LR/sc1gr7.35
NCOLS 261 
NROWS 433 
XLLCORNER 336357.134 
YLLCORNER 654653.479 
CELLSIZE 1000 
NODATA_value -9999 
[rows 345 to 367 of 433, columns 50 to 99 of 261]
48.6978569030762 48.9578628540039 49.2072486877441 49.2835998535156 49.3989410400391 49.5817680358887 49.8098526000977 50.141788482666 50.3890151977539 50.5284156799316 50.8248901367188 51.1074028015137 51.2528877258301 51.3871688842773 51.5846557617188 51.6922721862793 51.9180526733398 52.1978607177734 52.2071495056152 52.3152198791504 52.8440284729004 53.3136100769043 52.9930953979492 52.9053382873535 53.5080146789551 53.6629219055176 54.3820915222168 55.8818397521973 55.3317794799805 54.6898574829102 56.3282623291016 56.6182022094727 56.9159965515137 56.3327102661133 54.9588165283203 55.4573669433594 55.5239334106445 55.3460845947266 55.4927177429199 55.5621795654297 56.3407325744629 57.2966690063477 56.9858093261719 56.1878890991211 56.3998374938965 56.7659645080566 57.5001487731934 60.0743942260742 62.4683685302734 64.1951065063477
48.888370513916 49.0626258850098 49.2871475219727 49.2831497192383 49.348991394043 49.6213340759277 49.9736328125 50.2753753662109 50.771240234375 50.9280853271484 51.0615501403809 51.2227096557617 51.3457565307617 51.6023750305176 51.7689552307129 51.8600273132324 52.0511741638184 52.264030456543 52.4872627258301 52.6062965393066 52.9274749755859 53.3169441223145 53.177433013916 53.6694068908691 54.3925247192383 54.6051902770996 55.0885581970215 55.9474182128906 56.2322196960449 55.0635223388672 57.142219543457 58.0585441589355 57.2085990905762 56.7607879638672 55.5759925842285 55.7903785705566 55.8531341552734 55.5336380004883 56.1288452148438 56.4566764831543 55.7491683959961 56.3560409545898 56.4146575927734 56.0066032409668 56.236156463623 56.7937469482422 57.3771896362305 58.7180023193359 60.789665222168 62.1656723022461
48.9524536132812 49.1092376708984 49.2424392700195 49.3231658935547 49.4358749389648 49.6305847167969 50.266185760498 50.4139022827148 50.887508392334 51.2317733764648 51.2943458557129 51.2960014343262 51.4480209350586 51.7249374389648 51.8305473327637 52.0324821472168 52.1971588134766 52.4457893371582 52.8395309448242 52.8942451477051 52.8194274902344 52.9555320739746 53.5561866760254 54.138370513916 54.6561431884766 55.4914665222168 55.8481559753418 56.0696296691895 57.3922843933105 56.3782234191895 57.6390762329102 59.26220703125 58.1977462768555 57.5992774963379 56.589241027832 56.4380722045898 57.5096397399902 57.1242141723633 56.5027198791504 57.2821617126465 55.930419921875 55.835262298584 55.8955345153809 55.9589958190918 56.1596488952637 56.826904296875 56.8630790710449 56.7714920043945 58.5140800476074 59.9725303649902
49.2209701538086 49.3366165161133 49.4121017456055 49.5510635375977 49.7056503295898 49.8467063903809 50.4190826416016 50.6377906799316 51.13330078125 51.5819091796875 51.610767364502 51.7055168151855 51.8650321960449 52.0701141357422 52.3342475891113 52.5070190429688 52.7004928588867 53.0184135437012 53.1194915771484 53.1649780273438 53.1775817871094 53.2131881713867 53.6763076782227 53.9477195739746 54.3967475891113 55.5030822753906 56.4216194152832 56.5608329772949 57.7104148864746 57.7493057250977 57.4360656738281 58.5663375854492 58.9868354797363 57.9764366149902 57.8108596801758 57.1149101257324 57.808177947998 59.198169708252 57.8725700378418 56.7750663757324 57.4059677124023 56.0303077697754 55.771858215332 56.5737037658691 57.6168746948242 56.963981628418 55.9469032287598 55.9258422851562 55.9856338500977 55.9315490722656
49.3322830200195 49.4341354370117 49.5462379455566 49.719654083252 49.9457664489746 50.1195487976074 50.6129455566406 50.8371467590332 51.3134269714355 51.9589004516602 51.8527412414551 51.775074005127 52.0335845947266 52.2480812072754 52.4959602355957 52.7326850891113 52.9040679931641 53.2243003845215 53.1280784606934 53.1573600769043 53.317741394043 53.3348426818848 53.4692192077637 54.3442802429199 54.7060623168945 55.0894737243652 55.7726173400879 56.1225776672363 57.0623970031738 57.4201316833496 57.4053421020508 58.4298133850098 59.3544807434082 58.4785041809082 58.2626266479492 57.7048263549805 57.2117652893066 59.0481605529785 59.2563705444336 57.2239761352539 57.2203140258789 56.470588684082 55.8238067626953 56.0215301513672 56.6846199035645 57.0208625793457 56.3066940307617 55.8308715820312 55.8208808898926 55.6484718322754
49.4480857849121 49.5232276916504 49.691577911377 49.9839057922363 50.1935653686523 50.2849807739258 50.7234840393066 50.896125793457 51.2400398254395 51.6958045959473 51.7449607849121 51.8638496398926 52.1556282043457 52.3832168579102 52.6814117431641 52.9897079467773 53.1543846130371 53.4741821289062 53.3024787902832 53.2091102600098 53.3122978210449 53.3606262207031 53.4831886291504 54.1672744750977 54.878662109375 55.0397186279297 55.3776359558105 56.0222053527832 56.9352684020996 57.4257583618164 57.8587951660156 58.0838470458984 58.6669731140137 58.7355346679688 58.0080070495605 58.2264060974121 57.4836235046387 58.1897392272949 59.8617057800293 58.7296714782715 56.4148826599121 56.3616104125977 55.86962890625 55.8980369567871 55.8292655944824 56.5800704956055 56.6922225952148 56.2373809814453 56.0092086791992 55.3770217895508
49.6600608825684 49.6804084777832 49.7861061096191 50.0545272827148 50.2745513916016 50.3821029663086 50.7385139465332 50.9737777709961 51.1963882446289 51.5171737670898 51.687385559082 51.9557838439941 52.2599258422852 52.4934349060059 52.786247253418 53.0256805419922 53.1853332519531 53.6230583190918 53.5362434387207 53.3350791931152 53.4247093200684 53.5166244506836 53.5473289489746 53.6995010375977 54.6962966918945 54.8358840942383 55.5214233398438 56.5612640380859 57.0351104736328 57.2975540161133 57.5623321533203 57.9382972717285 58.5355033874512 58.8624229431152 57.7311820983887 57.1069984436035 57.1082038879395 57.458438873291 59.1102142333984 59.9097137451172 56.9154319763184 56.266716003418 56.1560440063477 55.8722267150879 55.8697814941406 56.1674423217773 56.719539642334 57.0240058898926 56.6810531616211 56.0758438110352
49.875545501709 49.8233108520508 49.9555931091309 50.1532783508301 50.2848320007324 50.4387092590332 50.8894882202148 51.0915679931641 51.3030776977539 51.5717926025391 51.7509689331055 52.0214805603027 52.2842559814453 52.5206985473633 52.8274993896484 52.9924240112305 53.1108589172363 53.525577545166 53.4505882263184 53.4424667358398 53.5909576416016 53.6642036437988 53.6757164001465 53.7250823974609 54.287223815918 54.3114051818848 54.6791458129883 55.286003112793 55.4977111816406 55.8616676330566 56.3386459350586 57.2693099975586 58.0784950256348 58.3382415771484 57.7263374328613 56.5037536621094 56.4814109802246 56.6717948913574 57.9009628295898 59.3703460693359 57.815185546875 56.3756332397461 56.2976226806641 56.2461013793945 56.2048187255859 55.9535255432129 56.2679023742676 57.0223007202148 57.2161102294922 57.0186958312988
49.9728469848633 49.9957237243652 50.1262435913086 50.2897300720215 50.3991050720215 50.5246658325195 51.0436935424805 51.2713165283203 51.4655075073242 51.6384086608887 51.8045234680176 52.0684394836426 52.3123092651367 52.5771369934082 52.8565635681152 53.0219421386719 53.1309204101562 53.4107475280762 53.3472671508789 53.4714889526367 53.5852241516113 53.7767868041992 53.7920379638672 53.7385635375977 53.935619354248 54.0636558532715 54.0685997009277 54.2070159912109 55.4242630004883 55.9013214111328 56.066650390625 56.3012313842773 57.3895149230957 58.2393112182617 58.1980094909668 57.3130531311035 56.3953819274902 56.1133880615234 57.1609573364258 58.711368560791 58.7380867004395 57.1729202270508 56.2875938415527 56.5165481567383 56.6328582763672 56.0182685852051 55.7460441589355 56.7693748474121 57.3793411254883 57.3447189331055
50.0853729248047 50.1652069091797 50.2825012207031 50.4131851196289 50.5567169189453 50.6965599060059 51.0638732910156 51.2465782165527 51.4684944152832 51.6566619873047 51.8900756835938 52.114631652832 52.315803527832 52.6501197814941 52.8971672058105 53.0554122924805 53.0951614379883 53.4660758972168 53.4457931518555 53.4694328308105 53.553150177002 53.7226486206055 54.0160217285156 54.0892105102539 53.9823226928711 54.0159950256348 54.1935005187988 54.2879371643066 55.552547454834 56.1384468078613 55.9143829345703 55.9168434143066 57.0701141357422 58.1428604125977 58.4712219238281 58.2966346740723 57.3894157409668 56.4360733032227 56.7908706665039 58.356876373291 58.2735481262207 58.2683143615723 56.6579666137695 56.127685546875 56.9913673400879 56.8845863342285 55.9050827026367 56.4754028320312 57.1533355712891 57.4464721679688
50.2834930419922 50.300178527832 50.3844528198242 50.4951362609863 50.6644287109375 50.8355827331543 51.1211853027344 51.2884330749512 51.4849624633789 51.6964530944824 51.987377166748 52.2131195068359 52.3495140075684 52.5961570739746 52.8613586425781 53.0785636901855 53.1051063537598 53.6796340942383 53.66650390625 53.4852676391602 53.5795211791992 53.6714324951172 54.0100364685059 54.1567916870117 54.0147705078125 54.0060005187988 54.2442092895508 54.3026466369629 54.873592376709 55.6424674987793 55.5120849609375 55.3265342712402 56.14892578125 56.7750511169434 57.7049217224121 58.5454750061035 58.3637390136719 57.4052619934082 56.6715240478516 57.5606918334961 57.412425994873 57.8578338623047 57.7929267883301 56.5923385620117 57.0392684936523 57.6235809326172 56.946605682373 56.5811157226562 56.5273132324219 56.9579620361328
50.4890251159668 50.4952735900879 50.5550956726074 50.6595840454102 50.9206886291504 51.1429748535156 51.2548904418945 51.4636497497559 51.6529655456543 51.9306793212891 52.1020851135254 52.3043746948242 52.5177421569824 52.680419921875 52.9880485534668 53.1790161132812 53.2585182189941 53.7759819030762 53.7004852294922 53.5792655944824 53.876335144043 54.1507263183594 54.1703605651855 54.0593528747559 54.1608963012695 54.159252166748 54.1966552734375 54.3040733337402 54.6195297241211 55.2875671386719 55.7045021057129 55.8708610534668 56.2712135314941 56.2919883728027 56.6815414428711 57.5246429443359 57.9725685119629 57.7929763793945 56.8352088928223 56.6796569824219 58.0107307434082 57.8435592651367 58.5401916503906 57.8787536621094 57.362377166748 57.8529968261719 57.9117050170898 57.2125701904297 56.255069732666 56.0803642272949
50.6892929077148 50.7234001159668 50.7786674499512 50.8540687561035 51.0772361755371 51.3236351013184 51.3475875854492 51.5726470947266 51.7607574462891 51.9611511230469 52.0779609680176 52.3189125061035 52.878734588623 52.960132598877 53.070858001709 53.3582916259766 53.3970108032227 53.7084426879883 53.7802886962891 53.863956451416 53.9739456176758 54.5932006835938 54.5647392272949 54.1696701049805 54.6979141235352 54.6016159057617 54.243709564209 54.3909072875977 54.5466690063477 55.4090347290039 56.4011917114258 56.7975692749023 57.0651969909668 56.8553237915039 56.7216644287109 57.0527114868164 57.5337600708008 57.8426818847656 57.4478149414062 56.9578323364258 57.9482765197754 58.1154174804688 58.2440071105957 58.5449752807617 58.0540237426758 57.5762252807617 57.7287826538086 57.5544776916504 56.6758193969727 56.161548614502
50.9137077331543 50.9376449584961 51.0026664733887 51.0615272521973 51.1987800598145 51.3800926208496 51.5446395874023 51.7272109985352 51.8679504394531 51.9869842529297 52.2842445373535 52.6026382446289 52.9306907653809 53.3286933898926 53.4790153503418 53.7009468078613 53.802661895752 53.7865180969238 53.6909217834473 54.0741729736328 54.0578765869141 54.6779289245605 54.6372833251953 54.3624420166016 54.917308807373 54.7162818908691 54.343620300293 54.4481010437012 54.6175231933594 55.1519050598145 56.463794708252 57.1431655883789 57.2145538330078 57.1400871276855 57.1427268981934 57.2534294128418 57.5096282958984 57.968864440918 58.0616340637207 57.9839973449707 57.4884414672852 57.9943389892578 57.8922462463379 58.1211128234863 58.5221061706543 57.6227111816406 57.1623382568359 57.4312400817871 57.144702911377 56.4699325561523
51.183292388916 51.1764106750488 51.1803894042969 51.3050079345703 51.3848915100098 51.6127662658691 51.7582168579102 51.8510780334473 51.9401435852051 52.1134757995605 52.747802734375 53.2908477783203 53.0118675231934 53.4779739379883 53.9676742553711 54.0373306274414 54.0942459106445 53.6345024108887 53.5785751342773 53.9052696228027 53.9904708862305 54.2424125671387 54.3309783935547 54.4017448425293 54.9951667785645 55.2266731262207 54.7378234863281 54.4944000244141 54.7188034057617 54.8168563842773 55.8851623535156 56.9965705871582 57.2169609069824 57.2647094726562 57.3580780029297 57.2359504699707 57.4613304138184 58.0257720947266 58.1559791564941 58.2767906188965 57.7480506896973 57.9567680358887 58.2029418945312 58.2055053710938 58.5404930114746 58.2335319519043 57.3800392150879 57.0332717895508 57.1305084228516 56.8080902099609
51.6331481933594 51.6071662902832 51.644832611084 51.7737998962402 51.8197212219238 51.9132385253906 52.0348930358887 52.1509208679199 52.4791984558105 52.9632873535156 53.3279838562012 53.510555267334 53.5749816894531 53.7313690185547 54.1016807556152 54.3018188476562 54.2025985717773 54.3993835449219 54.1250686645508 54.1244316101074 54.2020225524902 54.6012802124023 54.6774673461914 55.130802154541 55.5290069580078 55.5737113952637 55.3992156982422 55.0516815185547 55.1373558044434 55.1567115783691 55.5077476501465 56.2748603820801 56.821460723877 56.8455276489258 57.2362594604492 57.4702377319336 57.487850189209 57.8983345031738 58.1594924926758 58.1183776855469 58.2873764038086 58.0961837768555 58.0027008056641 58.1603355407715 58.4627914428711 58.5887985229492 58.5940895080566 58.4334831237793 57.9363174438477 57.4298439025879
51.888298034668 51.8748817443848 51.9009628295898 51.9905128479004 52.0604705810547 52.1219902038574 52.2240295410156 52.3509483337402 52.5879592895508 53.0243148803711 53.3678283691406 53.5356216430664 53.594123840332 53.9361457824707 53.8724021911621 53.9647026062012 54.4668655395508 54.4422187805176 54.3810958862305 54.2644081115723 54.3384704589844 54.716552734375 54.7468681335449 55.1103248596191 55.3652229309082 55.5527534484863 55.748420715332 55.3193359375 55.2805290222168 55.3684730529785 55.446605682373 55.7219314575195 56.3955268859863 56.7825622558594 57.0953750610352 57.5983581542969 57.7984886169434 57.9886169433594 58.2187690734863 58.2746849060059 58.3062171936035 58.2811126708984 58.2695770263672 58.3530883789062 58.4519309997559 58.467529296875 58.4397964477539 58.4964256286621 58.4988822937012 58.0736351013184
52.2046661376953 52.2300720214844 52.1775588989258 52.2115516662598 52.2825775146484 52.321964263916 52.4477310180664 52.5803871154785 52.7545890808105 53.0520133972168 53.4172019958496 53.822208404541 53.9331359863281 54.111629486084 53.8610877990723 53.885612487793 54.3072128295898 54.2382011413574 54.3596649169922 54.370433807373 54.3927879333496 54.5352897644043 54.8396606445312 55.0027923583984 55.1846656799316 55.6704292297363 55.7952117919922 55.5673294067383 55.3673515319824 55.6079025268555 55.5629997253418 55.5687026977539 56.2776565551758 56.9839935302734 57.3124923706055 57.6659736633301 57.94384765625 58.0336227416992 58.1790657043457 58.3322296142578 58.2263679504395 58.3325653076172 58.3100471496582 58.382396697998 58.5123672485352 58.5023803710938 58.4257202148438 58.3897361755371 58.4680252075195 58.5491409301758
52.4786834716797 52.4738006591797 52.4767951965332 52.4806518554688 52.5271987915039 52.5563087463379 52.6922035217285 52.8258323669434 52.9788398742676 53.1616516113281 53.5287857055664 53.9913177490234 54.2189140319824 54.1970024108887 54.1153144836426 54.0948944091797 54.264274597168 54.2300834655762 54.2769203186035 54.4048271179199 54.4598426818848 54.77685546875 55.1621627807617 55.1006011962891 55.2989845275879 55.8341636657715 55.6990623474121 55.5750465393066 55.4269180297852 55.689151763916 55.8922004699707 55.8750228881836 56.0572700500488 56.4592208862305 57.0943069458008 57.5689163208008 57.910343170166 58.1196327209473 58.2199211120605 58.3592834472656 58.2378234863281 58.2438888549805 58.3127708435059 58.3885498046875 58.5472068786621 58.6435203552246 58.5725898742676 58.3850250244141 58.3667526245117 58.5441703796387
52.7534484863281 52.7486000061035 52.7741470336914 52.7926635742188 52.8396072387695 52.8431205749512 52.9270820617676 53.030086517334 53.2508201599121 53.403392791748 53.7428207397461 53.9798965454102 54.1974945068359 54.1067008972168 54.2407608032227 54.2052879333496 54.377857208252 54.4825553894043 54.4778747558594 54.5726203918457 54.6276550292969 54.9579162597656 55.3491554260254 55.4048843383789 55.6617660522461 56.0351753234863 55.7189407348633 55.5001564025879 55.698169708252 55.7375450134277 56.0656280517578 56.1090240478516 56.0055465698242 56.482780456543 56.9636154174805 57.2510147094727 57.7475051879883 58.1125335693359 58.258903503418 58.402946472168 58.3508377075195 58.1875457763672 58.2730178833008 58.3796119689941 58.5322570800781 58.6539459228516 58.6172790527344 58.4563064575195 58.3881416320801 58.4729042053223
53.0361251831055 53.1032562255859 53.1132926940918 53.1117515563965 53.1351051330566 53.1539077758789 53.1720352172852 53.2918510437012 53.4135971069336 53.5593795776367 53.9673538208008 54.1345405578613 54.0700569152832 53.9330749511719 54.1216354370117 54.2642478942871 54.5128707885742 54.5820922851562 54.6416130065918 54.765266418457 55.0209579467773 55.0922660827637 55.2097702026367 55.4149360656738 55.9336853027344 56.2213973999023 55.939868927002 55.6961555480957 56.2590255737305 56.1219177246094 56.1226196289062 56.3129119873047 56.2850379943848 56.7145538330078 57.2311172485352 57.4681243896484 57.7704925537109 58.0900688171387 58.3098220825195 58.4107551574707 58.4804458618164 58.3670387268066 58.3385581970215 58.5091285705566 58.6058540344238 58.5914077758789 58.5893669128418 58.5198593139648 58.4922103881836 58.5772476196289
-9999 53.4573707580566 53.4751358032227 53.4316177368164 53.4115295410156 53.443733215332 53.4913291931152 53.5985946655273 53.6409568786621 53.7294158935547 53.957950592041 54.1994361877441 54.2232475280762 54.1058464050293 54.1601600646973 54.3603630065918 54.569881439209 54.7371864318848 54.8857727050781 54.9666595458984 55.2498817443848 55.2757606506348 55.2823867797852 55.5811882019043 55.8876113891602 56.1422462463379 56.1784172058105 56.026424407959 56.3412780761719 56.2878837585449 56.2283096313477 56.557746887207 56.7441520690918 56.7891502380371 57.3915328979492 57.9755821228027 57.902660369873 58.178581237793 58.5877990722656 58.6591529846191 58.7364273071289 58.7695732116699 58.5776710510254 58.6103096008301 58.6762542724609 58.6580543518066 58.66845703125 58.6641807556152 58.6948509216309 58.7670631408691
-9999 53.6914405822754 53.7925720214844 53.7519989013672 53.7413063049316 53.7427101135254 53.7863159179688 53.8649482727051 53.9122505187988 53.9812126159668 54.0500030517578 54.2529106140137 54.364818572998 54.349552154541 54.3962287902832 54.5502700805664 54.6872138977051 55.0553245544434 55.3469619750977 55.3873901367188 55.4914627075195 55.6378898620605 55.5904998779297 56.009635925293 56.1640090942383 56.3078346252441 56.5634841918945 56.37353515625 56.2983474731445 56.3649291992188 56.4406585693359 56.7011566162109 56.9749298095703 57.1325263977051 57.523624420166 58.1618804931641 58.3160171508789 58.446216583252 58.7854080200195 59.0434799194336 58.975513458252 59.0788841247559 58.958927154541 58.8259658813477 58.8249435424805 58.876049041748 58.865348815918 58.9051094055176 58.9183311462402 58.9598159790039
