rcp8.5models/MPI_ESM_LR/sc1gr9.31
NCOLS 261 
NROWS 433 
XLLCORNER 336357.134 
YLLCORNER 654653.479 
CELLSIZE 1000 
NODATA_value -3.4e+38 
[rows 132 to 153 of 433, columns 98 to 146 of 261]
120.892837524414 120.509033203125 120.743179321289 140.410888671875 141.111038208008 139.276885986328 122.436172485352 126.965209960938 153.66242980957 173.726348876953 127.944984436035 153.09716796875 170.025039672852 194.32275390625 156.552825927734 168.601303100586 167.407684326172 160.686050415039 169.649795532227 162.403274536133 171.71142578125 171.921295166016 203.891067504883 173.083435058594 154.424209594727 136.966690063477 168.560729980469 180.461608886719 190.673568725586 224.206085205078 211.494079589844 182.312362670898 228.591949462891 214.570343017578 185.119323730469 204.663711547852 123.615608215332 176.831695556641 200.677917480469 220.676025390625 174.569396972656 161.188537597656 124.10026550293 122.948089599609 137.032913208008 180.308380126953 207.471664428711 247.41145324707 198.628189086914
121.637275695801 121.25821685791 121.49641418457 121.990699768066 122.299201965332 122.933822631836 123.12735748291 123.003967285156 127.605690002441 143.380706787109 124.348754882812 137.051498413086 191.150161743164 193.213653564453 164.339569091797 155.006561279297 159.239761352539 177.642974853516 187.591934204102 142.992233276367 190.267486572266 144.518249511719 199.941589355469 165.232223510742 165.260269165039 146.023315429688 134.795776367188 178.220947265625 221.404663085938 209.680633544922 157.149810791016 149.529190063477 226.608993530273 216.982833862305 195.856826782227 203.82568359375 140.509094238281 137.505111694336 173.412734985352 177.864379882812 171.986557006836 125.131767272949 124.467277526855 124.052543640137 123.66813659668 138.256927490234 195.679595947266 245.573623657227 208.611953735352
122.003707885742 122.021118164062 122.341529846191 128.573638916016 147.457153320312 129.366561889648 149.400115966797 123.629615783691 123.967300415039 124.25959777832 124.638977050781 130.263000488281 159.438110351562 192.294998168945 189.775329589844 167.677551269531 175.881805419922 201.708908081055 187.015563964844 143.481979370117 189.486938476562 144.797592163086 202.316711425781 183.848754882812 204.642547607422 185.888259887695 178.343078613281 188.792098999023 206.718139648438 156.533630371094 139.12483215332 192.095504760742 224.789810180664 226.622314453125 227.757095336914 217.986541748047 197.045806884766 126.003936767578 126.452239990234 139.340209960938 161.321670532227 125.500633239746 125.09725189209 142.825180053711 171.887725830078 124.900749206543 139.251266479492 195.761825561523 225.624496459961
126.633209228516 142.872756958008 123.148811340332 132.913314819336 168.065536499023 152.067276000977 147.162353515625 157.378341674805 151.976852416992 125.11100769043 125.731948852539 133.208847045898 168.690780639648 183.682479858398 186.910736083984 163.507095336914 190.510650634766 166.377899169922 195.616821289062 179.092742919922 198.304702758789 181.451919555664 208.806915283203 209.695358276367 200.742477416992 163.552291870117 203.910705566406 177.843475341797 209.496887207031 179.973648071289 190.517105102539 222.192993164062 223.526824951172 211.011917114258 168.946044921875 169.928451538086 185.678512573242 185.558090209961 170.88215637207 126.942947387695 143.090835571289 170.767715454102 126.235511779785 156.800109863281 224.686981201172 190.194732666016 172.312484741211 158.507339477539 228.683532714844
125.916664123535 136.087707519531 124.014846801758 154.888565063477 171.413925170898 169.592147827148 153.724182128906 152.627243041992 169.437606811523 132.56510925293 154.429489135742 131.710922241211 159.334579467773 185.116119384766 188.257293701172 165.11491394043 150.829544067383 142.702270507812 191.626800537109 158.855743408203 169.287460327148 195.589248657227 171.764236450195 208.664260864258 202.413467407227 176.656936645508 194.330093383789 148.930068969727 205.352264404297 166.077651977539 179.625305175781 220.997833251953 222.163940429688 199.015014648438 141.135391235352 183.438812255859 180.33430480957 171.926025390625 160.890365600586 127.768524169922 139.210433959961 160.647308349609 127.720581054688 157.139938354492 236.387924194336 238.083389282227 224.882522583008 204.244613647461 195.460647583008
145.0078125 146.200729370117 148.214080810547 163.449096679688 149.317047119141 172.824966430664 171.543670654297 160.455795288086 175.34846496582 157.362869262695 145.675598144531 127.66633605957 139.733108520508 181.81103515625 154.140960693359 157.750122070312 159.787780761719 143.429626464844 194.096328735352 161.80632019043 144.705795288086 197.579162597656 181.059295654297 208.166305541992 198.717544555664 163.558090209961 193.194717407227 148.594879150391 194.48616027832 127.790550231934 137.030944824219 179.892669677734 220.404083251953 210.898406982422 192.410247802734 210.396499633789 159.297485351562 170.130615234375 143.82356262207 169.965759277344 127.465965270996 127.505363464355 128.313903808594 157.292282104492 234.490432739258 235.85627746582 236.379516601562 237.686813354492 204.248306274414
143.326843261719 138.922027587891 144.258102416992 151.757614135742 155.61865234375 171.563323974609 173.817489624023 176.19580078125 178.089462280273 175.989959716797 164.55256652832 182.917755126953 -3.4e+38 155.699935913086 136.47737121582 166.302551269531 172.897430419922 187.312316894531 157.79736328125 168.132720947266 191.597854614258 169.203842163086 197.012268066406 164.330673217773 137.93327331543 154.914947509766 174.768951416016 199.957748413086 176.406066894531 193.371597290039 129.517425537109 138.857299804688 167.485137939453 180.574356079102 219.561172485352 210.702484130859 192.681106567383 193.563018798828 224.157638549805 224.947692871094 214.490219116211 195.951919555664 216.280029296875 197.538787841797 230.567596435547 202.149780273438 157.471618652344 233.085372924805 235.95947265625
135.932846069336 129.651184082031 149.781097412109 162.458526611328 148.710556030273 170.479309082031 172.804428100586 175.562683105469 176.989044189453 178.707992553711 180.617813110352 182.020278930664 178.042404174805 155.075576782227 142.134811401367 191.678436279297 184.975738525391 150.281661987305 130.051361083984 145.234298706055 184.019088745117 145.86897277832 193.107055664062 155.534393310547 130.598388671875 140.632583618164 172.4091796875 167.033203125 173.762023925781 167.874069213867 166.18522644043 141.93635559082 -3.4e+38 139.320755004883 180.779602050781 206.263290405273 169.232147216797 207.883605957031 183.857528686523 208.735717773438 185.319732666016 224.861404418945 225.681594848633 211.941772460938 188.623748779297 216.820343017578 198.584030151367 231.569320678711 233.903167724609
141.379013061523 129.154067993164 144.762390136719 163.113784790039 155.325592041016 169.284713745117 172.012741088867 174.271881103516 176.457183837891 177.543212890625 179.494293212891 181.462173461914 172.537551879883 142.332565307617 169.863922119141 182.686508178711 149.905136108398 129.687881469727 130.841339111328 136.692031860352 152.335632324219 137.306121826172 154.229858398438 131.657104492188 140.467590332031 170.854904174805 199.822662353516 183.859252929688 190.689193725586 150.015060424805 192.439178466797 139.741485595703 157.558990478516 130.90446472168 152.881393432617 194.739990234375 130.367889404297 209.713455200195 191.472030639648 196.371597290039 155.003845214844 208.183135986328 185.764511108398 213.6943359375 195.703750610352 226.789428710938 212.38134765625 189.357833862305 231.779510498047
153.275314331055 146.367706298828 146.293746948242 143.695938110352 148.839569091797 168.909591674805 171.644561767578 167.979904174805 154.130142211914 176.853439331055 178.610580444336 180.793853759766 178.219741821289 161.127105712891 187.709121704102 176.459243774414 130.186737060547 138.527328491211 168.459915161133 168.626281738281 160.553421020508 131.755294799805 131.703201293945 140.453216552734 179.164169311523 187.014602661133 173.620712280273 196.976287841797 167.339447021484 184.443862915039 191.22770690918 131.432693481445 143.364608764648 178.125915527344 187.952056884766 194.220108032227 143.766311645508 219.01286315918 219.440032958984 209.408630371094 178.483184814453 159.495849609375 156.118621826172 -3.4e+38 224.105880737305 224.283981323242 213.055053710938 196.453598022461 230.241287231445
141.240783691406 157.325546264648 157.174545288086 150.634048461914 154.099487304688 167.984786987305 170.203857421875 168.970993041992 160.298934936523 176.476501464844 171.597717285156 156.626586914062 181.901611328125 179.373809814453 186.448333740234 182.855804443359 158.012802124023 144.567749023438 185.195541381836 166.145233154297 189.745422363281 170.178344726562 170.750137329102 177.873458862305 191.513809204102 164.078399658203 149.569869995117 188.434387207031 150.564788818359 197.482803344727 156.87646484375 143.124160766602 186.26579284668 -3.4e+38 213.614212036133 205.277191162109 175.893569946289 217.207077026367 217.88508605957 218.419128417969 208.91926574707 181.174453735352 192.152465820312 221.165115356445 222.025085449219 222.492965698242 224.014724731445 225.386428833008 228.763092041016
146.27717590332 156.441268920898 159.502548217773 163.297561645508 164.945617675781 167.449035644531 169.361572265625 172.159896850586 173.710327148438 175.093154907227 -3.4e+38 140.940322875977 181.106842041016 182.330764770508 178.831268310547 161.481307983398 183.719863891602 171.791839599609 185.945693969727 173.316848754883 194.720809936523 187.572311401367 168.445983886719 189.608825683594 153.643859863281 147.947418212891 149.523956298828 198.152359008789 182.541107177734 199.434219360352 175.821578979492 173.278793334961 176.962753295898 210.976470947266 211.791915893555 212.539138793945 204.889068603516 215.683486938477 216.33039855957 216.966705322266 204.207977294922 183.511825561523 218.870056152344 219.224639892578 220.167068481445 220.770370483398 222.696838378906 223.223556518555 226.597717285156
153.287521362305 155.777648925781 158.752578735352 162.130432128906 164.177474975586 161.751083374023 151.006088256836 170.703048706055 172.907836914062 173.955993652344 171.585083007812 162.745101928711 179.833389282227 181.622283935547 179.754501342773 168.941452026367 187.740661621094 189.404098510742 190.952285766602 191.817520141602 193.387847900391 180.313766479492 147.354751586914 190.946365356445 161.17236328125 148.497680664062 180.042846679688 204.073852539062 205.098083496094 205.941741943359 196.485809326172 167.657104492188 173.198974609375 177.224044799805 210.722152709961 211.472717285156 212.654632568359 180.725677490234 214.645690917969 215.298919677734 205.798324584961 190.30549621582 217.444549560547 217.167510986328 218.437316894531 218.627548217773 220.607833862305 221.728363037109 -3.4e+38
152.450927734375 155.382369995117 157.65217590332 160.927261352539 163.471771240234 162.311431884766 156.478088378906 169.561340332031 171.416534423828 173.151168823242 174.569122314453 177.264541625977 178.587936401367 -3.4e+38 183.283386230469 185.036163330078 187.022277832031 188.229705810547 189.612396240234 191.230560302734 184.427032470703 161.088027954102 175.086883544922 196.892059326172 191.309310913086 177.451293945312 201.293640136719 202.675765991211 203.668014526367 204.352630615234 197.911224365234 172.260101318359 168.121994018555 173.730850219727 177.794525146484 210.54948425293 211.154113769531 186.561004638672 212.429412841797 213.393249511719 213.962585449219 214.688354492188 215.568664550781 215.783874511719 216.367645263672 217.220794677734 218.901168823242 220.115768432617 223.094161987305
152.252105712891 154.970123291016 153.414764404297 160.545776367188 163.356094360352 165.107727050781 167.190490722656 168.712982177734 170.364837646484 172.649078369141 173.640487670898 175.854949951172 177.876358032227 179.102844238281 182.566375732422 183.98567199707 186.030868530273 187.421951293945 181.179153442383 165.035766601562 186.146850585938 174.173141479492 194.102630615234 195.629898071289 197.263809204102 198.19108581543 199.617477416992 201.134765625 202.18391418457 203.837036132812 204.463760375977 186.829635620117 152.452392578125 188.424545288086 153.149597167969 197.555770874023 178.319702148438 178.360290527344 211.403366088867 211.970993041992 212.485015869141 213.317321777344 214.055053710938 214.660079956055 214.922866821289 202.352844238281 183.395523071289 204.032440185547 221.719772338867
152.084320068359 154.365371704102 153.889114379883 160.564819335938 162.766403198242 164.692581176758 166.033737182617 168.250137329102 169.583084106445 171.267547607422 173.078201293945 174.621200561523 176.13932800293 178.294372558594 181.574401855469 183.114379882812 184.698516845703 186.235382080078 182.493316650391 171.183837890625 190.320419311523 191.920333862305 193.373611450195 186.101928710938 169.273056030273 196.851348876953 198.94677734375 199.891952514648 200.887802124023 202.321166992188 193.107452392578 156.391845703125 142.240432739258 167.795516967773 183.843032836914 199.275039672852 184.578918457031 185.49739074707 210.356658935547 210.108184814453 210.723663330078 211.451477050781 212.380554199219 213.923156738281 214.29914855957 204.042419433594 175.609451293945 172.076278686523 184.001480102539
151.721115112305 154.246765136719 155.825164794922 159.679122924805 158.035522460938 149.881439208984 165.355728149414 166.818786621094 168.869842529297 170.496856689453 173.193557739258 174.260620117188 175.229949951172 177.780227661133 180.430084228516 182.659317016602 184.044876098633 184.900039672852 186.515228271484 188.148559570312 189.140914916992 190.668838500977 184.180847167969 161.996078491211 175.389923095703 187.154647827148 198.035247802734 199.296371459961 200.045394897461 200.883255004883 194.316009521484 162.919799804688 144.554809570312 182.041320800781 205.448089599609 206.130249023438 206.499221801758 208.009338378906 208.789657592773 208.869567871094 209.412857055664 209.954299926758 210.791732788086 212.243530273438 213.230316162109 213.817245483398 203.68244934082 189.808883666992 155.488861083984
151.605361938477 154.356338500977 155.53742980957 156.103759765625 145.927642822266 153.476974487305 164.537307739258 165.97038269043 168.678604125977 170.011520385742 171.779052734375 173.802658081055 175.036834716797 176.41828918457 179.722198486328 181.247482299805 183.365158081055 184.238815307617 185.152770996094 187.034378051758 188.942504882812 189.908401489258 185.135452270508 173.911544799805 194.049911499023 188.612030029297 196.63720703125 197.562088012695 198.81315612793 200.190979003906 200.920562744141 194.058242797852 180.559509277344 203.039703369141 203.746444702148 204.713729858398 205.2685546875 206.483108520508 207.337844848633 207.882949829102 208.425857543945 208.966781616211 209.567230224609 210.607376098633 212.05143737793 212.743194580078 213.656875610352 214.905288696289 140.155288696289
151.577117919922 152.88720703125 155.165863037109 159.376800537109 159.97639465332 161.619812011719 164.164627075195 164.761642456055 166.320770263672 168.674041748047 169.925323486328 171.91374206543 173.822708129883 175.01676940918 178.379577636719 179.191864013672 180.635848999023 177.797302246094 168.396926879883 185.021911621094 186.327926635742 187.767013549805 189.486267089844 190.246917724609 191.095138549805 192.223129272461 194.047241210938 195.648376464844 196.465347290039 197.227416992188 198.376312255859 199.251663208008 199.464981079102 200.44303894043 201.536087036133 202.640609741211 202.581726074219 204.630035400391 205.483413696289 206.027053833008 206.627624511719 207.250274658203 207.60237121582 208.092590332031 208.992340087891 210.572845458984 200.529556274414 186.533233642578 203.380630493164
151.442077636719 153.001068115234 154.97444152832 159.175170898438 159.784133911133 -3.4e+38 163.509780883789 164.567733764648 165.849578857422 167.393112182617 169.318267822266 170.647918701172 172.417922973633 174.333892822266 177.467010498047 178.699661254883 174.108184814453 161.582656860352 182.684066772461 184.507400512695 185.504302978516 186.49885559082 187.735565185547 189.006866455078 190.404556274414 191.249282836914 192.679412841797 194.192977905273 195.786773681641 196.598129272461 197.216262817383 197.930572509766 198.840515136719 199.277587890625 200.237777709961 201.114669799805 200.94970703125 203.236557006836 203.782257080078 204.460693359375 205.403381347656 206.215682983398 207.055786132812 207.277770996094 195.40153503418 177.924957275391 196.953857421875 165.398376464844 213.709701538086
150.840408325195 152.642776489258 154.792282104492 158.61701965332 159.488388061523 160.520889282227 162.426284790039 164.394912719727 165.630294799805 166.740966796875 169.025207519531 169.918472290039 171.472274780273 173.736358642578 176.276580810547 177.749877929688 175.115325927734 166.352432250977 181.301284790039 183.16943359375 184.677627563477 185.671447753906 186.515319824219 187.433197021484 189.164672851562 190.554351806641 191.968475341797 192.966445922852 194.118301391602 195.293930053711 196.616271972656 187.886291503906 171.850082397461 198.469360351562 199.175369262695 200.067520141602 200.333679199219 201.598434448242 202.200393676758 202.998489379883 204.043670654297 205.205718994141 205.887802124023 206.537261962891 197.277099609375 183.823669433594 199.056091308594 161.11344909668 -3.4e+38
150.251159667969 152.159881591797 154.656967163086 157.761093139648 159.392318725586 160.290786743164 162.109756469727 164.257019042969 165.28564453125 166.447189331055 168.39225769043 169.416122436523 170.99006652832 172.441101074219 175.543029785156 176.661209106445 178.720657348633 179.89143371582 180.657852172852 175.738647460938 163.445526123047 184.840209960938 185.830856323242 186.668685913086 187.587295532227 189.314544677734 191.467315673828 192.070571899414 192.524353027344 193.782577514648 194.969482421875 188.34602355957 176.840698242188 197.598693847656 198.269012451172 199.039428710938 199.414337158203 200.7216796875 201.215179443359 202.008819580078 203.63427734375 204.307647705078 204.681503295898 205.267776489258 206.115081787109 195.078689575195 177.716018676758 199.177505493164 138.557907104492
