rcp8.5models/MPI_ESM_LR/sc1gr5.13
NCOLS 261 
NROWS 433 
XLLCORNER 336357.134 
YLLCORNER 654653.479 
CELLSIZE 1000 
NODATA_value -3.4e+38 
[rows 286 to 307 of 433, columns 49 to 97 of 261]
289.452362060547 289.538696289062 289.585876464844 289.480102539062 289.638000488281 289.761474609375 289.934265136719 289.511871337891 289.005187988281 288.526672363281 288.577392578125 289.034057617188 289.518341064453 287.780029296875 285.900634765625 287.324310302734 288.274871826172 288.245452880859 288.815612792969 287.085754394531 286.610931396484 288.260437011719 287.478790283203 286.654479980469 287.121337890625 285.7001953125 285.785217285156 288.138610839844 287.570281982422 285.277191162109 281.799285888672 282.045349121094 286.683013916016 286.004730224609 283.469848632812 281.81005859375 281.725433349609 283.457885742188 282.220825195312 280.052856445312 280.700042724609 280.593627929688 280.961547851562 281.161895751953 282.724761962891 283.403686523438 282.826354980469 280.746368408203 279.630187988281
289.520812988281 289.546905517578 289.410461425781 289.198120117188 289.237609863281 289.146881103516 289.170196533203 289.227172851562 289.135284423828 288.731140136719 288.770324707031 288.908020019531 289.366760253906 288.729125976562 287.919403076172 288.259704589844 288.287353515625 288.408233642578 288.248504638672 286.362396240234 285.300994873047 287.564758300781 286.872863769531 284.621154785156 284.054595947266 283.497741699219 285.487365722656 288.115142822266 286.844024658203 285.637176513672 282.21630859375 281.424255371094 285.744018554688 284.710754394531 281.934417724609 282.690277099609 283.415649414062 283.521270751953 281.924774169922 279.971710205078 278.638671875 279.993835449219 281.155456542969 280.361755371094 280.614196777344 280.016784667969 277.951721191406 276.053985595703 275.352233886719
289.480560302734 289.718902587891 289.723297119141 289.360992431641 289.319122314453 289.031707763672 288.714233398438 288.822479248047 289.12158203125 289.135650634766 288.760986328125 288.732971191406 288.824493408203 288.768310546875 288.083923339844 287.803436279297 288.637817382812 289.064971923828 287.479339599609 286.395935058594 285.430755615234 286.839782714844 285.602661132812 282.030303955078 281.671417236328 283.903564453125 285.769439697266 286.21240234375 286.754730224609 284.962097167969 283.582458496094 283.111511230469 285.143951416016 284.960693359375 283.424621582031 283.355285644531 282.723022460938 282.957397460938 282.287200927734 280.501770019531 277.913238525391 278.733489990234 280.604187011719 280.467987060547 280.113952636719 278.168029785156 275.163177490234 273.751342773438 273.723205566406
289.521606445312 289.339538574219 289.570281982422 289.573333740234 289.589904785156 289.521911621094 289.012298583984 288.574523925781 288.685455322266 288.824432373047 288.636566162109 288.437866210938 288.322631835938 288.632049560547 288.215454101562 287.986114501953 288.852203369141 289.343017578125 285.834838867188 285.526458740234 285.300079345703 286.94091796875 285.99365234375 281.942779541016 282.476104736328 286.184143066406 286.536895751953 284.655914306641 284.247253417969 283.998809814453 283.743530273438 282.771484375 283.911529541016 285.796142578125 284.109313964844 282.164947509766 281.399688720703 282.269836425781 281.591979980469 279.419708251953 277.441528320312 278.143127441406 280.081420898438 280.558837890625 279.938354492188 279.026641845703 277.610473632812 276.254302978516 275.194396972656
289.171783447266 288.933990478516 288.878204345703 288.862548828125 288.948852539062 289.001403808594 289.003051757812 288.633758544922 288.192932128906 287.964324951172 288.285430908203 288.599517822266 288.666564941406 288.959747314453 289.188140869141 289.311706542969 289.161773681641 287.302856445312 285.802459716797 286.028015136719 286.630340576172 286.705200195312 286.553985595703 286.401184082031 284.027923583984 283.646636962891 284.197235107422 284.744110107422 283.979125976562 282.301666259766 281.922912597656 284.097259521484 285.855712890625 286.724761962891 285.792297363281 284.397399902344 282.490783691406 281.889709472656 280.75 279.650573730469 279.485687255859 277.321380615234 278.448120117188 280.041870117188 280.743774414062 279.925018310547 277.004943847656 274.0166015625 272.668579101562
288.542144775391 288.544769287109 288.607635498047 288.555908203125 288.603057861328 288.780151367188 288.812164306641 288.874359130859 288.333648681641 287.868530273438 288.138977050781 288.615966796875 288.774169921875 289.080047607422 289.191253662109 288.790100097656 288.985290527344 288.322418212891 286.060607910156 286.205047607422 286.78662109375 286.624542236328 286.673370361328 285.366790771484 281.717346191406 282.34521484375 284.395782470703 283.951019287109 284.82080078125 280.986541748047 281.997772216797 283.872467041016 285.6103515625 286.36083984375 285.460571289062 285.865264892578 285.498168945312 285.3798828125 283.350891113281 281.932769775391 282.298309326172 275.653594970703 277.157958984375 279.292297363281 281.127288818359 280.499328613281 277.197357177734 271.272857666016 262.953887939453
288.440216064453 288.416687011719 288.368865966797 288.369689941406 288.531127929688 288.627838134766 288.727325439453 288.695068359375 288.469055175781 288.237426757812 288.306488037109 288.570831298828 288.619018554688 288.953033447266 288.973480224609 288.306823730469 288.33837890625 288.549133300781 287.478302001953 287.547546386719 287.204772949219 285.759613037109 285.664245605469 284.94287109375 281.882385253906 282.167602539062 284.146667480469 284.592926025391 285.327545166016 282.541046142578 283.717163085938 286.331970214844 286.915466308594 287.258941650391 286.721160888672 286.694946289062 287.002990722656 286.981048583984 285.527313232422 285.750885009766 284.478851318359 274.234375 275.708129882812 278.379516601562 279.160858154297 279.753112792969 278.552764892578 270.914581298828 260.919769287109
288.598480224609 288.52294921875 288.466156005859 288.392547607422 288.494384765625 288.875366210938 288.875305175781 288.677734375 288.515991210938 288.125122070312 288.182891845703 288.516571044922 288.520141601562 288.735778808594 288.624969482422 288.333068847656 288.233856201172 288.348602294922 286.761749267578 286.995239257812 287.343200683594 285.630004882812 285.054565429688 285.054748535156 282.571166992188 280.803314208984 282.008087158203 283.684326171875 282.783508300781 282.243591308594 281.085815429688 285.272644042969 285.074645996094 284.828491210938 285.239685058594 284.463165283203 284.745361328125 284.710601806641 283.264068603516 283.975952148438 284.084991455078 277.074829101562 276.327178955078 279.422332763672 279.632659912109 279.092529296875 279.306579589844 273.946807861328 268.715179443359
288.760772705078 288.596527099609 288.518249511719 288.309112548828 288.296966552734 288.5908203125 288.550231933594 288.538116455078 288.450164794922 288.394256591797 288.569519042969 288.6640625 288.889282226562 288.850830078125 288.546264648438 288.603942871094 288.1142578125 287.759765625 286.811065673828 287.049224853516 287.194458007812 286.02392578125 284.210845947266 284.231994628906 283.595886230469 280.784729003906 280.101470947266 280.542755126953 280.867919921875 281.656646728516 280.865478515625 281.853485107422 282.677368164062 283.770629882812 283.889678955078 284.024688720703 285.292999267578 283.842864990234 280.371917724609 278.482757568359 281.051971435547 279.006225585938 279.814697265625 280.784790039062 282.159484863281 280.4912109375 279.893432617188 279.102600097656 277.832489013672
288.642761230469 288.615905761719 288.407775878906 288.283660888672 288.575164794922 288.573883056641 288.171356201172 288.006378173828 288.390258789062 288.782653808594 288.704040527344 288.577575683594 288.801116943359 288.691864013672 288.339508056641 288.101440429688 287.678527832031 287.682800292969 286.020568847656 285.975219726562 287.111694335938 285.734069824219 284.820495605469 285.644073486328 283.830902099609 281.201080322266 280.109069824219 278.970428466797 279.831359863281 279.73046875 281.261596679688 281.359497070312 283.179046630859 284.754272460938 283.317626953125 283.623138427734 286.288543701172 283.144165039062 278.279937744141 275.492614746094 278.308807373047 276.116485595703 277.620361328125 279.687072753906 281.207916259766 278.887573242188 277.064758300781 277.930725097656 278.330291748047
288.824951171875 288.817474365234 288.930694580078 288.897766113281 288.790405273438 288.465209960938 288.279388427734 287.545227050781 288.005676269531 288.549041748047 288.544830322266 288.475616455078 288.561218261719 288.557586669922 288.357452392578 288.110778808594 287.963134765625 287.787200927734 286.098022460938 285.799377441406 286.934875488281 286.641448974609 286.992370605469 286.166442871094 282.652465820312 281.331909179688 281.160034179688 278.967712402344 277.468719482422 277.334716796875 280.297912597656 281.352020263672 283.058380126953 284.080169677734 283.690673828125 283.989379882812 285.913055419922 282.409332275391 276.651702880859 275.62353515625 276.443481445312 273.267211914062 272.891296386719 276.230926513672 278.154693603516 276.707702636719 274.65673828125 273.281005859375 272.921142578125
288.528656005859 288.120452880859 288.315124511719 288.570587158203 288.145355224609 287.896026611328 288.018798828125 287.573791503906 287.946563720703 288.407623291016 288.300445556641 288.199279785156 288.365081787109 288.368988037109 288.406707763672 288.116027832031 287.672149658203 287.317810058594 287.017730712891 287.046325683594 286.923583984375 286.327331542969 285.877838134766 284.494384765625 283.316650390625 283.14892578125 282.057861328125 279.663482666016 277.86474609375 277.447265625 280.257781982422 281.684295654297 282.043426513672 282.846832275391 284.871948242188 286.177093505859 285.408294677734 279.889465332031 273.983001708984 274.814361572266 277.167175292969 273.033020019531 271.890838623047 272.466430664062 275.217742919922 276.923370361328 275.325653076172 272.810272216797 271.578979492188
287.741394042969 287.563446044922 287.70556640625 287.777282714844 287.557281494141 287.7998046875 287.9677734375 287.934509277344 288.02685546875 288.535675048828 288.326782226562 287.991119384766 287.901550292969 287.817901611328 287.896789550781 287.685180664062 287.308074951172 287.187652587891 287.066467285156 287.476104736328 287.319213867188 285.507232666016 283.299591064453 281.839935302734 281.733703613281 282.46142578125 281.381195068359 279.721618652344 280.044372558594 278.840698242188 279.242065429688 280.763244628906 282.438171386719 284.210113525391 286.176696777344 287.52978515625 284.977752685547 278.718322753906 275.42236328125 277.050262451172 280.747436523438 275.767700195312 274.418395996094 274.110382080078 276.347076416016 277.482299804688 276.13232421875 273.432434082031 270.194213867188
287.439331054688 287.601837158203 287.802795410156 287.747100830078 287.587493896484 288.090362548828 288.421112060547 288.228607177734 288.290679931641 288.587738037109 288.357116699219 287.803436279297 287.514923095703 287.452117919922 287.549255371094 287.553100585938 287.303619384766 287.163787841797 287.007263183594 287.417510986328 287.510864257812 285.227142333984 282.350830078125 281.262451171875 280.91796875 281.703002929688 283.058837890625 282.720001220703 280.808044433594 280.792083740234 278.643951416016 280.48583984375 283.804321289062 284.533599853516 285.702484130859 287.790649414062 285.314025878906 281.012542724609 279.011077880859 277.523193359375 280.679229736328 278.723480224609 276.843780517578 274.788970947266 274.790222167969 274.963317871094 274.493499755859 274.491058349609 273.037872314453
287.376068115234 287.757873535156 288.151916503906 288.1240234375 287.884307861328 288.048980712891 288.401519775391 287.934631347656 287.968627929688 288.002807617188 287.888732910156 287.591247558594 287.408935546875 287.673767089844 287.783294677734 287.517395019531 287.295959472656 287.088348388672 287.460174560547 287.429229736328 287.495239257812 285.089019775391 282.883819580078 283.458526611328 284.436614990234 283.846435546875 282.599700927734 282.11767578125 279.849822998047 282.235137939453 279.585083007812 278.717163085938 281.135894775391 283.540863037109 285.514251708984 287.5078125 285.774841308594 281.279052734375 278.406890869141 277.730651855469 280.556365966797 277.806030273438 275.872039794922 273.614013671875 271.227569580078 270.461334228516 268.143188476562 265.083648681641 265.351989746094
287.578826904297 287.608612060547 287.61376953125 287.74169921875 288.153350830078 288.28759765625 288.234191894531 288.074951171875 287.7958984375 287.584136962891 287.480377197266 287.648895263672 287.808227539062 287.641815185547 287.354431152344 287.237915039062 287.297302246094 287.491760253906 288.173065185547 288.024841308594 287.753143310547 287.040008544922 286.022613525391 285.508911132812 285.776611328125 283.560943603516 282.704803466797 284.568145751953 283.236328125 283.290344238281 283.954467773438 281.316314697266 279.174041748047 281.9697265625 286.855133056641 287.784332275391 284.556823730469 279.203582763672 278.066589355469 279.439300537109 280.098724365234 281.83154296875 277.323669433594 276.904449462891 277.557434082031 274.428955078125 269.733612060547 264.487274169922 254.646667480469
287.948944091797 287.953094482422 287.927581787109 288.178344726562 288.387634277344 287.907531738281 287.633666992188 288.060272216797 287.952362060547 287.53125 287.488494873047 287.491577148438 287.339782714844 287.183044433594 287.14013671875 287.196563720703 287.252136230469 287.646850585938 287.548034667969 287.249328613281 286.525177001953 285.085876464844 282.9169921875 282.241882324219 284.137512207031 284.495910644531 283.771881103516 283.995727539062 282.142242431641 280.459106445312 282.961242675781 282.815856933594 281.128570556641 284.903472900391 287.790802001953 287.382598876953 285.809631347656 280.305267333984 277.0087890625 281.893615722656 284.446685791016 285.670349121094 282.968933105469 281.880340576172 282.506103515625 281.802093505859 276.359344482422 271.662872314453 263.884735107422
287.873260498047 287.958801269531 287.987640380859 287.891082763672 287.789947509766 287.472229003906 287.269409179688 287.509460449219 287.433898925781 287.247894287109 287.248840332031 287.321990966797 287.305114746094 287.028167724609 287.013641357422 287.189605712891 287.187072753906 287.362640380859 287.145111083984 286.863067626953 286.096466064453 283.466369628906 280.521148681641 280.134094238281 282.378051757812 284.269683837891 281.114593505859 278.448913574219 279.157348632812 280.288970947266 283.51416015625 283.532836914062 282.462860107422 286.446594238281 287.451232910156 286.640991210938 285.583129882812 283.555694580078 282.617706298828 283.871704101562 283.422637939453 284.325286865234 281.996185302734 275.07421875 269.306671142578 269.149597167969 272.226623535156 268.850433349609 261.148376464844
287.718353271484 287.753509521484 287.811981201172 287.965515136719 288.038024902344 287.607849121094 287.229675292969 286.942352294922 286.723327636719 286.900268554688 286.215789794922 286.207946777344 287.097290039062 286.771423339844 286.575500488281 286.663116455078 286.781799316406 286.744171142578 286.746948242188 286.229858398438 285.927551269531 283.536529541016 280.386444091797 279.353881835938 281.213073730469 283.504974365234 280.952606201172 278.774444580078 279.961639404297 283.531799316406 286.188354492188 285.64111328125 285.331329345703 287.291046142578 287.229766845703 286.444091796875 286.261291503906 286.847595214844 285.258972167969 280.679351806641 279.249633789062 277.799530029297 275.837677001953 265.341491699219 254.436294555664 252.636993408203 261.069671630859 259.209442138672 251.44303894043
287.389923095703 287.684844970703 287.635620117188 287.491333007812 287.611968994141 287.534637451172 287.219757080078 286.800964355469 286.414337158203 286.29931640625 285.256378173828 285.391967773438 286.615814208984 286.161499023438 285.862701416016 286.124114990234 286.487426757812 286.497375488281 286.668151855469 285.735900878906 285.034240722656 284.903015136719 282.449279785156 280.110168457031 281.095336914062 281.815185546875 280.950927734375 279.898803710938 278.919158935547 283.264709472656 286.224548339844 287.130737304688 287.340362548828 287.76171875 287.461029052734 287.165161132812 287.113861083984 286.28857421875 282.153198242188 277.180480957031 276.786499023438 273.902038574219 271.569488525391 263.993438720703 253.777145385742 252.778884887695 260.726287841797 260.151916503906 257.321166992188
286.881317138672 286.917694091797 286.708648681641 286.642486572266 286.649169921875 287.033905029297 287.262603759766 286.872955322266 286.424926757812 285.857330322266 285.702056884766 286.314788818359 286.519592285156 286.199890136719 286.010345458984 286.139678955078 286.592956542969 286.573699951172 286.681427001953 285.982849121094 285.193054199219 285.446960449219 283.632171630859 280.788360595703 280.167572021484 279.830169677734 280.838623046875 279.608825683594 276.356506347656 280.742156982422 284.770965576172 287.312164306641 287.373443603516 287.750457763672 287.791107177734 287.417083740234 286.596740722656 284.639678955078 280.720733642578 276.750579833984 277.778900146484 278.181915283203 275.945465087891 273.351898193359 266.297760009766 262.985748291016 263.450592041016 260.907348632812 260.124450683594
286.428375244141 286.494201660156 286.387512207031 286.417144775391 286.608276367188 286.810455322266 286.700531005859 286.786224365234 286.916656494141 286.585113525391 286.496124267578 286.676025390625 286.521148681641 286.270690917969 286.103790283203 286.119567871094 286.479583740234 286.384674072266 286.558654785156 286.096649169922 285.840606689453 285.439392089844 284.393310546875 281.238616943359 279.241790771484 279.39013671875 279.185760498047 278.843627929688 278.045471191406 282.04052734375 285.079132080078 287.185668945312 286.937255859375 286.336639404297 286.225036621094 284.953094482422 283.945678710938 283.56298828125 281.725067138672 279.936340332031 280.921081542969 281.098083496094 281.380187988281 279.146057128906 270.602905273438 258.962219238281 250.078216552734 245.59831237793 244.442092895508
