rcp8.5models/MPI_ESM_LR/sc1gr6.27
NCOLS 261 
NROWS 433 
XLLCORNER 336357.134 
YLLCORNER 654653.479 
CELLSIZE 1000 
NODATA_value -3.4e+38 
[rows 220 to 241 of 433, columns 98 to 146 of 261]
1087.01037597656 1091.77453613281 1096.48657226562 1105.36633300781 1112.58850097656 1120.66015625 1126.50415039062 1134.63317871094 1140.6962890625 1140.03173828125 1151.28149414062 1161.14306640625 1145.13244628906 1144.11596679688 1149.98400878906 1153.86499023438 1158.19714355469 1162.69287109375 1168.21545410156 1172.17578125 1175.5439453125 1178.24548339844 1182.25769042969 1187.23583984375 1191.79138183594 1198.35522460938 1210.96997070312 1217.41613769531 1224.52185058594 1254.47790527344 1290.41052246094 1253.27075195312 1255.49780273438 1265.26672363281 1275.68383789062 1291.09204101562 1302.61535644531 1320.80834960938 1336.73193359375 1376.34143066406 1439.43408203125 1437.06823730469 1389.02160644531 1444.88146972656 1464.35913085938 1417.24938964844 1431.32312011719 1447.72302246094 1492.73107910156
1093.95495605469 1098.53295898438 1102.8974609375 1113.62475585938 1119.47534179688 1125.86474609375 1129.41638183594 1133.01098632812 1138.99536132812 1143.40930175781 1154.87512207031 1160.28918457031 1149.29528808594 1149.38879394531 1156.42846679688 1159.16357421875 1162.63793945312 1168.9873046875 1176.24365234375 1180.3212890625 1180.09045410156 1183.99963378906 1188.01293945312 1192.71960449219 1197.96740722656 1203.78881835938 1215.93774414062 1222.59802246094 1229.86242675781 1278.10681152344 1332.13842773438 1253.76171875 1262.40673828125 1271.35693359375 1281.27795410156 1299.80261230469 1320.33422851562 1327.96374511719 1356.44177246094 1419.90246582031 1455.93054199219 1417.65771484375 1396.29895019531 1457.76843261719 1478.17980957031 1425.69738769531 1440.09790039062 1457.03137207031 1498.70739746094
1101.31994628906 1105.96447753906 1109.9765625 1120.97778320312 1127.76440429688 1136.8740234375 1141.14123535156 1136.68359375 1140.07971191406 1150.30908203125 1163.43347167969 1162.50390625 1154.50671386719 1155.42358398438 1162.91137695312 1164.56237792969 1168.73876953125 1175.05773925781 1182.28015136719 1185.53588867188 1185.49096679688 1190.00329589844 1193.75756835938 1198.55676269531 1204.67272949219 1209.1767578125 1220.76733398438 1227.88806152344 1236.09631347656 1285.59423828125 1341.47692871094 1260.71496582031 1268.83068847656 1277.20288085938 1287.84399414062 1303.65515136719 1321.60827636719 1338.99450683594 1376.81408691406 1428.36291503906 1413.82177734375 1384.162109375 1395.07885742188 1430.21301269531 1449.67175292969 1429.98278808594 1449.02612304688 1466.19592285156 1505.16674804688
1111.24853515625 1115.32751464844 1115.33581542969 1126.53393554688 1135.82739257812 1148.42834472656 1154.20495605469 1143.82824707031 1146.64099121094 1156.69274902344 1167.22863769531 1162.51782226562 1160.37561035156 1162.01220703125 1166.59375 1171.64208984375 1177.35864257812 1181.61645507812 1185.04174804688 1210.1142578125 1239.88110351562 1198.16943359375 1199.01818847656 1204.06872558594 1210.02648925781 1214.88366699219 1226.86279296875 1233.68920898438 1248.00390625 1292.73291015625 1322.005859375 1267.1845703125 1275.48657226562 1284.41235351562 1294.91833496094 1307.56811523438 1329.74340820312 1361.41137695312 1388.71008300781 1387.67907714844 1380.88732910156 1385.30053710938 1396.38732910156 1409.72473144531 1422.44274902344 1434.96044921875 1458.9736328125 1475.97631835938 1511.04711914062
1117.84643554688 1120.97058105469 1119.96472167969 1130.97216796875 1143.80480957031 1156.85656738281 1153.06066894531 1148.30187988281 1151.90502929688 1161.15002441406 1171.98071289062 1166.4833984375 1166.13830566406 1168.033203125 1173.50561523438 -3.4e+38 1182.47229003906 1186.49060058594 1194.68017578125 -3.4e+38 1249.46118164062 1203.52587890625 1205.38745117188 1210.57739257812 1215.77233886719 1221.32409667969 1233.16076660156 1239.19274902344 1251.99255371094 1277.97436523438 1289.20764160156 1275.00646972656 1285.9951171875 1290.58325195312 1306.25805664062 1330.71313476562 1352.07202148438 1382.46704101562 1399.27099609375 1364.9423828125 1377.89208984375 1390.63415527344 1403.31127929688 1416.1796875 1429.26916503906 1445.33203125 1466.34802246094 1482.10266113281 1514.22583007812
1121.24389648438 1123.9287109375 1126.16015625 1137.64672851562 1152.04772949219 1161.67309570312 1149.923828125 1153.9375 1156.64099121094 1170.34753417969 1188.05163574219 1172.88122558594 1173.35083007812 1175.98754882812 1180.1611328125 -3.4e+38 1187.02136230469 1191.49487304688 1200.69250488281 1212.91491699219 1213.35278320312 1206.13244628906 1211.27575683594 1216.10217285156 1222.02001953125 1229.20886230469 1239.53247070312 1246.23510742188 1252.65222167969 1261.19702148438 1269.99951171875 1283.908203125 1297.23999023438 1297.06237792969 1337.33459472656 1390.94104003906 1365.01831054688 1386.24438476562 1390.17065429688 1373.53247070312 1387.78662109375 1395.42138671875 1409.37048339844 1423.21337890625 1440.19836425781 1454.87585449219 1470.71032714844 1486.48510742188 1517.95837402344
1127.2451171875 1129.64794921875 1133.24499511719 1144.22546386719 1155.94958496094 1162.26892089844 1155.69116210938 1160.12573242188 1161.67211914062 1176.83532714844 1196.67077636719 1178.51342773438 1180.23876953125 1183.74682617188 1185.31030273438 1188.36474609375 1193.10864257812 1196.22180175781 1201.1884765625 1204.8447265625 1206.95104980469 -3.4e+38 1217.31066894531 1222.01599121094 1228.22314453125 1236.32397460938 1245.26806640625 1251.98266601562 1258.64514160156 1266.89208984375 1275.80493164062 1302.38525390625 1344.32250976562 1357.68017578125 1431.07177734375 1490.23083496094 1386.20092773438 1368.86303710938 1371.03649902344 1383.15966796875 1402.71350097656 1401.65454101562 1415.09460449219 1429.46704101562 1445.94384765625 1459.54479980469 1474.66479492188 1490.66271972656 1519.41516113281
1135.67590332031 1137.91772460938 1142.49182128906 1150.02453613281 1158.09655761719 1162.74877929688 1161.97888183594 1165.56811523438 1168.14904785156 1179.42224121094 1193.32250976562 1183.85522460938 1186.55187988281 1191.92175292969 1192.21960449219 1194.80639648438 1199.73278808594 1201.68444824219 1205.68383789062 1210.82055664062 1213.95666503906 1218.21643066406 1222.84155273438 1227.56115722656 1233.2470703125 1240.09216308594 1251.86901855469 1257.71630859375 1264.51916503906 1272.22180175781 1284.98852539062 1330.60534667969 1427.47290039062 1513.84619140625 1574.08483886719 1503.326171875 1378.78955078125 1359.36962890625 1380.95300292969 1411.59545898438 1415.08142089844 1414.68762207031 1422.17016601562 1435.86828613281 1449.88562011719 1463.65417480469 1477.97961425781 1492.83178710938 1519.81262207031
1143.81286621094 1146.29296875 1152.39013671875 1158.17687988281 1163.03698730469 -3.4e+38 -3.4e+38 1172.08312988281 1175.20544433594 1182.91467285156 1189.52673339844 1188.24658203125 1193.19262695312 1201.05017089844 1199.19616699219 1201.94946289062 1207.03002929688 1208.68505859375 1211.99133300781 1216.51782226562 1221.11389160156 1224.9580078125 1228.33142089844 1233.166015625 1239.05334472656 1244.78869628906 1258.73059082031 1264.00622558594 1270.36499023438 1278.63427734375 1291.28564453125 1332.90283203125 1471.53234863281 1628.36706542969 1570.88696289062 1403.73889160156 1355.38720703125 1365.67272949219 1393.87390136719 1425.61999511719 1410.36267089844 1417.27917480469 1424.99914550781 1437.54650878906 1452.55639648438 1467.68896484375 1481.2763671875 1494.53051757812 1521.20288085938
1151.81457519531 1157.16748046875 1165.36413574219 1168.44189453125 1172.27209472656 1174.56640625 1176.05822753906 1179.54260253906 1183.55480957031 1190.00146484375 1192.43505859375 1196.05139160156 1201.79138183594 1214.01953125 1208.14489746094 1209.76977539062 1215.29541015625 1215.26647949219 1218.4326171875 1222.67138671875 1228.46716308594 1231.6904296875 1234.54064941406 1239.86535644531 1245.64526367188 1253.39660644531 1275.30200195312 1286.53442382812 1276.25085449219 1285.35266113281 1296.10876464844 1329.69299316406 1472.91040039062 1619.17578125 1475.74633789062 1346.02172851562 1352.48559570312 1371.83618164062 1387.90100097656 1406.32104492188 1404.71923828125 1415.99853515625 1428.57397460938 1441.4755859375 1456.14978027344 1469.73193359375 1483.23803710938 1496.50048828125 1522.49401855469
1161.08483886719 1165.82836914062 1172.23962402344 1177.75500488281 1181.54821777344 1185.04089355469 1184.83947753906 1187.83471679688 1191.16284179688 1196.55822753906 1198.79821777344 1202.28137207031 1213.46044921875 1239.52966308594 1218.22570800781 1217.48864746094 1221.80334472656 1222.58544921875 1225.44567871094 1229.62097167969 1236.65051269531 1241.15197753906 1240.99963378906 1246.20812988281 -3.4e+38 1296.35009765625 1350.33349609375 1330.41320800781 1282.94738769531 1291.70678710938 1303.05529785156 1366.05383300781 1534.55322265625 1580.90673828125 1404.1796875 1346.03283691406 1355.07080078125 1381.58032226562 1385.71203613281 1398.11743164062 1408.68359375 1420.52905273438 1433.59802246094 1447.45922851562 1460.26623535156 1471.67150878906 1484.8857421875 1497.87170410156 1523.68347167969
1181.1435546875 1185.32836914062 1189.22546386719 1194.45373535156 1200.14331054688 1205.61193847656 1204.06628417969 1206.45642089844 1211.05383300781 1210.67443847656 1213.20104980469 1216.21472167969 1234.27136230469 1286.98071289062 1274.57983398438 1232.02978515625 1234.84509277344 1236.34973144531 1240.81091308594 1261.041015625 1281.12536621094 1253.43981933594 1259.03881835938 1273.76245117188 1308.19299316406 1360.78491210938 1443.68713378906 1314.90563964844 1296.06115722656 1303.58581542969 1331.98083496094 1446.80078125 1574.32092285156 1473.09936523438 1350.38244628906 1354.44702148438 1375.134765625 1405.07092285156 1402.4365234375 1406.31665039062 1418.44592285156 1429.61352539062 1440.71240234375 1453.27062988281 1464.17260742188 1476.70715332031 1490.12060546875 1501.23840332031 1524.85388183594
1191.890625 1194.99890136719 1199.03112792969 1204.11364746094 1206.93493652344 1212.55822753906 1212.45727539062 1214.43347167969 1218.96984863281 1221.81958007812 1222.01599121094 1225.28735351562 1232.96655273438 1255.67443847656 1290.04870605469 1240.21105957031 1244.68090820312 1262.40832519531 1284.76550292969 1290.48132324219 1309.73486328125 1278.22888183594 1278.95947265625 1292.33959960938 1346.935546875 1381.89221191406 1342.92236328125 1309.22509765625 1308.099609375 1318.99609375 1329.27062988281 1420.62719726562 1539.70935058594 1415.63977050781 1352.16186523438 1358.14135742188 1381.29760742188 1393.86828613281 1404.45959472656 1411.13354492188 1422.58581542969 1433.32849121094 1444.67944335938 1456.80700683594 1467.44067382812 1479.1689453125 1491.69470214844 1502.23657226562 1526.32775878906
1203.81408691406 1205.88134765625 1208.64343261719 1213.42053222656 1213.87292480469 1217.10864257812 1219.29016113281 1220.94543457031 1224.45983886719 1229.50561523438 1229.82885742188 1232.63220214844 1235.67065429688 1240.34045410156 1277.86572265625 1247.02746582031 1258.55908203125 1299.64953613281 1339.65942382812 1335.31970214844 1338.234375 1318.69543457031 1308.79382324219 1324.71313476562 1367.68115234375 1414.72961425781 1326.96740722656 1319.01452636719 1324.12329101562 1335.60510253906 1333.93359375 1401.67578125 1479.57934570312 1372.59643554688 1353.95751953125 1362.08337402344 1390.29333496094 1415.03662109375 -3.4e+38 1414.4326171875 1425.19763183594 1436.77258300781 1448.00476074219 1459.63452148438 1471.40368652344 1482.30285644531 1492.85400390625 1502.98876953125 1527.06481933594
1213.29870605469 1215.03149414062 1218.13586425781 1223.38171386719 1225.27026367188 1227.12414550781 1227.93322753906 1229.24633789062 1232.27819824219 1235.5947265625 1236.64672851562 1242.83325195312 1257.68493652344 1277.95581054688 1297.3798828125 1256.24877929688 1279.01135253906 1333.25769042969 1357.52709960938 1357.78173828125 1358.73608398438 1358.44165039062 1349.31164550781 1354.50512695312 1391.81579589844 1433.85437011719 1330.53759765625 1331.65344238281 1347.77099609375 1347.23681640625 1333.75024414062 1382.34399414062 1431.79699707031 1356.05798339844 1358.76513671875 1367.11145019531 1390.54138183594 1435.33251953125 -3.4e+38 1418.39978027344 1429.017578125 1439.794921875 1450.95068359375 1462.76867675781 1475.27978515625 1485.42517089844 1495.38232421875 1505.67224121094 1528.17907714844
1223.1611328125 1226.42626953125 1230.45471191406 1233.26416015625 1235.15869140625 1237.50317382812 1238.8466796875 1239.78674316406 1242.07336425781 1244.87719726562 1246.20141601562 1251.62316894531 1274.87719726562 1331.734375 1301.66906738281 1272.30700683594 1296.72668457031 1350.52490234375 1353.51416015625 1359.56713867188 1367.58776855469 1374.48461914062 1367.82141113281 1358.58044433594 1385.0693359375 1422.45581054688 1335.13830566406 1333.84680175781 1350.55908203125 1345.95227050781 1342.29760742188 1406.95385742188 1459.30798339844 1363.11962890625 1363.24914550781 1371.73291015625 1383.61901855469 1436.97131347656 1437.72241210938 1424.57958984375 1433.0458984375 1443.65087890625 1454.98181152344 1466.09094238281 1478.05480957031 1487.78723144531 1498.68530273438 1508.39379882812 1529.77734375
1235.2763671875 1238.35522460938 1242.00512695312 1244.31799316406 1245.5419921875 1247.67553710938 1249.51159667969 1250.49792480469 1252.79040527344 1255.68029785156 1258.29248046875 1261.58422851562 1276.13415527344 1310.23571777344 1284.19445800781 1278.53100585938 1300.15869140625 1353.01647949219 1353.01306152344 1357.44421386719 1367.10009765625 1376.74694824219 1369.03601074219 1371.87805175781 1399.10815429688 1457.01879882812 1343.23864746094 1337.84204101562 1363.57482910156 1383.24438476562 1346.65441894531 1388.77954101562 1418.67736816406 1365.2255859375 1367.55310058594 1376.01135253906 1386.86535644531 1420.68994140625 1432.03137207031 1427.4599609375 1437.77795410156 1449.44177246094 1459.98950195312 1470.35656738281 1480.52355957031 1491.39074707031 1501.57373046875 1510.07861328125 1530.23107910156
1248.30639648438 1249.29028320312 1251.97290039062 1256.1484375 1257.58447265625 1259.16076660156 1260.97106933594 1261.56506347656 1263.33923339844 1266.99963378906 1269.19030761719 1270.67614746094 1273.69506835938 1276.94055175781 1276.53771972656 1278.89050292969 1296.2431640625 1346.42883300781 1360.19055175781 1358.13952636719 1362.99658203125 1375.07409667969 1362.15710449219 1376.39587402344 1408.75622558594 1445.39318847656 1341.07019042969 1338.3134765625 1382.75659179688 1428.06982421875 1344.29479980469 1352.93200683594 1362.92797851562 1368.52160644531 1372.90612792969 1381.55224609375 1390.96032714844 1410.70324707031 1420.24365234375 -3.4e+38 -3.4e+38 1459.59765625 1467.95373535156 1476.60705566406 1485.42541503906 1494.59741210938 1503.203125 1512.65686035156 1531.47204589844
1262.07495117188 1264.29711914062 1264.85803222656 1268.0302734375 1269.82385253906 1272.52062988281 1273.34631347656 1273.85388183594 1274.80517578125 1277.50036621094 1278.74938964844 1278.01135253906 1277.36486816406 1279.27526855469 1280.92895507812 1283.22839355469 1298.91931152344 1337.99047851562 1355.75927734375 1367.72155761719 1367.97705078125 1368.55554199219 1358.4892578125 1368.70666503906 1388.08728027344 1379.63757324219 1330.50317382812 1333.30322265625 1378.93811035156 1446.1337890625 1381.15344238281 1353.92163085938 1362.83630371094 1371.5576171875 1378.99829101562 1390.10632324219 1395.62573242188 1415.99194335938 1425.61596679688 -3.4e+38 1454.80493164062 1471.55078125 1480.53552246094 1482.13781738281 1490.39672851562 1496.48657226562 1504.61584472656 1514.18444824219 1532.52453613281
1275.39929199219 1279.08422851562 1281.525390625 1281.126953125 1282.15393066406 1284.86267089844 1286.16271972656 1287.10473632812 1286.53918457031 1288.29418945312 1288.74377441406 1287.69201660156 1287.82873535156 1287.48974609375 1290.31530761719 1289.572265625 1299.30700683594 1316.34289550781 1336.34130859375 1375.86450195312 1373.80004882812 1368.15832519531 1373.14294433594 1379.42761230469 1380.93737792969 1354.23352050781 -3.4e+38 -3.4e+38 -3.4e+38 1421.86303710938 1407.74938964844 1365.421875 1366.01818847656 1373.48364257812 1387.80004882812 1403.35205078125 1401.57006835938 1419.30261230469 1429.38171386719 -3.4e+38 1464.95190429688 1499.5625 1498.90393066406 1484.43151855469 1492.34997558594 1498.904296875 1507.70141601562 1516.24169921875 1533.009765625
1288.95617675781 1291.32055664062 1295.98291015625 1293.84423828125 1294.84033203125 1296.15063476562 1298.03491210938 1299.77819824219 1298.6298828125 1299.18627929688 1298.83508300781 1297.85375976562 1298.365234375 1298.17956542969 1299.26403808594 1297.40942382812 1299.72241210938 1311.18725585938 1346.93322753906 1383.50915527344 1379.66638183594 1379.79406738281 1393.51953125 1395.48815917969 1387.0751953125 1374.65234375 1328.34814453125 1335.55322265625 -3.4e+38 1370.40869140625 1379.50158691406 1369.14392089844 1371.48974609375 1379.6142578125 1393.54870605469 1408.17565917969 1407.19018554688 1424.48583984375 1433.16418457031 1443.14477539062 1471.53076171875 1528.34484863281 1536.72351074219 1488.15698242188 -3.4e+38 1501.58129882812 1510.146484375 1519.44274902344 1534.43469238281
1302.28540039062 1303.275390625 1306.89685058594 1307.81396484375 1308.40112304688 1308.2548828125 1309.8837890625 1311.34167480469 1310.48767089844 1309.78063964844 1309.38659667969 1309.07800292969 1309.13830566406 1309.14807128906 1308.51989746094 1306.44030761719 1316.40063476562 1345.35534667969 1374.49450683594 1396.45654296875 1399.81750488281 1407.88195800781 1401.20471191406 1402.79028320312 1400.2939453125 1402.14599609375 1339.29150390625 -3.4e+38 1350.31677246094 1358.53845214844 1361.8193359375 1369.76550292969 1377.17822265625 1386.12927246094 1398.56213378906 1413.16979980469 1415.19506835938 1433.4208984375 1438.00256347656 1446.68200683594 1467.1484375 1519.05712890625 1547.79846191406 1491.24572753906 1496.14379882812 1503.6142578125 1511.74206542969 1520.65112304688 1536.82897949219
