rcp8.5models/MPI_ESM_LR/sc1gr6.28
NCOLS 261 
NROWS 433 
XLLCORNER 336357.134 
YLLCORNER 654653.479 
CELLSIZE 1000 
NODATA_value -3.4e+38 
[rows 242 to 263 of 433, columns 98 to 146 of 261]
2531.45947265625 2535.8662109375 2537.03540039062 2544.7939453125 2545.18774414062 2548.04443359375 2551.12060546875 -3.4e+38 2555.96630859375 2557.70361328125 2562.72241210938 2566.33056640625 2566.83422851562 2568.66821289062 2577.0537109375 2580.7890625 2618.53930664062 2704.93383789062 2736.00366210938 2760.56030273438 2779.33203125 2772.34350585938 2737.85620117188 2740.5546875 2771.93579101562 2797.50268554688 2683.107421875 -3.4e+38 2714.18359375 2735.41674804688 2719.10766601562 2735.65844726562 2752.70043945312 2762.72875976562 2779.08056640625 2794.94750976562 2800.04321289062 2859.44140625 2834.30224609375 2846.6396484375 2864.896484375 2919.85913085938 2963.55419921875 2897.17065429688 2903.11889648438 2908.44311523438 2913.28784179688 2917.2939453125 2932.1416015625
2575.3232421875 2582.76391601562 2573.873046875 2582.19677734375 2580.77075195312 2583.80883789062 2584.892578125 2584.16455078125 2588.63598632812 2593.78442382812 2592.28247070312 2592.3203125 2595.09716796875 2592.56909179688 2599.97143554688 2608.41381835938 2642.888671875 2730.58325195312 2770.48754882812 2804.09936523438 2785.29125976562 2770.77172851562 2743.01318359375 2757.3173828125 2778.7705078125 2746.5615234375 2729.1611328125 2711.5419921875 2729.25634765625 2768.03857421875 2789.05078125 2918.18188476562 3137.4951171875 3194.40087890625 2972.15869140625 2812.93603515625 2820.89233398438 2950.21557617188 3004.06103515625 2873.0048828125 2884.22143554688 2989.29931640625 3103.1396484375 2954.31372070312 2936.38916015625 2930.88037109375 2934.75805664062 2940.369140625 2954.53881835938
2600.65795898438 2619.32202148438 2595.71655273438 2598.54125976562 2597.90356445312 2603.73754882812 2603.37548828125 2601.6240234375 2602.90795898438 2608.52001953125 2604.724609375 2605.26123046875 2605.42993164062 2603.60522460938 2617.33129882812 2636.10693359375 2696.03198242188 2916.36791992188 3088.40209960938 3094.939453125 2800.0615234375 2756.421875 2746.94189453125 2774.6748046875 2777.76635742188 2724.45190429688 2712.34887695312 2711.12255859375 2736.07373046875 2789.41479492188 2838.52758789062 2926.6962890625 3182.236328125 3474.64697265625 3255.43627929688 2841.46069335938 2858.39233398438 3018.68603515625 3110.5107421875 2882.5048828125 2899.3359375 3013.02905273438 3155.05639648438 3026.59399414062 2967.33837890625 2945.58129882812 2945.4912109375 2952.05346679688 2967.69311523438
2705.72509765625 2797.09130859375 2619.80981445312 2612.90209960938 2609.12524414062 2620.62353515625 2617.30590820312 2615.30932617188 2617.27172851562 2621.48461914062 2619.03881835938 2621.51000976562 2615.55615234375 2615.861328125 2654.21337890625 2657.92626953125 2773.8359375 3237.59130859375 3599.6826171875 3431.46362304688 2852.43237304688 2755.23852539062 2759.056640625 2813.10815429688 2824.30444335938 2725.83740234375 2709.97216796875 2725.0947265625 2741.06518554688 2788.6474609375 2905.9306640625 3131.86645507812 3404.85034179688 3665.26489257812 3558.6943359375 3083.9208984375 3050.52392578125 3070.81030273438 3096.12622070312 2914.46313476562 2920.16259765625 3016.98388671875 3173.6572265625 3112.08178710938 2988.75659179688 2966.0634765625 2959.08374023438 2964.93237304688 2981.96948242188
2705.29345703125 2767.59301757812 2639.34521484375 2634.81665039062 2631.28125 2637.251953125 2632.55224609375 2631.3662109375 2634.91015625 2636.9951171875 2636.89697265625 2636.93798828125 2631.17626953125 2628.29443359375 2721.37329101562 2708.61474609375 2715.33642578125 3209.23779296875 3825.23559570312 3578.08251953125 3019.77758789062 2808.71411132812 2786.60205078125 2874.33056640625 2888.9892578125 2741.89599609375 2738.13989257812 2746.4765625 2776.39501953125 2871.91528320312 3065.18310546875 3500.54467773438 3862.9697265625 3927.974609375 3837.92456054688 3627.85400390625 3550.484375 3223.16870117188 3194.87573242188 3012.9921875 2942.041015625 3015.41625976562 3187.908203125 3173.53759765625 2997.267578125 2973.20581054688 2970.57080078125 2977.20483398438 2997.841796875
2665.87133789062 2670.15258789062 2659.70385742188 2660.4189453125 2656.58056640625 2655.34106445312 2652.76391601562 2649.44995117188 2655.06030273438 2656.89697265625 2657.17407226562 2653.79467773438 2646.68872070312 2638.57250976562 2700.53295898438 2696.44067382812 2671.58813476562 3120.99682617188 3812.4248046875 3466.39672851562 2943.00537109375 2825.47607421875 2815.6181640625 2870.96850585938 2851.94555664062 2766.61083984375 2777.65356445312 2765.38134765625 2784.97314453125 2896.92919921875 3185.07861328125 3705.95141601562 3993.27661132812 3959.02099609375 3889.9970703125 3960.58715820312 3889.29174804688 3308.33251953125 3207.18505859375 3014.98217773438 2959.0458984375 2994.53344726562 3175.87182617188 3280.56274414062 3054.68286132812 2976.14672851562 2980.48779296875 2988.92236328125 3010.4326171875
2684.87182617188 2682.78369140625 2683.67895507812 2685.36694335938 2680.40405273438 2678.77612304688 2674.56762695312 2668.34057617188 2671.79638671875 2676.380859375 2676.98168945312 2669.57373046875 2662.10668945312 2655.02709960938 2664.5478515625 2662.90502929688 2681.24658203125 3105.95849609375 3750.62158203125 3355.90844726562 2832.21362304688 2783.44384765625 2801.54418945312 2824.30834960938 2788.88452148438 2785.48559570312 2769.62353515625 2758.78369140625 2766.02612304688 2842.3505859375 3257.74096679688 3913.74487304688 4001.908203125 3941.72241210938 3888.59814453125 4014.91357421875 3890.59301757812 3155.01196289062 3051.11572265625 2990.82446289062 3008.17065429688 3022.81689453125 3172.48071289062 3341.52954101562 3101.873046875 2994.93188476562 2996.07592773438 3000.95336914062 3020.82470703125
2700.95751953125 2699.85498046875 2707.55859375 2678.88427734375 2699.83618164062 2701.78051757812 2697.11376953125 2688.2900390625 2683.37426757812 2693.13842773438 2693.54467773438 2687.84887695312 2686.30078125 2681.84204101562 2674.24633789062 2679.01879882812 2673.9892578125 2930.60913085938 3524.7109375 3437.1025390625 2890.10620117188 2783.10888671875 2796.26391601562 2826.27587890625 2801.83520507812 2792.27685546875 2755.16870117188 2755.07983398438 2768.82275390625 2887.79370117188 3408.96508789062 4046.96142578125 4043.71801757812 4000.92749023438 3978.57543945312 3882.45361328125 3466.79370117188 3069.564453125 3107.95092773438 3091.6025390625 3153.6884765625 3183.69067382812 3235.423828125 3360.4306640625 3127.57080078125 3014.16772460938 3009.67626953125 3014.10229492188 3033.12280273438
2721.23168945312 2710.6123046875 2721.53979492188 2680.54516601562 2719.52856445312 2723.0859375 2714.75634765625 2703.34545898438 2699.115234375 2709.7890625 2712.66259765625 2709.01904296875 2706.22509765625 2701.70849609375 2685.79809570312 2680.67016601562 2672.87280273438 2791.52392578125 3107.6748046875 3107.03930664062 2825.943359375 2799.48095703125 2838.451171875 2822.79760742188 2775.01928710938 2761.2314453125 2751.1455078125 2781.70849609375 2835.80834960938 2951.22973632812 3380.62060546875 3902.1904296875 4043.91455078125 4059.71850585938 3997.88305664062 3793.751953125 3361.828125 3178.80126953125 3295.8896484375 3214.29077148438 3275.94067382812 3347.56909179688 3340.5546875 3475.75830078125 3175.3876953125 3026.87426757812 3029.64697265625 3029.53100585938 3051.07983398438
2752.68579101562 2743.47412109375 2748.97509765625 2707.85400390625 2737.25561523438 2743.34619140625 2729.80078125 2718.84375 2727.92309570312 2731.73852539062 2731.00390625 2726.49877929688 2713.52685546875 2698.13842773438 2711.70483398438 2699.60522460938 2686.14526367188 2733.99560546875 2845.1435546875 2786.35595703125 2763.8232421875 2820.64868164062 2910.96875 2839.72509765625 2775.1748046875 2757.80590820312 2761.55834960938 2832.78247070312 2998.89672851562 3089.12622070312 3331.6181640625 3787.9091796875 4060.87353515625 4072.4404296875 4021.55908203125 3947.04345703125 3767.05639648438 3504.27783203125 3601.63012695312 3288.29370117188 3329.85229492188 3421.91650390625 3407.8564453125 3560.609375 3220.47216796875 3051.41723632812 3062.71850585938 3053.05078125 3068.47485351562
2785.61328125 2782.642578125 2781.41333007812 2749.69873046875 2756.79760742188 2764.578125 2750.08715820312 2740.24780273438 2756.05297851562 2751.4453125 2747.65405273438 2744.72436523438 2727.32641601562 2697.51147460938 2728.99926757812 2719.40795898438 2687.37524414062 2757.2646484375 2897.46484375 2811.5234375 2779.8349609375 2847.59716796875 2959.03173828125 2896.791015625 2794.19750976562 2780.7197265625 2766.50170898438 2844.34350585938 3093.3125 3293.30859375 3410.79809570312 3790.83203125 4099.833984375 4056.81909179688 4066.06982421875 4058.4375 3987.88427734375 3897.1298828125 3908.73193359375 3520.4716796875 3432.6494140625 3413.99780273438 3439.6923828125 3537.06372070312 3268.072265625 3085.62133789062 3106.8544921875 3082.26416015625 3093.71069335938
2810.29077148438 2809.79150390625 2806.16748046875 2791.09155273438 2786.97143554688 2788.962890625 2779.47045898438 2770.82446289062 2775.30029296875 2771.140625 2766.80346679688 2764.20874023438 2751.21362304688 2717.24609375 2727.01904296875 2719.45483398438 2692.98486328125 2811.5146484375 2932.353515625 2825.18237304688 2779.32543945312 2914.49169921875 3104.9990234375 2928.02416992188 2787.419921875 2774.16430664062 2785.11376953125 2808.50341796875 2998.51000976562 3234.2431640625 3414.67309570312 3968.87573242188 4112.0712890625 4049.55541992188 4039.48022460938 3992.177734375 3956.7255859375 4096.595703125 4065.14770507812 3794.27294921875 3483.21850585938 3440.75927734375 3481.921875 3418.89331054688 3281.4697265625 3088.9609375 3102.79443359375 3090.17358398438 3110.55786132812
2832.615234375 2835.34838867188 2834.2939453125 2821.28662109375 2816.96948242188 -3.4e+38 2803.52587890625 2797.783203125 2795.07177734375 2785.3564453125 2774.28198242188 2780.14501953125 2774.54541015625 2754.81005859375 2726.73461914062 2710.453125 2768.89331054688 2916.56005859375 2892.7529296875 2826.73486328125 2763.46362304688 3087.61596679688 3504.72705078125 3012.52026367188 2770.37451171875 2757.09619140625 2792.10400390625 2797.36840820312 2906.59814453125 3092.98364257812 3297.43334960938 3849.48706054688 3919.6728515625 4035.03100585938 4095.8271484375 4015.49267578125 3958.17504882812 4143.7998046875 4005.42749023438 3656.6875 3494.18530273438 3582.076171875 3523.55810546875 3228.248046875 3177.66796875 3083.79345703125 3093.29565429688 3098.40991210938 3113.21459960938
2891.33837890625 2889.95166015625 2885.70947265625 2875.02807617188 2868.99633789062 -3.4e+38 2855.80517578125 2849.52270507812 2833.5322265625 2807.54760742188 2794.65405273438 2798.88037109375 2797.794921875 2803.125 2742.72241210938 2699.25463867188 2700.27026367188 2930.92700195312 3302.77563476562 3059.31079101562 2823.29248046875 2972.78735351562 3233.24975585938 2933.69921875 2757.64306640625 2763.05004882812 2798.69165039062 2841.47045898438 2827.15771484375 2855.6513671875 3007.12158203125 3269.61889648438 3541.60205078125 3983.11474609375 4118.20458984375 4108.44091796875 3962.1748046875 4120.63916015625 3920.91235351562 3854.31079101562 4123.73095703125 3852.83349609375 3252.62451171875 3120.78173828125 3182.9150390625 3408.46655273438 3471.46923828125 3246.5966796875 3194.38037109375
2917.0615234375 2915.2509765625 2910.59448242188 2898.24389648438 2891.09228515625 2885.01733398438 2876.05224609375 2843.37377929688 2814.48046875 2829.12573242188 2804.07446289062 2818.90258789062 2818.84716796875 2818.90942382812 2758.50610351562 2702.01513671875 2705.6572265625 2915.68530273438 3245.20336914062 3021.98510742188 2803.09423828125 2976.89965820312 3259.06469726562 2986.642578125 2757.9013671875 2759.7197265625 2830.98095703125 2920.57592773438 2873.08935546875 2950.11938476562 3101.01416015625 3080.56689453125 3471.9775390625 3955.05126953125 4187.69140625 4170.84619140625 4053.044921875 4146.82421875 4036.46240234375 4045.896484375 3970.3125 3517.12939453125 3165.08984375 3142.50219726562 3279.47192382812 3525.90551757812 3567.12573242188 3347.70703125 3231.25048828125
2929.08520507812 2937.59448242188 2934.87646484375 2921.64599609375 2913.67236328125 2909.556640625 2900.84692382812 2836.51147460938 2782.40649414062 2817.38696289062 2762.03955078125 2804.84545898438 2838.20703125 2824.76000976562 2808.73559570312 2758.74194335938 2713.31079101562 2927.32958984375 3292.49072265625 3081.90551757812 2841.54541015625 3018.31079101562 3313.38623046875 3003.7998046875 2747.68896484375 2747.85693359375 2827.41870117188 2918.69140625 2883.572265625 2939.65112304688 3133.8076171875 3219.80834960938 3449.35571289062 3854.18115234375 4206.16650390625 4225.693359375 4130.52099609375 4184.85107421875 4165.54638671875 4179.49560546875 3824.763671875 3199.953125 3203.3505859375 3440.21240234375 3616.05639648438 3775.22338867188 3658.97094726562 3376.22436523438 3283.55126953125
2954.41455078125 2961.421875 2956.08276367188 2946.708984375 2938.33251953125 2928.7431640625 2923.546875 2854.43627929688 2777.54760742188 2868.43090820312 2860.63940429688 2777.36791992188 2847.69213867188 2831.38256835938 2799.82836914062 2811.1416015625 2728.2021484375 2982.9130859375 3592.21118164062 3625.57421875 3305.98291015625 3344.89453125 3706.31640625 3264.50903320312 2734.09936523438 2749.13916015625 2835.28637695312 2900.46118164062 2867.79418945312 2904.14453125 3222.11303710938 3636.99682617188 3731.59643554688 4027.84399414062 4205.28857421875 4116.59423828125 4034.15478515625 4224.9599609375 4228.09521484375 4209.4248046875 3872.93530273438 3289.57446289062 3432.79833984375 3926.17456054688 4031.5654296875 3971.78857421875 3687.94262695312 3480.94946289062 3433.08520507812
2974.30444335938 2976.41650390625 2973.72827148438 2966.06127929688 2958.94946289062 2944.21484375 2938.88403320312 2902.67504882812 2871.68505859375 3068.64428710938 3118.6982421875 2790.17529296875 2870.03540039062 2857.8203125 2741.07397460938 2780.23510742188 2740.33374023438 2979.94409179688 3705.2705078125 4059.05615234375 3893.72290039062 3863.6572265625 4114.61669921875 3572.02514648438 2736.4912109375 2748.97314453125 2840.703125 2897.75732421875 2874.4951171875 2965.88159179688 3424.255859375 3965.38745117188 3967.02587890625 4164.654296875 4167.33935546875 3903.13500976562 3809.16455078125 4216.2158203125 4195.83349609375 4179.908203125 3842.18725585938 3415.56909179688 3630.833984375 4147.5966796875 4188.64892578125 4093.31689453125 3939.197265625 3813.19775390625 3661.52587890625
2984.38305664062 2985.48608398438 2991.568359375 2986.62084960938 2980.00122070312 2969.77880859375 2955.859375 2926.08056640625 2941.84838867188 3163.02172851562 3154.10473632812 2803.18920898438 2893.33276367188 2889.32202148438 2748.83154296875 2808.89086914062 2960.6953125 3158.49853515625 3633.69653320312 4103.75244140625 4056.04614257812 4055.53271484375 4052.8486328125 3438.19018554688 2743.3896484375 2756.72241210938 2829.34423828125 2934.24926757812 3015.34887695312 3064.37963867188 3477.62915039062 4160.35498046875 4171.95703125 4260.89794921875 4186.041015625 3857.12475585938 3724.88330078125 4118.87744140625 4136.341796875 4207.6318359375 3890.27294921875 3479.21533203125 3770.62353515625 4183.3701171875 4190.95361328125 4165.29736328125 4182.95751953125 4078.80053710938 3929.77416992188
2984.81225585938 2987.90673828125 2994.15502929688 3007.9716796875 2999.07104492188 2992.05737304688 2978.81079101562 2939.62744140625 2946.19409179688 3050.4013671875 2978.06665039062 2858.86376953125 2914.8046875 2910.62573242188 2778.01123046875 2788.046875 3049.85375976562 3466.25122070312 3777.9326171875 4047.55712890625 3928.1533203125 3818.17041015625 3673.00805664062 2984.4951171875 2734.58935546875 2755.87548828125 2864.09643554688 3061.84350585938 3210.91821289062 3237.85034179688 3575.32397460938 4238.5302734375 4294.08544921875 4258.1591796875 4094.76025390625 3823.61791992188 3730.37719726562 3894.96411132812 4035.5859375 4250.4892578125 4055.31909179688 3746.552734375 3896.17578125 4189.0166015625 4058.94677734375 4003.34399414062 4102.0966796875 4155.4599609375 4101.8798828125
2998.62719726562 2994.35375976562 3005.48364257812 3029.24243164062 3017.45434570312 3011.81372070312 3001.43310546875 2975.78540039062 2932.15698242188 2906.48779296875 2907.85180664062 2884.63256835938 2913.43603515625 2917.6015625 2765.35766601562 2779.2763671875 3025.0009765625 3477.7197265625 3805.50561523438 3789.70434570312 3498.255859375 3262.8388671875 3197.73168945312 2719.73266601562 2726.83764648438 2754.90795898438 2917.06420898438 3219.33764648438 3330.66015625 3392.4677734375 3782.59375 4173.26416015625 4272.666015625 4158.36865234375 4036.37670898438 3818.05395507812 3690.3310546875 3691.01416015625 3994.02294921875 4273.2841796875 4214.84814453125 4106.19287109375 4065.96044921875 4200.19287109375 4013.61303710938 3867.85986328125 3983.4716796875 4154.8564453125 4091.31298828125
2984.40747070312 2998.001953125 3037.44189453125 3050.216796875 3037.4892578125 3028.5712890625 3019.30346679688 3004.146484375 2963.64770507812 2931.37133789062 2931.97143554688 2861.4814453125 2933.7578125 2930.75830078125 3005.5478515625 3119.31030273438 3271.85473632812 3548.16064453125 3628.82934570312 3616.88427734375 3360.12475585938 2948.37109375 2839.14672851562 2710.41577148438 2730.681640625 2763.65454101562 2900.62817382812 3282.07446289062 3620.40356445312 3731.74658203125 4040.43334960938 4209.81640625 4264.9775390625 4160.87841796875 4175.86181640625 3998.48120117188 3757.52905273438 3492.97290039062 3874.75 4151.35546875 4171.3740234375 4230.02197265625 4218.6787109375 4207.73681640625 4101.4638671875 3983.22607421875 4077.89208984375 4161.59765625 4001.57763671875
