rcp8.5models/MPI_ESM_LR/sc1gr7.21
NCOLS 261 
NROWS 433 
XLLCORNER 336357.134 
YLLCORNER 654653.479 
CELLSIZE 1000 
NODATA_value -3.4e+38 
[rows 374 to 395 of 433, columns 147 to 195 of 261]
-3.4e+38 -3.4e+38 85.4081420898438 86.1420364379883 86.9853668212891 87.8160781860352 88.4986419677734 89.1289825439453 89.8303909301758 90.3109512329102 -3.4e+38 91.5398101806641 91.8647384643555 92.2997207641602 92.7080688476562 93.0348968505859 93.3675384521484 93.484733581543 93.4713439941406 93.6034164428711 93.8012313842773 93.693000793457 93.7440338134766 -3.4e+38 93.8514785766602 93.8950958251953 93.9714660644531 94.0070953369141 93.9846343994141 93.9658737182617 93.9984436035156 93.9840469360352 94.0824203491211 94.5675735473633 94.5810317993164 94.7006072998047 94.9285202026367 95.0554046630859 95.403450012207 95.7901382446289 96.0338897705078 96.3090133666992 96.6289749145508 -3.4e+38 97.1356201171875 97.8062286376953 98.190185546875 98.525749206543 98.9435348510742
83.9023513793945 84.7372283935547 85.5363006591797 86.2002639770508 87.02392578125 87.8309173583984 88.5427856445312 89.2027740478516 89.8078155517578 90.2743301391602 90.7045288085938 -3.4e+38 -3.4e+38 -3.4e+38 92.6009750366211 92.9617691040039 93.1785202026367 93.4852752685547 93.4309310913086 93.5065307617188 93.7267837524414 93.6526565551758 93.6618499755859 93.7158966064453 93.8911895751953 93.9879989624023 93.9635009765625 93.9032516479492 93.917366027832 93.8395233154297 93.8596954345703 93.8866271972656 93.9422836303711 94.3953399658203 94.3673095703125 94.5544967651367 94.7804336547852 94.9584579467773 95.1995544433594 95.5758590698242 95.786376953125 96.0299911499023 96.3613815307617 96.7051239013672 96.9450302124023 97.5584564208984 97.9221420288086 -3.4e+38 98.7016754150391
83.9689178466797 84.7666473388672 85.5330047607422 86.2942352294922 87.0354309082031 87.7892227172852 88.4809646606445 89.1401290893555 89.712776184082 90.2198867797852 90.5988159179688 -3.4e+38 91.7419281005859 92.1654281616211 92.525749206543 92.8277359008789 93.1029968261719 93.4188842773438 93.3891754150391 93.3017272949219 93.4941177368164 93.5256958007812 93.5297470092773 93.619499206543 93.8001708984375 93.9052658081055 93.8402252197266 93.7749328613281 93.7955551147461 93.7326889038086 93.8138275146484 93.7990417480469 93.8668746948242 94.2042770385742 94.179313659668 94.3530654907227 94.622673034668 94.8781661987305 94.974983215332 95.3622741699219 95.5150451660156 95.8491134643555 96.2033233642578 96.4659729003906 96.7229156494141 97.3237609863281 -3.4e+38 98.1387405395508 98.4763259887695
84.2061080932617 84.8890991210938 85.5459747314453 86.3074111938477 87.0470657348633 87.8199996948242 88.3831787109375 89.0214157104492 89.6558990478516 90.1644515991211 90.4763107299805 91.1704406738281 91.6347351074219 92.1421585083008 92.4718170166016 92.7166442871094 92.9860610961914 93.2595596313477 93.2366027832031 93.1527328491211 93.208251953125 93.3208923339844 93.4655685424805 93.6431579589844 93.6440887451172 93.7216339111328 93.7022171020508 93.6236877441406 93.7272186279297 93.7398300170898 93.7698287963867 93.7441864013672 93.7930526733398 94.0579147338867 94.1045227050781 94.2062072753906 94.4691925048828 94.745735168457 94.8122329711914 95.1003189086914 95.3033065795898 95.6845550537109 96.0531921386719 -3.4e+38 96.5651245117188 97.1296463012695 97.4683990478516 97.8782958984375 -3.4e+38
84.2456283569336 84.9803695678711 85.6799087524414 86.3260192871094 86.9871978759766 87.7281646728516 88.3148193359375 88.9035339355469 89.5530319213867 90.095588684082 90.3488540649414 91.1429061889648 91.5863876342773 92.0243225097656 92.395378112793 92.6496734619141 92.8843994140625 93.080192565918 93.1766052246094 93.0465545654297 93.1038436889648 93.2253341674805 93.4924621582031 93.5062713623047 93.4799880981445 93.5799179077148 93.5753784179688 93.4494934082031 93.5710372924805 93.6486740112305 93.60595703125 93.5866622924805 93.6732711791992 93.9176254272461 93.9832382202148 94.1202163696289 94.2667846679688 94.4833145141602 94.6529235839844 94.8615798950195 95.1267318725586 95.4856796264648 95.8715133666992 96.1417236328125 96.4156265258789 96.9593963623047 97.2292938232422 97.5786972045898 97.9718627929688
84.1123352050781 84.9082641601562 85.6986923217773 86.3176956176758 86.8823013305664 87.5949478149414 88.2853012084961 88.7637176513672 89.3035583496094 89.8276977539062 90.2154922485352 90.9689788818359 91.39501953125 91.7956008911133 92.0924377441406 92.3728713989258 92.744010925293 92.9716415405273 93.039421081543 92.8640594482422 92.8923873901367 93.0586013793945 93.3191299438477 93.3224334716797 93.3473129272461 93.3496780395508 93.2790832519531 93.279899597168 93.3936614990234 93.4406280517578 93.3845443725586 93.4422836303711 93.5444641113281 93.7525634765625 93.7714309692383 93.9485473632812 94.100456237793 94.2710647583008 94.4303207397461 94.651252746582 94.9479598999023 95.2746276855469 95.689338684082 96.0073928833008 96.2309646606445 96.7330856323242 97.0625305175781 97.4319686889648 97.7258453369141
84.0192108154297 84.7947998046875 85.5830535888672 86.2685546875 86.8628921508789 87.5247421264648 88.1773910522461 -3.4e+38 89.0303115844727 89.584587097168 90.0195770263672 90.8328475952148 91.2461090087891 91.5604400634766 91.8137741088867 92.0574722290039 92.4302215576172 92.7371520996094 92.7244033813477 92.7993850708008 -3.4e+38 92.8735427856445 93.0913467407227 93.1897506713867 93.1747283935547 93.0851516723633 93.0524291992188 93.0758590698242 93.2033386230469 93.2491912841797 93.2873916625977 93.4120254516602 93.4668197631836 93.6607208251953 93.5916900634766 93.716911315918 93.8761749267578 94.1093139648438 94.217643737793 -3.4e+38 -3.4e+38 95.0098648071289 95.4344635009766 95.8278656005859 96.0740127563477 96.5778427124023 96.8160171508789 97.2463531494141 97.5802001953125
83.9944229125977 84.7607574462891 85.5380554199219 86.1306838989258 86.7617111206055 87.4171142578125 88.0333480834961 88.4891586303711 88.8926849365234 89.3695068359375 89.7806549072266 90.7229461669922 91.1240158081055 91.3703689575195 91.5746307373047 91.8344268798828 92.2217102050781 92.5158462524414 92.5468368530273 92.7408981323242 92.7030792236328 92.6679534912109 92.9622268676758 92.9445190429688 92.9366836547852 92.9559020996094 92.9108047485352 92.8783340454102 93.1313018798828 93.2214431762695 93.2562866210938 93.3535842895508 93.428840637207 93.5814895629883 93.543327331543 93.6427154541016 93.7405319213867 93.9533386230469 -3.4e+38 -3.4e+38 94.4736938476562 94.814453125 95.2183837890625 95.5742263793945 95.8879699707031 96.5158081054688 96.6891098022461 96.9833908081055 97.3355560302734
84.0132675170898 84.7253875732422 85.467903137207 86.012451171875 86.6075592041016 87.2722549438477 87.8208923339844 88.3321762084961 88.7115936279297 89.1790466308594 89.6093902587891 90.4821166992188 -3.4e+38 -3.4e+38 91.2677001953125 91.6404113769531 92.0479888916016 92.2696914672852 92.3825759887695 92.4770202636719 92.4680862426758 92.4045944213867 92.748291015625 92.7113952636719 92.7591857910156 92.8387680053711 92.7781143188477 92.8334350585938 93.0279541015625 93.1010131835938 93.2977600097656 93.3069534301758 93.255973815918 93.5563583374023 93.5312881469727 93.6003875732422 93.6683959960938 93.723518371582 93.8435516357422 -3.4e+38 -3.4e+38 -3.4e+38 94.9898834228516 95.2433929443359 95.5764923095703 96.3088684082031 96.4759521484375 96.6887817382812 97.0997467041016
83.6539001464844 84.360237121582 85.0504302978516 85.7109756469727 86.2445678710938 86.7853393554688 87.3575820922852 87.8174133300781 88.3341903686523 88.7786026000977 89.0985870361328 90.0031356811523 90.3214263916016 -3.4e+38 90.9150085449219 91.1227645874023 91.5404663085938 91.8965835571289 91.9367294311523 91.9083862304688 91.8691329956055 91.9639053344727 92.2815551757812 92.1890335083008 92.1620254516602 92.1503143310547 92.2560272216797 92.3979110717773 92.6644134521484 92.9044494628906 92.9609451293945 92.9763336181641 93.2036056518555 93.1194305419922 93.18994140625 93.3208084106445 93.4810409545898 93.6003723144531 93.5930328369141 -3.4e+38 -3.4e+38 -3.4e+38 94.3274688720703 94.6559219360352 95.0289306640625 95.656494140625 95.8719100952148 96.33056640625 96.8216018676758
83.3162002563477 84.0210647583008 84.7430648803711 85.3449478149414 85.8628234863281 86.4564590454102 87.0433502197266 87.5214004516602 88.0383682250977 88.4758987426758 88.7830276489258 89.7074203491211 90.0034561157227 90.3683776855469 90.7627868652344 91.0884857177734 91.4038543701172 91.6174163818359 91.6066741943359 91.7325897216797 91.8031005859375 91.7974548339844 91.9492568969727 91.9769134521484 91.9966201782227 91.919921875 91.9725799560547 92.1651229858398 92.4227981567383 92.6176986694336 92.6851272583008 92.7049255371094 92.9381637573242 92.9731597900391 -3.4e+38 92.9724273681641 93.2375411987305 93.3177719116211 93.3743362426758 -3.4e+38 -3.4e+38 93.7132339477539 93.9369201660156 94.3492050170898 94.7364959716797 95.2406845092773 95.5554428100586 96.0265502929688 96.5333480834961
82.9304428100586 83.6284713745117 84.395263671875 84.974723815918 85.5129318237305 86.0921783447266 86.6299209594727 87.1978759765625 87.6140594482422 88.0383453369141 -3.4e+38 89.2712326049805 89.682502746582 89.9990310668945 90.5344543457031 90.9344253540039 91.1863174438477 91.3423309326172 91.3775787353516 91.5874710083008 91.6903991699219 91.5984649658203 91.5780258178711 91.726448059082 91.7457427978516 91.6842498779297 91.8341445922852 92.0996780395508 92.2425918579102 92.3585433959961 92.3038558959961 92.3980484008789 92.6223297119141 92.8115692138672 92.7768173217773 92.8180999755859 -3.4e+38 92.9606781005859 93.1753158569336 93.3201065063477 93.3925094604492 93.4626693725586 93.7041244506836 94.0742568969727 94.34619140625 94.947395324707 95.3036727905273 95.7026901245117 96.0172271728516
82.6181335449219 83.338134765625 84.0166168212891 84.6461334228516 85.2719497680664 85.8001480102539 86.2548370361328 86.7763519287109 87.2472534179688 87.6924209594727 88.1702728271484 88.9766311645508 89.4376983642578 89.7748489379883 90.2283401489258 90.5831756591797 90.8178253173828 91.0187606811523 91.2696990966797 91.2852020263672 91.3537979125977 91.3478469848633 91.3785552978516 91.426513671875 91.4433822631836 91.4744415283203 91.5731964111328 91.8132400512695 92.1176528930664 92.1454315185547 92.0562591552734 92.182373046875 92.4443206787109 92.6251602172852 92.5119171142578 92.5148620605469 92.6151275634766 92.6203689575195 92.9156188964844 93.0958480834961 93.2092437744141 93.3029861450195 93.5056076049805 93.836311340332 93.9980010986328 -3.4e+38 95.0137939453125 95.3867874145508 95.7014541625977
82.2225189208984 82.9985275268555 83.6628036499023 84.2506637573242 84.9218368530273 85.4410552978516 85.8827133178711 86.4013214111328 86.9349899291992 -3.4e+38 87.8898696899414 88.7674865722656 89.2835235595703 89.6464462280273 89.9044799804688 90.22412109375 90.4632186889648 90.6118469238281 90.9835739135742 91.0619049072266 91.1958618164062 91.2250747680664 91.1498260498047 91.2491760253906 91.2366943359375 91.2531127929688 91.2520523071289 91.4151153564453 91.7531890869141 91.7150802612305 91.7998809814453 92.0366439819336 92.2653350830078 92.3090515136719 92.3961410522461 92.2995147705078 92.3486709594727 92.3601684570312 92.5738677978516 92.8134689331055 92.8904037475586 93.1038131713867 93.262565612793 93.4690628051758 93.7538070678711 94.5915069580078 94.6960983276367 94.9984664916992 95.6009750366211
81.8539047241211 82.6813430786133 83.3090133666992 83.8500518798828 84.5018920898438 85.0543975830078 85.4860076904297 86.018913269043 86.5306854248047 86.9755859375 87.587272644043 88.5493621826172 88.9763565063477 89.1988983154297 89.4303970336914 89.8672943115234 90.0484924316406 90.2365798950195 90.6344299316406 90.9167404174805 91.0409774780273 91.0968246459961 91.0760116577148 91.1213760375977 91.0560302734375 91.1238861083984 91.0492858886719 91.1150970458984 91.3228607177734 91.2974166870117 91.477165222168 91.7915573120117 92.0149230957031 92.0865173339844 92.3093872070312 92.2910232543945 92.2399444580078 92.2204971313477 92.2951202392578 92.4019012451172 92.6109924316406 92.8402404785156 92.9406051635742 93.1792221069336 93.469123840332 94.04833984375 94.3612213134766 94.764404296875 95.4404983520508
81.5902938842773 82.3572311401367 82.9531173706055 83.4897537231445 84.0941467285156 84.6842498779297 85.0656433105469 85.5950012207031 86.1433410644531 86.6742630004883 87.3195037841797 88.2235260009766 88.5013198852539 88.7486114501953 88.99169921875 89.403678894043 89.6642761230469 89.998649597168 90.2626495361328 90.5772247314453 90.6669692993164 90.8644943237305 91.0418472290039 90.8883590698242 90.8127822875977 90.8159408569336 90.8022384643555 90.8316650390625 90.9230728149414 91.1408615112305 91.3576736450195 91.4307327270508 91.5720138549805 91.7521438598633 91.9205551147461 92.0352935791016 92.0587005615234 92.0031814575195 91.9850234985352 92.1530227661133 92.2983932495117 92.413703918457 92.6190490722656 92.8677749633789 93.2417907714844 93.7162322998047 94.0610885620117 94.5069198608398 94.955696105957
81.1936950683594 81.9365234375 82.601676940918 83.2379608154297 83.7565460205078 84.2878341674805 84.6923522949219 85.2241058349609 85.7821731567383 86.3672561645508 86.9133377075195 87.7842483520508 88.1057739257812 88.3114547729492 88.5855407714844 88.9116897583008 89.3683013916016 89.7630310058594 89.8946990966797 90.1513214111328 90.2968673706055 90.6721115112305 90.8889999389648 90.6562881469727 90.6141662597656 90.3699493408203 90.4204559326172 90.5219955444336 90.5925598144531 90.9625396728516 91.1323928833008 91.1316833496094 91.1656112670898 91.3431396484375 91.5236968994141 91.7383575439453 91.7996063232422 91.8131332397461 91.8389434814453 91.9337463378906 91.9669799804688 92.1040191650391 92.3807907104492 92.5629959106445 92.9714660644531 93.4712677001953 93.6844024658203 94.0036849975586 94.4953155517578
80.7616806030273 -3.4e+38 82.210334777832 82.8908615112305 83.4708480834961 84.0026397705078 84.45556640625 84.8444442749023 85.3147201538086 85.8510360717773 86.397346496582 87.1725158691406 87.5623016357422 87.846435546875 88.2563247680664 88.6062850952148 89.0746078491211 89.365837097168 89.5259704589844 89.7544479370117 89.9127655029297 90.2819519042969 90.573974609375 90.4656143188477 90.3715057373047 90.0845794677734 89.9775543212891 90.240852355957 90.3775177001953 90.5701446533203 90.7247467041016 90.9271850585938 90.9209442138672 90.9396133422852 91.1383285522461 91.52490234375 91.715576171875 91.6533126831055 91.6731033325195 91.6035537719727 91.6912078857422 -3.4e+38 92.0700454711914 92.3400726318359 92.5911407470703 93.1451416015625 93.3418579101562 93.6184234619141 94.0977020263672
80.378662109375 81.1950836181641 81.8687210083008 82.4185638427734 83.0248870849609 83.6150436401367 84.0613021850586 84.4312515258789 84.8711624145508 85.3498229980469 85.8972549438477 86.6142883300781 87.1078643798828 87.6425170898438 88.0390853881836 88.2444839477539 88.658203125 88.9077835083008 89.0223083496094 89.3000869750977 89.4858703613281 -3.4e+38 90.1292953491211 90.1755218505859 90.0388336181641 89.86328125 89.7489471435547 90.0063400268555 90.1408081054688 90.2760009765625 90.4702682495117 90.4910507202148 90.4706344604492 90.5979614257812 90.9409713745117 91.1974029541016 91.4426956176758 91.3744812011719 91.2932891845703 91.286750793457 91.4375915527344 91.5558013916016 -3.4e+38 -3.4e+38 92.3098068237305 92.7409210205078 93.061637878418 93.4159698486328 93.7089080810547
80.1102066040039 80.8379592895508 81.5043869018555 82.0731048583984 82.6561965942383 83.2092056274414 83.6862487792969 84.1446151733398 84.547004699707 84.9514923095703 85.3988342285156 86.3691940307617 86.9204864501953 87.4135208129883 87.7247314453125 87.8090057373047 88.111930847168 88.4196929931641 88.6490859985352 88.9158554077148 89.0349960327148 89.3393096923828 89.754753112793 89.9397048950195 89.7082138061523 89.6338424682617 89.6509323120117 89.6971435546875 89.7946853637695 89.9452438354492 90.197509765625 90.0851593017578 90.0417098999023 90.357780456543 90.7511596679688 90.832649230957 91.0194244384766 91.0419387817383 91.1892318725586 91.1025009155273 91.2551116943359 91.3729629516602 91.4901809692383 -3.4e+38 91.9966888427734 92.5381011962891 92.8032302856445 93.1346130371094 93.4150161743164
79.7108459472656 80.3998336791992 81.0781021118164 81.7881698608398 82.4513931274414 82.9723434448242 83.4891510009766 83.9251403808594 84.2457733154297 84.6198196411133 84.9901428222656 86.0480651855469 86.5952758789062 86.9910736083984 87.1551971435547 87.4242630004883 87.7059707641602 88.0659713745117 88.3752288818359 88.5049209594727 88.5607833862305 88.7743682861328 89.4775238037109 89.7133102416992 89.4746627807617 89.4353485107422 89.501335144043 89.3972473144531 89.4159393310547 89.5351715087891 89.7047958374023 89.7901153564453 89.7790298461914 90.0117874145508 90.4212799072266 90.596061706543 90.6421203613281 90.6952667236328 91.1114883422852 91.0557098388672 91.0852127075195 91.1855316162109 91.304801940918 91.4412994384766 91.7273941040039 92.3069839477539 92.5883941650391 92.7510757446289 93.0214920043945
79.1359558105469 79.6646499633789 80.2726135253906 81.0120697021484 81.6869964599609 82.3245544433594 82.8224258422852 83.2761764526367 83.7285461425781 83.9771957397461 84.2647018432617 85.3195953369141 85.7148818969727 85.9794769287109 86.2616119384766 86.5651931762695 86.9939956665039 87.4263687133789 87.6275863647461 87.7667922973633 87.8098907470703 87.9755706787109 88.6330795288086 88.9277648925781 88.9833221435547 88.8984909057617 88.7008895874023 88.6612091064453 88.7243041992188 88.7912521362305 88.9892654418945 88.9731140136719 89.0739822387695 89.2831649780273 89.5062866210938 89.7899322509766 89.9314575195312 90.1695175170898 90.398551940918 90.5053863525391 90.5589218139648 90.8041381835938 90.9622039794922 91.0770416259766 91.1187973022461 91.6036605834961 91.8847427368164 92.0475997924805 92.4251861572266
