rcp8.5models/MPI_ESM_LR/sc1gr3.33
NCOLS 261 
NROWS 433 
XLLCORNER 336357.134 
YLLCORNER 654653.479 
CELLSIZE 1000 
NODATA_value -9999 
[rows 0 to 22 of 433, columns 50 to 99 of 261]
-9999 -9999 -9999 -9999 -9999 -9999 -9999 -9999 -9999 -9999 -9999 -9999 -9999 -9999 -9999 -9999 -9999 -9999 -9999 -9999 -9999 -9999 -9999 -9999 -9999 -9999 -9999 -9999 -9999 -9999 -9999 -9999 -9999 -9999 -9999 -9999 -9999 -9999 -9999 -9999 -9999 -9999 -9999 -9999 -9999 -9999 -9999 -9999 -9999 -9999
-9999 -9999 -9999 -9999 -9999 -9999 -9999 -9999 -9999 -9999 -9999 -9999 -9999 -9999 -9999 -9999 -9999 -9999 -9999 -9999 282.446105957031 282.4501953125 282.072387695312 282.218048095703 282.299255371094 282.304321289062 282.021881103516 282.142547607422 282.30517578125 282.193054199219 282.166076660156 -9999 -9999 -9999 -9999 -9999 -9999 -9999 -9999 -9999 -9999 -9999 -9999 -9999 -9999 -9999 -9999 -9999 -9999 -9999
-9999 -9999 -9999 -9999 -9999 -9999 -9999 -9999 -9999 -9999 -9999 -9999 -9999 -9999 -9999 -9999 -9999 -9999 -9999 282.444122314453 282.448699951172 282.359954833984 282.23486328125 282.088470458984 282.059387207031 282.255889892578 281.917358398438 282.083312988281 282.23046875 281.785522460938 282.083526611328 282.037841796875 -9999 -9999 -9999 -9999 -9999 -9999 -9999 -9999 -9999 -9999 -9999 -9999 -9999 -9999 -9999 -9999 -9999 -9999
-9999 -9999 283.662628173828 283.230499267578 283.007781982422 283.014831542969 282.974853515625 282.921661376953 282.874725341797 282.650512695312 -9999 -9999 282.568054199219 282.574310302734 282.580505371094 282.586578369141 282.592590332031 282.788665771484 282.639251708984 282.571472167969 282.10791015625 282.121826171875 282.174896240234 282.206115722656 282.217803955078 282.198089599609 282.087982177734 282.041259765625 282.174499511719 281.918395996094 282.021636962891 282.020782470703 -9999 -9999 -9999 -9999 -9999 -9999 -9999 -9999 -9999 -9999 -9999 -9999 -9999 -9999 -9999 -9999 -9999 -9999
283.090362548828 282.833801269531 282.798248291016 282.787994384766 282.748626708984 282.756652832031 283.020599365234 282.924865722656 282.700836181641 282.575561523438 282.613128662109 282.588226318359 282.571746826172 282.578002929688 282.584167480469 282.590270996094 282.596221923828 282.670867919922 282.634826660156 282.619293212891 282.459197998047 282.384063720703 282.001647949219 282.121887207031 282.191162109375 282.160736083984 282.156188964844 282.123992919922 282.267761230469 281.963043212891 281.894195556641 281.997253417969 282.023071289062 -9999 -9999 -9999 -9999 -9999 -9999 -9999 -9999 -9999 -9999 -9999 -9999 -9999 -9999 -9999 -9999 -9999
283.094604492188 282.835998535156 282.755249023438 282.720367431641 282.682830810547 282.689910888672 282.77734375 282.759429931641 282.702606201172 282.685668945312 282.691741943359 282.697723388672 282.612670898438 282.491516113281 282.554534912109 282.595092773438 282.601104736328 282.612854003906 -9999 282.624206542969 -9999 282.601348876953 281.983825683594 281.882507324219 281.908050537109 282.009948730469 282.040435791016 282.142456054688 282.019195556641 281.872497558594 281.851409912109 281.994415283203 282.026885986328 -9999 -9999 -9999 -9999 -9999 -9999 -9999 -9999 -9999 -9999 -9999 -9999 -9999 -9999 -9999 -9999 -9999
283.092315673828 282.885162353516 282.695861816406 282.692138671875 282.687561035156 282.694641113281 282.619476318359 282.675415039062 282.811828613281 282.766906738281 282.735229492188 282.741668701172 282.537017822266 282.340454101562 282.514678955078 282.599945068359 282.420562744141 282.711151123047 -9999 -9999 -9999 -9999 282.472534179688 -9999 281.950408935547 281.864105224609 282.071990966797 282.065124511719 281.984008789062 281.873046875 281.8564453125 281.901184082031 282.012939453125 282.037445068359 -9999 -9999 -9999 -9999 -9999 -9999 -9999 -9999 -9999 -9999 -9999 -9999 -9999 -9999 -9999 -9999
282.750396728516 282.71728515625 282.677886962891 282.685150146484 282.604095458984 282.568725585938 282.558135986328 282.758880615234 282.701934814453 282.797424316406 282.867858886719 282.782684326172 282.512451171875 282.580413818359 282.610687255859 282.419586181641 282.484832763672 282.595428466797 -9999 -9999 -9999 -9999 -9999 -9999 281.996124267578 281.857269287109 281.911865234375 281.898132324219 -9999 281.886138916016 281.861480712891 281.865936279297 282.010498046875 281.842193603516 -9999 -9999 -9999 -9999 -9999 -9999 -9999 -9999 -9999 -9999 -9999 -9999 -9999 -9999 -9999 -9999
282.667877197266 282.587860107422 282.638397216797 282.601715087891 282.541961669922 282.626434326172 282.551422119141 282.610595703125 282.678009033203 282.754302978516 282.692687988281 282.543701171875 282.538238525391 282.431488037109 282.455108642578 282.423248291016 282.376312255859 -9999 282.767272949219 282.478393554688 282.398773193359 282.145660400391 282.008087158203 281.994079589844 -9999 281.87109375 281.842803955078 281.847717285156 -9999 -9999 281.886383056641 281.871002197266 281.916564941406 281.845306396484 281.877868652344 -9999 -9999 -9999 -9999 -9999 -9999 -9999 -9999 -9999 -9999 -9999 -9999 -9999 -9999 -9999
282.406646728516 282.3046875 282.279968261719 282.276550292969 282.539886474609 282.608276367188 282.685760498047 282.692138671875 282.634582519531 282.615051269531 282.594146728516 282.285766601562 282.389099121094 282.231903076172 282.272247314453 282.13623046875 282.141418457031 -9999 282.557586669922 282.368927001953 -9999 -9999 281.993743896484 281.999053955078 -9999 -9999 281.847778320312 281.852722167969 -9999 281.914794921875 281.879516601562 281.876037597656 281.880401611328 281.884704589844 281.888885498047 282.037933349609 -9999 -9999 -9999 -9999 -9999 -9999 -9999 -9999 -9999 -9999 -9999 -9999 -9999 -9999
282.193572998047 282.455017089844 282.325897216797 282.430694580078 282.430725097656 282.410339355469 282.129364013672 282.095001220703 282.133941650391 282.108184814453 282.149383544922 282.120971679688 282.105743408203 282.112060546875 282.118286132812 282.061737060547 282.173217773438 -9999 282.148132324219 282.024658203125 281.992767333984 -9999 282.003692626953 282.009033203125 282.014251708984 281.982238769531 281.880340576172 281.862762451172 282.129547119141 282.162414550781 -9999 -9999 281.890502929688 281.894805908203 281.898986816406 281.946533203125 282.058868408203 -9999 -9999 -9999 -9999 -9999 -9999 -9999 -9999 -9999 -9999 -9999 -9999 -9999
282.540863037109 282.571716308594 282.499114990234 282.251373291016 282.1328125 282.129669189453 282.070770263672 282.07763671875 282.084411621094 282.091125488281 282.097717285156 282.104217529297 282.110656738281 282.116973876953 282.123229980469 281.910217285156 281.970153808594 282.023468017578 282.125 282.124816894531 -9999 -9999 -9999 282.014007568359 -9999 282.0244140625 281.991577148438 281.889282226562 282.182556152344 281.818664550781 282.004791259766 -9999 281.895568847656 281.899871826172 282.004852294922 281.923522949219 282.057800292969 -9999 -9999 -9999 -9999 -9999 -9999 -9999 -9999 -9999 -9999 -9999 -9999 -9999
282.769348144531 282.629791259766 282.092529296875 281.818634033203 281.793273925781 281.801361083984 282.075653076172 282.082550048828 282.089324951172 282.096038818359 282.102630615234 282.109130859375 282.115570068359 282.0283203125 282.002655029297 281.852294921875 281.838989257812 281.957092285156 282.024993896484 -9999 -9999 -9999 282.013671875 282.019012451172 -9999 -9999 281.936340332031 -9999 282.187957763672 281.959655761719 281.935943603516 -9999 -9999 -9999 281.952331542969 281.818450927734 281.845581054688 281.856475830078 -9999 -9999 -9999 -9999 -9999 -9999 -9999 -9999 -9999 -9999 -9999 -9999
282.673889160156 282.112365722656 281.587554931641 281.546966552734 281.776580810547 281.863250732422 281.951477050781 282.050720214844 282.09423828125 282.100952148438 282.107543945312 282.114074707031 281.933410644531 281.844696044922 281.935211181641 -9999 281.841705322266 281.857086181641 -9999 -9999 281.911254882812 -9999 -9999 -9999 282.029266357422 282.034423828125 281.902893066406 281.877777099609 282.094085693359 281.568511962891 281.831512451172 -9999 -9999 -9999 -9999 281.569946289062 281.727325439453 281.759582519531 281.615325927734 -9999 -9999 -9999 -9999 -9999 -9999 -9999 -9999 -9999 -9999 -9999
282.557067871094 282.424133300781 282.235137939453 281.65771484375 281.484283447266 281.697265625 281.881683349609 281.953063964844 281.971099853516 282.071105957031 281.926116943359 281.865661621094 281.812866210938 281.798461914062 -9999 -9999 -9999 281.952453613281 -9999 281.980682373047 281.977630615234 281.973480224609 282.014678955078 282.029022216797 282.034271240234 282.039428710938 281.907501220703 281.981689453125 281.564849853516 281.486602783203 281.836456298828 281.906280517578 -9999 -9999 -9999 -9999 281.660461425781 281.751373291016 281.722625732422 281.618896484375 -9999 -9999 -9999 -9999 -9999 -9999 -9999 -9999 -9999 -9999
282.538513183594 282.547241210938 282.530334472656 281.922821044922 281.572113037109 281.591430664062 281.784057617188 281.894683837891 281.937438964844 281.879608154297 281.898498535156 281.823455810547 281.797088623047 -9999 -9999 282.067626953125 -9999 -9999 281.972229003906 282.002716064453 282.017700195312 281.536987304688 281.909332275391 281.936157226562 281.820495605469 281.607025146484 281.827911376953 281.530639648438 281.389831542969 281.443084716797 281.939666748047 282.028900146484 282.032928466797 281.935668945312 -9999 -9999 -9999 281.776916503906 281.568023681641 281.604156494141 -9999 -9999 -9999 -9999 -9999 -9999 -9999 -9999 -9999 -9999
-9999 -9999 -9999 -9999 281.609832763672 281.543334960938 281.484588623047 281.504333496094 281.558715820312 281.538055419922 281.658203125 281.773468017578 -9999 -9999 281.656127929688 281.836059570312 281.974731445312 282.005493164062 282.011322021484 282.017059326172 281.536773681641 281.239654541016 281.774108886719 281.979095458984 281.468536376953 281.279266357422 281.780456542969 281.536834716797 281.402526855469 281.4072265625 281.578338623047 281.7138671875 281.533813476562 281.870208740234 281.929321289062 -9999 -9999 -9999 281.480377197266 281.598937988281 -9999 -9999 -9999 -9999 -9999 -9999 -9999 -9999 -9999 -9999
-9999 -9999 -9999 -9999 281.791442871094 281.336700439453 281.391571044922 281.336944580078 281.319549560547 281.514221191406 281.80517578125 -9999 -9999 -9999 281.595520019531 281.556976318359 -9999 281.624450683594 281.524658203125 281.532043457031 281.361480712891 281.810180664062 281.491577148438 281.431182861328 281.257843017578 281.221130371094 281.382049560547 281.341674804688 281.370697021484 281.412261962891 281.517578125 281.581146240234 281.506591796875 281.670867919922 281.70166015625 281.617218017578 -9999 -9999 -9999 281.523468017578 281.513885498047 -9999 -9999 -9999 -9999 -9999 -9999 -9999 -9999 -9999
-9999 -9999 -9999 -9999 281.403076171875 281.170867919922 281.170806884766 281.067718505859 281.217681884766 281.632720947266 281.818481445312 -9999 281.852966308594 -9999 281.542938232422 281.660552978516 281.850738525391 281.386169433594 281.354675292969 281.263031005859 281.341674804688 281.553131103516 281.284912109375 281.215728759766 281.220977783203 281.127014160156 281.111633300781 281.216735839844 281.361541748047 281.316680908203 281.447052001953 281.576934814453 281.394500732422 281.572143554688 281.606048583984 281.610168457031 -9999 -9999 -9999 -9999 281.466247558594 281.567291259766 281.482574462891 -9999 -9999 -9999 -9999 -9999 -9999 -9999
-9999 -9999 -9999 -9999 -9999 281.235198974609 281.052062988281 280.960876464844 281.014862060547 281.319580078125 281.518524169922 -9999 281.354309082031 281.384948730469 -9999 281.558074951172 281.786743164062 -9999 281.436004638672 281.330047607422 281.362243652344 281.376586914062 281.246490478516 281.220733642578 281.225982666016 281.391143798828 281.129180908203 281.214385986328 281.403045654297 281.279907226562 281.807891845703 281.943206787109 281.358276367188 281.565155029297 281.611083984375 281.615203857422 281.516387939453 -9999 -9999 -9999 -9999 281.474731445312 281.478057861328 281.793365478516 -9999 -9999 -9999 -9999 -9999 -9999
-9999 -9999 -9999 -9999 -9999 -9999 281.038879394531 280.955535888672 280.962341308594 281.122619628906 281.307342529297 281.420715332031 -9999 281.161743164062 281.232421875 281.258758544922 281.525726318359 281.761596679688 281.637054443359 281.614929199219 281.619750976562 281.722900390625 -9999 -9999 281.231018066406 281.314025878906 281.117401123047 281.420074462891 281.422607421875 281.284545898438 281.78076171875 281.767150878906 281.539764404297 281.599517822266 281.411224365234 281.388671875 281.553680419922 281.427001953125 281.66748046875 -9999 -9999 -9999 281.483093261719 281.586883544922 281.497619628906 -9999 -9999 -9999 -9999 -9999
-9999 -9999 -9999 -9999 -9999 -9999 -9999 -9999 -9999 -9999 -9999 281.451416015625 281.402709960938 -9999 -9999 281.556945800781 281.434631347656 281.289703369141 281.492492675781 281.681365966797 281.719451904297 -9999 281.743988037109 -9999 -9999 -9999 281.465118408203 281.285583496094 281.230377197266 281.404602050781 281.195892333984 281.409912109375 281.3486328125 281.543914794922 281.414733886719 281.204895019531 281.231719970703 281.195007324219 281.600280761719 281.597991943359 -9999 -9999 -9999 281.510437011719 281.499450683594 281.502471923828 -9999 -9999 -9999 -9999
-9999 -9999 -9999 -9999 -9999 -9999 -9999 -9999 -9999 -9999 -9999 -9999 281.372039794922 281.246032714844 281.290679931641 -9999 -9999 281.453002929688 281.430694580078 281.564788818359 281.701721191406 281.72998046875 281.598266601562 -9999 -9999 -9999 -9999 -9999 281.370941162109 281.428924560547 281.361236572266 281.438842773438 281.514312744141 281.512390136719 281.527923583984 281.28076171875 281.254425048828 281.154205322266 281.393249511719 281.631072998047 281.433532714844 -9999 -9999 -9999 281.504425048828 281.507446289062 281.510375976562 -9999 -9999 -9999
