rcp8.5models/MPI_ESM_LR/sc1gr6.8
NCOLS 261 
NROWS 433 
XLLCORNER 336357.134 
YLLCORNER 654653.479 
CELLSIZE 1000 
NODATA_value -3.4e+38 
[rows 220 to 241 of 433, columns 196 to 244 of 261]
1290.54553222656 1289.94921875 1290.36096191406 1289.65832519531 1288.42297363281 1286.52856445312 1287.29919433594 1286.95959472656 1283.85571289062 1281.70263671875 1285.93249511719 1284.02893066406 1280.39489746094 1283.12536621094 1287.86071777344 1287.24182128906 1285.08349609375 1286.40869140625 1278.07897949219 1279.37817382812 1283.29711914062 1282.29772949219 1282.13415527344 1283.00817871094 1283.19116210938 1282.88195800781 1282.11682128906 -3.4e+38 1281.16979980469 1280.38513183594 1280.19213867188 1281.50256347656 -3.4e+38 -3.4e+38 -3.4e+38 -3.4e+38 -3.4e+38 -3.4e+38 -3.4e+38 -3.4e+38 -3.4e+38 -3.4e+38 -3.4e+38 -3.4e+38 -3.4e+38 -3.4e+38 -3.4e+38 -3.4e+38 -3.4e+38
1299.72448730469 1298.63549804688 1297.66552734375 1297.00451660156 1295.86926269531 1292.65502929688 1294.2490234375 1291.5634765625 1290.17333984375 1290.64819335938 1294.72937011719 1293.39611816406 1288.64526367188 1293.49938964844 1298.11706542969 1293.53002929688 1290.80297851562 1290.44641113281 1284.16418457031 1285.66064453125 1285.80139160156 1287.22302246094 1287.66882324219 1284.54064941406 1283.61364746094 1285.2548828125 1284.91711425781 -3.4e+38 1284.06457519531 1284.75451660156 1283.28161621094 1284.71557617188 -3.4e+38 -3.4e+38 -3.4e+38 -3.4e+38 -3.4e+38 -3.4e+38 -3.4e+38 -3.4e+38 -3.4e+38 -3.4e+38 -3.4e+38 -3.4e+38 -3.4e+38 -3.4e+38 -3.4e+38 -3.4e+38 -3.4e+38
1308.57751464844 1305.5224609375 1304.72924804688 1305.25073242188 1303.77624511719 1299.91552734375 1301.21264648438 1298.02087402344 1297.59643554688 1298.64123535156 1298.73950195312 1299.63208007812 1298.1640625 1300.29260253906 1302.70703125 1300.39135742188 1297.06970214844 1296.01843261719 1289.92858886719 1289.40478515625 1288.23107910156 1287.767578125 1288.47875976562 1288.51037597656 -3.4e+38 -3.4e+38 -3.4e+38 -3.4e+38 1287.59045410156 1288.92980957031 1286.16040039062 1287.84497070312 1288.18627929688 -3.4e+38 -3.4e+38 -3.4e+38 -3.4e+38 -3.4e+38 -3.4e+38 -3.4e+38 -3.4e+38 -3.4e+38 -3.4e+38 -3.4e+38 -3.4e+38 -3.4e+38 -3.4e+38 -3.4e+38 -3.4e+38
1311.84338378906 1310.42980957031 1311.61840820312 1312.46044921875 1309.55883789062 1309.40295410156 1310.0703125 1303.79382324219 1301.9111328125 1302.42297363281 1304.57666015625 1307.9814453125 1304.90966796875 1302.44909667969 1300.95361328125 1300.96911621094 1299.68872070312 1298.33081054688 1294.11145019531 1292.29296875 1292.05725097656 1290.55993652344 1289.79321289062 1291.21801757812 -3.4e+38 -3.4e+38 -3.4e+38 -3.4e+38 1289.77880859375 1290.77001953125 1289.7265625 1290.38134765625 1290.77600097656 1290.20141601562 1290.33972167969 -3.4e+38 -3.4e+38 -3.4e+38 -3.4e+38 -3.4e+38 -3.4e+38 -3.4e+38 -3.4e+38 -3.4e+38 -3.4e+38 -3.4e+38 -3.4e+38 -3.4e+38 -3.4e+38
1312.44519042969 1312.45275878906 1314.83337402344 1314.71850585938 1310.92651367188 1312.6826171875 1312.6259765625 1307.56652832031 1306.53088378906 1306.37670898438 1308.39086914062 1313.74584960938 1313.45153808594 1309.47265625 1304.49353027344 1301.63305664062 1300.21667480469 1298.96118164062 1298.4599609375 1298.00769042969 1298.96606445312 1296.16821289062 1293.70727539062 -3.4e+38 -3.4e+38 1292.75158691406 1292.63635253906 1291.72961425781 1291.58825683594 1292.35583496094 1294.00012207031 1292.4853515625 1292.38513183594 1293.38525390625 1292.38635253906 1291.794921875 1291.61828613281 -3.4e+38 -3.4e+38 -3.4e+38 -3.4e+38 -3.4e+38 -3.4e+38 -3.4e+38 -3.4e+38 -3.4e+38 -3.4e+38 -3.4e+38 -3.4e+38
1315.10754394531 1314.0654296875 1315.0654296875 1315.05932617188 1313.83703613281 -3.4e+38 -3.4e+38 1317.10729980469 1315.17272949219 1314.40795898438 1311.79089355469 1313.08630371094 1317.56652832031 1317.08972167969 1312.23962402344 1308.84008789062 1305.65270996094 1303.97668457031 1302.76013183594 1302.66918945312 1305.8125 1304.33117675781 1300.30969238281 1298.04650878906 1297.59216308594 1297.60925292969 1297.03796386719 1295.7333984375 1295.88781738281 1295.66137695312 1297.11071777344 1296.46691894531 1294.96154785156 1296.06701660156 1295.05688476562 1294.25610351562 1293.88537597656 1293.87097167969 -3.4e+38 -3.4e+38 -3.4e+38 -3.4e+38 -3.4e+38 -3.4e+38 -3.4e+38 -3.4e+38 -3.4e+38 -3.4e+38 -3.4e+38
1322.05310058594 1321.6240234375 1319.4345703125 1319.72680664062 1322.2314453125 1323.3857421875 1323.7705078125 1337.21899414062 1333.87048339844 1321.96215820312 1317.59594726562 1314.88134765625 1316.83093261719 1317.27770996094 1315.51159667969 1315.20971679688 1311.10412597656 1308.89172363281 1308.65209960938 1309.80383300781 1311.28051757812 1312.31860351562 1310.27844238281 1305.80395507812 1303.32897949219 1302.68896484375 1301.32666015625 1299.4580078125 1300.24035644531 1299.33874511719 1298.82189941406 1299.27160644531 1298.8916015625 1298.6806640625 1297.81970214844 1297.23425292969 1296.53662109375 1295.74877929688 -3.4e+38 -3.4e+38 -3.4e+38 -3.4e+38 -3.4e+38 -3.4e+38 -3.4e+38 -3.4e+38 -3.4e+38 -3.4e+38 -3.4e+38
1329.41491699219 1329.3896484375 1329.10705566406 1328.57067871094 1330.837890625 1335.98156738281 1339.63537597656 1346.05529785156 1338.77551269531 1324.71740722656 1321.85412597656 1320.10046386719 1320.31335449219 1317.85632324219 1317.97668457031 1317.94885253906 1315.16357421875 1313.97607421875 1315.0166015625 1315.90454101562 1314.70556640625 1313.97082519531 1315.56030273438 1315.14294433594 1308.87683105469 1307.18029785156 1306.84448242188 1304.32653808594 1303.87927246094 1303.07287597656 1301.5458984375 1300.37622070312 1300.67797851562 1301.5126953125 1300.75378417969 1299.95886230469 1299.50463867188 1298.73803710938 1297.66394042969 -3.4e+38 -3.4e+38 -3.4e+38 -3.4e+38 -3.4e+38 -3.4e+38 -3.4e+38 -3.4e+38 -3.4e+38 -3.4e+38
1337.06726074219 1338.97875976562 1342.97448730469 1346.86010742188 1344.30346679688 1343.80200195312 1352.052734375 1340.45910644531 1334.37292480469 1328.28015136719 1327.20654296875 1327.52563476562 1326.98010253906 1323.26513671875 1321.98461914062 1321.15490722656 1320.15869140625 1319.388671875 1319.67944335938 1318.70861816406 1315.89099121094 1313.9599609375 1316.04248046875 1320.298828125 1314.83142089844 1311.15368652344 1311.16174316406 1309.19641113281 1307.66442871094 1306.546875 1305.14526367188 1302.79211425781 1302.07165527344 1303.22314453125 1302.56713867188 1303.21459960938 1302.74291992188 1301.27087402344 1299.763671875 1299.55798339844 -3.4e+38 -3.4e+38 -3.4e+38 -3.4e+38 -3.4e+38 -3.4e+38 -3.4e+38 -3.4e+38 -3.4e+38
1347.14440917969 1351.14526367188 1356.24621582031 1364.36474609375 1363.95812988281 1346.68029785156 1351.8720703125 1364.77978515625 1354.51867675781 1346.06530761719 1345.18969726562 1338.75659179688 1339.0322265625 1333.20239257812 1329.71459960938 1328.7333984375 1328.17114257812 1325.93225097656 1323.72058105469 1321.08544921875 1318.81408691406 1317.18835449219 1317.95288085938 1320.58020019531 1318.19445800781 1315.44897460938 1313.87756347656 1312.70739746094 1312.04602050781 1311.18542480469 1308.56774902344 1305.67700195312 -3.4e+38 -3.4e+38 -3.4e+38 -3.4e+38 1305.0810546875 1303.19689941406 1301.8828125 1301.05834960938 1300.62890625 1299.19812011719 -3.4e+38 -3.4e+38 -3.4e+38 -3.4e+38 -3.4e+38 -3.4e+38 -3.4e+38
1357.19970703125 1360.80395507812 1360.11767578125 1361.84692382812 1363.30871582031 1353.20678710938 1356.49401855469 1383.29711914062 1382.49060058594 1366.12390136719 1375.04858398438 1361.35803222656 1347.17883300781 1343.57775878906 1339.04467773438 1336.05847167969 1334.32971191406 1332.64086914062 1329.17822265625 1326.65563964844 1325.36828613281 1323.01440429688 1321.32995605469 1321.19348144531 1320.83117675781 1319.5625 1317.8857421875 1316.35131835938 1316.37805175781 1316.9052734375 1314.55932617188 1311.14819335938 -3.4e+38 -3.4e+38 -3.4e+38 -3.4e+38 -3.4e+38 1304.11596679688 1304.16149902344 1302.67016601562 1301.42626953125 1301.73522949219 1301.59887695312 -3.4e+38 -3.4e+38 -3.4e+38 -3.4e+38 -3.4e+38 -3.4e+38
1371.41906738281 1376.48181152344 1387.45935058594 1406.20812988281 1397.55285644531 1383.91735839844 1383.58239746094 1375.75756835938 1369.96130371094 1364.03784179688 1360.20556640625 1362.87524414062 1354.93725585938 1349.5634765625 1355.95458984375 1345.7666015625 1337.49963378906 1339.50744628906 1336.49145507812 1335.86560058594 1333.6123046875 1332.61267089844 1331.74768066406 1331.25708007812 1329.56469726562 1328.77563476562 1327.44409179688 1326.08642578125 1323.92980957031 1320.95617675781 1317.09252929688 -3.4e+38 -3.4e+38 -3.4e+38 -3.4e+38 -3.4e+38 -3.4e+38 -3.4e+38 -3.4e+38 -3.4e+38 1304.31323242188 1305.919921875 1303.99267578125 1303.00158691406 -3.4e+38 -3.4e+38 -3.4e+38 -3.4e+38 -3.4e+38
1378.26440429688 1392.28869628906 1410.076171875 1420.34680175781 1414.52807617188 1392.77783203125 1391.95910644531 1381.830078125 1370.65966796875 1366.47509765625 1358.15942382812 1357.34057617188 1355.28430175781 1351.40124511719 1355.89001464844 1348.6240234375 1341.10754394531 1342.08129882812 1340.91076660156 1339.44689941406 1338.56481933594 1338.33557128906 1337.3681640625 1335.7470703125 1334.08312988281 1333.4013671875 1332.47961425781 1331.2001953125 1329.27978515625 1323.64868164062 1320.55456542969 1319.83386230469 -3.4e+38 -3.4e+38 -3.4e+38 -3.4e+38 -3.4e+38 -3.4e+38 -3.4e+38 -3.4e+38 -3.4e+38 1307.51721191406 1306.98229980469 1305.95776367188 1303.90905761719 1304.52429199219 -3.4e+38 -3.4e+38 -3.4e+38
1383.68029785156 1406.47058105469 1424.34692382812 1401.17578125 1400.74609375 1394.75769042969 1392.19873046875 1394.58093261719 1372.55786132812 1371.78454589844 1368.70764160156 -3.4e+38 1357.33215332031 1356.57690429688 1354.98217773438 1350.6689453125 1347.87182617188 1346.92919921875 1346.0712890625 1345.26293945312 1343.77587890625 1343.44702148438 1343.27673339844 1341.45678710938 1339.45068359375 1338.40966796875 1337.24255371094 1334.94323730469 1331.63549804688 1327.19946289062 1323.10339355469 -3.4e+38 -3.4e+38 -3.4e+38 -3.4e+38 -3.4e+38 1317.18041992188 -3.4e+38 -3.4e+38 -3.4e+38 -3.4e+38 1308.37512207031 -3.4e+38 1305.15991210938 1305.94567871094 -3.4e+38 -3.4e+38 -3.4e+38 -3.4e+38
1387.90710449219 1401.86169433594 1411.361328125 1397.54907226562 1394.16674804688 1394.79370117188 1393.32348632812 1394.68835449219 1380.41088867188 1375.40734863281 1384.77331542969 1387.96337890625 1360.09265136719 1359.45849609375 1356.7548828125 1355.45153808594 1354.11694335938 1353.21667480469 1351.54553222656 1351.23669433594 1349.96765136719 1349.49780273438 1348.58837890625 1346.40600585938 1343.79895019531 1341.62951660156 1338.96264648438 1336.7578125 1333.45495605469 1330.43322753906 1328.00537109375 1329.25109863281 1326.04541015625 1323.17846679688 -3.4e+38 1320.87585449219 1322.15661621094 1316.01220703125 1313.87390136719 -3.4e+38 -3.4e+38 1309.30725097656 1307.57702636719 -3.4e+38 1307.34265136719 -3.4e+38 1307.6630859375 -3.4e+38 -3.4e+38
1389.611328125 1394.32751464844 1399.61352539062 1402.46362304688 1397.89270019531 1392.98449707031 1394.05346679688 1396.70178222656 1393.47741699219 1381.68188476562 1385.77722167969 1391.52893066406 1369.11059570312 1363.51342773438 1362.84509277344 1363.67175292969 1360.57751464844 1358.28967285156 1357.18432617188 1357.12854003906 1355.7568359375 -3.4e+38 1353.40979003906 1352.31921386719 1348.47717285156 1345.04077148438 1342.51611328125 1341.14367675781 1339.44799804688 1336.11535644531 1333.37109375 1332.67565917969 1328.90991210938 1326.52807617188 1324.77734375 1323.82080078125 1323.95141601562 1319.49926757812 -3.4e+38 -3.4e+38 -3.4e+38 1311.13757324219 1309.67529296875 1308.30749511719 1307.26953125 -3.4e+38 1308.61535644531 1308.77783203125 -3.4e+38
1396.02978515625 1399.60913085938 1408.70227050781 1409.90209960938 1402.6865234375 1394.21557617188 1396.1767578125 1401.67639160156 1399.05114746094 1392.50793457031 1384.22534179688 1378.2685546875 1375.322265625 1371.66955566406 1371.28723144531 1371.52380371094 1365.6845703125 1363.67028808594 1362.79919433594 1362.23718261719 1360.85791015625 1360.134765625 1359.58752441406 1358.74853515625 -3.4e+38 1352.8095703125 1353.54711914062 1349.07543945312 1344.58740234375 1342.30920410156 1337.0478515625 1336.32507324219 1332.53259277344 1330.56799316406 1327.77416992188 1326.89440917969 1326.99243164062 1323.06091308594 -3.4e+38 1319.77209472656 -3.4e+38 -3.4e+38 1311.77075195312 -3.4e+38 -3.4e+38 -3.4e+38 1310.07275390625 1309.52978515625 -3.4e+38
1405.85266113281 1405.60888671875 1410.98498535156 1412.71337890625 1408.27856445312 1402.78295898438 1401.57360839844 1403.76525878906 1401.27551269531 1397.13598632812 1392.49377441406 -3.4e+38 1381.318359375 1379.2978515625 1380.18823242188 1376.74096679688 1370.9462890625 1369.45739746094 1367.87683105469 1367.84338378906 1368.09619140625 1368.2041015625 1364.67541503906 -3.4e+38 1359.69396972656 1361.16845703125 1364.99645996094 1356.97668457031 1348.83801269531 1345.66149902344 1341.31713867188 1339.87658691406 1336.34497070312 1334.61108398438 1332.37316894531 1331.70690917969 1331.89282226562 1327.71154785156 1325.83276367188 1324.53112792969 1321.498046875 -3.4e+38 -3.4e+38 -3.4e+38 -3.4e+38 -3.4e+38 -3.4e+38 1313.40014648438 1314.08837890625
1414.91662597656 1410.90502929688 1409.71594238281 1408.53405761719 1406.44458007812 1405.92053222656 1406.48510742188 1408.83374023438 1409.4970703125 1396.42163085938 1395.56005859375 1390.8623046875 1387.81787109375 1384.85876464844 1383.40368652344 1380.09545898438 1376.53405761719 1375.11364746094 1373.95349121094 1372.96228027344 1373.94030761719 1375.35278320312 1371.51330566406 1368.7666015625 1368.71630859375 1369.541015625 1368.13159179688 1361.64892578125 1353.6533203125 1350.20166015625 1346.91821289062 1342.42224121094 1340.35729980469 1338.54724121094 1338.6591796875 1337.31848144531 1335.69580078125 1333.02087402344 1329.90490722656 1327.71459960938 1324.279296875 -3.4e+38 -3.4e+38 -3.4e+38 -3.4e+38 -3.4e+38 -3.4e+38 1317.06506347656 1317.11779785156
1422.60400390625 1419.134765625 1416.81616210938 1411.90393066406 1408.25622558594 1405.6025390625 1409.15893554688 1412.81774902344 1414.73876953125 1402.48754882812 1396.29028320312 1395.84729003906 1391.98754882812 1389.38256835938 1387.14233398438 1384.89208984375 1382.47912597656 1381.33984375 1379.52868652344 1378.48364257812 1379.92797851562 1383.84814453125 1383.17346191406 1379.00671386719 1378.32629394531 1380.318359375 1372.89990234375 1364.31420898438 1359.81506347656 1358.30932617188 1353.89562988281 1346.98706054688 1344.435546875 1343.9404296875 1346.24450683594 1343.78466796875 1339.87316894531 1337.3994140625 1334.10437011719 1330.98229980469 1327.90173339844 -3.4e+38 1319.84692382812 1317.60705566406 -3.4e+38 -3.4e+38 -3.4e+38 -3.4e+38 1320.20849609375
1428.58337402344 1427.53308105469 1423.26647949219 1418.12573242188 1415.65637207031 1412.7197265625 1411.818359375 1411.28894042969 1411.85302734375 1407.49377441406 1400.6904296875 1400.43176269531 1398.88916015625 1394.8330078125 1395.01708984375 1396.89782714844 1392.04504394531 1388.24841308594 1385.01733398438 1384.42138671875 -3.4e+38 1391.32446289062 1391.97814941406 1387.10778808594 1381.67175292969 1382.91186523438 1376.59790039062 1367.53393554688 1365.26965332031 1364.45959472656 1357.47961425781 1352.70349121094 1349.76013183594 1349.48608398438 1352.88317871094 1351.01306152344 1346.29138183594 1342.55847167969 1338.43530273438 1335.15991210938 1331.72570800781 1326.36926269531 1324.36401367188 1323.17358398438 -3.4e+38 -3.4e+38 -3.4e+38 -3.4e+38 1322.58032226562
1437.39514160156 1435.5087890625 1428.21716308594 1422.66198730469 1419.79406738281 1419.24792480469 1415.13415527344 1415.66528320312 1414.45458984375 1411.26721191406 1410.77624511719 1408.25158691406 1405.25317382812 1404.42163085938 1406.87329101562 1406.388671875 1397.89013671875 -3.4e+38 1391.0419921875 1390.55029296875 -3.4e+38 1392.34606933594 1393.9921875 1392.92138671875 1385.72387695312 1381.70385742188 1379.75366210938 1376.30688476562 1373.15063476562 1368.74401855469 1360.14880371094 1357.64465332031 1355.11047363281 1354.66845703125 1358.61950683594 1357.18811035156 1350.49926757812 1346.82275390625 1343.87915039062 1340.29809570312 1336.61560058594 1329.48950195312 1327.80151367188 -3.4e+38 -3.4e+38 -3.4e+38 -3.4e+38 1322.71276855469 1324.50170898438
