rcp8.5models/MPI_ESM_LR/sc1gr7.39
NCOLS 261 
NROWS 433 
XLLCORNER 336357.134 
YLLCORNER 654653.479 
CELLSIZE 1000 
NODATA_value -3.4e+38 
[rows 264 to 285 of 433, columns 49 to 97 of 261]
52.7627372741699 52.7074165344238 52.6606712341309 52.6900939941406 52.6973419189453 52.7700614929199 52.7561988830566 52.6733741760254 52.747501373291 52.7203407287598 52.726936340332 52.7987442016602 52.8491592407227 52.8036041259766 52.8225288391113 52.8526153564453 52.8390846252441 52.8804168701172 52.734058380127 52.7544860839844 52.9814224243164 52.9835243225098 52.8979873657227 52.8961372375488 52.8695793151855 52.5841827392578 52.4189796447754 52.7958183288574 52.8237838745117 52.4936065673828 52.1171646118164 51.7581787109375 51.5799369812012 51.4897994995117 51.4517059326172 51.2430000305176 50.9333457946777 50.6903991699219 50.7349510192871 50.6538925170898 50.4820213317871 50.0715827941895 49.9367980957031 49.7032356262207 49.6977157592773 49.8169250488281 49.5746650695801 49.526969909668 49.632568359375
52.7233276367188 52.6488037109375 52.619255065918 52.5910568237305 52.5452842712402 52.634147644043 52.6997718811035 52.5961570739746 52.6178741455078 52.7051315307617 52.7167167663574 52.7382164001465 52.7165756225586 52.7224922180176 52.7890205383301 52.8179779052734 52.8147773742676 52.8382186889648 52.5915222167969 52.6656265258789 52.8355865478516 52.9410820007324 52.9111251831055 52.8545112609863 52.802848815918 52.5770225524902 52.3783645629883 52.6549415588379 52.8739356994629 52.4247932434082 52.2730293273926 51.9664726257324 51.6094131469727 51.374698638916 51.2580375671387 51.0828666687012 50.7417984008789 50.5594482421875 50.6076278686523 50.5394897460938 50.3521118164062 50.0811500549316 49.8715400695801 49.6949768066406 49.5980529785156 49.563720703125 49.4899063110352 49.4907112121582 49.5147399902344
52.5023231506348 52.4733467102051 52.4815635681152 52.4365882873535 52.4316062927246 52.4886322021484 52.5472793579102 52.4557800292969 52.4238395690918 52.4465827941895 52.5251731872559 52.6394653320312 52.6630020141602 52.707389831543 52.7151565551758 52.7088050842285 52.8025245666504 52.7698516845703 52.6349868774414 52.703929901123 52.8533172607422 52.8469314575195 52.9986000061035 53.0183334350586 52.704776763916 52.566089630127 52.8426933288574 52.8842926025391 52.9414291381836 52.4471893310547 52.1079139709473 51.6987457275391 51.3814735412598 51.0438575744629 50.7704925537109 50.6478271484375 50.6646881103516 50.4983863830566 50.4906692504883 50.3834800720215 50.1609039306641 50.0523223876953 49.9246520996094 49.6792182922363 49.3581314086914 49.1438369750977 49.3701477050781 49.6525535583496 49.397762298584
52.4267807006836 52.3699493408203 52.359977722168 52.3281898498535 52.3583030700684 52.4416809082031 52.4749145507812 52.3778800964355 52.3970680236816 52.3846130371094 52.3631248474121 52.4775314331055 52.4522552490234 52.4872360229492 52.5922241210938 52.6668472290039 52.7212257385254 52.6941757202148 52.6496963500977 52.7550163269043 52.7384071350098 52.6933860778809 52.8698616027832 52.929271697998 52.5197219848633 52.4496459960938 53.0572891235352 52.9433364868164 52.8799705505371 52.5081405639648 51.9375114440918 51.2950134277344 51.1653823852539 51.0326766967773 50.8224182128906 50.7139434814453 50.6710815429688 50.4274978637695 50.3544616699219 50.3032188415527 50.1165542602539 50.057804107666 49.9873924255371 49.8185272216797 49.5997467041016 49.5019187927246 49.5472259521484 49.6557693481445 49.4932708740234
52.3859786987305 52.3807830810547 52.341251373291 52.2634696960449 52.2754020690918 52.373363494873 52.411205291748 52.2497749328613 52.384407043457 52.3772735595703 52.349178314209 52.3695068359375 52.3193244934082 52.2926826477051 52.3837242126465 52.567554473877 52.6404342651367 52.6654014587402 52.6915512084961 52.6715545654297 52.6100730895996 52.6420478820801 52.7366752624512 52.8435592651367 52.5155029296875 52.3980369567871 53.0437164306641 52.9775848388672 52.8127174377441 52.3127021789551 51.7230529785156 50.7185516357422 50.7256469726562 51.2366027832031 50.9879493713379 50.977783203125 50.7643623352051 50.5222930908203 50.354175567627 50.2067718505859 50.0698471069336 49.9428253173828 50.015697479248 49.9792137145996 49.8270606994629 49.6515846252441 49.648136138916 49.7086029052734 49.3078804016113
52.4202537536621 52.4223594665527 52.3028526306152 52.2628860473633 52.3155937194824 52.388557434082 52.3740768432617 52.2245292663574 52.3358154296875 52.2671699523926 52.3164443969727 52.3497123718262 52.3134803771973 52.290699005127 52.3059501647949 52.3810691833496 52.5112266540527 52.5877647399902 52.5531578063965 52.5329666137695 52.5989685058594 52.6294631958008 52.7065696716309 52.8196754455566 52.5670318603516 52.4410591125488 52.8947563171387 52.7608451843262 52.5497283935547 52.1079788208008 51.6610298156738 50.7512435913086 50.8390159606934 51.3319091796875 51.1209106445312 51.0038948059082 50.8400115966797 50.6825294494629 50.376880645752 50.1539840698242 50.0818634033203 49.754467010498 49.7483711242676 49.8363075256348 49.646842956543 49.535888671875 49.5863494873047 49.8205070495605 49.5690422058105
52.3421783447266 52.3418579101562 52.3220748901367 52.2844390869141 52.3014488220215 52.3346099853516 52.2906723022461 52.2530174255371 52.3311920166016 52.3408088684082 52.3235816955566 52.3675842285156 52.2886734008789 52.2300491333008 52.2247314453125 52.1704254150391 52.2735137939453 52.4757804870605 52.3655395507812 52.4092102050781 52.4821701049805 52.5557823181152 52.662052154541 52.7619171142578 52.6321029663086 52.538013458252 52.6865653991699 52.5354499816895 52.3282623291016 52.1144638061523 51.8644256591797 51.3466835021973 51.120418548584 51.2414169311523 51.1675758361816 50.9982833862305 50.8141555786133 50.6220054626465 50.3758659362793 50.234001159668 50.2194175720215 49.5726737976074 49.3499984741211 49.4868927001953 49.4073181152344 49.4921951293945 49.6284332275391 49.8351631164551 49.8879661560059
52.3397941589355 52.3194885253906 52.3205184936523 52.2755813598633 52.2931785583496 52.3199462890625 52.2480125427246 52.2496757507324 52.2826919555664 52.2686424255371 52.2899856567383 52.3073043823242 52.2334098815918 52.179500579834 52.1424789428711 52.0088729858398 51.9232139587402 52.1202125549316 52.2839813232422 52.2349319458008 52.3206443786621 52.482723236084 52.5875244140625 52.6110305786133 52.5283012390137 52.5053901672363 52.5142974853516 52.3824806213379 52.1825141906738 52.0315551757812 51.9275932312012 51.3207511901855 50.4750480651855 50.6550102233887 50.7647247314453 50.777946472168 50.7479972839355 50.600471496582 50.510066986084 50.5233345031738 50.5376892089844 49.5925483703613 49.2956390380859 49.403190612793 49.6147193908691 49.9168319702148 50.0150604248047 50.0695953369141 50.0732803344727
52.3397483825684 52.3230361938477 52.2975463867188 52.2836074829102 52.3168754577637 52.2913513183594 52.2527465820312 52.2501029968262 52.261173248291 52.2348670959473 52.2325973510742 52.1979331970215 52.1681060791016 52.1853179931641 52.1959991455078 52.020866394043 51.739990234375 51.7386131286621 52.1842918395996 52.1821441650391 52.2309875488281 52.3202438354492 52.4218521118164 52.4805221557617 52.3755378723145 52.3447380065918 52.3224868774414 52.1642684936523 51.9872512817383 51.7719650268555 51.8139343261719 51.018482208252 49.6115951538086 49.5380821228027 49.6579322814941 49.8845367431641 50.7238998413086 50.6492919921875 50.7246055603027 50.7694129943848 50.7205467224121 49.6423950195312 49.4085235595703 49.5665016174316 50.0922775268555 50.4367408752441 50.3445281982422 50.2346115112305 50.2325782775879
52.4021873474121 52.3464088439941 52.3164825439453 52.3234481811523 52.3122901916504 52.2774429321289 52.2339706420898 52.1990852355957 52.164680480957 52.1714897155762 52.1801452636719 52.2201194763184 52.2148742675781 52.2138175964355 52.1380805969238 52.0183563232422 51.6949501037598 51.3967475891113 52.0221366882324 52.1949844360352 52.1841812133789 52.1976203918457 52.2469940185547 52.3350677490234 52.2655792236328 52.2204780578613 52.0727348327637 51.7056770324707 51.411937713623 51.526496887207 51.5196075439453 50.9833869934082 49.4535255432129 48.960506439209 49.2418060302734 49.3963966369629 50.4915199279785 50.7344398498535 50.904411315918 50.8956604003906 50.7599182128906 50.2107200622559 49.9810066223145 50.1469345092773 50.3071250915527 50.3664970397949 50.6195945739746 50.4671478271484 50.3915748596191
52.3582077026367 52.2963714599609 52.2681045532227 52.2196731567383 52.1872406005859 52.2087326049805 52.1549491882324 52.1093597412109 52.0745849609375 52.0990524291992 52.1298904418945 52.151798248291 52.1639747619629 52.1103324890137 52.0806884765625 51.9596633911133 51.803897857666 51.7728157043457 52.0372314453125 52.159252166748 52.050537109375 52.0675010681152 52.0865097045898 52.1205863952637 52.1376419067383 52.073127746582 51.8312377929688 51.3632164001465 50.9491577148438 51.3257789611816 51.0373573303223 50.9358024597168 50.1116943359375 49.1254081726074 49.4273338317871 49.7299728393555 50.3957214355469 50.696418762207 50.9678726196289 50.9546318054199 50.8673820495605 50.4576072692871 50.2866821289062 50.4841346740723 50.4473419189453 50.504222869873 50.8406257629395 50.8244667053223 50.7993125915527
52.3713035583496 52.2501106262207 52.1458969116211 52.0714950561523 52.0402374267578 52.0354309082031 51.9955863952637 52.0582618713379 52.002326965332 52.0246429443359 52.0696296691895 52.0161361694336 52.0176124572754 52.0373687744141 52.0889282226562 52.0465354919434 51.8859329223633 51.7958335876465 52.0692939758301 52.0178985595703 51.909122467041 51.9888916015625 52.0341682434082 51.9911499023438 51.9910507202148 51.944522857666 51.7782325744629 51.5347557067871 51.302001953125 51.3964881896973 50.8066215515137 50.585090637207 50.7329864501953 49.9094085693359 49.4847106933594 49.5867309570312 50.2403450012207 50.6619834899902 50.9953308105469 50.9575538635254 50.8408813476562 50.0817680358887 50.1980209350586 50.3758010864258 50.5096893310547 50.9103546142578 50.9499320983887 51.0790481567383 51.3022842407227
52.290828704834 52.2072372436523 52.145393371582 52.0944213867188 52.0461883544922 52.0360145568848 52.0278816223145 51.9964256286621 51.9560890197754 51.9773864746094 52.0059776306152 51.9796371459961 52.0288581848145 52.0450134277344 52.0664710998535 52.043815612793 51.8712120056152 51.7969207763672 52.0565567016602 51.9219131469727 51.8538398742676 51.9057159423828 51.9313354492188 51.9080581665039 51.8908081054688 51.8326034545898 51.7451133728027 51.6540679931641 51.5545120239258 51.1888160705566 50.2175331115723 50.1172676086426 50.9305877685547 50.6463356018066 49.8677368164062 49.1230125427246 49.4821128845215 50.3790664672852 51.0828475952148 51.02294921875 50.8732032775879 50.3173027038574 50.4538078308105 50.6625556945801 50.8464622497559 51.2513580322266 51.2403144836426 51.3750114440918 51.6224174499512
52.2964668273926 52.2282562255859 52.1665077209473 52.1298675537109 52.1119842529297 52.0817604064941 52.0724983215332 52.0481605529785 51.9968414306641 51.9898490905762 51.9905662536621 51.9930686950684 52.0189056396484 52.0032806396484 52.0178756713867 52.0034523010254 51.9311561584473 51.9587059020996 52.0334587097168 51.8362579345703 51.7039566040039 51.7952651977539 51.9010925292969 51.8656196594238 51.8309669494629 51.7382354736328 51.6506996154785 51.452091217041 51.3123664855957 50.9697113037109 49.9987144470215 50.0096282958984 50.8451347351074 50.9759864807129 50.7252960205078 50.1974029541016 50.1921043395996 50.6833457946777 51.1776580810547 51.1949806213379 51.0555458068848 50.631031036377 50.8215370178223 51.0418090820312 51.2727394104004 51.4990081787109 51.6020469665527 51.6549606323242 51.7287712097168
52.1477546691895 52.1669845581055 52.1612167358398 52.1075668334961 52.0909767150879 52.0599937438965 52.0521430969238 52.021800994873 51.9824905395508 51.9459953308105 51.918270111084 51.8740997314453 51.9364776611328 52.0005683898926 51.986270904541 51.9400329589844 51.9251441955566 51.9393463134766 51.844108581543 51.8707313537598 51.8277549743652 51.7469062805176 51.4947319030762 51.3015174865723 51.4819488525391 51.5310478210449 51.4924278259277 51.332103729248 50.9507446289062 50.8499946594238 50.4142265319824 50.3639297485352 51.0814819335938 51.1810913085938 51.2861938476562 51.2426948547363 51.1268653869629 51.1554565429688 51.286792755127 51.2866706848145 51.2352104187012 51.0461158752441 51.1287231445312 51.5974388122559 51.6790466308594 51.7560157775879 52.0411758422852 52.0898857116699 52.0938453674316
52.155158996582 52.1277084350586 52.1029663085938 52.0952491760254 52.1106796264648 52.0478744506836 51.9489364624023 52.0273971557617 52.0131340026855 51.9856147766113 51.970272064209 51.9252815246582 51.9749183654785 52.0135879516602 52.0084075927734 51.9485397338867 51.9034996032715 51.8864860534668 51.7737617492676 51.7920265197754 51.7377967834473 51.655460357666 51.3364715576172 51.0964431762695 51.2860717773438 51.4221343994141 51.398754119873 51.2693748474121 51.0229759216309 51.0190773010254 51.0391082763672 50.8806381225586 51.0624961853027 50.9585418701172 51.0594139099121 51.0653228759766 50.9727096557617 51.0679969787598 51.3512954711914 51.3587036132812 51.1613540649414 50.6873397827148 50.9067878723145 51.4870643615723 51.4992713928223 51.7275886535645 52.2512893676758 52.305736541748 52.2925224304199
52.2005043029785 52.1846809387207 52.1058044433594 52.0364875793457 52.0226936340332 51.9677124023438 51.9046096801758 51.9964561462402 51.9986763000488 52.002311706543 51.9873695373535 51.9681282043457 51.9823112487793 52.0067672729492 51.966064453125 51.7823028564453 51.7485046386719 51.8031883239746 51.7255821228027 51.7036323547363 51.6692543029785 51.5923538208008 51.4186553955078 51.1965408325195 51.1547660827637 51.2718772888184 51.3226547241211 51.2069091796875 51.0910835266113 51.115535736084 51.3011245727539 51.225715637207 50.9150276184082 50.5827178955078 50.4983558654785 50.4939804077148 50.6201972961426 50.8942489624023 51.3203010559082 51.3505630493164 51.2058448791504 50.7397956848145 50.9210586547852 51.3048629760742 51.5096282958984 51.8242149353027 52.3088417053223 52.4568405151367 52.4871635437012
52.2182121276855 52.1764183044434 52.087718963623 52.0226020812988 52.009334564209 51.9902534484863 51.9686889648438 51.9998016357422 51.9723091125488 51.9916343688965 52.0128288269043 51.9860038757324 51.9628486633301 51.942268371582 51.9233818054199 51.7541198730469 51.683521270752 51.7955474853516 51.6917839050293 51.6445960998535 51.6546363830566 51.5922622680664 51.4862060546875 51.3737945556641 51.3222618103027 51.1809997558594 51.1315269470215 51.2219352722168 51.1610717773438 51.2563095092773 51.2561798095703 51.0667152404785 50.711597442627 50.5384101867676 50.1713714599609 50.2084617614746 50.6742706298828 51.0086860656738 51.3084335327148 51.4834327697754 51.4512176513672 50.9341773986816 51.0542831420898 51.3925971984863 51.7007598876953 51.9377899169922 52.3375549316406 52.6664848327637 52.7147102355957
52.1867866516113 52.1293678283691 52.1314964294434 52.0749168395996 52.0111923217773 51.9971618652344 51.9876403808594 51.9695587158203 51.9482879638672 51.9821891784668 52.0491333007812 52.0378494262695 51.8602180480957 51.6326332092285 51.6489181518555 51.7762680053711 51.7667541503906 51.7601280212402 51.6516723632812 51.5956001281738 51.468620300293 51.4453277587891 51.4979362487793 51.460807800293 51.2871398925781 51.0987815856934 51.1627960205078 51.2484703063965 51.3247032165527 50.952465057373 50.6923637390137 51.0348243713379 50.9764518737793 50.9363327026367 50.4759635925293 50.431468963623 50.7827796936035 51.0336990356445 51.2403907775879 51.4807891845703 51.4888916015625 51.1151084899902 51.2811546325684 51.5585632324219 51.8225288391113 52.1258811950684 52.5361213684082 52.8405342102051 52.8510475158691
52.1447448730469 52.0640869140625 52.0983390808105 52.0595169067383 52.000560760498 52.0038871765137 51.9832649230957 51.9199523925781 51.9658279418945 52.0072288513184 52.0820426940918 52.0907325744629 51.9050521850586 51.6698036193848 51.6458282470703 51.7738456726074 51.7965507507324 51.7841758728027 51.5862503051758 51.4180030822754 51.2660522460938 51.2377624511719 51.393123626709 51.4809226989746 51.2000541687012 51.0524787902832 51.248722076416 51.3174896240234 51.3825340270996 50.7651443481445 50.3632431030273 51.1036758422852 51.3107147216797 51.2505073547363 50.9558525085449 50.736400604248 50.8209228515625 51.0017051696777 51.2972946166992 51.4382781982422 51.3759918212891 51.394660949707 51.5469970703125 51.7613830566406 52.0022621154785 52.4173278808594 52.8440437316895 52.9609146118164 53.022102355957
52.0296897888184 52.0136032104492 52.0630111694336 52.0567588806152 52.0426635742188 52.0556297302246 52.0331001281738 51.9869804382324 51.9675178527832 51.9851150512695 52.023738861084 52.0779724121094 52.0028076171875 51.8907623291016 51.8558883666992 51.8450241088867 51.8605804443359 51.8437614440918 51.6390609741211 51.3927688598633 51.3475112915039 51.4145774841309 51.4670829772949 51.4375076293945 51.3226661682129 51.2795448303223 51.3625564575195 51.428409576416 51.3527488708496 50.9355697631836 50.6244850158691 51.1744270324707 51.4726638793945 51.4291191101074 51.2699127197266 51.182373046875 51.3298835754395 51.2277603149414 51.2085494995117 51.3851661682129 51.4376411437988 51.6031951904297 51.8327369689941 52.0660514831543 52.3113594055176 52.7261047363281 53.0830421447754 53.1242370605469 53.2679443359375
51.9904632568359 51.9650993347168 52.0223999023438 52.0169067382812 52.0185813903809 52.0266304016113 52.0432167053223 52.0605278015137 51.9934959411621 51.9303970336914 51.9601440429688 52.0523719787598 52.0405921936035 51.6468276977539 51.1206817626953 51.4137687683105 51.8531646728516 51.8137168884277 51.7420234680176 51.433349609375 51.3515548706055 51.5333099365234 51.4988441467285 51.4260749816895 51.3711395263672 51.3551292419434 51.3665580749512 51.3563385009766 51.4042778015137 51.0942993164062 50.6264533996582 51.0036811828613 51.6354141235352 51.5388832092285 51.2783241271973 51.1831245422363 51.3272895812988 51.5134963989258 51.4824562072754 51.4298324584961 51.6376876831055 51.8590126037598 52.124324798584 52.3334007263184 52.6121559143066 53.049633026123 53.3662147521973 53.4094314575195 53.5832176208496
