rcp8.5models/MPI_ESM_LR/sc1gr9.35
NCOLS 261 
NROWS 433 
XLLCORNER 336357.134 
YLLCORNER 654653.479 
CELLSIZE 1000 
NODATA_value -9999 
[rows 391 to 413 of 433, columns 50 to 99 of 261]
-9999 -9999 -9999 -9999 -9999 -9999 -9999 797.665100097656 801.684814453125 805.054138183594 810.516052246094 763.670288085938 795.900817871094 753.709655761719 793.512451171875 785.35498046875 761.410949707031 767.972717285156 770.767883300781 700.198303222656 712.412963867188 692.339965820312 666.777465820312 682.012329101562 693.335083007812 690.332092285156 686.93017578125 679.338256835938 681.010192871094 678.729797363281 687.779113769531 696.290405273438 716.906860351562 724.376342773438 725.794860839844 735.201721191406 737.584045410156 707.716857910156 687.348022460938 694.679382324219 728.601318359375 743.830871582031 733.98681640625 722.334533691406 731.36572265625 740.852905273438 737.870788574219 735.240905761719 732.509765625 729.796325683594
-9999 -9999 -9999 -9999 -9999 -9999 -9999 793.947387695312 797.557922363281 801.057861328125 805.039001464844 810.983459472656 818.039245605469 772.394287109375 730.132995605469 794.105529785156 837.245422363281 846.993041992188 850.345031738281 728.800659179688 659.137817382812 660.060424804688 662.560302734375 671.700988769531 690.493103027344 694.896179199219 694.885620117188 681.67236328125 683.465454101562 681.258728027344 677.743469238281 677.192077636719 697.318603515625 718.458740234375 722.095520019531 729.347778320312 737.668579101562 711.882751464844 687.307373046875 691.136840820312 732.698425292969 737.663146972656 742.320983886719 734.699829101562 719.738830566406 714.481750488281 715.062438964844 721.811096191406 726.794921875 720.245056152344
-9999 -9999 -9999 -9999 -9999 -9999 -9999 789.446960449219 793.070434570312 796.893432617188 803.236877441406 809.446899414062 814.602478027344 819.522644042969 699.795471191406 761.417053222656 831.65478515625 803.046936035156 843.540771484375 723.927734375 729.800170898438 769.127807617188 765.60888671875 704.343627929688 679.6337890625 755.928161621094 736.174987792969 688.09814453125 678.720092773438 676.771728515625 673.208557128906 672.452209472656 682.189819335938 696.071594238281 706.283935546875 721.942016601562 729.763793945312 705.360595703125 682.187927246094 700.68603515625 731.464660644531 737.115539550781 745.302795410156 744.774353027344 727.267517089844 703.136474609375 698.8720703125 707.814575195312 719.376281738281 713.581848144531
-9999 -9999 -9999 -9999 -9999 -9999 -9999 784.690551757812 789.9580078125 794.912902832031 801.418212890625 805.648254394531 808.861633300781 742.301879882812 730.381469726562 796.645141601562 827.564208984375 807.547729492188 838.021728515625 722.64013671875 720.702270507812 811.752868652344 775.361511230469 704.052734375 689.24609375 743.152526855469 726.320434570312 690.1396484375 670.910095214844 673.896057128906 672.479736328125 673.757995605469 674.274353027344 676.815002441406 682.354064941406 704.349609375 722.924255371094 714.367980957031 690.319763183594 704.127502441406 733.642700195312 734.142272949219 738.970825195312 737.376708984375 732.216918945312 710.186584472656 696.983337402344 697.428344726562 702.182495117188 708.358764648438
-9999 -9999 -9999 -9999 -9999 -9999 -9999 776.946411132812 783.027954101562 786.8818359375 788.880798339844 790.475952148438 797.039245605469 805.392700195312 809.267700195312 810.898986816406 814.220947265625 823.819580078125 826.331970214844 763.222839355469 683.431335449219 669.535949707031 737.032836914062 697.839294433594 664.154724121094 678.773559570312 746.981872558594 719.383178710938 705.599975585938 722.904113769531 699.894226074219 661.700317382812 664.843139648438 667.098693847656 668.334655761719 665.68115234375 677.050842285156 706.844116210938 689.131652832031 668.673461914062 746.979736328125 717.358154296875 716.9091796875 716.753723144531 716.468933105469 715.586608886719 710.2578125 702.149108886719 693.8115234375 693.299926757812
-9999 -9999 -9999 -9999 -9999 -9999 -9999 -9999 778.638244628906 781.54833984375 781.83837890625 786.593627929688 792.927368164062 801.6533203125 806.121520996094 809.303161621094 810.925842285156 819.763854980469 820.500061035156 773.762878417969 752.342651367188 699.365966796875 719.591918945312 749.212158203125 691.766418457031 665.020568847656 719.028686523438 694.597290039062 753.086853027344 746.601989746094 745.841735839844 696.285400390625 659.146423339844 714.936462402344 702.420776367188 664.025695800781 656.794982910156 685.964904785156 681.514953613281 658.232360839844 698.517028808594 709.759582519531 710.942810058594 706.984375 709.60302734375 709.286499023438 707.042053222656 706.354614257812 699.307006835938 684.874145507812
-9999 -9999 -9999 -9999 -9999 -9999 -9999 -9999 773.423706054688 774.758666992188 776.262756347656 783.39794921875 786.480651855469 794.454956054688 799.523620605469 737.563415527344 772.222717285156 814.674011230469 815.94189453125 816.808654785156 817.535461425781 773.712768554688 754.685485839844 736.97119140625 680.552795410156 654.709228515625 711.571472167969 688.793029785156 742.025451660156 746.704040527344 737.708679199219 683.377746582031 652.857116699219 697.979797363281 684.63427734375 651.624572753906 648.189086914062 668.813781738281 667.729553222656 658.6103515625 690.447875976562 701.056579589844 702.00048828125 697.488525390625 699.856384277344 701.201049804688 700.6708984375 700.376831054688 696.642578125 682.86328125
-9999 -9999 -9999 -9999 -9999 -9999 -9999 -9999 -9999 770.362121582031 771.896850585938 777.601196289062 779.355102539062 786.185607910156 792.917297363281 748.585388183594 776.285339355469 807.307250976562 808.083862304688 744.736633300781 773.966430664062 811.052124023438 817.775695800781 769.419189453125 740.058227539062 685.306945800781 704.461853027344 680.04833984375 678.208862304688 701.725646972656 678.571960449219 644.892700195312 644.482543945312 643.47998046875 641.835266113281 640.960876464844 642.226318359375 699.097229003906 683.677429199219 649.700500488281 677.217651367188 690.833618164062 690.69921875 689.986633300781 689.299438476562 690.689697265625 693.09228515625 692.610717773438 690.812377929688 678.554260253906
-9999 -9999 -9999 -9999 -9999 -9999 -9999 -9999 -9999 766.031982421875 767.830383300781 771.096618652344 773.2705078125 778.146057128906 785.219665527344 789.362915039062 793.795715332031 800.480712890625 800.176635742188 752.149658203125 713.877746582031 770.669128417969 810.247741699219 747.48486328125 770.650329589844 761.773620605469 682.422973632812 641.870178222656 641.796569824219 643.950378417969 694.66845703125 728.408813476562 675.957702636719 638.242309570312 635.260375976562 637.765930175781 638.113403320312 679.297729492188 671.941711425781 640.902282714844 668.237915039062 682.538024902344 683.63671875 684.899291992188 682.569274902344 681.810302734375 684.88818359375 686.255432128906 684.387512207031 676.240356445312
-9999 -9999 -9999 -9999 -9999 -9999 -9999 -9999 -9999 -9999 763.7705078125 765.471252441406 767.288940429688 770.142944335938 777.355224609375 782.640441894531 787.271728515625 794.537536621094 794.643371582031 734.866333007812 715.538635253906 709.895812988281 766.217163085938 752.815979003906 716.559753417969 763.163818359375 748.810180664062 665.162841796875 632.549743652344 690.667236328125 767.618469238281 741.83056640625 666.043212890625 633.354919433594 632.569152832031 633.032653808594 631.027465820312 630.5458984375 634.754272460938 632.354064941406 649.807800292969 664.949096679688 674.161376953125 677.92919921875 678.125366210938 676.29638671875 676.543212890625 678.514709472656 676.814453125 673.433227539062
-9999 -9999 -9999 -9999 -9999 -9999 -9999 -9999 -9999 -9999 757.380615234375 761.181396484375 764.449890136719 765.364440917969 769.306823730469 775.553100585938 781.731323242188 787.13525390625 788.42578125 743.206481933594 763.621337890625 741.773620605469 766.139221191406 791.082153320312 750.99267578125 717.143432617188 757.462585449219 684.98583984375 712.893737792969 761.681274414062 788.474060058594 745.13525390625 723.515747070312 663.852478027344 628.263122558594 626.096252441406 622.980834960938 673.896728515625 713.807861328125 664.547119140625 626.988159179688 648.807312011719 664.780517578125 668.333801269531 671.149047851562 673.081909179688 670.087646484375 667.504028320312 666.430114746094 665.749572753906
-9999 -9999 -9999 -9999 -9999 -9999 -9999 -9999 -9999 -9999 749.172607421875 754.805725097656 759.707641601562 761.3525390625 764.148864746094 769.632873535156 775.672119140625 780.290344238281 782.513671875 784.717956542969 782.496215820312 781.081848144531 783.094970703125 781.715148925781 783.197082519531 743.617553710938 754.737731933594 684.174438476562 743.711669921875 723.151672363281 691.371337890625 694.212585449219 749.707214355469 682.2333984375 617.712463378906 668.353454589844 655.172729492188 712.689697265625 777.847473144531 689.732666015625 680.418701171875 717.934631347656 683.973754882812 705.116638183594 739.977294921875 698.102600097656 661.697021484375 656.292724609375 655.957885742188 657.916198730469
-9999 -9999 -9999 -9999 -9999 -9999 -9999 -9999 -9999 -9999 -9999 749.480834960938 754.347717285156 756.37060546875 759.788452148438 764.454956054688 768.362915039062 773.853759765625 776.563659667969 778.756286621094 776.2509765625 775.246032714844 774.367736816406 774.817626953125 775.935363769531 773.020385742188 769.726379394531 730.913330078125 740.404663085938 676.83251953125 668.264709472656 696.497131347656 738.051391601562 721.861328125 697.658081054688 747.369262695312 734.426879882812 746.975402832031 726.105285644531 702.810974121094 719.877197265625 709.388549804688 660.736267089844 724.829833984375 751.225524902344 680.040100097656 651.218078613281 690.600769042969 680.783874511719 647.742370605469
-9999 -9999 -9999 -9999 -9999 -9999 -9999 -9999 -9999 -9999 -9999 -9999 746.784240722656 750.173583984375 754.019470214844 756.935302734375 760.93017578125 765.675354003906 769.405883789062 770.918884277344 770.673950195312 769.636047363281 768.317810058594 768.060302734375 768.215087890625 763.497253417969 762.846740722656 762.177551269531 757.991088867188 720.027099609375 733.81201171875 754.931335449219 759.226745605469 713.689392089844 734.407104492188 767.224670410156 766.797912597656 773.704711914062 735.728210449219 701.531921386719 668.585571289062 686.501892089844 664.72509765625 661.928161621094 661.283203125 682.788818359375 673.793212890625 720.040466308594 699.938537597656 634.9501953125
-9999 -9999 -9999 -9999 -9999 -9999 -9999 -9999 -9999 -9999 -9999 -9999 -9999 742.29638671875 746.620239257812 748.538024902344 753.181213378906 759.009582519531 762.501770019531 764.208679199219 763.941589355469 762.812683105469 760.59326171875 758.264587402344 756.317810058594 753.052734375 752.663635253906 754.918884277344 750.009582519531 751.02490234375 754.218566894531 748.6171875 755.064270019531 718.453125 727.44287109375 753.683715820312 755.574645996094 762.456298828125 720.275085449219 692.521423339844 626.549133300781 667.751403808594 659.155090332031 667.041198730469 652.100952148438 665.401428222656 701.233459472656 740.166748046875 686.548278808594 613.217346191406
-9999 -9999 -9999 -9999 -9999 -9999 -9999 -9999 -9999 -9999 -9999 -9999 -9999 730.302551269531 732.243896484375 734.085998535156 736.032592773438 746.263427734375 749.892150878906 750.564819335938 748.073425292969 745.449279785156 742.170837402344 739.201843261719 737.720642089844 736.533447265625 734.689575195312 732.326782226562 732.864807128906 729.881774902344 727.896789550781 730.3896484375 730.962890625 728.51220703125 729.765808105469 736.725402832031 693.170043945312 710.998046875 693.542114257812 707.881103515625 707.946838378906 680.474853515625 632.282531738281 649.121154785156 636.944396972656 631.270446777344 657.128234863281 623.522216796875 643.052734375 665.97509765625
-9999 -9999 -9999 -9999 -9999 -9999 -9999 -9999 -9999 -9999 -9999 -9999 -9999 -9999 723.307800292969 726.231201171875 728.885681152344 734.119384765625 739.913208007812 741.891418457031 739.585632324219 736.205200195312 732.670104980469 729.814086914062 727.669677734375 725.964050292969 724.560119628906 725.299682617188 721.819702148438 722.115783691406 720.004272460938 719.316772460938 720.158630371094 721.785400390625 720.602661132812 725.735473632812 691.842346191406 712.687622070312 698.256103515625 701.977722167969 702.691528320312 736.688415527344 698.413818359375 670.262268066406 628.315612792969 593.297424316406 587.903198242188 626.543151855469 690.075378417969 711.621887207031
-9999 -9999 -9999 -9999 -9999 -9999 -9999 -9999 -9999 -9999 -9999 -9999 -9999 -9999 715.631225585938 718.353332519531 720.038269042969 724.102416992188 728.906494140625 731.137756347656 728.967712402344 725.370849609375 722.497741699219 720.190185546875 717.817626953125 715.025451660156 715.919738769531 717.512756347656 712.519409179688 710.225402832031 708.844970703125 708.498107910156 709.749328613281 711.952087402344 710.040649414062 712.1767578125 719.739196777344 725.9921875 730.013854980469 725.63037109375 693.680236816406 722.943054199219 688.363220214844 664.806701660156 663.179748535156 662.618530273438 619.977233886719 622.398254394531 671.633361816406 688.044006347656
-9999 -9999 -9999 -9999 -9999 -9999 -9999 -9999 -9999 -9999 -9999 -9999 -9999 -9999 707.1240234375 709.620544433594 712.153503417969 716.068481445312 718.328063964844 718.229370117188 715.492553710938 713.956848144531 711.785888671875 708.909057617188 706.081909179688 703.955871582031 705.279907226562 705.509521484375 703.700378417969 700.300903320312 697.217102050781 698.063232421875 698.289916992188 699.176879882812 698.011657714844 699.083557128906 702.932678222656 706.095703125 707.595764160156 710.096374511719 706.57275390625 708.464538574219 633.223999023438 660.729187011719 712.905395507812 714.847106933594 686.901794433594 654.746704101562 674.673278808594 684.020263671875
-9999 -9999 -9999 -9999 -9999 -9999 -9999 -9999 -9999 -9999 -9999 -9999 -9999 -9999 -9999 701.000366210938 702.984375 704.618835449219 706.186340332031 706.169494628906 703.549621582031 701.588073730469 699.674926757812 697.011108398438 695.050903320312 693.998840332031 693.436767578125 693.2001953125 691.309204101562 690.822509765625 688.319641113281 686.609924316406 685.105407714844 686.154663085938 686.174072265625 689.272033691406 693.806640625 692.693115234375 690.366149902344 689.126159667969 688.408996582031 690.642639160156 656.045166015625 629.205993652344 626.52685546875 625.997619628906 677.26953125 672.506896972656 671.833862304688 677.208251953125
-9999 -9999 -9999 -9999 -9999 -9999 -9999 -9999 -9999 -9999 -9999 -9999 -9999 -9999 -9999 -9999 -9999 692.585754394531 694.012084960938 694.478637695312 692.464233398438 689.236938476562 687.164245605469 685.07275390625 683.669372558594 683.4716796875 681.414001464844 680.231689453125 678.919921875 677.595153808594 677.503112792969 676.787414550781 676.607788085938 675.639038085938 675.055908203125 677.925537109375 682.110290527344 679.329345703125 676.496948242188 676.71728515625 673.402893066406 674.171325683594 684.8203125 654.185974121094 627.788879394531 578.363647460938 627.755859375 656.398681640625 654.025024414062 660.819946289062
-9999 -9999 -9999 -9999 -9999 -9999 -9999 -9999 -9999 -9999 -9999 -9999 -9999 -9999 -9999 -9999 -9999 681.208557128906 681.817932128906 682.28076171875 681.096252441406 678.458923339844 675.763000488281 673.675598144531 671.729431152344 670.870056152344 668.866149902344 667.847717285156 667.366455078125 665.552551269531 664.652221679688 664.19189453125 666.428466796875 668.028076171875 667.565673828125 667.874816894531 669.012145996094 667.629211425781 664.605407714844 665.858459472656 661.706298828125 660.63427734375 676.22216796875 687.907897949219 679.844604492188 633.090881347656 639.258117675781 664.160400390625 619.532043457031 585.581665039062
-9999 -9999 -9999 -9999 -9999 -9999 -9999 -9999 -9999 -9999 -9999 -9999 -9999 -9999 -9999 -9999 -9999 -9999 669.80615234375 669.529541015625 668.817749023438 666.75341796875 664.700866699219 662.533508300781 660.492553710938 658.933837890625 657.461853027344 656.488220214844 655.224914550781 654.525512695312 653.830017089844 653.388244628906 653.840942382812 656.647155761719 658.924682617188 659.174255371094 659.439453125 658.148620605469 659.857543945312 662.169372558594 659.176025390625 652.443481445312 656.034790039062 662.344970703125 655.362365722656 653.188171386719 650.588500976562 647.181457519531 613.255920410156 548.471313476562
