rcp8.5models/MPI_ESM_LR/sc1gr3.13
NCOLS 261 
NROWS 433 
XLLCORNER 336357.134 
YLLCORNER 654653.479 
CELLSIZE 1000 
NODATA_value -3.4e+38 
[rows 308 to 329 of 433, columns 196 to 244 of 261]
253.003356933594 251.367401123047 242.780517578125 239.030548095703 241.813400268555 251.758544921875 257.897491455078 256.822418212891 259.269805908203 259.781311035156 259.091094970703 259.321350097656 256.735321044922 250.419067382812 241.776794433594 241.80632019043 242.930923461914 240.920272827148 257.973693847656 259.393341064453 259.545257568359 258.209747314453 260.033081054688 260.943115234375 261.257904052734 258.667327880859 253.941680908203 254.89714050293 259.778015136719 259.3544921875 259.594879150391 259.637145996094 259.409851074219 259.779327392578 260.507629394531 260.984252929688 260.76708984375 260.184753417969 261.251251220703 262.228210449219 262.157775878906 260.020294189453 260.570159912109 261.47802734375 262.005615234375 262.6669921875 262.960815429688 263.028839111328 263.431945800781
249.103424072266 252.860092163086 248.496292114258 246.857513427734 249.465362548828 253.165954589844 250.097412109375 257.840881347656 259.243865966797 259.086975097656 259.036376953125 257.573364257812 252.915771484375 248.666305541992 242.497116088867 244.824035644531 244.889007568359 240.928329467773 254.844146728516 259.840850830078 260.162384033203 259.142822265625 260.509704589844 261.091278076172 260.07080078125 257.26220703125 256.486083984375 254.895874023438 255.573486328125 259.917358398438 260.110656738281 260.045837402344 259.885009765625 260.446319580078 261.630523681641 261.609832763672 260.518463134766 260.503845214844 261.224914550781 262.136962890625 262.707977294922 261.029754638672 261.7587890625 261.847778320312 262.073486328125 262.597717285156 263.151641845703 263.052429199219 263.311187744141
247.078491210938 252.924880981445 251.27783203125 246.616928100586 246.931213378906 250.477401733398 243.8984375 255.133071899414 257.289154052734 259.388763427734 257.984710693359 253.133941650391 247.979522705078 245.33186340332 242.387771606445 244.544158935547 247.302551269531 245.938430786133 253.342926025391 259.476928710938 260.345367431641 260.629455566406 261.117065429688 260.997955322266 259.244262695312 257.505615234375 258.487457275391 256.259033203125 251.385360717773 255.267791748047 261.035247802734 260.590972900391 260.694549560547 261.156372070312 261.645050048828 261.831512451172 260.784698486328 260.772186279297 261.594635009766 261.935211181641 263.094818115234 261.935668945312 262.329528808594 262.127166748047 262.041259765625 262.479827880859 262.628631591797 262.880187988281 262.999176025391
247.696411132812 252.746658325195 251.426315307617 244.490005493164 243.735885620117 247.54914855957 247.528610229492 253.937774658203 257.9228515625 259.794525146484 257.943603515625 253.208709716797 247.783065795898 245.964553833008 244.792144775391 244.349899291992 246.509201049805 246.330474853516 256.778656005859 259.311401367188 259.991149902344 260.714996337891 261.034393310547 260.399688720703 259.311676025391 259.038146972656 259.350738525391 257.526031494141 250.4072265625 252.273284912109 261.51318359375 261.574066162109 -3.4e+38 -3.4e+38 262.156005859375 262.35400390625 261.77294921875 261.213958740234 261.940399169922 262.355834960938 263.185882568359 262.361755371094 262.723052978516 262.291046142578 262.631103515625 262.818237304688 262.108093261719 262.382537841797 262.546813964844
248.200454711914 251.236145019531 252.186737060547 248.0947265625 247.08708190918 249.72444152832 252.152160644531 256.71728515625 259.464935302734 259.139617919922 258.683654785156 256.134948730469 253.219177246094 252.156143188477 251.502166748047 249.57698059082 246.085067749023 246.487060546875 259.209350585938 259.717864990234 259.9482421875 260.755523681641 260.730895996094 260.159423828125 259.857421875 259.287689208984 258.663635253906 258.349365234375 252.804901123047 252.761352539062 261.119415283203 261.175048828125 261.676177978516 262.370269775391 262.842376708984 262.693878173828 262.021179199219 261.448059082031 262.034240722656 262.678131103516 263.378814697266 262.761627197266 262.972412109375 262.741912841797 262.996307373047 263.027313232422 262.703277587891 262.729339599609 262.669677734375
244.095397949219 251.470443725586 252.344543457031 248.634002685547 245.198745727539 249.665435791016 255.464324951172 258.293609619141 257.909301757812 256.629608154297 257.589691162109 256.685943603516 253.540664672852 254.253997802734 256.155242919922 254.434982299805 252.607864379883 246.775924682617 252.836380004883 259.319854736328 260.607727050781 260.785217285156 261.137176513672 261.089080810547 260.611480712891 259.567169189453 257.757873535156 260.550506591797 259.751953125 257.451202392578 260.452911376953 260.917663574219 261.559814453125 262.079650878906 262.556640625 262.496612548828 262.652648925781 261.779907226562 261.8251953125 262.653289794922 262.86376953125 263.022399902344 263.190673828125 263.582305908203 263.332397460938 263.3154296875 263.218231201172 263.033355712891 262.916168212891
243.758407592773 250.150695800781 252.134490966797 248.98698425293 242.311080932617 244.52522277832 256.719360351562 257.761596679688 256.801086425781 255.665298461914 256.440368652344 256.069671630859 254.247085571289 256.982543945312 256.427581787109 256.030639648438 257.257690429688 255.31379699707 249.657424926758 259.352386474609 260.764282226562 261.228607177734 261.430023193359 -3.4e+38 260.797149658203 260.230926513672 260.024719238281 260.732971191406 261.426605224609 261.202178955078 261.286834716797 261.785797119141 262.092529296875 262.3125 262.662139892578 262.653656005859 262.806396484375 262.038940429688 261.993835449219 262.360534667969 262.549987792969 263.100158691406 263.259246826172 263.601226806641 263.597137451172 263.631866455078 263.756652832031 263.585815429688 263.296417236328
245.535049438477 249.709091186523 251.684234619141 249.285202026367 242.494537353516 243.692276000977 256.399475097656 256.617706298828 255.948745727539 255.801025390625 256.819213867188 257.462890625 256.816253662109 257.491607666016 256.859710693359 257.060424804688 257.741088867188 257.222900390625 254.573226928711 259.928771972656 261.154113769531 -3.4e+38 -3.4e+38 -3.4e+38 260.712799072266 260.451324462891 260.372680664062 260.778594970703 261.521636962891 261.709136962891 261.967132568359 262.277526855469 262.668701171875 262.699859619141 262.850799560547 262.980590820312 262.828338623047 262.321563720703 262.480651855469 262.111846923828 262.019897460938 262.825805664062 262.82177734375 263.333435058594 263.904113769531 264.005828857422 264.118194580078 264.075103759766 263.806915283203
247.294006347656 249.537780761719 250.822860717773 249.779083251953 245.375503540039 245.73876953125 255.260940551758 256.181213378906 255.689605712891 255.686264038086 256.678497314453 257.849822998047 257.769165039062 258.213348388672 258.071258544922 258.226593017578 258.361114501953 257.592926025391 259.457214355469 260.249786376953 261.422302246094 -3.4e+38 -3.4e+38 -3.4e+38 261.127471923828 260.823883056641 260.323822021484 260.589324951172 261.274597167969 261.955078125 262.412994384766 262.494720458984 262.886474609375 262.944641113281 263.158569335938 263.143157958984 263.096130371094 262.858612060547 262.612365722656 262.408050537109 261.817535400391 262.807403564453 262.986206054688 263.648712158203 263.949462890625 264.022521972656 264.096862792969 264.076080322266 263.937927246094
247.992263793945 247.29296875 246.410491943359 247.398483276367 246.430587768555 244.935302734375 253.440643310547 256.346099853516 255.395797729492 254.286056518555 252.839248657227 255.250015258789 257.464935302734 258.586059570312 258.933624267578 258.847198486328 258.853332519531 257.947875976562 258.964874267578 259.701416015625 260.915710449219 261.425231933594 -3.4e+38 261.851776123047 261.761535644531 260.862213134766 259.871765136719 260.236755371094 260.982757568359 261.854766845703 262.404022216797 262.137969970703 262.424011230469 262.634002685547 262.923217773438 263.024444580078 262.897430419922 263.223419189453 263.073608398438 262.861206054688 261.906555175781 263.080627441406 263.457702636719 263.934448242188 264.008666992188 264.001800537109 263.979644775391 264.03466796875 264.203216552734
248.714294433594 247.418655395508 245.325775146484 242.861190795898 248.574584960938 249.265716552734 253.922500610352 255.809524536133 254.130493164062 252.897567749023 249.223617553711 251.537750244141 254.137481689453 257.660186767578 258.766571044922 258.973541259766 259.369964599609 258.425537109375 258.949737548828 259.674530029297 260.527801513672 260.994384765625 261.043090820312 261.633178710938 261.975860595703 260.794097900391 259.989349365234 260.596435546875 261.213195800781 261.655639648438 261.011779785156 259.759704589844 261.963470458984 262.30419921875 262.938873291016 263.084777832031 262.801116943359 263.293609619141 263.540802001953 263.513458251953 262.675811767578 263.090484619141 263.571960449219 263.510559082031 263.560302734375 263.887451171875 263.963958740234 263.989013671875 264.347625732422
250.458709716797 249.939956665039 248.759872436523 245.080581665039 249.378448486328 254.499954223633 256.025817871094 255.411666870117 253.517242431641 253.022003173828 251.0498046875 249.735641479492 252.280746459961 256.990356445312 258.779113769531 259.049652099609 259.790710449219 259.237640380859 259.869873046875 260.558746337891 260.90380859375 261.005493164062 261.086608886719 261.879150390625 262.169708251953 261.325653076172 260.841857910156 261.222900390625 261.486968994141 261.499420166016 256.853973388672 259.079681396484 261.302734375 262.093475341797 262.881530761719 262.6943359375 262.952362060547 263.190063476562 263.257049560547 263.858367919922 263.410827636719 263.017639160156 263.624420166016 263.573699951172 263.290985107422 264.029205322266 264.278442382812 264.569702148438 264.651885986328
253.28466796875 250.997131347656 249.877578735352 250.227981567383 252.064117431641 255.434036254883 256.587890625 255.049041748047 253.067230224609 253.86247253418 253.939163208008 251.154724121094 252.867630004883 256.928314208984 258.772247314453 259.393646240234 259.885192871094 259.727874755859 260.428192138672 261.281219482422 261.789093017578 261.528656005859 260.722503662109 261.857818603516 262.309326171875 262.118682861328 261.833435058594 261.913848876953 261.841522216797 261.321716308594 257.540100097656 260.381530761719 261.081878662109 261.917724609375 262.356201171875 262.270660400391 262.889465332031 262.961639404297 262.997222900391 263.808715820312 263.637084960938 263.489379882812 263.840087890625 263.946014404297 263.733032226562 264.076965332031 264.107116699219 264.353576660156 264.493072509766
253.132751464844 249.844085693359 249.755401611328 252.970245361328 255.958908081055 256.78173828125 257.182922363281 255.169235229492 253.341552734375 253.669174194336 255.215209960938 254.086349487305 252.903945922852 254.586044311523 255.569931030273 259.049255371094 260.266937255859 260.146575927734 260.840240478516 261.306854248047 261.594329833984 262.008972167969 261.242828369141 261.969329833984 262.459289550781 262.687286376953 262.733825683594 262.517700195312 262.040100097656 261.353088378906 260.618835449219 261.105041503906 261.724243164062 261.830749511719 262.187225341797 262.395599365234 262.964050292969 263.038024902344 262.844665527344 263.165313720703 263.009674072266 264.122802734375 264.180389404297 264.161407470703 264.065368652344 263.973083496094 263.895477294922 263.845397949219 264.123870849609
252.113555908203 249.531433105469 250.010284423828 254.708267211914 256.696411132812 257.395721435547 257.589996337891 253.119644165039 247.035552978516 254.447647094727 255.998962402344 256.245788574219 254.948196411133 254.175247192383 254.028411865234 259.512054443359 260.661285400391 260.753814697266 261.137359619141 261.278289794922 260.506622314453 262.350738525391 262.338592529297 262.293426513672 262.35302734375 262.469879150391 262.951080322266 262.793334960938 262.070678710938 261.763793945312 261.020294189453 261.348815917969 262.151733398438 262.239654541016 262.471130371094 262.737976074219 263.096801757812 263.527740478516 263.30615234375 263.312591552734 263.326995849609 264.302154541016 264.247741699219 264.002258300781 263.928100585938 263.919158935547 264.189483642578 264.394409179688 264.614807128906
253.665725708008 250.929214477539 250.648498535156 253.830215454102 256.467010498047 257.811187744141 256.320404052734 241.52360534668 233.165893554688 248.057952880859 256.467559814453 257.226348876953 257.543121337891 256.918548583984 256.787872314453 259.852478027344 260.475646972656 260.949737548828 260.655578613281 261.083526611328 260.344543457031 261.892761230469 262.177551269531 261.707061767578 261.738189697266 261.958099365234 262.552734375 263.001739501953 262.606353759766 262.26220703125 261.586944580078 261.641479492188 261.779022216797 262.670654296875 262.940093994141 263.133178710938 263.170227050781 263.317260742188 263.333740234375 263.475189208984 263.822631835938 263.995208740234 263.935333251953 263.714721679688 263.850341796875 263.827301025391 264.202667236328 264.797485351562 264.957763671875
255.089935302734 251.597229003906 251.410171508789 253.197387695312 256.229431152344 256.912109375 250.918395996094 226.718643188477 221.52766418457 235.791595458984 252.185348510742 257.837188720703 258.543670654297 258.401641845703 258.829681396484 259.910522460938 260.506011962891 260.400115966797 259.893096923828 260.820953369141 260.327972412109 260.946685791016 261.288665771484 261.215423583984 261.272674560547 261.608978271484 262.294982910156 262.876922607422 263.116577148438 262.803558349609 262.460327148438 262.1689453125 261.3544921875 262.485504150391 262.899963378906 263.327941894531 263.577453613281 263.330810546875 263.175170898438 263.520141601562 263.748077392578 263.827972412109 263.823883056641 264.123626708984 263.996337890625 263.949279785156 264.053558349609 264.32958984375 264.671752929688
256.339416503906 253.811737060547 253.145355224609 255.060546875 257.726989746094 258.089019775391 251.103057861328 230.130630493164 217.25993347168 214.807266235352 220.650741577148 248.097686767578 258.418548583984 258.804595947266 259.467956542969 259.318054199219 258.553100585938 257.552154541016 260.315093994141 258.984252929688 258.879760742188 260.20703125 260.854431152344 261.203430175781 261.364685058594 261.500854492188 262.291137695312 262.349792480469 262.802215576172 262.802337646484 263.399108886719 262.967102050781 262.620635986328 263.103820800781 262.921813964844 263.217407226562 264.032989501953 264.059051513672 264.464721679688 264.465209960938 264.637786865234 264.504150390625 263.912719726562 264.228454589844 264.693237304688 264.514221191406 263.882720947266 264.387298583984 264.180816650391
256.795227050781 255.516372680664 253.984893798828 255.855438232422 258.117065429688 258.758911132812 253.641693115234 239.037322998047 229.968353271484 218.457611083984 216.034561157227 243.197082519531 257.282379150391 258.870819091797 258.035003662109 253.170944213867 256.447296142578 252.904830932617 259.898162841797 258.876220703125 258.643615722656 260.531890869141 261.4111328125 261.470733642578 261.019226074219 260.921142578125 262.033996582031 262.270935058594 262.302001953125 262.428436279297 263.430419921875 263.494537353516 262.965698242188 263.50732421875 263.471160888672 263.285736083984 263.655883789062 263.947418212891 264.416412353516 264.232818603516 264.763549804688 264.742645263672 264.301208496094 264.321563720703 264.514099121094 264.223114013672 264.342529296875 264.774597167969 264.398010253906
256.864807128906 255.262054443359 254.744979858398 256.558410644531 258.074859619141 258.783660888672 256.822204589844 244.265899658203 234.463012695312 218.902297973633 214.619262695312 238.954986572266 256.03271484375 257.599731445312 251.746505737305 249.739776611328 257.574157714844 255.349029541016 259.233703613281 257.745513916016 255.123184204102 259.882690429688 261.403381347656 261.927154541016 261.545532226562 261.401763916016 262.192260742188 262.708068847656 262.408905029297 262.5859375 263.243865966797 263.557159423828 263.337829589844 263.720245361328 263.960845947266 263.814117431641 263.686126708984 263.75244140625 264.075347900391 263.610321044922 264.285827636719 264.270660400391 264.337677001953 264.230560302734 264.301055908203 264.406280517578 264.672454833984 264.809967041016 264.749664306641
256.842895507812 254.178268432617 253.706985473633 256.814514160156 257.683898925781 258.996002197266 258.866027832031 241.624969482422 232.222015380859 220.961975097656 218.459060668945 242.719985961914 256.692901611328 257.017761230469 251.240615844727 254.559020996094 258.94091796875 259.136749267578 258.068542480469 257.770263671875 254.853775024414 257.816711425781 261.684783935547 262.132904052734 262.388641357422 262.308471679688 262.55517578125 263.048797607422 263.141998291016 262.973052978516 263.569427490234 263.693603515625 263.729675292969 263.913421630859 264.074157714844 263.945251464844 264.048828125 264.106994628906 263.751159667969 263.447845458984 263.781280517578 263.409759521484 263.886566162109 264.134857177734 264.282958984375 264.618103027344 264.629943847656 264.704895019531 264.799377441406
256.666656494141 254.852294921875 254.079483032227 256.3125 257.663696289062 258.614196777344 258.892028808594 245.104370117188 237.743133544922 232.389221191406 230.262023925781 247.753158569336 257.146820068359 257.601470947266 256.000762939453 258.078277587891 258.674530029297 258.894866943359 258.193878173828 259.160278320312 258.437316894531 259.037536621094 261.994262695312 262.095581054688 262.61962890625 262.401062011719 262.708770751953 263.187927246094 263.642608642578 263.423583984375 263.807220458984 263.719909667969 263.700531005859 263.835998535156 263.499908447266 263.429840087891 263.661773681641 263.617889404297 263.034118652344 263.046142578125 263.094177246094 263.426940917969 263.678680419922 264.087371826172 264.142852783203 264.512878417969 264.639099121094 264.903991699219 265.05517578125
