rcp8.5models/MPI_ESM_LR/sc1gr10.33
NCOLS 261 
NROWS 433 
XLLCORNER 336357.134 
YLLCORNER 654653.479 
CELLSIZE 1000 
NODATA_value -9999 
[rows 46 to 68 of 433, columns 100 to 149 of 261]
739.620300292969 744.251525878906 747.402099609375 748.657104492188 751.93798828125 754.146057128906 756.569763183594 759.532897949219 761.378540039062 764.904479980469 768.196166992188 771.208312988281 777.619873046875 779.738891601562 783.329833984375 786.104187011719 789.901489257812 793.685913085938 796.094604492188 800.210632324219 803.512145996094 806.307861328125 810.327209472656 812.73291015625 819.047241210938 -9999 -9999 -9999 -9999 -9999 -9999 -9999 -9999 -9999 -9999 -9999 -9999 -9999 -9999 -9999 -9999 -9999 -9999 -9999 -9999 -9999 -9999 -9999 -9999 -9999
741.06884765625 745.201049804688 748.309631347656 750.073669433594 752.91357421875 755.782043457031 757.747192382812 760.7958984375 763.5595703125 766.143676757812 769.609375 773.098815917969 778.61669921875 780.968444824219 784.669799804688 787.314208984375 791.197998046875 794.643432617188 797.264770507812 801.400390625 804.77978515625 807.628234863281 810.688720703125 813.818298339844 820.121520996094 -9999 826.37353515625 -9999 -9999 -9999 -9999 -9999 -9999 -9999 -9999 -9999 -9999 -9999 -9999 -9999 -9999 -9999 -9999 -9999 -9999 -9999 -9999 -9999 -9999 -9999
742.090942382812 746.435363769531 749.030700683594 752.05615234375 754.07763671875 757.092041015625 758.956787109375 762.185729980469 765.430480957031 767.228149414062 771.02294921875 774.165344238281 779.873779296875 782.351867675781 786.135986328125 789.145751953125 792.183837890625 795.856811523438 798.535095214844 802.223449707031 806.23681640625 808.79443359375 811.744079589844 814.955993652344 821.197204589844 824.479675292969 -9999 -9999 -9999 -9999 -9999 -9999 -9999 -9999 -9999 -9999 -9999 -9999 -9999 -9999 -9999 -9999 -9999 -9999 -9999 -9999 -9999 -9999 -9999 -9999
743.274841308594 747.349487304688 750.468139648438 753.275329589844 755.385620117188 758.512878417969 761.163635253906 763.584167480469 766.500915527344 768.372985839844 772.111511230469 775.331909179688 781.06201171875 784.57275390625 787.257629394531 790.753540039062 793.389404296875 -9999 800.311340332031 803.419006347656 807.389526367188 809.6435546875 813.397399902344 816.179260253906 822.706970214844 826.218627929688 828.641540527344 831.684875488281 835.117126464844 -9999 -9999 -9999 -9999 -9999 -9999 -9999 -9999 -9999 -9999 -9999 -9999 -9999 -9999 -9999 -9999 -9999 -9999 -9999 -9999 -9999
744.500671386719 748.767272949219 751.602600097656 754.777709960938 757.1943359375 759.558959960938 762.630493164062 764.6513671875 767.733459472656 770.648742675781 773.302917480469 776.842407226562 782.662658691406 786.228515625 789.245056152344 792.249694824219 795.307434082031 -9999 802.024719238281 804.760375976562 808.582763671875 810.844055175781 814.672912597656 817.128845214844 824.618408203125 827.13623046875 829.5107421875 833.511962890625 835.950622558594 838.299438476562 -9999 -9999 -9999 -9999 -9999 -9999 -9999 -9999 -9999 -9999 -9999 -9999 -9999 -9999 -9999 -9999 -9999 -9999 -9999 -9999
746.284057617188 749.868774414062 752.750061035156 755.965881347656 758.916564941406 761.548461914062 763.921203613281 766.731262207031 770.0712890625 772.621154785156 775.58837890625 778.036560058594 784.774169921875 787.478271484375 791.15771484375 793.443420410156 797.428039550781 800.639953613281 803.516479492188 806.924987792969 809.658142089844 812.197937011719 816.144714355469 819.095520019531 825.866638183594 828.314514160156 830.911560058594 834.587951660156 836.870483398438 840.405517578125 -9999 -9999 -9999 -9999 -9999 -9999 -9999 -9999 -9999 -9999 -9999 -9999 -9999 -9999 -9999 -9999 -9999 -9999 -9999 -9999
746.555908203125 751.892333984375 754.035339355469 757.158203125 760.293518066406 763.446350097656 765.34619140625 768.679443359375 771.745666503906 774.958068847656 777.205627441406 779.339416503906 786.18212890625 788.929077148438 792.286804199219 794.720092773438 798.629699707031 801.210083007812 804.975891113281 808.437438964844 810.515563964844 813.550842285156 817.122131347656 819.800903320312 826.269226074219 829.596740722656 832.005737304688 835.524963378906 839.103698730469 841.989624023438 843.971130371094 -9999 -9999 -9999 -9999 -9999 -9999 -9999 -9999 -9999 -9999 -9999 -9999 -9999 -9999 -9999 -9999 -9999 -9999 -9999
748.376647949219 753.651794433594 755.361572265625 758.182189941406 761.675537109375 764.526123046875 766.767272949219 769.810119628906 773.365539550781 776.672729492188 779.665222167969 780.781127929688 787.769348144531 790.072387695312 793.685241699219 796.909790039062 799.592529296875 803.061340332031 805.921691894531 808.535217285156 812.114196777344 815.349243164062 817.9091796875 820.776611328125 826.767456054688 830.678588867188 833.952941894531 837.017028808594 840.663818359375 842.640991210938 844.739379882812 847.630798339844 -9999 -9999 857.393920898438 -9999 -9999 -9999 -9999 -9999 -9999 -9999 -9999 -9999 -9999 -9999 -9999 -9999 -9999 -9999
749.951965332031 754.558410644531 756.366821289062 759.724243164062 763.672424316406 766.994689941406 768.805908203125 772.318908691406 775.520751953125 777.863647460938 780.685180664062 782.806945800781 789.098449707031 -9999 795.1533203125 798.480407714844 800.936096191406 804.898742675781 807.538269042969 809.292663574219 813.274291992188 -9999 819.518188476562 822.760009765625 828.61083984375 831.888854980469 835.447814941406 838.110595703125 841.407958984375 843.789855957031 846.25634765625 849.468383789062 851.943359375 -9999 -9999 864.156799316406 -9999 -9999 -9999 -9999 -9999 -9999 -9999 -9999 -9999 -9999 -9999 -9999 -9999 -9999
751.048828125 756.662231445312 758.742004394531 -9999 765.730834960938 768.772583007812 -9999 774.134948730469 777.240234375 779.278442382812 -9999 784.645141601562 790.5146484375 -9999 797.076232910156 799.892150878906 803.130554199219 805.755432128906 808.610595703125 811.541259765625 815.019226074219 817.736572265625 820.7763671875 824.244567871094 830.415893554688 832.888305664062 836.425048828125 838.921447753906 842.819030761719 845.035339355469 847.409851074219 850.643371582031 853.113220214844 -9999 858.901977539062 -9999 866.550964355469 -9999 -9999 -9999 -9999 -9999 -9999 -9999 -9999 -9999 -9999 -9999 -9999 -9999
754.471252441406 759.778381347656 -9999 -9999 766.932983398438 771.427673339844 773.921875 776.337646484375 779.854614257812 781.729309082031 -9999 787.615295410156 793.320739746094 796.727783203125 800.467407226562 803.73388671875 806.729125976562 809.920043945312 811.031188964844 814.687805175781 818.388488769531 820.820434570312 824.078735351562 827.776611328125 832.856567382812 836.468811035156 838.224853515625 841.129150390625 845.540466308594 847.686584472656 850.8017578125 853.1064453125 855.162841796875 857.965637207031 860.620056152344 866.501037597656 -9999 -9999 -9999 -9999 -9999 -9999 -9999 -9999 -9999 -9999 -9999 -9999 -9999 -9999
756.210815429688 759.853515625 -9999 -9999 768.492614746094 771.609008789062 774.828247070312 777.766235351562 781.171447753906 783.201477050781 785.2646484375 788.797729492188 795.486877441406 797.915405273438 801.996154785156 805.366638183594 807.719360351562 810.362487792969 -9999 816.667724609375 819.609558105469 822.116027832031 826.649475097656 829.109313964844 -9999 837.710693359375 840.827880859375 843.815002441406 847.247985839844 849.287780761719 852.018676757812 854.666015625 856.70751953125 859.446533203125 -9999 -9999 -9999 -9999 -9999 -9999 -9999 -9999 -9999 -9999 -9999 -9999 -9999 -9999 -9999 -9999
757.122924804688 760.511474609375 -9999 767.087280273438 770.326721191406 772.333557128906 775.747192382812 779.236755371094 782.624206542969 784.757080078125 787.452392578125 790.099975585938 797.252868652344 799.50244140625 803.150146484375 806.5859375 808.927490234375 -9999 -9999 818.578125 820.820251464844 824.083679199219 828.177978515625 831.543212890625 836.345825195312 838.628234863281 842.863220214844 846.139343261719 848.530578613281 850.611938476562 853.539672851562 856.040893554688 858.554809570312 860.625305175781 -9999 -9999 -9999 -9999 -9999 879.543823242188 881.986022949219 -9999 -9999 -9999 -9999 -9999 -9999 -9999 -9999 -9999
758.188537597656 761.801025390625 765.099243164062 768.133544921875 771.771057128906 774.317260742188 777.170166015625 780.373657226562 784.07763671875 785.947814941406 789.360107421875 792.372619628906 798.743835449219 800.794067382812 804.107971191406 808.041809082031 810.070556640625 812.3671875 815.589233398438 819.800903320312 822.890258789062 825.986328125 829.351196289062 832.40185546875 838.412109375 840.815490722656 843.847595214844 847.100402832031 849.576354980469 852.325500488281 854.819274902344 857.378540039062 859.448059082031 860.692199707031 -9999 -9999 -9999 -9999 -9999 -9999 882.688415527344 885.777770996094 -9999 -9999 -9999 -9999 -9999 -9999 -9999 -9999
759.099975585938 764.018676757812 766.118408203125 769.62158203125 772.821228027344 775.457397460938 778.329772949219 782.440490722656 785.208923339844 787.255920410156 790.833374023438 794.016845703125 799.904296875 802.130310058594 805.678527832031 809.192565917969 811.331665039062 813.567565917969 817.335571289062 820.788391113281 824.784790039062 827.095886230469 830.560729980469 832.642822265625 840.354125976562 842.443176269531 844.606323242188 848.061828613281 850.427307128906 853.970031738281 856.167602539062 858.173461914062 858.909301757812 860.780395507812 -9999 -9999 -9999 -9999 -9999 -9999 883.133239746094 885.483825683594 -9999 -9999 -9999 -9999 -9999 -9999 -9999 -9999
760.492309570312 765.495056152344 767.280395507812 770.815185546875 773.998168945312 776.18798828125 779.5634765625 783.506652832031 786.474426269531 788.370361328125 791.930908203125 795.411499023438 801.285339355469 804.133911132812 807.001098632812 810.460388183594 812.452026367188 814.746398925781 818.627868652344 822.291198730469 825.823608398438 827.920959472656 831.577026367188 833.80224609375 841.465942382812 844.157287597656 846.263244628906 848.448181152344 852.277954101562 854.938842773438 857.035461425781 857.944763183594 859.257873535156 861.787780761719 864.951965332031 -9999 -9999 -9999 -9999 -9999 -9999 885.97216796875 889.212280273438 -9999 -9999 -9999 -9999 -9999 -9999 -9999
761.566711425781 766.254943847656 768.569885253906 772.003173828125 775.402282714844 778.385498046875 781.855102539062 784.975158691406 787.582580566406 789.570434570312 793.232727050781 796.861938476562 802.481689453125 805.959045410156 809.115966796875 811.58544921875 813.773376464844 816.986694335938 819.739318847656 823.5087890625 826.730041503906 829.403198242188 832.747192382812 834.783264160156 842.143615722656 844.578247070312 847.048645019531 849.87744140625 853.73193359375 855.683776855469 856.620483398438 857.467041015625 860.386779785156 862.640625 866.154174804688 872.244018554688 875.063415527344 876.415771484375 -9999 -9999 -9999 -9999 890.013671875 -9999 -9999 -9999 -9999 -9999 -9999 -9999
762.624694824219 767.664855957031 769.496643066406 773.021667480469 776.789672851562 779.978881835938 783.370910644531 785.84130859375 788.781433105469 790.993408203125 794.377380371094 798.316650390625 803.707397460938 807.354125976562 809.902893066406 812.796569824219 815.252563476562 818.555603027344 820.613647460938 824.774169921875 828.355712890625 831.4384765625 833.738220214844 835.720275878906 843.187927246094 845.241088867188 848.475524902344 851.284606933594 854.691650390625 856.45849609375 856.970581054688 857.645385742188 861.134826660156 863.632873535156 868.803039550781 875.004211425781 877.171752929688 878.830871582031 880.777099609375 -9999 -9999 -9999 890.4482421875 892.423278808594 -9999 -9999 -9999 -9999 -9999 -9999
763.527893066406 768.833984375 771.544677734375 774.095520019531 777.715087890625 779.836120605469 783.661315917969 786.716247558594 790.184143066406 792.125610351562 795.915344238281 799.45556640625 805.132568359375 808.513427734375 811.448974609375 814.204467773438 816.30810546875 819.593505859375 822.928955078125 825.814880371094 829.214172363281 831.904541015625 834.681762695312 837.730041503906 843.411193847656 846.561767578125 849.837585449219 851.981811523438 855.584777832031 857.477783203125 857.854125976562 858.487060546875 862.125732421875 866.333801269531 871.026428222656 875.503601074219 877.45947265625 880.02783203125 881.432678222656 883.455200195312 -9999 -9999 -9999 892.796813964844 -9999 -9999 -9999 -9999 -9999 -9999
764.553039550781 769.970947265625 773.333374023438 775.381286621094 778.565612792969 781.724853515625 785.110107421875 788.09228515625 791.265563964844 793.366882324219 797.150329589844 800.370056152344 807.069702148438 809.497009277344 813.372253417969 815.257751464844 817.220642089844 821.175598144531 824.642700195312 826.619445800781 830.143737792969 833.031921386719 835.816772460938 838.724182128906 844.585510253906 848.220336914062 850.627868652344 853.095397949219 855.162780761719 856.248168945312 857.609802246094 860.084777832031 863.203430175781 867.871765136719 872.716796875 876.615966796875 878.497924804688 880.828918457031 882.27978515625 884.404357910156 -9999 -9999 -9999 893.6337890625 896.602355957031 -9999 -9999 -9999 -9999 -9999
765.705688476562 770.902954101562 774.59716796875 776.3515625 779.686889648438 782.490539550781 785.902954101562 789.145385742188 792.582153320312 795.585693359375 798.023742675781 801.595397949219 808.512817382812 810.894165039062 813.609924316406 816.636352539062 819.570190429688 822.369140625 825.474609375 827.754333496094 831.572631835938 834.73388671875 837.134948730469 839.961547851562 846.069641113281 848.85791015625 850.526550292969 852.003601074219 854.337158203125 855.904296875 858.030944824219 861.547058105469 863.842529296875 867.989562988281 873.814514160156 877.820373535156 879.71826171875 881.352355957031 883.234680175781 884.842468261719 886.526733398438 -9999 -9999 894.320739746094 897.1708984375 899.486999511719 -9999 -9999 -9999 -9999
766.524658203125 771.892578125 775.529052734375 777.472961425781 780.919616699219 783.086120605469 786.692443847656 790.345031738281 793.958862304688 797.225219726562 800.142883300781 802.9228515625 810.029479980469 812.081970214844 814.281677246094 817.786682128906 821.567199707031 825.171264648438 826.737854003906 829.910522460938 832.577453613281 835.719116210938 838.03271484375 840.771484375 847.201782226562 848.995056152344 849.882751464844 851.542541503906 854.008239746094 856.750671386719 858.864013671875 862.315063476562 864.391784667969 868.491882324219 873.705810546875 878.081970214844 879.095275878906 880.602783203125 882.766357421875 885.694702148438 887.62939453125 890.4501953125 -9999 -9999 897.538146972656 899.806945800781 -9999 -9999 -9999 -9999
768.741760253906 773.9765625 777.611999511719 779.949279785156 783.278747558594 786.918823242188 788.948181152344 792.141479492188 796.104553222656 799.504272460938 803.096313476562 806.034790039062 812.066833496094 814.049682617188 816.131225585938 819.802978515625 822.982238769531 825.852905273438 828.758422851562 831.020446777344 833.252197265625 835.288269042969 838.03466796875 841.032531738281 845.531860351562 848.222717285156 851.167846679688 852.860656738281 854.839050292969 857.945129394531 860.36474609375 863.723266601562 867.191711425781 870.387329101562 874.546630859375 878.579345703125 880.680908203125 883.237731933594 885.366271972656 887.664611816406 890.012817382812 891.785949707031 893.537414550781 -9999 898.231628417969 900.478454589844 904.112731933594 -9999 -9999 -9999
