rcp8.5models/MPI_ESM_LR/sc1gr9.9
NCOLS 261 
NROWS 433 
XLLCORNER 336357.134 
YLLCORNER 654653.479 
CELLSIZE 1000 
NODATA_value -3.4e+38 
[rows 198 to 219 of 433, columns 196 to 244 of 261]
124.211952209473 123.505027770996 123.013648986816 123.609275817871 124.38752746582 124.147102355957 124.098297119141 123.489837646484 123.12646484375 122.273590087891 -3.4e+38 123.413009643555 123.169326782227 122.910919189453 122.281745910645 121.899833679199 121.280220031738 121.033424377441 120.614906311035 120.324081420898 -3.4e+38 -3.4e+38 -3.4e+38 -3.4e+38 -3.4e+38 -3.4e+38 -3.4e+38 -3.4e+38 -3.4e+38 -3.4e+38 -3.4e+38 -3.4e+38 -3.4e+38 -3.4e+38 -3.4e+38 -3.4e+38 -3.4e+38 -3.4e+38 -3.4e+38 -3.4e+38 -3.4e+38 -3.4e+38 -3.4e+38 -3.4e+38 -3.4e+38 -3.4e+38 -3.4e+38 -3.4e+38 -3.4e+38
124.794715881348 124.289649963379 124.085296630859 124.773422241211 125.095306396484 124.484382629395 124.247802734375 123.489219665527 123.443542480469 122.824096679688 -3.4e+38 123.696998596191 123.182121276855 123.136329650879 122.768241882324 122.267860412598 121.786064147949 121.41690826416 -3.4e+38 120.506858825684 -3.4e+38 -3.4e+38 -3.4e+38 -3.4e+38 -3.4e+38 -3.4e+38 -3.4e+38 -3.4e+38 -3.4e+38 -3.4e+38 -3.4e+38 -3.4e+38 -3.4e+38 -3.4e+38 -3.4e+38 -3.4e+38 -3.4e+38 -3.4e+38 -3.4e+38 -3.4e+38 -3.4e+38 -3.4e+38 -3.4e+38 -3.4e+38 -3.4e+38 -3.4e+38 -3.4e+38 -3.4e+38 -3.4e+38
125.234962463379 124.876426696777 -3.4e+38 125.92024230957 125.57649230957 125.338111877441 124.839622497559 123.840644836426 -3.4e+38 123.822746276855 124.059516906738 123.914649963379 123.552230834961 123.313270568848 123.270599365234 122.794914245605 122.218734741211 121.713760375977 121.318519592285 120.951942443848 120.189788818359 -3.4e+38 -3.4e+38 -3.4e+38 -3.4e+38 -3.4e+38 -3.4e+38 -3.4e+38 -3.4e+38 -3.4e+38 -3.4e+38 -3.4e+38 -3.4e+38 -3.4e+38 -3.4e+38 -3.4e+38 -3.4e+38 -3.4e+38 -3.4e+38 -3.4e+38 -3.4e+38 -3.4e+38 -3.4e+38 -3.4e+38 -3.4e+38 -3.4e+38 -3.4e+38 -3.4e+38 -3.4e+38
125.360305786133 125.129188537598 125.263732910156 126.374580383301 126.217193603516 126.141387939453 125.64623260498 124.317001342773 124.329147338867 125.030548095703 125.181358337402 124.336685180664 124.047805786133 123.688415527344 123.451606750488 123.202819824219 122.433723449707 121.954032897949 121.349700927734 121.09595489502 121.011222839355 -3.4e+38 -3.4e+38 -3.4e+38 -3.4e+38 -3.4e+38 -3.4e+38 -3.4e+38 -3.4e+38 -3.4e+38 -3.4e+38 -3.4e+38 -3.4e+38 -3.4e+38 -3.4e+38 -3.4e+38 -3.4e+38 -3.4e+38 -3.4e+38 -3.4e+38 -3.4e+38 -3.4e+38 -3.4e+38 -3.4e+38 -3.4e+38 -3.4e+38 -3.4e+38 -3.4e+38 -3.4e+38
125.585464477539 125.64998626709 126.225563049316 126.513542175293 126.63542175293 126.409187316895 125.909675598145 125.782157897949 126.341285705566 126.093719482422 125.860610961914 125.044082641602 124.475112915039 124.188468933105 123.832038879395 123.438751220703 122.96883392334 122.395164489746 121.384216308594 -3.4e+38 122.06388092041 121.883995056152 -3.4e+38 -3.4e+38 -3.4e+38 -3.4e+38 -3.4e+38 -3.4e+38 -3.4e+38 -3.4e+38 -3.4e+38 -3.4e+38 -3.4e+38 -3.4e+38 -3.4e+38 -3.4e+38 -3.4e+38 -3.4e+38 -3.4e+38 -3.4e+38 -3.4e+38 -3.4e+38 -3.4e+38 -3.4e+38 -3.4e+38 -3.4e+38 -3.4e+38 -3.4e+38 -3.4e+38
126.244438171387 126.455795288086 127.577919006348 127.09627532959 126.624282836914 126.596580505371 126.254020690918 126.809608459473 127.480110168457 126.533966064453 126.305488586426 125.64973449707 125.188591003418 124.621238708496 124.131050109863 -3.4e+38 123.592506408691 122.97868347168 122.168113708496 122.87776184082 -3.4e+38 -3.4e+38 122.06372833252 -3.4e+38 -3.4e+38 -3.4e+38 -3.4e+38 -3.4e+38 -3.4e+38 -3.4e+38 -3.4e+38 -3.4e+38 -3.4e+38 -3.4e+38 -3.4e+38 -3.4e+38 -3.4e+38 -3.4e+38 -3.4e+38 -3.4e+38 -3.4e+38 -3.4e+38 -3.4e+38 -3.4e+38 -3.4e+38 -3.4e+38 -3.4e+38 -3.4e+38 -3.4e+38
127.144943237305 127.728973388672 128.028671264648 127.892547607422 127.212776184082 126.744247436523 126.527503967285 126.8134765625 127.632942199707 126.799156188965 126.321464538574 125.825660705566 125.799087524414 125.341049194336 124.618270874023 124.220375061035 124.142654418945 123.435173034668 -3.4e+38 123.773010253906 123.272521972656 122.58544921875 -3.4e+38 122.259078979492 122.367851257324 -3.4e+38 -3.4e+38 -3.4e+38 -3.4e+38 -3.4e+38 -3.4e+38 -3.4e+38 -3.4e+38 -3.4e+38 -3.4e+38 -3.4e+38 -3.4e+38 -3.4e+38 -3.4e+38 -3.4e+38 -3.4e+38 -3.4e+38 -3.4e+38 -3.4e+38 -3.4e+38 -3.4e+38 -3.4e+38 -3.4e+38 -3.4e+38
128.529235839844 128.685012817383 128.354339599609 128.145294189453 127.823890686035 126.994445800781 126.720237731934 127.463531494141 127.952697753906 127.505279541016 126.93677520752 126.653793334961 126.332908630371 125.956611633301 125.35619354248 124.68253326416 124.451499938965 123.96410369873 -3.4e+38 124.090919494629 123.590507507324 123.096176147461 122.156723022461 -3.4e+38 122.088996887207 121.561248779297 -3.4e+38 -3.4e+38 -3.4e+38 -3.4e+38 -3.4e+38 -3.4e+38 -3.4e+38 -3.4e+38 -3.4e+38 -3.4e+38 -3.4e+38 -3.4e+38 -3.4e+38 -3.4e+38 -3.4e+38 -3.4e+38 -3.4e+38 -3.4e+38 -3.4e+38 -3.4e+38 -3.4e+38 -3.4e+38 -3.4e+38
129.551040649414 128.815490722656 128.613922119141 128.134414672852 128.119918823242 127.680603027344 127.48624420166 127.979888916016 128.118957519531 127.90803527832 127.42195892334 127.303619384766 126.632606506348 126.142097473145 125.808685302734 124.973304748535 124.865158081055 125.153259277344 124.372573852539 124.351486206055 124.007247924805 123.365921020508 122.57967376709 -3.4e+38 122.139190673828 121.402030944824 -3.4e+38 -3.4e+38 -3.4e+38 -3.4e+38 -3.4e+38 -3.4e+38 -3.4e+38 -3.4e+38 -3.4e+38 -3.4e+38 -3.4e+38 -3.4e+38 -3.4e+38 -3.4e+38 -3.4e+38 -3.4e+38 -3.4e+38 -3.4e+38 -3.4e+38 -3.4e+38 -3.4e+38 -3.4e+38 -3.4e+38
130.059524536133 129.532379150391 129.043228149414 128.465621948242 128.265701293945 128.066909790039 127.974197387695 128.336578369141 128.132614135742 127.926750183105 127.300628662109 127.072212219238 126.660926818848 126.173805236816 125.956398010254 125.57926940918 125.844940185547 125.85099029541 125.396156311035 125.181083679199 124.33464050293 123.731224060059 123.168060302734 122.421516418457 122.417633056641 -3.4e+38 121.434204101562 -3.4e+38 -3.4e+38 -3.4e+38 -3.4e+38 -3.4e+38 -3.4e+38 -3.4e+38 -3.4e+38 -3.4e+38 -3.4e+38 -3.4e+38 -3.4e+38 -3.4e+38 -3.4e+38 -3.4e+38 -3.4e+38 -3.4e+38 -3.4e+38 -3.4e+38 -3.4e+38 -3.4e+38 -3.4e+38
130.613403320312 130.276596069336 129.854858398438 129.316558837891 129.222564697266 129.683471679688 130.19970703125 129.084869384766 128.511611938477 128.314987182617 -3.4e+38 127.530570983887 127.697158813477 128.17155456543 128.19709777832 127.878150939941 127.050323486328 126.936859130859 125.970306396484 125.295135498047 124.819473266602 124.603462219238 123.856925964355 123.189666748047 122.704902648926 122.70580291748 122.116714477539 -3.4e+38 -3.4e+38 -3.4e+38 -3.4e+38 -3.4e+38 -3.4e+38 -3.4e+38 -3.4e+38 -3.4e+38 -3.4e+38 -3.4e+38 -3.4e+38 -3.4e+38 -3.4e+38 -3.4e+38 -3.4e+38 -3.4e+38 -3.4e+38 -3.4e+38 -3.4e+38 -3.4e+38 -3.4e+38
131.125823974609 130.408203125 130.413803100586 130.345794677734 130.586776733398 130.539932250977 130.355346679688 129.598358154297 129.255004882812 128.684707641602 128.339202880859 128.385452270508 128.86555480957 -3.4e+38 -3.4e+38 128.235229492188 127.65397644043 126.986946105957 126.294258117676 125.824264526367 124.881660461426 124.669532775879 124.073753356934 123.731101989746 123.143020629883 122.931198120117 122.457511901855 -3.4e+38 -3.4e+38 -3.4e+38 -3.4e+38 -3.4e+38 -3.4e+38 -3.4e+38 -3.4e+38 -3.4e+38 -3.4e+38 -3.4e+38 -3.4e+38 -3.4e+38 -3.4e+38 -3.4e+38 -3.4e+38 -3.4e+38 -3.4e+38 -3.4e+38 -3.4e+38 -3.4e+38 -3.4e+38
131.638137817383 130.989395141602 130.89567565918 131.830032348633 131.939224243164 131.262100219727 130.703353881836 130.071914672852 129.631164550781 128.982086181641 128.877166748047 129.623672485352 129.408981323242 -3.4e+38 -3.4e+38 -3.4e+38 127.978736877441 127.039199829102 126.354164123535 125.88858795166 124.945930480957 124.945320129395 124.620475769043 124.15022277832 123.485282897949 123.001533508301 122.529663085938 -3.4e+38 -3.4e+38 -3.4e+38 -3.4e+38 -3.4e+38 -3.4e+38 -3.4e+38 -3.4e+38 -3.4e+38 -3.4e+38 -3.4e+38 -3.4e+38 -3.4e+38 -3.4e+38 -3.4e+38 -3.4e+38 -3.4e+38 -3.4e+38 -3.4e+38 -3.4e+38 -3.4e+38 -3.4e+38
132.212936401367 132.123962402344 132.401916503906 132.488433837891 132.507965087891 132.104904174805 131.431869506836 130.550918579102 130.495315551758 130.464553833008 130.184219360352 130.359680175781 129.942352294922 129.403793334961 -3.4e+38 128.483520507812 128.377014160156 127.714500427246 126.416053771973 126.158897399902 125.376098632812 125.168579101562 124.964622497559 124.222579956055 123.768379211426 -3.4e+38 123.200523376465 123.091423034668 122.876930236816 122.663352966309 -3.4e+38 -3.4e+38 -3.4e+38 -3.4e+38 -3.4e+38 -3.4e+38 -3.4e+38 -3.4e+38 -3.4e+38 -3.4e+38 -3.4e+38 -3.4e+38 -3.4e+38 -3.4e+38 -3.4e+38 -3.4e+38 -3.4e+38 -3.4e+38 -3.4e+38
133.581085205078 133.621185302734 133.717880249023 133.404647827148 133.25520324707 132.679077148438 132.281234741211 131.068984985352 131.831848144531 131.640472412109 130.999237060547 130.544860839844 130.56120300293 130.002380371094 129.195190429688 128.888488769531 128.695053100586 128.246963500977 126.840667724609 126.37922668457 125.717567443848 125.238494873047 125.41325378418 125.34245300293 -3.4e+38 124.844062805176 124.379592895508 124.20238494873 123.71312713623 123.715385437012 -3.4e+38 -3.4e+38 -3.4e+38 -3.4e+38 -3.4e+38 -3.4e+38 -3.4e+38 -3.4e+38 -3.4e+38 -3.4e+38 -3.4e+38 -3.4e+38 -3.4e+38 -3.4e+38 -3.4e+38 -3.4e+38 -3.4e+38 -3.4e+38 -3.4e+38
135.249862670898 134.841781616211 134.302978515625 134.145324707031 134.063232421875 133.433166503906 133.208633422852 132.619964599609 132.556350708008 132.345825195312 131.831787109375 131.11979675293 131.101715087891 130.321319580078 129.393188476562 129.214324951172 128.750289916992 128.30712890625 127.748603820801 127.843139648438 127.026893615723 126.714714050293 126.638946533203 126.560302734375 125.890342712402 125.690048217773 124.945129394531 124.489196777344 124.163414001465 123.943473815918 -3.4e+38 -3.4e+38 -3.4e+38 -3.4e+38 -3.4e+38 -3.4e+38 -3.4e+38 -3.4e+38 -3.4e+38 -3.4e+38 -3.4e+38 -3.4e+38 -3.4e+38 -3.4e+38 -3.4e+38 -3.4e+38 -3.4e+38 -3.4e+38 -3.4e+38
136.37419128418 135.838485717773 135.343032836914 134.475662231445 134.323532104492 134.269073486328 134.287338256836 134.167221069336 133.258102416992 133.254638671875 132.639877319336 131.844741821289 131.416595458984 130.704681396484 130.060180664062 129.462219238281 129.163131713867 128.929397583008 128.906845092773 129.114807128906 128.295471191406 127.838920593262 127.363952636719 126.910575866699 125.964920043945 125.975624084473 125.395401000977 124.717498779297 124.511123657227 124.017425537109 -3.4e+38 -3.4e+38 -3.4e+38 -3.4e+38 -3.4e+38 -3.4e+38 -3.4e+38 -3.4e+38 -3.4e+38 -3.4e+38 -3.4e+38 -3.4e+38 -3.4e+38 -3.4e+38 -3.4e+38 -3.4e+38 -3.4e+38 -3.4e+38 -3.4e+38
136.768707275391 136.353973388672 136.107147216797 135.188110351562 135.002639770508 135.196304321289 134.814483642578 134.750793457031 133.968795776367 133.55647277832 132.974700927734 132.583648681641 131.915557861328 131.720916748047 131.606857299805 130.683547973633 130.516220092773 130.226257324219 129.477172851562 129.296569824219 128.568603515625 127.912696838379 127.438919067383 127.193618774414 126.411392211914 126.205406188965 125.897758483887 125.063278198242 124.587471008301 124.092544555664 -3.4e+38 -3.4e+38 -3.4e+38 -3.4e+38 -3.4e+38 -3.4e+38 -3.4e+38 -3.4e+38 -3.4e+38 -3.4e+38 -3.4e+38 -3.4e+38 -3.4e+38 -3.4e+38 -3.4e+38 -3.4e+38 -3.4e+38 -3.4e+38 -3.4e+38
137.189224243164 136.669555664062 136.727890014648 136.861892700195 136.194900512695 136.044448852539 135.430068969727 134.884750366211 134.3486328125 133.853225708008 133.156799316406 133.362747192383 133.325561523438 132.975036621094 132.639556884766 131.879272460938 131.555801391602 131.265441894531 129.905258178711 129.567199707031 129.006301879883 128.189102172852 127.882369995117 127.423477172852 126.763031005859 126.282653808594 126.086753845215 125.338172912598 124.875633239746 124.548240661621 -3.4e+38 -3.4e+38 -3.4e+38 -3.4e+38 -3.4e+38 -3.4e+38 -3.4e+38 -3.4e+38 -3.4e+38 -3.4e+38 -3.4e+38 -3.4e+38 -3.4e+38 -3.4e+38 -3.4e+38 -3.4e+38 -3.4e+38 -3.4e+38 -3.4e+38
138.000839233398 137.845947265625 138.378677368164 138.069885253906 137.16291809082 136.646286010742 136.251861572266 134.905792236328 134.488525390625 134.09716796875 133.541000366211 134.332748413086 134.161285400391 133.535659790039 132.985702514648 132.478637695312 131.764114379883 131.603927612305 130.249008178711 129.789337158203 129.356353759766 128.414855957031 128.234710693359 127.501647949219 126.841247558594 -3.4e+38 -3.4e+38 125.793807983398 125.105178833008 124.899932861328 -3.4e+38 -3.4e+38 -3.4e+38 -3.4e+38 -3.4e+38 -3.4e+38 -3.4e+38 -3.4e+38 -3.4e+38 -3.4e+38 -3.4e+38 -3.4e+38 -3.4e+38 -3.4e+38 -3.4e+38 -3.4e+38 -3.4e+38 -3.4e+38 -3.4e+38
140.110382080078 139.553009033203 139.557708740234 138.688751220703 138.001998901367 137.371932983398 136.859878540039 135.108795166016 135.20329284668 135.312210083008 134.849746704102 135.075332641602 134.55517578125 133.77262878418 133.503280639648 132.936126708984 132.178970336914 131.861602783203 130.514358520508 130.2236328125 129.630508422852 128.855712890625 128.513748168945 127.949981689453 -3.4e+38 -3.4e+38 126.604995727539 126.149482727051 125.182571411133 124.978500366211 123.836883544922 -3.4e+38 -3.4e+38 -3.4e+38 -3.4e+38 -3.4e+38 -3.4e+38 -3.4e+38 -3.4e+38 -3.4e+38 -3.4e+38 -3.4e+38 -3.4e+38 -3.4e+38 -3.4e+38 -3.4e+38 -3.4e+38 -3.4e+38 -3.4e+38
142.163040161133 141.104934692383 140.161987304688 139.368423461914 138.565872192383 138.734298706055 138.397827148438 136.878692626953 136.610488891602 136.628021240234 135.676956176758 135.262435913086 134.875717163086 133.968322753906 133.831939697266 133.141983032227 132.514709472656 132.074401855469 130.732833862305 130.57243347168 129.855712890625 129.207641601562 128.741729736328 128.454727172852 127.477005004883 -3.4e+38 -3.4e+38 126.230995178223 125.260612487793 125.05770111084 123.97779083252 -3.4e+38 -3.4e+38 -3.4e+38 -3.4e+38 -3.4e+38 -3.4e+38 -3.4e+38 -3.4e+38 -3.4e+38 -3.4e+38 -3.4e+38 -3.4e+38 -3.4e+38 -3.4e+38 -3.4e+38 -3.4e+38 -3.4e+38 -3.4e+38
