rcp8.5models/MPI_ESM_LR/sc1gr3.27
NCOLS 261 
NROWS 433 
XLLCORNER 336357.134 
YLLCORNER 654653.479 
CELLSIZE 1000 
NODATA_value -3.4e+38 
[rows 242 to 263 of 433, columns 49 to 97 of 261]
287.003540039062 286.494812011719 286.054382324219 285.807769775391 285.836120605469 286.337158203125 286.309509277344 286.176788330078 286.029449462891 286.181762695312 286.015411376953 285.61181640625 285.334808349609 285.241119384766 285.080352783203 284.723449707031 284.586639404297 284.672607421875 284.555633544922 284.302551269531 284.051177978516 283.749908447266 283.740783691406 283.662628173828 283.410766601562 283.236602783203 283.187774658203 283.413177490234 283.165618896484 282.867034912109 282.848693847656 282.365631103516 282.213653564453 282.449981689453 282.595550537109 282.946075439453 283.372863769531 282.792175292969 282.148376464844 282.343139648438 282.358612060547 281.720062255859 281.524963378906 281.258911132812 281.189483642578 280.918579101562 280.250793457031 277.726135253906 275.598754882812
286.550933837891 286.227203369141 286.162292480469 285.917541503906 286.021301269531 286.382873535156 286.102569580078 285.761199951172 285.843078613281 285.739868164062 285.799652099609 285.923095703125 285.352020263672 285.252349853516 285.255798339844 285.253540039062 284.945617675781 284.583648681641 284.274536132812 283.972229003906 283.74609375 283.540466308594 283.331604003906 283.165252685547 283.087066650391 282.750823974609 282.86767578125 283.002990722656 282.729736328125 282.701416015625 282.355407714844 282.213043212891 282.192108154297 282.169799804688 282.217315673828 282.587890625 283.052551269531 282.998992919922 282.367034912109 282.044403076172 282.161041259766 281.748565673828 281.750030517578 281.546508789062 281.233154296875 281.171234130859 280.974975585938 280.076904296875 278.01904296875
286.560211181641 286.611206054688 286.506317138672 286.396179199219 286.457794189453 286.278015136719 286.133605957031 285.573059082031 285.549865722656 285.551391601562 285.569580078125 285.740631103516 285.525939941406 285.322723388672 285.472106933594 285.400970458984 285.014739990234 284.768951416016 284.280120849609 284.053863525391 283.804443359375 283.636932373047 283.593933105469 283.535827636719 283.330322265625 282.770812988281 282.635925292969 282.674713134766 282.426910400391 281.947875976562 282.224029541016 282.0078125 281.733734130859 281.756652832031 281.942535400391 282.545196533203 283.083251953125 282.941925048828 281.131134033203 279.315673828125 281.167236328125 281.790283203125 281.817016601562 281.859008789062 281.656555175781 281.378601074219 281.084289550781 280.498962402344 278.291778564453
286.790466308594 286.756134033203 286.629516601562 286.716949462891 286.723052978516 286.545654296875 286.395599365234 285.564697265625 285.512817382812 285.380950927734 285.390838623047 285.549468994141 285.634338378906 285.461364746094 285.507263183594 285.471527099609 285.350555419922 285.058441162109 284.392608642578 284.205383300781 283.866119384766 283.814056396484 283.762603759766 283.693298339844 283.705200195312 283.388397216797 282.942657470703 282.334503173828 281.922973632812 281.968536376953 282.115936279297 282.091827392578 281.741180419922 281.580322265625 282.128204345703 282.362609863281 282.756225585938 282.825531005859 280.104675292969 277.660369873047 280.930206298828 281.7568359375 281.810638427734 281.620971679688 281.408111572266 281.149383544922 280.725769042969 280.367279052734 279.240600585938
287.052490234375 286.877044677734 286.750152587891 286.595520019531 286.135437011719 285.909973144531 286.035430908203 285.555572509766 285.359252929688 285.069702148438 285.248138427734 284.995971679688 285.268493652344 285.231567382812 285.208129882812 285.336090087891 285.322082519531 285.224151611328 284.767700195312 284.464599609375 284.273254394531 284.060607910156 283.802185058594 283.735198974609 283.788909912109 283.771636962891 283.170104980469 282.387634277344 282.280548095703 282.290893554688 282.109924316406 282.272583007812 282.142944335938 281.766204833984 281.835083007812 282.209899902344 282.463775634766 282.749816894531 280.578979492188 279.203826904297 281.193237304688 281.733428955078 281.804870605469 281.484527587891 281.106811523438 280.615905761719 280.501525878906 280.430786132812 280.141784667969
286.770355224609 286.550750732422 286.573944091797 286.431091308594 285.864379882812 285.476104736328 285.203643798828 285.514953613281 285.150482177734 284.876129150391 284.806579589844 284.615081787109 284.719512939453 284.668090820312 284.649993896484 284.757629394531 284.77978515625 285.035552978516 285.026275634766 284.842895507812 284.594055175781 283.982513427734 283.827667236328 283.771179199219 283.813659667969 283.658386230469 282.838500976562 282.692230224609 283.029418945312 282.494354248047 282.771667480469 282.572723388672 282.186492919922 281.93896484375 281.368469238281 281.91015625 282.504974365234 282.671478271484 281.373992919922 280.661804199219 281.241058349609 281.408203125 281.606567382812 281.426330566406 281.354339599609 281.06298828125 280.964385986328 280.544921875 280.344177246094
286.227813720703 286.054504394531 286.010925292969 286.118865966797 285.891815185547 285.697692871094 285.400268554688 285.077026367188 285.205993652344 285.196746826172 285.060943603516 285.020111083984 284.73388671875 284.436065673828 284.340576171875 284.380798339844 284.409545898438 284.460693359375 284.443023681641 284.551086425781 284.806365966797 284.267669677734 283.794189453125 283.803771972656 283.903717041016 283.388305664062 282.815795898438 283.117034912109 283.289947509766 282.817596435547 282.614471435547 282.519561767578 282.285522460938 281.974365234375 281.302062988281 281.598083496094 282.342163085938 282.360412597656 281.708984375 278.768951416016 276.623474121094 281.498596191406 281.36376953125 281.143829345703 281.520477294922 281.346069335938 281.103393554688 280.951873779297 280.324645996094
285.751190185547 285.505767822266 285.505737304688 285.763336181641 285.718017578125 285.515686035156 285.364471435547 285.154144287109 285.414764404297 285.398040771484 285.361633300781 285.345733642578 284.969116210938 284.685485839844 284.371429443359 284.292602539062 284.315155029297 284.310913085938 284.145568847656 284.071044921875 284.27685546875 284.296661376953 284.294189453125 284.070709228516 283.750640869141 283.34716796875 283.197326660156 283.363739013672 283.212768554688 282.732940673828 282.565673828125 281.711883544922 280.88427734375 281.089477539062 281.586700439453 281.521362304688 281.912292480469 282.201507568359 281.92724609375 279.676574707031 276.857147216797 281.276489257812 281.254364013672 280.740051269531 281.173675537109 281.462615966797 281.25 281.025085449219 279.687194824219
285.285247802734 285.120025634766 284.952850341797 285.350280761719 285.745208740234 285.635559082031 285.527740478516 285.451538085938 285.574798583984 285.581726074219 285.419189453125 285.319915771484 285.039459228516 284.864685058594 284.676910400391 284.653747558594 284.371429443359 284.376831054688 282.646453857422 283.828582763672 283.707580566406 283.986083984375 284.205291748047 284.023834228516 283.628051757812 283.59814453125 283.365264892578 283.389739990234 283.090423583984 282.566864013672 282.621063232422 281.684356689453 280.638275146484 281.059326171875 279.974334716797 278.622955322266 281.610382080078 282.038177490234 282.162384033203 281.673156738281 280.561187744141 277.897033691406 281.530944824219 280.954895019531 280.556854248047 280.849700927734 280.873138427734 280.710693359375 280.149353027344
285.345428466797 285.424438476562 285.032012939453 285.472503662109 285.669372558594 285.741302490234 285.664489746094 285.669189453125 285.624664306641 285.762481689453 285.617919921875 285.435333251953 285.181579589844 285.009094238281 284.838653564453 284.495269775391 284.347991943359 284.381896972656 283.223205566406 283.68896484375 283.422637939453 283.660308837891 283.585968017578 283.851287841797 283.771270751953 283.526336669922 283.368377685547 283.319458007812 282.987487792969 282.430084228516 282.524475097656 282.168273925781 281.519439697266 281.311309814453 279.998596191406 279.14453125 281.242156982422 281.717895507812 282.199066162109 281.604644775391 281.109344482422 278.039367675781 279.964172363281 280.934112548828 280.483856201172 280.291656494141 280.232757568359 280.470428466797 280.654113769531
285.667663574219 285.272216796875 285.137268066406 285.626708984375 285.746032714844 285.727569580078 285.657409667969 285.853546142578 286.123596191406 285.828155517578 285.555206298828 285.629455566406 285.408905029297 285.215942382812 285.082305908203 284.768737792969 284.410369873047 284.242736816406 284.462463378906 283.865997314453 283.591186523438 283.494903564453 283.031951904297 282.990631103516 283.286071777344 283.500885009766 283.380523681641 283.332214355469 282.823089599609 282.559936523438 282.785034179688 282.311401367188 281.812164306641 281.520477294922 281.280822753906 280.859222412109 280.985015869141 281.611389160156 282.019622802734 281.47802734375 280.914611816406 280.340087890625 279.799041748047 280.650482177734 280.65673828125 280.369140625 280.002807617188 280.249908447266 280.560821533203
285.902587890625 285.526672363281 285.473114013672 285.641754150391 285.989715576172 286.216552734375 286.173004150391 285.838623046875 285.751983642578 285.771209716797 285.692199707031 285.411407470703 285.321075439453 285.269165039062 285.248565673828 284.901062011719 284.414123535156 284.297332763672 284.391021728516 284.104553222656 283.590972900391 283.194183349609 283.107208251953 282.763854980469 283.119354248047 283.543701171875 283.362213134766 283.054382324219 282.9833984375 282.682952880859 282.624572753906 282.329986572266 282.166351318359 281.909362792969 281.786315917969 281.025909423828 280.878356933594 281.394836425781 281.653503417969 281.571350097656 281.385101318359 280.847290039062 279.627685546875 279.127166748047 280.459777832031 280.316528320312 279.856262207031 279.99462890625 280.306121826172
285.805023193359 285.852142333984 285.806304931641 285.871765136719 286.011993408203 286.003479003906 286.031463623047 285.583892822266 284.997161865234 285.145538330078 285.653350830078 285.329711914062 285.230255126953 285.180267333984 285.135772705078 284.979736328125 284.811462402344 284.878723144531 284.708709716797 284.511474609375 283.818817138672 283.358367919922 283.428649902344 283.278717041016 283.180938720703 282.986358642578 282.919769287109 282.794189453125 283.028930664062 282.573211669922 282.566864013672 282.838134765625 282.795104980469 282.355621337891 281.902191162109 281.195617675781 280.571136474609 281.182189941406 281.637268066406 281.529266357422 281.041564941406 280.813537597656 279.683441162109 277.453216552734 277.625915527344 280.245788574219 279.68310546875 279.723022460938 280.010162353516
285.988647460938 286.247283935547 286.372528076172 285.911926269531 285.657653808594 285.511413574219 285.389404296875 285.162109375 284.670684814453 284.700012207031 284.900146484375 285.12646484375 285.068359375 285.080017089844 284.912109375 284.599029541016 284.391784667969 284.375427246094 284.182830810547 284.367736816406 284.225036621094 284.111846923828 284.088439941406 283.683013916016 283.668426513672 283.227935791016 282.708587646484 282.476654052734 282.593902587891 283.002655029297 282.695739746094 282.497772216797 282.592376708984 282.088317871094 281.740783691406 281.311706542969 280.71630859375 280.560913085938 281.23828125 281.351715087891 280.715606689453 279.616058349609 279.810699462891 279.315734863281 278.93408203125 279.940460205078 279.883819580078 279.292022705078 279.289123535156
286.146881103516 286.321533203125 285.998565673828 285.746917724609 285.474334716797 285.065856933594 285.158538818359 284.786254882812 284.336883544922 284.138702392578 283.757202148438 284.554473876953 284.509246826172 284.595886230469 284.788421630859 284.596221923828 284.013061523438 283.794006347656 283.905426025391 283.745269775391 283.503265380859 283.810546875 284.147430419922 283.830749511719 283.813018798828 283.469512939453 282.949615478516 282.506408691406 282.420745849609 282.495086669922 282.609558105469 282.524047851562 282.280700683594 282.009124755859 281.844543457031 281.440368652344 280.744476318359 280.455841064453 280.935272216797 281.043823242188 280.761596679688 279.515686035156 279.161529541016 278.45849609375 277.876739501953 278.056945800781 279.84130859375 279.070007324219 278.819274902344
286.492095947266 286.451934814453 285.801330566406 285.380401611328 285.541259765625 285.10205078125 284.765563964844 284.554443359375 284.359527587891 284.346923828125 284.086700439453 284.3681640625 284.345123291016 284.200378417969 284.440399169922 284.485504150391 284.12158203125 283.848297119141 283.509124755859 283.408386230469 283.197296142578 283.503479003906 283.680145263672 283.834899902344 283.789733886719 283.461822509766 283.169403076172 282.643341064453 282.473663330078 282.406372070312 282.721771240234 282.50732421875 281.981719970703 281.506134033203 281.447052001953 281.270690917969 280.685699462891 280.363372802734 280.945220947266 280.891326904297 280.795837402344 279.982757568359 279.266937255859 278.738586425781 278.12841796875 277.918579101562 279.472045898438 278.817138671875 277.938354492188
286.390258789062 286.098876953125 285.951538085938 285.824310302734 285.463348388672 284.977905273438 284.701202392578 284.670562744141 284.542602539062 284.478851318359 284.504455566406 284.486022949219 284.441833496094 284.066680908203 283.897308349609 284.063751220703 284.284759521484 284.158721923828 283.587005615234 283.566711425781 283.292449951172 283.206390380859 283.180053710938 283.479675292969 283.605377197266 283.010498046875 283.087677001953 282.950408935547 282.345458984375 282.288421630859 282.507202148438 282.228424072266 281.500915527344 281.034240722656 280.689483642578 280.562438964844 280.507507324219 280.108276367188 280.724670410156 280.85888671875 280.737243652344 280.198394775391 279.486175537109 279.482330322266 279.239166259766 279.139434814453 279.276977539062 278.809997558594 277.959381103516
285.491149902344 285.613311767578 285.845123291016 285.955291748047 285.685821533203 285.154937744141 284.945770263672 284.690490722656 284.680847167969 284.683715820312 284.73583984375 284.511596679688 284.297210693359 283.932708740234 283.551177978516 283.708465576172 284.189910888672 284.035064697266 283.432434082031 283.537475585938 283.030609130859 282.942169189453 282.662139892578 282.890441894531 283.369232177734 282.748413085938 283.0517578125 283.078094482422 282.124359130859 280.679931640625 282.056854248047 282.169189453125 281.540618896484 281.013488769531 280.370574951172 280.024322509766 280.094329833984 280.060424804688 280.637451171875 280.87353515625 280.507202148438 280.282043457031 279.842590332031 279.711212158203 278.374908447266 277.544494628906 279.265197753906 278.783508300781 278.046112060547
285.043609619141 285.398071289062 285.62939453125 285.782196044922 285.800994873047 285.669097900391 285.557312011719 285.028991699219 285.037872314453 284.686279296875 284.460632324219 284.3759765625 284.247039794922 283.983215332031 283.537384033203 283.470947265625 283.699554443359 283.518859863281 283.071197509766 283.099792480469 282.920074462891 282.859497070312 282.466369628906 282.495239257812 283.013885498047 282.660430908203 282.7783203125 282.625823974609 282.101715087891 280.653045654297 281.482818603516 281.868225097656 281.823822021484 281.046081542969 280.641204833984 280.298950195312 279.991333007812 279.871826171875 280.383605957031 280.805389404297 280.313629150391 279.966003417969 279.906585693359 279.735443115234 278.690216064453 278.022674560547 279.077575683594 278.454620361328 277.713043212891
285.107238769531 285.249359130859 285.36962890625 285.412536621094 285.365966796875 285.394653320312 285.456787109375 285.147155761719 285.034057617188 284.630432128906 284.412109375 284.373718261719 284.109344482422 283.746643066406 283.514373779297 283.405944824219 283.432769775391 282.718017578125 282.394104003906 282.897155761719 282.963958740234 282.665954589844 282.112731933594 282.341278076172 282.780609130859 282.567718505859 282.473480224609 282.014251708984 281.965576171875 281.304809570312 281.292694091797 281.369689941406 281.637390136719 281.369079589844 280.893218994141 280.727081298828 280.221130371094 279.743804931641 280.137512207031 280.618530273438 280.345733642578 279.700469970703 279.521209716797 279.251068115234 279.539916992188 278.960571289062 278.337829589844 278.427276611328 277.163177490234
285.157440185547 285.155426025391 285.075805664062 284.918182373047 284.957427978516 284.855834960938 284.632629394531 285.235198974609 285.098052978516 284.707672119141 284.792541503906 284.62890625 284.358154296875 284.029022216797 283.675750732422 283.411468505859 283.413818359375 282.57421875 282.016418457031 282.838806152344 282.968963623047 282.547546386719 281.857269287109 282.166839599609 282.452087402344 282.213195800781 282.282531738281 281.608978271484 281.547637939453 281.51806640625 280.989440917969 281.136596679688 281.326690673828 281.59716796875 281.318511962891 280.688873291016 280.186584472656 279.701141357422 280.049285888672 280.525939941406 280.278747558594 279.548126220703 279.211334228516 278.540863037109 278.989105224609 278.956237792969 278.471496582031 278.430236816406 277.244506835938
284.985260009766 284.893829345703 284.714996337891 284.754180908203 284.992584228516 284.984649658203 284.391754150391 284.963439941406 285.05419921875 284.620086669922 284.630432128906 284.55908203125 284.553741455078 284.288330078125 283.832153320312 283.439727783203 283.395751953125 283.046905517578 282.282592773438 282.430999755859 282.70361328125 282.34423828125 281.671447753906 281.94287109375 282.190887451172 281.838226318359 281.790771484375 281.659820556641 282.033477783203 281.980407714844 280.859375 280.5869140625 280.760406494141 281.401580810547 281.344421386719 280.674896240234 280.228485107422 279.655242919922 279.811920166016 280.034149169922 279.892150878906 278.847503662109 278.417755126953 277.815338134766 278.36181640625 278.791839599609 278.405059814453 277.988586425781 276.340728759766
