rcp8.5models/MPI_ESM_LR/sc1gr6.0
NCOLS 261 
NROWS 433 
XLLCORNER 336357.134 
YLLCORNER 654653.479 
CELLSIZE 1000 
NODATA_value -9999 
[rows 66 to 87 of 433, columns 100 to 149 of 261]
999.904119597295 1004.17836362238 1006.97256649558 1007.84033510874 1010.05774501062 1015.95599263917 1020.50821589663 1025.33690308787 1028.70642830112 1031.83062544473 1033.65066395255 1037.21558987387 1045.61646469985 1052.83773124657 1054.34029747911 1057.35600510361 1061.41488937659 1065.30760955162 1069.56869662697 1071.7490874271 1076.70558566719 1084.56645791443 1087.6711400721 1090.45523723976 1097.91495052368 1103.24502278284 1106.22907663715 1107.42097813373 1110.53708491785 1112.12026563463 1115.54768045282 1119.91363516377 1123.78519153679 1133.10012008458 1146.17630902893 1150.37156767311 1153.75700094517 1156.12054149049 1160.82993925631 1164.292207787 1166.23205795428 -9999 -9999 1179.6846503681 1185.5703719218 1191.12697061561 -9999 -9999 -9999 -9999
1000.381041055 1005.29816007441 1006.78764252964 1007.75761114108 1009.73295045709 1013.79985094985 1018.97723871688 1025.02221831336 1029.07714350403 1032.7246154436 1034.5859936688 1038.12476722289 1045.68995491037 1050.67459879916 1052.03686962314 1056.57120674195 1062.08381154832 1069.70298837076 1070.38564859539 1073.02627377046 1075.8483865856 1082.10647639277 1086.54645027489 1090.54776418694 1097.83516322359 1102.23262474019 1101.84713636126 1102.61922604693 1108.48212196934 1111.14661128121 1114.01762987526 1119.19525618935 1123.4259216091 1132.38388254938 1144.59673999828 1150.45811820298 1151.36753579438 1152.96342510799 1157.86259196507 1163.78305036043 1167.03878332621 1171.61548878799 -9999 -9999 1186.01846949389 1191.2320769169 -9999 -9999 -9999 -9999
1001.88152104653 1005.61758797933 1009.07069338581 1010.4761866674 1012.12066169087 1014.99891543568 1018.39907797146 1020.79647058163 1028.57067675177 1032.99092813791 1037.70084765652 1041.66961814782 1047.11279019721 1048.61953375941 1050.49311555904 1055.69473525027 1063.49046335574 1066.02942836971 1067.50175349573 1070.47969233218 1073.85581953236 1075.32342802793 1078.40028564224 1083.42190576614 1091.60051819052 1095.52145535823 1100.18226720255 1101.29159974666 1105.55700658208 1111.64524988614 1116.40640907043 1121.4127476341 1128.54507619178 1134.82184546118 1143.69350251223 1149.69590673927 1153.86212761556 1157.37825024201 1162.71747813542 1166.89878423363 1169.53780147856 1172.65283816897 1175.6484426194 -9999 1186.72339571491 1191.34680841175 1198.3704950193 -9999 -9999 -9999
1002.03344172739 1004.88732962038 1008.34887451642 1010.46725660087 1012.0243527543 1015.61919401617 1019.11258628074 1021.95794934997 1027.28384179932 1032.60598534323 1036.91985544569 1041.50059752137 1048.66246302728 1048.80765700433 1052.22868872283 1055.93422888161 1062.2971854612 1063.95957337975 1066.00037279838 1068.74054939983 1071.28583317 1074.22223452756 -9999 1081.98191767024 1090.40928266022 1093.93359690293 1098.65533938571 1100.83320989729 1105.06045875246 1111.19947557525 1117.02822221369 1121.25461492759 1127.35415959711 1136.97040086031 1146.26740435472 1151.88982629122 1155.11827026269 1158.45336551098 1164.66043486247 1166.6823641653 1169.29521224684 1171.88052977142 1176.003118743 1182.02290594707 1186.95543203766 1191.73422430423 1197.85875030745 -9999 -9999 -9999
1002.19427298171 1005.82844789935 1008.03502894442 1009.48621920998 1012.62223080542 1015.27173531426 1017.98235302202 1022.71092375694 1025.65968236815 1031.46303569479 1036.69574486275 1041.48196403315 1047.79537989048 1049.02716687425 1053.07915498143 1055.51122446064 1059.49393247061 1062.62099619711 1062.83657243835 1066.81851230637 -9999 -9999 1078.93985178788 1080.96749158913 1090.91279085853 1093.76600095908 1098.2934015392 1102.11193793617 1104.83385352361 1112.00022390178 1117.43356332747 1121.46258117082 1126.75483075373 1135.60128306237 1146.40773576445 1151.94965066174 1155.77398144284 1161.59382542997 1165.47615906164 1168.15979504826 1170.07057353592 1172.05678255683 1177.30973265419 1184.43772629624 1187.81743566709 1192.26258124 -9999 -9999 -9999 -9999
1001.52580819569 1006.18582798348 1008.31017780025 1009.34067010274 1013.30642041336 1014.88708596854 1018.71884513004 1022.83695915014 1024.99343230204 1031.2124379361 1035.41236870993 1041.87428046173 1046.37096216367 1049.20376204785 1053.09061466034 1055.50482995293 1058.38663720852 1060.83647472107 1062.49559707507 1068.82291977133 1072.00105507093 1076.83369686078 1080.25312949965 1080.27618831038 1091.14504043706 1094.88128225612 1098.54562679636 1101.99824438995 1105.03297896469 1113.42011878772 1117.46089928849 1122.67072802451 1128.57716589608 1137.42597948726 1145.7229672209 1153.89032381199 1158.67508937822 1164.16219787607 1165.2201840605 1169.12932144795 1170.6695225113 -9999 1178.24915658088 1186.2970985794 1189.07166733623 1193.48953787939 -9999 -9999 -9999 -9999
999.536074376736 1004.20028451751 1005.04295757183 1009.62115890124 1012.83581097314 1014.44834932224 1020.23608057771 1024.13379169926 1025.74172908531 1029.99728324637 1034.97932317734 1041.06565009729 1046.85749526145 1050.425718852 1052.14730007982 1053.58882576604 1056.81186095619 1060.78943463264 1064.52453781933 1070.84018746642 1074.25141033295 1078.78994452944 1081.01089014093 1082.40577754093 1092.45201879505 1094.78584146448 1099.13504883841 1101.70330578822 1105.67795686537 1114.34843805486 1119.74303975117 1125.95898405655 1130.69035962857 1140.40479221356 1145.02882752445 1154.08654248322 1160.16623649948 1164.1575326986 1166.6216041509 1169.47390858113 1169.32363324167 1172.68610930769 1179.52930558413 1187.79440305963 1189.81255179484 1195.49484303441 1200.75537854662 1202.77463410674 -9999 -9999
999.678182196508 1004.19828428581 1006.87435711623 1009.63159770037 1011.47946806265 1015.68905736428 1021.03943236862 1023.72610123207 1026.99615386078 1030.78950166001 1035.81982077812 1038.6400724206 1048.51902560732 1051.06096420523 1051.71688798333 1053.41614518355 1055.98691648329 1061.16122982118 1065.20916750632 1071.63281639375 1075.19654097908 1078.53460340619 1081.87345736709 1083.99497767809 1093.63581779969 1095.67872258986 1099.07613316895 1102.62078991972 1107.45086728958 1115.45934650023 1122.05051467765 1128.40430826735 1133.04371364843 1141.27088196552 1145.08514123995 1152.34113567968 1158.95980768209 1163.51596236766 1166.90140821757 1166.46354183228 1169.92409949667 1176.15669652948 1183.01202335981 1188.47554465942 1191.05080897119 1194.46218695654 1201.40178383094 1205.43739658156 -9999 -9999
1001.16136882888 1005.30103193681 1009.49553224301 1009.83209163868 1011.19202453076 1014.73812318594 1020.1811091812 1023.28912189395 1027.8261093841 1031.95673811432 1034.59064574722 1037.60382538534 1049.17018429034 1051.47664763231 1053.35957721249 1054.44681020298 1056.27803087396 1061.29580849674 1064.78826873796 1072.78447884259 1077.13225092029 1079.29993715957 1083.51227446281 1085.06540547053 1093.8699457811 1096.53748377822 1099.14053212199 1102.88955274365 1109.0741115637 1116.49106315971 1123.55939781023 1128.34234225481 1133.53212493744 1137.35441856359 1141.70226774449 1151.29188954678 1155.77230088154 1158.09288341767 1163.58228387549 1165.94723719978 1173.03233344691 1179.36786649054 1185.98086209442 1189.10816145274 1190.3088356665 1192.11201992008 1200.73155233304 1206.57060386943 -9999 -9999
1001.98969930653 1006.3411262369 1009.12894750927 1010.25931228799 1011.35385624515 1013.53565363796 1018.07857343359 1023.96635325957 1027.01819797936 1030.80845658952 1033.83588235298 1037.46111281695 1046.83950258329 1048.95782634635 1053.37229977991 1055.65523007235 1056.00205078023 1061.32808581481 1065.91002247917 1074.16803127223 1079.38357009871 1082.02400755114 1084.33454544823 1086.42670295593 1092.41934736366 1095.37421304382 1099.19060146738 1103.12604136733 1109.32250247438 1117.17009034361 1124.64086541459 1128.18067983338 1131.18836550725 1134.22138069573 1139.34310144456 1148.71742175455 1152.45746336133 -9999 1163.86458479027 1168.73627146046 1174.72191613264 1178.51848989584 1183.13701179585 1187.51460115557 1189.23033336918 -9999 -9999 -9999 1211.7885521753 -9999
1002.13814725185 1006.68031148133 1008.06025822625 1009.88753459022 1011.66825359557 1013.71120578223 1017.59575350532 1022.94912274049 1025.91386625802 1029.97078346014 1033.88152018011 1037.37582709707 1045.50917571544 1048.08791836651 1052.74402318074 1055.22459598868 1058.02058401809 1062.42629024028 1067.34550820294 1073.45354135363 1079.80306842932 1084.45989992446 1086.87925150871 1088.85879445199 1094.83821391823 1096.31351932767 1099.38056919296 1103.43603207789 1108.12770688467 1118.03933652945 1124.84231190609 1127.04837484938 1130.17128968582 1134.98130344535 1139.81371606048 1148.90961649437 1153.29449346776 1160.25077080703 1165.42381701824 1170.02057326251 1172.64956583249 1175.28278408577 1180.33391103191 1184.10773912939 -9999 -9999 -9999 -9999 -9999 -9999
1003.95165604727 1006.24420563395 1008.22806122371 1010.9527157978 1012.56909191978 1014.01113278104 1017.5922868337 1022.3724955094 1025.10340648385 1029.66135363742 1034.57819795955 1038.37298997339 1044.60834404741 1048.00425642883 1051.57607508958 1055.44135491246 1059.86747304523 1062.39101337085 1067.75537348958 1071.82688857128 1079.98207168376 1084.29872126371 1087.32081975965 1090.00436970751 1095.89325474025 1098.31072195247 1101.27686537709 1104.01315737847 1109.72754902364 1120.23856698124 1125.59770963306 1127.53648772607 1131.54729847009 1139.02287545904 1142.75633652622 1152.92413456775 1155.84024611645 1161.97649268367 1163.5947083172 1166.12121567638 1168.864858523 1173.24265500734 1179.15415637832 -9999 1186.59684316595 1191.5689540925 -9999 -9999 -9999 -9999
1004.63515274999 1006.56751777171 1008.50708312294 1012.89287474507 1013.98641700279 1015.12773688551 1018.04896048354 1023.59367144216 1027.20015970319 1033.40888074196 1035.64463569241 1039.14482937068 1045.65387034696 1048.58986534545 1051.98225354963 1057.69365157325 1060.15614570176 1062.53317416603 1067.9745295622 1072.91142810239 1080.11810141055 1084.92898876856 1086.0386883658 1089.72594509372 1095.27867222309 1098.8790764331 1102.09021211509 1105.91236813117 1112.33999409969 1121.74188860249 1127.15011521292 1129.23387330246 1135.21618268212 1143.41444492532 1144.58107567002 1156.6413144998 1156.42633536404 1162.91910544044 1163.16833023204 1164.47981615524 1167.61425286035 1173.25915934987 1178.03951724413 1182.63107571787 1186.7752556277 1192.37210369101 1206.88537991336 1210.82448602765 1212.1636845687 -9999
1005.68138674212 1006.95365480134 1009.26274299958 1013.97302394839 1015.68878997339 1017.05278200564 1019.12034778673 1022.06962173568 1027.29237150353 1032.1560566099 1037.04680967899 1039.54565269905 1046.76341163475 1050.40819414395 1053.75506698431 1059.148797509 1061.76369843473 1063.01514689697 1067.39984993126 1072.65271456635 1080.39367736692 1084.11746470229 1085.05476366215 1088.23134227076 1093.87265078269 1099.80612246783 1103.03909249993 1107.25518076149 1112.32571741357 1120.59762810764 1126.87252958664 1130.79439617315 1136.63383561155 1143.63882660417 1147.7608106885 1156.93548640738 1155.25225804761 1160.50586921416 1161.85137537028 1164.27242114313 1168.11561224333 1172.49020761764 1178.85892035375 1182.89814263134 1187.82349487637 1195.42391910413 1209.60796132567 1212.53466112804 1213.10528642164 -9999
1008.57003290151 1011.92712097976 1014.89637394754 1014.75964378423 1016.96242405592 1019.21281892862 1020.98509681304 1022.7819447125 1026.72222925389 1029.57856682723 1034.25337825863 1040.24879836684 1048.94597135895 1052.30261088754 1055.72380162927 1059.38709411704 1062.69843540429 1066.5892484545 1069.17856032459 1074.76225965809 1078.78554858449 1083.53932318451 1085.5445178742 1088.64597209139 1098.01670263527 1104.16583086478 1107.51026522536 1109.12753387157 1114.24774150128 1121.60419629213 1126.68503536146 1130.07786657621 1134.47682337395 1139.11281343895 1143.07743221219 1150.33133296534 1152.90511105167 1158.18699261738 1161.24298372804 1165.52185473443 1170.95672513412 1179.06075288167 1182.8628139271 1186.9252225595 1192.75739781813 1201.47453186454 1210.5387738766 1213.4805149516 1216.69438510262 -9999
1007.65770442901 1015.08042405214 1016.65342610998 1015.50664127103 1018.02604810991 1020.31151912429 1020.56822073836 1023.99780519073 1026.12981240438 1028.96596485611 1033.30314957963 1038.12107032751 1047.93767077338 1052.48887436135 1057.57304860731 1058.85957186995 1061.32011678815 1066.24675293444 1069.19542837756 1074.10144532582 1079.9287834849 1083.85979599572 1086.89075794755 1090.1247927081 1099.15216474215 1104.26978365979 1107.6358978942 1110.85400319917 1115.61252914481 1122.51789483845 1126.32235742506 1127.26945718411 1132.0543034975 1137.17199181156 1140.93909641042 1147.20753802408 1153.38943870163 1157.85882840146 1163.10343190065 1168.75278267202 1175.57825093508 1180.43865264834 1184.54762320189 1187.35838634228 1193.4298050069 1201.49256658327 1211.23612706509 1214.29715199129 1220.17974794964 1226.48697575802
1005.67233426562 1014.05472015755 1016.48559233746 1017.2811645097 1019.24506257932 1020.74754951548 1022.10401269635 1027.61737427342 1029.16354018589 1028.98833283428 1032.42486258131 1036.70215632526 1047.24366642774 1053.20377970071 1058.6831835077 1059.23896761857 1060.82915523865 1066.40701723857 1071.3422286786 1072.96405549801 1079.91490652378 1086.54802177983 1088.14193063426 1092.22866578186 1098.79214397408 1103.30740803974 1107.18995520439 1111.70139275005 1117.27036275829 1122.93545085805 1125.78630718467 1127.8009840281 1131.34084066314 1137.15050052946 1139.65973571541 -9999 1155.5266267093 1159.20923706685 1165.82503994582 1171.18166738308 1177.89031375808 1183.08637201899 1185.36600042676 1187.80412088695 1196.39546148549 1204.11869581346 1213.05502038497 1215.97451165548 1223.71425546172 1226.50304462636
1003.96420647047 1014.97670480809 1017.91526133277 1018.02323632643 1019.6536811479 1021.11688489812 1023.73972130225 1028.10004365164 1029.71410035377 1030.38967623326 1033.73953763181 1037.21411314255 1046.52492156712 1052.49216816411 1056.56575386122 1059.72402043307 1062.2781896051 1068.19121137315 1074.03351350124 1075.38067225019 1080.25261774555 1087.41254518 1087.96304593632 1092.83652591999 1097.9577041099 1103.32465828988 1106.5522063274 1110.62976013893 1116.42362127568 1121.77857767894 1124.94314282144 1129.3337969054 1132.26462503178 1137.75078821962 1140.18433345906 -9999 1158.06661035711 1162.67766993226 1167.96659314636 1174.52777958682 1178.52530550736 1182.76277676074 1186.24193789414 1190.9055973446 1199.16809071458 1205.07911994429 1215.5732625574 1220.1054173271 1225.29652943378 1228.44019850407
1005.42681866607 1013.38312038122 1015.62570762072 1015.72125738385 1021.624822053 1023.70044195496 1025.63360005427 1027.75676258205 1029.28509382664 1031.53106753204 1034.06502176431 1038.14405538791 1046.18519574897 1052.50599803987 1056.6622035129 1061.29565188754 1064.14525850594 1068.06276455023 1075.17450440487 1078.9032274358 1082.95490808206 1087.55625703354 1089.35236381123 1092.27187386478 1100.0482445829 1104.05947324939 1106.85754773307 1110.02955454074 1114.77378182177 1120.17855377368 1124.38409882347 1128.87540259261 1132.76677723539 1138.48009076211 1141.26410125273 1154.01175078242 1160.00768945087 1164.68521181567 1170.3250836995 1177.02427677862 1179.30916484422 1182.64540607846 1187.23944441752 1194.99511651396 1199.92531441292 1205.39695983184 1217.98408394721 1221.72706263711 1226.50951194991 1230.94205018859
1006.2848597419 1011.5154883147 1013.60347225067 1016.56046440534 1025.53607965896 1026.97941326226 1027.6778669917 1029.24587932427 1031.8888052996 1031.88011026605 1033.66770729989 1038.40213715338 1046.86989304438 1053.50107323765 1057.99529052841 1063.45270842563 1063.96453043209 1067.45954007876 1076.50611994762 1080.29045844333 1085.60715617685 1089.06673581985 1092.2284010103 1095.02103992933 1103.46669018537 1104.89016520421 1107.00850136737 1111.03160858142 1115.44712388626 1119.8846982672 1124.88405639791 1129.58757203613 1134.10131713922 1139.71590919676 1143.82711904301 1156.51310995853 1160.94166008214 1166.26865272426 1172.44023434898 1176.08831033926 1179.81919711315 1185.41192101669 1190.09915755868 1196.43985895064 1200.13699107683 1207.19560674841 1219.99597034871 1222.64526859071 1227.46265446792 1233.18804563035
1006.39558587046 1012.4561783201 1016.04394287715 1018.75749794143 1026.32630561212 1028.90019327865 1028.81244089008 -9999 1034.68032026035 1034.30747885273 1034.8159373339 1037.80991021145 1045.57998088801 1051.99722794101 1058.97461677653 1064.83582030362 1064.97156944984 1068.34395193631 1077.83684844359 1083.13653938941 1089.92788817924 1091.78817696382 1094.16921632242 1097.94095245947 1105.5422460361 1106.32185891243 1108.71165745787 1113.54853512914 1118.64560763811 1121.87316610787 1126.13856463625 1130.55740077905 1136.00123460572 1141.40344414792 1148.44626872362 1159.43559480262 1163.39480039434 1167.97227771545 1173.29466877071 1176.3904968911 1181.21688255396 1187.83085982163 1193.383625713 1197.10151912142 1200.29886210307 1207.82263975233 1219.54391935869 1224.80038554061 1227.52068386582 1232.48707333909
1007.52046043046 1012.5974970887 1018.40644493105 1022.30573772408 1026.4891586618 1030.70144715452 1032.05123564326 1034.59393486065 1033.7927896023 1036.27599695059 1036.69190964419 1038.86778204157 1047.32631810399 1053.31150315914 1059.18616433999 1063.03960297367 1066.54188940226 1071.19864989146 1078.10124258926 1084.97412893067 1091.57153410263 1094.03382105378 1096.60959031538 1100.64067730392 1105.70040220195 1108.6837745783 1110.57706976885 1114.94584442854 1119.71754542884 1124.02727543521 1128.86767573385 1133.54632489286 1137.91560936073 1141.59147528448 1149.16859928172 1161.93810771876 1166.08886313156 1170.72252147379 1175.01012238983 1177.92691681661 1183.8758825535 1190.43726550107 1195.33905141111 1200.03380242507 1202.66312329548 1210.66628298479 1219.697427847 1224.99376951861 1227.47962138115 1233.48510595576
