rcp8.5models/MPI_ESM_LR/sc1gr0.23
NCOLS 261 
NROWS 433 
XLLCORNER 336357.134 
YLLCORNER 654653.479 
CELLSIZE 1000 
NODATA_value -3.4e+38 
[rows 308 to 329 of 433, columns 98 to 146 of 261]
96.3893280029297 96.5651245117188 96.4834136962891 96.8744430541992 96.9655838012695 97.0965576171875 97.2128829956055 97.3317489624023 97.335334777832 97.5375671386719 97.6915740966797 97.6496200561523 97.5663604736328 97.5534210205078 97.80322265625 98.0224380493164 98.2099227905273 98.4540100097656 98.5077133178711 98.636360168457 98.786491394043 98.709716796875 98.7886047363281 98.8906936645508 99.1852111816406 99.3385314941406 99.5001907348633 99.6559295654297 99.7718734741211 99.7870025634766 99.7143707275391 99.7066802978516 99.4475631713867 98.7634124755859 98.1814727783203 97.6779937744141 97.2634735107422 97.6111831665039 98.5875930786133 99.2337036132812 99.6761245727539 99.4492721557617 98.4932022094727 98.0182571411133 97.9143600463867 97.7215728759766 97.7341461181641 97.7456283569336 97.4814682006836
96.3004379272461 96.4498138427734 96.3713073730469 96.7156600952148 97.046760559082 97.0003890991211 97.1025543212891 97.3272933959961 97.4123306274414 97.5024108886719 97.4815521240234 97.3331909179688 97.269157409668 97.3791198730469 97.8004608154297 98.0600738525391 98.31787109375 98.4815902709961 98.5483016967773 98.5444183349609 98.6201324462891 98.5616226196289 98.5596542358398 98.5472412109375 98.7539825439453 98.9555892944336 99.4463653564453 99.530647277832 99.3301162719727 98.85546875 98.5261383056641 98.8024291992188 99.0385360717773 98.497200012207 97.8924255371094 97.4761199951172 97.2257537841797 97.3499069213867 97.9991836547852 98.3845443725586 99.0584335327148 99.2720413208008 98.3525848388672 97.6468200683594 97.3532028198242 97.4132843017578 97.5878829956055 97.5333633422852 97.1536712646484
95.5632171630859 95.771369934082 95.9590072631836 96.4197082519531 96.9382095336914 96.9022674560547 96.9723663330078 97.2330169677734 97.3586959838867 97.4520492553711 97.2538681030273 97.1946868896484 97.3319549560547 97.5036773681641 97.8972396850586 98.0991134643555 98.2855911254883 98.5510025024414 98.6386260986328 98.6139068603516 98.5400543212891 98.3296279907227 98.0642700195312 97.870361328125 98.1633911132812 98.5460968017578 99.4591827392578 99.3725814819336 98.8140411376953 98.0779800415039 97.6052398681641 97.7607421875 98.1850509643555 98.0544204711914 97.6741790771484 97.1410293579102 96.7263717651367 97.235954284668 97.4363784790039 97.5715713500977 98.2328643798828 98.9710006713867 98.4310836791992 97.4243850708008 96.9304122924805 97.1784210205078 97.3623962402344 97.2591934204102 97.4310073852539
94.5468521118164 94.3950424194336 94.8158416748047 95.8665008544922 96.5362548828125 96.7986145019531 96.8467559814453 97.0912322998047 97.2274475097656 97.2639083862305 97.0691604614258 97.0499877929688 97.3027114868164 97.5790023803711 97.9580154418945 98.1239166259766 98.2405548095703 98.4430236816406 98.5582580566406 98.5847320556641 98.5289154052734 98.2034149169922 97.7552795410156 97.5167617797852 98.1193008422852 98.8542404174805 99.4488830566406 99.3846817016602 98.9847030639648 98.2907333374023 97.6551742553711 97.3432312011719 97.4277191162109 97.6970977783203 97.7121734619141 97.3536605834961 96.6288986206055 95.9020080566406 96.1844940185547 96.7856979370117 97.6717987060547 98.207160949707 98.0025787353516 97.0412292480469 96.3751831054688 96.7987289428711 97.1011352539062 97.1930160522461 97.6584091186523
93.6718826293945 93.2750625610352 94.1199035644531 95.5062026977539 96.374755859375 96.7520904541016 96.6948013305664 96.8330993652344 96.9402084350586 97.0450897216797 97.1086730957031 97.1087036132812 97.2650299072266 97.5329208374023 97.8110961914062 98.1090316772461 98.2556228637695 98.2642593383789 98.3489303588867 98.3705978393555 98.4446029663086 98.1960754394531 97.8032302856445 97.8704299926758 98.5209655761719 99.1310424804688 99.0132064819336 99.0695343017578 99.0345306396484 98.7202758789062 98.1447982788086 97.721305847168 97.5104904174805 97.5133972167969 97.5024032592773 97.4539489746094 97.0445098876953 94.6672286987305 94.7855377197266 95.910758972168 96.93310546875 96.7062377929688 96.4129943847656 95.9929962158203 95.8686447143555 96.3833770751953 96.9087982177734 97.3919830322266 97.7431259155273
92.6094589233398 92.8479537963867 93.7089691162109 95.1642684936523 95.3885879516602 95.9668197631836 96.1336288452148 96.0325088500977 96.44921875 96.8666458129883 97.1087265014648 97.3394165039062 97.5675506591797 97.6132736206055 97.7513427734375 97.9589996337891 97.9593887329102 97.9228363037109 97.8317184448242 97.7026062011719 97.7828979492188 97.7612152099609 97.6523208618164 97.8975372314453 98.7071914672852 98.9914855957031 98.3786468505859 97.8695678710938 98.0234832763672 97.8543167114258 97.9495315551758 97.9956665039062 97.6596374511719 97.4211273193359 97.1711807250977 96.9381713867188 96.8691711425781 95.3847885131836 94.3742599487305 93.5291061401367 93.1206436157227 93.2692031860352 94.2886047363281 95.625 96.2938537597656 96.5961837768555 96.5808029174805 96.7608489990234 97.6114196777344
92.3468856811523 92.4593276977539 93.0520629882812 94.1486663818359 94.4513168334961 94.9844284057617 95.3661575317383 95.407112121582 95.8592147827148 96.7000579833984 97.1188278198242 97.3180084228516 97.4810028076172 97.6804809570312 97.6935195922852 97.7730407714844 97.6823348999023 97.6846923828125 97.3665542602539 97.1216659545898 97.3342742919922 97.4340896606445 97.3749618530273 97.5158615112305 98.2826995849609 98.7749252319336 98.1853637695312 97.7113571166992 97.3389739990234 97.2128753662109 97.4358825683594 97.4665756225586 97.2624359130859 97.2714538574219 97.1775970458984 97.0594635009766 96.5835189819336 95.4418640136719 95.370719909668 94.5988922119141 93.9756393432617 93.6200180053711 94.4863662719727 95.793586730957 96.4402008056641 96.4878005981445 96.1398086547852 96.1385269165039 97.102409362793
93.0604629516602 92.9965972900391 93.1103515625 94.2891693115234 93.9143447875977 94.2554397583008 95.0403594970703 95.005973815918 95.3032989501953 96.3074417114258 97.0400390625 97.2668075561523 97.3854751586914 97.4953002929688 97.7059326171875 97.6706314086914 97.5919799804688 97.3702163696289 96.8280715942383 96.6981964111328 97.0141525268555 97.3738861083984 97.4501266479492 97.5484848022461 98.2046508789062 98.5977020263672 98.0487976074219 97.5595474243164 96.7768325805664 96.6605453491211 96.9687805175781 96.7902221679688 96.6102981567383 96.8287963867188 96.6655731201172 96.6006927490234 95.9130706787109 95.5382614135742 96.131477355957 95.9070816040039 95.1278915405273 94.5571365356445 94.9113464355469 95.9143905639648 96.4895629882812 96.2000579833984 95.8917694091797 95.9431457519531 96.9533615112305
93.9427108764648 94.1580429077148 93.9598846435547 95.2758483886719 94.498291015625 94.1882247924805 95.1447525024414 95.2310943603516 94.9880981445312 95.8753662109375 96.7949142456055 97.1361694335938 97.2683029174805 97.3041229248047 97.4422454833984 97.442268371582 97.3980026245117 96.9782257080078 96.4907150268555 96.5297164916992 96.8276596069336 97.2235336303711 97.519889831543 97.8148651123047 98.3392639160156 98.4794998168945 97.6990127563477 97.4919128417969 96.9257049560547 96.5260925292969 96.5023574829102 96.1414108276367 95.9513092041016 96.1449737548828 95.970329284668 95.8271636962891 95.4017562866211 95.5632171630859 96.0399780273438 96.5927505493164 96.2145462036133 96.0325775146484 96.1313552856445 96.4869003295898 96.4270095825195 95.7957534790039 95.8347854614258 96.3981475830078 97.3248672485352
94.0965957641602 94.3768463134766 94.4330139160156 95.4594955444336 95.2126541137695 94.4081573486328 94.9301223754883 95.6880569458008 95.4378967285156 95.5296859741211 96.2353744506836 96.9770202636719 97.2576293945312 97.2227783203125 97.1445083618164 97.1794128417969 97.0707321166992 96.7682876586914 96.4535140991211 96.430290222168 96.6898880004883 97.0697631835938 97.3344879150391 97.6745529174805 98.1796646118164 98.3270874023438 97.6528091430664 97.6397399902344 97.3657989501953 97.019401550293 96.7371139526367 96.0931396484375 95.6539154052734 95.9439163208008 95.6891632080078 95.1138153076172 95.22314453125 95.8077545166016 95.8649368286133 96.643440246582 96.7842559814453 96.785041809082 96.8546905517578 96.9396667480469 96.6655883789062 96.1300659179688 96.0790939331055 96.7479705810547 97.8716735839844
94.1195831298828 94.350700378418 94.4812393188477 95.0919494628906 95.0046768188477 94.3768081665039 94.6696548461914 95.7276992797852 96.0182037353516 95.6664581298828 95.9194641113281 96.6996994018555 97.0691146850586 97.0781555175781 96.9787902832031 97.0661773681641 96.9973983764648 96.7718734741211 96.5957565307617 96.6191329956055 96.6853179931641 96.9886474609375 97.2972946166992 97.5322875976562 97.7976837158203 98.0437393188477 97.7796401977539 97.6911697387695 97.5834732055664 97.5010375976562 97.3086013793945 96.7987976074219 96.308708190918 96.4155960083008 96.1759643554688 95.7095947265625 95.8670425415039 96.5412902832031 96.2923965454102 96.4279174804688 96.7057189941406 96.5404434204102 96.5795745849609 96.7182846069336 96.7674713134766 96.705192565918 96.7876815795898 97.1636428833008 98.2895812988281
94.0863723754883 94.3237457275391 94.4781723022461 94.7942657470703 95.0743026733398 94.7526702880859 94.6994323730469 95.5502777099609 96.270622253418 96.1969757080078 96.154655456543 96.6007232666016 96.8185348510742 96.8955612182617 97.0154800415039 97.0485305786133 96.9945449829102 96.7663497924805 96.6829376220703 96.8042526245117 96.8959884643555 96.9896850585938 97.2238616943359 97.4094924926758 97.5783004760742 97.6917343139648 97.669075012207 97.6806869506836 97.6596145629883 97.6589813232422 97.5570831298828 97.4644317626953 97.2199020385742 97.0351028442383 96.8605880737305 96.8201141357422 96.7826156616211 96.9733734130859 96.6610794067383 96.4673004150391 96.6215057373047 96.5309753417969 96.5059509277344 96.59228515625 96.5756530761719 96.6453857421875 97.05419921875 97.6223220825195 98.5232162475586
93.8916320800781 94.0204391479492 94.3401336669922 94.7145767211914 95.252067565918 95.2793350219727 94.8272705078125 95.1497039794922 96.0600128173828 96.4049072265625 96.3794784545898 96.5077209472656 96.6546401977539 96.7687530517578 96.9729537963867 97.022331237793 96.8702239990234 96.6975860595703 96.6918640136719 96.81298828125 96.9988021850586 97.1310501098633 97.095573425293 97.2357635498047 97.5286712646484 97.5257110595703 97.4572906494141 97.6308898925781 97.6814193725586 97.6277313232422 97.5558776855469 97.6051635742188 97.5336608886719 97.3787841796875 97.2589569091797 97.2628784179688 97.0882110595703 96.8739624023438 96.441520690918 96.2194442749023 96.4450607299805 96.5067443847656 96.5928497314453 96.6985855102539 96.579833984375 96.5281448364258 96.8125152587891 97.4587097167969 98.7298126220703
93.4734573364258 93.5964202880859 94.0805892944336 94.5025863647461 95.1982879638672 95.5865936279297 95.1012420654297 94.7801742553711 95.4966354370117 96.1518478393555 96.3894577026367 96.4042892456055 96.480110168457 96.6368865966797 96.6863250732422 96.7790298461914 96.6938400268555 96.5823974609375 96.6608352661133 96.7317581176758 96.9393768310547 97.0502471923828 97.0461120605469 97.1855087280273 97.2349319458008 97.1885223388672 97.3372192382812 97.5775604248047 97.6135330200195 97.5470581054688 97.4789962768555 97.4505386352539 97.3524932861328 97.2676162719727 97.3663101196289 97.4919662475586 97.2562103271484 96.5803604125977 96.113410949707 95.8335876464844 96.3105392456055 96.3776473999023 96.535400390625 96.6053619384766 96.5367813110352 96.5433654785156 96.822265625 97.3210067749023 98.6697235107422
93.3923492431641 93.4220504760742 93.8199615478516 94.3377838134766 95.1513061523438 95.6547241210938 95.3829879760742 94.8468017578125 95.0659713745117 95.7096862792969 96.2426376342773 96.4609375 96.5663375854492 96.6283569335938 96.4813461303711 96.5271987915039 96.6599197387695 96.6898803710938 96.6413116455078 96.6148376464844 96.7998809814453 96.9337387084961 97.0050582885742 97.1416931152344 96.9761199951172 96.7029266357422 97.0975646972656 97.3615036010742 97.3269500732422 97.3090972900391 97.3182144165039 97.2613296508789 97.172966003418 97.2002792358398 97.2939910888672 97.4165725708008 97.2246856689453 96.6265487670898 96.1788330078125 95.8823547363281 96.1792297363281 96.192626953125 96.2975234985352 96.304557800293 96.0716018676758 96.1681060791016 96.8358612060547 97.3887023925781 98.4394378662109
93.7508316040039 93.6087036132812 93.6407089233398 94.2788391113281 94.9177551269531 95.4461288452148 95.4988555908203 95.3112640380859 95.2394104003906 95.5389404296875 96.0249786376953 96.3609924316406 96.581413269043 96.6430358886719 96.3331451416016 96.405891418457 96.6377182006836 96.8073120117188 96.7385330200195 96.5212478637695 96.5990524291992 96.8486557006836 96.9064102172852 96.9835357666016 96.8911437988281 96.6560821533203 96.732421875 96.9971237182617 96.996826171875 97.0824432373047 97.1833114624023 97.1842346191406 97.2053909301758 97.263671875 97.2269515991211 97.3038711547852 97.2305145263672 96.8301391601562 96.4386672973633 96.0028457641602 95.8923721313477 95.9900894165039 96.1192245483398 96.1389541625977 95.7798385620117 95.6473693847656 96.6188507080078 97.2554168701172 98.3413467407227
93.6410446166992 93.6309280395508 93.5550537109375 94.2452545166016 94.6096496582031 95.2071838378906 95.4802017211914 95.5551452636719 95.6065139770508 95.6676406860352 95.9509658813477 96.1535949707031 96.3269958496094 96.5944366455078 96.2428283691406 96.1983947753906 96.3423233032227 96.4954528808594 96.6144561767578 96.5998001098633 96.5851135253906 96.7137222290039 96.7444915771484 96.7368011474609 96.6335220336914 96.5453643798828 96.5281143188477 96.8012466430664 96.9465484619141 97.0683212280273 97.2437133789062 97.2873916625977 97.208366394043 97.1929168701172 97.1081924438477 97.1532897949219 97.2155990600586 96.7484130859375 96.5830993652344 96.2484970092773 95.9924163818359 95.9914321899414 96.058952331543 96.0854110717773 95.9785537719727 95.9560546875 96.6489028930664 97.0942459106445 98.0079803466797
93.0134658813477 92.9951095581055 93.0976486206055 93.9018859863281 94.3225784301758 94.9047470092773 95.4529037475586 95.6111450195312 95.5657196044922 95.4173736572266 95.5245895385742 95.9035949707031 95.9487457275391 95.8576812744141 96.1090698242188 96.15087890625 96.1425933837891 96.1429824829102 96.1529235839844 96.1678161621094 96.2778701782227 96.4231414794922 96.4118194580078 96.2032928466797 96.2062759399414 96.2409820556641 96.0560836791992 96.2988357543945 96.4075317382812 96.4260864257812 96.6776428222656 96.8976745605469 96.9386444091797 96.9494476318359 97.0412979125977 97.0387649536133 96.9657745361328 96.5867691040039 96.444580078125 96.3114776611328 96.2638397216797 96.2032241821289 96.167594909668 96.1188125610352 96.0740509033203 96.1911544799805 96.5050430297852 96.8928909301758 97.4626998901367
93.0243148803711 93.0033721923828 93.2250823974609 93.7373199462891 94.1240234375 94.7041091918945 95.1727294921875 95.3090515136719 95.3611221313477 95.2612228393555 95.3814849853516 95.7321090698242 95.8851165771484 95.8111114501953 95.7997741699219 95.9481887817383 96.1771621704102 96.0802917480469 95.8947296142578 96.0083160400391 96.2048187255859 96.2888946533203 96.3338012695312 96.2943801879883 96.3371276855469 96.2559432983398 95.7991409301758 96.0415573120117 96.2177581787109 96.2682571411133 96.6126098632812 96.793830871582 96.7809219360352 96.6736297607422 96.6670913696289 96.5880966186523 96.5742340087891 96.1789855957031 96.1419982910156 96.1899566650391 96.2061996459961 96.192008972168 96.0716400146484 96.0341644287109 95.9954605102539 96.0997314453125 96.3060607910156 96.7661056518555 97.879035949707
93.0300598144531 93.0085906982422 93.2396850585938 93.826530456543 94.3207702636719 94.853515625 94.9922866821289 95.0969314575195 95.1460494995117 95.059684753418 95.1207809448242 95.3665542602539 95.6257858276367 95.7105865478516 95.6532363891602 95.6740493774414 95.9986572265625 96.0204849243164 95.8805236816406 96.018440246582 96.1230926513672 96.192756652832 96.3098526000977 96.3113250732422 96.3072891235352 96.2352676391602 95.8849868774414 95.9297561645508 96.1549224853516 96.3449478149414 96.6083450317383 96.6674423217773 96.661262512207 96.6309432983398 96.5506057739258 96.4793701171875 96.368408203125 96.0754089355469 95.8450317382812 95.7019958496094 95.7138137817383 95.8745040893555 95.7802963256836 95.8916549682617 95.8791122436523 95.9254608154297 96.0453720092773 96.5044403076172 97.7309417724609
93.0387802124023 93.1741790771484 93.3236083984375 93.9326858520508 94.400749206543 94.9154739379883 94.913215637207 94.8891448974609 94.8885803222656 94.8234786987305 94.8648529052734 94.9976272583008 95.2150192260742 95.5724639892578 95.6816482543945 95.4870910644531 95.6577606201172 95.9326629638672 -3.4e+38 96.1485977172852 96.1791763305664 96.1457214355469 96.1958160400391 96.2049026489258 96.1993713378906 96.2201538085938 95.8462142944336 95.9095916748047 96.2129669189453 96.3320236206055 96.398193359375 96.4774475097656 96.5319671630859 96.5187149047852 96.5051727294922 96.5935592651367 96.4267272949219 96.2392501831055 96.0523529052734 95.7502288818359 95.5586547851562 95.6730575561523 95.4040603637695 95.5787200927734 95.6949615478516 95.7020568847656 95.78564453125 96.1973724365234 97.1793823242188
93.0510330200195 93.4926681518555 93.700569152832 94.1679611206055 94.4301986694336 94.7219467163086 94.7588272094727 94.5574111938477 94.4651260375977 94.5415649414062 94.7551345825195 94.8859100341797 94.9214553833008 95.3267669677734 95.6564407348633 95.4647750854492 95.3800888061523 95.5895690917969 95.9442825317383 -3.4e+38 -3.4e+38 96.2405471801758 96.1127471923828 95.9587707519531 95.9700546264648 96.0726089477539 95.7767486572266 95.6667785644531 95.9322357177734 96.1529388427734 96.1819686889648 96.1980438232422 96.1803970336914 96.1593704223633 96.2355728149414 96.4264297485352 96.3933563232422 96.39208984375 96.4503784179688 96.1862564086914 95.8843002319336 95.7008514404297 95.0785064697266 94.9425354003906 95.3669738769531 95.5597610473633 95.5146942138672 95.6573944091797 96.71630859375
