rcp8.5models/MPI_ESM_LR/sc1gr1.27
NCOLS 261 
NROWS 433 
XLLCORNER 336357.134 
YLLCORNER 654653.479 
CELLSIZE 1000 
NODATA_value -3.4e+38 
[rows 220 to 241 of 433, columns 147 to 195 of 261]
65.9646224975586 66.2642288208008 66.2892456054688 66.1749496459961 66.5645523071289 66.4324417114258 66.228889465332 66.1287002563477 66.4102249145508 66.8229141235352 66.6456832885742 66.5295944213867 66.9458236694336 67.1447143554688 66.981330871582 67.0602493286133 67.1264114379883 66.8075561523438 -3.4e+38 66.7216644287109 67.0531845092773 66.9248809814453 66.3762664794922 66.5639801025391 66.6990966796875 66.5340042114258 66.0617218017578 66.197265625 66.5183029174805 66.4502944946289 66.227424621582 66.0080413818359 66.0577011108398 66.1665954589844 65.5657653808594 65.8308181762695 65.6155242919922 65.3216171264648 65.3485565185547 65.0514373779297 64.7367858886719 64.5810623168945 64.5840454101562 64.7456512451172 64.7417526245117 64.6074066162109 64.5873565673828 64.620849609375 64.3435440063477
66.0705947875977 66.2409133911133 66.1712799072266 66.2290878295898 66.4615249633789 66.2553405761719 66.2478561401367 66.1362762451172 66.2550811767578 66.7156753540039 66.779655456543 66.7735900878906 67.0799331665039 67.4344329833984 67.2403106689453 67.1460189819336 67.2941360473633 67.0744476318359 66.7737426757812 66.8020095825195 67.1037521362305 67.0138244628906 66.4472503662109 66.5610656738281 66.5737686157227 66.6750030517578 66.6407470703125 66.5419616699219 66.6183700561523 66.5674438476562 66.2986755371094 66.0317459106445 66.331184387207 66.1062774658203 65.8028259277344 65.8602066040039 65.5974960327148 65.4607315063477 65.2662200927734 65.0055160522461 64.8382720947266 64.6980133056641 64.6582794189453 64.736213684082 64.6457901000977 64.7229995727539 64.6182708740234 64.6626281738281 64.4641265869141
66.0378570556641 66.184196472168 66.3252105712891 66.2763977050781 66.4352416992188 66.4634857177734 66.4218063354492 66.413444519043 66.5412826538086 66.4219284057617 67.005989074707 66.9715576171875 67.100944519043 67.3684387207031 67.1641845703125 66.9586181640625 66.9994430541992 67.1935729980469 67.1662445068359 67.0804901123047 67.0971069335938 67.0037689208984 66.6738357543945 66.5154495239258 66.4707489013672 66.8426742553711 67.1983108520508 66.7320327758789 66.4500045776367 66.6271743774414 66.3194732666016 66.066047668457 66.427001953125 66.2363128662109 66.1564636230469 65.875862121582 65.6872253417969 65.6376113891602 65.4198837280273 65.1277542114258 65.0013198852539 64.9901123046875 64.8120422363281 64.8498992919922 64.5023956298828 64.6275177001953 64.8081893920898 64.6904830932617 64.3508071899414
66.0107727050781 65.9534225463867 66.366325378418 66.3455657958984 66.6183242797852 66.8633499145508 66.5568771362305 66.5523376464844 66.7208633422852 66.3083038330078 67.0491561889648 67.0638961791992 67.1435775756836 67.2622604370117 66.9706039428711 67.0285797119141 67.0504302978516 67.1549758911133 67.3953552246094 67.0565948486328 66.8790512084961 66.8544464111328 66.8631896972656 66.6337127685547 66.6323471069336 66.962532043457 67.138557434082 66.6675033569336 66.2470550537109 66.6480102539062 66.7000198364258 66.3575897216797 66.451904296875 66.4509887695312 66.4584579467773 66.0552825927734 65.7534255981445 65.6432800292969 65.4392013549805 65.2653503417969 65.4175720214844 65.4986419677734 65.0994110107422 64.9799957275391 64.5912933349609 64.5796051025391 64.9549865722656 64.8771209716797 64.4537582397461
66.3796539306641 66.0654983520508 66.4706115722656 66.6479797363281 66.7390747070312 66.6788330078125 66.3493041992188 66.5240173339844 66.7902679443359 66.1505584716797 66.6148834228516 67.0725250244141 67.055534362793 67.1725387573242 67.1763153076172 67.1241226196289 67.0219650268555 67.2087631225586 67.2876663208008 67.0797271728516 66.8193969726562 66.9559326171875 67.3561477661133 67.0606384277344 66.9285430908203 67.0853652954102 67.0234146118164 66.8883361816406 66.4222564697266 66.7843780517578 66.8423919677734 66.6782913208008 66.6409301757812 66.2405471801758 66.4047698974609 66.1181488037109 65.8762359619141 65.6843719482422 65.4371719360352 65.2906188964844 65.5009765625 65.5947036743164 65.3564682006836 65.1687545776367 64.7273330688477 64.866325378418 64.9398727416992 64.7122116088867 64.3467788696289
66.2764358520508 66.3881759643555 66.4709930419922 66.6361541748047 66.7197570800781 66.2860260009766 66.3055191040039 66.6674194335938 67.0382843017578 66.4431686401367 66.6351928710938 66.9045181274414 66.8513031005859 67.1356582641602 67.5133590698242 67.3664703369141 67.1780700683594 67.2641525268555 67.3244247436523 67.3099212646484 66.8749771118164 66.9882202148438 67.3044891357422 67.1088714599609 66.9485168457031 67.0421447753906 67.1925888061523 67.1888732910156 66.9154815673828 66.8829116821289 66.6273193359375 66.7072601318359 66.3927154541016 66.0712738037109 66.2804412841797 66.0642166137695 65.932975769043 65.7138824462891 65.5154800415039 65.2958984375 65.3121566772461 65.2686309814453 65.1728134155273 65.1132659912109 64.8913650512695 65.0255966186523 64.708122253418 64.5808868408203 64.4522247314453
66.2853240966797 66.5422821044922 66.0862426757812 66.2800521850586 66.4683837890625 66.45458984375 66.5154190063477 66.5044479370117 66.9187393188477 67.0966796875 67.1011428833008 66.8974685668945 66.9274139404297 67.041145324707 67.3824844360352 67.6304550170898 67.5561370849609 67.2632598876953 67.398323059082 67.3639373779297 66.8887557983398 66.9066543579102 67.2726516723633 67.4089889526367 67.206413269043 66.8864135742188 66.9738388061523 67.1491394042969 66.9336547851562 66.8595275878906 66.6800231933594 66.7479705810547 66.5263366699219 66.3043212890625 66.2050704956055 66.0173568725586 66.0659637451172 65.8099822998047 65.6660919189453 65.4092178344727 65.3547515869141 65.2139282226562 65.1808242797852 65.3659057617188 65.2666854858398 65.0989608764648 64.7542114257812 64.7373123168945 64.8485565185547
66.3594589233398 66.2683486938477 66.1410217285156 66.2060012817383 66.3060913085938 66.7272644042969 66.7964935302734 66.4858245849609 66.7680892944336 67.3619232177734 67.1384048461914 66.8004684448242 67.1798629760742 67.1988143920898 67.2164459228516 67.618896484375 67.4840621948242 67.3490219116211 67.4443740844727 67.4814453125 67.0508728027344 66.9856796264648 67.3897018432617 67.4870071411133 67.3178176879883 66.993278503418 66.8238906860352 66.9209518432617 66.7205581665039 66.8102264404297 66.8376541137695 66.6557464599609 66.6768951416016 66.5041275024414 66.2461471557617 66.0814743041992 66.1545257568359 65.9546890258789 65.7465744018555 65.5735549926758 65.5073623657227 65.3212280273438 65.2712860107422 65.4566192626953 65.3960723876953 65.244255065918 64.9476165771484 64.71044921875 64.7269897460938
66.1859283447266 66.320198059082 66.4373550415039 66.3409957885742 66.4834671020508 66.7776184082031 67.0598068237305 66.7475280761719 66.6957321166992 66.9308853149414 66.9499969482422 66.8919906616211 67.222526550293 67.0982894897461 67.2013626098633 67.381462097168 67.2653350830078 67.5400466918945 67.4442367553711 67.4988784790039 67.387809753418 67.2657852172852 67.3445510864258 67.3731155395508 67.385368347168 67.2741088867188 67.3659591674805 67.1963119506836 67.1429290771484 67.1098785400391 66.9741668701172 66.6774063110352 66.7578887939453 66.5926361083984 66.4814376831055 66.2355651855469 65.9811019897461 66.0138549804688 65.7978973388672 65.67919921875 65.6267318725586 65.491828918457 65.2527313232422 65.2301406860352 65.1806716918945 65.12841796875 64.8524017333984 64.6923904418945 64.6480407714844
66.1108245849609 66.2800369262695 66.2575302124023 66.2366409301758 66.5426025390625 66.5835494995117 66.8402786254883 66.8315887451172 66.6647567749023 66.6000518798828 66.8506317138672 66.9813613891602 67.0805053710938 67.1130447387695 67.2807998657227 67.3094482421875 67.3263397216797 67.6759414672852 67.4446258544922 67.2919464111328 67.4494781494141 67.5725784301758 67.3828964233398 67.4490966796875 67.5915985107422 67.5457916259766 67.427360534668 67.3575210571289 67.3093948364258 67.2575302124023 67.1322784423828 66.7905502319336 66.768928527832 66.5162353515625 66.4648666381836 66.244270324707 65.8399200439453 66.049690246582 65.952751159668 65.6897811889648 65.595458984375 65.9187850952148 65.653694152832 65.2873611450195 65.2363815307617 65.3005676269531 65.0112457275391 64.8059158325195 64.7309875488281
66.1692581176758 66.2071228027344 66.3490753173828 66.1380157470703 66.1844711303711 66.3856811523438 66.4465789794922 66.6817626953125 66.6750564575195 66.6586532592773 67.0222778320312 67.0414581298828 67.0927352905273 67.327507019043 67.3164138793945 67.2936630249023 67.1821975708008 67.4947662353516 67.6452407836914 67.3982620239258 67.3929138183594 67.5946578979492 67.4572219848633 67.4919738769531 67.4986038208008 67.5831832885742 67.3388824462891 67.2557983398438 67.1635818481445 67.2138519287109 67.2711563110352 66.8562316894531 66.8661880493164 66.7354431152344 66.5467300415039 66.2994537353516 66.0969009399414 66.4009475708008 65.9887619018555 65.8112335205078 65.7793121337891 65.8985137939453 65.7746810913086 65.6270065307617 65.3608932495117 65.2768402099609 65.1900177001953 65.1057434082031 64.9045639038086
66.2555770874023 66.2584075927734 66.3517990112305 66.3213577270508 66.1750793457031 66.7641983032227 66.7658233642578 66.6217880249023 66.7443389892578 66.7587814331055 66.9979629516602 67.0842895507812 67.0251617431641 66.9310989379883 67.0648498535156 67.1366500854492 67.2525253295898 67.3100051879883 67.1748428344727 67.4718246459961 67.4426574707031 67.3187942504883 67.5040054321289 67.4216537475586 67.5828552246094 67.8524398803711 67.682731628418 67.2346954345703 67.2545471191406 67.2675094604492 67.4692306518555 67.4153366088867 67.2564010620117 66.7300109863281 66.8810501098633 66.9503860473633 66.509407043457 66.2443084716797 66.4201126098633 66.2423858642578 66.1407852172852 66.0709991455078 66.1634216308594 65.8148727416992 65.5564346313477 65.4515151977539 65.5093688964844 65.5061569213867 65.1128463745117
66.3557586669922 66.6537551879883 66.6033630371094 66.3406066894531 66.1883697509766 66.8504409790039 66.931282043457 66.6845016479492 66.8243942260742 66.9234008789062 67.3052825927734 67.2359771728516 67.1898574829102 67.0384216308594 66.8989410400391 67.0243759155273 67.2909240722656 67.4688873291016 67.4024047851562 67.6853332519531 67.5564651489258 67.3214645385742 67.7330856323242 67.7534561157227 67.5434722900391 67.6359939575195 67.6644973754883 67.6396865844727 67.5509262084961 67.3620300292969 67.2042236328125 67.2916870117188 67.1880035400391 66.8830261230469 67.0261077880859 66.9602203369141 -3.4e+38 -3.4e+38 66.6945571899414 66.7319946289062 66.4742126464844 66.2616500854492 65.875602722168 65.6387252807617 65.3937225341797 65.283447265625 65.4371643066406 65.7194366455078 65.4130477905273
66.3933792114258 66.7117385864258 66.6946487426758 66.6236877441406 66.6765213012695 66.7251129150391 66.8757934570312 66.6977386474609 66.8938064575195 66.9634475708008 67.1905822753906 67.5405883789062 67.2041320800781 67.1086807250977 66.907829284668 -3.4e+38 67.3646545410156 67.6949615478516 67.6459503173828 67.7117004394531 67.7014541625977 67.5617065429688 68.1698837280273 68.1072158813477 67.6740036010742 67.6490707397461 67.5693588256836 67.7504119873047 67.8180465698242 67.6226654052734 67.2017822265625 67.4103317260742 67.4436874389648 67.1486129760742 66.8043365478516 66.8200759887695 66.5144882202148 -3.4e+38 -3.4e+38 66.864616394043 66.5347061157227 66.117805480957 65.7160720825195 65.6468505859375 65.622200012207 65.5263977050781 65.5915069580078 65.8092727661133 65.5376815795898
66.4660034179688 66.6835861206055 66.3895950317383 66.3434448242188 66.7137985229492 66.3997573852539 66.6898040771484 66.6817321777344 66.7129669189453 66.8018417358398 66.8784027099609 67.6199722290039 67.3939056396484 67.0912933349609 66.9369964599609 66.9610595703125 67.3848342895508 67.5300750732422 67.3540802001953 67.6223983764648 67.7668838500977 67.7003631591797 68.2258148193359 68.1477661132812 67.7762451171875 67.8304138183594 67.6684722900391 67.7041702270508 67.7997207641602 67.7469177246094 67.5370864868164 67.4586944580078 67.5193252563477 67.4558181762695 66.8850708007812 66.9103164672852 66.627799987793 -3.4e+38 66.6773986816406 66.663215637207 66.2833786010742 66.0617370605469 65.6450958251953 65.6816864013672 65.9170608520508 65.5157470703125 65.6938400268555 65.8630294799805 65.5638656616211
66.38037109375 66.6540908813477 66.5865325927734 66.0185394287109 66.6146469116211 66.7602844238281 66.6868896484375 66.7364044189453 66.6927337646484 66.5979461669922 67.0650939941406 67.4089279174805 67.5951614379883 67.1487350463867 67.1583709716797 -3.4e+38 67.556999206543 67.8513641357422 67.498908996582 67.7048873901367 67.8711242675781 67.7570190429688 67.8616638183594 68.0174179077148 67.8085556030273 67.9348297119141 67.8589706420898 67.6733016967773 67.6819458007812 67.9597854614258 67.9162979125977 67.5291748046875 67.5740127563477 67.5724716186523 66.922966003418 66.9540786743164 -3.4e+38 66.6794128417969 66.6917343139648 66.5373611450195 66.4729156494141 66.3306350708008 65.9060516357422 65.6945495605469 66.0891342163086 65.4993133544922 65.7121658325195 65.5948715209961 65.5165557861328
66.3311309814453 66.450065612793 66.6244430541992 66.0594329833984 66.3554840087891 66.7970581054688 66.9355545043945 66.9967422485352 66.6587066650391 66.6007537841797 67.1186904907227 67.2440567016602 67.6199798583984 67.4311904907227 67.266471862793 67.5825500488281 67.701301574707 68.2531204223633 67.9499893188477 67.9376525878906 67.7564849853516 67.8093795776367 67.6808166503906 67.9143524169922 67.9503479003906 68.0273208618164 67.8822937011719 67.6443481445312 67.5913848876953 68.1041412353516 68.1728057861328 67.6372146606445 67.6206741333008 67.3410797119141 66.9674301147461 67.0592193603516 -3.4e+38 67.2857284545898 67.0050277709961 66.8367614746094 66.9671630859375 66.5479278564453 66.2288589477539 66.0342407226562 66.0496139526367 65.8290634155273 65.9282455444336 65.4420166015625 65.5025787353516
66.3271560668945 66.4249801635742 66.718505859375 66.6055755615234 66.2140197753906 66.3668060302734 66.8861541748047 67.1286926269531 66.5565032958984 66.6618499755859 66.8253707885742 67.454345703125 67.48291015625 67.4236907958984 67.3331909179688 67.7230911254883 67.8245010375977 68.0446166992188 67.8842620849609 67.8918533325195 67.6732864379883 68.1392822265625 67.6371459960938 67.6956558227539 67.9095764160156 68.0706787109375 67.9034652709961 67.8723068237305 67.6725845336914 67.8066940307617 68.0193405151367 67.7161712646484 67.6474838256836 67.403923034668 67.3628540039062 67.1105346679688 67.043212890625 67.3001861572266 67.6194610595703 67.513542175293 67.0081939697266 66.6751480102539 66.4169921875 66.3361053466797 65.9558486938477 65.9198532104492 66.1187591552734 65.7104568481445 65.5774841308594
66.5919189453125 66.7044677734375 66.7361297607422 66.5838851928711 66.4288101196289 66.3990631103516 66.9494171142578 67.2376327514648 66.8061676025391 66.6534042358398 66.7143707275391 67.2102661132812 67.2638397216797 67.2600021362305 67.4775314331055 67.9324493408203 -3.4e+38 67.8159484863281 67.8136367797852 68.0437545776367 67.9284133911133 68.1691513061523 67.6396331787109 67.6259384155273 67.9610595703125 68.2098388671875 68.0785369873047 67.9233169555664 68.0670852661133 67.8484344482422 67.885368347168 67.7165374755859 67.5521240234375 67.787971496582 67.5684509277344 67.0746841430664 67.2853393554688 67.4791488647461 68.2182540893555 68.2455215454102 67.3042297363281 66.7996978759766 66.5641326904297 66.4192733764648 -3.4e+38 66.2068328857422 66.0337829589844 65.9113235473633 65.7217788696289
66.5573654174805 66.6650314331055 66.6650924682617 66.3892059326172 66.5995864868164 66.617919921875 66.9294738769531 67.0503387451172 66.7868881225586 66.6267166137695 66.8380584716797 67.0488739013672 67.2657928466797 67.4026489257812 67.5959091186523 68.0080642700195 67.8083114624023 67.8885803222656 67.8452835083008 67.9532318115234 67.9600219726562 67.9292678833008 67.8113479614258 67.72607421875 67.9884872436523 67.9619216918945 67.9920959472656 67.9980239868164 68.1530303955078 68.0765380859375 67.8199234008789 -3.4e+38 67.5258026123047 67.693977355957 67.3666458129883 67.1798400878906 67.4415512084961 67.5408325195312 68.1909332275391 68.3007888793945 67.2913818359375 66.7758026123047 66.6114654541016 -3.4e+38 66.330940246582 66.3753890991211 66.0681533813477 66.0621566772461 65.9103317260742
66.2689819335938 66.2499694824219 66.7592315673828 66.5512542724609 66.5966796875 66.5761947631836 66.7630462646484 66.8573379516602 66.8269653320312 66.9033050537109 66.8958282470703 67.2934646606445 67.503791809082 67.5092468261719 67.6027145385742 67.9844131469727 67.9016189575195 67.9502716064453 67.8877716064453 67.8781204223633 67.8010559082031 67.8009262084961 68.1279067993164 68.1004028320312 68.0691986083984 67.7306365966797 67.8420104980469 68.1869354248047 68.000732421875 67.9734420776367 67.8557052612305 67.740837097168 67.7516937255859 67.5522918701172 67.3196792602539 67.2472839355469 67.4301300048828 67.4986267089844 67.6408615112305 67.55419921875 67.0015182495117 66.565315246582 66.8410263061523 -3.4e+38 -3.4e+38 65.989860534668 65.86474609375 65.842414855957 65.8640518188477
66.4095001220703 66.1032638549805 66.4836730957031 66.4862899780273 66.5386505126953 66.5129013061523 66.9267730712891 66.9250869750977 67.1891860961914 67.1778335571289 67.0181121826172 67.6366729736328 67.6837844848633 67.4915313720703 67.5286865234375 67.8588562011719 67.8287963867188 67.8270797729492 67.8405532836914 68.0989761352539 67.8994827270508 67.8930282592773 68.3472900390625 68.5113754272461 68.3998489379883 68.0338287353516 67.9120254516602 68.1463775634766 68.1621780395508 68.0910797119141 67.9991683959961 67.6959762573242 67.889533996582 67.8042297363281 67.7205581665039 67.5660171508789 67.5882720947266 67.5960388183594 -3.4e+38 -3.4e+38 67.1497573852539 66.7069091796875 66.9315567016602 67.0234832763672 66.6829681396484 66.0754852294922 65.8392791748047 65.5734710693359 65.8202819824219
