rcp8.5models/MPI_ESM_LR/sc1gr2.9
NCOLS 261 
NROWS 433 
XLLCORNER 336357.134 
YLLCORNER 654653.479 
CELLSIZE 1000 
NODATA_value -3.4e+38 
[rows 154 to 175 of 433, columns 98 to 146 of 261]
335.096252441406 334.712188720703 334.280548095703 334.637054443359 334.157104492188 334.156677246094 334.156066894531 334.368774414062 335.154266357422 335.153045654297 335.151580810547 335.280914306641 335.608551025391 335.145843505859 334.913024902344 334.138244628906 334.135406494141 334.132385253906 334.129241943359 334.1259765625 334.222442626953 334.297546386719 333.535614013672 333.532989501953 333.5302734375 333.565673828125 333.527435302734 333.346282958984 333.980163574219 333.767425537109 333.563323974609 332.449279785156 333.652191162109 333.954864501953 334.014099121094 334.944610595703 334.587158203125 335.225341796875 336.043640136719 334.220489501953 331.144561767578 335.345001220703 335.309509277344 335.578369140625 334.456634521484 334.488433837891 334.246124267578 333.737426757812 334.603790283203
335.142639160156 335.063690185547 334.830413818359 334.935333251953 334.142852783203 334.142425537109 334.141845703125 334.227294921875 334.672241210938 335.138824462891 -3.4e+38 335.226043701172 335.450561523438 335.131805419922 334.897918701172 334.124420166016 334.121612548828 334.11865234375 334.115600585938 333.973693847656 333.527404785156 -3.4e+38 333.243408203125 333.677429199219 333.530120849609 333.196716308594 332.971832275391 333.334228515625 334.076080322266 334.072143554688 333.548950195312 332.325592041016 333.173370361328 333.637786865234 334.015502929688 334.217559814453 334.773376464844 334.428741455078 335.466461181641 334.773040771484 333.386413574219 334.455902099609 334.576141357422 334.637084960938 334.006896972656 334.129455566406 334.020141601562 333.123260498047 334.117126464844
334.827941894531 -3.4e+38 335.128723144531 334.91943359375 334.12841796875 334.127990722656 334.127380371094 334.126586914062 334.213500976562 334.528930664062 334.52880859375 334.660858154297 335.119598388672 335.117553710938 335.01806640625 334.561096191406 334.107635498047 334.104766845703 334.101776123047 333.859558105469 333.235534667969 333.672515869141 333.629333496094 333.506896972656 333.542724609375 333.654541015625 332.898620605469 333.749359130859 334.063079833984 333.911254882812 333.260772705078 332.734405517578 333.047424316406 333.309234619141 333.771881103516 333.574127197266 334.913909912109 334.142730712891 334.454559326172 334.572418212891 334.639678955078 334.007171630859 334.003143310547 333.999114990234 333.9951171875 333.991119384766 333.696350097656 333.310943603516 333.975372314453
334.921447753906 335.113861083984 335.114074707031 334.427093505859 334.113739013672 334.113311767578 334.112731933594 333.981872558594 333.776123046875 334.573425292969 334.240753173828 334.790954589844 335.105102539062 335.103118896484 334.962585449219 334.413146972656 334.093475341797 334.090698242188 334.087799072266 333.984375 333.623474121094 333.498352050781 333.534851074219 333.506805419922 333.317138671875 334.064636230469 333.165618896484 333.627044677734 333.902374267578 333.363311767578 333.042327880859 333.038452148438 333.034576416016 333.297210693359 333.758453369141 333.409820556641 334.298553466797 334.42041015625 334.006988525391 334.160247802734 334.404205322266 334.153991699219 334.393493652344 333.987182617188 334.144683837891 334.377655029297 334.010467529297 334.02099609375 333.963897705078
335.098663330078 335.098999023438 335.099182128906 334.574249267578 334.098876953125 334.098480224609 334.097869873047 334.008972167969 333.870513916016 334.410125732422 334.184783935547 334.499908447266 334.633880615234 335.088531494141 334.851501464844 334.081726074219 334.079162597656 334.076477050781 334.073638916016 334.070678710938 333.965728759766 333.644165039062 333.743743896484 333.953094482422 333.737030029297 334.051025390625 333.0439453125 333.149993896484 333.353820800781 332.884185791016 332.608184814453 332.875122070312 332.603729248047 333.285095214844 333.744934082031 333.280883789062 334.042236328125 334.722473144531 333.994567871094 334.270202636719 334.863891601562 334.350860595703 333.890655517578 333.975189208984 333.936309814453 334.044372558594 -3.4e+38 333.582489013672 333.559661865234
335.083587646484 334.957366943359 334.478576660156 334.870544433594 334.083831787109 334.083404541016 334.082855224609 333.950561523438 333.485382080078 333.485565185547 333.619232177734 334.077270507812 334.169219970703 334.6201171875 334.835662841797 -3.4e+38 -3.4e+38 334.506225585938 334.059295654297 334.056427001953 334.053436279297 334.050384521484 334.047210693359 333.900115966797 333.60888671875 333.891937255859 333.457122802734 333.026824951172 332.874847412109 332.485656738281 332.699127197266 332.747650146484 332.274841308594 333.12060546875 333.317138671875 333.114990234375 333.700958251953 334.709259033203 333.982086181641 334.100646972656 334.570434570312 334.403594970703 333.091979980469 333.402160644531 333.272003173828 333.211212158203 333.575439453125 332.948120117188 333.072113037109
335.068298339844 334.927459716797 334.326538085938 334.381011962891 334.068572998047 334.068176269531 334.067626953125 333.845245361328 333.065979003906 333.198547363281 333.748748779297 334.197265625 334.515106201172 334.153961181641 -3.4e+38 -3.4e+38 334.465576171875 334.364135742188 334.044799804688 334.0419921875 334.039123535156 334.0361328125 334.033050537109 333.924102783203 333.709533691406 333.769836425781 333.333679199219 333.01318359375 332.898132324219 332.539794921875 332.582946777344 332.733551025391 332.110626220703 332.576690673828 332.988006591797 332.984344482422 333.409393310547 334.288238525391 333.969512939453 333.965789794922 334.085693359375 333.988037109375 333.115051269531 333.350402832031 333.109283447266 333.340454101562 333.103607177734 333.166168212891 333.320953369141
334.719573974609 334.788543701172 334.727020263672 334.349304199219 334.037445068359 333.948394775391 333.500946044922 332.902191162109 332.531890869141 332.889709472656 333.126373291016 333.577056884766 333.892944335938 333.577697753906 334.024566650391 -3.4e+38 334.020172119141 333.876617431641 333.331665039062 333.115692138672 333.430541992188 333.428771972656 333.321044921875 333.001312255859 332.998260498047 332.995147705078 332.878204345703 332.519897460938 332.411285400391 332.295379638672 332.240783691406 332.705047607422 332.273590087891 333.179870605469 333.395446777344 333.428497314453 333.794677734375 334.354095458984 333.786346435547 333.254913330078 333.096252441406 333.334533691406 332.929962158203 332.926452636719 332.632751464844 332.176879882812 332.082214355469 331.109558105469 332.526733398438
334.283935546875 334.438690185547 334.891265869141 334.021850585938 334.021636962891 333.888153076172 333.333465576172 332.794494628906 332.019348144531 332.111511230469 332.698272705078 333.701538085938 333.918518066406 333.697906494141 334.009246826172 -3.4e+38 334.005035400391 333.901062011719 333.58154296875 333.434875488281 332.995178222656 332.992462158203 332.844543457031 332.556549072266 332.983856201172 332.833618164062 332.826049804688 332.437347412109 332.388824462891 331.964996337891 332.076446533203 332.274597167969 332.341033935547 333.421173095703 333.35986328125 333.064178466797 333.652954101562 333.686370849609 333.245819091797 332.927795410156 332.889495849609 332.994384765625 333.477752685547 333.31201171875 332.782562255859 332.139343261719 331.250061035156 331.243469238281 331.669891357422
334.474090576172 334.090789794922 334.315795898438 333.873199462891 333.539398193359 333.781463623047 333.004852294922 332.912384033203 332.733306884766 333.051605224609 332.782287597656 333.272277832031 333.09765625 333.858245849609 333.993774414062 333.991790771484 333.848083496094 333.547821044922 333.985198974609 333.735046386719 332.980224609375 332.977600097656 332.722412109375 332.079925537109 332.541473388672 332.709045410156 332.699859619141 332.069702148438 332.270568847656 331.951019287109 331.796051025391 331.681823730469 332.472229003906 332.489715576172 332.994201660156 333.341064453125 333.204864501953 332.921600341797 332.918273925781 332.914947509766 332.78662109375 332.559967041016 332.946380615234 333.052673339844 332.176727294922 331.519622802734 331.186218261719 331.262359619141 331.537506103516
334.423461914062 334.433197021484 334.016296386719 333.90087890625 333.544250488281 333.300811767578 332.988708496094 332.988128662109 333.080810546875 333.299774169922 332.985504150391 332.888092041016 332.904937744141 333.743774414062 333.534027099609 333.976257324219 333.730224609375 333.074890136719 333.389343261719 333.283477783203 332.965118408203 332.962615966797 332.706512451172 331.957305908203 332.063812255859 332.268096923828 332.262298583984 331.942993164062 331.940002441406 331.936950683594 331.666107177734 331.316619873047 332.397064208984 332.336181640625 332.314605712891 333.233489990234 333.035858154297 332.908477783203 332.746734619141 332.499938964844 333.058746337891 333.008117675781 332.019409179688 332.039978027344 331.198608398438 330.882751464844 330.845581054688 330.3681640625 331.737243652344
334.058074951172 334.262359619141 333.991424560547 333.973236083984 333.748016357422 333.108215332031 333.568450927734 333.429962158203 332.97119140625 332.970367431641 332.830932617188 332.517761230469 333.204406738281 333.726623535156 333.204437255859 333.960571289062 333.856262207031 333.394500732422 332.954467773438 332.807525634766 332.517120361328 332.801483154297 332.260986328125 331.9423828125 331.939727783203 331.937042236328 331.931457519531 331.778045654297 331.356048583984 331.505828857422 331.651184082031 331.340148925781 332.444061279297 332.226348876953 332.182464599609 332.904541015625 332.901458740234 332.895233154297 332.609405517578 332.173309326172 333.171752929688 333.307891845703 332.041320800781 331.982360839844 330.710357666016 330.476470947266 330.571990966797 330.029632568359 330.746032714844
333.941162109375 333.886932373047 333.895385742188 334.421539306641 333.865600585938 333.645263671875 333.819244384766 333.267395019531 332.954803466797 332.954040527344 332.717498779297 332.189147949219 332.011199951172 329.965545654297 333.189666748047 333.801971435547 333.360778808594 333.256103515625 332.938903808594 332.685852050781 332.041076660156 332.247955322266 331.929779052734 331.927307128906 331.924774169922 331.922180175781 331.345733642578 331.230072021484 330.911254882812 331.023986816406 331.221435546875 331.290954589844 332.369659423828 332.307220458984 332.013824462891 332.483245849609 332.887908935547 332.881896972656 332.595581054688 332.160797119141 332.998901367188 332.8955078125 331.994598388672 332.048370361328 331.126251220703 330.709686279297 330.951507568359 329.983917236328 329.457427978516
333.927886962891 333.895812988281 333.891815185547 334.249755859375 333.939880371094 333.939666748047 333.708435058594 332.938873291016 332.938262939453 332.79833984375 332.249450683594 332.033660888672 331.615112304688 330.167358398438 333.032012939453 333.243255615234 332.926971435547 332.925109863281 332.923156738281 332.669158935547 332.065338134766 332.493194580078 332.342315673828 331.912109375 331.90966796875 331.907165527344 331.322021484375 330.899383544922 330.896697998047 330.893951416016 330.891235351562 331.160186767578 332.004272460938 332.353515625 332.444274902344 332.561981201172 332.874267578125 332.868499755859 332.581665039062 331.988220214844 332.300048828125 332.170532226562 331.854064941406 331.851196289062 -3.4e+38 330.975982666016 331.188201904297 330.62109375 329.523406982422
333.923645019531 333.795135498047 333.462768554688 333.923034667969 333.922973632812 333.795471191406 333.267578125 332.922119140625 332.921569824219 332.703277587891 331.981292724609 332.060150146484 332.363739013672 332.017303466797 332.770782470703 332.473937988281 332.910919189453 332.9091796875 332.907318115234 332.798614501953 332.588073730469 332.901214599609 332.789611816406 332.470886230469 332.318267822266 331.892059326172 331.773284912109 331.302337646484 330.882019042969 330.879425048828 330.876770019531 331.146636962891 331.871429443359 331.988647460938 332.302001953125 332.456878662109 332.860534667969 332.696105957031 332.166534423828 331.849456787109 331.685791015625 331.608184814453 332.074981689453 331.280548095703 -3.4e+38 -3.4e+38 331.353118896484 330.840850830078 330.544494628906
333.931518554688 333.827056884766 333.613342285156 333.925079345703 333.905944824219 333.691528320312 332.977325439453 332.947174072266 332.904724121094 332.792724609375 332.307403564453 332.143341064453 332.659118652344 331.900329589844 332.794952392578 332.582214355469 332.894744873047 332.89306640625 332.891326904297 332.889465332031 332.887512207031 332.737518310547 332.308654785156 332.307464599609 332.194519042969 331.876770019531 331.720520019531 331.185272216797 330.867218017578 330.557922363281 330.036865234375 331.132965087891 331.857116699219 331.854522705078 332.008483886719 332.534301757812 332.8466796875 332.155883789062 331.838745117188 331.836120605469 331.545288085938 331.086517333984 331.454681396484 330.988708496094 331.379943847656 331.343414306641 330.964416503906 329.960754394531 330.556640625
333.950988769531 333.903411865234 333.910095214844 333.323944091797 333.30126953125 333.248962402344 332.958984375 332.792297363281 332.486907958984 332.747222900391 332.202362060547 331.985412597656 332.197418212891 331.883666992188 332.736724853516 332.443054199219 332.87841796875 332.730621337891 332.296600341797 332.443237304688 332.723663330078 332.184692382812 331.867706298828 331.865661621094 331.863555908203 331.861389160156 331.7421875 331.270935058594 330.852325439453 330.615264892578 329.753540039062 329.732421875 331.433502197266 331.840240478516 331.959320068359 332.430114746094 332.674621582031 331.827728271484 331.8251953125 331.822662353516 331.370025634766 330.259307861328 330.582733154297 331.336273193359 331.089294433594 330.89306640625 330.89794921875 329.669647216797 330.267181396484
334.513153076172 334.352172851562 333.887023925781 333.510803222656 333.352661132812 332.904388427734 332.891662597656 332.660186767578 332.073211669922 332.275207519531 331.980133056641 331.86865234375 331.724304199219 331.281768798828 331.740356445312 331.968109130859 332.281494140625 332.174560546875 331.85888671875 331.965576171875 332.170196533203 331.704742431641 331.427276611328 331.849945068359 331.847961425781 331.845916748047 331.272216796875 331.154815673828 330.837280273438 330.835052490234 330.322082519531 329.474884033203 331.104461669922 331.825836181641 331.823455810547 331.943939208984 332.133422851562 331.813934326172 331.811553955078 331.648193359375 330.831176757812 329.804351806641 330.060607910156 330.719146728516 330.502075195312 330.058197021484 330.41650390625 329.623870849609 329.835906982422
334.868682861328 334.799041748047 334.392059326172 333.905639648438 333.671081542969 332.763610839844 332.312255859375 332.361633300781 332.481201171875 332.35986328125 331.965698242188 331.707916259766 331.162963867188 330.994537353516 331.53466796875 331.846618652344 331.845306396484 331.843933105469 331.842468261719 331.840942382812 331.690399169922 331.152252197266 330.947326660156 331.26123046875 331.260314941406 331.259338378906 330.826293945312 330.824249267578 330.822143554688 330.820037841797 330.698822021484 330.500610351562 330.934265136719 331.40478515625 331.80908203125 331.806854248047 331.804595947266 331.800079345703 331.637237548828 331.109466552734 -3.4e+38 330.186248779297 329.788757324219 329.589447021484 329.477813720703 330.172607421875 329.779754638672 329.477630615234 329.043182373047
334.719055175781 333.707214355469 334.247589111328 333.890960693359 333.41748046875 332.941772460938 332.923736572266 332.908172607422 -3.4e+38 332.718505859375 332.218780517578 331.895050048828 331.713195800781 331.503509521484 331.813812255859 331.812805175781 331.704345703125 331.4970703125 331.809265136719 331.698028564453 331.381713867188 331.228759765625 330.803558349609 330.801971435547 330.800323486328 330.798675537109 330.641479492188 330.108245849609 329.909820556641 330.223724365234 330.102691650391 329.906616210938 330.377349853516 330.939575195312 331.46533203125 331.778045654297 331.776092529297 331.086273193359 330.609039306641 330.37158203125 -3.4e+38 330.4716796875 329.304809570312 328.073059082031 328.219482421875 329.311218261719 329.308776855469 329.473052978516 329.187377929688
334.949829101562 334.296630859375 333.748748779297 333.538665771484 333.689300537109 332.966339111328 332.943939208984 332.922790527344 -3.4e+38 332.781127929688 332.365753173828 331.936584472656 331.805908203125 331.798156738281 331.796600341797 331.778442382812 331.744476318359 331.793609619141 331.643005371094 331.365325927734 331.789978027344 331.676483154297 331.208557128906 330.937744140625 331.202606201172 330.782653808594 330.662322998047 330.345062255859 330.187347412109 329.618621826172 329.363983154297 329.770782470703 330.04833984375 330.889984130859 331.362030029297 331.763519287109 331.761688232422 330.757995605469 330.467254638672 329.882568359375 330.195068359375 330.063934326172 329.160034179688 327.746826171875 328.339111328125 329.743133544922 329.575103759766 329.486755371094 329.424713134766
334.442443847656 334.586944580078 333.790802001953 333.264984130859 333.876678466797 333.442291259766 332.968200683594 -3.4e+38 -3.4e+38 -3.4e+38 332.805358886719 332.47119140625 332.401306152344 332.231964111328 331.779266357422 331.765899658203 331.741088867188 331.627075195312 331.088775634766 331.035888671875 331.773254394531 331.772033691406 331.657257080078 331.455230712891 331.499877929688 330.766571044922 330.763580322266 -3.4e+38 330.075103759766 329.638854980469 329.442565917969 329.912750244141 330.439331054688 330.752288818359 330.874603271484 331.347442626953 331.587310791016 330.184967041016 330.055969238281 329.740356445312 329.738616943359 329.573577880859 328.917388916016 328.453399658203 328.941345214844 329.175598144531 329.040435791016 328.861297607422 329.506927490234
