rcp8.5models/MPI_ESM_LR/sc1gr2.19
NCOLS 261 
NROWS 433 
XLLCORNER 336357.134 
YLLCORNER 654653.479 
CELLSIZE 1000 
NODATA_value -3.4e+38 
[rows 374 to 395 of 433, columns 98 to 146 of 261]
307.870269775391 307.941345214844 308.059722900391 310.847625732422 308.966278076172 305.227813720703 297.252410888672 290.831420898438 292.093322753906 298.552459716797 302.830780029297 304.346252441406 305.266418457031 301.334777832031 289.647857666016 287.431091308594 284.793365478516 280.840209960938 276.062774658203 273.590301513672 272.563537597656 270.268524169922 270.571563720703 273.583526611328 277.936248779297 281.402954101562 285.551177978516 285.659576416016 284.829223632812 286.099365234375 289.407745361328 292.715911865234 297.440551757812 298.375671386719 299.685729980469 305.847961425781 313.262115478516 314.215026855469 308.486083984375 308.708404541016 316.239166259766 319.887817382812 320.143737792969 320.504333496094 320.366546630859 -3.4e+38 -3.4e+38 -3.4e+38 -3.4e+38
306.532653808594 308.102142333984 306.586639404297 306.330230712891 310.225524902344 310.346466064453 303.029754638672 296.1640625 295.250396728516 296.217102050781 298.146697998047 302.16015625 305.251190185547 302.428253173828 287.715606689453 279.278198242188 275.7666015625 270.783294677734 266.975646972656 266.400390625 266.487091064453 265.278594970703 265.61279296875 269.247833251953 274.656585693359 281.048889160156 292.749847412109 293.785003662109 294.251800537109 293.301177978516 291.276611328125 290.6083984375 293.395874023438 295.727294921875 298.635070800781 301.211486816406 303.618103027344 318.07666015625 316.285797119141 314.199188232422 317.542053222656 319.594116210938 319.951416015625 320.008819580078 320.066375732422 320.123992919922 320.181671142578 -3.4e+38 -3.4e+38
303.765808105469 303.167327880859 303.481231689453 303.443939208984 307.060882568359 310.495452880859 309.355102539062 306.945739746094 303.701019287109 301.264221191406 301.206420898438 303.810394287109 305.293579101562 304.575073242188 295.054718017578 284.521942138672 278.955291748047 273.628234863281 271.168182373047 271.214965820312 269.202850341797 267.841461181641 267.916107177734 270.684631347656 277.12890625 283.902770996094 293.455200195312 296.581970214844 298.494842529297 297.040618896484 297.780731201172 300.287536621094 297.909515380859 294.3291015625 298.109008789062 303.568237304688 304.040802001953 316.726470947266 319.731262207031 319.788024902344 319.643188476562 319.401062011719 319.657379150391 320.015258789062 320.072448730469 -3.4e+38 -3.4e+38 -3.4e+38 -3.4e+38
300.672271728516 298.85205078125 298.024291992188 303.51123046875 304.8466796875 306.941986083984 307.938873291016 305.046752929688 302.842407226562 301.091613769531 298.472015380859 302.096832275391 305.029876708984 304.557708740234 301.227966308594 296.666290283203 291.410949707031 286.949066162109 283.129089355469 280.393127441406 276.899200439453 274.517059326172 273.017272949219 275.146057128906 282.152160644531 288.627777099609 297.610595703125 299.636993408203 302.646942138672 301.081146240234 299.119140625 303.075592041016 305.167022705078 302.116394042969 302.688293457031 307.755279541016 308.245666503906 313.558868408203 318.556976318359 319.796630859375 319.852722167969 319.509033203125 319.164886474609 319.720794677734 320.079193115234 320.136169433594 320.193145751953 320.250183105469 319.672485351562
301.527435302734 298.964660644531 296.721343994141 296.385467529297 299.647155761719 301.723052978516 303.222534179688 299.770416259766 296.709014892578 293.448120117188 290.227874755859 292.01025390625 295.413787841797 298.104339599609 299.2080078125 297.652893066406 292.927978515625 288.685455322266 284.987976074219 281.550567626953 278.037292480469 274.751373291016 272.20947265625 273.420318603516 278.551818847656 285.705139160156 299.22802734375 300.543151855469 304.221343994141 306.4921875 303.454681396484 303.649322509766 306.656890869141 309.061676025391 310.62451171875 312.804382324219 312.304534912109 307.483154296875 314.702606201172 318.915710449219 319.861694335938 319.716888427734 319.472106933594 319.726379394531 320.086639404297 319.949554443359 319.703033447266 319.950653076172 319.991058349609
299.321838378906 299.471649169922 298.757781982422 292.462982177734 293.581329345703 296.5107421875 297.697418212891 296.731872558594 293.282135009766 288.770141601562 286.244537353516 282.209564208984 281.26123046875 284.000091552734 286.772277832031 287.498596191406 282.833892822266 278.234741210938 276.760040283203 275.699584960938 273.965209960938 272.399536132812 271.399291992188 271.593994140625 273.343780517578 278.461273193359 290.205078125 290.469085693359 297.371185302734 304.609405517578 308.002716064453 307.910552978516 307.611846923828 309.007476806641 312.394378662109 316.097015380859 316.138000488281 306.620330810547 310.944061279297 317.536071777344 319.573913574219 319.926971435547 320.180999755859 320.339538574219 320.094696044922 319.954711914062 319.703643798828 319.953186035156 319.996856689453
300.560211181641 300.048583984375 299.188812255859 295.749542236328 294.5947265625 294.671539306641 294.649719238281 293.831939697266 290.808227539062 287.385375976562 285.167938232422 281.973571777344 279.454345703125 277.69970703125 277.262878417969 278.648254394531 275.276031494141 272.080413818359 272.043853759766 272.165740966797 272.443756103516 272.611083984375 272.175384521484 271.892883300781 271.954711914062 273.342864990234 279.511749267578 282.311248779297 292.386566162109 300.588745117188 305.808532714844 308.067474365234 308.833038330078 309.240539550781 310.26953125 314.155364990234 316.694213867188 313.687957763672 313.089782714844 315.956512451172 318.585815429688 319.340423583984 319.994018554688 319.85400390625 319.606353759766 319.856292724609 320.407257080078 320.575958251953 320.003173828125
307.124206542969 301.141571044922 297.1484375 297.701507568359 296.929656982422 296.227233886719 295.453674316406 294.729705810547 294.629638671875 293.399169921875 290.332122802734 285.987335205078 282.923980712891 281.025787353516 282.603637695312 281.675842285156 277.964141845703 274.517120361328 272.638397216797 272.4248046875 273.743743896484 273.457946777344 272.733856201172 271.837585449219 270.225738525391 270.384460449219 271.338897705078 277.121978759766 287.646087646484 293.591705322266 297.816833496094 303.133880615234 306.408935546875 308.467346191406 308.734130859375 310.543670654297 312.198455810547 314.764404296875 313.621643066406 309.646606445312 312.645690917969 318.253204345703 319.304504394531 318.860595703125 318.615936279297 319.062164306641 320.115081787109 320.5888671875 320.010009765625
312.428894042969 308.888610839844 303.883850097656 300.232666015625 301.156768798828 297.430267333984 295.408477783203 296.734588623047 299.454803466797 297.368377685547 293.141296386719 289.036041259766 285.532897949219 284.785369873047 291.281372070312 289.707824707031 285.456481933594 281.984802246094 277.214782714844 276.728210449219 280.85595703125 280.093811035156 278.408264160156 277.237701416016 274.711364746094 273.098083496094 268.841827392578 272.252746582031 278.714752197266 282.95458984375 288.957611083984 297.193481445312 303.948211669922 308.201477050781 308.74853515625 308.87646484375 308.431549072266 309.486663818359 310.068450927734 306.510620117188 308.759979248047 316.767913818359 318.217376708984 318.37158203125 318.122741699219 318.568511962891 319.428100585938 319.791778564453 319.710388183594
319.835632324219 315.244171142578 307.592742919922 305.713134765625 306.702239990234 309.113311767578 307.619506835938 307.830749511719 307.827819824219 302.339721679688 301.412475585938 301.973785400391 301.439392089844 302.655883789062 301.084655761719 302.796020507812 301.362915039062 299.622131347656 298.240417480469 296.497680664062 296.225708007812 295.819519042969 294.828430175781 295.272491455078 294.740966796875 291.345062255859 283.78857421875 283.956695556641 286.387969970703 291.675811767578 300.933685302734 308.516418457031 309.541320800781 308.594848632812 308.284515380859 309.255493164062 310.171813964844 312.185729980469 311.996002197266 310.665740966797 312.264953613281 315.393402099609 316.039825439453 316.692413330078 317.648376464844 317.896728515625 318.0595703125 318.197021484375 319.107543945312
319.927703857422 317.313842773438 309.769378662109 299.2900390625 298.191955566406 300.667724609375 303.406524658203 306.248992919922 308.707824707031 306.591064453125 306.844604492188 307.028930664062 305.507995605469 303.977447509766 302.289978027344 301.328857421875 299.886810302734 300.578216552734 302.229766845703 301.526428222656 300.783050537109 300.0751953125 298.862030029297 297.609100341797 296.180847167969 292.848754882812 285.484313964844 286.364532470703 288.445678710938 293.513336181641 302.604919433594 308.309112548828 309.709564208984 309.612945556641 309.090179443359 310.83349609375 313.3984375 314.787658691406 315.251373291016 314.25146484375 312.94921875 314.897033691406 315.152984619141 315.599761962891 317.156372070312 317.601654052734 317.873809814453 317.511505126953 318.803802490234
319.148071289062 318.687072753906 313.740539550781 302.310852050781 300.215667724609 298.455078125 300.614227294922 304.096893310547 307.604064941406 309.092712402344 308.572448730469 305.264007568359 301.715728759766 300.0537109375 301.864166259766 302.700378417969 301.984252929688 301.666442871094 302.368804931641 302.702911376953 301.526885986328 300.021087646484 296.240753173828 292.743682861328 293.558166503906 292.358428955078 292.389984130859 291.183380126953 289.928161621094 293.148406982422 300.772827148438 306.860015869141 310.664672851562 312.210388183594 312.258666992188 312.004730224609 314.259429931641 316.097839355469 315.651519775391 315.408630371094 315.863861083984 315.703369140625 314.564514160156 315.41162109375 316.868957519531 317.419464111328 317.582580566406 317.3271484375 318.813812255859
313.916748046875 317.972473144531 316.641326904297 309.344085693359 305.867462158203 301.100280761719 299.583129882812 299.936462402344 304.001892089844 307.763763427734 307.285430908203 305.149932861328 302.49169921875 301.965301513672 302.642364501953 302.585998535156 303.134857177734 302.01123046875 299.74267578125 297.490936279297 294.259155273438 294.121398925781 294.261566162109 293.837371826172 296.887268066406 298.033325195312 301.333862304688 300.394287109375 299.452667236328 299.809417724609 300.721374511719 302.651306152344 305.079864501953 307.577880859375 312.480133056641 312.614807128906 313.543212890625 316.32373046875 316.164367675781 315.921325683594 316.382293701172 316.415985107422 315.769012451172 315.729583740234 315.782348632812 316.933166503906 317.2861328125 317.52978515625 318.636047363281
306.319641113281 312.066040039062 317.730163574219 314.996154785156 311.225067138672 304.653717041016 298.294830322266 294.530059814453 296.534118652344 302.009735107422 304.849029541016 304.830139160156 304.597747802734 304.902587890625 299.356506347656 299.637634277344 303.1708984375 303.847839355469 299.876708984375 295.919799804688 293.931304931641 296.278381347656 301.071960449219 303.446990966797 303.944763183594 304.011993408203 303.033660888672 303.793792724609 304.381591796875 303.761474609375 301.876495361328 300.7373046875 300.41015625 302.189422607422 308.857421875 312.983581542969 313.799255371094 316.050231933594 316.598846435547 316.734466552734 316.693084716797 316.840850830078 316.795959472656 316.342651367188 315.585571289062 316.639892578125 317.298492431641 317.737518310547 317.960174560547
306.093597412109 308.885925292969 315.298645019531 317.501159667969 315.966491699219 309.620971679688 297.9677734375 291.092864990234 291.635070800781 296.6650390625 301.852722167969 303.166656494141 304.205780029297 302.888244628906 299.967315673828 306.403656005859 309.320678710938 307.946990966797 302.673919677734 299.405944824219 300.965545654297 305.117370605469 306.865997314453 306.984436035156 305.99072265625 305.064025878906 304.333129882812 304.140472412109 303.004974365234 302.1591796875 302.044067382812 299.994598388672 299.593200683594 302.701568603516 306.740692138672 311.706756591797 313.974670410156 316.357971191406 316.408325195312 316.256622314453 316.216979980469 316.558410644531 316.806640625 316.759307861328 316.405609130859 316.953826904297 317.311401367188 317.558685302734 317.653381347656
311.947662353516 311.71240234375 313.072479248047 313.820281982422 310.767303466797 307.521209716797 302.218505859375 294.610961914062 291.490478515625 294.763977050781 299.451354980469 302.715881347656 304.967987060547 302.284454345703 306.454772949219 314.531463623047 314.312896728516 309.931243896484 305.128204345703 303.442108154297 304.792785644531 306.896362304688 307.1416015625 306.786834716797 305.741241455078 305.097137451172 304.350463867188 303.944488525391 302.771362304688 302.206573486328 301.860290527344 299.533172607422 299.782135009766 304.376800537109 308.407470703125 312.227355957031 314.284149169922 313.809753417969 314.850433349609 315.27197265625 315.027770996094 315.688842773438 316.628265380859 316.476867675781 316.620727539062 317.274322509766 317.324798583984 317.375366210938 317.670257568359
314.864562988281 314.657440185547 313.282135009766 308.464416503906 306.513854980469 306.746734619141 306.184539794922 300.439636230469 297.189910888672 298.420104980469 299.778991699219 302.258239746094 304.229644775391 301.202575683594 309.709167480469 315.038909912109 312.838623046875 308.87939453125 306.407775878906 306.111755371094 306.417694091797 306.674743652344 307.225708007812 305.600860595703 304.2275390625 305.039215087891 302.970092773438 300.771881103516 299.432403564453 299.700744628906 301.580810546875 302.050079345703 301.649658203125 306.481536865234 310.859069824219 312.827667236328 313.038299560547 308.328216552734 311.239013671875 314.497619628906 314.543304443359 314.593933105469 315.253051757812 316.189636230469 316.636260986328 317.288848876953 317.338714599609 317.388671875 317.48876953125
315.438903808594 315.913543701172 314.8203125 307.176513671875 306.597534179688 310.971710205078 311.720245361328 307.448333740234 302.519744873047 301.007537841797 301.574066162109 302.566131591797 301.469360351562 298.538543701172 311.821197509766 315.364837646484 313.458770751953 310.717559814453 308.472137451172 307.189758300781 307.213012695312 308.173645019531 307.604675292969 304.381195068359 303.274078369141 304.530517578125 303.700012207031 303.038482666016 302.307739257812 301.61181640625 304.176300048828 307.022064208984 306.529571533203 309.2099609375 311.022521972656 311.424438476562 311.268341064453 308.532928466797 311.115783691406 313.926208496094 314.763244628906 314.699005126953 314.958343505859 316.205932617188 316.455749511719 317.004730224609 317.159820556641 316.909057617188 317.501342773438
315.684417724609 316.492889404297 315.819519042969 310.568878173828 308.577209472656 311.935333251953 315.332641601562 314.306671142578 308.413421630859 303.685607910156 301.519561767578 299.442596435547 296.992156982422 298.604949951172 312.27978515625 315.875823974609 315.393859863281 314.463500976562 311.553833007812 308.981048583984 308.980712890625 309.264251708984 307.404724121094 304.379150390625 303.577728271484 304.336334228516 303.979217529297 306.694396972656 307.003540039062 308.395111083984 311.432464599609 313.3583984375 313.022369384766 311.352020263672 310.478485107422 311.231964111328 312.057647705078 312.063385009766 313.192779541016 314.149719238281 315.079772949219 315.127105712891 315.578582763672 316.024505615234 315.973358154297 316.519256591797 316.675994873047 316.416687011719 317.325744628906
315.875823974609 316.294067382812 316.926025390625 314.120208740234 313.217437744141 313.476440429688 313.326141357422 314.365417480469 314.646423339844 310.940948486328 306.543395996094 299.148529052734 297.231597900391 304.290679931641 313.434844970703 315.674621582031 315.182037353516 314.940856933594 312.779052734375 310.027618408203 309.499176025391 309.309051513672 307.167388916016 305.121612548828 304.653350830078 304.407501220703 298.675201416016 302.218139648438 304.342346191406 309.486175537109 313.785339355469 315.102447509766 314.609832763672 312.590789794922 311.997100830078 312.754028320312 313.584167480469 312.961730957031 313.6298828125 314.757141113281 315.09912109375 315.145782470703 315.39697265625 315.344482421875 315.191802978516 315.841735839844 315.890045166016 316.130310058594 316.840911865234
316.946166992188 316.018310546875 316.705505371094 314.381927490234 314.186401367188 314.923980712891 314.461120605469 314.487487792969 315.384094238281 315.427429199219 314.735717773438 309.063293457031 307.438140869141 312.267059326172 315.178039550781 315.192108154297 314.970123291016 313.754486083984 311.287628173828 310.013031005859 310.076110839844 309.119110107422 306.939178466797 305.611267089844 305.679260253906 305.4501953125 297.489196777344 303.327484130859 308.570434570312 312.515075683594 314.096893310547 315.13037109375 315.291534423828 314.552825927734 314.311462402344 314.351654052734 314.182098388672 313.272033691406 313.448120117188 314.286926269531 314.623626708984 314.669982910156 314.716674804688 314.758972167969 315.000244140625 315.351806640625 315.592651367188 316.136871337891 316.541687011719
316.073791503906 316.775543212891 315.497833251953 310.548065185547 310.483978271484 313.143188476562 314.970001220703 314.781219482422 315.485961914062 315.965362548828 316.201446533203 315.960113525391 314.193939208984 309.931640625 305.958068847656 308.241790771484 308.543365478516 307.273223876953 307.560852050781 310.026428222656 311.182708740234 309.906311035156 309.218475341797 307.975189208984 305.351715087891 298.312225341797 304.367523193359 311.927978515625 314.586303710938 314.947540283203 314.930786132812 315.024810791016 314.783966064453 314.604583740234 314.578308105469 314.905364990234 314.308959960938 313.820526123047 313.783599853516 313.906799316406 313.247711181641 313.114044189453 314.153778076172 314.597290039062 314.542541503906 315.088348388672 315.631439208984 315.985748291016 316.072601318359
