rcp8.5models/MPI_ESM_LR/sc1gr3.16
NCOLS 261 
NROWS 433 
XLLCORNER 336357.134 
YLLCORNER 654653.479 
CELLSIZE 1000 
NODATA_value -3.4e+38 
[rows 286 to 307 of 433, columns 49 to 97 of 261]
279.870025634766 279.872619628906 279.798858642578 279.688293457031 279.691192626953 279.883178710938 280.016418457031 279.812133789062 279.569580078125 279.056335449219 278.965606689453 279.376342773438 279.604858398438 277.823791503906 276.124542236328 277.615814208984 278.574920654297 278.602996826172 279.010986328125 277.412506103516 277.105407714844 278.785614013672 277.966918945312 277.165924072266 277.629852294922 275.986083984375 276.096038818359 278.521789550781 277.959411621094 275.851867675781 272.156616210938 272.55908203125 277.389556884766 276.673278808594 274.178283691406 272.399658203125 272.101776123047 273.492889404297 272.241088867188 270.256469726562 270.961944580078 271.420684814453 271.610290527344 271.81884765625 273.304718017578 274.244506835938 273.797088623047 271.440277099609 269.991973876953
280.02880859375 279.930572509766 279.739685058594 279.626403808594 279.597961425781 279.529602050781 279.573883056641 279.678131103516 279.748260498047 279.278503417969 278.863250732422 278.947265625 279.560455322266 279.043579101562 278.455444335938 278.968383789062 278.979583740234 278.986785888672 278.741241455078 276.675231933594 275.727661132812 278.142364501953 277.07421875 274.842071533203 274.566345214844 273.938690185547 275.829925537109 278.524780273438 277.045623779297 276.202362060547 272.772369384766 271.936614990234 276.435150146484 275.417602539062 272.452545166016 273.194641113281 273.985473632812 273.865600585938 272.022338867188 270.222839355469 269.135986328125 270.656188964844 271.796752929688 271.332550048828 271.356109619141 270.49951171875 268.443084716797 266.342895507812 265.519653320312
280.078063964844 280.280670166016 280.233032226562 279.661834716797 279.473510742188 279.43994140625 279.415557861328 279.302001953125 279.789001464844 279.330657958984 278.675201416016 278.675567626953 279.008544921875 279.074584960938 278.586547851562 278.54931640625 279.155792236328 279.530303955078 278.13330078125 276.836730957031 275.959167480469 277.552307128906 275.854339599609 272.072021484375 272.010955810547 274.465576171875 276.290374755859 276.65234375 277.076171875 275.522674560547 274.116333007812 273.470397949219 275.706817626953 275.630157470703 273.981414794922 273.999237060547 273.249328613281 273.148864746094 272.311065673828 270.878326416016 268.572357177734 269.254058837891 271.145233154297 271.234588623047 270.949462890625 268.929870605469 265.645782470703 264.096221923828 264.404479980469
280.251892089844 280.149383544922 280.231201171875 279.893218994141 279.684661865234 279.737182617188 279.598693847656 279.072021484375 279.295440673828 279.390991210938 278.991607666016 278.623229980469 278.623016357422 278.881500244141 278.771026611328 278.8017578125 279.472717285156 279.831848144531 276.233001708984 276.026306152344 276.074890136719 277.622802734375 276.472991943359 272.402465820312 272.841766357422 276.639526367188 276.896697998047 274.952972412109 274.729949951172 274.559112548828 274.162475585938 273.247131347656 274.63232421875 276.530303955078 274.820922851562 272.9638671875 272.015411376953 272.696594238281 271.876220703125 269.956085205078 268.009948730469 268.724060058594 270.736358642578 271.228668212891 270.506378173828 269.808654785156 268.116729736328 266.796112060547 266.125122070312
279.847930908203 279.590972900391 279.529052734375 279.5986328125 279.552856445312 279.400177001953 279.240356445312 278.932586669922 278.946014404297 278.906158447266 278.993804931641 279.202026367188 279.017395019531 279.081207275391 279.538879394531 279.599243164062 279.576049804688 277.730010986328 276.236297607422 276.356750488281 277.096374511719 277.377075195312 277.351806640625 276.879669189453 274.465850830078 274.327880859375 274.608978271484 275.040344238281 274.338989257812 272.742950439453 272.512481689453 274.709564208984 276.459655761719 277.463317871094 276.499389648438 275.238098144531 273.477020263672 272.608032226562 271.407409667969 270.526428222656 270.365509033203 267.974487304688 269.083984375 270.52587890625 271.382598876953 270.769500732422 267.728515625 264.607360839844 263.413208007812
279.295074462891 279.440155029297 279.443359375 279.340606689453 279.279632568359 279.267883300781 279.105163574219 279.101867675781 278.861663818359 278.79150390625 279.129943847656 279.612213134766 279.365661621094 279.193511962891 279.356628417969 279.126190185547 279.450286865234 278.771942138672 276.599334716797 276.676330566406 277.405059814453 277.321075439453 277.409881591797 275.869445800781 272.170288085938 273.006652832031 274.779052734375 274.349487304688 275.383422851562 271.558959960938 272.484588623047 274.199890136719 276.348480224609 277.355010986328 276.378936767578 276.716979980469 276.291564941406 276.267242431641 274.039398193359 272.726043701172 273.273223876953 266.355438232422 267.861541748047 270.005706787109 271.923309326172 271.363433837891 267.974578857422 261.806549072266 253.55842590332
279.109710693359 279.425842285156 279.433929443359 279.352081298828 279.425170898438 279.462371826172 279.297821044922 278.892486572266 278.657867431641 278.706207275391 278.961608886719 279.453857421875 279.586853027344 279.541351318359 279.316131591797 278.736663818359 278.863647460938 279.242279052734 278.088684082031 278.015808105469 277.66455078125 276.369537353516 276.27685546875 275.498596191406 272.365356445312 272.548614501953 274.399261474609 275.168640136719 276.110290527344 273.518157958984 274.254180908203 276.699615478516 277.911346435547 278.846466064453 278.193725585938 277.772064208984 277.715698242188 277.722564697266 276.196899414062 276.481506347656 275.386932373047 265.074493408203 266.363555908203 269.105804443359 270.000549316406 270.672180175781 269.495300292969 261.819030761719 251.880386352539
279.055053710938 279.176361083984 279.285919189453 279.37158203125 279.532348632812 279.834503173828 279.644134521484 279.055236816406 278.668823242188 278.636932373047 278.855438232422 279.438537597656 279.819427490234 279.686462402344 279.404327392578 278.885620117188 278.639556884766 279.101257324219 277.502777099609 277.656890869141 278.016418457031 276.245574951172 275.701019287109 275.694427490234 272.9931640625 271.082855224609 272.347930908203 274.228759765625 273.462005615234 273.310516357422 271.732391357422 276.028198242188 276.068572998047 276.217742919922 276.655059814453 275.57373046875 275.611572265625 275.533905029297 273.932006835938 274.527526855469 274.885528564453 267.847534179688 267.079711914062 270.163726806641 270.407958984375 270.032012939453 270.276092529297 264.872497558594 259.800079345703
279.356750488281 279.028778076172 279.026672363281 279.199066162109 279.468414306641 279.787078857422 279.613800048828 278.906433105469 278.612365722656 278.727416992188 279.135284423828 279.544403076172 279.786590576172 279.661376953125 279.50146484375 279.222747802734 278.720886230469 278.801330566406 277.644165039062 278.043640136719 278.172241210938 276.703735351562 274.929046630859 274.951934814453 274.183532714844 271.207550048828 270.540618896484 271.148742675781 271.659484863281 272.591217041016 271.607818603516 272.647644042969 273.508697509766 274.733978271484 274.920776367188 274.794891357422 276.091430664062 274.826904296875 271.153411865234 269.072845458984 271.890228271484 269.799163818359 270.5576171875 271.671508789062 273.259460449219 271.650482177734 270.977203369141 270.128234863281 268.944000244141
279.464630126953 279.130645751953 278.936492919922 279.04541015625 279.532836914062 279.805969238281 279.33544921875 278.7060546875 278.843994140625 278.957305908203 279.168273925781 279.548675537109 279.707366943359 279.559783935547 279.099395751953 278.907470703125 278.690460205078 278.599456787109 276.803314208984 277.011749267578 278.086090087891 276.354888916016 275.456451416016 276.279266357422 274.41845703125 271.624206542969 270.705718994141 269.592102050781 270.471435546875 270.403015136719 271.93994140625 272.177581787109 274.136169433594 275.735107421875 274.239105224609 274.437316894531 277.020172119141 274.02880859375 269.229705810547 265.992095947266 269.054718017578 266.964233398438 268.233795166016 270.553283691406 272.570831298828 270.090301513672 267.948089599609 268.984008789062 269.490936279297
279.700927734375 279.550811767578 279.630706787109 279.60546875 279.651397705078 279.538208007812 279.196441650391 278.694213867188 278.812927246094 278.979095458984 279.311706542969 279.644592285156 279.559692382812 279.26953125 278.962097167969 279.084533691406 279.0263671875 278.663848876953 277.065368652344 276.719696044922 277.807189941406 277.293640136719 277.561004638672 276.878173828125 273.487335205078 271.938018798828 271.808502197266 269.628112792969 268.150573730469 267.898315429688 270.89501953125 272.069854736328 273.886566162109 275.095947265625 274.521575927734 274.659332275391 276.66650390625 273.356689453125 267.604705810547 266.373352050781 267.161071777344 264.036682128906 263.438934326172 267.066223144531 269.239715576172 267.691680908203 265.524993896484 264.202026367188 263.890350341797
279.238739013672 278.989898681641 279.029998779297 279.163665771484 279.143646240234 278.969635009766 279.017791748047 278.685607910156 278.839141845703 279.244262695312 279.299591064453 279.071014404297 279.037139892578 279.210876464844 279.261901855469 279.019104003906 278.817443847656 278.521545410156 278.261871337891 278.126403808594 277.759460449219 277.060729980469 276.689788818359 275.425018310547 274.367248535156 274.146057128906 272.935791015625 270.442077636719 268.626678466797 268.346527099609 271.022399902344 272.283325195312 272.604644775391 273.58935546875 275.651336669922 277.205322265625 276.511688232422 270.880401611328 264.633087158203 265.529052734375 268.143035888672 263.689422607422 262.309356689453 263.106262207031 266.0439453125 267.968597412109 266.493286132812 263.688140869141 262.290924072266
278.581848144531 278.465515136719 278.493682861328 278.582489013672 278.619750976562 278.797027587891 279.028564453125 279.007659912109 279.06982421875 279.586212158203 279.211181640625 278.738647460938 278.678649902344 278.748077392578 278.856475830078 278.637512207031 278.539703369141 278.245361328125 278.457092285156 278.599700927734 278.378540039062 276.604339599609 274.221618652344 272.760406494141 272.580780029297 273.510101318359 272.439270019531 270.540435791016 270.881408691406 270.035308837891 270.320251464844 271.64697265625 273.332244873047 275.175018310547 277.310607910156 279.084320068359 276.285095214844 269.579528808594 265.969543457031 267.72802734375 271.893737792969 266.521575927734 265.049530029297 264.978149414062 267.208190917969 268.432464599609 267.332763671875 264.243072509766 260.829559326172
278.341217041016 278.665496826172 278.758239746094 278.542816162109 278.542633056641 278.975372314453 279.346313476562 279.598083496094 279.585266113281 279.728942871094 279.250244140625 278.715087890625 278.553100585938 278.536041259766 278.578277587891 278.478698730469 278.476135253906 278.145141601562 278.380187988281 278.670104980469 278.745513916016 276.372833251953 273.202087402344 272.199310302734 271.806427001953 272.537261962891 274.010467529297 273.541931152344 271.784393310547 271.712280273438 269.601928710938 271.648010253906 275.098419189453 275.68212890625 276.992309570312 279.423858642578 276.638732910156 271.899200439453 269.911071777344 268.519287109375 271.663146972656 269.895355224609 267.995269775391 265.810913085938 265.711303710938 266.085906982422 265.615203857422 265.338317871094 263.936767578125
278.411712646484 279.017852783203 279.220825195312 278.991882324219 278.836975097656 279.109466552734 279.593597412109 279.089996337891 279.037170410156 279.017059326172 278.787322998047 278.569946289062 278.507965087891 278.836364746094 278.874481201172 278.53662109375 278.493835449219 278.176116943359 278.746429443359 278.805053710938 278.845642089844 276.2802734375 273.859130859375 274.603271484375 275.586883544922 274.604156494141 273.372375488281 272.897857666016 270.672515869141 273.241455078125 270.820098876953 270.012298583984 272.409790039062 274.795471191406 276.954803466797 279.221527099609 277.249542236328 272.357299804688 269.592559814453 268.959899902344 271.804992675781 269.231018066406 267.250061035156 264.610290527344 262.092163085938 261.529998779297 258.967712402344 256.104187011719 256.684265136719
278.537719726562 278.594451904297 278.596374511719 278.947143554688 279.449584960938 279.37158203125 279.365600585938 279.054656982422 278.791748046875 278.780944824219 278.889465332031 278.864044189453 278.933898925781 278.947204589844 278.578674316406 278.412445068359 278.472900390625 278.666351318359 279.083557128906 278.957305908203 278.749847412109 278.281005859375 277.152862548828 276.484069824219 276.956878662109 274.553253173828 273.640472412109 275.679718017578 274.253326416016 274.111083984375 274.922637939453 272.067504882812 270.059631347656 273.3818359375 278.374145507812 279.276184082031 276.010559082031 270.535400390625 269.265106201172 270.999176025391 271.674621582031 273.038787841797 268.734649658203 268.298278808594 268.801727294922 265.569732666016 260.763061523438 255.4150390625 245.984603881836
279.179565429688 279.262817382812 279.209411621094 279.386566162109 279.516448974609 279.052856445312 278.836944580078 279.184844970703 278.987548828125 278.854431152344 278.822692871094 278.524230957031 278.487640380859 278.491546630859 278.296051025391 278.349822998047 278.494018554688 278.911193847656 278.539733886719 278.372161865234 277.674987792969 276.278167724609 274.105346679688 273.362426757812 275.256225585938 275.623809814453 274.860870361328 275.11279296875 273.111755371094 271.553009033203 274.092864990234 273.981506347656 272.366943359375 276.350158691406 279.219970703125 278.884613037109 277.473907470703 271.752624511719 268.339752197266 273.639221191406 276.215637207031 276.786376953125 274.219818115234 273.212615966797 273.887451171875 273.352203369141 268.020874023438 263.002258300781 255.97395324707
279.466674804688 279.552551269531 279.309875488281 278.991882324219 278.913055419922 278.737396240234 278.461151123047 278.783111572266 278.762329101562 278.565673828125 278.45703125 278.334075927734 278.335357666016 278.179870605469 278.058074951172 278.258483886719 278.284301757812 278.463958740234 278.131134033203 277.990814208984 277.288909912109 274.564300537109 271.513214111328 271.417205810547 273.566223144531 275.404663085938 272.299530029297 269.563903808594 270.059204101562 271.568115234375 274.954467773438 274.67919921875 273.493713378906 277.849395751953 278.7880859375 277.951629638672 276.948883056641 274.775543212891 274.060211181641 275.418548583984 275.106597900391 275.860412597656 273.543975830078 266.274322509766 260.324859619141 260.367156982422 263.448272705078 260.007476806641 253.014678955078
279.321624755859 279.514923095703 279.559143066406 279.381500244141 279.245208740234 278.927490234375 278.519317626953 278.426391601562 278.222106933594 278.261260986328 277.477813720703 277.333557128906 278.19482421875 277.7802734375 277.733093261719 278.066619873047 278.042083740234 277.894104003906 277.874267578125 277.400695800781 277.041412353516 274.504547119141 271.231964111328 270.772003173828 272.727264404297 274.856750488281 272.097625732422 269.836669921875 270.932495117188 274.7099609375 277.664733886719 276.808837890625 276.589996337891 278.753967285156 278.535980224609 277.617248535156 277.511138916016 278.239715576172 276.8994140625 272.183441162109 270.645935058594 269.093109130859 267.481750488281 256.611419677734 245.451232910156 243.896713256836 252.773071289062 251.238052368164 243.055740356445
278.718658447266 279.128601074219 279.167022705078 278.955688476562 278.742248535156 278.672790527344 278.653503417969 278.303314208984 277.924163818359 277.618316650391 276.447937011719 276.444732666016 277.706726074219 277.1904296875 277.118225097656 277.601501464844 277.806762695312 277.728912353516 277.784576416016 277.010955810547 276.236785888672 275.795654296875 273.464324951172 271.497833251953 272.533782958984 273.153686523438 271.835632324219 270.651733398438 269.917449951172 274.599029541016 277.893005371094 278.607727050781 278.877105712891 279.511138916016 278.922790527344 278.405090332031 278.640838623047 278.019073486328 273.687866210938 268.387145996094 268.041351318359 264.815032958984 262.784454345703 255.330810546875 244.955108642578 244.822006225586 254.151062011719 253.89241027832 250.446823120117
278.258117675781 278.478668212891 278.078063964844 277.804748535156 277.881591796875 278.317596435547 278.515899658203 278.368896484375 278.060424804688 277.326324462891 276.987457275391 277.310455322266 277.595733642578 277.46923828125 277.224853515625 277.317260742188 277.744293212891 277.922180175781 277.962524414062 277.292633056641 276.559936523438 276.546295166016 274.690124511719 272.128265380859 271.558502197266 271.134155273438 271.968872070312 270.611328125 267.504302978516 272.306945800781 276.544616699219 278.922454833984 279.158233642578 279.552429199219 279.204467773438 278.865325927734 278.202606201172 276.113189697266 272.070251464844 267.985961914062 269.382293701172 269.4267578125 267.350036621094 264.943237304688 257.660278320312 255.469665527344 257.654357910156 255.287490844727 254.374053955078
277.777862548828 277.859588623047 277.653930664062 277.515747070312 277.932586669922 278.245910644531 278.044616699219 278.315460205078 278.487884521484 278.1796875 277.825378417969 277.672119140625 277.632446289062 277.5146484375 277.288360595703 277.223968505859 277.765625 278.041015625 278.209716796875 277.616912841797 277.324890136719 276.818634033203 275.507293701172 272.548950195312 270.701507568359 270.702575683594 270.449432373047 269.874725341797 269.328155517578 273.695007324219 276.946166992188 278.988037109375 278.821228027344 277.991790771484 277.574066162109 276.421966552734 275.487243652344 274.808227539062 273.0810546875 271.719177246094 272.733795166016 272.548095703125 272.983062744141 270.734191894531 262.657989501953 251.897369384766 243.26789855957 239.834884643555 239.068984985352
