rcp4.5models/CNRM_CM5/age.25
ncols    261
nrows    433
xllcorner  336357.125000
yllcorner  654653.500000
cellsize   1000.000000
NODATA_value   -9999
[rows 117 to 155 of 433, columns 89 to 177 of 261]
29 28 29 28 30 27 28 27 29 29 -9999 29 28 -9999 -9999 28 26 29 28 30 26 8 20 20 20 10 26 26 -9999 -9999 26 -9999 -9999 -9999 -9999 -9999 -9999 -9999 -9999 -9999 -9999 -9999 -9999 -9999 -9999 -9999 -9999 -9999 -9999 -9999 -9999 -9999 -9999 17 11 -9999 30 27 2 27 2 28 -9999 -9999 -9999 -9999 -9999 -9999 -9999 -9999 -9999 -9999 -9999 -9999 -9999 -9999 -9999 -9999 -9999 -9999 -9999 26 2 2 26 27 27 -9999 -9999
26 27 29 27 26 20 26 28 -9999 -9999 -9999 27 10 29 28 26 27 26 30 28 30 29 27 6 2 29 -9999 -9999 -9999 -9999 29 -9999 -9999 -9999 -9999 -9999 -9999 -9999 -9999 -9999 -9999 -9999 -9999 -9999 -9999 -9999 -9999 -9999 -9999 -9999 -9999 29 -9999 -9999 29 -9999 29 29 18 27 2 30 -9999 -9999 -9999 -9999 -9999 -9999 -9999 -9999 -9999 -9999 -9999 -9999 -9999 -9999 -9999 -9999 -9999 -9999 -9999 28 2 27 27 29 27 -9999 -9999
30 30 29 27 23 28 26 27 19 30 -9999 -9999 -9999 -9999 -9999 30 30 29 27 28 29 28 2 30 28 28 -9999 -9999 -9999 -9999 -9999 -9999 -9999 -9999 -9999 -9999 -9999 -9999 -9999 -9999 30 -9999 -9999 -9999 -9999 -9999 -9999 -9999 -9999 -9999 -9999 28 -9999 27 -9999 -9999 2 29 18 18 2 27 -9999 -9999 -9999 -9999 -9999 -9999 -9999 -9999 -9999 -9999 -9999 -9999 -9999 -9999 -9999 -9999 -9999 -9999 -9999 -9999 -9999 -9999 -9999 -9999 -9999 -9999 -9999
28 19 20 27 19 26 19 28 30 10 2 19 -9999 -9999 26 28 30 30 26 26 27 27 10 6 -9999 -9999 -9999 -9999 -9999 -9999 -9999 -9999 -9999 -9999 -9999 -9999 -9999 -9999 -9999 -9999 26 27 -9999 -9999 -9999 -9999 -9999 -9999 -9999 -9999 -9999 27 -9999 -9999 -9999 -9999 -9999 2 18 18 18 2 2 -9999 -9999 -9999 -9999 -9999 -9999 -9999 -9999 -9999 -9999 -9999 -9999 -9999 -9999 -9999 -9999 -9999 -9999 -9999 -9999 -9999 -9999 -9999 -9999 -9999 2
-9999 20 27 20 19 23 23 20 26 29 26 19 -9999 27 29 26 26 28 28 27 30 26 12 -9999 -9999 -9999 -9999 -9999 -9999 -9999 -9999 -9999 -9999 -9999 -9999 -9999 -9999 -9999 -9999 -9999 -9999 28 17 29 -9999 -9999 -9999 30 17 -9999 29 -9999 -9999 26 21 -9999 -9999 -9999 2 2 29 30 27 -9999 -9999 -9999 -9999 -9999 -9999 -9999 -9999 -9999 -9999 -9999 -9999 -9999 -9999 -9999 -9999 -9999 -9999 -9999 -9999 -9999 -9999 -9999 -9999 30 29
28 29 26 28 26 19 26 27 10 2 -9999 -9999 -9999 19 28 29 29 26 27 29 26 30 21 -9999 -9999 -9999 -9999 -9999 -9999 -9999 -9999 -9999 -9999 -9999 -9999 -9999 -9999 26 21 28 -9999 -9999 28 -9999 -9999 -9999 -9999 17 29 17 27 -9999 -9999 29 21 -9999 -9999 30 -9999 30 30 27 -9999 -9999 -9999 -9999 -9999 -9999 -9999 -9999 -9999 -9999 -9999 -9999 -9999 -9999 -9999 -9999 -9999 -9999 -9999 -9999 -9999 -9999 -9999 -9999 -9999 29 2
29 20 26 28 27 2 27 27 29 -9999 -9999 10 10 2 30 19 27 28 28 29 28 27 17 30 -9999 -9999 -9999 -9999 -9999 -9999 -9999 -9999 -9999 -9999 -9999 -9999 -9999 -9999 30 26 26 17 -9999 -9999 -9999 26 12 30 28 -9999 -9999 -9999 -9999 -9999 -9999 -9999 -9999 -9999 30 26 28 -9999 27 -9999 -9999 -9999 -9999 -9999 -9999 -9999 -9999 -9999 -9999 -9999 -9999 -9999 -9999 -9999 -9999 -9999 -9999 -9999 -9999 -9999 -9999 -9999 -9999 2 2
19 29 19 19 2 18 17 10 -9999 -9999 -9999 27 10 28 2 26 18 18 18 26 6 6 29 29 -9999 27 -9999 -9999 -9999 -9999 -9999 -9999 -9999 -9999 -9999 -9999 -9999 -9999 28 26 18 29 -9999 -9999 -9999 30 30 30 -9999 30 -9999 -9999 -9999 -9999 -9999 -9999 30 -9999 27 27 2 26 29 26 -9999 -9999 -9999 -9999 -9999 -9999 -9999 -9999 -9999 -9999 -9999 -9999 -9999 -9999 -9999 -9999 -9999 -9999 -9999 -9999 -9999 -9999 -9999 -9999 -9999
27 27 29 27 26 26 30 28 10 -9999 10 10 10 21 18 29 6 2 18 27 6 19 19 23 30 -9999 -9999 -9999 -9999 -9999 -9999 -9999 -9999 -9999 -9999 -9999 -9999 -9999 -9999 28 29 -9999 -9999 -9999 26 29 26 27 26 27 19 -9999 -9999 -9999 17 26 -9999 -9999 26 26 2 27 28 -9999 -9999 -9999 -9999 -9999 -9999 -9999 -9999 -9999 -9999 -9999 -9999 -9999 -9999 -9999 -9999 -9999 -9999 -9999 -9999 -9999 -9999 -9999 -9999 -9999 -9999
26 26 5 5 2 27 10 27 10 27 29 -9999 -9999 26 18 2 18 18 30 25 23 23 23 23 14 28 30 -9999 -9999 -9999 -9999 29 30 29 -9999 27 17 -9999 29 17 -9999 -9999 -9999 26 28 26 26 12 26 29 17 -9999 -9999 -9999 21 28 -9999 -9999 28 26 12 -9999 29 -9999 -9999 -9999 -9999 -9999 -9999 -9999 -9999 -9999 -9999 -9999 -9999 -9999 -9999 -9999 -9999 -9999 -9999 -9999 -9999 -9999 -9999 -9999 -9999 -9999 -9999
19 30 28 28 5 19 28 26 29 19 -9999 -9999 21 29 28 18 18 19 8 25 24 29 26 27 14 29 26 -9999 -9999 -9999 -9999 -9999 -9999 -9999 30 28 26 27 27 29 -9999 -9999 27 -9999 29 30 27 27 28 21 -9999 29 17 21 21 21 -9999 27 28 26 -9999 -9999 26 -9999 -9999 -9999 -9999 -9999 -9999 -9999 -9999 -9999 -9999 -9999 -9999 -9999 -9999 -9999 -9999 -9999 -9999 -9999 -9999 -9999 -9999 -9999 -9999 -9999 -9999
5 29 29 19 13 19 20 2 30 21 -9999 27 28 10 18 18 19 25 2 18 18 23 23 17 28 27 17 -9999 -9999 -9999 -9999 -9999 -9999 -9999 -9999 29 28 21 27 -9999 29 28 26 21 -9999 27 28 26 28 21 27 26 26 29 28 17 -9999 26 12 2 -9999 30 29 27 -9999 -9999 -9999 -9999 -9999 -9999 -9999 -9999 -9999 -9999 -9999 -9999 -9999 -9999 -9999 -9999 -9999 -9999 -9999 -9999 -9999 -9999 -9999 -9999 -9999
5 28 26 20 10 19 5 30 2 18 -9999 17 18 18 18 18 23 20 2 30 18 10 17 27 28 12 2 -9999 -9999 -9999 -9999 -9999 -9999 -9999 -9999 -9999 30 26 -9999 -9999 28 26 19 17 -9999 -9999 30 28 27 21 2 27 12 21 12 -9999 27 30 -9999 -9999 27 2 -9999 -9999 -9999 -9999 -9999 -9999 -9999 -9999 -9999 -9999 -9999 -9999 -9999 -9999 -9999 -9999 -9999 -9999 -9999 -9999 -9999 -9999 -9999 -9999 -9999 -9999 -9999
20 20 20 18 28 10 10 13 20 6 10 28 18 10 10 10 18 18 18 18 18 10 6 29 10 17 30 -9999 -9999 -9999 -9999 -9999 -9999 -9999 -9999 -9999 -9999 -9999 -9999 29 29 30 30 21 -9999 26 27 17 28 21 29 30 26 30 -9999 -9999 29 17 -9999 -9999 -9999 -9999 -9999 30 -9999 -9999 -9999 -9999 -9999 -9999 -9999 -9999 -9999 -9999 -9999 -9999 -9999 -9999 -9999 -9999 -9999 -9999 -9999 -9999 -9999 -9999 -9999 -9999 -9999
11 20 23 20 15 20 20 11 26 19 26 18 18 28 6 6 2 18 18 18 10 10 10 10 10 27 -9999 -9999 -9999 -9999 -9999 -9999 -9999 -9999 -9999 -9999 -9999 -9999 -9999 30 26 12 30 29 -9999 17 30 29 28 28 -9999 -9999 30 30 -9999 -9999 12 -9999 -9999 -9999 27 30 -9999 -9999 -9999 -9999 -9999 -9999 -9999 -9999 -9999 -9999 -9999 -9999 -9999 -9999 -9999 -9999 -9999 -9999 -9999 -9999 -9999 -9999 -9999 -9999 -9999 -9999 -9999
19 29 26 13 27 23 23 23 20 18 2 28 2 17 26 17 18 6 10 6 6 10 10 17 17 2 26 -9999 -9999 -9999 -9999 -9999 -9999 -9999 30 26 30 21 26 29 27 26 21 -9999 27 17 30 19 -9999 -9999 -9999 -9999 27 28 26 28 -9999 -9999 -9999 30 2 -9999 29 -9999 -9999 -9999 -9999 -9999 -9999 -9999 -9999 -9999 -9999 -9999 -9999 2 2 -9999 -9999 -9999 -9999 2 3 2 -9999 -9999 -9999 -9999 -9999
27 27 28 13 26 28 10 15 18 10 18 10 30 6 6 6 10 30 27 28 12 12 17 17 27 28 12 -9999 -9999 -9999 -9999 -9999 30 27 21 21 21 30 10 10 18 21 21 21 28 26 27 26 -9999 -9999 -9999 21 17 12 26 -9999 -9999 -9999 26 2 26 26 28 -9999 -9999 -9999 -9999 -9999 -9999 -9999 -9999 -9999 -9999 28 -9999 -9999 -9999 -9999 2 2 2 -9999 -9999 -9999 -9999 -9999 -9999 -9999 -9999
19 19 19 28 5 19 2 20 18 29 10 26 12 10 10 30 10 26 10 28 26 12 10 17 17 12 2 17 -9999 28 27 27 30 -9999 -9999 -9999 26 30 29 19 21 30 29 17 -9999 -9999 26 26 -9999 -9999 21 30 26 29 27 27 26 -9999 29 2 26 30 27 12 -9999 -9999 -9999 -9999 -9999 -9999 -9999 2 2 -9999 -9999 -9999 -9999 -9999 2 -9999 -9999 -9999 -9999 -9999 -9999 -9999 -9999 -9999 -9999
10 19 27 28 20 30 29 29 20 26 19 28 30 29 29 10 21 10 10 26 17 29 27 17 17 26 17 17 28 21 30 -9999 -9999 -9999 -9999 26 12 29 27 30 27 26 27 26 -9999 -9999 29 -9999 -9999 -9999 21 26 27 28 30 27 17 12 28 30 29 30 -9999 29 17 2 -9999 -9999 -9999 -9999 -9999 -9999 29 2 -9999 -9999 -9999 -9999 -9999 -9999 -9999 -9999 -9999 -9999 -9999 -9999 -9999 -9999 -9999
10 -9999 20 20 26 26 27 28 18 18 2 30 21 29 26 27 10 -9999 -9999 -9999 28 12 26 17 21 -9999 12 30 30 30 26 -9999 -9999 -9999 -9999 28 21 21 28 30 17 27 26 11 -9999 -9999 -9999 -9999 -9999 26 27 26 30 26 30 26 30 27 27 28 27 26 -9999 -9999 -9999 29 -9999 -9999 -9999 -9999 -9999 -9999 -9999 -9999 -9999 -9999 -9999 -9999 -9999 -9999 -9999 -9999 -9999 -9999 -9999 -9999 -9999 -9999 -9999
-9999 -9999 -9999 10 10 10 2 10 10 18 27 10 21 30 28 -9999 -9999 -9999 -9999 -9999 30 28 12 -9999 -9999 27 26 30 29 28 17 -9999 -9999 -9999 -9999 11 21 29 21 30 30 19 27 16 27 -9999 -9999 -9999 -9999 26 17 26 27 28 26 27 29 2 30 29 30 27 7 12 -9999 -9999 -9999 -9999 -9999 -9999 -9999 -9999 -9999 -9999 -9999 -9999 -9999 -9999 -9999 -9999 -9999 -9999 -9999 -9999 -9999 -9999 -9999 -9999 -9999
-9999 -9999 -9999 28 27 10 10 10 10 2 30 10 10 29 29 -9999 -9999 -9999 -9999 10 17 -9999 17 -9999 12 29 17 26 30 17 -9999 -9999 -9999 -9999 -9999 27 29 27 29 27 26 29 27 29 27 -9999 11 -9999 -9999 29 12 30 29 18 18 30 2 18 2 29 17 29 21 26 28 27 -9999 -9999 -9999 -9999 -9999 -9999 -9999 -9999 -9999 -9999 -9999 -9999 -9999 -9999 -9999 -9999 -9999 -9999 -9999 -9999 -9999 -9999 -9999
30 -9999 -9999 -9999 26 10 26 29 2 19 2 10 17 17 28 -9999 -9999 -9999 28 30 17 -9999 -9999 -9999 17 10 27 29 17 -9999 -9999 -9999 -9999 -9999 26 29 29 27 21 18 18 -9999 30 27 28 28 19 17 21 27 21 27 29 30 21 25 25 30 27 26 8 2 -9999 4 4 27 -9999 -9999 -9999 -9999 -9999 -9999 -9999 -9999 -9999 -9999 -9999 -9999 -9999 -9999 -9999 -9999 -9999 -9999 -9999 -9999 -9999 -9999 -9999
19 28 29 29 10 2 28 27 10 30 2 6 10 29 26 17 -9999 -9999 17 26 6 -9999 -9999 30 12 27 29 17 17 -9999 -9999 -9999 -9999 -9999 12 30 30 27 30 21 21 29 27 29 21 26 21 19 26 29 30 30 18 21 27 18 25 18 25 25 25 17 29 29 29 30 29 -9999 -9999 -9999 -9999 -9999 -9999 -9999 -9999 -9999 -9999 -9999 -9999 -9999 -9999 -9999 -9999 -9999 -9999 -9999 -9999 -9999 -9999
29 30 29 30 30 30 30 30 2 19 2 17 12 10 10 1 -9999 -9999 12 10 29 -9999 -9999 12 12 26 17 21 6 -9999 -9999 -9999 -9999 29 26 17 27 17 29 18 27 29 29 28 19 19 28 29 21 21 29 12 -9999 2 19 25 25 25 25 18 2 26 29 28 28 27 28 26 -9999 -9999 -9999 -9999 -9999 -9999 -9999 -9999 -9999 -9999 -9999 -9999 -9999 -9999 -9999 -9999 -9999 -9999 -9999 -9999 -9999
28 26 27 29 19 27 10 10 18 2 2 10 29 28 10 10 -9999 10 26 10 17 -9999 17 29 1 17 17 21 -9999 -9999 -9999 -9999 -9999 19 27 21 29 29 28 18 26 21 -9999 29 27 28 28 30 30 26 12 28 27 21 15 25 26 25 25 27 30 30 29 29 27 30 27 29 26 -9999 -9999 -9999 -9999 -9999 -9999 -9999 -9999 -9999 -9999 -9999 -9999 -9999 -9999 -9999 -9999 -9999 -9999 -9999 -9999
26 26 29 28 19 27 20 20 21 28 18 21 10 21 10 10 -9999 -9999 26 -9999 17 -9999 12 12 28 17 12 21 -9999 -9999 -9999 21 17 27 21 27 30 30 21 18 26 28 10 18 18 29 21 28 18 10 18 26 21 25 21 25 25 25 25 2 29 27 26 29 27 27 29 26 30 -9999 -9999 -9999 -9999 -9999 -9999 -9999 -9999 -9999 -9999 -9999 -9999 -9999 -9999 -9999 -9999 -9999 -9999 2 2
30 30 -9999 28 28 10 26 22 10 10 2 6 27 10 30 -9999 17 -9999 10 15 17 17 27 29 17 17 2 17 30 17 26 28 28 30 30 10 10 18 18 2 25 2 18 29 21 26 27 28 29 18 21 18 18 25 25 25 25 -9999 25 18 30 28 26 29 28 27 26 26 29 -9999 -9999 -9999 -9999 -9999 -9999 -9999 -9999 -9999 -9999 -9999 -9999 -9999 -9999 -9999 -9999 -9999 -9999 20 2
10 28 27 30 27 21 10 27 30 10 2 29 27 -9999 30 -9999 -9999 -9999 10 30 17 17 -9999 28 17 21 21 17 17 27 17 21 29 28 17 26 15 30 25 25 28 25 18 29 28 29 29 26 29 25 25 25 25 21 25 29 25 6 2 25 18 28 29 27 30 30 28 26 30 -9999 -9999 -9999 -9999 -9999 -9999 -9999 -9999 -9999 -9999 -9999 -9999 -9999 -9999 -9999 -9999 -9999 2 28 2
15 18 29 10 27 29 21 10 28 10 2 30 17 -9999 -9999 -9999 -9999 -9999 10 10 19 21 10 21 29 12 12 17 12 12 17 16 29 26 28 18 18 18 25 25 25 18 18 27 30 26 28 27 30 25 21 25 29 25 26 10 25 25 25 26 25 28 29 30 30 26 28 30 26 -9999 -9999 -9999 -9999 -9999 -9999 -9999 -9999 -9999 -9999 -9999 -9999 -9999 -9999 -9999 -9999 -9999 6 -9999 -9999
20 20 10 2 27 19 21 10 10 28 29 10 26 -9999 -9999 -9999 -9999 17 17 17 10 10 21 10 17 17 27 26 28 2 21 21 17 17 10 15 21 18 18 25 21 29 29 29 26 27 12 28 19 25 30 15 26 15 15 25 30 25 25 21 25 26 26 29 30 28 27 27 27 -9999 -9999 -9999 -9999 -9999 -9999 -9999 -9999 -9999 -9999 -9999 -9999 -9999 -9999 -9999 -9999 2 21 -9999 -9999
15 30 10 27 10 28 10 20 2 2 26 30 12 17 28 -9999 17 21 17 15 15 15 10 10 10 17 21 28 17 15 10 30 26 30 10 30 21 27 21 10 15 28 28 28 29 26 28 27 27 21 12 27 29 28 17 29 29 18 25 28 21 -9999 30 26 30 27 30 28 30 28 29 -9999 -9999 -9999 -9999 -9999 -9999 -9999 -9999 -9999 -9999 -9999 -9999 -9999 -9999 1 2 -9999 -9999
18 25 25 30 10 18 18 19 10 29 30 21 6 10 17 17 6 19 17 15 15 15 29 29 12 21 21 28 10 15 15 12 21 17 10 17 17 12 15 21 18 27 29 27 30 21 12 17 17 27 12 28 10 10 21 27 21 12 21 15 25 10 27 26 29 28 30 29 29 30 29 -9999 -9999 -9999 -9999 -9999 -9999 -9999 -9999 -9999 -9999 -9999 -9999 -9999 6 10 26 29 -9999
18 19 19 26 25 25 28 10 29 10 2 2 2 2 1 17 17 17 28 21 1 21 21 10 21 29 21 10 2 2 21 26 29 26 10 10 10 30 10 15 10 17 21 29 21 19 27 12 21 17 17 30 12 10 25 28 19 21 30 25 25 18 30 30 26 30 28 30 26 27 26 30 -9999 -9999 -9999 -9999 -9999 -9999 -9999 -9999 -9999 -9999 -9999 2 1 2 1 20 20
2 2 25 19 30 26 28 10 30 30 10 2 20 26 -9999 19 17 12 12 19 27 26 27 2 6 2 10 10 10 10 10 10 10 10 10 15 10 26 28 29 17 12 12 26 30 12 30 17 26 21 17 12 17 12 21 19 27 21 19 28 25 18 21 27 26 28 28 29 30 28 28 27 -9999 -9999 -9999 -9999 -9999 -9999 -9999 -9999 -9999 -9999 1 30 1 30 21 10 21
23 25 2 25 27 27 23 2 10 8 10 20 20 26 27 26 21 21 2 19 21 26 19 6 28 6 6 19 10 10 6 10 2 6 10 21 15 8 26 21 29 17 17 17 17 12 27 29 19 17 17 17 17 12 17 18 25 -9999 10 21 18 29 27 28 29 26 27 29 28 29 30 28 -9999 -9999 -9999 -9999 -9999 -9999 -9999 -9999 -9999 -9999 13 26 26 26 1 26 2
28 27 30 19 24 26 23 26 23 10 10 20 29 10 2 10 10 10 10 27 6 6 6 26 30 21 2 6 6 2 2 8 10 10 30 8 8 28 29 10 10 10 10 10 30 17 26 21 -9999 -9999 26 17 17 27 19 30 28 12 19 -9999 2 18 18 28 27 26 26 30 30 30 -9999 -9999 -9999 -9999 -9999 -9999 -9999 -9999 -9999 -9999 -9999 26 21 15 28 28 2 21 20
18 8 30 23 26 25 26 26 23 21 2 23 20 19 20 10 10 10 1 21 6 6 6 26 27 26 26 27 26 21 10 21 17 21 21 29 10 10 21 21 15 30 10 12 17 29 12 17 -9999 -9999 -9999 30 17 27 28 30 26 26 26 29 26 26 26 27 28 27 27 26 26 29 -9999 -9999 -9999 -9999 -9999 -9999 -9999 -9999 -9999 -9999 21 21 13 26 19 -9999 1 1 6
19 10 30 19 28 27 23 23 22 20 20 10 10 27 27 17 17 6 6 -9999 6 6 28 10 30 30 17 10 1 26 -9999 29 30 30 29 18 28 21 12 17 15 15 12 28 17 27 17 21 -9999 -9999 17 16 11 30 11 26 26 29 4 28 29 29 26 29 30 27 -9999 27 30 -9999 -9999 -9999 -9999 -9999 -9999 -9999 -9999 -9999 -9999 25 30 29 21 1 28 -9999 -9999 6 30
