rcp4.5models/CNRM_CM5/age.35
ncols    261
nrows    433
xllcorner  336357.125000
yllcorner  654653.500000
cellsize   1000.000000
NODATA_value   -9999
[rows 160 to 199 of 433, columns 89 to 177 of 261]
38 36 4 4 4 4 1 1 1 1 39 37 -9999 -9999 -9999 -9999 -9999 -9999 -9999 -9999 31 20 20 -9999 -9999 -9999 -9999 31 3 12 20 20 12 20 20 3 6 16 10 3 -9999 -9999 -9999 -9999 27 3 8 6 27 37 37 27 36 21 40 39 -9999 -9999 -9999 -9999 37 39 37 40 37 36 38 -9999 -9999 -9999 -9999 -9999 -9999 -9999 35 -9999 22 12 8 12 37 31 -9999 -9999 -9999 -9999 -9999 -9999 -9999
1 1 1 1 39 40 38 37 36 36 37 39 40 -9999 -9999 -9999 -9999 -9999 -9999 -9999 3 20 38 -9999 -9999 -9999 20 3 20 20 20 38 31 16 12 3 36 17 40 3 -9999 37 -9999 10 40 38 39 6 27 36 26 37 38 38 38 -9999 -9999 -9999 -9999 -9999 40 38 40 37 37 36 37 -9999 -9999 -9999 -9999 -9999 -9999 -9999 35 38 40 20 39 39 9 -9999 -9999 -9999 -9999 -9999 -9999 -9999 -9999
40 20 1 1 12 37 36 38 37 40 36 39 -9999 -9999 -9999 -9999 -9999 -9999 -9999 -9999 20 16 3 -9999 -9999 -9999 20 39 37 12 12 20 37 16 12 31 39 27 22 3 3 36 3 6 14 36 8 6 27 36 27 37 38 37 38 -9999 -9999 -9999 -9999 -9999 38 37 37 40 39 40 -9999 -9999 -9999 -9999 -9999 -9999 -9999 -9999 -9999 40 36 3 37 38 40 -9999 -9999 -9999 -9999 -9999 -9999 -9999 -9999
1 1 -9999 -9999 -9999 39 38 39 38 37 39 37 -9999 -9999 -9999 -9999 -9999 -9999 -9999 -9999 -9999 -9999 20 12 36 38 12 16 16 38 36 36 3 31 4 8 38 36 27 31 6 37 31 38 39 8 6 39 40 6 38 22 40 38 39 -9999 -9999 -9999 -9999 -9999 38 40 36 38 37 36 -9999 -9999 -9999 -9999 -9999 -9999 -9999 -9999 38 37 38 38 40 37 40 -9999 -9999 -9999 -9999 -9999 -9999 -9999 -9999
1 1 -9999 -9999 -9999 40 37 38 38 40 38 39 39 3 25 20 25 20 20 20 -9999 -9999 31 20 -9999 3 36 31 16 40 3 39 3 20 29 38 3 37 38 3 38 17 36 40 38 3 8 8 23 8 27 40 38 36 -9999 -9999 -9999 -9999 -9999 -9999 40 37 38 39 39 36 38 -9999 -9999 -9999 22 -9999 -9999 3 39 38 37 20 36 9 -9999 -9999 -9999 -9999 -9999 -9999 -9999 -9999 -9999
29 1 -9999 -9999 -9999 -9999 40 38 40 40 40 37 3 20 20 16 16 29 16 20 3 38 40 36 16 3 3 39 31 31 16 37 39 20 20 28 3 39 3 8 37 26 37 6 8 31 39 20 36 3 27 40 37 38 -9999 -9999 -9999 -9999 -9999 -9999 38 39 40 36 38 37 40 37 -9999 -9999 6 8 35 20 40 20 9 40 6 -9999 -9999 -9999 -9999 -9999 -9999 -9999 3 -9999 -9999
1 1 -9999 -9999 -9999 37 40 36 40 39 38 39 38 20 16 16 3 16 37 38 20 36 3 37 -9999 -9999 31 36 16 16 16 31 8 3 16 12 6 39 20 6 39 38 8 8 20 20 20 25 20 8 6 27 40 36 -9999 -9999 -9999 -9999 -9999 -9999 39 38 40 39 39 37 -9999 -9999 -9999 -9999 8 -9999 35 3 9 9 40 -9999 -9999 -9999 -9999 -9999 -9999 -9999 -9999 -9999 -9999 -9999 -9999
1 -9999 -9999 -9999 -9999 36 39 40 37 36 37 40 40 35 29 12 1 1 3 40 16 3 38 -9999 -9999 -9999 39 3 3 16 36 40 16 31 31 37 37 28 40 40 36 38 20 20 3 23 23 23 20 40 8 27 22 -9999 -9999 -9999 -9999 -9999 -9999 -9999 36 37 39 37 37 -9999 -9999 -9999 -9999 -9999 -9999 35 -9999 -9999 -9999 -9999 -9999 -9999 -9999 -9999 -9999 -9999 -9999 -9999 -9999 37 -9999 -9999 -9999
1 -9999 -9999 -9999 -9999 38 37 39 38 36 38 39 36 39 1 1 37 38 16 12 20 39 16 37 40 40 20 3 38 31 3 22 29 16 3 3 16 16 12 20 16 3 16 39 23 20 23 3 36 20 8 17 37 -9999 -9999 -9999 -9999 -9999 -9999 -9999 38 38 36 38 -9999 -9999 -9999 -9999 -9999 -9999 -9999 8 -9999 -9999 -9999 -9999 -9999 -9999 -9999 -9999 -9999 -9999 -9999 -9999 -9999 27 -9999 -9999 -9999
1 -9999 -9999 -9999 37 36 40 40 40 36 38 36 39 38 29 1 12 29 20 16 16 40 20 20 20 20 16 3 12 3 27 3 16 4 3 20 22 36 16 3 23 3 23 23 3 25 25 20 20 3 6 27 40 36 -9999 -9999 -9999 -9999 -9999 -9999 38 39 40 40 -9999 -9999 -9999 -9999 -9999 -9999 38 39 -9999 -9999 -9999 -9999 -9999 -9999 -9999 -9999 -9999 -9999 -9999 -9999 -9999 -9999 -9999 -9999 -9999
38 1 20 -9999 29 38 36 36 39 37 39 39 36 38 29 36 4 39 31 16 27 27 -9999 -9999 -9999 20 16 3 3 3 36 22 16 16 16 3 16 29 40 37 3 25 31 16 3 23 25 23 8 3 37 37 38 -9999 -9999 -9999 -9999 -9999 -9999 -9999 -9999 36 40 38 -9999 -9999 -9999 -9999 -9999 -9999 -9999 40 3 -9999 -9999 -9999 -9999 -9999 -9999 -9999 -9999 -9999 -9999 -9999 -9999 -9999 -9999 -9999 -9999
4 40 40 29 -9999 20 29 37 39 37 37 38 40 38 36 20 40 40 16 20 38 26 -9999 40 -9999 20 20 36 3 14 31 38 1 16 3 12 29 16 38 16 16 16 36 3 16 37 37 20 38 8 38 22 36 -9999 -9999 -9999 -9999 -9999 -9999 -9999 -9999 38 38 36 -9999 -9999 -9999 -9999 -9999 -9999 -9999 -9999 3 -9999 -9999 -9999 -9999 -9999 -9999 -9999 -9999 -9999 -9999 -9999 -9999 -9999 -9999 -9999 -9999
4 1 29 -9999 -9999 20 12 20 12 40 37 39 37 1 1 4 36 4 12 20 -9999 -9999 -9999 -9999 40 40 39 39 31 16 38 31 38 16 25 16 3 29 16 31 29 16 3 31 37 23 40 3 20 -9999 40 40 38 -9999 -9999 -9999 -9999 -9999 -9999 -9999 -9999 -9999 -9999 -9999 -9999 -9999 3 -9999 -9999 -9999 -9999 -9999 39 -9999 -9999 -9999 -9999 -9999 -9999 -9999 -9999 -9999 -9999 -9999 -9999 -9999 -9999 -9999 -9999
1 29 1 -9999 -9999 1 1 40 29 29 1 1 20 1 4 1 12 -9999 14 20 37 40 20 16 3 38 38 37 37 12 39 8 38 36 36 16 31 31 31 3 31 16 20 31 25 9 3 20 20 -9999 37 40 37 -9999 -9999 -9999 -9999 -9999 -9999 -9999 -9999 -9999 -9999 -9999 -9999 -9999 -9999 -9999 -9999 -9999 -9999 -9999 37 22 -9999 -9999 -9999 -9999 -9999 -9999 -9999 -9999 -9999 -9999 -9999 -9999 40 -9999 -9999
4 1 1 29 12 1 1 37 39 29 40 1 1 4 20 31 16 -9999 22 40 38 16 16 16 38 38 37 39 12 16 12 3 16 31 40 3 3 16 31 3 3 3 3 31 20 38 20 20 3 6 26 37 -9999 -9999 -9999 -9999 -9999 -9999 -9999 -9999 -9999 -9999 -9999 -9999 -9999 3 -9999 -9999 -9999 -9999 -9999 -9999 39 -9999 -9999 -9999 -9999 -9999 -9999 -9999 -9999 -9999 -9999 -9999 -9999 -9999 27 36 -9999
36 1 38 37 1 29 29 4 1 40 29 36 1 4 40 12 -9999 -9999 -9999 40 38 37 31 20 20 40 3 3 36 14 3 20 16 31 16 8 -9999 3 8 8 3 3 25 28 39 39 37 39 8 27 21 37 -9999 -9999 -9999 -9999 -9999 -9999 -9999 -9999 -9999 -9999 -9999 -9999 -9999 -9999 -9999 -9999 -9999 -9999 -9999 -9999 -9999 -9999 -9999 -9999 -9999 -9999 -9999 -9999 -9999 -9999 -9999 -9999 -9999 -9999 -9999 -9999 -9999
1 1 1 1 37 31 12 29 1 29 29 38 38 4 4 4 -9999 -9999 -9999 3 3 31 20 -9999 16 40 3 3 16 40 3 8 20 16 37 3 3 3 40 6 3 8 3 36 20 3 8 20 6 27 27 39 -9999 -9999 -9999 -9999 -9999 -9999 -9999 -9999 -9999 -9999 -9999 -9999 -9999 -9999 -9999 -9999 -9999 -9999 -9999 -9999 -9999 -9999 -9999 -9999 -9999 -9999 -9999 -9999 -9999 -9999 -9999 -9999 -9999 -9999 -9999 -9999 -9999
20 39 1 20 37 12 20 12 1 1 29 1 37 31 36 4 1 20 3 3 36 3 3 31 16 -9999 20 20 -9999 37 39 16 31 16 3 40 3 36 8 8 38 8 16 16 20 9 20 8 39 27 27 -9999 -9999 -9999 -9999 -9999 -9999 -9999 -9999 -9999 -9999 -9999 -9999 -9999 -9999 -9999 -9999 -9999 -9999 -9999 -9999 -9999 -9999 -9999 -9999 -9999 -9999 -9999 -9999 -9999 -9999 -9999 -9999 -9999 -9999 -9999 -9999 -9999 -9999
1 36 4 20 1 12 20 20 16 16 39 -9999 -9999 1 36 1 4 3 3 3 3 20 3 40 36 20 -9999 36 3 36 31 16 31 38 6 20 38 8 20 8 8 3 16 38 -9999 37 39 3 6 27 37 -9999 -9999 -9999 -9999 -9999 -9999 -9999 -9999 -9999 -9999 -9999 3 -9999 -9999 -9999 -9999 -9999 -9999 -9999 -9999 -9999 -9999 -9999 -9999 -9999 -9999 -9999 -9999 3 3 3 27 -9999 16 37 -9999 -9999 -9999
4 29 12 20 -9999 -9999 38 14 16 -9999 29 20 -9999 29 1 1 -9999 3 29 12 16 20 20 26 20 3 -9999 16 36 3 3 3 20 20 -9999 16 3 -9999 6 40 3 38 37 -9999 -9999 -9999 37 39 27 38 37 -9999 -9999 -9999 -9999 -9999 -9999 -9999 -9999 -9999 -9999 -9999 -9999 -9999 -9999 38 -9999 -9999 -9999 -9999 -9999 -9999 -9999 -9999 -9999 -9999 -9999 40 39 8 3 36 3 36 16 8 -9999 -9999 -9999
29 4 20 12 4 -9999 -9999 12 -9999 -9999 40 14 16 3 20 29 36 3 3 1 20 16 3 3 20 26 20 27 16 3 3 3 38 20 3 3 3 -9999 37 38 3 20 20 3 -9999 36 17 36 27 36 36 -9999 -9999 -9999 -9999 -9999 -9999 -9999 -9999 -9999 -9999 -9999 -9999 -9999 -9999 -9999 -9999 -9999 -9999 36 -9999 -9999 -9999 -9999 -9999 38 39 3 37 37 8 8 37 3 3 38 38 -9999 -9999
29 12 12 20 4 12 -9999 20 20 -9999 -9999 31 36 37 31 36 12 1 31 1 20 3 2 3 3 27 3 16 20 16 27 16 39 3 3 3 31 3 27 36 37 6 6 6 -9999 36 17 3 3 40 -9999 -9999 -9999 -9999 -9999 -9999 -9999 -9999 -9999 -9999 -9999 -9999 -9999 37 -9999 -9999 -9999 -9999 -9999 -9999 -9999 -9999 38 38 3 27 39 31 3 31 3 3 3 39 3 3 36 40 36
12 20 29 20 31 12 20 -9999 -9999 40 -9999 4 37 37 20 16 20 16 16 16 40 3 20 36 16 4 3 37 3 3 20 20 22 16 -9999 -9999 36 3 3 3 39 27 37 26 22 40 27 6 21 40 -9999 -9999 -9999 -9999 -9999 -9999 -9999 -9999 -9999 -9999 -9999 -9999 -9999 -9999 -9999 -9999 -9999 -9999 -9999 -9999 3 12 3 3 40 3 3 3 20 3 39 -9999 3 2 8 40 37 36 38
1 4 29 4 20 20 20 29 -9999 -9999 -9999 -9999 39 16 16 31 40 36 37 3 40 3 16 1 31 16 20 16 3 36 16 3 16 -9999 -9999 -9999 -9999 39 37 17 40 37 37 37 22 40 39 22 40 -9999 -9999 -9999 -9999 -9999 -9999 -9999 -9999 -9999 -9999 -9999 -9999 -9999 -9999 -9999 -9999 -9999 -9999 -9999 -9999 -9999 38 8 12 8 12 8 38 3 9 3 3 3 35 39 3 38 38 36 -9999
29 29 29 29 4 31 20 29 -9999 20 40 16 16 12 4 -9999 36 37 20 16 16 38 38 20 3 37 4 16 3 36 16 20 -9999 17 -9999 -9999 40 38 6 3 3 6 6 39 38 40 38 36 37 -9999 -9999 -9999 -9999 -9999 -9999 -9999 -9999 -9999 -9999 -9999 -9999 -9999 -9999 -9999 -9999 -9999 -9999 40 3 8 3 37 20 31 12 3 20 3 9 3 40 38 36 3 6 36 40 37 -9999
31 40 4 4 4 20 39 20 20 31 -9999 -9999 20 -9999 -9999 -9999 -9999 -9999 12 20 3 39 40 36 20 -9999 20 20 3 37 36 3 40 22 -9999 -9999 26 16 39 16 6 6 3 38 37 36 36 39 -9999 -9999 -9999 -9999 -9999 -9999 -9999 -9999 -9999 -9999 -9999 -9999 -9999 -9999 -9999 -9999 -9999 -9999 -9999 8 31 8 3 23 9 16 3 25 16 12 20 29 2 36 3 37 6 36 39 38 -9999
4 4 4 4 38 4 20 20 20 20 37 38 31 -9999 31 4 -9999 -9999 40 12 40 3 4 38 1 3 1 20 1 2 3 20 4 4 36 17 17 38 39 39 3 39 3 3 6 6 3 39 -9999 -9999 -9999 -9999 -9999 -9999 -9999 -9999 -9999 -9999 -9999 -9999 -9999 -9999 -9999 -9999 -9999 -9999 -9999 3 3 3 9 20 23 3 3 31 12 3 2 4 4 4 31 39 8 38 37 39 -9999
20 4 38 37 39 4 4 20 20 39 20 20 37 4 31 37 40 39 4 4 40 3 4 4 20 9 16 3 1 16 16 4 36 4 16 17 -9999 -9999 38 36 16 39 37 38 39 39 6 38 -9999 -9999 -9999 -9999 -9999 -9999 -9999 -9999 3 -9999 -9999 -9999 38 -9999 -9999 -9999 -9999 -9999 -9999 29 31 3 23 16 12 31 2 9 3 3 2 2 2 4 4 2 2 8 38 37 37
29 29 4 37 4 4 12 36 19 19 20 20 40 4 36 31 39 7 20 4 4 1 4 6 3 1 1 29 1 6 38 38 27 17 16 -9999 -9999 -9999 40 17 17 36 37 38 40 39 39 39 -9999 -9999 -9999 -9999 -9999 -9999 -9999 -9999 -9999 -9999 -9999 3 -9999 -9999 -9999 -9999 -9999 -9999 -9999 12 2 3 31 3 40 31 2 3 3 2 4 2 3 16 2 4 16 4 17 37 39
4 38 29 4 12 20 31 4 4 19 40 31 12 20 20 20 3 3 3 16 4 4 27 40 40 29 29 23 3 16 16 38 38 6 16 -9999 -9999 -9999 40 36 39 39 38 40 36 37 27 40 -9999 -9999 -9999 -9999 -9999 -9999 -9999 -9999 -9999 -9999 -9999 -9999 -9999 3 36 -9999 -9999 -9999 -9999 3 3 3 37 3 28 8 2 9 4 4 2 3 16 9 3 2 39 28 3 39 -9999
29 36 20 36 4 4 20 20 40 38 3 20 20 19 20 20 20 20 20 19 4 4 6 37 3 38 31 23 40 38 31 17 40 16 38 -9999 -9999 -9999 37 37 37 38 36 40 6 6 37 38 -9999 -9999 -9999 -9999 -9999 -9999 -9999 -9999 -9999 -9999 -9999 -9999 -9999 3 12 39 -9999 -9999 -9999 36 3 16 38 3 40 3 8 3 3 31 1 1 3 3 3 2 29 37 17 21 37
29 37 29 20 37 29 4 4 37 -9999 3 36 4 19 20 19 20 20 25 36 9 36 8 3 3 20 36 28 4 6 40 36 40 38 38 -9999 -9999 -9999 40 36 38 37 36 39 6 3 26 40 -9999 -9999 -9999 -9999 -9999 -9999 -9999 -9999 -9999 -9999 -9999 -9999 -9999 31 6 31 -9999 -9999 6 25 -9999 -9999 6 3 3 8 6 6 25 4 2 4 1 4 31 16 29 39 19 19 36
17 25 17 4 4 40 38 36 19 38 4 40 4 4 4 19 4 25 3 29 9 4 20 29 3 39 25 40 6 3 6 16 37 6 16 39 36 40 36 39 39 38 36 6 39 27 39 38 -9999 -9999 -9999 -9999 -9999 -9999 -9999 -9999 -9999 -9999 -9999 -9999 -9999 3 20 3 -9999 -9999 -9999 -9999 -9999 -9999 -9999 -9999 3 8 3 3 3 2 3 31 31 3 4 4 2 36 21 36 -9999
31 20 4 40 20 4 4 4 29 17 19 29 29 4 19 25 19 25 37 38 20 4 39 35 9 8 16 3 31 3 6 16 -9999 39 6 16 27 37 36 38 37 36 39 3 6 38 38 39 -9999 -9999 -9999 -9999 -9999 -9999 -9999 -9999 -9999 -9999 -9999 -9999 -9999 -9999 36 -9999 -9999 -9999 -9999 -9999 -9999 31 37 31 3 3 3 3 9 4 1 1 4 4 2 3 39 3 19 37 37
4 3 31 19 17 4 20 19 17 4 6 3 29 4 31 4 40 39 3 38 20 4 38 20 9 37 16 38 4 3 36 31 -9999 39 -9999 6 6 6 31 6 17 40 6 6 6 40 39 37 -9999 -9999 -9999 -9999 -9999 -9999 -9999 -9999 -9999 -9999 -9999 -9999 -9999 -9999 37 -9999 -9999 -9999 -9999 -9999 -9999 12 40 40 3 6 16 3 3 2 2 2 2 29 2 3 3 16 37 38 -9999
37 20 3 23 17 19 3 4 20 4 4 25 31 19 4 20 3 40 19 39 4 3 20 31 31 38 3 6 3 38 37 38 37 39 17 26 40 38 6 6 6 6 6 37 6 6 38 37 -9999 -9999 -9999 -9999 -9999 -9999 -9999 -9999 -9999 -9999 -9999 -9999 -9999 -9999 40 -9999 -9999 -9999 -9999 -9999 -9999 12 6 6 31 29 2 35 31 4 4 31 29 29 3 31 3 3 -9999 3 -9999
31 19 20 17 -9999 20 39 4 25 3 31 25 3 3 25 3 3 20 25 20 6 8 3 6 3 3 40 38 6 3 6 6 26 27 27 38 38 27 6 37 36 37 17 38 40 40 6 6 -9999 -9999 -9999 -9999 -9999 -9999 -9999 -9999 -9999 -9999 -9999 -9999 40 -9999 -9999 -9999 -9999 -9999 -9999 -9999 -9999 39 37 40 37 4 8 3 4 2 1 3 4 2 3 16 3 6 -9999 -9999 -9999
3 3 40 39 38 38 36 39 14 6 -9999 39 40 3 3 23 3 23 4 4 36 6 3 37 39 37 27 16 37 3 39 3 6 -9999 27 36 36 36 39 19 40 36 39 39 37 37 3 6 6 -9999 -9999 -9999 -9999 -9999 -9999 -9999 -9999 -9999 -9999 -9999 -9999 -9999 -9999 -9999 -9999 -9999 -9999 -9999 40 40 37 36 37 4 4 4 2 4 1 2 4 2 39 31 3 29 -9999 -9999 -9999
39 14 6 40 39 6 36 27 -9999 40 3 40 23 3 25 4 4 23 25 20 8 3 3 3 38 -9999 39 40 -9999 8 3 40 37 37 31 27 38 36 38 40 -9999 -9999 -9999 -9999 -9999 40 3 3 37 -9999 -9999 -9999 -9999 -9999 -9999 -9999 -9999 -9999 -9999 -9999 -9999 -9999 -9999 -9999 -9999 36 -9999 -9999 9 39 36 40 36 2 4 3 4 4 2 4 2 2 2 3 29 6 -9999 -9999 -9999
38 4 4 36 3 36 38 14 40 3 4 37 36 36 3 36 25 25 23 20 3 14 31 -9999 -9999 -9999 -9999 -9999 -9999 8 38 3 40 6 27 38 6 36 37 19 -9999 -9999 -9999 -9999 -9999 -9999 36 6 6 -9999 -9999 -9999 -9999 -9999 -9999 -9999 -9999 -9999 -9999 -9999 -9999 -9999 -9999 -9999 37 8 40 12 12 3 3 40 28 4 4 4 3 2 4 4 2 38 4 3 28 37 -9999 -9999 -9999
