rcp4.5models/CNRM_CM5/age.37
ncols    261
nrows    433
xllcorner  336357.125000
yllcorner  654653.500000
cellsize   1000.000000
NODATA_value   -9999
[rows 360 to 399 of 433, columns 89 to 177 of 261]
4 1 4 4 1 39 -9999 1 1 38 40 38 39 40 42 40 42 20 40 40 39 20 41 20 20 20 37 40 20 39 42 38 38 42 42 41 40 42 42 38 41 42 39 4 38 42 40 39 42 39 39 41 29 42 38 29 42 41 40 19 -9999 -9999 -9999 -9999 -9999 15 15 15 38 41 38 40 39 39 38 38 -9999 11 11 -9999 10 40 -9999 -9999 -9999 -9999 2 2 3
1 1 1 42 -9999 -9999 -9999 -9999 -9999 -9999 4 39 40 39 20 38 40 42 20 41 20 20 20 41 20 20 20 41 20 20 41 38 20 38 38 42 5 42 4 40 15 40 4 42 39 -9999 -9999 -9999 32 39 42 41 -9999 -9999 -9999 -9999 -9999 40 -9999 19 -9999 -9999 -9999 -9999 41 38 15 15 42 19 41 42 40 39 40 39 41 41 10 10 10 10 -9999 -9999 -9999 11 40 4 3
39 42 41 39 -9999 -9999 -9999 41 -9999 -9999 20 39 41 42 20 22 38 20 20 20 20 25 20 20 41 20 41 20 20 39 40 41 20 42 42 20 42 42 38 38 42 15 42 40 42 41 39 32 42 42 40 -9999 -9999 -9999 -9999 -9999 -9999 -9999 -9999 -9999 -9999 -9999 -9999 -9999 -9999 41 42 10 15 42 40 39 40 42 42 42 41 10 10 11 10 2 2 -9999 10 2 10 10 10
41 1 41 38 -9999 -9999 -9999 38 39 39 -9999 1 40 22 42 4 4 41 20 25 41 20 20 40 20 38 40 41 20 41 41 39 39 40 42 20 20 38 38 39 41 39 41 41 41 42 31 39 40 41 -9999 -9999 -9999 -9999 -9999 -9999 -9999 -9999 -9999 -9999 -9999 -9999 -9999 -9999 -9999 41 23 15 15 15 41 38 38 38 39 11 10 10 11 11 11 2 2 2 10 26 2 20 10
1 40 40 40 41 4 1 41 39 22 20 4 41 39 22 41 40 20 20 5 41 39 41 20 41 39 20 25 38 38 41 38 25 38 42 42 41 39 30 39 39 39 39 41 42 39 40 23 40 38 -9999 -9999 -9999 -9999 -9999 -9999 -9999 -9999 -9999 -9999 -9999 -9999 -9999 -9999 -9999 40 40 15 15 -9999 -9999 11 11 39 40 11 10 39 11 41 38 11 2 10 10 36 20 26 38
41 40 40 22 38 38 40 41 42 38 22 20 42 39 25 25 4 39 39 41 42 39 40 41 42 41 20 20 20 42 30 41 42 39 38 22 38 40 42 30 41 40 38 5 40 40 42 39 23 -9999 -9999 -9999 -9999 -9999 -9999 -9999 -9999 -9999 -9999 -9999 -9999 -9999 -9999 -9999 -9999 42 38 38 42 10 10 10 10 10 10 10 10 41 33 42 23 38 11 10 32 36 32 26 32
-9999 1 1 40 38 38 42 40 41 42 4 38 4 42 40 41 20 20 5 39 20 20 20 38 41 38 38 20 20 30 30 41 38 42 38 41 38 42 30 38 39 38 30 38 39 38 40 40 -9999 -9999 -9999 -9999 -9999 -9999 -9999 -9999 -9999 -9999 -9999 -9999 -9999 -9999 -9999 -9999 -9999 41 40 40 41 10 10 10 40 41 10 10 11 38 39 42 23 38 40 11 39 20 2 2 26
-9999 8 40 39 39 22 39 22 39 38 42 -9999 -9999 -9999 -9999 -9999 -9999 -9999 20 20 20 20 38 42 42 22 42 20 42 25 42 38 38 39 42 38 39 41 30 40 39 42 41 38 40 39 38 -9999 -9999 -9999 -9999 -9999 -9999 -9999 -9999 -9999 -9999 -9999 -9999 -9999 -9999 -9999 -9999 -9999 -9999 38 15 19 10 10 15 29 39 42 38 10 11 23 -9999 31 40 38 40 38 41 40 2 32 32
-9999 -9999 39 1 -9999 42 39 41 20 38 39 20 -9999 42 -9999 -9999 -9999 -9999 -9999 -9999 39 41 41 42 4 42 40 42 22 40 41 39 38 42 38 41 38 40 30 30 30 38 4 41 40 15 38 38 -9999 -9999 -9999 -9999 -9999 -9999 -9999 -9999 -9999 -9999 -9999 -9999 -9999 -9999 -9999 -9999 -9999 40 15 19 42 -9999 -9999 -9999 -9999 -9999 39 10 11 39 -9999 -9999 -9999 -9999 -9999 -9999 -9999 38 -9999 -9999 -9999
-9999 -9999 1 -9999 41 40 1 22 38 41 42 38 -9999 20 42 -9999 -9999 -9999 -9999 41 40 40 41 40 38 41 -9999 39 38 20 25 40 39 30 30 39 42 30 30 41 30 39 39 41 40 39 42 38 41 -9999 -9999 -9999 -9999 -9999 -9999 -9999 -9999 -9999 -9999 -9999 -9999 -9999 -9999 -9999 -9999 -9999 -9999 -9999 -9999 -9999 -9999 -9999 -9999 -9999 39 -9999 -9999 -9999 -9999 -9999 -9999 -9999 -9999 -9999 -9999 -9999 -9999 -9999 -9999
-9999 -9999 -9999 -9999 39 41 1 39 38 39 39 38 -9999 42 41 41 -9999 -9999 -9999 -9999 -9999 -9999 -9999 38 -9999 38 -9999 39 -9999 -9999 22 22 38 41 41 38 30 30 39 30 30 39 38 39 42 41 38 41 40 40 -9999 -9999 -9999 -9999 -9999 -9999 -9999 -9999 -9999 -9999 -9999 -9999 -9999 -9999 -9999 -9999 -9999 -9999 -9999 -9999 -9999 -9999 -9999 -9999 -9999 -9999 -9999 -9999 -9999 -9999 -9999 -9999 -9999 -9999 -9999 -9999 -9999 -9999 32
-9999 -9999 -9999 -9999 40 38 40 20 40 42 40 -9999 -9999 -9999 -9999 -9999 38 38 38 42 39 -9999 -9999 41 39 42 40 41 4 20 -9999 20 38 4 39 39 39 30 5 5 8 30 30 38 30 42 38 33 15 38 4 -9999 -9999 -9999 -9999 -9999 -9999 -9999 -9999 -9999 -9999 -9999 -9999 -9999 -9999 -9999 -9999 -9999 -9999 -9999 -9999 -9999 -9999 -9999 -9999 -9999 39 40 -9999 -9999 -9999 -9999 -9999 -9999 -9999 -9999 26 35 20
-9999 -9999 -9999 42 38 39 42 42 40 42 42 -9999 -9999 -9999 20 -9999 -9999 39 42 41 41 40 -9999 41 39 42 41 39 38 42 41 20 20 20 40 40 5 5 39 38 39 5 39 38 39 42 42 15 15 19 33 -9999 -9999 -9999 -9999 -9999 -9999 -9999 -9999 -9999 -9999 -9999 -9999 -9999 -9999 -9999 -9999 -9999 -9999 -9999 -9999 -9999 -9999 -9999 11 10 10 11 40 39 -9999 42 40 41 28 2 2 20 36
-9999 -9999 -9999 -9999 42 42 40 20 41 38 38 41 38 -9999 20 -9999 -9999 -9999 38 38 38 40 39 20 20 42 38 39 42 41 38 39 5 5 42 38 20 39 42 39 39 42 42 41 38 40 5 38 42 19 38 -9999 -9999 -9999 -9999 -9999 -9999 -9999 -9999 -9999 -9999 -9999 -9999 -9999 -9999 -9999 -9999 -9999 -9999 -9999 -9999 -9999 -9999 -9999 40 39 10 10 38 11 11 11 10 10 29 10 26 32 20
-9999 -9999 -9999 -9999 -9999 40 42 39 42 41 40 40 41 38 38 -9999 -9999 -9999 41 38 20 20 40 20 20 20 20 20 40 38 40 40 20 41 20 39 20 40 42 38 38 -9999 -9999 40 41 39 15 5 41 6 15 -9999 -9999 -9999 -9999 -9999 -9999 -9999 -9999 -9999 -9999 -9999 -9999 -9999 -9999 -9999 -9999 -9999 -9999 -9999 -9999 -9999 -9999 -9999 41 10 10 10 10 10 10 -9999 10 26 10 10 10 20 20
-9999 -9999 -9999 -9999 -9999 -9999 41 38 -9999 39 -9999 41 40 42 40 -9999 -9999 -9999 20 20 20 20 42 38 40 40 38 40 39 42 41 41 41 39 20 20 20 38 40 38 38 38 39 39 38 38 41 38 30 15 39 -9999 -9999 -9999 -9999 -9999 -9999 -9999 -9999 15 19 -9999 -9999 -9999 -9999 -9999 -9999 -9999 -9999 -9999 -9999 -9999 -9999 -9999 10 10 20 36 10 26 20 10 20 36 10 10 38 36 20
-9999 -9999 -9999 -9999 -9999 -9999 -9999 -9999 -9999 39 -9999 -9999 38 41 42 40 39 40 40 20 40 20 40 38 41 38 40 40 40 39 39 41 41 40 42 20 5 39 40 38 40 39 41 41 42 39 41 39 15 42 40 19 19 41 -9999 -9999 -9999 -9999 19 10 15 10 -9999 -9999 -9999 -9999 -9999 -9999 -9999 -9999 -9999 -9999 -9999 -9999 10 10 36 36 20 32 10 26 19 10 20 36 36 20 30
40 -9999 -9999 -9999 -9999 -9999 -9999 -9999 -9999 -9999 -9999 -9999 -9999 -9999 39 40 40 38 41 40 40 42 39 42 20 20 42 42 38 38 38 40 20 41 20 5 39 41 40 41 41 40 38 39 38 41 38 41 19 19 40 19 41 19 41 15 19 15 1 10 10 10 20 20 -9999 -9999 -9999 -9999 -9999 -9999 -9999 -9999 -9999 -9999 10 20 10 20 10 10 26 10 36 38 20 26 36 35 35
40 39 38 41 -9999 -9999 -9999 -9999 -9999 -9999 -9999 -9999 -9999 -9999 -9999 -9999 41 38 39 -9999 40 39 39 39 40 -9999 41 -9999 -9999 41 41 41 40 20 20 41 42 40 42 38 42 42 38 38 39 41 42 39 19 19 39 38 19 19 15 19 19 1 10 19 10 10 19 20 10 15 19 10 10 -9999 -9999 -9999 10 10 10 19 10 36 10 38 38 10 -9999 -9999 -9999 -9999 -9999 -9999 -9999
40 22 42 41 -9999 -9999 -9999 -9999 -9999 -9999 -9999 -9999 -9999 -9999 -9999 -9999 -9999 -9999 -9999 -9999 -9999 -9999 -9999 -9999 -9999 -9999 -9999 -9999 -9999 -9999 -9999 41 38 40 40 42 41 42 40 41 38 42 40 40 39 41 38 39 19 19 19 19 15 15 15 19 19 19 6 20 10 19 19 32 19 19 19 10 10 32 30 10 10 10 10 11 10 36 10 39 -9999 -9999 -9999 -9999 -9999 -9999 -9999 -9999 -9999
-9999 41 38 38 38 -9999 -9999 -9999 -9999 -9999 -9999 -9999 -9999 -9999 -9999 -9999 -9999 -9999 -9999 -9999 -9999 -9999 -9999 -9999 -9999 -9999 -9999 -9999 -9999 -9999 -9999 -9999 42 40 40 40 20 38 38 42 38 39 39 42 5 15 39 19 19 15 15 39 15 15 15 19 19 20 19 36 19 19 10 38 32 -9999 19 15 19 36 36 36 32 20 10 10 10 20 -9999 10 -9999 -9999 -9999 -9999 -9999 -9999 -9999 -9999 -9999
40 22 38 41 38 41 41 -9999 -9999 -9999 -9999 -9999 -9999 -9999 -9999 -9999 -9999 -9999 -9999 -9999 -9999 -9999 -9999 -9999 20 20 20 40 39 39 38 41 39 39 38 42 42 40 39 41 42 38 42 38 38 41 39 42 40 42 19 15 15 15 10 10 15 15 10 36 19 6 20 20 19 36 19 19 32 32 36 39 38 10 32 32 10 36 10 -9999 -9999 -9999 -9999 -9999 -9999 -9999 -9999 -9999 -9999
40 38 41 41 42 39 40 38 -9999 -9999 -9999 -9999 -9999 -9999 -9999 -9999 -9999 -9999 -9999 -9999 -9999 -9999 -9999 39 20 42 20 39 42 40 20 20 20 20 41 42 20 20 39 41 38 38 40 42 40 41 39 38 40 41 42 15 15 19 15 10 19 15 10 36 36 20 10 19 19 36 19 32 20 19 -9999 -9999 19 10 10 20 36 32 10 -9999 -9999 -9999 -9999 -9999 -9999 -9999 -9999 -9999 -9999
39 42 39 41 40 40 38 22 40 40 -9999 -9999 -9999 -9999 -9999 -9999 -9999 -9999 -9999 -9999 -9999 -9999 -9999 -9999 39 20 41 20 4 20 20 42 20 20 20 29 24 20 20 41 40 41 42 39 41 41 19 39 39 39 10 10 10 15 10 10 10 20 10 36 36 10 10 19 19 20 36 40 19 10 36 -9999 36 36 36 32 36 38 36 -9999 -9999 -9999 -9999 -9999 -9999 -9999 -9999 -9999 -9999
41 41 42 40 39 40 38 39 39 41 1 -9999 -9999 -9999 -9999 40 42 -9999 -9999 -9999 -9999 -9999 38 41 42 41 20 42 38 20 38 41 20 20 20 23 20 20 20 42 39 41 41 40 40 41 38 41 15 30 41 19 19 19 10 10 15 10 10 19 36 20 19 36 19 36 36 19 19 10 20 41 36 42 38 40 38 40 42 -9999 -9999 -9999 -9999 -9999 -9999 -9999 -9999 -9999 -9999
41 40 40 42 41 41 39 42 41 39 38 -9999 41 -9999 -9999 41 42 39 41 42 38 40 38 41 39 39 38 41 40 38 38 20 20 42 39 -9999 -9999 40 41 42 39 41 40 39 41 19 39 15 10 10 15 19 19 10 10 10 40 42 10 19 10 10 10 36 29 20 10 19 -9999 20 41 36 40 39 42 36 42 32 36 20 -9999 -9999 -9999 -9999 -9999 -9999 -9999 -9999 -9999
41 38 38 41 38 41 41 40 41 40 39 41 38 -9999 -9999 41 38 38 41 22 22 40 42 5 38 42 40 5 42 38 38 41 40 39 -9999 41 40 41 38 42 42 15 30 40 40 39 15 19 15 10 10 19 10 10 10 41 39 41 41 19 19 19 32 20 36 36 6 36 36 36 41 39 41 39 39 41 38 41 41 36 20 -9999 -9999 -9999 -9999 -9999 -9999 -9999 -9999
41 25 25 38 40 39 41 22 8 42 38 41 40 41 42 39 40 39 39 42 40 42 25 -9999 -9999 -9999 39 20 20 42 38 -9999 -9999 -9999 39 41 40 39 39 39 39 42 39 30 15 30 15 19 15 15 15 10 10 10 10 38 38 42 41 40 32 32 32 20 36 36 36 -9999 36 36 36 36 36 36 36 42 10 32 40 41 38 36 36 36 -9999 -9999 -9999 -9999 -9999
41 38 42 -9999 -9999 42 5 39 40 8 41 38 42 41 41 38 40 39 42 40 40 40 -9999 -9999 38 41 38 41 39 40 38 40 41 41 41 39 38 38 40 39 39 41 38 38 15 42 15 15 15 10 10 10 10 10 10 40 41 39 38 42 20 20 20 39 36 40 36 36 40 40 36 40 39 40 36 36 36 10 20 40 40 41 36 36 -9999 -9999 -9999 36 36
41 -9999 38 40 39 41 42 42 42 41 40 42 39 39 39 41 42 38 23 42 39 39 -9999 -9999 25 42 22 5 22 42 40 40 38 40 41 39 42 41 41 39 39 39 42 40 39 42 42 41 41 25 10 10 10 10 10 15 40 39 38 38 20 10 32 20 36 36 36 41 36 36 36 36 20 39 10 36 41 36 41 41 36 36 36 36 20 -9999 -9999 20 40
41 -9999 -9999 40 38 38 41 39 41 38 41 40 38 22 8 40 40 39 38 40 42 -9999 -9999 -9999 41 41 22 41 25 25 40 41 22 40 39 5 22 5 5 39 42 42 30 19 38 39 38 30 39 15 15 38 10 10 10 10 15 40 38 42 20 10 10 10 36 36 20 36 36 41 36 41 38 41 10 39 20 36 38 38 20 36 36 36 39 -9999 20 20 20
39 -9999 -9999 -9999 40 38 41 39 42 41 41 5 39 39 38 40 38 38 40 39 39 -9999 -9999 -9999 39 30 42 38 38 30 25 40 39 40 42 30 38 38 41 41 40 39 38 39 42 39 40 41 40 15 15 10 10 10 15 10 19 19 10 -9999 36 20 20 20 36 20 38 40 40 39 36 41 20 20 10 39 36 38 39 36 20 36 36 36 41 40 20 42 29
22 -9999 -9999 -9999 -9999 40 41 41 42 42 39 38 5 42 40 39 41 -9999 -9999 -9999 -9999 -9999 -9999 -9999 40 39 30 39 41 25 38 25 42 38 39 5 30 30 39 30 38 30 5 42 38 42 38 42 42 40 38 10 10 10 10 10 10 20 36 19 36 36 29 42 32 32 20 38 20 40 32 32 32 20 32 36 38 36 38 -9999 20 20 36 41 39 29 20 29 41
-9999 -9999 -9999 -9999 -9999 -9999 38 40 41 42 5 41 39 38 40 39 41 40 -9999 -9999 -9999 -9999 -9999 40 40 42 39 41 42 38 39 40 42 40 40 40 5 40 40 30 41 38 41 39 40 42 39 41 42 40 19 10 10 10 10 15 10 32 32 20 20 20 20 32 20 20 40 38 20 36 38 32 32 20 38 42 20 40 36 39 42 20 36 36 41 20 29 29 29
-9999 -9999 -9999 -9999 -9999 -9999 -9999 40 40 41 39 38 38 40 42 39 42 42 41 39 -9999 -9999 41 38 40 42 22 42 38 39 25 38 39 5 40 38 39 38 42 40 38 42 40 38 38 39 42 39 42 42 38 19 10 10 10 20 20 19 10 10 20 20 36 20 20 32 36 41 39 40 39 20 32 36 38 39 36 39 38 40 39 41 36 38 36 20 41 29 29
-9999 -9999 -9999 -9999 -9999 -9999 -9999 -9999 41 39 41 42 38 42 38 38 38 40 40 39 42 25 22 22 40 38 22 22 25 25 39 41 39 22 -9999 38 42 39 30 38 42 40 38 42 42 30 42 -9999 39 38 -9999 19 42 41 10 10 10 10 10 19 38 36 36 20 32 41 42 32 36 36 42 32 38 32 -9999 36 29 40 42 40 42 41 29 36 36 37 42 36 36
38 -9999 -9999 -9999 -9999 -9999 -9999 -9999 -9999 41 38 41 39 39 39 40 42 38 39 38 38 22 22 40 42 22 39 42 41 39 42 42 -9999 -9999 -9999 -9999 40 38 42 41 38 38 41 38 39 42 42 40 42 -9999 38 38 40 15 10 10 19 10 10 10 32 32 38 20 32 36 32 39 20 38 38 36 -9999 -9999 -9999 -9999 -9999 -9999 40 36 42 40 29 20 36 -9999 -9999 36 36
40 -9999 -9999 -9999 -9999 -9999 -9999 -9999 -9999 -9999 39 38 40 42 40 40 39 38 39 42 38 38 42 41 39 42 38 40 22 40 42 -9999 -9999 -9999 -9999 42 40 38 39 40 38 40 39 42 40 39 41 40 38 39 39 42 15 10 10 15 -9999 -9999 -9999 10 32 32 32 36 38 32 29 32 29 36 41 29 36 42 -9999 -9999 -9999 -9999 -9999 36 42 36 42 36 36 37 -9999 -9999 38
40 15 -9999 -9999 -9999 -9999 -9999 -9999 -9999 -9999 -9999 41 40 42 41 42 42 39 41 25 38 25 39 41 41 42 40 41 42 42 41 -9999 -9999 -9999 41 38 30 40 42 -9999 -9999 15 -9999 41 42 38 40 42 41 42 39 15 15 15 10 10 10 10 -9999 -9999 20 32 20 20 32 32 38 29 41 29 20 29 29 38 29 -9999 -9999 -9999 -9999 39 41 36 42 29 36 29 37 29 29
41 15 38 42 -9999 1 -9999 -9999 -9999 -9999 -9999 41 42 40 40 41 40 39 42 42 39 39 40 39 38 41 38 39 22 40 38 -9999 -9999 39 40 30 38 40 39 -9999 -9999 39 -9999 -9999 42 41 42 42 42 39 40 39 15 -9999 10 10 10 -9999 19 -9999 20 32 32 32 32 32 38 38 29 41 20 39 41 36 36 29 36 -9999 -9999 39 39 42 39 36 36 37 29 40 29
