rcp4.5models/CNRM_CM5/age.29
ncols    261
nrows    433
xllcorner  336357.125000
yllcorner  654653.500000
cellsize   1000.000000
NODATA_value   -9999
[rows 156 to 194 of 433, columns 88 to 175 of 261]
17 24 9 32 23 34 32 27 32 34 23 -9999 6 33 14 34 21 14 14 23 10 14 14 10 30 6 14 21 32 2 21 14 31 30 14 12 2 33 33 14 14 14 14 34 30 34 32 2 16 -9999 31 20 20 16 31 16 30 32 33 32 2 31 31 34 21 30 31 34 31 31 -9999 -9999 -9999 -9999 -9999 -9999 -9999 -9999 -9999 -9999 17 14 1 25 6 6 -9999 -9999
33 22 24 31 33 27 32 33 32 32 6 14 23 24 33 14 10 14 14 10 10 14 14 2 6 14 34 33 21 5 2 33 6 33 34 14 31 31 2 34 34 34 2 34 21 2 2 33 21 21 16 31 21 21 33 34 34 30 30 30 34 30 34 32 31 33 31 32 31 -9999 -9999 -9999 -9999 -9999 -9999 -9999 -9999 -9999 -9999 1 17 19 2 24 31 33 -9999 -9999
34 33 32 30 30 24 27 31 27 27 27 24 34 10 10 23 16 21 10 14 14 33 10 4 21 16 33 30 21 20 21 14 14 6 14 6 14 14 4 4 2 -9999 -9999 -9999 -9999 10 21 31 2 4 21 2 2 2 2 30 -9999 -9999 33 31 32 31 30 32 32 30 34 30 -9999 -9999 -9999 -9999 -9999 -9999 -9999 -9999 16 -9999 6 2 1 14 34 32 30 -9999 -9999 -9999
34 23 33 33 31 34 32 27 30 32 27 6 14 14 -9999 -9999 23 -9999 14 14 14 31 14 14 34 -9999 -9999 -9999 -9999 33 14 21 2 6 14 5 14 21 4 16 21 -9999 -9999 -9999 20 11 30 34 21 16 21 21 16 33 31 30 33 -9999 32 30 30 32 32 30 33 34 30 32 -9999 -9999 -9999 -9999 -9999 -9999 -9999 34 -9999 -9999 24 2 2 25 5 25 -9999 -9999 -9999 -9999
32 32 30 32 23 33 34 27 27 27 24 33 31 -9999 -9999 -9999 -9999 -9999 -9999 -9999 -9999 25 14 14 -9999 -9999 -9999 -9999 25 16 6 14 14 6 14 14 1 21 10 4 21 -9999 -9999 -9999 -9999 21 4 2 21 21 31 31 21 30 15 34 33 -9999 -9999 -9999 -9999 31 33 31 34 31 30 32 -9999 -9999 -9999 -9999 -9999 -9999 -9999 29 -9999 16 6 2 6 31 25 -9999 -9999 -9999 -9999 -9999
30 34 27 34 27 33 34 32 31 30 30 31 33 34 -9999 -9999 -9999 -9999 -9999 -9999 -9999 1 14 32 -9999 -9999 -9999 14 21 14 14 14 32 25 10 6 5 30 11 34 4 -9999 31 -9999 4 34 32 33 21 21 30 20 31 32 32 32 -9999 -9999 -9999 -9999 -9999 34 32 34 31 31 30 31 -9999 -9999 -9999 -9999 -9999 -9999 -9999 29 32 34 14 33 33 3 -9999 -9999 -9999 -9999 -9999 -9999
31 34 14 24 27 6 31 30 32 31 34 30 33 -9999 -9999 -9999 -9999 -9999 -9999 -9999 -9999 14 10 21 -9999 -9999 -9999 14 33 31 6 6 14 31 10 6 25 33 21 16 4 32 30 4 16 8 30 2 21 21 30 21 31 32 31 32 -9999 -9999 -9999 -9999 -9999 32 31 31 34 33 34 -9999 -9999 -9999 -9999 -9999 -9999 -9999 -9999 -9999 34 30 25 31 32 34 -9999 -9999 -9999 -9999 -9999 -9999
30 24 31 -9999 -9999 -9999 33 32 33 32 31 33 31 -9999 -9999 -9999 -9999 -9999 -9999 -9999 -9999 -9999 -9999 14 6 30 32 6 10 10 32 30 30 12 25 23 2 32 30 21 25 31 31 25 32 33 2 4 33 34 16 32 16 34 32 33 -9999 -9999 -9999 -9999 -9999 32 34 30 32 31 30 -9999 -9999 -9999 -9999 -9999 -9999 -9999 -9999 32 31 32 32 34 31 34 -9999 -9999 -9999 -9999 -9999 -9999
31 31 33 -9999 -9999 -9999 34 31 32 32 34 32 33 33 33 19 14 19 14 14 14 -9999 -9999 25 14 -9999 30 30 25 10 34 4 33 12 14 23 32 1 31 32 21 32 11 30 34 32 1 2 2 17 2 21 34 32 30 -9999 -9999 -9999 -9999 -9999 -9999 34 31 32 33 33 30 32 -9999 -9999 -9999 16 -9999 -9999 1 33 32 31 14 30 3 -9999 -9999 -9999 -9999 -9999 -9999 -9999
33 23 27 -9999 -9999 -9999 -9999 34 32 34 34 34 31 23 14 14 10 10 23 10 14 5 32 34 30 10 30 31 33 25 25 10 31 33 14 14 22 5 33 1 2 31 20 31 16 2 25 33 14 30 12 21 34 31 32 -9999 -9999 -9999 -9999 -9999 -9999 32 33 34 30 32 31 34 31 -9999 -9999 8 2 29 14 34 14 3 34 11 -9999 -9999 -9999 -9999 -9999 -9999 -9999 31
31 30 31 -9999 -9999 -9999 31 34 30 34 33 32 33 32 14 10 10 5 10 31 32 14 30 30 31 -9999 -9999 25 30 10 10 10 25 2 1 10 6 31 33 14 4 33 32 2 2 14 14 14 19 14 2 21 21 34 30 -9999 -9999 -9999 -9999 -9999 -9999 33 32 34 33 33 31 -9999 -9999 -9999 -9999 2 -9999 29 1 3 3 34 -9999 -9999 -9999 -9999 -9999 -9999 -9999 -9999 -9999 -9999
30 27 -9999 -9999 -9999 -9999 30 33 34 31 30 31 34 34 29 23 6 30 31 1 34 10 30 32 -9999 -9999 -9999 33 31 33 10 30 34 10 25 25 31 31 22 34 34 30 32 14 14 1 17 17 17 14 34 2 21 16 -9999 -9999 -9999 -9999 -9999 -9999 -9999 30 31 33 31 31 -9999 -9999 -9999 -9999 -9999 -9999 29 -9999 -9999 -9999 -9999 -9999 -9999 -9999 -9999 -9999 -9999 -9999 -9999 -9999 31 -9999
23 24 -9999 -9999 -9999 -9999 32 31 33 32 30 32 33 30 33 24 24 31 32 10 6 14 33 10 31 34 34 14 34 32 25 4 16 23 10 1 1 10 10 6 14 10 12 10 33 17 14 17 1 30 14 2 11 31 -9999 -9999 -9999 -9999 -9999 -9999 -9999 32 32 30 32 -9999 -9999 -9999 -9999 -9999 -9999 -9999 2 -9999 -9999 -9999 -9999 -9999 -9999 -9999 -9999 -9999 -9999 -9999 -9999 -9999 21 -9999
30 27 -9999 -9999 -9999 31 30 34 34 34 30 32 30 33 32 23 24 6 23 14 10 10 34 14 14 14 14 10 32 6 32 21 4 10 23 1 14 16 30 10 12 17 5 17 17 1 19 19 14 14 1 21 21 34 30 -9999 -9999 -9999 -9999 -9999 -9999 32 33 34 34 -9999 -9999 -9999 -9999 -9999 -9999 32 33 -9999 -9999 -9999 -9999 -9999 -9999 -9999 -9999 -9999 -9999 -9999 -9999 -9999 -9999 -9999
14 32 27 14 -9999 23 32 30 30 33 31 33 33 30 32 23 30 23 33 25 10 21 21 -9999 -9999 -9999 14 10 30 5 4 30 16 10 10 10 1 10 23 34 31 12 19 25 10 5 17 19 17 2 12 31 31 32 -9999 -9999 -9999 -9999 -9999 -9999 -9999 -9999 30 34 32 -9999 -9999 -9999 -9999 -9999 -9999 -9999 34 33 -9999 -9999 -9999 -9999 -9999 -9999 -9999 -9999 -9999 -9999 -9999 -9999 -9999 -9999
14 23 34 34 23 -9999 14 23 31 33 31 31 32 34 32 30 14 34 34 10 14 32 20 -9999 34 -9999 14 14 30 10 8 25 32 31 10 1 6 23 10 32 10 10 10 30 1 10 31 31 14 32 2 32 16 30 -9999 -9999 -9999 -9999 -9999 -9999 -9999 -9999 32 32 30 -9999 -9999 -9999 -9999 -9999 -9999 -9999 -9999 33 -9999 -9999 -9999 -9999 -9999 -9999 -9999 -9999 -9999 -9999 -9999 -9999 -9999 -9999
31 32 24 23 -9999 -9999 14 6 14 6 34 31 33 31 27 24 23 30 23 6 14 -9999 -9999 -9999 -9999 34 34 33 33 25 10 32 25 32 10 19 10 5 23 10 25 23 10 1 25 31 17 34 12 14 -9999 34 34 32 -9999 -9999 -9999 -9999 -9999 -9999 -9999 -9999 -9999 -9999 -9999 -9999 -9999 31 -9999 -9999 -9999 -9999 -9999 33 -9999 -9999 -9999 -9999 -9999 -9999 -9999 -9999 -9999 -9999 -9999 -9999 -9999 -9999
-9999 30 23 24 -9999 -9999 24 24 34 23 23 24 33 14 27 23 24 6 -9999 8 14 31 34 14 10 32 32 32 31 31 6 33 2 32 30 30 10 25 25 25 5 25 10 14 25 19 3 25 14 14 -9999 31 34 31 -9999 -9999 -9999 -9999 -9999 -9999 -9999 -9999 -9999 -9999 -9999 -9999 -9999 -9999 -9999 -9999 -9999 -9999 -9999 31 16 -9999 -9999 -9999 -9999 -9999 -9999 -9999 -9999 -9999 -9999 -9999 -9999 34
31 33 27 24 23 6 31 24 31 33 23 34 24 24 23 14 25 10 -9999 16 34 32 10 10 10 32 32 31 33 6 10 6 5 10 25 34 5 5 10 25 25 25 25 5 25 14 32 14 14 12 21 20 31 -9999 -9999 -9999 -9999 -9999 -9999 -9999 -9999 -9999 -9999 -9999 -9999 -9999 34 -9999 -9999 -9999 -9999 -9999 -9999 33 -9999 -9999 -9999 -9999 -9999 -9999 -9999 -9999 -9999 -9999 -9999 -9999 -9999 21
27 30 27 32 31 24 23 23 23 24 34 23 30 24 23 34 6 -9999 -9999 -9999 34 32 31 25 14 14 34 34 32 30 8 4 14 10 25 10 2 -9999 12 2 2 12 25 19 22 33 33 31 33 2 21 15 31 -9999 -9999 -9999 -9999 -9999 -9999 -9999 -9999 -9999 -9999 -9999 -9999 -9999 -9999 -9999 -9999 -9999 -9999 -9999 -9999 -9999 -9999 -9999 -9999 -9999 -9999 -9999 -9999 -9999 -9999 -9999 -9999 -9999 -9999 -9999
31 27 24 30 24 31 25 6 23 31 23 23 32 32 34 23 30 -9999 -9999 -9999 12 12 25 14 -9999 10 34 33 31 10 34 8 2 14 10 31 5 12 21 34 16 12 2 5 30 14 12 2 14 21 21 21 33 -9999 -9999 -9999 -9999 -9999 -9999 -9999 -9999 -9999 -9999 -9999 -9999 -9999 -9999 -9999 -9999 -9999 -9999 -9999 -9999 -9999 -9999 -9999 -9999 -9999 -9999 -9999 -9999 -9999 -9999 -9999 -9999 -9999 -9999 -9999
30 14 33 31 14 31 6 14 6 31 31 23 24 31 25 30 23 31 14 12 12 30 21 12 25 10 -9999 14 14 -9999 31 33 10 25 10 4 34 5 30 2 2 32 2 10 10 14 3 14 2 33 21 21 -9999 -9999 -9999 -9999 -9999 -9999 -9999 -9999 -9999 -9999 -9999 -9999 -9999 -9999 -9999 -9999 -9999 -9999 -9999 -9999 -9999 -9999 -9999 -9999 -9999 -9999 -9999 -9999 -9999 -9999 -9999 -9999 -9999 -9999 -9999 -9999
31 27 30 24 14 24 6 14 14 10 10 33 -9999 -9999 31 30 31 30 12 12 12 5 14 12 34 30 14 -9999 30 33 30 25 10 25 32 21 14 32 2 14 2 2 5 10 32 -9999 31 33 12 21 21 31 -9999 -9999 -9999 -9999 -9999 -9999 -9999 -9999 -9999 -9999 -9999 33 -9999 -9999 -9999 -9999 -9999 -9999 -9999 -9999 -9999 -9999 -9999 -9999 -9999 -9999 -9999 -9999 24 31 11 21 -9999 10 31 -9999
23 31 23 6 14 -9999 -9999 32 8 10 -9999 23 14 -9999 23 24 24 -9999 12 23 6 10 14 14 20 14 20 -9999 10 30 5 8 21 14 14 -9999 10 1 -9999 4 34 1 32 31 -9999 -9999 -9999 31 33 21 32 31 -9999 -9999 -9999 -9999 -9999 -9999 -9999 -9999 -9999 -9999 -9999 -9999 -9999 -9999 32 -9999 -9999 -9999 -9999 -9999 -9999 -9999 -9999 -9999 -9999 -9999 34 33 2 30 30 16 30 10 2 -9999
23 23 24 14 6 24 -9999 -9999 6 -9999 -9999 34 8 10 8 14 23 30 12 12 30 14 10 5 5 14 20 14 21 10 1 5 5 32 14 21 4 21 -9999 31 32 1 14 14 12 -9999 30 11 30 21 30 30 -9999 -9999 -9999 -9999 -9999 -9999 -9999 -9999 -9999 -9999 -9999 -9999 -9999 -9999 -9999 -9999 -9999 -9999 30 -9999 -9999 -9999 -9999 -9999 32 33 24 31 31 2 2 31 24 24 32 32
14 23 6 6 14 12 6 -9999 14 14 -9999 -9999 25 30 31 25 30 6 31 25 9 14 12 5 30 5 21 10 10 14 10 21 10 33 20 10 10 25 4 21 30 31 21 16 16 -9999 30 11 16 21 34 -9999 -9999 -9999 -9999 -9999 -9999 -9999 -9999 -9999 -9999 -9999 -9999 -9999 31 -9999 -9999 -9999 -9999 -9999 -9999 -9999 -9999 32 32 31 21 33 25 5 25 20 24 24 33 30 32 30
34 6 14 23 14 25 6 14 -9999 -9999 34 -9999 24 31 31 14 10 14 10 10 10 34 12 14 30 10 1 5 31 5 5 14 14 16 10 -9999 -9999 30 10 10 34 33 21 31 20 16 34 21 21 15 34 -9999 -9999 -9999 -9999 -9999 -9999 -9999 -9999 -9999 -9999 -9999 -9999 -9999 -9999 -9999 -9999 -9999 -9999 -9999 -9999 33 6 32 11 34 21 21 20 14 24 33 -9999 24 30 2 34 31
24 24 30 23 24 14 14 14 23 -9999 -9999 -9999 -9999 33 10 10 25 34 30 31 5 34 12 10 5 25 10 14 10 33 30 10 21 10 -9999 -9999 -9999 -9999 33 31 11 34 31 31 31 16 34 33 16 34 -9999 -9999 -9999 -9999 -9999 -9999 -9999 -9999 -9999 -9999 -9999 -9999 -9999 -9999 -9999 -9999 -9999 -9999 -9999 -9999 -9999 32 2 6 2 6 2 32 20 3 30 1 1 29 33 30 32 32
31 23 23 23 23 24 25 14 23 -9999 14 34 10 10 6 5 -9999 30 31 14 10 10 32 32 14 12 31 12 10 1 30 10 14 -9999 11 -9999 -9999 34 32 33 34 33 21 31 33 32 34 32 30 31 -9999 -9999 -9999 -9999 -9999 -9999 -9999 -9999 -9999 -9999 -9999 -9999 -9999 -9999 -9999 -9999 -9999 -9999 34 32 2 1 31 14 25 6 1 14 24 3 24 34 32 30 1 32 30 34
23 25 34 24 30 31 14 33 14 14 25 -9999 -9999 14 -9999 -9999 -9999 -9999 -9999 6 14 5 33 34 30 14 -9999 14 14 1 31 30 1 34 16 -9999 -9999 20 10 33 10 33 31 1 32 31 30 30 33 -9999 -9999 -9999 -9999 -9999 -9999 -9999 -9999 -9999 -9999 -9999 -9999 -9999 -9999 -9999 -9999 -9999 -9999 -9999 2 25 2 1 17 3 10 24 19 10 6 14 23 24 30 24 31 31 30 33
-9999 24 27 27 24 32 24 14 14 14 14 31 32 25 -9999 25 32 -9999 -9999 34 6 34 5 12 32 24 12 31 14 30 5 5 14 8 10 30 11 11 32 33 33 31 33 4 4 32 16 32 33 -9999 -9999 -9999 -9999 -9999 -9999 -9999 -9999 -9999 -9999 -9999 -9999 -9999 -9999 -9999 -9999 -9999 -9999 -9999 24 1 24 3 14 17 1 24 25 6 24 31 30 31 31 25 33 2 32 31
23 14 27 32 31 33 24 24 14 14 33 14 14 31 8 25 31 34 33 5 5 34 5 1 12 14 3 10 12 30 10 10 1 30 10 10 11 -9999 -9999 32 30 10 33 31 32 33 33 30 32 -9999 -9999 -9999 -9999 -9999 -9999 -9999 -9999 33 -9999 -9999 -9999 32 -9999 -9999 -9999 -9999 -9999 -9999 23 25 24 17 10 6 25 24 3 24 1 24 24 24 22 33 24 24 2 32
31 23 23 24 31 24 24 6 30 13 13 14 14 34 4 30 25 33 1 14 5 5 5 1 8 12 31 31 23 24 4 32 32 21 11 10 -9999 -9999 -9999 34 11 11 30 31 32 34 33 33 33 -9999 -9999 -9999 -9999 -9999 -9999 -9999 -9999 -9999 -9999 -9999 30 -9999 -9999 -9999 -9999 -9999 -9999 -9999 6 30 24 25 24 34 25 24 24 24 24 23 24 24 10 30 31 10 23 11
23 31 32 23 24 6 14 25 24 24 13 34 25 6 14 14 14 12 12 12 10 5 1 21 34 34 23 23 17 5 10 10 32 32 10 10 -9999 -9999 -9999 34 30 33 33 32 34 30 31 21 34 -9999 -9999 -9999 -9999 -9999 -9999 -9999 -9999 -9999 -9999 -9999 -9999 -9999 34 30 -9999 -9999 -9999 -9999 30 1 24 31 24 22 2 24 3 23 23 30 24 10 3 24 24 33 22 32
13 23 30 14 30 24 31 14 14 34 32 25 14 14 13 14 14 14 14 14 13 24 24 4 31 12 32 25 17 34 32 25 11 34 10 32 -9999 -9999 -9999 31 31 31 32 30 34 33 33 31 32 -9999 -9999 -9999 -9999 -9999 -9999 -9999 -9999 -9999 -9999 -9999 -9999 -9999 11 6 33 -9999 -9999 -9999 30 1 10 32 30 34 11 2 1 24 25 24 24 24 30 24 24 23 31 11
33 23 31 23 14 31 23 31 24 31 -9999 25 30 24 13 14 13 14 14 19 30 3 30 2 12 12 14 30 22 1 1 34 30 34 32 32 -9999 -9999 -9999 34 30 32 31 30 33 33 21 20 34 -9999 -9999 -9999 -9999 -9999 -9999 -9999 -9999 -9999 -9999 -9999 -9999 -9999 25 32 25 -9999 -9999 33 19 -9999 -9999 1 24 24 2 16 11 19 23 31 23 24 23 25 10 23 33 13
30 11 19 11 31 24 34 32 30 13 32 24 34 24 24 24 13 5 19 23 23 3 24 14 23 12 33 19 34 8 12 10 10 31 10 10 33 30 34 30 33 33 32 30 16 33 21 33 32 -9999 -9999 -9999 -9999 -9999 -9999 -9999 -9999 -9999 -9999 -9999 -9999 -9999 32 14 24 -9999 -9999 -9999 -9999 -9999 -9999 -9999 -9999 24 2 1 1 1 24 24 25 25 24 34 34 30 30 15
24 25 14 30 34 14 24 24 24 23 11 13 23 23 24 13 19 13 19 31 32 14 24 33 29 3 2 10 12 25 12 10 10 -9999 33 33 10 21 31 30 32 31 30 33 4 30 32 32 33 -9999 -9999 -9999 -9999 -9999 -9999 -9999 -9999 -9999 -9999 -9999 -9999 -9999 -9999 30 -9999 -9999 -9999 -9999 -9999 -9999 25 31 25 24 24 24 24 3 30 33 31 23 23 30 24 33 11 13
23 24 25 25 13 11 24 14 13 11 4 4 12 23 24 25 24 34 33 25 32 14 24 32 14 3 31 10 32 5 12 30 25 -9999 33 -9999 1 31 31 25 31 11 34 30 32 21 34 33 31 -9999 -9999 -9999 -9999 -9999 -9999 -9999 -9999 -9999 -9999 -9999 -9999 -9999 -9999 31 -9999 -9999 -9999 -9999 -9999 -9999 6 34 34 24 1 10 24 24 24 24 30 31 23 24 24 24 10 31
