rcp4.5models/CNRM_CM5/age.28
ncols    261
nrows    433
xllcorner  336357.125000
yllcorner  654653.500000
cellsize   1000.000000
NODATA_value   -9999
[rows 117 to 155 of 433, columns 88 to 175 of 261]
29 32 31 32 31 33 30 31 30 32 32 -9999 32 31 -9999 -9999 31 29 32 31 33 29 11 23 23 23 13 29 29 -9999 -9999 29 -9999 -9999 -9999 -9999 -9999 -9999 -9999 -9999 -9999 -9999 -9999 -9999 -9999 -9999 -9999 -9999 -9999 -9999 -9999 -9999 -9999 -9999 20 14 -9999 33 30 5 30 5 31 -9999 -9999 -9999 -9999 -9999 -9999 -9999 -9999 -9999 -9999 -9999 -9999 -9999 -9999 -9999 -9999 -9999 -9999 -9999 29 5 5 29 30 30
30 29 30 32 30 29 23 29 31 -9999 -9999 -9999 30 13 32 31 29 30 29 33 31 33 32 30 9 5 32 -9999 -9999 -9999 -9999 32 -9999 -9999 -9999 -9999 -9999 -9999 -9999 -9999 -9999 -9999 -9999 -9999 -9999 -9999 -9999 -9999 -9999 -9999 -9999 -9999 32 -9999 -9999 32 -9999 32 32 21 30 5 33 -9999 -9999 -9999 -9999 -9999 -9999 -9999 -9999 -9999 -9999 -9999 -9999 -9999 -9999 -9999 -9999 -9999 -9999 -9999 31 5 30 30 32 30
29 33 33 32 30 26 31 29 30 22 33 -9999 -9999 -9999 -9999 -9999 33 33 32 30 31 32 31 5 33 31 31 -9999 -9999 -9999 -9999 -9999 -9999 -9999 -9999 -9999 -9999 -9999 -9999 -9999 -9999 33 -9999 -9999 -9999 -9999 -9999 -9999 -9999 -9999 -9999 -9999 31 -9999 30 -9999 -9999 5 32 21 21 5 30 -9999 -9999 -9999 -9999 -9999 -9999 -9999 -9999 -9999 -9999 -9999 -9999 -9999 -9999 -9999 -9999 -9999 -9999 -9999 -9999 -9999 -9999 -9999 -9999 -9999
-9999 31 22 23 30 22 29 22 31 33 13 5 22 -9999 -9999 29 31 33 33 29 29 30 30 13 9 -9999 -9999 -9999 -9999 -9999 -9999 -9999 -9999 -9999 -9999 -9999 -9999 -9999 -9999 -9999 -9999 29 30 -9999 -9999 -9999 -9999 -9999 -9999 -9999 -9999 -9999 30 -9999 -9999 -9999 -9999 -9999 5 21 21 21 5 5 -9999 -9999 -9999 -9999 -9999 -9999 -9999 -9999 -9999 -9999 -9999 -9999 -9999 -9999 -9999 -9999 -9999 -9999 -9999 -9999 -9999 -9999 -9999 -9999
-9999 -9999 23 30 23 22 26 26 23 29 32 29 22 -9999 30 32 29 29 31 31 30 33 29 15 -9999 -9999 -9999 -9999 -9999 -9999 -9999 -9999 -9999 -9999 -9999 -9999 -9999 -9999 -9999 -9999 -9999 -9999 31 20 32 -9999 -9999 -9999 33 20 -9999 32 -9999 -9999 29 3 -9999 -9999 -9999 5 5 32 33 30 -9999 -9999 -9999 -9999 -9999 -9999 -9999 -9999 -9999 -9999 -9999 -9999 -9999 -9999 -9999 -9999 -9999 -9999 -9999 -9999 -9999 -9999 -9999 -9999
-9999 31 32 29 31 29 22 29 30 13 5 -9999 -9999 -9999 22 31 32 32 29 30 32 29 33 24 -9999 -9999 -9999 -9999 -9999 -9999 -9999 -9999 -9999 -9999 -9999 -9999 -9999 -9999 29 24 31 -9999 -9999 31 -9999 -9999 -9999 -9999 20 32 20 30 -9999 -9999 32 3 -9999 -9999 33 -9999 33 33 30 -9999 -9999 -9999 -9999 -9999 -9999 -9999 -9999 -9999 -9999 -9999 -9999 -9999 -9999 -9999 -9999 -9999 -9999 -9999 -9999 -9999 -9999 -9999 -9999 -9999
-9999 32 23 29 31 1 5 30 30 32 -9999 -9999 13 13 5 33 22 30 31 31 32 31 30 1 33 -9999 -9999 -9999 -9999 -9999 -9999 -9999 -9999 -9999 -9999 -9999 -9999 -9999 -9999 33 29 29 20 -9999 -9999 -9999 29 15 33 31 -9999 -9999 -9999 -9999 -9999 -9999 -9999 -9999 -9999 33 29 31 -9999 30 -9999 -9999 -9999 -9999 -9999 -9999 -9999 -9999 -9999 -9999 -9999 -9999 -9999 -9999 -9999 -9999 -9999 -9999 -9999 -9999 -9999 -9999 -9999 -9999
29 22 32 22 22 5 21 1 13 -9999 -9999 -9999 30 13 1 5 29 21 21 21 29 9 9 32 32 -9999 30 -9999 -9999 -9999 -9999 -9999 -9999 -9999 -9999 -9999 -9999 -9999 -9999 31 29 3 32 -9999 -9999 -9999 33 33 33 -9999 33 -9999 -9999 -9999 -9999 -9999 -9999 33 -9999 30 30 5 29 32 29 -9999 -9999 -9999 -9999 -9999 -9999 -9999 -9999 -9999 -9999 -9999 -9999 -9999 -9999 -9999 -9999 -9999 -9999 -9999 -9999 -9999 -9999 -9999
30 30 30 32 30 1 1 33 31 13 -9999 13 13 13 3 21 32 9 5 21 30 9 22 22 26 33 -9999 -9999 -9999 -9999 -9999 -9999 -9999 -9999 -9999 -9999 -9999 -9999 -9999 -9999 31 32 -9999 -9999 -9999 29 32 29 30 29 30 3 -9999 -9999 -9999 20 29 -9999 -9999 29 29 5 30 31 -9999 -9999 -9999 -9999 -9999 -9999 -9999 -9999 -9999 -9999 -9999 -9999 -9999 -9999 -9999 -9999 -9999 -9999 -9999 -9999 -9999 -9999 -9999 -9999
33 29 29 8 8 5 30 13 30 13 30 32 -9999 -9999 29 21 5 21 21 33 28 26 26 26 26 17 31 33 -9999 -9999 -9999 -9999 32 33 32 -9999 30 20 -9999 32 20 -9999 -9999 -9999 29 31 1 29 15 29 1 20 -9999 -9999 -9999 3 31 -9999 -9999 31 29 15 -9999 32 -9999 -9999 -9999 -9999 -9999 -9999 -9999 -9999 -9999 -9999 -9999 -9999 -9999 -9999 -9999 -9999 -9999 -9999 -9999 -9999 -9999 -9999 -9999 -9999
29 22 33 31 31 8 22 1 29 1 22 -9999 -9999 24 32 1 21 21 22 11 28 27 32 29 30 17 32 29 -9999 -9999 -9999 -9999 -9999 -9999 -9999 33 31 29 30 30 32 -9999 -9999 30 -9999 32 33 1 1 31 3 -9999 32 20 3 1 3 -9999 30 31 29 -9999 -9999 29 -9999 -9999 -9999 -9999 -9999 -9999 -9999 -9999 -9999 -9999 -9999 -9999 -9999 -9999 -9999 -9999 -9999 -9999 -9999 -9999 -9999 -9999 -9999 -9999
1 8 32 32 22 16 22 23 5 1 24 -9999 30 31 13 21 21 22 28 5 21 21 26 26 1 31 30 20 -9999 -9999 -9999 -9999 -9999 -9999 -9999 -9999 32 31 3 30 -9999 32 31 29 3 -9999 30 31 29 31 1 30 29 29 32 31 20 -9999 29 15 5 -9999 33 32 30 -9999 -9999 -9999 -9999 -9999 -9999 -9999 -9999 -9999 -9999 -9999 -9999 -9999 -9999 -9999 -9999 -9999 -9999 -9999 -9999 -9999 -9999 -9999
16 8 31 29 23 13 22 8 33 5 21 -9999 20 21 21 21 21 26 23 5 33 21 13 1 30 31 15 5 -9999 -9999 -9999 -9999 -9999 -9999 -9999 -9999 -9999 33 29 -9999 -9999 31 29 3 20 -9999 -9999 33 31 30 24 5 30 1 3 15 -9999 30 33 -9999 -9999 30 5 -9999 -9999 -9999 -9999 -9999 -9999 -9999 -9999 -9999 -9999 -9999 -9999 -9999 -9999 -9999 -9999 -9999 -9999 -9999 -9999 -9999 -9999 -9999 -9999 -9999
23 23 23 23 21 1 13 13 16 23 9 13 31 21 13 13 13 21 21 21 21 21 13 9 32 13 20 33 -9999 -9999 -9999 -9999 -9999 -9999 -9999 -9999 -9999 -9999 -9999 -9999 32 1 1 1 3 -9999 29 30 20 31 1 1 33 29 33 -9999 -9999 32 1 -9999 -9999 -9999 -9999 -9999 33 -9999 -9999 -9999 -9999 -9999 -9999 -9999 -9999 -9999 -9999 -9999 -9999 -9999 -9999 -9999 -9999 -9999 -9999 -9999 -9999 -9999 -9999 -9999
29 14 23 26 23 18 23 23 14 29 22 1 21 21 31 9 9 5 21 21 21 13 13 13 13 13 30 -9999 -9999 -9999 -9999 -9999 -9999 -9999 -9999 -9999 -9999 -9999 -9999 -9999 33 1 1 1 32 -9999 20 33 32 31 31 -9999 -9999 33 33 -9999 -9999 1 -9999 -9999 -9999 1 1 -9999 -9999 -9999 -9999 -9999 -9999 -9999 -9999 -9999 -9999 -9999 -9999 -9999 -9999 -9999 -9999 -9999 -9999 -9999 -9999 -9999 -9999 -9999 -9999 -9999
22 22 32 29 16 30 26 26 26 23 21 5 31 5 20 29 1 21 9 13 9 9 13 13 1 1 5 29 -9999 -9999 -9999 -9999 -9999 -9999 -9999 33 29 33 1 1 1 1 29 3 -9999 30 20 33 3 -9999 -9999 -9999 -9999 30 31 29 31 -9999 -9999 -9999 1 5 -9999 32 -9999 -9999 -9999 -9999 -9999 -9999 -9999 -9999 -9999 -9999 -9999 -9999 5 5 -9999 -9999 -9999 -9999 5 6 5 -9999 -9999 -9999
22 30 30 31 16 29 31 13 18 21 13 21 13 1 9 9 9 13 1 1 31 15 1 1 20 30 31 15 -9999 -9999 -9999 -9999 -9999 33 30 3 24 3 1 13 13 21 24 3 3 31 29 30 29 -9999 -9999 -9999 3 20 15 29 -9999 -9999 -9999 29 5 29 29 31 -9999 -9999 -9999 -9999 -9999 -9999 -9999 -9999 -9999 -9999 31 -9999 -9999 -9999 -9999 5 5 5 -9999 -9999 -9999 -9999 -9999 -9999
13 22 22 22 31 8 22 5 23 21 1 13 29 15 13 13 1 13 29 13 31 29 1 13 20 20 15 5 20 -9999 31 30 30 33 -9999 -9999 -9999 29 33 1 3 1 1 1 20 -9999 -9999 29 29 -9999 -9999 3 33 1 1 30 30 29 -9999 32 5 29 33 30 15 -9999 -9999 -9999 -9999 -9999 -9999 -9999 5 5 -9999 -9999 -9999 -9999 -9999 5 -9999 -9999 -9999 -9999 -9999 -9999 -9999 -9999
31 13 22 30 31 23 33 32 32 23 1 22 31 33 32 1 13 24 13 13 29 20 32 30 20 20 29 1 1 31 3 33 -9999 -9999 -9999 -9999 29 15 32 1 33 30 1 30 29 -9999 -9999 32 -9999 -9999 -9999 3 29 1 1 33 1 1 15 31 33 32 33 -9999 32 20 5 -9999 -9999 -9999 -9999 -9999 -9999 32 5 -9999 -9999 -9999 -9999 -9999 -9999 -9999 -9999 -9999 -9999 -9999 -9999 -9999
31 13 -9999 23 23 29 29 30 31 21 21 5 1 3 32 29 30 13 -9999 -9999 -9999 31 15 29 20 3 -9999 15 33 33 33 29 -9999 -9999 -9999 -9999 31 3 24 31 33 1 1 29 14 -9999 -9999 -9999 -9999 -9999 29 30 29 1 29 33 1 1 1 30 31 30 29 -9999 -9999 -9999 32 -9999 -9999 -9999 -9999 -9999 -9999 -9999 -9999 -9999 -9999 -9999 -9999 -9999 -9999 -9999 -9999 -9999 -9999 -9999 -9999 -9999
29 -9999 -9999 -9999 13 13 13 5 13 13 21 30 13 24 33 31 -9999 -9999 -9999 -9999 -9999 33 31 15 -9999 -9999 30 29 33 32 31 20 -9999 -9999 -9999 -9999 14 3 32 3 1 1 3 30 19 30 -9999 -9999 -9999 -9999 29 20 29 30 1 1 1 1 5 33 32 33 30 10 15 -9999 -9999 -9999 -9999 -9999 -9999 -9999 -9999 -9999 -9999 -9999 -9999 -9999 -9999 -9999 -9999 -9999 -9999 -9999 -9999 -9999 -9999 -9999
13 -9999 -9999 -9999 31 30 13 13 13 13 5 1 13 13 32 32 -9999 -9999 -9999 -9999 13 20 -9999 20 -9999 15 32 1 29 33 20 -9999 -9999 -9999 -9999 -9999 30 32 30 32 30 1 32 30 32 30 -9999 14 -9999 -9999 32 1 1 1 21 21 1 5 21 5 32 20 32 1 29 31 30 -9999 -9999 -9999 -9999 -9999 -9999 -9999 -9999 -9999 -9999 -9999 -9999 -9999 -9999 -9999 -9999 -9999 -9999 -9999 -9999 -9999
30 33 -9999 -9999 -9999 29 13 29 32 5 22 5 13 20 20 31 -9999 -9999 -9999 31 33 20 -9999 -9999 -9999 20 13 30 32 20 -9999 -9999 -9999 -9999 -9999 29 32 32 30 3 21 21 -9999 33 30 31 31 3 20 3 1 1 1 1 1 24 28 28 1 1 1 11 5 -9999 7 7 30 -9999 -9999 -9999 -9999 -9999 -9999 -9999 -9999 -9999 -9999 -9999 -9999 -9999 -9999 -9999 -9999 -9999 -9999 -9999 -9999 -9999
31 22 31 32 32 13 5 1 30 13 33 5 9 13 32 29 20 -9999 -9999 20 29 9 -9999 -9999 33 15 30 1 1 20 -9999 -9999 -9999 -9999 -9999 15 33 33 30 33 24 1 32 30 32 3 29 1 1 1 1 1 1 21 24 30 21 28 21 28 28 28 20 32 32 32 33 32 -9999 -9999 -9999 -9999 -9999 -9999 -9999 -9999 -9999 -9999 -9999 -9999 -9999 -9999 -9999 -9999 -9999 -9999 -9999 -9999
33 32 33 32 33 33 1 1 33 5 22 5 20 15 13 13 4 -9999 -9999 1 13 32 -9999 -9999 15 15 1 20 24 9 -9999 -9999 -9999 -9999 32 29 20 30 20 1 21 1 32 32 31 1 1 31 1 1 1 1 1 -9999 5 22 28 28 28 28 21 5 29 32 31 31 30 31 29 -9999 -9999 -9999 -9999 -9999 -9999 -9999 -9999 -9999 -9999 -9999 -9999 -9999 -9999 -9999 -9999 -9999 -9999 -9999
30 31 29 30 32 22 30 13 13 21 5 5 13 32 31 13 13 -9999 13 29 13 20 -9999 20 32 4 1 1 3 -9999 -9999 -9999 -9999 -9999 3 30 3 32 32 1 21 1 1 -9999 32 1 31 31 33 1 29 1 1 1 24 18 28 29 28 28 30 33 33 32 32 30 33 30 32 29 -9999 -9999 -9999 -9999 -9999 -9999 -9999 -9999 -9999 -9999 -9999 -9999 -9999 -9999 -9999 -9999 -9999 -9999
31 29 29 32 31 22 30 23 23 24 31 21 24 13 3 13 13 -9999 -9999 29 -9999 20 -9999 15 1 31 1 1 3 -9999 -9999 -9999 24 20 30 3 30 33 1 24 21 29 31 13 21 21 32 24 31 21 13 21 29 24 28 24 28 28 28 28 5 32 30 29 32 30 30 32 29 33 -9999 -9999 -9999 -9999 -9999 -9999 -9999 -9999 -9999 -9999 -9999 -9999 -9999 -9999 -9999 -9999 -9999 -9999
13 1 33 -9999 31 31 13 29 25 13 13 5 9 30 13 33 -9999 20 -9999 13 18 1 20 30 32 20 20 5 20 33 20 29 31 1 1 1 13 13 21 21 5 28 5 21 32 1 1 30 31 1 21 24 21 21 28 28 28 28 -9999 28 21 33 31 29 32 31 30 29 29 32 -9999 -9999 -9999 -9999 -9999 -9999 -9999 -9999 -9999 -9999 -9999 -9999 -9999 -9999 -9999 -9999 -9999 -9999
32 13 31 30 33 30 24 13 30 1 13 5 32 30 -9999 33 -9999 -9999 -9999 13 33 20 20 -9999 31 20 3 1 1 20 30 20 3 32 31 1 1 18 1 28 28 31 28 21 1 31 32 1 1 1 28 28 28 28 24 28 32 28 9 5 28 21 1 32 30 33 33 31 29 33 -9999 -9999 -9999 -9999 -9999 -9999 -9999 -9999 -9999 -9999 -9999 -9999 -9999 -9999 -9999 -9999 -9999 5
21 18 21 32 13 30 1 24 13 31 13 5 33 20 -9999 -9999 -9999 -9999 -9999 13 13 22 24 13 24 32 15 15 1 1 15 20 19 32 29 1 21 21 21 28 28 28 21 21 1 33 29 31 1 1 28 24 28 32 28 29 13 28 28 28 29 28 1 32 33 33 29 31 33 29 -9999 -9999 -9999 -9999 -9999 -9999 -9999 -9999 -9999 -9999 -9999 -9999 -9999 -9999 -9999 -9999 -9999 9
23 23 23 13 5 30 22 24 13 13 31 32 13 29 -9999 -9999 -9999 -9999 20 20 20 13 13 24 13 1 20 30 29 1 5 1 1 20 1 13 18 24 21 21 28 24 1 1 32 29 30 15 31 1 28 33 18 29 18 18 28 33 28 28 24 28 1 29 32 33 31 30 30 30 -9999 -9999 -9999 -9999 -9999 -9999 -9999 -9999 -9999 -9999 -9999 -9999 -9999 -9999 -9999 -9999 5 24
30 18 33 13 30 13 31 13 23 5 5 29 33 15 20 31 -9999 20 3 1 18 18 18 13 13 13 1 3 31 1 18 13 33 29 33 13 33 24 30 24 13 18 1 31 1 32 29 1 30 30 24 1 30 32 31 1 1 1 21 28 31 24 -9999 33 29 33 30 33 31 33 31 32 -9999 -9999 -9999 -9999 -9999 -9999 -9999 -9999 -9999 -9999 -9999 -9999 -9999 -9999 1 5
13 21 28 28 33 13 21 21 22 13 32 33 24 9 13 20 20 9 3 20 18 18 18 32 32 1 24 24 31 13 18 18 1 24 1 13 1 1 1 18 24 21 1 32 1 33 1 1 1 1 30 1 31 13 13 1 1 1 1 24 18 28 13 30 29 32 31 33 32 32 33 32 -9999 -9999 -9999 -9999 -9999 -9999 -9999 -9999 -9999 -9999 -9999 -9999 -9999 9 13 29
5 21 22 22 29 28 28 31 13 32 13 5 5 5 5 4 20 20 20 31 24 4 24 24 13 24 32 24 13 5 5 24 1 32 29 13 13 13 33 13 18 13 1 3 32 24 22 30 1 3 20 20 33 1 13 28 1 1 1 1 28 28 21 33 33 29 33 31 33 29 30 29 33 -9999 -9999 -9999 -9999 -9999 -9999 -9999 -9999 -9999 -9999 -9999 5 1 5 4
26 5 5 28 22 33 29 31 13 33 33 13 5 23 29 -9999 22 20 15 1 22 30 29 30 5 9 5 13 13 13 13 13 13 13 13 13 18 13 29 31 32 1 15 15 29 33 1 33 1 29 3 20 15 20 1 2 1 1 1 1 1 28 21 3 30 29 31 31 32 33 31 31 30 -9999 -9999 -9999 -9999 -9999 -9999 -9999 -9999 -9999 -9999 1 33 1 33 24
28 26 28 5 28 30 30 26 5 13 11 13 23 23 29 30 29 24 24 5 22 24 29 22 9 31 9 9 22 13 13 9 13 5 9 13 24 18 11 29 24 32 1 1 1 1 1 30 32 3 20 20 20 1 1 1 21 28 -9999 13 24 21 1 1 31 32 29 30 32 31 32 33 31 -9999 -9999 -9999 -9999 -9999 -9999 -9999 -9999 -9999 -9999 16 29 29 29 4
26 31 30 33 22 27 29 26 29 26 13 13 23 32 13 5 13 13 13 13 30 9 9 9 29 33 24 5 9 9 5 5 11 13 13 33 11 11 31 32 13 13 13 13 13 33 1 29 3 -9999 -9999 29 20 1 30 3 1 1 15 1 -9999 5 21 21 31 30 29 29 33 33 33 -9999 -9999 -9999 -9999 -9999 -9999 -9999 -9999 -9999 -9999 -9999 29 24 18 31 31 5
23 21 11 33 26 29 28 29 29 26 24 5 26 23 22 23 13 13 13 4 24 9 9 9 29 30 29 29 30 29 24 13 1 1 24 24 1 13 13 24 1 18 33 13 1 1 32 1 20 -9999 -9999 -9999 33 20 30 31 33 29 29 29 32 1 1 1 1 1 30 30 29 29 32 -9999 -9999 -9999 -9999 -9999 -9999 -9999 -9999 -9999 -9999 24 24 16 29 22 -9999 1
30 22 13 33 22 31 30 26 26 25 23 23 13 13 30 30 20 1 9 9 -9999 9 9 31 13 33 33 20 13 4 29 -9999 32 33 33 32 21 31 3 15 1 18 18 1 31 20 30 1 3 -9999 -9999 20 19 14 33 14 29 29 32 7 1 1 32 29 32 33 30 -9999 30 33 -9999 -9999 -9999 -9999 -9999 -9999 -9999 -9999 -9999 -9999 28 33 32 24 1 31 -9999 -9999
