rcp4.5models/CNRM_CM5/age.31
ncols    261
nrows    433
xllcorner  336357.125000
yllcorner  654653.500000
cellsize   1000.000000
NODATA_value   -9999
[rows 117 to 155 of 433, columns 88 to 175 of 261]
32 35 34 35 34 36 33 34 33 35 35 -9999 35 34 -9999 -9999 34 32 35 34 36 32 14 26 26 26 16 32 32 -9999 -9999 32 -9999 -9999 -9999 -9999 -9999 -9999 -9999 -9999 -9999 -9999 -9999 -9999 -9999 -9999 -9999 -9999 -9999 -9999 -9999 -9999 -9999 -9999 23 17 -9999 36 33 8 33 8 34 -9999 -9999 -9999 -9999 -9999 -9999 -9999 -9999 -9999 -9999 -9999 -9999 -9999 -9999 -9999 -9999 -9999 -9999 -9999 32 8 8 32 33 33
33 32 33 35 33 32 26 32 34 -9999 -9999 -9999 2 16 35 34 32 33 32 36 34 36 35 33 12 8 35 -9999 -9999 -9999 -9999 35 -9999 -9999 -9999 -9999 -9999 -9999 -9999 -9999 -9999 -9999 -9999 -9999 -9999 -9999 -9999 -9999 -9999 -9999 -9999 -9999 35 -9999 -9999 35 -9999 35 35 24 33 8 36 -9999 -9999 -9999 -9999 -9999 -9999 -9999 -9999 -9999 -9999 -9999 -9999 -9999 -9999 -9999 -9999 -9999 -9999 -9999 34 8 33 33 35 33
32 36 36 2 33 29 2 32 33 25 36 -9999 -9999 -9999 -9999 -9999 36 36 35 33 34 35 34 8 36 34 34 -9999 -9999 -9999 -9999 -9999 -9999 -9999 -9999 -9999 -9999 -9999 -9999 -9999 -9999 36 -9999 -9999 -9999 -9999 -9999 -9999 -9999 -9999 -9999 -9999 34 -9999 33 -9999 -9999 8 35 24 24 8 33 -9999 -9999 -9999 -9999 -9999 -9999 -9999 -9999 -9999 -9999 -9999 -9999 -9999 -9999 -9999 -9999 -9999 -9999 -9999 -9999 -9999 -9999 -9999 -9999 -9999
-9999 34 25 26 2 25 32 25 34 36 16 8 25 -9999 -9999 32 34 36 36 32 32 33 33 16 12 -9999 -9999 -9999 -9999 -9999 -9999 -9999 -9999 -9999 -9999 -9999 -9999 -9999 -9999 -9999 -9999 32 33 -9999 -9999 -9999 -9999 -9999 -9999 -9999 -9999 -9999 33 -9999 -9999 -9999 -9999 -9999 8 24 24 24 8 8 -9999 -9999 -9999 -9999 -9999 -9999 -9999 -9999 -9999 -9999 -9999 -9999 -9999 -9999 -9999 -9999 -9999 -9999 -9999 -9999 -9999 -9999 -9999 -9999
-9999 -9999 26 33 26 25 29 29 26 2 2 2 25 -9999 33 35 32 32 34 34 33 36 32 2 -9999 -9999 -9999 -9999 -9999 -9999 -9999 -9999 -9999 -9999 -9999 -9999 -9999 -9999 -9999 -9999 -9999 -9999 2 2 2 -9999 -9999 -9999 36 23 -9999 2 -9999 -9999 2 2 -9999 -9999 -9999 8 8 35 36 33 -9999 -9999 -9999 -9999 -9999 -9999 -9999 -9999 -9999 -9999 -9999 -9999 -9999 -9999 -9999 -9999 -9999 -9999 -9999 -9999 -9999 -9999 -9999 -9999
-9999 34 35 32 2 2 25 32 33 16 8 -9999 -9999 -9999 25 34 35 35 32 33 35 32 36 27 -9999 -9999 -9999 -9999 -9999 -9999 -9999 -9999 -9999 -9999 -9999 -9999 -9999 -9999 2 27 34 -9999 -9999 2 -9999 -9999 -9999 -9999 23 35 23 33 -9999 -9999 35 6 -9999 -9999 36 -9999 36 36 33 -9999 -9999 -9999 -9999 -9999 -9999 -9999 -9999 -9999 -9999 -9999 -9999 -9999 -9999 -9999 -9999 -9999 -9999 -9999 -9999 -9999 -9999 -9999 -9999 -9999
-9999 35 26 32 2 4 8 33 33 35 -9999 -9999 16 16 8 36 25 33 34 34 35 34 33 4 36 -9999 -9999 -9999 -9999 -9999 -9999 -9999 -9999 -9999 -9999 -9999 -9999 -9999 -9999 36 32 2 2 -9999 -9999 -9999 32 2 36 34 -9999 -9999 -9999 -9999 -9999 -9999 -9999 -9999 -9999 36 32 34 -9999 33 -9999 -9999 -9999 -9999 -9999 -9999 -9999 -9999 -9999 -9999 -9999 -9999 -9999 -9999 -9999 -9999 -9999 -9999 -9999 -9999 -9999 -9999 -9999 -9999
32 25 35 25 25 8 24 4 16 -9999 -9999 -9999 33 16 4 8 32 24 24 24 32 12 12 35 35 -9999 2 -9999 -9999 -9999 -9999 -9999 -9999 -9999 -9999 -9999 -9999 -9999 -9999 34 32 2 35 -9999 -9999 -9999 36 2 36 -9999 36 -9999 -9999 -9999 -9999 -9999 -9999 36 -9999 33 33 8 32 35 32 -9999 -9999 -9999 -9999 -9999 -9999 -9999 -9999 -9999 -9999 -9999 -9999 -9999 -9999 -9999 -9999 -9999 -9999 -9999 -9999 -9999 -9999 -9999
33 2 2 35 33 4 4 2 34 16 -9999 16 16 16 6 24 35 12 8 24 33 12 25 25 29 36 -9999 -9999 -9999 -9999 -9999 -9999 -9999 -9999 -9999 -9999 -9999 -9999 -9999 -9999 34 35 -9999 -9999 -9999 2 2 32 33 32 33 2 -9999 -9999 -9999 23 32 -9999 -9999 2 32 8 33 34 -9999 -9999 -9999 -9999 -9999 -9999 -9999 -9999 -9999 -9999 -9999 -9999 -9999 -9999 -9999 -9999 -9999 -9999 -9999 -9999 -9999 -9999 -9999 -9999
36 2 32 11 11 8 33 16 2 16 33 35 -9999 -9999 32 24 8 24 24 36 31 29 29 29 29 20 2 36 -9999 -9999 -9999 -9999 35 36 35 -9999 33 23 -9999 35 2 -9999 -9999 -9999 2 2 4 32 2 2 4 2 -9999 -9999 -9999 6 34 -9999 -9999 34 32 2 -9999 2 -9999 -9999 -9999 -9999 -9999 -9999 -9999 -9999 -9999 -9999 -9999 -9999 -9999 -9999 -9999 -9999 -9999 -9999 -9999 -9999 -9999 -9999 -9999 -9999
32 25 36 34 34 11 25 4 2 4 25 -9999 -9999 27 2 4 24 24 25 14 31 30 35 32 33 20 35 32 -9999 -9999 -9999 -9999 -9999 -9999 -9999 36 34 32 33 2 2 -9999 -9999 33 -9999 35 2 4 4 34 6 -9999 35 2 2 4 6 -9999 33 34 32 -9999 -9999 32 -9999 -9999 -9999 -9999 -9999 -9999 -9999 -9999 -9999 -9999 -9999 -9999 -9999 -9999 -9999 -9999 -9999 -9999 -9999 -9999 -9999 -9999 -9999 -9999
4 11 35 35 25 19 25 26 8 4 27 -9999 33 34 16 24 24 25 31 8 24 24 29 29 4 34 33 2 -9999 -9999 -9999 -9999 -9999 -9999 -9999 -9999 35 34 2 33 -9999 35 34 32 6 -9999 33 34 32 34 4 33 32 32 35 34 23 -9999 32 18 8 -9999 36 35 33 -9999 -9999 -9999 -9999 -9999 -9999 -9999 -9999 -9999 -9999 -9999 -9999 -9999 -9999 -9999 -9999 -9999 -9999 -9999 -9999 -9999 -9999 -9999
19 11 2 2 26 16 25 11 36 8 24 -9999 2 24 24 24 24 29 26 8 36 24 16 4 33 34 2 8 -9999 -9999 -9999 -9999 -9999 -9999 -9999 -9999 -9999 36 32 -9999 -9999 2 2 6 23 -9999 -9999 36 34 33 2 8 33 4 2 2 -9999 33 36 -9999 -9999 33 8 -9999 -9999 -9999 -9999 -9999 -9999 -9999 -9999 -9999 -9999 -9999 -9999 -9999 -9999 -9999 -9999 -9999 -9999 -9999 -9999 -9999 -9999 -9999 -9999 -9999
26 26 26 26 24 4 16 16 19 26 12 16 2 24 16 16 16 24 24 24 24 24 16 12 35 16 23 2 -9999 -9999 -9999 -9999 -9999 -9999 -9999 -9999 -9999 -9999 -9999 -9999 2 4 4 4 2 -9999 32 33 23 34 4 4 2 32 36 -9999 -9999 35 4 -9999 -9999 -9999 -9999 -9999 36 -9999 -9999 -9999 -9999 -9999 -9999 -9999 -9999 -9999 -9999 -9999 -9999 -9999 -9999 -9999 -9999 -9999 -9999 -9999 -9999 -9999 -9999 -9999
32 17 26 29 26 21 26 26 17 32 25 4 24 24 34 12 12 8 24 24 24 16 16 16 16 16 33 -9999 -9999 -9999 -9999 -9999 -9999 -9999 -9999 -9999 -9999 -9999 -9999 -9999 36 4 4 4 35 -9999 23 36 35 34 34 -9999 -9999 36 36 -9999 -9999 4 -9999 -9999 -9999 4 4 -9999 -9999 -9999 -9999 -9999 -9999 -9999 -9999 -9999 -9999 -9999 -9999 -9999 -9999 -9999 -9999 -9999 -9999 -9999 -9999 -9999 -9999 -9999 -9999 -9999
25 25 35 32 19 33 29 29 29 26 24 8 34 8 2 32 4 24 12 16 12 12 16 16 4 4 8 32 -9999 -9999 -9999 -9999 -9999 -9999 -9999 36 32 36 4 4 4 4 32 6 -9999 33 2 2 2 -9999 -9999 -9999 -9999 33 34 32 34 -9999 -9999 -9999 4 8 -9999 35 -9999 -9999 -9999 -9999 -9999 -9999 -9999 -9999 -9999 -9999 -9999 -9999 8 8 -9999 -9999 -9999 -9999 8 9 8 -9999 -9999 -9999
25 33 33 34 19 32 34 16 21 24 16 24 16 4 12 12 12 16 4 4 34 18 4 4 23 33 34 2 -9999 -9999 -9999 -9999 -9999 36 33 6 27 6 4 16 16 24 27 6 6 34 32 33 32 -9999 -9999 -9999 2 23 18 32 -9999 -9999 -9999 32 8 32 32 34 -9999 -9999 -9999 -9999 -9999 -9999 -9999 -9999 -9999 -9999 34 -9999 -9999 -9999 -9999 8 8 8 -9999 -9999 -9999 -9999 -9999 -9999
16 25 25 25 2 11 25 8 26 24 4 16 32 18 16 16 4 16 32 16 34 32 4 16 23 23 2 8 23 -9999 34 33 33 36 -9999 -9999 -9999 32 36 4 6 4 4 4 23 -9999 -9999 32 32 -9999 -9999 6 36 4 4 2 2 32 -9999 35 8 32 36 33 18 -9999 -9999 -9999 -9999 -9999 -9999 -9999 8 8 -9999 -9999 -9999 -9999 -9999 8 -9999 -9999 -9999 -9999 -9999 -9999 -9999 -9999
2 16 25 33 2 26 36 35 2 26 4 25 34 36 35 4 16 27 16 16 2 2 35 33 2 2 32 4 4 34 2 36 -9999 -9999 -9999 -9999 32 18 2 4 36 2 4 33 2 -9999 -9999 35 -9999 -9999 -9999 6 2 4 4 36 4 4 2 34 36 35 36 -9999 35 23 8 -9999 -9999 -9999 -9999 -9999 -9999 35 8 -9999 -9999 -9999 -9999 -9999 -9999 -9999 -9999 -9999 -9999 -9999 -9999 -9999
34 16 -9999 26 26 32 32 2 2 24 24 8 4 6 35 2 2 16 -9999 -9999 -9999 34 2 32 23 2 -9999 18 36 36 36 32 -9999 -9999 -9999 -9999 34 2 27 34 36 4 4 32 17 -9999 -9999 -9999 -9999 -9999 32 33 32 4 32 36 4 4 4 33 34 33 32 -9999 -9999 -9999 2 -9999 -9999 -9999 -9999 -9999 -9999 -9999 -9999 -9999 -9999 -9999 -9999 -9999 -9999 -9999 -9999 -9999 -9999 -9999 -9999 -9999
32 -9999 -9999 -9999 16 16 16 8 16 16 24 33 16 27 2 34 -9999 -9999 -9999 -9999 -9999 36 34 18 -9999 -9999 33 32 36 35 34 23 -9999 -9999 -9999 -9999 17 2 35 6 4 4 6 33 22 33 -9999 -9999 -9999 -9999 32 2 2 33 4 4 4 4 8 2 35 36 33 13 18 -9999 -9999 -9999 -9999 -9999 -9999 -9999 -9999 -9999 -9999 -9999 -9999 -9999 -9999 -9999 -9999 -9999 -9999 -9999 -9999 -9999 -9999 -9999
16 -9999 -9999 -9999 34 33 16 16 16 16 8 4 16 16 2 35 -9999 -9999 -9999 -9999 16 2 -9999 23 -9999 18 35 4 32 36 23 -9999 -9999 -9999 -9999 -9999 33 2 33 35 33 4 35 33 35 33 -9999 17 -9999 -9999 35 4 4 4 24 24 4 8 24 8 35 2 35 4 32 2 33 -9999 -9999 -9999 -9999 -9999 -9999 -9999 -9999 -9999 -9999 -9999 -9999 -9999 -9999 -9999 -9999 -9999 -9999 -9999 -9999 -9999
33 36 -9999 -9999 -9999 32 16 32 35 8 25 8 16 23 23 34 -9999 -9999 -9999 2 2 23 -9999 -9999 -9999 23 16 33 35 23 -9999 -9999 -9999 -9999 -9999 32 35 2 33 2 24 24 -9999 36 33 34 34 6 23 6 4 4 4 4 4 2 31 31 4 4 4 3 8 -9999 10 10 33 -9999 -9999 -9999 -9999 -9999 -9999 -9999 -9999 -9999 -9999 -9999 -9999 -9999 -9999 -9999 -9999 -9999 -9999 -9999 -9999 -9999
34 25 34 35 35 16 8 4 33 16 36 8 12 16 35 32 23 -9999 -9999 2 32 12 -9999 -9999 36 2 2 4 4 2 -9999 -9999 -9999 -9999 -9999 18 2 36 33 2 27 4 35 33 35 6 2 4 4 4 4 4 4 24 27 33 24 31 24 31 31 31 2 35 35 35 36 35 -9999 -9999 -9999 -9999 -9999 -9999 -9999 -9999 -9999 -9999 -9999 -9999 -9999 -9999 -9999 -9999 -9999 -9999 -9999 -9999
2 2 36 35 2 2 4 4 36 8 25 8 2 18 16 16 7 -9999 -9999 4 16 35 -9999 -9999 18 18 4 23 27 12 -9999 -9999 -9999 -9999 35 2 23 33 23 4 24 4 35 35 34 4 4 34 4 4 4 4 4 -9999 8 2 31 31 31 31 24 8 32 35 34 34 33 34 32 -9999 -9999 -9999 -9999 -9999 -9999 -9999 -9999 -9999 -9999 -9999 -9999 -9999 -9999 -9999 -9999 -9999 -9999 -9999
33 34 32 33 35 25 33 16 16 24 8 8 16 35 34 16 16 -9999 16 32 16 2 -9999 2 2 7 4 4 2 -9999 -9999 -9999 -9999 -9999 6 2 6 35 35 4 24 4 4 -9999 2 4 2 34 2 4 32 4 4 4 27 21 31 3 31 31 33 2 36 35 35 33 36 33 35 32 -9999 -9999 -9999 -9999 -9999 -9999 -9999 -9999 -9999 -9999 -9999 -9999 -9999 -9999 -9999 -9999 -9999 -9999
34 32 32 35 34 25 33 26 26 27 34 24 27 16 6 16 16 -9999 -9999 32 -9999 2 -9999 2 4 34 4 4 2 -9999 -9999 -9999 27 23 2 6 33 36 4 3 24 32 34 16 24 24 35 3 34 24 16 24 32 2 31 2 31 31 31 31 8 35 33 32 35 33 33 35 32 36 -9999 -9999 -9999 -9999 -9999 -9999 -9999 -9999 -9999 -9999 -9999 -9999 -9999 -9999 -9999 -9999 -9999 -9999
16 4 36 -9999 34 34 16 32 28 16 16 8 12 2 16 2 -9999 23 -9999 16 21 4 23 33 35 23 23 8 2 36 23 32 2 4 4 4 16 16 24 24 8 31 8 24 35 4 4 33 34 4 24 27 24 24 31 31 31 31 -9999 31 24 2 34 32 35 34 33 32 32 35 -9999 -9999 -9999 -9999 -9999 -9999 -9999 -9999 -9999 -9999 -9999 -9999 -9999 -9999 -9999 -9999 -9999 -9999
2 16 2 33 2 33 27 16 33 4 16 8 35 33 -9999 36 -9999 -9999 -9999 16 36 23 23 -9999 34 23 6 4 4 23 33 23 6 35 2 4 4 21 4 31 31 34 31 24 4 2 2 4 4 4 31 31 31 31 3 31 35 31 12 8 31 24 4 35 33 36 36 34 32 36 -9999 -9999 -9999 -9999 -9999 -9999 -9999 -9999 -9999 -9999 -9999 -9999 -9999 -9999 -9999 -9999 -9999 8
24 21 24 35 16 33 4 27 16 34 16 8 2 23 -9999 -9999 -9999 -9999 -9999 16 16 25 27 16 27 35 18 18 4 4 18 23 22 35 32 4 3 24 24 31 31 31 24 24 4 2 32 34 4 4 31 3 31 35 31 32 16 31 31 31 32 31 4 35 36 36 32 34 36 32 -9999 -9999 -9999 -9999 -9999 -9999 -9999 -9999 -9999 -9999 -9999 -9999 -9999 -9999 -9999 -9999 -9999 12
26 26 26 16 8 33 25 27 16 16 34 2 16 32 -9999 -9999 -9999 -9999 23 23 23 16 16 27 16 4 23 33 32 4 8 4 4 2 4 16 21 27 24 24 31 2 4 4 2 32 33 18 34 4 31 36 21 32 21 21 31 36 31 31 27 31 4 32 35 36 34 33 33 33 -9999 -9999 -9999 -9999 -9999 -9999 -9999 -9999 -9999 -9999 -9999 -9999 -9999 -9999 -9999 -9999 8 27
33 21 36 16 33 16 34 16 26 8 8 2 36 18 23 34 -9999 23 6 4 21 21 21 16 16 16 4 6 34 4 21 16 36 32 36 16 36 27 33 27 16 21 4 2 4 2 32 4 33 33 2 4 33 35 34 4 4 4 24 31 34 27 -9999 2 32 36 33 36 34 36 34 35 -9999 -9999 -9999 -9999 -9999 -9999 -9999 -9999 -9999 -9999 -9999 -9999 -9999 -9999 4 8
16 24 31 31 36 16 24 24 25 16 35 2 27 12 16 23 23 12 6 23 21 21 21 35 35 4 2 2 34 16 21 21 4 2 4 16 4 4 4 21 3 24 4 2 4 36 4 4 4 4 33 4 34 16 16 4 4 4 4 27 21 31 16 2 32 35 34 36 35 35 36 35 -9999 -9999 -9999 -9999 -9999 -9999 -9999 -9999 -9999 -9999 -9999 -9999 -9999 12 16 32
8 24 25 25 32 31 31 34 16 2 16 8 8 8 8 7 23 23 23 34 2 7 2 27 16 27 35 27 16 8 8 2 4 2 2 16 16 16 36 16 21 16 4 2 35 3 3 33 4 2 23 23 36 4 16 31 4 4 4 4 31 31 24 2 36 32 36 34 36 32 33 32 36 -9999 -9999 -9999 -9999 -9999 -9999 -9999 -9999 -9999 -9999 -9999 8 4 8 7
29 8 8 31 25 36 32 34 16 36 36 16 8 26 32 -9999 25 23 18 4 25 33 3 33 8 12 8 16 16 16 16 16 16 16 16 16 21 16 32 34 35 4 2 2 2 36 4 36 4 32 6 23 18 2 4 5 4 4 4 4 4 31 24 2 33 32 34 34 35 36 34 34 33 -9999 -9999 -9999 -9999 -9999 -9999 -9999 -9999 -9999 -9999 4 36 4 36 27
31 29 31 8 31 33 33 29 8 16 2 16 26 26 32 33 32 27 2 8 25 27 32 25 12 34 12 12 25 16 16 12 16 8 12 16 27 21 14 32 3 35 4 4 4 4 4 33 35 2 2 2 23 4 4 4 24 31 -9999 16 3 24 4 4 2 35 32 33 35 34 35 36 34 -9999 -9999 -9999 -9999 -9999 -9999 -9999 -9999 -9999 -9999 19 32 32 32 7
29 34 33 36 25 30 32 29 32 29 16 16 26 35 16 8 16 16 16 16 33 12 12 12 32 36 27 8 12 12 8 8 2 16 16 36 14 14 34 35 16 16 16 16 16 36 4 32 2 -9999 -9999 32 2 4 33 2 4 4 2 4 -9999 8 24 24 2 2 2 32 36 36 36 -9999 -9999 -9999 -9999 -9999 -9999 -9999 -9999 -9999 -9999 -9999 32 27 21 34 34 8
26 24 14 36 29 32 31 32 32 29 27 8 29 26 25 26 16 16 16 7 27 12 12 12 32 33 32 32 33 32 27 16 4 4 3 2 4 16 16 27 4 21 36 16 4 4 35 4 23 -9999 -9999 -9999 36 23 33 34 36 32 32 2 2 4 4 4 4 4 2 2 2 32 35 -9999 -9999 -9999 -9999 -9999 -9999 -9999 -9999 -9999 -9999 2 27 19 32 2 -9999 4
33 25 16 36 25 34 33 29 29 28 26 26 16 16 33 33 2 4 12 12 -9999 12 12 34 16 36 36 2 16 7 32 -9999 35 36 36 35 24 34 2 2 4 21 21 4 34 23 33 4 6 -9999 -9999 23 22 17 36 17 32 32 35 2 4 4 2 2 35 36 33 -9999 33 36 -9999 -9999 -9999 -9999 -9999 -9999 -9999 -9999 -9999 -9999 31 36 35 3 4 34 -9999 -9999
