rcp4.5models/CNRM_CM5/sc1gr0.34
NCOLS 261 
NROWS 433 
XLLCORNER 336357.134 
YLLCORNER 654653.479 
CELLSIZE 1000 
NODATA_value -3.4e+38 
[rows 286 to 307 of 433, columns 147 to 195 of 261]
101.560607910156 100.249938964844 101.178550720215 102.393760681152 102.933387756348 102.313743591309 100.680740356445 100.757377624512 103.205528259277 103.322525024414 102.708122253418 99.1426773071289 99.3731307983398 99.6805953979492 96.1416931152344 94.5476608276367 94.1395721435547 93.8305587768555 93.8736190795898 94.2803039550781 94.2238616943359 -3.4e+38 93.6537857055664 93.7607650756836 93.78564453125 93.9756774902344 94.0311660766602 93.5514373779297 93.2813491821289 93.3466644287109 94.5708160400391 96.2920989990234 93.9050750732422 93.3114166259766 92.7646331787109 92.4648818969727 92.8092193603516 92.8177261352539 92.3042984008789 92.7747955322266 93.1806564331055 91.9875640869141 91.3523788452148 91.0771179199219 91.0875091552734 92.3516693115234 93.6980895996094 92.3065414428711 90.9225463867188
101.633193969727 100.328903198242 101.191055297852 102.407165527344 102.367248535156 101.103988647461 100.599464416504 100.770896911621 102.896743774414 103.023277282715 101.828239440918 98.0689163208008 98.4092025756836 98.3597183227539 95.5350875854492 94.8101959228516 94.3133316040039 93.9972305297852 93.6823959350586 93.6318740844727 93.7161483764648 -3.4e+38 93.8559494018555 93.9126968383789 94.0798950195312 94.7800140380859 96.0540542602539 95.4975662231445 93.7160034179688 93.4618911743164 95.0766448974609 97.8835830688477 95.535285949707 93.4598617553711 92.9049072265625 92.5014114379883 92.6383819580078 93.1141662597656 93.2181930541992 93.1287841796875 93.6926651000977 92.3359909057617 91.5826034545898 91.2078170776367 91.3095169067383 92.315071105957 92.9350738525391 91.895263671875 91.4275741577148
100.602142333984 99.9802780151367 101.479125976562 102.644683837891 101.622535705566 100.111251831055 99.5784149169922 100.315208435059 102.805557250977 102.633636474609 100.344535827637 98.1041030883789 98.0370635986328 97.0870132446289 95.5228500366211 94.9806747436523 94.5207214355469 94.0690155029297 93.7235641479492 93.7533721923828 93.8745803833008 93.7701873779297 93.7846374511719 94.0365371704102 94.5848846435547 95.9146881103516 97.2076034545898 96.6509552001953 94.0952377319336 93.6898193359375 94.3851089477539 96.9865875244141 97.9751586914062 93.6598434448242 93.0960235595703 92.6604156494141 92.7101440429688 93.5639038085938 94.3721466064453 94.2287521362305 93.9601898193359 92.0475082397461 91.6124954223633 91.5878753662109 91.4755783081055 92.3902740478516 92.1261978149414 91.5132141113281 91.1799392700195
99.5949478149414 99.9336624145508 101.146850585938 101.546783447266 100.009918212891 -3.4e+38 98.4653778076172 99.3732070922852 102.239227294922 101.976341247559 99.0522003173828 98.5998764038086 97.4786071777344 96.0195159912109 95.3545532226562 -3.4e+38 94.5334854125977 -3.4e+38 93.8404922485352 93.8543853759766 94.1792984008789 94.2016754150391 93.9892730712891 94.4115219116211 95.5490493774414 96.6494216918945 96.9143753051758 96.7344741821289 95.1895599365234 94.0117568969727 94.0603942871094 95.5963668823242 97.6181411743164 93.8017349243164 93.2843246459961 92.9662628173828 92.8804550170898 93.5518417358398 95.0336837768555 95.2065734863281 93.5705871582031 92.0083999633789 92.0115127563477 92.0108642578125 91.6248779296875 92.5711822509766 91.9381790161133 91.396842956543 91.152214050293
99.9667205810547 100.796569824219 -3.4e+38 98.3913040161133 98.6754455566406 -3.4e+38 97.8929290771484 98.2503051757812 99.1970520019531 98.4465637207031 96.8756561279297 96.5613861083984 96.2646636962891 96.0835723876953 94.870491027832 94.6124572753906 94.3423233032227 94.4235382080078 -3.4e+38 -3.4e+38 -3.4e+38 93.927116394043 -3.4e+38 94.7608261108398 95.3714828491211 95.909049987793 95.7923736572266 96.9203338623047 97.5889205932617 95.7146835327148 94.6571578979492 94.4608840942383 94.9370269775391 94.7747573852539 94.171272277832 94.0567474365234 94.8236541748047 94.3582153320312 93.9017868041992 93.8307800292969 93.4851989746094 94.0592041015625 93.5628662109375 92.9688720703125 92.7348937988281 92.3644638061523 92.0821075439453 91.4252243041992 90.9479675292969
99.1692276000977 99.3024215698242 99.2861328125 98.1166763305664 -3.4e+38 -3.4e+38 -3.4e+38 -3.4e+38 97.2551956176758 -3.4e+38 -3.4e+38 95.7026519775391 95.5860137939453 95.6731338500977 95.7488632202148 95.2709350585938 94.6225433349609 94.7916488647461 94.8921508789062 -3.4e+38 -3.4e+38 -3.4e+38 94.0934906005859 94.4218673706055 94.8122024536133 95.3794250488281 95.595947265625 97.7488555908203 98.2638626098633 97.5388870239258 95.7201690673828 94.8010711669922 94.5706253051758 95.876091003418 94.6418151855469 94.9729156494141 97.4284057617188 96.6233444213867 94.5457916259766 93.8430480957031 93.6189956665039 93.4148559570312 93.3367080688477 92.8380889892578 92.6011734008789 92.3686676025391 92.2463912963867 91.7482681274414 91.2969512939453
-3.4e+38 -3.4e+38 -3.4e+38 -3.4e+38 -3.4e+38 -3.4e+38 -3.4e+38 -3.4e+38 99.6259002685547 99.3892517089844 97.5419082641602 96.7286148071289 96.2621078491211 96.5911483764648 97.8210067749023 97.0980606079102 95.0576171875 94.826530456543 95.1394805908203 95.1236724853516 95.0663528442383 94.576789855957 94.0255432128906 94.2408218383789 94.4765167236328 94.8885803222656 95.9891662597656 99.3017578125 100.257919311523 99.3307037353516 97.8882904052734 95.3298492431641 94.4313201904297 96.1961822509766 94.8643417358398 95.0900573730469 96.7463989257812 96.2472686767578 95.2797775268555 94.3746566772461 93.4824066162109 93.1820068359375 92.9769897460938 92.5958633422852 92.419921875 92.65478515625 92.3754043579102 91.8623580932617 91.8491058349609
-3.4e+38 -3.4e+38 98.5991897583008 -3.4e+38 -3.4e+38 -3.4e+38 -3.4e+38 99.5176315307617 102.22917175293 102.309692382812 98.8280029296875 98.2615432739258 98.8494110107422 98.9065246582031 99.6010055541992 97.9884262084961 95.1848449707031 94.7744293212891 95.0251388549805 95.3530349731445 95.9047164916992 96.0953521728516 94.0080718994141 94.2996292114258 94.5365753173828 95.2635498046875 97.0593948364258 100.743659973145 102.216186523438 101.173469543457 99.8959274291992 96.8163604736328 95.4128494262695 95.383659362793 95.1024017333984 94.7919311523438 94.7013168334961 94.602409362793 94.8609924316406 94.3117218017578 93.5507354736328 93.3952178955078 93.0961837768555 92.7432022094727 92.3104629516602 92.5990371704102 92.1960983276367 91.7112884521484 91.9715118408203
-3.4e+38 100.845886230469 98.8230361938477 -3.4e+38 -3.4e+38 -3.4e+38 99.1235580444336 101.082534790039 103.326416015625 103.496520996094 101.344520568848 97.7663040161133 99.6694793701172 101.528854370117 100.604537963867 97.7873077392578 95.1304397583008 94.9592437744141 95.0658416748047 95.6764068603516 96.8979263305664 98.1247253417969 94.1848602294922 94.2284240722656 94.9411544799805 96.6145935058594 98.8128204345703 101.471961975098 102.70182800293 102.080337524414 101.499122619629 99.3858108520508 97.3285064697266 94.8818130493164 95.3032836914062 94.8425903320312 94.5023574829102 94.260368347168 94.0888442993164 94.0641098022461 94.0013198852539 93.6067962646484 93.2750778198242 92.8335723876953 92.3232269287109 92.1420364379883 91.9941864013672 91.5912780761719 91.7107162475586
103.01732635498 101.517272949219 99.5471954345703 -3.4e+38 -3.4e+38 -3.4e+38 100.115440368652 102.362693786621 103.88809967041 103.918098449707 103.218505859375 97.9796829223633 98.6811904907227 101.58145904541 100.546928405762 96.9212112426758 95.3508834838867 95.5750198364258 95.647705078125 96.1520385742188 98.0887985229492 100.110397338867 94.3311538696289 94.1621551513672 95.1545333862305 97.1091003417969 98.9824676513672 101.659889221191 102.893280029297 102.294616699219 102.247039794922 101.58415222168 99.1209106445312 95.2554244995117 95.2568893432617 94.9492568969727 94.5557022094727 94.2568664550781 93.9469375610352 94.0356750488281 94.1409225463867 93.58154296875 93.1079788208008 92.6669998168945 92.3900527954102 91.8716583251953 91.8519744873047 91.6201248168945 91.4594345092773
102.237197875977 101.277008056641 100.203018188477 99.6676559448242 -3.4e+38 99.1951217651367 100.630348205566 103.188705444336 103.831275939941 103.777626037598 103.961753845215 99.3153762817383 98.4505386352539 101.484909057617 101.064315795898 96.4918518066406 95.7262496948242 95.9136581420898 96.0967559814453 96.7271728515625 100.632202148438 102.025856018066 94.5904235839844 94.310188293457 95.2246627807617 97.016242980957 98.6728668212891 101.513999938965 102.983070373535 101.896820068359 101.515182495117 101.969512939453 100.233322143555 95.9607543945312 95.4305114746094 95.0565338134766 94.6520690917969 94.5089797973633 94.1830368041992 93.9443511962891 93.9977111816406 93.5933685302734 92.9852905273438 92.5508193969727 92.1374664306641 91.6977691650391 91.5350875854492 91.6560134887695 91.6337203979492
101.60863494873 102.041519165039 101.843803405762 100.807929992676 100.155487060547 101.842147827148 102.391616821289 103.762519836426 104.042259216309 103.928466796875 103.307350158691 99.5769577026367 98.7019500732422 102.039054870605 102.230491638184 97.4376907348633 96.2931671142578 96.5760955810547 96.8226547241211 99.2732925415039 103.246215820312 102.591346740723 95.1996307373047 94.5503387451172 95.0095901489258 96.5837936401367 98.9114608764648 101.926200866699 103.044013977051 101.678382873535 101.103034973145 102.114738464355 101.493049621582 97.2107162475586 95.8483123779297 95.175163269043 94.7174606323242 94.5972900390625 94.4224395751953 93.9478988647461 93.7433166503906 93.3772354125977 92.6989059448242 92.4202270507812 92.1835327148438 91.6155014038086 91.3129653930664 91.3710479736328 91.3533172607422
101.853096008301 102.848533630371 102.251693725586 100.710250854492 102.194076538086 104.056930541992 104.062530517578 104.091423034668 104.026664733887 103.76570892334 102.421043395996 99.2968063354492 99.8971557617188 102.114028930664 102.40161895752 97.8629760742188 96.7504959106445 97.2668075561523 97.152458190918 100.455863952637 103.765975952148 102.300964355469 95.9595184326172 94.7406387329102 94.5526580810547 95.5348281860352 98.2200393676758 101.544570922852 103.116722106934 101.787719726562 101.191673278809 101.853424072266 102.055519104004 98.8295822143555 96.5629043579102 95.281623840332 95.0777282714844 95.0060272216797 94.7166290283203 93.886360168457 93.5821533203125 93.208381652832 92.6688766479492 92.1849899291992 92.2269439697266 91.6642990112305 91.3026123046875 91.0851821899414 90.9484329223633
102.79460144043 102.821403503418 101.813957214355 101.880218505859 103.582565307617 103.859161376953 104.138870239258 104.413955688477 104.212509155273 103.842002868652 102.348426818848 99.2348709106445 101.123634338379 102.96866607666 102.509353637695 98.0178070068359 97.0392150878906 97.3359756469727 96.6891784667969 98.8826599121094 101.746124267578 101.581909179688 96.4723434448242 94.9642791748047 94.5613479614258 95.2926177978516 97.3302383422852 99.8980255126953 103.15348815918 101.894958496094 101.137237548828 101.275779724121 101.45189666748 100.699485778809 98.3695373535156 95.9194564819336 95.303092956543 95.5416641235352 95.7000732421875 94.3311309814453 93.6023635864258 93.2204742431641 92.8011856079102 92.2821731567383 92.0670547485352 91.6882095336914 91.4023818969727 91.2498016357422 91.2646408081055
103.916969299316 103.018440246582 101.905792236328 103.251762390137 104.220794677734 103.480590820312 103.751136779785 104.47785949707 104.789367675781 104.300399780273 102.583808898926 99.6176834106445 100.804473876953 103.056602478027 102.227485656738 98.0983047485352 97.2551345825195 97.2241058349609 96.9689865112305 98.6098556518555 99.496826171875 100.195335388184 97.2774353027344 96.3946533203125 95.4509658813477 95.5510330200195 97.0310821533203 99.8644104003906 103.165771484375 102.360694885254 101.386672973633 101.523750305176 101.060043334961 102.01244354248 101.014846801758 98.3393783569336 96.0049591064453 95.7995071411133 96.1616973876953 95.2637100219727 93.7281341552734 93.248649597168 92.9837265014648 92.5082244873047 92.0636901855469 91.6443405151367 91.5181427001953 91.6626281738281 92.4306945800781
104.09977722168 104.480209350586 103.983192443848 103.572052001953 104.383651733398 104.001823425293 103.182403564453 103.503128051758 104.34659576416 104.38306427002 103.338851928711 99.7344207763672 100.851203918457 100.321929931641 99.5357360839844 98.7976608276367 99.659049987793 98.1849670410156 98.1614303588867 101.875305175781 102.757431030273 99.0188522338867 100.828262329102 101.21524810791 101.602256774902 99.1529312133789 96.6366348266602 97.6354904174805 100.793716430664 102.864730834961 101.902465820312 101.861190795898 101.127586364746 100.666931152344 101.573249816895 102.064758300781 101.750030517578 100.748413085938 98.5776824951172 95.5302200317383 95.2593612670898 95.0207672119141 93.2730865478516 92.5150909423828 92.2670974731445 92.0186004638672 91.7543411254883 91.6695251464844 91.3220748901367
103.921005249023 104.561264038086 104.614891052246 104.346954345703 104.364753723145 103.674034118652 102.705772399902 102.982192993164 104.338188171387 104.549201965332 103.330131530762 100.690406799316 102.308052062988 101.20915222168 99.709098815918 99.5812911987305 99.210090637207 97.9504547119141 98.1730575561523 100.866882324219 103.40007019043 101.119888305664 100.169250488281 102.564781188965 103.691986083984 102.153099060059 97.4778823852539 96.6939468383789 101.427146911621 103.433723449707 102.963272094727 102.65795135498 101.827590942383 100.203628540039 100.840377807617 102.355987548828 102.263008117676 101.820457458496 100.69783782959 98.194694519043 97.9250717163086 98.0774841308594 95.1405181884766 93.0004272460938 92.49365234375 92.1980056762695 91.7982177734375 91.569953918457 91.1286468505859
103.575897216797 104.232192993164 104.456169128418 104.372360229492 104.093719482422 103.154174804688 102.271820068359 102.731506347656 104.34992980957 104.426567077637 103.353370666504 101.036201477051 102.439949035645 101.470542907715 100.856605529785 101.156700134277 99.8401107788086 99.5389785766602 98.7670669555664 100.258865356445 103.759834289551 101.995964050293 99.2186508178711 102.441078186035 103.964309692383 103.434867858887 99.8926696777344 97.0579452514648 99.5096282958984 101.9609375 101.612190246582 102.121917724609 102.647804260254 100.474502563477 100.576126098633 101.739837646484 101.628913879395 101.344551086426 101.688301086426 100.744644165039 99.8857116699219 99.9711151123047 97.7954635620117 93.8527221679688 92.6815948486328 92.3467483520508 91.90771484375 91.6064987182617 91.1906356811523
102.384796142578 103.117332458496 103.593437194824 103.63175201416 103.467803955078 103.063148498535 102.891700744629 103.13892364502 104.259483337402 104.065368652344 103.244804382324 101.058937072754 101.327583312988 100.947540283203 101.704437255859 103.036033630371 101.683151245117 101.688529968262 100.305679321289 100.90064239502 103.191604614258 101.96605682373 99.4794387817383 103.511245727539 104.55313873291 104.067420959473 102.539657592773 98.1819915771484 96.9115753173828 99.4913558959961 98.6148910522461 99.9183349609375 102.956672668457 101.606819152832 100.66569519043 100.917411804199 101.083648681641 100.889114379883 101.804328918457 101.413162231445 100.567565917969 100.44482421875 98.8148651123047 94.3916625976562 92.9678344726562 92.3032379150391 91.8505706787109 91.5300674438477 91.1885604858398
101.362525939941 102.288536071777 102.793830871582 102.921432495117 103.377052307129 103.937004089355 104.210098266602 104.281326293945 104.590476989746 104.211921691895 104.021903991699 102.256820678711 101.586204528809 100.534767150879 102.156097412109 104.411407470703 103.683471679688 103.110641479492 102.159934997559 102.195014953613 103.700500488281 102.700889587402 99.8940658569336 104.14582824707 104.65641784668 104.100440979004 103.473007202148 101.277404785156 97.8397369384766 97.446662902832 97.9307632446289 99.9956741333008 103.023818969727 102.589431762695 101.180442810059 100.928146362305 101.467926025391 101.166862487793 101.862274169922 101.720153808594 101.1298828125 100.600059509277 98.5214157104492 95.1633377075195 92.9497909545898 92.3555755615234 91.8362121582031 91.6416854858398 91.3446884155273
100.841499328613 101.521018981934 102.04190826416 102.483116149902 103.634963989258 104.85954284668 104.862159729004 104.795272827148 104.716354370117 104.593215942383 104.773406982422 103.250259399414 102.655738830566 101.765647888184 102.526321411133 104.717697143555 104.855888366699 104.701568603516 104.055297851562 103.609336853027 105.019569396973 103.771018981934 99.8741760253906 101.840454101562 104.62572479248 104.122856140137 103.230659484863 103.122657775879 100.552047729492 97.3188247680664 98.8228378295898 102.014701843262 103.176689147949 102.411682128906 101.384643554688 101.083312988281 101.784523010254 101.694023132324 101.965675354004 101.940986633301 101.688995361328 100.752555847168 99.1069259643555 97.3535537719727 93.7692031860352 92.3961944580078 92.0286407470703 91.8600234985352 91.46142578125
100.734466552734 100.750160217285 101.348136901855 102.341590881348 103.659400939941 104.694206237793 104.685958862305 104.519226074219 104.569358825684 104.917579650879 104.934310913086 103.780578613281 102.551773071289 103.593032836914 104.090774536133 104.641014099121 104.138877868652 104.71166229248 104.479469299316 103.976089477539 104.208877563477 104.031120300293 99.8567657470703 100.521949768066 104.138114929199 104.214950561523 103.20166015625 103.204071044922 103.232879638672 100.496765136719 99.8881072998047 103.101692199707 102.515090942383 101.390998840332 100.775123596191 100.716857910156 101.82063293457 102.085601806641 102.198616027832 101.922317504883 101.708656311035 100.959747314453 99.6796417236328 98.71875 94.5729217529297 92.5331649780273 92.2624206542969 92.0109100341797 91.4541549682617
