rcp4.5models/CNRM_CM5/sc1gr4.23
NCOLS 261 
NROWS 433 
XLLCORNER 336357.134 
YLLCORNER 654653.479 
CELLSIZE 1000 
NODATA_value -3.4e+38 
[rows 374 to 395 of 433, columns 147 to 195 of 261]
-3.4e+38 -3.4e+38 274.769836425781 274.425048828125 274.348388671875 274.469818115234 274.658660888672 274.719146728516 274.980407714844 275.421905517578 -3.4e+38 276.341339111328 276.50830078125 276.481842041016 276.399932861328 275.817657470703 275.172576904297 275.483642578125 275.811370849609 275.938842773438 275.503753662109 276.08251953125 276.679748535156 -3.4e+38 276.756927490234 276.641021728516 276.201843261719 276.519165039062 277.272369384766 277.528411865234 278.258239746094 278.922210693359 278.839477539062 278.620239257812 279.189605712891 279.853515625 280.257690429688 279.979949951172 279.446624755859 279.264221191406 279.225250244141 279.225677490234 279.227691650391 -3.4e+38 280.331756591797 280.720550537109 281.312225341797 281.241241455078 281.580749511719
274.84130859375 274.7890625 274.551239013672 274.244598388672 274.359252929688 274.652038574219 274.936096191406 274.784454345703 274.927978515625 275.213439941406 275.7734375 -3.4e+38 -3.4e+38 -3.4e+38 276.187255859375 275.7177734375 275.550903320312 275.492858886719 275.959259033203 276.360168457031 276.043518066406 276.345977783203 276.576232910156 276.628875732422 276.587982177734 276.274627685547 276.353790283203 277.086883544922 277.791046142578 277.927001953125 278.508361816406 278.843475341797 278.819061279297 278.590545654297 279.428100585938 280.177276611328 280.132629394531 280.039459228516 280.156555175781 279.889739990234 279.767150878906 279.663360595703 279.541687011719 279.875732421875 280.458404541016 280.996826171875 281.459716796875 -3.4e+38 281.912261962891
274.852722167969 274.822418212891 274.626647949219 274.477386474609 274.590667724609 275.006622314453 275.469940185547 275.20263671875 275.121978759766 275.249267578125 275.861785888672 -3.4e+38 276.413665771484 276.279113769531 276.165344238281 275.831298828125 275.612945556641 275.501800537109 275.910583496094 276.640289306641 276.590026855469 276.570709228516 277.005584716797 276.69775390625 276.481658935547 276.341857910156 276.686340332031 277.093597412109 277.855407714844 278.112640380859 278.822326660156 278.788238525391 278.83642578125 278.543975830078 279.304840087891 279.96875 279.931213378906 280.020263671875 280.204132080078 280.121368408203 280.042083740234 280.039947509766 279.855682373047 280.064178466797 280.375457763672 281.290283203125 -3.4e+38 281.471771240234 281.932403564453
274.992919921875 274.837554931641 274.691558837891 274.665283203125 274.868225097656 275.073303222656 275.778594970703 275.729705810547 275.303497314453 275.541168212891 276.201110839844 276.725158691406 276.367126464844 276.203247070312 276.205413818359 275.903900146484 275.569793701172 275.674163818359 276.169769287109 276.808380126953 277.126403808594 277.024139404297 277.054473876953 276.808044433594 276.927459716797 276.906951904297 277.196563720703 277.38720703125 277.919158935547 278.153289794922 278.851837158203 278.910522460938 278.852600097656 279.061492919922 279.55908203125 280.023254394531 280.273956298828 279.956512451172 280.084228515625 280.119964599609 279.898986816406 279.978271484375 279.670074462891 -3.4e+38 280.211303710938 280.811370849609 281.187255859375 281.374664306641 -3.4e+38
274.975494384766 274.911285400391 274.953765869141 274.889129638672 274.965972900391 275.071228027344 275.690948486328 276.020538330078 275.695739746094 275.879028320312 276.521392822266 276.73193359375 276.377746582031 276.294189453125 276.020294189453 275.796112060547 275.737121582031 276.070129394531 276.383270263672 276.786407470703 277.497619628906 277.246429443359 276.432556152344 276.884124755859 277.460723876953 277.502502441406 277.681823730469 277.69970703125 277.818908691406 278.050994873047 278.797515869141 279.117980957031 279.412536621094 279.128967285156 279.652954101562 280.329315185547 280.983795166016 280.401580810547 280.156677246094 280.574340820312 280.003204345703 280.001892089844 279.690734863281 279.567413330078 279.900787353516 280.442169189453 280.540802001953 280.931915283203 281.375396728516
275.031280517578 275.227447509766 275.239807128906 275.061157226562 274.97021484375 275.031616210938 275.724884033203 276.12451171875 276.077026367188 276.188232421875 276.621154785156 276.907806396484 276.551696777344 276.359558105469 276.164337158203 276.192810058594 276.195587158203 276.225372314453 276.442962646484 276.958343505859 277.614868164062 277.317443847656 276.377105712891 276.873718261719 277.432922363281 277.747375488281 277.845031738281 278.066864013672 278.005310058594 277.972015380859 278.706634521484 278.947082519531 279.602355957031 279.479156494141 279.552429199219 280.409942626953 281.085388183594 281.028930664062 280.675323486328 281.060272216797 280.496826171875 279.96533203125 279.941955566406 279.27783203125 279.319244384766 280.219329833984 279.839782714844 280.031127929688 280.852783203125
275.015655517578 275.367919921875 275.667572021484 275.388031005859 275.036224365234 275.125396728516 275.785888671875 -3.4e+38 276.492492675781 276.529632568359 276.842407226562 276.865447998047 276.455261230469 276.371002197266 276.509613037109 276.756530761719 276.511932373047 276.093139648438 276.508117675781 276.984008789062 -3.4e+38 277.540313720703 277.000762939453 277.137603759766 277.358093261719 277.759521484375 278.347473144531 278.439788818359 277.960693359375 278.011291503906 278.662902832031 278.676055908203 279.103240966797 279.965423583984 279.831085205078 280.164306640625 280.899169921875 281.022369384766 280.983337402344 -3.4e+38 -3.4e+38 280.462646484375 279.922637939453 278.988067626953 278.885070800781 279.657104492188 279.444610595703 279.587310791016 279.854614257812
275.306182861328 275.443450927734 275.997009277344 275.750244140625 275.365051269531 275.472045898438 275.692169189453 276.50390625 277.117279052734 277.037872314453 277.098968505859 276.51416015625 276.298156738281 276.654693603516 276.905242919922 277.022308349609 276.581390380859 276.267486572266 276.463928222656 276.711273193359 277.122314453125 277.520385742188 277.601684570312 277.571502685547 277.597808837891 277.950775146484 278.709564208984 278.331573486328 277.704071044922 278.142333984375 278.150299072266 278.256225585938 278.84619140625 279.407806396484 279.765747070312 279.887329101562 280.316680908203 280.432250976562 -3.4e+38 -3.4e+38 280.904144287109 280.695373535156 280.071746826172 279.366058349609 278.674896240234 278.965667724609 279.398132324219 279.908264160156 279.865112304688
275.946105957031 275.677032470703 275.876647949219 275.917358398438 275.909637451172 275.968872070312 275.861236572266 276.366271972656 276.872283935547 277.215118408203 277.078369140625 276.658142089844 -3.4e+38 -3.4e+38 277.169372558594 276.948059082031 276.5029296875 276.392547607422 276.55517578125 276.936798095703 277.414154052734 277.503173828125 277.726043701172 277.763458251953 277.949523925781 278.015716552734 278.747894287109 278.531066894531 278.284973144531 278.133941650391 277.566589355469 277.734191894531 278.330871582031 278.503295898438 279.191864013672 279.371276855469 279.838134765625 280.185974121094 280.922943115234 -3.4e+38 -3.4e+38 -3.4e+38 280.511199951172 280.139739990234 279.280944824219 278.623321533203 279.919281005859 280.497406005859 280.261291503906
276.253326416016 276.500274658203 276.361572265625 276.780975341797 276.728057861328 276.671661376953 276.558563232422 276.278900146484 276.278930664062 276.915100097656 277.265716552734 277.010101318359 276.469329833984 -3.4e+38 276.892303466797 276.861480712891 276.691467285156 276.300323486328 276.485809326172 277.068206787109 277.671325683594 278.199462890625 277.718872070312 278.433959960938 278.435150146484 278.552185058594 278.799926757812 278.562133789062 278.498626708984 278.046142578125 277.873260498047 278.015197753906 277.909301757812 278.814544677734 279.033660888672 279.416717529297 279.421142578125 279.651489257812 280.559387207031 -3.4e+38 -3.4e+38 -3.4e+38 281.285583496094 280.913391113281 280.46484375 280.643585205078 280.757965087891 280.23828125 277.358459472656
276.051361083984 276.524963378906 276.530883789062 276.783538818359 276.747009277344 276.875335693359 276.798034667969 276.647003173828 276.532684326172 276.974700927734 277.3427734375 277.237548828125 276.723022460938 276.641510009766 276.173431396484 276.231384277344 276.481750488281 276.500030517578 276.991424560547 277.477264404297 277.657867431641 278.227661132812 278.062133789062 278.548034667969 278.761901855469 279.060882568359 279.078338623047 278.518737792969 278.5439453125 278.446685791016 278.268310546875 278.438018798828 278.197631835938 279.007446289062 -3.4e+38 279.905090332031 279.814483642578 279.705993652344 280.463043212891 -3.4e+38 -3.4e+38 281.746063232422 281.997406005859 281.456726074219 280.878509521484 281.002105712891 280.832122802734 279.923645019531 277.757720947266
276.001220703125 276.458435058594 276.458526611328 276.757690429688 276.920623779297 277.122436523438 277.241668701172 276.942626953125 276.962860107422 277.337463378906 -3.4e+38 277.347320556641 277.065856933594 276.758544921875 276.314636230469 276.095581054688 276.236785888672 276.541290283203 276.990692138672 277.292175292969 277.646728515625 278.060394287109 278.537963867188 278.791961669922 279.436462402344 279.647247314453 279.257507324219 278.558319091797 278.525604248047 278.550537109375 278.551727294922 278.540832519531 278.600341796875 278.977844238281 279.476470947266 279.823852539062 -3.4e+38 280.21484375 280.175231933594 281.125152587891 281.524658203125 282.125061035156 282.188079833984 282.064666748047 281.813232421875 281.511505126953 280.858001708984 280.615997314453 280.398895263672
275.966033935547 276.04931640625 275.942626953125 276.396911621094 276.853881835938 277.260803222656 277.556182861328 277.121154785156 277.198425292969 277.546661376953 277.440795898438 277.050537109375 276.860717773438 276.613891601562 276.444519042969 276.275115966797 276.301116943359 276.44140625 276.4716796875 276.820587158203 277.551879882812 277.768157958984 278.576568603516 278.853302001953 279.574890136719 279.600646972656 279.474212646484 278.971160888672 278.565490722656 278.650909423828 278.943603515625 278.67578125 278.112152099609 278.813323974609 279.373321533203 279.857177734375 280.3701171875 280.468933105469 280.313507080078 280.752349853516 281.025360107422 281.568237304688 282.003692626953 281.982727050781 282.066925048828 -3.4e+38 281.217315673828 280.982452392578 281.040649414062
275.422637939453 275.727752685547 276.022735595703 276.374572753906 276.864654541016 277.236145019531 277.553588867188 277.319396972656 277.154510498047 -3.4e+38 277.364044189453 276.942840576172 276.343597412109 276.394958496094 276.612915039062 276.504821777344 276.366516113281 276.647125244141 276.285583496094 276.553558349609 277.199066162109 277.502593994141 278.478759765625 278.576049804688 279.044982910156 279.413269042969 279.463958740234 279.2783203125 278.798706054688 279.292907714844 279.477569580078 278.840454101562 277.942474365234 278.705078125 279.092834472656 279.822387695312 280.500946044922 280.622039794922 280.583404541016 280.690460205078 280.897430419922 280.964416503906 281.714050292969 281.860137939453 281.881408691406 280.800231933594 281.738037109375 281.265686035156 279.857269287109
275.345153808594 275.866577148438 276.427795410156 276.654174804688 276.934875488281 277.272918701172 277.567138671875 277.446166992188 277.381011962891 277.558715820312 277.299041748047 276.67822265625 276.297454833984 276.820678710938 277.099670410156 276.959289550781 276.758148193359 277.019226074219 276.514892578125 276.406158447266 276.652526855469 277.125396728516 277.826477050781 278.002807617188 278.523773193359 279.051330566406 279.396423339844 279.263580322266 279.220581054688 279.688842773438 279.486175537109 278.748382568359 278.624481201172 278.713195800781 278.716064453125 279.369750976562 280.115783691406 280.713195800781 280.978668212891 281.130310058594 281.291900634766 280.88232421875 281.673736572266 281.758972167969 281.8203125 281.885406494141 281.900695800781 281.403015136719 279.087799072266
275.586120605469 276.009368896484 276.414001464844 276.610321044922 276.805206298828 277.153747558594 277.581359863281 277.660827636719 277.721862792969 277.542907714844 277.083190917969 276.636779785156 276.775665283203 277.085754394531 277.223907470703 277.223358154297 277.222137451172 277.224304199219 276.892822265625 276.575531005859 276.687377929688 276.692047119141 277.451599121094 277.997802734375 278.557739257812 279.021453857422 279.353393554688 279.286407470703 279.371154785156 279.396697998047 279.278137207031 278.963073730469 279.187408447266 279.297027587891 279.175933837891 279.319122314453 280.010406494141 280.699798583984 281.279296875 281.591400146484 281.734130859375 281.360534667969 281.884704589844 281.865142822266 281.861724853516 281.862365722656 282.054321289062 281.647430419922 280.713195800781
275.517028808594 275.901397705078 275.997283935547 276.026550292969 276.407775878906 276.835571289062 277.468017578125 277.843566894531 277.660583496094 277.150024414062 277.181213378906 276.956207275391 277.261810302734 277.559387207031 277.670013427734 277.588928222656 277.453369140625 277.34326171875 277.204284667969 277.085205078125 277.17822265625 276.740661621094 277.100372314453 277.993560791016 278.696136474609 279.408843994141 279.523742675781 279.441223144531 279.326690673828 279.292602539062 279.291900634766 279.281555175781 279.412933349609 279.687591552734 279.747985839844 279.77685546875 280.137817382812 280.655120849609 281.079315185547 281.781951904297 281.947540283203 281.886657714844 282.05419921875 282.077819824219 281.950317382812 281.922332763672 282.389282226562 282.314117431641 282.013427734375
275.155426025391 -3.4e+38 275.376251220703 275.534484863281 275.971710205078 276.434661865234 277.180297851562 277.723724365234 277.729339599609 277.371185302734 277.414581298828 277.515411376953 277.688201904297 277.969329833984 277.916595458984 277.722564697266 277.442993164062 277.493896484375 277.411987304688 277.37841796875 277.463226318359 277.18994140625 276.994445800781 277.678283691406 278.676300048828 279.540130615234 279.931030273438 279.652038574219 279.498596191406 279.451416015625 279.325378417969 279.406402587891 279.47705078125 279.974151611328 279.888427734375 279.634063720703 279.894897460938 280.451110839844 280.853607177734 281.681701660156 281.931823730469 -3.4e+38 282.202453613281 282.245880126953 282.141021728516 282.573883056641 282.787231445312 282.732116699219 282.495300292969
274.420959472656 274.894317626953 275.126586914062 275.692291259766 276.190216064453 276.493286132812 277.181243896484 277.62109375 277.870178222656 277.915924072266 277.750732421875 277.949127197266 277.925598144531 277.837646484375 277.565399169922 277.588409423828 277.306854248047 277.805816650391 277.748016357422 277.719421386719 277.697631835938 -3.4e+38 277.540283203125 278.029449462891 278.742614746094 279.558929443359 279.961456298828 279.890594482422 279.614929199219 279.636749267578 279.433074951172 279.752716064453 280.095153808594 280.534271240234 280.092254638672 279.485076904297 279.580261230469 280.102478027344 280.708557128906 281.414093017578 281.685424804688 281.978118896484 -3.4e+38 -3.4e+38 282.476623535156 282.911834716797 283.148193359375 283.040313720703 283.098236083984
274.365295410156 274.788940429688 275.061309814453 275.683197021484 276.156372070312 276.466735839844 277.106292724609 277.250946044922 277.562133789062 277.908203125 278.021087646484 277.821380615234 277.525817871094 277.578704833984 277.789245605469 277.902465820312 277.729400634766 278.153381347656 277.969085693359 277.682434082031 277.928863525391 277.894897460938 277.785278320312 277.916564941406 278.488464355469 279.105682373047 279.615783691406 279.987457275391 279.784759521484 279.867309570312 279.645385742188 280.0234375 280.669097900391 280.709136962891 280.279205322266 279.529235839844 279.6044921875 280.181762695312 280.500946044922 280.982330322266 281.458038330078 281.625335693359 281.960418701172 -3.4e+38 282.480346679688 282.496185302734 282.875061035156 283.042083740234 283.220001220703
274.718841552734 275.127746582031 275.074554443359 275.273803710938 275.697357177734 276.052612304688 276.620208740234 276.898895263672 277.400604248047 277.807373046875 277.95458984375 277.774017333984 277.46484375 277.557098388672 278.167816162109 278.193878173828 278.1376953125 278.088562011719 277.752349853516 277.759124755859 278.159637451172 278.264953613281 277.904815673828 277.493255615234 278.272583007812 278.853149414062 279.429779052734 279.945709228516 280.053863525391 280.06689453125 279.932006835938 280.113159179688 280.543090820312 280.996948242188 280.445343017578 279.620849609375 279.999877929688 280.452453613281 280.3125 280.651062011719 281.438903808594 281.523895263672 281.607421875 281.839447021484 281.983978271484 282.393920898438 282.7529296875 282.857299804688 283.072692871094
274.566650390625 275.403991699219 275.771240234375 275.758758544922 275.666412353516 275.808197021484 276.121490478516 276.58935546875 277.159423828125 277.950347900391 278.239593505859 278.026214599609 278.103759765625 278.079528808594 278.458862304688 278.408203125 278.136169433594 278.131195068359 278.241516113281 278.563903808594 279.155242919922 279.115997314453 278.242004394531 278.0107421875 278.129760742188 278.698272705078 279.442077636719 280.1025390625 280.29248046875 280.338500976562 280.337982177734 280.848114013672 280.802337646484 280.928161621094 280.761444091797 280.646301269531 280.835601806641 280.899291992188 280.672119140625 280.774871826172 281.023193359375 280.985015869141 281.109710693359 281.529113769531 282.020782470703 282.614288330078 282.679718017578 282.692687988281 282.943634033203
