rcp4.5models/CNRM_CM5/sc1gr10.7
NCOLS 261 
NROWS 433 
XLLCORNER 336357.134 
YLLCORNER 654653.479 
CELLSIZE 1000 
NODATA_value -9999 
[rows 396 to 417 of 433, columns 100 to 149 of 261]
1062.17217475336 1074.86546265699 1071.59104533107 1064.27365391682 1056.41053495262 1051.23589633757 1042.68694168548 1029.53341837543 1020.21036287975 1019.34277097181 1020.78145380786 1029.91935063995 1043.89234133935 1031.27510429069 1030.53909094862 1019.54354363135 988.417439450359 962.477997221789 956.638909325245 954.598939884428 950.769005511239 960.493893951184 987.978384994573 967.278498625001 944.127945496613 864.334761065587 847.554063574007 834.204027222311 821.203022402324 809.391228112494 801.649065815255 794.118095278385 785.272665132139 776.276681463002 736.637258577825 752.59461049638 743.448271105667 733.063060413265 697.053161028067 645.994407412645 598.153665342626 567.052233800728 571.765535516934 510.687585474967 502.427864651622 493.838563113561 475.674899263843 462.791374121436 450.176382583055 441.29129296458
1054.18603377898 1064.67274727034 1068.27797778647 1063.39246346466 1057.20302995238 1052.04077208371 1044.23229106493 1028.83549097134 1019.31383954273 1021.17313504991 1022.75794323656 1022.57939905824 1036.22859911027 1037.81634335563 1018.88173273709 992.838236147726 967.50119739447 954.688390997348 961.940795480199 961.072770588681 953.524383604264 984.22687951891 991.27989956306 964.368724463802 893.919744626882 859.887245053198 849.602685771143 836.445280047426 822.734689551118 806.666172489217 759.40048330358 746.434456408786 786.7427460582 776.315580212087 769.885885285117 755.618481235256 747.000676307993 733.604685419972 688.702976142275 604.389496929417 550.672183674408 541.704410889113 528.108814791334 513.679324268908 512.498466275732 506.46581997039 482.692127895439 470.219790493569 456.09871308919 445.539761526538
1051.34710369484 1054.87340411138 1066.46934304654 1061.93398234367 1056.01456784895 1038.51361575211 1021.64350710483 1011.17212925228 1012.90636044259 1022.48394925501 1023.41514265385 1017.71076059786 1019.18909669756 1007.01927418196 982.422081089705 969.41577360522 958.008996359217 952.817748369014 964.574360221168 962.398810722705 960.278203138791 1003.67573902118 986.941313503944 934.739377430032 862.492440125059 859.427229043642 849.748551931258 838.144149510989 829.224790824582 812.560254378603 760.644358100535 748.488577917744 788.5644246376 737.743446612178 722.371428869683 754.886332956149 748.091365446306 706.253310079241 611.101846902297 551.978983744981 547.53364409039 542.955523574992 558.952396325387 588.742009343318 555.872851192538 503.986236508005 475.701541856802 466.053150165887 455.651009834175 445.772118902628
1065.21149690462 1049.84590755583 1059.05302837918 1060.18099998188 1054.19384744875 1022.76501729209 1003.91497588027 999.546752429043 996.197176285803 1011.41708173174 1020.06740953568 1015.25308137617 994.548839734368 982.907943579692 971.660686965418 961.377616584251 953.121773367061 964.645187821177 977.385564448746 966.638668976953 975.879227591818 982.224820438541 943.207579149012 899.33410283036 860.423936920392 862.48293463763 851.895065550348 842.154571132991 842.028709094654 792.558756296663 757.174783612874 -9999 747.912763728054 689.910572780347 680.022071716769 701.57796063754 740.474828395974 702.667802473688 643.827532905839 628.015398801712 617.406519262614 581.983390488505 565.617070330394 605.384360280633 549.197886076449 489.814488574402 470.767135958937 461.151884049956 452.376525010668 444.190743586921
1075.56146201718 1048.42750500917 1045.56570115327 1048.66396465753 1049.34377087084 1017.31542095593 1001.29847478444 1009.65122745966 995.881378908495 997.241609032211 1011.87622002374 1007.83406878579 980.802963921403 969.022432613186 955.515080141119 950.841393164491 966.026699770702 989.43495867693 988.881599567009 988.087023418604 1013.26313885154 1002.33010703657 948.629055225897 894.122538183079 853.592176582694 851.319432440055 845.907368560558 846.430738230416 849.559244305569 796.213438104383 756.716129323471 748.960141283998 -9999 716.615332197065 686.736183696127 658.648828278654 738.959781822879 699.63509317824 678.866463926817 676.915988569567 619.489964816119 577.113235022801 542.590860465098 545.955942687359 502.92753512065 487.702813690811 469.272276910222 461.080318425065 451.329080966151 443.601339402715
1075.32896761637 1050.22451299811 1034.846921375 1030.55569325101 1026.16120585443 1001.2762041855 987.63861714945 1006.20765953752 1008.61757946105 991.948091700562 996.852387836351 1003.00096848248 979.460616459643 969.138116218585 966.090489400105 977.002576171496 994.006598675732 994.327779126033 982.469235954765 1005.99673043531 1042.50880556871 1027.92892335692 949.585886393245 879.789069768683 856.470734206084 846.55059292596 836.065836453195 838.152341131767 835.130060585216 811.67593735466 796.479427981849 755.128119838284 699.177104384298 685.917025410857 643.143262110961 696.746272899981 702.579806374087 620.040345185236 600.699382198143 601.227460061983 571.436563006945 569.095160309762 530.426430335595 529.33191873349 502.51757139553 489.437860722516 467.64015230995 459.755544542596 450.513913956906 442.885403495188
1071.99802061033 1048.28709741593 1026.82533971779 1017.37948612364 1003.86471395415 994.460994698677 997.592782680769 998.020319806367 992.635064853377 987.796449457692 990.886969178561 994.720475427465 994.70600494695 995.931625025855 989.355522592592 991.677190457454 993.729572946725 981.248345019034 976.145184974589 1003.27967826857 1024.11205039412 984.91810139374 909.551018112687 869.619859545195 861.267232317976 850.881728372744 837.099389113949 825.184305418045 813.398475594697 765.891403120072 755.008039414633 758.055486443914 705.58521255643 688.799431272442 675.371163090548 726.729026629925 688.59641667174 637.386846299114 602.713063453062 552.051466178723 595.471999870607 609.991168036956 519.468447940275 511.273452905204 502.824994854215 490.192595832547 469.353459484862 459.783897221979 451.771344324382 442.951668811217
1065.21103304748 1038.92443118288 1014.16061017776 999.911448320746 990.424835798178 996.434190276228 1015.07139501048 1011.08086915025 991.747518204649 995.260184399147 1002.72137181661 1002.55449636933 1014.45657749519 1004.58285409993 986.581271178575 975.649824340299 975.134119018916 978.566153692704 983.290730410855 988.905852652991 975.715888368126 928.913188930965 882.970919831221 873.715260183866 862.850860855902 853.559296003213 838.369090749072 820.974694379665 777.016342342183 728.30661771901 721.269860116264 715.780223518473 735.394917015877 763.815442544703 750.335908653732 721.982579241713 714.999063860152 702.410498491562 662.49869440275 611.988673019817 602.310341365293 567.086615132645 516.916288086012 532.282647504918 536.624485198095 488.13567538588 472.223720551195 461.005063953969 451.547566372161 443.658922970321
1057.02893071986 1040.0891655565 1015.13769104628 992.660870677123 981.062647313645 981.944133438469 1004.57667653555 1021.97063906552 1017.70058847044 1011.35338165172 1009.01058642728 1013.00135253818 1017.60301255818 1001.79689539132 995.529718384826 993.636576790067 975.265248106531 967.886418801029 976.17758747151 965.597572546918 941.588202916318 907.558383400484 876.520163822397 874.522994278632 869.978438471171 866.054415133725 844.586773830785 822.826661285861 750.626780296216 723.520824877149 725.517939972515 701.739207804847 766.234800680191 758.667487254035 744.657321924283 719.059839443218 709.628616249865 697.256197357038 687.701301432608 652.210102781368 575.740039281281 551.762033888104 554.375708492343 529.909976768897 532.045154760662 486.00453856758 471.483590049726 461.050916455295 451.461783542737 442.236181403005
1034.3636548301 1033.96501821173 1007.40141012926 988.069311743112 978.529919094035 970.925361600788 985.402218793841 1007.81111353696 1013.90925556835 1012.47045357586 1018.41728509841 1027.65139340262 1023.67864727128 1017.74558485235 1013.942705526 1010.98498712862 982.085510733246 949.428057869953 947.416210753374 937.505501691564 910.025940517977 888.548076727301 877.03557798832 874.637736489945 870.928539672209 870.591924277812 849.558329932503 823.651249892151 779.679272846876 757.557244162419 752.608856486488 734.153746093282 759.720928271033 752.714186830078 741.409807996836 716.386552145365 678.291424040587 657.706926082599 686.055185393753 623.90223935732 561.228300254737 591.196177171942 559.106266506704 506.703794493868 493.950709904978 485.698649320236 470.239576744403 462.151402439601 453.016460770714 443.212007699953
1006.73373282622 1023.98525144927 1012.12779632168 1001.10747906765 986.608002771971 970.560366506523 963.364889055964 965.378359610425 973.148249067496 980.849611105854 977.604358026351 969.203817488343 956.820796852342 952.605197961695 947.494219405667 939.827655263915 922.474612800541 896.867939052603 884.687353935461 878.741028156983 871.731366356786 870.263208185303 868.246516573959 866.704604756738 863.743620046651 864.587720064018 848.169285478032 824.020564543271 804.731874477688 763.442875820271 752.849920805545 751.534195518722 729.976851302068 748.768804170963 712.527139886176 598.209208991812 609.225217898558 632.05050783775 596.273875769706 551.31444394835 539.330288894597 528.39033353154 540.516976165912 540.828422809783 496.526669259835 488.873756661638 469.977222623781 464.393606096907 461.37741565546 454.171018054806
1012.1787139977 1022.82029411963 1029.88712917968 1018.86834193625 986.070790194321 963.92333138162 958.244925609673 957.616858471383 958.952934754944 961.08636243461 959.697742673926 958.771354992205 933.610354276491 922.303599083242 918.149115721433 916.180782812195 903.831134382089 891.874373812622 887.030953154705 876.867230798281 868.051026129481 870.719066708954 868.537866380168 863.526738160206 861.845684764196 855.800212140714 844.004969285623 829.732638900972 807.643538224743 762.918789590688 730.606852429071 754.999004220477 745.784930550957 699.599592110302 665.163143641704 606.267578635097 592.408593234631 604.270715246154 602.839618912861 559.398369314872 550.623105344473 536.713991057743 547.056059035553 548.817274834329 501.332281345984 489.569382030178 470.5164393226 464.326417432352 459.566275665327 472.23428436842
993.95529808419 1002.34616638089 1006.955235789 994.634603663933 966.780100192971 950.797572676243 946.998909307682 947.669631395987 949.815479394199 944.683769174462 940.017731009995 947.022495420725 926.119836400534 913.43095892352 906.369283200588 901.440455785597 897.828122351591 893.651469110681 889.478386710354 879.204789521937 868.428280517022 865.658529118129 861.881047733082 859.218037775976 852.734676844592 848.575471039854 840.199700999172 830.080278458851 810.772480956289 788.759441496844 754.10026164748 744.070194641698 719.467201504605 675.839022474958 700.658685556846 649.952548048583 605.514305713651 615.012989828264 610.264852118927 568.765483993702 560.267393158076 547.790531894778 534.413304743925 523.253530024499 509.282387828792 495.986406858962 494.856196771932 499.914486662611 480.037627563823 505.507665360785
979.44739967636 978.492543607021 976.989141281141 969.495174500397 956.743423429921 946.99367736072 940.21935260352 939.298588859621 939.200075013192 936.243475820703 930.520442354075 933.404392468545 923.38554752378 909.722563771322 903.051685131244 896.986081840825 893.57892265269 893.207000689986 887.55995849996 881.290202673418 875.215032807565 862.412903465406 862.521020639778 867.318709371505 850.923637901967 847.696886199369 840.33361989197 800.003305885296 751.055195862196 734.549215239223 746.229088612722 771.73717943031 740.656879435122 729.000809638191 756.828826094463 705.348211386607 662.069919091578 675.715735956931 649.894999199995 574.028789139357 584.188302573593 584.362622485809 543.289224955679 527.289306394636 514.61394737425 503.49674812236 521.19580645146 539.552591097431 484.982374194652 488.304151897431
966.528646682303 969.768303384363 963.601486465718 956.161650247491 946.967363955185 941.928023779759 936.466059376254 933.965575935224 935.844423079439 940.119837960897 937.844792781331 930.904887419542 919.997697279213 912.166807619658 903.811253735956 892.043800164577 891.046150607522 889.609580358523 881.875537114282 888.557729395629 893.028448778508 876.577660699703 872.526331664152 876.42474992068 855.652206298864 845.624789391981 830.815666737094 787.536118575815 716.895983844387 678.038030232182 718.769129304921 774.33064314662 765.225216606105 761.252556253252 764.018309864537 735.738107989503 720.06824899398 686.171162180715 622.922706610363 580.436280920602 590.528036637669 608.997557800829 577.918501366899 533.160504476918 519.081862928691 526.20664538205 505.910619402574 511.778362237304 466.94106716832 456.721356766087
961.563303044445 973.586714653355 958.733461377392 946.365663926241 937.80538054327 935.726190798834 933.467295565211 931.213647759529 935.950473585359 944.643343261462 941.499814562015 929.369342382452 913.814580743536 909.050150121106 901.626210606423 892.985714124159 888.866380365196 882.924680586747 883.069868708298 900.478877745138 910.946485048686 894.31930716659 878.860175618378 874.645273248565 847.9585808404 836.525348487274 826.559588306676 813.946220774326 773.080253331092 730.215959197391 723.802413302275 743.350451081479 766.342926436292 762.757183958352 761.144110802649 713.202789950004 723.530394911524 686.12024548791 621.620945503743 602.707127984948 619.298814329553 608.0417746092 582.529709660155 540.96172259596 545.581670824779 579.043030209492 518.428054936666 499.411875092066 501.458496217257 462.30927766349
976.802069720445 985.651812093968 962.176040630181 945.83508937434 939.006955098641 933.277831497031 927.969322416528 923.770962845323 926.673417518351 931.766307723947 931.014347395387 927.581216967589 914.828548668328 907.54942971852 897.571993973293 896.676687509735 893.715083048605 887.262078534278 895.686846163498 903.73202571787 905.373344927918 895.149404845196 881.839169335046 870.788344606806 841.251473450626 838.095956865109 839.72930502561 833.728016516218 813.499766527032 776.986576806351 737.982836735943 740.953151987025 764.044933525693 760.120749645322 750.749605518254 708.723951969413 723.837271823849 691.259704890047 647.226426893204 652.783701791927 669.779348594336 617.056691786713 571.213075405584 590.20793228777 582.475418707379 568.960656844924 552.348511420848 502.121677842546 506.460019176486 466.040374056211
983.287891949535 994.287911074578 976.420965943377 960.126124609561 944.8771312875 930.165869966011 923.056108158423 916.978376084414 920.542101161722 924.920346556378 923.841943230669 922.022453259553 912.672123810115 907.131104607886 895.331222562256 893.170800156548 891.632220325151 889.826648170571 897.956254353198 895.947361163118 892.192630619637 891.213760736127 882.51657738684 866.394023816845 838.167809379975 845.398056200122 854.725995102799 848.387889117616 833.924890721528 801.674213970691 761.554006701912 751.627090817025 742.618154199086 737.200467885821 752.676057532539 734.931543251874 725.426160880318 697.533940666513 675.238675791773 687.123969342682 655.044995400475 595.160191986799 574.274988089067 594.927455186988 567.879310795075 525.822008195193 530.702828607071 489.576851957306 498.058185937486 499.445424028591
974.457117762574 994.955021934969 990.690369510244 972.570270621827 943.046618941887 925.208893445701 919.062297910217 918.195494029123 924.737664628153 923.282283429292 917.587122902847 916.614424094356 906.127814068643 898.515067243293 890.644148953749 885.461390483193 882.900685214928 887.994811374663 892.269888683932 889.919022724034 888.591232266106 887.916101476709 880.978420100198 864.628592980904 829.67056713601 835.276108385238 841.445733688932 840.325343471864 818.947388293532 803.858333283829 771.500897433959 735.181513063615 744.464150301359 719.344888955388 733.025569820823 689.265292518528 682.911050662004 693.091482002222 703.726590042182 671.152351171449 633.052347288909 602.582803018994 560.494223011493 546.264718014521 537.644240465079 529.726401021587 527.141451225332 527.050749448086 506.126501167927 506.581789315
973.123552072287 992.015467282791 992.387675784795 962.522535210187 930.685603349703 920.562704203261 914.513921795351 915.018323103318 916.650011683455 909.05917364356 910.789443439128 917.634758014834 901.869769464666 892.895197194955 886.346860353619 880.739434185169 880.516627381841 883.015623014785 883.117781527466 882.128809875021 881.95313302849 880.581456464794 870.098392539547 853.266732960602 830.35732475683 824.747372868319 817.789199369005 799.193129667684 776.905677195934 785.520132809934 778.214454582563 740.10483217934 745.596407834936 725.378195859208 709.312538780624 667.294449701671 636.663665150297 661.318963701132 697.709089768528 649.529699093575 605.762274911907 607.132116916768 567.358767629828 549.177584800157 537.595526297977 548.027788420525 533.822973834493 551.68147439011 519.991358016266 481.7792243189
972.983736914352 990.657790048272 990.481595543176 954.152391674396 923.318116825788 917.12563660138 912.039549063684 909.118193540028 904.216690636884 898.95043764139 902.793007053892 905.683585785264 896.055891968144 890.02739462301 884.357178578179 880.267043969723 877.613749470738 873.516151853379 874.521898029751 873.541095980306 871.466341439829 874.257672294576 867.025478980373 855.123423222869 844.23586100019 810.269566491265 773.119064607197 765.69774969141 778.242050341723 791.191163593607 782.999028810489 758.094409999364 744.475781292822 737.207660891452 725.193573739428 704.674166372003 653.713052169491 639.237632946828 670.165926124425 665.511876616062 611.760265756604 597.822867674889 612.19719069199 581.380791172704 543.611483992759 567.764376954011 535.707635566702 568.669369249503 553.311930597359 504.562449653534
951.598605099673 969.088755657823 969.820390166196 947.635407560492 921.99482947018 911.08930105547 907.22972819522 905.24145128717 901.115119214199 895.501630049749 892.775770214556 891.690797677962 891.51734766022 885.925579235756 881.859292713281 880.146326427476 876.905826060273 874.488044732772 877.588087813238 875.552318845466 865.378423173708 865.823579268127 868.234428694526 864.467040436788 852.904191532113 821.750537285647 785.6921263532 796.631047870588 807.966988133612 777.936727135212 762.008908265925 770.984945889457 764.999170228089 755.637725104664 746.150548229619 706.276127545355 681.681546635522 621.086695348787 628.474748117807 645.118460465761 632.996005270522 622.610194861481 617.696567123649 589.247481457311 550.45731174045 554.620575601654 564.207407330361 572.739717595471 558.258079716587 512.806910871437
