rcp4.5models/CNRM_CM5/sc1gr9.21
NCOLS 261 
NROWS 433 
XLLCORNER 336357.134 
YLLCORNER 654653.479 
CELLSIZE 1000 
NODATA_value -3.4e+38 
[rows 198 to 219 of 433, columns 98 to 146 of 261]
269.167816162109 268.517913818359 269.976196289062 267.030548095703 266.336181640625 264.453735351562 263.886016845703 263.007568359375 261.875 261.063812255859 259.526763916016 259.352844238281 258.341003417969 257.378204345703 255.209289550781 254.914901733398 253.483917236328 252.192901611328 251.204742431641 249.320434570312 248.641143798828 247.130844116211 246.126602172852 245.582443237305 244.307907104492 242.676635742188 240.591461181641 239.404434204102 238.623764038086 237.050888061523 235.56233215332 234.924987792969 233.937973022461 233.193801879883 231.966094970703 231.275634765625 229.615936279297 226.057220458984 225.458892822266 224.144912719727 223.254364013672 220.808837890625 217.389694213867 215.35725402832 216.427001953125 213.865707397461 207.511901855469 208.810623168945 201.848892211914
273.511260986328 280.286499023438 266.838439941406 278.607666015625 266.513427734375 265.457427978516 264.341918945312 263.762725830078 261.895172119141 261.029205322266 259.424560546875 259.281677246094 258.517852783203 257.084075927734 255.751007080078 254.74186706543 253.727172851562 251.74870300293 251.135040283203 249.848083496094 248.601547241211 247.756408691406 246.463470458984 245.455230712891 245.073333740234 243.475494384766 241.576644897461 240.274993896484 239.012756347656 237.975646972656 236.317245483398 234.990142822266 234.694610595703 234.249450683594 233.26594543457 232.524139404297 230.609649658203 227.109756469727 226.662246704102 225.331695556641 224.385482788086 221.731658935547 218.060745239258 215.388916015625 214.890396118164 212.335952758789 208.230438232422 208.841552734375 201.413681030273
283.863128662109 276.907531738281 267.631622314453 -3.4e+38 278.046600341797 266.038177490234 264.435577392578 264.054656982422 262.865905761719 261.352935791016 260.124938964844 259.045379638672 258.577087402344 257.540496826172 255.836059570312 -3.4e+38 253.641418457031 -3.4e+38 250.927261352539 249.99430847168 248.288711547852 247.87825012207 246.69841003418 245.211242675781 244.985061645508 243.948883056641 241.613555908203 241.064895629883 239.811660766602 238.160125732422 237.057525634766 235.60205078125 234.539703369141 234.318725585938 233.944320678711 232.852294921875 230.498504638672 227.875076293945 226.848526000977 226.320236206055 225.48551940918 222.875289916992 218.841110229492 215.772018432617 213.919525146484 211.829986572266 208.862228393555 207.47087097168 202.147384643555
288.944305419922 273.622528076172 280.141143798828 269.484405517578 279.003723144531 281.686370849609 280.208862304688 280.144256591797 274.770751953125 261.542297363281 265.541534423828 271.1943359375 258.632232666016 257.724945068359 255.873229980469 -3.4e+38 -3.4e+38 -3.4e+38 -3.4e+38 249.938873291016 248.908386230469 247.757873535156 246.826416015625 245.685806274414 244.543670654297 243.958099365234 242.523651123047 241.223373413086 240.791595458984 238.963180541992 237.347152709961 236.598617553711 235.621856689453 234.9248046875 233.805557250977 232.980972290039 231.044372558594 228.838516235352 227.863143920898 227.408996582031 226.453826904297 224.387603759766 220.802719116211 216.739151000977 214.688537597656 212.735656738281 210.299591064453 208.071212768555 204.170486450195
277.521728515625 273.409332275391 281.381042480469 266.302154541016 273.943969726562 288.676971435547 280.906219482422 291.357543945312 287.623901367188 273.681762695312 264.525817871094 268.735107421875 258.598937988281 257.984954833984 -3.4e+38 -3.4e+38 -3.4e+38 -3.4e+38 251.343719482422 -3.4e+38 249.513076782227 248.186676025391 246.897308349609 246.151260375977 244.941513061523 244.060424804688 243.031539916992 241.195327758789 240.828323364258 239.791351318359 -3.4e+38 237.039611816406 236.636306762695 236.112777709961 234.950592041016 234.10661315918 232.149887084961 230.075668334961 229.897201538086 229.135284423828 227.526809692383 225.692352294922 222.278823852539 218.174301147461 216.253875732422 213.510635375977 211.840057373047 211.591384887695 206.584732055664
274.347473144531 285.552795410156 283.478820800781 282.901000976562 280.819702148438 274.368408203125 273.419128417969 291.946441650391 291.173645019531 286.934967041016 272.357666015625 260.549530029297 259.157165527344 262.607055664062 256.629821777344 -3.4e+38 254.120254516602 -3.4e+38 -3.4e+38 250.742477416992 249.572967529297 249.032409667969 247.818023681641 246.342483520508 245.660278320312 244.521530151367 243.141738891602 242.369354248047 241.493850708008 240.139450073242 239.3212890625 238.393142700195 238.186508178711 237.449737548828 235.886688232422 235.107437133789 233.282272338867 230.883117675781 230.863021850586 230.232482910156 229.113616943359 227.50178527832 224.394836425781 221.611968994141 218.50163269043 215.755340576172 215.028015136719 216.464096069336 208.658996582031
273.24267578125 284.755767822266 287.779418945312 294.812744140625 286.136505126953 270.577453613281 284.84423828125 292.516876220703 290.881896972656 290.196899414062 285.759704589844 271.917541503906 259.982635498047 262.007629394531 268.111267089844 -3.4e+38 254.926254272461 253.352890014648 252.085021972656 251.488662719727 250.288360595703 249.283264160156 248.748596191406 247.274276733398 245.998153686523 245.254516601562 243.473648071289 243.404205322266 242.636260986328 241.086044311523 239.631530761719 239.33056640625 239.117065429688 238.466613769531 237.446166992188 236.47673034668 234.322845458984 232.054306030273 231.414367675781 230.324584960938 229.897674560547 228.806167602539 226.553619384766 223.667419433594 220.105163574219 218.038925170898 217.58479309082 219.183792114258 210.598358154297
285.748352050781 288.699157714844 292.860137939453 290.659149169922 280.145172119141 285.674743652344 288.537170410156 281.369293212891 286.684112548828 279.108978271484 289.715179443359 280.692169189453 260.365539550781 263.842620849609 -3.4e+38 -3.4e+38 254.871185302734 254.329315185547 252.711639404297 251.450881958008 250.934539794922 249.927597045898 248.785995483398 248.054473876953 246.921371459961 245.733535766602 244.256332397461 243.56005859375 243.341888427734 242.429656982422 241.013610839844 240.325454711914 239.139114379883 238.65592956543 238.316833496094 237.139694213867 235.205657958984 233.071594238281 232.357772827148 231.39958190918 230.996658325195 230.313690185547 228.638137817383 226.348754882812 224.220306396484 220.167922973633 219.785232543945 219.937408447266 213.019256591797
296.311431884766 291.986175537109 285.376251220703 292.554595947266 286.755615234375 294.416381835938 290.190124511719 284.131500244141 284.090576171875 267.428497314453 278.722045898438 285.751342773438 271.973785400391 262.963623046875 -3.4e+38 -3.4e+38 -3.4e+38 258.920288085938 264.463012695312 252.131011962891 250.939010620117 250.49006652832 249.231414794922 248.09147644043 247.619049072266 246.5234375 246.245941162109 246.578536987305 244.592498779297 242.891555786133 242.368835449219 241.80354309082 240.481018066406 239.563400268555 238.094100952148 237.111190795898 236.042358398438 234.427215576172 233.886642456055 233.533172607422 233.142013549805 232.223526000977 230.336761474609 229.915252685547 229.120315551758 223.023895263672 222.800415039062 221.896209716797 218.307403564453
296.826232910156 292.826538085938 288.426666259766 296.013122558594 295.114318847656 294.402404785156 293.933776855469 288.288360595703 277.879913330078 280.251983642578 277.817199707031 278.331817626953 284.969512939453 270.581207275391 269.587036132812 -3.4e+38 -3.4e+38 262.886932373047 273.168792724609 253.127487182617 251.635131835938 250.510040283203 249.91325378418 248.639068603516 247.483413696289 247.259719848633 247.538650512695 250.230819702148 246.829132080078 243.818725585938 242.703369140625 242.285095214844 241.743026733398 240.679565429688 239.240310668945 238.440887451172 237.846115112305 235.516738891602 235.321563720703 235.575042724609 234.133575439453 233.361801147461 231.88298034668 231.721176147461 230.506225585938 225.264038085938 226.008270263672 227.002136230469 224.149551391602
279.46337890625 297.226226806641 296.47607421875 295.46240234375 295.436126708984 290.804016113281 283.492309570312 293.475433349609 293.140502929688 292.983306884766 292.812133789062 290.857574462891 281.523742675781 265.814605712891 277.239959716797 277.164001464844 257.082946777344 263.766754150391 282.368560791016 273.039581298828 252.706466674805 251.797698974609 250.406341552734 249.31787109375 248.785400390625 247.792434692383 248.047393798828 248.38215637207 245.394149780273 244.354949951172 243.813369750977 243.467132568359 242.202072143555 241.320816040039 240.56901550293 240.0693359375 239.789733886719 238.863357543945 238.186492919922 237.869812011719 237.278381347656 236.037124633789 234.039505004883 232.611831665039 231.1005859375 232.049667358398 234.122817993164 232.111389160156 224.413925170898
291.147186279297 293.790130615234 286.509887695312 296.462860107422 296.225036621094 287.959655761719 -3.4e+38 293.911437988281 293.078765869141 293.456665039062 293.630065917969 291.672882080078 282.186553955078 270.052093505859 285.948547363281 277.132751464844 262.406433105469 275.15576171875 282.378387451172 273.70849609375 258.118835449219 263.031005859375 251.418380737305 250.351959228516 254.435424804688 259.400390625 247.740341186523 247.264526367188 245.714874267578 244.760635375977 244.001571655273 243.151641845703 242.799621582031 241.834320068359 241.048187255859 240.704315185547 240.361907958984 239.574615478516 238.999481201172 238.701187133789 238.412185668945 237.299270629883 235.250900268555 234.427200317383 234.437683105469 236.211730957031 237.932434082031 234.943252563477 227.106887817383
288.578338623047 295.778503417969 290.748840332031 292.611450195312 282.033477783203 282.900329589844 288.187286376953 294.556549072266 293.955047607422 293.884124755859 293.482482910156 292.42431640625 286.529022216797 281.528106689453 276.124816894531 277.7568359375 262.013000488281 273.585968017578 282.9248046875 273.764465332031 262.531829833984 272.417846679688 252.351821899414 251.211471557617 254.13215637207 257.955261230469 248.296737670898 247.239929199219 245.925216674805 245.103897094727 244.546356201172 243.958953857422 243.429275512695 242.597839355469 241.829177856445 241.304565429688 240.964309692383 240.553573608398 240.218215942383 239.884475708008 239.469085693359 238.566375732422 237.231369018555 236.483657836914 236.475479125977 237.216247558594 236.571380615234 234.521347045898 230.463775634766
282.324035644531 299.680908203125 298.992309570312 294.600250244141 287.402069091797 290.579650878906 296.709533691406 295.252349853516 289.963745117188 284.531524658203 296.721435546875 296.503173828125 290.472900390625 289.650146484375 279.373901367188 278.539733886719 259.400054931641 266.578063964844 279.454223632812 268.752044677734 274.035308837891 273.309295654297 253.426986694336 252.007995605469 250.584289550781 250.187362670898 248.640502929688 248.084671020508 246.621795654297 245.842651367188 -3.4e+38 244.885040283203 244.362152099609 243.191467285156 242.798309326172 242.081924438477 241.642333984375 242.501647949219 242.299392700195 242.12353515625 241.278884887695 240.260177612305 239.349243164062 238.735336303711 238.874328613281 238.015670776367 235.915298461914 235.585723876953 234.06819152832
293.345977783203 300.133422851562 299.737548828125 298.482482910156 -3.4e+38 298.733276367188 297.628570556641 296.086944580078 287.261871337891 277.096893310547 297.407470703125 296.010406494141 291.188201904297 290.315612792969 283.595703125 273.192932128906 274.619354248047 277.850616455078 281.978668212891 276.868591308594 -3.4e+38 278.740234375 264.410278320312 252.739364624023 256.244079589844 261.454040527344 249.389022827148 248.912857055664 247.942611694336 246.958709716797 245.953277587891 245.524139404297 245.005004882812 244.406890869141 244.250778198242 243.464065551758 242.863845825195 243.366317749023 243.327926635742 243.456954956055 243.261856079102 242.093811035156 241.484664916992 241.277755737305 242.120193481445 241.58251953125 238.819976806641 238.178100585938 236.779739379883
301.300231933594 300.909057617188 300.188385009766 299.466979980469 299.122711181641 298.626098632812 298.435150146484 297.219024658203 292.321350097656 287.604614257812 296.135620117188 294.727325439453 291.971771240234 290.825958251953 285.548980712891 279.856079101562 287.103363037109 286.631256103516 286.305053710938 285.933624267578 283.557647705078 282.984893798828 273.725830078125 253.400177001953 260.600616455078 270.724304199219 250.250259399414 248.911758422852 248.524932861328 247.898025512695 247.409255981445 246.882736206055 246.277420043945 246.290863037109 245.692749023438 244.935195922852 245.17236328125 244.325042724609 244.151626586914 244.185165405273 244.380661010742 243.628845214844 243.887496948242 244.478576660156 245.572174072266 245.364364624023 241.329498291016 240.475708007812 238.964050292969
301.869445800781 301.481597900391 301.007537841797 300.073272705078 300.012268066406 299.611175537109 299.105651855469 297.886779785156 296.466522216797 295.416198730469 295.770812988281 295.160736083984 288.159606933594 281.022155761719 289.635711669922 288.705444335938 287.886657714844 287.428588867188 286.545043945312 285.591094970703 284.439910888672 283.563415527344 278.960113525391 264.746520996094 256.920379638672 265.742156982422 250.767761230469 249.669815063477 248.731063842773 248.349868774414 248.063323974609 247.374618530273 247.041809082031 246.999649047852 246.385482788086 245.839385986328 246.0029296875 245.748641967773 245.861083984375 245.613342285156 245.296768188477 244.737670898438 245.266571044922 248.110244750977 251.86003112793 249.624801635742 243.542175292969 242.819595336914 242.173843383789
303.240570068359 303.590698242188 -3.4e+38 300.954193115234 301.316619873047 301.596252441406 300.708740234375 298.705383300781 297.272430419922 296.292816162109 295.988464355469 294.958312988281 285.489044189453 269.504669189453 290.289367675781 289.174835205078 288.414764404297 287.516479492188 286.944915771484 285.945465087891 284.835601806641 284.230346679688 283.570159912109 278.831817626953 269.337432861328 267.661407470703 256.438415527344 266.0078125 265.280395507812 259.927490234375 248.719421386719 248.104797363281 247.816909790039 247.815032958984 247.488647460938 247.126113891602 246.884078979492 246.846542358398 247.216323852539 247.566360473633 247.007263183594 246.300308227539 246.188110351562 249.947250366211 258.743560791016 257.398864746094 245.662139892578 245.183822631836 245.367660522461
305.130584716797 305.143768310547 302.626098632812 302.400817871094 301.806671142578 302.090484619141 301.684020996094 300.260925292969 298.554718017578 297.728332519531 296.581970214844 295.645660400391 286.090545654297 271.779449462891 290.949310302734 289.919097900391 288.969604492188 288.153533935547 287.653869628906 286.532592773438 285.602874755859 285.035797119141 283.918334960938 283.192779541016 282.374938964844 277.967071533203 256.457183837891 268.970428466797 279.585296630859 270.426239013672 250.267761230469 249.655670166016 -3.4e+38 -3.4e+38 249.161224365234 248.725814819336 248.571258544922 249.003570556641 248.332412719727 248.577239990234 248.365463256836 248.520248413086 248.479705810547 252.364288330078 260.584991455078 256.184967041016 247.486251831055 247.512069702148 248.482696533203
305.364349365234 305.186279296875 304.420684814453 302.868896484375 302.30859375 302.126739501953 301.333984375 301.131164550781 299.915618896484 298.280426025391 297.627807617188 297.051330566406 291.377258300781 285.794158935547 291.883575439453 290.602294921875 289.9423828125 289.718933105469 288.391510009766 287.177001953125 286.320129394531 285.524139404297 284.477416992188 283.952331542969 282.968017578125 282.555694580078 258.517059326172 267.537536621094 269.631195068359 271.292816162109 256.302062988281 261.772399902344 -3.4e+38 250.378723144531 250.154479980469 250.034133911133 257.713439941406 250.893218994141 249.963623046875 249.70458984375 249.703109741211 250.240432739258 250.94677734375 254.299987792969 258.371215820312 251.559478759766 249.86653137207 249.844528198242 251.579345703125
306.097564697266 305.590270996094 304.885406494141 303.796875 303.942016601562 303.942626953125 303.074493408203 301.745849609375 300.348999023438 299.399139404297 299.04931640625 298.12109375 296.587280273438 294.333801269531 292.429901123047 291.53857421875 291.091674804688 290.423004150391 289.100402832031 287.887023925781 287.193298339844 286.208374023438 285.281707763672 284.755126953125 283.878112792969 283.524810791016 268.948608398438 267.25927734375 267.775573730469 261.483093261719 256.511108398438 261.086517333984 -3.4e+38 251.285781860352 251.294143676758 261.335113525391 279.617706298828 251.597305297852 251.740173339844 251.560607910156 252.263595581055 253.219848632812 252.465103149414 255.323944091797 258.971466064453 254.566421508789 252.369354248047 251.890365600586 254.627014160156
307.489715576172 306.217987060547 305.695709228516 305.582153320312 305.2724609375 304.553833007812 304.248687744141 302.90380859375 301.441497802734 300.816589355469 299.831909179688 299.731658935547 299.197509765625 295.635681152344 293.462829589844 292.778198242188 291.557678222656 290.835998535156 289.795471191406 288.982299804688 288.472137451172 287.161529541016 285.958435058594 -3.4e+38 285.224822998047 284.334350585938 274.815002441406 263.995025634766 278.847564697266 269.265655517578 269.004516601562 263.795135498047 252.753646850586 252.789627075195 255.563827514648 267.891143798828 271.272338867188 252.360290527344 252.502487182617 252.729446411133 254.922348022461 256.959106445312 255.423904418945 257.571960449219 260.409118652344 255.390121459961 253.527740478516 253.729721069336 257.415649414062
