rcp4.5models/CNRM_CM5/sc1gr6.36
NCOLS 261 
NROWS 433 
XLLCORNER 336357.134 
YLLCORNER 654653.479 
CELLSIZE 1000 
NODATA_value -3.4e+38 
[rows 242 to 263 of 433, columns 147 to 195 of 261]
2038.56591796875 2071.83422851562 2117.91845703125 2122.94262695312 2086.18530273438 2073.86279296875 2074.18334960938 2075.2060546875 2073.24780273438 2070.966796875 2071.73950195312 2076.72680664062 2084.19360351562 2088.53784179688 2091.15063476562 2091.9296875 2092.3505859375 2097.41577148438 2102.52612304688 2109.64794921875 2110.44140625 2115.22729492188 2120.54858398438 2120.90454101562 2126.26538085938 2135.6201171875 2143.8564453125 2150.40283203125 2159.56982421875 2166.05346679688 2165.7861328125 2162.26538085938 2162.46606445312 2157.46948242188 2156.35278320312 2162.61328125 2174.17114257812 2180.84594726562 -3.4e+38 -3.4e+38 2173.5361328125 2166.20483398438 2172.72045898438 2172.63305664062 2177.38037109375 2190.10205078125 2193.96264648438 2195.85986328125 2203.8203125
2034.09716796875 2068.0908203125 2106.58959960938 2093.32983398438 2069.1875 2062.61669921875 2059.80737304688 2060.65161132812 2063.37158203125 2065.47583007812 2064.17651367188 2065.97290039062 2065.75463867188 2069.90161132812 2075.0556640625 2079.81396484375 2084.25317382812 2088.79052734375 2095.20532226562 2104.22094726562 2109.52221679688 2115.69970703125 2115.33569335938 2118.95068359375 2122.32055664062 2128.072265625 2136.962890625 2144.60522460938 2153.20483398438 2163.35424804688 2165.76342773438 2164.25317382812 2163.68994140625 2157.78979492188 2162.73046875 2172.35717773438 2173.4755859375 2168.458984375 2171.60205078125 -3.4e+38 -3.4e+38 2178.34204101562 2174.47021484375 2178.5947265625 2189.3759765625 2239.39697265625 2238.30590820312 2217.18994140625 2209.20483398438
2035.40979003906 2074.76684570312 2111.62768554688 2083.68676757812 2065.068359375 2055.88696289062 2053.0078125 2052.16577148438 2055.16528320312 2060.17358398438 2058.43579101562 2061.35815429688 2060.95092773438 2064.22314453125 -3.4e+38 2074.96875 2083.19384765625 2089.15625 2090.837890625 2098.54516601562 2104.75366210938 2108.89599609375 2115.02612304688 2121.65087890625 2125.15258789062 2127.54663085938 2138.99291992188 2153.56689453125 2174.7744140625 2176.49877929688 2165.98413085938 2162.24243164062 2161.03833007812 2158.7119140625 2162.45874023438 2171.84887695312 2168.02416992188 -3.4e+38 -3.4e+38 -3.4e+38 -3.4e+38 2174.978515625 2175.10131835938 2179.43188476562 2190.5634765625 2205.4189453125 2210.20288085938 2208.20922851562 2200.1005859375
2038.96557617188 2091.0654296875 2133.98461914062 2082.12890625 2059.8076171875 2052.265625 2051.51245117188 2046.595703125 2044.4150390625 2048.92797851562 2050.18041992188 2051.94384765625 2053.787109375 2058.40991210938 -3.4e+38 2068.28515625 2075.49755859375 2082.98559570312 2083.6845703125 2089.35498046875 2093.15258789062 2097.64770507812 2111.1513671875 2122.95385742188 2127.00463867188 2128.63110351562 2139.56958007812 2173.01904296875 2226.70727539062 2211.31884765625 2180.396484375 2162.08154296875 2159.380859375 2159.88818359375 2166.30004882812 2167.83837890625 2160.52880859375 -3.4e+38 -3.4e+38 -3.4e+38 2172.63427734375 2177.78979492188 2184.6201171875 2187.5068359375 2195.68823242188 2198.98095703125 2195.0556640625 2197.18676757812 2198.6875
2036.68896484375 2089.75463867188 2153.2236328125 2114.04052734375 2055.12353515625 2048.27685546875 2048.49780273438 2045.47119140625 2039.9482421875 2041.45300292969 2044.41870117188 2045.75366210938 2048.21850585938 2051.3642578125 2056.15258789062 2061.18139648438 2066.23291015625 2071.22314453125 2073.8525390625 2079.06005859375 2084.36499023438 2089.9677734375 2100.49169921875 2112.08471679688 2117.36669921875 2123.45166015625 2137.29272460938 2170.90356445312 2219.82177734375 2223.95727539062 2189.68212890625 2159.99072265625 2154.517578125 2156.2958984375 2164.7099609375 2163.19848632812 2159.7109375 -3.4e+38 -3.4e+38 -3.4e+38 -3.4e+38 2176.26342773438 2209.96240234375 2242.32788085938 2196.9599609375 2194.92236328125 2186.89038085938 2185.62353515625 2191.96215820312
2030.74267578125 2073.28076171875 2123.9814453125 2087.57568359375 2042.85107421875 2037.7294921875 2038.84777832031 2038.07409667969 2036.88317871094 -3.4e+38 2040.55310058594 2044.74609375 2047.24072265625 2047.73510742188 2050.81030273438 2056.0390625 2060.09497070312 2062.71655273438 2067.49584960938 2073.00146484375 2076.67114257812 2081.91284179688 2091.5390625 2100.92163085938 2108.03344726562 2121.203125 2136.23120117188 2155.35107421875 2170.09399414062 2182.1845703125 2167.47802734375 2156.57739257812 2152.98022460938 2148.53955078125 2152.90161132812 2154.0771484375 2156.248046875 2157.29174804688 -3.4e+38 -3.4e+38 -3.4e+38 -3.4e+38 2199.62475585938 2229.92529296875 2183.09985351562 2190.533203125 2184.7783203125 2176.47631835938 2176.43701171875
2027.80078125 2057.26586914062 2078.46728515625 2045.80493164062 2029.87377929688 2033.21728515625 2033.00451660156 2031.802734375 2034.16467285156 2039.28576660156 2038.22534179688 2044.20275878906 2044.82824707031 2044.06518554688 2048.34594726562 2051.74780273438 2056.65380859375 2060.58715820312 2064.03686523438 2071.05200195312 2072.474609375 2077.82006835938 2084.73974609375 2092.56811523438 2101.96826171875 2116.830078125 2130.34619140625 2147.5087890625 2153.65478515625 2153.89184570312 2158.77001953125 2158.6162109375 2151.6513671875 2146.9833984375 2147.73828125 -3.4e+38 2150.29272460938 -3.4e+38 -3.4e+38 -3.4e+38 2163.958984375 2167.20532226562 2175.36987304688 2182.083984375 2174.16137695312 2180.7119140625 2184.89306640625 2174.5146484375 2164.408203125
2027.36877441406 2062.5 2104.330078125 2080.81567382812 2029.79650878906 2031.884765625 2030.71228027344 2030.4462890625 2031.06762695312 2033.20422363281 2034.34985351562 2038.65185546875 2038.27014160156 2038.75207519531 2042.73413085938 2046.92016601562 2053.6689453125 2058.2666015625 2058.31079101562 2066.78295898438 2073.26196289062 2077.19287109375 2082.34130859375 2088.6376953125 2096.36645507812 -3.4e+38 -3.4e+38 2129.27856445312 2143.77416992188 2156.265625 2167.60229492188 2154.263671875 2148.9921875 2150.03076171875 2150.79272460938 2147.18774414062 -3.4e+38 -3.4e+38 -3.4e+38 2154.8330078125 2161.68676757812 2170.7763671875 2178.01928710938 2180.50805664062 2172.89599609375 2170.09252929688 2180.48901367188 2176.72436523438 2164.65380859375
2032.09887695312 2064.64428710938 2138.57641601562 2151.62158203125 2030.4638671875 2030.9248046875 2029.43078613281 2030.85974121094 2031.74438476562 2029.56909179688 2028.26257324219 2029.53833007812 2030.9677734375 -3.4e+38 -3.4e+38 2047.16967773438 2054.470703125 2054.98193359375 2051.05200195312 2059.57958984375 2070.78076171875 2076.40454101562 2080.77197265625 2088.84057617188 2100.87084960938 2101.61889648438 -3.4e+38 -3.4e+38 2132.62719726562 2149.39233398438 2158.83813476562 2153.1748046875 2162.43505859375 2141.06884765625 2141.65502929688 2143.63330078125 -3.4e+38 -3.4e+38 -3.4e+38 2157.35815429688 2170.59057617188 2182.55249023438 2190.89111328125 2187.63647460938 2169.15405273438 2163.18798828125 2169.18334960938 2178.48999023438 2180.08203125
2032.841796875 2044.39404296875 2113.861328125 2160.80737304688 2026.18688964844 2026.07373046875 2026.80078125 2029.22766113281 2030.40161132812 2029.00573730469 2025.11572265625 2023.65161132812 2024.81884765625 -3.4e+38 2033.63061523438 2045.1591796875 2049.49462890625 2048.80737304688 2046.54833984375 2053.615234375 2060.92211914062 2070.61401367188 2077.43237304688 2086.13623046875 2101.82348632812 2104.59252929688 2116.90893554688 2131.83154296875 2129.40600585938 2139.15454101562 2145.05078125 2150.78491210938 2154.48901367188 2130.19702148438 2129.48071289062 2134.03588867188 2136.48364257812 -3.4e+38 -3.4e+38 2152.51538085938 2170.64038085938 2178.26025390625 2189.3642578125 2187.9013671875 2173.14135742188 2162.63134765625 2158.12158203125 2168.75952148438 2181.53442382812
2030.97424316406 2048.74462890625 2111.28271484375 2147.51513671875 2056.91333007812 2025.93908691406 2024.83654785156 2019.85668945312 2020.41906738281 2024.13049316406 2022.79187011719 2017.84289550781 2018.66137695312 -3.4e+38 2028.63098144531 2035.21948242188 2037.71520996094 2042.06018066406 2043.76940917969 2048.05053710938 2053.07202148438 2061.88842773438 2078.23681640625 2086.16381835938 2101.45727539062 2114.26416015625 2156.82080078125 2190.466796875 2135.5537109375 2139.40234375 2141.89038085938 2138.82299804688 2131.66015625 2124.0439453125 2130.158203125 2132.04052734375 2132.1171875 2134.55688476562 2134.41235351562 -3.4e+38 2155.55029296875 2166.96166992188 2182.99536132812 2188.53784179688 2177.9482421875 2171.37744140625 2156.96337890625 2157.01342773438 2170.68237304688
2040.90808105469 2053.7353515625 2128.37133789062 2187.10815429688 2082.05346679688 2036.72265625 2033.26770019531 2012.15588378906 2012.06005859375 2023.27905273438 2024.49926757812 2012.83996582031 2013.82470703125 -3.4e+38 2022.13891601562 2027.12145996094 2033.37548828125 2039.16491699219 2040.29309082031 2042.14953613281 2047.28771972656 2052.97045898438 2072.97583007812 2082.33740234375 2100.57934570312 2121.20361328125 2177.8701171875 2221.5888671875 2132.50268554688 2137.56420898438 2142.84936523438 2134.125 2128.10913085938 2121.23217773438 2131.94897460938 2129.91381835938 2128.33813476562 2129.087890625 2131.50756835938 -3.4e+38 2145.07153320312 2160.43286132812 2180.74365234375 2190.21704101562 2174.87939453125 2172.98388671875 2159.58471679688 2150.36328125 2159.94848632812
2041.04992675781 2040.58020019531 2094.75048828125 2144.49267578125 2057.03735351562 2022.51977539062 2020.8408203125 2005.99304199219 2004.3955078125 2013.56872558594 2016.4453125 2010.44787597656 2010.44409179688 -3.4e+38 2019.17175292969 2028.13098144531 2034.25634765625 2034.49865722656 2036.89282226562 2036.39758300781 2041.62268066406 2051.232421875 2069.4189453125 2082.56591796875 2099.63012695312 2117.61206054688 2142.30639648438 2162.4365234375 2125.16967773438 2143.87426757812 2157.20874023438 2144.36181640625 2125.31640625 2120.5302734375 2128.17944335938 2123.16772460938 2123.1142578125 2128.2197265625 2130.20068359375 -3.4e+38 2141.08813476562 2158.07446289062 2167.42431640625 2172.13256835938 2166.92431640625 2163.11547851562 2155.18334960938 2153.07055664062 2151.154296875
2106.58837890625 2095.32104492188 2138.59838867188 2169.14794921875 2046.67309570312 2000.10119628906 1998.27587890625 1998.74536132812 1996.62280273438 1997.36767578125 1996.67541503906 1996.24279785156 1998.52014160156 2001.8115234375 2005.26110839844 2009.07019042969 2013.75085449219 2022.30200195312 2029.15551757812 2026.43054199219 2029.26586914062 2035.66845703125 2066.13330078125 2069.5712890625 2078.70581054688 2092.02612304688 2085.2890625 2099.0546875 2114.74658203125 2124.21752929688 2139.41357421875 2130.51000976562 2111.76025390625 2111.92016601562 2122.69995117188 2120.58642578125 2122.8466796875 2125.521484375 2123.46215820312 2124.46704101562 2133.66333007812 2140.63500976562 2135.5234375 2141.2939453125 2153.44213867188 2145.99829101562 2148.04077148438 2146.87451171875 2144.4853515625
2148.98803710938 2109.13623046875 2162.22216796875 2217.34130859375 2076.38720703125 1997.65869140625 1997.470703125 2001.68835449219 2000.443359375 1997.30859375 1995.20190429688 1990.68334960938 1992.68469238281 -3.4e+38 1999.87255859375 2003.22302246094 2007.22399902344 2018.126953125 2027.99560546875 2023.80419921875 2023.3974609375 2029.115234375 2051.39477539062 -3.4e+38 -3.4e+38 2070.01879882812 -3.4e+38 2083.73193359375 2101.15380859375 2123.697265625 2155.02783203125 2135.04809570312 2110.06518554688 2109.89306640625 2120.22290039062 2123.0185546875 2121.42333984375 2117.572265625 2111.70678710938 2115.955078125 2128.44750976562 2134.49243164062 2129.63818359375 2128.013671875 2140.763671875 2139.28198242188 2137.23388671875 2132.93530273438 2137.34008789062
2196.30712890625 2168.47973632812 2166.43432617188 2191.859375 2074.12255859375 2003.78637695312 2012.31115722656 2010.61437988281 1996.22607421875 1989.86279296875 1992.11108398438 1986.9169921875 1986.93933105469 -3.4e+38 1994.58801269531 1999.99096679688 2002.52783203125 2009.74816894531 2019.10302734375 2021.28430175781 2018.05065917969 2022.03356933594 2036.47009277344 -3.4e+38 -3.4e+38 -3.4e+38 2071.17822265625 -3.4e+38 2101.51123046875 2145.1435546875 2185.0166015625 2125.22045898438 2103.06494140625 2108.54541015625 2113.35717773438 2118.12915039062 2114.44555664062 2108.87646484375 2106.02270507812 2110.71264648438 2125.81176757812 2132.66943359375 2128.51806640625 2122.09106445312 2124.75366210938 2123.71606445312 2124.0322265625 2128.79516601562 2133.51586914062
2250.68334960938 2203.79809570312 2170.6298828125 2189.93872070312 2100.16918945312 2057.42236328125 2107.822265625 2065.97631835938 1989.76770019531 1985.61376953125 1988.27783203125 1982.54675292969 1982.81408691406 1984.58374023438 1991.20239257812 1998.35485839844 1999.50939941406 2003.87353515625 2012.92431640625 2019.55480957031 2014.31481933594 2016.13537597656 2031.97924804688 -3.4e+38 2055.16381835938 2065.9912109375 2086.2587890625 2102.57055664062 2107.54321289062 2169.0966796875 2230.41381835938 2099.98559570312 2098.82861328125 2104.03247070312 2104.96948242188 2103.55590820312 2107.25244140625 2104.30834960938 2101.08544921875 2111.71948242188 2123.97021484375 2126.74487304688 2124.9482421875 2116.5556640625 2112.78100585938 2112.7587890625 2120.38330078125 2128.70532226562 2129.58740234375
2321.46875 2250.62255859375 2223.63061523438 2245.88696289062 2173.6572265625 2109.41625976562 2135.63354492188 2097.64501953125 1983.27795410156 1979.11352539062 1978.65905761719 1976.47985839844 1977.56164550781 1978.80346679688 1984.10656738281 1992.3115234375 1996.42297363281 1997.56005859375 2004.76940917969 2012.47570800781 2011.32055664062 2010.76538085938 2029.98095703125 2041.28698730469 2051.08447265625 2071.30053710938 2121.95166015625 2217.66162109375 2285.45922851562 2241.83862304688 2175.56713867188 2099.17578125 2098.89892578125 2097.83447265625 2096.93383789062 2092.318359375 2095.68286132812 2095.27124023438 2096.53637695312 2111.8076171875 2122.20532226562 2114.43334960938 2110.80615234375 2103.77880859375 2100.13940429688 2111.755859375 2121.5126953125 2121.69189453125 2125.12158203125
2428.61840820312 2355.015625 2294.09497070312 2247.08203125 2170.55395507812 2105.61938476562 2073.30712890625 2077.134765625 1975.29028320312 1972.66235351562 1971.71545410156 1971.27038574219 1970.05346679688 1971.10900878906 1976.01708984375 1985.54406738281 1995.53515625 1991.4580078125 1996.623046875 2006.30029296875 2009.10083007812 2006.1220703125 -3.4e+38 -3.4e+38 -3.4e+38 2089.40087890625 2212.96337890625 2357.28881835938 2358.64599609375 2192.908203125 2103.87475585938 2101.87866210938 2096.8330078125 2092.74658203125 2090.07788085938 2082.9814453125 2083.88159179688 2087.7568359375 2089.78686523438 2103.49169921875 2119.85424804688 2111.80322265625 2097.22436523438 2096.18579101562 2094.39965820312 2113.43188476562 2119.1025390625 2119.50463867188 2129.32568359375
2504.033203125 2412.24096679688 2252.42407226562 2119.93237304688 2068.95361328125 2052.99951171875 2044.25012207031 2050.87451171875 1969.74377441406 1973.00634765625 1975.12158203125 1968.17895507812 1964.76611328125 -3.4e+38 1971.39892578125 1984.8798828125 1996.38330078125 1991.72216796875 1994.31201171875 1999.62854003906 2001.04272460938 1999.09716796875 -3.4e+38 -3.4e+38 -3.4e+38 2082.56518554688 2192.69702148438 2229.95361328125 2161.35913085938 2081.62744140625 2096.62817382812 2097.51831054688 2086.58520507812 2085.13330078125 2078.44409179688 2075.40283203125 2081.04858398438 2084.4169921875 2083.15893554688 2093.51049804688 2103.85400390625 2103.53149414062 2094.36401367188 2095.5283203125 2092.38159179688 2113.8671875 2122.16333007812 2121.30737304688 2127.55004882812
2451.56494140625 2328.1630859375 2144.2197265625 2081.49951171875 2090.30883789062 2055.65844726562 2016.31713867188 2026.58752441406 2013.30004882812 2007.42126464844 1973.9091796875 1965.40881347656 1964.58032226562 -3.4e+38 1966.87329101562 1979.80773925781 1991.15832519531 1990.67919921875 1994.57153320312 1996.90112304688 1995.91735839844 1993.81274414062 -3.4e+38 -3.4e+38 -3.4e+38 -3.4e+38 2071.62036132812 2054.77514648438 2048.91796875 2065.19116210938 2083.35400390625 2087.67260742188 2078.63647460938 2073.45874023438 2069.61694335938 2073.17529296875 2080.79956054688 2081.328125 2078.25659179688 2085.29663085938 2085.32397460938 2095.81127929688 2106.03125 2095.90991210938 2087.82836914062 2115.74780273438 2131.41918945312 2125.11987304688 2123.1171875
2387.02221679688 2214.51733398438 2134.07055664062 2228.23950195312 2276.76025390625 2161.00561523438 1998.14428710938 2015.36047363281 2035.02001953125 2002.53540039062 1966.83813476562 1956.98645019531 1957.83825683594 1956.29760742188 1960.87487792969 1969.66198730469 1978.50134277344 1981.76318359375 1990.07312011719 1995.30212402344 1996.69848632812 1989.87451171875 -3.4e+38 -3.4e+38 -3.4e+38 2015.48278808594 2024.935546875 2035.42565917969 2043.75012207031 2057.89111328125 2073.63061523438 2081.24780273438 2077.42749023438 2062.6904296875 2069.03125 2070.28833007812 2070.97192382812 2068.76416015625 2070.69091796875 2084.19384765625 2084.96655273438 2093.12817382812 2102.82397460938 2090.39794921875 2080.28247070312 2105.501953125 2121.3076171875 2124.84033203125 2125.14038085938
