rcp4.5models/CNRM_CM5/sc1gr5.33
NCOLS 261 
NROWS 433 
XLLCORNER 336357.134 
YLLCORNER 654653.479 
CELLSIZE 1000 
NODATA_value -9999 
[rows 230 to 252 of 433, columns 150 to 199 of 261]
283.464538574219 282.323333740234 282.287078857422 287.438262939453 289.014801025391 289.520111083984 290.482635498047 291.0087890625 291.236328125 291.097381591797 291.328186035156 292.039581298828 292.256500244141 291.858978271484 291.674438476562 292.292297363281 292.884918212891 292.860656738281 292.740966796875 292.663635253906 292.533935546875 292.245330810547 291.931396484375 291.879425048828 291.703186035156 291.720611572266 291.687835693359 291.730499267578 291.683685302734 291.862060546875 292.322814941406 292.699645996094 292.992156982422 293.242828369141 293.405731201172 293.740539550781 293.536865234375 293.336029052734 293.730621337891 293.743927001953 293.585906982422 293.278869628906 293.151123046875 292.890075683594 292.422668457031 292.302795410156 292.071105957031 291.825927734375 292.358245849609 292.199401855469
280.725524902344 278.105590820312 283.645782470703 286.302032470703 288.663513183594 289.468963623047 289.955230712891 290.230041503906 290.519561767578 291.007690429688 291.429809570312 291.679992675781 291.856781005859 291.405853271484 290.761322021484 291.288818359375 291.430816650391 291.888488769531 292.289703369141 292.833648681641 292.594879150391 292.267700195312 292.437164306641 292.058013916016 291.874267578125 291.777587890625 291.420715332031 291.051788330078 290.892852783203 290.938720703125 291.728698730469 291.903961181641 291.885955810547 292.226165771484 292.534454345703 292.912017822266 292.821258544922 292.141265869141 292.256103515625 292.966827392578 293.434753417969 293.188903808594 292.883453369141 292.815795898438 292.617462158203 292.362823486328 291.874847412109 291.446411132812 290.185455322266 287.555023193359
280.073059082031 275.232238769531 280.621826171875 284.867034912109 288.209411621094 289.078186035156 289.48974609375 289.735961914062 290.465026855469 290.768463134766 291.030364990234 291.482421875 291.906280517578 291.533416748047 290.907257080078 290.8740234375 291.085144042969 291.840545654297 292.290435791016 292.765960693359 292.558898925781 292.383483886719 292.301940917969 292.008666992188 291.581878662109 291.150543212891 291.038970947266 291.062866210938 290.602996826172 290.597015380859 291.304443359375 291.1748046875 291.897430419922 -9999 -9999 292.435424804688 291.988616943359 291.615966796875 291.943878173828 292.876495361328 293.400360107422 293.340881347656 293.123382568359 292.914001464844 292.521026611328 292.283752441406 291.781921386719 290.083862304688 287.956878662109 286.694946289062
282.335357666016 279.053955078125 283.552398681641 286.430480957031 288.190734863281 289.019226074219 289.327728271484 289.464935302734 290.564147949219 290.934204101562 290.838653564453 291.268524169922 -9999 291.838470458984 291.595001220703 291.031005859375 291.219940185547 291.905883789062 292.21728515625 292.467620849609 292.368225097656 292.052978515625 291.723999023438 291.542388916016 291.398162841797 290.153259277344 289.810729980469 290.883117675781 290.529052734375 290.491271972656 291.058166503906 291.243835449219 291.8095703125 292.269012451172 -9999 -9999 291.461486816406 291.63623046875 292.196990966797 292.868896484375 293.239715576172 292.901763916016 292.575500488281 292.65234375 292.309661865234 292.241333007812 291.729919433594 288.868194580078 286.522979736328 290.158111572266
283.620880126953 283.704193115234 286.690399169922 287.900421142578 288.466552734375 289.237426757812 289.506896972656 289.988586425781 290.636871337891 290.934326171875 291.035858154297 291.193359375 291.536834716797 291.734466552734 291.360565185547 290.980682373047 291.110260009766 291.456878662109 291.745483398438 292.012481689453 292.181976318359 291.848114013672 291.411407470703 291.183135986328 291.409362792969 290.089965820312 288.923248291016 290.353546142578 290.45068359375 290.356079101562 290.962310791016 291.453735351562 291.680541992188 292.121307373047 -9999 291.720275878906 291.426452636719 292.015563964844 292.702819824219 292.955749511719 293.111724853516 292.734497070312 291.960876464844 292.282348632812 292.301971435547 292.21337890625 291.741851806641 289.994873046875 288.787719726562 291.282745361328
282.607238769531 283.424224853516 286.695678710938 288.116424560547 288.500122070312 289.216644287109 289.492340087891 289.776702880859 290.448394775391 290.639984130859 291.120513916016 291.085540771484 -9999 291.448394775391 290.948822021484 290.748687744141 290.802124023438 291.138763427734 291.729888916016 291.618835449219 291.720916748047 291.644805908203 291.484283447266 291.131774902344 291.259429931641 289.894348144531 288.13671875 289.684936523438 290.074096679688 290.193084716797 290.961395263672 291.431671142578 291.604797363281 -9999 291.887725830078 291.248504638672 291.181518554688 291.529388427734 292.430053710938 292.747192382812 292.85205078125 292.617950439453 291.489959716797 291.516357421875 291.902282714844 292.108917236328 292.106811523438 291.543090820312 291.2548828125 291.528839111328
279.201751708984 280.689239501953 286.988983154297 287.904083251953 288.291015625 288.753204345703 288.950714111328 289.239593505859 290.343475341797 290.563446044922 290.826232910156 290.800720214844 291.073394775391 291.218414306641 290.804077148438 290.397857666016 290.65869140625 290.917785644531 291.261138916016 291.127319335938 291.568634033203 291.646545410156 291.471984863281 290.994812011719 290.755645751953 289.471374511719 288.116333007812 289.417205810547 289.856964111328 290.155426025391 290.795623779297 291.442321777344 291.581573486328 -9999 289.938446044922 288.370788574219 289.384552001953 290.4755859375 291.882141113281 292.431396484375 292.507873535156 292.249877929688 291.514892578125 291.188934326172 291.023681640625 291.213043212891 292.022369384766 291.857543945312 291.015899658203 291.157592773438
278.410522460938 281.71728515625 287.088531494141 287.820129394531 288.389526367188 288.851135253906 288.985076904297 289.384948730469 290.3232421875 290.397583007812 290.456268310547 290.626403808594 291.025848388672 291.100433349609 290.830139160156 290.475006103516 290.623626708984 290.646881103516 290.670928955078 290.800048828125 291.545928955078 291.481658935547 291.082458496094 290.574676513672 290.153839111328 289.571166992188 288.875885009766 289.321166992188 289.698944091797 290.093536376953 290.428497314453 291.172393798828 291.621704101562 291.486724853516 289.001403808594 285.197479248047 286.078399658203 290.774322509766 291.661071777344 292.149200439453 292.38037109375 291.942474365234 291.536773681641 291.053466796875 290.678771972656 290.695953369141 291.486419677734 291.894439697266 291.281372070312 291.269653320312
282.129791259766 285.036254882812 287.075622558594 287.916656494141 288.367797851562 289.016876220703 289.319091796875 289.411010742188 290.031280517578 289.882110595703 290.289855957031 290.504974365234 291.002685546875 -9999 290.956115722656 290.612121582031 290.260925292969 290.171356201172 290.194030761719 290.765258789062 291.316925048828 291.027679443359 290.674133300781 289.936889648438 288.695739746094 287.181854248047 287.939880371094 289.204254150391 289.737915039062 290.177642822266 290.624114990234 290.981109619141 291.560028076172 291.299011230469 288.609802246094 282.817535400391 282.148590087891 288.745239257812 291.661254882812 292.158142089844 292.335174560547 -9999 291.460205078125 291.252227783203 290.984649658203 290.727844238281 291.099975585938 291.67626953125 291.866760253906 292.311401367188
279.179962158203 286.013671875 287.123413085938 287.869079589844 288.322235107422 288.997833251953 289.248291015625 289.274627685547 289.601684570312 289.728057861328 290.396240234375 290.680786132812 290.887939453125 291.110382080078 291.0283203125 290.675201416016 290.291656494141 290.037994384766 289.731140136719 290.7587890625 290.909912109375 290.632080078125 290.585998535156 290.047973632812 288.528930664062 286.547088623047 287.627349853516 289.227416992188 -9999 290.242614746094 290.689270019531 291.063201904297 291.320922851562 290.779998779297 288.557495117188 283.77392578125 283.039886474609 289.061706542969 291.884368896484 292.224639892578 -9999 291.675537109375 291.259765625 291.462860107422 290.799407958984 290.279632568359 290.965881347656 291.455932617188 291.876770019531 292.585845947266
277.190856933594 285.685272216797 286.927642822266 287.752288818359 288.216613769531 288.653381347656 288.772705078125 288.992126464844 289.449584960938 290.060302734375 290.373474121094 290.528472900391 290.467346191406 290.745574951172 291.015716552734 290.791381835938 290.655181884766 290.439147949219 290.001708984375 290.425323486328 290.785919189453 290.470916748047 290.102722167969 290.114685058594 289.592376708984 288.812774658203 288.661254882812 289.095672607422 289.465515136719 289.763977050781 289.966827392578 290.777099609375 290.897644042969 290.163024902344 289.421356201172 287.954254150391 287.115966796875 289.299774169922 291.855316162109 291.804504394531 -9999 -9999 291.347961425781 291.410064697266 290.87255859375 290.631317138672 290.810729980469 291.094177246094 291.687103271484 292.443878173828
278.819396972656 284.637786865234 286.027038574219 287.360168457031 287.879302978516 288.369323730469 288.867034912109 289.014739990234 289.729095458984 289.90576171875 290.260620117188 290.234252929688 290.238830566406 290.510986328125 290.774047851562 290.580139160156 290.345855712891 290.347747802734 290.337615966797 290.156768798828 290.818664550781 290.464721679688 289.794677734375 289.809051513672 289.597595214844 289.347442626953 288.877380371094 288.813507080078 289.094177246094 289.277587890625 289.812377929688 290.637390136719 290.593353271484 289.868286132812 289.485046386719 -9999 -9999 289.111206054688 291.487030029297 291.311584472656 291.545196533203 291.587951660156 291.179229736328 291.273620605469 291.315093994141 290.863830566406 290.223510742188 290.768646240234 291.683898925781 292.594573974609
277.142761230469 283.157531738281 285.918548583984 286.829650878906 287.466766357422 288.399658203125 289.124786376953 289.472137451172 290.096038818359 289.738586425781 289.763092041016 290.073089599609 290.417510986328 290.613616943359 290.316558837891 290.150726318359 289.845428466797 289.983245849609 290.029418945312 289.94189453125 290.173217773438 290.039764404297 289.891479492188 289.723754882812 289.271057128906 288.926574707031 288.704467773438 288.848297119141 289.203643798828 289.370208740234 290.213439941406 290.641387939453 290.240051269531 289.657470703125 289.320495605469 -9999 -9999 290.639770507812 291.300018310547 291.173034667969 291.556671142578 291.311492919922 290.695892333984 290.716094970703 290.931762695312 290.424652099609 290.013000488281 290.709350585938 291.642059326172 292.368713378906
279.926849365234 284.193695068359 286.054656982422 286.962860107422 287.611907958984 288.042785644531 288.369232177734 288.959075927734 289.824584960938 290.231964111328 290.231994628906 290.231750488281 290.205413818359 290.036041259766 289.885437011719 289.781433105469 289.149719238281 289.029510498047 289.056213378906 289.717590332031 289.740417480469 289.703308105469 289.579650878906 289.47314453125 288.8984375 288.419219970703 287.920196533203 288.129425048828 288.565002441406 288.721252441406 289.487243652344 289.516082763672 289.134735107422 289.227722167969 289.800415039062 289.840789794922 -9999 -9999 290.056732177734 290.357666015625 290.345123291016 289.945465087891 286.515075683594 286.80322265625 288.786163330078 289.404541015625 290.015686035156 290.725769042969 291.084838867188 291.550537109375
280.694519042969 284.357116699219 286.263305664062 286.995849609375 287.901092529297 288.224487304688 288.364105224609 288.891876220703 289.728820800781 290.222473144531 290.222595214844 -9999 290.106201171875 289.707946777344 289.513153076172 289.607635498047 289.069274902344 288.841003417969 289.014770507812 289.180511474609 289.119781494141 289.122894287109 289.254425048828 288.814270019531 287.776916503906 286.352355957031 286.563903808594 287.611480712891 288.244049072266 288.523315429688 289.115631103516 289.0869140625 288.632232666016 289.274658203125 -9999 -9999 -9999 -9999 290.04931640625 290.375457763672 290.244171142578 289.649597167969 289.2587890625 288.979766845703 289.330017089844 289.982391357422 290.595672607422 291.090026855469 291.184692382812 291.766784667969
280.630432128906 284.497131347656 286.040222167969 286.578460693359 287.904479980469 288.676513671875 288.879425048828 289.124206542969 289.995391845703 290.213012695312 290.213256835938 -9999 290.109344482422 289.730102539062 289.497009277344 289.661865234375 289.438995361328 289.358123779297 289.462738037109 288.996704101562 288.531097412109 288.394165039062 288.665802001953 288.207336425781 285.876556396484 281.922943115234 283.390106201172 286.045867919922 287.7568359375 288.231201171875 288.636077880859 288.342010498047 288.464813232422 289.324981689453 -9999 -9999 -9999 289.702697753906 289.603881835938 289.386749267578 289.511505126953 289.208221435547 289.505493164062 289.989776611328 289.987213134766 290.04296875 290.959503173828 291.682952880859 291.716705322266 292.078430175781
277.729095458984 284.440673828125 285.84765625 286.372253417969 287.312561035156 288.464538574219 288.95751953125 289.102996826172 289.826538085938 290.144714355469 290.204010009766 290.204071044922 290.203857421875 290.013061523438 289.675659179688 289.757476806641 289.738403320312 289.764038085938 289.532928466797 289.369598388672 288.733978271484 288.543670654297 288.539306640625 287.815246582031 285.473693847656 281.823272705078 281.987091064453 285.043914794922 287.488616943359 288.095397949219 288.609558105469 288.176544189453 288.698760986328 289.136535644531 -9999 -9999 -9999 -9999 289.478271484375 286.990020751953 284.600280761719 288.681243896484 289.453735351562 290.453277587891 290.603942871094 290.339294433594 291.079986572266 291.990875244141 292.269134521484 292.528472900391
280.101318359375 285.121520996094 286.335845947266 286.730377197266 287.355834960938 288.227935791016 -9999 288.918304443359 289.384216308594 289.759033203125 290.135894775391 290.108154296875 289.902282714844 289.794128417969 289.722717285156 289.748931884766 289.708374023438 289.736938476562 289.610992431641 289.49462890625 289.077056884766 288.813781738281 288.200225830078 287.361938476562 286.176818847656 285.206939697266 284.713439941406 286.251708984375 287.394653320312 287.930908203125 288.983917236328 288.788696289062 289.021667480469 289.067687988281 289.333679199219 -9999 -9999 -9999 -9999 287.609252929688 285.326202392578 289.499969482422 289.525085449219 290.274169921875 291.039306640625 291.314331054688 291.826629638672 292.48828125 292.591247558594 293.117553710938
283.459411621094 286.053649902344 286.4423828125 286.924438476562 287.587768554688 287.918182373047 288.065856933594 288.569885253906 288.897033691406 289.348724365234 289.650207519531 289.677215576172 289.697296142578 289.352844238281 289.446258544922 289.536926269531 289.224060058594 289.218231201172 289.414916992188 289.541015625 289.203765869141 288.764953613281 287.938171386719 287.204925537109 286.278015136719 286.124359130859 286.331176757812 286.267791748047 286.772399902344 287.657409667969 288.598480224609 288.764709472656 -9999 289.165924072266 -9999 -9999 -9999 289.497680664062 289.519470214844 289.3330078125 289.135864257812 290.037506103516 289.985992431641 290.071502685547 291.035217285156 291.911773681641 292.367706298828 292.746246337891 292.916748046875 293.176696777344
280.266662597656 285.954040527344 286.208404541016 286.710845947266 287.304901123047 287.711608886719 288.085205078125 288.411895751953 288.852325439453 289.181579589844 289.282318115234 289.504333496094 289.434967041016 289.028564453125 289.056213378906 289.316040039062 288.807891845703 288.631164550781 288.934143066406 289.2646484375 288.961029052734 288.593994140625 -9999 -9999 287.119537353516 286.388000488281 285.840179443359 285.283874511719 286.528778076172 287.310607910156 287.913848876953 288.208465576172 288.751495361328 -9999 -9999 -9999 289.525177001953 289.298522949219 288.989593505859 288.782470703125 288.867736816406 289.665649414062 290.416290283203 290.059112548828 290.592987060547 291.525451660156 292.118499755859 292.394378662109 292.468841552734 292.671752929688
275.242248535156 285.628509521484 286.033508300781 286.307708740234 286.804351806641 287.274719238281 287.924926757812 288.542419433594 289.122650146484 289.155975341797 -9999 -9999 288.784118652344 288.451110839844 288.609436035156 289.116760253906 288.873260498047 288.47705078125 288.451812744141 288.846038818359 288.458343505859 287.757110595703 288.131988525391 -9999 -9999 286.823760986328 285.883270263672 285.533843994141 286.165191650391 285.902191162109 288.044494628906 288.438323974609 288.697509765625 -9999 -9999 -9999 289.155670166016 288.392425537109 287.829193115234 287.456573486328 287.863067626953 289.628601074219 290.708435058594 290.586975097656 290.206329345703 290.241668701172 290.918853759766 291.552032470703 291.946319580078 292.389373779297
274.410888671875 285.318908691406 285.969268798828 286.203887939453 286.425689697266 286.851989746094 287.546569824219 288.257049560547 288.935699462891 289.171691894531 -9999 288.953582763672 288.3349609375 288.359405517578 288.547821044922 289.005737304688 289.106170654297 288.754608154297 288.269104003906 288.589660644531 288.213836669922 287.348419189453 287.37451171875 286.846740722656 286.10546875 286.590789794922 286.13525390625 286.01708984375 285.863250732422 286.050903320312 288.234619140625 288.791320800781 288.989868164062 289.056976318359 -9999 -9999 289.041046142578 288.005554199219 287.709228515625 287.287536621094 287.575744628906 289.006744384766 290.363739013672 291.169860839844 290.763336181641 289.806640625 289.674896240234 290.625518798828 291.625518798828 291.988250732422
274.823089599609 282.266418457031 285.459442138672 285.945251464844 286.706573486328 287.271240234375 287.536834716797 287.929412841797 288.882507324219 289.152435302734 -9999 288.901702880859 288.539245605469 288.837646484375 288.731719970703 288.950866699219 289.033264160156 288.869750976562 288.463684082031 287.950622558594 287.619018554688 286.773712158203 286.124938964844 283.559448242188 281.4990234375 285.533416748047 285.620513916016 285.738555908203 286.282012939453 287.138824462891 288.273956298828 288.374786376953 288.736633300781 288.967834472656 289.12158203125 289.310455322266 -9999 288.70166015625 288.08740234375 287.215026855469 287.081970214844 288.173400878906 289.460296630859 290.884857177734 291.31396484375 290.356262207031 288.777862548828 289.560668945312 291.052276611328 291.898834228516
