rcp4.5models/CNRM_CM5/sc1gr8.27
NCOLS 261 
NROWS 433 
XLLCORNER 336357.134 
YLLCORNER 654653.479 
CELLSIZE 1000 
NODATA_value -3.4e+38 
[rows 330 to 351 of 433, columns 196 to 244 of 261]
26.2501697540283 26.2047348022461 25.8973045349121 25.7929954528809 25.423412322998 25.0872745513916 24.8866329193115 26.150993347168 26.8756942749023 27.5695896148682 27.6958637237549 25.4114475250244 24.7220020294189 24.664379119873 24.6440238952637 24.2888717651367 24.101993560791 24.0350761413574 24.2630825042725 24.1156444549561 24.0867805480957 23.9291572570801 23.6722393035889 23.6057777404785 23.4204254150391 23.5333385467529 23.4729061126709 23.6137886047363 23.5207290649414 23.486888885498 23.3461303710938 23.3074283599854 23.4702053070068 23.2787475585938 23.5107364654541 23.3978862762451 23.3810768127441 23.2617626190186 23.2528858184814 23.2441806793213 23.2155303955078 23.1007251739502 22.9554328918457 22.8543453216553 22.8582153320312 22.8921394348145 22.7898502349854 22.7564239501953 22.6231498718262
25.6173076629639 25.4871158599854 25.3594646453857 25.4514179229736 25.3431415557861 24.7682094573975 24.5866260528564 24.7752571105957 24.7921943664551 25.0234794616699 25.2303981781006 24.3042411804199 24.3822154998779 24.3780994415283 24.2514591217041 23.8267345428467 23.719783782959 23.5723094940186 23.5897579193115 23.4044036865234 23.4238147735596 23.4703998565674 23.321849822998 23.2899684906006 23.1880359649658 23.1588878631592 23.0802707672119 23.0785312652588 22.9129734039307 22.9264640808105 22.9708652496338 22.8584499359131 22.8436298370361 22.8634300231934 23.0280914306641 22.8269062042236 22.8121013641357 22.7146816253662 22.7066879272461 22.7382183074951 22.8844909667969 22.7347221374512 22.61057472229 22.4844360351562 22.4853954315186 22.4995937347412 22.3730239868164 22.3664436340332 22.2635078430176
25.1634197235107 24.9418392181396 25.2091484069824 25.3920650482178 25.3049774169922 24.5364151000977 24.1804504394531 24.0223751068115 23.9655895233154 23.8038463592529 23.7974510192871 23.8401947021484 23.9660758972168 23.9036293029785 23.8682346343994 23.4363441467285 23.2437763214111 -3.4e+38 22.9710140228271 22.7474040985107 22.7638835906982 22.9033489227295 23.0886154174805 22.8778762817383 22.6934070587158 22.6857948303223 22.6562843322754 22.5302982330322 22.3898849487305 22.3943367004395 22.4440402984619 22.5233020782471 22.5363540649414 22.6160621643066 22.5630054473877 22.3596057891846 22.3513698577881 22.3681564331055 22.4714202880859 22.4711303710938 22.4733734130859 22.2505893707275 22.2229557037354 22.0987167358398 21.9714736938477 21.9438228607178 21.8454132080078 21.852876663208 21.8206806182861
24.7861824035645 24.5701332092285 24.8227233886719 24.9011554718018 24.5917110443115 24.0873718261719 23.8147449493408 23.5430507659912 23.489465713501 23.3399028778076 23.3330020904541 23.3493804931641 23.3942604064941 23.3866100311279 23.5034999847412 23.0087108612061 22.7011585235596 -3.4e+38 22.5111179351807 22.2592906951904 22.2521362304688 22.2854537963867 22.4341659545898 22.4387149810791 22.3246784210205 22.2220478057861 22.2143936157227 22.2068576812744 22.1994457244873 22.1457386016846 21.9792957305908 22.119535446167 22.1275367736816 22.1193180084229 22.0908660888672 21.9703884124756 21.8540096282959 21.8650951385498 21.9700202941895 22.0295848846436 21.8198776245117 21.5738945007324 21.5651340484619 21.5747261047363 21.6570529937744 21.6489562988281 21.6175880432129 21.4881649017334 21.4620323181152
24.4121074676514 24.1921215057373 24.3792858123779 24.2127342224121 24.0718193054199 24.121467590332 23.5116596221924 23.1102657318115 22.9449119567871 23.1181793212891 22.9251346588135 22.8718891143799 22.9453945159912 22.9345359802246 22.8509845733643 22.6129360198975 22.5298557281494 22.4782905578613 22.1359233856201 21.9129104614258 21.8813877105713 21.7838764190674 21.8163356781006 22.0010967254639 22.0755367279053 21.7343444824219 21.7258453369141 21.7174816131592 21.7092571258545 21.680118560791 21.4777565002441 21.5500106811523 21.4525680541992 21.4441890716553 21.435977935791 21.4479370117188 21.5290145874023 21.52126121521 21.533145904541 21.5956516265869 21.4752388000488 21.2379417419434 21.2065372467041 21.1105709075928 21.2429046630859 21.2694473266602 21.4267253875732 21.3259792327881 21.2645854949951
23.9706420898438 23.8246250152588 24.0026073455811 23.9214973449707 24.0337905883789 24.4661235809326 24.2964191436768 22.5221824645996 22.3690185546875 22.5278301239014 22.3505477905273 22.3015747070312 22.3681201934814 22.366174697876 22.3485050201416 22.2291641235352 22.1254978179932 22.0207328796387 21.8508186340332 21.844388961792 21.7914390563965 21.5481605529785 21.2936000823975 21.3245697021484 21.4067039489746 21.2262134552002 21.3648948669434 21.2607383728027 21.2524032592773 21.2442359924316 -3.4e+38 21.0984592437744 21.0828876495361 20.9712924957275 20.9628734588623 20.98703956604 21.122688293457 21.1140632629395 21.1440830230713 21.3146839141846 21.2879734039307 20.8525466918945 20.8258399963379 20.7038059234619 20.5783939361572 20.5964183807373 20.7279987335205 20.7184600830078 20.6694793701172
23.5073795318604 23.9030475616455 23.4054279327393 23.2647895812988 23.4065837860107 25.7556819915771 25.9266471862793 21.8706340789795 21.5402164459229 21.4358043670654 21.339506149292 21.2544460296631 21.2931995391846 21.4813117980957 21.5739707946777 21.3822822570801 21.1956787109375 21.1564903259277 21.0055904388428 21.0870380401611 21.2796039581299 21.0627384185791 20.8876857757568 20.8481521606445 20.6991443634033 20.4307670593262 20.3287391662598 20.3362522125244 20.3918418884277 20.4245681762695 20.293607711792 20.285083770752 20.25705909729 20.1634635925293 20.1552257537842 20.123872756958 20.0332565307617 20.1085605621338 19.9929141998291 19.98464012146 20.0060710906982 20.1508369445801 20.2346286773682 20.2041244506836 20.0801887512207 20.0542545318604 19.9546222686768 19.9165515899658 19.7240009307861
23.0478115081787 23.6418914794922 23.5475883483887 22.6497478485107 22.5482559204102 24.1395454406738 25.8016490936279 21.5022468566895 21.186429977417 21.1303787231445 21.1712131500244 21.0454235076904 20.905424118042 20.970911026001 20.9403266906738 20.8303298950195 20.708366394043 20.6467590332031 20.7701148986816 21.1623992919922 21.0839538574219 20.8243999481201 20.471736907959 20.2940711975098 20.2506618499756 20.08713722229 19.9986305236816 19.9909858703613 19.9600219726562 19.8912487030029 19.9173908233643 19.9086780548096 19.9401702880859 20.0844612121582 19.9732856750488 19.9455871582031 19.8694267272949 19.9290466308594 19.8003215789795 19.6104488372803 19.4927444458008 19.5037937164307 19.6380710601807 19.6117496490479 19.5256023406982 19.5841064453125 19.574686050415 19.543155670166 19.3946876525879
22.4926357269287 22.7128772735596 23.0644397735596 22.0421600341797 21.7775077819824 22.5846977233887 24.4401512145996 21.0769119262695 20.8231296539307 20.7634410858154 20.8075847625732 20.6802768707275 20.5316066741943 20.5242691040039 20.4955711364746 20.4148120880127 20.4073371887207 20.4212799072266 20.5630893707275 20.7235279083252 20.215705871582 20.0451221466064 20.049243927002 19.9624462127686 19.9543895721436 19.9232082366943 19.8224678039551 19.8140716552734 19.785961151123 19.6958045959473 19.364875793457 19.3564071655273 19.381217956543 19.4997253417969 19.4448642730713 19.5905303955078 19.477367401123 19.4681987762451 19.4325504302979 19.2779655456543 19.182544708252 19.033727645874 19.0253391265869 19.0171203613281 19.018856048584 19.06298828125 19.0543251037598 19.0576953887939 19.1160526275635
22.1585083007812 22.1809272766113 21.9758148193359 21.6190547943115 21.3929042816162 21.6780738830566 22.2100105285645 20.7186660766602 20.4737415313721 20.4181728363037 20.4585208892822 20.3803310394287 20.3723545074463 20.3412742614746 20.2095165252686 20.0472316741943 20.0392627716064 20.0546951293945 20.1007499694824 19.9281578063965 19.6007308959961 19.5551528930664 19.6959438323975 19.6878032684326 19.6798820495605 19.6330986022949 19.4691295623779 19.4608345031738 19.4298782348633 19.3264141082764 19.044454574585 19.0368728637695 19.0069370269775 18.8988399505615 18.9227485656738 19.0419502258301 18.9479999542236 18.9547710418701 19.0191917419434 19.0103626251221 19.0017204284668 18.8793754577637 18.8495464324951 18.7282466888428 18.7192630767822 18.7104511260986 18.7018051147461 18.702299118042 18.7446365356445
21.7961807250977 21.7442378997803 21.3792476654053 21.1922283172607 20.9899139404297 20.7851715087891 20.6411018371582 20.3920650482178 20.1955013275146 20.0332489013672 20.0245761871338 20.0160083770752 20.0304908752441 20.0560836791992 19.8346843719482 19.6072845458984 19.6218318939209 19.7161674499512 19.6500110626221 19.5466327667236 19.3991260528564 19.1502113342285 19.1420822143555 19.1341762542725 19.1264953613281 19.1026744842529 19.0296630859375 19.0415515899658 19.0940074920654 18.9825458526611 18.9897689819336 18.9601364135742 18.835090637207 18.7433891296387 18.7133102416992 18.6030349731445 18.5944671630859 18.598352432251 18.648983001709 18.6442546844482 18.6353206634521 18.5086994171143 18.4829368591309 18.3854846954346 18.3766498565674 18.3679866790771 18.3388233184814 18.2132453918457 18.2040309906006
21.3897743225098 21.2120342254639 20.9140319824219 20.6676692962646 20.5447635650635 20.3716297149658 20.2754650115967 19.9649620056152 19.8446979522705 19.6715469360352 19.5888404846191 19.602409362793 19.6907176971436 19.7103843688965 19.5326194763184 19.4518909454346 19.4636287689209 19.4859218597412 19.3534984588623 19.1073532104492 19.0428237915039 18.822093963623 18.814640045166 18.8074340820312 18.7780151367188 18.6810836791992 18.6736297607422 18.6827087402344 18.7209072113037 18.6401748657227 18.8163719177246 18.7897281646729 18.6424522399902 18.3778533935547 18.3511810302734 18.2584743499756 18.2284450531006 18.1161079406738 18.1070671081543 18.101634979248 18.0930194854736 17.9891815185547 17.9942474365234 18.0574283599854 18.0487403869629 18.0402164459229 18.0160865783691 17.9180507659912 17.909839630127
21.1847190856934 20.8521842956543 20.5817928314209 20.387113571167 20.248664855957 20.240161895752 20.1401100158691 19.6471118927002 19.6164398193359 19.5144004821777 19.4366874694824 19.4477863311768 19.5081901550293 19.4122676849365 19.1018218994141 19.09228515625 19.0829277038574 19.0357093811035 19.3149318695068 18.7788524627686 18.7710571289062 18.741247177124 18.6474227905273 18.6616077423096 18.7229709625244 18.5939655303955 18.3685703277588 18.2640075683594 18.4268016815186 18.1244564056396 18.1383113861084 18.1682662963867 18.2883491516113 18.0446720123291 17.9368209838867 17.9283885955811 17.9025840759277 17.8096256256104 17.8015041351318 17.7725887298584 17.6579742431641 17.7502632141113 17.6431732177734 17.6910667419434 17.6821746826172 17.7059936523438 17.8829593658447 17.8549709320068 17.7296905517578
20.8279151916504 20.520923614502 20.4631404876709 20.6040191650391 20.1112041473389 19.8829822540283 19.8082160949707 19.5833320617676 19.5323657989502 19.3382892608643 19.1541061401367 19.0707664489746 19.060827255249 18.9904708862305 18.7709445953369 18.7619113922119 18.7530746459961 18.722375869751 18.9063777923584 18.6150054931641 18.6283664703369 18.6633758544922 18.4551982879639 18.3119792938232 18.3596515655518 18.225471496582 18.0287933349609 17.9373569488525 18.0714473724365 17.7581062316895 17.6436939239502 17.6474227905273 17.7283325195312 17.8783531188965 17.7868747711182 17.778392791748 17.7701301574707 17.7411975860596 17.6293087005615 17.6038150787354 17.5094127655029 17.5794372558594 17.484260559082 17.4762325286865 17.4484214782715 17.3245964050293 17.2982158660889 17.2739601135254 17.2062683105469
20.4847145080566 20.2229480743408 20.2537899017334 20.3250675201416 20.115514755249 19.764289855957 19.5146732330322 19.3811149597168 19.1994819641113 19.0813598632812 18.8894271850586 18.717643737793 18.6335945129395 18.6451301574707 18.7114887237549 18.6777820587158 18.5830173492432 18.522611618042 18.2783603668213 18.2694244384766 18.2801818847656 18.3058490753174 18.1030960083008 17.9374332427979 17.8235569000244 17.7594566345215 17.8189697265625 17.7213840484619 17.6950550079346 17.607889175415 17.4768028259277 17.4506950378418 17.3929138183594 17.5321769714355 17.4907894134521 17.3412322998047 17.3743190765381 17.2053451538086 17.2918834686279 17.2833137512207 17.2749328613281 17.2587032318115 17.2508449554443 17.2233848571777 17.0889186859131 16.9708633422852 16.8376941680908 16.8302707672119 16.8463554382324
20.1646385192871 19.788423538208 19.7322769165039 19.6685314178467 19.9817390441895 19.9727821350098 19.3832378387451 18.9465274810791 18.7949542999268 18.7857551574707 18.7566032409668 18.6383075714111 18.4425506591797 18.2993354797363 18.3764514923096 18.4113864898682 18.3176574707031 18.1809349060059 17.9451866149902 17.9363746643066 17.9492568969727 17.9842147827148 17.8173599243164 17.7690391540527 17.5981369018555 17.6077995300293 17.6581325531006 17.5149612426758 17.2611198425293 17.2526073455811 17.1381912231445 17.130069732666 17.1014785766602 16.996524810791 16.9816074371338 16.9355907440186 16.8629608154297 16.7171039581299 16.7536792755127 16.7651138305664 16.8760395050049 16.9229698181152 16.8209457397461 16.7214317321777 16.8110637664795 16.8035697937012 16.7962284088135 16.7701549530029 16.6474666595459
19.845573425293 19.4925479888916 19.3084564208984 19.1681957244873 19.2873401641846 19.3779487609863 18.968770980835 18.6590366363525 18.5822162628174 18.3502025604248 18.3400497436523 18.3102474212646 18.1709327697754 17.9680938720703 18.0492668151855 18.0761318206787 17.9744968414307 17.888277053833 17.6946468353271 17.7003364562988 17.7553291320801 17.6320991516113 17.5327167510986 17.438175201416 17.3329582214355 17.2373199462891 17.228157043457 17.1701717376709 16.950216293335 16.9424629211426 16.9278049468994 16.9003753662109 16.7807807922363 16.6919441223145 16.7013282775879 16.759557723999 16.6497821807861 16.5252113342285 16.4335651397705 16.4417915344238 16.5302829742432 16.564868927002 16.4822177886963 16.3950252532959 16.4543628692627 16.6313514709473 16.6231994628906 16.600793838501 16.5042972564697
19.7428684234619 19.7846946716309 19.2442855834961 18.7939338684082 18.7207317352295 18.691478729248 18.6191635131836 18.3124370574951 18.2399864196777 18.0024547576904 17.9217720031738 17.9112358093262 17.8813648223877 17.8224182128906 17.8805541992188 17.8232192993164 17.6688098907471 17.7000713348389 17.3944301605225 17.5054759979248 17.3487300872803 17.0615634918213 17.2091846466064 17.120964050293 17.0094985961914 16.9251499176025 16.8960857391357 16.7993316650391 16.7905139923096 16.7819995880127 16.7658309936523 16.7409439086914 16.6530666351318 16.6254615783691 16.5408687591553 16.6310768127441 16.5880146026611 16.3977680206299 16.3899326324463 16.3628463745117 16.2707595825195 16.2349700927734 16.199068069458 16.0440921783447 16.1073722839355 16.084135055542 16.0877990722656 16.1534175872803 16.1445598602295
19.0673198699951 18.9921131134033 18.7396087646484 18.5414142608643 18.2759094238281 18.1242256164551 18.0759582519531 17.9920654296875 17.8984107971191 17.7561550140381 17.5293140411377 17.4982376098633 17.357536315918 17.1588325500488 17.2159996032715 17.1646099090576 17.004695892334 17.0018348693848 17.0144557952881 17.4357357025146 16.870641708374 16.8233013153076 16.6794528961182 16.6973991394043 16.502462387085 16.4366569519043 16.407377243042 16.3110656738281 16.3015041351318 16.275074005127 16.2295589447021 15.9907989501953 15.8893547058105 15.9004440307617 15.9883413314819 15.9621686935425 15.857216835022 15.849702835083 15.826753616333 15.7329778671265 15.6913204193115 15.5763864517212 15.483437538147 15.4899959564209 15.5538654327393 15.460015296936 15.4525003433228 15.4677925109863 15.5877876281738
18.894193649292 18.6368656158447 18.3398532867432 18.22580909729 18.0739917755127 18.0453853607178 17.9529933929443 17.7396812438965 17.5594158172607 17.4438495635986 17.2727603912354 17.1741313934326 17.0976600646973 17.0868682861328 17.0560779571533 16.9718208312988 16.942232131958 16.862174987793 16.7307682037354 16.6627388000488 16.5292205810547 16.4769134521484 16.2782001495361 16.1588191986084 16.0018787384033 16.0095672607422 15.9642724990845 15.7937774658203 15.8234691619873 15.9699325561523 15.8628091812134 15.8376426696777 15.7500600814819 15.7577695846558 15.8297863006592 15.8062124252319 15.6985359191895 15.6108989715576 15.6837196350098 15.5601873397827 15.4687652587891 15.4342975616455 15.3206949234009 15.3298301696777 15.4292602539062 15.4218168258667 15.414514541626 15.3900270462036 15.2568349838257
18.8614673614502 18.3021907806396 18.0322723388672 18.0039882659912 17.9330272674561 17.9047260284424 17.8542194366455 17.4754848480225 17.2579193115234 17.2481155395508 17.1997604370117 17.0556163787842 17.0247497558594 16.9425735473633 16.8714199066162 16.6414737701416 16.610372543335 16.5242404937744 16.4193630218506 16.1156101226807 16.177885055542 15.9604711532593 15.7994413375854 15.7910652160645 15.7634763717651 15.6717195510864 15.6463499069214 15.5630588531494 15.5689039230347 15.6065483093262 15.724515914917 15.6966428756714 15.5954599380493 15.5861730575562 15.5420122146606 15.3541889190674 15.3640880584717 15.4359655380249 15.3132705688477 15.2553777694702 15.38316822052 15.0910291671753 14.9979877471924 15.0032920837402 15.0799856185913 15.0717554092407 15.0636529922485 15.0423917770386 14.9474792480469
18.5261211395264 18.0394611358643 17.9736843109131 17.9268741607666 17.7502956390381 17.6371784210205 17.7503414154053 17.3407001495361 17.1837291717529 17.1067390441895 17.0579853057861 16.8714542388916 16.6907997131348 16.6137714385986 16.5447864532471 16.3223648071289 16.2931823730469 16.2140140533447 16.1534252166748 16.0093326568604 16.0136051177979 15.7599020004272 15.7318706512451 15.6421518325806 15.6161966323853 15.5147228240967 15.4216356277466 15.4125118255615 15.3870897293091 15.3025274276733 15.1720113754272 15.1464033126831 15.0587511062622 15.0493278503418 15.010947227478 14.8527250289917 14.8545274734497 14.8884935379028 14.8111867904663 14.7628526687622 15.0159282684326 14.8203887939453 14.7950897216797 14.6816558837891 14.6902523040771 -3.4e+38 -3.4e+38 14.6481151580811 14.6566038131714
