rcp4.5models/CNRM_CM5/sc1gr4.19
NCOLS 261 
NROWS 433 
XLLCORNER 336357.134 
YLLCORNER 654653.479 
CELLSIZE 1000 
NODATA_value -3.4e+38 
[rows 396 to 417 of 433, columns 147 to 195 of 261]
270.929656982422 272.017974853516 272.727325439453 273.110961914062 272.783416748047 272.671173095703 273.271362304688 273.790985107422 274.129089355469 274.779266357422 275.065338134766 275.166229248047 275.256408691406 275.107635498047 275.133911132812 274.812774658203 274.318298339844 274.84521484375 275.214416503906 275.332672119141 275.658477783203 275.477905273438 275.201324462891 275.005462646484 274.732971191406 275.350219726562 276.065765380859 -3.4e+38 -3.4e+38 277.108673095703 277.333801269531 -3.4e+38 -3.4e+38 277.477020263672 277.293365478516 277.1572265625 277.153656005859 276.766662597656 276.833251953125 277.352996826172 277.748657226562 277.623199462891 277.664154052734 277.810516357422 278.094299316406 -3.4e+38 278.9755859375 279.057281494141 279.121490478516
270.298095703125 271.560150146484 272.376800537109 273.080383300781 273.268615722656 272.937042236328 273.272003173828 274.070404052734 274.465850830078 274.696350097656 274.798217773438 275.212738037109 275.202056884766 275.039520263672 274.659912109375 274.582366943359 274.284210205078 274.851867675781 275.566528320312 275.512451171875 275.643829345703 275.453155517578 275.608215332031 275.363311767578 274.568389892578 274.607299804688 276.037109375 276.520599365234 -3.4e+38 -3.4e+38 277.508544921875 -3.4e+38 -3.4e+38 277.832824707031 277.548522949219 277.386077880859 277.179504394531 276.932189941406 277.062744140625 277.502349853516 277.692901611328 277.754730224609 277.982849121094 278.070281982422 278.101531982422 -3.4e+38 -3.4e+38 279.423217773438 279.375610351562
271.077362060547 271.937255859375 272.476379394531 273.032348632812 273.521453857422 273.350830078125 273.170532226562 273.618377685547 274.214416503906 274.741729736328 275.019653320312 274.990112304688 274.898986816406 275.149841308594 275.106689453125 275.148651123047 274.747192382812 275.052001953125 275.765716552734 275.876556396484 275.9873046875 275.616912841797 275.680084228516 275.263275146484 274.412292480469 274.222991943359 275.444885253906 276.040893554688 276.658569335938 276.818817138672 277.225036621094 277.554046630859 277.407104492188 278.008239746094 277.827514648438 277.762145996094 277.558746337891 277.437072753906 277.467315673828 277.96044921875 277.613433837891 277.799377441406 278.177337646484 278.217498779297 -3.4e+38 278.493713378906 279.300170898438 -3.4e+38 279.333831787109
271.996276855469 272.469970703125 272.828063964844 273.311676025391 273.710113525391 273.779998779297 273.472259521484 273.410247802734 273.663757324219 274.330169677734 274.961761474609 275.028442382812 274.998077392578 275.529724121094 275.569519042969 275.578033447266 275.060974121094 275.151062011719 276.056457519531 276.195434570312 276.55126953125 276.292327880859 275.508819580078 274.967651367188 274.505096435547 274.536071777344 274.851043701172 275.617553710938 276.113220214844 276.435638427734 276.9853515625 277.511566162109 277.702514648438 277.948486328125 277.805023193359 278.251312255859 278.29052734375 278.080627441406 277.907287597656 278.530334472656 278.112670898438 277.973419189453 277.996459960938 278.326568603516 -3.4e+38 278.189636230469 278.9072265625 279.16357421875 279.234985351562
272.168365478516 272.629150390625 273.049133300781 273.378601074219 273.870452880859 274.159118652344 274.039337158203 273.869049072266 273.463928222656 273.86083984375 274.660949707031 274.954895019531 274.845794677734 275.514923095703 -3.4e+38 -3.4e+38 275.489990234375 275.373992919922 276.20458984375 276.426574707031 276.781311035156 276.686950683594 275.512939453125 274.932922363281 274.751251220703 274.914672851562 274.800842285156 275.00732421875 275.451110839844 276.245208740234 276.796997070312 277.398559570312 277.771667480469 277.973968505859 277.969299316406 278.467071533203 278.473968505859 278.410278320312 278.391845703125 278.849639892578 278.583770751953 278.104949951172 278.097259521484 278.538665771484 278.710845947266 278.179138183594 278.640533447266 279.009185791016 279.396331787109
272.479919433594 272.945098876953 273.273132324219 273.383850097656 273.653656005859 273.860870361328 274.138458251953 274.214660644531 273.632781982422 274.041900634766 274.967346191406 275.181671142578 275.089538574219 275.523834228516 -3.4e+38 -3.4e+38 -3.4e+38 275.625030517578 276.045837402344 276.696563720703 276.712432861328 276.427917480469 275.801605224609 275.432189941406 275.4521484375 275.514495849609 275.010681152344 274.6845703125 275.448394775391 276.336639404297 276.875671386719 277.320526123047 277.82177734375 278.1318359375 278.220886230469 278.265380859375 278.246429443359 278.413269042969 278.56298828125 278.694213867188 278.732086181641 278.335418701172 278.564575195312 278.940216064453 279.052703857422 278.420745849609 278.644073486328 279.058898925781 279.364715576172
272.545043945312 272.823638916016 273.188934326172 273.4482421875 273.525970458984 273.536437988281 274.054077148438 274.346038818359 273.914947509766 274.114349365234 275.101684570312 275.482208251953 275.522308349609 -3.4e+38 -3.4e+38 -3.4e+38 276.287384033203 275.92919921875 276.102508544922 276.470672607422 276.204803466797 275.990051269531 275.692840576172 275.821380615234 276.117553710938 275.927368164062 275.342071533203 275.170776367188 275.744171142578 276.518768310547 276.896911621094 277.176635742188 277.653930664062 278.237121582031 278.158538818359 278.122039794922 278.231719970703 278.465789794922 278.710418701172 278.649841308594 278.926788330078 278.593841552734 278.653533935547 -3.4e+38 279.371734619141 278.801879882812 278.903991699219 278.998229980469 278.941955566406
272.500213623047 272.84521484375 273.165740966797 273.587951660156 273.802734375 273.69775390625 274.257843017578 274.451782226562 274.228271484375 274.130035400391 274.818939208984 275.599487304688 275.559936523438 275.629638671875 275.775939941406 276.064208984375 276.467956542969 276.36669921875 276.376831054688 276.147369384766 275.725311279297 275.900970458984 275.637145996094 275.915435791016 276.295501708984 276.184204101562 275.826477050781 275.878387451172 275.927734375 276.544738769531 276.728637695312 276.919097900391 277.514434814453 278.424224853516 278.246551513672 278.293090820312 278.417053222656 278.486022949219 278.638031005859 278.641418457031 278.932067871094 278.702209472656 278.844909667969 -3.4e+38 -3.4e+38 -3.4e+38 279.25048828125 -3.4e+38 -3.4e+38
272.888366699219 273.181518554688 273.614318847656 273.890167236328 274.075622558594 274.020904541016 274.407440185547 274.701751708984 274.501129150391 274.405029296875 274.628387451172 275.210998535156 275.358062744141 275.692291259766 275.872772216797 276.079956054688 276.367523193359 276.566528320312 276.495727539062 276.210021972656 275.8662109375 276.293395996094 276.013427734375 276.036102294922 276.31201171875 276.262847900391 276.169555664062 276.041717529297 276.322418212891 276.498321533203 276.624725341797 276.906799316406 277.658264160156 278.158966064453 278.461975097656 278.690368652344 -3.4e+38 -3.4e+38 -3.4e+38 278.514984130859 -3.4e+38 278.501739501953 -3.4e+38 -3.4e+38 -3.4e+38 -3.4e+38 -3.4e+38 -3.4e+38 -3.4e+38
273.043365478516 273.296905517578 273.693176269531 273.997375488281 274.349609375 274.477661132812 274.809661865234 275.074829101562 274.84130859375 274.716003417969 274.571929931641 274.839477539062 275.009368896484 275.680725097656 275.910064697266 276.058807373047 276.181610107422 276.6171875 276.349548339844 276.195159912109 276.071258544922 276.689758300781 276.454345703125 276.237823486328 276.596008300781 276.462249755859 276.244445800781 276.126220703125 276.747894287109 276.475646972656 276.388641357422 276.754821777344 277.60595703125 278.022521972656 278.396484375 278.908782958984 -3.4e+38 -3.4e+38 -3.4e+38 278.708831787109 278.526336669922 278.252258300781 -3.4e+38 -3.4e+38 -3.4e+38 -3.4e+38 -3.4e+38 -3.4e+38 -3.4e+38
273.122772216797 272.640686035156 272.884979248047 273.171264648438 273.41650390625 273.821655273438 274.269714355469 274.859619140625 275.511596679688 275.465759277344 275.314208984375 274.638488769531 274.779449462891 275.394378662109 275.65673828125 276.088409423828 276.263061523438 276.183746337891 276.579223632812 276.817749023438 276.878570556641 277.053588867188 276.827362060547 276.777496337891 276.915313720703 277.312652587891 277.492065429688 277.380767822266 277.010986328125 276.280151367188 277.027099609375 277.597015380859 277.778656005859 278.095245361328 278.100280761719 278.235565185547 -3.4e+38 -3.4e+38 -3.4e+38 -3.4e+38 -3.4e+38 -3.4e+38 -3.4e+38 -3.4e+38 -3.4e+38 -3.4e+38 -3.4e+38 -3.4e+38 -3.4e+38
273.470428466797 273.031555175781 273.275573730469 273.375671386719 273.220092773438 273.477966308594 273.992828369141 274.592529296875 275.17626953125 275.373107910156 275.375335693359 274.824768066406 274.996917724609 275.459777832031 275.905853271484 276.030853271484 276.213806152344 276.247589111328 276.570709228516 276.638488769531 276.779083251953 277.044708251953 276.892761230469 276.72021484375 276.565399169922 277.132751464844 277.809661865234 277.682586669922 277.024444580078 276.826080322266 277.646728515625 277.942810058594 278.112396240234 277.975433349609 -3.4e+38 278.140014648438 -3.4e+38 -3.4e+38 -3.4e+38 -3.4e+38 -3.4e+38 -3.4e+38 -3.4e+38 -3.4e+38 -3.4e+38 -3.4e+38 -3.4e+38 -3.4e+38 -3.4e+38
273.407562255859 273.279022216797 273.646331787109 273.942474365234 273.469940185547 273.113555908203 273.469879150391 274.075714111328 274.859436035156 275.433349609375 275.475708007812 275.082580566406 275.317596435547 275.448974609375 276.015930175781 276.242309570312 276.253112792969 276.29150390625 276.359375 276.420989990234 276.570709228516 276.746124267578 276.885345458984 276.635437011719 276.531066894531 276.732696533203 277.560302734375 277.684539794922 277.294189453125 277.505615234375 277.87548828125 277.995971679688 278.278656005859 277.859130859375 277.785339355469 -3.4e+38 -3.4e+38 -3.4e+38 -3.4e+38 -3.4e+38 -3.4e+38 -3.4e+38 -3.4e+38 -3.4e+38 -3.4e+38 -3.4e+38 -3.4e+38 -3.4e+38 -3.4e+38
273.160095214844 273.429565429688 273.984283447266 274.194366455078 273.558288574219 273.457794189453 273.867004394531 274.120635986328 274.851013183594 275.529754638672 275.457336425781 275.454803466797 275.462707519531 275.367980957031 275.582275390625 275.955352783203 275.938751220703 276.135620117188 276.392547607422 276.402252197266 276.499755859375 276.605163574219 276.81591796875 276.628936767578 276.782562255859 276.54296875 277.281005859375 277.851867675781 278.132598876953 278.094848632812 277.718994140625 277.946319580078 -3.4e+38 -3.4e+38 -3.4e+38 -3.4e+38 -3.4e+38 -3.4e+38 -3.4e+38 -3.4e+38 -3.4e+38 -3.4e+38 -3.4e+38 -3.4e+38 -3.4e+38 -3.4e+38 -3.4e+38 -3.4e+38 -3.4e+38
273.353088378906 273.898986816406 274.310943603516 274.095184326172 273.571868896484 273.826782226562 274.38818359375 274.526641845703 275.034576416016 275.4921875 275.7138671875 275.684173583984 275.591644287109 275.404693603516 275.257720947266 275.841461181641 276.147399902344 276.355072021484 276.600189208984 276.523010253906 276.640319824219 276.817108154297 276.71142578125 276.668395996094 276.844024658203 276.684265136719 277.130950927734 277.665344238281 278.046600341797 277.841156005859 -3.4e+38 -3.4e+38 -3.4e+38 -3.4e+38 -3.4e+38 -3.4e+38 -3.4e+38 -3.4e+38 -3.4e+38 -3.4e+38 -3.4e+38 -3.4e+38 -3.4e+38 -3.4e+38 -3.4e+38 -3.4e+38 -3.4e+38 -3.4e+38 -3.4e+38
273.870422363281 274.059509277344 274.333068847656 274.411285400391 273.873138427734 273.807861328125 274.518402099609 274.862091064453 275.157745361328 275.367736816406 275.691864013672 275.77783203125 275.466888427734 275.470123291016 275.395751953125 275.997192382812 276.647888183594 276.712585449219 276.695037841797 276.725891113281 276.930999755859 276.973480224609 276.851440429688 276.767578125 276.874389648438 276.898315429688 277.352874755859 -3.4e+38 -3.4e+38 -3.4e+38 -3.4e+38 -3.4e+38 -3.4e+38 -3.4e+38 -3.4e+38 -3.4e+38 -3.4e+38 -3.4e+38 -3.4e+38 -3.4e+38 -3.4e+38 -3.4e+38 -3.4e+38 -3.4e+38 -3.4e+38 -3.4e+38 -3.4e+38 -3.4e+38 -3.4e+38
274.279235839844 274.296356201172 274.507873535156 274.719482421875 273.861206054688 273.764617919922 274.549621582031 275.044189453125 275.216339111328 275.279754638672 275.421875 275.547698974609 275.417602539062 275.651947021484 275.878387451172 275.978729248047 276.627746582031 276.695678710938 -3.4e+38 276.82763671875 277.007232666016 276.87890625 -3.4e+38 -3.4e+38 -3.4e+38 -3.4e+38 -3.4e+38 -3.4e+38 -3.4e+38 -3.4e+38 -3.4e+38 -3.4e+38 -3.4e+38 -3.4e+38 -3.4e+38 -3.4e+38 -3.4e+38 -3.4e+38 -3.4e+38 -3.4e+38 -3.4e+38 -3.4e+38 -3.4e+38 -3.4e+38 -3.4e+38 -3.4e+38 -3.4e+38 -3.4e+38 -3.4e+38
274.003540039062 274.222381591797 274.484649658203 274.658599853516 273.911956787109 273.483306884766 273.958312988281 274.662719726562 275.239715576172 275.348876953125 275.402069091797 -3.4e+38 275.489532470703 -3.4e+38 275.820251464844 275.882537841797 -3.4e+38 -3.4e+38 -3.4e+38 -3.4e+38 -3.4e+38 -3.4e+38 -3.4e+38 -3.4e+38 -3.4e+38 -3.4e+38 -3.4e+38 -3.4e+38 -3.4e+38 -3.4e+38 -3.4e+38 -3.4e+38 -3.4e+38 -3.4e+38 -3.4e+38 -3.4e+38 -3.4e+38 -3.4e+38 -3.4e+38 -3.4e+38 -3.4e+38 -3.4e+38 -3.4e+38 -3.4e+38 -3.4e+38 -3.4e+38 -3.4e+38 -3.4e+38 -3.4e+38
273.385101318359 273.953369140625 274.534332275391 274.624664306641 274.196868896484 273.8955078125 273.909637451172 274.438079833984 275.058715820312 275.361206054688 -3.4e+38 275.26025390625 -3.4e+38 -3.4e+38 275.7353515625 -3.4e+38 -3.4e+38 -3.4e+38 -3.4e+38 -3.4e+38 -3.4e+38 -3.4e+38 -3.4e+38 -3.4e+38 -3.4e+38 -3.4e+38 -3.4e+38 -3.4e+38 -3.4e+38 -3.4e+38 -3.4e+38 -3.4e+38 -3.4e+38 -3.4e+38 -3.4e+38 -3.4e+38 -3.4e+38 -3.4e+38 -3.4e+38 -3.4e+38 -3.4e+38 -3.4e+38 -3.4e+38 -3.4e+38 -3.4e+38 -3.4e+38 -3.4e+38 -3.4e+38 -3.4e+38
273.255187988281 274.002288818359 274.62744140625 274.666229248047 274.4716796875 274.490692138672 274.587188720703 -3.4e+38 275.197814941406 -3.4e+38 -3.4e+38 -3.4e+38 -3.4e+38 -3.4e+38 -3.4e+38 -3.4e+38 -3.4e+38 -3.4e+38 -3.4e+38 -3.4e+38 -3.4e+38 -3.4e+38 -3.4e+38 -3.4e+38 -3.4e+38 -3.4e+38 -3.4e+38 -3.4e+38 -3.4e+38 -3.4e+38 -3.4e+38 -3.4e+38 -3.4e+38 -3.4e+38 -3.4e+38 -3.4e+38 -3.4e+38 -3.4e+38 -3.4e+38 -3.4e+38 -3.4e+38 -3.4e+38 -3.4e+38 -3.4e+38 -3.4e+38 -3.4e+38 -3.4e+38 -3.4e+38 -3.4e+38
273.579315185547 273.975616455078 274.508392333984 274.779266357422 274.697143554688 274.523162841797 274.674926757812 275.124145507812 -3.4e+38 -3.4e+38 -3.4e+38 -3.4e+38 -3.4e+38 -3.4e+38 -3.4e+38 -3.4e+38 -3.4e+38 -3.4e+38 -3.4e+38 -3.4e+38 -3.4e+38 -3.4e+38 -3.4e+38 -3.4e+38 -3.4e+38 -3.4e+38 -3.4e+38 -3.4e+38 -3.4e+38 -3.4e+38 -3.4e+38 -3.4e+38 -3.4e+38 -3.4e+38 -3.4e+38 -3.4e+38 -3.4e+38 -3.4e+38 -3.4e+38 -3.4e+38 -3.4e+38 -3.4e+38 -3.4e+38 -3.4e+38 -3.4e+38 -3.4e+38 -3.4e+38 -3.4e+38 -3.4e+38
273.870178222656 273.896148681641 274.358642578125 274.712982177734 -3.4e+38 -3.4e+38 -3.4e+38 -3.4e+38 -3.4e+38 -3.4e+38 -3.4e+38 -3.4e+38 -3.4e+38 -3.4e+38 -3.4e+38 -3.4e+38 -3.4e+38 -3.4e+38 -3.4e+38 -3.4e+38 -3.4e+38 -3.4e+38 -3.4e+38 -3.4e+38 -3.4e+38 -3.4e+38 -3.4e+38 -3.4e+38 -3.4e+38 -3.4e+38 -3.4e+38 -3.4e+38 -3.4e+38 -3.4e+38 -3.4e+38 -3.4e+38 -3.4e+38 -3.4e+38 -3.4e+38 -3.4e+38 -3.4e+38 -3.4e+38 -3.4e+38 -3.4e+38 -3.4e+38 -3.4e+38 -3.4e+38 -3.4e+38 -3.4e+38
