rcp4.5models/CNRM_CM5/sc1gr9.26
NCOLS 261 
NROWS 433 
XLLCORNER 336357.134 
YLLCORNER 654653.479 
CELLSIZE 1000 
NODATA_value -3.4e+38 
[rows 132 to 153 of 433, columns 49 to 97 of 261]
49.119140625 49.0495452880859 49.657299041748 50.9106597900391 51.4390525817871 53.0360145568848 54.2699890136719 54.9582672119141 56.4130249023438 56.3467903137207 56.6499633789062 58.6579246520996 58.6079521179199 58.7978973388672 61.6560211181641 61.7547912597656 63.2422981262207 64.2534027099609 64.6958160400391 66.5704193115234 66.7630996704102 67.0703887939453 68.9813461303711 69.4596405029297 71.4712066650391 72.689582824707 74.5955963134766 74.0305252075195 74.905891418457 77.8192291259766 78.2696533203125 80.2542419433594 80.6812210083008 82.8235015869141 83.2353744506836 84.694450378418 85.8119201660156 87.8494033813477 88.3552322387695 90.7192230224609 92.4076995849609 95.6866912841797 97.3985595703125 99.5051422119141 100.191337585449 102.407539367676 103.74201965332 106.610313415527 108.789199829102
48.9860153198242 48.9980354309082 49.0576400756836 51.8515129089355 51.803150177002 52.3584289550781 54.105354309082 54.2602577209473 56.2372093200684 56.1722717285156 56.4806213378906 58.5375518798828 59.4395217895508 60.8301887512207 61.0309600830078 61.9077987670898 62.7980690002441 64.0493774414062 64.4971237182617 66.3641815185547 66.6183776855469 66.8617706298828 68.758659362793 69.3270797729492 72.0640029907227 72.9565048217773 74.8257522583008 74.5942993164062 75.0975189208984 77.6311492919922 78.0149154663086 79.984748840332 80.4238433837891 82.6111831665039 83.0488662719727 85.0549468994141 85.5373001098633 87.7958679199219 89.0038452148438 91.1736679077148 92.085075378418 94.6878433227539 97.190673828125 99.2730560302734 99.9098358154297 102.186462402344 103.852531433105 106.286689758301 108.377647399902
48.8526268005371 48.9979438781738 50.2989120483398 52.1241989135742 51.9941062927246 52.2114944458008 53.9422035217285 54.102367401123 56.0630073547363 55.9993934631348 56.3128852844238 58.3849601745605 59.7001800537109 61.6592140197754 61.2991561889648 61.6668853759766 62.0439682006836 63.8612213134766 64.300163269043 66.1531600952148 66.5367126464844 67.8640365600586 68.537727355957 69.1547927856445 72.2150573730469 72.7273635864258 74.6283569335938 74.7379455566406 75.0233001708984 77.3756103515625 77.7617111206055 79.734977722168 80.2876129150391 82.3307571411133 82.7701263427734 84.7804946899414 85.4923934936523 88.3442459106445 89.231330871582 91.2531661987305 91.7640151977539 94.4866561889648 96.7236022949219 97.8371047973633 99.5453643798828 101.808647155762 103.471839904785 105.892311096191 107.967948913574
48.7177200317383 48.8683090209961 50.1562118530273 50.9202079772949 51.8446884155273 52.0660133361816 53.7806549072266 53.9460563659668 55.8905601501465 55.8282928466797 56.1342887878418 58.0505065917969 59.4169960021973 60.2583694458008 61.472541809082 61.4771957397461 61.8584251403809 63.6680030822754 64.1199722290039 66.0873947143555 66.3931884765625 68.2460861206055 68.5471267700195 69.7138595581055 71.9847412109375 72.5000076293945 74.3865356445312 74.5132217407227 75.0059127807617 77.1218185424805 77.5101776123047 79.4789581298828 80.0931777954102 82.0520553588867 82.493049621582 84.499641418457 85.3358993530273 88.4372711181641 88.9263916015625 90.9331893920898 91.4654846191406 94.2239303588867 96.2551116943359 96.8073806762695 99.3074417114258 102.105812072754 103.093109130859 105.304527282715 106.580177307129
48.6350479125977 49.6955757141113 51.2132301330566 51.4223480224609 51.696907043457 51.9220962524414 53.6208229064941 53.7914543151855 55.7325172424316 55.8861045837402 56.8834686279297 58.7949905395508 59.1919898986816 59.5368003845215 61.2975921630859 61.4393615722656 61.6748886108398 63.4704856872559 63.934383392334 66.0337295532227 67.060302734375 68.9038619995117 69.218017578125 69.8799667358398 71.7564163208008 72.274543762207 74.163932800293 74.4167098999023 74.8376922607422 76.8698959350586 77.2789306640625 79.3447189331055 79.8310165405273 81.7752304077148 82.2372741699219 84.4480285644531 85.7592163085938 88.1332855224609 88.6438522338867 90.759521484375 91.2833786010742 93.8919525146484 95.9079971313477 96.4603042602539 99.0459365844727 102.276779174805 102.858451843262 104.911727905273 105.582450866699
48.5257949829102 49.8480606079102 50.2873725891113 51.680004119873 51.5508766174316 51.7798690795898 53.4628448486328 53.8009796142578 55.6382675170898 56.7594833374023 58.3457870483398 59.0415534973145 59.1270904541016 60.5812492370605 61.1176795959473 61.3209991455078 61.5084381103516 63.4219703674316 64.9324264526367 65.8722839355469 67.2917709350586 69.2486190795898 69.3808288574219 69.6843948364258 71.6672744750977 72.0684585571289 74.0704193115234 74.2477951049805 74.6026229858398 76.638542175293 77.1716690063477 79.1520919799805 79.5707855224609 81.6300811767578 82.7507247924805 83.8693313598633 85.8688812255859 87.8519134521484 88.4789276123047 90.5263671875 91.0390777587891 93.5621337890625 95.5631484985352 96.2635116577148 99.4959945678711 101.98868560791 102.570465087891 104.594924926758 105.192779541016
49.4892082214355 49.5567779541016 49.533763885498 51.4055595397949 51.433708190918 51.5189628601074 53.3847579956055 53.6683654785156 56.5310897827148 56.8027305603027 58.1604957580566 58.7139625549316 58.9418449401855 59.5589599609375 60.7527198791504 61.0134391784668 61.7886428833008 63.986026763916 65.4223251342773 66.6430969238281 67.0447006225586 68.8918075561523 68.9822158813477 69.4815368652344 71.3074417114258 71.7735214233398 73.6709213256836 73.7792205810547 74.157600402832 76.3558654785156 76.8610610961914 79.4873886108398 80.1066970825195 82.4673538208008 82.6319961547852 83.0868377685547 85.3337020874023 87.4619903564453 87.954475402832 89.9235610961914 90.5598220825195 93.2626953125 95.9865036010742 96.9394149780273 98.9198532104492 99.4893798828125 101.501159667969 102.204940795898 104.338600158691
49.363410949707 49.4420700073242 49.5835914611816 51.2708396911621 51.3597145080566 51.3832702636719 53.3168869018555 54.3782424926758 56.5295219421387 56.6986694335938 58.5771751403809 58.5442962646484 58.7215270996094 58.8625602722168 60.5741882324219 60.7948532104492 61.2618103027344 64.2046203613281 64.6838607788086 66.4533233642578 66.9180603027344 68.7006301879883 69.0596313476562 70.4163665771484 71.0975341796875 71.6257247924805 73.4404983520508 73.8323364257812 76.041748046875 77.1192092895508 78.5445861816406 79.820686340332 80.3132629394531 82.1990966796875 82.3627471923828 82.8396682739258 85.1786575317383 87.1674194335938 87.6822814941406 89.7507247924805 90.335578918457 93.0165252685547 96.049919128418 96.6250991821289 98.7101058959961 99.2791061401367 101.266815185547 101.92440032959 103.904258728027
49.2399673461914 49.3098449707031 -3.4e+38 49.8838844299316 51.2217979431152 51.3208656311035 54.0513191223145 54.5871963500977 56.4374542236328 56.4309616088867 57.2207679748535 58.3774871826172 58.555248260498 58.7004089355469 60.3984870910645 60.7151718139648 61.9533271789551 64.0356063842773 65.6657791137695 66.4002990722656 66.7260437011719 68.5037002563477 68.8492050170898 69.6581344604492 71.0175399780273 71.4118957519531 73.3366546630859 74.6289978027344 76.9011001586914 77.5655822753906 79.4231643676758 79.6371231079102 80.0617904663086 81.9333724975586 -3.4e+38 83.8110809326172 84.7819366455078 85.7800750732422 87.2088928222656 88.4245529174805 89.8299865722656 93.3748016357422 95.7385787963867 96.4242553710938 98.4469146728516 99.0161056518555 100.975105285645 101.560256958008 103.52555847168
49.1190490722656 49.1827354431152 -3.4e+38 49.2757034301758 51.0863723754883 51.2215347290039 54.2468910217285 54.4460601806641 56.281623840332 56.2278861999512 56.4384078979492 57.042350769043 58.3919410705566 58.431583404541 59.3076934814453 61.3802223205566 62.1483688354492 63.8610496520996 64.8919448852539 66.2757568359375 66.5366973876953 68.3009948730469 68.5725021362305 68.9012222290039 70.9762344360352 72.0507736206055 73.9186859130859 74.6935577392578 75.5761489868164 77.409782409668 79.2428970336914 79.3867416381836 79.8336944580078 81.8180694580078 82.0943450927734 83.1331024169922 84.3976287841797 84.9000015258789 86.9296112060547 87.5016021728516 89.4086761474609 93.2726593017578 94.4666061401367 95.9517135620117 97.030876159668 98.4518661499023 99.5486221313477 101.199584960938 103.175315856934
49.1769714355469 49.0770874023438 49.0862426757812 49.1593818664551 50.9536323547363 50.9883499145508 52.9038238525391 54.4686164855957 56.1289710998535 56.0766639709473 56.2362594604492 56.3834114074707 58.2317504882812 58.2234077453613 58.7386436462402 61.5724105834961 61.9823265075684 63.681713104248 64.1737289428711 66.0862045288086 66.2211685180664 67.1240921020508 68.3723754882812 68.7042846679688 70.8203887939453 72.2938232421875 74.2105102539062 74.3852233886719 74.7833251953125 77.1769409179688 78.9960708618164 79.1599807739258 79.726676940918 81.639404296875 81.7997817993164 82.2589111328125 84.3373184204102 85.8407440185547 86.7128219604492 87.2148895263672 89.2585067749023 92.9681930541992 93.5792465209961 95.4938659667969 96.0511322021484 97.9987182617188 98.6897354125977 100.75944519043 101.882568359375
49.1274681091309 48.9664535522461 49.0352210998535 49.1207695007324 51.7614974975586 51.8256874084473 52.2883796691895 54.1226806640625 54.8127670288086 55.9288024902344 56.0888328552246 56.2405891418457 58.1643943786621 58.955924987793 59.3819313049316 61.4061393737793 61.837028503418 63.6507225036621 64.0010833740234 65.8996200561523 65.972038269043 66.458122253418 68.2990036010742 69.5010452270508 71.358772277832 71.9362335205078 72.9661178588867 74.1649475097656 74.5655288696289 76.9468612670898 78.7730865478516 79.0550079345703 79.5531768798828 81.3823013305664 81.5416259765625 82.0238189697266 84.121208190918 85.3025207519531 87.2391815185547 87.7622375488281 89.8490219116211 92.7273178100586 93.2673873901367 95.1678466796875 95.7493515014648 97.7913436889648 98.4364242553711 100.352920532227 100.941444396973
49.0297584533691 49.1015281677246 49.9726066589355 51.2626113891602 52.0072555541992 52.103515625 52.1662406921387 53.8716773986816 54.1861419677734 55.7845001220703 55.9448585510254 56.1913032531738 58.8700180053711 59.3508148193359 59.6083717346191 61.3908882141113 61.6858787536621 63.5452003479004 63.8314056396484 65.7161026000977 66.0438461303711 68.2335510253906 68.9192047119141 69.8056640625 71.5494537353516 71.7820739746094 72.1956939697266 73.9680786132812 74.482048034668 76.5647811889648 77.5992431640625 78.8829727172852 79.3129272460938 81.1501083374023 81.4339828491211 81.9070892333984 83.9391632080078 85.2037887573242 87.5697402954102 88.0855560302734 90.0205154418945 92.4426345825195 -3.4e+38 94.9883270263672 95.5600204467773 97.5268402099609 98.0999755859375 100.002555847168 100.361961364746
50.0372886657715 49.9601287841797 50.4452018737793 52.0302238464355 52.0515060424805 52.1123275756836 53.3767890930176 53.9004058837891 54.0757637023926 55.8006134033203 55.9128608703613 57.0520782470703 59.0819702148438 59.2682495117188 59.4703941345215 61.298583984375 61.5297355651855 63.3752593994141 63.8070793151855 65.6593856811523 66.7367706298828 67.9211044311523 69.1008987426758 69.6166076660156 71.3574142456055 71.6480026245117 71.9949569702148 73.7649078369141 74.3388977050781 76.2552185058594 76.8610229492188 78.6444549560547 79.0976867675781 81.037727355957 81.2644882202148 81.8520355224609 84.457878112793 85.4680023193359 87.5759811401367 88.9266357421875 89.7527618408203 92.2718505859375 92.8832778930664 94.7559127807617 95.3130874633789 97.1945495605469 97.5433349609375 98.6251449584961 99.8965072631836
50.3517646789551 50.2994041442871 51.5979804992676 51.9183921813965 52.0153503417969 52.216064453125 53.8107452392578 54.8871726989746 56.1551666259766 56.6473655700684 56.7842712402344 57.3377418518066 58.9356727600098 59.1402320861816 59.4765205383301 61.1609268188477 61.5228805541992 63.2086753845215 63.8163070678711 66.3026580810547 66.921516418457 67.2266006469727 69.0501327514648 69.4305725097656 71.1584167480469 71.4483184814453 -3.4e+38 73.6862487792969 73.9558792114258 76.1614456176758 76.6392364501953 78.5534973144531 79.8261871337891 81.6808319091797 82.0254592895508 83.4354934692383 84.7236175537109 85.2773971557617 87.2179641723633 88.2374038696289 89.5998687744141 92.0418701171875 92.5823440551758 94.441291809082 95.0235214233398 97.0086517333984 97.2167358398438 97.7936630249023 99.8285980224609
50.2660484313965 50.4171409606934 51.9673614501953 51.990535736084 52.2796974182129 54.2559509277344 54.7687911987305 56.4979209899902 56.9572296142578 56.9088554382324 57.2187614440918 58.4880867004395 58.9446296691895 59.0062828063965 59.4046630859375 61.017219543457 61.2956619262695 61.9813461303711 64.4678573608398 66.495849609375 66.7471313476562 67.0649948120117 68.9335021972656 69.1050415039062 70.036506652832 71.2517700195312 71.634880065918 73.5474853515625 73.8521270751953 76.1321563720703 77.2707214355469 79.2319564819336 80.1187438964844 81.9152679443359 82.49609375 84.2991790771484 84.5355606079102 85.0197525024414 86.8532791137695 87.4929275512695 89.3866348266602 91.7692108154297 92.4287109375 94.2737426757812 94.8460235595703 96.7720184326172 96.9791030883789 97.6997528076172 100.290962219238
50.3492546081543 50.4903221130371 52.9611511230469 52.877124786377 53.1568222045898 54.9852752685547 55.1091041564941 56.9328193664551 57.0043907165527 57.0879096984863 58.4178276062012 58.9162788391113 58.8731155395508 58.8677024841309 59.2687377929688 60.8684463500977 61.1831817626953 62.2023468017578 64.5414733886719 65.4010162353516 66.5760269165039 66.8966674804688 68.7517013549805 68.8507461547852 69.3813705444336 71.0799255371094 71.5766143798828 73.3429641723633 73.8749618530273 76.8939437866211 78.6830368041992 79.4566879272461 79.9136734008789 81.8125381469727 82.3388061523438 84.1156463623047 84.3044052124023 84.9119186401367 86.7216110229492 87.2967147827148 89.1062774658203 91.6100006103516 92.2219314575195 94.0539855957031 94.7524719238281 97.2398834228516 97.4434051513672 98.1347427368164 100.49739074707
51.3879928588867 52.6236686706543 53.303524017334 53.4302291870117 54.5477981567383 55.0373992919922 55.1315422058105 57.0718574523926 58.0068168640137 59.2509498596191 59.6287803649902 58.7816200256348 58.7575569152832 58.9855117797852 60.0356025695801 61.7462959289551 61.8757400512695 62.6140594482422 64.3201522827148 64.7939376831055 66.4292449951172 66.8695449829102 68.5945587158203 68.8079299926758 69.2045364379883 70.9014587402344 71.5774383544922 74.001106262207 74.585075378418 77.3031539916992 79.0954208374023 79.2539978027344 79.8283462524414 81.6447677612305 82.1019973754883 83.8893051147461 84.1901321411133 84.7457275390625 86.528450012207 87.033447265625 88.8544769287109 91.3919219970703 91.9329223632812 93.9185791015625 95.3281173706055 97.5512924194336 97.7551498413086 98.348258972168 100.25658416748
53.0243453979492 53.3009719848633 53.3542518615723 53.3878288269043 55.1543273925781 56.036506652832 56.5137481689453 58.4353370666504 60.9604911804199 59.9286460876465 59.8820266723633 59.9877395629883 60.0293045043945 60.365795135498 61.9544830322266 61.9596328735352 62.3330116271973 63.9723091125488 64.4845809936523 66.2149658203125 66.3225860595703 66.7676773071289 69.3145370483398 69.5680618286133 70.8984222412109 71.6615447998047 72.5351943969727 74.2613372802734 74.6656112670898 76.6731414794922 77.1234817504883 79.0229873657227 79.4835815429688 81.3426132202148 81.8711929321289 83.6325073242188 84.1186065673828 85.4186248779297 86.2436904907227 86.7494354248047 88.6586685180664 90.8550643920898 92.4462814331055 93.0637435913086 94.858039855957 95.4201278686523 97.2234191894531 97.8276214599609 99.7537307739258
54.4069557189941 53.3817520141602 53.3778877258301 54.4066505432129 56.0887489318848 56.3587608337402 56.5888061523438 58.5422248840332 61.2460327148438 59.827880859375 59.9229011535645 59.9325866699219 60.0626449584961 61.3645477294922 61.8414878845215 61.9812812805176 62.2900695800781 63.9811210632324 65.3537521362305 66.9848556518555 67.04248046875 67.5444641113281 69.5969314575195 70.0662612915039 71.7510681152344 -3.4e+38 -3.4e+38 74.0933990478516 74.6187591552734 76.4934158325195 77.0491256713867 78.8320999145508 79.5413131713867 82.0016021728516 82.4828796386719 84.3418884277344 84.8897399902344 86.626579284668 86.7945556640625 87.32373046875 89.2817535400391 91.4542617797852 92.2392349243164 92.7855911254883 94.5938262939453 95.2724685668945 97.0629577636719 97.6571502685547 99.5283203125
54.8249168395996 54.4755363464355 54.3324165344238 54.7666511535645 56.4127388000488 56.5725975036621 57.6703033447266 59.3058204650879 61.25244140625 60.7674102783203 60.6538619995117 59.8349685668945 60.2733764648438 62.5061111450195 61.9810371398926 62.8125610351562 63.185962677002 64.7960357666016 65.6995468139648 67.2745590209961 67.461669921875 67.8274612426758 69.4439392089844 69.9952087402344 71.7325592041016 71.8234786987305 -3.4e+38 -3.4e+38 74.5021057128906 76.4351196289062 76.9445571899414 78.8936080932617 80.1609115600586 82.260986328125 82.859016418457 84.6396789550781 85.1200332641602 86.8715896606445 87.1617660522461 87.6826858520508 89.4973449707031 91.8042449951172 92.1093063354492 92.6555099487305 94.4408187866211 95.0750427246094 96.8536376953125 97.1996841430664 98.2507400512695
54.804931640625 55.1511993408203 56.0732688903809 56.0755958557129 57.4080467224121 57.5171394348145 58.9383430480957 59.7047004699707 61.2163429260254 61.2661056518555 61.0124549865723 60.7662239074707 61.0722312927246 62.9996643066406 62.7381324768066 63.2591972351074 64.5618896484375 65.0815505981445 66.5995407104492 67.2759094238281 67.380012512207 67.7019195556641 69.4192352294922 69.8480834960938 71.641716003418 71.7434921264648 72.2355499267578 73.8658447265625 74.3436660766602 76.440803527832 77.5851440429688 79.5170135498047 80.3603439331055 82.1802978515625 82.7105712890625 84.4335861206055 85.0370788574219 86.7648849487305 87.0030364990234 87.5095901489258 89.2669448852539 91.6700439453125 91.9272308349609 92.4740753173828 94.2309646606445 94.7937927246094 96.5602798461914 96.7590942382812 97.3416976928711
