rcp4.5models/CNRM_CM5/sc1gr10.FIL
NCOLS 261 
NROWS 433 
XLLCORNER 336357.134 
YLLCORNER 654653.479 
CELLSIZE 1000 
NODATA_value -9999 
[rows 330 to 351 of 433, columns 150 to 199 of 261]
618.995611767799 639.958763656805 648.530570609565 611.052438446869 611.011190693582 609.697872868289 603.034385435047 584.965560659758 589.552691930974 592.646946732022 595.801567499367 598.7617221491 604.148626723266 615.516247666833 625.472211796024 618.891249670699 621.226655145679 621.824132802483 627.17977828675 641.171773691463 639.819478607786 641.611564342144 648.159013671058 651.592884141938 652.882712604819 669.897609066513 690.979593036094 658.935680133004 658.652814042244 656.729007911073 650.614241883399 646.297752662505 640.800483005184 643.436499759995 642.762119889411 643.547832092313 640.108198138691 637.267268909039 634.490576983256 632.295215069745 630.392338299622 630.565775999519 640.747768971433 645.130303830967 645.833725514536 638.496045915259 629.990143399903 631.782500484096 632.951771442216 634.534350744865
624.592182453767 629.585582255709 634.427264682091 605.975163599689 601.491083199639 599.052786832104 596.790822596093 593.070580748248 615.095713610185 585.850524379438 585.459058336632 589.858169557342 594.0921612652 597.949280892719 603.594033527108 606.726727968622 609.184642352014 613.690699458846 617.985386859729 637.804370635815 635.798253613673 632.210548683311 631.71316158481 641.987752994705 643.581409220673 648.131033441688 648.868589862391 651.200195702084 651.033353015599 644.815097487407 632.732999684596 634.252392999036 633.140798345133 637.453676537835 638.415088141741 636.899768506136 632.457975340544 629.163418662149 624.222457013967 619.981367842965 619.446809290628 620.047165684301 638.102647519363 642.835522828574 636.32337370803 629.461790188508 622.388755679755 623.940271330155 625.142045233855 627.946365568489
624.599064039933 605.409932970897 598.631309873398 595.290998285952 593.616200071509 606.270994108028 602.425545761611 582.72658945118 627.820334179204 588.251444415851 576.511235868757 580.95921506806 584.958179875277 590.767896196477 603.588956402667 618.874361212957 614.255796828056 609.022911272426 609.600309039112 625.83715794779 634.270398741775 630.376955981877 621.085621770669 624.507801503897 628.868679142537 637.510376140481 639.74954547278 643.207670163377 643.410743529524 634.497079245516 617.069488388495 616.565977669028 620.591202941218 625.053811845027 630.613116850962 628.638719065306 622.651591775526 618.349142342806 615.145820732 610.049096127913 610.315375669551 610.568721450419 627.599895962905 628.864282618263 621.397392182174 620.772427594849 615.591674636465 616.498842627454 619.293337237774 622.601293563602
639.097319954906 603.754809336838 588.122447371867 573.155750284994 570.491464109229 595.414512959561 601.250926656311 560.113696001012 592.484126081056 588.740536171047 568.284052623665 574.031087861216 587.750347497656 614.069689384152 630.119450025456 643.480182931195 654.253937581032 623.589045980955 601.090615468715 613.957908756153 626.125126920975 629.202943420407 621.523901064273 612.052740525968 613.04200723317 621.706492056659 622.790944688776 629.728042547326 629.811520222788 625.98460368053 607.890560434213 601.680576514483 611.995477707245 612.473846010328 622.304399257639 616.745488919281 606.834090739407 605.268070406622 604.655952808423 602.071542832837 603.192887544245 603.634183584369 617.527820036506 612.551735390355 612.391783765337 613.364877674472 608.967333007001 609.768997572724 612.634137301999 615.156147759955
653.117990001548 614.499614950852 577.974662577515 560.687531254831 552.918758621235 561.954635599693 575.794938818165 560.63254981771 565.414658636693 568.6483992595 560.295315581926 572.053237269625 604.42479499114 646.294289849341 670.955426835616 675.399750416842 675.611147005488 621.519255379864 591.912051717296 610.470505327655 614.000036480592 624.440659580198 617.157896532473 603.09608677928 594.901468594373 603.860779413609 606.494829760982 610.486856991838 607.93204164119 607.043356528226 599.01101854354 591.824394660691 601.10441418193 605.340410364913 615.514884440038 604.66029501365 592.778392388808 594.496401375759 594.272302647163 593.662971476888 595.180483102264 596.523787104035 615.235524277645 605.510428181633 604.868441263385 603.971335081204 601.751136154828 603.119520010786 606.093161068063 607.678568469048
643.280850995985 609.681808059479 568.621235454774 549.555621403968 542.774835685328 540.929593389114 545.843590286163 551.313815105905 572.047993011405 591.774407816861 593.835273895167 605.597060751555 636.541430340361 673.762925234001 682.098047192971 671.958207101812 669.05237722678 618.123669374578 593.776815503236 635.31604337056 602.245929627045 616.729759638735 608.264140487489 596.014600723367 586.208992312137 585.735151801518 588.166003432638 591.780280250316 589.504239348436 587.39589477813 589.191855969119 583.672208788774 586.931501991057 600.687615301294 605.577492803772 591.664120686205 585.028177644565 586.689829849824 586.623030151263 585.937414715276 587.656340166788 588.875317560201 611.001353936027 599.387714855081 707.507033682863 909.232331986947 595.119121650537 597.486916301092 600.264960451484 602.16067859326
588.102996297505 618.836477405133 594.248823375394 548.181772237125 551.474300933125 558.952265717607 558.883512624305 540.794346614977 591.149060861215 658.146008901753 661.116953649442 661.101254594668 653.49821801514 650.028922971887 627.907776211204 612.003360677056 628.434412276508 658.388463497813 662.756990773517 602.012692676908 606.295621242428 601.571074205648 587.977608999043 573.041513076215 564.228426094054 564.246861779009 562.453094983963 568.756419007199 570.738243480998 572.310076362919 565.652104067249 696.236555498555 887.470718315692 566.639624094923 566.426914331208 567.587117664886 568.720928004174 571.797663934423 574.856785427469 693.63180781917 1010.77498785719 884.137665968597 718.201896488042 1007.11764830364 879.604794429782 581.048182633129 584.555050467694 588.804095172335 588.405478831277 591.216794055875
572.548618676653 599.739330633788 611.637882554487 602.932713719341 600.940629300902 591.11419533149 577.758836551047 553.747401447846 595.240505925151 639.798552063197 646.338576983527 652.359985894176 641.245504348473 637.608629429802 655.206450668426 629.466000765814 627.707898078753 640.085027499087 644.507261006737 578.483980173944 598.216325285697 597.714468494591 582.033561641653 564.161745469076 554.915710014743 559.843123163886 554.331296756261 562.087411577051 565.910960665907 565.521445082717 559.74283041742 557.898355148501 557.085217333984 689.069521884098 889.54213325845 560.557088985864 561.404600056388 563.833063456019 566.716775623032 681.855286922564 876.08414279842 569.041693223426 697.019786590913 878.53391999657 573.83543822588 574.50258306645 577.481299897696 583.552026502007 586.299519682983 584.756636203838
541.020002004627 551.00543929595 561.569168104183 596.897473616988 630.653939658356 615.511798436735 609.481769422689 595.205211768997 596.505810511825 635.858873879338 634.562846237499 634.023654774863 583.473851493607 591.771355653597 651.224328308151 651.616194435119 632.669252697632 601.393532286328 600.804312687203 581.862544126766 586.450194751516 591.735838216242 575.851678608082 555.57213115244 547.642655402298 555.597337918786 547.924587835592 561.334853143054 565.905111651035 556.772486798226 552.029027320493 549.251351020268 549.500151582147 678.41520222892 872.799909998992 552.870987051208 553.890156679865 555.392968607013 557.089926533373 558.521842932124 559.498417182043 561.578351847901 573.99796809223 575.050743724232 567.83962651346 567.787467075218 569.612182791826 574.487514969484 580.24420245805 577.480952520912
520.861737324652 521.061388185297 528.226915071639 550.295328140899 577.227666539767 565.931172589055 580.562292205829 609.461887039792 577.706699172431 620.235502338595 624.825663725338 590.727765573575 554.586053243922 573.351808313273 589.687362129234 601.266814803688 594.718178595605 554.236289466145 560.331603509446 588.734588721794 578.855845108334 583.268201274269 563.394867995811 544.746381569914 535.438674118794 541.462978252371 540.323667977877 554.534881745589 555.48774267935 543.821695200746 541.02913282106 541.336298547738 541.606618653339 543.287037333618 544.522605180474 545.518688299844 547.31621455374 548.469836363416 671.4109374844 875.345837589846 553.750265422244 555.577205489851 566.653128179326 568.799925776826 561.623140394967 561.912948641117 563.842541478221 567.085426472786 570.353318115283 571.087471830855
547.287287931321 554.014474725326 561.263697389411 562.625428174124 550.703634752739 541.793686974896 550.904412780933 575.273799480443 548.017304283885 566.802550207019 580.141662432477 568.965398565418 570.399909459028 573.235924096094 551.411187722113 555.747608871351 567.121328571115 555.588046334777 554.497296527966 572.602608908542 574.86543071473 573.379302815724 552.392443748055 531.295563074496 523.952767608744 674.261453028717 1022.2417833667 1028.48746420171 878.84777505641 531.715382246162 536.539132639685 533.817749979837 666.965822390339 867.146110972221 537.243057729335 665.750483332757 868.632950746092 542.231637218278 661.110710746057 857.399904068379 547.416069282319 549.050035668583 558.853896044833 556.649977211282 555.001692088184 555.954095205203 557.828628092667 560.678949584542 563.919224873994 565.089289804362
571.51929896227 578.759226607794 580.09364627463 579.417772179693 575.772421098702 573.083875622221 570.743719924568 568.406704430187 550.975303409369 557.01726961755 564.024902986619 575.068788500809 579.216608899968 576.72545147328 569.958029699407 569.96028733113 572.334625470865 565.016596626003 565.298714421985 563.004867881349 573.773347625544 563.482859241044 547.915131644209 524.015147635005 666.606130823868 1156.41750916466 1497.21672995129 1358.43675523603 866.46557892275 523.424180974008 529.714680664436 527.380935049757 656.883453016493 852.272430976669 659.104277741409 1111.95619142032 1305.48986358286 862.847676872633 537.936416240724 538.915898205409 540.308061267341 542.67724060909 549.765567217356 550.139724441693 548.090220664901 549.694402969852 552.156988251724 555.063607946816 557.084059512158 660.563976567174
576.55497998894 577.070832678146 576.799288658175 575.953103172514 573.536536127932 572.122090461574 569.788515968256 570.451021698993 564.323502617553 571.984074778713 571.052555276382 569.89908866058 570.013135037804 569.333686692517 572.464206134384 573.981083128598 574.539474481794 572.561807913203 572.330162314267 572.045970841935 569.110797243567 550.523229067589 541.850597269313 519.254367866081 807.70808510785 1489.48518558166 1340.7961424333 1010.97695771878 874.787780279607 516.052476402242 519.718525578646 521.10050292057 520.781713875066 521.967875094254 648.969369549953 1095.99217042759 1295.12189974363 847.231479826081 531.248424974346 532.469408986751 533.995425790979 536.500368188918 550.070949137382 547.661690682108 542.193672465991 544.385971747499 546.752593208164 549.720724350069 551.635101278184 650.078589196107
573.677988798357 573.467401479293 572.060240195443 569.745245294376 566.198214203845 562.623129235519 556.052570909471 554.557187271215 561.671506413996 559.516693943183 553.640212235534 553.737645988996 557.656047958754 559.81362754819 567.669222255964 569.039427531341 567.274026690121 569.401985725353 571.971010762279 571.869486645505 558.078882969865 538.828265771936 528.303038823592 510.397300687509 801.250864991155 1483.0578583425 1332.80523112427 996.156829474064 855.953189220153 509.194371882091 851.39328092615 648.011861967748 848.460804178153 515.2499510837 517.040744193824 641.700211175414 964.238797883577 851.001575665109 524.899549344408 526.120181712549 528.350694438485 530.393394185171 545.552653882573 546.055830991496 536.945398843469 539.187608866741 541.393070092442 544.331962520381 548.536869510391 552.072355955144
570.804936526616 569.180799912998 562.232644657028 553.307338988411 749.964177821236 916.256211022754 540.710439654593 719.614489022855 542.574458477239 545.154643446612 539.477713879232 539.050351612841 545.00310235171 554.283218502848 559.961340497926 556.694745693896 552.271847663261 556.968626663061 561.202226899581 553.899420835321 542.92126177511 530.228962485612 666.190396288337 998.747052454719 991.646470947138 983.590502122539 981.019432293167 837.262531497572 643.496397182035 842.063490097314 838.785663792905 639.239050955622 836.635384034555 509.434718423957 511.144688290185 638.742773763583 963.013976275078 835.377943627351 518.919353117017 520.65193040086 522.617352302649 524.16238277891 533.252304291802 536.460309318223 532.759614997957 533.828150729552 535.9237005466 538.195560530421 543.257161323768 546.864603537961
926.179255088983 559.868940544042 738.658945672379 882.862169902079 728.527596975774 1086.6742741598 883.482264886104 891.628248789106 538.796063460083 548.013570369882 543.960168224752 535.688164342086 540.160868744794 547.579472364684 550.548025060224 549.511686798649 543.16097000138 541.280254161398 545.333093122846 538.043572212051 529.255869436236 521.914652783945 659.414436383878 1144.43123525646 1332.92163242395 980.89718476774 832.102922821889 497.323062712388 647.319348632046 831.031809731736 499.331166070285 501.923703798909 502.95473601555 503.747174406158 505.175943279848 754.041243096511 1154.00523720435 511.275495256166 513.009816095317 514.343967677338 516.365938144562 518.273521291781 527.559033247616 530.358942212655 528.20302655069 528.881157910876 531.179428207 532.182972586553 535.618159143923 539.44021053603
1453.49045221311 1098.12380163933 1280.26935678387 1227.59765663884 712.572350455573 1247.31099108502 1215.5049882274 716.320422124689 549.773706850833 554.973680483997 550.922106230488 543.640974404043 544.616241480604 549.052766295217 550.335177562691 553.055610086116 546.872889215258 534.576605208629 532.506591745773 531.313014767094 524.157102999769 511.506077252647 502.74102927422 797.579637395461 1472.4209372649 1459.04722242909 1163.85987408746 499.842233986803 517.05661154058 493.758545818046 826.819078140179 494.858114107104 626.59811600238 828.518305979765 498.855094746378 622.167331611968 820.939391369695 504.92623823973 506.781411767569 508.2129000718 510.207438109615 512.810762475234 524.189244401275 536.035605654696 632.20229367036 840.588914597483 526.718133400151 528.606411615453 529.305306557981 632.567075400131
1293.74703840811 1643.1325261573 1608.13014347321 1411.0143489742 1234.74655512627 1576.40241988845 1202.95408390933 716.595201384893 722.737703377728 908.795477464298 551.914501226598 549.541695371803 717.704028466329 900.908078291475 549.188513706102 552.444673403423 549.740447033513 539.820900641993 528.43297369049 520.349839505356 512.445854067053 502.975927411134 652.328898946789 1138.13609336904 1457.6006728348 1448.66261310075 1300.49291325004 836.183215210709 522.32081830915 501.811370881627 816.092876710786 488.62114117064 618.644996901343 945.398397335897 823.103412303617 494.615057022274 496.669209124732 498.650939394598 500.841796842312 503.047647273696 504.924753097932 507.274683112599 517.267581143957 529.510027847191 622.620906825253 822.96067042331 523.764417648165 528.514954227644 526.66702829125 621.037147876021
745.706592161231 1099.75481250839 1091.7904724597 1254.07732189798 1558.4871973874 1349.14943191549 1025.22627731769 856.372457662521 507.43185210297 873.027741016356 1235.03579234512 514.655903738138 685.803244719218 867.337219713961 518.871083214754 525.622910851572 531.070739456333 526.191592537482 509.994031096651 497.790703356555 485.919195364504 781.618424676589 1465.57370086037 1454.35493604195 1294.17972025705 803.421922108316 466.921576645457 610.125994105473 809.582208010589 611.249764027582 475.486054003122 478.013092369757 481.879557265788 611.238302201207 810.082920908322 604.595440526046 922.338128254572 804.258573750137 490.238224753941 492.526834311123 494.487454042516 496.992436272745 502.537046116352 508.152755477803 620.655195395337 938.29069544388 832.955224439301 516.300953677988 517.238425844166 618.04232828082
1273.16272715385 1237.37642521666 903.599136956045 1571.87127297969 1531.71429838532 1338.33639400426 832.421009261716 682.240876477844 692.092718196743 1049.83874161704 1047.49372270339 866.838758113161 850.802323166141 1209.04045015974 495.553179522414 503.37011759468 509.085474774707 508.524731393952 497.712278203209 484.495513622219 476.250270084092 775.522084103129 1451.36114428743 1444.84183594664 1143.53327606876 460.540211229675 603.591111896568 938.349388926216 938.200036587036 935.386307624885 469.3589684268 472.655452901228 476.073648850461 729.923134161437 1251.85349939288 803.940727415656 480.710636164869 483.018334198821 485.008012295209 487.398010152759 489.504845142811 491.876575468482 497.269241401389 502.234320030022 610.408824787414 915.292951903588 814.219787236235 511.478465047496 512.264540941738 607.670721183331
1562.87177417017 1369.52073844341 1199.31253453227 1511.02124259374 1497.33744819652 1516.62950890602 1170.07636879093 856.289993505869 690.667155840281 871.237026209501 866.735519702969 1399.88824778722 1199.33698340349 1184.1260175412 633.912704946376 819.780536707073 494.141676787676 493.824651040741 648.312567746942 475.669437049506 479.02601355089 624.846363949463 948.75672741551 1092.35870484461 1133.54419914626 597.953703117362 1073.59243241885 1264.09183423547 931.380592976297 927.387700742084 463.857489342163 597.379786367307 927.622810556913 924.331709676217 916.854988355076 792.932388819883 475.447803993297 477.793066654921 479.818358098102 482.309228894223 484.566798029762 486.809404438573 491.68854635469 494.947069797571 499.664343464101 501.278148314595 608.023310297661 824.030762155184 507.994643025142 510.038399376203
1517.54664891035 1505.80251369063 1498.7004328329 1489.71889421647 1496.62901284745 1517.39826936949 1329.56015922603 1176.12121107553 873.788742453595 516.819065620868 695.604670772396 1040.85424050997 1194.96410237331 1183.79966332751 799.118104994225 1316.13670252402 814.765136463036 649.474132255072 986.057410428855 816.68542232986 485.710320395809 625.921655287656 941.338329409896 937.617864502123 787.627033585521 734.787215048492 1399.32459199299 1395.74492053925 1120.34118138112 590.655789168645 -9999 590.026191471361 915.625826621631 915.424228920732 -9999 468.818201789875 470.228340224821 472.673870319177 590.969581708078 795.360475537432 479.694412997804 481.777738949515 486.801600108001 489.991834342554 600.445872155072 917.426799771868 913.95164919169 805.527456771445 504.338051056168 507.041515878802
