rcp4.5models/CNRM_CM5/sc1gr5.23
NCOLS 261 
NROWS 433 
XLLCORNER 336357.134 
YLLCORNER 654653.479 
CELLSIZE 1000 
NODATA_value -3.4e+38 
[rows 374 to 395 of 433, columns 98 to 146 of 261]
259.54541015625 259.784820556641 259.985778808594 262.795440673828 260.7587890625 257.051452636719 248.380035400391 241.666641235352 243.301254272461 250.292388916016 254.5986328125 256.042297363281 257.248565673828 253.118469238281 240.830459594727 238.19677734375 235.628982543945 231.503967285156 225.103393554688 221.568862915039 220.297729492188 217.697891235352 218.85920715332 222.766403198242 228.251754760742 232.555740356445 236.920135498047 237.497283935547 236.949417114258 238.577041625977 241.934997558594 245.441955566406 250.420074462891 251.423324584961 253.068328857422 260.080688476562 268.353759765625 269.717956542969 263.205078125 263.725921630859 272.360687255859 276.548889160156 276.894195556641 277.362640380859 277.425140380859 -3.4e+38 -3.4e+38 -3.4e+38 -3.4e+38
258.102935791016 259.826751708984 258.285614013672 258.458190917969 262.557464599609 262.615203857422 254.721481323242 247.402252197266 246.658096313477 247.787048339844 249.790969848633 254.119598388672 257.648468017578 254.573211669922 238.928787231445 229.410202026367 224.783264160156 218.124298095703 212.389404296875 211.491790771484 212.085388183594 210.786209106445 211.423873901367 216.690856933594 224.328750610352 232.280731201172 245.230560302734 246.507461547852 247.04508972168 246.289642333984 243.999206542969 243.330383300781 246.492477416992 248.863647460938 252.006561279297 254.994445800781 257.705627441406 273.894134521484 271.813598632812 269.891937255859 274.073150634766 276.498077392578 276.878143310547 277.09423828125 277.123596191406 277.382751464844 277.779541015625 -3.4e+38 -3.4e+38
255.425399780273 254.80451965332 255.144119262695 255.546279907227 259.5693359375 262.954772949219 261.462554931641 258.95849609375 255.751724243164 253.184585571289 253.090225219727 255.907928466797 257.652038574219 256.880157470703 246.937774658203 235.804733276367 228.679504394531 221.422134399414 218.143371582031 218.563232421875 216.533828735352 215.018920898438 215.19172668457 219.092193603516 227.480834960938 235.394012451172 246.205322265625 249.497283935547 251.378921508789 250.062606811523 250.984130859375 254.001892089844 251.590438842773 247.512847900391 251.66438293457 257.917572021484 258.486877441406 272.347351074219 276.058929443359 276.603454589844 276.565277099609 276.331634521484 276.711395263672 277.142761230469 277.240203857422 -3.4e+38 -3.4e+38 -3.4e+38 -3.4e+38
252.441421508789 250.386444091797 249.417892456055 255.490295410156 257.060852050781 259.217102050781 260.054138183594 257.236755371094 255.045333862305 253.184707641602 250.557205200195 254.55029296875 257.763092041016 257.180847167969 254.036392211914 249.37516784668 243.470596313477 238.2939453125 233.998931884766 231.034301757812 227.001998901367 224.181838989258 222.313232421875 224.837814331055 233.358139038086 240.579696655273 250.706924438477 253.024383544922 256.133361816406 254.643371582031 252.675918579102 257.1376953125 259.550994873047 256.23779296875 256.864501953125 262.579132080078 263.235626220703 269.454528808594 275.177825927734 277.00439453125 276.965728759766 276.431304931641 276.493438720703 277.355651855469 277.609680175781 277.516418457031 277.946441650391 278.386810302734 278.2861328125
253.835098266602 250.795639038086 248.137710571289 247.773468017578 251.338821411133 253.745788574219 255.357360839844 251.833969116211 248.723693847656 245.285797119141 241.726577758789 243.624923706055 247.420135498047 250.57112121582 252.050201416016 250.024398803711 244.62956237793 240.221450805664 236.389373779297 232.528411865234 228.2158203125 224.028564453125 220.780303955078 222.340225219727 229.088119506836 237.335357666016 252.477630615234 254.310623168945 258.271789550781 260.818664550781 257.5576171875 257.808410644531 261.272125244141 263.996429443359 265.553527832031 268.165405273438 268.067901611328 263.103210449219 271.117095947266 276.015258789062 277.068206787109 276.965057373047 277.027313232422 277.622955322266 277.99267578125 277.770111083984 277.749359130859 278.200805664062 278.63134765625
251.595230102539 251.712631225586 250.709533691406 243.648956298828 245.097793579102 248.627365112305 249.880554199219 248.782028198242 245.179244995117 240.434112548828 237.192092895508 232.257690429688 231.343063354492 234.584289550781 237.958755493164 238.743041992188 233.0361328125 227.844177246094 226.409683227539 225.215072631836 223.12174987793 220.957931518555 219.895568847656 220.358016967773 222.889801025391 229.172927856445 242.755584716797 243.313766479492 250.918106079102 258.815399169922 262.625701904297 262.660186767578 262.3583984375 264.046051025391 267.712738037109 271.91796875 272.422882080078 262.211029052734 267.049743652344 274.481048583984 276.888366699219 277.267608642578 277.679626464844 277.976593017578 278.089904785156 278.140045166016 277.935089111328 278.210662841797 278.60595703125
252.579574584961 252.006011962891 251.137176513672 247.318145751953 246.201858520508 246.667755126953 246.84700012207 246.098388671875 242.637329101562 238.778991699219 236.349731445312 232.294509887695 229.526275634766 227.426208496094 227.343475341797 228.909896850586 224.552047729492 220.410354614258 220.305557250977 221.004455566406 221.710678100586 221.642242431641 220.969985961914 220.379287719727 220.802810668945 223.413803100586 230.723937988281 234.204879760742 245.439575195312 254.4619140625 260.270874023438 262.918914794922 263.824737548828 264.299133300781 265.525329589844 270.041870117188 273.286712646484 270.331024169922 269.593383789062 272.810821533203 276.059417724609 276.821807861328 277.549987792969 277.732574462891 277.743194580078 278.148529052734 278.694091796875 279.021545410156 278.668334960938
259.917297363281 253.080108642578 249.10221862793 249.720611572266 248.788101196289 248.034683227539 247.615875244141 246.95686340332 246.861404418945 245.414733886719 241.887756347656 237.064117431641 233.937103271484 231.537185668945 233.43408203125 232.357437133789 228.409744262695 224.082427978516 221.375915527344 221.703979492188 223.320831298828 222.796646118164 221.933624267578 220.284317016602 218.254486083984 219.188262939453 220.079025268555 227.820205688477 240.225936889648 246.73258972168 251.589904785156 257.649475097656 261.349609375 263.703033447266 264.073181152344 266.074279785156 268.270385742188 271.680267333984 270.213928222656 265.986968994141 269.552154541016 275.892944335938 276.952728271484 276.981842041016 277.144165039062 277.748229980469 278.796051025391 279.203033447266 279.069641113281
266.218383789062 262.042419433594 256.735931396484 252.676803588867 253.531753540039 249.423477172852 247.411666870117 248.940719604492 252.145233154297 249.904357910156 245.048095703125 240.593383789062 237.015289306641 236.091217041016 242.839004516602 241.467514038086 237.126525878906 233.143463134766 227.523910522461 227.066680908203 231.757568359375 230.785186767578 228.925811767578 227.533157348633 224.276458740234 222.247787475586 216.631546020508 221.50422668457 229.881042480469 235.126617431641 242.25016784668 251.297866821289 258.588012695312 263.622497558594 264.154937744141 264.276214599609 264.158966064453 265.586273193359 265.858734130859 262.252014160156 265.09375 274.549102783203 276.056427001953 276.483581542969 276.730163574219 277.199279785156 278.196105957031 278.669250488281 279.173400878906
275.190856933594 269.433197021484 260.886260986328 258.819274902344 260.023895263672 263.059051513672 261.541351318359 261.596893310547 261.458618164062 255.627014160156 254.803512573242 255.427429199219 254.833740234375 256.192626953125 254.417709350586 256.347534179688 254.680206298828 252.782409667969 251.649627685547 249.991104125977 249.621978759766 249.079284667969 247.939025878906 248.718673706055 248.142227172852 244.333541870117 236.42951965332 236.33625793457 239.216079711914 245.035247802734 255.490570068359 263.999359130859 265.43505859375 264.615051269531 264.017242431641 265.250946044922 266.542877197266 269.345855712891 268.967437744141 267.023803710938 269.059814453125 273.106140136719 274.113739013672 275.008209228516 276.051849365234 276.446319580078 276.826080322266 277.339874267578 278.617279052734
275.675079345703 272.759368896484 263.876342773438 251.741897583008 250.443054199219 253.40559387207 256.675476074219 259.893249511719 262.623687744141 260.585052490234 261.072357177734 261.272827148438 259.593963623047 257.900573730469 256.003662109375 255.075897216797 253.267028808594 253.995895385742 255.912948608398 255.413925170898 254.781982421875 253.878433227539 252.574798583984 251.367767333984 249.828536987305 246.054107666016 237.856582641602 238.939025878906 241.472900390625 247.319061279297 257.990631103516 264.235076904297 265.764373779297 265.640869140625 265.019775390625 267.147705078125 270.131713867188 272.053833007812 272.692260742188 271.32421875 270.068206787109 272.816772460938 272.734222412109 273.405120849609 275.670196533203 276.042877197266 276.540557861328 276.900421142578 278.176727294922
275.087799072266 274.769073486328 268.733123779297 255.604080200195 253.123229980469 251.088958740234 253.631622314453 257.720367431641 261.711364746094 263.554077148438 263.125671386719 259.624481201172 255.551742553711 253.621063232422 255.881042480469 256.901184082031 256.125671386719 255.813766479492 256.443267822266 256.814422607422 255.538070678711 253.964462280273 250.110595703125 246.369903564453 247.2578125 245.514114379883 245.695709228516 244.344772338867 243.120025634766 247.086151123047 255.815948486328 262.473297119141 266.979125976562 268.769714355469 268.505645751953 268.541076660156 271.565460205078 273.731048583984 273.348571777344 273.095855712891 273.566070556641 273.546478271484 272.282318115234 273.403015136719 275.404479980469 276.215362548828 276.642272949219 276.857330322266 278.057037353516
269.107788085938 273.621551513672 272.020599365234 263.927734375 260.084136962891 254.585479736328 252.86018371582 253.375701904297 257.752746582031 261.908111572266 261.589324951172 259.529327392578 256.569610595703 256.012817382812 256.832550048828 256.787506103516 257.546905517578 256.575836181641 254.074905395508 251.288787841797 247.514709472656 247.604537963867 247.966369628906 247.555648803711 251.040603637695 252.329681396484 256.212921142578 255.015426635742 253.791412353516 254.413131713867 255.564010620117 257.589782714844 260.6005859375 263.832885742188 269.090484619141 269.494293212891 271.080474853516 274.625183105469 274.197357177734 273.850646972656 274.306365966797 274.433502197266 274.062286376953 274.216766357422 274.491973876953 276.085174560547 276.648956298828 276.987091064453 278.044555664062
260.413818359375 266.923858642578 273.61083984375 270.605621337891 266.344909667969 258.936645507812 251.639129638672 247.521286010742 249.555938720703 255.603164672852 258.962371826172 259.292846679688 259.208557128906 259.361602783203 253.218475341797 253.418441772461 257.513732910156 258.464935302734 254.174621582031 249.622161865234 247.411407470703 250.253555297852 255.484939575195 258.067596435547 258.853271484375 259.062255859375 258.127044677734 259.003234863281 259.731475830078 259.037506103516 256.986663818359 255.790786743164 255.581466674805 257.810943603516 265.378570556641 270.251220703125 271.338348388672 274.206756591797 274.575897216797 274.837463378906 274.872161865234 275.232208251953 275.462371826172 275.117431640625 274.618743896484 275.854766845703 276.566345214844 277.152740478516 277.720275878906
260.388000488281 263.614105224609 271.206420898438 273.718688964844 271.822631835938 264.788635253906 251.380493164062 243.461822509766 244.245910644531 249.926300048828 255.755645751953 257.555755615234 258.862335205078 257.185211181641 254.274795532227 261.110382080078 264.479797363281 263.047393798828 257.361053466797 253.812866210938 255.437530517578 260.060943603516 262.028198242188 262.196807861328 261.16943359375 260.126800537109 259.624969482422 259.896850585938 258.766937255859 257.495727539062 257.305633544922 255.39567565918 255.102005004883 258.566864013672 263.352386474609 269.218597412109 271.725311279297 274.277069091797 274.474151611328 274.635009765625 274.869415283203 275.321899414062 275.697601318359 275.827117919922 275.666778564453 276.173980712891 276.700592041016 277.199249267578 277.802062988281
267.436187744141 267.189270019531 268.686828613281 269.502807617188 265.947662353516 262.507690429688 256.285034179688 247.6298828125 244.430206298828 248.052124023438 253.294204711914 256.983612060547 259.503479003906 256.597869873047 261.997650146484 270.819549560547 270.265258789062 265.697631835938 260.610534667969 258.734100341797 259.958740234375 262.181518554688 262.727142333984 262.283416748047 261.044525146484 260.348907470703 260.209716796875 260.006256103516 258.750915527344 257.652709960938 257.018127441406 254.774276733398 255.251205444336 260.656005859375 265.692321777344 269.949584960938 272.147430419922 271.293060302734 272.965026855469 273.766967773438 273.407318115234 274.414764404297 275.790466308594 275.765899658203 276.004943847656 276.632934570312 277.039520263672 277.335632324219 278.197998046875
271.010589599609 270.743591308594 269.262115478516 263.675170898438 261.214996337891 261.454376220703 261.073516845703 254.889923095703 251.129867553711 252.517288208008 254.001602172852 256.410552978516 258.952331542969 255.729263305664 265.870849609375 271.957061767578 269.011566162109 264.638214111328 262.13037109375 261.935394287109 261.970581054688 262.291839599609 263.278198242188 261.280944824219 259.648956298828 260.667602539062 258.709228515625 256.065093994141 254.756942749023 255.159576416016 257.052429199219 257.621215820312 257.552337646484 263.292175292969 268.435119628906 270.377746582031 270.766418457031 265.482269287109 269.247711181641 273.163299560547 273.136871337891 273.403411865234 274.343444824219 275.456970214844 276.029876708984 276.835235595703 277.379760742188 277.640441894531 278.174407958984
272.088562011719 272.605041503906 271.278106689453 262.804656982422 261.865051269531 266.628051757812 267.724914550781 262.992828369141 257.0673828125 255.683456420898 256.518280029297 257.244232177734 256.179229736328 252.764938354492 268.207397460938 272.438171386719 270.150573730469 266.756103515625 264.333068847656 263.028625488281 263.130767822266 264.321228027344 263.670989990234 260.181365966797 258.968811035156 260.406372070312 259.451080322266 258.581909179688 257.999481201172 257.329406738281 260.244293212891 263.636474609375 263.496520996094 266.59423828125 268.61572265625 268.944396972656 269.143096923828 266.240203857422 269.436279296875 272.703979492188 273.772125244141 273.829772949219 273.982727050781 275.359008789062 275.868835449219 276.710632324219 277.293273925781 277.237518310547 277.8828125
272.592987060547 273.543243408203 272.496307373047 267.045867919922 264.705322265625 268.400085449219 272.014831542969 270.990142822266 264.114196777344 258.612365722656 256.437255859375 254.044006347656 251.079132080078 252.815841674805 268.625701904297 273.208679199219 273.002105712891 271.513580322266 268.058166503906 265.210571289062 265.229461669922 265.830810546875 263.509155273438 260.110687255859 259.496124267578 260.222625732422 259.820434570312 263.083984375 263.569641113281 265.101379394531 268.954528808594 271.301544189453 271.203308105469 269.261535644531 268.268218994141 269.138977050781 270.460571289062 270.484985351562 271.813354492188 272.911773681641 274.075469970703 274.496734619141 274.893402099609 275.319122314453 275.626678466797 276.448883056641 276.750366210938 276.606262207031 277.491973876953
272.946960449219 273.704711914062 274.380981445312 271.316314697266 270.294219970703 270.535766601562 270.139923095703 271.468231201172 271.760986328125 267.098754882812 261.975982666016 253.571914672852 251.526794433594 259.864074707031 270.140533447266 273.421997070312 273.288391113281 272.523712158203 269.707580566406 266.460113525391 265.973541259766 266.206481933594 263.587005615234 260.9111328125 260.58544921875 260.222625732422 253.954391479492 257.990997314453 260.541229248047 267.003753662109 272.364807128906 273.757019042969 273.248962402344 271.016632080078 270.112335205078 271.012145996094 272.518524169922 271.820037841797 272.532745361328 273.658477783203 274.203186035156 274.675354003906 274.881774902344 274.711242675781 275.067779541016 276.062164306641 276.252716064453 276.486022949219 277.343017578125
274.827362060547 273.895843505859 274.367492675781 271.839630126953 271.532501220703 272.304718017578 271.698669433594 271.767974853516 272.961547851562 272.817626953125 271.703399658203 265.149291992188 263.339782714844 269.201354980469 272.599700927734 272.644958496094 272.820709228516 271.339630126953 268.100799560547 266.648529052734 267.066864013672 266.113372802734 263.471069335938 261.622131347656 261.854888916016 261.736602783203 253.112533569336 259.256927490234 265.693481445312 270.795013427734 272.710021972656 273.930145263672 274.092163085938 273.317626953125 272.848693847656 272.865875244141 273.194458007812 272.207611083984 272.574279785156 273.339447021484 273.643859863281 274.125152587891 274.424102783203 274.281890869141 274.902557373047 275.548217773438 276.098907470703 276.887237548828 277.50830078125
273.934967041016 274.867553710938 273.210662841797 267.429351806641 266.966552734375 270.119201660156 272.347381591797 272.19677734375 273.680908203125 274.405090332031 274.161529541016 273.767517089844 271.803955078125 267.104461669922 262.202301025391 265.296569824219 265.167144775391 263.60400390625 264.086303710938 267.159484863281 269.020751953125 267.505065917969 266.375183105469 264.914581298828 261.798767089844 253.478973388672 261.154632568359 270.092742919922 273.443603515625 273.762390136719 273.896911621094 274.067413330078 273.652069091797 273.463226318359 273.700256347656 274.237701416016 273.403350830078 272.825469970703 273 273.221496582031 272.390533447266 272.212005615234 273.577178955078 274.428314208984 274.918670654297 275.495819091797 275.988616943359 276.379211425781 276.924438476562
