rcp4.5models/CNRM_CM5/sc1gr0.2
NCOLS 261 
NROWS 433 
XLLCORNER 336357.134 
YLLCORNER 654653.479 
CELLSIZE 1000 
NODATA_value -9999 
[rows 352 to 373 of 433, columns 150 to 199 of 261]
76.0188462640194 75.6822717856779 75.5769249985438 75.5811669916792 75.8000683983432 75.979785752758 75.8423145373601 76.4606443292014 78.9495942853257 80.5603699667039 81.367081013049 79.6067865329515 77.5970306483664 77.4526291407734 78.3679186287053 78.3273458529509 77.3972066328703 77.1369653248628 76.5172093192705 77.4023630409849 78.6526807713533 78.1391247401646 76.2447256989279 75.2046090991009 74.9007458800031 74.7913074854781 74.6191481644823 74.5050922858466 74.403161557708 74.2817543360742 73.9934121682622 73.8963764962596 73.9826753812721 74.0183607069219 73.730467710978 73.5428054758039 73.351032094221 73.1031212405317 72.9013325406795 72.6430253410172 72.633546439605 72.7203168113134 72.5022283531072 72.6628379819808 72.6694131219583 72.6490679231112 72.5415868022487 72.4649762070389 72.4280363682579 72.450974750694
75.6197105185752 75.3106463737697 75.2648895681644 75.4059455213308 75.458787795075 75.4521144126717 75.6197973104343 75.9330391335557 76.9081278280685 77.9817597337289 78.752401114097 77.599976220316 76.1136664153148 76.192854772911 77.8027856934599 79.7009684993155 78.1516663070753 75.4558792521121 75.1023358561537 76.3365974370631 76.7514406409821 76.7641655555188 75.8290965999989 74.8882204790016 74.6259499185639 74.5704605569143 74.4442478889532 74.2885719498989 74.1691920331953 74.0048302370484 73.7414754504611 73.7333305061887 73.7608103108561 73.6818829013013 73.5178778792334 73.3759693420422 73.0859205892128 72.8981434363965 72.7180371082078 72.5226173346283 72.4698111586918 72.4668419326781 72.3683953862745 72.3866661850175 72.4377534765823 72.4428543963538 72.3574187894744 72.2946323479936 72.1099718302327 72.1393692043536
75.1723870090717 75.0226204786253 74.9769005006001 75.0736747040135 75.1339857697604 75.2747509987473 75.3719650279995 75.4596788345818 75.5315003221469 75.7966247580925 75.9617921171577 75.7825352383887 75.6583888584454 75.535317637269 75.9821700247468 77.2599280701706 76.7903455817446 75.3502472242314 74.6576880474207 74.8604799718119 74.9428932081608 74.8551734556049 74.5530178564728 74.4559490469302 74.3511696997734 74.3248281056554 74.1985696444765 74.0060864252555 73.7741236699643 73.6234026543904 73.5078780469091 73.5294828535019 73.5104337632473 73.3348951718034 73.2427874182725 73.152962503989 72.9132665729111 72.6834875605488 72.4842842166748 72.3616211193416 72.4105835905401 72.3023520320053 72.1110516328896 72.1515446073262 72.3148420689149 72.1770235150061 72.0465805843229 72.0872199459122 71.983160776352 71.8868945484099
75.035764124437 74.8895195978291 74.85265984214 74.8838136439031 74.9709992393472 75.068215176941 75.1132345825193 75.1834495009981 75.256907848097 75.636597902506 76.1042920899131 76.3277905187675 76.4418938128233 75.0244868038496 74.9287055271087 74.80110936804 75.2602557983238 75.5993190741176 74.5369972549935 74.8746869249361 74.9808815061498 74.6151266185754 74.178859480743 74.1686565921189 74.0513013314121 73.9709022796508 73.8480084027247 73.7899198815962 73.5043409092321 73.3187514314125 73.3215993390647 73.3778613567854 73.5052212084213 73.0892135031321 72.984815333563 72.8881659318338 72.7192873181475 72.4869632600568 72.1842908751108 72.0536966038833 72.1513384536423 72.0136103328328 71.8345458473457 71.9161417057524 72.1956916693155 72.2178487372076 71.8141273868315 71.9057704616154 71.8799645706541 71.8187437963273
74.8763413967325 74.7949189419157 74.7464019162396 74.8192680963933 74.8600781302014 74.822373471165 74.8529153412064 74.9678135619778 75.1069629643479 75.5468046639247 76.5398220439897 76.6252647726346 76.0623366855104 74.958588243331 74.8772755395313 74.6814422212659 74.8019827092495 74.8715267393169 74.9423564898652 75.3290042947891 74.8042435288321 74.6108153770059 74.2544506446335 73.8524691182 73.7389292430452 73.6127576436802 73.5437684348063 73.5687846888196 73.3054756707953 73.0433915146755 73.1056601065448 73.1434855741911 73.3115229020576 72.9155113038885 72.7931842069999 72.7036872956514 72.4742783015236 72.2300429924692 71.9095653509511 71.7757494847482 71.7926806636665 71.7288982383198 71.6630750004203 71.7856122233055 71.9246956176308 72.047072277729 71.7767464463339 71.8478580458312 71.7607057982877 71.6872654177783
74.5957075632146 74.6437920610026 74.5866495202229 74.739744985326 74.780361101129 74.7280756602043 74.7461471762197 74.8741430802407 74.7235540165222 75.0358189049388 75.7159138992068 75.4785246295758 74.7682352955758 74.9777768802872 74.85426489271 74.564485235162 74.2164182963376 74.0469304848921 74.8919247992315 75.5891254959537 74.3809253014183 74.227609177767 74.2814691368562 73.8839292407527 73.4516826611134 73.3380045910251 73.3104558992048 73.3403821663843 73.0303622155062 72.8581559902496 72.7583771932922 72.7734845251697 72.8377332783007 72.6878409174219 72.4928002868207 72.4188404086675 72.3004159808833 72.0602198657796 71.841788814443 71.7063557661417 71.6090804945652 71.5149528440988 71.573272722283 71.6102796006374 71.545543714949 71.6469961073544 71.7602909375608 71.7373753275052 71.552903526858 71.4519340735543
74.2964995130702 74.5026839451791 74.587498537205 74.6903047268816 74.7701330099246 74.6764364291486 74.6675094475578 74.723445415645 74.2976976043723 74.3962832651412 74.4523251945999 74.3840719570297 74.3847521579371 74.5804459724084 74.5252587561329 74.3193160409568 73.9301131357329 73.6891765714431 74.0600115643129 75.1577248919843 74.1005627292088 73.6845110362574 73.8418690124976 73.9622751018852 73.1479290912693 73.0799070191558 73.0108072122519 73.0359905713838 72.8576234309115 72.7540469764141 72.4054828393634 72.5700160545943 72.6227746887964 72.4193850337135 72.1419774330894 72.0753060957725 72.1609013534575 72.0260291997194 71.8968893334229 71.6128745712103 71.3511027922835 71.248639902965 71.4405413263348 71.3760313477728 71.4372142467022 71.4943794827418 71.7336164727567 71.5762949499636 71.2568026848126 71.1223870136728
74.0923242393849 74.3136397075502 74.3956836207863 74.4447273463098 74.5391855836258 74.4722774800564 74.4344773303377 74.4075092612878 74.1066765955477 74.206633507806 74.3029568760867 74.1104719479106 74.1104805915061 74.2230555397682 74.1401683178697 74.0042337625315 73.6973153189763 73.5686220566266 73.542430934224 74.056688361628 73.430043736524 73.2842300699498 73.4072818583094 73.4850744515158 72.8522313436845 72.7549289536011 72.8038271786273 72.6970835503332 72.6347206121311 72.3954321345475 72.1952458356095 72.4606434974844 72.4502555786788 72.1104317814461 72.0590546913823 71.8938626743655 72.0624791372549 71.9658155960487 71.7741185775165 71.5151063999761 71.2842379974564 71.0981408823133 71.2258927472898 71.2450434802883 71.261362626439 71.2678076536686 71.4520451780708 71.3188434773674 70.967899311204 70.8464236388568
73.6502984156767 73.6334560445855 73.6183242759039 73.8281402782092 73.9523029591527 73.9543964099334 73.9145259074113 73.9341724877816 73.5733706115959 73.5488039936404 73.7317643742615 73.8710280927776 73.8294852506556 73.789769024058 73.5662129346748 -9999 73.3167119873358 73.1515008067183 -9999 72.7824333802663 72.7818611788709 72.778068077338 72.7298770995862 72.5253913771844 72.4571198503307 72.3884944136019 72.4376938656763 72.269864048536 72.1206053999107 71.9693040208686 71.9899048496979 72.1242053635707 72.1539267469631 71.8561674600169 71.4992714118748 71.4629190475409 71.5925017739372 71.5461754275551 71.3804429875562 71.2622241610025 70.9885223549413 70.7182951357046 70.8597987102122 70.7725806301072 70.8845637949046 -9999 70.9479908640809 71.2333085417971 71.0181729617126 70.6086151054557
73.3818370106131 73.5013285502205 73.4800783307469 73.5832618267049 73.6630097035162 73.5696222158947 73.51756189779 73.5928200448204 73.3992784220672 73.483238470964 73.4699100237112 73.3892277456106 73.473009698141 73.5155361512466 73.4039100709696 73.2678282743266 73.0686665818187 73.0992559809028 72.8909936958436 72.5117758232397 72.4406110998358 72.3818380028541 72.3512510806145 72.2706119412262 72.0995598325766 72.0971665842302 72.2095915367815 72.0558514094386 72.0472435170206 71.8071758932816 71.7676838855587 71.9266727601322 71.8433457872762 71.5316290879099 71.3297719587406 71.2933988142374 71.2027385155314 71.2613281503097 71.1953938075151 71.0590977380549 70.8991844793136 70.6093105630967 70.6436988979226 70.5169078275232 70.5863043708377 70.5734025097495 70.5974484573451 70.8550486507509 70.7826546182432 70.4894051695553
73.1742537434514 73.2745922239779 73.2847138182081 73.224687574057 73.2804704444188 73.211277805937 73.1484967943976 73.2481049187397 73.0715412627838 73.1707061937623 73.1708482991367 73.0467863390807 73.1581152470701 73.3396010832309 73.2840053108513 73.1884062652485 73.0586346434296 73.0625849490737 72.7887040550967 72.2526773794109 72.1658351093439 72.1105813677322 72.0362436672609 71.9467487646369 71.7370352582893 71.8016965657327 71.8221350677142 71.7272387036828 71.7306803234739 71.5799516971618 71.5880523398753 71.5743363153608 71.4543099007893 71.2600811875346 71.163263303959 71.0058048770385 70.881865451134 70.8595301072634 70.868291518378 70.8558190176858 70.7480572647232 -9999 70.3044822044321 70.3760257936287 70.3629601615849 70.286469674638 70.2606455968317 70.3423897927946 70.2466498571326 70.1657764506012
72.9554651816591 72.9990975098648 72.9865900189978 72.9347876623835 72.9541859371334 72.9658727371461 72.8889505184153 72.9323074935062 72.7008357752751 72.7568616048048 72.7308505865512 72.7875606197029 72.9819494869371 73.0671310144968 73.0394810907575 73.0918292781081 73.1785957913033 72.9179783279123 72.5678956396317 72.1609677726596 72.0197600877298 71.8941605831963 71.7515217689114 71.575553542279 71.4043687114176 71.5071306467392 71.4467327335679 71.4153452936132 71.3961800332749 71.3225010564812 71.4920962816214 71.3170717424428 71.2133622949704 71.0937221312091 70.8987135777171 70.8135594991449 70.6864825304425 70.5509011564191 70.5194919982126 70.5780052220321 70.5240911234928 -9999 -9999 70.275930669457 70.1999076604098 70.1045867230623 69.9946616400476 70.033306573108 69.9922824225078 69.8773918039955
72.7707083419872 72.8297375920424 72.6723490974448 72.677541044257 72.7062875709281 72.652518848985 72.602067565134 72.6023474039474 -9999 -9999 72.5962255718302 72.7084084289265 72.8076866043644 72.7381049810429 72.7803478251014 72.9272570917435 73.3327874698512 73.039241002019 72.3622084756628 72.1753881699251 72.0964608001386 71.8179306549765 71.5902297595516 71.3884054027866 71.1333072408786 71.1903320092652 71.1838301888835 71.1994250353133 71.1265871212452 71.0296057496904 71.1802275530204 71.1664515181272 71.08116902397 70.9084961699389 70.6984321163227 70.7343784205935 70.5962965954072 70.4301704899028 70.3339206266843 70.2404811203211 70.2994925721744 70.2028132865952 -9999 70.1134879902888 69.9320477239445 69.8993448615431 69.7811533189578 69.7980943752852 69.7877713752585 69.6161235109555
72.578825381701 72.6753371033698 72.5869373053345 72.4472493980588 72.4880195670721 72.4501355266855 72.3942251029899 72.2323606276785 72.1130966426128 72.3087715995448 72.4910191078819 72.5755560240704 72.4662573160462 72.2849300436775 72.4944126778326 72.5335363026385 72.9456372831565 73.0904696439949 72.2456605498166 72.0307991598526 71.9217192419533 71.67339899349 71.3607661293215 71.1644119435898 71.0294331589008 71.0156237052228 70.9556577427567 70.9245348256594 70.8809173071112 70.8315355755281 70.9164576900237 70.9973691629824 70.9561098158846 70.7200903921152 70.6158554762811 70.5190288460997 70.3836613868114 70.309436284315 70.1909617474415 70.0037966405273 69.9915131063773 69.9564009377955 69.7967137076083 69.7618123607245 69.6347384075302 69.6002926204739 69.5864334364411 69.6157929033905 69.5614673489255 69.4346287025061
72.3601494212671 72.4303813334078 72.3431486570795 72.1875816011557 72.2311366078612 72.2480924982823 72.1478611718999 71.9323261530273 72.0769113147293 72.2170712009305 72.1761813420411 72.068434681015 72.0272543340468 71.8990356035781 72.1926700487453 72.1521996058263 72.2540955508165 72.5727001602456 72.1694653173719 71.6630552298825 71.4794973485377 71.3125287812188 71.1034073003782 70.9400241195675 70.9382468914187 70.8828348541945 70.7564437778522 70.6614884534224 70.6651038808811 70.5746186330977 70.6343990028191 70.7771011463387 70.6547799458998 70.5994536597024 70.4385679575541 70.2012413852069 70.1186436712419 70.0941360343084 69.9671743220669 69.7986005545035 69.6625368977067 69.6701124774215 69.5821069241233 69.5392636109625 69.4631274613546 69.3872351073521 69.3503257428847 69.4212282220688 69.3999626081308 69.2819026778406
72.0253607688882 72.1667702565562 72.0022969484329 71.9009112206178 71.9150524054501 71.8633023942695 71.7944630158306 71.7449534597973 71.8047298052104 71.8749711661497 71.8337059522873 71.7092347181554 71.6557132707784 71.7378921424704 71.8804190663865 71.7945406549439 71.8918919838373 -9999 72.0211287772629 71.4971353782459 71.3487657132515 71.0918222565017 70.9652288148511 70.8730069110488 70.8883587624997 70.803720590743 70.6530492385755 70.4869549054769 70.4252315549237 70.233523581199 70.3470974482709 70.4667162187248 70.3185031573725 70.3538990743744 70.1817736607474 69.9587724145235 69.9648163423269 69.8376531774866 69.712244448903 69.6253873336608 69.4589804735338 69.4874028146889 69.3361523241849 69.3010296241627 69.2576700159059 69.1719694666115 69.1044147096609 69.1747970924695 69.1912428056853 69.1940280937675
71.6024155362993 71.8425771253444 71.7428458471793 71.5701134080751 71.5187884925362 71.522649206083 71.5362752251759 71.5133467323218 71.4896883312058 71.587520238573 71.5889519493665 71.5489953506963 71.5070293876935 71.563139428321 71.5791877112878 71.4513096221765 71.494673809165 71.7812644845425 72.3025080831755 71.3080476620473 71.2260021561709 71.0924275547159 71.078277481033 70.9686957482234 70.7977641050623 70.6593612200007 70.4499913279513 70.2352851019739 70.1032162360453 70.0532225729013 70.1195388638829 70.2257229261485 70.1519166113754 70.0893416347488 70.0117075299325 69.8574325601635 69.7802779973538 69.5919388939799 69.4667465371372 69.4011504952863 -9999 69.2516219486553 69.0909857027003 68.962469934536 69.0229308944378 68.9589500377206 68.8585168861365 68.9393714010415 68.9984585373235 69.0294913551097
71.447177989781 71.5556068055595 71.4859210151694 71.321308831204 71.2190080256179 71.262646752792 71.2652028448621 71.1818738708181 71.2311030003479 71.3157814926881 71.2885435639691 71.2071328313176 71.277652805841 71.1957770276132 71.1265731406264 71.1921962854945 71.2897873940331 71.5803585247027 72.1204501684483 71.0202891833655 71.0035441875044 71.0276789777323 71.0550868764701 70.9492882309789 70.6812352527256 70.4062310933049 70.0920145460315 69.9303547577719 69.892797748496 69.9326992983574 69.910680524405 69.9203838560473 69.9179573441313 69.8740841190134 69.7999238678189 69.692178681366 69.515113081031 69.4100306930887 69.3028129086986 69.113704857779 68.9874068407912 68.953892527667 68.8342717016625 68.7794244575342 68.8066440968117 68.8281104172023 68.6670331943565 68.6998879452507 68.8604385354293 68.7191710858974
71.283287126581 71.3563958057301 71.3508467500288 71.1602992139744 70.9991179219964 70.9065131276637 70.8973774747031 70.9090778677595 70.9441481837655 71.0285133811181 71.0287779232051 70.9470969556065 70.8934954597677 70.7962876845896 70.8205044645099 71.0019573571017 71.019905581498 71.0526704163799 71.2959415270131 70.889278240589 70.7454860736513 70.728595757439 70.7526179626253 70.729398788607 70.4830443404184 70.1195741804894 69.8528238250042 69.7971905845507 69.7075379106664 69.6759488770347 69.8028639668467 69.6441802890688 69.6608184639737 69.5982485761663 69.5431155167684 69.4494669044908 69.3835357740089 69.2475920343886 69.1513160061418 68.9615210458544 68.7525873577248 68.750150094088 68.5882317346914 68.6183459201217 68.5090266605075 68.4971840554985 68.3854356457229 68.5711776294197 68.6595685454373 68.409348498123
70.7483166680103 70.6820957564165 70.7360139588235 70.7780672797429 70.4647741140462 70.3202934302024 70.3225758725519 70.3115497792546 70.4267003916329 70.4822670791581 70.457176029635 70.4011359354022 70.0966780330926 70.1927654134706 70.4704893710188 70.5552586503574 70.4736202311643 70.3574813537207 70.3988429829922 70.4078858663984 70.3342799125033 70.0810467470821 70.1941453993302 70.1505981887642 70.0035692198392 69.7440041452922 69.6548742091553 69.5389689877796 69.2879439823734 69.21468148149 69.2638924203625 69.1720235304955 69.059743267142 68.8383341692163 68.8883198423049 68.9275946372854 68.9803331139793 69.0679500784679 68.8993611329598 68.689157790371 68.4691442806178 68.3210956292944 68.3056491092556 68.2198940021423 68.1126985116523 68.0772433742112 68.1562374143619 68.1559796456064 68.0370059755462 68.0052134263229
70.3730615054643 70.4377823292026 70.4618816682731 70.5252240362185 70.3595096338013 70.1390453489207 69.9386283335506 69.9294764151191 70.1671837573617 70.1413966210511 70.1425836732005 70.1016485889558 69.9755757994801 70.0999072107945 70.2410421426997 70.2154110758886 70.1140888102458 70.116420961188 70.0141823928878 69.9358830071247 70.0072172020786 69.7761672621932 69.9240326382911 69.873452637678 69.8302729160644 69.5034604462067 69.3132305399422 69.1800610950994 68.9591956102324 68.8859164985649 69.1268521341493 68.8618372176058 68.6894679348646 68.490018025075 68.6238447719673 68.7127825000568 68.7344611213447 68.8441080966254 68.7370684559827 68.5694736261094 68.463052580573 68.2633808721141 68.0283347631105 67.9845174645708 67.9190583400049 67.8940611985513 67.8527527065176 67.7380068938754 67.8546544741165 67.749957218265
70.0221360911294 70.20859982945 70.2136709885644 70.2570554874198 70.1847810049047 69.9659117224265 69.729332739566 69.5881094715141 69.8096586331942 69.7175067817811 69.7860157106288 69.6905785034407 69.8146649772012 70.0233151179909 69.9811133205479 69.9001115180799 69.7833533197849 69.8574871970294 69.699165303158 69.5855178557843 69.5312959664888 69.4815833671962 69.5504293553804 69.5973226251916 69.6089955484494 69.3163687847184 69.0437029789294 68.8518456613615 68.6423203055346 68.6102994588639 68.8637935747279 68.6002369304963 68.3682214659511 68.3767927092274 68.3858284193107 68.428039926618 68.5504425263019 68.5660251611706 68.4201632307037 68.4283900197032 68.3628215966703 68.1525370549809 67.8034369275164 67.832556037495 67.7884348684652 67.7327092291194 67.7008189805361 67.5809531879057 67.576391982169 67.5235904277522
