rcp4.5models/CNRM_CM5/sc1gr8.40
NCOLS 261 
NROWS 433 
XLLCORNER 336357.134 
YLLCORNER 654653.479 
CELLSIZE 1000 
NODATA_value -9999 
[rows 308 to 329 of 433, columns 100 to 149 of 261]
305.722582631821 317.901158646384 313.403974128294 314.372772173318 315.944323522942 308.851955548428 303.120646985431 315.093901244955 314.746237602592 303.619417186974 302.044873828646 295.413504945246 298.541613107731 313.846762618053 319.496823526224 324.135083632639 320.275222253748 311.280466856008 311.162297742565 308.740606214231 306.547785710106 306.667672877619 323.122832744988 334.66926329296 336.884434006443 340.540971328019 340.031946356103 333.554600354338 317.688808321905 315.284445644417 305.705213641916 294.353228837295 280.972296237112 238.146721588881 208.578833787917 240.827918851012 296.434858936494 302.518353445534 300.75780743648 302.936019898172 288.62300081217 253.949667003745 249.558442985744 235.107268068783 232.883850842417 233.887555895511 229.59966673993 249.230301593292 257.336914896657 256.571629760323
302.845422280745 309.469222716185 305.996041880326 295.841283222289 309.023761206752 322.4272187414 322.449288551859 323.818180649593 309.091976569404 287.10364292056 286.244292398897 288.758719512456 308.08406504402 325.095661243284 329.299670050299 325.037517638348 309.051576045982 293.002029183465 291.262164091052 283.149474544172 282.84375411456 287.146383204001 301.993387150847 309.82642374015 339.780621871817 331.81040515361 316.051606332534 297.32818119649 271.900364319869 288.362812243298 295.892192644769 288.239152705991 260.689653319054 228.72600791651 208.674181004142 219.911108888253 262.903723593921 288.713462798341 302.395553910161 302.916891544522 285.793132790544 233.342742917837 215.816485915223 217.390989190187 225.412796445538 227.066155536077 213.271031549634 237.071019967483 262.669650848475 244.174763596878
305.947044698863 308.184293487134 312.824600833512 292.535958386586 294.111713510166 319.042451455955 322.893016752075 319.42456872794 303.154067770628 288.602423116225 291.260999971433 294.823280181956 317.016589498439 327.192919349302 329.407971617248 332.933249269288 326.547452675622 319.771736780704 304.246951321742 282.821116401124 285.109953599332 286.783972927865 289.039934848303 285.98927998563 346.145401470019 324.388918646063 292.788749173828 279.533583498249 254.18498124425 260.194762851325 272.705893086895 273.819764407767 246.552138124841 214.223576356467 202.399823498948 204.403051573518 217.550962185383 238.888717203175 274.880307321345 308.427816706374 287.059162389347 230.007811556658 204.298909469113 212.420364738186 221.201429396417 217.513796882378 229.190223166085 258.632238675769 279.94540488897 243.064213256601
337.19037253488 318.153016704827 313.500836418994 295.921918123544 290.987427641492 314.933813449811 314.71475524245 308.0895622214 296.099810948191 291.59009481538 297.694506148707 306.668175223898 318.657754056555 326.329583869034 323.735647250427 321.069518908305 331.355843915822 333.978951070437 311.705925006461 288.812486636647 286.069676718245 284.536382791574 302.492549014239 318.08576890553 345.578614871808 332.36086154614 303.105413316377 288.699669811685 268.071510988008 244.373308195623 243.570359363486 249.555074930088 246.467674316317 224.024544725157 203.966702680365 202.60912050189 203.482273251194 211.860181059393 244.485829247147 276.772687231974 252.431138176916 216.803654910056 204.450010137253 207.930179773693 213.201771352422 214.71291631604 253.601361161739 280.157030631805 289.986329994766 253.600255005228
366.551146889483 325.048412797882 307.566253673676 297.46443540597 297.222039477776 318.894842583175 310.565510547705 301.355322208208 298.42742328385 301.747935545569 311.649627168879 323.220340598745 323.848933769425 331.275118530354 319.813970870919 301.530839631704 309.072981587925 312.183241269731 304.942876740621 290.388122672624 287.550545766446 286.349267205045 307.863406088682 341.429662730585 314.20811241786 312.819627314486 302.943209432918 292.517315786375 287.233061489296 274.046306630027 255.511583381659 240.551273567765 234.129051497512 226.910688046636 212.245421120538 206.044551308043 206.520482580986 209.770108204871 220.222632437933 222.961460368363 213.232009604813 205.840056854853 206.939428900477 206.243953648296 209.972042641409 227.233815141871 274.045843334872 295.738839703696 295.935896584891 256.912708054549
385.381984139828 338.352491884127 337.621192010784 325.364244967249 320.597411681328 324.579698000759 322.937598777556 314.414668329227 323.878650081138 333.70014035556 335.331594188845 334.223030119666 332.11788365916 311.300039412353 290.12091148818 282.331700474163 284.412615480151 287.751325732292 289.371840402741 290.378522440538 293.402924017117 293.24699849058 306.523620143527 333.135430813417 306.001885593008 299.112662774987 297.468990401602 289.210986472815 292.963281107256 298.297799994167 286.109870077269 258.766153555632 227.274221183579 212.175773603417 204.79042238075 204.17087554796 209.60734734397 213.457426039672 215.290735667367 215.857536510528 212.564751366339 207.645733828839 206.304125620829 206.898732272059 208.298710663273 210.478987872185 256.609470635486 276.565227484426 283.947056931346 271.976137141275
394.213077352088 374.087564176408 373.268504361769 356.345366332772 348.478819438038 352.059932689885 339.692418250368 322.378267040419 329.341314817109 330.69663815695 327.183590988755 335.904732266546 331.595441189483 301.982952157299 279.001201396105 283.272986765513 283.305065970752 281.016119283629 292.005083416865 295.751183091772 294.295700415944 292.660776737784 303.522076582734 319.368522423629 291.364648608195 288.138523336473 266.902920615398 252.829183260245 262.852426532852 264.838326309864 249.366087485452 241.782213806177 228.304504607696 213.864420423297 203.575883085093 204.426535987771 205.871745409827 210.067277685791 213.390250856874 215.293795995544 212.474598595202 208.126003725381 206.707621433436 207.497376661744 208.754978834231 210.257394831545 232.884826737605 246.528772180876 271.919827753105 268.984196078978
399.601093392625 369.788607889479 390.65694596857 382.950359919398 366.561795204885 369.738583512214 360.804369460733 332.775350370627 331.803809021203 323.119658264321 307.009713413712 320.379765085258 331.307780782438 302.501333209597 277.43935854384 280.801236853901 273.05209458755 262.668245645612 282.979707273187 296.852133008805 295.66470194061 292.926932076471 305.181640022588 313.418215461986 295.630510339354 282.643897315798 237.21557769689 213.897093827257 223.072108778804 220.942219918403 212.763422056848 215.502457428095 211.04507368844 207.236584623689 204.135827606385 205.395114430377 202.896914832725 205.061275955063 209.937616649544 212.603641988306 211.037808788877 208.592682756274 207.210276666086 208.411149525048 210.327751351546 211.727969330864 217.60393527894 228.790749422295 265.692458705654 277.731840163429
388.115550096264 335.334098185628 371.114188163939 391.443917445477 364.020042779893 361.186770317118 378.349993216873 347.614456991401 332.172777277779 331.040722341869 309.474030002735 297.111236330871 304.105098946975 291.619566420671 280.789375717262 279.533517371012 259.648748933858 249.006943701677 262.819392369341 286.016701922343 297.389359772107 295.006665805422 304.119619153544 307.883496053553 303.361192200011 297.748947700473 258.111766939665 215.682491583311 208.437893396247 205.09864465271 203.869881610038 204.082193414101 202.918530006956 204.012920944777 205.58177062876 206.551837938741 204.674701621432 202.7982738982 205.551803438453 207.554631923055 207.895556409118 207.663715497874 208.230848932996 210.371811002085 211.997915022779 219.500439523629 252.86092111104 254.088961295978 273.485200716875 257.139597254932
372.770236824087 330.530134584883 350.697038491071 389.985066791857 373.220995475233 345.613058588401 363.50006278029 361.17783214347 340.423087325809 334.469684544365 326.225581635436 298.560452291442 279.539122202904 278.118872365136 283.43908453531 288.294022440854 267.585568311199 248.860507365481 258.68391773545 290.282843989548 300.703428691993 297.224790430841 301.891124640765 303.009475147461 306.970702695033 309.465980521775 296.27064917537 266.8261288255 240.44205078651 213.185444946647 204.198216330222 203.474427642896 204.815826577801 207.18941602802 207.511515011213 206.153328967842 206.320506858558 203.717696779104 204.310349267599 205.383255110099 206.987832452218 209.476947421296 211.550869767433 211.486192493871 212.509688771511 231.903417199176 285.843736839378 263.082347592281 256.021552258557 220.390481891528
367.801031003812 348.603455121379 361.686987497338 394.058509264846 382.940388733334 344.810270353196 338.615526446205 353.786171703127 346.482883462524 331.250982269119 319.957527237458 295.726250426482 275.138640261767 274.680021743597 283.074410047117 292.047714769942 287.183859941176 277.23324905241 282.343499666726 303.463374222917 302.166693475986 296.249121210942 297.11818092522 296.888369697983 302.846251880362 307.973694205497 312.248434571618 309.677764175907 292.569681033649 255.230051919299 227.199706242574 221.854917627526 214.953533586461 211.306921302083 207.260771026095 206.489105955926 206.677473972504 205.78918442663 205.770866980732 206.550381112366 208.010971002673 211.00091365951 214.414239734711 218.458665170832 230.58826180043 254.560221913116 291.193648183915 250.465583169439 242.636503598587 233.586983785234
364.436285636771 362.516944485677 352.856608779697 379.858203152257 386.243194222623 355.309993364434 337.060118567509 341.707843172373 341.27013646702 329.798228094669 302.624352144193 279.699369660234 283.00833716307 282.509323119179 282.308785553118 294.510924817317 299.3815878387 302.204645679953 303.684069667019 307.897826826737 306.968238132384 303.350854310169 301.214773762245 299.652024148008 301.136261298187 305.128268021335 311.182635243053 313.773950089808 314.016746570843 302.751940580402 284.177154487819 270.299169685201 246.194379433229 231.369672036779 222.617127342061 224.77311269029 214.515737281857 209.138150869386 208.469727101866 208.149158897593 209.703078822181 211.327851774762 213.353272991656 220.736245446445 251.509000153779 288.202965718785 279.307029328101 252.653976282985 248.550756949195 243.433649609249
377.307221528408 370.569799956028 343.089741220115 351.106277381002 377.255747430902 372.166509786638 347.826293581655 344.665471085245 343.113027649622 320.4080373484 282.40099667533 272.724706576062 284.912974575781 284.638670212305 282.199217996862 297.45225902891 305.067978747428 305.630407576637 305.916807234711 306.512208174998 310.165791411591 309.693913878699 305.608931739911 308.885365379528 310.633529720295 307.612298396418 308.474937171988 315.311525337147 317.67403858824 319.243375996173 318.8754250315 310.216003448705 294.248087430811 277.896307745231 260.124671320794 234.126285208113 215.929822894355 210.942159679438 210.517414535509 211.502162453669 214.568637656657 217.526834144368 216.974765179329 216.541573680978 239.130704521833 280.55868245346 267.126482346807 251.973330182464 242.483655358461 236.779899249771
398.153042457577 379.150718508057 351.37099051019 343.579651499288 366.112856202369 387.698423990554 363.649468467021 346.775009168715 348.846398097495 329.883162412285 291.346817004167 275.510546415963 277.63525773415 280.013223030102 282.405321625224 297.345534681167 304.35441893005 306.283191978107 303.018066529775 301.939948851178 305.821552579627 306.520067936227 307.869105281397 315.731658648109 319.443085984307 315.744090362874 313.613045482112 318.302817580674 319.242004486249 318.49326263817 315.576522356688 313.200933437569 320.546405516301 314.553858630107 290.274669850159 226.108325262623 212.85237665019 211.571430858064 211.109928984042 213.139224284336 216.464982559775 222.428643402754 226.211499204913 225.783890615283 239.095107449756 277.208048521815 267.217306920422 252.052073769291 241.959836819778 234.807526620152
404.894846744064 382.491878707653 354.290117534455 345.68926064933 357.898744596314 383.303861245162 378.098886703439 356.007887986879 349.360090855856 345.981645107823 319.832405044713 283.003381616789 280.219903305286 280.728895321494 279.822368817341 287.667962444607 298.437930491452 307.665457708474 304.345871263546 301.093700476375 303.350657282166 304.590705774256 310.229065478594 314.347064804776 320.854574690967 321.762963317196 320.978227262418 320.824535602782 321.418329037802 320.809389989413 318.402678476468 315.856217978492 322.660243292657 324.141713970479 306.046448077701 233.382912969109 220.07545110003 213.173204976369 213.27369074206 214.223746885155 215.686589233324 219.560395574085 224.469594854131 228.618205606972 249.18762682494 293.327006283797 268.957703737642 254.031076551059 249.884582452679 242.437153567201
407.002831299453 386.141286210978 362.585823451889 349.63621621821 352.795555687448 364.099404924044 369.432259582209 360.536501454153 350.549628333455 330.337093208301 314.999295457753 301.270089336624 286.300708759719 286.477359482961 284.845422339263 280.362950519709 287.62934784076 303.4492660289 306.855793756941 305.445176974881 306.892103432795 311.250060684074 314.989614401347 313.152345166708 313.27889088349 321.741230736827 323.893644996235 324.957971179918 326.127019758822 325.803742325278 325.377918359267 324.833061140949 322.36740074122 322.776505878044 316.577718934396 260.763144861267 231.697993686961 217.187606232278 215.265632757268 216.388311522899 217.525232089271 218.702108320747 220.463344702052 222.834163851033 244.070050785946 291.95344292441 271.121400335854 252.78110557619 248.334528517832 240.872061337232
412.39122318665 386.797926379815 372.840677731823 354.757848904371 353.287037246169 351.607994937355 352.783302438834 358.170363726994 354.910512011989 316.650738117479 290.825541193111 309.840299336364 282.291488983077 291.949660556044 296.508122780831 293.729694392154 290.44401326119 295.524992614087 305.310398873962 310.346606785305 311.983154328244 317.479844453671 318.410328327549 310.546134130882 317.45821050251 324.886973659866 328.004414641396 329.286407396937 328.153253912047 327.349068965961 328.520140478724 327.986249754135 324.613101150294 324.514975521527 322.839544015783 268.282452998706 244.537966271974 229.080099525249 219.952595311728 219.572399319036 219.878250715631 220.85065497933 224.505590982304 230.654271241542 249.970029980607 291.442476423387 278.117694105244 258.029045635977 238.755022495651 227.767461618777
442.44895919663 412.687669007149 389.372133866204 354.833205077725 331.247086399561 318.169295793704 290.467523871712 293.204448159466 320.295864895244 332.81594962861 315.253888911666 283.690317835715 298.123187945839 282.7394553304 293.223030789842 305.401445259305 306.389631601432 306.574453347887 307.48311217161 308.642679010831 310.974503979743 311.346883339367 311.553359055057 309.525067818784 274.813876575746 295.451756597511 305.126027782644 311.127902745556 328.532363720399 332.318103770393 333.740784329946 332.192132232895 331.573896171399 329.958293785174 327.309876675714 277.782075875639 260.871190071506 254.038010836998 240.61648156202 230.437955306032 228.786711374581 228.391717065339 229.463291000688 237.231180261866 268.257000729428 297.864716341357 302.12131139728 277.224532313741 237.172206646176 219.452963675783
431.475890388127 413.274009111512 390.740225183943 369.83705683327 341.795486722855 308.419956182703 287.401304420799 284.135039408827 291.174155843325 308.429702705763 327.413201000046 300.404565568618 294.417307287092 283.029409909608 276.937056439554 295.063329843553 309.582203759541 310.824252875245 310.643874145502 309.08845109945 310.47493076976 318.361563036939 323.095275457399 317.100965587666 256.660456822364 269.705936295708 284.204993726625 297.408486689837 332.147429656772 334.848392046655 336.382595610994 333.220877831256 327.734775023541 314.492890160049 295.975799357982 245.939015172888 250.076834663798 249.794340792674 239.623330725665 234.166736785275 234.319298608564 233.384110181629 233.225597185474 237.032558963158 257.338151998267 292.968006869301 278.004342053898 256.346741102401 235.52112659425 218.537549039462
431.415301726225 392.986530177699 377.481653944884 358.394239504203 320.598491774595 279.881155896962 281.635401295065 290.559747061068 291.315186118324 294.205078569173 306.180007674218 301.37383289175 299.431678586318 299.72798197236 282.363104488614 280.377313023444 294.970958689759 305.738879905774 310.680587632646 306.507986560195 305.100136106622 313.071955592156 321.114595009698 323.900056772243 287.868643069808 287.326451326577 305.216725079811 315.377770459918 339.086659086052 339.813382473269 339.772580969013 336.449569195029 329.79724396956 314.178297565059 282.469771575627 243.383995996411 231.755839855158 230.370264454538 230.258952590649 232.573661780777 234.329740936705 236.337095591195 237.542835551511 237.21095216148 245.414215881339 282.970747722266 278.585710445356 258.78628366027 238.715102787958 222.122835600282
418.026538903264 383.934990353341 374.59753365417 350.263565310672 313.828321739151 287.436301000271 288.623204966975 295.149416520645 298.148964272028 295.984796772404 284.738741195435 288.532993282352 289.91947070792 307.318267648886 303.833278391706 288.564678332385 -9999 284.924187970511 293.597984529243 300.721621148928 308.969706331025 315.364638806564 321.161221991729 327.926557263439 302.040726647835 301.001332272995 327.282786798727 335.866949232242 340.777017228682 342.047248854097 342.591519098964 340.232641225235 337.771575119341 332.75031456399 312.141116332487 275.66903159088 258.838267811447 248.804340788405 234.98065627209 233.387164479266 232.023611233924 235.816836110589 239.342509232562 238.611704228835 239.89887503167 265.012613722947 301.056679499491 276.021799176869 250.24556703431 231.733988676236
383.518918170441 369.602509775728 366.139646722869 352.829991550445 316.156619580656 290.300954516986 285.502804156812 292.16346491357 299.003137370107 301.881917446202 297.555554975377 293.098810029688 285.667770204034 300.432925495924 311.319215446102 306.603278972964 288.941851279182 -9999 -9999 289.818047698441 307.758584990586 321.380513092158 324.943810240508 329.565612077 301.731519003921 270.862543006039 298.855847522383 333.157279493532 337.60189444786 330.915818510192 323.41121884997 322.524492248784 323.351224354698 334.534877326772 332.083484277344 319.990003459692 313.502293524591 293.313623956695 258.215783268346 242.022963593451 233.038370260714 234.378834002302 238.327000825912 240.864281822177 240.665885731025 248.637553215449 308.899924143179 291.040729479052 258.231271676113 241.052153550323
