rcp4.5models/CNRM_CM5/sc1gr3.10
NCOLS 261 
NROWS 433 
XLLCORNER 336357.134 
YLLCORNER 654653.479 
CELLSIZE 1000 
NODATA_value -3.4e+38 
[rows 374 to 395 of 433, columns 147 to 195 of 261]
-3.4e+38 -3.4e+38 265.514923095703 265.405242919922 264.980377197266 265.017669677734 265.123565673828 265.070739746094 265.252258300781 265.777587890625 -3.4e+38 266.251251220703 266.578216552734 266.441436767578 266.142761230469 265.700103759766 265.225952148438 265.422637939453 265.813171386719 265.682373046875 265.443511962891 265.923004150391 266.061645507812 -3.4e+38 265.987365722656 265.791442871094 265.626007080078 265.745361328125 266.442077636719 266.699859619141 267.381683349609 268.047729492188 268.074005126953 267.654602050781 268.239105224609 268.672119140625 268.841186523438 268.747924804688 268.262359619141 268.203765869141 268.036407470703 267.647369384766 267.717010498047 -3.4e+38 268.427856445312 269.180877685547 269.431121826172 269.771362304688 269.774047851562
265.205841064453 265.048004150391 264.994812011719 264.941955566406 264.9482421875 265.179962158203 265.356323242188 265.232299804688 265.458251953125 265.680908203125 266.082275390625 -3.4e+38 -3.4e+38 -3.4e+38 266.105590820312 265.938293457031 265.554107666016 265.298126220703 265.909423828125 266.056701660156 265.772888183594 266.042938232422 266.245635986328 266.170867919922 265.869476318359 265.663696289062 265.763763427734 266.239318847656 266.884765625 267.045257568359 267.686920166016 268.094512939453 268.132598876953 267.727752685547 268.334136962891 268.781372070312 268.828826904297 268.802795410156 268.455291748047 268.252349853516 268.110412597656 267.968109130859 267.973754882812 268.266082763672 268.39208984375 269.125152587891 269.540344238281 -3.4e+38 270.008605957031
265.307708740234 265.110137939453 264.840454101562 264.773895263672 264.969512939453 265.317077636719 265.687133789062 265.661773681641 265.605773925781 265.678131103516 266.259857177734 -3.4e+38 266.674407958984 266.50634765625 266.121276855469 266.068084716797 265.764526367188 265.344360351562 265.922515869141 266.569030761719 266.401733398438 266.393127441406 266.517639160156 266.252319335938 265.822082519531 265.857543945312 266.149749755859 266.342102050781 266.921966552734 267.249755859375 267.939331054688 268.142456054688 268.144714355469 267.713348388672 268.366424560547 268.934692382812 268.802978515625 268.491943359375 268.692901611328 268.554748535156 268.532165527344 268.226379394531 268.146209716797 268.107879638672 268.484436035156 269.071441650391 -3.4e+38 269.90966796875 269.971069335938
265.666564941406 265.579895019531 265.286956787109 265.042694091797 265.170837402344 265.336975097656 265.911743164062 265.977355957031 265.568511962891 265.732971191406 266.496734619141 266.69140625 266.610504150391 266.445526123047 266.16748046875 265.811248779297 265.590850830078 265.583526611328 265.939147949219 266.641418457031 266.814117431641 266.670684814453 266.292327880859 266.162780761719 266.207458496094 266.091644287109 266.581665039062 266.730804443359 267.051391601562 267.320953369141 267.984985351562 268.130493164062 268.132293701172 267.937408447266 268.700927734375 269.090057373047 268.912048339844 268.498931884766 268.808166503906 268.836181640625 268.958862304688 268.543670654297 267.988006591797 -3.4e+38 268.305114746094 268.721740722656 269.203887939453 269.517486572266 -3.4e+38
265.721221923828 265.865020751953 265.84423828125 265.578979492188 265.495971679688 265.600128173828 266.158355712891 266.351104736328 265.799102783203 265.805450439453 266.715698242188 266.734893798828 266.568939208984 266.265625 265.882781982422 265.602569580078 265.460113525391 265.742584228516 265.98876953125 266.487426757812 266.771942138672 266.664123535156 265.959106445312 266.310028076172 266.58203125 266.523590087891 267.001251220703 267.212310791016 267.100494384766 267.358062744141 268.092926025391 268.165740966797 268.309326171875 268.082824707031 268.609344482422 269.085083007812 269.305877685547 269.119781494141 268.988311767578 269.170623779297 268.884887695312 268.616333007812 268.245269775391 267.978210449219 267.897033691406 268.373382568359 269.007629394531 269.045471191406 269.418914794922
265.807220458984 266.043487548828 266.011657714844 265.875274658203 265.677764892578 265.738098144531 266.430450439453 266.768310546875 266.374114990234 266.172637939453 266.824127197266 267.002288818359 266.862945556641 266.502136230469 266.112335205078 265.949523925781 265.841766357422 265.70458984375 265.975067138672 266.669036865234 267.034606933594 266.904388427734 266.142761230469 266.334350585938 266.667022705078 267.017883300781 267.46630859375 267.594451904297 267.320465087891 267.322265625 268.046295166016 268.237396240234 268.429779052734 268.453125 268.629577636719 269.03515625 269.491485595703 269.6083984375 269.496856689453 269.676727294922 269.16162109375 268.855560302734 268.607025146484 267.841064453125 267.507507324219 268.112854003906 268.494293212891 268.590270996094 269.117523193359
265.801025390625 266.224060058594 266.500579833984 266.241607666016 265.775085449219 265.758605957031 266.388519287109 -3.4e+38 266.986877441406 266.984008789062 267.136291503906 267.296264648438 266.968872070312 266.802429199219 266.691558837891 266.523101806641 266.221984863281 265.6943359375 265.938842773438 266.606628417969 -3.4e+38 267.224884033203 266.66259765625 266.630249023438 266.687408447266 267.073669433594 267.796997070312 267.726409912109 267.374206542969 267.286071777344 267.951507568359 268.096984863281 268.286224365234 268.882568359375 269.006042480469 268.992889404297 269.280212402344 269.852081298828 269.898315429688 -3.4e+38 -3.4e+38 269.298736572266 268.699401855469 267.850189208984 267.078155517578 267.559753417969 267.914672851562 268.171905517578 268.262329101562
266.090301513672 266.206359863281 266.840515136719 266.553100585938 265.948944091797 266.007385253906 266.152862548828 266.615539550781 267.292907714844 267.458984375 267.539581298828 267.043640136719 266.794555664062 266.877624511719 267.013031005859 266.877624511719 266.354736328125 265.930480957031 266.1201171875 266.567291259766 266.978363037109 267.40673828125 267.090545654297 267.212890625 266.988922119141 267.170806884766 268.003753662109 267.898742675781 267.361572265625 267.447143554688 267.503356933594 267.681213378906 268.06103515625 268.528594970703 268.852020263672 268.853759765625 268.996215820312 269.619750976562 -3.4e+38 -3.4e+38 269.824951171875 269.247863769531 268.895965576172 268.317687988281 267.252502441406 267.3779296875 268.006408691406 268.228912353516 267.947052001953
266.677307128906 266.374053955078 266.780090332031 266.727233886719 266.528106689453 266.565216064453 266.359588623047 266.623443603516 267.123687744141 267.476989746094 267.414672851562 266.944305419922 -3.4e+38 -3.4e+38 267.256774902344 266.925262451172 266.42333984375 266.227813720703 266.52783203125 266.919799804688 267.215789794922 267.671844482422 267.324432373047 267.692993164062 267.642517089844 267.645385742188 268.076232910156 268.095947265625 267.825897216797 267.588989257812 266.988739013672 267.216949462891 267.693969726562 267.796600341797 268.379302978516 268.417633056641 268.893005371094 269.360168457031 269.936004638672 -3.4e+38 -3.4e+38 -3.4e+38 269.424774169922 268.867767333984 268.116516113281 267.401306152344 268.429595947266 268.756530761719 268.503326416016
266.9736328125 267.102478027344 267.116271972656 267.473266601562 267.345062255859 267.369201660156 267.247833251953 266.713348388672 266.562866210938 267.352844238281 267.595520019531 267.230743408203 266.628509521484 -3.4e+38 266.936187744141 266.935882568359 266.657104492188 266.489013671875 266.846710205078 267.367919921875 267.790283203125 267.852661132812 267.750762939453 268.05859375 268.327514648438 268.619201660156 268.412628173828 267.956481933594 267.782135009766 267.651428222656 267.486663818359 267.416412353516 267.119812011719 268.04052734375 268.151489257812 268.439971923828 268.529632568359 268.689056396484 269.318328857422 -3.4e+38 -3.4e+38 -3.4e+38 270.026641845703 269.488037109375 268.789520263672 269.446716308594 269.609893798828 268.145172119141 265.657501220703
266.643249511719 267.178161621094 267.484924316406 267.570190429688 267.426300048828 267.615203857422 267.552032470703 267.148345947266 266.930847167969 267.481719970703 267.817596435547 267.412963867188 267.024108886719 266.755859375 266.619506835938 266.429168701172 266.372985839844 266.417144775391 266.995269775391 267.420562744141 267.640747070312 267.886993408203 268.003509521484 268.097045898438 268.574737548828 268.718658447266 268.545928955078 268.029571533203 267.854156494141 267.772583007812 267.774078369141 267.84765625 267.392578125 268.143737792969 -3.4e+38 269.094329833984 268.86767578125 268.794952392578 269.285034179688 -3.4e+38 -3.4e+38 270.137756347656 270.222839355469 270.206481933594 269.335388183594 269.680633544922 269.999725341797 268.317626953125 266.345916748047
266.717407226562 267.224975585938 267.361389160156 267.51025390625 267.683868408203 267.727386474609 267.845886230469 267.602661132812 267.638671875 267.881561279297 -3.4e+38 267.693878173828 267.438812255859 266.99462890625 266.742706298828 266.2724609375 266.1904296875 266.384613037109 266.862182617188 267.189605712891 267.542327880859 267.963500976562 268.191680908203 268.215057373047 268.739349365234 268.708221435547 268.559967041016 268.077575683594 267.845123291016 267.834411621094 267.942260742188 267.957061767578 267.755615234375 268.111083984375 268.513671875 268.9248046875 -3.4e+38 269.398040771484 269.229339599609 269.810485839844 270.083190917969 270.333465576172 270.564208984375 270.715118408203 270.380432128906 269.603942871094 270.086029052734 269.302581787109 268.651763916016
266.755737304688 266.837646484375 266.728637695312 267.179809570312 267.515808105469 267.739013671875 268.173217773438 267.897552490234 267.945922851562 268.149993896484 267.970703125 267.512847900391 267.076629638672 266.938446044922 266.879669189453 266.679595947266 266.566589355469 266.430938720703 266.37158203125 266.869842529297 267.450744628906 267.84423828125 268.223907470703 268.554382324219 268.730987548828 268.796447753906 268.878509521484 268.372192382812 268.079071044922 268.118225097656 268.343902587891 268.123809814453 267.402893066406 268.060791015625 268.514678955078 268.877777099609 269.438537597656 269.660614013672 269.419128417969 269.633117675781 269.926727294922 270.303771972656 270.700012207031 270.889434814453 270.849426269531 -3.4e+38 270.127655029297 269.868103027344 269.263916015625
266.304351806641 266.575408935547 266.878448486328 267.302124023438 267.643188476562 267.915374755859 268.370330810547 268.159149169922 267.937713623047 -3.4e+38 267.734527587891 267.336212158203 266.758087158203 266.758605957031 266.976806640625 266.951599121094 266.839965820312 266.89306640625 266.559783935547 266.609954833984 267.166717529297 267.556671142578 268.048034667969 268.358459472656 268.572570800781 268.945251464844 269.2060546875 268.698486328125 268.454010009766 268.608154296875 268.765686035156 268.295654296875 267.267425537109 267.945831298828 268.409149169922 268.974212646484 269.574676513672 269.862518310547 269.839172363281 269.640502929688 269.911956787109 269.999176025391 270.396148681641 270.961273193359 270.941070556641 269.764068603516 270.371063232422 269.798461914062 268.696166992188
266.290008544922 266.758056640625 267.347717285156 267.685180664062 268.037841796875 268.260711669922 268.448059082031 268.354095458984 268.224365234375 268.126953125 267.783996582031 267.242401123047 266.863342285156 267.271820068359 267.411895751953 267.108551025391 267.020599365234 267.112884521484 266.668579101562 266.518035888672 266.852935791016 267.181549072266 267.775756835938 267.834167480469 268.395660400391 268.822357177734 269.294250488281 269.090484619141 268.99609375 269.002075195312 268.82763671875 268.306121826172 267.871337890625 268.087646484375 268.287567138672 268.775054931641 269.336303710938 269.841461181641 270.287780761719 270.231323242188 270.417144775391 270.110961914062 270.569000244141 270.990478515625 271.035614013672 271.037109375 270.903839111328 269.896881103516 268.073394775391
266.590972900391 266.877380371094 267.260040283203 267.599365234375 267.918670654297 268.092010498047 268.307037353516 268.38671875 268.4140625 268.205169677734 267.713104248047 267.401611328125 267.242492675781 267.687713623047 267.657043457031 267.458129882812 267.404083251953 267.155395507812 266.819976806641 266.673553466797 266.873321533203 266.844421386719 267.471618652344 268.004913330078 268.628753662109 268.880004882812 269.129425048828 269.409942626953 269.373870849609 269.031982421875 268.805511474609 268.600433349609 268.620269775391 268.862182617188 268.715423583984 268.595825195312 269.20068359375 269.804351806641 270.326843261719 270.640502929688 270.846527099609 270.619110107422 270.977844238281 270.936767578125 271.067413330078 271.089782714844 271.048065185547 270.705963134766 269.678771972656
266.502960205078 266.729553222656 266.821472167969 266.911285400391 267.365905761719 267.676391601562 268.079742431641 268.213287353516 268.123962402344 267.879333496094 267.762817382812 267.593444824219 267.597930908203 267.951477050781 268.059020996094 268.004211425781 267.757751464844 267.339294433594 267.229400634766 267.026062011719 267.114898681641 266.841918945312 266.973602294922 268.092315673828 268.786773681641 269.108123779297 269.135681152344 269.456878662109 269.360260009766 269.017242431641 268.841613769531 268.854644775391 269.044586181641 269.379943847656 269.266052246094 268.967956542969 269.272491455078 269.728485107422 269.945037841797 270.586547851562 270.817138671875 270.943450927734 271.029449462891 270.924499511719 271.076080322266 270.975036621094 270.985412597656 271.314727783203 271.060913085938
266.147857666016 -3.4e+38 266.282318115234 266.284210205078 266.719268798828 267.18017578125 267.831848144531 268.180572509766 268.191558837891 267.971954345703 268.00732421875 268.078308105469 268.028045654297 268.226928710938 268.229400634766 268.089782714844 267.782867431641 267.579071044922 267.577880859375 267.545532226562 267.492614746094 267.193176269531 266.937561035156 267.761260986328 268.639709472656 269.122131347656 269.619659423828 269.555755615234 269.5654296875 269.268859863281 268.891937255859 268.890502929688 269.245452880859 269.639526367188 269.613372802734 269.246948242188 269.136962890625 269.529388427734 269.951171875 270.657470703125 270.887420654297 -3.4e+38 271.184020996094 271.079437255859 271.210815429688 271.271148681641 271.472686767578 271.765289306641 271.457733154297
265.520385742188 266.021301269531 266.178070068359 266.470123291016 266.862701416016 267.193511962891 267.901733398438 268.287475585938 268.475433349609 268.413299560547 268.363098144531 268.414978027344 268.221832275391 267.998199462891 267.832214355469 267.801025390625 267.546875 267.957244873047 268.066986083984 268.038848876953 267.907257080078 -3.4e+38 267.437896728516 268.004791259766 268.762634277344 269.359313964844 269.839599609375 269.686431884766 269.664947509766 269.450317382812 269.151031494141 269.255859375 269.686645507812 270.008758544922 269.485626220703 269.189208984375 269.000396728516 269.541473388672 269.984375 270.587066650391 270.858276367188 270.943389892578 -3.4e+38 -3.4e+38 271.386688232422 271.270843505859 271.929748535156 271.9326171875 271.945892333984
265.423309326172 265.958526611328 266.206573486328 266.556243896484 266.950531005859 267.311431884766 267.949645996094 268.119659423828 268.392791748047 268.633728027344 268.853057861328 268.211791992188 267.990631103516 267.902282714844 267.871948242188 267.872161865234 267.781341552734 268.229461669922 268.265502929688 268.035034179688 268.170989990234 268.186462402344 267.799163818359 268.061157226562 268.732360839844 269.226837158203 269.705596923828 269.820617675781 269.760772705078 269.65380859375 269.501220703125 269.689361572266 270.154632568359 270.182220458984 269.491149902344 269.263244628906 269.138397216797 269.708740234375 269.722442626953 270.325256347656 270.638092041016 270.805328369141 270.993560791016 -3.4e+38 271.435852050781 270.930206298828 271.471343994141 271.97802734375 272.128509521484
265.938293457031 266.244812011719 266.158599853516 266.237762451172 266.557067871094 266.910858154297 267.53466796875 267.918701171875 268.359985351562 268.745666503906 268.936889648438 268.201263427734 268.008941650391 268.119110107422 268.226226806641 268.087249755859 268.168121337891 268.200439453125 267.950347900391 267.989044189453 268.379089355469 268.598541259766 268.118469238281 267.849945068359 268.537689208984 268.869049072266 269.552398681641 269.826110839844 269.905456542969 269.708343505859 269.903594970703 269.977203369141 270.219085693359 270.202728271484 269.750030517578 269.356994628906 269.315948486328 269.886474609375 269.58251953125 269.922821044922 270.564575195312 270.795562744141 270.941589355469 271.173492431641 271.219665527344 270.968414306641 271.238647460938 272.095306396484 272.079650878906
265.673553466797 266.521240234375 266.833251953125 266.679809570312 266.703369140625 266.74365234375 267.039611816406 267.297119140625 267.804382324219 268.541625976562 269.170623779297 268.906616210938 268.738525390625 268.716003417969 268.928955078125 268.902893066406 268.717468261719 268.292327880859 268.419647216797 268.880310058594 269.366180419922 269.237731933594 268.249908447266 268.244354248047 268.377593994141 268.715606689453 269.355590820312 269.902526855469 270.314636230469 270.160949707031 269.982330322266 270.293243408203 270.504791259766 270.582916259766 270.242492675781 269.910461425781 270.30126953125 270.178558349609 269.769104003906 269.894165039062 270.206787109375 270.167663574219 270.333648681641 270.818786621094 271.139923095703 271.817901611328 271.968322753906 271.989837646484 272.01123046875
