rcp4.5models/CNRM_CM5/sc1gr0.18
NCOLS 261 
NROWS 433 
XLLCORNER 336357.134 
YLLCORNER 654653.479 
CELLSIZE 1000 
NODATA_value -3.4e+38 
[rows 110 to 131 of 433, columns 49 to 97 of 261]
59.5169334411621 59.8595237731934 60.1213111877441 60.2141380310059 60.3474388122559 60.6404800415039 60.8590507507324 61.573860168457 61.7923469543457 62.1431770324707 62.3998680114746 63.0776176452637 63.2055282592773 63.7147178649902 63.8871650695801 64.2644882202148 64.6884002685547 65.2774658203125 65.8396148681641 66.2575836181641 66.6821136474609 67.1435012817383 67.4218139648438 67.7671890258789 68.3585433959961 68.5921325683594 69.0772399902344 69.2722091674805 69.5216598510742 70.4055480957031 70.6821823120117 70.9960098266602 71.4715347290039 71.9781112670898 72.2790832519531 72.9127044677734 73.2171325683594 73.5642852783203 73.8222274780273 74.244270324707 74.498046875 75.1166381835938 75.4081649780273 75.6321640014648 76.0791931152344 76.423469543457 76.5326843261719 76.9137268066406 77.321533203125
59.8675575256348 60.2076110839844 60.2630462646484 60.2919769287109 60.622802734375 60.9017524719238 61.3159332275391 61.9550018310547 62.1862716674805 62.5476684570312 62.9789390563965 63.2567329406738 63.4995079040527 63.9052810668945 64.0823059082031 64.6267547607422 65.1041641235352 65.5903625488281 66.1782836914062 66.4877853393555 66.9879760742188 67.4484176635742 67.5952682495117 67.9865341186523 68.398796081543 68.8009185791016 69.3571853637695 69.4736404418945 69.7198638916016 70.5368499755859 71.0041351318359 71.4405975341797 71.8250579833984 72.225830078125 72.7918472290039 73.2212600708008 73.4809646606445 73.6255722045898 74.1241989135742 74.6561737060547 74.8185119628906 75.5197143554688 75.8345413208008 75.8931503295898 76.2736053466797 76.7446594238281 76.9047775268555 77.3003921508789 77.6160507202148
60.2516555786133 60.3498115539551 60.4184989929199 60.7284317016602 61.0286827087402 61.4659385681152 61.6685905456543 62.2024307250977 62.636100769043 62.8557281494141 63.2972297668457 63.4460067749023 63.7847633361816 64.2382583618164 64.6427536010742 65.0773086547852 65.5154876708984 65.7587585449219 66.4609985351562 66.7189636230469 67.160026550293 67.5556030273438 68.1356201171875 68.3845367431641 68.7162551879883 69.0562515258789 69.569709777832 69.8649368286133 70.0071258544922 70.7662658691406 71.2380218505859 71.7330703735352 72.1822814941406 72.4282760620117 72.9682006835938 73.3449249267578 73.6321029663086 73.8273391723633 74.3931045532227 74.8446884155273 75.3106002807617 75.8589172363281 76.1988906860352 76.4252014160156 76.815673828125 77.1265411376953 77.4346771240234 77.6766967773438 77.8984680175781
60.5586204528809 60.7511711120605 60.9022331237793 61.0792121887207 61.4560928344727 61.8402519226074 62.0502891540527 62.5000038146973 62.8840103149414 63.1751747131348 63.5352096557617 63.825626373291 64.2208099365234 64.6017303466797 64.8124084472656 65.0989532470703 65.6845626831055 65.9699325561523 66.7241516113281 67.091796875 67.5024108886719 67.796012878418 68.4318771362305 68.5583648681641 68.9999160766602 69.3692779541016 69.856086730957 70.1516799926758 70.3512573242188 71.0475158691406 71.4590835571289 71.8707046508789 72.5483779907227 72.7832260131836 73.2122039794922 73.536003112793 74.0547256469727 74.3293304443359 74.8675155639648 75.0785675048828 75.6529388427734 76.152214050293 76.5616226196289 76.7993316650391 77.1839294433594 77.5335998535156 77.7448654174805 78.0410614013672 78.2532653808594
60.8209037780762 61.1378135681152 61.3730354309082 61.7062873840332 61.8236236572266 62.1013641357422 62.296272277832 62.9042663574219 63.2996406555176 63.5186042785645 63.8565292358398 64.2506637573242 64.5527420043945 64.8856201171875 65.0911331176758 65.406623840332 65.8989868164062 66.3418273925781 66.8723526000977 67.3500823974609 67.8637542724609 68.015022277832 68.4736022949219 68.7426910400391 69.3002090454102 69.8761901855469 70.3022613525391 70.5041275024414 70.8571319580078 71.4627914428711 -3.4e+38 72.1734008789062 72.7584457397461 73.0592041015625 73.3807830810547 73.8921966552734 74.3281707763672 74.6972808837891 75.1935424804688 75.4550018310547 75.8952178955078 76.4557342529297 76.8344421386719 77.1473693847656 77.4387817382812 77.8595962524414 78.1403274536133 78.3783416748047 78.5722961425781
61.4916954040527 61.7660522460938 62.0225219726562 62.1953392028809 62.5729751586914 62.92578125 63.1285514831543 63.6597862243652 63.8692283630371 64.2287216186523 64.5182189941406 64.8432769775391 65.1513366699219 65.3301620483398 65.8356628417969 66.1593399047852 66.4168090820312 66.8281402587891 67.4276351928711 67.9970321655273 68.1846618652344 68.7006225585938 69.1975860595703 69.6426849365234 70.012336730957 70.1686477661133 70.6631011962891 71.0747756958008 71.4636306762695 72.1681442260742 72.4449234008789 72.7676467895508 73.2907943725586 73.5282745361328 73.73486328125 74.3429794311523 74.6729965209961 75.0197372436523 75.358528137207 75.7260818481445 76.1590042114258 76.9071502685547 -3.4e+38 77.6930389404297 78.0479354858398 78.5822448730469 78.8191070556641 79.0566329956055 79.4467468261719
61.8732452392578 62.0889053344727 62.4060554504395 62.5788497924805 62.9992485046387 63.1198234558105 63.5089111328125 63.8394050598145 64.2125091552734 64.5493469238281 64.8824005126953 65.0795745849609 65.4141540527344 65.706169128418 66.1710739135742 66.5328140258789 66.7296142578125 67.0315322875977 67.6276473999023 68.1681594848633 68.4827880859375 68.9296569824219 69.3671340942383 69.7217788696289 70.0546264648438 70.3956298828125 70.8069229125977 71.199836730957 71.6635055541992 72.5050277709961 72.7295684814453 73.0421905517578 73.4776458740234 73.8126907348633 -3.4e+38 74.486572265625 74.8305892944336 75.2970352172852 75.5337219238281 75.9887619018555 76.5681228637695 77.1298828125 77.6264724731445 77.9376754760742 78.3732757568359 78.8340911865234 79.2061996459961 79.4195251464844 79.7848739624023
62.1989707946777 62.4333305358887 62.7112617492676 62.9450645446777 63.2456398010254 63.5539703369141 63.8783073425293 64.3711853027344 64.4990158081055 64.9536972045898 -3.4e+38 -3.4e+38 65.9050216674805 66.0702896118164 66.4324035644531 66.8408660888672 67.0166625976562 67.3765563964844 67.8037567138672 68.3407592773438 68.5111389160156 68.8584289550781 69.482177734375 69.7926788330078 70.1806411743164 70.5664672851562 70.9556884765625 71.3678512573242 71.7496109008789 72.4729232788086 72.8875122070312 73.3173828125 73.648551940918 74.0178298950195 74.4863510131836 74.7729110717773 75.1494369506836 75.494140625 75.9456176757812 76.3491516113281 76.8706207275391 77.5335540771484 77.7648696899414 78.0763320922852 78.6313629150391 78.904899597168 79.3483734130859 79.8011779785156 80.1245040893555
62.7678337097168 62.8388710021973 -3.4e+38 63.1675987243652 63.4845314025879 63.8470001220703 64.2812881469727 64.7495880126953 64.9352951049805 65.262336730957 65.6801834106445 66.0232772827148 66.265754699707 66.5337371826172 66.9746780395508 67.165168762207 67.5048141479492 67.8020553588867 68.2498931884766 68.4831695556641 68.6420974731445 69.1284713745117 69.7344055175781 69.9272689819336 70.5434417724609 70.8236999511719 71.177604675293 71.4903030395508 71.9234008789062 72.6424407958984 73.0328140258789 73.4590835571289 73.7480010986328 74.2019500732422 74.7824325561523 75.1042022705078 75.4059829711914 75.7102355957031 76.079719543457 76.5148086547852 76.9360046386719 77.6970062255859 77.9579162597656 78.3976669311523 78.7158889770508 78.9189453125 79.4305038452148 79.9077835083008 80.2317886352539
63.0757026672363 63.2048416137695 -3.4e+38 -3.4e+38 -3.4e+38 64.1457672119141 64.5878067016602 65.0710372924805 65.3242416381836 65.5837097167969 66.0569839477539 66.357307434082 66.6453857421875 66.9798202514648 67.303092956543 67.5665130615234 67.9233551025391 68.2284545898438 68.7086944580078 68.6527404785156 69.1655044555664 69.7296524047852 70.0243759155273 70.2818069458008 70.628044128418 70.8943023681641 71.3789291381836 71.6793823242188 71.9759674072266 72.871955871582 73.2587127685547 73.6657333374023 74.0230484008789 -3.4e+38 74.9889221191406 75.3994750976562 75.8029937744141 76.1573486328125 76.3191528320312 76.7133560180664 77.1574020385742 77.7632217407227 77.906379699707 78.2845153808594 78.726692199707 79.0044784545898 79.7010803222656 80.1211166381836 80.3016815185547
63.3769836425781 63.6096420288086 63.7216186523438 -3.4e+38 -3.4e+38 64.6104431152344 65.0267868041992 65.4159774780273 65.7304916381836 66.1004791259766 66.4204864501953 66.6229782104492 67.0714874267578 67.3977508544922 67.5456237792969 67.9883117675781 68.2610015869141 68.4894027709961 69.138069152832 69.1666793823242 69.6022415161133 69.9980697631836 70.1741790771484 70.5060424804688 70.8291244506836 71.0490112304688 71.6106719970703 71.9318618774414 72.1730194091797 73.0932540893555 73.4003067016602 73.7678604125977 74.2217330932617 74.5743560791016 75.1307220458984 75.4905624389648 75.8964996337891 76.4276275634766 76.6330261230469 76.9952774047852 77.2320022583008 77.8454513549805 78.1198043823242 78.5253219604492 78.9454803466797 79.2486038208008 79.9028625488281 80.1461334228516 80.482177734375
63.5984725952148 63.8534088134766 64.0049285888672 64.2609786987305 64.565315246582 65.060791015625 65.4770050048828 65.877815246582 66.1587371826172 66.5744857788086 66.8826446533203 67.1041641235352 67.2016525268555 67.4804153442383 67.8046569824219 68.2411193847656 68.5483093261719 68.8328018188477 69.4556655883789 69.5996170043945 69.8357849121094 70.3082733154297 70.3783569335938 70.7195587158203 71.1632995605469 71.2981491088867 71.7693939208984 72.2464294433594 72.5063552856445 73.2943878173828 73.6175918579102 74.1346817016602 74.3710479736328 74.767578125 75.2767562866211 75.6639709472656 76.1000061035156 76.5284042358398 76.8197937011719 77.0547943115234 77.2258224487305 77.8620223999023 78.2480545043945 78.8314743041992 79.2896728515625 79.6169662475586 80.0976409912109 80.1827392578125 80.6466903686523
63.8383903503418 64.1534881591797 64.3308792114258 64.8247299194336 65.080436706543 65.4248504638672 65.7256240844727 66.3272323608398 66.5875625610352 67.0544509887695 67.2180404663086 67.5150146484375 67.505729675293 67.8174209594727 68.1706314086914 68.4239654541016 68.8644027709961 69.1415710449219 69.8260650634766 69.9447021484375 70.2322463989258 70.6227874755859 70.7449417114258 71.0231246948242 71.3457870483398 71.6116485595703 72.0627059936523 72.3223495483398 72.7404251098633 73.4750289916992 73.8590850830078 74.2435836791992 74.6011962890625 75.0097198486328 75.4092407226562 75.9027862548828 76.1974182128906 76.6382675170898 77.1007690429688 77.3415451049805 77.4486923217773 78.1413192749023 78.553581237793 78.8784866333008 79.4067230224609 79.6623153686523 80.1065902709961 80.2939376831055 80.7261505126953
64.2812805175781 64.4383087158203 64.7382507324219 65.3195114135742 65.5722274780273 65.7705688476562 66.1436462402344 66.6384811401367 67.0087280273438 67.3308868408203 67.5867767333984 67.6945419311523 67.991325378418 68.3224182128906 68.5951080322266 68.8188400268555 69.0542373657227 69.6759796142578 70.3168563842773 70.5669708251953 70.7837219238281 70.9970932006836 71.1628036499023 71.370491027832 71.7748794555664 72.048210144043 72.3189392089844 72.5723266601562 72.9164810180664 73.6610794067383 74.1512908935547 74.3600234985352 74.7480773925781 75.1563720703125 75.558952331543 76.1030578613281 76.377815246582 76.7004928588867 76.9633560180664 77.3141098022461 77.7979736328125 78.4374008178711 78.7042846679688 78.9497299194336 79.5531768798828 79.6954727172852 80.0610809326172 80.3688278198242 81.018180847168
64.547233581543 64.7599487304688 65.0431060791016 65.5614166259766 65.7009353637695 66.0537033081055 66.4116973876953 66.8870620727539 66.973518371582 67.6235504150391 67.8362884521484 67.972038269043 68.4389877319336 68.7071838378906 68.8471984863281 69.1012496948242 69.4293518066406 69.9480895996094 70.5401306152344 70.8196029663086 71.1353530883789 71.1986083984375 71.4280548095703 71.756233215332 72.0309906005859 72.3129348754883 72.3879547119141 72.720344543457 73.0850143432617 73.8895416259766 74.3886260986328 74.6649703979492 74.9897308349609 75.3029022216797 75.7315979003906 76.2814254760742 76.5924758911133 76.7993316650391 77.122200012207 77.3275833129883 77.78369140625 78.4777984619141 78.7386703491211 79.0179595947266 79.5228881835938 79.8648223876953 80.2068939208984 80.4222106933594 81.0684127807617
64.7893829345703 65.1673736572266 65.5442733764648 65.9206161499023 66.0726699829102 66.3696746826172 66.5876388549805 66.9666213989258 67.0357360839844 67.7839279174805 67.9101181030273 68.3633728027344 68.632194519043 68.939079284668 69.1936340332031 69.3950042724609 69.7572174072266 70.1723403930664 70.8621444702148 71.1628112792969 71.3926849365234 71.4696578979492 71.8119888305664 71.9644470214844 72.3338241577148 72.5146789550781 72.8763198852539 72.9945831298828 73.2506408691406 74.1982879638672 74.6710357666016 74.9438323974609 75.2079010009766 75.4384918212891 75.9827117919922 76.3034973144531 76.7191619873047 76.968376159668 77.0933532714844 77.2937088012695 77.6452560424805 78.3605728149414 78.7553634643555 79.2188491821289 79.4412536621094 79.8301849365234 80.2124557495117 80.5067672729492 81.1339645385742
65.6055145263672 66.1633682250977 66.4181365966797 66.4853439331055 66.8443298339844 67.1692276000977 67.2053985595703 67.661735534668 67.9241485595703 68.1664810180664 68.6834945678711 69.0216064453125 69.2441101074219 69.2962417602539 69.6501617431641 69.8281021118164 70.2798538208008 70.6640777587891 71.0420684814453 71.7107162475586 72.0176162719727 72.0678558349609 72.4182510375977 72.6713104248047 72.9801025390625 73.0966644287109 73.3121109008789 73.5201568603516 73.880500793457 74.4257125854492 74.8207855224609 75.0900192260742 75.3353042602539 75.7760848999023 76.0229034423828 76.2955856323242 76.5868072509766 76.9824295043945 77.1877593994141 77.6947250366211 78.0123977661133 78.7253494262695 79.2162170410156 79.6082916259766 79.7226486206055 79.9463119506836 80.4283752441406 80.8051223754883 81.1499404907227
65.9694061279297 66.4250564575195 66.5478210449219 67.011116027832 67.1689071655273 67.3769607543945 67.3994216918945 68.0230484008789 68.1904983520508 68.5582046508789 68.8911056518555 69.3500671386719 69.4962997436523 69.489143371582 70.1102142333984 70.3066253662109 70.5171127319336 71.1307678222656 71.4456253051758 71.7893753051758 72.073974609375 72.4647369384766 72.8077087402344 73.0027008056641 73.2389755249023 73.3915786743164 73.7152557373047 73.9771194458008 74.1416549682617 74.6507873535156 75.0177917480469 75.2330093383789 75.4785614013672 75.943977355957 76.1993713378906 76.5308837890625 76.7462387084961 77.142822265625 77.4443130493164 77.9697570800781 78.3310012817383 78.9002075195312 79.2935562133789 79.5859146118164 79.8108062744141 80.0298538208008 80.4442367553711 80.8825836181641 81.200309753418
66.3084945678711 66.607177734375 66.8824615478516 67.2761840820312 67.3666152954102 67.5399627685547 67.7835693359375 68.2967681884766 68.5024871826172 68.7537460327148 69.1762619018555 69.4905319213867 69.6492538452148 70.0529632568359 70.4050445556641 70.8572387695312 70.9269332885742 71.1799468994141 71.6804885864258 72.156867980957 72.2987518310547 72.5715713500977 73.1600646972656 73.468635559082 73.5434112548828 73.6225433349609 73.9795227050781 74.3030548095703 74.3479461669922 74.9006652832031 75.2190704345703 75.4506149291992 75.6316680908203 76.1698226928711 76.5853118896484 76.6986465454102 77.0264739990234 77.3988647460938 77.7178726196289 78.0306625366211 78.5509490966797 79.1685104370117 79.5156860351562 79.5485305786133 79.8931350708008 80.1087417602539 80.6455230712891 80.9897994995117 81.1440124511719
66.5327072143555 66.9040298461914 67.1249008178711 67.4599304199219 67.7211074829102 67.8352127075195 68.0550765991211 68.6564407348633 68.9528121948242 69.0209274291992 69.3862457275391 69.4920654296875 70.0433044433594 70.225944519043 70.5096664428711 70.8177185058594 71.2774124145508 71.3961639404297 71.9371871948242 72.3545608520508 72.5534286499023 72.8315124511719 73.370002746582 73.5158309936523 73.7920837402344 74.0447006225586 74.1302719116211 74.5004043579102 74.531852722168 75.1015396118164 75.4197998046875 75.6753387451172 76.0125503540039 76.2760009765625 76.614990234375 76.822021484375 77.2245864868164 77.5761337280273 77.9005966186523 78.2243270874023 78.5885391235352 79.3325424194336 79.7329635620117 79.8117523193359 80.1520843505859 80.4167709350586 80.7202301025391 81.0600738525391 81.2365646362305
66.6574325561523 67.2528381347656 67.5900115966797 67.5739059448242 67.7986907958984 68.1874237060547 68.5803146362305 69.0837326049805 69.3993606567383 69.4124755859375 69.6154251098633 69.6371841430664 69.9722518920898 70.2166748046875 70.5963897705078 70.8482894897461 71.4237518310547 71.5934143066406 72.2554626464844 72.4229125976562 72.6824417114258 73.0894012451172 73.6482086181641 73.7439498901367 74.2199554443359 74.2524337768555 74.4031295776367 74.6952514648438 74.9193267822266 75.2798690795898 75.6525344848633 75.9541015625 76.2546920776367 76.3570327758789 76.6640014648438 77.0474319458008 77.4323196411133 77.6640090942383 77.9791412353516 78.2550430297852 78.7101821899414 79.2956161499023 79.7844467163086 79.9575805664062 80.228515625 80.485481262207 80.6654968261719 80.9178695678711 81.4085464477539
66.9354400634766 67.5385208129883 67.9339599609375 67.7913360595703 68.0951614379883 68.6431427001953 68.8955917358398 69.4401168823242 69.6020812988281 69.8311157226562 69.9548034667969 70.2897567749023 70.3958358764648 70.5298233032227 71.0862045288086 71.2262725830078 71.4571685791016 71.633674621582 72.3711013793945 72.5651321411133 72.7804641723633 73.2582550048828 73.7708358764648 73.9381866455078 74.3820419311523 74.5752334594727 74.5818481445312 74.9172973632812 75.0824661254883 75.4492492675781 75.8019561767578 76.119270324707 76.3491287231445 76.5094909667969 76.8864974975586 77.2484741210938 77.6460189819336 77.930793762207 78.0226135253906 78.3677978515625 78.8561630249023 79.4620208740234 79.8556137084961 80.0907974243164 80.227409362793 80.6128005981445 80.7052154541016 81.1235809326172 81.4567794799805
