rcp4.5models/CNRM_CM5/sc1gr7.2
NCOLS 261 
NROWS 433 
XLLCORNER 336357.134 
YLLCORNER 654653.479 
CELLSIZE 1000 
NODATA_value -9999 
[rows 242 to 263 of 433, columns 100 to 149 of 261]
103.43070385188 103.98964194068 104.309602734926 104.538758900974 104.818644345634 -9999 105.742116463126 106.009385808169 106.275455411484 106.709610470144 107.26446305538 107.628221339086 108.575159332665 109.404511377125 110.474984656688 110.715341227057 110.83732702857 110.939152802507 111.088774029026 111.387182120889 111.839386692901 112.010050166665 112.001336417865 112.104730202638 113.540705064844 -9999 113.358149553274 112.948198230097 112.291385238269 112.306950333364 112.709424986428 112.439391575128 112.333727271033 112.556677614868 111.979206620883 112.176806733069 111.388353904785 111.016794271192 111.408407614126 112.224659231682 112.183931777161 111.270260556407 111.073224701103 110.905691724268 110.865634454118 110.900449238072 111.046103602717 111.355257729731 111.958246068347 112.612831821859
102.148837873481 102.454015961059 102.763822811364 103.086698981005 103.541272032257 103.986371229864 104.209580826181 104.471080004982 105.007480537635 105.478331509141 105.864193765183 106.546593298329 108.205954303097 108.860442452527 108.873410428465 109.65155704726 109.732599001992 109.819984331296 110.053975182272 110.38452986802 110.81108774255 110.930810741579 110.980445254731 111.345989047484 111.98912197418 112.257195555795 112.26152743592 111.948402214771 111.799860469753 111.513530568562 111.077117131032 111.37354219353 111.523953810104 111.680121006229 111.514308091286 111.622749785945 111.132183953319 110.693925829077 110.813113829785 111.257929898384 111.402805367798 111.463430358029 111.019594107838 110.55321378698 110.518779708822 110.572537693087 110.81994189089 111.115830275438 111.430720931532 111.901130491645
101.350608555917 101.765696980722 102.226291433207 102.33017993617 102.842848063722 103.333268055429 103.598966188948 103.804780478397 104.432812790123 104.958644590747 105.439328165899 106.088168572807 107.971231463526 108.470103135666 108.163641892949 108.364758645443 108.136681879368 108.390781939256 109.553662460611 109.953652993911 110.270466855084 110.336375850876 110.488977202377 111.018382843381 111.502711321345 111.604262143552 111.620327840861 111.421366215553 111.222471631556 110.922696555817 110.516060221031 110.297764588332 110.625780019175 111.24493399824 111.142473054254 111.031666954152 110.552369763788 110.460101638429 110.63778175764 110.901915291204 110.906098111321 111.092460302764 110.89821269529 110.427005463103 110.356713326662 110.369577044797 110.686143920953 110.974836035146 111.218470257482 111.529652413769
100.366120723612 101.293660332707 101.813729932674 101.686558638829 102.283852810675 102.74292550925 102.984195801809 103.183773894736 103.737441154283 104.221829086836 104.853832421698 105.517087749423 107.627194083908 107.797719967101 107.381307845644 106.323091198801 104.334876576639 105.365215569716 108.847810670886 109.448018460732 109.634268883276 109.622827454477 109.800473468095 110.520351895289 110.949002699867 110.886279428761 110.95635851967 110.8343266184 110.500840830555 110.100688462422 110.021916137976 109.793679758573 109.921580281555 110.358070346977 110.377368770427 110.382199512156 110.205085374925 110.359257948184 110.485232106493 110.568199615531 110.383597981837 110.537760512805 110.599112631205 110.354385383926 110.174465968086 110.203368624833 110.519164273791 110.830715806529 111.017346573047 111.133398702725
99.5620663614935 100.509749470388 100.961269577018 101.011200695337 101.625356915345 102.034884090003 102.220712812927 102.49076714185 102.892691754228 103.316824626205 104.025635370572 104.81316907591 107.100790800251 107.167893881845 107.261136937544 105.422852115724 101.686262661379 103.639470735049 107.823890906612 108.696028181185 108.966637567844 108.843402535651 109.02922672514 109.830902532976 110.266128231736 110.245044031538 110.289962498491 109.945202248587 109.568172321296 108.558508338384 107.710986699859 107.989533907752 108.013093409255 108.569937934932 109.065041353693 109.580436535763 109.712200278296 110.033683788934 110.233135907672 110.115721175145 109.838839755005 109.972429653857 110.155657655281 109.965934354221 109.903179366547 109.977498494577 110.369162146021 110.577132421082 110.732571079384 110.733049184556
98.6984061017667 99.4425944278036 99.8777032733107 100.200017957452 100.734090803175 101.252704673469 101.44724818234 101.71782608539 101.985359211473 102.459495280313 103.290416782424 104.168907229975 106.52289046479 106.628829737784 106.848283599163 104.972987756495 101.510736209505 104.848148859767 107.570330856582 108.087325826444 108.2940966204 108.274340642532 108.597465387754 109.130515696828 109.49051979098 109.614488262174 109.662691794972 109.316597352894 108.877942096643 108.121492271889 106.9083133667 107.745990181992 109.303980318852 106.843950092028 107.622497100707 108.942283343065 109.198864729513 109.592065019392 109.766743466659 109.697292789507 109.405414750807 109.325075247977 109.542474092244 109.607659330294 109.727614963918 109.803513194148 110.16369133088 110.302926812234 110.453042791187 110.494941978113
97.7526232564732 98.3800807993432 98.8105238575782 99.2864679571896 99.8399531443659 100.366880024372 100.642836538516 100.918201909659 101.220504852508 101.792740766171 102.569788126136 103.257064580406 104.879785523863 105.23798250719 105.529941085653 104.302043055729 102.594213019984 105.53967491773 107.276696580414 107.668821014174 107.836632552484 107.894077075297 108.21951711529 108.485443518254 108.902550266804 109.026955549029 109.103533326394 108.919287242544 108.046812719032 106.702649812805 105.758133880717 107.790889738291 110.152884330701 106.115831468012 107.34707288167 108.659344416526 108.952319024787 109.151063757492 109.11099175763 109.111353793895 108.962593217697 108.694082300953 109.028550797156 109.434442990802 109.535310337193 109.644990647728 109.877488565678 110.08123980385 110.24186403833 110.395642569746
96.8855434228826 98.465337748624 97.9951138776859 98.3616889485361 98.9069482798654 99.4915610047476 100.02072648005 100.082974916045 100.454655197985 101.025185488547 101.607972518835 102.144529730368 103.434857267931 103.619101283792 104.364723201393 104.684773538353 103.885464441657 104.640904839744 106.510790615386 107.065281150485 107.263252595197 107.350219200571 107.576809061355 107.856406255419 108.313064208538 108.434343639135 108.535835970883 108.303541435798 107.375530987911 105.968179494065 104.583122071713 105.586260380396 107.120510536283 106.856658154731 107.727220496764 108.282936498291 108.267518141396 108.342263351883 108.305940393415 108.304218130709 108.27310483178 108.193434589119 108.567844041593 109.097439099273 109.209993906151 109.390538509965 109.686672375068 109.880800374373 109.892404839847 109.799724552138
96.303590461184 98.617394373524 97.223043025778 97.5409878046858 98.1527399894833 98.8683309250486 99.3251357988696 99.3172173119712 99.7017692069983 100.150187793927 100.72995686797 101.345648394426 102.790790255401 103.341698810155 104.172101834082 105.002861029373 104.837133489947 105.04807108456 106.182837446961 106.446712067724 106.551851130096 106.861849081518 107.181128006826 107.387334910953 107.685574470838 107.73663637911 107.741207424424 107.59248220509 107.083471799797 106.834735287377 106.138447287011 105.016234082408 105.130889446432 107.492694873642 107.507996667525 107.543053598767 107.383354484098 107.540612144702 107.591484444132 107.553033260163 107.630167003846 107.731063722906 107.990965346189 108.756209308232 108.877310296926 109.118939198414 109.505002777056 109.67505729611 109.625752030486 109.176024894587
95.2951289925633 97.3759477169463 96.4758385737881 96.7102814534813 97.4649141671699 98.1699735471475 98.2727715472912 98.5157095651884 98.9643659053853 99.483244496813 100.252551976035 101.189013229339 101.75798494289 102.569279040366 103.594253585784 104.834496711693 105.081318465344 105.504519938677 105.754269898022 105.838868911812 105.858997946856 106.298634020856 106.676962783373 106.853738223247 107.084738030955 106.976797624468 106.72398946752 106.674914217348 106.520141020411 106.07212028349 104.936038357132 103.66923598566 104.240181640131 106.801921082367 106.24841199028 106.921641585634 106.978631515528 106.865371064525 107.015291848166 106.978480027994 107.085934076846 107.209603639986 107.401481700149 108.315883909456 108.451950685238 108.826534768401 109.186254506565 109.394043025713 109.565319021686 109.114678223906
94.1269066634877 95.550876141008 95.6795170606958 95.8551580944452 96.6123325943543 97.2651883897452 97.2257358795445 97.6856841766607 98.2247532797034 98.741851165623 99.5955282433415 100.880898197185 100.818860786889 101.567254388207 103.05254976097 104.132747575091 104.379659421293 104.895291941794 105.154454178602 105.264816479782 105.221718211688 105.56069587273 105.989738410125 106.221156836696 106.434969482289 106.377301025492 105.97970524565 105.79809245652 105.859024304166 104.934538525912 102.924417110461 102.471887395395 103.073406083401 104.944805493466 105.938358551036 106.473171702874 106.371682896275 106.452244257129 106.441250901499 106.386937200705 106.4424137212 106.543604929851 106.827253176974 107.682507024674 107.778294234293 108.380113231942 108.777203447736 109.151977855445 109.221758139651 108.7313517601
93.170014807482 94.1624718598102 94.6419304023758 95.0028113401686 95.6030398735965 96.1853598629488 96.4265958345253 96.9321846642666 97.5098463809824 97.984891070209 98.6272544315052 99.9862302258636 100.428497367665 101.282048410952 103.159044557164 103.541695175047 103.766632883248 104.315332028153 104.677368159808 104.552348509425 104.298485121125 104.930895668274 105.480011178778 105.680312617903 105.875402499588 105.940652208184 105.656761632218 105.36293205121 105.632526221213 105.260679350667 103.466764690351 102.538874508837 103.798260307506 105.874321327814 107.61312145579 104.66705600893 105.380837604427 106.087462893449 105.770297456326 105.793326891119 105.877088345659 105.866499680505 106.360333182756 107.423326100518 107.690612542101 108.180885571065 108.555932567841 108.785775123627 108.918855478061 108.210235328579
92.2207993387551 93.1664862436711 93.7234603219229 -9999 94.6980452386813 95.1522105552636 95.6597456653485 96.3516552241222 96.9565726327525 97.2713728953959 97.7743916683584 98.7201894801206 100.160205414124 101.053909868009 102.32808292703 102.94225786771 103.315787722459 103.743015764684 104.211100354641 103.355545096338 102.295070373074 104.198166811719 105.001709045303 105.151863227976 105.312659512073 105.472390347135 105.305025895173 104.980049741714 105.197989190879 105.118052067651 104.429872686783 103.105934331588 102.776776113044 105.220082952866 107.289659362516 103.966476554583 104.979712910242 105.294589842022 105.131313560697 105.320721339192 105.494743177884 105.743552770343 106.419008540127 107.283938749008 107.556795978395 107.901961771202 108.375605179228 108.473013239837 108.824330161907 108.393669244267
90.6153267767516 91.4978317903735 92.0325903511187 -9999 93.0243474099139 93.5313178911891 94.2375458095979 95.2157990520441 95.9266100878769 96.2067026860949 96.6136648760454 96.9682738324158 99.0149927896989 100.406111947343 100.971708733212 101.398457064664 101.035102984712 102.022823571295 102.920521920747 102.840491724682 102.400338688193 103.268858618708 103.790670469941 103.948650705544 104.169860973453 104.269725676835 104.36361861991 104.419612757702 104.288231125625 103.910746214598 103.750956526939 103.187436803936 101.242298105427 102.642732940328 108.552778972236 101.681637080634 104.513912616066 103.829684634653 103.313775926292 103.928704388839 104.493624720733 105.523320067696 105.35766232255 104.144152362629 104.247286151464 105.448180788224 106.621928168428 106.705728819647 107.304531313931 106.945697027132
89.7279523582475 90.6939593397194 91.2492448276428 91.7445485580881 92.30846877997 93.4630194183782 94.4520846130854 94.3448142720233 95.3394092024814 95.4426599577932 95.8652911367045 96.2905097337368 98.26407332464 99.9046641559103 100.243680334611 100.461642685086 100.636307602918 101.590851270622 102.395702654223 102.26836760201 101.775892519548 102.565348099325 103.218129517611 103.353705345971 103.552418372982 103.620374792938 103.779769568701 103.737189832319 103.552808325167 103.630962535142 103.239525367325 102.61801257982 101.083126779015 100.616985539719 104.798385920908 100.947383216162 103.83924886342 103.212182532421 102.822555917439 103.574813813185 104.705528382575 104.890122747421 104.214161411713 103.459245210545 103.521761210447 104.405979144251 105.928954278244 105.561578874149 106.665326831013 106.158269564465
88.9814831240944 90.0161596659413 90.536061053059 91.0084957264799 91.558336931018 93.3544792417805 94.8874776068302 94.3952059789829 96.0674810681494 95.3786946161785 95.1569438286889 95.8429092011987 96.9560406962362 98.3738375609242 99.6757038059812 100.01034550669 99.9684860898231 100.865890118315 101.790040942647 101.652499767207 101.13174008485 102.015340070971 102.727543960933 102.828465100242 103.036201160517 103.122828887846 103.242893573496 103.212259717197 102.926861672276 102.853109791614 102.703036001675 102.399293495686 101.095529343651 98.7862315964051 101.281070989014 100.124376688871 102.579067781974 102.229479450768 103.346752627409 103.630072604936 104.330961214921 103.481679112171 103.434718685052 103.448900268432 103.226973073194 103.635454451643 104.910659002868 104.35020314695 105.269589316026 105.608979744648
88.3175951007013 89.277586037432 89.7937156539543 90.3512939410313 90.8949653540237 92.8480919336805 95.421193268661 95.6267443709791 96.6782363306043 96.0081329945589 94.6772940146748 95.3854357111573 96.781985449045 97.0079008468131 99.0052314410428 99.6290644750339 97.9158957213177 97.5490083652258 99.8963422521272 99.368126301678 97.9014648091677 100.783332047442 102.238918415089 102.313317409762 102.537513269841 102.594129388993 102.68848616714 102.693377063486 102.338648398939 101.938986815346 102.076288103689 100.737035197968 99.2881541851639 101.809156581552 104.444991514547 99.0555837321585 100.920483557617 100.951504990985 102.668298991663 102.587533938937 103.091701742777 102.547217486385 102.586441968738 103.280984444895 102.607711802511 102.557910799822 103.082125981889 103.161138656025 104.28765702313 105.196218888187
87.79516646213 88.6897637625092 89.1645428815337 89.7516533537577 90.2713404455424 91.5302990238008 94.204029459255 95.6181215902692 95.6369737229037 95.928925880813 93.9710964277741 94.5676298738221 97.4721402979566 97.4693740193833 99.0146862455355 99.1266288719211 95.7685231224567 92.0710846942106 94.8752825975591 95.6921913726684 93.5810642132425 98.880535584484 101.69548123175 101.776861856266 102.029607280636 102.034191016526 102.184904320241 102.128122444001 101.616506552308 101.223368166112 101.342383754887 99.1588055298026 98.9084400808966 105.593964800227 106.293407792799 98.495219365381 101.005054538033 100.793694406518 102.005366412572 101.523691214026 102.013302663125 102.104602641246 101.569256428672 102.683917957674 102.317797529566 102.262556851027 101.921559279906 102.068492602544 103.12272935703 103.889984284471
87.3980658570386 88.1002334538142 88.5814435628653 89.0800039819054 89.6449576853056 90.5896577446366 92.8420348867575 94.7878287839305 94.7657223018795 94.9624475387897 93.2245150495843 93.6802194282621 96.8909843195745 97.6357509313903 98.5276053148422 98.1496514617247 95.4346848105137 91.420248495011 93.5711626799316 94.3109285169739 93.1472097421639 98.7977442600128 101.218751580634 101.325454006193 101.579260325721 101.542700499778 101.45615217518 101.497466348888 100.837435019435 99.0224043033639 97.6410191403068 96.3302742400764 98.2762723076592 104.427964765501 104.868592268842 101.566973363261 101.799266802221 99.2296319153547 100.816312707838 100.859484289436 101.224239724597 101.291999034413 100.877794983469 102.159053657122 101.880062391815 102.400531041575 102.411043931005 102.016968515661 101.598115630782 102.234566492225
87.1306761794066 87.4960965667295 88.0046422958921 88.5085047344863 89.0661922962801 90.0690454082477 92.3780144340534 94.6954182544182 94.3576118245213 93.1583735363584 92.5941649015185 93.0117546566381 96.0506276162901 97.5769246916654 97.7023776806369 96.6354286649635 95.103490506103 93.6744690679572 95.3484759235943 96.0722894243427 96.2553635089447 99.8729977704901 100.678672074508 100.804929632605 100.989942844908 100.83049554013 100.554732707356 100.615239166632 100.016618715612 96.7026000714111 93.0360324361686 94.6277867180181 100.173830661422 103.988553542816 104.38085303686 105.577475617152 102.916753299844 97.9188721525127 100.489973548104 100.655949247456 100.355025634332 101.618930995778 105.345149508848 107.006221280537 104.810468919658 102.193870389736 102.827958588025 102.454768968878 101.546061272395 102.702060866941
86.7206137522517 86.9839783923427 87.566528143357 88.0577427915529 88.5372776114937 89.2442999894039 91.27111482413 94.1475463912149 93.8655996910718 92.2621653622729 92.2953031682615 92.5642176936494 96.4275244304617 97.332555382417 97.2584578528346 96.0575537527793 94.9454376553643 95.1974745739433 96.8256863928839 98.2818562848945 98.551601059603 99.9021304978768 100.04024540851 100.187737843109 100.387355665018 99.929224791784 99.7481167201989 99.8242244758638 99.2713129779665 96.1348973574569 92.840519738526 97.0882412023052 101.245683646273 104.542434928259 103.728398620828 104.838948544765 103.984106684617 97.4332013876581 98.3891359221021 99.2239456910602 100.079329308528 101.061302217007 106.627124417347 111.459729290342 107.925128667063 102.486932166599 101.902264387454 101.054060900135 101.928116393089 104.615769343023
86.0213818870116 86.4919908477744 87.0485502410423 87.520279665337 88.0093011290665 88.6317860234737 89.7412670957733 92.1839549692266 93.7947332438545 92.7680902579164 91.6430620070937 92.0404357389094 95.9385528653327 95.8099049618753 95.9266748387801 95.2020551501632 95.2774608800784 95.6739963853487 97.0332688604594 98.7241013487694 98.9138039451204 99.3014477578698 99.4971213355065 99.7611594450257 99.841242993999 99.4063757859802 98.6527707157531 98.653037552461 97.9929086202364 95.566049296152 93.8874123540225 96.4869941330099 96.3728120491681 101.598494147687 103.127527891009 100.533590305951 103.857047933 101.551468065772 100.252120879597 98.0135232214816 99.00031708916 99.6323708233441 103.215643911377 107.726166652233 104.081711476307 101.560323958387 100.505875623947 99.8466069896762 102.296517456625 104.500004709717
