rcp4.5models/CNRM_CM5/sc1gr6.13
NCOLS 261 
NROWS 433 
XLLCORNER 336357.134 
YLLCORNER 654653.479 
CELLSIZE 1000 
NODATA_value -3.4e+38 
[rows 286 to 307 of 433, columns 49 to 97 of 261]
1915.677734375 1931.8369140625 1948.64965820312 1969.11145019531 1984.21704101562 2000.99243164062 2019.16247558594 2067.25366210938 2091.15844726562 2120.05151367188 2139.84057617188 2148.240234375 2156.54223632812 2198.63525390625 2240.7861328125 2233.11499023438 2229.90771484375 2238.00903320312 2239.38671875 2271.96704101562 2282.03979492188 2261.00122070312 2273.94458007812 2289.61401367188 2284.91625976562 2305.90625 2304.91552734375 2276.40234375 2282.6962890625 2311.32348632812 2348.56518554688 2342.65380859375 2285.1962890625 2289.97827148438 2307.18627929688 2312.13793945312 2304.71801757812 2283.7568359375 2293.63818359375 2300.07690429688 2282.40307617188 2260.96655273438 2254.88720703125 2249.92065429688 2235.11669921875 2227.54638671875 2228.16137695312 2240.93823242188 2243.77905273438
1923.31433105469 1943.275390625 1963.49194335938 1984.92761230469 2004.072265625 2026.90148925781 2047.24682617188 2087.22290039062 2108.27709960938 2135.94970703125 2158.22314453125 2174.73974609375 2179.55834960938 2205.84033203125 2236.85107421875 2244.71264648438 2254.509765625 2260.48608398438 2273.43017578125 2308.02490234375 2328.33862304688 2301.0380859375 2316.33520507812 2350.90991210938 2356.861328125 2368.19995117188 2342.25830078125 2306.79443359375 2324.71997070312 2340.67431640625 2377.7841796875 2381.7978515625 2327.763671875 2333.64770507812 2351.49194335938 2337.82739257812 2325.93920898438 2316.54541015625 2322.68603515625 2328.43798828125 2339.1162109375 2304.83715820312 2279.72021484375 2283.578125 2282.14892578125 2287.27490234375 2304.03662109375 2316.27270507812 2311.94165039062
1933.73034667969 1945.03234863281 1965.16101074219 1994.1328125 2019.12841796875 2042.54663085938 2064.06127929688 2112.3251953125 2124.296875 2149.60009765625 2178.98583984375 2200.2080078125 2214.59155273438 2231.85913085938 2259.69775390625 2279.44921875 2275.3544921875 2272.00439453125 2314.20092773438 2336.2158203125 2355.46484375 2339.01831054688 2361.55908203125 2415.0361328125 2421.03393554688 2394.04028320312 2369.185546875 2364.2666015625 2357.05078125 2379.9208984375 2395.93505859375 2396.73217773438 2369.68286132812 2366.02099609375 2374.71044921875 2366.94848632812 2361.8779296875 2350.30151367188 2342.33471679688 2347.76879882812 2383.95922851562 2360.39038085938 2314.48950195312 2314.02392578125 2316.6396484375 2340.14990234375 2373.10815429688 2376.6796875 2360.64477539062
1937.35241699219 1960.88940429688 1980.17602539062 2003.82568359375 2028.98828125 2047.71362304688 2070.9345703125 2133.90185546875 2151.41845703125 2168.9140625 2195.48559570312 2223.4794921875 2244.20581054688 2257.32397460938 2279.25439453125 2297.22705078125 2287.33349609375 2284.54663085938 2367.64794921875 2378.07958984375 2386.4140625 2365.728515625 2381.60327148438 2445.3291015625 2441.83837890625 2392.52270507812 2389.3515625 2417.46655273438 2424.24975585938 2424.69458007812 2427.30493164062 2432.83569335938 2416.76147460938 2392.60180664062 2402.38159179688 2409.03735351562 2404.46850585938 2387.72583007812 2382.21923828125 2401.94360351562 2434.505859375 2408.14965820312 2358.76391601562 2347.50903320312 2355.0283203125 2363.22241210938 2376.09814453125 2379.62622070312 2377.51733398438
1965.56848144531 1992.79907226562 2016.45202636719 2037.97180175781 2061.6552734375 2086.04931640625 2108.6494140625 2164.455078125 2190.66943359375 2215.20336914062 2232.62548828125 2248.24194335938 2268.76098632812 2279.91259765625 2285.0751953125 2296.82421875 2314.03540039062 2366.14306640625 2422.5498046875 2429.35546875 2424.28930664062 2426.2685546875 2434.556640625 2440.60620117188 2482.99829101562 2490.392578125 2488.02124023438 2483.47412109375 2493.69848632812 2516.04028320312 2517.8720703125 2488.28393554688 2458.8310546875 2442.02661132812 2455.76220703125 2466.97900390625 2474.63232421875 2469.36938476562 2474.78881835938 2479.63330078125 2479.765625 2504.52612304688 2473.71459960938 2437.79931640625 2424.9267578125 2431.046875 2460.86669921875 2485.8798828125 2481.75561523438
1989.84643554688 2009.26586914062 2031.94165039062 2057.533203125 2081.51904296875 2104.00830078125 2125.95458984375 2174.13598632812 2204.42700195312 2231.82861328125 2247.49951171875 2256.59545898438 2277.41430664062 2291.38403320312 2302.75805664062 2330.15307617188 2340.17065429688 2370.53247070312 2440.841796875 2449.64721679688 2444.73803710938 2454.58129882812 2458.7177734375 2487.42431640625 2551.4072265625 2543.75073242188 2520.5439453125 2531.76025390625 2518.3583984375 2570.62377929688 2556.20288085938 2529.9619140625 2496.02368164062 2481.57275390625 2496.7919921875 2483.2490234375 2477.73852539062 2471.41918945312 2489.13012695312 2499.27783203125 2487.05224609375 2576.67749023438 2539.04541015625 2493.6787109375 2461.83666992188 2464.7177734375 2500.04736328125 2549.03100585938 2573.21557617188
1998.67346191406 2019.58972167969 2046.59020996094 2074.6904296875 2094.37060546875 2112.99609375 2136.41381835938 2191.2451171875 2218.84545898438 2243.81811523438 2263.3193359375 2274.71704101562 2290.14892578125 2302.8916015625 2324.58911132812 2359.36791992188 2372.93920898438 2384.44287109375 2436.53515625 2448.5576171875 2463.16723632812 2498.31689453125 2508.06811523438 2527.31469726562 2583.03173828125 2585.20092773438 2560.06298828125 2554.73901367188 2544.82104492188 2581.78686523438 2568.02465820312 2526.58374023438 2508.05517578125 2498.18823242188 2506.83984375 2508.67358398438 2502.21801757812 2495.39868164062 2507.61303710938 2495.458984375 2506.44995117188 2647.05541992188 2611.21069335938 2555.60522460938 2533.2919921875 2520.58862304688 2527.9697265625 2597.87329101562 2622.84350585938
2008.81359863281 2030.87841796875 2056.0634765625 2084.32983398438 2103.95849609375 2115.90966796875 2143.43408203125 2198.00659179688 2231.2744140625 2259.37109375 2278.12915039062 2289.3291015625 2302.9736328125 2322.015625 2347.67407226562 2375.25463867188 2398.63452148438 2408.11694335938 2475.12841796875 2481.35107421875 2481.97631835938 2526.70776367188 2551.02319335938 2559.1328125 2608.16870117188 2642.34936523438 2626.8359375 2605.08959960938 2621.08422851562 2626.97973632812 2649.10766601562 2582.58349609375 2578.89233398438 2577.56298828125 2571.1572265625 2582.75634765625 2576.1259765625 2569.91357421875 2579.65087890625 2560.74584960938 2555.3759765625 2646.08154296875 2648.68432617188 2589.20727539062 2576.93627929688 2575.95141601562 2561.90185546875 2617.48413085938 2634.38012695312
2015.44506835938 2044.98889160156 2071.12182617188 2097.029296875 2117.10180664062 2131.63793945312 2158.6767578125 2215.70458984375 2247.32470703125 2270.67749023438 2287.45166015625 2304.92138671875 2318.09985351562 2339.51513671875 2363.55883789062 2385.2373046875 2420.41259765625 2441.208984375 2493.103515625 2499.47216796875 2507.818359375 2547.22802734375 2595.36279296875 2604.56665039062 2623.71264648438 2676.69653320312 2692.54223632812 2690.08374023438 2686.12670898438 2677.15747070312 2692.21020507812 2676.56372070312 2663.37622070312 2643.79760742188 2638.06689453125 2633.5419921875 2609.75561523438 2625.27783203125 2665.35473632812 2687.40942382812 2647.39892578125 2661.58129882812 2642.58251953125 2616.13427734375 2586.5205078125 2597.53491210938 2595.02075195312 2596.07592773438 2596.32958984375
2025.65661621094 2054.12915039062 2084.38598632812 2108.5302734375 2122.130859375 2143.1083984375 2178.2763671875 2240.04541015625 2260.47412109375 2278.35083007812 2295.40380859375 2316.31689453125 2336.62915039062 2359.93359375 2390.53735351562 2414.81787109375 2445.15600585938 2465.59033203125 2534.32250976562 2549.18188476562 2538.08984375 2584.13671875 2609.77001953125 2600.35229492188 2650.232421875 2707.1142578125 2729.32666015625 2751.36596679688 2742.57690429688 2749.1953125 2726.73193359375 2724.63623046875 2696.01416015625 2670.5537109375 2689.97436523438 2679.89404296875 2634.19287109375 2678.51928710938 2746.94067382812 2787.42504882812 2739.21142578125 2754.01440429688 2723.96484375 2680.41333007812 2643.62353515625 2668.2626953125 2684.82666015625 2659.91870117188 2641.8828125
2028.79040527344 2054.47265625 2077.015625 2102.619140625 2127.22387695312 2159.68969726562 2194.79956054688 2255.08984375 2275.99047851562 2291.31201171875 2304.4560546875 2323.80200195312 2352.29345703125 2384.08520507812 2412.54174804688 2429.97241210938 2453.91040039062 2485.54565429688 2554.92504882812 2581.40283203125 2569.53442382812 2588.22924804688 2590.89868164062 2621.55639648438 2708.08227539062 2742.20483398438 2750.5029296875 2791.06372070312 2820.92065429688 2830.61767578125 2787.3212890625 2770.15234375 2743.84838867188 2726.04077148438 2731.01318359375 2720.81372070312 2678.40893554688 2728.38159179688 2824.70288085938 2834.5693359375 2818.54858398438 2846.35717773438 2840.71411132812 2783.20434570312 2741.25390625 2752.51220703125 2771.32397460938 2766.95947265625 2753.03295898438
2045.65014648438 2080.94702148438 2102.77319335938 2124.4912109375 2155.44946289062 2188.11181640625 2215.96484375 2266.71118164062 2287.73486328125 2300.64770507812 2322.1591796875 2352.1640625 2378.06689453125 2400.9794921875 2421.80004882812 2451.06811523438 2480.24243164062 2511.77612304688 2552.66235351562 2569.689453125 2592.97998046875 2626.34643554688 2649.35083007812 2694.3115234375 2732.80029296875 2744.68505859375 2772.69921875 2821.0224609375 2856.0830078125 2871.43139648438 2833.6552734375 2814.25341796875 2809.86572265625 2795.13012695312 2754.19067382812 2713.59423828125 2721.26049804688 2820.4609375 2915.75634765625 2895.251953125 2855.3583984375 2904.11059570312 2905.72705078125 2884.64624023438 2836.43969726562 2801.91674804688 2811.54638671875 2825.02465820312 2820.0302734375
2077.28051757812 2106.58740234375 2132.47631835938 2156.35864257812 2184.927734375 2205.07250976562 2228.45654296875 2274.36279296875 2294.37084960938 2305.23071289062 2339.66552734375 2378.38354492188 2407.373046875 2434.60424804688 2454.17016601562 2482.25317382812 2512.4287109375 2540.19921875 2574.94677734375 2582.19287109375 2603.94604492188 2672.19604492188 2744.40625 2785.09521484375 2797.76904296875 2794.85009765625 2823.17504882812 2861.14892578125 2862.16821289062 2892.65795898438 2892.90307617188 2873.96435546875 2843.3330078125 2803.43286132812 2752.138671875 2704.26025390625 2764.5732421875 2899.71240234375 2947.35375976562 2913.794921875 2841.24389648438 2918.33032226562 2926.30615234375 2914.30224609375 2873.22412109375 2848.21215820312 2851.83471679688 2871.26440429688 2877.27978515625
2099.75390625 2116.91430664062 2138.41577148438 2166.60473632812 2195.2734375 2207.2587890625 2221.74877929688 2272.84545898438 2299.51171875 2320.87915039062 2355.00634765625 2396.61376953125 2428.625 2457.29956054688 2479.74169921875 2503.63989257812 2531.96606445312 2562.99951171875 2597.34838867188 2606.25146484375 2622.33740234375 2705.44140625 2798.1015625 2834.1796875 2851.93334960938 2849.23022460938 2825.42456054688 2839.77856445312 2891.92797851562 2904.3984375 2948.90625 2917.63598632812 2856.65234375 2840.7939453125 2798.4384765625 2729.2861328125 2796.54541015625 2910.59887695312 2944.3173828125 2963.35986328125 2889.01953125 2921.03955078125 2943.10815429688 2962.9384765625 2947.52734375 2934.86181640625 2926.76733398438 2910.52001953125 2898.45288085938
2110.49536132812 2123.56884765625 2138.37133789062 2165.1025390625 2198.619140625 2217.09521484375 2226.78198242188 2303.60229492188 2331.68872070312 2360.4208984375 2389.69677734375 2419.98657226562 2446.44946289062 2462.0849609375 2489.5048828125 2530.19873046875 2555.88549804688 2583.14208984375 2606.68774414062 2624.0986328125 2643.822265625 2740.39013671875 2820.7255859375 2813.49951171875 2798.05615234375 2832.91137695312 2877.24365234375 2896.5390625 2953.55615234375 2922.43969726562 2975.51733398438 2993.93701171875 2954.16186523438 2910.37280273438 2843.21118164062 2773.72045898438 2832.37182617188 2951.06176757812 3006.44702148438 3013.8359375 2936.44311523438 2987.23168945312 3011.72631835938 3034.21728515625 3042.8427734375 3027.45971679688 3007.46948242188 2952.16137695312 2924.7314453125
2128.36572265625 2150.24755859375 2171.13037109375 2190.43359375 2207.5517578125 2235.0478515625 2264.11596679688 2322.84106445312 2362.58520507812 2394.80200195312 2416.99096679688 2444.96826171875 2472.541015625 2497.71875 2533.03979492188 2570.18896484375 2598.75537109375 2616.62768554688 2639.7041015625 2664.05712890625 2692.234375 2733.48193359375 2788.91918945312 2825.64477539062 2831.18774414062 2902.85791015625 2945.20703125 2916.74951171875 2965.86694335938 2989.3359375 2975.4501953125 3045.06030273438 3099.83984375 3015.19311523438 2870.14916992188 2836.75244140625 2944.8984375 3101.06323242188 3124.30224609375 3087.55615234375 3060.52197265625 2992.21533203125 3101.67456054688 3077.9931640625 3011.07983398438 3034.65356445312 3116.73364257812 3083.90698242188 2997.7236328125
2124.958984375 2148.15600585938 2172.4931640625 2195.2509765625 2219.396484375 2257.31420898438 2292.85717773438 2338.62866210938 2372.81176757812 2405.82250976562 2436.16040039062 2474.11962890625 2507.15258789062 2534.45532226562 2558.9248046875 2587.24780273438 2613.44311523438 2623.42944335938 2684.71875 2710.23291015625 2759.14916992188 2827.79565429688 2910.05786132812 2952.10473632812 2916.21264648438 2918.01806640625 2961.00122070312 2974.2177734375 3031.62622070312 3092.97802734375 3040.2646484375 3054.6611328125 3100.46069335938 2974.73388671875 2872.05004882812 2888.46069335938 2953.94311523438 3106.44775390625 3192.609375 3064.23168945312 2984.41137695312 2916.70043945312 2989.61376953125 3020.369140625 2997.48291015625 2984.32885742188 3105.44702148438 3137.34838867188 3118.74291992188
2130.04736328125 2153.69995117188 2183.88061523438 2215.1943359375 2247.11669921875 2284.50122070312 2320.14135742188 2366.91259765625 2399.24389648438 2435.236328125 2465.84155273438 2498.24584960938 2528.67041015625 2562.53784179688 2586.44287109375 2605.44750976562 2636.595703125 2662.767578125 2723.92749023438 2751.46166992188 2799.94580078125 2903.8310546875 3010.45678710938 3035.94799804688 2998.61938476562 2971.31127929688 3060.50463867188 3133.30126953125 3139.00073242188 3139.45043945312 3051.62109375 3063.50341796875 3113.53979492188 2976.95239257812 2931.67724609375 2971.744140625 3019.4765625 3057.4248046875 3072.00366210938 3064.13452148438 3074.3330078125 3022.16162109375 3051.544921875 3164.26000976562 3139.87646484375 3093.6435546875 3177.39721679688 3178.53637695312 3139.19384765625
2144.6767578125 2167.22436523438 2193.24633789062 2220.86889648438 2251.40698242188 2290.06762695312 2328.87841796875 2399.36279296875 2435.06372070312 2465.04052734375 2524.88891601562 2554.24340820312 2548.7275390625 2589.52514648438 2621.41650390625 2641.73022460938 2671.27294921875 2705.42260742188 2759.06616210938 2801.76025390625 2836.52416992188 2935.52685546875 3055.5087890625 3088.66650390625 3061.33618164062 3032.1923828125 3107.9501953125 3171.76147460938 3167.48974609375 3090.46948242188 3000.75708007812 3033.14428710938 3047.61450195312 2973.8603515625 2983.25415039062 3030.64868164062 3030.27099609375 2989.12915039062 3046.79736328125 3214.71313476562 3258.05322265625 3249.98657226562 3257.54370117188 3286.38232421875 3147.49194335938 3110.38696289062 3216.67456054688 3176.1875 3061.05151367188
2169.69799804688 2182.3369140625 2213.41650390625 2249.03002929688 2279.27099609375 2303.3662109375 2329.52197265625 2420.1171875 2464.880859375 2503.50390625 2577.03588867188 2603.6806640625 2585.80981445312 2629.78540039062 2665.30053710938 2682.6796875 2701.29760742188 2732.57983398438 2785.91381835938 2842.48095703125 2895.69189453125 2926.7392578125 3023.23559570312 3109.09887695312 3105.18798828125 3115.68994140625 3155.23364257812 3196.02685546875 3232.16162109375 3148.06103515625 3039.87084960938 3015.00903320312 3010.08227539062 2977.1611328125 3002.42016601562 3027.16674804688 3013.68994140625 3050.93090820312 3215.56665039062 3367.6494140625 3370.2958984375 3390.96240234375 3381.70874023438 3339.54736328125 3181.88989257812 3149.52978515625 3275.0458984375 3251.794921875 3185.17993164062
2198.33154296875 2215.96264648438 2256.34838867188 2292.46606445312 2316.19091796875 2326.85083007812 2350.568359375 2426.52099609375 2477.9677734375 2534.908203125 2573.84936523438 2587.22875976562 2609.31030273438 2643.6552734375 2683.48364257812 2709.57568359375 2717.64916992188 2746.146484375 2808.18676757812 2863.1083984375 2917.05493164062 2935.94384765625 3019.34057617188 3130.9814453125 3166.75512695312 3199.1494140625 3196.05981445312 3239.49291992188 3326.05126953125 3267.79956054688 3132.2841796875 3035.36938476562 3036.68530273438 3014.07836914062 3025.8486328125 3043.65258789062 3080.24560546875 3183.8544921875 3334.26977539062 3432.09399414062 3370.27026367188 3346.33666992188 3365.93798828125 3349.54541015625 3345.74829101562 3343.61962890625 3364.27099609375 3319.44262695312 3286.05102539062
2225.5224609375 2246.2001953125 2286.03857421875 2316.94750976562 2328.12036132812 2344.02270507812 2384.83935546875 2441.51928710938 2468.43920898438 2513.62280273438 2553.93872070312 2590.32495117188 2629.060546875 2664.02856445312 2701.7841796875 2732.62817382812 2741.47241210938 2764.93774414062 2823.59155273438 2877.1240234375 2916.50390625 2960.17651367188 3028.89111328125 3151.35498046875 3230.63110351562 3249.10717773438 3272.18212890625 3301.703125 3339.2412109375 3274.56665039062 3162.96557617188 3068.33520507812 3087.13793945312 3131.27221679688 3146.39892578125 3204.61694335938 3266.9951171875 3293.9111328125 3357.16357421875 3393.95629882812 3336.15161132812 3343.30883789062 3317.59008789062 3368.69677734375 3444.69116210938 3329.91918945312 3193.23681640625 3167.88647460938 3140.68041992188
