rcp4.5models/CNRM_CM5/sc1gr3.15
NCOLS 261 
NROWS 433 
XLLCORNER 336357.134 
YLLCORNER 654653.479 
CELLSIZE 1000 
NODATA_value -3.4e+38 
[rows 396 to 417 of 433, columns 98 to 146 of 261]
260.26318359375 263.975921630859 262.287658691406 257.494018554688 256.200134277344 257.933685302734 260.313598632812 259.860778808594 260.305511474609 262.232025146484 262.276336669922 260.420776367188 257.751739501953 253.925857543945 249.345031738281 250.573455810547 249.882232666016 250.209732055664 253.905715942383 257.001953125 256.525512695312 255.610137939453 255.113082885742 252.960494995117 245.100341796875 233.8681640625 251.474197387695 260.349548339844 261.297149658203 261.654663085938 262.123504638672 262.398773193359 262.295074462891 262.203552246094 262.284149169922 262.323822021484 261.862182617188 261.898712158203 262.029113769531 262.331451416016 261.605773925781 261.115753173828 262.221984863281 262.918914794922 263.201751708984 263.749725341797 263.887237548828 264.216674804688 264.827301025391
257.486206054688 262.006317138672 263.102081298828 260.675079345703 258.048583984375 257.4931640625 258.689331054688 258.680938720703 259.677886962891 262.147155761719 262.061279296875 259.704650878906 257.0712890625 255.179061889648 250.469528198242 249.446533203125 251.624114990234 254.544952392578 257.481018066406 258.350158691406 255.604614257812 254.620681762695 254.884033203125 249.929092407227 240.013610839844 237.003540039062 257.692993164062 260.770904541016 261.009155273438 261.614837646484 262.147094726562 262.957366943359 263.385711669922 262.675415039062 262.089477539062 262.178985595703 261.902191162109 261.746673583984 261.934478759766 262.159606933594 262.528442382812 262.418609619141 262.393249511719 262.592376708984 263.040710449219 263.675659179688 263.203887939453 263.302581787109 264.516357421875
256.782287597656 261.126678466797 263.694519042969 262.545715332031 258.753021240234 257.395172119141 258.485504150391 260.800659179688 262.873138427734 263.667510986328 262.422576904297 259.038696289062 256.385314941406 256.02880859375 253.393951416016 254.542724609375 257.404449462891 258.566345214844 259.052368164062 258.369659423828 255.068481445312 254.269226074219 253.749847412109 247.253753662109 240.504791259766 245.194686889648 261.538116455078 260.849456787109 260.927337646484 261.376953125 261.421295166016 262.288177490234 263.231658935547 262.429992675781 261.767059326172 262.752532958984 262.405670166016 261.642883300781 261.515472412109 261.637878417969 262.614349365234 263.094573974609 262.826446533203 262.844604492188 263.376403808594 263.729522705078 263.4853515625 263.931243896484 265.457275390625
255.571243286133 258.097900390625 260.599395751953 263.175262451172 260.658111572266 258.773010253906 259.362457275391 262.997314453125 264.919952392578 264.707305908203 264.239105224609 260.701049804688 256.937377929688 256.217803955078 257.970977783203 258.813385009766 259.392150878906 259.979370117188 259.761108398438 256.432067871094 253.045074462891 253.440017700195 251.40185546875 246.303985595703 246.611587524414 254.815551757812 261.629791259766 260.459228515625 260.669982910156 260.791351318359 259.805633544922 260.711486816406 262.859466552734 -3.4e+38 262.771453857422 263.440216064453 263.598846435547 262.52685546875 261.965667724609 261.825347900391 262.506469726562 263.205871582031 263.433441162109 263.44189453125 263.244689941406 262.848602294922 264.740570068359 265.560913085938 266.191101074219
253.707229614258 254.674652099609 256.335418701172 263.626037597656 263.242950439453 261.828979492188 261.18212890625 263.918823242188 265.157867431641 263.37158203125 263.772430419922 262.929046630859 259.036590576172 257.738311767578 260.810913085938 261.002014160156 261.714080810547 261.327484130859 257.378784179688 252.347625732422 251.217987060547 250.408569335938 244.231109619141 241.21826171875 249.374877929688 259.466766357422 262.376220703125 261.629913330078 261.341369628906 260.301727294922 258.865814208984 260.244720458984 262.858276367188 263.911895751953 -3.4e+38 264.203979492188 264.325134277344 262.713439941406 262.373504638672 262.583129882812 262.571990966797 263.195526123047 263.897827148438 264.375518798828 262.938018798828 261.835052490234 265.254516601562 265.911285400391 266.810424804688
255.540512084961 254.749938964844 254.241241455078 262.273376464844 263.907196044922 263.921447753906 263.744018554688 265.184661865234 265.916137695312 263.354400634766 262.405364990234 263.336059570312 261.340148925781 258.732849121094 260.737762451172 260.552917480469 259.279998779297 256.304290771484 252.345962524414 251.05517578125 251.88020324707 247.947143554688 239.677993774414 240.478118896484 253.071502685547 261.477203369141 262.075256347656 262.139587402344 262.401947021484 261.203338623047 260.601287841797 262.320922851562 263.024139404297 263.192413330078 264.053924560547 264.673309326172 264.992492675781 263.367736816406 263.438140869141 263.881195068359 263.578338623047 263.926940917969 264.577819824219 265.356140136719 264.462738037109 263.783142089844 265.660125732422 266.013214111328 267.213104248047
257.321197509766 254.444046020508 254.280624389648 261.133758544922 264.184417724609 264.571197509766 265.125946044922 265.452423095703 264.655792236328 264.007476806641 263.916442871094 263.464691162109 262.412353515625 260.340698242188 256.923889160156 254.891998291016 254.716766357422 253.196563720703 251.760543823242 252.689086914062 252.496124267578 248.1572265625 244.023040771484 248.280609130859 258.426574707031 262.998016357422 261.775970458984 261.782989501953 262.375213623047 262.933990478516 263.276275634766 264.273498535156 263.696502685547 263.171203613281 263.640411376953 264.286834716797 264.86962890625 264.938598632812 264.857482910156 264.953887939453 264.873168945312 265.164978027344 265.465881347656 265.847015380859 266.059875488281 266.040008544922 266.154205322266 266.373016357422 267.101654052734
257.791778564453 255.17463684082 255.941314697266 262.238250732422 264.782196044922 265.411376953125 265.682861328125 264.993438720703 262.354888916016 261.097442626953 262.807647705078 261.933227539062 259.518463134766 257.568542480469 252.209320068359 252.246215820312 254.441665649414 255.460052490234 254.423904418945 252.770004272461 251.145980834961 249.637619018555 250.701538085938 256.408203125 262.215118408203 262.520263671875 261.611541748047 261.637634277344 262.650695800781 263.759307861328 264.204925537109 264.447570800781 264.2939453125 263.96435546875 263.823303222656 263.936401367188 264.557739257812 265.637054443359 265.279754638672 265.514099121094 265.901336669922 266.064544677734 266.276733398438 266.435852050781 266.502960205078 266.598388671875 266.625366210938 266.733123779297 266.988922119141
258.928253173828 258.568511962891 257.873809814453 261.277893066406 263.947265625 265.490936279297 265.924530029297 265.605377197266 262.510070800781 258.177703857422 257.182891845703 257.687103271484 256.437896728516 253.758911132812 250.806686401367 252.250457763672 252.441635131836 252.328018188477 254.622955322266 254.392227172852 251.807113647461 252.358810424805 255.007308959961 259.3359375 263.174346923828 262.394866943359 260.530303955078 259.916320800781 261.754791259766 263.548645019531 264.219970703125 264.648590087891 264.946472167969 265.078491210938 264.985015869141 264.718994140625 265.079986572266 265.823699951172 265.913299560547 266.231231689453 266.162750244141 266.215667724609 266.658660888672 266.699462890625 266.584686279297 267.106658935547 267.400451660156 267.314605712891 267.141937255859
260.670867919922 262.317169189453 261.388732910156 261.170288085938 264.212768554688 265.640441894531 265.959686279297 266.182922363281 264.317962646484 260.308013916016 257.534210205078 256.097717285156 253.30876159668 250.657669067383 249.480361938477 249.485366821289 249.260589599609 249.127410888672 253.071044921875 257.358093261719 256.440765380859 256.754638671875 259.830688476562 261.923828125 262.879577636719 262.262847900391 260.549407958984 259.284027099609 260.966156005859 263.520385742188 264.462951660156 265.127349853516 265.307006835938 265.532318115234 265.708862304688 265.342407226562 265.407196044922 266.075164794922 266.337615966797 266.643646240234 266.279632568359 266.379760742188 266.994049072266 266.721313476562 266.507476806641 267.205596923828 267.784240722656 267.651916503906 267.498321533203
260.362670898438 262.022155761719 263.916900634766 261.236358642578 261.879119873047 262.635192871094 264.398742675781 265.738037109375 265.909790039062 265.199279785156 263.879150390625 262.260284423828 261.7587890625 262.016815185547 261.2646484375 260.522369384766 260.266265869141 260.941986083984 262.440643310547 264.893218994141 265.624176025391 265.461242675781 265.355102539062 264.592102050781 263.840789794922 263.091918945312 261.269775390625 260.280914306641 261.349639892578 263.451263427734 264.701507568359 265.3740234375 265.024627685547 264.653015136719 265.336944580078 266.054656982422 266.176116943359 266.402374267578 266.982604980469 267.103851318359 267.231475830078 267.507904052734 267.68603515625 267.713958740234 267.774017333984 268.11767578125 268.478118896484 268.368469238281 268.310974121094
262.753723144531 263.676239013672 262.609588623047 260.598510742188 257.609527587891 259.052764892578 263.974395751953 265.835205078125 265.872436523438 265.451538085938 264.901184082031 264.173034667969 263.732543945312 263.275207519531 264.894134521484 265.490173339844 264.869171142578 264.137023925781 264.953826904297 265.53759765625 265.469848632812 265.676544189453 265.675994873047 264.578033447266 263.931304931641 263.521392822266 261.426452636719 261.343994140625 261.955780029297 262.809997558594 264.422546386719 265.563690185547 264.894134521484 264.020141601562 264.725463867188 265.466064453125 265.409973144531 266.240386962891 266.631622314453 266.914398193359 267.36767578125 267.317932128906 267.094055175781 267.514862060547 267.902221679688 268.133850097656 268.545257568359 268.921203613281 268.841705322266
263.511474609375 265.496307373047 263.726654052734 262.439331054688 260.289184570312 261.822814941406 265.534515380859 266.489868164062 266.3974609375 265.927825927734 265.261749267578 265.33642578125 265.403106689453 264.102355957031 265.379577636719 266.034301757812 266.000457763672 265.96630859375 265.687194824219 265.318878173828 265.07861328125 265.281829833984 265.637786865234 265.211364746094 264.791931152344 264.212860107422 262.616455078125 262.292510986328 262.418792724609 262.719329833984 264.181610107422 265.752990722656 266.010711669922 265.446746826172 265.111358642578 264.834838867188 264.493530273438 265.507263183594 266.106109619141 266.378448486328 266.882629394531 266.923736572266 266.770477294922 267.108520507812 267.437957763672 267.695373535156 268.202514648438 268.471740722656 268.847625732422
260.773040771484 264.669128417969 264.873992919922 264.691436767578 264.452209472656 264.949127197266 265.974426269531 266.454467773438 266.706024169922 266.37451171875 265.915893554688 265.765045166016 265.920715332031 265.322814941406 265.230987548828 265.936492919922 266.024963378906 266.284545898438 266.042175292969 265.214202880859 265.215393066406 264.997100830078 264.807342529297 265.53564453125 264.412902832031 262.901245117188 262.973266601562 262.444732666016 262.512145996094 263.625701904297 265.300384521484 266.211975097656 266.616394042969 266.09521484375 265.723419189453 265.347747802734 264.933624267578 265.801055908203 266.148742675781 266.222686767578 266.494171142578 266.928924560547 267.051940917969 267.008056640625 267.169647216797 267.710388183594 268.02783203125 268.199340820312 268.689788818359
258.488098144531 264.078796386719 265.850433349609 264.931304931641 265.227111816406 265.675689697266 266.419555664062 266.500457763672 266.6552734375 266.513916015625 265.9580078125 265.196563720703 264.885559082031 265.242889404297 265.347473144531 265.613922119141 265.753540039062 266.552917480469 266.146362304688 265.530090332031 265.787048339844 263.674133300781 261.655334472656 263.215667724609 263.065246582031 261.504943847656 262.465057373047 262.959899902344 263.923706054688 265.233673095703 266.708557128906 267.104034423828 266.783569335938 266.047393798828 266.077453613281 265.558868408203 264.471374511719 265.449127197266 266.013732910156 266.458709716797 266.742889404297 266.870025634766 267.167572021484 267.379089355469 267.286499023438 267.731781005859 268.164154052734 268.606506347656 268.747192382812
261.401306152344 265.134033203125 265.768707275391 263.919250488281 265.350830078125 266.308746337891 266.868408203125 266.608123779297 266.574737548828 266.488555908203 265.557281494141 264.125762939453 263.906799316406 264.945404052734 265.653503417969 265.689117431641 265.915649414062 266.279266357422 266.081176757812 266.131103515625 265.477508544922 261.102142333984 257.841918945312 260.266754150391 262.299743652344 261.969268798828 263.44384765625 264.2119140625 264.665649414062 265.195526123047 266.315704345703 267.245941162109 267.228912353516 266.666015625 266.364562988281 265.905151367188 265.052459716797 265.406005859375 265.968566894531 266.682525634766 267.221923828125 267.188629150391 267.448608398438 267.841735839844 267.582397460938 267.729797363281 268.117248535156 268.591186523438 268.947143554688
264.340789794922 264.617095947266 263.319366455078 261.700225830078 264.326965332031 265.944458007812 266.199798583984 266.402252197266 266.681793212891 266.779968261719 266.011810302734 264.996063232422 264.772857666016 264.954071044922 265.252410888672 265.534515380859 266.095031738281 265.585815429688 265.134246826172 265.273895263672 263.254760742188 260.412048339844 258.69921875 259.966583251953 261.661712646484 262.305023193359 264.614318847656 264.170928955078 263.031921386719 262.761993408203 264.369506835938 265.637268066406 266.117828369141 266.897277832031 266.701751708984 266.364044189453 266.303741455078 266.178985595703 266.22705078125 266.594818115234 267.166168212891 267.443237304688 267.792083740234 268.152923583984 267.987915039062 267.896026611328 267.691192626953 268.295501708984 269.020935058594
264.29931640625 263.783966064453 261.779541015625 259.048492431641 261.268310546875 263.541259765625 265.037048339844 266.365051269531 266.743011474609 267.016571044922 266.29931640625 265.492523193359 265.339202880859 265.137115478516 265.229675292969 265.243621826172 265.912536621094 265.577941894531 265.092803955078 264.722808837891 262.707916259766 262.014465332031 261.489318847656 260.651306152344 261.300872802734 262.829559326172 265.140106201172 263.197448730469 260.780456542969 260.736511230469 261.886474609375 262.693298339844 263.890563964844 266.320922851562 266.953094482422 266.306060791016 266.185729980469 266.405303955078 266.450103759766 266.298431396484 266.747253417969 267.261138916016 267.744171142578 268.105255126953 268.110961914062 267.964385986328 267.644439697266 268.044738769531 268.876312255859
263.829833984375 263.552825927734 262.100982666016 257.659332275391 257.764495849609 260.796752929688 264.759307861328 266.452819824219 266.726989746094 266.584625244141 265.750183105469 265.565185546875 265.718322753906 265.36376953125 265.628356933594 266.023712158203 266.433685302734 266.395568847656 266.149169921875 264.866607666016 263.663269042969 263.136901855469 262.151763916016 261.080383300781 261.335876464844 263.243041992188 265.999298095703 264.231201171875 262.497497558594 261.947296142578 261.628692626953 262.4716796875 263.847442626953 266.014282226562 267.02978515625 266.493591308594 266.246673583984 266.916290283203 266.964080810547 266.659912109375 266.847930908203 267.302490234375 267.489227294922 267.675384521484 268.228210449219 268.424499511719 268.164428710938 268.013061523438 268.461364746094
260.768280029297 262.156097412109 261.334106445312 257.107727050781 256.311676025391 261.077667236328 265.679809570312 266.431823730469 266.759460449219 266.439331054688 266.044921875 266.635772705078 266.049499511719 264.960174560547 265.792663574219 266.448852539062 266.871154785156 266.997833251953 266.502380371094 265.391845703125 264.605407714844 264.160217285156 263.175567626953 262.263000488281 262.971221923828 264.781677246094 266.012145996094 265.891143798828 265.866271972656 265.062255859375 264.440856933594 265.004913330078 265.598327636719 266.473388671875 267.093536376953 266.889251708984 266.62646484375 267.397338867188 267.603576660156 267.589294433594 267.598205566406 267.912689208984 268.167907714844 267.945007324219 268.106323242188 268.594512939453 268.648498535156 268.502227783203 268.30712890625
258.788635253906 260.710601806641 260.698272705078 256.384002685547 255.955047607422 261.540924072266 265.768524169922 266.165069580078 266.516540527344 266.520355224609 266.692901611328 267.042297363281 266.39892578125 265.775451660156 266.236480712891 266.5498046875 266.769195556641 266.929565429688 266.690643310547 266.491729736328 265.627166748047 265.042602539062 264.649566650391 263.416442871094 263.459869384766 264.412567138672 264.284393310547 265.623901367188 266.535491943359 266.65673828125 266.612884521484 266.791961669922 266.899963378906 266.956451416016 267.280120849609 267.582092285156 267.338104248047 267.895690917969 268.274353027344 268.389373779297 268.239318847656 268.167358398438 268.626770019531 268.574829101562 268.078063964844 268.471862792969 268.954406738281 269.013885498047 268.647430419922
261.389465332031 262.154174804688 262.892028808594 259.328094482422 258.984191894531 262.065246582031 265.290710449219 266.391296386719 266.667633056641 266.556762695312 266.571960449219 266.905090332031 267.065643310547 266.888977050781 266.587615966797 266.818176269531 266.791320800781 266.788543701172 266.669799804688 266.338562011719 265.184692382812 264.601989746094 265.312194824219 264.497650146484 263.411743164062 263.250701904297 263.194091796875 264.097747802734 265.064636230469 265.380004882812 265.978302001953 266.617736816406 267.089447021484 267.638153076172 267.704345703125 267.6943359375 267.625213623047 267.942596435547 268.155517578125 268.811157226562 268.747772216797 268.489410400391 268.709625244141 268.871002197266 268.560577392578 268.740570068359 269.268615722656 269.488525390625 268.969116210938
