rcp4.5models/CNRM_CM5/sc1gr5.14
NCOLS 261 
NROWS 433 
XLLCORNER 336357.134 
YLLCORNER 654653.479 
CELLSIZE 1000 
NODATA_value -3.4e+38 
[rows 198 to 219 of 433, columns 147 to 195 of 261]
287.458618164062 287.744995117188 288.068084716797 -3.4e+38 -3.4e+38 -3.4e+38 289.038513183594 289.765258789062 289.828735351562 289.768341064453 290.557373046875 290.845001220703 291.454223632812 291.767333984375 292.083526611328 292.133972167969 292.302703857422 292.482971191406 292.513366699219 292.663879394531 292.716430664062 292.760711669922 292.862915039062 293.151977539062 293.257537841797 293.410430908203 293.816833496094 294.149505615234 294.226501464844 294.215606689453 294.279083251953 294.297454833984 294.289428710938 294.451171875 294.930572509766 294.781127929688 294.375061035156 294.141357421875 294.122314453125 293.863159179688 293.506622314453 293.754730224609 293.883697509766 293.612670898438 294.029205322266 294.91552734375 295.110107421875 294.926818847656 294.73681640625
287.647369384766 288.066680908203 -3.4e+38 -3.4e+38 -3.4e+38 289.256683349609 289.880218505859 290.054504394531 290.049957275391 290.157806396484 290.720001220703 291.012084960938 291.423645019531 291.783538818359 292.115997314453 292.095367431641 292.138092041016 292.167449951172 292.114196777344 292.143951416016 292.289672851562 292.563659667969 292.873077392578 293.2158203125 293.471435546875 293.567687988281 293.796447753906 294.109222412109 294.086334228516 294.040802001953 294.105133056641 294.222991943359 294.193145751953 294.205291748047 294.611541748047 294.705413818359 294.258209228516 294.017852783203 294.004760742188 293.681732177734 293.270935058594 293.351226806641 293.478698730469 293.559112548828 293.905944824219 294.568542480469 294.811859130859 294.683410644531 294.398498535156
288.023620605469 -3.4e+38 -3.4e+38 -3.4e+38 -3.4e+38 288.804443359375 289.665435791016 289.340270996094 289.112457275391 290.526702880859 290.700164794922 291.178039550781 291.449615478516 291.752014160156 292.071685791016 292.127990722656 291.944702148438 291.667510986328 291.840759277344 292.09130859375 292.249481201172 292.427581787109 293.206848144531 293.308746337891 293.613220214844 293.914672851562 294.063201904297 294.144378662109 294.04931640625 293.915191650391 293.972320556641 294.052551269531 294.010650634766 294.024108886719 294.263763427734 294.5322265625 294.264129638672 293.947723388672 293.929382324219 293.595642089844 293.163482666016 293.187347412109 293.287994384766 293.527130126953 293.970520019531 294.380859375 294.702056884766 294.565063476562 294.268005371094
287.966979980469 -3.4e+38 -3.4e+38 -3.4e+38 287.393859863281 287.058837890625 288.462188720703 288.462005615234 287.769958496094 289.934173583984 290.146057128906 291.250244140625 291.602020263672 291.666137695312 291.719848632812 291.581268310547 291.480712890625 291.433441162109 291.753875732422 292.143646240234 292.330169677734 292.408294677734 292.982177734375 293.273864746094 293.379699707031 293.796569824219 294.08544921875 294.038879394531 293.860504150391 293.732482910156 293.809265136719 293.808654785156 293.697875976562 293.991882324219 294.005615234375 294.0537109375 294.117614746094 294.002319335938 293.7265625 293.369262695312 293.191375732422 293.110229492188 293.264709472656 -3.4e+38 293.874328613281 294.287872314453 294.407867431641 294.322723388672 294.221282958984
287.347534179688 287.853393554688 -3.4e+38 -3.4e+38 287.206115722656 286.986145019531 288.175842285156 288.536376953125 287.900268554688 289.553375244141 290.062469482422 291.052398681641 291.417449951172 291.52587890625 291.223876953125 291.091430664062 291.468841552734 291.710113525391 291.870361328125 292.157470703125 292.476776123047 292.875915527344 292.926361083984 293.20166015625 293.284454345703 293.544311523438 293.942199707031 293.753326416016 293.434173583984 293.578491210938 293.665191650391 293.612640380859 293.446533203125 -3.4e+38 293.901550292969 293.850067138672 294.040222167969 294.057098388672 293.761413574219 293.557922363281 293.489715576172 293.111572265625 293.133026123047 293.299591064453 293.465637207031 294.184173583984 294.13525390625 294.04931640625 294.230285644531
287.117645263672 287.440277099609 287.888275146484 -3.4e+38 287.321746826172 287.347198486328 -3.4e+38 -3.4e+38 288.742126464844 289.988861083984 290.371002197266 290.721557617188 290.960876464844 291.183532714844 291.118316650391 291.383636474609 291.769287109375 292.016479492188 292.040435791016 292.129669189453 292.346618652344 292.770416259766 293.1572265625 293.161895751953 293.212707519531 293.305725097656 293.593078613281 293.408630371094 293.139587402344 293.426574707031 293.515655517578 -3.4e+38 293.450469970703 293.910552978516 293.900177001953 293.926422119141 293.896301269531 293.932800292969 293.870056152344 293.833587646484 293.678131103516 293.285369873047 293.124450683594 293.158477783203 293.326812744141 294.114959716797 294.020538330078 293.838470458984 294.102783203125
287.016723632812 287.501434326172 287.836822509766 -3.4e+38 287.396240234375 287.072448730469 287.368835449219 -3.4e+38 288.697601318359 289.797760009766 289.947418212891 290.028900146484 290.326019287109 290.767333984375 291.158630371094 291.489990234375 291.458984375 291.805694580078 292.163543701172 292.142822265625 292.138580322266 292.303924560547 293.115783691406 293.192321777344 293.078399658203 293.025848388672 293.284088134766 293.246948242188 293.061645507812 293.237548828125 293.300415039062 293.213409423828 293.444549560547 293.879547119141 293.902587890625 293.787078857422 293.615631103516 293.713409423828 293.467315673828 293.503112792969 293.65087890625 293.259704589844 293.115631103516 293.082214355469 293.305114746094 293.680145263672 293.764312744141 293.740264892578 293.832611083984
286.837158203125 287.471160888672 287.721740722656 287.751312255859 287.053558349609 286.709228515625 -3.4e+38 287.981262207031 288.224487304688 289.268615722656 289.205749511719 289.697021484375 290.32177734375 290.665466308594 291.031402587891 291.179901123047 291.092742919922 291.197265625 291.789489746094 292.056701660156 292.010040283203 292.148101806641 292.634552001953 292.905487060547 292.943054199219 292.640289306641 293.177001953125 293.198028564453 293.120788574219 293.185333251953 293.19921875 -3.4e+38 293.406555175781 293.971893310547 293.958679199219 293.759674072266 293.351409912109 293.239990234375 293.040649414062 293.075897216797 293.363708496094 293.103607177734 292.970764160156 292.963928222656 293.140441894531 293.393280029297 293.815460205078 294.083526611328 293.940093994141
286.700317382812 287.264709472656 287.507690429688 287.288024902344 286.376251220703 286.30615234375 286.419769287109 286.39013671875 287.254943847656 288.782196044922 289.051910400391 289.771575927734 290.501617431641 290.595825195312 290.803833007812 290.845153808594 290.799163818359 290.941375732422 291.306121826172 291.529571533203 291.680328369141 292.184814453125 292.235900878906 292.600158691406 292.8505859375 292.504150390625 293.172882080078 293.216552734375 293.170806884766 293.184844970703 293.198791503906 293.212646484375 293.304260253906 293.848541259766 293.869476318359 293.828674316406 293.455474853516 293.064300537109 292.929992675781 292.742950439453 292.726745605469 292.958557128906 292.872741699219 292.949096679688 293.159759521484 293.669799804688 294.002685546875 294.389190673828 294.200469970703
286.499877929688 286.926940917969 287.287261962891 286.942474365234 286.379150390625 286.393951416016 286.632995605469 286.19873046875 287.075866699219 288.173248291016 288.863677978516 289.599395751953 290.037933349609 290.182098388672 290.325012207031 290.570434570312 290.450256347656 290.651489257812 291.296813964844 291.533142089844 291.561462402344 291.831665039062 292.219879150391 292.407043457031 292.550262451172 292.604156494141 293.197906494141 293.154388427734 292.948944091797 293.184356689453 293.198394775391 293.212310791016 293.226196289062 293.355316162109 293.648071289062 293.780853271484 293.622802734375 293.205902099609 292.860778808594 292.536315917969 292.62158203125 292.923248291016 293.055450439453 293.247741699219 293.470184326172 293.897399902344 294.030212402344 294.315673828125 294.255554199219
286.292785644531 286.70703125 286.683502197266 286.595977783203 286.466033935547 286.92333984375 286.113067626953 284.987976074219 286.480590820312 287.719543457031 288.481079101562 289.448760986328 290.052001953125 290.488647460938 290.561218261719 290.464080810547 290.597106933594 290.954406738281 291.395416259766 291.967163085938 292.181976318359 292.120361328125 292.201843261719 292.172454833984 292.465179443359 293.126251220703 292.997924804688 292.664276123047 292.64599609375 292.866577148438 293.010681152344 293.168487548828 293.090057373047 293.109710693359 292.936828613281 292.828002929688 292.797790527344 292.707611083984 292.610321044922 292.797515869141 293.042938232422 293.100769042969 293.307678222656 293.607513427734 293.702514648438 294.053649902344 294.215362548828 294.356475830078 294.306365966797
285.949249267578 286.310882568359 286.07373046875 286.081878662109 285.835510253906 286.321655273438 285.342926025391 284.523864746094 287.135864257812 287.767272949219 288.461944580078 289.360931396484 289.73828125 290.106018066406 -3.4e+38 290.292907714844 290.696716308594 291.218353271484 291.514434814453 291.965972900391 292.160858154297 292.063354492188 292.374359130859 292.306396484375 292.480926513672 293.095550537109 292.755615234375 292.212005615234 292.369445800781 292.772644042969 293.197448730469 293.211578369141 -3.4e+38 292.969482421875 292.839965820312 292.673431396484 292.627593994141 292.699005126953 292.671722412109 292.918090820312 293.114624023438 293.15478515625 293.262329101562 293.648498535156 293.899810791016 294.14404296875 294.318206787109 294.391845703125 294.300567626953
285.653839111328 285.856811523438 286.026947021484 286.162139892578 285.933715820312 286.294372558594 285.388122558594 285.064270019531 287.543334960938 288.265319824219 288.909454345703 289.246459960938 289.449432373047 289.827575683594 290.292114257812 -3.4e+38 290.815765380859 291.267669677734 291.557067871094 291.844665527344 292.064147949219 291.894165039062 292.261566162109 292.414367675781 292.567443847656 292.836853027344 292.458068847656 292.120971679688 292.274658203125 292.658386230469 292.97509765625 -3.4e+38 -3.4e+38 292.927154541016 292.792663574219 292.707244873047 292.520202636719 292.472015380859 292.821716308594 292.861114501953 292.966247558594 293.137512207031 293.392974853516 293.577697753906 293.688079833984 294.183715820312 294.248565673828 294.332794189453 294.310028076172
285.658355712891 286.097198486328 286.517211914062 286.465454101562 286.252502441406 286.457489013672 285.877807617188 286.37890625 287.964660644531 288.578765869141 289.017150878906 289.421813964844 289.827026367188 290.109741210938 290.290100097656 -3.4e+38 290.538848876953 290.908813476562 291.085388183594 291.561126708984 291.980072021484 291.967376708984 292.060455322266 292.138824462891 292.305145263672 292.404663085938 292.096801757812 -3.4e+38 292.443054199219 292.560821533203 292.672485351562 -3.4e+38 292.597839355469 292.559967041016 292.695495605469 292.596038818359 292.295379638672 292.188873291016 292.802581787109 292.809967041016 292.928802490234 293.093383789062 293.339996337891 293.469696044922 293.511993408203 294.028442382812 294.092895507812 294.376098632812 294.32470703125
285.669189453125 286.381469726562 286.537719726562 286.460083007812 286.516662597656 286.504028320312 286.196136474609 287.156219482422 288.046203613281 288.666809082031 289.018310546875 289.720733642578 -3.4e+38 -3.4e+38 -3.4e+38 -3.4e+38 290.352722167969 290.658508300781 290.964172363281 291.346893310547 291.798706054688 291.986755371094 292.070159912109 292.040588378906 292.113677978516 292.191314697266 -3.4e+38 292.045989990234 292.221069335938 -3.4e+38 292.251800537109 292.481109619141 292.528167724609 292.183441162109 292.434783935547 292.150146484375 291.976684570312 292.143157958984 292.528747558594 292.825988769531 292.990753173828 293.184600830078 293.281219482422 293.344909667969 -3.4e+38 -3.4e+38 293.766418457031 294.328582763672 294.069702148438
-3.4e+38 286.338531494141 286.492797851562 286.773895263672 286.925933837891 286.714141845703 286.562103271484 287.217376708984 288.118133544922 288.731414794922 289.168060302734 289.679077148438 -3.4e+38 -3.4e+38 -3.4e+38 -3.4e+38 290.472290039062 290.707153320312 291.169616699219 291.354156494141 291.734008789062 291.766845703125 291.959106445312 292.129119873047 292.209381103516 292.239044189453 -3.4e+38 292.148040771484 292.095306396484 292.11865234375 292.094116210938 292.219421386719 292.446075439453 292.138824462891 292.145629882812 291.843658447266 291.846008300781 292.216064453125 292.410430908203 292.907745361328 293.08056640625 293.212768554688 293.344818115234 293.298034667969 -3.4e+38 293.225463867188 293.487731933594 293.770782470703 293.575225830078
285.606018066406 286.233276367188 286.538330078125 286.901275634766 287.257446289062 286.844390869141 286.745391845703 287.134063720703 288.184844970703 288.431488037109 288.928405761719 -3.4e+38 -3.4e+38 -3.4e+38 -3.4e+38 -3.4e+38 290.679565429688 290.856719970703 291.108581542969 291.344970703125 291.779815673828 291.894287109375 291.885711669922 292.088928222656 292.215240478516 292.170379638672 292.304779052734 292.293823242188 292.222961425781 292.229461669922 292.142425537109 291.913787841797 292.224945068359 291.875244140625 291.694580078125 291.743316650391 291.873718261719 292.309478759766 292.493316650391 292.888519287109 293.038024902344 293.172668457031 293.197540283203 293.041107177734 -3.4e+38 293.273071289062 293.322113037109 293.367370605469 293.321472167969
285.500640869141 285.980194091797 286.420593261719 286.824127197266 287.322875976562 286.662078857422 286.431854248047 287.466766357422 288.163635253906 288.415435791016 288.743804931641 289.527893066406 289.753601074219 -3.4e+38 -3.4e+38 290.861450195312 291.186584472656 291.195007324219 291.174926757812 291.413055419922 291.57470703125 291.689025878906 291.880920410156 292.037231445312 292.103729248047 292.186920166016 292.24462890625 292.169921875 292.162780761719 292.097106933594 292.090637207031 291.761413574219 291.8115234375 291.561767578125 291.298461914062 291.548278808594 291.6982421875 292.089447021484 292.401306152344 292.658020019531 292.902404785156 293.046813964844 293.036743164062 292.796905517578 -3.4e+38 292.896362304688 293.102935791016 293.068206787109 293.156921386719
285.110229492188 285.609680175781 286.091888427734 286.970794677734 287.355102539062 286.352569580078 285.556854248047 287.752105712891 288.1806640625 288.677673339844 288.983612060547 -3.4e+38 -3.4e+38 -3.4e+38 290.493682861328 290.961120605469 291.260589599609 291.194763183594 291.217651367188 291.307189941406 291.300384521484 291.439178466797 291.705535888672 291.738647460938 291.753173828125 292.139984130859 291.929748535156 291.575225830078 291.962219238281 291.951477050781 291.965576171875 291.779449462891 291.53173828125 291.163513183594 291.063507080078 291.270233154297 291.536499023438 291.780212402344 292.033569335938 292.407012939453 292.851104736328 292.890380859375 292.958709716797 292.934967041016 292.780670166016 292.563781738281 292.708831787109 292.689208984375 292.728118896484
285.102783203125 285.552734375 286.185852050781 286.893157958984 287.305877685547 286.807861328125 286.185485839844 287.662963867188 287.885192871094 288.426605224609 -3.4e+38 289.458740234375 289.889038085938 289.936981201172 290.438140869141 290.663818359375 290.722137451172 290.739715576172 291.016571044922 291.066619873047 291.136566162109 291.341522216797 291.4873046875 -3.4e+38 291.555419921875 291.9814453125 291.66796875 291.108612060547 291.456665039062 291.436492919922 291.125640869141 290.697723388672 291.309753417969 290.868347167969 290.861572265625 291.147766113281 291.437408447266 291.568756103516 291.780609130859 292.361694335938 292.639953613281 292.685852050781 292.842498779297 292.8427734375 292.804840087891 292.571075439453 292.560028076172 292.596313476562 292.559326171875
285.476104736328 285.942169189453 286.591186523438 286.982574462891 287.078125 287.192108154297 287.049896240234 287.794006347656 287.920440673828 288.436676025391 288.919799804688 289.302581787109 289.745483398438 290.112915039062 290.435119628906 290.451019287109 290.356567382812 290.308471679688 290.649139404297 290.774688720703 -3.4e+38 291.212066650391 291.439819335938 291.305938720703 291.3681640625 291.716735839844 -3.4e+38 291.349884033203 291.012634277344 289.816986083984 286.023132324219 282.432312011719 284.128326416016 290.8232421875 290.828399658203 291.202301025391 291.263610839844 291.335327148438 291.559173583984 292.262512207031 292.402709960938 292.474151611328 292.56396484375 292.363586425781 292.440368652344 292.535552978516 292.397003173828 292.255523681641 291.993316650391
285.873779296875 286.269714355469 286.684143066406 287.246124267578 287.214141845703 287.288940429688 287.304656982422 287.971435546875 288.20849609375 288.699951171875 288.864593505859 289.180297851562 289.427093505859 289.820495605469 290.164672851562 290.243438720703 290.0927734375 290.331848144531 290.472259521484 290.567749023438 290.964691162109 291.211608886719 291.346069335938 291.232543945312 291.162567138672 291.391204833984 291.970703125 291.661071777344 290.988342285156 289.900238037109 286.915771484375 282.663757324219 282.130889892578 290.607025146484 290.628570556641 290.845794677734 290.901550292969 291.089538574219 291.591064453125 292.164184570312 292.443450927734 292.482849121094 292.416137695312 292.193054199219 292.239471435547 292.333953857422 292.067749023438 291.679351806641 291.141448974609
