rcp4.5models/CNRM_CM5/sc1gr8.24
NCOLS 261 
NROWS 433 
XLLCORNER 336357.134 
YLLCORNER 654653.479 
CELLSIZE 1000 
NODATA_value -3.4e+38 
[rows 110 to 131 of 433, columns 98 to 146 of 261]
117.062911987305 118.471084594727 118.895545959473 122.51880645752 123.490837097168 123.427474975586 123.805793762207 124.193794250488 123.986358642578 124.088241577148 124.650581359863 124.55672454834 125.164138793945 125.26343536377 125.603759765625 126.32169342041 126.898811340332 126.984024047852 127.050750732422 127.61368560791 127.687202453613 127.72282409668 128.218017578125 128.262405395508 128.088104248047 128.209747314453 128.817810058594 128.994781494141 129.488555908203 128.952835083008 128.272094726562 128.412521362305 129.086547851562 128.954940795898 128.391357421875 128.082626342773 128.083053588867 128.324356079102 128.940872192383 128.91552734375 129.78498840332 130.525009155273 131.326721191406 132.158020019531 133.042098999023 133.129531860352 133.535018920898 134.1533203125 134.814315795898
117.973556518555 120.482757568359 120.874900817871 123.138603210449 123.355445861816 123.221794128418 123.417282104492 123.881935119629 123.639167785645 123.5439453125 124.108276367188 124.110565185547 125.165061950684 124.918975830078 125.701942443848 125.876640319824 126.734733581543 126.749618530273 126.992721557617 127.679359436035 127.815803527832 128.023559570312 128.182830810547 128.510330200195 128.673263549805 128.66096496582 128.987609863281 129.00993347168 129.26025390625 129.001495361328 128.367492675781 129.043838500977 129.380874633789 128.726715087891 128.311782836914 128.470718383789 128.576950073242 128.52033996582 128.912658691406 129.494598388672 130.27978515625 131.083358764648 131.913650512695 132.954406738281 133.431655883789 133.593704223633 134.045440673828 134.749923706055 135.44206237793
118.453033447266 121.735275268555 122.710845947266 123.359169006348 123.146545410156 122.989013671875 123.315452575684 123.386749267578 123.231872558594 123.601982116699 123.975791931152 123.919609069824 124.66716003418 124.479866027832 125.428520202637 -3.4e+38 125.939735412598 126.260032653809 126.728363037109 127.517013549805 127.705192565918 128.465621948242 128.36376953125 129.091354370117 129.081237792969 128.91960144043 129.045364379883 128.713226318359 128.583938598633 128.934524536133 128.838912963867 129.347030639648 129.169204711914 128.754989624023 128.919525146484 129.029891967773 129.069076538086 128.647491455078 129.216766357422 129.624984741211 130.520309448242 131.546966552734 132.454620361328 133.137451171875 133.311996459961 133.684036254883 134.267807006836 135.21337890625 135.999282836914
120.241737365723 121.979080200195 122.707855224609 123.24877166748 123.093116760254 122.987693786621 123.57820892334 123.328628540039 123.213485717773 123.750350952148 123.766059875488 123.589088439941 124.202407836914 124.29402923584 124.978309631348 125.322715759277 125.669387817383 126.145454406738 126.649505615234 127.188613891602 127.227424621582 128.365676879883 128.979583740234 129.416000366211 128.879028320312 129.083724975586 129.14192199707 128.936080932617 129.089752197266 129.184509277344 129.490097045898 129.984848022461 130.285507202148 129.725631713867 129.839935302734 129.885787963867 129.500579833984 -3.4e+38 -3.4e+38 -3.4e+38 -3.4e+38 131.522216796875 132.783325195312 133.103790283203 133.570846557617 134.218109130859 134.677825927734 135.293334960938 136.259338378906
120.855422973633 122.132347106934 123.118545532227 122.991767883301 122.887237548828 123.233032226562 123.377655029297 123.037620544434 122.929908752441 123.459480285645 123.253440856934 123.166404724121 124.060333251953 124.102325439453 125.016639709473 125.792015075684 125.871887207031 125.96297454834 126.758163452148 126.873672485352 127.544403076172 128.280670166016 129.005386352539 129.351669311523 129.618789672852 129.617965698242 129.367004394531 129.52555847168 129.511489868164 129.530258178711 130.4853515625 131.217575073242 131.199645996094 130.482116699219 130.580963134766 130.156921386719 -3.4e+38 -3.4e+38 -3.4e+38 -3.4e+38 -3.4e+38 132.071578979492 133.093841552734 134.065902709961 134.409057617188 134.71858215332 135.086303710938 135.456954956055 136.746780395508
121.071929931641 121.878387451172 123.237564086914 123.223724365234 123.521278381348 123.26293182373 123.06551361084 123.195732116699 123.259872436523 123.039543151855 123.135696411133 123.757804870605 123.781120300293 123.650337219238 124.942405700684 125.756340026855 125.932571411133 126.850357055664 127.152404785156 127.412956237793 127.940628051758 127.967903137207 129.106643676758 129.944030761719 130.096160888672 129.849349975586 130.378265380859 130.233612060547 130.625442504883 130.71028137207 131.737976074219 131.941833496094 131.809967041016 132.323394775391 132.518981933594 131.951400756836 130.914276123047 131.62419128418 132.036727905273 132.629867553711 133.079193115234 133.128280639648 133.781539916992 134.984756469727 135.328857421875 135.702117919922 136.307800292969 136.992141723633 138.148315429688
121.481086730957 122.48282623291 123.171829223633 122.970252990723 123.403114318848 123.233406066895 123.07251739502 123.359016418457 123.082382202148 122.852195739746 123.306617736816 123.700485229492 123.706809997559 123.932907104492 124.887062072754 125.902336120605 125.99430847168 127.307014465332 127.334274291992 127.907524108887 128.286407470703 128.798385620117 129.304183959961 130.299743652344 130.049407958984 130.152908325195 130.634506225586 130.787384033203 131.361038208008 131.233306884766 132.330139160156 131.966247558594 131.536010742188 132.08366394043 132.438781738281 132.691253662109 131.942306518555 132.567672729492 132.93717956543 133.820205688477 133.801559448242 134.088592529297 134.891754150391 135.609466552734 136.255935668945 136.70703125 137.320388793945 137.810241699219 138.561645507812
122.135711669922 122.810745239258 123.290824890137 123.453582763672 123.476211547852 123.065376281738 123.371978759766 123.31925201416 122.958183288574 122.81566619873 123.478340148926 123.567497253418 124.151069641113 124.257308959961 125.193588256836 125.81810760498 126.606506347656 127.7060546875 128.002334594727 128.363616943359 128.511505126953 129.43473815918 -3.4e+38 130.425338745117 130.597396850586 131.07112121582 131.201858520508 131.595443725586 131.678863525391 131.836563110352 132.454879760742 132.185729980469 132.162231445312 132.112884521484 132.162231445312 132.9306640625 132.337677001953 133.352462768555 134.423538208008 134.780914306641 134.486572265625 135.292053222656 135.907180786133 136.463973999023 137.385101318359 137.74201965332 138.228942871094 138.930450439453 139.312713623047
122.520538330078 123.325088500977 123.399360656738 123.936508178711 123.337074279785 123.041717529297 123.645301818848 123.368629455566 122.854927062988 123.169563293457 123.230674743652 123.234855651855 124.332153320312 124.563262939453 125.672096252441 125.897445678711 127.443939208984 128.454254150391 128.748489379883 128.381805419922 128.656143188477 129.810501098633 130.373626708984 130.60954284668 131.084503173828 131.872360229492 132.393020629883 132.416076660156 132.254104614258 132.624420166016 132.660003662109 132.813369750977 133.171859741211 132.995147705078 133.366607666016 133.753311157227 133.24235534668 134.267501831055 135.773147583008 135.907012939453 135.715530395508 136.241622924805 136.553863525391 137.611404418945 138.111465454102 138.37516784668 139.426376342773 139.873199462891 140.228118896484
122.43221282959 123.678451538086 123.532752990723 124.001953125 123.267807006836 123.25008392334 123.844261169434 123.484222412109 122.904991149902 123.482124328613 123.215347290039 123.21932220459 124.276084899902 124.288345336914 125.835060119629 126.558799743652 127.543548583984 128.638259887695 129.067901611328 128.710876464844 129.286911010742 130.316421508789 131.065017700195 131.267013549805 132.025588989258 132.178695678711 132.777801513672 132.780578613281 132.665283203125 133.120544433594 133.123306274414 133.189758300781 133.787460327148 134.286849975586 134.358291625977 134.198181152344 134.075500488281 135.025009155273 136.428024291992 136.506240844727 136.795166015625 136.9267578125 137.212280273438 138.627471923828 139.023895263672 139.661972045898 140.368469238281 140.383193969727 141.080596923828
122.276306152344 123.549102783203 123.273277282715 123.850563049316 123.405937194824 123.354385375977 123.950675964355 123.707473754883 123.638580322266 123.697189331055 123.428550720215 123.416007995605 124.415565490723 124.527786254883 126.190338134766 -3.4e+38 127.772430419922 128.870330810547 129.355484008789 129.685928344727 130.444213867188 131.165756225586 131.519470214844 131.695098876953 132.545623779297 131.975677490234 132.983413696289 132.851333618164 132.868591308594 133.58430480957 133.563278198242 133.744705200195 133.942779541016 134.553833007812 134.669860839844 134.502197265625 135.090103149414 136.382476806641 136.99739074707 137.451019287109 137.548889160156 137.912734985352 138.599411010742 139.530090332031 140.220413208008 140.52360534668 140.808074951172 140.998504638672 142.334182739258
122.491409301758 123.443000793457 123.502967834473 123.775123596191 123.501846313477 123.411483764648 124.044090270996 123.524444580078 123.562812805176 123.812614440918 123.707427978516 124.327629089355 124.617134094238 125.040069580078 126.558326721191 127.477783203125 128.158126831055 129.246017456055 129.61408996582 130.519622802734 131.099197387695 131.7109375 131.825180053711 131.838363647461 132.711044311523 132.182266235352 133.297866821289 133.054641723633 133.261413574219 133.904190063477 133.875137329102 134.512268066406 134.253631591797 134.421905517578 135.187866210938 135.426376342773 136.809326171875 137.836120605469 137.556381225586 138.220428466797 138.310333251953 138.818420410156 139.802276611328 140.286270141602 140.927520751953 141.047180175781 141.531524658203 142.240173339844 143.757614135742
122.620582580566 123.720588684082 123.788909912109 123.927932739258 123.652282714844 123.555892944336 124.176910400391 123.665008544922 123.338531494141 124.205451965332 124.042060852051 124.395797729492 124.736152648926 125.204063415527 126.823944091797 128.132019042969 128.273345947266 129.367462158203 129.882751464844 131.165649414062 131.213760375977 131.835235595703 131.963500976562 131.956756591797 132.88020324707 132.494506835938 133.442672729492 133.238204956055 133.579025268555 133.98600769043 134.068710327148 134.986358642578 134.916931152344 134.977783203125 136.232971191406 137.526718139648 138.87956237793 138.506408691406 138.231887817383 138.73161315918 139.187637329102 139.954208374023 140.701309204102 141.330871582031 141.452331542969 141.710342407227 -3.4e+38 -3.4e+38 144.563446044922
122.498069763184 123.827980041504 123.940574645996 124.042106628418 123.76496887207 123.658905029297 124.260940551758 123.951164245605 123.709503173828 124.495376586914 124.292221069336 124.197814941406 125.212394714355 125.546989440918 126.985473632812 128.438415527344 128.487869262695 129.961624145508 130.788314819336 131.471649169922 131.34228515625 131.906692504883 132.088287353516 132.087341308594 132.959289550781 132.710906982422 133.649444580078 133.645751953125 133.788116455078 134.45783996582 134.49040222168 135.441345214844 135.538208007812 136.391128540039 138.145797729492 139.937896728516 139.852600097656 138.817886352539 139.056655883789 139.74235534668 140.061706542969 141.054138183594 141.626586914062 142.415466308594 142.225814819336 143.068298339844 144.292587280273 -3.4e+38 -3.4e+38
122.422805786133 124.18913269043 124.051902770996 124.091148376465 123.812850952148 123.603080749512 123.793174743652 124.143592834473 124.047431945801 124.705833435059 124.864692687988 125.236526489258 125.94873046875 126.448287963867 127.887466430664 128.684097290039 129.40673828125 130.393692016602 131.443084716797 131.798873901367 132.268463134766 132.3056640625 132.229934692383 132.48014831543 133.106842041016 132.893676757812 134.184448242188 134.420120239258 134.677627563477 135.036682128906 135.642715454102 136.134170532227 136.527496337891 138.627655029297 139.704605102539 140.655776977539 140.040405273438 139.499267578125 140.27375793457 140.723403930664 140.800506591797 141.928436279297 142.741134643555 143.1630859375 142.975494384766 143.879104614258 -3.4e+38 144.371063232422 -3.4e+38
122.336608886719 124.464668273926 124.114601135254 123.699699401855 123.97290802002 123.801536560059 124.201148986816 124.599678039551 124.504425048828 125.133094787598 125.282272338867 126.176879882812 126.33381652832 127.278945922852 128.797576904297 129.024337768555 130.33674621582 130.543060302734 131.568176269531 131.935882568359 132.495620727539 132.688095092773 132.883636474609 133.595840454102 133.572128295898 133.51725769043 134.813064575195 134.894577026367 135.454742431641 135.94108581543 136.736892700195 137.112838745117 138.131088256836 140.066192626953 140.077133178711 140.2373046875 140.533676147461 140.608291625977 141.350509643555 141.593490600586 141.938461303711 142.788955688477 143.759292602539 143.868576049805 143.74365234375 144.236999511719 144.882690429688 145.572372436523 146.368118286133
122.015319824219 124.180313110352 -3.4e+38 -3.4e+38 124.804557800293 124.701805114746 125.322662353516 125.227416992188 125.678421020508 125.970855712891 126.120750427246 127.016464233398 127.214797973633 128.287155151367 129.64778137207 130.066665649414 130.893676757812 131.181991577148 131.905242919922 132.766967773438 133.257095336914 133.283264160156 133.3515625 134.00309753418 134.540771484375 134.942153930664 135.740600585938 136.155731201172 137.254943847656 138.412826538086 138.4443359375 139.75065612793 141.017135620117 141.153656005859 140.879837036133 141.159332275391 141.814163208008 142.653945922852 142.829895019531 143.337142944336 144.265548706055 144.678146362305 145.705810546875 145.449890136719 145.535308837891 146.410354614258 146.885940551758 148.183746337891 148.499923706055
122.223030090332 -3.4e+38 -3.4e+38 124.923034667969 125.261215209961 125.159027099609 125.769989013672 125.525772094727 125.610694885254 126.286697387695 126.594337463379 127.419136047363 127.689430236816 128.671234130859 130.261978149414 130.254623413086 130.540924072266 131.535675048828 132.898162841797 133.37614440918 134.269515991211 134.154632568359 134.73796081543 135.016616821289 135.178939819336 135.327087402344 136.544021606445 137.11164855957 137.699737548828 139.074676513672 140.003982543945 140.871505737305 141.210159301758 141.338272094727 141.413101196289 141.766235351562 142.357757568359 143.666427612305 143.695816040039 144.475173950195 145.233261108398 145.947708129883 146.202545166016 146.418807983398 146.901779174805 147.362243652344 148.178146362305 149.040618896484 149.56330871582
122.342071533203 -3.4e+38 124.817199707031 125.753242492676 125.749847412109 126.087982177734 126.15022277832 125.925163269043 126.104354858398 126.754989624023 126.960891723633 127.857719421387 128.045059204102 129.075271606445 130.602584838867 130.502975463867 131.107940673828 131.974060058594 133.254699707031 133.805587768555 134.992782592773 134.851181030273 135.140518188477 135.422592163086 135.639450073242 135.863494873047 137.31022644043 137.833694458008 138.368728637695 139.783599853516 141.091369628906 140.792327880859 141.069046020508 141.82145690918 142.048629760742 142.236236572266 143.027053833008 144.491928100586 144.7978515625 145.552825927734 146.063674926758 146.991470336914 147.15544128418 147.717147827148 148.105072021484 148.231796264648 149.450958251953 150.295867919922 150.555725097656
123.394668579102 -3.4e+38 125.301162719727 126.131706237793 126.370697021484 126.896705627441 126.60920715332 126.362243652344 126.447257995605 127.109535217285 127.33177947998 128.160583496094 128.449859619141 129.51318359375 130.800399780273 130.905792236328 131.398162841797 132.638854980469 133.742660522461 134.3515625 135.745269775391 135.529632568359 135.765380859375 135.883728027344 136.296279907227 137.096389770508 137.772171020508 138.747955322266 139.666122436523 140.815948486328 141.753555297852 141.087203979492 141.5537109375 142.474609375 142.473663330078 142.774261474609 143.763565063477 145.334533691406 145.696640014648 146.36833190918 147.049667358398 147.963668823242 148.7001953125 148.978103637695 148.970245361328 149.269607543945 150.396026611328 151.585113525391 151.510803222656
123.995445251465 124.940803527832 125.471969604492 126.33763885498 126.604446411133 126.726318359375 127.048500061035 127.14624786377 127.480712890625 127.643188476562 127.997932434082 128.634292602539 128.835632324219 129.919342041016 130.915832519531 131.268997192383 132.062026977539 133.400054931641 134.875457763672 135.640716552734 137.035217285156 136.726791381836 136.531478881836 136.57682800293 137.022613525391 138.104721069336 138.9833984375 140.539596557617 140.957427978516 142.361679077148 142.208740234375 141.794815063477 142.295486450195 143.188507080078 143.22444152832 144.254425048828 144.914962768555 146.194793701172 146.918838500977 147.567672729492 148.51091003418 149.179580688477 150.024719238281 149.905563354492 149.914978027344 150.654754638672 151.389770507812 152.426483154297 153.033157348633
124.342872619629 125.489265441895 125.757423400879 126.168006896973 126.610374450684 126.511947631836 127.223945617676 127.567268371582 128.235626220703 128.432159423828 129.197128295898 129.265075683594 129.295013427734 130.357925415039 131.408279418945 131.886566162109 133.04231262207 133.761383056641 135.249557495117 136.325622558594 137.229263305664 136.969528198242 137.063323974609 137.397079467773 138.197891235352 138.746292114258 140.161163330078 141.730651855469 141.674209594727 142.918960571289 142.447631835938 142.51286315918 142.996444702148 143.898193359375 144.127731323242 145.485137939453 145.670440673828 147.051284790039 148.057907104492 148.568695068359 149.589950561523 150.152420043945 150.969604492188 150.791610717773 151.010009765625 151.924133300781 152.724487304688 153.385330200195 154.648651123047
