rcp4.5models/CNRM_CM5/sc1gr9.13
NCOLS 261 
NROWS 433 
XLLCORNER 336357.134 
YLLCORNER 654653.479 
CELLSIZE 1000 
NODATA_value -3.4e+38 
[rows 242 to 263 of 433, columns 196 to 244 of 261]
126.224174499512 125.743911743164 124.626731872559 124.141250610352 123.67342376709 122.930297851562 122.852256774902 123.720916748047 123.684036254883 122.942611694336 122.728363037109 121.736740112305 121.03929901123 121.197647094727 121.285102844238 120.391319274902 118.819236755371 118.423614501953 117.693626403809 -3.4e+38 -3.4e+38 116.970458984375 117.480613708496 116.760345458984 114.947700500488 114.092864990234 114.146469116211 114.006332397461 112.841636657715 111.293418884277 108.771812438965 108.016319274902 107.192077636719 106.799781799316 106.898590087891 105.621208190918 104.62232208252 103.672691345215 102.249412536621 100.800888061523 100.171432495117 98.5929946899414 98.0584106445312 96.7820281982422 -3.4e+38 -3.4e+38 -3.4e+38 -3.4e+38 94.2617950439453
127.170516967773 126.670585632324 126.783897399902 126.619026184082 126.358253479004 126.37393951416 126.050270080566 126.5087890625 125.470390319824 124.39476776123 123.693695068359 122.865112304688 122.326286315918 121.966278076172 121.726150512695 121.668319702148 121.26985168457 120.7568359375 119.768966674805 -3.4e+38 -3.4e+38 118.425582885742 118.821510314941 118.52564239502 117.307189941406 116.316825866699 116.127510070801 115.390937805176 114.051475524902 112.625595092773 110.62281036377 109.489807128906 109.284873962402 109.339721679688 108.439178466797 106.916435241699 105.072875976562 104.353309631348 103.835227966309 102.988037109375 101.522109985352 99.8515243530273 98.9545364379883 98.1654434204102 -3.4e+38 -3.4e+38 95.8859786987305 -3.4e+38 -3.4e+38
127.590797424316 127.269927978516 127.542083740234 127.14005279541 127.224945068359 127.395484924316 127.087493896484 126.44034576416 125.40185546875 124.796661376953 124.358688354492 123.436782836914 123.359840393066 123.153839111328 122.593696594238 122.000457763672 121.955673217773 121.516052246094 121.413673400879 120.955795288086 -3.4e+38 -3.4e+38 118.838943481445 118.943206787109 118.602348327637 117.906440734863 116.838226318359 115.749237060547 114.473709106445 113.066780090332 111.955795288086 110.872749328613 110.28589630127 109.75186920166 108.862632751465 108.095069885254 106.454231262207 105.210594177246 104.543975830078 103.693641662598 102.779495239258 100.628189086914 100.123329162598 99.0444488525391 -3.4e+38 97.5309677124023 96.3614654541016 95.8135299682617 -3.4e+38
127.985984802246 127.434356689453 127.343994140625 127.131492614746 126.737930297852 126.864601135254 127.416290283203 125.757133483887 125.508811950684 124.893432617188 124.757125854492 124.529609680176 124.349899291992 124.087226867676 123.782600402832 123.176383972168 123.037422180176 122.648307800293 122.597526550293 122.019187927246 120.793159484863 120.03239440918 119.649810791016 119.357131958008 119.4833984375 118.77710723877 -3.4e+38 -3.4e+38 115.297134399414 113.888359069824 112.973136901855 112.459945678711 111.755798339844 109.948905944824 109.257179260254 108.972038269043 107.822273254395 106.301856994629 104.828033447266 104.341430664062 103.810752868652 101.991836547852 100.841316223145 99.7631378173828 -3.4e+38 98.1562042236328 97.4700317382812 96.2477340698242 96.0248718261719
128.069259643555 127.48657989502 127.03052520752 127.266799926758 127.162460327148 126.997688293457 127.417778015137 126.377723693848 126.139831542969 125.763412475586 125.57804107666 125.083213806152 124.841331481934 124.776756286621 124.679611206055 124.412643432617 124.187690734863 124.454978942871 124.333137512207 123.377746582031 122.107421875 121.247344970703 120.864013671875 120.42472076416 120.335311889648 119.352798461914 -3.4e+38 -3.4e+38 116.46068572998 115.705497741699 114.566703796387 113.40958404541 112.560066223145 111.115013122559 109.936958312988 109.317420959473 108.511291503906 107.108421325684 105.293334960938 105.086853027344 104.267036437988 102.625328063965 100.952270507812 100.306945800781 99.3974609375 98.7530136108398 98.2670211791992 97.0192184448242 96.2864379882812
127.512825012207 127.31999206543 127.497894287109 127.349143981934 127.735374450684 127.511863708496 127.32063293457 127.259674072266 127.014198303223 126.810340881348 126.649513244629 126.368835449219 126.439529418945 126.38459777832 -3.4e+38 125.317245483398 124.783393859863 125.204238891602 126.310592651367 125.107833862305 123.422691345215 122.018630981445 121.765296936035 121.625839233398 121.498527526855 120.496917724609 -3.4e+38 -3.4e+38 117.960975646973 117.958160400391 115.908142089844 114.04093170166 113.415390014648 112.938354492188 111.111824035645 109.83846282959 109.031997680664 108.082160949707 107.128341674805 106.221221923828 104.733657836914 103.143829345703 101.73168182373 100.476318359375 99.7967987060547 99.4758529663086 98.7277450561523 97.7675857543945 96.7607421875
127.518539428711 127.591796875 127.957794189453 127.835891723633 127.854278564453 127.804931640625 127.668128967285 128.267196655273 128.139205932617 127.430374145508 127.624664306641 128.19792175293 128.376663208008 127.624656677246 127.044006347656 126.928398132324 126.111755371094 125.576469421387 126.840110778809 125.507225036621 124.232521057129 123.162452697754 122.647216796875 122.694267272949 122.29997253418 121.09196472168 119.874252319336 -3.4e+38 118.736518859863 119.236511230469 116.892799377441 115.656692504883 114.877281188965 113.721961975098 112.305213928223 111.194435119629 109.79573059082 108.923072814941 108.415374755859 106.858985900879 105.341117858887 103.840606689453 102.557891845703 100.760681152344 100.237976074219 100.193199157715 99.386833190918 98.708625793457 97.6123657226562
128.613922119141 129.081420898438 129.536651611328 129.485275268555 129.395568847656 128.656356811523 128.788803100586 129.347122192383 128.959259033203 128.543655395508 128.995086669922 130.261566162109 129.9375 127.993782043457 128.382095336914 128.645462036133 127.402389526367 127.353889465332 126.270530700684 125.718841552734 125.202583312988 124.633666992188 124.127861022949 123.091888427734 122.582038879395 121.496353149414 121.25023651123 120.020515441895 119.623680114746 120.153678894043 117.97354888916 -3.4e+38 116.656745910645 114.404830932617 113.514801025391 112.69953918457 110.242790222168 109.551612854004 109.215873718262 107.793144226074 106.51798248291 104.371505737305 103.328330993652 101.946586608887 100.919738769531 100.359146118164 99.7438430786133 99.5162658691406 98.2450866699219
130.723220825195 130.683837890625 130.795059204102 130.501876831055 130.206558227539 129.683685302734 130.368453979492 129.85514831543 129.528045654297 129.840484619141 130.939102172852 131.66389465332 130.574584960938 129.390274047852 130.087326049805 130.042419433594 128.366226196289 128.819259643555 127.477256774902 127.759384155273 127.338768005371 126.476554870605 125.472496032715 123.831062316895 123.040023803711 122.951751708984 122.298866271973 121.608428955078 120.668434143066 120.497108459473 119.420448303223 118.763008117676 117.413177490234 115.143058776855 114.847473144531 113.925354003906 111.780456542969 110.642997741699 109.991493225098 108.730545043945 107.50301361084 104.899879455566 104.1337890625 103.420387268066 102.095581054688 100.870803833008 100.629455566406 100.0576171875 99.0755462646484
132.515472412109 132.140853881836 132.066879272461 131.754013061523 130.596908569336 131.063949584961 131.59700012207 130.706604003906 130.873565673828 131.799774169922 132.615936279297 132.65348815918 131.228576660156 131.014831542969 131.686965942383 131.679000854492 130.381958007812 130.131362915039 -3.4e+38 129.967498779297 130.055267333984 128.697021484375 126.613571166992 124.898559570312 123.882049560547 124.021202087402 123.710227966309 123.09587097168 122.124977111816 121.481399536133 121.578750610352 120.018989562988 118.398773193359 117.738739013672 116.675979614258 114.857879638672 113.51766204834 111.647758483887 110.366973876953 109.38941192627 107.885231018066 105.170234680176 104.738731384277 104.289733886719 103.460655212402 102.627006530762 101.407981872559 100.220306396484 99.591682434082
133.838439941406 133.965103149414 133.538757324219 132.751403808594 132.003433227539 133.026473999023 132.155532836914 131.686935424805 132.611862182617 133.514053344727 133.65446472168 133.896331787109 133.107940673828 133.108489990234 133.006057739258 133.107711791992 132.669387817383 131.666763305664 130.38981628418 130.794311523438 131.079864501953 129.318923950195 127.070526123047 125.834922790527 125.003524780273 125.07731628418 125.526336669922 125.095077514648 123.719535827637 123.050369262695 122.607543945312 120.146270751953 119.227798461914 119.306007385254 117.994285583496 115.686103820801 114.389739990234 112.504364013672 110.558921813965 109.501808166504 108.303092956543 105.625022888184 105.520622253418 104.928581237793 104.564140319824 103.776062011719 101.606109619141 100.504722595215 99.8390808105469
134.167922973633 134.434555053711 133.594848632812 132.453460693359 132.995147705078 134.570571899414 133.877471923828 132.248565673828 132.921264648438 133.866073608398 134.850158691406 135.137771606445 134.765548706055 135.391510009766 135.056838989258 135.125228881836 134.181655883789 132.880340576172 131.540390014648 131.139755249023 131.275482177734 129.952865600586 128.530975341797 127.010070800781 125.683097839355 125.67138671875 126.285491943359 126.603240966797 127.231636047363 127.738311767578 123.504470825195 121.456031799316 120.743339538574 119.81681060791 118.216407775879 116.118705749512 114.970611572266 113.406150817871 111.408721923828 109.763061523438 109.290260314941 106.998741149902 106.443550109863 106.048324584961 105.157661437988 103.970726013184 101.962173461914 101.152938842773 100.567207336426
132.801361083984 134.092315673828 134.014129638672 133.335296630859 134.498977661133 135.67724609375 135.462249755859 133.610549926758 133.975524902344 135.29216003418 136.058242797852 136.212417602539 135.775741577148 136.365356445312 137.032775878906 136.84880065918 135.137191772461 133.946441650391 132.96809387207 132.161895751953 131.984909057617 131.505294799805 130.398071289062 128.227279663086 126.263656616211 126.33228302002 126.585777282715 127.607788085938 128.649749755859 127.871604919434 124.200714111328 123.5361328125 122.116142272949 119.992279052734 118.409217834473 116.804862976074 115.221252441406 114.170867919922 112.63346862793 110.711242675781 110.281410217285 108.649932861328 107.790626525879 106.671501159668 105.60538482666 104.552108764648 103.042106628418 101.648345947266 101.012428283691
132.255889892578 133.100067138672 134.908447265625 136.585968017578 137.23356628418 137.212692260742 136.591232299805 135.173110961914 135.309265136719 135.576599121094 136.235595703125 136.387191772461 135.930587768555 137.004791259766 138.46565246582 139.379928588867 140.097244262695 139.82649230957 134.737121582031 134.432113647461 133.414535522461 131.322006225586 130.128936767578 129.74739074707 130.671401977539 129.688522338867 128.349624633789 128.355026245117 128.927169799805 127.954559326172 123.692077636719 123.683502197266 123.549301147461 121.149078369141 119.519149780273 118.833969116211 118.84693145752 116.886070251465 115.024284362793 113.045333862305 111.361434936523 108.910705566406 107.752281188965 106.459312438965 106.276412963867 105.308578491211 104.258926391602 103.194602966309 101.606781005859
132.749359130859 134.125091552734 136.126251220703 137.538803100586 137.882614135742 137.611099243164 137.236663818359 136.54719543457 135.893615722656 135.594635009766 136.373580932617 137.141540527344 137.261367797852 138.186920166016 141.260101318359 141.188735961914 139.930526733398 139.847457885742 134.436614990234 133.33251953125 132.237091064453 131.228759765625 130.414154052734 132.994674682617 136.579711914062 133.123748779297 130.035690307617 129.4296875 129.69319152832 128.997497558594 124.404022216797 123.895858764648 124.122680664062 122.870140075684 121.070526123047 120.221343994141 119.647491455078 118.417282104492 116.092071533203 114.128608703613 112.513252258301 109.786514282227 108.521087646484 107.218322753906 106.169776916504 105.385620117188 104.715545654297 103.342582702637 101.525817871094
133.475280761719 135.203277587891 136.582290649414 137.906585693359 138.093521118164 138.009033203125 137.580322265625 137.56689453125 136.678009033203 136.045211791992 136.472473144531 138.004119873047 139.308334350586 140.168197631836 142.432647705078 140.198654174805 138.09765625 137.955459594727 134.737930297852 133.647491455078 132.978393554688 132.448532104492 133.249160766602 140.088363647461 140.881317138672 134.266647338867 131.481704711914 129.818878173828 129.945449829102 129.764617919922 124.859588623047 123.792572021484 124.054237365723 123.876533508301 123.123428344727 124.395217895508 124.77880859375 119.512359619141 117.813949584961 114.70573425293 113.229248046875 110.475227355957 109.333808898926 107.840476989746 106.061653137207 105.461143493652 104.983047485352 103.091117858887 101.689720153809
133.569976806641 135.437896728516 136.468444824219 137.557144165039 137.741104125977 137.890182495117 137.622619628906 137.139984130859 137.507461547852 136.615142822266 136.695495605469 138.965957641602 140.804931640625 140.732467651367 143.182708740234 144.654006958008 143.548797607422 137.896606445312 135.290344238281 135.608367919922 135.03385925293 132.911285400391 -3.4e+38 143.625549316406 138.482528686523 133.832275390625 131.884963989258 129.628189086914 129.855392456055 130.28971862793 126.007049560547 124.152465820312 124.473937988281 124.966812133789 127.091178894043 130.806411743164 132.755981445312 123.306167602539 118.297035217285 115.19571685791 113.69068145752 110.689399719238 109.611015319824 108.570434570312 106.85179901123 105.578857421875 104.898178100586 103.324630737305 101.838737487793
133.924072265625 135.615829467773 136.48779296875 137.29052734375 137.327560424805 137.188095092773 137.01335144043 136.624267578125 137.441223144531 137.212814331055 136.866149902344 139.155548095703 144.699249267578 145.350296020508 142.217025756836 145.226928710938 145.67741394043 141.57080078125 142.257797241211 137.270614624023 135.35969543457 133.780868530273 136.522262573242 138.989273071289 135.900375366211 133.933700561523 132.502334594727 130.971328735352 130.037673950195 130.133407592773 126.997192382812 124.559211730957 125.314567565918 128.314468383789 130.475982666016 135.723968505859 135.668273925781 122.759002685547 118.054840087891 116.079246520996 114.800216674805 111.994651794434 110.156845092773 109.360229492188 108.258811950684 105.941864013672 105.15601348877 104.374008178711 102.937576293945
134.734970092773 135.900924682617 136.08708190918 136.417785644531 136.821533203125 136.955703735352 137.279418945312 136.87385559082 137.278625488281 137.942993164062 137.412796020508 139.856826782227 148.250747680664 146.360000610352 140.318740844727 143.093399047852 147.30973815918 148.276184082031 149.332855224609 137.357543945312 135.270874023438 135.122497558594 136.157867431641 135.962905883789 135.738952636719 134.962371826172 133.345809936523 131.724090576172 130.037567138672 130.307998657227 127.646072387695 125.814414978027 125.102394104004 127.262367248535 129.725540161133 134.400009155273 128.656433105469 120.427406311035 117.787506103516 115.844924926758 115.373275756836 113.009948730469 110.504508972168 109.613830566406 108.499046325684 106.296035766602 106.011505126953 105.192665100098 103.751991271973
134.885162353516 135.912048339844 135.712936401367 136.02702331543 136.828063964844 137.112182617188 137.450653076172 136.715240478516 137.543716430664 137.745071411133 137.850921630859 139.945877075195 146.263397216797 143.762939453125 142.944274902344 149.455657958984 151.501190185547 149.255264282227 147.821090698242 138.842239379883 136.541595458984 136.040084838867 137.285049438477 138.426574707031 140.561950683594 140.015899658203 134.193618774414 132.314788818359 130.525863647461 130.120727539062 130.019622802734 129.246826171875 124.801315307617 126.031852722168 129.556900024414 127.46900177002 122.753036499023 119.780990600586 117.908042907715 116.346038818359 115.345481872559 112.91771697998 110.827262878418 109.973236083984 108.889602661133 107.396301269531 106.337608337402 105.367652893066 104.087364196777
134.511199951172 135.819137573242 135.291870117188 136.144027709961 136.874771118164 136.827560424805 136.719284057617 136.755432128906 137.702301025391 138.002578735352 138.088180541992 138.161499023438 142.106399536133 146.580612182617 150.704223632812 157.42155456543 154.7685546875 149.756225585938 142.132568359375 139.185043334961 137.126342773438 137.049392700195 138.239410400391 139.20361328125 141.70783996582 140.515670776367 134.857162475586 133.221145629883 131.461212158203 130.562408447266 132.382736206055 132.234771728516 126.213829040527 -3.4e+38 -3.4e+38 -3.4e+38 121.395538330078 119.368202209473 118.416000366211 117.491836547852 116.140548706055 113.248558044434 111.843696594238 110.475463867188 109.615272521973 108.38648223877 106.591011047363 105.695465087891 104.926284790039
135.152496337891 136.412536621094 135.128509521484 136.170150756836 136.611557006836 136.713577270508 136.270065307617 137.47428894043 137.886093139648 138.806167602539 138.873611450195 137.684310913086 138.957015991211 146.610000610352 157.730606079102 161.906051635742 158.071426391602 151.600570678711 139.294464111328 138.164596557617 137.103515625 137.718566894531 140.546081542969 144.499588012695 139.974014282227 137.398147583008 136.139266967773 136.039306640625 132.43782043457 -3.4e+38 140.0888671875 137.503463745117 127.340370178223 -3.4e+38 -3.4e+38 122.471313476562 121.222953796387 119.647193908691 118.781112670898 117.751304626465 117.024612426758 114.505737304688 113.378158569336 112.01895904541 110.007781982422 108.732200622559 107.269317626953 105.936164855957 105.340286254883
