rcp4.5models/CNRM_CM5/sc1gr8.3
NCOLS 261 
NROWS 433 
XLLCORNER 336357.134 
YLLCORNER 654653.479 
CELLSIZE 1000 
NODATA_value -9999 
[rows 308 to 329 of 433, columns 150 to 199 of 261]
201.013086354478 176.457306727477 173.663508012669 172.675645032176 166.767728803809 158.899764877036 163.689060803389 170.42887837196 163.235586826722 161.585250137547 158.476101605294 160.756323127153 174.427260103875 186.089783478261 186.887629865032 187.272519560808 188.336844520328 190.438031781405 185.299006155492 167.332028918998 167.582688315716 162.683287004155 167.751169260885 186.237622902405 190.061669038603 173.439418414443 167.547173836215 173.359174629492 176.289761064224 174.598636856755 146.901076705084 139.757362601474 147.442615637287 170.216358316375 166.134177423576 161.836586284141 159.623558135791 162.141286518772 155.760393592635 151.923213439802 147.129915942235 135.623345076648 117.164603440569 114.041144054569 113.551566843866 112.701488594086 112.747109550669 114.432526711674 125.162413135864 125.989082948746
207.609328050031 185.453495416487 171.476188467583 169.353476786656 164.575319380665 162.188801588329 171.320020399555 173.706367565128 163.787927567507 162.064929841005 164.510706500863 165.487584791238 172.903317075601 181.752437100257 181.861416053724 182.701504265383 182.090382766092 187.542753872894 179.460188276197 164.08465416192 166.149768005229 161.784002817433 163.559740250972 176.423623432947 192.391241860941 184.541284658925 167.905287351983 169.024155560387 169.420624160657 171.943587164219 140.680443909888 137.540053547927 142.724388203467 160.549105888803 168.039643493632 160.690680149189 158.557539006969 159.548135109926 152.901310889721 150.46596922631 148.390696865181 142.405584807174 119.168547877292 113.410663787765 113.028113933342 117.389836105623 117.944432148337 111.345406263757 117.346261546203 118.076907400628
208.212679597283 187.152883630851 169.383303164414 165.848660319719 163.418847176432 167.730845690709 174.78802822768 171.668242192397 160.984686024853 161.53960259253 169.724261497929 170.901894295207 174.532077758963 179.090385630291 172.644131484218 174.587863443504 179.638097601192 178.391065986904 163.891033064933 163.230667532683 161.639943064226 158.387737822836 159.353329264516 164.745274188582 184.537797704932 190.639905696339 177.702639238206 167.422697783641 168.12892794723 169.675189821393 144.31223605063 137.314774443479 138.084366052316 150.430454151128 169.154816474298 159.062584029709 156.777916589827 157.716268632565 149.842418843992 147.15514868977 145.356261621551 142.07200642339 118.191493919486 112.833368371819 113.034280535499 118.189755218281 120.213220913202 110.127653990109 112.125008171516 117.289988125695
203.251742970921 192.027914855977 181.950094118151 166.252933663262 164.270049607316 170.478615293337 173.311493626486 168.002490875476 154.165653727889 157.996254452787 166.77812684293 171.993857884064 179.31948333072 180.938068377338 177.617443970254 179.257015666807 181.493402389073 167.450931423024 152.421947818182 157.322185751246 156.228633301492 160.077784427674 171.299959862756 173.307871374195 185.120511681247 193.85026869886 190.554243177157 176.2290322912 165.892021828395 169.040571796493 152.562189435927 137.665029456135 136.816867188234 141.490564596281 155.689646786738 156.408085820647 155.665228899837 157.058242822095 147.709869218567 144.709614066215 143.068903371856 138.6252875516 115.233489192727 113.574545797103 112.525205428468 115.845700888951 118.977598270517 109.993329749365 111.039507692101 118.973727597848
203.071487385141 192.447303335532 182.309974846188 167.773035684978 171.851435341679 179.007212143041 170.208170232083 166.127266396501 156.979039355168 156.044314144723 160.217563944693 170.568764819669 175.486333632219 173.997255832242 179.330058118164 181.342542319247 178.733508780789 166.500664280515 153.792642343394 157.183647274733 158.072454296735 164.497870652902 177.557635125787 189.062105148017 188.250402863187 182.367092672501 192.526154018428 184.52654757708 163.144115554983 166.437995207225 158.661762395216 138.325545581417 138.798994643654 144.972328018914 155.030214950971 155.630531588301 153.485010034595 153.783082342181 146.74102557919 143.205838053406 142.659466254002 136.825953428499 116.715772006097 114.802542000296 113.101286480603 115.895802792248 117.36175581513 111.899204273537 109.164898350637 113.400418956913
181.566147532974 182.936536132885 179.388435740607 190.316470969811 200.972063830476 194.644483032448 184.908025077179 178.09291792105 172.199845916532 161.819064638931 151.356756291436 147.893481948219 151.841527825797 162.662364239495 171.662738950048 176.022245701221 180.261019672803 180.130469055113 176.348007258518 149.262507941978 155.004723960871 173.93090968529 180.351495552682 186.359099381517 191.493694126763 190.816756818271 180.747979550652 172.260961345445 178.79490796722 164.924311410983 170.264226072386 145.821159900864 137.276670801948 146.143512099026 161.239519835881 154.755899883103 149.80567695496 149.66337356086 143.35415993547 140.577747298522 138.385997803153 129.743401653304 118.163454090668 118.58464320133 114.799215042353 116.614494134022 119.540496330497 109.088830952573 107.280531837384 111.155168105
181.693630917599 189.738083273341 197.221310844699 196.185575755781 193.36159937775 194.616434787617 199.741664100377 187.982879167301 171.920797449809 163.321621530492 154.631230579557 150.949633468533 150.158144403191 162.833836777386 172.062876729855 172.788153704252 177.52420876115 178.617031973666 172.271442076533 144.085332898042 148.470668856035 156.740371084612 166.910695017294 182.713188525628 187.239027701038 191.656596673181 181.5015958913 166.533041793489 179.477657611758 168.934848775378 166.698645243664 163.760529050973 144.67833294838 143.178278865268 148.416216065635 154.492489573382 147.393325014956 147.593873038386 141.401104897981 138.600250529589 136.605734876947 128.878523851629 118.377974546401 117.837853099632 114.684402906914 114.777807438027 119.585762157603 110.585490681928 106.638188110421 109.483082265222
190.308138078229 185.371409123721 190.637175437714 185.578632490367 186.400845574804 191.791013793479 191.810613304656 180.404070323727 166.727537303524 162.824543335572 158.12715742082 152.570315438788 155.299475975157 165.762677519008 171.324509911767 167.992377682452 171.619812250064 177.944146109206 169.615904094706 142.56179677977 145.417523427576 152.555632301129 162.314244856199 170.268389176402 178.288859243073 189.035732726305 180.447711207999 159.136411532515 168.228919456779 175.560562116438 161.426198263699 172.836776935672 162.30384805816 152.330566014912 150.876769849655 157.139689716445 150.171929031606 145.39482602287 139.389085198426 134.01194731427 133.775819331305 127.895146076756 118.256708149063 115.734381889834 112.907821010223 112.03932529425 117.171903526326 110.611435436286 106.894631170253 108.512911048117
189.702212606972 183.285976082954 184.430425462283 177.976864693587 175.364692296197 174.470042753907 171.255188400342 168.20949246976 166.472632009282 165.045751079201 158.308601163154 149.415621440551 161.025238720202 170.134642309615 170.822258363036 165.766271821908 164.702886206554 171.497629980026 165.448373112213 151.892153865206 147.478814917996 163.052839561075 172.206232573416 165.439954319507 170.31291056578 181.363931577802 182.831573947464 162.586287492278 159.144843427685 182.308406563303 156.689793213587 168.523095159733 172.616521976299 158.776503312396 161.936321625209 153.150821265353 149.17781877895 140.739410140742 136.560437350789 129.889603982972 130.53340472151 125.841987184384 115.99279034085 113.389971627349 110.726507087937 109.344373369146 114.190851768742 109.824257916519 107.350398731838 107.474172326443
179.245614453632 178.646308090187 182.114218452785 175.634920534984 159.455348672376 160.062307047179 162.671863436125 164.132431038306 162.762201220026 157.324077170073 155.117042145844 153.258809770717 164.172603694466 169.629732704098 170.868517294863 167.931822466459 161.678800690553 161.489563865796 161.676167920078 162.733040116942 152.181213620065 163.414163188106 179.134441425119 174.725367764774 174.946408285597 179.370365422837 184.367444700113 172.012104836446 166.94708146212 183.25275518555 155.576238780753 161.932348924292 170.074129005452 157.858506767481 164.289600935821 145.528369907858 143.9583970269 139.096698221135 132.42648773922 127.499243162896 127.511738072101 121.682515228515 113.079343193171 113.533591778889 110.299702939906 106.361993210011 112.316849139017 111.569693955738 111.334756256548 108.973627669482
156.93241948813 158.01417036043 162.308558690134 163.049570402216 157.220697909682 158.888176757617 161.033852528684 162.323777979933 160.05115634224 154.586656602804 159.89452920283 162.168031906029 167.049427710509 167.289723869892 168.867654470206 167.598109861773 160.650932910039 157.937662825336 163.117993457338 161.487382328838 156.089168621559 158.844061400862 172.628681640136 176.472820875985 165.496078927818 166.792907835172 165.448307003175 168.955367811179 180.544000055952 175.387709786145 159.650341475725 167.24638350896 169.024245174092 153.078024288503 157.957340734129 147.93817158003 143.202859297969 138.255225128203 132.239661370373 126.9440520294 126.696770150323 118.418209161891 110.858666849475 113.637809423902 110.525434164563 104.845353155616 110.502322796811 110.665749881032 111.217636515988 111.770370192587
151.07403985141 151.926142180767 153.451695012469 154.899918631109 155.560336934287 157.175254989009 158.606435231691 159.503577673014 161.645618338907 160.703736448502 164.145269996578 164.425135568498 165.237706939138 165.112607131184 166.881054322601 168.14373507734 164.245384929109 160.799849770151 165.658098387007 166.141121604038 160.44485873256 161.540827496695 170.926525394994 171.936929686158 152.267533613638 158.667130878731 153.929844194968 165.113553803142 186.295796927361 176.801247666389 164.631712378468 176.174900597499 166.081587882479 161.01258517159 155.03474586684 154.131346440621 145.033392369534 137.95245039529 134.509128600456 128.407550963325 125.154620039978 117.72500880291 108.923189562434 110.379125896862 107.826583937646 103.186855926574 107.38209627741 107.058116353981 106.722298373785 108.944852677177
149.134140506956 150.140235235754 151.770731562565 152.645565673025 152.766207260726 154.6357928644 155.864598443665 156.598600016877 162.268465668962 162.000465888919 161.546581454832 161.06421060775 162.372464146871 162.873699438632 165.187531562485 168.219290624879 167.51197697214 164.067327142982 163.146462235137 174.258098828005 168.161339759395 163.213388120935 171.858502511938 173.485453683688 159.926617136175 161.640694764218 156.111033946863 157.827160969959 185.430497040281 183.886235272852 166.66255785608 170.601411314066 160.865912900166 163.753489643645 150.887598891257 152.629999115792 144.461764781258 137.319036272479 133.916248538381 128.651642282047 122.63569177579 117.767012793125 108.432056926103 107.243274052489 104.19656738132 101.121466880022 102.836522772499 104.848401895772 105.146410500018 103.657144899548
147.008848050531 148.008634779958 149.361721027269 149.855539985205 150.124641456143 151.583821656582 153.021869599945 154.534673853899 160.69371503635 160.462006939943 158.697623347813 158.264526374281 159.638985777743 160.619179302678 162.394398725128 164.540738542308 165.632375337297 165.555555857119 160.627843164561 173.396637695859 172.631315178876 168.908965345565 172.74139328085 176.96725254583 166.474831180425 153.532193070504 156.737440643577 157.382436906653 168.181596316194 185.900675446038 175.092334701516 163.911777653133 152.209626666564 150.128923336588 142.922485894177 143.896134919401 140.822431737667 135.79003901739 131.965148644557 126.731258820507 120.934119811201 116.149604071306 108.43209165241 105.816925259539 103.312133206008 100.312669289271 102.46431535385 105.165966122946 104.396397790628 99.9229765660122
145.870382589614 146.074758025142 147.275568861604 147.649423880067 147.886429037363 149.620661118293 151.483752335294 153.595203468476 159.997108475497 158.70517807582 155.785659910039 157.123626406996 157.297906562571 158.223860711627 159.42774510398 161.190162154335 162.315163192514 163.631844645772 165.011059265957 169.500346568377 173.809681756886 175.50442575675 174.17961612705 167.800901858897 157.044096158698 147.364414905015 156.668794279477 161.423911425147 154.62743341561 181.975188065519 176.366886134496 166.286448606815 148.12387079792 143.692093946018 140.745356680788 138.66771021056 137.285501554894 134.319973241715 130.242812033763 125.010074758386 120.135912254857 113.768907523949 108.506525635837 107.22853410199 106.193233508042 100.456085773399 103.123573382316 104.865505566998 103.18946370949 97.5267477887239
144.431524446897 145.040732771968 146.827518528836 147.607895763764 147.036810985418 150.146879702536 152.379568686524 154.466366553853 159.777677206923 156.977949680184 153.120212129875 155.277721333023 155.085123574986 156.022499622929 156.798198188028 158.279520362496 158.948804036378 159.861798549091 165.465972053851 169.638986174959 172.973587100682 175.494329039335 168.765952117145 155.709883412029 159.277609893695 155.982407866732 153.191224881283 155.190324949498 161.686692989489 173.138320825395 173.069826574727 163.369904447817 150.75245264331 141.723966977012 140.09178411798 137.725178403843 135.48361819927 133.388926746004 129.851549402404 125.242994611635 120.118080892951 114.292575569957 110.149063735802 109.243214420671 106.134162414316 99.3229958408184 100.644249096885 102.822277167751 101.828956131302 97.443839097814
141.625805744442 142.76511232941 144.930606729865 147.491568601144 148.370151563552 150.632231602645 150.612374955823 152.169285977061 156.5294233082 155.218361661932 150.409606647199 151.912860702198 152.368693581303 153.457102832201 154.58972387241 156.806401766614 158.433877519143 157.506738150602 159.459617906995 169.266524885842 169.928868110962 172.70842589694 166.573502049812 152.891367323886 162.956898392761 162.878792679424 148.395307829658 151.379166689664 169.539136344834 171.996190828092 174.088414726622 155.671824268528 146.263916973019 140.411806212529 139.092871152109 136.892288497727 134.753933882754 132.452975474925 129.548057180537 125.249051586079 119.459494154005 116.25171574417 109.857374449981 107.388468661178 102.083725922429 97.7663755559759 98.4927168352786 101.299065199603 100.427062652594 97.1823575380813
137.937966374904 139.115350403656 139.720610413423 140.742752845916 141.949015977915 142.671215927409 141.306377758575 142.109061207156 152.264824476387 150.207424361588 147.752382300893 146.952541718696 148.561479848747 150.063589774481 151.393177802503 156.865335383162 161.028450353257 161.000405745977 162.92676298914 169.429255479366 169.564033009948 170.528980136774 172.219494814109 170.752709765502 163.213115402785 148.156389991347 152.477079238304 154.401208213448 171.415183244537 170.881895894763 150.199032269521 150.479308753296 145.527533278125 138.416812339079 136.263683858209 134.045087968908 132.384057694441 129.566491364583 126.085801824438 124.615593462321 119.660187047422 115.630423679608 106.921361244032 104.085097724394 101.389535888399 98.0997567995283 95.7099800494961 97.3993486207895 96.9740036972427 94.2161211741246
136.089806607273 137.073506373745 137.470333932578 137.103945591049 138.163027613172 139.446960313241 139.247939416303 140.185925021715 147.556453964028 145.184904558582 144.910813287209 145.897202343117 151.514266015403 157.24661376062 156.182328956757 153.036073730636 157.643978696187 162.009506021237 166.440731992074 167.807794988534 168.297133309956 167.248048756303 170.888345511475 172.958372427275 165.028067918243 146.620986390049 146.496365161267 143.426866772653 150.584946972777 159.814832772847 145.721568489117 142.638513211543 142.776223136868 137.697661860879 135.479681551107 132.70492312744 130.568440446929 127.139763113662 122.874183254569 122.23422221162 118.392410236333 113.13615587738 106.65449155404 104.49577828965 101.099676331897 97.5946286743164 94.8385173954497 95.1804100550738 95.8495537936244 92.7584525722977
136.577533873203 137.523472798511 135.889750377957 136.953708968956 136.774363846102 136.325667686868 136.721879553544 138.512681972685 144.638527406988 141.64962114295 141.171682246855 143.047112933735 150.197265158869 159.773616820954 160.791637642007 149.420257165346 151.315382953886 159.535733658294 161.530821446103 166.208294784541 166.34074796761 166.420610265378 168.764967994156 168.962334855435 159.072536726104 145.515428561597 144.283148065005 142.487042700557 145.969642003568 160.470547748001 145.801846746618 141.393160047524 139.542815525691 136.929431234843 134.325521217932 130.0523127707 127.197212433792 123.446461058558 119.93263514376 117.822061950901 115.241141561041 111.280817373659 106.355402091687 106.241420403802 101.60133158606 98.9219572259554 94.3010471084753 94.8120446792675 94.4520653241797 91.2898121640584
138.469106143869 137.884754483023 135.682298645594 136.882231793841 136.426256540265 135.078520847641 135.155921463337 137.415331494546 143.981411027766 143.757648556319 140.673752021331 139.660028531721 142.77208630531 150.482457928938 157.500638658997 154.799112068724 155.88532233951 158.899128210024 156.696912743307 162.593618777539 165.607411917776 166.151543594273 166.908829515225 163.990904433804 155.575281838555 145.427237813705 146.464086869471 151.881546834681 163.753226377276 168.822868275652 144.983744842187 140.867729822778 138.560405302256 135.76258914235 132.488698172732 129.062572575785 125.940221044067 121.761612657485 118.688587169023 115.886993910567 112.552996834616 110.146032404911 108.435210756202 107.551318828367 104.15261744578 101.828883154581 93.6727940834682 95.2786847120736 95.0437698700577 90.7329547036016
136.874038668889 137.059777665719 137.208198151471 135.56733951824 135.642092653974 135.203406509015 135.70743711831 135.826195203069 139.566079184186 141.884291317855 141.283253360671 139.825738194105 140.31862082308 142.470590623784 148.87852246045 152.99014399973 157.74250662845 153.29540858029 152.510265718402 157.571679522985 157.212993129605 159.570128013995 165.576237196638 166.337279491616 161.366832621514 149.312164014772 150.410179876229 158.279920360691 172.689249217132 162.745324165653 147.777998978093 139.888269684571 137.369362203162 135.019574322634 132.035963115733 130.131329343334 126.772791190687 122.688085915159 119.120939046035 115.443808102599 110.954569711748 108.7119642651 110.172741368147 108.427808765761 106.2411507506 102.92886590171 93.5290113832271 94.0526720484877 93.9639552823047 90.7077262851732
