rcp4.5models/CNRM_CM5/sc1gr0.28
NCOLS 261 
NROWS 433 
XLLCORNER 336357.134 
YLLCORNER 654653.479 
CELLSIZE 1000 
NODATA_value -3.4e+38 
[rows 66 to 87 of 433, columns 49 to 97 of 261]
-3.4e+38 -3.4e+38 -3.4e+38 -3.4e+38 -3.4e+38 -3.4e+38 -3.4e+38 -3.4e+38 -3.4e+38 -3.4e+38 -3.4e+38 -3.4e+38 -3.4e+38 -3.4e+38 -3.4e+38 -3.4e+38 -3.4e+38 -3.4e+38 63.5487251281738 63.6346778869629 -3.4e+38 64.2229843139648 64.4589157104492 64.5303039550781 64.8015747070312 64.9697113037109 65.2244567871094 65.4839859008789 65.6021347045898 66.1410446166992 66.2593460083008 66.3119812011719 66.6149063110352 66.8176193237305 66.9087524414062 67.1591491699219 67.3586578369141 67.5024490356445 67.7553405761719 67.8973999023438 -3.4e+38 68.5463714599609 68.9017639160156 68.7932586669922 -3.4e+38 -3.4e+38 69.2337951660156 69.5696716308594 69.8415069580078
-3.4e+38 -3.4e+38 -3.4e+38 -3.4e+38 -3.4e+38 -3.4e+38 -3.4e+38 -3.4e+38 -3.4e+38 -3.4e+38 -3.4e+38 -3.4e+38 -3.4e+38 -3.4e+38 -3.4e+38 -3.4e+38 -3.4e+38 -3.4e+38 63.714282989502 63.8611450195312 63.9956436157227 -3.4e+38 64.5518951416016 64.8428115844727 64.9325485229492 65.0486526489258 65.2940139770508 65.8223037719727 65.9039001464844 66.2891387939453 66.6543426513672 66.5607223510742 66.7482681274414 67.1400833129883 67.0096664428711 67.341423034668 -3.4e+38 -3.4e+38 68.0481109619141 68.2737197875977 68.4425277709961 68.8396301269531 69.0621032714844 69.0375213623047 69.0436325073242 69.2430725097656 69.4340515136719 69.591194152832 70.0261535644531
-3.4e+38 -3.4e+38 -3.4e+38 -3.4e+38 -3.4e+38 -3.4e+38 -3.4e+38 -3.4e+38 -3.4e+38 -3.4e+38 -3.4e+38 -3.4e+38 -3.4e+38 -3.4e+38 -3.4e+38 -3.4e+38 -3.4e+38 -3.4e+38 63.8683967590332 64.2524948120117 64.3508911132812 64.655876159668 64.8114776611328 65.0574340820312 65.3180084228516 65.6022109985352 65.8982467651367 66.0066757202148 66.1424560546875 66.7578811645508 66.9107360839844 67.0278854370117 67.0882339477539 67.3907012939453 67.4806213378906 67.7597961425781 67.9326705932617 68.2148208618164 68.3853988647461 68.5282516479492 68.6733932495117 69.2851715087891 69.3215026855469 69.5442886352539 69.6591339111328 69.8257522583008 69.9731369018555 70.1659088134766 70.289436340332
-3.4e+38 -3.4e+38 -3.4e+38 -3.4e+38 -3.4e+38 -3.4e+38 -3.4e+38 -3.4e+38 -3.4e+38 -3.4e+38 -3.4e+38 -3.4e+38 -3.4e+38 -3.4e+38 -3.4e+38 -3.4e+38 -3.4e+38 -3.4e+38 64.0364608764648 64.2866134643555 64.4483184814453 64.8278427124023 64.8777160644531 65.2598342895508 65.355354309082 65.6001358032227 66.0819854736328 66.2654342651367 66.5514068603516 66.9457244873047 67.227424621582 67.151741027832 67.2644424438477 67.6010131835938 67.7198333740234 68.0009765625 67.9484405517578 68.3695602416992 68.5404357910156 68.7402038574219 69.1029510498047 -3.4e+38 -3.4e+38 69.7571716308594 69.9531326293945 70.1219711303711 70.2348175048828 70.3490524291992 70.4138946533203
-3.4e+38 -3.4e+38 -3.4e+38 -3.4e+38 -3.4e+38 -3.4e+38 -3.4e+38 -3.4e+38 -3.4e+38 -3.4e+38 -3.4e+38 -3.4e+38 -3.4e+38 -3.4e+38 -3.4e+38 -3.4e+38 -3.4e+38 -3.4e+38 64.2544250488281 64.5418853759766 64.7169799804688 64.9321212768555 65.0899429321289 65.4397277832031 65.4924621582031 65.7108383178711 66.0608444213867 66.4917449951172 66.7770080566406 67.0697631835938 67.2653656005859 67.2506637573242 67.6139678955078 67.7286224365234 68.0391998291016 68.0702819824219 68.2155227661133 68.5804595947266 68.8352737426758 69.1447067260742 69.4237213134766 69.731559753418 -3.4e+38 70.0487060546875 70.1679000854492 70.3647384643555 70.5531311035156 70.5620651245117 70.6773529052734
-3.4e+38 -3.4e+38 -3.4e+38 -3.4e+38 -3.4e+38 -3.4e+38 -3.4e+38 -3.4e+38 -3.4e+38 -3.4e+38 -3.4e+38 -3.4e+38 -3.4e+38 -3.4e+38 -3.4e+38 -3.4e+38 -3.4e+38 63.7052955627441 64.3805618286133 64.5381927490234 64.8491516113281 65.0051956176758 65.339714050293 65.6533584594727 65.5605010986328 66.0503845214844 66.1793518066406 66.5019302368164 66.9007415771484 67.3083343505859 67.3989791870117 67.5710220336914 -3.4e+38 68.0235061645508 68.1927795410156 68.3106155395508 68.6199951171875 68.7081985473633 69.0735015869141 69.329460144043 69.6603775024414 70.1353607177734 70.0092697143555 70.2621078491211 70.3777770996094 70.5514526367188 70.7736587524414 70.9063186645508 70.9511032104492
-3.4e+38 -3.4e+38 -3.4e+38 -3.4e+38 -3.4e+38 -3.4e+38 -3.4e+38 -3.4e+38 -3.4e+38 -3.4e+38 -3.4e+38 -3.4e+38 -3.4e+38 -3.4e+38 -3.4e+38 -3.4e+38 -3.4e+38 63.8311653137207 64.47021484375 64.4831390380859 64.9102630615234 65.1293334960938 65.5146026611328 65.886604309082 65.8346099853516 66.2264404296875 66.3575210571289 66.5259857177734 66.9949035644531 67.4591369628906 67.5785675048828 67.9158706665039 -3.4e+38 68.2029724121094 68.3763046264648 68.5472793579102 68.801887512207 69.0027008056641 69.338249206543 69.4589462280273 69.9009552001953 70.378303527832 70.3294677734375 70.4230117797852 70.6749420166016 70.9228744506836 71.0917358398438 71.207405090332 71.2966766357422
-3.4e+38 -3.4e+38 -3.4e+38 -3.4e+38 -3.4e+38 -3.4e+38 -3.4e+38 -3.4e+38 -3.4e+38 -3.4e+38 -3.4e+38 -3.4e+38 -3.4e+38 -3.4e+38 -3.4e+38 -3.4e+38 63.7983818054199 64.1372222900391 64.4854888916016 64.6358337402344 65.0404739379883 65.2247695922852 65.5534896850586 66.002555847168 66.1134872436523 66.3049850463867 66.5075836181641 66.7657165527344 67.1819610595703 67.6412811279297 67.6770477294922 68.0105514526367 68.1307525634766 68.330680847168 68.6141357421875 68.8141021728516 69.0416564941406 69.351692199707 69.6061630249023 -3.4e+38 69.9221954345703 70.4282531738281 70.5220794677734 70.8443298339844 70.8896408081055 71.1475296020508 71.4492492675781 71.6552810668945 71.5900421142578
-3.4e+38 -3.4e+38 -3.4e+38 -3.4e+38 -3.4e+38 -3.4e+38 -3.4e+38 -3.4e+38 -3.4e+38 -3.4e+38 -3.4e+38 -3.4e+38 -3.4e+38 -3.4e+38 -3.4e+38 -3.4e+38 63.8458213806152 64.3481216430664 64.5888214111328 64.8077850341797 65.2501373291016 65.3566436767578 65.4908218383789 66.0107269287109 66.1733322143555 66.5417709350586 66.7195587158203 67.0827484130859 67.3097457885742 67.8783950805664 67.8617935180664 67.9446029663086 68.3129119873047 68.4854431152344 68.8523178100586 68.9685668945312 69.3070068359375 69.5060577392578 69.6809921264648 70.0428314208984 70.158088684082 70.5272750854492 70.6327056884766 71.1998977661133 71.2557678222656 71.3286895751953 71.6071472167969 71.7600021362305 71.9779357910156
-3.4e+38 -3.4e+38 -3.4e+38 -3.4e+38 -3.4e+38 -3.4e+38 -3.4e+38 -3.4e+38 -3.4e+38 -3.4e+38 -3.4e+38 -3.4e+38 -3.4e+38 -3.4e+38 -3.4e+38 -3.4e+38 64.0305099487305 64.5029602050781 64.7960891723633 64.8519439697266 65.4758529663086 65.6801071166992 65.7471008300781 66.0645294189453 66.3850860595703 66.6351089477539 66.8399505615234 67.0625381469727 67.4340209960938 67.8337860107422 67.9834060668945 -3.4e+38 68.4948196411133 68.6963348388672 69.1462707519531 -3.4e+38 69.5456085205078 69.7443923950195 69.893310546875 70.3348999023438 70.4035263061523 70.6913146972656 71.0283584594727 71.4386978149414 71.4773559570312 71.6128616333008 71.6956481933594 72.1209487915039 72.3124389648438
-3.4e+38 -3.4e+38 -3.4e+38 -3.4e+38 -3.4e+38 -3.4e+38 -3.4e+38 -3.4e+38 -3.4e+38 -3.4e+38 -3.4e+38 -3.4e+38 -3.4e+38 -3.4e+38 -3.4e+38 63.9384918212891 64.3016891479492 64.7760314941406 64.9116287231445 65.1232070922852 65.6590347290039 65.8488082885742 65.9160690307617 66.08251953125 66.5823745727539 66.9085464477539 67.0838088989258 67.1733703613281 67.5872802734375 67.9951171875 68.0552520751953 68.5629196166992 68.8191604614258 68.87841796875 69.1319427490234 69.2519454956055 69.6740036010742 69.95458984375 70.0485153198242 70.4125366210938 70.6194534301758 71.1152038574219 71.2701416015625 71.5740051269531 71.7175827026367 71.932014465332 71.9313430786133 72.3452911376953 72.5094909667969
-3.4e+38 -3.4e+38 -3.4e+38 -3.4e+38 -3.4e+38 -3.4e+38 -3.4e+38 -3.4e+38 -3.4e+38 -3.4e+38 -3.4e+38 -3.4e+38 -3.4e+38 -3.4e+38 -3.4e+38 -3.4e+38 64.5068359375 64.8645095825195 64.9245147705078 65.1142578125 65.7488632202148 65.8073806762695 66.1485366821289 66.4702606201172 66.8002471923828 67.0823287963867 67.2319564819336 67.2960357666016 67.5727767944336 68.2025451660156 68.2958221435547 68.6004638671875 68.9987411499023 69.0896606445312 69.3456649780273 69.4914169311523 69.8024063110352 70.1125183105469 70.3437805175781 70.7529602050781 70.6891098022461 71.2583236694336 71.6098785400391 71.7576065063477 71.9378890991211 72.2608795166016 72.354248046875 72.6085357666016 72.8264846801758
-3.4e+38 -3.4e+38 -3.4e+38 -3.4e+38 -3.4e+38 -3.4e+38 -3.4e+38 -3.4e+38 -3.4e+38 -3.4e+38 -3.4e+38 -3.4e+38 -3.4e+38 -3.4e+38 63.9272994995117 64.4135284423828 64.6074066162109 64.8566207885742 65.026237487793 65.2833251953125 65.9359436035156 65.8898010253906 66.4032669067383 66.6931304931641 66.924560546875 67.1541442871094 67.3022537231445 67.7034301757812 67.8789443969727 68.3026123046875 68.5029373168945 68.8172988891602 69.1269149780273 69.4397735595703 69.5824584960938 69.6750183105469 70.0685272216797 70.3232498168945 70.5303039550781 70.9994888305664 71.1135406494141 71.6543807983398 71.9372329711914 72.0978393554688 72.0980911254883 72.4795379638672 72.6156539916992 72.6365432739258 72.8268585205078
-3.4e+38 -3.4e+38 -3.4e+38 -3.4e+38 -3.4e+38 -3.4e+38 -3.4e+38 -3.4e+38 -3.4e+38 -3.4e+38 -3.4e+38 -3.4e+38 -3.4e+38 63.8479881286621 64.1914215087891 64.5188064575195 64.6213226318359 64.7875366210938 65.1713714599609 65.4827651977539 65.8910980224609 66.2023162841797 66.6437225341797 66.8248443603516 67.0526504516602 67.2822265625 67.5426406860352 67.9309005737305 68.2499694824219 68.599967956543 68.7145080566406 69.053108215332 69.3943252563477 69.6199417114258 69.6832580566406 69.9144134521484 70.2803573608398 70.5576324462891 70.5497741699219 71.0747833251953 71.278076171875 71.7614593505859 71.9644088745117 72.2415313720703 72.4154052734375 72.7273025512695 72.5692596435547 72.7947463989258 73.1541976928711
-3.4e+38 -3.4e+38 -3.4e+38 -3.4e+38 -3.4e+38 -3.4e+38 -3.4e+38 -3.4e+38 -3.4e+38 -3.4e+38 -3.4e+38 -3.4e+38 -3.4e+38 64.2726745605469 64.4565124511719 64.6072845458984 64.7550277709961 64.9589385986328 65.7007217407227 66.0233917236328 66.2721099853516 66.4789123535156 66.8056793212891 67.2579574584961 67.2504959106445 67.7316665649414 68.1190490722656 68.26953125 68.667839050293 69.0717239379883 69.2738494873047 69.4469909667969 69.7621765136719 70.1544647216797 70.3569488525391 70.5868911743164 70.9219207763672 71.0404357910156 71.2171173095703 71.552848815918 71.8099594116211 72.1936340332031 72.6516571044922 72.6951904296875 72.8906707763672 73.0364151000977 73.2853164672852 73.4915237426758 73.6648330688477
-3.4e+38 -3.4e+38 -3.4e+38 -3.4e+38 -3.4e+38 -3.4e+38 -3.4e+38 -3.4e+38 -3.4e+38 -3.4e+38 -3.4e+38 -3.4e+38 -3.4e+38 -3.4e+38 64.4452362060547 64.5926055908203 64.9095993041992 65.2018432617188 65.881233215332 66.215690612793 66.4267654418945 66.6563873291016 66.9997024536133 67.307243347168 67.6903762817383 68.0492630004883 68.4509811401367 68.6567916870117 68.9072113037109 69.2263565063477 69.5123672485352 69.7718276977539 70.1664657592773 70.4226303100586 70.6752548217773 70.7151107788086 71.0504379272461 71.1693344116211 71.3463439941406 71.6368637084961 72.0490951538086 72.526237487793 72.6278610229492 72.8334808349609 73.2091217041016 73.3429489135742 73.6789169311523 73.6081314086914 73.9502716064453
-3.4e+38 -3.4e+38 -3.4e+38 -3.4e+38 -3.4e+38 -3.4e+38 -3.4e+38 -3.4e+38 -3.4e+38 -3.4e+38 -3.4e+38 -3.4e+38 -3.4e+38 -3.4e+38 64.4343719482422 64.6909637451172 65.0824584960938 65.401496887207 66.0906753540039 66.2344589233398 66.5187606811523 66.7515869140625 67.2577438354492 67.6085968017578 68.0547561645508 68.2324523925781 68.7652282714844 68.8856353759766 69.2585067749023 69.5511245727539 69.7511978149414 70.0649185180664 70.4594497680664 70.6869125366211 70.807861328125 71.1171798706055 71.2665481567383 71.5664749145508 71.5016326904297 71.7915191650391 72.2343444824219 72.8768005371094 -3.4e+38 -3.4e+38 73.4032440185547 73.5696411132812 73.7025604248047 73.9446563720703 74.201301574707
-3.4e+38 -3.4e+38 -3.4e+38 -3.4e+38 -3.4e+38 -3.4e+38 -3.4e+38 -3.4e+38 -3.4e+38 -3.4e+38 -3.4e+38 -3.4e+38 -3.4e+38 64.4178466796875 64.5361938476562 64.9541091918945 65.2976913452148 65.6136322021484 66.269645690918 66.6803741455078 66.770751953125 66.9399337768555 67.6075439453125 67.898307800293 68.2368469238281 68.3302612304688 68.7753829956055 69.0130233764648 69.3788909912109 69.6736602783203 69.9907836914062 70.4152908325195 70.6991882324219 70.981689453125 71.1058654785156 71.5209732055664 71.5888595581055 71.8661651611328 71.9039993286133 72.1089477539062 72.3947448730469 72.8886260986328 -3.4e+38 73.5693588256836 73.5794448852539 73.6568069458008 73.9084091186523 74.232292175293 74.6193237304688
-3.4e+38 -3.4e+38 -3.4e+38 -3.4e+38 -3.4e+38 -3.4e+38 -3.4e+38 -3.4e+38 -3.4e+38 -3.4e+38 -3.4e+38 -3.4e+38 -3.4e+38 64.5364303588867 64.74365234375 65.1550521850586 65.5322723388672 65.7365570068359 66.4216613769531 66.7507858276367 66.9699096679688 67.2326965332031 67.7262420654297 68.0767669677734 68.3916854858398 68.6291351318359 68.910888671875 69.2244873046875 69.6518936157227 69.8887710571289 70.2304000854492 70.705680847168 70.7716522216797 71.138069152832 71.3458480834961 71.7894439697266 71.9086456298828 72.0831527709961 72.2797088623047 72.3731842041016 72.5603485107422 73.1975173950195 73.4717102050781 73.9519271850586 74.034065246582 74.0813293457031 74.3569412231445 74.4933090209961 74.8255767822266
-3.4e+38 -3.4e+38 -3.4e+38 -3.4e+38 -3.4e+38 -3.4e+38 -3.4e+38 -3.4e+38 -3.4e+38 -3.4e+38 -3.4e+38 -3.4e+38 64.5244979858398 64.6894912719727 65.0319290161133 65.3147583007812 65.6514892578125 65.9784317016602 66.5723342895508 66.8652496337891 67.1224136352539 67.3788757324219 67.9447250366211 68.1753540039062 68.5454864501953 68.7468490600586 69.1482925415039 69.2920989990234 69.7157897949219 70.2107467651367 70.5235137939453 70.7788162231445 71.0405654907227 71.3799743652344 71.6631240844727 71.8632431030273 72.0095062255859 72.1703262329102 72.7139053344727 72.8291931152344 72.9356155395508 73.4964828491211 -3.4e+38 74.1626358032227 74.5594863891602 74.6637954711914 74.6482467651367 74.9545974731445 74.9884414672852
-3.4e+38 -3.4e+38 -3.4e+38 -3.4e+38 -3.4e+38 -3.4e+38 -3.4e+38 -3.4e+38 -3.4e+38 -3.4e+38 -3.4e+38 -3.4e+38 -3.4e+38 64.7859649658203 65.2268218994141 65.5834808349609 65.7295379638672 66.1182556152344 66.671989440918 67.0414810180664 67.2198867797852 67.5639495849609 68.0930709838867 68.3612670898438 68.700569152832 68.9638366699219 69.2157287597656 69.3942565917969 69.8480987548828 70.3082656860352 70.7340393066406 71.0471496582031 71.2200546264648 71.4259262084961 71.7904968261719 71.9722747802734 72.382568359375 72.434814453125 72.9369201660156 73.2368774414062 73.3170852661133 73.8245010375977 74.1557540893555 74.3986968994141 74.7864608764648 74.9702072143555 74.9590225219727 75.1540679931641 75.2004013061523
-3.4e+38 -3.4e+38 -3.4e+38 -3.4e+38 -3.4e+38 -3.4e+38 -3.4e+38 -3.4e+38 -3.4e+38 -3.4e+38 -3.4e+38 -3.4e+38 64.7343521118164 64.967041015625 65.3816452026367 65.7822341918945 65.9180526733398 66.2496719360352 66.8029403686523 67.1378707885742 67.5760192871094 67.8608245849609 68.2820663452148 68.541389465332 68.7985153198242 69.1129913330078 69.4896545410156 69.7201309204102 69.9165878295898 70.4675979614258 70.9457244873047 71.2307052612305 71.5139312744141 71.6105194091797 71.9565963745117 72.4553909301758 72.6791534423828 72.7297058105469 73.1792144775391 73.5578384399414 73.5855712890625 74.2324829101562 74.5688705444336 74.8158493041992 74.9709167480469 75.2067108154297 75.5132293701172 75.5160598754883 75.518798828125
