rcp4.5models/CNRM_CM5/sc1gr8.34
NCOLS 261 
NROWS 433 
XLLCORNER 336357.134 
YLLCORNER 654653.479 
CELLSIZE 1000 
NODATA_value -3.4e+38 
[rows 286 to 307 of 433, columns 49 to 97 of 261]
70.5516662597656 71.0210952758789 71.4526977539062 72.0150146484375 72.4401931762695 72.8716506958008 73.4280242919922 74.726676940918 75.3073272705078 76.0243606567383 76.6367034912109 76.9982757568359 77.3456115722656 77.9572448730469 78.3801574707031 78.7232513427734 79.1461868286133 79.2165145874023 78.6842498779297 78.4191970825195 78.2354888916016 78.3962936401367 77.742561340332 77.2063598632812 77.0948104858398 75.9590530395508 75.5375518798828 76.3406982421875 75.5413818359375 73.0198059082031 70.47509765625 70.238525390625 72.6238403320312 71.2637176513672 68.2953033447266 66.356689453125 65.3890075683594 66.0827331542969 65.3443450927734 63.1129989624023 62.670768737793 61.6210060119629 61.8414497375488 62.1293067932129 63.1035614013672 63.9418067932129 63.9502716064453 62.7654685974121 62.5024833679199
70.5241546630859 71.0688934326172 71.5453491210938 72.1574249267578 72.8368988037109 73.5102386474609 74.0602951049805 75.1077346801758 75.6243209838867 76.3854751586914 77.0272827148438 77.4939651489258 77.7682189941406 78.3985214233398 79.1361694335938 79.5158386230469 79.7135543823242 79.6315841674805 79.532341003418 78.8192977905273 78.2948684692383 78.7900543212891 77.9857711791992 76.9055023193359 76.2738952636719 75.5083160400391 76.2032318115234 76.9978179931641 75.7210159301758 73.9179077148438 71.5211868286133 70.5306167602539 72.605842590332 70.7250137329102 67.554084777832 67.5872268676758 67.7758178710938 67.140869140625 65.3205642700195 63.3542175292969 62.6613426208496 62.1382141113281 62.1084976196289 61.9399490356445 62.045825958252 62.006778717041 61.7568244934082 61.2451705932617 61.0696830749512
70.6467742919922 71.0509643554688 71.6026382446289 72.2928466796875 72.9747924804688 73.6379470825195 74.1749572753906 75.6711502075195 75.8894882202148 76.5655975341797 77.5257186889648 78.1026229858398 78.5414962768555 79.0074768066406 79.6660766601562 80.1664352416992 80.1689834594727 79.8931655883789 80.1106796264648 79.5600280761719 78.9706802368164 79.2205429077148 78.2173385620117 76.2700653076172 75.6248779296875 76.3908309936523 77.1421661376953 76.8154144287109 76.4354400634766 74.2429275512695 72.7925415039062 71.8397598266602 72.6841888427734 71.8457260131836 69.8451995849609 68.9896697998047 67.7530136108398 67.0530776977539 65.2461166381836 63.5842819213867 63.0915565490723 62.4919891357422 62.0403709411621 62.1395378112793 62.0551567077637 61.8637161254883 61.7237815856934 61.4417839050293 61.2820625305176
70.5844345092773 71.2269897460938 71.8134384155273 72.4770889282227 73.2246627807617 73.7786331176758 74.3252029418945 76.005012512207 76.5230178833008 77.0412139892578 77.8523406982422 78.5710144042969 79.1733016967773 79.5264892578125 80.0186157226562 80.5166702270508 80.4669723510742 80.2703094482422 80.2043609619141 79.9621353149414 79.7128677368164 80.0269088745117 79.1657791137695 76.9745101928711 76.7891082763672 78.394287109375 78.1645889282227 76.4831237792969 75.6408004760742 74.2934875488281 73.4732971191406 72.0619812011719 72.4409027099609 73.5004196166992 71.3249206542969 68.6059036254883 67.0406875610352 67.0100936889648 65.3064117431641 63.846263885498 63.712947845459 62.9353141784668 62.4289894104004 62.6254272460938 62.4814567565918 62.4886436462402 62.4206924438477 62.0141448974609 61.7312965393066
70.9317779541016 71.6441268920898 72.3898468017578 73.1195297241211 73.6824417114258 74.3030242919922 74.9436874389648 76.5793914794922 77.2585678100586 77.8351974487305 78.3503341674805 78.9303665161133 79.4888916015625 79.8986511230469 80.2064666748047 80.3548049926758 80.6255111694336 81.1354598999023 81.4976043701172 81.3358917236328 81.4168243408203 81.321647644043 80.9996185302734 80.5849075317383 79.3777923583984 78.7406616210938 78.5563735961914 78.4223403930664 77.4353713989258 74.8444213867188 74.0398101806641 75.2046127319336 76.0106735229492 76.1891708374023 74.7153549194336 72.6367645263672 69.9907684326172 68.4125442504883 67.0161666870117 66.0061111450195 65.9297332763672 64.1805877685547 63.7976608276367 63.7369728088379 64.3332290649414 64.1996841430664 63.1071624755859 62.6523094177246 62.3542938232422
71.4554824829102 71.9488677978516 72.6216735839844 73.3124389648438 73.9892349243164 74.7156372070312 75.2746734619141 76.6308670043945 77.5227661132812 78.3069763183594 78.7510375976562 79.0161819458008 79.5730285644531 80.0163803100586 80.3729629516602 81.0122604370117 81.1329879760742 81.5196838378906 82.1809921264648 82.0327224731445 82.0460357666016 81.9986877441406 81.6963500976562 80.8566513061523 78.9749069213867 78.8908538818359 79.4546737670898 78.6696472167969 78.7626724243164 74.9749755859375 74.8832626342773 75.6493072509766 76.7007064819336 76.8331527709961 75.4384155273438 74.9184188842773 73.8928070068359 73.3747406005859 70.5791244506836 68.6767807006836 68.6292495727539 64.9535446166992 64.6556167602539 64.6536483764648 65.367790222168 65.2206115722656 63.8876342773438 63.2238464355469 65.6629180908203
71.4703063964844 72.0486297607422 72.7838516235352 73.5898590087891 74.224494934082 74.8024597167969 75.3538970947266 76.9053649902344 77.6631469726562 78.3736419677734 78.9462051391602 79.2881546020508 79.676513671875 80.0758209228516 80.6206283569336 81.4393615722656 81.7390594482422 82.0298309326172 82.7096786499023 82.6736068725586 82.7026214599609 82.446418762207 82.1222152709961 81.5157852172852 79.9193572998047 79.5547027587891 80.1519241333008 80.0135498046875 80.0453491210938 77.1211013793945 77.1558380126953 78.2497940063477 78.4859313964844 78.4567108154297 77.5360488891602 76.8595123291016 76.504035949707 76.0091781616211 73.8514251708984 73.4614181518555 71.8745803833008 65.7295913696289 65.3145599365234 65.2306060791016 65.3505554199219 66.1206665039062 65.9045715332031 63.6044311523438 66.2280502319336
71.7004928588867 72.2741165161133 72.9105682373047 73.6574630737305 74.2472991943359 74.6558227539062 75.4094161987305 76.9561309814453 77.7895202636719 78.6351623535156 79.1745147705078 79.5680160522461 79.9680862426758 80.4542083740234 81.0430145263672 81.6784057617188 82.1724014282227 82.5488967895508 83.1939392089844 83.3631744384766 83.3544311523438 83.0402603149414 82.7688293457031 82.4721298217773 81.1038208007812 79.6145401000977 79.8903884887695 80.5078811645508 79.44873046875 78.1511535644531 76.8376235961914 78.8109359741211 78.1659088134766 77.5941390991211 77.34716796875 75.8841934204102 75.4759826660156 74.7038269042969 72.6411743164062 72.637336730957 72.3433151245117 67.2003402709961 66.1649703979492 66.9497146606445 67.0097808837891 66.6522216796875 66.8048477172852 64.3171234130859 64.2537002563477
71.6802062988281 72.4881286621094 73.295295715332 73.9028701782227 74.4045639038086 74.899787902832 75.6396713256836 77.2622299194336 78.0058441162109 78.7519836425781 79.2491607666016 79.8065719604492 80.2621765136719 80.7918701171875 81.3817596435547 81.8838729858398 82.72412109375 83.2106628417969 83.6177139282227 83.9358596801758 84.0087738037109 83.7945175170898 83.3131484985352 83.1124877929688 82.5580139160156 80.7873306274414 79.8006591796875 79.5518188476562 79.2744445800781 78.8675994873047 77.7158889770508 77.4664840698242 77.4888229370117 77.8466796875 77.2588119506836 76.3573913574219 76.942138671875 74.9480819702148 71.321662902832 69.7221832275391 71.4318161010742 68.9409942626953 68.7769317626953 68.9050903320312 70.0045394897461 68.3750534057617 67.3978881835938 67.0990371704102 66.7751922607422
71.9136505126953 72.6347503662109 73.4319915771484 74.0213851928711 74.438720703125 75.1256942749023 76.0497894287109 77.8540725708008 78.4089965820312 78.9431915283203 79.4026870727539 79.9725570678711 80.5088806152344 81.1638412475586 82.0113067626953 82.593391418457 83.3046417236328 83.7574462890625 84.1253890991211 84.4150772094727 84.6235809326172 84.4651412963867 84.1578369140625 84.2077331542969 83.6024932861328 82.0238265991211 80.871467590332 79.6967391967773 79.6327743530273 78.4664764404297 78.7677459716797 78.1348190307617 79.0489959716797 79.6939697265625 77.7587127685547 77.1272125244141 78.9429321289062 75.6414489746094 71.2950286865234 69.650016784668 71.2132797241211 68.8779678344727 68.9535903930664 69.1515502929688 70.0574951171875 68.425537109375 67.1072387695312 67.3661499023438 67.3207702636719
71.8994293212891 72.5077667236328 73.0679397583008 73.6513442993164 74.4470748901367 75.4141693115234 76.3929443359375 78.0227432250977 78.6033020019531 79.0650634765625 79.4887390136719 80.1715469360352 80.9538116455078 81.6509246826172 82.361213684082 82.8715209960938 83.4993438720703 84.2362289428711 84.7355651855469 85.0950088500977 85.2989807128906 85.2799453735352 85.2481384277344 85.1672210693359 84.1408996582031 83.1899566650391 82.7166366577148 80.780647277832 79.1565170288086 77.9676513671875 79.1070251464844 79.3560180664062 80.0385055541992 80.3540267944336 79.2658615112305 78.6779479980469 79.7716293334961 76.4554977416992 71.498893737793 70.589469909668 70.686653137207 68.5639419555664 67.9089202880859 68.4390258789062 68.7529602050781 67.7418670654297 66.7529525756836 66.0507354736328 65.5746688842773
71.9844360351562 72.932373046875 73.4839782714844 74.0173797607422 74.9901885986328 75.9900894165039 76.7429351806641 78.2316284179688 78.7716064453125 79.2481002807617 79.9593200683594 80.8360443115234 81.5128936767578 82.1135940551758 82.6391448974609 83.2554473876953 83.90380859375 84.6900100708008 85.297248840332 85.59033203125 85.9488677978516 86.2473831176758 86.1665420532227 85.9458160400391 85.5597534179688 85.2167816162109 84.2743148803711 82.2574005126953 80.4899597167969 79.1112213134766 80.2440719604492 80.8118133544922 80.4633407592773 80.5015640258789 81.2325820922852 81.4710464477539 80.4292144775391 76.0854797363281 71.51611328125 71.2156448364258 71.7597503662109 69.1550216674805 68.3225326538086 68.046989440918 68.4311981201172 68.557258605957 67.6761703491211 66.5237274169922 65.7036285400391
72.8511352539062 73.512939453125 74.1362838745117 74.8022537231445 75.7127304077148 76.3086471557617 76.8298263549805 78.3168182373047 78.824836730957 79.2373657226562 80.198112487793 81.1921157836914 82.0000076293945 82.8317108154297 83.3528671264648 83.9480133056641 84.492073059082 85.2382354736328 85.8522872924805 86.1141128540039 86.4974899291992 86.9045104980469 86.6105117797852 86.0192565917969 85.7721786499023 85.8492279052734 84.8458557128906 83.4548873901367 83.3172302246094 81.2558059692383 80.8847961425781 81.4174575805664 82.1136245727539 82.7258148193359 83.1066436767578 83.3998489379883 81.0335922241211 75.9722747802734 73.1771469116211 73.6413726806641 75.6135101318359 71.0324249267578 70.0913696289062 69.7031478881836 69.9591598510742 69.8027114868164 68.9572982788086 67.3763046264648 65.7250137329102
73.1901168823242 73.6436767578125 74.2452392578125 75.0209197998047 75.8405990600586 76.2632751464844 76.6898193359375 78.0358123779297 78.8112030029297 79.5374526977539 80.5361175537109 81.5596084594727 82.3287963867188 83.2351760864258 83.8981704711914 84.4680252075195 85.0320358276367 85.8101272583008 86.4494018554688 86.75390625 87.0698699951172 87.6190872192383 87.4037933349609 86.7835693359375 86.5275573730469 86.6242141723633 86.7225036621094 86.1700668334961 85.0672760009766 83.908935546875 81.6323165893555 82.4933166503906 84.47412109375 84.3174667358398 84.049186706543 84.5204391479492 82.3357315063477 78.6825103759766 76.3150253295898 74.7862014770508 76.9772338867188 73.8187408447266 72.3404693603516 70.6257019042969 70.1033477783203 69.7840576171875 69.193244934082 68.7787170410156 67.9601821899414
73.1904220581055 73.6700592041016 74.1673812866211 74.9608535766602 75.7412872314453 76.2571792602539 76.6647644042969 78.6902389526367 79.5511856079102 80.3319778442383 81.263427734375 82.1336517333984 82.7172012329102 83.3057403564453 84.1535110473633 85.1034851074219 85.7021942138672 86.2910537719727 86.9076232910156 87.3124923706055 87.6735610961914 88.4248275756836 88.6990432739258 88.6023559570312 88.4635314941406 88.2228775024414 87.834342956543 87.2128448486328 85.4517059326172 86.3809127807617 83.7679138183594 82.4201354980469 83.7188873291016 84.9627838134766 85.2861633300781 85.5024490356445 84.0188751220703 80.3898620605469 77.2787246704102 76.1989517211914 77.9389724731445 74.45068359375 72.7997283935547 70.9093551635742 69.2610778808594 68.4987335205078 67.3850479125977 68.2176666259766 68.5193557739258
73.5586853027344 74.2753295898438 74.7750778198242 75.3355484008789 75.8509368896484 76.6857833862305 77.5519943237305 79.0280303955078 80.0858764648438 81.0723495483398 81.8113403320312 82.6317825317383 83.5130310058594 84.3344116210938 85.1270294189453 86.0417098999023 86.8009185791016 87.2706680297852 88.0453109741211 88.4939651489258 89.0062103271484 89.7000427246094 90.4290008544922 90.8415985107422 90.9318618774414 90.3284606933594 90.2619018554688 90.6353225708008 89.9520111083984 89.3289489746094 88.9224548339844 86.5603485107422 84.4957885742188 85.6632690429688 87.9016647338867 87.6063079833984 85.1638031005859 81.0437393188477 79.4508056640625 80.1055908203125 79.9981918334961 79.3241500854492 75.7889709472656 75.2984390258789 75.5241317749023 73.2075119018555 69.4367218017578 68.0400085449219 68.4938354492188
73.4619445800781 74.2271347045898 74.7608032226562 75.3020935058594 76.0429840087891 77.045768737793 78.0437774658203 79.2809066772461 80.2359771728516 81.2564392089844 82.2288208007812 83.2780609130859 84.2307510375977 85.09814453125 85.6789855957031 86.5067825317383 87.3113784790039 87.7065734863281 89.1692657470703 89.5818328857422 90.4018936157227 91.2129364013672 91.394645690918 91.4297256469727 91.7818908691406 91.9698257446289 91.9217300415039 91.7123336791992 90.4613265991211 88.765266418457 89.8589096069336 89.0511169433594 87.3649826049805 88.6787567138672 89.0976638793945 88.5855407714844 87.5385818481445 83.0169525146484 79.843879699707 83.0175399780273 84.3229064941406 83.0167922973633 80.8430099487305 79.6121215820312 79.6030654907227 78.703254699707 74.3158874511719 70.7600784301758 67.4498672485352
73.4557723999023 74.1172714233398 74.906135559082 75.6797485351562 76.5569839477539 77.5336532592773 78.3956756591797 79.975944519043 80.9296875 81.9379806518555 82.9220275878906 83.9006042480469 84.651008605957 85.5782165527344 86.3464050292969 86.9382171630859 87.7797698974609 88.5149078369141 90.1812362670898 90.6578598022461 91.3897094726562 91.8536834716797 91.9255523681641 91.9787368774414 92.5227355957031 93.260627746582 91.1938018798828 89.2127151489258 89.8816909790039 90.0053024291992 91.1373672485352 90.2288818359375 89.5306701660156 90.8677673339844 90.1818313598633 89.6098480224609 88.7479705810547 86.3500137329102 84.8199920654297 85.5932846069336 84.8196411132812 83.7470779418945 81.3901977539062 75.9301528930664 73.6872634887695 73.8036117553711 72.4838943481445 70.4898147583008 67.2285690307617
73.7962112426758 74.3782272338867 75.0666122436523 75.6701278686523 76.4760437011719 77.5234832763672 78.5449142456055 80.5753707885742 81.7947540283203 82.7274551391602 84.1996612548828 85.0701217651367 85.1050338745117 86.1520156860352 87.0745391845703 87.7331771850586 88.6053848266602 89.5008697509766 90.9397430419922 91.736083984375 92.4068069458008 92.8034591674805 92.9274063110352 92.7037582397461 93.3450927734375 94.2183685302734 92.5457077026367 90.9986419677734 91.8071670532227 92.6390838623047 93.0951919555664 92.4511337280273 91.7209167480469 91.6770706176758 91.1583480834961 90.704963684082 89.8176193237305 89.1311340332031 87.7466735839844 84.5178527832031 82.7345352172852 80.1242446899414 78.1193084716797 71.7482681274414 71.2137756347656 71.45556640625 68.6615905761719 68.8854827880859 69.5162124633789
74.3025207519531 74.7380905151367 75.5913925170898 76.3895645141602 77.2176513671875 77.8329925537109 78.5481109619141 81.0084075927734 82.4776458740234 83.5660858154297 85.3019180297852 86.1649398803711 86.0792465209961 87.1669845581055 88.0993804931641 88.8140869140625 89.4261016845703 90.2614059448242 91.6076202392578 92.5871658325195 93.4570465087891 93.8154983520508 93.8569030761719 93.9344024658203 94.4342727661133 94.6994476318359 94.3312530517578 93.5168075561523 92.1103515625 93.9741821289062 94.3065185546875 94.0432662963867 93.4228286743164 92.5405883789062 92.1061096191406 91.6744537353516 90.9525527954102 90.1625289916992 87.1812286376953 82.7494354248047 81.7180252075195 77.9952392578125 75.7933120727539 71.5780410766602 71.5637283325195 72.0680160522461 68.5892791748047 68.7492599487305 69.9472427368164
74.9958572387695 75.4248962402344 76.4294586181641 77.4215469360352 78.2101898193359 78.3857040405273 78.9433212280273 81.1300277709961 82.676399230957 84.27587890625 85.39599609375 85.9676818847656 86.7078094482422 87.6703033447266 88.6164169311523 89.3760147094727 89.9589157104492 90.7818222045898 92.1755752563477 93.2122802734375 94.1181869506836 94.6749801635742 95.0019073486328 95.1694564819336 94.9971008300781 94.8645248413086 95.4322509765625 93.8245162963867 90.6903533935547 94.0143737792969 95.1019897460938 95.023681640625 94.4762649536133 93.7229156494141 93.2342300415039 92.7420654296875 92.1786727905273 91.0174407958984 87.8134536743164 83.5789337158203 83.7005920410156 82.6227951049805 80.3673782348633 78.2038650512695 74.7694244384766 72.0466690063477 69.278678894043 67.6759262084961 67.3610458374023
75.7732696533203 76.2408447265625 77.2386627197266 78.0095825195312 78.4009475708008 78.8624038696289 79.8555908203125 81.5470275878906 82.3687362670898 83.8058395385742 85.0275802612305 86.0960922241211 87.1674118041992 88.1931686401367 89.1664886474609 89.9721832275391 90.5982131958008 91.2288360595703 92.6321258544922 93.7865295410156 94.5976409912109 95.45361328125 96.1785049438477 95.7552032470703 95.4258651733398 95.6500854492188 95.0963973999023 94.2455444335938 93.4805679321289 95.9141159057617 96.5430526733398 96.0179290771484 95.6539077758789 95.2985534667969 94.5689544677734 93.353141784668 92.4766693115234 91.8413772583008 89.9847793579102 87.7066802978516 87.5607604980469 86.2558059692383 85.9002914428711 83.3692855834961 76.3440475463867 72.4713363647461 73.3449249267578 71.498649597168 71.0723876953125
