rcp4.5models/CNRM_CM5/sc1gr3.26
NCOLS 261 
NROWS 433 
XLLCORNER 336357.134 
YLLCORNER 654653.479 
CELLSIZE 1000 
NODATA_value -3.4e+38 
[rows 132 to 153 of 433, columns 147 to 195 of 261]
267.588562011719 268.383880615234 269.091613769531 -3.4e+38 269.004455566406 268.853363037109 268.953430175781 268.389892578125 267.968444824219 268.213836669922 267.748779296875 265.894409179688 266.750091552734 267.787475585938 268.489562988281 268.895294189453 269.145477294922 269.157989501953 269.124938964844 269.084869384766 269.163177490234 268.879058837891 268.180419921875 268.920013427734 269.325561523438 269.544372558594 269.606140136719 269.696624755859 269.947326660156 270.133270263672 269.993713378906 270.203948974609 270.386383056641 270.869476318359 270.885528564453 270.874389648438 270.850494384766 270.597747802734 270.321350097656 270.270416259766 270.501861572266 -3.4e+38 -3.4e+38 -3.4e+38 -3.4e+38 -3.4e+38 -3.4e+38 -3.4e+38 -3.4e+38
267.692047119141 268.207366943359 268.769561767578 269.006378173828 269.134002685547 268.692962646484 268.531280517578 268.789855957031 268.147338867188 267.666809082031 267.444671630859 266.528930664062 267.636444091797 268.193420410156 268.858215332031 269.098175048828 269.121917724609 269.105010986328 269.204742431641 269.122955322266 268.797760009766 268.164672851562 268.030609130859 268.831420898438 269.24658203125 269.350799560547 269.188415527344 269.194183349609 269.419677734375 270.155456542969 270.113830566406 270.169616699219 270.326751708984 270.628173828125 270.436584472656 270.414886474609 270.421569824219 270.285797119141 270.401214599609 270.3193359375 270.357543945312 -3.4e+38 -3.4e+38 -3.4e+38 -3.4e+38 -3.4e+38 -3.4e+38 -3.4e+38 -3.4e+38
267.927886962891 268.016998291016 268.278656005859 268.555389404297 268.957092285156 268.625640869141 268.065002441406 268.466949462891 268.432220458984 267.664306640625 267.344512939453 267.850677490234 268.107879638672 268.593688964844 268.95654296875 269.121856689453 269.153778076172 269.00830078125 269.072479248047 268.888519287109 268.212066650391 267.778045654297 268.200805664062 268.710418701172 268.990356445312 268.757629394531 268.865997314453 268.893463134766 269.280883789062 270.027252197266 270.206085205078 270.143402099609 270.211608886719 270.456115722656 270.238800048828 269.940124511719 269.988647460938 270.491363525391 270.765869140625 -3.4e+38 270.674926757812 -3.4e+38 -3.4e+38 -3.4e+38 -3.4e+38 -3.4e+38 -3.4e+38 -3.4e+38 -3.4e+38
267.321838378906 267.61328125 268.107696533203 268.485809326172 268.635650634766 268.330810546875 268.136535644531 267.939727783203 268.115814208984 267.751190185547 -3.4e+38 -3.4e+38 268.650421142578 268.918395996094 268.956420898438 269.121734619141 269.208374023438 268.978485107422 268.607086181641 268.231597900391 267.604675292969 267.555969238281 268.005645751953 268.370971679688 267.987854003906 267.319915771484 268.280303955078 268.708251953125 268.412628173828 268.378631591797 269.631805419922 270.083709716797 270.158447265625 270.365692138672 270.168334960938 269.837829589844 270.167999267578 270.841613769531 271.037384033203 -3.4e+38 -3.4e+38 -3.4e+38 -3.4e+38 -3.4e+38 -3.4e+38 -3.4e+38 -3.4e+38 -3.4e+38 -3.4e+38
267.246673583984 267.496704101562 268.269958496094 268.837219238281 268.533233642578 268.078887939453 268.055847167969 267.763702392578 267.805694580078 267.229827880859 267.31103515625 -3.4e+38 268.785552978516 268.859649658203 268.862457275391 268.93603515625 268.980285644531 268.892791748047 268.183563232422 267.735076904297 267.151397705078 267.418853759766 267.667114257812 267.499786376953 267.286682128906 266.519134521484 267.955078125 268.297515869141 267.977355957031 268.133453369141 269.293151855469 269.798431396484 270.089172363281 270.095977783203 269.759857177734 269.883575439453 270.445953369141 270.985412597656 271.089874267578 270.770538330078 270.842559814453 -3.4e+38 -3.4e+38 -3.4e+38 -3.4e+38 -3.4e+38 -3.4e+38 -3.4e+38 -3.4e+38
267.596893310547 267.392791748047 268.152252197266 268.565063476562 268.460357666016 267.963226318359 267.687133789062 267.474517822266 267.89453125 267.277770996094 267.13720703125 -3.4e+38 268.266143798828 268.425720214844 268.414459228516 268.416717529297 268.347839355469 268.468078613281 -3.4e+38 267.675994873047 267.003967285156 267.259582519531 267.458526611328 267.753082275391 268.102447509766 267.929412841797 268.643737792969 268.400665283203 268.443511962891 269.021850585938 269.441070556641 269.665161132812 269.743957519531 268.517578125 268.862884521484 269.565002441406 270.361602783203 270.606750488281 270.683715820312 270.383911132812 270.630920410156 -3.4e+38 -3.4e+38 -3.4e+38 -3.4e+38 -3.4e+38 -3.4e+38 -3.4e+38 -3.4e+38
268.098663330078 268.301452636719 268.734497070312 268.653717041016 268.436279296875 268.018585205078 267.769348144531 267.361877441406 267.088073730469 267.53564453125 -3.4e+38 -3.4e+38 266.926849365234 268.128021240234 268.150787353516 267.4814453125 267.351623535156 -3.4e+38 268.037078857422 267.684509277344 267.344665527344 266.125122070312 267.393646240234 267.9384765625 269.31005859375 270.035858154297 269.844818115234 269.389343261719 269.043121337891 269.194946289062 269.310913085938 269.3857421875 269.511474609375 267.191650390625 269.202606201172 269.829498291016 270.242767333984 270.350158691406 270.251831054688 270.189056396484 270.507202148438 -3.4e+38 -3.4e+38 -3.4e+38 -3.4e+38 -3.4e+38 -3.4e+38 -3.4e+38 -3.4e+38
268.140258789062 268.265655517578 268.424438476562 268.648193359375 -3.4e+38 268.149383544922 267.974517822266 267.528564453125 267.233459472656 267.506317138672 267.281616210938 -3.4e+38 266.833953857422 266.932495117188 267.237548828125 267.672698974609 267.34423828125 -3.4e+38 -3.4e+38 267.936950683594 267.032135009766 265.165252685547 267.050140380859 268.399383544922 269.512329101562 270.034118652344 270.045959472656 269.9150390625 269.611480712891 269.414245605469 269.327880859375 269.587463378906 270.0625 268.998596191406 269.888488769531 269.643707275391 269.680541992188 270.25244140625 -3.4e+38 270.666412353516 -3.4e+38 271.126190185547 -3.4e+38 -3.4e+38 -3.4e+38 -3.4e+38 -3.4e+38 -3.4e+38 -3.4e+38
268.084716796875 268.025482177734 268.028961181641 268.246643066406 268.016845703125 267.80712890625 267.929351806641 267.426635742188 267.088256835938 267.046936035156 267.117370605469 267.161834716797 266.184661865234 266.700408935547 267.347076416016 267.827819824219 267.130340576172 266.887054443359 267.542205810547 267.776458740234 266.436065673828 265.1083984375 267.889678955078 269.169342041016 269.678375244141 269.971801757812 270.106384277344 270.044036865234 270.090728759766 269.929809570312 269.701690673828 270.200805664062 270.544342041016 270.365539550781 269.835845947266 269.247711181641 269.920532226562 270.629577636719 -3.4e+38 -3.4e+38 -3.4e+38 -3.4e+38 271.358612060547 -3.4e+38 -3.4e+38 -3.4e+38 -3.4e+38 -3.4e+38 -3.4e+38
268.041412353516 267.921936035156 267.920440673828 267.996673583984 267.617279052734 266.621154785156 267.321960449219 267.001190185547 266.515319824219 266.923522949219 267.058166503906 266.587829589844 266.427062988281 267.319030761719 267.197143554688 266.556762695312 266.287628173828 266.648498535156 267.739654541016 267.555847167969 266.345550537109 266.379669189453 268.924957275391 268.890869140625 269.590087890625 269.865936279297 269.943603515625 270.104217529297 270.22021484375 270.342559814453 270.091979980469 270.431488037109 270.702056884766 270.226440429688 269.663909912109 269.378051757812 270.039459228516 270.421752929688 -3.4e+38 -3.4e+38 -3.4e+38 -3.4e+38 270.215850830078 -3.4e+38 -3.4e+38 -3.4e+38 -3.4e+38 -3.4e+38 -3.4e+38
268.106872558594 267.921020507812 267.919555664062 267.709533691406 266.924255371094 266.39208984375 266.677093505859 266.423675537109 266.450164794922 267.104675292969 267.332427978516 266.595031738281 266.572723388672 266.609100341797 265.838623046875 265.522369384766 265.610137939453 266.781921386719 267.712310791016 267.556213378906 267.006225585938 -3.4e+38 268.141540527344 268.145660400391 269.165954589844 268.926513671875 268.566101074219 270.217315673828 270.307067871094 270.360565185547 270.205108642578 270.350646972656 270.642120361328 270.614074707031 270.038208007812 269.950439453125 270.224334716797 270.858306884766 -3.4e+38 -3.4e+38 -3.4e+38 -3.4e+38 269.635070800781 270.314727783203 -3.4e+38 -3.4e+38 -3.4e+38 -3.4e+38 -3.4e+38
268.184692382812 268.013854980469 267.984497070312 267.748687744141 267.226806640625 266.877838134766 266.713714599609 266.648742675781 266.685943603516 266.893280029297 267.262145996094 266.553009033203 266.275482177734 265.619812011719 264.832977294922 265.203277587891 266.137451171875 266.878875732422 267.333801269531 267.556701660156 267.507629394531 267.743377685547 267.263366699219 267.803863525391 267.276214599609 267.251281738281 268.835693359375 270.389526367188 270.374664306641 270.514556884766 270.665924072266 270.537261962891 270.791870117188 -3.4e+38 -3.4e+38 270.558258056641 270.97998046875 271.057495117188 270.843200683594 -3.4e+38 -3.4e+38 -3.4e+38 270.34228515625 -3.4e+38 -3.4e+38 -3.4e+38 -3.4e+38 -3.4e+38 -3.4e+38
268.204864501953 268.002593994141 267.781402587891 267.666534423828 267.47216796875 267.230834960938 266.919494628906 266.384582519531 265.339996337891 265.912292480469 266.881896972656 266.135040283203 265.234252929688 264.541473388672 264.714874267578 265.641174316406 266.790283203125 266.781188964844 267.081939697266 267.463043212891 267.304382324219 266.936889648438 267.139831542969 266.902282714844 265.501434326172 266.244384765625 269.936370849609 270.423095703125 270.507293701172 270.944671630859 271.118225097656 270.728668212891 270.815734863281 -3.4e+38 -3.4e+38 -3.4e+38 271.085083007812 270.873260498047 270.824188232422 -3.4e+38 -3.4e+38 -3.4e+38 -3.4e+38 -3.4e+38 -3.4e+38 -3.4e+38 -3.4e+38 -3.4e+38 -3.4e+38
268.231140136719 268.058074951172 267.630981445312 267.151000976562 266.865753173828 266.979461669922 266.559661865234 265.562377929688 264.954132080078 265.433868408203 266.908538818359 266.106353759766 265.078369140625 264.428039550781 264.514129638672 266.04833984375 266.682922363281 266.717987060547 266.994750976562 267.264892578125 267.075469970703 266.466094970703 266.125854492188 265.2470703125 264.561462402344 266.198303222656 269.931121826172 270.408325195312 270.670837402344 271.124481201172 271.1982421875 -3.4e+38 -3.4e+38 -3.4e+38 -3.4e+38 -3.4e+38 -3.4e+38 270.761596679688 270.473724365234 270.993988037109 -3.4e+38 -3.4e+38 -3.4e+38 -3.4e+38 -3.4e+38 -3.4e+38 -3.4e+38 -3.4e+38 -3.4e+38
268.185119628906 268.0126953125 267.338348388672 266.95849609375 266.446594238281 265.974151611328 265.778900146484 265.280059814453 265.741851806641 266.106903076172 266.949554443359 266.308074951172 265.638793945312 265.166778564453 264.778900146484 265.436645507812 266.434204101562 266.63720703125 266.789947509766 266.637390136719 266.558227539062 266.811614990234 265.538970947266 264.687286376953 264.632049560547 267.350189208984 269.840240478516 270.554473876953 270.750518798828 -3.4e+38 -3.4e+38 -3.4e+38 -3.4e+38 -3.4e+38 -3.4e+38 -3.4e+38 -3.4e+38 270.658630371094 270.330444335938 270.236938476562 -3.4e+38 -3.4e+38 -3.4e+38 -3.4e+38 -3.4e+38 -3.4e+38 -3.4e+38 -3.4e+38 -3.4e+38
268.13232421875 268.069305419922 267.474365234375 266.838684082031 266.128387451172 265.407623291016 264.652282714844 265.149963378906 265.8876953125 266.373565673828 266.715911865234 266.472412109375 266.229644775391 265.924896240234 265.543060302734 265.991546630859 266.645904541016 266.736755371094 266.511901855469 266.065399169922 266.321868896484 266.794250488281 265.521301269531 265.171813964844 266.360076904297 -3.4e+38 270.206817626953 270.813354492188 271.044036865234 -3.4e+38 -3.4e+38 -3.4e+38 -3.4e+38 -3.4e+38 271.292388916016 271.172119140625 271.034851074219 270.762237548828 -3.4e+38 -3.4e+38 -3.4e+38 -3.4e+38 -3.4e+38 -3.4e+38 -3.4e+38 -3.4e+38 -3.4e+38 -3.4e+38 -3.4e+38
268.020599365234 267.851318359375 267.583831787109 -3.4e+38 266.031524658203 264.780151367188 264.104125976562 265.147674560547 265.892547607422 266.511016845703 266.631744384766 266.628387451172 266.557189941406 266.172454833984 265.766052246094 266.624298095703 266.644897460938 266.306610107422 266.078125 266.005096435547 266.596069335938 266.4228515625 267.484985351562 266.860931396484 267.533996582031 269.624298095703 270.612976074219 270.843078613281 271.106109619141 -3.4e+38 -3.4e+38 -3.4e+38 -3.4e+38 271.468292236328 271.238311767578 270.991363525391 270.965515136719 271.023468017578 -3.4e+38 -3.4e+38 -3.4e+38 -3.4e+38 -3.4e+38 -3.4e+38 -3.4e+38 -3.4e+38 -3.4e+38 -3.4e+38 270.835174560547
267.762542724609 267.589202880859 267.297241210938 266.976104736328 266.283355712891 264.915771484375 264.414093017578 265.182861328125 266.008941650391 266.391357421875 266.548095703125 266.677337646484 266.359710693359 265.756500244141 265.5361328125 265.941986083984 265.830200195312 265.174957275391 265.211334228516 265.650695800781 266.593200683594 266.765045166016 -3.4e+38 268.572174072266 268.643341064453 269.996490478516 270.707611083984 270.896179199219 271.230438232422 271.169921875 -3.4e+38 -3.4e+38 -3.4e+38 271.442687988281 271.366119384766 271.186218261719 271.09619140625 271.02294921875 -3.4e+38 -3.4e+38 -3.4e+38 -3.4e+38 -3.4e+38 -3.4e+38 -3.4e+38 -3.4e+38 -3.4e+38 -3.4e+38 270.759338378906
267.52685546875 267.656768798828 267.43359375 266.641357421875 266.005767822266 264.931488037109 264.788818359375 265.712066650391 265.659881591797 265.658508300781 265.627807617188 265.993743896484 266.239166259766 265.504760742188 264.915008544922 263.962066650391 264.231964111328 265.04296875 265.940399169922 265.832855224609 266.057830810547 267.571899414062 268.743133544922 -3.4e+38 270.215057373047 270.492767333984 270.623352050781 270.979736328125 271.357055664062 271.309112548828 271.140655517578 -3.4e+38 -3.4e+38 -3.4e+38 -3.4e+38 271.185638427734 271.140808105469 -3.4e+38 -3.4e+38 -3.4e+38 -3.4e+38 -3.4e+38 -3.4e+38 -3.4e+38 -3.4e+38 -3.4e+38 -3.4e+38 -3.4e+38 -3.4e+38
267.342803955078 267.457061767578 267.372894287109 266.59716796875 265.535675048828 264.878173828125 265.164031982422 265.283508300781 265.616149902344 265.300476074219 265.324188232422 265.844299316406 265.9521484375 265.2666015625 264.106506347656 263.574127197266 264.392639160156 265.427734375 265.877563476562 266.032348632812 266.615539550781 267.285064697266 269.72802734375 270.182495117188 270.464324951172 270.6005859375 270.629272460938 270.907104492188 271.168060302734 271.215179443359 271.11328125 271.210784912109 271.081665039062 270.925903320312 271.021636962891 -3.4e+38 271.114013671875 -3.4e+38 -3.4e+38 -3.4e+38 -3.4e+38 -3.4e+38 -3.4e+38 -3.4e+38 -3.4e+38 -3.4e+38 -3.4e+38 -3.4e+38 270.870361328125
267.092437744141 267.343963623047 267.081970214844 266.513854980469 265.666046142578 265.234375 264.965118408203 264.817749023438 265.051849365234 264.94140625 265.366302490234 265.725311279297 265.515380859375 264.636932373047 263.589111328125 263.542999267578 264.575439453125 265.772491455078 266.135833740234 266.9765625 267.795684814453 268.127655029297 269.798278808594 270.53173828125 270.671295166016 270.647705078125 270.589019775391 270.741912841797 270.940277099609 271.080810546875 271.024932861328 270.970092773438 270.703491210938 270.654510498047 270.926116943359 271.115386962891 271.021484375 271.019897460938 -3.4e+38 -3.4e+38 -3.4e+38 -3.4e+38 -3.4e+38 -3.4e+38 -3.4e+38 -3.4e+38 -3.4e+38 -3.4e+38 270.924987792969
266.666320800781 -3.4e+38 266.815307617188 266.547668457031 265.877868652344 265.661712646484 265.117309570312 264.730072021484 264.850708007812 265.280242919922 265.557647705078 265.723846435547 265.556549072266 264.725280761719 263.521362304688 263.706481933594 265.348266601562 265.652801513672 265.574310302734 267.7392578125 267.927093505859 267.804504394531 269.644561767578 270.225402832031 270.725494384766 270.707458496094 270.53662109375 270.561096191406 270.757904052734 271.032501220703 270.905303955078 270.623931884766 270.501800537109 270.574523925781 270.977355957031 271.022277832031 271.055328369141 271.078094482422 271.017608642578 271.016052246094 271.014434814453 270.985290527344 270.966247558594 -3.4e+38 -3.4e+38 270.779846191406 -3.4e+38 -3.4e+38 270.695587158203
