rcp4.5models/CNRM_CM5/sc1gr4.27
NCOLS 261 
NROWS 433 
XLLCORNER 336357.134 
YLLCORNER 654653.479 
CELLSIZE 1000 
NODATA_value -3.4e+38 
[rows 330 to 351 of 433, columns 98 to 146 of 261]
248.978042602539 234.514877319336 226.997512817383 221.440185546875 218.045059204102 222.030014038086 213.011154174805 193.995025634766 183.264251708984 184.666366577148 185.854187011719 186.574310302734 188.15625 188.380783081055 -3.4e+38 -3.4e+38 196.539611816406 193.259506225586 197.60905456543 203.949035644531 -3.4e+38 -3.4e+38 203.99739074707 198.535186767578 196.052886962891 194.684371948242 185.876373291016 174.840881347656 174.20393371582 183.456665039062 185.554428100586 183.303146362305 181.670791625977 181.67219543457 183.889175415039 185.437362670898 184.630416870117 185.672058105469 187.449234008789 185.843536376953 181.149139404297 174.756591796875 167.36930847168 161.796615600586 161.536193847656 166.49674987793 167.950103759766 167.256652832031 180.47705078125
258.498138427734 242.811813354492 229.327697753906 215.418884277344 205.102432250977 211.532150268555 212.491577148438 198.749694824219 185.582717895508 179.319427490234 176.622543334961 177.282730102539 182.043045043945 183.291015625 201.015853881836 -3.4e+38 202.393569946289 200.023941040039 198.585723876953 196.817169189453 198.468505859375 203.039276123047 204.904724121094 204.123397827148 200.499954223633 196.171020507812 188.479232788086 180.203994750977 174.309005737305 172.631484985352 174.952285766602 177.575012207031 176.547897338867 178.793243408203 182.361053466797 184.190383911133 182.675598144531 181.28059387207 181.307647705078 182.270736694336 182.119903564453 176.993179321289 170.864212036133 162.865692138672 156.848327636719 159.431686401367 163.636352539062 164.234115600586 181.767028808594
263.566986083984 255.676818847656 243.871887207031 222.004913330078 207.236679077148 205.093185424805 205.257080078125 199.811126708984 190.085891723633 177.765640258789 172.783630371094 176.315795898438 184.813446044922 190.410186767578 201.529251098633 205.618988037109 -3.4e+38 -3.4e+38 201.780700683594 197.286148071289 193.738784790039 195.806213378906 201.616516113281 205.87760925293 204.664276123047 199.269149780273 192.439651489258 187.484664916992 180.842056274414 170.425521850586 166.609619140625 172.517333984375 175.617706298828 178.511322021484 181.25732421875 183.899490356445 183.499755859375 180.363876342773 177.150131225586 175.352111816406 174.962692260742 171.75227355957 166.691421508789 160.078048706055 154.136169433594 153.654296875 158.134307861328 162.730941772461 177.737075805664
258.909881591797 259.105316162109 250.473693847656 223.15983581543 213.466812133789 206.619934082031 201.415100097656 198.656356811523 191.676986694336 180.93620300293 179.124496459961 186.316207885742 194.036361694336 197.520034790039 -3.4e+38 -3.4e+38 -3.4e+38 -3.4e+38 201.202545166016 199.433731079102 196.148452758789 193.886489868164 195.903884887695 200.75862121582 203.42301940918 200.703887939453 194.197845458984 191.396621704102 186.456420898438 178.940216064453 171.61897277832 172.081497192383 177.878631591797 180.814788818359 181.312835693359 181.405456542969 181.530319213867 178.663330078125 174.253173828125 169.895141601562 166.022857666016 164.036712646484 161.119033813477 157.16047668457 154.05078125 153.473449707031 156.984664916992 164.779449462891 173.586410522461
250.143997192383 253.864776611328 249.314163208008 216.740127563477 206.7724609375 203.8935546875 200.100982666016 195.745956420898 188.059158325195 178.33332824707 177.327178955078 184.364715576172 189.310623168945 192.597274780273 198.348983764648 205.350570678711 -3.4e+38 -3.4e+38 201.568161010742 199.427154541016 197.614608764648 195.643951416016 194.068862915039 194.112945556641 196.957260131836 198.014511108398 195.773178100586 194.772567749023 192.288787841797 187.635314941406 181.870193481445 178.173385620117 180.452743530273 182.473937988281 181.407852172852 179.359848022461 178.980010986328 174.659362792969 168.727249145508 164.506134033203 158.935989379883 155.894012451172 157.834442138672 156.792831420898 155.069320678711 154.883895874023 156.234008789062 160.352432250977 173.356079101562
238.31462097168 243.481597900391 245.368942260742 229.651336669922 215.845672607422 209.146774291992 204.148376464844 192.654693603516 181.422637939453 172.723831176758 171.697479248047 176.712554931641 178.431777954102 182.230194091797 196.470138549805 204.311645507812 203.351348876953 201.940032958984 200.252883911133 197.884048461914 196.896011352539 196.546463012695 194.893112182617 191.538619995117 190.263259887695 190.996887207031 193.891448974609 194.70295715332 195.885375976562 194.527526855469 190.294845581055 184.735397338867 181.55712890625 179.718780517578 179.878845214844 178.836944580078 176.062942504883 170.854583740234 163.65299987793 157.74089050293 154.495635986328 153.073547363281 155.547500610352 155.809829711914 155.392974853516 155.301147460938 154.780654907227 155.012405395508 166.875183105469
240.402282714844 245.016204833984 252.408309936523 255.287445068359 251.668853759766 243.145248413086 225.806793212891 211.447799682617 194.025375366211 177.233215332031 178.19743347168 180.04069519043 183.127243041992 186.775207519531 190.609085083008 190.818923950195 185.707183837891 175.049652099609 173.459213256836 183.030654907227 190.789428710938 193.381286621094 194.825057983398 193.785903930664 190.446975708008 184.267715454102 181.607482910156 186.163787841797 190.24674987793 193.074188232422 193.776916503906 192.285919189453 188.145233154297 181.323348999023 177.217819213867 175.050491333008 170.360366821289 160.231369018555 157.380676269531 153.074890136719 152.443725585938 154.925033569336 156.439727783203 156.439453125 157.279006958008 157.222686767578 160.72932434082 165.313888549805 178.922119140625
251.505889892578 256.405426025391 261.074798583984 261.671356201172 259.005706787109 251.068161010742 235.894454956055 223.212783813477 202.040603637695 181.044235229492 180.189041137695 179.164520263672 180.948150634766 183.603729248047 180.319778442383 178.782241821289 177.56559753418 172.662460327148 169.444854736328 178.087677001953 190.576156616211 193.197250366211 192.523071289062 192.402191162109 192.363708496094 186.651092529297 176.681930541992 180.142730712891 183.950637817383 187.784545898438 189.638641357422 189.273330688477 188.426681518555 185.089965820312 182.751434326172 180.5634765625 174.525405883789 160.609375 159.696533203125 157.634307861328 155.420608520508 156.332748413086 159.111999511719 164.223449707031 165.814254760742 165.108657836914 174.762268066406 183.109481811523 194.017639160156
259.370697021484 264.988098144531 266.7724609375 267.445251464844 264.999664306641 258.457061767578 247.428405761719 232.337005615234 209.858596801758 194.88883972168 190.519805908203 184.270706176758 182.667037963867 182.724334716797 176.835968017578 171.772827148438 172.51042175293 171.607788085938 170.02262878418 177.058639526367 187.98127746582 189.509078979492 189.146255493164 189.461044311523 191.831253051758 188.383865356445 172.675109863281 171.659393310547 175.649398803711 181.15055847168 184.391983032227 185.069213867188 185.570495605469 184.577194213867 183.295532226562 181.555099487305 177.009872436523 163.876266479492 158.523284912109 156.995712280273 158.183715820312 158.999221801758 166.926605224609 178.434616088867 176.01188659668 177.426086425781 190.349624633789 198.607849121094 209.363754272461
264.563293457031 270.20947265625 271.867919921875 271.660400390625 266.491455078125 262.660552978516 258.216857910156 245.666152954102 229.054046630859 217.54460144043 209.63818359375 202.50422668457 195.938201904297 193.2978515625 193.787963867188 182.080474853516 175.619735717773 174.648025512695 174.082168579102 174.484680175781 177.4248046875 178.716125488281 183.110900878906 186.914260864258 187.447784423828 185.001251220703 172.736831665039 167.500518798828 169.008041381836 173.92887878418 179.957656860352 183.724884033203 182.943618774414 181.700698852539 179.517974853516 176.776107788086 174.962509155273 168.405258178711 166.551315307617 166.567291259766 164.737197875977 169.813751220703 182.89436340332 189.1064453125 177.827362060547 178.196304321289 192.631164550781 202.600387573242 219.50830078125
265.745758056641 271.464019775391 274.451629638672 273.646087646484 265.353332519531 261.003326416016 260.96337890625 254.480102539062 245.030212402344 238.033508300781 230.822845458984 220.757431030273 211.600296020508 210.677154541016 210.212554931641 196.786331176758 188.760025024414 189.902770996094 189.426864624023 184.777481079102 182.015747070312 183.352645874023 185.2109375 187.479049682617 184.555435180664 181.143478393555 172.461288452148 168.439682006836 168.723052978516 173.736572265625 182.818237304688 186.131469726562 183.08154296875 181.044021606445 180.400283813477 180.787292480469 180.902069091797 180.265426635742 185.129486083984 183.150283813477 173.444305419922 182.031372070312 196.438842773438 189.206893920898 175.317565917969 177.237808227539 193.254196166992 203.464950561523 224.042907714844
263.465118408203 269.599182128906 274.383697509766 275.723449707031 268.592742919922 262.996520996094 261.657562255859 257.090484619141 251.781921386719 248.61572265625 242.795944213867 233.022735595703 225.839752197266 223.447875976562 216.881378173828 204.665573120117 200.998580932617 204.920181274414 205.151702880859 202.487731933594 201.051254272461 199.108108520508 195.399765014648 192.65901184082 186.617767333984 180.974151611328 174.668548583984 179.612411499023 182.122985839844 179.580902099609 187.673812866211 194.035522460938 191.565963745117 188.828491210938 191.062561035156 194.004592895508 196.078659057617 199.808929443359 201.649444580078 193.507751464844 186.297607421875 195.817245483398 202.196090698242 187.418228149414 181.95964050293 193.033569335938 204.644958496094 213.932693481445 225.446594238281
259.595275878906 265.848876953125 273.755187988281 276.817626953125 272.422424316406 266.196716308594 261.658660888672 258.309234619141 255.668991088867 252.475189208984 247.087768554688 240.628677368164 234.647979736328 230.124740600586 222.203170776367 212.37077331543 208.198196411133 211.014846801758 213.767608642578 215.7685546875 216.938507080078 214.463180541992 211.381988525391 205.298889160156 196.428771972656 190.253845214844 188.194793701172 195.983428955078 198.251235961914 192.250427246094 196.988128662109 204.397171020508 204.622299194336 201.527801513672 200.978729248047 202.459762573242 206.960983276367 214.460159301758 214.266387939453 206.152816772461 204.740692138672 210.835784912109 205.76318359375 197.728134155273 201.491256713867 208.82536315918 215.501327514648 224.772857666016 233.295501708984
257.232391357422 259.396026611328 269.010955810547 275.597320556641 272.360809326172 265.726867675781 257.72802734375 254.841384887695 252.480697631836 249.991333007812 247.349380493164 243.668579101562 237.505172729492 232.109451293945 226.093109130859 220.375625610352 216.104034423828 214.158432006836 212.779632568359 216.439743041992 224.381103515625 227.785690307617 226.773391723633 220.970916748047 213.445602416992 208.754135131836 203.830703735352 207.80305480957 212.677749633789 213.277496337891 212.524826049805 213.284210205078 212.983291625977 208.478271484375 204.072067260742 202.498413085938 205.255340576172 217.363861083984 222.80973815918 221.762176513672 221.120132446289 220.084136962891 214.583755493164 214.985610961914 219.294967651367 221.071075439453 225.87727355957 232.962707519531 240.927276611328
259.316314697266 255.736587524414 261.384582519531 275.353240966797 271.935028076172 262.95947265625 254.525894165039 252.239624023438 250.122695922852 246.318252563477 246.020431518555 246.732940673828 242.365234375 237.97721862793 234.144897460938 229.164428710938 222.647430419922 217.439712524414 213.106323242188 212.395248413086 217.892501831055 223.379165649414 229.133499145508 232.067672729492 228.905471801758 224.426742553711 213.948791503906 218.472747802734 224.373077392578 227.347854614258 225.617828369141 224.621551513672 225.111694335938 220.255996704102 213.695037841797 211.617782592773 206.623428344727 209.630599975586 222.529022216797 230.390579223633 231.497482299805 229.22200012207 228.194580078125 229.067916870117 230.529632568359 232.735595703125 234.84684753418 239.165832519531 243.814544677734
263.714508056641 258.634307861328 260.191192626953 275.804626464844 269.841979980469 261.780120849609 257.584899902344 255.286071777344 254.092712402344 252.846435546875 254.441436767578 254.84162902832 251.393936157227 250.071655273438 245.995864868164 237.260406494141 229.341384887695 226.121002197266 223.833648681641 219.746398925781 215.396423339844 214.791687011719 220.104110717773 226.107040405273 232.602142333984 234.91357421875 228.266036987305 231.013458251953 232.718032836914 234.826095581055 236.401748657227 237.393264770508 238.016143798828 235.332534790039 229.527770996094 225.729934692383 218.291641235352 211.286407470703 223.48779296875 234.216369628906 237.158279418945 236.169326782227 236.546844482422 236.799331665039 237.529342651367 238.871505737305 240.121475219727 243.651504516602 248.741149902344
267.183410644531 263.243316650391 267.598083496094 276.352478027344 271.966369628906 267.375335693359 264.920471191406 263.710998535156 263.537750244141 264.181549072266 266.258392333984 265.767669677734 262.952697753906 262.633544921875 256.737548828125 248.241744995117 243.051574707031 241.267929077148 237.218551635742 232.089263916016 227.067230224609 222.401153564453 220.102813720703 223.029205322266 232.684783935547 238.579437255859 239.501663208008 239.871719360352 240.238967895508 240.812728881836 241.604751586914 241.525619506836 239.435470581055 239.782608032227 240.7109375 236.545028686523 233.425521850586 229.044296264648 232.999710083008 239.266220092773 -3.4e+38 239.488845825195 239.002059936523 239.414245605469 239.735290527344 242.824325561523 245.723068237305 247.307144165039 247.423187255859
272.586578369141 268.508972167969 272.482055664062 273.012054443359 272.985809326172 272.138580322266 271.015380859375 271.1435546875 271.250183105469 271.387115478516 270.59130859375 269.126647949219 265.892517089844 261.523834228516 262.577056884766 259.473480224609 253.690444946289 248.397521972656 243.594924926758 239.711868286133 236.539474487305 230.598510742188 225.875747680664 227.869918823242 234.5771484375 238.999847412109 242.278884887695 242.481811523438 242.742965698242 242.810272216797 242.191329956055 240.429794311523 237.024551391602 236.803115844727 240.299530029297 240.74348449707 241.770614624023 242.584609985352 242.56022644043 244.135665893555 242.374816894531 241.341354370117 241.404739379883 241.503173828125 240.157974243164 243.20378112793 246.280792236328 245.333404541016 243.151123046875
278.332580566406 278.180999755859 272.797027587891 258.748687744141 264.285308837891 268.344024658203 268.380065917969 268.229400634766 269.762603759766 268.999114990234 264.886535644531 259.427642822266 251.975509643555 245.721694946289 251.481048583984 254.993789672852 252.984512329102 250.865432739258 250.607192993164 247.754165649414 238.629455566406 231.176361083984 222.133316040039 217.306198120117 222.641891479492 228.562637329102 232.704193115234 237.148559570312 240.828353881836 242.594879150391 243.51025390625 242.515869140625 241.723205566406 241.171508789062 240.121810913086 239.107437133789 240.096588134766 244.002944946289 244.037353515625 245.252166748047 -3.4e+38 -3.4e+38 246.453903198242 246.147613525391 245.178771972656 243.249526977539 243.824096679688 245.266036987305 241.94026184082
278.119384765625 278.330749511719 275.849395751953 261.619995117188 267.940399169922 271.512298583984 268.056091308594 265.036376953125 267.122406005859 267.925109863281 265.630615234375 261.169311523438 250.273544311523 244.113250732422 246.708953857422 246.913864135742 245.951705932617 244.239166259766 242.207305908203 240.576141357422 236.053955078125 230.990646362305 223.712066650391 218.10124206543 217.856521606445 219.20637512207 222.997009277344 229.23405456543 236.000259399414 240.682388305664 242.403656005859 242.651931762695 242.682434082031 242.00114440918 241.489562988281 240.54328918457 239.293365478516 242.622329711914 241.755111694336 240.996002197266 243.004547119141 -3.4e+38 247.229690551758 247.758834838867 248.237106323242 247.02522277832 247.274291992188 250.120986938477 246.725311279297
277.302978515625 278.279052734375 278.292114257812 269.871398925781 270.871459960938 272.50537109375 270.198852539062 268.509948730469 269.458679199219 268.631134033203 266.433563232422 263.301818847656 256.838684082031 250.956726074219 238.560592651367 237.487854003906 239.605758666992 234.699462890625 228.89518737793 225.814422607422 222.15495300293 219.782730102539 219.863021850586 218.635192871094 214.389556884766 213.206085205078 221.149917602539 224.547805786133 231.369842529297 239.252334594727 241.04296875 241.930023193359 243.007705688477 242.702713012695 242.741714477539 240.920822143555 238.517532348633 241.336578369141 240.006927490234 239.723968505859 242.178741455078 244.330291748047 -3.4e+38 247.226669311523 246.568893432617 245.032684326172 245.554580688477 249.359146118164 255.951477050781
275.249664306641 276.327453613281 277.283905029297 274.430938720703 269.703002929688 266.00927734375 266.462036132812 269.018798828125 270.173950195312 270.468719482422 267.892456054688 264.745666503906 264.405914306641 262.473114013672 243.512161254883 237.288528442383 238.054473876953 233.268615722656 228.464996337891 226.072082519531 217.765319824219 209.709213256836 207.020065307617 205.876556396484 202.459915161133 200.407623291016 214.266159057617 220.379653930664 228.70246887207 237.760848999023 241.487899780273 241.629104614258 242.211853027344 242.715454101562 243.569976806641 241.939682006836 240.426727294922 241.179473876953 239.374938964844 239.846267700195 241.772918701172 242.481231689453 -3.4e+38 -3.4e+38 -3.4e+38 240.216583251953 241.929534912109 246.753433227539 256.847259521484
