rcp4.5models/CNRM_CM5/sc1gr4.14
NCOLS 261 
NROWS 433 
XLLCORNER 336357.134 
YLLCORNER 654653.479 
CELLSIZE 1000 
NODATA_value -3.4e+38 
[rows 176 to 197 of 433, columns 98 to 146 of 261]
258.475494384766 259.087158203125 258.749786376953 258.320068359375 258.171783447266 258.072387695312 257.875854492188 -3.4e+38 -3.4e+38 -3.4e+38 257.913665771484 257.762786865234 257.756195068359 257.843811035156 257.75732421875 257.60595703125 257.428802490234 257.105346679688 257.136199951172 257.160766601562 257.191070556641 256.685607910156 256.456115722656 256.356048583984 256.223937988281 256.194183349609 255.759384155273 255.709503173828 255.287368774414 255.144561767578 255.028625488281 255.139862060547 255.393661499023 255.778594970703 255.934417724609 256.038146972656 256.096374511719 260.572875976562 277.337493896484 287.056213378906 286.633483886719 286.866180419922 286.498352050781 286.59716796875 286.838073730469 286.956329345703 287.208312988281 287.479614257812 287.834899902344
258.302215576172 258.622467041016 258.765014648438 258.076354980469 258.024810791016 257.905303955078 257.798980712891 257.957183837891 257.712493896484 257.736511230469 257.691802978516 257.716003417969 257.671813964844 257.756317138672 257.723999023438 257.544097900391 257.613250732422 257.572937011719 257.440521240234 -3.4e+38 257.140106201172 256.371337890625 256.312530517578 256.299682617188 256.173797607422 256.148101806641 255.385513305664 255.3701171875 255.09294128418 255.036437988281 254.987747192383 254.952453613281 255.170684814453 255.740142822266 255.632019042969 256.000854492188 256.022735595703 264.811676025391 287.193664550781 286.676361083984 286.513061523438 286.390594482422 285.985015869141 286.452056884766 287.358703613281 287.349487304688 287.492584228516 287.512481689453 288.082427978516
258.274566650391 258.29150390625 -3.4e+38 -3.4e+38 257.972900390625 257.870147705078 257.865631103516 257.997528076172 257.834594726562 257.6767578125 257.666290283203 257.680694580078 257.7431640625 257.576995849609 257.600433349609 257.362182617188 257.423614501953 257.455322265625 257.413269042969 257.404602050781 257.130279541016 256.368865966797 256.25732421875 256.135955810547 256.223541259766 256.265686035156 255.701263427734 255.451461791992 254.966125488281 254.979888916016 254.896697998047 255.032119750977 255.419052124023 255.596649169922 255.680725097656 -3.4e+38 260.897735595703 277.278930664062 286.950012207031 286.242462158203 285.776245117188 285.083892822266 284.766021728516 286.401214599609 287.194763183594 287.514465332031 287.511444091797 287.594024658203 288.207702636719
271.569000244141 258.194610595703 258.258361816406 -3.4e+38 257.967010498047 257.730072021484 257.884460449219 -3.4e+38 257.341125488281 257.717651367188 257.803619384766 257.665100097656 257.731628417969 257.643707275391 257.546356201172 257.336242675781 257.255645751953 257.26513671875 257.308410644531 257.325317382812 257.273193359375 256.823181152344 256.376159667969 256.118286132812 256.113250732422 -3.4e+38 256.137390136719 255.815414428711 -3.4e+38 267.687377929688 259.856292724609 267.631927490234 260.222351074219 268.156372070312 -3.4e+38 -3.4e+38 -3.4e+38 287.034820556641 286.577850341797 286.222290039062 285.471862792969 284.452911376953 284.849029541016 286.583557128906 287.131988525391 287.636871337891 287.940673828125 287.920074462891 287.790924072266
271.347473144531 271.519744873047 258.298706054688 258.334899902344 257.973510742188 257.768005371094 257.834442138672 257.555541992188 257.142395019531 257.694580078125 257.752136230469 257.638702392578 257.671295166016 257.691955566406 257.555358886719 257.404174804688 257.342742919922 257.308044433594 257.228424072266 257.162078857422 256.944702148438 256.701538085938 256.394226074219 260.972229003906 273.594451904297 273.793579101562 256.232269287109 260.766479492188 -3.4e+38 269.946563720703 276.558227539062 282.373077392578 276.328582763672 282.854888916016 273.396789550781 -3.4e+38 278.368469238281 286.893707275391 286.561309814453 286.326354980469 285.864501953125 285.092407226562 285.629150390625 286.760986328125 287.544921875 288.107543945312 288.379241943359 288.266754150391 287.361022949219
260.943206787109 271.119293212891 271.430786132812 258.278442382812 257.875305175781 257.368591308594 257.316589355469 257.228942871094 257.459320068359 257.723602294922 257.64013671875 257.654693603516 257.709381103516 257.473907470703 257.5458984375 257.387939453125 257.231506347656 257.068450927734 257.218963623047 257.127471923828 256.75146484375 256.35986328125 261.138458251953 277.369659423828 286.595153808594 286.846282958984 273.35302734375 276.834716796875 282.947357177734 276.979736328125 286.562927246094 286.315765380859 285.930603027344 286.351837158203 286.971527099609 -3.4e+38 283.564880371094 287.011932373047 286.735382080078 286.321990966797 286.160583496094 285.848266601562 285.862243652344 287.062805175781 287.663116455078 288.410797119141 288.358062744141 288.184417724609 287.486450195312
257.693420410156 260.471099853516 267.076080322266 258.142974853516 257.805419921875 257.462921142578 257.431640625 257.122131347656 257.716583251953 257.765625 257.655975341797 257.584899902344 257.302276611328 257.339263916016 257.419372558594 257.430541992188 261.706481933594 269.604888916016 257.279357910156 257.181274414062 257.043487548828 261.483978271484 277.481750488281 286.705596923828 286.302581787109 286.40185546875 286.320220947266 286.149658203125 286.544738769531 286.726226806641 286.436706542969 286.015655517578 285.748870849609 285.884490966797 286.396575927734 287.009857177734 287.328918457031 286.912567138672 286.682586669922 286.317596435547 286.282531738281 286.281311035156 286.271453857422 287.272735595703 287.644317626953 288.347930908203 288.34375 288.009521484375 287.291290283203
257.475677490234 257.236022949219 257.585540771484 257.993011474609 257.911743164062 257.809661865234 257.621734619141 256.928833007812 257.445861816406 257.755981445312 257.664489746094 257.51806640625 256.984313964844 257.303100585938 257.041168212891 262.010650634766 277.595642089844 283.374603271484 269.708251953125 261.809478759766 274.115875244141 277.363372802734 287.162750244141 286.792297363281 286.326049804688 286.233459472656 285.729766845703 285.916351318359 286.288604736328 286.300079345703 286.229034423828 285.753753662109 285.684112548828 285.906372070312 286.092620849609 286.908813476562 286.953582763672 286.620788574219 286.291290283203 286.111602783203 286.328521728516 286.824462890625 286.916625976562 287.291107177734 287.698181152344 288.378784179688 288.391906738281 288.010650634766 287.478302001953
257.822967529297 262.016723632812 270.806304931641 257.899291992188 257.845336914062 257.391815185547 257.330474853516 256.802825927734 257.181213378906 257.771301269531 262.180725097656 270.138854980469 256.853149414062 257.156341552734 261.555053710938 277.828186035156 286.663696289062 286.338958740234 283.456207275391 277.646423339844 286.866851806641 286.768096923828 287.166473388672 -3.4e+38 286.440826416016 -3.4e+38 284.640014648438 285.566070556641 285.878509521484 285.877868652344 286.037139892578 285.727447509766 285.636535644531 286.08056640625 286.417724609375 286.702239990234 286.7568359375 286.556213378906 286.030029296875 285.796997070312 286.265167236328 287.159210205078 287.504089355469 287.425628662109 288.010650634766 288.362884521484 288.388031005859 288.197631835938 288.378295898438
258.278411865234 -3.4e+38 -3.4e+38 257.859558105469 257.646667480469 257.571380615234 257.046661376953 256.751556396484 257.133422851562 257.768981933594 260.911376953125 269.663146972656 270.518951416016 277.2314453125 273.978942871094 277.627593994141 -3.4e+38 286.017974853516 286.580322265625 286.866271972656 286.939422607422 286.9375 286.332366943359 285.954376220703 285.967468261719 285.787292480469 284.573913574219 284.716979980469 284.8046875 285.067199707031 285.481597900391 285.459106445312 285.3232421875 285.798187255859 285.996215820312 285.805755615234 286.265563964844 285.731384277344 285.405639648438 285.255249023438 285.907897949219 286.507385253906 287.191864013672 287.807373046875 288.26318359375 288.428558349609 288.8759765625 289.351287841797 289.375610351562
258.767822265625 258.756011962891 258.616943359375 257.976867675781 257.931640625 257.899932861328 261.953948974609 269.716064453125 257.323669433594 262.11083984375 270.096710205078 261.827514648438 276.936248779297 285.852355957031 286.090698242188 286.400695800781 286.165283203125 285.519256591797 285.100860595703 286.445098876953 286.913909912109 286.720581054688 285.930511474609 285.972778320312 285.890106201172 286.015380859375 284.565277099609 283.714935302734 284.116577148438 284.3037109375 285.01904296875 285.188018798828 285.189880371094 285.653869628906 285.417663574219 285.150421142578 286.079254150391 285.768127441406 285.431640625 284.934478759766 285.736297607422 286.542694091797 287.232421875 287.925109863281 288.00830078125 288.341186523438 288.565612792969 288.919311523438 289.296905517578
259.165649414062 258.936584472656 258.627227783203 258.55029296875 258.336730957031 257.934478759766 260.831085205078 266.248382568359 261.995239257812 273.175201416016 266.359527587891 260.252136230469 273.472290039062 285.679443359375 285.879943847656 286.041534423828 285.978149414062 285.479705810547 284.706207275391 286.076599121094 286.639068603516 286.370330810547 285.898254394531 285.991363525391 286.071472167969 285.834411621094 282.817474365234 278.730895996094 282.119201660156 283.929107666016 284.733734130859 284.856475830078 285.034118652344 285.171051025391 285.249755859375 284.819091796875 285.894683837891 285.460388183594 285.096923828125 284.594055175781 285.216949462891 286.661193847656 287.245910644531 287.525115966797 287.579162597656 287.990966796875 288.181335449219 288.570709228516 289.005584716797
259.297119140625 259.008148193359 258.655364990234 258.904388427734 258.658325195312 258.315338134766 257.670074462891 257.678680419922 265.316467285156 278.813262939453 262.029754638672 274.046905517578 277.2587890625 286.046234130859 284.953979492188 285.451934814453 285.425598144531 285.470947265625 285.114837646484 286.084259033203 286.646301269531 286.309814453125 285.872100830078 285.920928955078 286.01953125 285.809875488281 278.875305175781 270.6484375 276.856903076172 283.757202148438 284.300018310547 284.683868408203 284.589813232422 284.806976318359 285.147552490234 284.883483886719 285.608673095703 285.163909912109 284.539001464844 284.252410888672 284.962341308594 286.545440673828 287.255554199219 287.266906738281 287.351898193359 287.534362792969 287.767211914062 -3.4e+38 287.072235107422
259.254638671875 259.119506835938 258.737152099609 258.948150634766 258.652191162109 258.546539306641 257.943267822266 257.798736572266 261.051208496094 266.928955078125 260.9208984375 274.250640869141 286.485534667969 286.218719482422 284.610412597656 284.983001708984 285.053070068359 285.473510742188 285.178466796875 285.986602783203 286.328216552734 286.116607666016 285.865844726562 285.874328613281 285.796905517578 285.525939941406 276.904449462891 -3.4e+38 276.429290771484 283.338195800781 283.897369384766 284.377471923828 283.904815673828 284.313568115234 284.728424072266 284.740356445312 285.572875976562 284.919586181641 284.313110351562 284.184906005859 285.44921875 286.458038330078 286.947418212891 286.950927734375 287.113342285156 287.203735351562 287.582275390625 288.146636962891 286.728607177734
259.730682373047 259.515563964844 259.281646728516 259.037994384766 258.801574707031 258.727172851562 258.4609375 258.224334716797 258.192901611328 258.019195556641 257.754516601562 265.543090820312 286.183227539062 285.826049804688 285.138153076172 284.811950683594 285.024291992188 285.217224121094 285.023681640625 285.511627197266 285.868194580078 285.809539794922 285.821197509766 285.596984863281 285.794738769531 285.461608886719 273.391418457031 -3.4e+38 277.146850585938 282.964691162109 283.648345947266 283.857116699219 283.602874755859 283.833374023438 284.080932617188 284.399261474609 285.321441650391 284.730224609375 284.331146240234 284.520690917969 285.813201904297 286.514312744141 286.584381103516 286.325531005859 286.681396484375 287.050048828125 287.431732177734 287.640502929688 287.440399169922
-3.4e+38 259.874114990234 259.813629150391 259.377777099609 259.024871826172 258.968505859375 258.789642333984 258.681427001953 258.622192382812 258.180023193359 262.452850341797 277.901550292969 286.184661865234 285.818542480469 285.130432128906 284.487731933594 284.902221679688 284.932891845703 284.86669921875 285.174591064453 285.706359863281 285.881286621094 285.690246582031 285.262756347656 285.762359619141 285.682220458984 271.794799804688 -3.4e+38 269.019744873047 282.861206054688 283.550170898438 283.557830810547 283.321746826172 283.389343261719 284.242584228516 284.521240234375 285.087890625 284.573211669922 284.501190185547 285.074676513672 285.890319824219 286.466369628906 286.213104248047 285.690460205078 286.038696289062 286.623413085938 286.908874511719 287.131652832031 286.834136962891
259.779846191406 259.667755126953 259.577728271484 259.268524169922 258.983123779297 258.926971435547 258.774597167969 258.626434326172 258.467132568359 258.614318847656 266.123779296875 286.758483886719 286.240325927734 285.815765380859 284.954559326172 284.680541992188 284.88671875 284.751129150391 284.5859375 285.022033691406 285.204650878906 285.576965332031 285.678527832031 285.056884765625 285.350341796875 285.437469482422 278.616302490234 273.093688964844 273.170135498047 283.247192382812 283.47607421875 283.458892822266 283.317169189453 283.130737304688 284.053771972656 284.208465576172 284.841064453125 284.528198242188 284.49755859375 285.068237304688 285.823455810547 286.166015625 285.700103759766 285.239685058594 284.586791992188 284.201782226562 286.044067382812 285.930969238281 286.229400634766
259.962341308594 259.895782470703 259.708435058594 259.377899169922 259.150665283203 259.106140136719 258.587738037109 258.404205322266 262.535980224609 269.96923828125 265.779083251953 286.520965576172 286.162750244141 285.698883056641 285.325836181641 285.385711669922 285.377746582031 284.749969482422 284.373870849609 284.934783935547 284.870269775391 285.254638671875 285.655181884766 284.968017578125 285.015228271484 285.209564208984 284.183563232422 283.941772460938 282.7626953125 283.93212890625 283.758880615234 283.49072265625 283.346374511719 283.047973632812 283.674774169922 283.837738037109 284.525177001953 284.436614990234 284.081146240234 284.804931640625 285.012145996094 284.428466796875 285.168670654297 284.709442138672 284.272033691406 283.828338623047 285.391296386719 -3.4e+38 284.117645263672
260.286987304688 260.237823486328 260.116485595703 259.850616455078 259.599182128906 259.432983398438 259.072692871094 258.919158935547 266.204406738281 282.676025390625 277.268920898438 286.027618408203 285.989105224609 285.67431640625 285.724639892578 285.840637207031 285.717956542969 284.951782226562 284.507385253906 284.587432861328 284.8369140625 285.026428222656 285.231781005859 284.732391357422 284.517395019531 -3.4e+38 284.966461181641 284.822143554688 284.442749023438 284.307098388672 284.164794921875 283.835266113281 283.257690429688 282.960693359375 283.743072509766 283.912384033203 284.440582275391 284.31884765625 283.7880859375 284.574584960938 284.507751464844 284.085906982422 284.642181396484 283.53271484375 283.654022216797 283.589263916016 285.083038330078 284.121368408203 281.956604003906
260.102233886719 260.030456542969 259.742767333984 259.840698242188 259.741455078125 259.628692626953 259.571350097656 259.411407470703 262.265625 274.410308837891 285.803009033203 285.848510742188 285.860443115234 285.707916259766 285.276458740234 285.401153564453 285.599639892578 285.173370361328 284.809356689453 284.296722412109 284.741973876953 284.865692138672 284.945831298828 284.575744628906 283.976776123047 284.367797851562 284.951477050781 284.823883056641 284.416442871094 284.177764892578 283.818359375 283.638366699219 283.402465820312 283.346588134766 283.764770507812 283.828857421875 283.971466064453 284.211853027344 283.686004638672 284.056335449219 284.490997314453 284.715393066406 284.524291992188 283.689758300781 283.801696777344 284.178344726562 285.509490966797 284.662170410156 283.169006347656
259.594268798828 259.523040771484 259.249267578125 259.580230712891 259.130126953125 259.332244873047 259.510589599609 259.530242919922 259.353057861328 259.056549072266 266.720123291016 286.536346435547 286.101684570312 285.414978027344 284.731018066406 284.435668945312 284.434478759766 284.937622070312 284.864013671875 284.591552734375 284.481079101562 284.565856933594 284.450622558594 284.514556884766 283.786407470703 283.58056640625 284.330810546875 284.320343017578 284.261413574219 284.312622070312 284.030792236328 283.698394775391 283.535003662109 283.570098876953 283.438171386719 283.071868896484 282.765106201172 283.735015869141 283.55712890625 283.470336914062 283.57763671875 283.897674560547 284.0380859375 283.334625244141 281.9423828125 285.10693359375 285.834686279297 284.674346923828 285.847412109375
259.577026367188 -3.4e+38 259.448852539062 259.340545654297 259.104217529297 259.510131835938 259.477416992188 259.465576171875 259.453887939453 259.469116210938 267.071563720703 286.459381103516 285.854644775391 285.467834472656 284.674438476562 284.325897216797 284.598236083984 284.930358886719 284.965606689453 284.946044921875 284.818664550781 284.785919189453 284.123596191406 284.188293457031 283.733825683594 283.394073486328 283.925598144531 283.688293457031 283.778747558594 284.005340576172 283.753723144531 283.605895996094 283.285308837891 283.180541992188 283.406799316406 283.005828857422 282.744903564453 283.647918701172 283.586181640625 283.261993408203 283.077728271484 283.685668945312 284.368896484375 284.209564208984 282.62548828125 284.096435546875 286.066253662109 284.630584716797 286.796844482422
