rcp4.5models/CNRM_CM5/sc1gr1.31
NCOLS 261 
NROWS 433 
XLLCORNER 336357.134 
YLLCORNER 654653.479 
CELLSIZE 1000 
NODATA_value -3.4e+38 
[rows 176 to 197 of 433, columns 49 to 97 of 261]
60.7970237731934 61.026782989502 61.1192855834961 61.2014312744141 61.5995864868164 61.5547256469727 61.2919654846191 61.4656295776367 61.6576194763184 61.858154296875 61.8387565612793 61.8659629821777 62.128345489502 62.1929321289062 62.1026992797852 62.2723350524902 62.3667678833008 62.3713035583496 62.5506820678711 62.5610542297363 62.7371711730957 62.814136505127 62.9810409545898 63.0696067810059 63.0623054504395 62.9613075256348 63.3064308166504 63.2345771789551 63.5331077575684 63.6814460754395 63.7439384460449 63.8496475219727 63.9800682067871 64.0098571777344 64.1480712890625 63.8757362365723 64.3049087524414 64.27197265625 64.5562744140625 64.6761169433594 64.7089309692383 64.5640106201172 64.9019546508789 64.7332305908203 64.9761428833008 64.9293594360352 65.0819854736328 64.9492950439453 65.2268753051758
60.868579864502 60.8899536132812 61.0277137756348 61.1140899658203 61.719898223877 61.7023506164551 61.3465156555176 61.6081314086914 61.7050399780273 61.7126312255859 61.5925064086914 61.6663284301758 61.9633827209473 62.052433013916 62.1253852844238 62.2000198364258 62.2940673828125 62.3971633911133 62.6270980834961 62.6629943847656 62.8079147338867 62.8993759155273 63.0539474487305 63.1493988037109 63.1169738769531 62.9783554077148 63.0192985534668 63.128303527832 63.5889358520508 63.5592308044434 63.848560333252 63.9088973999023 64.1102981567383 64.1727676391602 64.0405426025391 64.0179672241211 64.1985244750977 64.1963806152344 64.3769760131836 64.7182846069336 64.9758834838867 64.4761123657227 64.7676620483398 64.8722229003906 65.0646057128906 64.8133773803711 64.9153823852539 64.9718704223633 65.0788726806641
61.006706237793 61.224781036377 61.0442390441895 61.1849937438965 61.540454864502 61.4160041809082 61.374210357666 61.6100921630859 61.7572212219238 61.8349227905273 61.8404502868652 61.8522682189941 61.9856796264648 62.0811462402344 62.246410369873 62.2374420166016 62.1967620849609 62.2947463989258 62.6362228393555 62.7668800354004 62.7400436401367 62.6844749450684 63.0084648132324 63.1325874328613 63.2903785705566 63.1976470947266 63.1820602416992 63.3520965576172 63.5825462341309 63.7302055358887 63.862491607666 63.6134071350098 63.9997367858887 64.1561279296875 63.9558334350586 64.2083435058594 64.0404586791992 64.0088119506836 64.3721237182617 64.6368865966797 64.8117752075195 64.4952774047852 64.5084228515625 64.6920928955078 64.9358291625977 64.8336791992188 64.9663848876953 65.135009765625 65.3968353271484
60.9103088378906 61.1778831481934 61.0598564147949 61.4789047241211 61.4118576049805 61.324764251709 61.2674446105957 61.4878463745117 61.6927261352539 61.7080039978027 61.7474975585938 61.8169860839844 62.1452789306641 62.1600952148438 62.3068084716797 62.3922119140625 62.4152565002441 62.3885803222656 62.7825469970703 62.8738479614258 62.8413276672363 62.8186492919922 62.9795532226562 62.8408546447754 63.1284217834473 63.3380012512207 63.4364356994629 63.5714797973633 63.4963836669922 63.8659782409668 63.8834190368652 63.6669578552246 63.8482055664062 63.7638816833496 63.9755477905273 64.1141662597656 64.0691833496094 64.1875228881836 64.4726486206055 64.4724502563477 64.4703216552734 64.514045715332 64.7545623779297 64.5325393676758 64.8028106689453 65.1797256469727 65.1494064331055 65.0723114013672 65.2964859008789
60.878231048584 61.0998115539551 61.074535369873 61.3131332397461 61.2610168457031 61.2591323852539 61.3351211547852 61.1261253356934 61.5825881958008 61.684757232666 61.4460525512695 61.8473625183105 61.6908340454102 62.1085510253906 61.9646415710449 62.449592590332 62.4815101623535 62.602466583252 62.7634162902832 62.8676872253418 62.9098625183105 62.8373489379883 62.5566329956055 62.7101135253906 63.0929641723633 63.3575668334961 63.2960662841797 63.5404052734375 63.4320869445801 63.5378875732422 63.7659873962402 63.7810173034668 63.8634948730469 63.8061485290527 -3.4e+38 63.8502006530762 64.2835235595703 64.3526229858398 64.4814682006836 64.2725067138672 64.4557495117188 64.4554138183594 64.8155899047852 64.9135131835938 64.9853820800781 65.1156692504883 65.2943572998047 65.2082214355469 65.2406768798828
60.8925666809082 60.9904479980469 61.0293006896973 61.0467109680176 60.8315200805664 60.9671096801758 61.2139778137207 61.3522720336914 61.2554244995117 61.410831451416 61.4735336303711 61.3267593383789 61.4565467834473 61.8127632141113 62.1159591674805 62.0130805969238 61.8043785095215 61.9361877441406 62.2284660339355 62.4859580993652 62.4499893188477 62.9059562683105 62.7792510986328 62.8167724609375 63.2451477050781 63.1348991394043 63.1054344177246 63.2958221435547 63.319164276123 63.4422569274902 63.835205078125 63.6525955200195 63.9526977539062 64.061653137207 64.0071716308594 64.0800399780273 64.3136138916016 64.3618392944336 64.3521118164062 64.2699279785156 64.4761276245117 64.3986663818359 64.5895309448242 64.9676666259766 65.0942840576172 64.7658767700195 65.0481948852539 65.5106658935547 65.5203704833984
60.6451873779297 60.6156005859375 60.7175559997559 60.6012992858887 60.5702362060547 61.1172943115234 61.0070953369141 61.308837890625 61.220027923584 61.3864059448242 61.3793525695801 61.2927474975586 61.4192962646484 61.5798950195312 61.6009635925293 61.6747550964355 61.2439346313477 61.6515274047852 62.3982353210449 62.116828918457 62.1428337097168 62.3810615539551 62.5194702148438 62.4168586730957 62.7050323486328 63.0429344177246 63.2478218078613 62.9877853393555 63.2663078308105 63.4419898986816 63.6326332092285 63.8302879333496 64.0124740600586 64.1770248413086 64.1848907470703 64.2218704223633 64.298828125 64.3708572387695 64.3322143554688 64.3076705932617 64.432731628418 64.4447250366211 64.4713897705078 64.7310485839844 65.0648345947266 64.6881942749023 64.9839324951172 65.4893417358398 65.236083984375
60.5046730041504 60.6954154968262 60.725658416748 -3.4e+38 60.8143577575684 61.0826759338379 61.1044845581055 61.1976776123047 61.2291412353516 61.3259201049805 61.2701454162598 61.4444007873535 61.4547691345215 61.5519981384277 61.5595016479492 61.6997222900391 61.3854179382324 61.6497535705566 62.1004333496094 61.9810676574707 62.3121757507324 62.3971214294434 62.6653747558594 62.6158561706543 62.864128112793 62.8802261352539 62.9117431640625 63.0503730773926 -3.4e+38 63.4050025939941 63.5098991394043 63.7466163635254 63.9908294677734 64.0652694702148 64.1035537719727 64.1711196899414 64.281623840332 64.2989883422852 64.3832626342773 64.4336853027344 64.5030822753906 64.7815475463867 64.608757019043 64.7266082763672 64.9676895141602 64.9837036132812 64.8518905639648 65.17724609375 65.2987899780273
60.6563186645508 60.7880744934082 60.8491706848145 60.989143371582 60.894603729248 61.0652732849121 61.1044807434082 61.3315505981445 61.2966613769531 61.4958419799805 61.3908233642578 61.4155197143555 61.5466117858887 61.6764755249023 61.4906463623047 61.7203979492188 61.6048240661621 61.6660346984863 61.8833618164062 61.9496765136719 62.0497512817383 62.5626411437988 62.6849136352539 62.4631462097168 62.5840759277344 62.5255584716797 62.5659980773926 63.1157417297363 63.1301040649414 63.274341583252 63.4709396362305 63.6025505065918 63.8830108642578 63.6854019165039 63.9295349121094 64.2532806396484 -3.4e+38 64.3292465209961 64.3667373657227 64.5342864990234 64.5430755615234 64.7532348632812 64.6560211181641 64.8078384399414 65.0485610961914 64.942497253418 65.1238021850586 65.2716598510742 65.2206344604492
60.7158203125 60.7644577026367 60.7171211242676 60.8444709777832 60.9602241516113 61.1337852478027 61.2757835388184 61.3057403564453 61.461986541748 61.5530242919922 61.5760116577148 61.6662063598633 61.8152732849121 61.9866905212402 61.725040435791 61.3897933959961 61.7471923828125 62.033275604248 62.0112380981445 61.9395599365234 62.2942848205566 62.0622100830078 62.2984008789062 62.189380645752 62.2257041931152 62.1261901855469 62.4714012145996 62.5492820739746 62.8106231689453 63.0601959228516 63.1469230651855 63.2839202880859 63.1512336730957 63.501033782959 63.8493919372559 63.8973007202148 64.2748947143555 63.9920272827148 64.2748107910156 64.5426177978516 64.6258010864258 64.8010635375977 64.6631698608398 64.7866973876953 64.9624557495117 64.9195327758789 64.963981628418 65.2245864868164 65.4040222167969
60.5456314086914 60.7012977600098 60.5159568786621 60.568286895752 60.8582763671875 60.9453582763672 61.0469818115234 61.4245071411133 61.2179946899414 61.312614440918 61.4386596679688 61.524600982666 61.3344879150391 61.5401878356934 61.7781753540039 61.2482681274414 61.9050483703613 62.108757019043 -3.4e+38 62.0470848083496 62.2291297912598 62.2435531616211 62.3327827453613 62.225456237793 62.3580017089844 62.3132781982422 62.6442794799805 62.6342277526855 62.7007637023926 62.958423614502 -3.4e+38 63.1940498352051 63.1341514587402 63.4876594543457 63.7822914123535 64.0293884277344 63.9999656677246 63.9592475891113 64.0952911376953 -3.4e+38 64.6293182373047 64.6431503295898 64.651481628418 64.7200241088867 64.8479537963867 64.8541793823242 65.1306457519531 65.1113433837891 65.1184844970703
60.6568298339844 60.5963706970215 60.5309791564941 60.2290573120117 60.8941993713379 60.9240875244141 60.9740257263184 60.9242630004883 60.9904823303223 61.4309463500977 61.4933929443359 61.5423316955566 61.5161781311035 61.4517631530762 61.8507347106934 61.4253196716309 62.0366859436035 62.1493110656738 62.1116561889648 62.192008972168 62.1766700744629 62.1508598327637 62.5311813354492 62.5253067016602 62.595531463623 62.606990814209 62.7102813720703 62.5987663269043 62.7307815551758 -3.4e+38 -3.4e+38 -3.4e+38 -3.4e+38 63.4169158935547 63.7526473999023 63.8817100524902 63.824291229248 63.9952354431152 64.2191390991211 64.2882919311523 64.5716781616211 64.6046371459961 64.6384353637695 64.6368789672852 64.6584777832031 64.7231521606445 65.0427017211914 65.1427383422852 64.9793090820312
60.5140419006348 60.5620613098145 60.4907264709473 60.2998924255371 60.7805137634277 60.5635261535645 60.931568145752 60.9162750244141 61.1509246826172 61.3801498413086 61.3610153198242 61.359073638916 61.6683235168457 61.6594429016113 61.5162963867188 61.7821578979492 61.910228729248 61.7838401794434 61.9324913024902 62.1142387390137 62.352352142334 62.3607940673828 62.5789184570312 62.5028953552246 62.41162109375 62.6985931396484 62.7253112792969 62.6996612548828 62.9314956665039 -3.4e+38 -3.4e+38 -3.4e+38 -3.4e+38 63.3514747619629 63.725513458252 63.774658203125 63.8215408325195 63.9511260986328 64.1392822265625 64.1396102905273 64.4758834838867 64.659049987793 64.9462432861328 64.7352523803711 64.9096527099609 64.6996841430664 64.7700805664062 64.9359970092773 65.1161499023438
60.0886535644531 60.3776893615723 60.0509948730469 60.6890144348145 -3.4e+38 60.7919998168945 60.993278503418 61.1172294616699 61.183422088623 61.0544624328613 61.0676879882812 61.1917533874512 61.4200859069824 61.1012153625488 61.3271980285645 61.7788963317871 61.7943420410156 61.7379570007324 61.6782836914062 62.1551551818848 62.1982917785645 62.5851745605469 62.5417213439941 62.5409660339355 62.4987869262695 62.6964378356934 62.528392791748 62.8123168945312 -3.4e+38 -3.4e+38 63.1252746582031 63.1325378417969 -3.4e+38 -3.4e+38 63.4426879882812 63.5712585449219 63.8158683776855 63.9116172790527 64.0186767578125 64.3363723754883 64.4758605957031 64.5976104736328 64.7584915161133 64.6178741455078 64.891357421875 65.0318832397461 64.9533081054688 64.8297500610352 65.1180877685547
60.2998580932617 60.3589248657227 60.1183547973633 60.655704498291 60.6607818603516 60.6447868347168 60.7045211791992 60.9729804992676 61.0482406616211 60.9078025817871 60.9542465209961 60.9146766662598 61.462043762207 61.1749076843262 61.0796661376953 61.7304306030273 61.679084777832 61.6226196289062 61.877197265625 62.2935447692871 62.1072616577148 62.4218521118164 62.2526435852051 62.4395790100098 62.7685165405273 62.7477378845215 62.4389495849609 62.9227676391602 63.005973815918 63.0629348754883 63.1746711730957 63.1703605651855 63.1417541503906 63.206470489502 63.2929496765137 63.4404411315918 63.8277778625488 63.9700813293457 64.1838455200195 63.9629821777344 64.1486663818359 64.6166534423828 64.5615921020508 64.63818359375 64.7690277099609 65.0243682861328 65.2802658081055 65.0973052978516 64.8818740844727
60.3382225036621 60.1176414489746 60.5626983642578 60.3352165222168 60.4211311340332 60.8306884765625 60.6393585205078 61.0716743469238 60.9453735351562 60.9828071594238 61.0504455566406 61.1444511413574 61.2705268859863 61.1691970825195 61.1168746948242 61.4152870178223 61.4663391113281 61.7434730529785 62.2573089599609 62.2412528991699 62.3861694335938 62.4721031188965 62.279727935791 62.3335113525391 62.4325523376465 62.2917976379395 62.3976440429688 62.7494773864746 62.9337158203125 63.1559181213379 63.1713562011719 63.2814064025879 63.3015480041504 63.3167343139648 63.368350982666 63.4630393981934 63.7787322998047 63.6893310546875 63.7541351318359 63.5861740112305 63.9617767333984 64.4733657836914 64.5937881469727 64.7234268188477 64.7893142700195 64.8616256713867 65.0272445678711 64.9920959472656 64.7895278930664
60.4313697814941 60.326171875 60.4225463867188 60.5672149658203 60.4009475708008 60.6597862243652 60.4329147338867 60.6536331176758 60.9504661560059 61.0645065307617 61.1166000366211 61.1510848999023 61.0928649902344 61.1557769775391 61.3456878662109 61.2977981567383 61.2499008178711 61.8807640075684 61.9334411621094 61.575626373291 61.9065055847168 61.8867988586426 62.4454956054688 62.6651000976562 62.5497169494629 62.3574638366699 62.5643463134766 62.7828140258789 62.843448638916 63.1676635742188 63.1804275512695 63.326732635498 63.3927001953125 63.4131164550781 63.4944000244141 63.7085647583008 63.5710716247559 63.5336494445801 63.4935607910156 63.6009521484375 63.9158706665039 64.4119338989258 64.3780212402344 64.5264587402344 64.7384490966797 64.8451919555664 65.021858215332 64.8683929443359 64.8954925537109
60.4441604614258 60.1741752624512 60.1274490356445 60.4569931030273 60.593017578125 60.8091087341309 60.6131439208984 60.5831413269043 60.9316329956055 61.0025177001953 61.1049957275391 61.1039581298828 61.3066139221191 61.2660789489746 61.3185997009277 61.4315605163574 61.4230461120605 61.6797103881836 61.7325553894043 61.5606079101562 61.741382598877 61.7969398498535 62.1196708679199 62.5069885253906 62.5076484680176 62.4638366699219 62.6123046875 62.7759895324707 62.742359161377 62.7377738952637 63.093448638916 63.2802619934082 63.3896408081055 63.4556770324707 63.6015319824219 63.8200988769531 63.4318695068359 63.6825218200684 63.611400604248 63.7336883544922 63.9278106689453 64.5104217529297 64.3542709350586 64.5974044799805 64.5406875610352 64.9104843139648 65.2494125366211 65.1510009765625 65.1674728393555
60.3012046813965 60.0800132751465 60.1912269592285 60.2862358093262 60.4341354370117 60.6829833984375 60.7294387817383 60.6294746398926 60.8586730957031 60.9923095703125 61.049617767334 61.2732925415039 61.3212890625 61.201961517334 61.2082977294922 61.3314971923828 61.1746253967285 61.5172729492188 61.7911491394043 61.8283958435059 61.9795837402344 61.9611015319824 61.9598350524902 62.1716232299805 62.3308448791504 62.1576881408691 62.348014831543 62.4634819030762 62.6593780517578 62.9152183532715 63.0555686950684 63.3664474487305 63.182243347168 63.4841270446777 63.5365867614746 63.5570335388184 63.437255859375 63.5886306762695 63.6685180664062 63.7003974914551 63.8411064147949 64.3888931274414 64.3695678710938 64.6770553588867 64.509651184082 65.0365905761719 65.4087371826172 65.3804779052734 65.3451309204102
-3.4e+38 60.0474586486816 60.113697052002 60.1073532104492 60.2968063354492 60.4485168457031 60.6433982849121 60.5948371887207 60.780200958252 60.9893074035645 61.073902130127 61.311767578125 61.2508697509766 61.058162689209 61.3452835083008 61.3640480041504 61.2666664123535 61.5386390686035 61.6725540161133 61.8826484680176 62.0805244445801 61.9605369567871 61.9911689758301 62.1666107177734 62.4744644165039 62.4387397766113 62.4542617797852 62.2940330505371 62.4880065917969 62.7348709106445 62.9252586364746 63.1291198730469 63.1347198486328 63.5601081848145 63.5878143310547 63.7631340026855 63.7593154907227 63.5625381469727 63.8375968933105 -3.4e+38 63.747745513916 63.9076347351074 64.0358200073242 64.46630859375 64.5509796142578 64.9315643310547 64.9539489746094 65.1318283081055 65.1661148071289
-3.4e+38 59.8440971374512 60.0902290344238 60.0695495605469 60.1851615905762 60.2056350708008 60.2798614501953 60.6627655029297 60.7885513305664 60.8863182067871 60.8289909362793 60.9310607910156 61.0863914489746 60.9451942443848 60.994873046875 61.0928268432617 61.4964790344238 61.5257911682129 61.5863761901855 61.7760276794434 61.8783721923828 61.8978271484375 61.7487945556641 62.029842376709 62.1997299194336 62.0718803405762 62.3668670654297 62.4662055969238 62.4353332519531 62.5500946044922 62.7516937255859 62.6518287658691 62.9675369262695 63.1761016845703 63.6294288635254 63.4592933654785 63.5738334655762 63.4647560119629 63.8692626953125 -3.4e+38 63.6650352478027 64.1777648925781 64.0507965087891 64.2666854858398 -3.4e+38 64.6326751708984 65.0149688720703 65.0757446289062 65.0931091308594
59.8578414916992 59.9126777648926 59.8429222106934 60.1070556640625 60.2097969055176 60.3190727233887 60.3708801269531 60.6981773376465 60.8460731506348 60.6427040100098 60.7951850891113 60.9867362976074 61.0993995666504 61.0558967590332 61.0850067138672 60.9882049560547 61.5111618041992 61.5853614807129 61.729175567627 61.8188858032227 61.9098815917969 61.9704513549805 61.8820610046387 62.0741157531738 62.1655006408691 62.0752410888672 62.1563148498535 62.3057823181152 62.4250717163086 62.6363525390625 62.8051223754883 62.9308624267578 62.9683952331543 63.1012954711914 63.7843933105469 63.7722969055176 63.4256782531738 63.359130859375 63.8650894165039 63.9174919128418 63.7925872802734 64.229866027832 64.1405258178711 64.2638549804688 63.9712371826172 64.3983840942383 64.7663421630859 65.2482681274414 65.1869812011719
