rcp4.5models/CNRM_CM5/sc1gr3.17
NCOLS 261 
NROWS 433 
XLLCORNER 336357.134 
YLLCORNER 654653.479 
CELLSIZE 1000 
NODATA_value -3.4e+38 
[rows 220 to 241 of 433, columns 98 to 146 of 261]
265.171051025391 264.893829345703 264.900909423828 263.791473388672 263.576385498047 262.359497070312 261.664764404297 260.855407714844 260.361785888672 260.942016601562 259.471282958984 258.621337890625 261.795928955078 262.511566162109 262.693481445312 262.835723876953 262.710205078125 262.201232910156 261.365264892578 261.615234375 261.9326171875 262.326904296875 262.652740478516 262.557830810547 262.625701904297 262.607116699219 262.021179199219 261.871154785156 261.494537353516 257.939086914062 253.846527099609 259.154144287109 261.218902587891 261.120086669922 260.25341796875 258.547790527344 258.202239990234 258.071105957031 257.049530029297 253.708847045898 248.20426940918 250.251739501953 256.38916015625 249.836807250977 251.318801879883 261.774993896484 261.731872558594 262.456756591797 265.125061035156
264.861480712891 264.802185058594 264.676208496094 263.436737060547 263.105255126953 262.444396972656 262.216247558594 262.169769287109 261.467620849609 261.222290039062 259.586822509766 259.321075439453 262.022979736328 262.596374511719 262.514038085938 262.755645751953 262.608215332031 261.944854736328 260.985778808594 260.649230957031 261.801849365234 262.353607177734 262.539611816406 262.494293212891 262.612976074219 262.501647949219 261.8671875 261.424377441406 261.211578369141 256.315063476562 251.448120117188 260.115356445312 260.790924072266 260.735870361328 260.169372558594 258.262664794922 256.055786132812 257.63818359375 255.355514526367 249.580001831055 247.172149658203 253.049560546875 257.182495117188 249.158020019531 250.756958007812 262.020080566406 262.488525390625 262.991943359375 264.931182861328
264.760070800781 264.638854980469 264.406127929688 263.368011474609 262.678070068359 261.545684814453 261.28759765625 262.593383789062 262.377868652344 261.033752441406 258.905853271484 259.661468505859 262.078521728516 262.590515136719 262.355712890625 262.599456787109 262.409698486328 261.589721679688 260.629730224609 260.529632568359 261.650085449219 262.013000488281 262.2001953125 262.428588867188 262.259704589844 262.060028076172 261.876983642578 261.197967529297 260.683166503906 255.972778320312 251.013854980469 260.030639648438 260.678100585938 260.56689453125 259.933685302734 258.672912597656 256.851501464844 256.967681884766 253.580490112305 249.003112792969 252.621963500977 259.093353271484 259.214813232422 254.189987182617 253.42317199707 261.085174560547 263.083862304688 263.321929931641 264.906402587891
264.579284667969 264.615661621094 265.069122314453 263.730773925781 262.487091064453 260.623077392578 260.177581787109 262.297637939453 262.218109130859 260.891723632812 259.249267578125 260.723022460938 261.975555419922 262.226959228516 262.283569335938 262.182586669922 261.677734375 261.344451904297 260.878234863281 258.542419433594 255.95654296875 261.059234619141 261.984710693359 262.182952880859 261.974182128906 261.864715576172 261.780578613281 261.203643798828 259.403656005859 254.582046508789 252.766006469727 260.061401367188 260.267272949219 260.318603515625 259.922760009766 258.908325195312 256.528839111328 254.502075195312 253.104705810547 255.706024169922 258.660736083984 261.271179199219 260.289154052734 259.396240234375 257.621917724609 260.051666259766 263.543243408203 263.662902832031 265.253845214844
264.662017822266 264.970428466797 265.566375732422 264.153472900391 262.125427246094 260.43212890625 261.360137939453 262.581878662109 262.242248535156 260.926635742188 259.323822021484 260.990783691406 261.766387939453 261.884185791016 262.031372070312 -3.4e+38 261.533081054688 261.478759765625 260.241455078125 -3.4e+38 254.606338500977 261.206298828125 261.840515136719 261.551239013672 261.568023681641 261.365142822266 261.231903076172 261.137420654297 259.813598632812 256.913635253906 257.129913330078 259.532348632812 258.610961914062 259.789978027344 258.729919433594 255.965805053711 254.114837646484 252.505905151367 253.343902587891 261.088409423828 261.307922363281 261.552947998047 261.06103515625 261.378936767578 261.2333984375 261.714965820312 263.951873779297 264.246704101562 265.286468505859
274.446990966797 265.858612060547 265.871124267578 264.235168457031 261.888610839844 260.831939697266 263.130035400391 263.017944335938 262.795806884766 260.80078125 258.069305419922 261.053649902344 261.504730224609 261.502258300781 262.062316894531 -3.4e+38 262.013519287109 261.763854980469 260.308837890625 258.543884277344 259.522979736328 261.7646484375 261.669830322266 261.232604980469 260.8193359375 260.274658203125 260.764495849609 260.647369384766 260.943267822266 260.480255126953 259.935089111328 258.540100097656 257.307159423828 259.091827392578 255.617141723633 250.447799682617 253.139083862305 252.583633422852 254.960006713867 260.327331542969 258.764801025391 260.899353027344 261.46142578125 260.561645507812 263.496337890625 263.658752441406 264.146545410156 264.726928710938 265.314239501953
285.62451171875 275.359191894531 265.828247070312 264.788299560547 262.804168701172 262.084289550781 263.867889404297 263.489227294922 263.349914550781 261.095947265625 257.644348144531 260.881011962891 261.065673828125 260.871185302734 261.783813476562 261.955047607422 261.783752441406 261.76318359375 260.961517333984 261.018035888672 261.597503662109 -3.4e+38 261.384704589844 261.211669921875 260.468414306641 259.551086425781 260.332061767578 260.386535644531 260.86083984375 260.403106689453 259.760925292969 256.98681640625 252.972808837891 252.923889160156 247.820159912109 243.574920654297 252.237152099609 256.995025634766 258.472137451172 257.991943359375 255.462646484375 259.558380126953 261.384002685547 261.299560546875 263.889617919922 263.935241699219 264.079742431641 264.812744140625 265.72509765625
288.693389892578 285.974426269531 278.827178955078 265.361694335938 264.075500488281 263.600555419922 264.367736816406 264.043273925781 263.651336669922 261.826629638672 259.087677001953 260.865631103516 260.701141357422 260.010559082031 261.173461914062 261.254791259766 260.917999267578 261.411224365234 261.052947998047 261.028106689453 261.315826416016 261.382568359375 261.168334960938 261.086517333984 260.720733642578 259.996551513672 260.022827148438 260.381652832031 260.632385253906 260.027496337891 259.093933105469 254.380996704102 246.561645507812 241.128311157227 237.355163574219 243.287902832031 253.745880126953 259.932708740234 257.699829101562 253.848434448242 254.142395019531 256.753784179688 260.093536376953 263.480621337891 263.920928955078 263.964538574219 264.021850585938 264.786224365234 265.783020019531
289.064270019531 288.916381835938 288.073089599609 265.493530273438 264.923400878906 -3.4e+38 -3.4e+38 264.221343994141 263.56201171875 262.154418945312 260.954254150391 261.618682861328 260.782684326172 259.566986083984 261.074096679688 260.883056640625 260.5546875 261.142578125 261.033569335938 260.840087890625 260.581390380859 260.661224365234 261.070190429688 260.876831054688 260.521667480469 260.272369384766 259.6884765625 260.155212402344 260.242034912109 259.789703369141 258.829376220703 254.680068969727 243.846481323242 233.878158569336 238.412506103516 251.616104125977 256.597808837891 258.79638671875 255.806762695312 252.44075012207 256.266693115234 257.363739013672 258.820922851562 262.082733154297 264.076599121094 264.516815185547 264.468719482422 264.866455078125 265.617065429688
289.218963623047 288.560363769531 286.864349365234 273.968597412109 264.697418212891 264.42333984375 264.763122558594 264.399047851562 263.412231445312 262.035705566406 261.784057617188 261.434387207031 260.714691162109 258.528839111328 260.684631347656 260.679809570312 260.245849609375 261.043609619141 260.846008300781 260.319091796875 259.733306884766 259.858673095703 260.731262207031 260.587738037109 260.041412353516 259.116241455078 257.617309570312 257.346832275391 260.065856933594 259.661010742188 258.81494140625 255.397247314453 244.076507568359 234.930572509766 246.105209350586 257.456787109375 257.895629882812 258.519592285156 258.628112792969 258.333892822266 260.750122070312 261.173706054688 261.117095947266 262.296234130859 263.940124511719 264.552032470703 264.941986083984 265.032104492188 265.620239257812
289.126068115234 288.415466308594 287.132354736328 284.067230224609 272.930847167969 264.031127929688 264.843444824219 264.589996337891 263.813934326172 262.615570068359 262.287902832031 261.746032714844 260.033569335938 255.671890258789 259.831237792969 260.30908203125 259.813110351562 260.545928955078 260.493041992188 260.001129150391 259.089569091797 258.884429931641 260.160980224609 260.047546386719 -3.4e+38 255.901748657227 250.697814941406 253.028472900391 259.735931396484 259.498687744141 258.217803955078 253.024642944336 240.662689208984 238.147979736328 251.589447021484 258.40771484375 258.493255615234 258.154357910156 261.611053466797 262.458648681641 262.924591064453 262.643981933594 263.082397460938 263.809692382812 263.517517089844 264.237213134766 265.161529541016 265.223236083984 265.403778076172
289.139587402344 288.467376708984 287.926055908203 287.442932128906 282.023864746094 273.053985595703 272.400482177734 263.529266357422 262.781646728516 263.111846923828 262.969848632812 262.166778564453 258.999267578125 252.067337036133 254.860168457031 259.702850341797 259.205688476562 259.427581787109 259.102691650391 256.679534912109 254.633712768555 258.540283203125 258.019226074219 256.419647216797 253.887161254883 249.716110229492 245.16520690918 255.242324829102 258.783172607422 258.428192138672 255.933364868164 247.032974243164 238.645294189453 246.554534912109 257.832977294922 259.607696533203 257.904968261719 255.524887084961 259.514282226562 262.832458496094 263.455688476562 263.774444580078 263.922760009766 264.494415283203 264.653503417969 264.932891845703 265.183441162109 265.458068847656 265.396362304688
289.189086914062 288.673492431641 288.138519287109 287.353607177734 283.825378417969 279.347564697266 283.123779296875 272.067962646484 262.652130126953 262.400085449219 262.820831298828 261.892913818359 260.298126220703 256.848541259766 253.117294311523 259.351837158203 258.603454589844 256.7607421875 254.297485351562 253.908355712891 252.255477905273 255.816177368164 255.696228027344 254.486465454102 249.98664855957 248.006530761719 252.105941772461 256.185852050781 257.254913330078 256.411743164062 256.200958251953 250.020309448242 241.398239135742 250.883209228516 258.565063476562 259.837524414062 257.687072753906 258.370574951172 259.225158691406 261.654998779297 263.318389892578 263.781005859375 263.589569091797 263.989166259766 263.68701171875 264.138275146484 265.175872802734 265.514190673828 265.256744384766
288.808288574219 288.432678222656 288.17822265625 287.576568603516 287.574615478516 287.090393066406 286.679931640625 283.284820556641 272.270385742188 263.053680419922 263.786102294922 262.897186279297 261.839660644531 260.323028564453 254.630477905273 259.210906982422 257.681488037109 252.835601806641 249.13981628418 249.89762878418 250.09162902832 251.917129516602 252.950622558594 252.06379699707 248.894012451172 246.26155090332 253.456588745117 255.190124511719 255.248962402344 254.748718261719 255.941818237305 251.617218017578 246.018783569336 255.546722412109 259.572631835938 260.0751953125 257.318359375 255.535949707031 -3.4e+38 261.491546630859 263.249664306641 263.363800048828 263.327819824219 263.727294921875 263.204772949219 263.351287841797 264.869049072266 265.562561035156 265.133270263672
288.977111816406 288.739013671875 288.308135986328 287.948059082031 287.772979736328 287.494781494141 287.210296630859 286.987243652344 283.339447021484 272.132934570312 264.292083740234 262.353363037109 258.670227050781 255.791305541992 253.351989746094 258.622283935547 256.176422119141 250.046844482422 248.163909912109 248.367858886719 248.725952148438 249.034881591797 250.016952514648 250.02018737793 247.59587097168 245.447738647461 253.56071472168 253.965835571289 253.174468994141 254.385635375977 256.832641601562 253.110336303711 249.616775512695 257.831176757812 259.784942626953 260.418060302734 257.917083740234 252.777770996094 -3.4e+38 261.894073486328 263.363464355469 263.295837402344 263.480529785156 263.661468505859 263.463562011719 263.657806396484 264.586120605469 265.140960693359 265.144836425781
289.45361328125 289.166259765625 288.525695800781 288.240661621094 288.154510498047 287.853240966797 287.504150390625 287.041564941406 286.025543212891 278.064575195312 263.619995117188 262.139099121094 256.831665039062 250.057739257812 253.121673583984 256.716705322266 254.451965332031 248.959365844727 248.938995361328 248.721405029297 248.372283935547 248.203826904297 248.897109985352 249.928939819336 248.406860351562 246.404251098633 253.52815246582 254.153381347656 253.412521362305 254.9169921875 256.557067871094 251.276885986328 248.294586181641 257.600372314453 260.218872070312 260.763366699219 259.387023925781 253.422988891602 255.532608032227 261.172271728516 263.221527099609 263.239685058594 263.388397216797 263.426452636719 263.449249267578 263.641510009766 264.010925292969 264.657775878906 264.998229980469
289.493499755859 289.035552978516 288.685302734375 288.162841796875 288.097106933594 287.926483154297 287.330749511719 286.857788085938 285.956817626953 277.434631347656 262.156555175781 261.537872314453 257.656127929688 253.684555053711 255.994338989258 256.730987548828 254.871368408203 249.158905029297 249.360855102539 249.228088378906 248.828536987305 248.455200195312 249.270721435547 249.366912841797 247.834945678711 244.607376098633 253.143630981445 254.315826416016 253.146423339844 252.632614135742 256.726409912109 253.308517456055 252.371948242188 258.606323242188 260.695892333984 260.977325439453 260.255798339844 258.059936523438 259.096435546875 261.784912109375 262.127258300781 261.41162109375 262.231140136719 262.701507568359 262.769927978516 262.936950683594 263.643920898438 264.49462890625 264.976806640625
289.200164794922 288.994049072266 288.725646972656 288.350402832031 287.924926757812 287.468780517578 286.521514892578 286.546630859375 286.116271972656 281.356109619141 273.815246582031 269.8154296875 260.648742675781 259.764038085938 259.015533447266 258.271026611328 256.255340576172 250.237518310547 249.337982177734 249.63557434082 249.561965942383 249.009963989258 250.222564697266 249.602111816406 247.566467285156 245.683441162109 253.928298950195 254.657440185547 252.144302368164 249.783432006836 257.921722412109 257.698181152344 257.703796386719 258.861511230469 260.914886474609 261.402374267578 261.415344238281 261.759582519531 263.281982421875 -3.4e+38 -3.4e+38 258.557342529297 259.658386230469 260.837341308594 261.506439208984 262.541046142578 263.405914306641 264.082489013672 264.732086181641
288.870788574219 288.577362060547 288.311767578125 288.500366210938 287.896881103516 287.053741455078 286.6474609375 286.387603759766 285.925720214844 284.571136474609 283.780944824219 281.215240478516 270.938934326172 262.227172851562 260.490447998047 259.449768066406 256.907287597656 251.416732788086 250.209014892578 249.51171875 249.660675048828 249.893051147461 250.819595336914 250.37516784668 249.281692504883 250.607681274414 255.621337890625 255.737091064453 252.90119934082 248.208938598633 254.613265991211 258.524444580078 259.177093505859 259.402221679688 260.413055419922 259.926910400391 261.938659667969 261.939697265625 262.8076171875 -3.4e+38 258.596252441406 256.829223632812 257.220245361328 259.647125244141 260.881072998047 262.748077392578 263.852233886719 264.096771240234 264.588226318359
288.854125976562 288.260650634766 287.552551269531 288.191467285156 287.897338867188 287.109954833984 286.083221435547 284.982177734375 285.772766113281 284.806030273438 284.221923828125 284.429534912109 281.092407226562 270.457855224609 259.762664794922 259.993225097656 258.190795898438 254.75846862793 252.952331542969 249.300094604492 249.654373168945 250.28678894043 250.155944824219 249.984603881836 250.247207641602 253.136901855469 -3.4e+38 -3.4e+38 -3.4e+38 249.888397216797 251.917282104492 257.151519775391 259.580413818359 260.810821533203 259.800445556641 257.237579345703 261.094299316406 262.448394775391 262.738067626953 -3.4e+38 258.256225585938 253.512176513672 255.496032714844 260.537109375 261.476898193359 262.745239257812 263.796600341797 263.993591308594 264.630828857422
288.8876953125 288.405426025391 287.418395996094 287.908721923828 287.795196533203 287.48388671875 285.663269042969 283.654205322266 285.583557128906 285.225494384766 284.876739501953 284.631317138672 284.228546142578 276.566680908203 259.883483886719 260.715515136719 259.653991699219 257.342987060547 252.418182373047 248.958938598633 249.618255615234 249.880828857422 249.216323852539 249.319122314453 250.256088256836 251.929565429688 257.507476806641 257.706390380859 -3.4e+38 255.903884887695 256.411834716797 257.950897216797 259.586791992188 260.870666503906 259.250305175781 257.147735595703 260.370880126953 261.504974365234 262.220733642578 262.510559082031 258.405822753906 250.912155151367 252.532150268555 260.591918945312 -3.4e+38 262.535064697266 263.309020996094 263.891510009766 264.520446777344
288.99755859375 288.952545166016 288.287506103516 287.768188476562 287.694366455078 287.637023925781 286.644744873047 284.906097412109 285.276275634766 285.568481445312 285.249786376953 285.037292480469 284.714111328125 281.154937744141 269.609832763672 261.245788574219 258.527618408203 254.070907592773 250.144119262695 248.457870483398 248.566253662109 248.261764526367 249.079254150391 249.216384887695 249.861114501953 250.249313354492 256.717651367188 -3.4e+38 257.476440429688 257.957153320312 259.984741210938 260.041564941406 259.789489746094 260.065338134766 259.055328369141 257.25048828125 259.505065917969 259.572174072266 261.476196289062 262.484985351562 259.996856689453 253.328308105469 252.144561767578 260.744232177734 262.273010253906 262.865386962891 263.358337402344 264.098602294922 264.291229248047
