rcp4.5models/CNRM_CM5/sc1gr4.32
NCOLS 261 
NROWS 433 
XLLCORNER 336357.134 
YLLCORNER 654653.479 
CELLSIZE 1000 
NODATA_value -3.4e+38 
[rows 66 to 87 of 433, columns 49 to 97 of 261]
-3.4e+38 -3.4e+38 -3.4e+38 -3.4e+38 -3.4e+38 -3.4e+38 -3.4e+38 -3.4e+38 -3.4e+38 -3.4e+38 -3.4e+38 -3.4e+38 -3.4e+38 -3.4e+38 -3.4e+38 -3.4e+38 -3.4e+38 -3.4e+38 294.219116210938 294.916625976562 -3.4e+38 294.315673828125 294.814788818359 294.360870361328 294.131500244141 294.157012939453 293.99267578125 293.974517822266 293.707885742188 294.115203857422 294.298828125 294.87451171875 294.718078613281 293.933624267578 294.556640625 294.834716796875 295.159423828125 295.04248046875 294.699401855469 294.469604492188 -3.4e+38 294.550994873047 294.666168212891 294.989501953125 -3.4e+38 -3.4e+38 294.235107421875 294.333404541016 294.371612548828
-3.4e+38 -3.4e+38 -3.4e+38 -3.4e+38 -3.4e+38 -3.4e+38 -3.4e+38 -3.4e+38 -3.4e+38 -3.4e+38 -3.4e+38 -3.4e+38 -3.4e+38 -3.4e+38 -3.4e+38 -3.4e+38 -3.4e+38 -3.4e+38 294.165588378906 294.968383789062 294.982391357422 -3.4e+38 294.337310791016 294.128173828125 294.106048583984 294.096313476562 293.818420410156 293.794891357422 293.846649169922 293.990753173828 293.986389160156 295.052642822266 294.357482910156 293.906890869141 294.603637695312 295.045959472656 -3.4e+38 -3.4e+38 294.688842773438 294.735992431641 295.059417724609 294.645233154297 294.094665527344 294.206787109375 294.526580810547 294.582336425781 294.975402832031 294.790924072266 294.250427246094
-3.4e+38 -3.4e+38 -3.4e+38 -3.4e+38 -3.4e+38 -3.4e+38 -3.4e+38 -3.4e+38 -3.4e+38 -3.4e+38 -3.4e+38 -3.4e+38 -3.4e+38 -3.4e+38 -3.4e+38 -3.4e+38 -3.4e+38 -3.4e+38 294.872802734375 293.959747314453 294.586517333984 294.325134277344 294.313323974609 294.258331298828 294.025390625 293.797760009766 293.398010253906 293.481903076172 293.478210449219 293.378814697266 293.185089111328 294.740570068359 294.670776367188 294.166473388672 294.091033935547 294.189178466797 294.622680664062 294.617889404297 294.831390380859 294.7685546875 294.864135742188 294.347076416016 293.955017089844 293.899871826172 294.219299316406 294.325103759766 294.368988037109 294.244110107422 294.116271972656
-3.4e+38 -3.4e+38 -3.4e+38 -3.4e+38 -3.4e+38 -3.4e+38 -3.4e+38 -3.4e+38 -3.4e+38 -3.4e+38 -3.4e+38 -3.4e+38 -3.4e+38 -3.4e+38 -3.4e+38 -3.4e+38 -3.4e+38 -3.4e+38 295.022277832031 293.975952148438 294.271301269531 294.216857910156 294.248504638672 294.241882324219 293.916259765625 293.730987548828 293.567504882812 293.488983154297 293.255249023438 292.907257080078 293.493896484375 294.634613037109 294.924987792969 294.872497558594 294.250518798828 294.012512207031 294.447174072266 294.828704833984 294.708312988281 294.695770263672 294.301666259766 -3.4e+38 -3.4e+38 293.879821777344 293.884765625 294.083648681641 293.97998046875 294.179809570312 294.160766601562
-3.4e+38 -3.4e+38 -3.4e+38 -3.4e+38 -3.4e+38 -3.4e+38 -3.4e+38 -3.4e+38 -3.4e+38 -3.4e+38 -3.4e+38 -3.4e+38 -3.4e+38 -3.4e+38 -3.4e+38 -3.4e+38 -3.4e+38 -3.4e+38 294.966552734375 294.0009765625 294.079345703125 294.237091064453 294.237701416016 294.007110595703 293.779907226562 293.822692871094 293.816040039062 293.313446044922 293.296630859375 293.354583740234 293.64794921875 294.62744140625 294.854339599609 295.12548828125 294.515899658203 294.169891357422 294.100769042969 294.703582763672 294.473907470703 294.407379150391 294.068481445312 293.891479492188 -3.4e+38 294.187652587891 293.915374755859 294.012268066406 293.853302001953 294.070861816406 294.265777587891
-3.4e+38 -3.4e+38 -3.4e+38 -3.4e+38 -3.4e+38 -3.4e+38 -3.4e+38 -3.4e+38 -3.4e+38 -3.4e+38 -3.4e+38 -3.4e+38 -3.4e+38 -3.4e+38 -3.4e+38 -3.4e+38 -3.4e+38 295.280609130859 294.935119628906 294.647430419922 294.109497070312 294.2236328125 294.223968505859 293.787384033203 293.707763671875 293.744750976562 294.071228027344 293.876403808594 293.018798828125 293.634582519531 293.865173339844 294.620635986328 -3.4e+38 294.778167724609 294.6083984375 294.266143798828 294.370971679688 294.580291748047 294.293121337891 294.008148193359 293.837921142578 293.990203857422 294.251068115234 294.244262695312 294.120635986328 293.996551513672 293.741394042969 294.110229492188 294.316864013672
-3.4e+38 -3.4e+38 -3.4e+38 -3.4e+38 -3.4e+38 -3.4e+38 -3.4e+38 -3.4e+38 -3.4e+38 -3.4e+38 -3.4e+38 -3.4e+38 -3.4e+38 -3.4e+38 -3.4e+38 -3.4e+38 -3.4e+38 295.032806396484 294.914245605469 294.90478515625 294.222351074219 294.216674804688 293.988342285156 293.824798583984 293.696990966797 293.460479736328 293.4794921875 293.807983398438 293.408508300781 293.061248779297 293.723205566406 294.496185302734 -3.4e+38 294.604064941406 294.147552490234 294.029724121094 294.577819824219 294.455963134766 294.115997314453 293.993011474609 293.710723876953 294.031799316406 294.130065917969 293.961029052734 293.93896484375 293.571258544922 293.786254882812 294.252807617188 294.198455810547
-3.4e+38 -3.4e+38 -3.4e+38 -3.4e+38 -3.4e+38 -3.4e+38 -3.4e+38 -3.4e+38 -3.4e+38 -3.4e+38 -3.4e+38 -3.4e+38 -3.4e+38 -3.4e+38 -3.4e+38 -3.4e+38 295.090270996094 294.81982421875 294.892364501953 294.890625 294.252685546875 294.094390869141 293.984832763672 293.859222412109 293.90771484375 293.357635498047 293.166107177734 293.635925292969 293.531188964844 293.236358642578 294.169250488281 294.549926757812 294.599151611328 294.479187011719 293.916809082031 294.020690917969 294.452850341797 294.166534423828 293.937225341797 -3.4e+38 293.921630859375 294.126831054688 294.102508544922 293.632263183594 294.037139892578 293.849639892578 293.602935791016 293.782836914062 294.128662109375
-3.4e+38 -3.4e+38 -3.4e+38 -3.4e+38 -3.4e+38 -3.4e+38 -3.4e+38 -3.4e+38 -3.4e+38 -3.4e+38 -3.4e+38 -3.4e+38 -3.4e+38 -3.4e+38 -3.4e+38 -3.4e+38 295.080017089844 294.760803222656 294.660522460938 294.973785400391 294.688201904297 294.613464355469 294.488616943359 293.86767578125 293.9912109375 293.792510986328 293.725128173828 293.640319824219 292.908477783203 293.782531738281 294.427825927734 294.929534912109 294.253021240234 294.075012207031 294.016052246094 294.396942138672 294.27392578125 294.043731689453 293.870056152344 293.804626464844 293.699920654297 294.172302246094 294.137878417969 293.410339355469 294.148742675781 294.135314941406 293.980407714844 293.459869384766 293.4970703125
-3.4e+38 -3.4e+38 -3.4e+38 -3.4e+38 -3.4e+38 -3.4e+38 -3.4e+38 -3.4e+38 -3.4e+38 -3.4e+38 -3.4e+38 -3.4e+38 -3.4e+38 -3.4e+38 -3.4e+38 -3.4e+38 294.948364257812 294.8486328125 294.891693115234 295.020660400391 294.861785888672 294.732635498047 294.7822265625 294.534942626953 294.562225341797 294.776885986328 294.549926757812 294.31982421875 293.885650634766 294.499755859375 294.873321533203 -3.4e+38 294.189483642578 294.011871337891 294.283020019531 -3.4e+38 294.095184326172 293.920196533203 293.752044677734 293.958984375 293.833282470703 293.927581787109 293.503173828125 293.641326904297 293.726684570312 294.225524902344 293.927917480469 293.225982666016 293.158325195312
-3.4e+38 -3.4e+38 -3.4e+38 -3.4e+38 -3.4e+38 -3.4e+38 -3.4e+38 -3.4e+38 -3.4e+38 -3.4e+38 -3.4e+38 -3.4e+38 -3.4e+38 -3.4e+38 -3.4e+38 295.055572509766 294.895477294922 294.986602783203 295.020782470703 294.902984619141 294.729736328125 294.665649414062 294.702362060547 294.807891845703 295.027374267578 294.901397705078 294.677459716797 294.724609375 294.666168212891 294.864288330078 294.963470458984 294.572021484375 294.453735351562 294.390594482422 294.604217529297 294.920654296875 294.139923095703 294.074066162109 293.907989501953 294.218719482422 293.872894287109 293.362731933594 292.948364257812 293.573455810547 293.364105224609 293.627319335938 293.441558837891 293.235443115234 293.647857666016
-3.4e+38 -3.4e+38 -3.4e+38 -3.4e+38 -3.4e+38 -3.4e+38 -3.4e+38 -3.4e+38 -3.4e+38 -3.4e+38 -3.4e+38 -3.4e+38 -3.4e+38 -3.4e+38 -3.4e+38 -3.4e+38 294.864929199219 295.016876220703 295.009124755859 295.065582275391 294.677062988281 294.201751708984 294.174041748047 294.999298095703 295.119903564453 294.679138183594 294.607574462891 294.648651123047 294.754089355469 294.794677734375 294.672454833984 294.669647216797 294.548736572266 294.765380859375 294.811279296875 294.798736572266 294.514221191406 294.283782958984 294.114379882812 294.206939697266 293.817596435547 293.570678710938 293.464263916016 293.784088134766 293.793182373047 293.171356201172 293.290008544922 293.715728759766 294.129455566406
-3.4e+38 -3.4e+38 -3.4e+38 -3.4e+38 -3.4e+38 -3.4e+38 -3.4e+38 -3.4e+38 -3.4e+38 -3.4e+38 -3.4e+38 -3.4e+38 -3.4e+38 -3.4e+38 295.034973144531 294.830963134766 294.963684082031 295.009643554688 295.106536865234 295.0380859375 294.773010253906 294.449188232422 294.425933837891 295.093780517578 294.772766113281 294.380645751953 294.587219238281 294.584350585938 294.177978515625 294.721221923828 294.552703857422 294.710144042969 294.761077880859 294.862487792969 295.073669433594 294.676208496094 294.448883056641 294.439971923828 294.374359130859 294.252471923828 294.032287597656 293.804779052734 294.118774414062 294.263031005859 294.086395263672 293.742095947266 293.711944580078 294.143341064453 294.334564208984
-3.4e+38 -3.4e+38 -3.4e+38 -3.4e+38 -3.4e+38 -3.4e+38 -3.4e+38 -3.4e+38 -3.4e+38 -3.4e+38 -3.4e+38 -3.4e+38 -3.4e+38 294.695678710938 294.777954101562 294.956329345703 295.003753662109 294.997711181641 295.144317626953 294.754699707031 294.793151855469 294.851898193359 294.732940673828 294.305084228516 294.474304199219 294.484222412109 294.014282226562 294.222991943359 293.788024902344 293.917327880859 294.649322509766 294.810302734375 294.968322753906 294.848510742188 294.838226318359 294.777923583984 294.770965576172 294.812103271484 294.580474853516 294.298034667969 294.134155273438 294.219970703125 294.271057128906 294.2099609375 294.086547851562 293.985290527344 294.139434814453 294.3349609375 294.167510986328
-3.4e+38 -3.4e+38 -3.4e+38 -3.4e+38 -3.4e+38 -3.4e+38 -3.4e+38 -3.4e+38 -3.4e+38 -3.4e+38 -3.4e+38 -3.4e+38 -3.4e+38 294.718414306641 294.751647949219 294.971435546875 295.089233398438 295.132202148438 294.675994873047 294.883422851562 295.044677734375 295.090515136719 294.809753417969 294.581695556641 294.567596435547 294.271484375 294.054992675781 294.330780029297 293.760528564453 294.251831054688 294.851501464844 295.003753662109 294.771270751953 294.160675048828 294.543731689453 294.978698730469 295.189575195312 295.175384521484 294.891387939453 294.717926025391 294.508850097656 294.466796875 294.138397216797 294.081634521484 294.186279296875 294.330413818359 294.238525390625 294.457092285156 293.996978759766
-3.4e+38 -3.4e+38 -3.4e+38 -3.4e+38 -3.4e+38 -3.4e+38 -3.4e+38 -3.4e+38 -3.4e+38 -3.4e+38 -3.4e+38 -3.4e+38 -3.4e+38 -3.4e+38 294.646514892578 294.951599121094 295.119567871094 295.119812011719 294.604888916016 294.914733886719 295.080169677734 295.077880859375 294.632995605469 294.562896728516 294.101654052734 294.046325683594 293.811584472656 293.956329345703 293.690765380859 294.506561279297 294.997802734375 294.540161132812 294.367401123047 294.258209228516 294.472076416016 294.638519287109 295.123962402344 295.213958740234 294.829864501953 294.825256347656 294.978607177734 294.317321777344 294.625610351562 294.826416015625 294.839965820312 294.279052734375 294.345703125 294.707092285156 294.08154296875
-3.4e+38 -3.4e+38 -3.4e+38 -3.4e+38 -3.4e+38 -3.4e+38 -3.4e+38 -3.4e+38 -3.4e+38 -3.4e+38 -3.4e+38 -3.4e+38 -3.4e+38 -3.4e+38 294.846527099609 294.724304199219 295.092895507812 294.991912841797 294.814056396484 294.909484863281 295.066040039062 295.0634765625 294.568542480469 294.094848632812 293.989959716797 294.030822753906 293.694641113281 293.456268310547 293.107360839844 294.041076660156 294.421020507812 294.311279296875 294.251892089844 294.409759521484 294.456451416016 294.459228515625 294.879852294922 294.619812011719 295.097259521484 295.250549316406 295.249237060547 294.160797119141 -3.4e+38 -3.4e+38 295.186187744141 294.748229980469 294.779327392578 294.543121337891 294.628601074219
-3.4e+38 -3.4e+38 -3.4e+38 -3.4e+38 -3.4e+38 -3.4e+38 -3.4e+38 -3.4e+38 -3.4e+38 -3.4e+38 -3.4e+38 -3.4e+38 -3.4e+38 294.574859619141 294.927703857422 294.963256835938 294.978179931641 294.698974609375 294.902893066406 294.671966552734 295.044647216797 294.935729980469 293.983703613281 293.981628417969 294.024475097656 293.904235839844 293.678863525391 293.451354980469 293.397552490234 294.378509521484 294.252380371094 294.299713134766 294.401000976562 294.223297119141 294.002563476562 294.217010498047 294.324310302734 294.501159667969 295.258453369141 295.511901855469 295.337677001953 294.48828125 -3.4e+38 294.515075683594 294.784851074219 295.020904541016 294.919250488281 294.995452880859 295.079223632812
-3.4e+38 -3.4e+38 -3.4e+38 -3.4e+38 -3.4e+38 -3.4e+38 -3.4e+38 -3.4e+38 -3.4e+38 -3.4e+38 -3.4e+38 -3.4e+38 -3.4e+38 294.608154296875 294.689025878906 295.071563720703 294.697235107422 294.578826904297 294.887603759766 294.901336669922 294.924652099609 294.642120361328 294.394561767578 294.025451660156 293.897644042969 293.723907470703 293.549499511719 293.48876953125 293.647583007812 294.404327392578 293.95849609375 294.398345947266 294.444854736328 294.435089111328 294.206848144531 294.093292236328 294.202453613281 294.481048583984 294.910369873047 295.020721435547 295.165557861328 294.923645019531 294.824279785156 294.304718017578 294.311065673828 294.373504638672 294.440277099609 294.827453613281 295.164154052734
-3.4e+38 -3.4e+38 -3.4e+38 -3.4e+38 -3.4e+38 -3.4e+38 -3.4e+38 -3.4e+38 -3.4e+38 -3.4e+38 -3.4e+38 -3.4e+38 294.601043701172 294.933532714844 294.715850830078 295.058349609375 294.58935546875 294.786834716797 294.988861083984 294.920471191406 294.635009765625 294.522216796875 294.220855712891 294.0078125 293.832366943359 293.885162353516 293.711822509766 294.158020019531 293.862152099609 294.398803710938 294.344757080078 294.554260253906 294.766448974609 294.692077636719 294.203552246094 294.513427734375 294.253265380859 294.716522216797 294.393890380859 294.388305664062 294.392700195312 294.621551513672 -3.4e+38 294.226379394531 293.978637695312 294.216461181641 294.173034667969 294.334350585938 295.032440185547
-3.4e+38 -3.4e+38 -3.4e+38 -3.4e+38 -3.4e+38 -3.4e+38 -3.4e+38 -3.4e+38 -3.4e+38 -3.4e+38 -3.4e+38 -3.4e+38 -3.4e+38 294.824279785156 294.740051269531 294.476959228516 294.321105957031 294.856567382812 295.027069091797 294.744720458984 294.518127441406 294.619171142578 294.691528320312 294.569152832031 294.393280029297 294.319915771484 294.372894287109 294.802673339844 294.522186279297 294.553863525391 294.713012695312 294.816375732422 294.805389404297 294.739624023438 294.525268554688 294.843841552734 294.8955078125 295.084289550781 294.527587890625 294.202178955078 294.153900146484 294.255767822266 294.459625244141 294.273223876953 294.167388916016 294.329528808594 294.367645263672 294.399169921875 294.829162597656
-3.4e+38 -3.4e+38 -3.4e+38 -3.4e+38 -3.4e+38 -3.4e+38 -3.4e+38 -3.4e+38 -3.4e+38 -3.4e+38 -3.4e+38 -3.4e+38 294.569641113281 294.72021484375 294.720031738281 294.574737548828 294.559539794922 294.851684570312 294.899505615234 294.563812255859 294.727416992188 294.772552490234 294.865844726562 294.809631347656 294.636352539062 294.461853027344 294.734466552734 294.832672119141 294.772338867188 294.595703125 294.863677978516 294.796569824219 294.631591796875 294.843170166016 294.84423828125 295.113891601562 295.322235107422 295.300079345703 294.906433105469 294.610168457031 294.202270507812 294.064422607422 294.074798583984 294.327087402344 294.32080078125 294.281188964844 293.832153320312 293.885925292969 294.554992675781
