rcp4.5models/CNRM_CM5/sc1gr6.7
NCOLS 261 
NROWS 433 
XLLCORNER 336357.134 
YLLCORNER 654653.479 
CELLSIZE 1000 
NODATA_value -9999 
[rows 44 to 65 of 433, columns 100 to 149 of 261]
1072.22543024369 1078.018204321 1079.94400226479 1082.93775852833 1084.47192210811 1086.28620290044 1089.11752883996 1090.72635685792 1092.88810815422 1094.81006345292 1096.16291715705 1098.88423082148 1102.46347595673 1103.33704561516 1105.0128330669 1106.64801792162 1107.1010394956 1110.2177773271 1111.29934180896 1112.69926574424 1114.29560807725 1114.76379890925 -9999 -9999 -9999 -9999 -9999 -9999 -9999 -9999 -9999 -9999 -9999 -9999 -9999 -9999 -9999 -9999 -9999 -9999 -9999 -9999 -9999 -9999 -9999 -9999 -9999 -9999 -9999 -9999
1067.36009051226 1073.12489684697 1075.38943994052 1077.10898096976 1080.4028930411 1081.86063535361 1083.52222564638 1086.25102064506 1087.82208110939 1090.39412625561 1091.78189565957 1094.01913513307 1097.80739246546 1100.24722795609 1101.3851120441 1102.60523433103 1104.73862055534 1106.02758065572 1108.21240792484 1110.03945339723 1110.51793992211 1112.09019275065 1113.73152427023 -9999 -9999 -9999 -9999 -9999 -9999 -9999 -9999 -9999 -9999 -9999 -9999 -9999 -9999 -9999 -9999 -9999 -9999 -9999 -9999 -9999 -9999 -9999 -9999 -9999 -9999 -9999
1065.73483078864 1070.4331504652 1073.29662666442 1073.96938611925 1078.05131257503 1079.06573869179 1081.17972407711 1083.29559219504 1084.86265459508 1087.90508133086 1089.95860579761 1092.1492682282 1095.8607711096 1096.66074037802 1098.08838981784 1099.79327983431 1101.79912236463 1104.16995571149 1106.0114485951 1108.12527405249 1109.21944725809 1110.45943422259 1112.706612788 1112.60588010685 1115.18432812821 -9999 -9999 -9999 -9999 -9999 -9999 -9999 -9999 -9999 -9999 -9999 -9999 -9999 -9999 -9999 -9999 -9999 -9999 -9999 -9999 -9999 -9999 -9999 -9999 -9999
1063.33616081122 1067.76235511698 1070.14414461998 1071.70114750873 1074.7661505224 1076.84720756624 1078.62774224103 1081.13990090381 1082.86229686113 1084.87030194487 1087.72499049515 1089.81748012769 1093.16109644157 1093.82117839903 1095.64560380937 1097.44725655039 1099.85006720142 1101.56280710772 1103.14456116261 1105.58499733485 1106.43870530226 1107.97207255291 1108.97519658999 1110.07999693766 1113.0308601585 -9999 1115.64366369709 -9999 -9999 -9999 -9999 -9999 -9999 -9999 -9999 -9999 -9999 -9999 -9999 -9999 -9999 -9999 -9999 -9999 -9999 -9999 -9999 -9999 -9999 -9999
1061.1561853164 1065.04208358453 1066.80564586822 1070.0556194019 1071.97907401675 1074.57623788462 1075.75611046219 1079.01008341738 1080.72469179087 1081.85184123104 1085.22571593799 1086.56892586778 1089.81900157303 1091.43665148763 1093.59934041166 1095.53696047659 1097.33851366314 1099.07922048259 1100.5288249063 1102.46873069983 1104.80053565631 1105.58200785851 1106.01550866792 1107.03726987395 1110.57543596792 1111.85123252945 -9999 -9999 -9999 -9999 -9999 -9999 -9999 -9999 -9999 -9999 -9999 -9999 -9999 -9999 -9999 -9999 -9999 -9999 -9999 -9999 -9999 -9999 -9999 -9999
1059.82734507624 1062.8777532666 1065.64996230016 1068.33573830421 1070.45214040755 1072.08623765612 1074.10449504514 1076.58892115196 1077.56435556701 1078.76138367057 1082.08017653975 1083.80841840705 1087.34997652158 1089.90199663578 1091.29823927967 1093.10139182205 1094.23409902145 -9999 1097.93101461052 1099.33211254093 1101.49398196049 1102.91678460461 1103.74095706578 1105.07727961618 1108.84752681282 1110.52905412755 1111.36352202132 1111.74395229349 1113.89252357227 -9999 -9999 -9999 -9999 -9999 -9999 -9999 -9999 -9999 -9999 -9999 -9999 -9999 -9999 -9999 -9999 -9999 -9999 -9999 -9999 -9999
1058.01711002292 1061.44890400258 1063.69215251471 1067.28861586003 1068.09427139014 1069.33615891694 1072.13804584298 1074.17618655749 1074.7940717132 1077.98095169296 1079.94323074427 1081.79386017368 1085.49554059591 1087.42744624474 1089.48422842336 1090.7189692552 1091.87158452456 -9999 1095.95789998286 1097.36553493664 1099.03547391967 1100.11038312543 1101.60102910764 1102.87805504081 1106.75886322973 1107.78155380832 1107.71404724867 1109.5362442699 1110.96928901204 1111.80001808911 -9999 -9999 -9999 -9999 -9999 -9999 -9999 -9999 -9999 -9999 -9999 -9999 -9999 -9999 -9999 -9999 -9999 -9999 -9999 -9999
1056.12018350109 1058.59313314954 1060.797150412 1064.38836367682 1065.61559697538 1068.4083977381 1070.08690613333 1072.8253256083 1075.31477813012 1078.02591791232 1079.4724223502 1080.01381747077 1084.13275269671 1086.44875202386 1087.95461932809 1087.14208328775 1089.79950613301 1093.20202736678 1094.6274965491 1096.28971295604 1096.84372589175 1097.69648694351 1099.34933680235 1101.08064859371 1103.662919392 1105.10442478099 1105.83888072754 1107.2866311191 1108.25097802295 1110.55499461454 -9999 -9999 -9999 -9999 -9999 -9999 -9999 -9999 -9999 -9999 -9999 -9999 -9999 -9999 -9999 -9999 -9999 -9999 -9999 -9999
1052.48639827275 1055.98350536651 1057.65420773836 1061.15574561499 1063.99344265978 1067.14792015186 1068.2071731403 1070.66422382605 1073.23889418141 1076.22086398091 1077.35282695739 1077.85930160504 1081.77770571845 1084.33565033172 1085.18476943689 1085.36270690216 1088.59074248162 1089.67973950207 1091.96902501108 1093.69150494905 1093.33856466791 1095.04857472882 1096.46564679235 1097.59175613413 1100.73682138347 1102.96977672688 1103.25203922636 1105.46931262678 1107.66202792188 1108.96893679847 1108.81013668544 -9999 -9999 -9999 -9999 -9999 -9999 -9999 -9999 -9999 -9999 -9999 -9999 -9999 -9999 -9999 -9999 -9999 -9999 -9999
1050.28572147962 1054.10771607408 1055.81615374159 1058.15764374405 1062.48775900747 1064.42564246781 1065.88842516082 1068.33458570176 1071.05495008894 1073.32222409703 1075.90768039522 1074.81775025918 1080.28312944574 1081.24843654396 1082.81813055475 1084.72515189815 1086.36901770243 1087.72959501825 1089.42888434349 1089.93652822109 1091.50993144296 1093.44137777063 1094.26489989749 1095.55461951696 1097.96245659948 1100.65998609512 1102.22552443429 1103.38190507519 1105.35646769369 1105.62534211411 1105.87047310053 1107.66736375645 -9999 -9999 1111.68226981862 -9999 -9999 -9999 -9999 -9999 -9999 -9999 -9999 -9999 -9999 -9999 -9999 -9999 -9999 -9999
1048.11883557747 1052.37911897447 1053.37099428219 1056.25001236178 1060.19264796287 1062.84227956195 1063.37495397449 1067.59012970672 1069.41942888135 1071.34728629537 1072.63335995586 1072.9280358282 1078.40159908916 -9999 1081.39012707157 1082.52683219866 1083.63992317054 1085.59402338514 1087.02113660217 1086.6503882196 1089.5990512996 -9999 1092.44258988531 1094.31749752954 1096.84726971624 1098.53723468733 1100.84943822465 1101.54112213446 1102.53461046658 1102.53481108461 1104.35967812349 1105.77134241738 1106.37554528716 -9999 -9999 1112.52026367188 -9999 -9999 -9999 -9999 -9999 -9999 -9999 -9999 -9999 -9999 -9999 -9999 -9999 -9999
1046.30688793016 1051.92479302106 1051.58767790824 -9999 1058.81260662258 1061.29053852532 -9999 1065.68223686365 1067.65029242517 1069.5094929781 -9999 1070.60983809173 1074.97394631224 -9999 1079.49742556067 1079.52418501848 1081.6629772818 1083.35842946227 1083.72388199137 1084.59691762135 1087.47860360397 1088.7388783978 1090.1351842276 1092.76995204141 1095.13104323939 1096.10089080122 1098.3278377968 1099.2336814544 1101.74557730571 1101.41866615871 1102.50393832144 1104.05337885383 1105.80092229482 -9999 1107.39353213339 -9999 1110.63696289062 -9999 -9999 -9999 -9999 -9999 -9999 -9999 -9999 -9999 -9999 -9999 -9999 -9999
1043.3567822162 1046.97298069015 -9999 -9999 1052.77370861045 1057.30206291839 1058.66040137999 1059.52852399751 1063.09519189013 1063.24626944916 -9999 1065.15777178499 1068.99032588287 1072.81860160891 1075.16391711854 1077.35526394029 1079.31186349366 1079.49303138668 1078.54097352011 1081.55439260681 1084.03860803233 1084.0833636146 1086.39989488177 1088.37133529896 1090.36278870799 1093.29293127246 1092.95619230246 1094.17816331155 1097.78366622674 1098.67442790902 1100.40852454438 1101.46220355952 1101.23453533297 1102.0330829945 1103.81116229177 1106.44193252749 -9999 -9999 -9999 -9999 -9999 -9999 -9999 -9999 -9999 -9999 -9999 -9999 -9999 -9999
1042.2986596368 1043.20682388069 -9999 -9999 1049.81560089558 1052.31223690257 1054.52874533149 1057.05186972581 1059.74288822122 1060.61853983464 1060.72952324272 1063.60840391946 1067.54535007991 1069.9829897776 1072.86224533057 1075.55361820983 1076.84934909814 1075.64866045579 -9999 1080.72874841448 1082.20808847539 1082.08199269262 1086.42507406384 1086.89011090058 -9999 1090.46009451241 1092.61617126477 1093.66501607199 1096.02168097887 1096.2169978628 1098.03818506592 1098.8758882102 1098.90607971017 1100.67943144562 -9999 -9999 -9999 -9999 -9999 -9999 -9999 -9999 -9999 -9999 -9999 -9999 -9999 -9999 -9999 -9999
1039.43393569202 1039.72073746087 -9999 1044.87272096362 1047.6597941526 1049.09904002684 1051.50964007762 1055.30471359587 1057.72002727809 1057.73650185268 1058.77066077014 1061.67273889512 1066.57291811258 1067.50810289046 1069.84911126057 1072.26735176954 1073.11310163353 -9999 -9999 1078.97236634151 1079.54598358327 1081.14681123217 1084.77161916755 1086.44839762738 1088.1493545159 1088.26921665527 1091.34021863944 1093.81239714395 1094.91743273846 1094.61177458828 1096.1212956377 1097.24992779438 1098.54679412619 1099.37048093598 -9999 -9999 -9999 -9999 -9999 1109.20667116861 1110.45130375045 -9999 -9999 -9999 -9999 -9999 -9999 -9999 -9999 -9999
1037.29306026816 1037.26221627004 1039.06829473166 1041.42045226864 1045.76904241671 1046.98014733078 1048.75459244893 1051.80038159605 1054.82634220239 1054.77805862306 1056.94914659237 1059.57949417473 1063.80389394731 1064.57807099975 1066.90431715329 1069.52419341206 1069.95497533266 1070.85729763233 1072.67625655704 1075.91728189631 1077.75359500182 1079.73481396139 1082.5519289106 1083.82132189413 1087.63667845111 1088.26373686482 1089.9342315671 1092.0331260821 1093.20542588305 1094.24700717561 1094.84623593868 1095.94143973294 1096.42845582396 1095.49721760364 -9999 -9999 -9999 -9999 -9999 -9999 1108.26413832554 1110.26614235975 -9999 -9999 -9999 -9999 -9999 -9999 -9999 -9999
1034.45613967063 1035.52480290578 1036.64888216813 1039.30981917341 1042.0578000276 1044.38364905081 1046.84932241001 1049.93532151253 1051.60535943984 1051.99619902633 1055.17511095 1056.8936271191 1060.3589289904 1061.62341233207 1064.37312812249 1066.25172272017 1067.46786752533 1068.15096344838 1070.94813415791 1073.22407503913 1075.62498944809 1076.65718313007 1079.55075395469 1079.73541805464 1086.89288734583 1087.05639696287 1087.83396507938 1089.54844967579 1091.1443387493 1092.88973608406 1093.4775366155 1092.98879705054 1091.23887570431 1091.76937374264 -9999 -9999 -9999 -9999 -9999 -9999 1105.17280980069 1107.57580261139 -9999 -9999 -9999 -9999 -9999 -9999 -9999 -9999
1032.06736811201 1033.08124141537 1033.9140006965 1036.26852311976 1038.85651247233 1041.02817428237 1044.06037848341 1047.59096427329 1048.18905090359 1049.0077424736 1051.8976586656 1054.70340881291 1057.69966949221 1059.99341593882 1061.93915399473 1063.75155753038 1064.65596801822 1065.42947429466 1068.28194400265 1071.16596426057 1073.40982601864 1074.16294346 1076.60833611969 1076.82357628458 1084.48242270035 1085.25474756468 1085.70009020256 1085.72393523894 1089.39065057498 1089.98043786977 1090.65023223095 1089.06676811711 1087.67230887105 1089.54152847667 1091.17680228222 -9999 -9999 -9999 -9999 -9999 -9999 1104.8557489227 1107.10083627154 -9999 -9999 -9999 -9999 -9999 -9999 -9999
1029.39831156019 1030.47110539609 1031.91407753912 1033.25587578699 1037.28463029109 1039.84545258236 1042.98332298217 1045.67241539706 1046.07412158289 1047.25019492662 1049.17482552691 1052.57808877115 1056.24387997153 1058.31966172996 1060.89746600532 1060.99105022316 1062.3245245737 1063.63130497263 1065.09891107592 1068.0139587062 1070.54494331674 1072.32849554087 1074.63190028262 1074.34061595077 1080.37659336803 1081.59488273021 1082.22230014232 1083.7586797422 1087.01067548576 1087.67273150135 1086.32486000404 1084.09394676754 1085.59809737232 1087.67813548112 1089.69125584794 1094.73435705251 1096.68169718998 1096.45157554867 -9999 -9999 -9999 -9999 1105.14461338258 -9999 -9999 -9999 -9999 -9999 -9999 -9999
1025.87679309747 1029.09978225665 1029.76340877112 1030.89347858393 1035.18419853926 1037.16389346668 1040.61757021311 1042.09163211552 1044.31868900334 1045.34283664371 1047.57397468662 1050.70762041951 1054.50941390941 1055.71807516472 1057.85945111449 1058.96346564799 1059.31126863004 1060.92587824673 1061.80938058775 1066.07056810988 1069.38697369011 1071.49891741724 1071.46953995356 1071.84033635952 1077.17652172837 1077.3062454981 1080.48379105167 1082.55536246269 1085.04605990924 1085.35138202309 1083.19956763376 1080.70892571219 1083.58924385087 1085.46665297826 1090.25422057241 1095.66395854679 1096.14108063065 1096.4119523224 1097.15349560646 -9999 -9999 -9999 1102.45493471431 1103.77399849151 -9999 -9999 -9999 -9999 -9999 -9999
1022.7294637157 1026.24450138578 1027.24748020065 1029.12790912371 1031.8205453095 1033.51578096219 1036.78909833354 1038.99894794809 1041.31682477122 1042.01561955649 1045.23046584135 1047.88884860945 1051.83753033039 1053.53185272232 1055.48055114807 1056.63397966499 1057.20753141392 1058.78077379567 1060.73255066861 1063.59017064397 1066.36211320827 1068.75534435578 1069.25258039979 1071.75345042108 1073.8698931321 1076.91989810292 1080.12300228424 1080.97587032264 1082.95489086853 1082.46403393184 1080.48920010525 1079.40256696727 1082.2218788984 1086.341458696 1091.24318376419 1093.32584977902 1093.23169866998 1094.86279457274 1096.29430351662 1096.36892885703 -9999 -9999 -9999 1102.25136426975 -9999 -9999 -9999 -9999 -9999 -9999
1020.8005880752 1023.63082160507 1025.92724598024 1027.13841485419 1028.3324823008 1031.55365936178 1033.93362107946 1036.94461937598 1038.30915779018 1039.28036887246 1042.39674862126 1044.42810466911 1049.0600657267 1050.92273078249 1053.54739585524 1053.80394523417 1054.94394238356 1057.44143132448 1059.61833431781 1060.72577570972 1063.71652936427 1066.04139701709 1067.66732215422 1069.86649419523 1071.99134813384 1076.33529483409 1077.97383609066 1079.2986619472 1078.10902804177 1077.13747034862 1076.86411272386 1077.97291307045 1080.42642888002 1085.48642987113 1091.55049944847 1091.10348967011 1091.79120469711 1093.38928057529 1094.05091549071 1094.58194386989 -9999 -9999 -9999 1100.35359886775 1102.32852318259 -9999 -9999 -9999 -9999 -9999
