rcp4.5models/CNRM_CM5/sc1gr6.1
NCOLS 261 
NROWS 433 
XLLCORNER 336357.134 
YLLCORNER 654653.479 
CELLSIZE 1000 
NODATA_value -9999 
[rows 44 to 65 of 433, columns 50 to 99 of 261]
-9999 -9999 -9999 -9999 -9999 -9999 -9999 -9999 -9999 -9999 -9999 -9999 -9999 -9999 -9999 -9999 -9999 -9999 -9999 -9999 699.912719726562 701.324511159761 -9999 -9999 707.970414604428 710.668492628043 711.245548286448 712.082118090378 715.669509404515 716.748779288002 718.42228600789 720.367166136916 -9999 -9999 724.331722457179 726.734865751091 727.941445606282 728.759156113216 731.024615906101 732.023194985141 736.433407401787 737.954400418969 738.884706974427 740.941019588464 742.935473458096 744.398091715232 746.820063979428 748.419520214082 749.574155420364 751.366875053195
-9999 -9999 -9999 -9999 -9999 -9999 -9999 -9999 -9999 -9999 -9999 -9999 -9999 -9999 -9999 -9999 -9999 -9999 696.48230117598 698.732466947199 699.868835408861 701.411405107552 703.107292848681 703.682020271619 705.773641935129 707.325924176689 709.602411178619 710.580387089875 713.984339874301 -9999 717.566462292782 -9999 720.034785962171 722.231820768357 722.646457623152 724.177086451947 726.804659234804 727.712018795714 729.576104387886 731.04508767996 733.76097992922 736.291158922319 737.12768503441 738.389987916908 740.803718783772 742.917717256825 745.730925980424 747.669978570743 748.497642702746 750.9824910326
-9999 -9999 -9999 -9999 -9999 -9999 -9999 -9999 -9999 -9999 -9999 -9999 -9999 -9999 -9999 -9999 -9999 693.056025268282 696.349845808022 697.659604960274 698.585469031283 700.257981916417 702.972487065751 704.48539467918 706.832275436979 707.884662691779 709.548609593482 711.025632002717 714.048056119781 715.355583698799 717.99114265889 718.637973326528 720.425465055981 721.92784114936 722.953356715064 724.621904585736 726.91195088544 728.004142170763 728.861265656298 731.023854943591 732.446402882991 736.044474964082 737.072732622375 737.559511458477 740.398697991648 741.752049278511 744.590491132256 746.595583283875 747.628064289187 750.551431120714
-9999 -9999 -9999 -9999 -9999 -9999 -9999 -9999 -9999 -9999 -9999 -9999 -9999 -9999 -9999 687.643909833497 690.681254892732 692.685330376616 694.713173022466 697.64387378804 698.68062494667 700.30214934517 702.646871211318 703.820390512988 704.94750384288 707.141085523659 708.999085206345 710.665864254532 713.019771578768 715.027177481281 716.615401315157 717.99348135817 719.940829807171 -9999 722.189503145582 723.765958927593 726.50319548436 728.186465991263 729.177210049721 731.283497130009 733.90412086986 736.86330174762 737.361387443523 738.5051263872 740.280957747921 741.536775282099 743.529158521676 745.707302933577 746.883402381 749.06757058979
-9999 -9999 -9999 -9999 -9999 -9999 -9999 -9999 -9999 -9999 -9999 680.107091568371 682.808297380659 684.427801046319 686.663636826925 687.814842513641 690.926169879081 693.073526079078 693.844330156435 697.313088610716 698.404594997575 699.861675046931 701.719842270019 702.589219110467 703.889947173881 706.092236552739 708.297784536666 709.798088038896 712.164535076788 714.813006407195 -9999 717.11627806849 718.843398992713 721.241094046885 722.047852872964 -9999 726.284799059136 727.623032112022 729.152282229141 731.048061748799 733.569311059589 735.711064194137 736.717142337042 739.204573011731 740.909989912101 741.970898093976 743.3639811982 746.223643130038 747.416730977946 748.65901192064
-9999 -9999 -9999 -9999 -9999 -9999 -9999 -9999 -9999 -9999 678.590586197235 680.08926479033 681.090643364827 683.793125572063 685.907303834826 -9999 690.036661864375 693.199263724196 694.513343842944 697.417845883077 698.947492681307 700.584896927535 700.778282214181 702.239939365552 704.497251985423 705.532089931547 707.538681564854 709.885949663304 711.592998163637 714.147444836897 715.684144866968 717.320268705484 -9999 720.880355408292 -9999 -9999 725.529123129782 727.108888557642 728.406910836589 -9999 733.982709976545 735.565396049941 737.447480804943 739.573741120304 741.252860897382 742.704135684378 743.709050185227 746.41120570199 748.082371414388 748.928903603915
-9999 -9999 -9999 -9999 -9999 -9999 -9999 -9999 -9999 -9999 678.068496370294 679.025832291467 -9999 682.874490987389 685.19232936275 686.953392369358 689.563424828159 692.689025735585 694.238922494988 696.28845388104 698.632647608535 700.292513632284 700.692561144791 703.073088844395 703.705646526576 704.087587534687 705.026343753591 708.331932754681 712.585790666415 714.875953606728 715.846279750831 -9999 719.082829493407 720.935356571781 -9999 723.740601355859 725.164083653507 726.862509960705 728.465131519943 729.738691039504 733.456944455662 734.504343055248 737.319016919306 738.636967827062 740.980736314367 742.980365302468 743.945873586726 748.036602484701 748.284728919197 748.721211058466
-9999 -9999 -9999 -9999 -9999 -9999 -9999 -9999 -9999 -9999 677.337252519259 678.497305005512 679.62669806959 -9999 684.073199989612 686.707224832137 688.443384930229 692.304219607221 693.313822625256 696.114671020529 698.749219852494 699.612980847874 700.336456541475 702.935586056213 704.050759861242 703.683361805913 703.591699681727 708.360517148538 712.382824243504 713.72854619945 715.372123939805 716.641129514034 718.393873437246 720.225894563497 721.765035477266 722.805860320394 724.438176739344 726.281878009719 728.01588615217 729.089715513657 732.877151193637 733.871805586751 738.022128682891 738.65505480796 741.331009911536 -9999 743.580890237553 747.745332595281 748.121911950921 748.5237920625
-9999 -9999 -9999 -9999 -9999 -9999 -9999 -9999 -9999 -9999 677.08487212158 678.432350925074 679.797079134654 682.012360378885 683.442055626259 685.577391612891 688.207907560268 691.646033945095 693.030440223369 695.21987036575 697.180157481899 699.240449082102 699.969234050772 702.522773130811 704.151986479639 704.27253267497 705.17464812488 707.978112809785 710.826000646462 712.43986878844 714.603994099372 716.455096193266 717.949118696103 720.315189113715 721.036016270886 721.646284140754 722.797341413528 725.453857132865 726.630839353818 728.374276123202 733.203013186945 735.334622338268 -9999 -9999 741.193744934368 742.050851156944 743.629807388876 747.010899286652 748.052291902781 748.192315779591
-9999 -9999 -9999 -9999 -9999 -9999 -9999 -9999 -9999 -9999 -9999 677.148746021274 678.811819802937 680.937149984973 683.609961563786 685.224200668155 687.360009805407 691.309307513918 692.84056397718 694.875188999361 696.135866930461 698.579286292256 699.515706526786 702.494085820595 703.615798092776 703.745827432049 705.165525801433 706.213424154613 710.400790708606 712.124457073794 714.663837000427 716.540591054026 717.176619347442 719.91725334175 721.134164612372 721.843933735117 723.450322682554 725.825333940804 726.820380929894 729.110976598983 732.969936917378 735.07225192633 736.150113713031 737.799692588961 -9999 742.792578835545 744.254110368533 747.895670142577 748.876612443342 747.892513907489
-9999 -9999 -9999 -9999 -9999 -9999 -9999 -9999 -9999 -9999 -9999 676.434582574723 -9999 680.012510989111 682.39498291271 684.396220140467 685.751936142139 691.11000967571 692.23820609532 694.118643880301 696.217722310153 697.632810691646 699.610066910914 702.459947271256 702.869407954831 703.33309877919 704.886783347149 706.183894489957 710.791906291588 -9999 713.696622296065 715.388228558973 716.106939312288 720.492627062765 721.852806991424 722.27331147399 723.976008919808 725.988618923054 726.913318883529 729.750170738925 733.790857965101 734.649757710793 -9999 737.554128329073 740.076434680906 741.682184455792 745.008597773888 747.889968303469 748.171194429772 748.717518991529
-9999 -9999 -9999 -9999 -9999 -9999 -9999 -9999 -9999 -9999 -9999 675.766545524691 677.956208797186 679.0193835721 680.792497251333 683.079360709189 684.053538927111 689.848388628272 691.473299287523 693.571890892827 695.854313042404 696.757035822011 -9999 700.591326309724 702.263887540769 703.682819230697 704.897741389505 705.991602378914 709.793773515063 711.843831400628 714.52085072596 715.783040859281 716.2245431882 719.176478799769 721.485220561886 722.114784443402 723.698357215157 726.491949550174 726.710286625914 730.089910610453 733.847424851565 734.666657096455 736.108091340358 738.50243273613 741.099614209377 -9999 743.45963935805 744.927781187356 746.917236538323 -9999
-9999 -9999 -9999 -9999 -9999 -9999 -9999 -9999 -9999 -9999 -9999 -9999 -9999 -9999 682.542938748823 683.310511198692 684.561953084838 -9999 690.11956205734 692.126524469204 693.61924930719 695.503294993699 698.205954423647 699.360638093626 700.902903204081 702.553410433561 703.451041013334 704.608627838429 708.638829576514 709.820177423761 -9999 714.534406514121 716.646535785618 717.834974869389 720.711184666668 722.456392240955 723.160557558191 725.234568795773 726.410879965353 727.95246232295 734.095679874536 733.971656126748 737.680728571855 737.067656079796 739.362376974596 741.184329493578 742.408554067855 743.922050064044 745.32474712975 747.62842922025
-9999 -9999 -9999 -9999 -9999 -9999 -9999 -9999 -9999 -9999 -9999 -9999 -9999 -9999 -9999 -9999 685.008371311388 689.127375617823 -9999 691.687764061137 692.267081368947 696.035347551455 698.183965301442 699.492512895116 700.932834626349 702.328968024038 703.143983236365 705.076939572062 708.057782372418 710.075357769219 712.49819954331 713.987110813484 715.97335260339 717.37717600496 720.860144725514 722.047530173437 722.691797609885 725.760119159172 726.910301737947 727.657810704937 733.409004606905 734.634656722608 737.320290210038 737.275959415076 738.56748177266 740.146496715216 742.319536596961 744.435761206495 745.074167626064 747.38751512393
-9999 -9999 -9999 -9999 -9999 -9999 -9999 -9999 -9999 -9999 -9999 -9999 -9999 -9999 -9999 -9999 -9999 688.431186112919 690.447050858015 692.114428248758 692.846827939646 695.979794043316 697.279692973385 699.837774633301 702.1629766197 703.038634958362 703.851784795133 705.238737224627 708.584387493822 712.138256948823 713.968357975766 715.163009355927 716.330290082287 718.62759496145 721.467522366191 722.88724411757 723.028559938639 725.765234681828 727.908546066056 727.693549448179 732.295357278521 733.59067895272 735.727472628239 736.941640941962 738.481060637941 739.992337772013 742.624718168779 744.503365188461 744.878084484266 747.606430243513
-9999 -9999 -9999 -9999 -9999 -9999 -9999 -9999 -9999 -9999 -9999 -9999 -9999 -9999 -9999 -9999 -9999 688.717684871662 690.598722816302 691.734257415911 692.648406624768 695.724129955318 697.178067888672 700.046200306122 -9999 702.884934725281 704.760713325077 706.160699752814 709.2745110542 -9999 713.642967464164 715.650547871709 717.820502502686 720.706134255653 722.13987840727 723.212423914015 724.065719239824 725.72677567819 728.751601911371 -9999 -9999 -9999 735.313669029588 736.175132830677 739.089167086335 740.931926469384 743.247523567966 744.542170171623 745.704586923782 748.960884174141
-9999 -9999 -9999 -9999 -9999 -9999 -9999 -9999 -9999 -9999 -9999 -9999 -9999 -9999 -9999 -9999 -9999 -9999 689.894721868879 691.580960674633 692.906119304644 695.690147039109 696.767647590014 698.701395697366 702.130582058806 703.123872487281 704.654697191724 705.613221276436 709.385088922056 712.32803867091 714.391011547495 715.73230216833 717.223215365461 720.407976960604 722.233268833234 723.547293160294 725.168541597972 726.807478600946 728.879891968557 -9999 -9999 733.12255093603 734.60314389531 735.832343845829 739.209158395502 741.341236618069 743.84326122895 744.628838169348 745.941150290716 749.328486525497
-9999 -9999 -9999 -9999 -9999 -9999 -9999 -9999 -9999 -9999 -9999 -9999 -9999 -9999 -9999 -9999 -9999 687.460917638059 690.308942819494 691.497083720908 693.027997808696 695.002233864132 696.040750123969 -9999 701.777694288938 702.893021168851 704.377891400464 705.115614729654 709.31725557514 712.302351826393 715.434134623385 716.233568488212 716.131297097114 718.711981447074 721.925015633721 723.633548113235 724.600408872511 727.455966319088 727.846130408734 -9999 -9999 734.148880024763 734.969561461312 736.109048962906 738.546877861102 740.577785373304 744.0890005995 745.004496149131 746.201596521297 749.045564676267
-9999 -9999 -9999 -9999 -9999 -9999 -9999 -9999 -9999 -9999 -9999 -9999 -9999 -9999 -9999 -9999 -9999 687.437967545015 689.217614219122 689.922059594603 692.396784158329 695.256419058092 -9999 698.158442291012 701.051804981853 702.747807750325 704.285619374256 705.038814009258 708.53281935173 711.706144568279 713.737464167991 715.77634812643 716.775313211373 719.1977938479 720.566148125973 722.94924928761 723.541653019499 727.832845018084 727.813511762455 -9999 730.925830739471 733.319188467734 734.241530344581 736.245519075619 737.628255948632 740.298139420211 742.271638108488 744.067707520459 746.068161211611 747.149995869971
-9999 -9999 -9999 -9999 -9999 -9999 -9999 -9999 -9999 -9999 -9999 -9999 -9999 -9999 -9999 -9999 -9999 687.400611758074 689.104211120662 690.210490253207 692.146265290883 694.326235296312 -9999 -9999 700.252066117977 703.864338471732 704.761620173425 706.653698435288 709.066770411391 712.602357201509 713.428526318697 714.752826755767 716.077554512474 719.106550989964 719.061080738944 722.129302406956 723.333916420977 725.531692620528 727.254281437907 728.420756287272 730.429946133716 733.066304062523 734.180782510763 736.008396837428 737.715900160606 739.621921353685 741.716446205486 744.230062654759 745.323388628063 745.955849667383
-9999 -9999 -9999 -9999 -9999 -9999 -9999 -9999 -9999 -9999 -9999 -9999 -9999 -9999 -9999 -9999 -9999 -9999 690.128471034199 691.111608738029 693.832406512499 695.483881785554 697.208580417062 697.944889445602 701.863585659477 703.963663739897 705.266414572253 708.318176908192 710.114740067099 713.177233461582 714.55832627627 715.92840276689 715.901251521347 717.813631500866 718.004043722237 720.749998893206 -9999 724.615907662869 726.356572299697 727.478145480981 730.19079100565 732.603863939393 734.870585190781 735.787525231769 737.406505176015 738.949850795093 740.910840596575 744.020311136698 744.800996369257 744.737881171569
-9999 -9999 -9999 -9999 -9999 -9999 -9999 -9999 -9999 -9999 -9999 -9999 -9999 -9999 -9999 -9999 -9999 688.929235133776 690.955287087608 691.799965110302 694.03794875436 695.824398058291 697.184370817879 699.185215405503 702.172388110393 703.810566878087 706.022790195527 707.982592462235 709.977396148622 711.202200902505 716.366192329067 717.152358981607 717.465809875936 717.619699644516 718.919752843948 -9999 -9999 724.341138796441 727.111932313349 727.911606882037 730.842931609472 733.999293187253 734.484178372471 735.17814449853 738.540156541962 739.379514884942 742.230581685198 744.205070629272 745.410667085225 746.221790917962
