rcp4.5models/CNRM_CM5/sc1gr6.8
NCOLS 261 
NROWS 433 
XLLCORNER 336357.134 
YLLCORNER 654653.479 
CELLSIZE 1000 
NODATA_value -3.4e+38 
[rows 286 to 307 of 433, columns 196 to 244 of 261]
1741.8251953125 1753.08178710938 1791.65246582031 1812.19519042969 1785.52282714844 1792.37963867188 1809.76550292969 1856.87280273438 1875.68615722656 1913.25109863281 1916.9169921875 1931.93078613281 1941.14624023438 1931.14929199219 1881.8896484375 1890.06103515625 1896.67468261719 1893.98132324219 -3.4e+38 1985.55590820312 2034.47570800781 1965.79724121094 1958.27526855469 1947.48791503906 1935.2578125 1939.39208984375 1947.98352050781 1956.94409179688 1957.76232910156 1944.51489257812 1952.16027832031 1963.80981445312 1953.34887695312 1954.8525390625 1950.47546386719 1951.45080566406 1954.60363769531 1952.78894042969 1955.75891113281 1956.23986816406 1957.60705566406 1959.76379394531 1954.66967773438 1951.18188476562 1951.70629882812 1956.39331054688 1956.93908691406 1952.63024902344 -3.4e+38
1715.09130859375 1726.36364746094 1747.48803710938 1757.44458007812 1766.84436035156 1780.05102539062 1794.79382324219 1834.87329101562 1861.93627929688 1905.07080078125 1914.04821777344 1924.99450683594 1932.84753417969 1922.79150390625 1874.76354980469 1872.43786621094 1876.89624023438 1878.16162109375 -3.4e+38 1956.68286132812 2027.78234863281 1967.55224609375 1957.88098144531 1941.59423828125 1928.32312011719 1930.23046875 1932.60754394531 1932.44665527344 1942.0478515625 1941.82067871094 -3.4e+38 1945.998046875 1942.23522949219 1945.38452148438 1944.93518066406 1945.12902832031 1946.55102539062 1951.388671875 1956.83654785156 1958.37963867188 1957.61877441406 1951.80444335938 1949.25512695312 1949.31567382812 1954.28747558594 1955.54553222656 1954.79504394531 -3.4e+38 -3.4e+38
1689.21472167969 1708.16320800781 1729.65637207031 1742.46801757812 1757.13208007812 1766.6962890625 1779.79248046875 1815.392578125 1846.94311523438 1891.40063476562 1904.12976074219 1912.99768066406 1920.16918945312 1911.52368164062 1869.25048828125 1867.95092773438 1867.07495117188 1867.70715332031 -3.4e+38 1943.40661621094 2036.70861816406 1971.37475585938 1943.54895019531 1932.7109375 1931.63745117188 1931.88500976562 1925.77966308594 1919.09582519531 1923.68127441406 1936.06457519531 1930.52331542969 1930.67053222656 1932.99877929688 1936.15698242188 1938.64501953125 1940.93188476562 1945.48571777344 1953.50500488281 1954.86242675781 1954.5703125 1951.49011230469 1946.83911132812 1947.80017089844 1948.46313476562 1958.66625976562 1963.47534179688 1958.94958496094 1950.119140625 1948.86865234375
1673.85205078125 1688.94055175781 1708.90466308594 1726.88952636719 1746.4130859375 1749.89831542969 1764.63757324219 1801.27648925781 1827.25915527344 1856.66455078125 1879.01330566406 1897.63903808594 1905.95251464844 1897.02722167969 1852.49743652344 1854.21704101562 1860.88610839844 1866.21960449219 1875.77868652344 1944.41369628906 2037.23547363281 1957.6728515625 -3.4e+38 -3.4e+38 1934.68103027344 -3.4e+38 -3.4e+38 1912.17456054688 1910.68688964844 1920.62622070312 1920.86315917969 1923.68859863281 1928.83703613281 1928.36743164062 1930.78173828125 1935.78210449219 1943.77075195312 1951.36010742188 1948.46411132812 1944.87182617188 1944.23181152344 1951.61730957031 1949.08703613281 1948.49731445312 1958.19287109375 1964.29565429688 1961.02624511719 1952.42785644531 1952.61315917969
1640.90747070312 1656.48583984375 1670.94262695312 1706.98828125 1764.91564941406 1757.40881347656 1739.3720703125 1771.74743652344 1792.17541503906 1805.53771972656 1833.57775878906 1857.18237304688 1884.3271484375 1888.83325195312 1856.66418457031 1821.94348144531 1826.95568847656 1833.22998046875 -3.4e+38 1880.39575195312 1920.31481933594 -3.4e+38 -3.4e+38 -3.4e+38 -3.4e+38 -3.4e+38 -3.4e+38 1919.81457519531 1919.53271484375 1922.42346191406 1916.59228515625 1910.06396484375 1913.3544921875 1918.70764160156 1930.19885253906 1942.25012207031 1948.16101074219 1963.62451171875 1945.58947753906 1937.25756835938 1944.85693359375 1951.08996582031 1948.06298828125 1954.92785644531 1965.33447265625 1965.91882324219 1956.6962890625 1953.09228515625 1950.60571289062
1630.85217285156 1645.29992675781 1659.85290527344 1683.36730957031 1725.23876953125 1739.53588867188 1724.03173828125 1754.58178710938 1774.85266113281 1784.83813476562 1800.9228515625 1826.05053710938 1857.97058105469 1877.43896484375 1868.03002929688 1799.52954101562 1809.58935546875 1815.25390625 -3.4e+38 -3.4e+38 -3.4e+38 -3.4e+38 -3.4e+38 -3.4e+38 -3.4e+38 -3.4e+38 -3.4e+38 1928.42431640625 1930.67553710938 1932.35534667969 1909.97021484375 1905.16711425781 1915.26770019531 1920.74426269531 1931.91613769531 1945.80065917969 1951.29174804688 1959.16430664062 1943.95458984375 1934.03662109375 1946.43725585938 1955.78869628906 1957.26733398438 -3.4e+38 1955.61682128906 1952.46936035156 1949.37780761719 1948.01208496094 1946.15515136719
1626.14453125 1641.34045410156 1658.43298339844 1669.46838378906 1679.10827636719 1698.40490722656 1710.01647949219 1741.50708007812 1752.85620117188 1766.29113769531 1779.84436035156 1794.13671875 1804.01611328125 1826.11022949219 1840.75244140625 1794.71936035156 1804.29248046875 1816.04675292969 1832.19152832031 1844.60314941406 1849.52233886719 -3.4e+38 -3.4e+38 1882.7685546875 -3.4e+38 -3.4e+38 -3.4e+38 1912.33666992188 1914.69519042969 1917.89575195312 1896.78955078125 1896.95190429688 1913.70544433594 1924.90454101562 1930.83203125 1944.75695800781 1943.28137207031 1939.44519042969 1929.04870605469 -3.4e+38 1942.99157714844 1954.47607421875 1951.41760253906 -3.4e+38 1951.53515625 1946.8515625 1945.83410644531 1943.33386230469 1943.40014648438
1612.78454589844 1632.89733886719 1651.501953125 1659.6279296875 1665.20288085938 1680.85168457031 1695.99255371094 1729.88012695312 1738.83129882812 1750.30834960938 1760.01208496094 1768.09973144531 1768.62280273438 1794.46826171875 1820.15844726562 1809.74670410156 1808.60510253906 1811.32348632812 1823.69934082031 1832.65148925781 -3.4e+38 -3.4e+38 -3.4e+38 -3.4e+38 -3.4e+38 -3.4e+38 1892.35266113281 1911.46301269531 1904.900390625 1908.98193359375 1884.21984863281 1888.95556640625 1907.5693359375 1928.57238769531 1936.3076171875 1955.43005371094 1922.30773925781 1920.1533203125 1918.25732421875 1924.05310058594 1939.2412109375 1947.556640625 1942.09741210938 1941.79125976562 1950.83361816406 1944.44970703125 1943.84545898438 1942.02661132812 1942.98681640625
1595.00903320312 1625.05895996094 1650.35461425781 1648.69445800781 1650.80212402344 1664.18432617188 1682.38061523438 1725.73217773438 1743.99145507812 1741.19128417969 1743.00939941406 1753.28845214844 1765.00402832031 1791.51977539062 1813.51159667969 1798.87670898438 1795.20190429688 1803.03125 1817.78210449219 1814.51000976562 -3.4e+38 -3.4e+38 -3.4e+38 -3.4e+38 -3.4e+38 -3.4e+38 1895.26867675781 1905.4072265625 1889.76354980469 1889.5859375 1875.69152832031 1888.572265625 1901.90563964844 1921.40710449219 1933.87353515625 -3.4e+38 1909.80932617188 1913.30920410156 1916.62377929688 1925.20520019531 1932.39758300781 1940.71838378906 1937.73754882812 1935.16394042969 1939.18835449219 1936.82006835938 1938.30786132812 1938.9775390625 1937.26623535156
1576.33154296875 1617.31530761719 1665.9296875 1638.97338867188 1636.94421386719 1652.08251953125 1670.76843261719 1711.04028320312 1730.04760742188 1732.84130859375 1736.72119140625 1748.48278808594 1769.20690917969 1784.38610839844 1802.01123046875 1779.12426757812 1786.54089355469 1795.10107421875 1811.15686035156 1804.24853515625 -3.4e+38 -3.4e+38 -3.4e+38 -3.4e+38 -3.4e+38 1883.48571777344 1898.92846679688 1893.65124511719 1873.18505859375 1864.78442382812 1876.73645019531 1888.65185546875 1905.74487304688 1914.63684082031 1912.05944824219 -3.4e+38 1908.88122558594 1909.04382324219 1917.67504882812 1924.28466796875 1924.46765136719 1926.53466796875 1924.91967773438 -3.4e+38 -3.4e+38 1926.78430175781 1929.93273925781 1928.20812988281 1927.00146484375
1559.46569824219 1589.97119140625 1630.72790527344 1614.96508789062 1622.2998046875 1639.96862792969 1661.00659179688 1690.59533691406 1706.53955078125 1717.90173339844 1730.35424804688 1753.46923828125 1767.41491699219 1788.64819335938 1798.29968261719 1782.43432617188 1787.27111816406 1778.62561035156 1785.33618164062 -3.4e+38 1820.22863769531 1832.16674804688 -3.4e+38 -3.4e+38 -3.4e+38 1861.513671875 1884.56298828125 1874.48718261719 1857.2275390625 1848.67016601562 1873.96081542969 1890.76745605469 1909.12878417969 1906.50622558594 -3.4e+38 -3.4e+38 1906.91638183594 1910.18957519531 1913.27197265625 1921.62231445312 1918.54602050781 1913.74169921875 -3.4e+38 1915.69140625 -3.4e+38 1916.57299804688 1920.61218261719 1920.49096679688 1921.15454101562
1545.69299316406 1562.81860351562 1581.48974609375 1595.10131835938 1609.51586914062 1628.6875 1651.00402832031 1682.80700683594 1696.68884277344 1703.16320800781 1719.42822265625 1750.67443847656 1748.28625488281 1776.99377441406 1801.47094726562 1793.12841796875 1776.32470703125 1770.70764160156 1766.55041503906 1786.65710449219 1819.60266113281 1821.22399902344 -3.4e+38 1832.06799316406 1846.40405273438 1859.99230957031 1899.63098144531 1907.51745605469 1853.04040527344 1837.57116699219 1864.64880371094 1883.33264160156 1894.18334960938 1898.66076660156 1919.98400878906 1909.17236328125 1906.42822265625 1907.43420410156 1904.95361328125 1913.67883300781 1910.20263671875 1910.45959472656 1911.54260253906 -3.4e+38 -3.4e+38 1913.7431640625 1914.23278808594 1919.49877929688 1921.58557128906
1535.52197265625 1551.17651367188 1567.51428222656 1584.8125 1598.14660644531 1617.91955566406 1639.68493652344 1672.87817382812 1682.05676269531 1694.60620117188 1719.99011230469 1727.19018554688 1726.07202148438 1763.55187988281 1793.17810058594 1777.07238769531 1755.66296386719 1755.423828125 1771.94738769531 1789.72631835938 1811.724609375 1815.97924804688 -3.4e+38 1850.45349121094 1879.25598144531 1856.7734375 1881.15466308594 1896.92687988281 1849.77612304688 1832.29504394531 1859.67895507812 1872.39001464844 1877.30981445312 1896.40344238281 1920.81591796875 1906.29211425781 1907.95959472656 1902.08508300781 1902.18200683594 1904.78759765625 1904.13220214844 1908.40283203125 1905.91882324219 -3.4e+38 -3.4e+38 1915.05480957031 1912.30383300781 1920.08264160156 1919.25952148438
1531.90930175781 1543.76501464844 1556.68200683594 1573.23425292969 1588.13781738281 1606.76416015625 1628.73791503906 1655.69946289062 1666.04162597656 1692.744140625 1736.43444824219 1720.74487304688 1714.42224121094 1753.15515136719 1767.24792480469 1744.70080566406 1728.06494140625 1728.90710449219 1775.66589355469 1804.99890136719 1809.05786132812 1818.37219238281 1821.31286621094 1880.65710449219 1898.94738769531 1842.41735839844 1833.548828125 1844.57934570312 -3.4e+38 1829.99401855469 1864.57507324219 1866.00549316406 1872.92175292969 1884.69067382812 1897.65393066406 1907.58435058594 1931.68493652344 1923.951171875 1900.31640625 1897.04846191406 1901.18200683594 1901.70666503906 1898.99353027344 1904.35473632812 1906.85949707031 1910.90612792969 1909.38720703125 1910.83679199219 1909.67602539062
1574.73950195312 1535.45520019531 1544.99194335938 1561.49230957031 1579.22277832031 1595.9140625 1617.03833007812 1641.357421875 1663.85375976562 1701.56506347656 1741.98010253906 1726.8701171875 1709.4833984375 1707.41064453125 1723.18566894531 1713.47009277344 1705.90466308594 1721.55224609375 1772.0654296875 1834.49731445312 1830.29370117188 1804.65075683594 1819.81848144531 1896.61242675781 1889.52160644531 1833.82446289062 -3.4e+38 -3.4e+38 -3.4e+38 1826.51147460938 1862.13195800781 1870.64526367188 1894.96374511719 1876.73376464844 1893.2548828125 1914.88012695312 1945.04272460938 1958.68139648438 1925.86401367188 1892.05993652344 1897.22009277344 1892.51574707031 1892.57885742188 1899.30749511719 1903.36633300781 1901.10583496094 1901.12316894531 1897.84252929688 1901.26171875
1499.85461425781 1516.35498046875 1528.57263183594 1548.66931152344 1576.64624023438 1598.2099609375 1603.55639648438 1617.11889648438 1629.82568359375 1653.24035644531 1665.52905273438 1666.5791015625 1651.99548339844 1654.7138671875 1657.31848144531 1673.83520507812 1707.3701171875 1729.80249023438 1764.70483398438 1823.53759765625 1819.06530761719 1805.54675292969 1801.02478027344 1844.28576660156 1846.06799316406 1834.21484375 -3.4e+38 -3.4e+38 1807.40734863281 1827.31408691406 1846.18005371094 1852.55358886719 1857.93701171875 1865.17590332031 1872.82580566406 1880.35986328125 1891.21252441406 1909.38232421875 1925.07873535156 1870.25744628906 1870.99060058594 1866.97863769531 1869.85656738281 1873.24084472656 1879.32861328125 1886.17687988281 1888.79260253906 1904.2880859375 1904.52941894531
1492.06982421875 1520.79284667969 1550.19262695312 1586.65637207031 1594.1630859375 1608.99072265625 1599.47021484375 1606.04711914062 1598.03967285156 1616.81591796875 1639.86010742188 1637.48193359375 1633.41455078125 1639.21606445312 1644.13879394531 1663.70373535156 1693.57775878906 1709.14819335938 1742.97216796875 1797.23571777344 1809.70483398438 1822.28198242188 1822.46179199219 1838.603515625 1833.65063476562 1833.73193359375 -3.4e+38 1775.99462890625 1798.15478515625 1818.26525878906 1847.11218261719 1856.02575683594 1864.67626953125 1867.33752441406 1858.84069824219 1858.76171875 1863.57019042969 1879.85363769531 1897.14440917969 1854.45983886719 1853.15747070312 1860.78149414062 1866.822265625 1870.17626953125 1871.02624511719 1878.22082519531 1904.01184082031 1907.61901855469 1892.83435058594
1493.62756347656 1538.82336425781 1583.01635742188 1602.02783203125 1595.53674316406 1605.87390136719 1600.08154296875 1596.38928222656 1584.3203125 1596.56030273438 1616.18603515625 1615.228515625 1615.69763183594 1627.57666015625 1638.17028808594 1650.90966796875 1672.94836425781 1696.77514648438 1703.958984375 1746.36767578125 1776.427734375 1814.27575683594 1825.16333007812 1824.92724609375 1812.46472167969 1788.76123046875 1757.21044921875 1762.1796875 1782.33312988281 1796.79821777344 1836.02160644531 1848.34399414062 1854.79028320312 1862.25817871094 1872.53552246094 1852.19738769531 -3.4e+38 1855.39489746094 1867.71813964844 1839.80786132812 1841.74060058594 1857.99865722656 1861.67102050781 1862.70495605469 1864.04968261719 1870.29248046875 1894.24438476562 1886.21606445312 1878.09423828125
1497.77734375 1579.12719726562 1623.72045898438 1599.28625488281 1587.28308105469 1585.38000488281 1589.21423339844 1568.19458007812 1568.10437011719 1578.091796875 1590.8701171875 1600.115234375 1607.65087890625 1622.03540039062 1631.61083984375 1640.37487792969 1662.34924316406 1686.84948730469 1682.14733886719 1705.7578125 1749.50122070312 1795.42663574219 1802.36328125 1782.36499023438 1761.01037597656 1739.69165039062 1738.32006835938 1754.08483886719 1770.57824707031 1781.00720214844 1812.34985351562 1819.15881347656 1825.267578125 1844.42016601562 1875.69372558594 1842.04064941406 1846.74829101562 -3.4e+38 -3.4e+38 1841.42749023438 1835.59936523438 1854.16613769531 1855.70104980469 1860.36596679688 1870.82971191406 1866.93640136719 1869.39965820312 1868.25256347656 1870.634765625
1491.59875488281 1565.99841308594 1586.10754394531 1604.91101074219 1572.15759277344 1553.47546386719 1561.97509765625 1546.34545898438 1559.48767089844 1567.33435058594 1573.55212402344 1586.77856445312 1605.15344238281 1628.13647460938 1628.94946289062 1644.44567871094 1649.95251464844 1671.59448242188 1671.07702636719 1688.69970703125 1732.96911621094 1778.1328125 1776.38220214844 1737.46936035156 1722.25952148438 1725.931640625 1745.22595214844 1750.12683105469 1764.51000976562 1774.89794921875 1795.2705078125 1796.02575683594 1801.49914550781 1815.1259765625 1831.15454101562 1814.16857910156 -3.4e+38 -3.4e+38 1832.87854003906 1851.17834472656 1830.28979492188 1849.00268554688 1850.75012207031 1856.90869140625 1870.88488769531 1858.6318359375 1857.52868652344 1861.107421875 1869.46850585938
1470.24682617188 1502.31970214844 1523.25549316406 1605.05773925781 1568.80004882812 1530.87976074219 1535.62048339844 1539.06628417969 1554.23132324219 1558.47473144531 1561.4970703125 1576.81311035156 1600.37866210938 1637.75952148438 1651.86987304688 1668.82983398438 1660.81982421875 1678.20471191406 1664.15014648438 1674.14636230469 1708.04260253906 1762.03637695312 1750.18530273438 1710.89404296875 1705.41943359375 1722.91723632812 1755.6474609375 1739.00048828125 1757.31420898438 1770.14001464844 1786.60034179688 1789.30786132812 1792.42663574219 1795.57348632812 1796.21716308594 1797.83984375 1811.31665039062 1821.66088867188 1825.54846191406 1834.36047363281 1826.27331542969 1845.86950683594 1845.82543945312 1846.54077148438 1853.58947753906 1846.19006347656 1847.47863769531 1854.68957519531 1859.27893066406
1453.02490234375 1482.36120605469 1548.8388671875 1612.1611328125 1590.484375 1531.21301269531 1510.45153808594 1535.2451171875 1539.66064453125 1545.66931152344 1556.365234375 1565.40551757812 1589.31115722656 1635.81823730469 1672.19482421875 1684.60473632812 1685.00646972656 1692.11706542969 1664.84008789062 1668.30212402344 1685.54223632812 1718.94030761719 1713.81689453125 1693.26696777344 1691.10827636719 1721.0966796875 1771.83435058594 1756.56018066406 1745.513671875 1760.87585449219 1777.63403320312 1785.75158691406 1789.39587402344 1789.89270019531 1795.31628417969 1794.07006835938 1805.025390625 1815.5244140625 1809.07067871094 1810.09631347656 1815.7431640625 1843.09326171875 1845.62365722656 1838.33386230469 1840.78540039062 1837.47045898438 1839.24523925781 1844.20104980469 1846.45593261719
