rcp4.5models/CNRM_CM5/sc1gr5.21
NCOLS 261 
NROWS 433 
XLLCORNER 336357.134 
YLLCORNER 654653.479 
CELLSIZE 1000 
NODATA_value -3.4e+38 
[rows 154 to 175 of 433, columns 98 to 146 of 261]
293.113220214844 292.99169921875 292.258941650391 292.369537353516 292.020721435547 291.873413085938 291.800262451172 291.856231689453 292.168395996094 292.649261474609 292.761810302734 292.878173828125 293.121490478516 292.563568115234 291.910003662109 291.514801025391 291.461669921875 291.414245605469 291.31494140625 291.321685791016 291.345123291016 291.242156982422 290.799560546875 291.00732421875 290.941925048828 290.668975830078 290.550231933594 290.470306396484 290.737823486328 290.629608154297 290.698394775391 290.410461425781 290.678283691406 291.117095947266 291.312774658203 292.00048828125 292.263763427734 292.774353027344 293.057403564453 291.195251464844 288.180267333984 292.987243652344 293.064758300781 293.125335693359 292.813201904297 292.799133300781 292.415679931641 292.367095947266 293.105651855469
292.598266601562 292.74853515625 292.838836669922 292.464813232422 292.067230224609 291.800445556641 291.387664794922 291.801605224609 291.968963623047 292.3671875 -3.4e+38 292.554534912109 292.764892578125 292.582733154297 291.958465576172 291.738159179688 291.503082275391 291.433990478516 291.297332763672 291.035675048828 290.895629882812 -3.4e+38 290.432067871094 290.472473144531 290.538635253906 290.672332763672 290.386352539062 290.494903564453 290.572387695312 290.595153808594 290.692535400391 290.382049560547 290.287994384766 290.309448242188 290.933441162109 291.643524169922 292.067687988281 292.515747070312 292.759124755859 291.959930419922 290.674072265625 292.765258789062 292.796142578125 292.827423095703 292.624298095703 292.664733886719 292.082336425781 291.732604980469 292.718627929688
292.639495849609 -3.4e+38 292.712493896484 292.419891357422 292.068786621094 291.873596191406 291.314025878906 291.37744140625 291.840118408203 292.082397460938 292.104309082031 292.230285644531 292.467163085938 292.511627197266 292.311645507812 291.953216552734 291.501037597656 291.491729736328 291.396240234375 291.0712890625 290.646148681641 290.879516601562 290.406799316406 290.288482666016 290.337554931641 290.470672607422 290.427124023438 290.525268554688 290.597991943359 290.571899414062 290.591491699219 290.214630126953 289.850372314453 289.975067138672 290.82666015625 291.426788330078 291.766937255859 292.310119628906 292.382110595703 292.568237304688 292.669525146484 292.481567382812 292.467864990234 292.576873779297 292.544342041016 292.526397705078 292.264099121094 291.926849365234 292.651275634766
292.866821289062 292.873962402344 292.820953369141 292.293212890625 292.063446044922 292.026947021484 291.667022705078 290.966979980469 291.282806396484 291.752227783203 291.880401611328 292.086395263672 292.296081542969 292.493347167969 292.451934814453 291.762268066406 291.414215087891 291.26708984375 291.497222900391 291.380798339844 290.963317871094 290.766815185547 290.557739257812 290.756195068359 290.538177490234 290.814636230469 290.498687744141 290.372039794922 290.538970947266 290.519165039062 290.436340332031 289.868835449219 289.606262207031 290.012268066406 290.81103515625 291.352630615234 291.515380859375 292.057342529297 292.324859619141 292.376220703125 292.144348144531 292.152099609375 292.100952148438 292.163513183594 292.158752441406 292.177154541016 292.232482910156 292.023468017578 292.549346923828
292.847076416016 292.921966552734 293.151184082031 292.507263183594 292.144409179688 292.128967285156 291.890197753906 291.193115234375 290.910217285156 291.239105224609 291.483459472656 291.685546875 292.051635742188 292.278503417969 292.159423828125 291.608337402344 291.513519287109 291.387786865234 291.479431152344 291.469970703125 291.315887451172 290.984802246094 291.078063964844 291.262939453125 291.093505859375 291.235015869141 290.320983886719 290.26611328125 290.398193359375 290.392974853516 290.152282714844 289.397583007812 289.105041503906 289.832672119141 290.624572753906 291.061279296875 291.513336181641 291.930969238281 292.275329589844 292.236877441406 291.814788818359 291.716186523438 291.687072753906 291.791076660156 291.835296630859 291.826782226562 -3.4e+38 291.758911132812 292.114807128906
292.827362060547 292.818481445312 292.832733154297 292.451080322266 292.091369628906 292.083557128906 291.928527832031 291.397521972656 290.884368896484 290.899139404297 290.956848144531 291.147247314453 291.623443603516 292.025329589844 291.959503173828 -3.4e+38 -3.4e+38 291.826477050781 291.535400390625 291.469146728516 291.459594726562 291.414154052734 291.397827148438 291.213165283203 290.981109619141 291.209869384766 290.294006347656 290.320434570312 290.307403564453 290.055450439453 289.787017822266 289.142486572266 288.68212890625 289.692657470703 290.554962158203 290.990447998047 291.328308105469 291.895599365234 292.166320800781 292.110107421875 291.726348876953 291.499694824219 291.406585693359 291.243133544922 291.327484130859 291.461212158203 291.731689453125 291.475250244141 291.829010009766
292.887939453125 292.786254882812 292.623413085938 292.103302001953 291.962280273438 291.855987548828 291.974578857422 291.609954833984 290.732543945312 290.418914794922 290.903106689453 291.05224609375 291.614898681641 291.621490478516 -3.4e+38 -3.4e+38 291.676574707031 291.738128662109 291.520233154297 291.524810791016 291.459167480469 291.395416259766 291.239990234375 291.251708984375 290.770812988281 290.642730712891 290.277313232422 290.331970214844 290.238830566406 290.0654296875 289.697540283203 289.12548828125 288.74267578125 289.884887695312 290.593597412109 291.081756591797 291.173980712891 291.814331054688 291.854614257812 291.626831054688 291.485321044922 291.419403076172 291.295684814453 290.850524902344 290.906036376953 291.076873779297 291.182861328125 290.873870849609 291.351287841797
292.775451660156 292.777893066406 292.166198730469 291.934234619141 291.894195556641 291.537475585938 291.120697021484 290.8017578125 290.369323730469 290.308074951172 290.414520263672 290.470397949219 290.849365234375 290.880035400391 291.187622070312 -3.4e+38 291.405914306641 291.17041015625 290.897125244141 290.663635253906 290.763214111328 290.891265869141 290.633758544922 290.389129638672 290.413421630859 290.350921630859 290.20068359375 289.670959472656 289.856384277344 289.809112548828 289.577606201172 289.453674316406 289.877166748047 290.423797607422 290.754608154297 290.829193115234 291.099792480469 291.430267333984 291.417053222656 291.199127197266 290.946563720703 290.835784912109 290.995056152344 290.7607421875 290.365661621094 290.250885009766 290.102386474609 289.040496826172 290.404296875
292.371185302734 292.584625244141 292.051544189453 291.733184814453 291.874633789062 291.503173828125 290.976959228516 290.390869140625 289.822784423828 290.060577392578 290.29736328125 290.364807128906 290.897277832031 290.809020996094 290.979614257812 -3.4e+38 291.137603759766 291.232543945312 290.930023193359 290.622528076172 290.231323242188 290.323181152344 290.326354980469 290.078002929688 290.225921630859 290.254333496094 290.137359619141 289.255310058594 289.387329101562 289.396301269531 289.38623046875 289.527130126953 290.099060058594 290.368499755859 290.754516601562 291.058227539062 291.174377441406 291.132751464844 291.130249023438 291.082214355469 290.875671386719 290.430969238281 290.811462402344 290.624237060547 290.292205810547 289.785583496094 289.295166015625 288.832153320312 289.828857421875
292.169921875 292.417602539062 291.801940917969 291.429870605469 291.244537353516 291.221405029297 290.882446289062 290.574035644531 290.20361328125 290.116516113281 289.980377197266 289.943237304688 289.994049072266 290.902008056641 290.892059326172 291.031280517578 290.911224365234 290.820739746094 290.950042724609 290.819641113281 290.321624755859 290.244018554688 290.045440673828 289.591674804688 289.840454101562 290.074737548828 290.101104736328 289.142639160156 289.254516601562 289.403289794922 289.273315429688 289.265014648438 290.263061523438 290.239288330078 290.294738769531 290.755340576172 291.086822509766 290.903198242188 290.675659179688 290.754425048828 290.844879150391 290.319580078125 290.417785644531 290.456726074219 290.206146240234 289.22607421875 288.410369873047 288.487762451172 289.38134765625
292.323455810547 292.109954833984 291.659637451172 291.499847412109 291.083465576172 290.847045898438 290.747985839844 290.824005126953 290.726501464844 290.353790283203 289.937347412109 289.703826904297 289.538024902344 290.796478271484 290.824462890625 290.849060058594 290.770690917969 290.328002929688 290.412384033203 290.761352539062 290.497314453125 290.272399902344 289.839263916016 289.468841552734 289.478729248047 289.619079589844 289.686096191406 289.227661132812 289.319274902344 289.212524414062 288.699249267578 288.827270507812 289.891296386719 289.697479248047 289.730102539062 290.4912109375 291.116851806641 290.903869628906 290.273712158203 290.385833740234 290.705871582031 290.326873779297 290.110107421875 290.087188720703 289.66845703125 288.712677001953 287.965209960938 288.3603515625 288.865081787109
292.415069580078 291.943023681641 291.725738525391 291.643035888672 291.241149902344 290.761535644531 290.885467529297 290.914215087891 290.812622070312 290.613250732422 290.010223388672 289.877838134766 289.978088378906 290.819183349609 290.732727050781 290.838195800781 290.868347167969 290.546905517578 290.070892333984 290.155914306641 290.046600341797 289.972839355469 289.619537353516 289.384094238281 289.19775390625 289.188354492188 289.256317138672 289.196197509766 288.800384521484 288.756439208984 288.354583740234 288.604064941406 289.410034179688 289.424896240234 289.872741699219 290.383605957031 290.826843261719 290.926483154297 290.19775390625 290.265838623047 290.511383056641 290.289825439453 289.88720703125 289.56884765625 289.156890869141 288.44384765625 288.021911621094 288.258453369141 288.433715820312
291.934387207031 291.679962158203 291.613525390625 291.778503417969 291.289031982422 291.064605712891 291.160766601562 290.808471679688 290.697692871094 290.736938476562 290.119110107422 289.924133300781 288.929321289062 286.838623046875 290.367797851562 290.742401123047 290.631256103516 290.627502441406 290.071472167969 289.763549804688 289.5927734375 289.618377685547 289.479095458984 289.327239990234 289.255065917969 289.309478759766 288.863006591797 288.705291748047 288.358612060547 288.384613037109 288.477142333984 288.968902587891 289.288452148438 289.398651123047 289.826507568359 290.232604980469 290.526977539062 290.577484130859 290.0966796875 290.004150390625 290.398162841797 290.317016601562 290.011138916016 289.779449462891 289.432708740234 288.594207763672 288.323089599609 288.268493652344 288.012725830078
291.558563232422 291.525482177734 291.342834472656 291.829895019531 291.446594238281 291.109954833984 291.061462402344 290.670043945312 290.627563476562 290.664031982422 289.927398681641 289.905944824219 289.137634277344 287.436370849609 289.925048828125 290.216613769531 290.321807861328 290.310882568359 289.908966064453 289.728363037109 289.536315917969 289.688262939453 289.629241943359 289.442626953125 289.444946289062 289.367492675781 288.793212890625 288.461761474609 288.356781005859 288.269470214844 288.567718505859 289.195770263672 289.397064208984 289.767211914062 289.933258056641 290.197570800781 290.492584228516 290.318664550781 290.171234130859 290.034790039062 290.24755859375 290.126708984375 290.157165527344 290.043853759766 -3.4e+38 289.086456298828 288.871795654297 288.501892089844 288.136016845703
291.334747314453 291.125274658203 290.842468261719 291.689422607422 291.48388671875 291.115600585938 290.740264892578 290.407135009766 290.261108398438 290.42236328125 289.678070068359 289.817291259766 289.672882080078 289.886962890625 289.753265380859 289.813049316406 290.099487304688 290.370788574219 290.003387451172 289.759582519531 289.698699951172 289.812469482422 289.784790039062 289.688171386719 289.553863525391 289.170013427734 289.116027832031 288.757568359375 288.504730224609 288.342132568359 288.585845947266 289.128356933594 289.480255126953 290.102844238281 289.997344970703 289.788818359375 290.399169921875 290.203247070312 290.198150634766 290.199981689453 289.797058105469 289.501495361328 289.71875 289.6201171875 -3.4e+38 -3.4e+38 289.036499023438 288.504333496094 288.138214111328
291.003753662109 290.685150146484 290.528289794922 291.150238037109 291.168212890625 291.015869140625 290.632507324219 290.488342285156 290.357055664062 290.207550048828 289.584686279297 289.674835205078 289.380340576172 289.379638671875 289.856781005859 289.913879394531 289.912139892578 290.075653076172 289.9267578125 289.778015136719 289.811340332031 289.718872070312 289.297271728516 289.5322265625 289.488586425781 289.15625 289.185852050781 288.703399658203 288.543701171875 288.154876708984 287.972991943359 289.151733398438 289.434051513672 289.702331542969 289.747467041016 289.975921630859 290.296112060547 289.984588623047 290.245697021484 290.119476318359 289.418212890625 289.195526123047 289.301849365234 289.162689208984 288.853179931641 289.003753662109 288.905487060547 288.311126708984 288.334289550781
290.930267333984 290.585968017578 290.533996582031 290.605438232422 290.711273193359 290.794067382812 290.546447753906 290.437591552734 290.073944091797 289.954650878906 289.574005126953 289.702239990234 289.352508544922 289.021789550781 289.836730957031 289.527740478516 289.884033203125 289.742645263672 289.390991210938 289.310577392578 289.617858886719 289.288543701172 288.912475585938 289.251220703125 289.123992919922 288.976928710938 289.092834472656 288.649078369141 288.475006103516 288.140411376953 287.265350341797 287.256134033203 289.27099609375 289.509063720703 289.948394775391 290.353149414062 290.315216064453 289.700500488281 289.823669433594 289.80908203125 289.139434814453 288.657775878906 288.719940185547 288.755798339844 288.486389160156 288.589996337891 288.707550048828 288.053741455078 288.643310546875
291.231079101562 291.060943603516 290.882659912109 290.513854980469 290.476287841797 290.439239501953 290.035522460938 290.095977783203 289.616943359375 289.814331054688 289.593566894531 289.247467041016 289.034973144531 288.919311523438 289.261352539062 289.188201904297 289.763092041016 289.511962890625 288.909545898438 288.935943603516 289.338195800781 288.821746826172 288.684967041016 288.931365966797 288.771789550781 288.773712158203 288.733245849609 288.614318847656 288.524932861328 288.376770019531 287.678314208984 287.013641357422 289.101043701172 289.469909667969 289.805267333984 290.116424560547 290.183471679688 289.680114746094 289.345794677734 289.356262207031 288.756927490234 288.254333496094 288.312530517578 288.093414306641 288.070587158203 288.275146484375 288.489562988281 287.94873046875 288.003692626953
291.311157226562 291.357879638672 291.0830078125 290.569549560547 290.572296142578 290.464294433594 289.656768798828 289.755310058594 289.589050292969 289.677154541016 289.569000244141 289.13232421875 288.183349609375 288.389831542969 288.963958740234 289.070678710938 289.199066162109 289.054901123047 288.778717041016 288.870880126953 288.897125244141 288.473175048828 288.276794433594 288.392517089844 288.459991455078 288.573303222656 288.354919433594 288.378112792969 288.424377441406 288.384033203125 288.250030517578 288.149871826172 288.676483154297 289.193176269531 289.450103759766 289.722106933594 289.999114990234 289.694458007812 289.311889648438 289.157043457031 -3.4e+38 288.443115234375 287.930816650391 287.350799560547 287.175598144531 287.920928955078 288.122131347656 287.956665039062 287.565155029297
290.840087890625 290.335021972656 290.708099365234 290.849365234375 290.738159179688 290.694091796875 290.613891601562 290.292114257812 -3.4e+38 289.659088134766 289.353607177734 289.040924072266 288.762725830078 288.798034667969 289.198608398438 288.990081787109 288.963256835938 288.860809326172 288.875335693359 288.919097900391 288.798248291016 288.667663574219 288.368225097656 288.066162109375 288.171569824219 288.284820556641 288.037475585938 287.579925537109 287.454986572266 287.813598632812 287.691345214844 287.621612548828 288.100067138672 288.697723388672 289.215728759766 289.451202392578 289.596832275391 289.048706054688 288.485107421875 288.320404052734 -3.4e+38 288.647552490234 287.937652587891 286.542938232422 285.989898681641 287.011810302734 287.128692626953 287.337127685547 287.804962158203
290.573303222656 290.172454833984 290.266387939453 290.663543701172 290.671966552734 290.680480957031 290.615997314453 290.279724121094 -3.4e+38 289.538452148438 289.64990234375 289.375793457031 289.271606445312 289.463745117188 289.111358642578 289.046752929688 289.246643066406 289.115875244141 288.848327636719 288.700592041016 288.904571533203 288.799224853516 288.560272216797 288.384674072266 288.440368652344 288.40185546875 287.972076416016 287.746368408203 287.440887451172 287.419097900391 287.056396484375 287.423919677734 287.841491699219 288.540313720703 289.165802001953 289.322143554688 289.292877197266 288.830657958984 288.269836425781 287.9482421875 288.031616210938 288.3017578125 287.428955078125 285.837341308594 286.1416015625 286.760589599609 286.794982910156 287.189880371094 287.983306884766
290.170593261719 290.153533935547 290.106262207031 290.316040039062 290.046600341797 290.107086181641 290.02490234375 -3.4e+38 -3.4e+38 -3.4e+38 290.008636474609 289.696411132812 289.661590576172 289.684326171875 289.255401611328 289.296875 289.157196044922 289.053344726562 288.688751220703 288.315093994141 288.835540771484 288.826385498047 288.765502929688 288.704650878906 288.597534179688 288.447021484375 288.143371582031 -3.4e+38 287.38525390625 287.178985595703 286.969940185547 287.468566894531 287.892730712891 288.42724609375 288.833038330078 289.144500732422 289.225555419922 288.406951904297 288.150146484375 287.734680175781 287.487884521484 287.93408203125 287.081176757812 286.260925292969 286.756286621094 287.005126953125 287.128295898438 287.536590576172 288.065490722656
