rcp4.5models/CNRM_CM5/sc1gr8.4
NCOLS 261 
NROWS 433 
XLLCORNER 336357.134 
YLLCORNER 654653.479 
CELLSIZE 1000 
NODATA_value -9999 
[rows 330 to 351 of 433, columns 100 to 149 of 261]
196.980932564736 184.959612591976 176.589423938057 183.193153499258 170.041540444267 148.317462470078 141.34703947158 143.496761839471 145.00016482966 145.34653839282 146.616039918804 141.513042166917 -9999 -9999 152.652865126276 154.467272172754 152.567035025426 146.186348503402 -9999 -9999 146.323136502465 155.457076653789 158.68659946974 159.217601513224 144.697819366718 123.300233646483 125.872167824493 141.490296071471 145.871046178949 138.899792386205 135.076653552327 136.262064685205 142.890918273529 149.146490017905 146.34645661928 144.558627543959 145.348671563489 142.38247078261 138.381975287166 131.913193149034 126.524006153837 125.863097849997 126.34660946478 127.726053412412 127.766341282072 125.222365062664 112.815351533519 85.886059937047 72.226298595915 66.1542148547393
201.520979144698 176.954959981062 160.266364631206 168.475481681558 164.95274072821 151.39171146109 143.127992560564 135.851933948609 132.287254871657 132.131563639287 138.295401931965 141.157045229335 150.511961080189 -9999 149.023693336333 151.251120990395 153.340917227053 154.652438107697 152.006457719621 148.151600473111 145.822030209842 147.950298029697 153.536767877431 158.492456321215 151.436829565065 136.128375281647 125.61923685895 125.260919877926 129.431852769068 126.906559372812 126.361567421136 129.56806413232 139.171847594725 146.132207978976 141.333756358998 138.390491500961 138.915881367811 139.296714387054 141.377846377219 134.445846215737 128.427245763536 126.070735627482 125.270265220484 125.152902039982 125.512365473865 123.727570216947 109.651359368373 90.2755055261382 72.9098602027977 66.788200502084
221.812617325751 188.419104737411 164.782229020914 158.768340443135 158.245670822538 155.773605270095 148.238148789388 134.235547924063 127.468354385829 132.192287236895 144.345601634912 151.538539510212 150.811829890406 146.307447602759 -9999 -9999 150.521358809221 154.654452929976 157.450930309251 156.882017417457 151.473330955076 145.595973113786 147.827988909758 155.76561937305 158.640529511048 151.968508722696 137.91447657881 123.603853480598 121.339119540788 123.707239712797 125.823683954314 129.552183962287 135.676913387557 145.761303651684 146.690153147646 136.984609574988 132.10258371015 131.928031758002 133.793741785057 129.838820936708 128.012254464501 126.55880175285 124.517764611718 123.027948752152 123.133330455986 123.292306547146 111.395756046625 97.2248325069251 77.9565547730225 70.0790861682573
232.391996131908 188.583847101457 168.687628130487 158.479090837638 156.533121953716 156.706359603355 151.477787368491 140.255184544069 137.639625397454 146.251289746767 152.618009123796 153.159916312412 -9999 -9999 -9999 -9999 151.845598756498 153.96317822444 157.241930282931 159.223905739914 158.131044500785 152.531397301653 149.778875590938 154.090470465482 160.909066747865 159.335602762606 151.101941511244 136.016920910558 125.558694350525 124.344918870453 130.832442525631 136.50208409426 136.466988956509 138.904214702241 142.684163824503 135.172272046864 130.094513359424 127.214635462949 126.539603201517 126.982143786641 127.616568172332 127.205864159442 124.872611704 123.39547666488 123.075468078006 124.469038272963 120.858899575922 112.366789330799 101.702349429524 87.2638957519351
233.023343635141 181.923573147617 162.783561105751 159.23564574226 157.585479121071 156.960598526107 150.04230377118 137.996130838616 136.809916519648 143.798700796192 146.865038528377 150.325669392262 153.775518710868 148.471622170041 -9999 -9999 151.695278888928 154.445671829008 156.882960097413 159.255140218716 159.996227114014 158.511482627513 156.838080761403 158.139940303796 160.919088255111 160.918222573713 159.039981173584 153.57660983242 142.174555471704 133.881787808368 137.812171512227 141.934281263259 138.937321297773 134.509008728461 136.160761663766 131.126448911681 126.976336978511 126.479908705916 127.095455237843 128.079324425242 128.542334342465 127.92878426128 125.650917050311 124.155976515 123.109848492633 123.313895999442 121.703959835643 116.034094811194 109.367725103643 94.7110041224472
230.308810065117 205.635885150621 181.774556766888 168.56628020316 163.172065337793 154.572227054335 143.208096017585 131.344976790821 130.015665978604 134.140035949105 136.91127381118 143.652516993081 154.165670108414 150.146773807865 150.813928953687 151.923715950378 153.735569243548 157.107005755104 158.783768412061 159.575846971678 160.584619832159 160.734003365801 159.542710809424 159.285561350647 161.453037337206 161.705552001482 161.437655091735 161.347493128349 157.555917956284 149.82439367158 141.709897409181 136.831152546761 137.103645785279 135.10528634722 131.66823782149 128.666927240295 126.671012364642 127.739919093425 128.693413469885 129.422939406296 129.158103596517 128.039006592341 126.311472295006 124.809111670882 123.191983149936 121.896267153265 121.246531898233 116.941160255557 106.447761922449 88.9749207452347
246.280461389293 248.718964015822 242.547129521257 228.722422072212 196.685424021508 174.866491497721 159.604129199619 138.186207757495 138.84411211382 141.483181221194 146.767966409854 153.303970397757 158.672144016277 157.628046853448 148.866379286076 132.858641553581 132.989301646058 149.232742150961 160.768133833525 162.684110735618 163.008862175112 163.077212119539 161.832673859049 151.073734861135 144.79101229203 156.399708164942 163.286241390108 163.91465241282 164.131269459266 165.127293053184 159.867465232262 146.450040112601 136.766104587734 132.77146876331 129.657431026959 127.867135182536 128.993837999951 130.246473369323 130.593629991948 130.612521871775 130.107192429897 129.048500005089 127.858313195473 126.330587786775 125.400257258578 124.570436427636 109.597387223359 118.50587701579 118.253445231638 115.1854367262
261.564101039441 260.845975270195 256.130911151931 242.825673783243 217.319195971497 194.142097406311 167.470105188713 144.890466657938 143.049537105105 141.185884968512 144.268078018789 148.674751509594 144.212063993284 141.971995728524 138.206365959439 130.479498758798 127.116820303392 141.505683759841 161.485391804707 163.341188989627 163.016327013238 162.831798786566 163.245034153155 156.993874376013 134.364125460854 142.893040669245 151.908908209396 159.37149778598 164.532381360775 164.52560777524 162.625737786876 156.38326482311 149.964192688431 145.253218928886 137.869183642642 128.487613437546 129.113198188042 129.953468421585 130.677485218885 131.28511452864 131.547057129176 132.047079892721 131.182848171262 128.3799808093 120.380069673614 109.285026493936 89.3311970265736 98.3268178115051 95.6279050869003 100.895032218854
269.35580017269 266.508560102418 264.061871647779 255.260608683851 238.989668236262 212.806441297214 175.704736959588 154.840208748082 153.955694785468 150.250044301193 148.465119840193 148.553066768163 139.195082359481 130.611469657711 130.8006479727 129.943605448178 128.339308863847 141.131885831848 158.860872045997 160.77180987367 162.227854976073 162.182927636844 164.178069272981 160.890260555071 130.615413783531 130.781729509334 135.779184089966 146.836092651204 156.341822077287 158.042016430375 157.87619421868 155.443825221946 152.882798810376 148.426135181355 141.34477570826 129.871848800152 129.970695614625 130.813090529375 131.192857378158 131.795143689757 129.67033252563 128.207542437321 132.237833352442 123.921075110796 104.592107560773 93.5906678298182 87.4698858500923 84.2153865395068 76.6839613641369 78.3478829137392
268.884065374341 267.774533401675 267.466322108977 263.98597023499 257.30090401282 237.567527452652 208.186020193596 186.172019872002 175.207144912669 165.989136178585 157.852341349094 154.641760774779 153.888718093122 143.021311855195 136.759742099039 135.000143262053 134.547430283909 136.759790006806 142.228062444578 144.08518314697 152.813525170612 161.849536009501 161.668853615643 155.433209158134 132.27204309263 127.448390073108 128.77056939667 134.70023224219 146.896813377285 156.230835276624 153.255649149487 149.23143418407 145.037990006077 139.760175933568 137.440790077039 132.416764141896 134.141143567138 135.337728108287 133.236507465186 131.738903100303 122.241906270788 119.016506362028 127.981939194704 120.965204704537 99.4753749759736 93.4732360354167 91.4899963820279 87.3268090689192 82.2075697849764 75.5213519058785
268.237311211138 266.58505444748 268.292757939232 265.475364306402 264.17868803796 253.843399962559 238.666119072972 225.675086123683 210.396043629009 189.295875050366 172.511494511289 171.63224264988 167.944832332741 157.768279381305 153.060572172641 150.891843796607 151.664985789678 149.813670921784 148.484762085297 149.286662128568 155.706867643213 163.239283421001 157.566607875792 147.926678449357 132.799996604956 128.977796342587 129.294873537249 137.621991706113 155.261742875248 161.646355635076 153.666121644396 149.279724270312 147.739061526574 143.764508872047 143.13155556095 136.758967930905 138.253819860713 138.797173627391 138.050690204465 132.871947192652 118.463313027703 118.44222181781 129.846320267742 121.318671678222 99.7416187127078 94.2433700123288 90.5408392969259 86.5482570092784 83.3744824007851 80.3139331415316
270.199984771203 265.035143279747 269.041340026674 269.566259201915 267.218567262964 260.255540720513 251.324576732993 245.144395520438 235.231228699901 217.750303636754 202.788182569009 198.158675733625 181.802630855448 163.007958259777 162.004267768983 161.582764723445 162.840785295666 163.19200418595 163.328186902346 163.557927900868 164.939523545903 165.213117112599 160.30124430408 148.908705405452 138.3687971209 144.764768580076 145.018965012379 148.551814590364 160.827833293723 163.660454508583 159.583057586727 159.99402258841 159.610731070721 155.976683461536 154.684879460223 147.2143119864 143.458040893151 136.485738706536 134.25340746858 130.882929383947 120.606717070045 118.555078542123 125.186365379276 111.44422716647 99.4300048174284 98.1241936583398 89.8022188506473 85.6341252715517 81.8114188741939 78.4777912456942
273.114930951683 265.074297100179 270.333524665083 272.888907392562 269.495309796499 264.51465210293 259.903534750167 253.840298028554 244.232127258004 233.384820564253 223.926446476534 216.14348433202 196.613490427045 174.351097493929 165.522377871868 167.751062947732 173.502888196034 178.854120936752 182.346038375166 181.614058967196 180.846550561467 170.794837694336 163.638388492937 159.335401854724 156.183667291186 161.266469863991 160.161284806099 157.35841483194 159.639876080369 164.763774395338 166.36815097481 165.80322486144 163.325406583447 162.38130323188 162.173394391778 155.714950218347 149.590154301162 140.558617036907 133.606047494364 130.187887161238 122.760917042093 116.103918517934 116.141784728821 107.274016635102 103.658083800792 98.8505667446884 90.7672839508618 86.9525239576412 83.0268301014671 78.5993866158156
277.007093450535 268.553631261825 274.116460641992 272.592025280678 267.61743715916 262.084751022965 257.096088253392 251.991701239903 246.725634990682 240.224425125464 230.604524675168 221.816642868613 208.645656309332 193.968343069672 182.019346011479 176.397584426037 173.848561549035 184.150475491086 201.824589618693 208.500600435468 206.390443674129 193.463146013658 182.187242024693 177.152985890181 166.644822139719 170.309166319469 179.760367665075 182.581423621508 177.610220297603 177.387476741246 176.652061508325 167.594588865524 163.665994932966 162.516415862219 160.556831056354 156.206067752177 150.031282354743 143.878380587398 137.338319627213 131.341975263042 124.116635276802 117.17169642447 114.165712015279 108.51735773791 103.219619168227 97.828885352082 91.5960637531484 88.4177058428487 83.9052994165736 79.9594231981464
277.351841833911 270.529214914796 274.461129343616 273.78975356886 266.309382334195 261.604025948635 256.360542259321 248.783020348897 247.251636333548 247.308355907652 239.79355574365 232.453401667225 224.610708901272 215.106998754698 200.431477432215 186.581616997618 176.058074984737 174.487139694985 185.821410195894 198.830391183855 211.808021152499 216.547413942168 210.848887048445 201.815861229035 177.514478387864 189.500018698504 200.43944890531 200.332670636519 192.338281572364 187.387887016902 181.49408491867 172.767704493403 170.39855953299 166.227149284679 160.674473314312 152.64287995209 149.213826897146 140.247013972607 133.702493084117 128.445706725704 122.917352028604 117.078639603277 111.561098825357 106.082986829032 101.625292265604 97.9655899149203 91.0195359547838 87.8439391315301 83.1090702262313 79.1006281713967
278.657874633272 271.42236396925 276.20291136523 277.580940228995 272.306085852575 268.657398412721 265.457872628295 260.844913810997 260.762385545514 260.508654741368 254.834425985681 251.53054663259 243.353340676596 230.601128237127 216.665969091104 209.20330590995 203.745919307466 193.683929142473 182.095662988616 180.186054107995 191.770899940647 204.220307330415 218.252084639129 219.468352493718 199.128688367006 202.207483097775 200.465067117205 194.380246064388 187.679832393572 181.37206818179 174.342124506285 170.056314002301 169.397062872743 167.230074255534 163.557647653542 152.937419946021 147.857377542284 137.404328160691 130.603220870818 125.502309827629 119.822005485979 114.675480874035 109.813643974795 105.103953631401 101.014717851007 97.770101783344 90.5281069412754 86.4953911740513 82.0701152843245 77.5978457759678
279.892852860616 271.480533483166 275.654795271136 278.747974198254 278.800360813193 275.112736008637 272.038448857891 271.471363676556 269.857393527989 267.353157392517 266.096712502203 264.441700971482 257.391378654474 246.841697934387 239.6446742063 236.435012998465 230.506107759705 222.382322238903 210.965077718314 199.941906674973 195.510509067953 202.74154136189 219.949033916173 223.396383407474 208.068711642442 200.61019530642 193.959423456748 187.226426724162 180.555517935688 175.082104472424 170.773404389501 165.433037273561 161.10500549461 158.761776436217 155.695674735922 147.815321252075 141.430392566886 133.630937694173 -9999 123.194137952592 117.811773252176 112.796147689737 108.207512711462 104.606678701148 101.268192404286 97.2339429947252 88.8880748955949 85.1408411792551 80.7371542912852 75.4908213697689
280.658415162145 278.973271746422 278.144511794672 278.452980041294 277.688823740471 275.702787381037 273.922930504169 271.474644342474 270.229262585715 269.842626157954 269.435385148993 265.329047953822 264.123778795299 260.315067254613 254.601081878762 247.720171081599 240.82218977672 235.514887845812 231.14745512332 221.872441166538 212.872086192452 216.195041571298 223.921538898466 220.534029522858 204.243447204084 196.821142474062 189.469074135989 182.933487360441 176.407608517183 171.896291743069 170.257254119908 166.734657495888 159.635722737546 152.861632685337 147.546723748574 139.7731195894 136.658133263499 131.964503022318 126.361901943489 121.204230596766 116.506194267817 111.826373983748 106.711424888495 103.290893324829 100.077685588686 95.3534002661872 87.2382074368676 84.3597189784018 80.3337388170393 75.5136739567432
282.523525837215 286.78273012134 287.701111610866 285.592544986457 283.932079710413 280.75438405799 277.003114762872 276.869113378359 277.247454411471 273.735382023815 265.214086561695 256.012545289346 259.486436472205 261.310909471812 258.517509517664 255.294543544926 253.370668577101 249.103390069482 238.578184904866 227.474828103089 207.090235294954 194.930746509884 207.934889659086 213.385350725604 206.001631088102 196.325240665022 185.113440135703 177.429205020185 170.562389458554 164.128205789816 158.735610647113 154.400996749651 151.130810818141 147.81530625037 143.663853957266 135.2908144182 131.99023062943 129.075256800063 -9999 -9999 115.398473499378 110.478713540155 105.364920580574 100.258067042922 96.4320672561737 93.0871449159942 84.531463252631 81.100226584875 77.5697039980308 74.3776004160354
277.944613496278 289.947006601044 287.114765884556 282.752078547323 284.532807483084 284.890697999334 281.545135602564 279.432146798746 279.174088298951 276.169256203567 265.159623705202 256.513427887811 257.355771857323 256.322722664038 253.889665620183 250.463789852133 245.762758927111 242.770163046746 237.585813483027 229.529112823498 213.690553760677 198.901046461149 198.455187178414 202.227388146433 207.659092906711 203.211134851729 188.031645190897 174.995260211861 167.571344514555 161.459238591894 156.731847966449 151.130203521056 147.355119816792 144.258621959144 141.464099162726 132.862322254419 129.720231157215 125.660493919132 121.306514003425 -9999 114.543153815024 109.991340328126 105.530089434031 100.541782842149 96.3935159305864 92.7884168315364 84.0970421143655 80.4986171336942 75.9003256346093 71.1803741042736
274.129284038971 288.345158322559 285.728071944069 282.429586625376 283.18125280008 283.041409270905 280.821995632628 280.291592254582 280.669043012103 279.018029052478 272.877298879788 266.095342224545 247.771199818678 244.603190184055 248.494871041353 239.496207895146 228.60375486022 220.239378650077 210.002545615277 205.091483532564 206.359281850582 202.610546012659 191.283558089764 189.15496256573 207.581936491716 206.014095087922 192.2299184719 173.655213723327 163.739395242929 158.565375677297 153.751009631594 148.778684844509 145.495520599249 143.945825616129 141.596188696143 131.124322591005 127.807404884696 123.651799280808 118.645065370128 115.079004114613 -9999 108.16480577421 103.317415346112 98.7376572030625 94.8833994830838 91.3648096922505 81.9064399755631 77.4599450654769 72.4167203087442 66.4123197641375
279.095784808483 283.066092998253 289.019672432667 288.663784820082 286.449467645333 284.65236691691 281.656219108661 279.280103640599 280.008328962502 280.871258516939 278.616405713051 273.759108825752 255.118229032722 247.050883627567 249.154906015315 239.904266953707 230.571827190038 223.444017037614 202.477679571976 184.823027516333 186.282599010373 189.62922560951 182.375990268628 179.610659344892 197.331223718268 202.54926357019 195.06339398773 174.68325725628 159.785667739475 154.631170558989 149.724090401494 146.461773838381 143.701317723336 142.037626615365 139.242996623048 130.049775405568 126.521381699146 121.774746673722 116.511288003125 112.413967944527 -9999 -9999 -9999 95.9056030598924 92.7527679853128 90.119673954634 80.5600079070595 75.6178362755774 72.0996682259954 65.0704287212365
