rcp4.5models/CNRM_CM5/sc1gr9.25
NCOLS 261 
NROWS 433 
XLLCORNER 336357.134 
YLLCORNER 654653.479 
CELLSIZE 1000 
NODATA_value -3.4e+38 
[rows 88 to 109 of 433, columns 98 to 146 of 261]
154.403854370117 155.103393554688 155.820465087891 157.302215576172 158.073181152344 158.960525512695 159.757583618164 160.735626220703 161.409255981445 161.475875854492 162.745208740234 163.309997558594 163.701721191406 163.931930541992 164.675094604492 165.053359985352 165.520584106445 165.212493896484 165.721740722656 166.626052856445 166.417190551758 166.389999389648 167.229064941406 166.787734985352 166.838165283203 166.859329223633 166.887161254883 166.570709228516 166.053680419922 166.491104125977 166.061340332031 165.77717590332 166.136734008789 166.05842590332 165.381332397461 165.400588989258 165.703720092773 165.731796264648 165.56657409668 165.38166809082 165.223937988281 164.974395751953 164.787216186523 165.038543701172 164.691558837891 164.5087890625 164.351135253906 164.190155029297 162.588882446289
155.808410644531 156.467651367188 156.686676025391 158.182678222656 158.947601318359 159.724334716797 160.569717407227 161.682907104492 162.434616088867 162.905868530273 163.483322143555 163.891571044922 164.131332397461 164.588714599609 165.521560668945 166.18635559082 166.865036010742 166.428482055664 166.608352661133 167.16487121582 167.483535766602 167.397750854492 167.765548706055 167.738021850586 167.873382568359 167.284515380859 167.410354614258 167.343002319336 167.261840820312 167.053863525391 167.157424926758 167.023818969727 166.718414306641 166.820266723633 166.289474487305 166.275009155273 167.092147827148 166.231430053711 166.846725463867 166.358551025391 166.091674804688 166.284240722656 166.247741699219 165.740371704102 165.623596191406 165.4775390625 165.067565917969 165.204971313477 163.266738891602
156.407745361328 157.099182128906 157.489837646484 158.55549621582 159.862823486328 160.85546875 161.679275512695 162.602294921875 163.340698242188 163.617477416992 164.115341186523 164.777313232422 164.852432250977 165.978118896484 166.083724975586 166.524826049805 167.416717529297 167.643753051758 167.064086914062 167.755477905273 168.021820068359 168.373016357422 168.336166381836 168.365768432617 168.615051269531 168.796264648438 168.07453918457 168.071258544922 168.237945556641 167.953094482422 167.913269042969 168.071166992188 167.663055419922 167.238128662109 167.532989501953 167.429763793945 167.710174560547 167.490219116211 167.341995239258 167.00390625 166.302658081055 166.825119018555 166.848480224609 166.160003662109 166.494522094727 166.411209106445 165.49967956543 165.746566772461 163.828506469727
157.748550415039 158.394409179688 158.397216796875 160.70719909668 161.005233764648 161.799163818359 162.519683837891 163.336837768555 164.172897338867 165.042190551758 165.405181884766 166.350479125977 166.655868530273 167.383514404297 167.732406616211 168.477966308594 168.562210083008 168.345565795898 169.126480102539 169.666122436523 169.089248657227 169.795196533203 170.484298706055 170.028747558594 169.893768310547 169.949310302734 170.342529296875 170.13410949707 169.81315612793 169.676879882812 169.146575927734 168.834182739258 169.385604858398 169.509017944336 169.15071105957 169.488052368164 169.151596069336 169.107147216797 168.436141967773 167.75325012207 167.810394287109 168.005722045898 -3.4e+38 167.901550292969 167.526840209961 167.496948242188 166.95231628418 165.930114746094 165.64990234375
158.00325012207 158.707092285156 159.252883911133 161.502182006836 161.512496948242 162.362838745117 163.501419067383 164.325103759766 165.083892822266 165.385009765625 165.954696655273 167.033432006836 167.568572998047 168.220825195312 169.121658325195 169.18733215332 169.400466918945 169.370620727539 169.227890014648 170.198333740234 170.216537475586 170.32861328125 170.983200073242 170.999603271484 171.182159423828 170.478790283203 170.835113525391 170.781677246094 170.521011352539 170.025131225586 170.380828857422 170.273193359375 170.419158935547 170.631881713867 170.318374633789 169.695617675781 169.583450317383 169.465774536133 169.391204833984 169.147857666016 168.743804931641 168.891906738281 168.370697021484 168.370880126953 168.364837646484 167.803802490234 167.479522705078 -3.4e+38 166.626129150391
158.485885620117 159.223175048828 160.065475463867 162.318801879883 162.334197998047 163.100601196289 163.649047851562 165.115753173828 165.47331237793 166.452987670898 166.799880981445 167.610214233398 168.354125976562 168.620788574219 169.66032409668 170.022384643555 169.968658447266 170.060516357422 169.976379394531 170.808349609375 171.104736328125 171.370025634766 171.141860961914 171.647430419922 172.102752685547 171.506591796875 171.087417602539 171.584579467773 171.137268066406 170.689239501953 171.253860473633 171.731109619141 171.488296508789 171.089202880859 171.07356262207 170.481307983398 169.945343017578 -3.4e+38 169.889221191406 170.545806884766 169.979415893555 169.297637939453 -3.4e+38 168.814712524414 168.866241455078 168.712844848633 167.998352050781 168.078170776367 167.187713623047
159.279022216797 160.074295043945 161.298950195312 162.854431152344 163.280685424805 163.394622802734 164.253112792969 165.976013183594 166.554351806641 167.516021728516 167.14208984375 168.396133422852 168.678604125977 169.101181030273 170.154083251953 170.437973022461 170.800537109375 170.709884643555 170.904876708984 171.212051391602 171.712524414062 172.149612426758 171.730041503906 172.175552368164 172.259567260742 172.246856689453 171.846649169922 172.195129394531 171.882278442383 171.700302124023 171.585525512695 172.266891479492 172.342346191406 172.356536865234 171.371704101562 171.405654907227 171.402740478516 170.927703857422 170.16047668457 171.035949707031 170.656997680664 169.733917236328 170.164321899414 169.935440063477 169.673934936523 169.710510253906 169.235458374023 169.024780273438 168.041442871094
159.554138183594 160.818313598633 161.836624145508 163.487548828125 164.181411743164 164.113754272461 165.104354858398 166.249908447266 167.116928100586 167.871704101562 168.06689453125 168.681640625 169.322692871094 169.450637817383 170.952102661133 170.923141479492 171.257659912109 171.837295532227 171.820007324219 171.727874755859 172.025802612305 172.357360839844 172.723556518555 172.870788574219 172.845809936523 172.894836425781 172.90934753418 172.368286132812 172.373794555664 172.358688354492 -3.4e+38 172.458831787109 172.848785400391 173.308059692383 172.101135253906 172.377365112305 172.476043701172 171.874771118164 171.527572631836 -3.4e+38 171.14973449707 -3.4e+38 170.953186035156 170.813949584961 170.465606689453 170.199905395508 170.181243896484 169.601364135742 169.299133300781
160.515075683594 161.547561645508 162.342636108398 164.203506469727 164.485504150391 165.017517089844 165.861389160156 166.707000732422 167.567657470703 168.414810180664 169.161056518555 169.411987304688 170.230087280273 170.104339599609 171.327972412109 171.713592529297 171.758087158203 172.27571105957 172.127212524414 172.019134521484 172.128890991211 172.891830444336 173.178344726562 173.262054443359 173.247802734375 173.243377685547 173.527008056641 173.026702880859 172.523513793945 172.744964599609 172.963363647461 173.203048706055 173.11572265625 173.705337524414 173.238143920898 172.948608398438 172.842483520508 172.378890991211 172.737854003906 -3.4e+38 171.569107055664 171.866409301758 171.82421875 171.273300170898 171.343612670898 170.651138305664 170.704238891602 170.527099609375 170.492263793945
160.990707397461 161.747924804688 162.560821533203 164.931030273438 164.959945678711 165.719528198242 166.074157714844 166.991256713867 168.268173217773 168.640121459961 169.487884521484 170.263488769531 170.573364257812 170.973358154297 171.774948120117 172.004928588867 172.091506958008 172.783538818359 172.668319702148 172.575988769531 172.806182861328 173.281707763672 173.7509765625 173.935363769531 173.717391967773 173.298065185547 173.794540405273 174.047241210938 173.215423583984 173.07405090332 173.593032836914 173.730361938477 173.260437011719 174.017822265625 174.137451171875 173.710861206055 173.312393188477 173.40885925293 173.090530395508 173.005218505859 172.68928527832 172.634567260742 172.518890380859 171.689163208008 172.291900634766 171.790634155273 171.526351928711 171.556045532227 171.09814453125
161.413665771484 162.170791625977 162.98420715332 165.191024780273 165.64860534668 165.94645690918 166.488265991211 167.373794555664 168.407897949219 168.561904907227 169.88410949707 170.515548706055 170.979995727539 171.296081542969 172.071365356445 172.509674072266 -3.4e+38 173.181640625 173.51643371582 173.192916870117 173.728210449219 173.814743041992 174.302444458008 174.410598754883 174.253433227539 173.902359008789 174.346267700195 174.644439697266 174.371444702148 173.65478515625 174.02864074707 174.17512512207 173.973403930664 174.198486328125 174.526947021484 174.618560791016 174.745147705078 174.302398681641 173.357269287109 173.561492919922 173.551986694336 173.151519775391 173.15559387207 173.126998901367 172.834747314453 172.825134277344 172.754150390625 172.347610473633 171.559616088867
162.150573730469 162.848358154297 163.164703369141 165.147720336914 166.349960327148 166.327651977539 166.679214477539 167.522491455078 168.35302734375 169.144729614258 170.277282714844 170.979370117188 171.694366455078 171.687286376953 172.790145874023 173.516738891602 173.598129272461 173.627059936523 173.870208740234 173.775039672852 174.144134521484 174.641967773438 174.943298339844 174.962905883789 174.973419189453 174.863479614258 174.727523803711 174.981262207031 175.165054321289 175.000213623047 174.164611816406 174.621124267578 175.103591918945 175.08219909668 174.680953979492 174.90315246582 175.332427978516 174.733810424805 174.357849121094 174.016784667969 174.357070922852 174.051467895508 -3.4e+38 174.410690307617 173.722885131836 173.323196411133 173.685485839844 172.860122680664 172.599853515625
162.315780639648 163.064712524414 163.764572143555 165.518951416016 166.590774536133 167.084823608398 167.556900024414 167.947021484375 169.004211425781 169.894271850586 170.353591918945 171.645843505859 171.893142700195 171.915802001953 173.112060546875 173.885772705078 173.861587524414 173.933883666992 174.311737060547 174.107543945312 174.64404296875 175.143127441406 175.280456542969 175.408493041992 175.818832397461 175.428649902344 175.320693969727 175.671737670898 175.817276000977 175.90022277832 174.937881469727 175.206649780273 175.644485473633 175.732696533203 174.874114990234 175.145690917969 175.406982421875 175.251861572266 175.285995483398 174.919448852539 175.044845581055 175.115310668945 174.80876159668 174.825210571289 174.826751708984 174.77571105957 174.440048217773 174.140548706055 174.016189575195
162.705612182617 163.479125976562 164.399353027344 166.196853637695 167.015716552734 167.845443725586 168.568725585938 168.583633422852 169.103485107422 170.098937988281 170.630432128906 171.277389526367 171.782409667969 172.283935546875 173.498382568359 174.316390991211 174.301895141602 174.373031616211 174.715026855469 174.548263549805 175.002990722656 175.751327514648 175.78254699707 175.928848266602 176.401428222656 176.207733154297 176.294723510742 176.074661254883 176.204818725586 176.393630981445 176.061477661133 175.630920410156 175.923568725586 176.023742675781 175.739562988281 175.9140625 176.083450317383 176.147750854492 175.740280151367 176.178298950195 176.064956665039 175.730438232422 175.862991333008 175.263946533203 175.899353027344 175.873321533203 174.987213134766 175.375717163086 175.089584350586
162.850112915039 163.635467529297 164.627868652344 166.346282958984 167.166809082031 167.998458862305 168.795043945312 169.258483886719 169.548034667969 170.519592285156 171.24739074707 171.340621948242 172.147354125977 172.694763183594 173.61979675293 173.931610107422 174.046524047852 174.684432983398 174.754104614258 174.858505249023 175.442596435547 176.149566650391 176.662719726562 176.91552734375 177.095672607422 177.170852661133 176.721038818359 176.220794677734 176.6982421875 176.679260253906 176.731842041016 176.599594116211 176.541763305664 176.415908813477 177.079711914062 176.997528076172 176.563430786133 176.753143310547 176.072128295898 176.986373901367 177.146011352539 177.028793334961 176.631423950195 176.620819091797 177.154510498047 176.372650146484 175.949066162109 176.17643737793 176.238540649414
163.687789916992 165.020584106445 165.728927612305 166.794143676758 167.320907592773 168.196319580078 169.316360473633 170.00666809082 170.505065917969 171.318237304688 171.889511108398 172.656631469727 172.975051879883 173.826889038086 174.690246582031 174.745727539062 175.047302246094 175.211700439453 176.004745483398 176.239318847656 176.400131225586 176.615966796875 177.465591430664 177.831237792969 177.820846557617 177.569717407227 177.993362426758 177.669555664062 177.521606445312 177.699188232422 178.03498840332 178.185165405273 177.847915649414 177.690643310547 177.993148803711 178.719436645508 178.671417236328 178.137008666992 178.614395141602 178.360214233398 178.689331054688 178.741180419922 178.294097900391 178.247756958008 178.803100585938 178.894912719727 178.405014038086 178.671875 177.570526123047
164.157730102539 165.173355102539 165.938842773438 167.175643920898 167.995208740234 168.753723144531 169.164749145508 170.277984619141 170.843307495117 171.628524780273 172.029510498047 172.905349731445 173.707550048828 174.074768066406 175.628875732422 175.658660888672 175.79069519043 175.875640869141 176.262924194336 176.695266723633 177.187591552734 177.358413696289 177.924118041992 178.130905151367 178.20654296875 178.232864379883 178.545211791992 178.336822509766 177.957565307617 177.773483276367 178.206466674805 178.521835327148 179.053024291992 178.478424072266 178.609558105469 179.314071655273 179.392913818359 178.527389526367 178.982879638672 179.371383666992 179.612503051758 179.110275268555 179.316543579102 179.685913085938 179.693069458008 179.834487915039 179.402450561523 179.395401000977 178.616760253906
164.728790283203 164.977340698242 165.764434814453 167.37809753418 168.688659667969 169.593521118164 169.681991577148 170.651718139648 171.434265136719 171.782135009766 172.395370483398 173.397201538086 173.882675170898 174.478973388672 175.942092895508 176.050033569336 176.523666381836 176.596282958984 176.843292236328 177.079071044922 177.57096862793 178.281661987305 178.48828125 178.591384887695 178.673736572266 178.665496826172 178.95295715332 179.082931518555 178.965209960938 178.483428955078 178.809326171875 179.253967285156 179.745758056641 179.659469604492 179.730209350586 179.48258972168 179.847152709961 179.603546142578 179.470901489258 180.188705444336 180.622604370117 180.630783081055 180.255706787109 180.786254882812 180.828247070312 180.265808105469 180.189468383789 179.892684936523 180.096923828125
165.351593017578 165.309616088867 166.072296142578 167.717422485352 169.020568847656 169.91877746582 170.463027954102 171.309097290039 172.04411315918 172.152252197266 173.001770019531 173.671310424805 174.26936340332 175.079650878906 176.296630859375 176.382873535156 176.839141845703 177.530181884766 177.703308105469 177.772171020508 178.077331542969 179.175842285156 179.27912902832 179.334838867188 179.169815063477 179.139953613281 179.690139770508 179.869964599609 179.614776611328 179.53840637207 179.236602783203 179.811462402344 180.334381103516 180.331268310547 180.52311706543 180.213897705078 180.088653564453 180.56379699707 180.437286376953 180.81477355957 181.616729736328 181.989166259766 181.592880249023 181.546936035156 181.58154296875 180.863845825195 181.370056152344 181.439437866211 181.206481933594
166.004165649414 165.961776733398 166.723220825195 168.342803955078 169.386672973633 169.729598999023 170.565032958984 171.332046508789 171.671615600586 172.28271484375 173.328063964844 174.042022705078 174.853759765625 175.245651245117 176.989532470703 177.026962280273 177.287017822266 178.369140625 178.343414306641 178.08415222168 178.739440917969 179.517272949219 179.961364746094 179.665908813477 179.805648803711 179.958435058594 180.543380737305 180.289428710938 180.398071289062 180.608734130859 180.342361450195 180.334121704102 180.818237304688 180.913284301758 180.899658203125 181.454666137695 180.845977783203 181.081741333008 181.650177001953 181.873916625977 182.190887451172 182.471801757812 182.765914916992 182.251754760742 182.366241455078 182.696716308594 183.254150390625 182.769897460938 182.046508789062
166.648513793945 166.605545043945 167.365600585938 169.175842285156 170.05517578125 170.507568359375 170.865936279297 171.663589477539 172.178314208984 172.701950073242 173.238800048828 174.043670654297 174.427658081055 175.075759887695 176.631423950195 177.155975341797 177.574279785156 178.550155639648 178.568740844727 178.5712890625 179.594848632812 179.892517089844 180.28157043457 180.233261108398 180.082412719727 180.394470214844 180.896606445312 180.887145996094 181.373718261719 181.526351928711 181.435241699219 181.375610351562 181.506072998047 181.419479370117 181.647018432617 182.067443847656 181.595748901367 181.363876342773 182.410720825195 182.670440673828 182.667083740234 182.970733642578 183.650421142578 183.371841430664 183.335723876953 183.928039550781 184.243728637695 183.226806640625 182.803512573242
166.792358398438 167.241180419922 167.928100585938 169.368026733398 170.177734375 170.954452514648 171.498260498047 172.298416137695 172.844192504883 173.485626220703 173.987564086914 174.360321044922 174.878082275391 -3.4e+38 176.631881713867 177.473373413086 177.996398925781 178.903106689453 178.995071411133 179.228225708008 180.018829345703 180.576629638672 180.785415649414 181.154678344727 180.933486938477 180.837554931641 181.89289855957 181.891647338867 182.271392822266 182.619720458984 182.582046508789 182.473403930664 182.625839233398 182.100128173828 182.500305175781 182.326263427734 182.491607666016 182.665756225586 182.678695678711 183.070083618164 183.784317016602 183.927169799805 184.129501342773 184.355865478516 184.459625244141 184.18717956543 184.515411376953 183.695785522461 184.025833129883
