rcp4.5models/CNRM_CM5/sc1gr8.14
NCOLS 261 
NROWS 433 
XLLCORNER 336357.134 
YLLCORNER 654653.479 
CELLSIZE 1000 
NODATA_value -3.4e+38 
[rows 220 to 241 of 433, columns 196 to 244 of 261]
123.751808166504 122.351936340332 121.701347351074 120.716613769531 119.410430908203 117.786926269531 116.764106750488 114.623474121094 112.95662689209 111.857276916504 111.59789276123 109.947410583496 108.410667419434 107.921783447266 107.830505371094 106.577995300293 105.15486907959 104.46410369873 101.741722106934 100.968360900879 100.532783508301 99.568115234375 98.5284957885742 97.7023849487305 97.0317916870117 96.2516174316406 94.9716644287109 -3.4e+38 93.0352935791016 92.0456695556641 90.2153854370117 89.5634307861328 -3.4e+38 -3.4e+38 -3.4e+38 -3.4e+38 -3.4e+38 -3.4e+38 -3.4e+38 -3.4e+38 -3.4e+38 -3.4e+38 -3.4e+38 -3.4e+38 -3.4e+38 -3.4e+38 -3.4e+38 -3.4e+38 -3.4e+38
125.526962280273 124.398323059082 123.703514099121 122.249855041504 120.710594177246 118.982917785645 118.237998962402 115.643211364746 114.293853759766 113.252632141113 113.146560668945 111.626770019531 109.960456848145 109.632843017578 109.50626373291 108.004425048828 106.44970703125 105.547569274902 102.794006347656 102.153190612793 101.123207092285 100.351959228516 99.4512634277344 98.1573486328125 97.2830352783203 96.6546478271484 95.5242691040039 -3.4e+38 93.7256698608398 93.0702285766602 90.8556594848633 90.4362182617188 -3.4e+38 -3.4e+38 -3.4e+38 -3.4e+38 -3.4e+38 -3.4e+38 -3.4e+38 -3.4e+38 -3.4e+38 -3.4e+38 -3.4e+38 -3.4e+38 -3.4e+38 -3.4e+38 -3.4e+38 -3.4e+38 -3.4e+38
127.347709655762 125.979095458984 124.752426147461 123.540794372559 122.055023193359 120.311706542969 119.551643371582 117.209892272949 116.048973083496 114.996688842773 114.084899902344 113.051551818848 111.939788818359 111.337226867676 110.507171630859 109.301963806152 107.622734069824 106.46622467041 103.913543701172 102.850547790527 101.544540405273 100.584098815918 99.8239135742188 98.931640625 -3.4e+38 -3.4e+38 -3.4e+38 -3.4e+38 94.3578643798828 93.754753112793 91.8771057128906 91.2648086547852 90.7348175048828 -3.4e+38 -3.4e+38 -3.4e+38 -3.4e+38 -3.4e+38 -3.4e+38 -3.4e+38 -3.4e+38 -3.4e+38 -3.4e+38 -3.4e+38 -3.4e+38 -3.4e+38 -3.4e+38 -3.4e+38 -3.4e+38
128.060989379883 126.853576660156 125.616691589355 124.75154876709 123.300079345703 122.180633544922 121.293899536133 118.197212219238 116.915130615234 116.018707275391 115.249771118164 114.862640380859 113.509750366211 111.97696685791 110.671569824219 109.622100830078 108.316566467285 106.911689758301 104.649711608887 103.573692321777 102.505165100098 101.267181396484 100.180145263672 99.4133453369141 -3.4e+38 -3.4e+38 -3.4e+38 -3.4e+38 94.8595886230469 94.288200378418 92.5550155639648 91.7910308837891 91.0609130859375 89.9406585693359 89.2906875610352 -3.4e+38 -3.4e+38 -3.4e+38 -3.4e+38 -3.4e+38 -3.4e+38 -3.4e+38 -3.4e+38 -3.4e+38 -3.4e+38 -3.4e+38 -3.4e+38 -3.4e+38 -3.4e+38
128.764801025391 127.524101257324 126.608451843262 125.839256286621 124.224151611328 123.246101379395 122.221557617188 118.943969726562 117.806602478027 116.583168029785 115.829849243164 115.74479675293 114.637184143066 112.798515319824 111.19149017334 110.084510803223 108.802772521973 107.454483032227 105.20149230957 104.304962158203 103.581161499023 102.145385742188 100.969078063965 -3.4e+38 -3.4e+38 98.1573867797852 97.1279830932617 96.4458541870117 95.3945693969727 94.6524505615234 93.0859222412109 92.1433334350586 91.3638229370117 90.5064544677734 89.6911697387695 88.6784362792969 87.7499771118164 -3.4e+38 -3.4e+38 -3.4e+38 -3.4e+38 -3.4e+38 -3.4e+38 -3.4e+38 -3.4e+38 -3.4e+38 -3.4e+38 -3.4e+38 -3.4e+38
129.738265991211 128.375015258789 127.309112548828 126.420631408691 125.089286804199 -3.4e+38 -3.4e+38 120.783218383789 119.195236206055 118.044776916504 116.475326538086 115.815361022949 115.450080871582 114.349464416504 112.756507873535 111.468589782715 110.110885620117 109.016166687012 106.415054321289 105.564933776855 104.896911621094 103.734802246094 102.174514770508 100.748199462891 99.9510345458984 98.8745574951172 97.9355773925781 97.056999206543 96.1630477905273 95.2258148193359 93.7195587158203 92.9706115722656 92.0266418457031 91.2097625732422 90.1786956787109 89.3279724121094 88.5142059326172 87.8556213378906 -3.4e+38 -3.4e+38 -3.4e+38 -3.4e+38 -3.4e+38 -3.4e+38 -3.4e+38 -3.4e+38 -3.4e+38 -3.4e+38 -3.4e+38
131.034072875977 129.870376586914 128.380844116211 127.189308166504 126.396705627441 125.676528930664 124.68872833252 124.314758300781 122.396347045898 119.898559570312 118.224418640137 116.867416381836 115.923233032227 114.958183288574 113.846290588379 112.591133117676 111.249664306641 109.971237182617 107.666061401367 106.897178649902 106.141220092773 105.28963470459 103.942657470703 102.237106323242 101.091156005859 100.177825927734 99.1098709106445 97.7351989746094 96.8969192504883 95.8304138183594 94.0873413085938 93.6145782470703 92.475830078125 91.692985534668 90.8377456665039 90.0245666503906 88.8534851074219 87.9787445068359 -3.4e+38 -3.4e+38 -3.4e+38 -3.4e+38 -3.4e+38 -3.4e+38 -3.4e+38 -3.4e+38 -3.4e+38 -3.4e+38 -3.4e+38
132.530715942383 131.439895629883 130.352767944336 128.748306274414 128.0341796875 128.119979858398 127.567543029785 126.057060241699 123.864959716797 120.767845153809 119.334671020508 118.046333312988 117.030403137207 115.609046936035 114.407409667969 113.243278503418 112.063262939453 110.704612731934 108.713500976562 108.065078735352 106.909507751465 105.89176940918 105.203407287598 104.058746337891 102.286582946777 101.162017822266 99.9922866821289 98.9332580566406 97.9862442016602 96.7183303833008 94.5215835571289 93.7839279174805 92.7797622680664 92.2233963012695 91.2795028686523 90.3575820922852 89.2788925170898 88.651237487793 87.9140930175781 -3.4e+38 -3.4e+38 -3.4e+38 -3.4e+38 -3.4e+38 -3.4e+38 -3.4e+38 -3.4e+38 -3.4e+38 -3.4e+38
134.057479858398 133.521820068359 133.051544189453 132.256317138672 130.906784057617 129.824890136719 129.684356689453 125.456748962402 123.772407531738 121.669540405273 120.20085144043 119.392730712891 118.264213562012 116.596389770508 114.974243164062 113.983963012695 112.935073852539 111.690551757812 109.571617126465 108.784683227539 107.308891296387 106.097808837891 105.614456176758 104.997444152832 103.364822387695 101.933120727539 100.755149841309 99.9129943847656 98.8347320556641 97.7229766845703 95.2379379272461 94.3580780029297 93.3113784790039 92.5776901245117 91.5783233642578 90.9279174804688 89.8951797485352 89.1668014526367 88.182975769043 87.6623001098633 -3.4e+38 -3.4e+38 -3.4e+38 -3.4e+38 -3.4e+38 -3.4e+38 -3.4e+38 -3.4e+38 -3.4e+38
136.130920410156 135.821350097656 135.316253662109 135.467956542969 134.675872802734 130.381546020508 129.799331665039 130.109573364258 127.377128601074 124.856452941895 123.420532226562 121.244903564453 120.107566833496 118.227981567383 116.621307373047 115.574378967285 114.442611694336 113.10294342041 110.51163482666 109.125595092773 108.038932800293 106.965667724609 106.069831848145 105.300102233887 103.853393554688 102.557907104492 101.642517089844 100.68391418457 99.5134811401367 98.5780334472656 96.3094787597656 95.0376281738281 -3.4e+38 -3.4e+38 -3.4e+38 -3.4e+38 90.2387313842773 89.4594268798828 88.7049102783203 87.9780120849609 86.8691864013672 85.2233810424805 -3.4e+38 -3.4e+38 -3.4e+38 -3.4e+38 -3.4e+38 -3.4e+38 -3.4e+38
138.372909545898 137.661590576172 136.241058349609 135.434951782227 134.618850708008 131.731536865234 131.206146240234 133.787841796875 132.446899414062 128.383865356445 128.931823730469 125.256408691406 121.676132202148 120.239082336426 118.693412780762 117.156379699707 115.821624755859 114.61319732666 111.93236541748 110.49683380127 109.609100341797 108.128257751465 106.594299316406 105.886138916016 104.436981201172 103.244445800781 102.395439147949 101.302207946777 100.26171875 99.3231048583984 97.3526458740234 96.0172576904297 -3.4e+38 -3.4e+38 -3.4e+38 -3.4e+38 -3.4e+38 89.9853668212891 89.0428466796875 88.1211700439453 87.1340255737305 85.3163299560547 84.6467132568359 -3.4e+38 -3.4e+38 -3.4e+38 -3.4e+38 -3.4e+38 -3.4e+38
141.508758544922 141.425491333008 142.821243286133 145.235488891602 141.659149169922 137.836456298828 136.615676879883 132.751358032227 130.498382568359 128.393630981445 126.509979248047 125.670097351074 123.498977661133 121.510871887207 121.69588470459 119.231224060059 116.723434448242 115.589645385742 113.494888305664 112.408241271973 111.14631652832 109.92406463623 108.962608337402 107.740272521973 106.871696472168 105.559349060059 104.21076965332 103.29150390625 101.784553527832 100.342239379883 98.1301040649414 -3.4e+38 -3.4e+38 -3.4e+38 -3.4e+38 -3.4e+38 -3.4e+38 -3.4e+38 -3.4e+38 -3.4e+38 87.9875946044922 86.3608932495117 85.4570083618164 84.3850936889648 -3.4e+38 -3.4e+38 -3.4e+38 -3.4e+38 -3.4e+38
143.203353881836 144.726364135742 147.382690429688 148.091690063477 145.230743408203 139.427352905273 138.237335205078 134.454208374023 131.217651367188 129.403274536133 126.624870300293 125.301322937012 124.038230895996 122.070991516113 122.42455291748 120.199562072754 117.46061706543 116.450698852539 114.411407470703 113.138916015625 111.917610168457 111.089782714844 109.982200622559 108.913536071777 107.671257019043 106.362144470215 105.308212280273 104.240905761719 102.925956726074 101.198348999023 98.8063735961914 97.9686660766602 -3.4e+38 -3.4e+38 -3.4e+38 -3.4e+38 -3.4e+38 -3.4e+38 -3.4e+38 -3.4e+38 -3.4e+38 86.7876663208008 85.8646697998047 84.7715530395508 83.9338684082031 82.9481048583984 -3.4e+38 -3.4e+38 -3.4e+38
144.568664550781 147.968215942383 150.768218994141 143.952392578125 142.819747924805 140.163818359375 138.662109375 136.977569580078 131.826934814453 130.62548828125 128.764617919922 -3.4e+38 124.996658325195 123.377464294434 122.413970947266 120.728706359863 119.037353515625 117.898460388184 115.518981933594 114.066253662109 112.88232421875 112.083984375 111.259658813477 110.009567260742 108.689628601074 107.629051208496 106.395225524902 104.929130554199 103.50276184082 102.197273254395 99.4099273681641 -3.4e+38 -3.4e+38 -3.4e+38 -3.4e+38 -3.4e+38 93.6527938842773 -3.4e+38 -3.4e+38 -3.4e+38 -3.4e+38 86.9207229614258 -3.4e+38 85.0184936523438 84.3016891479492 -3.4e+38 -3.4e+38 -3.4e+38 -3.4e+38
145.646606445312 147.185684204102 148.116409301758 143.19026184082 141.591201782227 140.58625793457 139.095016479492 137.051559448242 133.489852905273 131.389236450195 131.814376831055 131.411499023438 125.852516174316 124.533088684082 123.097389221191 121.668685913086 120.524223327637 119.417587280273 116.766487121582 115.601440429688 114.329391479492 113.343269348145 112.279418945312 110.848991394043 109.579109191895 108.335334777832 106.882141113281 105.48087310791 104.235160827637 103.012405395508 100.682861328125 99.6971740722656 98.0351867675781 97.1014556884766 -3.4e+38 95.4587249755859 94.502571105957 92.7896575927734 91.5898818969727 -3.4e+38 -3.4e+38 87.0537567138672 86.272087097168 -3.4e+38 84.5896682739258 -3.4e+38 83.1015853881836 -3.4e+38 -3.4e+38
146.282699584961 145.876327514648 145.535842895508 144.640869140625 142.633697509766 140.48713684082 139.567459106445 137.492538452148 136.175735473633 132.85627746582 132.312286376953 132.443862915039 127.517562866211 125.653106689453 124.493927001953 123.25146484375 121.705558776855 120.288543701172 118.059104919434 116.932235717773 115.84415435791 -3.4e+38 113.238677978516 112.089714050293 110.687553405762 109.124237060547 107.606132507324 106.549819946289 105.320114135742 104.02409362793 101.860061645508 100.602279663086 99.1042709350586 97.677375793457 96.6026763916016 95.9666900634766 94.8064498901367 93.5829849243164 -3.4e+38 -3.4e+38 -3.4e+38 87.6201095581055 86.7922515869141 85.8417358398438 84.9813690185547 -3.4e+38 83.5207214355469 82.7248992919922 -3.4e+38
147.638900756836 146.962249755859 147.525588989258 146.366470336914 143.966201782227 141.166702270508 140.182708740234 138.642578125 137.313262939453 134.881103515625 132.275177001953 130.707229614258 128.955902099609 127.20093536377 126.075286865234 124.649192810059 122.672286987305 121.119529724121 119.320198059082 118.225723266602 116.953582763672 115.602272033691 114.523048400879 113.267784118652 -3.4e+38 110.816833496094 109.444313049316 107.847511291504 106.334770202637 105.284362792969 102.502639770508 101.732231140137 100.442237854004 98.9020004272461 97.6486663818359 96.443359375 95.2737350463867 94.3441009521484 -3.4e+38 91.7024230957031 -3.4e+38 -3.4e+38 87.1216201782227 -3.4e+38 -3.4e+38 -3.4e+38 84.0840148925781 82.9376831054688 -3.4e+38
149.858917236328 148.491851806641 148.131088256836 146.875427246094 144.913024902344 142.990539550781 141.381042480469 139.254547119141 137.898742675781 135.862396240234 133.875549316406 -3.4e+38 130.184417724609 129.002059936523 127.974090576172 125.644805908203 123.741477966309 122.579536437988 120.347007751465 119.625595092773 118.266578674316 117.087867736816 115.629920959473 -3.4e+38 113.218254089355 112.336608886719 111.528755187988 109.674194335938 107.680610656738 105.974815368652 103.427619934082 102.405258178711 100.985389709473 99.72607421875 98.5261688232422 97.1673583984375 96.4152908325195 95.2131576538086 93.9546585083008 92.852180480957 91.3834457397461 -3.4e+38 -3.4e+38 -3.4e+38 -3.4e+38 -3.4e+38 -3.4e+38 84.0066604614258 83.3794021606445
152.033447265625 149.737945556641 148.064498901367 146.607406616211 145.156311035156 143.579727172852 142.52033996582 140.536605834961 139.491302490234 136.046752929688 134.762557983398 133.179794311523 131.43896484375 129.957580566406 128.530303955078 126.744430541992 125.118858337402 123.823089599609 121.435539245605 120.623046875 119.785385131836 118.591575622559 117.247581481934 115.77490234375 114.578399658203 113.717826843262 112.42797088623 110.757629394531 108.669609069824 107.007118225098 104.652801513672 102.983772277832 101.696464538574 100.657424926758 99.5020065307617 98.3336334228516 97.2683181762695 95.925407409668 94.4901733398438 93.5602111816406 92.0959320068359 -3.4e+38 -3.4e+38 -3.4e+38 -3.4e+38 -3.4e+38 -3.4e+38 85.0265121459961 83.7064514160156
153.788055419922 151.361862182617 149.559753417969 147.709991455078 145.891494750977 143.95866394043 143.300796508789 141.638854980469 140.50602722168 137.354293823242 135.658889770508 134.493179321289 132.452163696289 130.695129394531 129.376678466797 127.978622436523 126.391693115234 125.160301208496 122.605255126953 121.603897094727 120.793952941895 120.228729248047 119.42594909668 117.53734588623 116.051765441895 115.395439147949 113.476615905762 111.010917663574 109.429084777832 108.413375854492 105.472442626953 103.631904602051 102.644638061523 101.414733886719 100.631881713867 99.4393081665039 97.7485504150391 96.37158203125 95.0261154174805 94.0505599975586 92.6959381103516 -3.4e+38 88.9061050415039 88.0266723632812 -3.4e+38 -3.4e+38 -3.4e+38 -3.4e+38 83.9057693481445
155.053405761719 153.437347412109 151.036651611328 149.022415161133 147.223358154297 145.597091674805 144.157241821289 141.597137451172 140.217178344727 138.645034790039 136.837646484375 135.391555786133 133.920120239258 132.031158447266 131.101608276367 130.152770996094 128.216156005859 126.675605773926 123.857070922852 122.678489685059 -3.4e+38 121.14771270752 120.109306335449 118.373985290527 116.661682128906 115.58911895752 113.637100219727 111.442390441895 110.158515930176 108.99153137207 105.96565246582 104.387428283691 103.048377990723 101.598922729492 101.106094360352 99.9429473876953 98.5010299682617 97.0550689697266 95.4012069702148 94.2505187988281 92.8899459838867 90.9744415283203 89.3854751586914 88.4959487915039 -3.4e+38 -3.4e+38 -3.4e+38 -3.4e+38 83.8308181762695
156.715469360352 155.313674926758 152.435516357422 150.328002929688 148.435729980469 147.064910888672 145.056137084961 142.919647216797 141.483657836914 139.8369140625 138.678176879883 136.77067565918 135.209884643555 134.195358276367 133.285018920898 131.853698730469 129.437637329102 -3.4e+38 124.965850830078 123.458671569824 -3.4e+38 121.091842651367 120.119575500488 118.799095153809 116.480369567871 114.970321655273 113.795593261719 112.33065032959 110.687217712402 109.090774536133 106.123405456543 104.946968078613 103.35173034668 101.680244445801 101.319053649902 100.396186828613 98.7534103393555 97.1884689331055 95.8269653320312 94.6234359741211 93.1090240478516 90.8971176147461 89.7112426757812 -3.4e+38 -3.4e+38 -3.4e+38 -3.4e+38 84.498893737793 83.3331604003906
