rcp4.5models/CNRM_CM5/sc1gr1.17
NCOLS 261 
NROWS 433 
XLLCORNER 336357.134 
YLLCORNER 654653.479 
CELLSIZE 1000 
NODATA_value -3.4e+38 
[rows 374 to 395 of 433, columns 98 to 146 of 261]
80.8214645385742 81.0692672729492 81.0119018554688 81.3859176635742 81.5283966064453 81.2647399902344 80.4210968017578 80.1054611206055 80.4251861572266 80.9938888549805 81.5219573974609 81.8816528320312 82.4114456176758 82.5149002075195 80.4042892456055 80.4546890258789 80.592887878418 79.97216796875 79.0544281005859 78.2263565063477 77.9269256591797 77.8755035400391 78.6840744018555 79.0574798583984 79.830696105957 80.9084548950195 81.5634002685547 81.8779830932617 81.3220977783203 81.3351287841797 81.9359588623047 82.1477279663086 82.3626327514648 82.7646026611328 82.6121139526367 82.7577209472656 82.7082443237305 82.9097213745117 82.7477493286133 82.2035903930664 82.0250930786133 81.6987533569336 81.2510528564453 81.0605316162109 81.2745132446289 -3.4e+38 -3.4e+38 -3.4e+38 -3.4e+38
80.4651489257812 81.2153015136719 80.8900451660156 80.6998138427734 81.3783111572266 81.7658233642578 81.418098449707 81.0435333251953 80.7885131835938 81.0492095947266 81.4309997558594 81.7045669555664 82.1650924682617 82.3878936767578 80.3274154663086 79.3351745605469 78.9772415161133 77.7234802246094 76.4176254272461 76.3024444580078 76.5543365478516 76.5617828369141 76.8147888183594 77.8202362060547 79.5642013549805 81.0095901489258 83.053108215332 82.9673233032227 82.7304077148438 82.3021240234375 81.9943008422852 81.8318176269531 82.1123886108398 82.3219528198242 82.3737182617188 82.6185836791992 82.7231826782227 82.8473358154297 82.6674118041992 82.1607894897461 81.7615127563477 81.5535354614258 81.6021118164062 81.2946929931641 81.3237991333008 80.8713607788086 80.2677536010742 -3.4e+38 -3.4e+38
79.7268753051758 80.2981033325195 80.5547637939453 80.6294631958008 80.8508605957031 81.4279632568359 81.8975143432617 82.2447967529297 81.8047943115234 82.0405044555664 82.1352844238281 82.0182418823242 82.1140060424805 82.3451919555664 81.566520690918 80.3039093017578 79.2252578735352 77.7857284545898 77.213249206543 77.6919174194336 77.7899703979492 77.6796112060547 77.6108703613281 78.2648773193359 79.9552764892578 81.5014724731445 83.2206344604492 83.1988296508789 83.3152236938477 83.1290054321289 82.9640274047852 82.8237838745117 82.6351089477539 82.4285202026367 82.5707092285156 82.7930603027344 82.8364486694336 82.5217895507812 82.2932205200195 82.0429000854492 81.7512817382812 81.7474822998047 81.5006408691406 81.2854537963867 81.0030899047852 -3.4e+38 -3.4e+38 -3.4e+38 -3.4e+38
79.5487670898438 79.4315948486328 79.6444244384766 80.7376022338867 80.8724746704102 81.0666809082031 81.7432861328125 81.6054077148438 81.4611587524414 82.1184463500977 81.9200439453125 81.7929840087891 81.7751388549805 81.9911956787109 82.3063049316406 82.0523071289062 81.0790176391602 80.5986251831055 80.3989562988281 79.8754653930664 79.4405212402344 79.3226547241211 79.2091522216797 79.4212799072266 80.8090972900391 82.034797668457 83.0829162597656 83.3911972045898 83.8849334716797 83.4832763671875 82.8207321166992 82.9915008544922 83.0807266235352 83.0541687011719 82.915283203125 83.0129547119141 83.3117752075195 82.3770294189453 82.543083190918 82.1210327148438 81.8302307128906 81.8903121948242 80.941520690918 81.1329650878906 80.9411468505859 80.7744903564453 80.2012939453125 80.1062927246094 79.8859939575195
79.755973815918 79.4289016723633 79.216667175293 79.9479370117188 80.7190933227539 81.1073608398438 81.628776550293 81.1894607543945 80.9602890014648 80.9795379638672 80.8142700195312 80.7525024414062 80.6942367553711 81.3295211791992 82.2251281738281 82.0697784423828 81.2426605224609 81.0058288574219 80.6750869750977 80.2848815917969 79.6020278930664 78.9839935302734 78.8608627319336 79.1314849853516 80.4194183349609 81.6615295410156 82.9140167236328 83.3066940307617 84.0496826171875 83.9341583251953 83.285285949707 83.1962203979492 83.2696075439453 83.4078598022461 83.4764404296875 83.2522506713867 83.3669662475586 82.8734588623047 83.1341552734375 82.3431091308594 82.0878677368164 81.7216339111328 80.6553344726562 80.6057968139648 80.7425308227539 80.8103256225586 80.4023132324219 80.3722610473633 79.6422958374023
79.8068161010742 79.9139709472656 79.7866897583008 79.4094314575195 79.9099502563477 80.3019332885742 80.4938049316406 80.7541656494141 80.6183929443359 80.1415328979492 80.1714859008789 79.6664733886719 79.1563949584961 79.5294418334961 80.3278503417969 80.4628067016602 79.6432266235352 79.022819519043 78.8625717163086 79.2889862060547 79.0657043457031 78.4446105957031 78.523681640625 78.5874099731445 79.2462615966797 80.5026245117188 82.0481262207031 82.3374710083008 83.1275329589844 83.6953887939453 83.9585342407227 83.9193267822266 83.5904541015625 83.4465179443359 83.632926940918 83.6340637207031 83.2439651489258 83.2020034790039 82.8994522094727 82.3310165405273 82.280029296875 81.5340881347656 80.7774963378906 80.7852554321289 81.0630645751953 80.7061462402344 80.0928497314453 80.1948089599609 79.3307342529297
80.6349029541016 80.2215576171875 79.8104705810547 79.5865707397461 80.0266571044922 80.0863342285156 79.798698425293 80.0391387939453 80.1227722167969 79.7559585571289 79.5781402587891 79.4535217285156 79.0708618164062 78.6873321533203 78.7698822021484 78.9829940795898 78.5064010620117 77.9769821166992 78.029052734375 78.893684387207 79.2085800170898 78.9061050415039 78.4818115234375 78.1616592407227 78.7592239379883 79.8958587646484 80.8185501098633 81.4867782592773 82.5791931152344 83.3781204223633 83.6127853393555 83.7568664550781 83.5363082885742 83.5378723144531 83.5864028930664 83.4540023803711 82.9926681518555 83.1214752197266 82.7247314453125 82.2748336791992 82.1179504394531 81.4206390380859 81.0941772460938 81.5883483886719 81.6800308227539 80.8420715332031 80.4455947875977 80.2060241699219 79.2245254516602
80.9029159545898 80.3643951416016 79.5448532104492 79.8277969360352 80.573974609375 80.4403610229492 80.0868377685547 80.1053924560547 80.6648559570312 80.6136016845703 79.8574981689453 79.5832061767578 79.2995452880859 79.2452850341797 80.0768737792969 79.837028503418 79.0730743408203 78.6125793457031 78.5484771728516 79.2422256469727 79.2735214233398 78.8867492675781 78.6151275634766 78.2453155517578 78.3769912719727 79.0509185791016 79.2996063232422 80.5443496704102 81.7878189086914 82.6726379394531 83.1688919067383 83.259407043457 83.3362503051758 83.2596817016602 83.4558181762695 83.4346008300781 82.9587707519531 82.9192047119141 82.6568832397461 82.0246124267578 81.7995071411133 81.5730667114258 81.2261962890625 81.4912338256836 81.6543045043945 81.1506576538086 80.9239883422852 80.2446975708008 79.1976470947266
80.7689895629883 81.0573959350586 80.7297286987305 80.5080108642578 81.0609664916992 80.4481811523438 80.1139678955078 80.2640762329102 80.736328125 81.0098495483398 80.5606307983398 80.1033706665039 79.9645462036133 79.9349975585938 81.5845718383789 81.4348907470703 80.5039215087891 79.8673782348633 79.3860931396484 79.4996337890625 80.0943832397461 80.4368286132812 80.1134719848633 79.5297164916992 79.2399444580078 78.9060821533203 78.4968490600586 79.3888092041016 80.5973434448242 81.5551681518555 82.5258255004883 82.9221267700195 83.263053894043 83.2361145019531 83.6361618041992 83.7230529785156 83.11962890625 82.6655807495117 82.3702545166016 82.1609420776367 81.9631881713867 82.1371459960938 81.5445785522461 81.1171493530273 81.094970703125 80.7439804077148 80.4205017089844 80.137451171875 79.4904708862305
80.6696472167969 81.2704696655273 80.6283493041992 81.0142593383789 81.3606872558594 81.4314575195312 81.544792175293 81.7877731323242 82.0857543945312 81.8119277954102 81.6321334838867 81.4812622070312 81.8369216918945 82.3464050292969 82.6699829101562 82.5410079956055 82.2919845581055 82.0854187011719 82.5060501098633 82.9256362915039 82.6822204589844 82.4515380859375 82.5571517944336 82.9937591552734 83.0325012207031 82.5182037353516 81.8843994140625 81.4875717163086 81.6226043701172 82.5547561645508 83.6907501220703 84.1109924316406 83.8842315673828 83.2358093261719 82.9334945678711 83.0886688232422 83.1554794311523 82.5433959960938 82.6742553710938 82.2568283081055 82.2753677368164 82.4322357177734 82.1547164916992 81.7287902832031 81.1224670410156 80.7023086547852 80.2473068237305 80.2725372314453 79.1533660888672
80.6430206298828 81.0707550048828 80.6548385620117 80.4558181762695 80.4139099121094 80.4454956054688 80.7732467651367 81.2036743164062 81.9955673217773 82.2775726318359 82.0272979736328 82.1863250732422 82.2569808959961 82.2653427124023 83.0946960449219 82.5514984130859 82.078498840332 82.2305755615234 83.192138671875 83.9701995849609 83.38330078125 82.974494934082 83.5942993164062 83.5588912963867 82.8407897949219 82.5705184936523 82.0074920654297 82.171012878418 81.9994659423828 82.7434005737305 83.4325714111328 83.4990692138672 83.7512969970703 83.3696212768555 83.0073471069336 82.7653274536133 83.0843811035156 82.4765930175781 82.2106018066406 82.0799560546875 82.5001220703125 82.1561431884766 82.0922927856445 81.6498718261719 80.7442855834961 80.9714584350586 80.4103088378906 80.1181945800781 79.8029556274414
80.780403137207 80.8077545166016 81.0481491088867 80.5942611694336 80.6951522827148 80.3966445922852 80.6802597045898 81.5470504760742 82.0282287597656 82.1986618041992 81.9397659301758 82.1977233886719 81.8928070068359 81.2823333740234 82.6090240478516 82.7227172851562 82.6021423339844 82.7874145507812 83.2807235717773 83.5608139038086 83.0914535522461 83.0526428222656 83.1135559082031 82.5127182006836 82.4880905151367 82.7724990844727 82.54833984375 82.7053298950195 82.6389236450195 82.818603515625 83.2629547119141 83.4905242919922 83.9079895019531 83.1927871704102 83.2268142700195 82.9744033813477 82.815544128418 82.4623641967773 82.4382858276367 82.3491516113281 82.092529296875 81.8482131958008 81.768913269043 81.1090545654297 80.8569183349609 81.4799346923828 80.6115112304688 79.9914474487305 80.0727081298828
80.8211975097656 80.8696746826172 81.1175765991211 80.986686706543 81.1120452880859 80.9732284545898 81.0809936523438 81.4775314331055 81.9157562255859 82.1284255981445 81.8824234008789 82.1340103149414 82.0849990844727 81.8479766845703 82.5046310424805 82.2056350708008 82.8080673217773 83.2228927612305 82.707893371582 82.3851547241211 82.1533355712891 82.2588729858398 82.3920593261719 82.2673797607422 82.9659423828125 83.3472061157227 83.5552139282227 83.3291854858398 83.6465225219727 83.4654235839844 83.3922271728516 83.4926986694336 83.5669250488281 83.0446624755859 83.5134429931641 83.5149688720703 82.8426818847656 82.6971969604492 82.4026870727539 82.2997665405273 81.9790878295898 81.9167327880859 81.6259155273438 80.8294982910156 80.7288055419922 81.0644912719727 80.8267593383789 80.348258972168 79.4009170532227
80.4736633300781 80.8412628173828 81.2289505004883 81.414794921875 81.316780090332 80.9722595214844 80.7829132080078 80.4890670776367 80.9249114990234 81.6744155883789 82.0237808227539 82.2259292602539 82.1495513916016 82.4805145263672 81.8864974975586 81.8259506225586 82.7699127197266 83.13525390625 82.675537109375 82.2947540283203 81.7457046508789 82.0856475830078 83.077018737793 83.4223937988281 83.4853210449219 83.5747528076172 83.881721496582 83.4303588867188 83.6035003662109 84.1216049194336 84.016227722168 83.6107635498047 83.4058151245117 83.3994827270508 83.7052993774414 83.4482803344727 82.9568710327148 82.4017562866211 81.981086730957 81.9496459960938 81.817985534668 81.6292572021484 81.5880126953125 81.122314453125 80.8807678222656 80.7306213378906 80.415641784668 80.3552017211914 78.8592376708984
80.6285858154297 80.6032638549805 81.238151550293 81.546875 81.625732421875 81.3275833129883 80.4727172851562 79.9947357177734 80.4769134521484 81.0812301635742 81.7081985473633 81.8442230224609 81.644645690918 81.8042221069336 81.7424926757812 82.6032943725586 83.2877883911133 83.2411804199219 83.0228881835938 83.0290451049805 82.8118286132812 83.2123489379883 83.9347610473633 83.9618759155273 83.6409683227539 83.8417129516602 83.8409652709961 83.3910675048828 83.4133148193359 84.0248031616211 83.9653778076172 83.2870407104492 83.1466217041016 83.3016052246094 83.2754211425781 82.8835678100586 82.5055160522461 81.9904556274414 81.6375961303711 81.6752243041992 81.8698654174805 81.8956604003906 81.5869445800781 81.0412979125977 81.0241851806641 80.6986999511719 80.0584259033203 79.863037109375 79.0184173583984
81.2596282958984 81.095703125 81.493408203125 81.3858795166016 81.3998489379883 81.5072479248047 80.935676574707 80.6366195678711 80.6145706176758 80.7062683105469 81.203857421875 81.666877746582 81.65673828125 81.7137985229492 82.2575225830078 82.8348541259766 83.33154296875 83.5329971313477 83.071647644043 83.1644744873047 83.8457641601562 84.1362152099609 83.9042739868164 84.01318359375 84.2033157348633 84.2002487182617 84.0088424682617 83.5756683349609 83.5519104003906 83.9648208618164 83.8151397705078 83.1685256958008 83.205192565918 83.38037109375 82.9172592163086 82.5894317626953 82.2889633178711 82.6836471557617 82.0878677368164 82.0407943725586 82.3483810424805 82.1605606079102 81.1836471557617 80.8291854858398 80.8881149291992 80.5266342163086 80.1484832763672 79.9216690063477 79.9654693603516
81.1865615844727 81.257453918457 81.2920913696289 81.2276306152344 81.189697265625 81.4757385253906 81.3869018554688 81.2134017944336 80.9089508056641 80.8206481933594 81.3699188232422 82.0471649169922 82.0831146240234 82.0599517822266 82.7777404785156 82.7489929199219 83.0159225463867 83.280517578125 83.1768646240234 83.1576766967773 83.7082214355469 84.1577072143555 83.9418716430664 83.9325485229492 84.1142959594727 83.9582061767578 84.0855407714844 83.4817810058594 83.3123016357422 83.7191696166992 83.6110534667969 83.4000778198242 83.5225143432617 83.4470367431641 83.0776214599609 82.9960021972656 82.5263977050781 83.0876846313477 82.4722747802734 82.1812133789062 81.8327865600586 81.4712371826172 80.8770065307617 80.6565628051758 80.8208847045898 80.6264266967773 80.3064193725586 80.0618743896484 80.3094940185547
80.7482299804688 80.8232727050781 80.9363174438477 80.8511123657227 81.1602401733398 81.7037734985352 81.4921875 81.42431640625 81.1238861083984 81.0477981567383 81.7916717529297 82.3110809326172 82.3131866455078 81.9667587280273 82.9893341064453 82.8908309936523 82.9660186767578 83.2705917358398 83.6268081665039 83.2631759643555 83.3725967407227 84.0262832641602 83.9578018188477 83.6498336791992 83.6596298217773 83.7838745117188 83.9159240722656 83.5850372314453 83.3938369750977 83.5912399291992 83.7246475219727 83.8533706665039 83.6075057983398 83.434928894043 83.4187393188477 83.3638458251953 82.9164428710938 82.7622146606445 82.0521850585938 82.0095748901367 81.6178359985352 81.3910064697266 81.1137237548828 80.8537292480469 80.5949630737305 80.8531951904297 80.4816741943359 79.8769607543945 79.8133239746094
80.8179321289062 80.8907852172852 80.953369140625 80.7264633178711 80.9602737426758 81.4285354614258 81.5489044189453 81.6075592041016 81.1037216186523 81.010986328125 81.6871795654297 81.8106384277344 81.6027450561523 81.6487426757812 82.9583358764648 83.2019424438477 83.3861465454102 83.5228729248047 83.7337188720703 83.5493927001953 83.4854125976562 83.6689834594727 83.4399642944336 83.4360046386719 83.5663604736328 83.7964172363281 83.4994583129883 84.0513305664062 84.0250473022461 83.9060287475586 84.0778961181641 84.1944732666016 84.0697479248047 83.9900207519531 83.5354156494141 83.2505416870117 83.1288452148438 82.6181030273438 82.4264221191406 82.1610565185547 81.9832000732422 81.9267044067383 81.5247116088867 81.5277709960938 81.0483169555664 80.9273452758789 80.442985534668 79.8831558227539 79.5310134887695
81.0874252319336 80.9435043334961 80.9353485107422 81.2887802124023 81.3723526000977 81.492317199707 81.5004272460938 81.7626495361328 81.7844543457031 81.4106903076172 81.6973876953125 81.423210144043 81.3288421630859 81.9648971557617 83.0321960449219 83.0025329589844 83.2061996459961 83.3003921508789 83.3777313232422 83.5408096313477 83.3600540161133 83.0409545898438 82.9337692260742 83.2087249755859 83.3594436645508 83.6442565917969 83.0923919677734 84.0262603759766 84.4459609985352 84.0064468383789 83.4256134033203 83.5753860473633 84.0279006958008 83.9795227050781 83.5835723876953 83.2445297241211 82.7917098999023 82.6418380737305 82.6742553710938 81.9891662597656 81.680793762207 81.9007720947266 81.8221740722656 81.6273803710938 81.353889465332 80.8090896606445 80.2149200439453 80.0299606323242 79.1469650268555
80.8133163452148 80.7802581787109 80.8122940063477 81.6265258789062 81.8089752197266 81.9425811767578 81.5856018066406 81.8045501708984 82.0054092407227 81.8522338867188 82.1455230712891 82.2350158691406 82.3230895996094 82.7108383178711 82.8851852416992 83.1539306640625 83.18896484375 83.2058029174805 83.2334747314453 83.3269500732422 83.6269302368164 83.7700042724609 83.502311706543 83.2753067016602 83.3165740966797 83.6924743652344 82.9976654052734 83.8002166748047 84.0219879150391 83.5560150146484 82.8150100708008 83.0789337158203 83.4103164672852 83.1828918457031 82.9618377685547 82.6567993164062 82.3127593994141 82.5813827514648 82.6085891723633 82.2275085449219 81.7626571655273 81.7804641723633 81.7510070800781 81.5227584838867 81.1992645263672 80.8571548461914 80.2072982788086 79.9939041137695 79.2378158569336
81.0146789550781 81.3943023681641 80.8373413085938 80.9833145141602 81.2390518188477 81.5872039794922 82.106330871582 81.9651794433594 81.7458953857422 81.9878463745117 82.035270690918 82.2593765258789 82.2149047851562 81.9790191650391 82.8163681030273 82.7748870849609 82.9689178466797 83.2366714477539 83.4162521362305 83.6728057861328 83.7009582519531 83.6378860473633 83.8232269287109 84.135627746582 83.6834564208984 82.737434387207 83.6488342285156 83.4514846801758 83.4555587768555 83.7892990112305 83.5853958129883 83.3585052490234 83.3751449584961 83.2893295288086 83.0718231201172 82.8240814208984 82.3892364501953 82.5923843383789 82.5864181518555 82.5605926513672 82.5430450439453 82.2213363647461 81.832633972168 81.2448501586914 80.8600997924805 80.487678527832 80.3884353637695 80.6378860473633 80.1065368652344
