rcp4.5models/CNRM_CM5/sc1gr6.10
NCOLS 261 
NROWS 433 
XLLCORNER 336357.134 
YLLCORNER 654653.479 
CELLSIZE 1000 
NODATA_value -3.4e+38 
[rows 308 to 329 of 433, columns 49 to 97 of 261]
2079.78442382812 2099.73120117188 2136.8837890625 2166.06616210938 2180.35083007812 2204.4140625 2243.51123046875 2309.16088867188 2329.88037109375 2360.50952148438 2397.59008789062 2444.76147460938 2474.64819335938 2510.33837890625 2557.20288085938 2586.79248046875 2603.27783203125 2630.236328125 2692.7939453125 2748.36059570312 2797.98559570312 2838.1552734375 2875.63793945312 2996.28271484375 3129.81713867188 3162.00610351562 3218.51928710938 3244.8896484375 3224.4814453125 3232.56298828125 3120.65014648438 3009.60083007812 3106.3623046875 3262.39721679688 3311.99291992188 3367.83447265625 3398.24584960938 3348.22778320312 3294.40869140625 3313.84692382812 3416.4931640625 3506.06616210938 3496.67163085938 3511.43090820312 3427.71899414062 3201.84790039062 3058.33520507812 3077.14672851562 3050.14477539062
2112.140625 2135.49658203125 2165.62475585938 2188.44458007812 2211.61328125 2237.40649414062 2261.67114257812 2337.3818359375 2371.53393554688 2405.58715820312 2430.17163085938 2466.36108398438 2505.89624023438 2537.85815429688 2577.66162109375 2603.34887695312 2620.48828125 2650.43041992188 2717.37817382812 2759.67236328125 2815.9111328125 2849.77294921875 2891.49487304688 2988.5302734375 3099.7099609375 3176.89819335938 3253.05493164062 3300.21850585938 3255.80908203125 3258.37133789062 3150.80200195312 3063.853515625 3128.32055664062 3320.66870117188 3463.72045898438 3429.01318359375 3336.64526367188 3297.13110351562 3278.24047851562 3285.46044921875 3464.36279296875 3573.8330078125 3601.97265625 3504.4609375 3381.9619140625 3212.00659179688 3154.55297851562 3177.99731445312 3071.09643554688
2139.23754882812 2160.15893554688 2186.34497070312 2211.31762695312 2243.787109375 2271.46484375 2291.18603515625 2363.30029296875 2400.66064453125 2439.75170898438 2464.72119140625 2494.47998046875 2543.17602539062 2575.73974609375 2604.02270507812 2627.23120117188 2635.12036132812 2664.9423828125 2737.93188476562 2788.34057617188 2862.19506835938 2877.59155273438 2923.31982421875 3025.34448242188 3055.63647460938 3128.09375 3221.056640625 3263.47314453125 3273.16479492188 3216.84912109375 3215.978515625 3162.45141601562 3118.98950195312 3320.30126953125 3427.84765625 3259.8974609375 3190.38330078125 3190.7060546875 3250.18969726562 3320.86596679688 3456.88500976562 3663.3203125 3659.06005859375 3573.21704101562 3505.12084960938 3382.90112304688 3380.95654296875 3399.78149414062 3334.3984375
2153.07470703125 2174.37841796875 2200.19555664062 2229.615234375 2262.38037109375 2301.8876953125 2327.72094726562 2383.033203125 2423.70678710938 2464.34033203125 2492.140625 2525.80053710938 2570.0087890625 2601.21606445312 2636.99243164062 2662.43676757812 2657.33251953125 2684.78271484375 2760.951171875 2801.97827148438 2893.99072265625 2919.78271484375 3000.32006835938 3127.59033203125 3117.97827148438 3142.87133789062 3258.47387695312 3235.47924804688 3192.447265625 3186.416015625 3345.2392578125 3303.83837890625 3138.05004882812 3279.80346679688 3332.55541992188 3245.44018554688 3231.84594726562 3292.0791015625 3486.30493164062 3538.79711914062 3560.21264648438 3649.86865234375 3713.9541015625 3697.08349609375 3723.86767578125 3668.87133789062 3664.29931640625 3656.92407226562 3671.13818359375
2160.12719726562 2187.25463867188 2213.77978515625 2240.58081054688 2278.55981445312 2318.44702148438 2345.0087890625 2405.42700195312 2452.65380859375 2498.38916015625 2519.24780273438 2549.72436523438 2586.79956054688 2607.36401367188 2645.50219726562 2681.70947265625 2681.76342773438 2708.37963867188 2795.27514648438 2820.51196289062 2932.03442382812 2972.62158203125 3021.21508789062 3138.74462890625 3168.33276367188 3142.39526367188 3241.6943359375 3238.38037109375 3116.39184570312 3253.84204101562 3395.92651367188 3432.3359375 3309.38671875 3335.1044921875 3533.74755859375 3559.70166015625 3500.0830078125 3409.84936523438 3486.49584960938 3542.27490234375 3521.95043945312 3465.03540039062 3619.59497070312 3671.81787109375 3731.13793945312 3798.40234375 3784.36376953125 3769.45629882812 3794.89672851562
2196.7958984375 2237.6005859375 2259.91918945312 2267.76025390625 2303.57250976562 2338.37036132812 2361.48071289062 2436.12475585938 2501.15942382812 2540.57641601562 2564.4931640625 2599.15625 2623.79931640625 2656.22729492188 2690.93823242188 2719.89428710938 2749.54467773438 2764.7333984375 2830.84106445312 2865.64111328125 2950.95385742188 2978.71142578125 2969.740234375 3098.00048828125 3174.66455078125 3142.76098632812 3139.05395507812 3108.39965820312 3134.4990234375 3380.76147460938 3509.50732421875 3532.720703125 3399.15600585938 3400.21362304688 3492.29931640625 3609.55688476562 3814.76391601562 3791.9716796875 3775.80639648438 3587.70166015625 3517.64379882812 3590.53247070312 3590.00512695312 3627.64501953125 3550.3115234375 3572.62060546875 3506.66943359375 3565.80249023438 3658.00268554688
2226.77294921875 2264.07885742188 2282.8662109375 2294.56494140625 2326.3984375 2349.77001953125 2379.45385742188 2470.123046875 2511.25341796875 2546.8857421875 2578.7060546875 2615.30981445312 2643.85888671875 2679.56616210938 2728.43334960938 2754.7880859375 2773.09912109375 2787.52978515625 2841.58764648438 2890.40258789062 2973.39233398438 3021.70336914062 3008.42065429688 3144.98486328125 3269.0087890625 3214.10131835938 3167.82934570312 3131.32153320312 3157.7587890625 3274.56665039062 3328.81567382812 3369.94750976562 3338.72900390625 3375.00952148438 3402.89868164062 3516.8369140625 3809.64135742188 3909.51538085938 3871.61157226562 3715.12622070312 3671.66284179688 3708.03295898438 3698.337890625 3700.42529296875 3645.18603515625 3684.65771484375 3761.23168945312 3782.82104492188 3693.94458007812
2250.88256835938 2278.00244140625 2297.78295898438 2309.86279296875 2329.29956054688 2369.12719726562 2422.11450195312 2500.84521484375 2531.4697265625 2561.3564453125 2599.59326171875 2643.94702148438 2678.11474609375 2700.59252929688 2730.49047851562 2763.60375976562 2796.16259765625 2809.56225585938 2865.3974609375 2913.03344726562 2997.2724609375 3045.43188476562 3030.34716796875 3166.521484375 3305.1572265625 3261.59423828125 3194.78588867188 3159.10473632812 3244.90087890625 3387.5078125 3480.94262695312 3552.48120117188 3487.4833984375 3444.9794921875 3566.08032226562 3659.10546875 3873.77954101562 4014.19482421875 3996.72802734375 3940.4052734375 3798.86743164062 4019.1865234375 4023.2744140625 4021.65283203125 3967.18603515625 3878.91650390625 3944.86376953125 4037.22485351562 3907.4228515625
2259.40161132812 2287.99731445312 2314.63037109375 2324.32592773438 2341.42944335938 2397.31372070312 2446.09887695312 2518.57470703125 2545.45141601562 2570.42553710938 2613.09106445312 2658.85522460938 2695.150390625 2725.6728515625 2753.39379882812 2788.88525390625 2816.19140625 2831.59326171875 2900.83325195312 2930.79272460938 2981.76513671875 3019.2802734375 3040.2548828125 3178.64086914062 3323.46435546875 3282.77368164062 3194.66821289062 3188.00170898438 3254.91943359375 3420.09936523438 3565.00854492188 3773.12060546875 3692.28125 3571.0869140625 3675.75366210938 3775.4638671875 3932.716796875 4043.88891601562 4087.0283203125 4115.72314453125 3991.4375 4137.57763671875 4115.63134765625 4017.92724609375 3786.52416992188 3564.99560546875 3758.15014648438 4078.52490234375 4089.41796875
2270.88525390625 2304.72802734375 2330.90234375 2341.70532226562 2373.58422851562 2432.78076171875 2463.435546875 2534.18481445312 2550.29370117188 2583.2041015625 2672.93872070312 2717.25830078125 2717.6474609375 2747.10107421875 2777.38037109375 2809.67553710938 2833.830078125 2850.73217773438 2955.443359375 3016.53149414062 3040.72509765625 3047.56274414062 3082.35864257812 3198.61206054688 3377.22436523438 3331.15380859375 3206.4326171875 3223.13305664062 3239.48022460938 3366.52612304688 3399.61962890625 3549.6982421875 3588.62231445312 3570.55224609375 3552.3916015625 3698.93701171875 3897.06762695312 3974.77075195312 4018.529296875 4081.55834960938 4147.24951171875 4181.3134765625 4103.7744140625 3927.6103515625 3600.84423828125 3522.86840820312 3876.18798828125 4123.74853515625 4185.8818359375
2288.63500976562 2317.380859375 2334.51318359375 2360.71533203125 2410.39453125 2455.80224609375 2479.939453125 2547.75854492188 2563.98095703125 2594.8115234375 2681.04345703125 2726.06616210938 2728.13061523438 2757.44848632812 2787.33569335938 2817.32739257812 2848.48095703125 2880.1259765625 2973.63745117188 3091.15893554688 3180.3193359375 3203.01440429688 3179.74365234375 3169.25903320312 3347.35034179688 3377.02734375 3256.025390625 3262.84716796875 3262.99267578125 3396.34008789062 3574.60278320312 3604.24682617188 3480.44799804688 3506.6083984375 3588.25512695312 3803.84033203125 3987.7880859375 4035.74365234375 4050.421875 4077.22998046875 4164.80419921875 4272.14697265625 4226.4462890625 4107.94287109375 3931.08325195312 3961.34228515625 4166.89599609375 4236.7392578125 4245.34716796875
2300.76489257812 2325.28051757812 2350.09423828125 2383.6552734375 2421.900390625 2457.06127929688 2482.58276367188 2541.20361328125 2580.62817382812 2621.64794921875 2676.66625976562 2722.62182617188 2745.29956054688 2771.58862304688 2801.43774414062 2833.91650390625 2878.29516601562 2923.30053710938 2983.7392578125 3061.53369140625 3154.7626953125 3221.18505859375 3217.361328125 3227.47802734375 3381.73852539062 3411.01879882812 3343.0224609375 3339.1025390625 3300.3876953125 3382.435546875 3712.35791015625 3900.69116210938 3686.392578125 3526.50732421875 3575.20849609375 3796.13818359375 4042.3330078125 4183.021484375 4207.72119140625 4225.25048828125 4166.78271484375 4176.49853515625 4253.53662109375 4308.3388671875 4256.6552734375 4256.396484375 4310.60107421875 4335.4326171875 4310.7197265625
2316.935546875 2344.50537109375 2373.50122070312 2405.0595703125 2439.1748046875 2471.88745117188 2497.09033203125 2575.26147460938 2615.09057617188 2655.43310546875 2700.90869140625 2743.39868164062 2768.61474609375 2789.12109375 2825.58520507812 2871.34765625 2920.72436523438 2955.58569335938 3029.76391601562 3066.6650390625 3105.783203125 3179.07104492188 3211.65698242188 3240.36352539062 3319.240234375 3343.3193359375 3373.48779296875 3380.8017578125 3327.40625 3401.32641601562 3621.07153320312 3928.48168945312 3916.63110351562 3614.43798828125 3494.15869140625 3788.0556640625 4115.66943359375 4123.97412109375 4021.6513671875 4155.67578125 4099.6025390625 4055.74169921875 4297.56298828125 4370.4091796875 4382.9267578125 4324.98779296875 4233.6455078125 4291.611328125 4371.5166015625
2341.857421875 2373.70458984375 2394.54052734375 2424.97021484375 2468.80615234375 2500.7138671875 2526.4638671875 2606.34497070312 2645.82202148438 2686.46948242188 2718.02612304688 2754.2060546875 2788.79614257812 2813.28637695312 2848.02270507812 2897.91967773438 2943.91259765625 2974.16137695312 3070.98315429688 3133.73779296875 3226.25415039062 3304.48193359375 3320.6552734375 3350.8798828125 3332.572265625 3310.0087890625 3419.56713867188 3432.65307617188 3348.97216796875 3398.94116210938 3493.00366210938 3832.8935546875 3960.95092773438 3665.88305664062 3575.56298828125 3915.95141601562 4165.2890625 3979.23291015625 3938.88159179688 4168.18310546875 4053.19189453125 4044.771484375 4393.11181640625 4433.37158203125 4418.75 4222.52978515625 4073.72216796875 4183.80078125 4293.2578125
2369.50756835938 2403.482421875 2415.70849609375 2448.453125 2498.685546875 2528.6484375 2553.986328125 2623.9501953125 2658.89770507812 2705.23828125 2733.87768554688 2762.736328125 2811.40942382812 2842.38061523438 2867.37646484375 2915.626953125 2956.55615234375 2996.07104492188 3106.8291015625 3177.28515625 3285.39770507812 3384.07055664062 3468.96142578125 3562.6552734375 3492.43579101562 3433.08203125 3564.92431640625 3634.76782226562 3508.13793945312 3422.46484375 3494.15600585938 3779.40649414062 4007.59057617188 3839.64233398438 3697.40795898438 3795.88354492188 3926.7294921875 3921.2470703125 4088.9755859375 4340.17626953125 4264.8515625 3933.1025390625 4105.888671875 4270.3896484375 4416.5087890625 4124.76513671875 4084.64086914062 4280.353515625 4254.12646484375
2389.59301757812 2418.46801757812 2428.5576171875 2474.31567382812 2520.70434570312 2540.26098632812 2566.88305664062 2641.7421875 2670.18408203125 2710.95727539062 2749.39794921875 2782.69897460938 2822.53515625 2855.5869140625 2886.09326171875 2925.3369140625 2957.50903320312 3016.52026367188 3116.99877929688 3180.1064453125 3246.5322265625 3412.74536132812 3583.88061523438 3622.7021484375 3568.37060546875 3593.89672851562 3721.63061523438 3809.83154296875 3648.96411132812 3465.29541015625 3559.87744140625 3698.84448242188 3778.89892578125 3738.1103515625 3723.943359375 3897.76171875 4077.70581054688 4166.1162109375 4337.552734375 4455.67724609375 4464.11328125 3837.12744140625 3975.71923828125 4196.513671875 4210.6474609375 4074.9853515625 4193.416015625 4283.0595703125 4189.876953125
2408.669921875 2431.05932617188 2457.1796875 2504.55029296875 2546.85180664062 2573.82250976562 2588.873046875 2674.48315429688 2704.01831054688 2735.6865234375 2764.23120117188 2801.17846679688 2833.8671875 2869.00268554688 2918.93676757812 2959.75634765625 2979.84399414062 3017.78588867188 3141.68139648438 3198.9228515625 3250.466796875 3410.65014648438 3570.638671875 3612.0595703125 3639.84790039062 3697.08740234375 3787.41845703125 3883.94970703125 3682.87573242188 3473.06298828125 3653.26806640625 3712.34594726562 3582.7080078125 3573.53637695312 3669.24536132812 3988.88623046875 4279.5146484375 4386.79931640625 4474.47802734375 4487.01171875 4489.771484375 3882.93603515625 4051.0947265625 4263.19921875 4205.0458984375 4219.15625 4344.345703125 4316.142578125 4303.0068359375
2457.89233398438 2478.92407226562 2517.87060546875 2558.52270507812 2590.22387695312 2604.22045898438 2618.30102539062 2734.98071289062 2756.29907226562 2780.60424804688 2818.00415039062 2840.0546875 2869.99975585938 2920.74755859375 3029.28686523438 3086.05053710938 3085.44287109375 3098.14038085938 3232.61328125 3261.67431640625 3258.39208984375 3474.4013671875 3609.0498046875 3661.24560546875 3790.2802734375 3839.44921875 3864.15356445312 3774.09130859375 3566.83154296875 3501.20629882812 3527.17138671875 3673.96240234375 3796.97192382812 3674.40698242188 3594.02563476562 3659.3134765625 4050.13549804688 4437.43212890625 4449.78955078125 4465.86962890625 4428.23974609375 4326.07421875 4145.1806640625 4378.103515625 4531.541015625 4398.107421875 4409.2099609375 4463.583984375 4452.83056640625
2485.58764648438 2504.82250976562 2543.31030273438 2584.71313476562 2603.10327148438 2627.98779296875 2647.93334960938 2751.51196289062 2768.568359375 2804.212890625 2857.09228515625 2868.34545898438 2887.86376953125 2940.1376953125 3070.36059570312 3139.96801757812 3141.8388671875 3142.22338867188 3221.91381835938 3247.74951171875 3308.345703125 3556.40673828125 3643.21411132812 3688.02392578125 3829.21240234375 3885.6904296875 3917.14282226562 3801.00537109375 3632.24731445312 3604.33471679688 3602.07885742188 3590.93994140625 3811.96337890625 3936.37109375 3791.58276367188 3669.7763671875 3897.96752929688 4313.34228515625 4448.8193359375 4349.890625 4300.51171875 4430.55419921875 4442.45458984375 4542.927734375 4566.29833984375 4448.35400390625 4383.3857421875 4441.4638671875 4427.35302734375
2506.49389648438 2524.3935546875 2560.05737304688 2601.25830078125 2616.92602539062 2652.97998046875 2678.46484375 2772.02099609375 2806.46899414062 2839.6337890625 2879.8203125 2890.015625 2904.14477539062 2960.29150390625 3075.74682617188 3168.90478515625 3184.72241210938 3174.93237304688 3208.62744140625 3245.2822265625 3369.86791992188 3605.43334960938 3629.2470703125 3672.37670898438 3846.95971679688 3882.46997070312 3853.23168945312 3798.50146484375 3705.66674804688 3653.74340820312 3683.03442382812 3658.3427734375 3844.23779296875 4025.05908203125 3962.92553710938 3934.00341796875 3965.08618164062 3991.51147460938 4070.66455078125 4207.005859375 4246.33837890625 4452.95068359375 4550.70556640625 4503.033203125 4490.14306640625 4506.8955078125 4377.0185546875 4305.51611328125 4305.6328125
2532.75390625 2561.0810546875 2594.36206054688 2625.71069335938 2642.109375 2679.056640625 2710.44848632812 2797.80029296875 2849.42651367188 2883.80151367188 2902.47216796875 2919.19604492188 2934.66162109375 2981.93920898438 3089.89672851562 3156.99194335938 3146.93017578125 3172.66967773438 3250.0361328125 3278.48706054688 3329.49389648438 3464.10302734375 3543.98168945312 3656.3837890625 3837.22021484375 3842.34814453125 -3.4e+38 3753.408203125 3688.33227539062 3801.17993164062 3732.40161132812 3623.38891601562 3692.00390625 3768.11279296875 3912.75952148438 4139.91064453125 4210.13671875 3948.13232421875 3877.6953125 4266.7919921875 4406.78369140625 4391.76025390625 4553.2568359375 4483.52685546875 4477.693359375 4495.466796875 4355.71240234375 4269.59130859375 4244.2783203125
2559.43603515625 2588.66186523438 2618.90600585938 2650.80639648438 2672.84130859375 2707.4013671875 2748.72119140625 2829.43408203125 2874.98046875 2905.85131835938 2915.01318359375 2942.40356445312 2970.529296875 3010.3447265625 3086.74487304688 3125.81762695312 3133.14672851562 3209.06518554688 3343.74731445312 3347.88208007812 3363.94604492188 3475.28344726562 3571.58276367188 3632.20190429688 3770.75415039062 -3.4e+38 3806.13745117188 3782.11694335938 3764.27709960938 3946.1279296875 3809.212890625 3648.66772460938 3618.60595703125 3636.51586914062 3897.40698242188 4213.7587890625 4338.69775390625 4236.88720703125 4128.66943359375 4298.93115234375 4446.92431640625 4406.73291015625 4535.9814453125 4487.80810546875 4433.5703125 4368.29443359375 4246.8701171875 4246.74072265625 4270.45166015625
