rcp4.5models/CNRM_CM5/sc1gr3.21
NCOLS 261 
NROWS 433 
XLLCORNER 336357.134 
YLLCORNER 654653.479 
CELLSIZE 1000 
NODATA_value -3.4e+38 
[rows 352 to 373 of 433, columns 49 to 97 of 261]
280.099487304688 280.633178710938 281.146911621094 281.093780517578 281.195098876953 280.178009033203 277.808197021484 276.344757080078 276.527679443359 276.485107421875 276.203094482422 276.479370117188 276.472290039062 276.419525146484 276.612945556641 276.544799804688 276.471343994141 276.284729003906 274.641571044922 275.727508544922 276.215454101562 275.826507568359 275.853973388672 275.991088867188 276.001892089844 273.704376220703 274.044158935547 272.548156738281 270.427215576172 271.024688720703 269.985382080078 268.619445800781 264.966003417969 260.983551025391 260.7373046875 265.258270263672 271.038055419922 271.598358154297 271.391876220703 266.707702636719 255.848236083984 268.3828125 274.124755859375 274.564514160156 274.639129638672 274.784790039062 275.428924560547 274.513702392578 272.605773925781
280.354309082031 280.653900146484 281.066131591797 281.006164550781 281.088134765625 281.257385253906 278.535339355469 276.039428710938 276.059997558594 276.253997802734 276.404571533203 276.453186035156 276.493743896484 276.411804199219 276.362213134766 276.218444824219 276.208740234375 276.192687988281 275.490875244141 276.341247558594 276.121734619141 275.928985595703 275.422058105469 275.566558837891 276.035949707031 275.551910400391 275.282684326172 275.66064453125 275.659362792969 271.420776367188 269.534057617188 269.658172607422 269.590942382812 264.440826416016 259.908233642578 261.409912109375 267.132446289062 271.728149414062 273.117218017578 269.491241455078 257.763580322266 262.071960449219 270.646362304688 274.235595703125 273.686767578125 273.396270751953 275.051391601562 275.664581298828 272.663238525391
280.384033203125 280.716491699219 281.055847167969 281.057647705078 281.040588378906 279.533630371094 277.460571289062 276.406372070312 276.330749511719 276.475982666016 276.525482177734 276.308898925781 276.362365722656 276.404846191406 276.12060546875 276.023559570312 275.993316650391 276.2158203125 275.497009277344 275.803955078125 275.932769775391 275.994201660156 275.741241455078 274.793884277344 274.697479248047 275.526214599609 275.7109375 275.391052246094 275.391906738281 270.694671630859 268.556579589844 270.315612792969 271.087799072266 265.799591064453 260.070159912109 258.760681152344 260.57568359375 266.452880859375 271.864349365234 270.817779541016 262.987854003906 250.692565917969 262.914001464844 272.532470703125 274.661102294922 271.816345214844 272.067901611328 275.066619873047 273.190979003906
280.072692871094 280.530975341797 280.951416015625 280.998138427734 280.912170410156 278.305725097656 276.713134765625 276.630065917969 276.57958984375 276.551147460938 276.543823242188 276.211059570312 276.018463134766 276.357635498047 276.423553466797 276.090423583984 275.679626464844 276.03125 273.852752685547 274.477600097656 276.131805419922 275.944580078125 276.106964111328 275.150970458984 274.849945068359 275.659393310547 275.962036132812 275.347534179688 275.361114501953 273.939392089844 270.789733886719 271.885864257812 273.288146972656 270.19482421875 267.834808349609 261.193450927734 256.698608398438 259.971588134766 266.269714355469 270.891265869141 267.436981201172 245.403076171875 250.496795654297 263.911773681641 272.617156982422 271.284027099609 269.302154541016 271.418395996094 272.445007324219
279.969085693359 280.551666259766 280.907897949219 280.845397949219 280.861877441406 277.848083496094 275.666961669922 276.715545654297 276.350952148438 276.08935546875 275.624359130859 275.896697998047 275.837371826172 275.891815185547 276.084228515625 275.314056396484 275.258880615234 275.468780517578 273.463562011719 274.287170410156 275.942443847656 274.824157714844 273.961700439453 274.434967041016 275.495239257812 275.344299316406 275.567596435547 275.782501220703 275.63916015625 275.34033203125 272.809143066406 271.426910400391 270.864593505859 269.581390380859 270.354461669922 267.481353759766 263.335510253906 262.367614746094 264.378479003906 269.994934082031 271.297821044922 251.843231201172 245.854568481445 254.448532104492 266.208923339844 269.631927490234 267.608245849609 267.083068847656 269.744384765625
280.518493652344 280.764862060547 280.633544921875 280.654327392578 280.866577148438 277.619537353516 274.976470947266 276.69873046875 276.2724609375 276.070770263672 275.945526123047 276.217254638672 275.910888671875 273.910675048828 274.539184570312 274.958862304688 274.2294921875 274.836273193359 274.230773925781 274.409454345703 274.855102539062 275.005187988281 271.540008544922 272.402374267578 275.224151611328 272.556030273438 273.522369384766 275.93212890625 275.728790283203 275.904174804688 272.262512207031 267.695007324219 266.122497558594 265.104583740234 267.153594970703 268.886505126953 267.662048339844 265.234710693359 263.944183349609 266.649139404297 269.699432373047 262.820617675781 251.477416992188 248.656524658203 256.666198730469 264.926940917969 268.321929931641 267.439636230469 268.357116699219
280.972442626953 280.617706298828 280.237274169922 280.148071289062 280.621948242188 277.601654052734 275.307586669922 276.058013916016 275.917419433594 276.008117675781 276.514099121094 275.692474365234 274.659973144531 273.880310058594 272.493530273438 272.533386230469 271.930908203125 272.180938720703 273.532318115234 275.150238037109 273.774566650391 274.591857910156 270.715179443359 271.795623779297 274.524536132812 271.740295410156 273.353820800781 275.877014160156 275.847198486328 275.870269775391 273.666656494141 266.291229248047 263.108001708984 263.833770751953 265.262634277344 266.480102539062 266.664031982422 265.252288818359 262.348266601562 262.45654296875 262.517425537109 267.722961425781 258.445281982422 246.634063720703 248.100250244141 257.833190917969 266.880981445312 270.019348144531 268.743041992188
280.756988525391 280.148590087891 280.016448974609 280.328704833984 278.364318847656 276.199676513672 274.884368896484 275.727600097656 275.864196777344 276.297607421875 276.331146240234 273.421630859375 270.8330078125 273.776092529297 271.827484130859 269.358642578125 269.823760986328 270.513519287109 274.786712646484 276.053375244141 274.886657714844 274.866363525391 273.636474609375 273.987396240234 274.566467285156 271.518524169922 270.413909912109 273.813201904297 275.981719970703 275.688171386719 275.821929931641 270.161163330078 264.075531005859 263.511505126953 264.260375976562 264.583984375 266.298461914062 265.195892333984 259.507019042969 259.567596435547 259.802734375 264.072906494141 263.374420166016 253.951400756836 250.073333740234 251.559936523438 258.696411132812 267.813262939453 270.298522949219
280.676086425781 280.283782958984 280.521209716797 280.318878173828 277.913146972656 275.775604248047 275.129791259766 276.188171386719 275.920989990234 274.563232421875 272.721343994141 271.374298095703 270.855255126953 271.063873291016 271.074279785156 268.835418701172 268.639831542969 270.415374755859 270.684478759766 273.782348632812 274.734527587891 274.950592041016 272.630615234375 272.932037353516 270.943420410156 269.278686523438 269.790588378906 271.16552734375 273.868896484375 274.984100341797 275.101715087891 273.816589355469 270.160583496094 266.985168457031 267.002502441406 264.851135253906 264.287506103516 265.079925537109 260.861602783203 257.604736328125 259.978485107422 260.143188476562 263.446472167969 264.294952392578 262.908721923828 259.393981933594 256.265655517578 254.778030395508 255.985656738281
280.611114501953 280.440734863281 280.507568359375 280.169738769531 276.78466796875 275.202178955078 275.050628662109 275.9052734375 275.7822265625 274.975189208984 272.954315185547 271.700225830078 271.644561767578 271.813201904297 269.955413818359 271.320709228516 272.042724609375 269.233154296875 271.480316162109 272.9658203125 274.343322753906 274.600219726562 272.712005615234 273.120178222656 271.621276855469 271.239807128906 270.83154296875 269.957489013672 273.178100585938 275.098907470703 274.848663330078 274.695953369141 273.824981689453 270.404571533203 268.350128173828 266.592987060547 263.544555664062 262.097869873047 259.124206542969 256.239898681641 257.053527832031 260.026672363281 261.072998046875 262.235382080078 261.108001708984 259.354217529297 258.663940429688 257.774932861328 254.051834106445
280.043395996094 280.236053466797 280.202545166016 280.029541015625 278.8037109375 276.590637207031 275.484924316406 275.658508300781 275.557983398438 274.9580078125 273.668212890625 272.244537353516 270.055847167969 270.054992675781 269.677307128906 272.350830078125 273.349273681641 271.005340576172 273.702514648438 273.812469482422 274.602661132812 275.082183837891 274.840087890625 273.621276855469 273.348114013672 273.219390869141 270.407165527344 270.277496337891 272.765960693359 275.146057128906 274.44189453125 274.897888183594 275.332305908203 271.979278564453 267.950622558594 265.474792480469 263.026123046875 260.886169433594 259.287017822266 257.804046630859 256.360565185547 261.44384765625 260.466400146484 261.534210205078 260.728790283203 258.391784667969 258.255004882812 259.624542236328 258.612274169922
-3.4e+38 279.997985839844 280.3984375 280.617309570312 280.643463134766 277.521484375 275.426544189453 275.559631347656 275.155426025391 274.323669433594 273.789367675781 272.427276611328 269.52294921875 268.659454345703 269.808441162109 271.640625 272.833435058594 272.163238525391 274.350372314453 275.215362548828 275.135955810547 275.534759521484 274.263488769531 272.286956787109 273.701812744141 273.186401367188 269.727416992188 271.465423583984 273.369934082031 275.256317138672 274.643432617188 273.979278564453 274.471252441406 273.969970703125 271.956176757812 267.829681396484 264.838806152344 261.555206298828 260.020416259766 259.111877441406 257.122589111328 261.475189208984 262.377197265625 261.95703125 261.373229980469 258.992248535156 256.076690673828 257.736999511719 261.397277832031
-3.4e+38 279.793548583984 280.297424316406 280.789611816406 280.655395507812 277.523986816406 275.424652099609 275.149658203125 275.228729248047 273.924285888672 273.410949707031 271.779510498047 270.891235351562 270.20263671875 271.394714355469 271.67529296875 273.393371582031 272.729034423828 273.515502929688 274.517578125 274.637329101562 275.420379638672 274.245300292969 272.173248291016 272.727264404297 271.686126708984 269.689697265625 272.545928955078 274.644958496094 274.828369140625 275.312408447266 274.053436279297 274.046173095703 274.865875244141 272.458557128906 270.205780029297 268.664855957031 264.558044433594 261.600616455078 260.515533447266 258.984619140625 260.828063964844 264.039581298828 263.541961669922 262.833526611328 261.138916015625 257.917358398438 258.396270751953 261.826995849609
-3.4e+38 279.705535888672 279.658935546875 280.082885742188 280.101226806641 277.356536865234 275.396301269531 275.072875976562 274.890289306641 274.296051025391 273.356079101562 271.067047119141 270.921813964844 272.826019287109 274.410034179688 273.929351806641 274.391204833984 273.275909423828 274.391510009766 274.546539306641 274.500274658203 273.752777099609 274.233825683594 274.467895507812 274.075836181641 270.605041503906 268.997894287109 271.976867675781 274.39990234375 272.219329833984 273.797729492188 274.856353759766 273.765930175781 274.184722900391 272.187591552734 269.207946777344 267.937316894531 266.386566162109 263.634674072266 261.481292724609 260.929107666016 261.595977783203 263.447082519531 264.123199462891 262.806121826172 261.805847167969 261.441925048828 261.310302734375 262.290710449219
-3.4e+38 -3.4e+38 279.636474609375 279.755187988281 279.594848632812 276.757171630859 275.020111083984 275.570098876953 274.888549804688 274.667755126953 274.226348876953 273.208801269531 272.308868408203 273.431304931641 275.069244384766 275.392242431641 275.007019042969 274.3779296875 275.061614990234 274.728668212891 274.833068847656 273.380676269531 274.239532470703 275.308441162109 273.978607177734 272.123687744141 270.738464355469 271.591125488281 273.588653564453 272.842712402344 273.854644775391 275.131988525391 273.572418212891 272.722106933594 273.113159179688 268.820739746094 264.760711669922 266.586669921875 263.832366943359 259.041412353516 258.507659912109 259.759948730469 259.570465087891 263.117492675781 263.503112792969 262.958435058594 263.061279296875 262.983581542969 262.796630859375
-3.4e+38 -3.4e+38 279.597259521484 279.73046875 279.696380615234 276.550689697266 275.155059814453 275.775115966797 275.071441650391 275.106170654297 274.636627197266 274.5439453125 274.082000732422 273.973602294922 274.986114501953 275.477996826172 275.052368164062 274.879669189453 274.056549072266 272.469055175781 273.017547607422 273.145660400391 272.815216064453 274.203033447266 271.494110107422 271.278503417969 270.974548339844 269.845642089844 272.518951416016 274.767333984375 274.902313232422 275.260284423828 274.481811523438 272.949798583984 272.321960449219 269.676208496094 264.159576416016 263.265472412109 262.643005371094 258.849670410156 255.490249633789 258.883117675781 257.387298583984 260.393920898438 262.865081787109 263.185668945312 262.798706054688 263.005981445312 262.617523193359
-3.4e+38 -3.4e+38 279.549346923828 279.510681152344 277.536743164062 277.561462402344 276.569885253906 275.560913085938 275.128509521484 275.389709472656 274.968627929688 274.653839111328 274.633453369141 274.567230224609 274.819763183594 274.927276611328 275.024139404297 275.258209228516 272.771240234375 270.454315185547 270.626159667969 270.966217041016 270.171783447266 272.985656738281 271.651947021484 269.893615722656 270.422027587891 268.960754394531 270.714691162109 274.655731201172 274.765319824219 275.030975341797 274.791748046875 273.008697509766 268.878997802734 266.164154052734 263.240509033203 261.628112792969 261.351196289062 260.045532226562 255.478408813477 258.050750732422 257.286163330078 259.075592041016 260.175598144531 260.812194824219 262.600494384766 262.74853515625 261.042938232422
-3.4e+38 -3.4e+38 279.899291992188 277.361022949219 277.198181152344 277.475128173828 276.468811035156 275.293304443359 275.015411376953 275.097442626953 275.253631591797 273.077911376953 273.9892578125 275.235565185547 275.159576416016 274.424285888672 274.583435058594 275.060272216797 272.676239013672 269.242431640625 268.99951171875 269.363891601562 269.252075195312 271.2880859375 272.223602294922 269.908752441406 269.712158203125 269.253753662109 268.105590820312 273.787414550781 274.600830078125 274.592712402344 274.586120605469 272.525726318359 267.971221923828 264.610107421875 264.129241943359 264.203155517578 261.302276611328 260.539398193359 258.942047119141 256.204772949219 258.4462890625 258.796844482422 257.932434082031 257.46142578125 259.329467773438 261.988067626953 262.230438232422
-3.4e+38 -3.4e+38 279.6826171875 278.259613037109 279.108978271484 277.0927734375 275.755767822266 275.23193359375 274.913482666016 274.822662353516 274.962768554688 273.855407714844 274.387420654297 275.471343994141 275.600646972656 274.68798828125 274.063995361328 274.072418212891 273.900634765625 270.807769775391 268.700805664062 268.237976074219 270.05810546875 271.785858154297 272.356750488281 271.068603515625 271.066070556641 269.998565673828 265.530242919922 271.229858398438 274.68017578125 274.218475341797 274.489471435547 272.185089111328 268.925811767578 267.009399414062 265.260101318359 264.463104248047 262.752105712891 261.707183837891 261.448150634766 257.777770996094 258.169982910156 255.347045898438 255.415130615234 256.313079833984 255.430557250977 259.915344238281 263.224639892578
-3.4e+38 -3.4e+38 279.799133300781 279.790344238281 278.143035888672 276.353881835938 275.630401611328 275.278381347656 274.884735107422 274.966491699219 275.100921630859 275.220794677734 274.996429443359 274.842529296875 275.477935791016 275.250091552734 275.337738037109 274.698120117188 274.792083740234 274.108489990234 273.623107910156 272.784606933594 272.011138916016 269.882629394531 268.773895263672 272.437805175781 275.203186035156 271.95849609375 267.164794921875 266.973297119141 271.914825439453 273.733978271484 273.915283203125 273.583892822266 271.178985595703 269.295593261719 267.65673828125 266.909637451172 266.619232177734 264.870239257812 263.7099609375 258.503540039062 252.326858520508 251.907913208008 252.714996337891 254.471206665039 257.937133789062 255.819534301758 253.896072387695
-3.4e+38 279.702270507812 279.689178466797 279.746551513672 277.159393310547 275.509216308594 275.265411376953 275.230102539062 274.794097900391 274.751617431641 274.679809570312 274.899810791016 274.865570068359 275.038055419922 275.159423828125 275.272186279297 275.566314697266 275.391784667969 273.483581542969 273.183258056641 274.119964599609 274.052062988281 271.564453125 270.274444580078 271.449768066406 273.739196777344 274.958374023438 271.963897705078 267.656280517578 263.274353027344 266.781829833984 270.988433837891 273.102966308594 272.764923095703 271.359619140625 270.435028076172 268.966461181641 267.760559082031 267.924560546875 268.124725341797 267.277557373047 258.986541748047 255.436508178711 253.455352783203 254.305801391602 252.872009277344 254.592315673828 256.900115966797 255.544418334961
-3.4e+38 279.720092773438 279.787231445312 278.065826416016 276.151733398438 275.534088134766 275.457000732422 275.343994140625 274.879547119141 274.594543457031 274.629333496094 275.036193847656 274.920654296875 275.247985839844 275.398406982422 275.183990478516 274.381408691406 274.767486572266 271.97900390625 270.507415771484 270.39404296875 271.444488525391 271.725128173828 271.656188964844 273.627868652344 274.829833984375 274.722106933594 273.170501708984 267.671813964844 261.191772460938 262.311828613281 268.613494873047 273.533813476562 273.626098632812 272.183929443359 270.542449951172 269.538696289062 268.939910888672 269.385284423828 269.247802734375 268.011993408203 259.48828125 259.3232421875 256.192779541016 254.365051269531 252.98762512207 246.865051269531 250.034591674805 257.178161621094
