rcp4.5models/CNRM_CM5/sc1gr5.40
NCOLS 261 
NROWS 433 
XLLCORNER 336357.134 
YLLCORNER 654653.479 
CELLSIZE 1000 
NODATA_value -9999 
[rows 154 to 175 of 433, columns 150 to 199 of 261]
296.318801868503 295.903214340316 295.370406634503 294.815417331006 294.683135539578 294.945556763777 295.663224877774 295.521991531684 295.227871681136 295.927098984576 295.365264276467 294.088441419119 295.152476692278 296.647640681754 296.288762047844 296.141042260874 298.815133194633 -9999 297.508757982276 301.167129799903 301.235717870675 301.432959428977 301.667461552464 302.080330105773 302.061353544461 302.138312138243 302.189075546944 302.099608878043 301.842279108922 301.759608831551 302.433490839434 302.940144709744 302.862337504012 302.806092099445 302.808992949061 302.811871706663 302.849851948198 -9999 302.910761250922 302.823169470446 302.798283174603 302.784106134587 302.834201371513 302.873744779349 302.897342190324 302.843253749554 -9999 302.985980723551 302.793906934028 302.615274100416
296.105278978967 295.860132974958 295.325465484763 294.809881424126 294.679508014216 -9999 295.126379687592 294.980345130665 295.400853536569 296.543492269078 295.908279868758 294.643695696978 296.330329205071 297.037938757523 296.821858372645 -9999 298.299642968491 296.884621600217 298.263743561074 301.046531327612 301.406504708754 301.499659707108 301.544472233744 301.805177370288 301.99434791641 302.118180406754 301.989591778606 301.666645699667 301.495409822925 301.636363605089 302.456121179185 302.760659911751 302.855243363414 302.811755193843 302.676013225927 302.617087059773 302.906284557814 302.868601388942 302.825939225066 302.828718037571 302.831481160743 302.834229536737 302.781729538993 302.870385580184 302.630311564729 302.295535134615 302.611051386438 302.867188220166 302.709566816568 302.543461210261
295.30381648264 295.319759352784 295.031747114561 294.442813065089 294.775447124826 294.799406308918 294.624036813505 294.598263954331 295.69954826234 296.587370588345 296.194803517133 295.376817170645 296.706304203836 297.256530139643 296.972839988324 297.734038117167 -9999 295.97216450144 299.948499273667 300.80066158829 301.29638120161 301.525103572494 301.540671661823 301.562977362821 301.718481928414 301.872747065406 301.618051721391 301.344209661002 301.326040926935 301.529407960954 302.356469492795 302.531713147471 302.559315146039 -9999 302.337885738753 302.292093153071 302.496753879258 302.453476566317 302.632839467463 302.892576207739 302.801127736576 302.745478118712 302.560563210927 302.485085032414 302.354204163139 301.960351583628 302.290698209432 302.700008212074 302.643698337754 302.534245166721
294.522852074007 294.529816746143 294.670739494791 294.18854265088 294.825761497744 294.520700742083 294.145311333335 294.293769911391 296.03389630976 297.073646149142 296.981196146506 296.585254734996 297.072407229244 297.151834732242 297.596403080697 297.784675857329 297.509877267617 297.603596688231 300.339702382857 300.812729769896 301.289058807905 301.475931106644 301.559663629339 301.597711891008 301.604357168303 301.553581041144 301.188482765158 301.122553338664 301.338572106039 301.480620841092 302.268307713877 302.449851008849 302.339693198044 -9999 302.159038679298 302.161853975877 302.16466299324 302.202561533292 302.401097570587 302.745125264761 302.873039432538 302.736582088247 302.608687978942 302.539366930131 302.532931589084 302.403887967881 -9999 302.701884843762 302.506466110599 302.420174616345
294.430459624847 293.984905218954 294.12449186581 294.022755559659 294.402547109021 294.177530862777 293.224730903351 293.355460502871 295.828738178432 296.828373475864 297.68881325948 297.663098545856 297.515823931374 297.276912832857 298.311690063241 296.970229203207 295.779942382483 299.534230992218 300.314808165998 300.904611669888 301.343353996555 301.424215912405 301.360124267909 301.350916853976 301.353894735661 301.278968889237 301.086136752136 301.10522369998 301.403510575334 301.67356465867 302.239980023169 302.335481174089 302.266283352886 302.267145478768 302.164474835672 302.167272895746 302.17005967536 302.200119297695 302.31894306542 302.619658552784 302.928419072197 302.845081694604 302.847434366842 302.85191473197 302.69431654332 302.733835352215 302.822471786286 302.737728743644 302.340575988585 302.239015025891
294.381893930905 293.861166508919 293.836464061851 293.862824598858 293.923654816442 293.963590679357 293.16116709968 292.933651043369 295.490323495554 296.660858651652 297.79703350822 298.156205300696 297.885485622862 298.008860732079 -9999 297.25533873098 297.075628163596 299.93440003203 300.394543729904 300.803395269819 301.134613487296 301.375481780984 301.365214268982 301.126699782264 300.896419891265 301.140760512872 301.176516664267 301.298707834656 301.494964380852 301.6985740637 301.939481839024 302.089534155194 302.191016707081 302.213503121167 302.10104235616 302.054872639053 302.175388396047 302.178136169149 302.23560113597 302.384157332281 302.575890465533 302.792223618577 302.802057845629 302.575402972656 302.568421253463 302.540929210999 302.587171235544 302.533014417764 302.213667004708 302.091107803062
293.991100642575 293.974841885401 293.914630632846 293.289954415496 293.259668678451 293.239257843536 292.809753117645 293.324668534611 295.069985850321 296.726818392194 297.410550740688 -9999 -9999 298.189319863015 -9999 298.983966040766 299.842206647192 300.025629952286 300.400071756311 300.68428255591 300.873508212905 301.143892839265 301.345770714607 301.037373457339 300.640160700702 300.807937143983 300.995110925036 301.252231068646 301.362100675536 301.44588632797 301.504369986422 301.708751153547 302.05110520473 302.172336210314 302.018172858725 301.805305200882 301.969590833902 302.124702570588 302.186081688189 302.22406816487 302.30487948653 302.49368643556 302.611276121151 302.410033591353 302.415593008915 302.300443127027 302.297866596944 302.436699538753 302.119327103685 301.830586405991
294.164419140561 294.605687103236 293.998896039767 293.589166645547 292.386935473825 292.040850489278 292.428620769299 294.384045272684 296.77643292343 297.489819102667 297.736648162279 -9999 -9999 298.110644761517 298.343654576375 299.349619303153 299.761331925048 300.154109572423 300.409911211063 300.638369663075 300.578354594111 300.523310703087 300.583925570714 300.504279448852 300.573331683658 300.609674253717 300.755451882065 301.030467543026 301.299449605188 301.321576947116 301.720110614382 301.7968354416 301.839557371565 301.897832757099 302.04578537389 302.0949395535 302.050759227715 302.020982875025 302.102771000106 302.077945091536 301.980037643394 301.947125657044 302.087684375771 302.100986564081 302.136948063434 302.160140692002 302.392823753329 302.400910893169 302.058652757606 301.727338463523
294.429490122672 295.112961747574 295.09285393998 293.96654177593 293.026510467172 293.47838504678 294.067365524045 295.031501172536 297.110600532236 297.523798809219 -9999 -9999 -9999 298.467564552644 298.422377872183 299.250742298701 299.618825356298 299.95035337864 300.292041328754 300.458996711716 300.442880098543 300.428293578864 300.416958996978 -9999 300.572999276997 300.529660709999 300.554555363541 300.954498100946 301.087040897683 300.935066159352 301.727235169842 301.815373334825 301.731992291129 301.809430545456 302.023912721807 302.026644255094 302.056454977795 302.078070531249 302.034706595504 302.037346682053 301.969454040625 301.854946674725 301.895527769447 301.920144146101 301.936843440962 302.1391575817 302.274447430944 302.192459617914 301.969761603218 301.789840493622
294.578540754156 295.148439482664 295.790982929748 295.197490939933 294.725616749812 295.315358531816 295.813566572146 295.974194104405 297.52662493647 297.678099527441 -9999 -9999 -9999 298.88584476321 298.87389541613 299.22452453738 299.432664430362 299.745464770954 300.229671934218 300.346925860905 300.341810405109 300.154252903628 300.015914022712 300.144077952259 300.459073643925 300.428520811038 300.471030285097 300.583801965201 300.760252180247 300.815716890558 301.570973354483 301.708673183952 301.749376179012 301.814304818237 301.960785351338 301.913746163377 302.034332302042 302.037003703939 301.970040128247 301.855152464279 301.802725241541 301.784919752582 301.818491604333 301.883015039893 301.85232500926 301.987585923176 301.873892132204 301.876146488758 301.88726954066 301.875518189318
294.428957290086 294.590572058912 295.418120955724 295.370837950062 295.521322333982 295.961112285578 296.300388538846 296.605723248593 297.655178553678 297.783914933377 -9999 -9999 298.674669019313 298.964461281131 299.077895510568 299.304523102598 299.363397711067 299.701079349514 300.197785058061 300.159726802882 299.921481565383 299.659551719002 299.59103112359 299.89090407334 300.266219873212 300.256495470669 300.454999395104 300.549560295832 300.759012236034 301.264147165096 -9999 301.664150484484 301.589943595469 301.658445988984 301.700879215366 301.66404497352 301.725154296403 301.703148532966 301.814019343917 301.900856417649 301.903656701323 301.961399888385 301.779391543738 301.816537856727 301.784755393262 301.820826051758 301.734254006897 301.700100969985 301.709467622643 301.77651881167
293.970518402633 294.259269245898 294.961772645451 294.694384410729 294.815914239908 295.98458824173 296.599350904015 296.892138621465 297.5296448614 297.726653477026 297.81674822366 298.003358506784 298.475584718295 298.968278100785 299.206408017445 299.340193032966 299.42989866481 299.70611657707 300.059729447915 299.683152236823 299.515322683313 299.533742857231 299.478529304997 299.62429925842 299.712614731386 299.934836477237 300.463809733173 300.754759717827 301.112407355263 301.51560718352 301.747203552143 301.598484210827 301.486218793546 301.569821747674 301.597821980159 301.643804973553 301.6936981349 301.50047689287 301.630998709658 301.771569841567 301.878957558181 302.057130222226 301.72890561192 301.731439225 301.769931827255 301.79452732357 301.738970127117 301.713527288387 301.699878612197 301.718334403325
293.661797370672 293.615839884156 294.349544510979 293.990525547459 293.953878281671 295.646079699023 296.240660244906 296.549239613983 297.352651343568 297.684285047288 297.673184082576 297.819746134659 298.109861301326 298.78816018303 299.188008669507 299.339407154235 299.392547863022 299.495680796907 299.622025822331 299.442536173631 299.568997918013 299.644746853298 299.630601722143 299.636541522478 299.434391584726 299.605433339492 300.408609982422 300.864039169475 -9999 301.500750277678 301.627621414738 -9999 301.538150245304 301.63505350145 301.674673318844 301.568067230356 301.688385699637 301.551496696218 301.623294311198 301.673985935831 301.711226951811 301.897950437359 301.921260624048 301.8883084042 301.824499485623 301.857999807847 301.859676250874 301.782550097869 301.806433451384 301.566657164767
293.100014074338 293.198316680452 293.468542715324 292.727696547142 293.985967701843 295.313700302442 295.951577111912 296.272976486775 297.170653288717 297.448307554127 297.298665429475 297.719771294599 297.917165447712 298.369208995318 298.724087316081 299.135588448656 299.200172532789 299.32614279248 299.112678724667 299.264598890607 299.644854310758 300.014665593336 300.132957914705 300.098745237809 299.847604483301 299.748217239245 300.425062725108 -9999 301.248151512628 301.412503720078 301.537442065886 301.540188706855 -9999 301.599118401992 301.547614378402 301.318199375972 301.435744900597 301.556200676368 301.613133926699 301.653499673953 301.548829646214 301.435730618534 302.071561943075 302.046463056632 301.976230930955 301.9174531043 301.837410951729 301.851260238468 301.84007019155 301.499886335224
291.980928472333 292.25372009691 291.613052780132 291.684070628721 294.693354351959 295.267785037668 295.927395037899 296.215289555638 296.976680290679 297.068816713973 297.047791988313 297.636594036004 297.923473984516 298.272026144047 298.645635435063 298.929684371134 299.044192211302 299.147034754854 298.881692895914 299.088996225092 299.409976005145 299.928136508695 300.338102667853 300.352627802096 300.316240899445 300.284742286657 300.478029260968 -9999 301.102646203071 301.109579466989 301.35699545261 301.426110819616 301.547602274362 301.516696584222 301.372672596239 301.290113411058 301.396728860601 301.443132196008 301.563413526129 301.565983508099 301.513958084159 301.257483130977 301.807239020265 302.020294420709 302.081092035726 301.992258778817 301.738620661103 301.694709980943 301.790484557237 301.67175386882
290.842689121803 290.394742391824 289.467856646352 290.152882568804 293.66652605252 294.909679120973 295.706085784537 296.545809194301 296.714699589399 296.485896536586 297.028462640115 297.591037856793 297.868160875804 298.251604588824 298.825967435465 298.884532747803 298.99920008782 299.063934845668 299.083252892105 299.099583694422 299.299071417662 299.541952432962 300.000376669326 300.236687610899 300.411937904216 300.46032191985 300.482620103778 300.780627156071 300.784383835857 300.791869328915 301.213449588323 301.269292237176 301.366887957113 301.342689111523 301.203868420565 301.196420366591 301.449901134159 301.472280477189 301.567954180408 301.570517744323 301.573065608301 301.466238679884 301.554781511895 301.698043653638 301.875106729254 301.966334731895 301.804628019695 301.525636901934 301.348019266993 301.474588912939
291.085991853045 289.798932662865 287.662608519947 288.024389683879 292.463044068515 295.012186877166 295.841069083138 296.454916619579 296.224477549064 296.290467577518 296.976219129478 297.288168918307 297.730401258059 298.096871337659 298.584521741345 -9999 299.003895055584 299.118608834648 299.256747444877 299.251075917403 299.352963491586 299.407066886695 299.559559484705 299.743619136142 300.063903518562 300.335784220113 300.362757236729 300.490073546537 300.412951555509 300.510602086733 301.218013193751 301.154449116102 301.03819810338 301.040718629493 301.090514685557 301.290967878335 301.418616825441 301.359085167442 301.513629710142 301.57499235096 301.577525334316 301.580042617326 301.381703585512 301.214858484465 301.657902621645 301.747145389499 301.501849438246 301.392329328954 301.035632367964 301.25714235675
291.527096158995 290.260411416591 288.787027638785 289.813686752581 292.838743926142 295.335252813442 296.084666253113 296.01657820984 296.069495171351 296.701962483379 296.872379592739 297.102145849912 297.752362418508 297.991771173443 298.267467337436 298.64834608598 299.008506617121 -9999 299.29795556986 299.354472698384 299.357549777698 -9999 299.363576104795 299.392270830704 299.764331120128 300.314458858998 300.234596626551 300.162901618762 300.061073749397 300.291386141636 -9999 301.105975225214 300.894560933413 300.863818680126 300.954595418845 301.243732438407 301.178417161802 301.001286611712 301.133496226778 301.403144533881 301.581921789084 301.584430534548 301.183338149116 301.137374085088 301.193428945225 301.170293163003 301.06048313222 301.097010106585 300.981955972849 301.260763605139
291.77939192408 290.612328724187 290.133070157252 292.926049005253 293.884172509415 295.224023936605 295.838265169935 296.130692754951 296.318975408153 296.93575888185 296.885873813616 297.279244967029 297.863190503166 298.00765861133 298.17319092148 298.361446140566 298.829388784968 299.035637017943 -9999 299.358984379241 299.39329260404 299.488348601968 299.551915052069 299.491604307157 299.656130123622 300.007052285666 299.756850083993 299.861184366766 299.926856954655 300.313697381886 -9999 300.99169924141 300.898959240001 300.841583032245 300.757576132835 300.795282162932 300.906023582208 301.002861905629 300.963313947662 301.223882169321 301.272144576245 301.215536230107 301.14926859532 301.300014742476 300.904436333254 300.889157678865 301.008260940408 301.055629295592 300.977706060905 301.177318856227
292.039942816427 291.421214800283 290.599254944648 292.897301616204 293.96536278551 294.437880822885 294.129596050058 296.101960842358 296.271102649768 296.955906683373 -9999 297.838647768947 297.872017633116 297.967144156526 298.021012000805 298.062725818119 298.238451249922 298.416878872819 298.569753940252 298.992035985709 299.005561036387 299.22735025029 299.487241681187 299.817665919491 299.775477109512 299.863346782293 299.933658089778 299.913084865079 300.095703085501 300.321124605798 -9999 300.63433902277 300.401352716962 300.531908030218 300.460180526935 300.475717860697 300.584628280053 300.694928924489 300.830727537187 300.68539478527 300.594708596377 300.755138061652 300.962777195274 301.011020688225 300.985898308847 300.942741398707 300.945147101066 301.010871620613 301.171916765325 301.463499699888
291.644453431839 292.514766233268 292.282183848035 292.8825797216 294.4285886825 294.851096668544 295.016893111472 296.143756771654 296.688623484395 296.937655781447 297.015357459116 297.355044428153 297.381212378823 297.582988821043 297.768514937831 298.058860898372 298.101208371321 298.135005893163 298.199183127285 298.962649147159 298.893267383565 299.158428790507 299.406726324007 299.561799719355 299.746975975793 299.769037357365 299.902189431569 300.129917453739 300.398247004573 -9999 -9999 300.47840387643 300.330983145998 300.355102202356 300.416973378649 300.412859062125 300.470682531027 300.591319869067 300.525951191297 300.410448811839 300.44701844858 300.693009128288 300.974322998101 301.035470802595 301.002898050865 300.946823907352 300.949223041791 301.014807810969 301.084855194777 301.139468028331
292.11482454794 293.026398386021 293.457627876715 293.203129743735 294.573203584342 295.00152112198 295.713522161608 296.194638283903 296.636080611054 296.905057517326 296.803843777169 297.051082072981 296.961310579489 297.064295876397 297.460075424158 297.985807816729 297.999725845852 298.150221879557 298.203388928575 299.073907463296 299.106524303125 299.162558821465 299.385274905284 299.388209443328 299.474407814871 299.641367360749 299.765267012317 300.122723014465 300.402405721376 300.372788686115 -9999 -9999 300.389319359462 300.370813805062 300.387821854294 300.304353027721 300.346755486568 300.468973386668 300.358390767097 300.267088990425 300.433447041307 300.833816848378 -9999 -9999 -9999 300.986037333499 300.976290888914 300.960312556067 301.061360703907 300.960351572013
