rcp4.5models/CNRM_CM5/sc1gr4.12
NCOLS 261 
NROWS 433 
XLLCORNER 336357.134 
YLLCORNER 654653.479 
CELLSIZE 1000 
NODATA_value -3.4e+38 
[rows 374 to 395 of 433, columns 98 to 146 of 261]
241.546356201172 241.815093994141 241.810562133789 244.966659545898 242.684616088867 238.253662109375 228.746871948242 221.615844726562 223.280242919922 230.762222290039 235.424942016602 236.968902587891 238.256484985352 233.704467773438 220.123291015625 217.327880859375 214.51838684082 210.016693115234 203.155029296875 199.238494873047 197.640411376953 194.93571472168 196.126754760742 199.896865844727 205.721221923828 210.616760253906 215.293411254883 215.931045532227 214.891342163086 216.608596801758 220.386993408203 228.716796875 243.614044189453 249.98876953125 251.513565063477 257.996887207031 265.973571777344 267.603576660156 261.423980712891 262.021575927734 270.072509765625 273.976348876953 274.602569580078 275.170471191406 275.327575683594 -3.4e+38 -3.4e+38 -3.4e+38 -3.4e+38
239.97802734375 241.93537902832 240.138046264648 240.061752319336 244.649826049805 244.451141357422 235.861267089844 228.041381835938 227.050964355469 228.384552001953 230.417022705078 234.80696105957 238.713470458984 235.439468383789 218.082550048828 207.89567565918 203.011260986328 196.160598754883 190.018920898438 188.731338500977 189.315872192383 188.177383422852 188.826110839844 193.961898803711 201.771865844727 210.435623168945 224.655120849609 225.904220581055 226.267349243164 225.254638671875 222.689453125 230.600021362305 245.461044311523 247.719451904297 250.5341796875 253.201110839844 255.875366210938 271.610412597656 269.616455078125 268.006927490234 272.052124023438 274.275817871094 274.903167724609 275.254272460938 275.276306152344 275.771575927734 276.184448242188 -3.4e+38 -3.4e+38
236.917434692383 236.273574829102 236.815368652344 236.740966796875 241.103118896484 244.630828857422 243.264938354492 240.748138427734 236.941329956055 234.365509033203 234.265090942383 236.923461914062 238.80451965332 238.06184387207 226.98762512207 214.85334777832 207.288299560547 199.689865112305 195.986679077148 196.266998291016 194.272094726562 192.751449584961 192.843658447266 196.536895751953 205.086242675781 213.728897094727 225.73193359375 228.965576171875 231.001251220703 229.679229736328 230.448883056641 238.011474609375 245.387619018555 246.522018432617 250.366577148438 255.970260620117 256.715179443359 270.313537597656 273.738708496094 274.18701171875 274.479370117188 274.443450927734 274.938018798828 275.368621826172 275.495758056641 -3.4e+38 -3.4e+38 -3.4e+38 -3.4e+38
233.740371704102 231.345703125 230.211166381836 236.898818969727 238.624816894531 240.876708984375 242.069961547852 238.869888305664 236.12419128418 234.3681640625 231.635635375977 235.590118408203 238.758758544922 238.120712280273 234.762512207031 229.738464355469 223.154754638672 217.396072387695 212.722640991211 209.500198364258 205.177688598633 202.088165283203 200.04296875 202.445297241211 211.40104675293 219.269287109375 230.409072875977 232.743270874023 236.212219238281 234.674102783203 232.350402832031 237.224594116211 244.078796386719 249.857025146484 255.343383789062 260.554473876953 261.152648925781 267.606170654297 273.020324707031 274.436981201172 274.730194091797 274.609558105469 274.754455566406 275.481201171875 275.734649658203 275.636901855469 276.182312011719 276.719940185547 276.780578613281
235.326873779297 231.720794677734 228.691970825195 228.714157104492 232.576141357422 235.104370117188 237.070953369141 232.95524597168 229.331176757812 225.704864501953 221.662933349609 223.615509033203 227.570343017578 230.837890625 232.632217407227 230.377395629883 224.217376708984 219.505905151367 215.307250976562 211.056106567383 206.555892944336 201.990036010742 198.540115356445 200.070709228516 207.029998779297 215.966461181641 232.439682006836 234.249588012695 238.703109741211 241.401947021484 237.635284423828 237.992141723633 241.774047851562 251.898559570312 263.310241699219 265.825897216797 265.817230224609 261.298492431641 268.878875732422 273.580352783203 274.781707763672 274.993988037109 275.254760742188 275.631469726562 275.983612060547 275.937408447266 276.203186035156 276.700531005859 277.229400634766
232.798080444336 232.795440673828 231.644149780273 224.028228759766 225.618957519531 229.242004394531 230.634460449219 229.487747192383 225.413604736328 220.276992797852 216.74592590332 211.459350585938 210.432205200195 213.866485595703 217.416931152344 218.00764465332 211.795745849609 206.268859863281 204.622039794922 203.384155273438 201.250854492188 198.966491699219 197.612838745117 197.881851196289 200.503143310547 207.230224609375 221.948883056641 226.95166015625 236.511688232422 239.237243652344 243.196304321289 243.369812011719 246.528305053711 256.574859619141 265.136566162109 269.350921630859 270.019348144531 260.292449951172 264.961944580078 272.193664550781 274.600738525391 275.261505126953 275.856292724609 276.017517089844 276.129821777344 276.403747558594 276.637939453125 276.800537109375 277.338592529297
234.317947387695 233.381713867188 232.059585571289 228.022155761719 226.941146850586 227.151321411133 226.976104736328 226.37092590332 222.82487487793 218.534439086914 215.910461425781 211.693176269531 208.617874145508 206.332565307617 206.013595581055 207.533493041992 202.967559814453 198.457275390625 198.356140136719 199.241088867188 199.768600463867 199.648742675781 198.70719909668 197.910736083984 198.542770385742 201.286682128906 208.781326293945 221.414779663086 236.090667724609 234.670928955078 240.867309570312 243.611328125 247.910522460938 256.960266113281 263.295318603516 267.793334960938 271.090057373047 268.382049560547 267.773559570312 270.837188720703 273.971313476562 274.865509033203 275.575744628906 275.772918701172 275.946685791016 276.601135253906 277.169189453125 277.375579833984 277.319458007812
242.283660888672 234.738723754883 230.106216430664 230.619903564453 229.843673706055 228.815780639648 227.89030456543 227.25553894043 227.47998046875 225.816864013672 221.770889282227 216.623825073242 213.231872558594 210.876342773438 212.889205932617 211.567596435547 206.877258300781 202.203399658203 199.684066772461 200.238922119141 201.646713256836 200.708908081055 199.565383911133 197.917861938477 195.989151000977 196.955780029297 197.537109375 214.947326660156 235.158386230469 236.486724853516 241.356185913086 243.23762512207 245.491317749023 256.750793457031 261.960113525391 263.761444091797 266.259765625 269.626739501953 268.381866455078 264.345123291016 267.661193847656 273.934326171875 275.042510986328 275.153930664062 275.462554931641 276.204864501953 276.984100341797 277.380859375 277.645812988281
248.740829467773 244.403411865234 238.652603149414 234.015335083008 235.176834106445 230.556335449219 227.989227294922 229.59016418457 232.974868774414 230.673751831055 225.437622070312 220.522979736328 216.722366333008 215.851135253906 223.070175170898 221.425903320312 216.2578125 211.832504272461 205.978057861328 205.44026184082 210.672241210938 209.57373046875 207.028564453125 205.518432617188 202.204452514648 199.888610839844 193.748291015625 203.518737792969 222.903869628906 234.161727905273 241.046371459961 245.738159179688 251.478637695312 261.593872070312 262.112091064453 262.129638671875 262.278411865234 263.585205078125 264.138244628906 260.627777099609 263.300933837891 272.657073974609 274.345642089844 274.904632568359 275.101440429688 275.534912109375 276.531677246094 276.999725341797 277.864410400391
258.135131835938 252.290237426758 242.922073364258 240.745559692383 242.005249023438 245.081741333008 243.601089477539 243.512786865234 243.274948120117 237.274993896484 236.320159912109 236.802871704102 235.945465087891 237.247955322266 235.518020629883 237.481460571289 235.469055175781 233.356674194336 232.329193115234 230.655166625977 230.009384155273 229.218902587891 227.72688293457 228.480331420898 227.839431762695 228.190795898438 235.485275268555 235.436492919922 238.070861816406 239.537658691406 241.135177612305 245.027130126953 253.602523803711 262.379547119141 262.157348632812 263.079345703125 264.36767578125 267.154327392578 266.910522460938 265.199157714844 267.263488769531 271.210723876953 272.333435058594 273.259490966797 274.383026123047 274.944091796875 275.325439453125 275.835021972656 277.410888671875
258.634765625 255.670043945312 245.973739624023 233.286911010742 231.652847290039 234.6435546875 238.264862060547 241.557708740234 244.497665405273 242.60578918457 243.031997680664 243.05256652832 241.195831298828 239.236099243164 237.36116027832 236.100799560547 233.93830871582 234.647094726562 236.821395874023 236.583419799805 235.473907470703 234.3564453125 233.244812011719 231.473129272461 229.475936889648 230.107650756836 237.025207519531 238.162170410156 240.405471801758 237.717559814453 238.267181396484 245.030242919922 253.971527099609 263.652130126953 262.895385742188 264.684600830078 267.743865966797 269.858947753906 270.563049316406 269.328948974609 268.169799804688 270.884948730469 270.835296630859 271.555725097656 274.002746582031 274.509124755859 274.988342285156 275.362487792969 276.832702636719
258.164520263672 257.644653320312 251.255172729492 237.502471923828 234.732467651367 232.288024902344 235.035797119141 239.691467285156 243.9912109375 245.93669128418 245.239349365234 241.384658813477 236.871017456055 234.42936706543 237.19987487793 237.813537597656 236.865570068359 236.492568969727 237.255950927734 237.805786132812 236.134918212891 234.475067138672 235.170608520508 235.990737915039 232.11686706543 229.562835693359 235.321899414062 233.795486450195 236.563949584961 237.259399414062 235.791076660156 242.92448425293 254.996231079102 266.490295410156 266.151489257812 266.168304443359 269.227233886719 271.548400878906 271.237670898438 271.163299560547 271.649993896484 271.662231445312 270.380218505859 271.483123779297 273.533782958984 274.525726318359 275.118621826172 275.462677001953 276.762054443359
252.133117675781 256.537017822266 254.939926147461 246.552444458008 242.345809936523 236.183013916016 234.517822265625 235.258544921875 239.759902954102 244.320724487305 243.827377319336 241.352905273438 237.81884765625 237.010360717773 237.824478149414 237.241424560547 238.2890625 237.507736206055 234.750564575195 231.583938598633 231.935119628906 232.669784545898 232.375885009766 236.813186645508 236.115631103516 232.390670776367 236.427871704102 235.121398925781 238.153884887695 239.552017211914 239.71549987793 247.095230102539 253.742477416992 261.646850585938 266.946441650391 267.441162109375 268.787048339844 272.292694091797 272.048004150391 271.899566650391 272.436187744141 272.546630859375 272.225006103516 272.461395263672 272.7841796875 274.526672363281 275.2080078125 275.677154541016 276.964782714844
242.858032226562 249.409133911133 256.570953369141 253.542816162109 248.834442138672 240.767608642578 232.857238769531 228.250366210938 230.333740234375 237.027572631836 240.679183959961 240.721176147461 240.441741943359 240.764495849609 233.570983886719 233.729995727539 238.485260009766 239.616317749023 234.90754699707 229.751770019531 231.387664794922 235.09782409668 236.034545898438 238.689346313477 239.439529418945 239.76091003418 238.793395996094 239.598098754883 240.351821899414 239.52375793457 241.499435424805 249.067306518555 253.66926574707 255.964279174805 263.37353515625 268.158935546875 269.133361816406 272.092712402344 272.633728027344 272.869201660156 273.082977294922 273.425231933594 273.705078125 273.509033203125 273.159210205078 274.478485107422 275.140502929688 275.723785400391 276.661804199219
242.533843994141 245.820098876953 254.061782836914 256.523773193359 254.344573974609 247.018264770508 232.354858398438 223.526809692383 224.43603515625 230.612091064453 236.883880615234 238.645217895508 240.03385925293 238.257934570312 234.77131652832 242.319198608398 246.138290405273 244.431365966797 238.26513671875 234.439361572266 235.962417602539 241.0009765625 243.337539672852 243.373718261719 242.027313232422 241.145004272461 240.469604492188 240.394287109375 239.214385986328 237.990921020508 241.681411743164 248.513641357422 253.053146362305 256.515014648438 261.283752441406 267.049468994141 269.683349609375 272.05712890625 272.451843261719 272.726257324219 273.027862548828 273.479583740234 273.922637939453 274.299987792969 274.255950927734 274.764343261719 275.190887451172 275.717468261719 276.553894042969
250.113357543945 249.765808105469 251.472717285156 251.861526489258 247.994918823242 244.559814453125 237.655471801758 228.283020019531 224.75422668457 228.498062133789 234.191680908203 238.173736572266 240.854476928711 237.661422729492 243.123962402344 252.609298706055 252.179977416992 247.208923339844 241.652038574219 239.654403686523 241.145217895508 243.602020263672 243.968490600586 243.450241088867 242.087554931641 241.422714233398 240.732284545898 240.257919311523 239.152542114258 238.242324829102 241.385589599609 247.893127441406 253.399963378906 258.669921875 263.595428466797 267.836517333984 270.018280029297 269.080963134766 270.992218017578 272.002716064453 271.528167724609 272.484649658203 273.894927978516 274.037719726562 274.343139648438 275.035583496094 275.505981445312 275.868499755859 276.996795654297
254.10888671875 253.518188476562 251.753433227539 245.617279052734 243.001113891602 243.274322509766 242.709915161133 236.232452392578 232.064102172852 233.331771850586 235.001541137695 237.781021118164 240.395950317383 236.828323364258 247.388763427734 253.847274780273 250.82048034668 246.153381347656 243.359130859375 243.103973388672 243.432205200195 243.766326904297 244.46501159668 242.326126098633 240.582397460938 241.537948608398 239.197937011719 240.273040771484 243.993957519531 244.80339050293 242.689666748047 245.719589233398 255.710891723633 261.370880126953 266.202819824219 268.106109619141 268.594451904297 263.704467773438 267.578460693359 271.414733886719 271.385681152344 271.720703125 272.740112304688 273.754699707031 274.377380371094 275.248413085938 276.0107421875 276.336791992188 277.004852294922
254.762619018555 255.06364440918 253.636749267578 244.546890258789 243.622131347656 248.586029052734 249.593307495117 244.694931030273 238.319396972656 236.687301635742 237.694580078125 238.620422363281 237.46272277832 233.634841918945 249.985748291016 254.339401245117 251.841812133789 248.403518676758 245.864028930664 244.383834838867 244.518737792969 245.833435058594 244.998382568359 241.041976928711 239.614654541016 241.201812744141 240.017578125 243.037338256836 247.472900390625 247.119583129883 246.08154296875 248.248016357422 256.603271484375 264.3369140625 266.414215087891 266.821441650391 267.110656738281 264.425170898438 267.681335449219 270.869049072266 271.868804931641 272.067321777344 272.580017089844 273.938568115234 274.547760009766 275.354614257812 275.972534179688 276.029296875 276.677001953125
254.790985107422 255.798599243164 254.92414855957 248.817199707031 246.437744140625 250.370635986328 254.054550170898 252.985366821289 245.647567749023 239.780746459961 237.709777832031 235.045776367188 231.741394042969 233.52604675293 250.413436889648 254.959167480469 254.62043762207 253.215133666992 249.635177612305 246.577499389648 246.552261352539 247.112945556641 244.584762573242 240.981262207031 240.356216430664 241.208297729492 240.321090698242 243.912109375 244.540405273438 246.228988647461 250.213073730469 252.621002197266 259.355346679688 266.726867675781 266.08642578125 267.178985595703 268.519653320312 268.490142822266 269.775360107422 270.920257568359 271.983215332031 272.575561523438 273.337066650391 273.830139160156 274.270629882812 275.192749023438 275.426361083984 275.394958496094 276.373474121094
255.099716186523 255.909957885742 256.607086181641 253.346298217773 252.298126220703 252.602172851562 252.15446472168 253.566619873047 253.806045532227 248.803436279297 243.517715454102 234.47233581543 232.149337768555 240.898468017578 251.990997314453 255.142059326172 255.046234130859 254.366775512695 251.263534545898 247.794937133789 247.428970336914 247.353988647461 244.372146606445 241.822799682617 241.580276489258 241.147247314453 239.440979003906 238.654525756836 241.514541625977 248.151153564453 253.476150512695 254.982406616211 261.423828125 268.321166992188 267.747344970703 268.963012695312 270.560394287109 269.807281494141 270.468627929688 271.667266845703 272.424041748047 272.997833251953 273.354217529297 273.298309326172 273.721771240234 274.783966064453 274.975250244141 275.239532470703 276.203674316406
257.080139160156 256.092864990234 256.567169189453 254.00732421875 253.611526489258 254.418884277344 253.813293457031 253.959106445312 255.096145629883 254.789535522461 253.674789428711 246.743530273438 244.897735595703 250.94987487793 254.54231262207 254.461654663086 254.714340209961 253.23307800293 249.747482299805 248.122817993164 248.538467407227 247.387985229492 244.449249267578 242.509094238281 242.779846191406 242.668334960938 238.560577392578 240.100387573242 246.88249206543 252.090591430664 253.647048950195 255.006088256836 262.409423828125 270.699462890625 270.525512695312 270.740814208984 271.065216064453 270.224456787109 270.623565673828 271.510070800781 272.029418945312 272.576751708984 273.009704589844 272.935150146484 273.474151611328 274.217498779297 274.754669189453 275.472198486328 276.312835693359
256.277709960938 257.307403564453 255.36164855957 249.336975097656 248.998580932617 252.25895690918 254.565139770508 254.313552856445 255.588012695312 256.360748291016 256.154174804688 255.795120239258 253.780960083008 248.617172241211 243.83479309082 246.803298950195 246.838653564453 245.354034423828 245.829666137695 248.950744628906 250.650115966797 248.964172363281 247.868316650391 246.416213989258 243.052932739258 238.486129760742 242.039978027344 251.21516418457 254.445495605469 254.821807861328 255.10417175293 255.229736328125 261.863647460938 270.859313964844 271.388610839844 272.005004882812 271.156219482422 270.868957519531 271.054412841797 271.162963867188 270.522247314453 270.554473876953 271.872650146484 272.738555908203 273.248413085938 274.041259765625 274.568359375 275.036499023438 275.729339599609
