rcp4.5models/CNRM_CM5/sc1gr7.21
NCOLS 261 
NROWS 433 
XLLCORNER 336357.134 
YLLCORNER 654653.479 
CELLSIZE 1000 
NODATA_value -3.4e+38 
[rows 352 to 373 of 433, columns 49 to 97 of 261]
79.0785903930664 79.6841888427734 80.2879104614258 80.4833297729492 80.6062240600586 80.9100112915039 81.220344543457 81.6301498413086 81.9594268798828 82.2360305786133 82.4158325195312 82.7332000732422 82.9373626708984 83.1446914672852 83.3941879272461 83.5496215820312 83.7112350463867 83.8063354492188 83.1746597290039 83.5928497314453 83.8064804077148 83.7675476074219 83.7682189941406 83.7466049194336 83.7320556640625 83.0569839477539 83.1749725341797 82.6553802490234 81.9620742797852 82.2174682617188 82.0111846923828 81.823600769043 80.8839721679688 79.7907104492188 79.8605651855469 81.2507095336914 82.5583267211914 82.7018890380859 82.6496887207031 81.6763305664062 79.0095443725586 82.1117095947266 82.9053955078125 82.914436340332 82.9047470092773 82.8871841430664 82.9045028686523 82.8731307983398 82.8049163818359
79.2609252929688 79.7170562744141 80.2414245605469 80.4589996337891 80.546989440918 80.9378356933594 81.2968902587891 81.5652160644531 81.8062896728516 82.0874938964844 82.4054336547852 82.6869506835938 82.8935012817383 83.1098937988281 83.2995681762695 83.3884582519531 83.5373382568359 83.6886367797852 83.4563217163086 83.8109741210938 83.7542419433594 83.7208480834961 83.5586700439453 83.5636444091797 83.7143936157227 83.5968322753906 83.5316314697266 83.5926666259766 83.5451354980469 82.3198699951172 81.8943481445312 82.0230484008789 82.0622787475586 80.7012710571289 79.4233245849609 79.9737091064453 81.5207290649414 82.5621109008789 82.7907943725586 82.1674041748047 79.240234375 80.5460815429688 82.3295059204102 82.7403564453125 82.6709594726562 82.6303100585938 82.7314224243164 82.7753448486328 82.6265335083008
79.2967147827148 79.71240234375 80.1779403686523 80.4768905639648 80.5836715698242 80.8748168945312 81.205924987793 81.6404800415039 81.8973999023438 82.1096954345703 82.3821487426758 82.6005172729492 82.8012847900391 83.0600280761719 83.1667327880859 83.2693099975586 83.3971786499023 83.5526351928711 83.4616394042969 83.6217575073242 83.6503601074219 83.6369094848633 83.5419769287109 83.255126953125 83.2719802856445 83.474723815918 83.5032958984375 83.4123229980469 83.3779296875 82.1166534423828 81.6251525878906 82.1306228637695 82.3453826904297 80.8933181762695 79.2632522583008 78.9609069824219 79.5878448486328 81.1664352416992 82.4080047607422 82.2673263549805 80.5657501220703 77.3728103637695 80.5072937011719 82.4078140258789 82.5923919677734 82.3186111450195 82.3293075561523 82.6031036376953 82.4985656738281
79.1112213134766 79.5640106201172 80.0506820678711 80.4007568359375 80.5625 80.8042144775391 81.1626358032227 81.6640777587891 81.9318695068359 82.1608657836914 82.3811798095703 82.5430908203125 82.7159881591797 82.9718551635742 83.1312484741211 83.1919174194336 83.1980895996094 83.3711013793945 82.7585220336914 83.0001602172852 83.5915832519531 83.5540924072266 83.5787734985352 83.2986526489258 83.1849136352539 83.3800888061523 83.4468231201172 83.3017196655273 83.2564697265625 82.8935012817383 82.1810836791992 82.4134063720703 82.6954574584961 81.9347229003906 81.2771759033203 79.3369750976562 78.2295913696289 79.2705535888672 80.9516372680664 82.1214218139648 81.4710388183594 75.8614654541016 77.1923599243164 80.4494247436523 82.1790466308594 82.0979232788086 81.9499740600586 82.1502380371094 82.2382202148438
79.0098876953125 79.5291442871094 79.9204864501953 80.2622833251953 80.5637817382812 80.6664352416992 80.8029861450195 81.6294784545898 81.8389282226562 82.0253829956055 82.1171798706055 82.4065933227539 82.6294555664062 82.8026962280273 83.0003509521484 82.8600616455078 82.9460220336914 83.162727355957 82.573112487793 82.86865234375 83.4944686889648 83.2201309204102 82.8713684082031 83.0274124145508 83.3089065551758 83.2575607299805 83.2889022827148 83.3097305297852 83.2398147583008 83.1038131713867 82.5198593139648 82.1179428100586 81.9359741210938 81.6904754638672 81.888801574707 80.9694366455078 79.9717407226562 79.870475769043 80.4971466064453 81.7693939208984 81.9910583496094 77.3777008056641 75.7283020019531 78.1031188964844 81.0241470336914 81.8006820678711 81.5924377441406 81.5264663696289 81.8302230834961
79.1256942749023 79.5776138305664 79.8316345214844 80.1321868896484 80.5021667480469 80.6467590332031 80.6176223754883 81.6315383911133 81.8172607421875 81.9885406494141 82.1290740966797 82.4014587402344 82.585334777832 82.118766784668 82.4548187255859 82.7101898193359 82.6027526855469 82.9248886108398 82.7402267456055 82.9092483520508 83.1209716796875 83.1460647583008 81.8510131835938 82.153190612793 83.1181640625 82.2773132324219 82.532096862793 83.2361450195312 83.1596221923828 83.0625991821289 82.1539001464844 80.9706802368164 80.6153106689453 80.3143310546875 80.8830261230469 81.4013824462891 81.1236801147461 80.5641479492188 80.2869186401367 80.8990097045898 81.5522384643555 79.95458984375 76.9928817749023 76.3316040039062 78.5922698974609 80.6829452514648 81.4484710693359 81.3520584106445 81.5001220703125
79.2332534790039 79.4436569213867 79.6942749023438 79.9804534912109 80.4050674438477 80.6901245117188 80.7694702148438 81.4930877685547 81.7182388305664 81.9868316650391 82.2366104125977 82.2201690673828 82.2621841430664 82.1266937255859 81.4915771484375 81.755500793457 81.7994079589844 81.9577255249023 82.3937377929688 83.0324020385742 82.6727905273438 82.8938598632812 81.4596176147461 81.8010864257812 82.8437881469727 82.054313659668 82.4121551513672 83.080924987793 83.0297698974609 82.9422988891602 82.3106689453125 80.279914855957 79.5058135986328 79.7899475097656 80.2406463623047 80.6641311645508 80.7181625366211 80.3429794311523 79.6054382324219 79.7168502807617 79.732177734375 81.0666580200195 78.6730270385742 75.7511520385742 76.2413940429688 78.7255401611328 80.8190307617188 81.4667129516602 81.3279800415039
79.1659927368164 79.3227844238281 79.6245803833008 80.0246429443359 80.2750091552734 80.5952224731445 80.5942230224609 81.3623809814453 81.6362152099609 81.9831008911133 82.2051315307617 81.5652923583984 80.8035659790039 81.8476715087891 81.1021423339844 80.4641723632812 80.9374618530273 81.3893127441406 82.7009048461914 83.1521530151367 82.8340225219727 82.8686904907227 82.3724746704102 82.4650650024414 82.8112487792969 81.9576721191406 81.5805435180664 82.418083190918 82.9146270751953 82.8003692626953 82.7203598022461 81.2478485107422 79.6835174560547 79.6180953979492 79.8725280761719 79.9651947021484 80.4723510742188 80.1770248413086 78.5231552124023 78.6345748901367 78.8366775512695 79.912483215332 79.8469009399414 77.6107330322266 76.5211334228516 76.8911285400391 78.7866363525391 80.8301391601562 81.3502197265625
79.0539627075195 79.3213806152344 79.7327423095703 80.0187606811523 80.1896057128906 80.4908447265625 80.8028335571289 81.4699630737305 81.6494750976562 81.5604858398438 81.3802032470703 81.3419647216797 81.1962814331055 81.1128005981445 81.2639083862305 80.222282409668 80.2810134887695 81.0898513793945 81.2662200927734 82.4644393920898 82.7040252685547 82.7237930297852 81.9867630004883 82.0637588500977 81.4512252807617 80.9916000366211 81.2713394165039 81.6494903564453 82.2534866333008 82.3668441772461 82.3599395751953 82.101432800293 81.1885757446289 80.3770370483398 80.2722320556641 79.6203079223633 79.5475234985352 79.833610534668 78.6482849121094 77.6958084106445 78.4741058349609 78.5841903686523 79.613037109375 79.8354187011719 79.4869537353516 78.6669540405273 77.8723602294922 77.5031967163086 77.8636322021484
79.0688705444336 79.407112121582 79.7579116821289 80.0252227783203 80.1671447753906 80.4766693115234 80.8015441894531 81.4468612670898 81.601188659668 81.6737213134766 81.5017395019531 81.4204025268555 81.5404586791992 81.7226181030273 80.9906692504883 81.3122253417969 81.6915740966797 80.7180786132812 81.6191711425781 82.1959838867188 82.4857177734375 82.5799179077148 82.028450012207 82.1162796020508 81.6726837158203 81.5567169189453 81.490234375 81.2798690795898 81.9323120117188 82.2234802246094 82.1746978759766 82.1117935180664 81.8476333618164 81.0811462402344 80.5922088623047 80.1201934814453 79.22216796875 78.7967681884766 77.9488372802734 77.0622406005859 77.3841018676758 78.4114151000977 78.7762222290039 79.1205902099609 78.8564147949219 78.4844512939453 78.3380966186523 78.1219024658203 77.2470474243164
79.1920928955078 79.4611511230469 79.7927703857422 80.0268249511719 80.2907028198242 80.5857009887695 80.8407440185547 81.4039840698242 81.553092956543 81.6882095336914 81.6388854980469 81.5080261230469 80.6666793823242 81.0048294067383 80.9974746704102 81.6615447998047 82.2060623168945 81.5538558959961 82.2060317993164 82.247917175293 82.3947982788086 82.5041198730469 82.4296646118164 82.2049255371094 82.0498886108398 81.9307861328125 81.2108840942383 81.193000793457 81.7454681396484 82.0862884521484 81.931640625 81.9853286743164 81.998893737793 81.2461929321289 80.3710479736328 79.7393264770508 78.9427337646484 78.2819213867188 77.8620452880859 77.4230575561523 76.9894790649414 78.6370315551758 78.4388961791992 78.7449951171875 78.5459823608398 77.9725494384766 78.0317306518555 78.4782104492188 78.2209396362305
-3.4e+38 79.4314041137695 79.8194274902344 80.1362075805664 80.4701461791992 80.6863479614258 80.8329391479492 81.3534774780273 81.4960861206055 81.5520172119141 81.6386413574219 81.5459213256836 80.5428085327148 80.2644577026367 80.9665222167969 81.6245498657227 81.9763107299805 81.9467010498047 82.2552642822266 82.4092330932617 82.3743438720703 82.4084930419922 82.1655731201172 81.805305480957 81.9656600952148 81.7756729125977 80.9229736328125 81.2891693115234 81.7936935424805 81.9846267700195 81.8248062133789 81.6909103393555 81.7235870361328 81.5600357055664 81.1250762939453 80.1274032592773 79.3507461547852 78.348876953125 77.9707412719727 77.7393493652344 77.1000747680664 78.4811782836914 78.7768936157227 78.6505737304688 78.5283889770508 77.9488906860352 77.2780227661133 77.7696685791016 78.6899337768555
-3.4e+38 79.4704666137695 79.8372802734375 80.1988143920898 80.5424346923828 80.7441482543945 80.8843841552734 81.2943649291992 81.4812088012695 81.4354705810547 81.4769897460938 81.2795715332031 81.1164093017578 80.8203964233398 81.320556640625 81.5462188720703 81.8594665527344 81.8405380249023 82.0023651123047 82.2055740356445 82.1966705322266 82.2248077392578 81.9980773925781 81.6037368774414 81.6512680053711 81.3991622924805 80.8416290283203 81.3945007324219 81.8645324707031 81.7674331665039 81.7826614379883 81.5364532470703 81.4835052490234 81.5743179321289 81.0365829467773 80.5402679443359 80.2154159545898 79.0764312744141 78.2179718017578 77.9377593994141 77.5268173217773 78.111328125 79.0432739257812 78.892692565918 78.7665786743164 78.3566436767578 77.5323486328125 77.7066955566406 78.5980682373047
-3.4e+38 79.5142974853516 79.8096008300781 80.1572036743164 80.5132675170898 80.7780609130859 80.91357421875 81.2387771606445 81.363151550293 81.431037902832 81.4153060913086 80.9855728149414 81.0241165161133 81.4567337036133 81.8166580200195 81.7902755737305 81.8931045532227 81.7993774414062 81.9996719360352 82.0372848510742 82.0310363769531 81.797607421875 81.8061294555664 81.8181610107422 81.7207641601562 80.8181991577148 80.4707946777344 81.2299728393555 81.6390075683594 81.1209411621094 81.2768936157227 81.4352951049805 81.2690505981445 81.289794921875 80.8431930541992 80.165153503418 79.8540725708008 79.4608306884766 78.682991027832 78.0912322998047 77.9561004638672 78.1407775878906 78.7139053344727 78.9333419799805 78.5781021118164 78.3013076782227 78.1922454833984 78.2064437866211 78.5381011962891
-3.4e+38 -3.4e+38 79.8713989257812 80.2320861816406 80.4965972900391 80.7293243408203 80.8849868774414 81.2035217285156 81.2712936401367 81.3587951660156 81.4147567749023 81.3016891479492 81.2531051635742 81.5527038574219 81.8157043457031 81.896240234375 81.8960723876953 81.8525772094727 81.8966827392578 81.8527526855469 81.8818359375 81.6022567749023 81.6519393920898 81.8020401000977 81.58203125 81.0244674682617 80.7679214477539 81.0659790039062 81.3497848510742 81.0756072998047 81.1370391845703 81.2954025268555 81.0274124145508 80.8624725341797 80.8941116333008 79.854377746582 78.8259201049805 79.2709197998047 78.4968872070312 77.2128219604492 77.1184463500977 77.4834518432617 77.4527282714844 78.4767913818359 78.5580520629883 78.40673828125 78.4651107788086 78.4589538574219 78.4730606079102
-3.4e+38 -3.4e+38 79.8949356079102 80.2705535888672 80.508056640625 80.7111663818359 80.9001693725586 81.1630096435547 81.2046890258789 81.2994155883789 81.3569717407227 81.4544525146484 81.4941101074219 81.5734481811523 81.6780776977539 81.7375640869141 81.7648696899414 81.7622909545898 81.5744857788086 81.3873519897461 81.4895629882812 81.4463348388672 81.3103713989258 81.45654296875 80.798713684082 80.7800140380859 80.7769927978516 80.5181045532227 80.928092956543 81.2546310424805 81.198974609375 81.1410598754883 80.9465866088867 80.6865005493164 80.5857315063477 79.9543914794922 78.4957809448242 78.1694488525391 77.9771957397461 76.9201049804688 76.0462341308594 77.0741271972656 76.7312927246094 77.5639801025391 78.1464309692383 78.2660980224609 78.2464599609375 78.3122406005859 78.2360687255859
-3.4e+38 -3.4e+38 79.9932098388672 80.1901245117188 80.4230346679688 80.7041549682617 80.9401092529297 81.0657424926758 81.1012649536133 81.2098159790039 81.2808303833008 81.3108596801758 81.3864212036133 81.4637069702148 81.5179138183594 81.5365371704102 81.5533905029297 81.573860168457 81.2862167358398 80.862548828125 80.8811721801758 80.8880004882812 80.6592636108398 81.04296875 80.6994552612305 80.4158325195312 80.5215301513672 80.1260986328125 80.4134826660156 81.0556259155273 81.0073623657227 80.9561386108398 80.8576126098633 80.5320358276367 79.5543365478516 78.8074493408203 78.0415191650391 77.5864334106445 77.5385589599609 77.1728591918945 75.9554214477539 76.6786193847656 76.5796661376953 77.054557800293 77.3427963256836 77.5540313720703 78.0124282836914 78.0547943115234 77.6582794189453
-3.4e+38 -3.4e+38 79.8136978149414 80.0219268798828 80.3855972290039 80.6760025024414 80.8468475341797 80.982292175293 81.0365524291992 81.1042404174805 81.1469573974609 80.7280731201172 80.9732818603516 81.3021087646484 81.3270874023438 81.3169784545898 81.3171539306641 81.3376541137695 81.1067504882812 80.275993347168 80.2271499633789 80.4075698852539 80.3367004394531 80.6115112304688 80.7840957641602 80.2736968994141 80.197883605957 79.9859390258789 79.5459213256836 80.7199249267578 80.7648773193359 80.7390213012695 80.6897125244141 80.2671279907227 79.2123870849609 78.3301467895508 78.1837692260742 78.1443862915039 77.3367919921875 77.1448822021484 76.7189407348633 76.0614852905273 76.6659393310547 76.8344955444336 76.6501770019531 76.539665222168 77.0258331298828 77.6734390258789 77.7379989624023
-3.4e+38 -3.4e+38 79.7279434204102 79.9406356811523 80.3154220581055 80.5503845214844 80.6839828491211 80.8298187255859 80.8801803588867 80.9221954345703 80.9664688110352 80.7196655273438 80.8875274658203 81.1493988037109 81.1728515625 81.1510467529297 81.1064987182617 81.0981369018555 81.0535049438477 80.4210662841797 79.948844909668 79.9170532226562 80.3186721801758 80.6094818115234 80.6683120727539 80.3158798217773 80.2614898681641 79.9576416015625 78.5520172119141 79.7930374145508 80.5295181274414 80.4663848876953 80.4542694091797 79.9738616943359 79.3853073120117 78.9022979736328 78.3617248535156 78.0700302124023 77.5548782348633 77.2966995239258 77.2262725830078 76.3187789916992 76.4566040039062 75.9271545410156 75.8875732421875 76.0339965820312 75.9538040161133 77.0707397460938 77.8224487304688
-3.4e+38 -3.4e+38 79.3616790771484 79.6813583374023 79.9099655151367 80.0798873901367 80.1908721923828 80.38623046875 80.4660873413086 80.5431289672852 80.5976791381836 80.6560134887695 80.6600875854492 80.6686401367188 80.7370758056641 80.7363739013672 80.7425231933594 80.7089462280273 80.7395095825195 80.6277542114258 80.5045547485352 80.2820587158203 80.2185897827148 79.8534469604492 79.6576614379883 80.1395111083984 80.4250717163086 79.9218978881836 78.9673690795898 78.4226303100586 79.5766754150391 79.9931945800781 79.9516296386719 79.8858642578125 79.4625549316406 79.0631637573242 78.682746887207 78.5048904418945 78.3634796142578 77.8403472900391 77.5024719238281 76.1562118530273 74.937141418457 74.9434127807617 75.0622940063477 75.4137344360352 76.1554489135742 75.7927398681641 75.4656448364258
-3.4e+38 79.0702590942383 79.2122573852539 79.4613342285156 79.6614151000977 79.7760162353516 79.8967361450195 80.1344375610352 80.2051315307617 80.2564926147461 80.3267974853516 80.4148025512695 80.4367065429688 80.4516830444336 80.472053527832 80.4866256713867 80.49365234375 80.48095703125 80.3214950561523 80.3232803344727 80.4026870727539 80.337272644043 79.9982604980469 79.7989959716797 79.8147125244141 80.0427551269531 80.1799087524414 79.7148818969727 78.7949981689453 77.3090744018555 78.2773666381836 79.3535232543945 79.6243209838867 79.5649261474609 79.3404998779297 79.1079864501953 78.7714920043945 78.5168762207031 78.4796142578125 78.4613265991211 78.2468566894531 76.0720291137695 75.4035720825195 75.0209045410156 75.1921615600586 74.9691162109375 75.4344863891602 75.9553375244141 75.6555099487305
-3.4e+38 78.8158264160156 78.9374237060547 79.1923751831055 79.4123992919922 79.5108184814453 79.6493148803711 79.8654022216797 79.9172515869141 79.9849243164062 80.0968399047852 80.1949844360352 80.2045822143555 80.2358779907227 80.2416458129883 80.2517166137695 80.2175140380859 80.2251129150391 79.9510116577148 79.8191909790039 79.6421737670898 79.7847747802734 79.8483200073242 79.824104309082 79.9317779541016 79.9749145507812 79.9289321899414 79.6451797485352 78.4201431274414 76.4558563232422 76.8232803344727 78.4265441894531 79.4343490600586 79.441047668457 79.2442855834961 78.9090118408203 78.6787338256836 78.5358734130859 78.57177734375 78.4820861816406 78.1953048706055 76.0203704833984 76.0411911010742 75.3596725463867 75.0553665161133 74.9678421020508 74.9111022949219 75.2902908325195 75.7144012451172
