rcp4.5models/CNRM_CM5/sc1gr10.17
NCOLS 261 
NROWS 433 
XLLCORNER 336357.134 
YLLCORNER 654653.479 
CELLSIZE 1000 
NODATA_value -3.4e+38 
[rows 330 to 351 of 433, columns 196 to 244 of 261]
346.284515380859 350.08740234375 353.646270751953 357.257507324219 360.785736083984 393.339172363281 453.605163574219 376.876556396484 381.432861328125 386.314880371094 390.698516845703 392.324981689453 395.409088134766 399.691680908203 403.604919433594 407.118804931641 410.703308105469 415.050933837891 422.865936279297 426.390747070312 430.240112304688 433.449005126953 459.675537109375 547.841979980469 538.319030761719 448.191040039062 452.201873779297 455.835998535156 459.134521484375 463.151153564453 469.881805419922 473.951080322266 477.689117431641 481.449523925781 486.117370605469 489.406890869141 492.319488525391 495.855194091797 499.615966796875 503.094329833984 506.154418945312 533.258056640625 614.176086425781 517.676818847656 520.801513671875 523.640686035156 526.303039550781 563.733215332031 743.320251464844
342.708374023438 346.575134277344 349.945373535156 353.788421630859 357.755828857422 392.015991210938 456.785003662109 372.519683837891 376.567626953125 380.868927001953 385.028503417969 388.057342529297 391.815826416016 396.291442871094 400.194702148438 403.705993652344 407.213134765625 411.138519287109 418.899536132812 422.880889892578 426.837524414062 430.326324462891 433.876800537109 460.005310058594 522.415344238281 445.252868652344 448.709197998047 452.423736572266 456.245666503906 460.024841308594 466.62841796875 470.715209960938 474.494567871094 478.221343994141 482.643310546875 485.561004638672 489.163024902344 493.039184570312 496.825622558594 500.246246337891 503.515869140625 525.472106933594 589.028747558594 514.450439453125 537.643432617188 619.827880859375 522.674865722656 540.546997070312 618.557556152344
339.519500732422 343.014343261719 346.760009765625 350.808746337891 354.645080566406 416.565795898438 537.644409179688 368.996551513672 372.955017089844 376.790344238281 380.441223144531 384.273193359375 388.658386230469 392.799285888672 396.563842773438 400.268920898438 403.735931396484 -3.4e+38 415.092681884766 419.075988769531 423.188659667969 452.468811035156 548.002075195312 527.0791015625 438.329345703125 442.003540039062 445.484436035156 449.122711181641 453.320922851562 456.753723144531 463.728576660156 467.502838134766 471.34375 475.424682617188 478.694244384766 481.716552734375 485.873138427734 489.985382080078 493.740142822266 497.306335449219 500.462860107422 505.410552978516 508.543151855469 511.282623291016 549.26171875 692.199768066406 519.404174804688 541.975891113281 625.611572265625
336.148590087891 339.503845214844 343.418151855469 347.252899169922 381.420715332031 503.892272949219 533.436950683594 365.278472900391 369.200805664062 373.069610595703 376.734039306641 380.619445800781 385.104095458984 389.200622558594 393.367767333984 396.541778564453 426.929779052734 -3.4e+38 411.525299072266 414.990814208984 419.028503417969 445.067687988281 528.985656738281 510.746704101562 434.225433349609 438.307861328125 442.26708984375 445.763702392578 449.529602050781 453.163879394531 460.470367431641 464.211547851562 467.797210693359 472.006134033203 475.150054931641 478.387634277344 482.229675292969 486.190185546875 489.523040771484 493.465393066406 496.20703125 521.708190917969 622.819885253906 626.521240234375 624.614379882812 589.7275390625 516.785888671875 534.525756835938 598.247985839844
332.575653076172 336.02880859375 340.061218261719 343.544036865234 375.634399414062 494.631866455078 530.314331054688 390.627136230469 484.792877197266 460.787658691406 401.868316650391 468.839782714844 381.314636230469 385.282196044922 389.859985351562 393.121765136719 420.529083251953 482.511932373047 408.344604492188 411.610778808594 440.708404541016 510.869720458984 423.191619873047 426.647430419922 430.464202880859 434.439758300781 438.458343505859 442.083038330078 445.361663818359 449.337158203125 456.384582519531 460.599517822266 463.749328613281 467.421936035156 470.945709228516 474.680297851562 478.265472412109 482.292541503906 485.893676757812 489.548004150391 492.682769775391 514.258666992188 593.54931640625 596.277709960938 602.902954101562 627.478881835938 612.374816894531 516.664123535156 538.086120605469
329.371612548828 333.012420654297 336.812957763672 340.384704589844 344.261596679688 377.412048339844 438.429473876953 384.946990966797 471.817779541016 449.837127685547 395.790496826172 457.590301513672 377.941680908203 381.952697753906 386.669708251953 390.069396972656 393.551177978516 397.508666992188 405.082427978516 408.862060546875 434.748657226562 496.336303710938 419.745727539062 423.252593994141 427.166107177734 430.65576171875 434.708953857422 438.586975097656 441.800811767578 445.610107421875 -3.4e+38 456.740264892578 460.134735107422 463.30810546875 467.107788085938 470.868530273438 474.674133300781 478.491546630859 482.422973632812 485.541320800781 489.054443359375 495.398040771484 517.644470214844 617.554992675781 635.021118164062 713.017639160156 683.689636230469 513.124389648438 548.524291992188
323.336730957031 327.531097412109 330.294097900391 364.997528076172 430.536315917969 347.721405029297 352.398956298828 351.830047607422 355.029998779297 359.248382568359 363.273864746094 366.797515869141 371.001678466797 375.027648925781 379.231384277344 383.255004882812 387.292083740234 390.830047607422 398.774261474609 402.831146240234 406.858825683594 410.271301269531 413.209136962891 417.462921142578 443.718841552734 515.030395507812 427.863677978516 430.834289550781 434.854278564453 438.869537353516 445.959564208984 449.728668212891 453.328338623047 456.516540527344 460.252105712891 463.8994140625 467.172119140625 471.424987792969 474.621124267578 478.564666748047 481.622100830078 487.796539306641 490.656707763672 508.913024902344 591.193786621094 597.231140136719 502.501800537109 505.755645751953 525.884521484375
319.789245605469 324.488220214844 328.354705810547 359.687408447266 420.307830810547 342.073303222656 350.589660644531 348.85400390625 351.916931152344 355.647552490234 359.713592529297 363.456207275391 367.640441894531 371.616455078125 375.520477294922 379.468414306641 383.326354980469 387.295593261719 395.873657226562 400.353179931641 404.359039306641 407.044372558594 409.701843261719 413.765808105469 460.369598388672 589.359313964844 424.222320556641 427.772705078125 431.734527587891 435.360321044922 533.462829589844 446.820617675781 450.203796386719 453.662719726562 457.357147216797 460.6337890625 463.886108398438 467.674011230469 470.660430908203 474.585754394531 477.652191162109 503.134399414062 600.790283203125 586.119934082031 507.44384765625 571.329956054688 498.835357666016 519.875671386719 632.834838867188
316.090423583984 320.554443359375 325.205413818359 357.327697753906 450.192687988281 427.059051513672 345.245788574219 345.646331787109 348.945678710938 352.610473632812 356.428924560547 360.095855712891 364.083312988281 368.310516357422 398.588043212891 492.238433837891 470.180328369141 384.458343505859 392.707122802734 396.724487304688 424.17431640625 493.122833251953 430.058471679688 500.62646484375 433.757232666016 495.885009765625 421.546691894531 425.233917236328 428.848724365234 432.251251220703 515.964172363281 443.656890869141 447.031433105469 450.462890625 454.117065429688 457.481048583984 460.551544189453 463.879669189453 467.085479736328 470.667633056641 473.739624023438 495.419067382812 572.693908691406 561.23681640625 489.061157226562 492.740447998047 495.797241210938 529.205139160156 703.266235351562
312.929382324219 316.99072265625 320.955932617188 381.927429199219 529.240356445312 416.981231689453 337.440979003906 342.153686523438 345.754455566406 349.580139160156 353.408050537109 357.128570556641 361.043304443359 365.037994384766 392.648162841797 477.350891113281 483.616119384766 472.511566162109 389.244140625 392.729797363281 416.939575195312 478.747100830078 447.230346679688 576.174438476562 410.956451416016 415.100952148438 418.481658935547 422.390991210938 425.808013916016 429.341857910156 436.396545410156 440.945617675781 444.237396240234 447.216735839844 450.403686523438 454.212493896484 457.070892333984 460.692413330078 463.729217529297 467.126525878906 470.541687011719 477.243133544922 480.519287109375 482.998596191406 486.097595214844 489.39013671875 509.804168701172 621.610412597656 698.906677246094
309.890747070312 313.591339111328 317.718170166016 378.287445068359 497.512573242188 356.758819580078 420.464996337891 338.908905029297 342.478271484375 346.216705322266 349.957458496094 354.145141601562 358.129699707031 362.231201171875 365.723205566406 369.404998779297 396.487487792969 459.630554199219 385.755126953125 389.061767578125 392.533782958984 396.435668945312 420.693328857422 505.831298828125 521.791320800781 503.294982910156 415.478576660156 419.303588867188 422.636535644531 425.998870849609 433.549926757812 437.764678955078 441.285736083984 444.013824462891 447.153747558594 450.716583251953 453.853942871094 457.488983154297 460.838165283203 463.932739257812 467.508911132812 585.447692871094 571.079162597656 497.496978759766 577.513610839844 486.387329101562 502.156463623047 595.589477539062 694.731811523438
307.006164550781 310.575561523438 314.207489013672 374.335357666016 522.050720214844 439.925170898438 411.364105224609 335.708923339844 339.516571044922 369.966583251953 434.905609130859 351.083282470703 354.927154541016 359.166809082031 387.760650634766 480.029479980469 459.654815673828 374.577056884766 382.377075195312 385.519165039062 389.478668212891 416.682647705078 487.323150634766 421.366424560547 503.907623291016 487.886505126953 412.627655029297 416.266235351562 419.653930664062 444.143218994141 430.572692871094 434.351959228516 438.130249023438 440.90673828125 444.248321533203 447.587249755859 450.929260253906 454.324310302734 457.887268066406 460.978546142578 464.322937011719 559.421508789062 548.236694335938 490.657867431641 553.89794921875 483.298919677734 485.809753417969 501.540802001953 578.381286621094
303.962890625 307.647491455078 311.210388183594 371.457702636719 517.182983398438 404.822875976562 353.47021484375 332.598754882812 336.611785888672 364.887817382812 425.007019042969 373.977691650391 439.643341064453 381.313690185547 470.412017822266 466.000366210938 447.711090087891 371.284790039062 380.600555419922 382.582672119141 386.688323974609 433.648773193359 563.125 398.340484619141 402.395568847656 406.199035644531 409.263488769531 434.702331542969 507.470184326172 438.176818847656 427.433837890625 431.154632568359 434.922302246094 437.754486083984 441.335510253906 444.409210205078 448.064605712891 451.464111328125 455.063903808594 458.081878662109 461.427124023438 485.633697509766 581.781921386719 584.697509765625 588.377685546875 575.04150390625 482.846496582031 485.973968505859 505.373260498047
301.062683105469 304.664093017578 308.890808105469 369.393188476562 487.964630126953 318.879364013672 348.77490234375 329.956085205078 333.759948730469 337.398742675781 340.725738525391 368.259979248047 454.320556640625 462.999114990234 461.533996582031 448.925018310547 388.507293701172 456.428741455078 376.899139404297 379.608612060547 383.976593017578 407.691589355469 470.213134765625 394.987243652344 399.101379394531 403.317687988281 406.053497314453 427.927612304688 491.424652099609 417.195251464844 424.581298828125 427.956817626953 431.484069824219 434.590087890625 438.188690185547 441.617980957031 445.276306152344 448.913848876953 452.125274658203 455.139801025391 458.190856933594 496.676055908203 649.321472167969 558.431823730469 577.796203613281 645.573425292969 480.321716308594 483.612213134766 514.401916503906
298.151489257812 301.564636230469 305.958160400391 337.353973388672 396.934753417969 316.349151611328 347.299957275391 327.050323486328 330.856140136719 334.603668212891 338.039886474609 341.350219726562 368.380218505859 429.10009765625 375.675842285156 438.372436523438 408.319488525391 533.387023925781 372.532623291016 376.536315917969 380.741821289062 407.204437255859 499.491149902344 481.363372802734 395.529998779297 399.446807861328 403.265777587891 406.424743652344 410.304168701172 414.105010986328 421.464294433594 424.784332275391 428.406829833984 431.783233642578 435.468841552734 439.048278808594 442.410980224609 446.004577636719 449.312896728516 452.272888183594 455.4052734375 476.373596191406 540.2431640625 486.021484375 595.625427246094 659.791564941406 573.5654296875 481.258514404297 511.130523681641
295.378448486328 298.548675537109 302.288482666016 306.283447265625 310.978302001953 314.848846435547 342.923950195312 323.838531494141 327.633422851562 331.372711181641 334.887878417969 363.747283935547 429.133697509766 346.038787841797 350.144226074219 379.969940185547 469.931579589844 442.024810791016 369.517944335938 373.519226074219 377.820465087891 401.781097412109 483.158935546875 467.208831787109 413.529083251953 504.455078125 487.774719238281 403.51220703125 406.984771728516 411.282501220703 418.104705810547 441.004516601562 514.629211425781 428.957061767578 432.670227050781 436.605041503906 439.561462402344 442.868286132812 446.119293212891 449.489593505859 452.905487060547 459.640258789062 463.898803710938 496.662719726562 650.765258789062 558.90576171875 549.488464355469 478.580657958984 492.441528320312
292.750640869141 296.172210693359 299.125 331.075561523438 394.338623046875 311.472198486328 313.705047607422 320.638214111328 324.422119140625 328.143157958984 331.707641601562 383.968444824219 530.852111816406 453.929870605469 459.027038574219 487.889709472656 526.892211914062 358.887451171875 366.424285888672 371.151000976562 374.855895996094 401.595184326172 471.598236083984 385.547973632812 407.79443359375 487.276458740234 472.543395996094 400.148895263672 403.905639648438 408.150482177734 415.387054443359 435.104797363281 497.37744140625 425.841949462891 429.699035644531 434.086395263672 436.778045654297 440.015228271484 443.039001464844 446.330688476562 450.072052001953 457.04931640625 460.971069335938 493.573211669922 650.138671875 579.287475585938 565.714965820312 475.259735107422 477.619964599609
290.630889892578 294.882446289062 297.068603515625 326.426422119141 413.077087402344 420.620544433594 423.445922851562 317.780700683594 321.542602539062 325.208038330078 328.823883056641 356.087707519531 463.592712402344 551.409240722656 532.650085449219 452.008758544922 435.11572265625 355.866088867188 363.672149658203 368.916778564453 371.512176513672 417.745208740234 546.766357421875 382.493377685547 407.110534667969 476.917877197266 393.4296875 396.855651855469 401.109100341797 405.075897216797 412.57177734375 416.222351074219 419.732086181641 422.823394775391 426.848327636719 431.003173828125 434.337005615234 437.618072509766 440.784118652344 443.525238037109 447.194519042969 454.032043457031 457.719329833984 489.875732421875 643.149108886719 568.122741699219 636.25 471.966278076172 474.303314208984
373.77685546875 288.494079589844 318.57275390625 406.23779296875 384.545928955078 301.521423339844 305.178894042969 312.957824707031 316.324981689453 319.654968261719 323.502838134766 326.804046630859 352.680816650391 458.527008056641 526.989990234375 429.104614257812 346.877044677734 350.172882080078 358.847106933594 365.224090576172 384.730102539062 446.446624755859 373.152160644531 376.724395751953 418.530944824219 545.854736328125 387.778869628906 391.634613037109 395.216400146484 398.893676757812 406.342468261719 409.958343505859 413.580963134766 417.487945556641 421.116394042969 424.588165283203 427.621704101562 431.328765869141 435.461364746094 438.3857421875 441.693634033203 448.080749511719 450.796142578125 454.427520751953 457.710235595703 472.099822998047 535.932067871094 466.517700195312 494.371765136719
367.248626708984 285.722869873047 288.515258789062 345.453704833984 464.059844970703 299.348602294922 302.969940185547 309.863952636719 313.538330078125 316.981323242188 320.430877685547 348.162750244141 436.4326171875 461.262115478516 544.260437011719 503.806762695312 343.610412597656 347.215423583984 355.337982177734 360.195098876953 383.594421386719 451.545745849609 369.9423828125 374.1474609375 395.790710449219 477.035766601562 471.77587890625 408.243682861328 478.652618408203 414.506286621094 403.001617431641 407.120361328125 410.480865478516 414.364166259766 417.940551757812 421.566741943359 425.0615234375 428.218078613281 432.61376953125 435.543518066406 438.455841064453 460.30224609375 552.623474121094 556.740112304688 561.632385253906 550.211181640625 461.243591308594 464.657501220703 491.769805908203
308.484283447266 371.014739990234 286.104797363281 315.528686523438 374.955810546875 296.846282958984 327.572082519531 307.370269775391 311.032012939453 314.53125 342.672088623047 453.178466796875 533.921142578125 513.033508300781 432.356994628906 414.564666748047 340.446990966797 344.294891357422 352.013854980469 355.811767578125 399.206939697266 524.266235351562 367.250061035156 371.308135986328 395.893402099609 482.429504394531 458.394989013672 402.951568603516 464.617340087891 427.540374755859 399.919311523438 404.045166015625 425.179046630859 497.905517578125 414.870544433594 418.734954833984 422.251220703125 425.643798828125 429.490295410156 432.954406738281 435.59521484375 469.489532470703 633.22607421875 636.837280273438 626.657531738281 527.841918945312 458.812164306641 461.960571289062 475.032043457031
391.487030029297 364.557220458984 283.732238769531 287.289642333984 290.722808837891 294.462036132812 323.911865234375 331.186492919922 394.680999755859 311.736755371094 338.298706054688 444.108276367188 530.829650878906 489.334106445312 330.45654296875 334.004760742188 337.835205078125 363.505065917969 454.639404296875 437.266143798828 375.199340820312 436.611785888672 365.061431884766 368.196807861328 390.067047119141 470.819152832031 483.966430664062 468.668640136719 387.356872558594 424.656402587891 397.117492675781 400.954406738281 419.228637695312 481.226470947266 412.064910888672 415.883026123047 419.154602050781 422.774322509766 426.653778076172 429.771575927734 432.784210205078 466.277069091797 614.976684570312 528.851257324219 520.212280273438 -3.4e+38 -3.4e+38 458.685913085938 461.07275390625
