rcp4.5models/CNRM_CM5/sc1gr6.12
NCOLS 261 
NROWS 433 
XLLCORNER 336357.134 
YLLCORNER 654653.479 
CELLSIZE 1000 
NODATA_value -3.4e+38 
[rows 176 to 197 of 433, columns 49 to 97 of 261]
683.149169921875 684.128662109375 685.072998046875 686.057861328125 688.671691894531 690.401062011719 691.076354980469 694.435363769531 694.522033691406 696.211120605469 696.927856445312 701.530090332031 703.970092773438 705.211547851562 704.766906738281 707.460083007812 708.541564941406 708.856811523438 712.831298828125 715.025817871094 717.970886230469 720.621215820312 723.904052734375 727.110717773438 727.994812011719 730.172912597656 732.590209960938 736.013671875 739.320922851562 749.099670410156 753.579345703125 758.822387695312 763.612182617188 766.534912109375 770.488586425781 776.078125 780.916320800781 784.33837890625 789.91943359375 793.524658203125 795.796447753906 804.161926269531 807.710998535156 811.293579101562 815.048156738281 818.949584960938 823.628112792969 825.281616210938 827.534851074219
684.941589355469 685.602844238281 685.827087402344 688.007080078125 690.196350097656 691.07421875 692.107360839844 694.548156738281 695.977722167969 697.776123046875 699.167846679688 701.95166015625 703.262817382812 704.238586425781 705.149230957031 707.576049804688 709.087829589844 708.754272460938 714.480285644531 716.256225585938 719.398498535156 722.078735351562 724.375244140625 726.3779296875 728.076538085938 730.845886230469 734.585510253906 736.901550292969 741.156982421875 750.761474609375 755.079528808594 758.515075683594 763.122985839844 766.090393066406 769.717712402344 774.946838378906 779.391479492188 783.111206054688 788.663146972656 793.731811523438 796.67626953125 804.714965820312 807.351257324219 811.097778320312 813.650451660156 817.700622558594 822.292541503906 825.462158203125 828.204345703125
686.911743164062 688.016723632812 687.524597167969 690.385131835938 692.653076171875 693.132995605469 694.041442871094 696.181579589844 697.791015625 698.944274902344 700.941955566406 701.9912109375 702.523254394531 704.537536621094 707.665344238281 708.857727050781 709.134643554688 710.594970703125 716.495544433594 718.672119140625 721.233215332031 723.560607910156 724.519836425781 726.189514160156 728.547119140625 732.195739746094 735.548217773438 738.574096679688 742.357727050781 751.699462890625 755.418334960938 757.340270996094 762.357849121094 765.822631835938 768.796020507812 774.252075195312 777.556213378906 782.761352539062 788.108764648438 794.165893554688 797.364929199219 804.201354980469 808.147888183594 812.138610839844 813.942687988281 817.439575195312 822.115661621094 825.89013671875 828.69140625
690.599304199219 693.404357910156 693.029663085938 693.9521484375 695.679748535156 696.435607910156 697.212097167969 698.932006835938 699.329895019531 701.427185058594 703.152893066406 703.439331054688 705.415710449219 707.735107421875 707.499633789062 709.673095703125 712.259887695312 712.947326660156 718.33642578125 720.776733398438 721.736267089844 723.936706542969 725.085510253906 728.400756835938 730.708068847656 732.390686035156 735.501220703125 739.249694824219 743.347229003906 752.064025878906 754.795776367188 756.699035644531 761.03076171875 765.322265625 768.809204101562 773.418395996094 777.10302734375 782.513244628906 786.987915039062 791.746459960938 795.410461425781 802.670227050781 807.716979980469 812.307678222656 814.699340820312 819.192565917969 822.36669921875 825.194702148438 828.495361328125
694.630126953125 695.015197753906 696.177673339844 696.00048828125 696.346862792969 698.318298339844 699.781982421875 701.803833007812 702.110412597656 703.41845703125 705.324584960938 707.294006347656 706.882080078125 710.316833496094 709.272766113281 710.855895996094 713.879760742188 716.010070800781 717.921813964844 720.328369140625 721.337463378906 723.693054199219 726.089599609375 729.233276367188 731.845458984375 734.004577636719 737.459289550781 741.348022460938 744.7919921875 752.702392578125 754.40185546875 757.401672363281 760.784729003906 764.93017578125 -3.4e+38 772.9716796875 778.837524414062 783.603088378906 786.91357421875 789.651245117188 792.546630859375 802.053955078125 806.525024414062 810.442626953125 813.813598632812 819.611694335938 823.536437988281 825.33251953125 828.320129394531
696.470581054688 696.773315429688 698.123474121094 698.579467773438 698.867858886719 701.080322265625 701.829406738281 705.346557617188 705.775634765625 706.247009277344 708.908874511719 710.953063964844 709.865051269531 712.745239257812 711.773620605469 711.802734375 714.21923828125 716.710510253906 720.302612304688 722.055725097656 724.738464355469 726.069580078125 728.854675292969 729.949523925781 732.203918457031 735.625854492188 738.523559570312 741.916015625 745.733947753906 751.757934570312 755.164123535156 758.294067382812 761.18115234375 764.676391601562 768.78466796875 773.617980957031 778.508544921875 782.395812988281 786.093627929688 788.776000976562 791.679321289062 801.235778808594 804.907165527344 808.832580566406 813.314575195312 818.509765625 822.908752441406 826.372985839844 828.576110839844
699.292724609375 701.621520996094 702.573059082031 703.299011230469 703.404479980469 703.009094238281 704.615600585938 708.022033691406 709.345947265625 711.178771972656 712.316833496094 712.937805175781 714.006958007812 715.667114257812 714.162658691406 714.800598144531 714.671447753906 716.6240234375 721.516174316406 723.573608398438 725.552429199219 727.675354003906 729.106384277344 730.883728027344 732.974487304688 736.455749511719 739.056091308594 742.772277832031 745.801452636719 751.55419921875 755.598205566406 758.399475097656 761.692749023438 764.920349121094 769.04296875 774.069091796875 777.819152832031 780.582214355469 784.756652832031 788.17724609375 792.212158203125 799.882873535156 804.312866210938 808.561645507812 813.839416503906 818.492309570312 822.595703125 827.286560058594 830.212280273438
703.588684082031 706.298278808594 706.005065917969 -3.4e+38 705.468566894531 706.779724121094 708.122375488281 709.417846679688 712.162292480469 714.76220703125 713.956420898438 714.031372070312 715.454467773438 718.008850097656 717.212524414062 717.895874023438 716.338745117188 717.789611816406 722.273742675781 723.06640625 725.05224609375 727.421997070312 728.489929199219 731.370239257812 733.59033203125 736.362548828125 738.615234375 743.213256835938 -3.4e+38 751.312927246094 754.121459960938 758.285583496094 760.5986328125 764.638854980469 769.616821289062 773.601196289062 776.825378417969 779.729553222656 785.152954101562 788.767272949219 792.732788085938 800.271606445312 803.569030761719 809.011291503906 813.6083984375 817.68505859375 822.633483886719 826.189819335938 829.430114746094
706.849975585938 707.684020996094 707.865966796875 707.888854980469 707.9130859375 710.475708007812 710.551086425781 710.935424804688 714.062255859375 716.995910644531 717.259216308594 715.884826660156 718.188293457031 720.795715332031 719.799743652344 720.12841796875 718.774475097656 720.34521484375 723.1796875 724.747680664062 727.052368164062 728.32373046875 730.166320800781 732.2724609375 734.997924804688 737.078735351562 739.406066894531 743.447265625 746.19384765625 751.272338867188 754.800109863281 759.131713867188 761.318725585938 764.452697753906 769.406127929688 773.217041015625 -3.4e+38 780.943542480469 785.842346191406 790.250915527344 794.368347167969 801.423889160156 805.078735351562 809.581359863281 813.810852050781 816.097534179688 820.741149902344 824.409240722656 828.017028808594
713.501770019531 712.16357421875 712.141418457031 714.341735839844 714.585815429688 715.815002441406 716.600646972656 716.510620117188 716.642883300781 721.004333496094 722.833068847656 722.674987792969 723.314025878906 725.166198730469 723.325439453125 723.154174804688 722.554504394531 725.869445800781 727.776428222656 729.590515136719 731.701599121094 732.440795898438 733.278930664062 735.244445800781 737.206359863281 739.778381347656 742.937683105469 744.866027832031 748.0849609375 755.773986816406 759.239929199219 761.870788574219 764.684448242188 769.285095214844 772.098999023438 775.775451660156 779.860473632812 783.769226074219 787.090148925781 791.658813476562 795.677062988281 802.873413085938 805.073974609375 807.731994628906 811.595581054688 813.5673828125 817.683166503906 822.336303710938 826.965576171875
714.60498046875 714.014343261719 713.447570800781 715.361083984375 717.149841308594 717.555114746094 718.635437011719 719.321716308594 719.283325195312 722.831970214844 725.192443847656 727.421508789062 727.223205566406 727.836242675781 725.370849609375 726.007934570312 724.236267089844 726.761108398438 -3.4e+38 731.001403808594 732.339965820312 735.08447265625 737.076843261719 738.7294921875 740.484497070312 741.702697753906 745.155151367188 746.29052734375 747.957580566406 755.10986328125 -3.4e+38 762.321472167969 764.626892089844 768.772583007812 771.924011230469 775.912048339844 780.018432617188 784.359924316406 786.199829101562 -3.4e+38 795.155883789062 800.723266601562 803.955932617188 806.301635742188 810.798706054688 813.652648925781 816.829284667969 821.446044921875 826.590942382812
714.265258789062 714.36328125 713.926208496094 716.227600097656 718.308166503906 718.233459472656 719.098571777344 721.843383789062 723.241943359375 725.3447265625 726.491271972656 730.263610839844 730.986328125 729.913940429688 728.446044921875 728.012145996094 727.108337402344 728.804504394531 732.096740722656 733.290283203125 735.122314453125 737.313903808594 740.314025878906 741.541320800781 743.234436035156 744.916381835938 747.179809570312 747.723754882812 749.249206542969 -3.4e+38 -3.4e+38 -3.4e+38 -3.4e+38 768.572814941406 771.09033203125 775.146057128906 779.108642578125 783.604919433594 786.075073242188 789.670532226562 793.313171386719 799.419189453125 802.999267578125 805.782470703125 809.300231933594 813.27001953125 817.081176757812 821.067443847656 825.477478027344
714.4013671875 715.195556640625 715.154479980469 716.483032226562 718.74267578125 719.278442382812 720.592712402344 723.600769042969 724.732116699219 726.78662109375 729.549865722656 732.073791503906 731.890563964844 730.643188476562 729.704467773438 728.621337890625 729.05126953125 730.873779296875 734.295104980469 736.122253417969 737.960205078125 739.046081542969 741.193786621094 743.385437011719 745.971069335938 747.126586914062 748.6796875 751.360595703125 753.230102539062 -3.4e+38 -3.4e+38 -3.4e+38 -3.4e+38 769.17236328125 771.880249023438 775.761657714844 778.804931640625 782.745056152344 785.452453613281 788.877563476562 791.30712890625 798.413391113281 802.933288574219 804.604675292969 808.365356445312 813.304443359375 818.267150878906 820.745910644531 824.335815429688
716.175903320312 716.347961425781 716.881958007812 719.449523925781 -3.4e+38 721.438659667969 722.122009277344 725.7421875 726.301208496094 727.87744140625 731.026123046875 733.35205078125 731.693481445312 731.097229003906 731.294311523438 730.39697265625 731.499389648438 734.157653808594 736.150329589844 738.396606445312 739.700256347656 742.278869628906 744.182067871094 745.274108886719 746.746337890625 748.96826171875 751.481018066406 753.702026367188 -3.4e+38 -3.4e+38 761.298034667969 764.105773925781 -3.4e+38 -3.4e+38 772.990539550781 776.757080078125 778.412292480469 781.54638671875 784.568237304688 787.817932128906 790.759155273438 797.60498046875 801.936096191406 803.564819335938 807.308715820312 812.441650390625 816.531982421875 820.111022949219 825.311584472656
717.359069824219 718.783081054688 721.553771972656 724.172241210938 723.319091796875 723.8330078125 724.898681640625 729.073791503906 729.355529785156 730.057434082031 733.304077148438 735.225036621094 734.324768066406 734.137390136719 733.561889648438 733.7109375 735.060485839844 736.475036621094 738.715759277344 740.694152832031 741.145751953125 744.679931640625 747.281494140625 747.723266601562 748.833618164062 750.850708007812 753.155883789062 756.176818847656 758.596862792969 761.196960449219 764.2255859375 766.44677734375 768.728210449219 770.028747558594 773.036437988281 776.539733886719 778.979919433594 781.951538085938 785.415344238281 788.335754394531 791.158447265625 798.490661621094 801.294799804688 804.179931640625 808.580444335938 811.598571777344 814.867248535156 818.770080566406 824.228271484375
720.302978515625 721.448669433594 723.591003417969 725.400756835938 725.952819824219 726.608337402344 727.426818847656 730.216552734375 731.517517089844 733.70751953125 736.544860839844 738.748107910156 737.626403808594 735.760620117188 736.109313964844 737.040771484375 737.5458984375 738.191284179688 741.989440917969 743.260925292969 744.087463378906 746.021667480469 748.84521484375 751.986328125 752.313903808594 753.341369628906 754.349670410156 757.35888671875 760.4423828125 764.206359863281 767.4912109375 768.522216796875 770.764404296875 772.440002441406 775.391723632812 777.005187988281 780.96533203125 785.571166992188 787.769714355469 789.858154296875 791.964660644531 801.321350097656 802.334655761719 804.758422851562 809.024230957031 812.476928710938 816.587524414062 819.526184082031 823.851379394531
722.958068847656 722.944030761719 723.651306152344 726.414489746094 728.037719726562 729.320678710938 729.313171386719 731.074157714844 732.683410644531 736.172607421875 739.126037597656 739.978210449219 739.168579101562 738.901184082031 739.305297851562 740.691040039062 741.689270019531 742.006591796875 744.76123046875 746.493286132812 747.087707519531 748.317199707031 750.369262695312 754.577941894531 755.189453125 754.964965820312 756.193542480469 760.002075195312 761.760070800781 767.895935058594 769.764831542969 769.858703613281 772.700805664062 776.728088378906 778.550476074219 778.794616699219 781.780151367188 787.356689453125 789.094665527344 791.512817382812 793.4091796875 801.139343261719 803.502685546875 806.019592285156 808.651062011719 812.310424804688 816.506958007812 820.762878417969 824.083801269531
724.956665039062 725.270751953125 725.943115234375 728.125 728.720092773438 730.328796386719 731.99072265625 732.178039550781 734.439270019531 737.423583984375 739.668151855469 741.387023925781 740.716613769531 740.740478515625 740.880859375 742.739318847656 745.578369140625 745.941162109375 748.288391113281 749.177124023438 750.727233886719 752.283996582031 752.8759765625 754.690185546875 757.372314453125 758.081604003906 759.755065917969 763.337707519531 762.758117675781 770.24951171875 771.787231445312 772.550231933594 774.743896484375 778.65673828125 780.282043457031 780.48291015625 781.8232421875 786.436889648438 790.007690429688 794.923583984375 794.957824707031 800.465881347656 804.477844238281 808.767456054688 809.603576660156 812.891723632812 816.239929199219 820.304931640625 823.216491699219
727.178161621094 728.000549316406 728.367431640625 729.339416503906 729.971374511719 732.091003417969 732.886352539062 733.569213867188 736.555358886719 738.344665527344 740.343994140625 742.814270019531 741.514709472656 740.943603515625 741.871887207031 743.995239257812 745.62841796875 748.208435058594 752.547424316406 753.756286621094 757.944885253906 755.980773925781 755.775268554688 756.289245605469 759.529235839844 762.076782226562 763.302429199219 765.833190917969 765.023986816406 770.496643066406 773.963623046875 775.705505371094 776.522277832031 779.247192382812 781.201171875 780.968994140625 782.106384277344 785.831359863281 790.804138183594 795.599243164062 795.913879394531 800.8095703125 804.590942382812 808.356323242188 810.785217285156 814.747680664062 817.821105957031 820.825439453125 823.142761230469
-3.4e+38 729.381042480469 730.786376953125 731.958435058594 733.188659667969 733.184326171875 732.76416015625 735.83544921875 737.73974609375 739.66796875 741.751220703125 742.500305175781 741.894226074219 743.78515625 743.285339355469 744.140930175781 746.141845703125 750.012451171875 751.942932128906 756.604187011719 765.603332519531 758.391967773438 758.068359375 759.628356933594 761.471313476562 763.305114746094 764.81884765625 768.02294921875 767.93505859375 771.34326171875 778.433410644531 786.248840332031 779.382019042969 784.220703125 782.522094726562 782.743286132812 784.260192871094 785.675720214844 789.00146484375 -3.4e+38 796.595520019531 802.714416503906 806.637634277344 808.46044921875 812.309143066406 817.082763671875 821.410400390625 822.645690917969 825.203308105469
-3.4e+38 732.456787109375 733.769226074219 734.494934082031 734.350036621094 735.061279296875 736.283325195312 739.777770996094 741.353454589844 741.723083496094 741.609497070312 742.740600585938 744.013122558594 744.336486816406 744.530822753906 746.0546875 749.454772949219 750.439636230469 752.892333984375 756.252868652344 758.397277832031 757.9990234375 760.707397460938 761.244750976562 761.414733886719 764.653625488281 767.141357421875 769.616577148438 773.136840820312 776.011108398438 778.81640625 783.123352050781 783.521911621094 783.755187988281 784.518493652344 786.102233886719 787.230346679688 788.266784667969 791.847351074219 -3.4e+38 795.95654296875 803.876159667969 808.906433105469 810.519470214844 -3.4e+38 816.763305664062 819.882873535156 823.354919433594 827.713806152344
736.00732421875 736.061218261719 736.813598632812 736.695373535156 736.607482910156 737.094909667969 738.001281738281 740.349487304688 741.482727050781 741.740783691406 741.983032226562 742.6611328125 744.341430664062 744.659545898438 746.322265625 748.4228515625 750.307373046875 750.566772460938 755.132995605469 757.712890625 759.016967773438 759.678527832031 761.066162109375 760.902160644531 763.670959472656 766.411682128906 767.125793457031 770.470153808594 773.886169433594 778.176147460938 781.431335449219 783.394653320312 784.824890136719 784.323425292969 784.439697265625 787.536804199219 789.497741699219 789.571411132812 792.92822265625 796.263916015625 798.468933105469 803.658996582031 807.769348144531 810.856140136719 814.189636230469 817.838989257812 822.106201171875 824.285583496094 829.376647949219
