rcp4.5models/CNRM_CM5/sc1gr6.16
NCOLS 261 
NROWS 433 
XLLCORNER 336357.134 
YLLCORNER 654653.479 
CELLSIZE 1000 
NODATA_value -3.4e+38 
[rows 330 to 351 of 433, columns 49 to 97 of 261]
1998.80187988281 2012.93383789062 2034.28002929688 2060.16162109375 2080.09350585938 2101.9453125 2128.13940429688 2166.01416015625 2186.6455078125 2201.31469726562 2214.8125 2237.91088867188 2251.35498046875 2270.04858398438 2300.71948242188 2331.12548828125 2362.923828125 2398.21118164062 2508.2744140625 2522.74609375 2543.00927734375 2609.24780273438 2639.92895507812 2655.76440429688 -3.4e+38 -3.4e+38 2739.72290039062 -3.4e+38 2771.8056640625 2804.2568359375 2693.94750976562 2604.06689453125 2577.37158203125 2573.72412109375 2681.34326171875 2875.86157226562 2982.1455078125 2967.13354492188 2873.81079101562 2796.04418945312 2903.49658203125 2989.98461914062 3016.87133789062 2988.02563476562 2924.64965820312 2895.6181640625 2812.74731445312 2804.85864257812 2889.62915039062
2004.52197265625 2012.99426269531 2038.49426269531 2061.85986328125 2085.60864257812 2114.70166015625 2137.79907226562 2180.74780273438 2196.630859375 2216.25341796875 2248.04174804688 2284.90161132812 2277.58959960938 2278.44677734375 2310.64526367188 2336.88134765625 2363.96459960938 2380.96362304688 2459.5546875 2495.68872070312 2548.31982421875 2584.765625 2643.38598632812 2704.55590820312 -3.4e+38 2776.99658203125 2745.72290039062 -3.4e+38 2801.2314453125 2746.02514648438 2625.25439453125 2577.09594726562 2557.93090820312 2556.72802734375 2592.30981445312 2696.24853515625 2823.51904296875 2821.84521484375 2716.83154296875 2660.91162109375 2814.65454101562 2977.38525390625 3004.02392578125 3002.96752929688 2936.44506835938 2921.52856445312 2889.04541015625 2848.69775390625 2916.71069335938
2021.20227050781 2031.89001464844 2045.50415039062 2066.0859375 2097.59936523438 2116.10302734375 2131.3408203125 2190.6591796875 2216.36694335938 2236.70532226562 2270.33422851562 2304.67504882812 2296.21069335938 2288.80737304688 2311.79467773438 2339.09887695312 2370.18823242188 2385.43212890625 2435.671875 2468.65185546875 2514.0927734375 2536.80297851562 2651.61962890625 2725.05151367188 -3.4e+38 2791.62451171875 2759.69946289062 2764.72680664062 2797.28637695312 2711.92163085938 2638.65698242188 2621.2998046875 2569.74389648438 2573.98095703125 2581.06958007812 2595.2880859375 2670.99291992188 2688.70239257812 2619.24731445312 2653.8212890625 2819.7421875 2983.06518554688 2993.3525390625 2966.2353515625 2922.20166015625 2919.07397460938 2923.896484375 2908.67895507812 2912.59521484375
2030.48107910156 2048.32177734375 2052.15600585938 2078.939453125 2115.15893554688 2126.021484375 2145.81640625 2199.875 2239.595703125 2257.08227539062 2281.89453125 2304.59790039062 2297.68383789062 2304.1865234375 2331.666015625 2355.326171875 2386.11499023438 2409.32055664062 2457.80249023438 2479.85864257812 2498.96215820312 2539.03247070312 2675.37231445312 2754.00610351562 -3.4e+38 2788.65942382812 2800.50390625 2767.64282226562 2790.81616210938 2766.4228515625 2716.82348632812 2653.22534179688 2596.18994140625 2595.33740234375 2591.78955078125 2583.67138671875 2608.12329101562 2620.28344726562 2590.6708984375 2612.0361328125 2774.97143554688 2956.57421875 2984.03466796875 2897.990234375 2879.9296875 2908.4990234375 2907.97729492188 2906.08984375 2847.25073242188
2031.82177734375 2052.7666015625 2060.32861328125 2088.29028320312 2115.63305664062 2131.5966796875 2168.46923828125 2222.73754882812 2261.7734375 2281.99926757812 2292.86865234375 2297.01220703125 2294.8515625 2323.82592773438 2355.9814453125 2372.75903320312 2441.318359375 2469.0458984375 2475.18286132812 2481.90063476562 2495.265625 2580.11206054688 2704.07861328125 2771.34790039062 2756.6015625 2773.54418945312 2799.65966796875 2768.99072265625 2760.57153320312 2818.69116210938 2752.166015625 2719.01513671875 2731.5126953125 2648.90356445312 2589.29760742188 2615.548828125 2612.09521484375 2605.21899414062 2644.87084960938 2630.99438476562 2645.20581054688 2939.31103515625 2966.83520507812 2883.54907226562 2816.7578125 2847.03662109375 2890.24682617188 2829.21118164062 2698.66552734375
2034.68969726562 2057.25732421875 2071.021484375 2091.97998046875 2114.376953125 2141.56201171875 2182.466796875 2239.849609375 2271.00048828125 2288.17700195312 2294.78247070312 2305.92919921875 2322.92993164062 2347.26245117188 2362.693359375 2381.11083984375 2442.28271484375 2477.06713867188 2473.51879882812 2479.22900390625 2506.87573242188 2602.7236328125 2708.44555664062 2768.15454101562 2760.42895507812 2765.08740234375 2786.03149414062 2757.69653320312 2764.65942382812 2826.34423828125 2768.95532226562 2782.88916015625 2850.13842773438 2715.47534179688 2587.8701171875 2594.56030273438 2591.69458007812 2594.9755859375 2678.83471679688 2661.46923828125 2564.9609375 2874.53979492188 2862.12426757812 2785.6708984375 2768.5703125 2779.83520507812 2860.73217773438 2772.99340820312 2518.02856445312
2041.60217285156 2065.2548828125 2078.25756835938 2110.63623046875 2142.70947265625 2171.62475585938 2205.15991210938 2261.326171875 2276.77514648438 2300.58569335938 2330.32495117188 2337.33056640625 2355.06103515625 2385.49487304688 2401.62036132812 2405.99658203125 2423.8115234375 2458.70776367188 2477.6484375 2493.03686523438 2532.45434570312 2584.48364257812 2673.134765625 2759.32788085938 2788.91528320312 2777.23999023438 2776.73388671875 2679.79956054688 2690.74829101562 2777.87573242188 2807.37841796875 2765.59399414062 2820.80859375 2770.24291992188 2612.44384765625 2551.98315429688 2543.41162109375 2557.32641601562 2563.7685546875 2596.505859375 2588.64501953125 2593.94873046875 2617.77783203125 2543.15307617188 2506.28784179688 2585.96533203125 2796.27319335938 2842.12475585938 2630.6279296875
2045.23156738281 2067.85522460938 2089.66870117188 2126.9892578125 2164.3603515625 2198.65576171875 2222.39819335938 2254.7109375 2275.80029296875 2310.29052734375 2338.6171875 2352.5205078125 2375.34350585938 2398.42529296875 2414.08984375 2417.04443359375 2433.19067382812 2450.72021484375 2479.57666015625 2502.96484375 2535.06298828125 2569.21826171875 2659.59130859375 2748.26342773438 2779.9140625 2768.95532226562 2775.931640625 2730.09936523438 2661.99243164062 2740.404296875 2794.45190429688 2764.8388671875 2823.11547851562 2766.85595703125 2598.85620117188 2562.25952148438 2558.04760742188 2549.44970703125 2541.63134765625 2541.69116210938 2541.17431640625 2508.65991210938 2518.65112304688 2506.3935546875 2482.14721679688 2543.22705078125 2734.87158203125 2845.10400390625 2774.05078125
2046.96398925781 2069.34326171875 2102.92895507812 2141.85766601562 2175.59692382812 2204.4775390625 2222.18188476562 2258.7353515625 2293.04418945312 2319.39770507812 2339.86840820312 2369.31323242188 2394.4736328125 2401.88110351562 2416.5654296875 2422.74438476562 2430.69555664062 2444.55615234375 2489.64477539062 2518.44116210938 2555.46484375 2574.3076171875 2649.59301757812 2714.82592773438 2744.89477539062 2760.76953125 2769.40478515625 2727.49047851562 2620.88159179688 2704.298828125 2784.24951171875 2768.89477539062 2818.18041992188 2809.25537109375 2634.31323242188 2560.14770507812 2559.13598632812 2552.9765625 2552.52416992188 2533.89233398438 2527.85913085938 2517.7265625 2497.5576171875 2487.24072265625 2474.32495117188 2483.20288085938 2591.33862304688 2746.6884765625 2807.5419921875
2059.96850585938 2089.38745117188 2121.4365234375 2142.08276367188 2164.49877929688 2194.05346679688 2224.32275390625 2277.33764648438 2303.52026367188 2318.91137695312 2341.0126953125 2378.83154296875 2403.06982421875 2403.22216796875 2420.35766601562 2437.498046875 2436.62084960938 2454.90356445312 2533.96630859375 2553.19555664062 2574.548828125 2601.59326171875 2608.19116210938 2648.53442382812 2699.68310546875 2739.5966796875 2757.59643554688 2687.9306640625 2593.70068359375 2769.02124023438 2812.77514648438 2803.54858398438 2825.93408203125 2858.38134765625 2714.50170898438 2565.64111328125 2548.67822265625 2548.24682617188 2545.8681640625 2534.35083007812 2529.94213867188 2525.19653320312 2509.37060546875 2484.23681640625 2467.39990234375 2464.16650390625 2506.68603515625 2625.79956054688 2764.65576171875
2070.806640625 2100.62109375 2123.86987304688 2139.10009765625 2174.19287109375 2208.36376953125 2238.60986328125 2283.14819335938 2295.11938476562 2321.58178710938 2354.96240234375 2389.65454101562 2411.07788085938 2418.7880859375 2424.39916992188 2442.66870117188 2453.6455078125 2478.966796875 2560.24731445312 2588.19921875 2616.56420898438 2598.07958984375 2559.70434570312 2635.78735351562 2705.55200195312 2743.5888671875 2772.55224609375 2689.587890625 2603.6572265625 2840.99072265625 2841.22802734375 2819.46948242188 2755.75537109375 2786.568359375 2721.33251953125 2576.03564453125 2558.85083007812 2539.34741210938 2532.74658203125 2560.19580078125 2554.87109375 2523.486328125 2506.92211914062 2479.58984375 2475.9228515625 2469.09936523438 2483.4365234375 2558.27954101562 2707.55249023438
2087.080078125 2116.677734375 2128.15014648438 2143.7744140625 2195.6865234375 2234.46313476562 2260.01586914062 2297.53881835938 2299.88793945312 2326.96606445312 2366.04028320312 2395.75146484375 2415.37744140625 2426.54516601562 2437.69189453125 2445.5732421875 2460.98583984375 2491.87329101562 2549.72509765625 2612.11279296875 2651.576171875 2602.01171875 2556.78173828125 2597.04223632812 2655.240234375 2741.41381835938 2788.62255859375 2744.08642578125 2647.50048828125 2736.74975585938 2776.4208984375 2785.30859375 2680.2783203125 2645.58471679688 2697.9638671875 2621.70336914062 2552.42114257812 2536.69604492188 2534.43017578125 2592.68920898438 2602.46997070312 2513.263671875 2498.91015625 2479.5078125 2462.73461914062 2452.19873046875 2447.84790039062 2533.12475585938 2708.13134765625
2098.35498046875 2134.47436523438 2152.92260742188 2167.36303710938 2202.38525390625 2244.12182617188 2270.51123046875 2302.09716796875 2307.0576171875 2327.0888671875 2378.00244140625 2409.0615234375 2412.61865234375 2432.46704101562 2452.63940429688 2457.74291992188 2468.982421875 2492.8955078125 2525.140625 2556.00537109375 2598.14868164062 2586.45849609375 2556.67456054688 2563.14477539062 2586.42333984375 2635.99487304688 2706.5595703125 2743.98681640625 2682.56567382812 2601.44311523438 2637.61181640625 2655.01000976562 2607.82861328125 2565.88256835938 2648.43115234375 2626.73657226562 2536.8134765625 2539.6171875 2545.88842773438 2573.26806640625 2580.013671875 2519.54370117188 2511.03002929688 2481.48364257812 2446.56982421875 2435.25415039062 2431.82788085938 2521.1337890625 2703.46923828125
2098.92626953125 2129.85009765625 2159.55297851562 2188.79711914062 2209.0341796875 2238.92309570312 2271.07983398438 2300.447265625 2309.84106445312 2331.98974609375 2398.88330078125 2423.81689453125 2413.2216796875 2427.775390625 2441.29272460938 2457.51538085938 2471.53515625 2494.81811523438 2523.71850585938 2525.44360351562 2543.62255859375 2614.40649414062 2599.62866210938 2577.78491210938 2584.8359375 2569.83862304688 2601.30395507812 2634.35815429688 2622.9931640625 2564.97680664062 2570.0400390625 2570.40747070312 2559.1005859375 2555.10668945312 2595.62255859375 2590.48706054688 2540.14453125 2547.20678710938 2548.41186523438 2531.90869140625 2522.59252929688 2550.478515625 2534.47216796875 2494.08447265625 2453.04736328125 2446.3154296875 2432.3955078125 2483.09716796875 2662.61010742188
2096.47216796875 2119.15649414062 2155.44799804688 2192.5439453125 2218.59692382812 2241.06640625 2260.537109375 2300.13305664062 2313.63989257812 2341.7978515625 2389.46752929688 2415.90991210938 2425.49365234375 2440.67846679688 2453.71215820312 2464.28637695312 2481.8115234375 2508.66235351562 2534.39331054688 2535.94506835938 2537.31591796875 2586.02587890625 2587.66333007812 2568.66967773438 2575.34326171875 2574.0947265625 2588.30883789062 2646.2607421875 2694.78442382812 2622.45336914062 2631.7978515625 2671.58959960938 2642.86010742188 2679.15771484375 2643.20556640625 2575.00927734375 2555.59326171875 2543.37573242188 2537.263671875 2520.2978515625 2509.08959960938 2570.32934570312 2571.7470703125 2501.34619140625 2444.2177734375 2440.7802734375 2430.28100585938 2449.0517578125 2615.5380859375
2101.99438476562 2118.8076171875 2159.91748046875 2197.07739257812 2213.41333007812 2234.4384765625 2261.54614257812 2296.36499023438 2337.34765625 2368.375 2387.09887695312 2418.02856445312 2445.59130859375 2458.36743164062 2474.87915039062 2494.23901367188 2501.0810546875 2525.05615234375 2544.73950195312 2541.55590820312 2548.55224609375 2598.97387695312 2641.41137695312 2595.89672851562 2574.82446289062 2626.79833984375 2633.12817382812 2687.52783203125 2789.67797851562 2712.77978515625 2644.61840820312 2735.12036132812 2745.79223632812 2764.25390625 2692.07836914062 2565.451171875 2584.41650390625 2569.71362304688 2534.75073242188 2523.13500976562 2505.22216796875 2515.61791992188 2563.19262695312 2517.80883789062 2435.23510742188 2426.99047851562 2431.42358398438 2468.68725585938 2612.55883789062
2107.01098632812 2122.77294921875 2161.71118164062 2199.45874023438 2207.47827148438 2223.71264648438 2259.08715820312 2303.5771484375 2342.80004882812 2402.41870117188 2420.94067382812 2433.9814453125 2449.9384765625 2460.24877929688 2486.69799804688 2504.25537109375 2506.07690429688 2524.29223632812 2542.927734375 2563.97314453125 2573.94140625 2600.24194335938 2633.900390625 2607.30004882812 2645.22705078125 2714.28173828125 2721.00732421875 2746.517578125 2797.17529296875 2774.76196289062 2682.0830078125 2763.00244140625 2817.47021484375 2788.76782226562 2738.06518554688 2616.99365234375 2611.52856445312 2597.39428710938 2549.92626953125 2573.9453125 2576.61938476562 2470.708984375 2495.63671875 2479.20068359375 2425.880859375 2417.36743164062 2432.99169921875 2454.51904296875 2531.28979492188
2108.22143554688 2127.8984375 2162.59643554688 2189.94555664062 2204.279296875 2224.46508789062 2251.60620117188 2328.03271484375 2350.86743164062 2407.63134765625 2441.06469726562 2445.38208007812 2443.44653320312 2459.29296875 2491.14672851562 2502.05786132812 2515.85327148438 2531.04223632812 2550.25732421875 2594.14697265625 2594.52368164062 2576.18603515625 2585.38159179688 2643.90942382812 2694.72119140625 2735.03759765625 2789.20141601562 2803.51123046875 2808.53540039062 2828.41137695312 2770.14990234375 2800.001953125 2844.53051757812 2812.09057617188 2799.79736328125 2693.6982421875 2666.17651367188 2719.63623046875 2667.25610351562 2602.05615234375 2637.85083007812 2483.75439453125 2456.84765625 2440.68798828125 2423.59594726562 2414.70776367188 2441.06591796875 2421.97705078125 2400.1982421875
2114.79736328125 2137.38916015625 2160.85913085938 2186.01391601562 2212.498046875 2235.22021484375 2257.85205078125 2327.505859375 2355.07788085938 2416.67578125 2466.470703125 2462.95068359375 2464.79467773438 2480.34106445312 2497.44287109375 2524.88061523438 2543.11694335938 2560.32641601562 2593.27783203125 2600.38793945312 2607.59326171875 2605.37963867188 2595.76708984375 2640.2890625 2662.53173828125 2699.20043945312 2784.29223632812 2830.58374023438 2831.71826171875 2848.95336914062 2847.71875 2835.09204101562 2781.02416992188 2773.30737304688 2802.48217773438 2795.6005859375 2712.61450195312 2724.5673828125 2804.08203125 2702.68627929688 2607.00170898438 2607.46606445312 2474.88061523438 2431.06127929688 2472.673828125 2536.18432617188 2465.5751953125 2366.48754882812 2347.12182617188
2118.63427734375 2141.435546875 2164.07739257812 2188.69750976562 2219.67431640625 2249.42749023438 2276.9375 2343.92138671875 2370.27001953125 2430.79443359375 2503.39038085938 2482.96704101562 2464.41870117188 2489.52783203125 2504.83911132812 2525.482421875 2552.07080078125 2574.0205078125 2610.0810546875 2587.70166015625 2590.86596679688 2607.03295898438 2600.24145507812 2611.51782226562 2691.93701171875 2725.64111328125 2755.04077148438 2793.560546875 2807.076171875 2829.21997070312 2842.32275390625 2834.32543945312 2782.67724609375 2788.15600585938 2817.07958984375 2821.78247070312 2753.43359375 2712.59301757812 2770.92895507812 2758.31176757812 2635.84375 2594.82666015625 2512.93139648438 2436.36254882812 2431.66967773438 2464.06225585938 2477.51123046875 2404.72241210938 2345.35815429688
2127.99267578125 2144.42529296875 2167.12719726562 2199.4111328125 2243.14892578125 2268.45556640625 2284.89599609375 2345.10571289062 2362.31201171875 2408.10693359375 2463.53637695312 2460.59106445312 2465.81127929688 2493.12744140625 2510.20654296875 2532.91186523438 2563.2109375 2585.00830078125 2641.24658203125 2608.5478515625 2582.95239257812 2592.53857421875 2591.78540039062 2601.69750976562 2665.06591796875 2734.17163085938 2750.501953125 2770.69970703125 2806.04296875 2827.66259765625 2839.689453125 2834.0029296875 2722.11474609375 2710.93115234375 2806.802734375 2802.36889648438 2795.87817382812 2717.39404296875 2714.056640625 2748.2470703125 2689.28515625 2532.42700195312 2506.89477539062 2440.21606445312 2422.73681640625 2398.33129882812 2445.56811523438 2439.462890625 2382.55029296875
2149.5908203125 2155.2607421875 2168.7265625 2197.47998046875 2233.99780273438 2266.77026367188 2287.205078125 2336.19311523438 2360.57958984375 2388.07739257812 2427.77905273438 2439.55859375 2467.19409179688 2498.62182617188 2514.90063476562 2534.85913085938 2557.94702148438 2577.93383789062 2653.87841796875 2631.37353515625 2589.05322265625 2595.23608398438 2600.36596679688 2600.3955078125 2609.73583984375 2709.49853515625 2717.1279296875 2749.958984375 2827.25317382812 2826.89184570312 2831.23681640625 2826.39965820312 2760.45849609375 2730.93798828125 2794.45166015625 2775.67333984375 2716.61865234375 2692.65063476562 2708.32666015625 2722.9580078125 2734.537109375 2575.41357421875 2501.64794921875 2467.986328125 2423.74755859375 2405.63696289062 2412.60180664062 2442.7578125 2452.33032226562
