rcp4.5models/CNRM_CM5/sc1gr3.8
NCOLS 261 
NROWS 433 
XLLCORNER 336357.134 
YLLCORNER 654653.479 
CELLSIZE 1000 
NODATA_value -3.4e+38 
[rows 308 to 329 of 433, columns 49 to 97 of 261]
276.596984863281 276.616485595703 276.204223632812 276.140441894531 276.180267333984 276.223510742188 276.087341308594 276.152191162109 276.466033935547 276.512359619141 276.184692382812 275.698211669922 275.899932861328 275.72607421875 275.099273681641 275.322082519531 275.682800292969 275.855499267578 276.088989257812 275.315795898438 274.768310546875 274.492309570312 274.222717285156 271.168121337891 267.479217529297 267.165771484375 265.636352539062 265.926544189453 268.594512939453 270.344573974609 273.655914306641 276.22412109375 274.520172119141 271.404083251953 270.334564208984 269.378692626953 269.279235839844 270.635925292969 271.542114257812 271.393829345703 269.275085449219 266.065399169922 264.937438964844 259.492431640625 249.148666381836 236.353851318359 228.13948059082 224.382446289062 219.403961181641
275.609375 275.679321289062 275.472290039062 275.715209960938 275.740386962891 275.829406738281 276.109008789062 275.768615722656 275.615356445312 275.535400390625 275.674621582031 275.564147949219 275.432678222656 275.501678466797 275.226470947266 275.442138671875 275.773651123047 275.847442626953 276.000671386719 275.691101074219 274.968933105469 274.931762695312 274.716339111328 272.884826660156 270.243835449219 268.327880859375 266.185974121094 265.769683837891 268.951049804688 270.707458496094 273.864593505859 275.953918457031 274.844299316406 270.272613525391 267.209564208984 269.160064697266 271.441375732422 272.429260253906 272.891479492188 272.554382324219 269.103088378906 265.645874023438 258.183441162109 248.783020019531 243.164566040039 235.552001953125 232.310791015625 231.472595214844 224.726867675781
275.126342773438 275.248352050781 275.155731201172 275.195465087891 275.244689941406 275.271087646484 275.578216552734 275.298645019531 275.014221191406 274.996948242188 275.480072021484 275.502746582031 274.943359375 274.998168945312 275.126861572266 275.435089111328 276.066131591797 276.100708007812 276.039825439453 275.519012451172 274.454406738281 274.809295654297 274.509613037109 272.974426269531 272.880554199219 271.208557128906 269.131164550781 268.805023193359 269.708923339844 272.836822509766 273.521667480469 274.831481933594 275.56005859375 270.939849853516 268.912109375 273.411102294922 274.849334716797 274.924133300781 274.044708251953 272.797058105469 270.295013427734 263.654113769531 255.742889404297 248.95068359375 246.118240356445 241.107009887695 240.988250732422 241.804672241211 239.822631835938
275.082275390625 275.369842529297 275.467041015625 275.139312744141 275.025329589844 274.911163330078 274.946197509766 275.177062988281 274.872894287109 275.000274658203 275.4208984375 275.305847167969 274.871368408203 274.863586425781 274.8173828125 275.070678710938 276.043975830078 276.257476806641 276.05712890625 275.702209472656 274.287109375 274.502960205078 273.075347900391 270.817749023438 272.089141845703 272.252075195312 269.249328613281 270.030883789062 272.620697021484 274.217742919922 271.020690917969 271.872283935547 275.806732177734 273.047271728516 272.309539794922 274.548004150391 274.730102539062 273.443237304688 269.786315917969 269.055755615234 269.136047363281 265.423156738281 261.500091552734 258.812286376953 253.95556640625 251.319366455078 250.98567199707 250.609725952148 252.223129272461
275.536834716797 275.479339599609 275.626953125 275.777496337891 275.379425048828 274.946624755859 274.858734130859 274.919891357422 274.843383789062 274.739532470703 275.124877929688 275.253509521484 275.121978759766 275.369415283203 275.142669677734 274.992370605469 275.907653808594 276.247253417969 275.743927001953 275.880279541016 273.896545410156 273.763946533203 273.322875976562 271.298065185547 271.759246826172 273.28564453125 270.752319335938 270.975738525391 275.068634033203 273.375366210938 270.762023925781 269.999877929688 272.879791259766 272.817993164062 268.634094238281 268.65185546875 270.898712158203 272.246154785156 270.504577636719 269.710754394531 270.575988769531 271.099243164062 268.489105224609 266.794250488281 263.566650390625 261.574737548828 261.040069580078 260.699890136719 261.073852539062
275.533874511719 274.868438720703 275.13671875 275.765991210938 275.486663818359 275.547332763672 276.037231445312 275.395660400391 274.525329589844 274.588714599609 275.017578125 274.957672119141 275.222808837891 275.324645996094 275.293487548828 275.247772216797 275.292144775391 275.817108154297 276.048583984375 276.047668457031 274.76953125 274.793762207031 275.409942626953 273.397155761719 272.674377441406 274.123657226562 274.82568359375 275.762268066406 275.644317626953 271.739715576172 269.210113525391 269.533386230469 273.000366210938 273.325927734375 272.047088623047 269.721405029297 266.299072265625 267.223663330078 267.603851318359 270.582092285156 271.663543701172 270.805206298828 269.530334472656 268.359008789062 270.728912353516 270.203216552734 270.836761474609 269.799133300781 268.198364257812
275.353729248047 274.792175292969 274.903228759766 275.527496337891 275.494964599609 275.616271972656 275.784545898438 275.033935546875 274.713226318359 274.84619140625 275.053771972656 275.064117431641 275.081848144531 275.053558349609 274.796203613281 274.983428955078 275.260192871094 275.650146484375 276.146759033203 275.887268066406 274.804046630859 274.418273925781 275.037109375 272.820281982422 271.100830078125 273.16015625 274.646942138672 275.792755126953 275.730529785156 274.415191650391 273.825653076172 273.487457275391 274.2783203125 274.054107666016 273.729248046875 271.990997314453 267.363067626953 265.386199951172 266.250610351562 269.423400878906 270.230072021484 269.773040771484 269.894165039062 269.570892333984 270.200927734375 268.200866699219 265.420501708984 266.180145263672 268.486053466797
275.232788085938 275.001007080078 274.974182128906 275.521575927734 275.826934814453 275.588348388672 275.258026123047 274.835296630859 274.716674804688 274.772857666016 274.911560058594 274.879302978516 274.811340332031 275.134643554688 275.278472900391 275.228790283203 275.177978515625 275.658569335938 275.972991943359 275.721557617188 274.766845703125 274.368316650391 275.084381103516 272.845184326172 270.957611083984 272.813049316406 274.613494873047 275.761474609375 274.661926269531 272.676422119141 271.607299804688 270.364349365234 271.542236328125 273.278076171875 271.51025390625 270.528900146484 266.955718994141 263.605712890625 264.285797119141 266.257171630859 268.490631103516 263.382019042969 263.465118408203 262.712341308594 261.129455566406 255.716110229492 254.448486328125 263.131195068359 265.897644042969
275.449096679688 275.1162109375 274.894439697266 275.515655517578 275.922454833984 275.482025146484 275.372161865234 274.909118652344 274.933074951172 275.235412597656 275.141632080078 274.848083496094 274.842956542969 275.060882568359 275.211669921875 275.022521972656 275.144927978516 275.668060302734 275.767486572266 275.777069091797 275.405670166016 275.241180419922 275.372650146484 273.203491210938 271.147583007812 272.866516113281 275.155609130859 275.645965576172 274.784820556641 272.711120605469 270.653198242188 267.201965332031 268.719665527344 271.639373779297 270.360198974609 269.138793945312 266.617858886719 264.474700927734 263.736785888672 262.664428710938 264.686767578125 258.379608154297 257.412445068359 253.932571411133 246.243240356445 240.083541870117 246.742568969727 258.343078613281 260.419403076172
275.445220947266 274.942230224609 275.157501220703 275.708801269531 275.489593505859 275.039245605469 275.343292236328 274.884948730469 275.398406982422 275.490447998047 274.159698486328 273.893157958984 274.697143554688 274.889038085938 275.037445068359 275.093933105469 275.355712890625 275.691009521484 275.104522705078 274.381134033203 274.525665283203 275.089416503906 275.048828125 273.328674316406 270.309417724609 272.01953125 275.220428466797 275.285095214844 275.340423583984 273.987213134766 273.635131835938 271.494934082031 271.286224365234 271.977325439453 272.543029785156 270.585144042969 267.826324462891 267.031066894531 266.541137695312 264.611022949219 263.519134521484 258.739837646484 254.4833984375 248.748580932617 239.89013671875 237.857467651367 247.250335693359 255.996887207031 258.720733642578
275.468292236328 275.332763671875 275.681640625 275.701599121094 275.322875976562 274.946014404297 275.265472412109 275.207916259766 275.554504394531 275.586090087891 274.386535644531 274.231597900391 275.076385498047 275.185150146484 275.333099365234 275.535339355469 275.594299316406 275.477630615234 274.915679931641 273.255676269531 272.203735351562 272.354064941406 273.603881835938 274.459259033203 271.460388183594 271.601470947266 274.713531494141 275.100494384766 275.407318115234 273.817840576172 270.178558349609 269.909942626953 273.459167480469 273.392303466797 272.320068359375 269.411560058594 266.992767333984 266.566314697266 266.816314697266 266.577331542969 265.320373535156 261.256103515625 257.494201660156 253.056823730469 248.175155639648 248.809906005859 254.343765258789 259.297821044922 260.0478515625
275.927734375 275.894439697266 275.876312255859 275.791839599609 275.678161621094 275.613555908203 275.747955322266 275.890319824219 275.641662597656 275.394439697266 274.964172363281 274.867095947266 275.230712890625 275.373809814453 275.449249267578 275.486602783203 275.272338867188 274.934448242188 275.172912597656 274.350067138672 273.172546386719 272.446380615234 273.289428710938 273.740325927734 271.252807617188 271.525939941406 273.655853271484 274.149444580078 275.20751953125 274.287292480469 266.821411132812 263.731536865234 270.268157958984 273.383728027344 272.80859375 270.06103515625 267.040161132812 265.020690917969 264.892364501953 264.311279296875 265.162719726562 265.301635742188 263.194091796875 258.953826904297 256.017944335938 255.849395751953 258.164184570312 261.261383056641 260.173187255859
276.145324707031 276.104766845703 276.036224365234 275.975250244141 275.686920166016 275.745941162109 276.014465332031 275.634826660156 275.367370605469 275.067047119141 274.812713623047 274.834045410156 275.236389160156 275.518280029297 275.384429931641 275.089996337891 274.801300048828 274.769256591797 274.677612304688 274.645538330078 274.566619873047 273.742553710938 273.819641113281 273.870910644531 272.860778808594 273.13134765625 273.299194335938 273.680786132812 274.944702148438 274.257568359375 269.877655029297 264.866790771484 267.03759765625 272.460815429688 274.158447265625 270.438842773438 266.649475097656 266.591217041016 267.726837158203 265.774230957031 266.569915771484 267.781188964844 262.869415283203 259.223724365234 258.700439453125 259.963836669922 262.771759033203 263.001068115234 259.62158203125
275.446807861328 275.431518554688 275.722686767578 275.745513916016 275.157104492188 275.199859619141 275.591247558594 275.270446777344 275.084869384766 274.811706542969 274.876525878906 274.940032958984 275.031494140625 275.357452392578 275.342193603516 274.915466308594 274.613555908203 274.675933837891 274.155334472656 273.646759033203 272.272369384766 271.234680175781 271.816345214844 272.035400390625 272.982513427734 274.063812255859 272.793029785156 273.076080322266 274.801818847656 274.524108886719 273.404876708984 267.636627197266 266.220825195312 271.932556152344 273.358367919922 269.057952880859 266.149993896484 268.819061279297 269.414886474609 266.875427246094 268.089599609375 268.149841308594 262.134460449219 259.435394287109 260.902984619141 264.844635009766 267.180236816406 265.338562011719 262.545867919922
275.054168701172 275.088623046875 275.538940429688 275.462249755859 274.863342285156 274.8828125 275.2392578125 275.172271728516 275.219543457031 275.006378173828 275.078155517578 275.120056152344 274.856109619141 275.142517089844 275.390350341797 275.004180908203 274.780334472656 274.608917236328 273.844116210938 273.203643798828 271.480773925781 270.090576171875 269.009613037109 267.495758056641 269.853637695312 272.150817871094 270.231170654297 269.3896484375 272.260620117188 274.490692138672 273.668029785156 269.161804199219 266.160003662109 269.625366210938 271.939178466797 270.718688964844 269.231597900391 269.667358398438 268.069549560547 264.119354248047 263.252075195312 269.685363769531 267.190307617188 264.189239501953 262.954803466797 266.918731689453 266.858306884766 261.359741210938 258.770355224609
275.100311279297 275.271118164062 275.907470703125 275.434509277344 274.774627685547 275.016235351562 275.368316650391 275.392761230469 275.574066162109 275.388092041016 275.175170898438 275.182495117188 275.214294433594 275.344848632812 275.418762207031 275.215454101562 275.106842041016 274.621795654297 274.053253173828 273.495239257812 272.766845703125 269.688751220703 266.605072021484 266.380798339844 268.667449951172 269.092926025391 266.6826171875 265.439758300781 269.481231689453 273.987457275391 272.895965576172 271.036041259766 270.121673583984 271.187347412109 271.639465332031 269.292236328125 267.492584228516 266.893096923828 264.997436523438 262.562255859375 260.342071533203 270.767333984375 269.352783203125 266.772369384766 266.354522705078 267.650573730469 265.887542724609 262.175842285156 255.018112182617
275.067993164062 275.547424316406 275.74853515625 275.1640625 274.618103027344 274.677185058594 275.355529785156 275.091247558594 275.295867919922 275.322998046875 275.292633056641 275.229736328125 275.328948974609 275.339447021484 275.042877197266 274.858642578125 274.976898193359 274.825103759766 273.815673828125 273.398162841797 273.110107421875 270.228149414062 267.262145996094 266.916198730469 267.447601318359 267.029479980469 265.325073242188 263.443298339844 268.310882568359 273.870147705078 271.720642089844 271.113250732422 273.099822998047 273.607269287109 272.510711669922 268.458374023438 263.781341552734 262.067138671875 261.908843994141 261.295776367188 261.501861572266 270.331085205078 268.430328369141 266.202026367188 266.675140380859 265.595184326172 263.946228027344 264.316986083984 256.532836914062
274.748931884766 274.923583984375 274.80029296875 274.718353271484 274.588928222656 275.128448486328 275.740081787109 274.642211914062 275.015197753906 275.046112060547 274.771240234375 275.037017822266 275.293670654297 274.993286132812 273.341583251953 272.730560302734 273.513275146484 274.049957275391 272.470794677734 272.588745117188 273.486907958984 269.015045166016 266.605987548828 266.360260009766 263.469512939453 263.018096923828 262.661407470703 265.634002685547 271.823333740234 273.957427978516 273.690704345703 271.562072753906 270.14794921875 272.524017333984 273.785308837891 272.925598144531 267.53271484375 262.388763427734 261.469268798828 260.436340332031 262.647979736328 265.372344970703 267.748504638672 264.495452880859 259.742492675781 254.365951538086 255.262084960938 260.074981689453 259.506469726562
274.426635742188 274.718933105469 274.501098632812 274.315734863281 274.645599365234 275.030090332031 275.384429931641 274.624206542969 275.175689697266 275.023651123047 274.370422363281 274.841278076172 275.212524414062 274.881805419922 272.766510009766 271.956726074219 272.655578613281 273.356506347656 273.089050292969 273.250762939453 272.516845703125 267.012908935547 265.866729736328 265.421905517578 261.770660400391 260.820251464844 260.795623779297 265.468963623047 271.045623779297 272.397827148438 272.585784912109 273.299194335938 270.315734863281 268.759887695312 271.138610839844 272.993957519531 270.069458007812 264.294708251953 262.933410644531 264.900421142578 265.672332763672 264.239074707031 263.514862060547 261.576293945312 261.224975585938 256.729614257812 253.553421020508 255.133438110352 254.817520141602
274.3544921875 274.687896728516 274.546630859375 274.401977539062 274.908172607422 274.842590332031 274.999206542969 274.582611083984 274.795288085938 274.613372802734 274.289825439453 274.823333740234 275.307678222656 274.978546142578 273.188354492188 271.668701171875 271.963684082031 272.927612304688 273.778961181641 273.749176025391 271.762237548828 266.230438232422 266.330261230469 266.131774902344 260.718597412109 260.840606689453 264.488311767578 267.246765136719 269.900299072266 271.817962646484 271.450805664062 272.309661865234 269.9033203125 267.578125 268.845825195312 269.47900390625 269.325744628906 268.596038818359 267.653228759766 266.426696777344 266.174468994141 262.825439453125 260.111389160156 257.700897216797 258.182098388672 258.230926513672 252.976226806641 251.142425537109 251.270217895508
274.036895751953 274.223358154297 274.142822265625 274.230804443359 274.724273681641 274.568695068359 274.689849853516 274.400665283203 274.152862548828 273.941680908203 274.127807617188 274.571136474609 275.118286132812 274.927520751953 273.236236572266 272.313079833984 273.218841552734 273.404113769531 273.222869873047 273.361389160156 273.033843994141 270.220550537109 268.989410400391 267.178344726562 260.520050048828 261.794830322266 -3.4e+38 268.578674316406 270.386993408203 269.407531738281 270.651245117188 272.759063720703 272.25390625 271.519500732422 269.560333251953 266.422576904297 264.565155029297 268.191253662109 270.583435058594 265.626007080078 262.518127441406 262.978179931641 259.593933105469 256.717163085938 256.629943847656 257.1767578125 252.311874389648 249.755798339844 248.939010620117
273.746734619141 273.986694335938 273.956756591797 273.964050292969 274.343078613281 274.321716308594 274.206481933594 274.05322265625 273.801208496094 273.865356445312 274.367401123047 274.467376708984 274.573547363281 274.576049804688 273.688568115234 273.533325195312 274.1044921875 273.028900146484 271.454467773438 272.236541748047 272.729919433594 270.791320800781 269.116394042969 268.201446533203 264.20556640625 -3.4e+38 267.050323486328 268.071228027344 269.001068115234 266.435546875 269.311798095703 272.483367919922 273.459381103516 273.509765625 269.74560546875 264.766571044922 261.095001220703 262.944213867188 266.998413085938 265.206878662109 262.014373779297 263.404724121094 260.596099853516 256.966949462891 254.832366943359 253.168258666992 249.483276367188 249.255905151367 249.679595947266
