rcp4.5models/CNRM_CM5/sc1gr2.23
NCOLS 261 
NROWS 433 
XLLCORNER 336357.134 
YLLCORNER 654653.479 
CELLSIZE 1000 
NODATA_value -3.4e+38 
[rows 308 to 329 of 433, columns 196 to 244 of 261]
331.062316894531 329.464263916016 324.365417480469 322.1396484375 323.679351806641 330.183441162109 334.012084960938 333.700378417969 335.441314697266 335.922454833984 335.314575195312 335.408386230469 333.899505615234 329.626617431641 323.446014404297 323.382965087891 324.319580078125 322.689270019531 334.739379882812 336.248626708984 336.120819091797 335.84765625 336.503143310547 337.374908447266 337.615570068359 336.107360839844 332.476287841797 333.742004394531 336.628051757812 336.389251708984 336.315032958984 336.377075195312 336.396697998047 336.892486572266 337.515472412109 337.960632324219 337.990814208984 336.966400146484 337.528076171875 338.314086914062 338.316497802734 337.350189208984 337.643493652344 338.326110839844 338.534332275391 339.448272705078 339.995330810547 340.335693359375 340.338134765625
328.588562011719 330.645538330078 327.753204345703 326.658813476562 328.022979736328 331.063110351562 329.537536621094 334.049560546875 335.2646484375 335.495910644531 335.155334472656 334.217529296875 331.013458251953 328.077514648438 324.121459960938 325.694580078125 325.811431884766 322.727081298828 332.675964355469 336.213714599609 336.237854003906 336.416015625 336.879302978516 337.230987548828 336.71728515625 334.885101318359 334.206787109375 333.470977783203 333.297210693359 336.378479003906 336.786529541016 336.7314453125 336.818572998047 337.144134521484 338.269256591797 338.149261474609 337.618621826172 337.398834228516 337.936645507812 338.402923583984 338.850524902344 337.499084472656 338.292694091797 338.295227050781 338.502105712891 339.386657714844 339.843017578125 340.305419921875 340.307983398438
327.036895751953 330.864837646484 329.588317871094 326.434295654297 326.404327392578 329.002197265625 325.330841064453 332.389221191406 334.073089599609 335.501586914062 334.431732177734 331.200286865234 327.2822265625 325.930084228516 324.364929199219 325.804962158203 327.807861328125 326.539123535156 331.977996826172 335.771148681641 336.294799804688 336.77734375 337.192077636719 337.066986083984 336.224670410156 334.925170898438 335.356994628906 334.439086914062 330.112548828125 332.632873535156 337.675415039062 337.434478759766 337.78515625 337.764678955078 337.801788330078 338.142913818359 337.801879882812 337.900482177734 338.247680664062 338.462585449219 339.253173828125 338.034118652344 338.713470458984 338.380676269531 338.925842285156 339.269378662109 339.356903076172 339.812194824219 340.277526855469
327.077392578125 330.262054443359 329.639129638672 325.493988037109 324.884246826172 327.020080566406 327.140472412109 331.525146484375 334.669494628906 335.812866210938 334.335388183594 331.044342041016 327.432312011719 326.578247070312 325.852233886719 325.434020996094 327.18603515625 327.045684814453 334.220672607422 335.793090820312 336.147369384766 336.392272949219 337.027496337891 336.510040283203 336.293304443359 336.480072021484 335.930145263672 335.013366699219 329.447052001953 330.73486328125 338.190612792969 338.19384765625 -3.4e+38 -3.4e+38 337.856903076172 338.206237792969 338.209228515625 338.212188720703 338.215118408203 338.428802490234 339.220916748047 338.432739257812 339.025024414062 338.435302734375 339.235229492188 339.238098144531 339.240966796875 339.327087402344 339.668548583984
327.361572265625 329.083557128906 330.169525146484 327.638641357422 326.925720214844 328.608428955078 330.189361572266 332.967803955078 335.361389160156 334.992584228516 334.648254394531 333.053527832031 331.455841064453 330.587188720703 329.965270996094 328.594085693359 326.069244384766 326.863250732422 335.750549316406 336.10595703125 336.111114501953 336.355194091797 336.883331298828 336.125396728516 336.236755371094 336.356506347656 335.718505859375 335.161651611328 331.363250732422 331.062133789062 337.604766845703 337.606964111328 337.829437255859 338.513763427734 338.290466308594 338.610290527344 338.056213378906 337.737701416016 338.182159423828 338.394622802734 339.188293457031 338.850311279297 339.10986328125 338.857299804688 339.203460693359 339.206481933594 339.209503173828 339.212524414062 339.215576171875
325.179290771484 329.237274169922 329.956878662109 327.814971923828 325.536071777344 328.390106201172 331.971893310547 334.061950683594 334.161285400391 333.428070068359 333.570678710938 333.044219970703 330.657623291016 332.097595214844 333.111328125 331.834564208984 330.222900390625 326.496368408203 330.716522216797 335.271697998047 336.037109375 336.279449462891 336.939483642578 336.701446533203 336.824981689453 335.535827636719 334.312530517578 336.194610595703 335.987091064453 334.349273681641 336.679718017578 337.269805908203 337.540405273438 337.662750244141 338.101043701172 338.104614257812 338.014801025391 337.646362304688 337.762084960938 338.672149658203 339.006286621094 339.128692626953 339.245819091797 339.677459716797 339.680114746094 340.058715820312 339.608489990234 339.340911865234 340.07177734375
324.411529541016 327.986572265625 329.707183837891 328.018676757812 323.917816162109 325.458221435547 333.039764404297 333.3720703125 333.122009277344 332.523559570312 333.179077148438 333.08154296875 331.433471679688 333.697052001953 332.954681396484 333.093353271484 333.371002197266 332.196838378906 328.506469726562 335.232727050781 336.127197265625 336.652954101562 337.010192871094 -3.4e+38 336.7890625 336.024932861328 336.029541015625 336.260284423828 336.9365234375 336.691528320312 337.349578857422 337.956848144531 337.611663818359 337.712585449219 338.066192626953 338.069946289062 338.073638916016 337.985473632812 337.732696533203 338.174407958984 338.435668945312 339.095336914062 339.184722900391 339.560394287109 339.649108886719 339.537200927734 339.457336425781 339.197479248047 339.543273925781
325.483642578125 327.831909179688 329.272521972656 328.098907470703 324.203796386719 325.137329101562 332.664367675781 332.856781005859 332.744049072266 332.657928466797 333.531463623047 333.772705078125 333.547515869141 333.790405273438 333.446411132812 333.569732666016 333.815063476562 333.453582763672 332.310943603516 335.602416992188 336.197570800781 -3.4e+38 -3.4e+38 -3.4e+38 336.459899902344 336.406951904297 336.115936279297 336.645050048828 337.123870849609 337.432434082031 338.014617919922 338.018798828125 338.022888183594 338.026947021484 338.148681640625 338.474365234375 338.038757324219 338.042633056641 338.046478271484 337.935699462891 337.604614257812 338.948974609375 338.609680175781 339.2646484375 339.878845214844 339.076507568359 339.080261230469 339.083953857422 339.087707519531
326.647308349609 328.008331298828 328.890502929688 328.345947265625 325.382568359375 326.138031005859 331.408447265625 332.815155029297 332.689544677734 332.561889648438 333.448516845703 333.850982666016 333.991638183594 334.397399902344 334.274780273438 334.012786865234 334.292572021484 333.783630371094 335.781829833984 335.506622314453 336.031127929688 -3.4e+38 -3.4e+38 -3.4e+38 336.591644287109 336.722595214844 336.057769775391 336.536590576172 337.186889648438 337.869323730469 337.978149414062 337.982513427734 337.98681640625 337.991058349609 338.2060546875 338.906616210938 338.561126708984 338.451477050781 338.1259765625 338.374786376953 337.670379638672 338.941772460938 338.794525146484 339.687805175781 339.846832275391 339.043182373047 339.047119140625 339.158721923828 339.631164550781
327.191040039062 326.88427734375 326.231811523438 326.636352539062 325.959320068359 325.133911132812 329.8525390625 332.637756347656 332.135467529297 331.376678466797 330.416442871094 331.698699951172 333.538330078125 334.427551269531 334.718719482422 334.488006591797 334.735778808594 334.261352539062 335.22412109375 335.112823486328 335.882995605469 335.99658203125 -3.4e+38 337.02490234375 337.324645996094 336.685516357422 335.916931152344 336.023406982422 336.601959228516 337.384429931641 337.822387695312 337.394805908203 337.515655517578 337.954803466797 338.052490234375 338.407501220703 338.525390625 338.881866455078 338.625610351562 338.779449462891 337.984741210938 338.993072509766 339.081359863281 339.542419433594 339.814453125 339.11767578125 339.586517333984 339.671234130859 339.915740966797
327.367553710938 326.543090820312 325.2939453125 323.969665527344 327.607269287109 328.0263671875 330.570770263672 332.203948974609 330.823089599609 330.342834472656 327.8779296875 328.844177246094 331.172393798828 333.102996826172 334.392425537109 334.800811767578 334.808441162109 334.57568359375 334.829986572266 335.071868896484 335.84326171875 335.849639892578 335.961791992188 336.673248291016 337.640716552734 336.647979736328 336 336.428619384766 336.654998779297 337.441192626953 336.785034179688 335.17578125 337.00830078125 337.481079101562 337.922729492188 337.927307128906 338.136657714844 338.936309814453 338.940734863281 338.857482910156 338.400634765625 338.958282470703 338.962615966797 339.049530029297 339.320098876953 339.056091308594 339.407287597656 339.410064697266 339.335327148438
327.981811523438 327.763092041016 327.066528320312 324.857849121094 327.650695800781 331.01904296875 332.571899414062 332.053253173828 330.209533691406 330.08740234375 329.162719726562 327.710174560547 329.874908447266 332.365051269531 334.396331787109 334.888214111328 335.171142578125 334.663116455078 334.915557861328 335.440979003906 335.803100585938 335.933807373047 336.355072021484 336.571441650391 337.183441162109 336.731475830078 336.484558105469 336.845184326172 336.950073242188 337.30908203125 333.340759277344 335.020599365234 336.876190185547 337.089752197266 337.771209716797 337.44921875 338.098937988281 338.787475585938 338.457305908203 338.909423828125 338.827911376953 338.923156738281 339.0361328125 339.392303466797 339.043762207031 339.405670166016 339.051361083984 339.524017333984 339.529998779297
329.684661865234 328.293304443359 327.584075927734 327.775604248047 328.84326171875 331.163391113281 332.880187988281 331.608520507812 330.141265869141 330.560699462891 330.817687988281 328.617279052734 330.185272216797 332.306091308594 334.308044433594 334.830749511719 335.081268310547 334.606353759766 334.983154296875 335.88037109375 336.299163818359 336.166107177734 335.943969726562 336.904388427734 337.207855224609 336.794494628906 336.800384521484 336.80615234375 336.811798095703 336.699249267578 333.813629150391 336.478332519531 336.838531494141 336.936431884766 337.203063964844 337.057647705078 337.948364257812 338.328979492188 338.515197753906 338.983734130859 339.330261230469 338.8876953125 338.974914550781 339.355102539062 339.445129394531 339.256805419922 338.989685058594 339.342620849609 339.449005126953
329.79833984375 327.728912353516 327.685516357422 329.970611572266 331.199340820312 331.824768066406 332.565216064453 331.356750488281 330.513946533203 330.477203369141 331.393524169922 330.432647705078 329.880767822266 330.829925537109 332.175140380859 334.272064208984 334.683288574219 334.580383300781 335.475128173828 336.233154296875 336.308532714844 336.516815185547 336.143920898438 337.263549804688 337.225799560547 337.296264648438 337.303527832031 337.19189453125 336.772583007812 336.680847167969 336.433624267578 336.795074462891 336.9150390625 337.244293212891 336.811126708984 337.019012451172 337.821533203125 337.914825439453 338.272979736328 338.362731933594 338.742706298828 338.851898193359 338.856872558594 338.942687988281 339.218292236328 338.871704101562 338.876617431641 338.881530761719 339.064453125
328.539245605469 327.340026855469 327.920043945312 330.893432617188 331.892456054688 331.778564453125 332.2744140625 330.350555419922 326.6171875 330.995178222656 332.111785888672 331.888977050781 331.059112548828 330.414398193359 330.845581054688 334.678375244141 334.767150878906 335.181182861328 335.897705078125 336.317565917969 335.49609375 336.687072753906 336.920043945312 337.476806640625 336.930114746094 337.5947265625 337.296813964844 337.509643554688 336.732971191406 336.738983154297 336.202362060547 336.321380615234 336.968719482422 337.675872802734 337.326477050781 337.422912597656 337.89501953125 338.346618652344 338.353271484375 338.468688964844 338.904235839844 338.815795898438 338.926818847656 339.287933349609 338.831329345703 338.836456298828 338.841583251953 338.948822021484 339.501281738281
329.4169921875 327.801940917969 327.951385498047 330.067718505859 331.951232910156 332.118530273438 331.42626953125 322.156707763672 316.111511230469 326.526184082031 332.145538330078 332.551239013672 332.574462890625 332.398620605469 332.376678466797 334.542846679688 334.834716796875 335.480804443359 335.320404052734 335.881256103516 335.385833740234 336.230133056641 336.635589599609 336.599151611328 336.768493652344 337.031555175781 336.77978515625 337.044555664062 336.692962646484 336.69921875 336.259490966797 336.246246337891 336.491302490234 337.729095458984 337.73486328125 337.740570068359 337.834350585938 338.194976806641 338.307891845703 338.739959716797 338.669860839844 338.779357910156 338.865539550781 339.143890380859 338.795562744141 338.800933837891 338.806274414062 338.988342285156 339.816925048828
330.939788818359 328.245910644531 328.032775878906 329.184051513672 331.673583984375 331.622314453125 327.652648925781 310.065704345703 305.25146484375 317.650054931641 329.101928710938 333.032928466797 333.158843994141 333.526275634766 333.662628173828 334.312927246094 335.070251464844 335.0458984375 335.220916748047 335.465148925781 335.181732177734 335.707794189453 335.969604492188 335.720550537109 336.204406738281 336.63232421875 336.639190673828 336.762664794922 337.196807861328 337.204467773438 336.785583496094 336.907928466797 335.980163574219 337.138763427734 337.25439453125 337.812286376953 338.263336181641 338.2705078125 338.363128662109 338.533935546875 337.814605712891 338.742614746094 338.748260498047 338.753875732422 338.759490966797 338.663269042969 338.301025390625 338.851165771484 339.208068847656
331.2578125 329.684478759766 329.426910400391 330.334045410156 332.191436767578 332.708404541016 328.069549560547 313.104919433594 301.367492675781 299.108978271484 303.016143798828 326.287200927734 333.540557861328 333.922088623047 333.961334228516 333.926788330078 333.438110351562 332.436676025391 334.730560302734 333.982635498047 334.149505615234 334.6376953125 335.268249511719 335.893920898438 335.541351318359 335.648315429688 336.130981445312 336.660827636719 337.026977539062 337.146728515625 337.498413085938 337.146545410156 337.245239257812 337.521606445312 337.258697509766 337.820526123047 338.630706787109 338.637084960938 338.643371582031 338.649627685547 338.655853271484 338.588043212891 338.317596435547 338.680419921875 338.686492919922 338.692504882812 338.698547363281 338.606170654297 338.235107421875
331.704223632812 331.084197998047 329.638519287109 331.034973144531 332.171417236328 333.029479980469 329.419891357422 319.884399414062 312.918640136719 302.750152587891 298.220581054688 322.548614501953 332.181243896484 333.503845214844 332.633605957031 329.769744873047 332.115509033203 328.995880126953 334.220581054688 333.442138671875 333.636444091797 334.697052001953 335.482788085938 335.490875244141 335.381866455078 335.082794189453 335.727630615234 336.521789550781 336.529174804688 336.631103515625 337.550689697266 337.557678222656 337.564605712891 337.571441650391 337.578216552734 337.672027587891 338.144195556641 338.598175048828 338.499267578125 338.157562255859 338.617706298828 338.630523681641 338.636901855469 338.643218994141 338.649536132812 338.655822753906 338.662078857422 338.692626953125 338.795471191406
331.153625488281 330.628753662109 329.713623046875 331.332550048828 331.959686279297 332.726623535156 331.669830322266 323.9111328125 316.691558837891 303.184204101562 297.066528320312 319.785064697266 331.180267333984 332.742492675781 328.128021240234 326.756378173828 332.203460693359 330.641540527344 334.177124023438 332.707397460938 331.0888671875 334.235443115234 335.439361572266 335.447723388672 335.356292724609 335.217864990234 336.110198974609 336.479675292969 336.487335205078 336.607360839844 337.509643554688 337.516906738281 337.633453369141 337.972839355469 337.538208007812 337.545166015625 337.637603759766 338.003540039062 338.030364990234 338.212860107422 338.579254150391 338.131866455078 338.498504638672 338.140594482422 338.612335205078 338.618835449219 338.625335693359 338.800994873047 339.471008300781
330.849029541016 329.596710205078 328.895874023438 331.158843994141 331.429229736328 332.309600830078 332.560089111328 322.160858154297 315.346557617188 305.096588134766 300.981262207031 322.489959716797 331.392608642578 331.984619140625 328.320373535156 330.195617675781 332.561676025391 333.218109130859 332.897369384766 332.725860595703 330.913940429688 332.993255615234 335.395599365234 335.520690917969 335.951080322266 336.058563232422 336.543304443359 336.978912353516 336.987976074219 337.090667724609 337.578491210938 338.023345947266 338.012664794922 337.852355957031 337.497894287109 337.505126953125 337.617797851562 338.074523925781 338.061859130859 337.975738525391 337.981353759766 337.632781982422 338.020324707031 338.209045410156 338.574829101562 338.581573486328 338.684844970703 339.237640380859 339.530822753906
330.553771972656 330.082122802734 329.145568847656 330.724029541016 331.379028320312 332.138427734375 332.152496337891 323.963928222656 319.168334960938 314.811187744141 311.964385986328 325.750335693359 331.753936767578 331.625854492188 331.526397705078 332.230072021484 332.392669677734 332.777954101562 332.296417236328 333.752532958984 333.416229248047 333.890655517578 335.351440429688 335.576019287109 336.253997802734 335.952697753906 336.482635498047 336.965667724609 337.402587890625 337.410675048828 337.627105712891 338.325622558594 337.912658691406 337.78515625 336.906311035156 337.018035888672 337.451965332031 337.473846435547 337.745452880859 336.936737060547 336.942626953125 337.515808105469 337.599731445312 338.063720703125 338.537048339844 338.544067382812 338.719146728516 339.558044433594 339.564971923828
