rcp4.5models/CNRM_CM5/sc1gr9.14
NCOLS 261 
NROWS 433 
XLLCORNER 336357.134 
YLLCORNER 654653.479 
CELLSIZE 1000 
NODATA_value -3.4e+38 
[rows 110 to 131 of 433, columns 147 to 195 of 261]
164.112854003906 164.985702514648 165.46012878418 164.605255126953 162.49333190918 166.486618041992 166.817184448242 167.252014160156 167.816513061523 168.323287963867 168.358963012695 166.619110107422 159.448593139648 153.422943115234 145.577621459961 144.432800292969 152.782104492188 165.936325073242 156.01220703125 152.703918457031 140.029418945312 139.321624755859 144.284057617188 -3.4e+38 -3.4e+38 140.036926269531 151.371871948242 -3.4e+38 -3.4e+38 -3.4e+38 -3.4e+38 -3.4e+38 -3.4e+38 -3.4e+38 -3.4e+38 -3.4e+38 -3.4e+38 -3.4e+38 -3.4e+38 -3.4e+38 -3.4e+38 -3.4e+38 -3.4e+38 -3.4e+38 -3.4e+38 -3.4e+38 -3.4e+38 -3.4e+38 -3.4e+38
165.794143676758 166.091583251953 164.823989868164 160.715072631836 -3.4e+38 167.155380249023 167.725662231445 168.42756652832 168.88362121582 169.481628417969 169.725433349609 170.746047973633 168.139175415039 156.693420410156 146.354064941406 145.003173828125 147.823303222656 151.013031005859 152.73567199707 162.46174621582 140.296173095703 139.449600219727 142.943542480469 -3.4e+38 145.803253173828 142.28825378418 -3.4e+38 -3.4e+38 -3.4e+38 -3.4e+38 -3.4e+38 -3.4e+38 -3.4e+38 -3.4e+38 -3.4e+38 -3.4e+38 -3.4e+38 -3.4e+38 -3.4e+38 -3.4e+38 -3.4e+38 -3.4e+38 -3.4e+38 -3.4e+38 -3.4e+38 -3.4e+38 -3.4e+38 -3.4e+38 -3.4e+38
166.71208190918 167.327713012695 164.929306030273 160.610244750977 165.34782409668 166.295700073242 163.527297973633 166.232803344727 163.000030517578 170.344085693359 170.952239990234 172.138809204102 172.028259277344 -3.4e+38 161.659423828125 156.209014892578 144.56950378418 149.410293579102 165.577178955078 169.918838500977 160.244247436523 152.514434814453 151.494552612305 137.011154174805 136.222061157227 141.587753295898 145.660018920898 134.312240600586 -3.4e+38 -3.4e+38 -3.4e+38 -3.4e+38 -3.4e+38 -3.4e+38 -3.4e+38 -3.4e+38 -3.4e+38 -3.4e+38 -3.4e+38 -3.4e+38 -3.4e+38 -3.4e+38 -3.4e+38 -3.4e+38 -3.4e+38 -3.4e+38 -3.4e+38 -3.4e+38 -3.4e+38
167.348403930664 168.133834838867 167.605133056641 166.549285888672 169.286315917969 167.971649169922 163.448974609375 158.901626586914 158.549728393555 171.170028686523 172.198165893555 173.29753112793 173.529846191406 173.84895324707 173.574157714844 170.170288085938 161.925720214844 166.222351074219 175.117446899414 175.444412231445 168.431137084961 149.267318725586 155.764099121094 159.378967285156 151.384399414062 144.911727905273 -3.4e+38 149.019256591797 -3.4e+38 -3.4e+38 -3.4e+38 -3.4e+38 -3.4e+38 -3.4e+38 -3.4e+38 -3.4e+38 -3.4e+38 -3.4e+38 -3.4e+38 -3.4e+38 -3.4e+38 -3.4e+38 -3.4e+38 -3.4e+38 -3.4e+38 -3.4e+38 -3.4e+38 -3.4e+38 -3.4e+38
168.579742431641 169.058151245117 169.616607666016 169.521453857422 167.732543945312 162.650421142578 160.577178955078 155.148651123047 156.265563964844 161.128784179688 161.333343505859 -3.4e+38 174.596328735352 175.150650024414 175.18586730957 169.833541870117 158.240447998047 163.805267333984 175.818023681641 176.094802856445 164.08137512207 140.087036132812 144.075057983398 154.343826293945 156.191268920898 157.682800292969 153.145721435547 145.803604125977 133.739059448242 -3.4e+38 -3.4e+38 -3.4e+38 -3.4e+38 -3.4e+38 -3.4e+38 -3.4e+38 -3.4e+38 -3.4e+38 -3.4e+38 -3.4e+38 -3.4e+38 -3.4e+38 -3.4e+38 -3.4e+38 -3.4e+38 -3.4e+38 -3.4e+38 -3.4e+38 -3.4e+38
170.931304931641 171.149108886719 171.099563598633 169.530487060547 165.925933837891 165.93522644043 168.459884643555 174.154876708984 172.146514892578 169.228454589844 175.685485839844 168.752792358398 -3.4e+38 171.44450378418 165.945739746094 177.296813964844 177.627166748047 177.754577636719 177.575012207031 177.617813110352 178.398910522461 178.918365478516 165.207504272461 146.819473266602 166.732971191406 178.288009643555 178.338409423828 162.278732299805 -3.4e+38 -3.4e+38 -3.4e+38 -3.4e+38 -3.4e+38 -3.4e+38 -3.4e+38 -3.4e+38 -3.4e+38 -3.4e+38 -3.4e+38 -3.4e+38 -3.4e+38 -3.4e+38 -3.4e+38 -3.4e+38 -3.4e+38 -3.4e+38 -3.4e+38 -3.4e+38 -3.4e+38
171.176910400391 171.413681030273 171.313812255859 171.755340576172 172.319564819336 173.203491210938 174.166900634766 171.628890991211 167.616683959961 176.513305664062 177.182907104492 172.61555480957 167.156112670898 173.630859375 169.713577270508 178.010986328125 178.288650512695 178.975128173828 172.863708496094 165.731094360352 179.302276611328 179.613250732422 165.591079711914 153.359329223633 179.057525634766 178.720489501953 178.696090698242 172.034149169922 150.362289428711 -3.4e+38 -3.4e+38 -3.4e+38 -3.4e+38 -3.4e+38 -3.4e+38 -3.4e+38 -3.4e+38 -3.4e+38 -3.4e+38 -3.4e+38 -3.4e+38 -3.4e+38 -3.4e+38 -3.4e+38 -3.4e+38 -3.4e+38 -3.4e+38 -3.4e+38 -3.4e+38
171.777801513672 171.546203613281 171.79345703125 172.687271118164 173.395584106445 173.845275878906 174.851837158203 169.848190307617 162.61213684082 177.565780639648 173.386444091797 164.884521484375 165.816101074219 167.753997802734 178.895080566406 173.050369262695 166.931732177734 180.446441650391 168.848556518555 149.78923034668 159.317428588867 158.970458984375 166.068695068359 153.69580078125 180.204055786133 179.839584350586 170.313903808594 163.24967956543 172.334167480469 -3.4e+38 -3.4e+38 -3.4e+38 -3.4e+38 -3.4e+38 -3.4e+38 -3.4e+38 -3.4e+38 -3.4e+38 -3.4e+38 -3.4e+38 -3.4e+38 -3.4e+38 -3.4e+38 -3.4e+38 -3.4e+38 -3.4e+38 -3.4e+38 -3.4e+38 -3.4e+38
171.913757324219 172.160934448242 173.058395385742 173.949554443359 174.519744873047 174.641098022461 175.781784057617 174.586700439453 171.928787231445 178.667007446289 170.691787719727 161.316604614258 170.767013549805 160.109359741211 179.616302490234 175.320709228516 171.077117919922 181.363159179688 169.338226318359 144.698699951172 143.992736816406 150.726425170898 166.453079223633 145.443084716797 156.627807617188 156.134948730469 157.813568115234 158.79670715332 163.21044921875 -3.4e+38 -3.4e+38 -3.4e+38 -3.4e+38 -3.4e+38 -3.4e+38 -3.4e+38 -3.4e+38 -3.4e+38 -3.4e+38 -3.4e+38 -3.4e+38 -3.4e+38 -3.4e+38 -3.4e+38 -3.4e+38 -3.4e+38 -3.4e+38 -3.4e+38 -3.4e+38
172.53190612793 173.433029174805 174.149917602539 174.599990844727 172.407760620117 168.856811523438 177.037460327148 178.525360107422 179.199996948242 179.491287231445 176.270706176758 167.372360229492 165.447143554688 171.706237792969 174.22868347168 -3.4e+38 168.183013916016 182.07487487793 176.99934387207 166.46794128418 166.031234741211 171.514984130859 175.336441040039 154.923599243164 138.49333190918 137.606460571289 153.271987915039 165.000457763672 151.709503173828 -3.4e+38 -3.4e+38 -3.4e+38 130.811264038086 -3.4e+38 -3.4e+38 -3.4e+38 -3.4e+38 -3.4e+38 -3.4e+38 -3.4e+38 -3.4e+38 -3.4e+38 -3.4e+38 -3.4e+38 -3.4e+38 -3.4e+38 -3.4e+38 -3.4e+38 -3.4e+38
171.899703979492 168.599166870117 174.685897827148 174.802719116211 173.464324951172 171.422149658203 178.297332763672 179.596557617188 175.552139282227 170.559463500977 180.938812255859 172.130874633789 155.157257080078 168.754501342773 170.305725097656 154.149291992188 165.387557983398 169.241134643555 183.049209594727 175.708633422852 168.521545410156 175.427734375 182.330017089844 176.021957397461 154.660797119141 147.085144042969 161.181533813477 148.636123657227 142.673141479492 156.810195922852 160.260681152344 149.335647583008 130.952407836914 180.30078125 -3.4e+38 -3.4e+38 -3.4e+38 -3.4e+38 -3.4e+38 -3.4e+38 -3.4e+38 -3.4e+38 -3.4e+38 -3.4e+38 -3.4e+38 -3.4e+38 -3.4e+38 -3.4e+38 -3.4e+38
173.052230834961 168.121246337891 168.882354736328 175.620620727539 176.499633789062 -3.4e+38 174.304275512695 166.11474609375 167.364883422852 173.401092529297 181.166427612305 171.984603881836 156.377304077148 166.430877685547 158.237335205078 152.526443481445 -3.4e+38 173.374221801758 184.109146118164 178.234878540039 172.705429077148 177.989807128906 183.626281738281 183.666076660156 167.721649169922 145.389694213867 159.502456665039 153.173629760742 145.493881225586 159.31233215332 153.369232177734 144.967529296875 -3.4e+38 142.345260620117 127.555419921875 -3.4e+38 -3.4e+38 -3.4e+38 -3.4e+38 -3.4e+38 -3.4e+38 -3.4e+38 -3.4e+38 -3.4e+38 -3.4e+38 -3.4e+38 -3.4e+38 -3.4e+38 -3.4e+38
-3.4e+38 173.492172241211 170.921661376953 176.897003173828 177.591567993164 177.889144897461 171.349090576172 159.769439697266 168.607238769531 170.630615234375 181.453491210938 177.806884765625 167.081802368164 158.933898925781 155.309783935547 168.15998840332 166.380676269531 170.213775634766 177.296752929688 169.693603515625 184.436645507812 184.733917236328 185.121047973633 184.657943725586 177.486450195312 155.358993530273 153.900100708008 176.511215209961 170.934783935547 165.431365966797 142.865356445312 149.764724731445 130.891845703125 -3.4e+38 127.398651123047 127.170440673828 -3.4e+38 -3.4e+38 -3.4e+38 -3.4e+38 -3.4e+38 -3.4e+38 -3.4e+38 -3.4e+38 -3.4e+38 -3.4e+38 -3.4e+38 -3.4e+38 -3.4e+38
175.466064453125 175.684768676758 176.014297485352 177.57421875 178.128051757812 178.231369018555 171.597381591797 162.518264770508 172.691802978516 163.386123657227 182.563140869141 182.74365234375 172.496826171875 156.070770263672 173.946975708008 184.595367431641 172.532073974609 159.766571044922 179.819717407227 166.047637939453 169.584808349609 185.394287109375 185.728637695312 185.521408081055 176.166641235352 161.113723754883 172.063720703125 174.9755859375 156.936538696289 148.247085571289 151.883666992188 164.289093017578 -3.4e+38 143.006195068359 127.557891845703 127.615852355957 -3.4e+38 -3.4e+38 -3.4e+38 -3.4e+38 -3.4e+38 -3.4e+38 -3.4e+38 -3.4e+38 -3.4e+38 -3.4e+38 -3.4e+38 -3.4e+38 -3.4e+38
175.188613891602 172.61360168457 169.040374755859 177.440383911133 178.514389038086 179.050155639648 176.591949462891 172.865936279297 172.75065612793 158.244323730469 171.806854248047 183.675033569336 179.615844726562 167.933364868164 170.925323486328 185.227416992188 172.930770874023 152.457870483398 171.073593139648 180.018814086914 174.314682006836 186.10090637207 186.478439331055 186.378845214844 179.298736572266 173.463607788086 177.005645751953 150.8115234375 146.517013549805 164.025863647461 160.503036499023 157.505004882812 150.459197998047 129.48210144043 127.963653564453 -3.4e+38 126.954025268555 -3.4e+38 -3.4e+38 -3.4e+38 -3.4e+38 -3.4e+38 -3.4e+38 -3.4e+38 -3.4e+38 -3.4e+38 -3.4e+38 -3.4e+38 -3.4e+38
175.898406982422 173.816024780273 171.494079589844 177.678070068359 178.513031005859 175.294387817383 170.178573608398 176.360549926758 166.891677856445 170.530792236328 169.383239746094 171.994720458984 185.410079956055 180.24690246582 174.887145996094 186.003067016602 173.424835205078 146.709747314453 159.848754882812 186.774261474609 178.540237426758 170.647979736328 170.301727294922 187.035385131836 177.545471191406 159.804763793945 162.641586303711 156.130416870117 143.958297729492 167.897232055664 167.064987182617 141.164627075195 145.838073730469 160.522903442383 159.558303833008 146.776657104492 126.797546386719 126.577674865723 -3.4e+38 -3.4e+38 -3.4e+38 -3.4e+38 -3.4e+38 -3.4e+38 -3.4e+38 -3.4e+38 -3.4e+38 -3.4e+38 -3.4e+38
176.842864990234 177.108505249023 178.093597412109 171.266952514648 162.521606445312 180.128295898438 180.992050170898 181.687789916992 172.848648071289 161.705795288086 183.560943603516 180.977523803711 175.909439086914 179.523498535156 172.795669555664 187.598556518555 181.746627807617 168.181686401367 163.960815429688 157.117309570312 152.987442016602 169.105499267578 171.127487182617 188.394836425781 181.440734863281 167.966247558594 175.439636230469 181.637680053711 156.069900512695 154.817718505859 176.087539672852 147.661148071289 131.837783813477 170.342712402344 163.321701049805 -3.4e+38 141.508377075195 125.915740966797 -3.4e+38 -3.4e+38 -3.4e+38 -3.4e+38 -3.4e+38 -3.4e+38 -3.4e+38 -3.4e+38 -3.4e+38 -3.4e+38 -3.4e+38
176.910919189453 177.914840698242 178.792465209961 175.746673583984 167.518661499023 164.573165893555 164.940414428711 170.363815307617 178.673568725586 168.255752563477 171.053649902344 186.367492675781 186.620864868164 174.845336914062 154.58984375 172.813888549805 180.602691650391 158.816955566406 145.788925170898 144.84765625 150.883331298828 172.420974731445 158.127975463867 189.097595214844 189.420135498047 189.907852172852 190.178588867188 190.197555541992 181.597518920898 174.404937744141 179.472366333008 152.543426513672 142.952285766602 185.195083618164 163.417831420898 -3.4e+38 -3.4e+38 125.716751098633 125.514183044434 -3.4e+38 -3.4e+38 -3.4e+38 -3.4e+38 -3.4e+38 -3.4e+38 -3.4e+38 -3.4e+38 -3.4e+38 -3.4e+38
177.317306518555 178.138214111328 179.211212158203 179.720443725586 172.224792480469 152.722793579102 151.950759887695 161.172058105469 177.293731689453 166.398223876953 174.628707885742 172.459609985352 180.502868652344 167.721694946289 171.404083251953 177.047790527344 183.235641479492 163.281005859375 145.852905273438 145.05632019043 144.090637207031 150.311660766602 148.684417724609 161.883880615234 161.822387695312 171.850631713867 180.126098632812 160.633773803711 170.867279052734 189.423477172852 188.478118896484 179.259353637695 172.061157226562 185.696212768555 163.372436523438 127.173332214355 126.413284301758 -3.4e+38 124.690307617188 -3.4e+38 -3.4e+38 -3.4e+38 -3.4e+38 -3.4e+38 -3.4e+38 -3.4e+38 -3.4e+38 -3.4e+38 -3.4e+38
177.79345703125 177.980545043945 179.244247436523 180.422256469727 172.456085205078 157.081634521484 163.312271118164 160.976104736328 173.41911315918 160.928344726562 185.112457275391 161.646392822266 176.086395263672 154.629440307617 173.498733520508 181.95832824707 173.641860961914 184.083892822266 163.02978515625 145.197052001953 144.219665527344 143.69938659668 160.355545043945 141.545043945312 140.954574584961 147.409332275391 153.142807006836 137.935745239258 156.458679199219 178.692581176758 157.533874511719 157.04753112793 155.927612304688 173.907531738281 143.045791625977 126.95783996582 -3.4e+38 -3.4e+38 124.289970397949 123.424118041992 -3.4e+38 -3.4e+38 -3.4e+38 -3.4e+38 -3.4e+38 -3.4e+38 -3.4e+38 -3.4e+38 -3.4e+38
178.051834106445 178.301559448242 179.514511108398 180.137359619141 177.16032409668 167.400772094727 165.379653930664 173.447204589844 179.411727905273 174.379943847656 179.257217407227 176.347381591797 175.757751464844 156.492416381836 177.582138061523 183.796264648438 177.500732421875 190.935638427734 184.902389526367 162.348602294922 153.611618041992 171.666610717773 156.802719116211 152.638961791992 160.443252563477 150.431777954102 158.046188354492 148.882781982422 176.354995727539 181.993209838867 165.608322143555 153.367095947266 131.785507202148 176.985794067383 160.489181518555 147.479858398438 126.334442138672 125.058052062988 123.750305175781 122.695175170898 -3.4e+38 -3.4e+38 -3.4e+38 -3.4e+38 -3.4e+38 -3.4e+38 -3.4e+38 -3.4e+38 -3.4e+38
177.965270996094 178.508743286133 179.538116455078 180.014953613281 180.868560791016 177.656509399414 172.65119934082 177.318634033203 170.736709594727 184.936614990234 181.294342041016 165.67268371582 160.059341430664 161.8779296875 190.037185668945 190.169815063477 190.393661499023 191.421676635742 191.905578613281 176.057800292969 160.959701538086 193.587966918945 153.193817138672 179.942962646484 175.277328491211 148.551071166992 164.904922485352 165.835357666016 171.75798034668 191.120239257812 190.33056640625 168.78239440918 131.735946655273 186.371154785156 185.438919067383 175.669311523438 -3.4e+38 158.758895874023 144.508438110352 122.665672302246 121.463180541992 -3.4e+38 -3.4e+38 -3.4e+38 -3.4e+38 -3.4e+38 -3.4e+38 -3.4e+38 -3.4e+38
