rcp4.5models/CNRM_CM5/sc1gr0.16
NCOLS 261 
NROWS 433 
XLLCORNER 336357.134 
YLLCORNER 654653.479 
CELLSIZE 1000 
NODATA_value -3.4e+38 
[rows 154 to 175 of 433, columns 147 to 195 of 261]
78.1119689941406 77.8318176269531 77.7125015258789 77.4632415771484 77.2699584960938 76.9784393310547 76.9894104003906 76.7914657592773 76.3684234619141 75.9386749267578 75.7486419677734 75.2197570800781 74.7592544555664 74.6648025512695 74.7562789916992 74.1849517822266 73.6263046264648 73.460319519043 73.1771087646484 72.2305145263672 -3.4e+38 71.9876098632812 70.6221923828125 70.2532806396484 70.0300750732422 69.6554718017578 69.2726135253906 68.9525833129883 68.7508773803711 68.3673400878906 68.1024551391602 67.9683456420898 67.7712783813477 67.0431137084961 66.6041717529297 66.3801422119141 66.1534194946289 65.9467468261719 65.7262496948242 65.5119705200195 -3.4e+38 65.0343704223633 64.9231567382812 64.7621917724609 64.6149291992188 64.1507720947266 63.9917945861816 63.8769149780273 63.6253089904785
78.1924667358398 77.9700775146484 77.8298187255859 77.5085220336914 77.2935485839844 77.0693283081055 77.0133514404297 76.8151397705078 -3.4e+38 76.0979537963867 75.9095916748047 75.1856842041016 74.6541519165039 74.5606307983398 74.6828384399414 73.9985580444336 73.5345993041992 73.3737335205078 -3.4e+38 72.3967514038086 72.3585052490234 71.9092636108398 70.8025360107422 70.356071472168 70.0784606933594 69.7440795898438 69.3820114135742 69.0374069213867 68.8661727905273 68.6042327880859 68.390022277832 68.1772537231445 67.9073333740234 67.1159515380859 66.7390747070312 66.5295181274414 66.3007049560547 66.0978088378906 66.0283813476562 65.7818908691406 65.3999404907227 65.1070861816406 65.0451431274414 64.8550033569336 64.6770706176758 64.3808975219727 64.1643981933594 64.0156784057617 63.8833312988281
78.2899627685547 78.0960464477539 77.910285949707 77.6412734985352 77.4015502929688 77.1291427612305 77.0131454467773 76.8010711669922 76.4843673706055 76.2884216308594 76.1194458007812 75.1308517456055 74.7040023803711 74.5967254638672 74.5417861938477 73.935546875 73.4992446899414 73.3083877563477 72.8132781982422 -3.4e+38 72.7768859863281 71.669792175293 70.9499588012695 70.5044097900391 70.1554946899414 69.8947067260742 69.5535125732422 69.1605377197266 68.9924392700195 68.8600845336914 68.5736312866211 68.2827529907227 68.0323257446289 67.30712890625 66.9274673461914 66.7213897705078 -3.4e+38 66.3340759277344 66.1995239257812 65.9559631347656 65.6479873657227 65.3702545166016 65.1810684204102 64.9519805908203 64.7804946899414 64.6475830078125 64.4129180908203 64.2259979248047 64.2532730102539
78.3466262817383 78.2035140991211 78.1151580810547 77.9002532958984 77.5625610351562 77.2436599731445 77.0325775146484 76.774787902832 76.6542358398438 76.4175567626953 76.2058715820312 75.1330184936523 74.6875610351562 74.4959487915039 74.3357391357422 73.9441833496094 73.6385498046875 73.2328033447266 72.8887710571289 72.8014907836914 72.6125946044922 71.7058715820312 70.8603210449219 70.5974044799805 70.3380584716797 70.0362548828125 69.7751312255859 69.3893890380859 69.1637496948242 69.0156173706055 68.6916732788086 68.3479919433594 68.0974731445312 67.4556427001953 67.0671768188477 66.9284896850586 -3.4e+38 66.5706558227539 66.3050079345703 66.1350250244141 65.8943099975586 65.5810852050781 65.3410949707031 65.0499038696289 64.8956527709961 64.7162704467773 64.5471343994141 64.4508361816406 64.4066162109375
78.3964080810547 78.2690658569336 78.2058410644531 78.1001586914062 77.7318496704102 77.4800109863281 77.1206130981445 76.8900527954102 76.847412109375 76.6777801513672 76.3752212524414 75.374626159668 74.8749694824219 74.3714065551758 74.0732269287109 73.9290313720703 73.7002258300781 73.1662139892578 73.2747116088867 73.3420944213867 72.2145004272461 71.6921234130859 70.7181854248047 70.6382064819336 70.4959259033203 70.1370239257812 69.9358062744141 69.5992889404297 69.2900695800781 69.117317199707 68.8045883178711 68.4198989868164 68.1652755737305 67.6084594726562 67.3307342529297 67.1266403198242 66.8812561035156 66.7637252807617 66.5634384155273 66.3450622558594 66.0617752075195 65.8235321044922 65.6176376342773 65.2746887207031 64.9975814819336 64.7269821166992 64.5996551513672 64.5913848876953 64.4880218505859
78.4716415405273 78.296745300293 78.2198257446289 78.1180877685547 77.7588882446289 77.6110076904297 77.4220352172852 77.2494506835938 76.912727355957 76.7586212158203 76.5736236572266 75.558967590332 75.0256195068359 74.4514007568359 74.0625152587891 73.8484420776367 73.5898666381836 -3.4e+38 73.2498321533203 73.0304794311523 72.0869216918945 71.7029800415039 70.7690734863281 70.6481170654297 70.5312957763672 70.3196334838867 70.0284957885742 69.6610336303711 69.4377899169922 69.248908996582 68.8927459716797 68.5773162841797 68.2914733886719 67.8833694458008 67.6782150268555 67.2916564941406 67.0326766967773 66.8808898925781 66.6958618164062 66.5264892578125 66.2675704956055 66.0488128662109 65.7751922607422 65.520133972168 65.2649917602539 64.8442077636719 64.6306076049805 64.5744018554688 64.5036849975586
78.6012268066406 78.3252639770508 78.2150573730469 78.1375885009766 77.7672882080078 77.6755676269531 77.7601852416992 77.4432678222656 77.0145111083984 76.85107421875 76.4988098144531 75.6866836547852 74.9380111694336 74.539421081543 -3.4e+38 -3.4e+38 73.6250686645508 -3.4e+38 72.8667068481445 72.4542770385742 72.1501846313477 71.7973098754883 71.0120391845703 70.6455764770508 70.5034637451172 70.3540649414062 70.0663146972656 69.9112243652344 69.8092651367188 69.4521179199219 69.0662231445312 68.7801132202148 68.4618988037109 68.0780334472656 67.9217071533203 67.6090240478516 67.2395553588867 66.9586791992188 66.6794204711914 66.51611328125 66.3911437988281 66.2331695556641 65.9140625 65.7061233520508 65.5442810058594 65.1296691894531 64.8545761108398 64.6660079956055 64.5611953735352
78.884895324707 78.5213088989258 78.4037399291992 78.1762619018555 77.8109436035156 77.6629257202148 77.5254058837891 77.5281219482422 77.3862686157227 77.067985534668 76.4735870361328 75.3144836425781 74.8540191650391 74.570930480957 -3.4e+38 -3.4e+38 73.734260559082 73.5032196044922 73.0141754150391 72.6609954833984 72.3787994384766 72.0251541137695 71.4627380371094 71.1332397460938 70.9926605224609 70.8055267333984 70.5787582397461 70.303092956543 69.9181900024414 69.547248840332 69.2308883666992 68.9464492797852 68.7475814819336 68.2176971435547 68.0104370117188 67.8332901000977 67.4832229614258 67.2762069702148 67.0925445556641 66.8644866943359 66.5630493164062 66.3563613891602 66.2130508422852 65.9296646118164 65.7119674682617 65.4689483642578 65.3213958740234 65.1841888427734 65.0798034667969
78.9639129638672 78.7069778442383 78.4777145385742 78.1304473876953 77.7635498046875 77.4338073730469 77.4529266357422 77.4189758300781 77.1355514526367 76.8498840332031 76.4057998657227 75.2566604614258 74.9381332397461 -3.4e+38 -3.4e+38 -3.4e+38 73.7340087890625 73.5054550170898 73.1513519287109 72.7888107299805 72.4328231811523 72.1003036499023 71.6196441650391 71.3722076416016 71.1182098388672 70.8154373168945 -3.4e+38 70.3631820678711 70.081787109375 69.6501083374023 69.3348922729492 69.126838684082 68.9968566894531 68.3434982299805 68.1283874511719 67.8159332275391 67.6318511962891 67.4264755249023 67.1712341308594 67.0378646850586 66.7488403320312 66.3535385131836 66.2156829833984 66.0359039306641 65.8725967407227 65.5625991821289 65.4933471679688 65.3128433227539 65.2074661254883
79.0701446533203 78.8062362670898 78.537353515625 78.1832733154297 77.7826614379883 77.4357986450195 77.3102035522461 77.1616516113281 76.8184814453125 76.5624923706055 76.2953338623047 75.2432022094727 74.9827117919922 -3.4e+38 -3.4e+38 -3.4e+38 73.6643600463867 73.3979034423828 73.1346893310547 72.861572265625 72.5328674316406 72.2376937866211 71.6401748657227 71.4134902954102 71.1227416992188 70.8321151733398 70.6943283081055 70.3782577514648 70.1087417602539 69.8107223510742 69.5024795532227 69.3185806274414 69.0359344482422 68.4039916992188 68.1806411743164 67.8566055297852 67.7097015380859 67.4748306274414 67.1926879882812 67.1231536865234 66.9593124389648 66.5963134765625 66.3190612792969 66.1257247924805 66.0764999389648 65.7959060668945 65.5607757568359 65.3758926391602 65.3329315185547
79.2544784545898 78.8783187866211 78.7016754150391 78.3356475830078 77.8644409179688 77.4832077026367 77.2835006713867 77.1065216064453 76.6584701538086 76.3509902954102 76.1705780029297 75.2563705444336 75.0602951049805 -3.4e+38 -3.4e+38 73.9755401611328 73.7641754150391 73.4980239868164 73.1632766723633 72.8906173706055 72.6544342041016 72.2982635498047 71.7798385620117 71.5717926025391 71.3785934448242 71.0810928344727 70.6999359130859 70.415153503418 70.1406097412109 69.9831390380859 69.6477279663086 69.3390884399414 69.0706176757812 -3.4e+38 68.2389373779297 68.0416107177734 67.9002456665039 67.6940612792969 67.4679794311523 67.2338409423828 67.1295852661133 66.9076385498047 66.6214065551758 66.4019927978516 66.3113632202148 65.913703918457 65.6890716552734 65.4818878173828 65.3752059936523
79.3862915039062 78.991813659668 78.6710433959961 78.3520889282227 77.8999481201172 77.54736328125 77.4230041503906 77.196159362793 76.5735931396484 76.2758712768555 76.1881561279297 75.3588104248047 75.1314849853516 74.8578262329102 74.5210113525391 74.0460891723633 73.8865814208984 73.5581665039062 73.2820739746094 73.0211791992188 72.7637329101562 72.404167175293 72.0249786376953 71.8110275268555 71.5769882202148 71.2355499267578 70.9549560546875 70.7655639648438 70.4195709228516 70.0795822143555 69.8141784667969 69.4444198608398 69.2146148681641 68.6672668457031 68.4454803466797 68.1993255615234 68.0322799682617 67.8561859130859 67.6901321411133 67.4020233154297 67.3312530517578 67.1865234375 66.9450607299805 66.6891174316406 66.492546081543 65.9297409057617 65.8133010864258 65.6476745605469 65.4491500854492
79.3831176757812 79.0611419677734 78.6633911132812 78.4223403930664 78.1468963623047 77.7391128540039 77.6772766113281 77.4933624267578 76.8115005493164 76.5410842895508 76.257698059082 75.416862487793 75.166748046875 74.9052276611328 74.6706848144531 74.2997589111328 73.9033279418945 73.6180725097656 73.302131652832 73.0756912231445 72.842529296875 72.5660400390625 72.0918273925781 71.8522338867188 71.5252532958984 71.1482925415039 70.9718017578125 70.9463806152344 70.704704284668 70.2972183227539 69.9778289794922 -3.4e+38 69.2428817749023 68.8742141723633 -3.4e+38 68.4133148193359 68.1359558105469 67.9175338745117 67.8592987060547 67.634162902832 67.4392547607422 67.3080215454102 67.0969619750977 66.8673324584961 66.7051467895508 66.1896133422852 65.9868774414062 65.7875671386719 65.5886764526367
79.3627166748047 79.018424987793 78.7515258789062 78.5620346069336 78.2636413574219 77.9922866821289 77.9262771606445 77.5448684692383 77.0450897216797 76.6405181884766 76.3198165893555 75.528190612793 75.1637573242188 74.9837036132812 74.7439193725586 74.3455047607422 73.9837341308594 73.7426300048828 73.4412155151367 73.1717147827148 72.8656845092773 72.719108581543 72.187858581543 71.9170989990234 71.5665969848633 71.2508010864258 71.0149536132812 70.8556213378906 70.7375793457031 70.442024230957 -3.4e+38 69.7231369018555 69.3231811523438 69.0004196166992 68.7989807128906 -3.4e+38 68.3572006225586 68.0881195068359 68.0642471313477 67.8757476806641 67.5719604492188 67.3698196411133 67.2328414916992 67.0088043212891 66.7352447509766 66.4204177856445 66.2004547119141 66.0164566040039 65.8787689208984
79.4218521118164 79.0004501342773 78.8057250976562 78.8402709960938 78.4838790893555 78.486198425293 78.2047729492188 77.3125534057617 77.1597137451172 76.6511611938477 76.3325805664062 75.6850509643555 75.3637542724609 75.0222702026367 74.7577362060547 74.3876724243164 74.1455535888672 73.9255218505859 73.6404495239258 73.3613739013672 73.0169906616211 72.8535461425781 72.3000030517578 72.0221710205078 71.7919158935547 71.4509048461914 71.2530899047852 70.9771881103516 70.7414703369141 70.4885711669922 -3.4e+38 69.8570022583008 69.5690994262695 69.1340179443359 68.9599761962891 68.7571182250977 68.5795669555664 68.3478317260742 68.1313781738281 67.9494476318359 67.7865524291992 67.5577545166016 67.4229202270508 67.1783294677734 66.8329544067383 66.5506439208984 66.4255828857422 66.2519760131836 66.088508605957
79.3927154541016 79.0525817871094 78.9222717285156 79.0890655517578 78.9161682128906 78.9462356567383 78.5999984741211 77.5217666625977 77.2595901489258 76.8593978881836 76.2917251586914 75.7462310791016 75.4945678710938 75.048454284668 74.7981491088867 74.4884567260742 74.2666320800781 74.1304550170898 73.8235092163086 73.5107650756836 73.1393127441406 72.8092498779297 72.3412933349609 72.0757827758789 71.9003372192383 71.5539016723633 71.1888122558594 71.0111083984375 70.8419494628906 70.583366394043 70.2134552001953 70.0218353271484 69.8606338500977 69.3283081054688 69.2012557983398 68.949951171875 68.760612487793 68.5526351928711 68.2230834960938 68.0454406738281 67.9228439331055 67.7711029052734 67.5502548217773 67.3140487670898 67.0756683349609 66.6999130249023 66.5325927734375 66.3886489868164 66.2482223510742
79.4776840209961 79.1836853027344 78.9645233154297 79.0123443603516 79.0675506591797 79.3325653076172 79.0386199951172 77.9192733764648 77.2959671020508 76.859260559082 76.2752151489258 75.8824768066406 75.5266265869141 75.2126312255859 74.9132995605469 74.6206665039062 74.4075469970703 74.1540908813477 -3.4e+38 73.5251617431641 73.2446670532227 72.8851165771484 72.4410247802734 72.174919128418 71.9783477783203 71.7134094238281 71.4114685058594 71.1295471191406 70.8870544433594 70.6946640014648 70.4304809570312 70.2534103393555 70.0886840820312 69.4268035888672 69.2574310302734 68.9873504638672 68.7525787353516 68.5728149414062 68.3866882324219 68.1707229614258 68.037109375 67.8815078735352 67.60205078125 67.3778228759766 67.2169647216797 66.8128051757812 66.5772018432617 66.4527969360352 66.3564376831055
79.6976547241211 79.3589553833008 79.1076736450195 78.956428527832 79.0008087158203 79.2414093017578 78.782600402832 77.9484100341797 77.327033996582 76.8616790771484 76.3699722290039 76.1033706665039 75.7417984008789 75.4737548828125 75.0939712524414 74.7639083862305 74.5575408935547 74.1942672729492 73.9097747802734 73.5929107666016 -3.4e+38 73.1145553588867 72.5937576293945 72.3726043701172 -3.4e+38 71.9044952392578 71.7138977050781 71.4136581420898 71.0222702026367 70.6981353759766 70.5550765991211 70.42578125 70.1582107543945 -3.4e+38 69.2413940429688 69.0063629150391 68.7497863769531 68.5991973876953 68.4887619018555 68.271369934082 68.1074142456055 67.8903198242188 67.6771850585938 67.5092391967773 67.3434448242188 66.9874725341797 66.7519073486328 66.5645217895508 66.441780090332
79.816650390625 79.4282836914062 79.2203598022461 78.9944534301758 79.041633605957 79.0121383666992 78.1332778930664 77.7434158325195 77.3050842285156 76.8521347045898 76.5148239135742 76.0477752685547 75.6938323974609 75.4302444458008 75.1478958129883 74.89111328125 74.6490249633789 74.2211761474609 74.0060882568359 73.7700271606445 73.515754699707 -3.4e+38 72.6671142578125 72.5131988525391 72.2331466674805 71.9143371582031 71.6772766113281 71.4772491455078 71.1477203369141 70.9172744750977 70.656135559082 70.5174179077148 70.3113861083984 -3.4e+38 69.384635925293 69.1682586669922 68.9368591308594 68.749641418457 68.5597839355469 68.3759002685547 68.212532043457 68.0472869873047 67.8133773803711 67.6284942626953 67.5208435058594 67.1883926391602 66.9351119995117 66.7439498901367 66.6376571655273
79.7583694458008 79.5200271606445 79.224250793457 79.0171890258789 78.9781951904297 78.8164291381836 78.1324081420898 77.8079986572266 77.51123046875 77.4805221557617 76.8463439941406 76.2687530517578 75.8799896240234 -3.4e+38 75.1390838623047 74.9204788208008 74.7682113647461 74.4998092651367 74.1283187866211 73.9421234130859 73.789306640625 73.4371566772461 72.8371353149414 72.7298355102539 72.4800491333008 72.1850891113281 71.7819519042969 71.4618988037109 71.1117477416992 71.0451812744141 70.834342956543 70.6399765014648 70.3674545288086 -3.4e+38 69.5764923095703 69.5937805175781 69.3427734375 69.0350036621094 68.7648696899414 68.5749816894531 68.4249038696289 68.3135528564453 68.1395492553711 67.9288940429688 67.7043991088867 67.4317779541016 67.3022537231445 67.1295852661133 66.8738784790039
79.7705688476562 79.5671463012695 79.2557067871094 79.1817092895508 78.6800918579102 78.4819793701172 78.2569427490234 77.7629013061523 77.4897613525391 77.3295669555664 76.7094955444336 76.2877807617188 76.0230484008789 75.6270065307617 75.3821411132812 75.1514358520508 74.8552780151367 74.5918273925781 74.2652282714844 73.9928359985352 73.8039398193359 73.6260757446289 73.0371551513672 72.8182601928711 72.469482421875 72.2158813476562 71.9194793701172 71.674919128418 71.3073425292969 71.1293334960938 70.9662628173828 70.7889709472656 -3.4e+38 -3.4e+38 69.7270050048828 69.6486206054688 69.5963516235352 69.2860412597656 69.0285186767578 68.8002700805664 68.5379104614258 68.4224090576172 68.3099670410156 68.0832214355469 67.8491134643555 67.5164337158203 67.3933029174805 67.2444000244141 67.0002517700195
79.7482376098633 79.5382766723633 79.2177047729492 79.1061325073242 78.6858367919922 78.3780746459961 78.3562850952148 77.7870025634766 77.4264831542969 77.0033569335938 76.6292343139648 76.2575149536133 76.0436248779297 75.7625732421875 75.6067428588867 75.2987594604492 74.8948211669922 74.6557159423828 74.3869400024414 74.0337066650391 73.8558502197266 73.6976165771484 73.1381149291992 72.8097763061523 72.5059204101562 72.266357421875 72.0876922607422 71.8928527832031 71.461784362793 71.2394027709961 71.0955429077148 70.9263229370117 70.6734848022461 -3.4e+38 -3.4e+38 69.6911087036133 69.6403732299805 69.4416275024414 69.2769317626953 69.0596618652344 68.7788925170898 68.6246643066406 68.4681777954102 68.2439346313477 68.0479278564453 -3.4e+38 -3.4e+38 -3.4e+38 67.1163940429688
