rcp4.5models/CNRM_CM5/sc1gr9.5
NCOLS 261 
NROWS 433 
XLLCORNER 336357.134 
YLLCORNER 654653.479 
CELLSIZE 1000 
NODATA_value -9999 
[rows 66 to 87 of 433, columns 50 to 99 of 261]
-9999 -9999 -9999 -9999 -9999 -9999 -9999 -9999 -9999 -9999 -9999 -9999 -9999 -9999 -9999 -9999 -9999 168.376788062108 168.130166090707 -9999 169.741710443631 170.37098638836 170.563602322409 170.922654752819 171.987555037896 173.043572765569 173.261831172565 173.43474269832 174.678548242343 174.888660733414 176.733740708684 176.977656956522 177.172811206213 177.154089772951 177.347911143026 178.457927902577 180.980614622457 181.197244526322 182.083973954433 -9999 182.573076118134 171.246653672498 171.83404493141 -9999 -9999 162.144814303956 152.32941503638 152.629784491884 152.936216139909 153.249002757621
-9999 -9999 -9999 -9999 -9999 -9999 -9999 -9999 -9999 -9999 -9999 -9999 -9999 -9999 -9999 -9999 -9999 169.153562115014 170.02819678425 170.247662124021 -9999 171.168288441562 172.671264470609 172.926043008052 173.476644982336 173.867848717704 174.053007849835 175.124405728009 176.391957226201 176.58700818927 176.318398350381 176.941333746957 178.04620020493 178.24992174761 177.986558602841 -9999 -9999 180.622500500444 180.832826032715 180.978849284557 184.379229752529 161.89392931922 162.940464845062 173.770477580199 162.962443769413 151.765920087955 152.411558078118 153.314483850125 153.621523089545 153.981203579405
-9999 -9999 -9999 -9999 -9999 -9999 -9999 -9999 -9999 -9999 -9999 -9999 -9999 -9999 -9999 -9999 -9999 171.602455178696 172.249707567112 173.528794558007 173.776669677703 174.320623887049 174.968309654445 176.067720797735 176.290876862281 177.057363224601 177.715399846017 177.914156388942 179.216453870102 179.818689542629 179.566347944409 179.745550861871 180.387823241379 181.509492519713 144.329354942344 181.762774157128 182.103534101468 182.763026271972 182.778792553643 158.948586850204 183.862786529612 150.546722034528 150.88588037028 153.493669714849 154.251057306973 154.544296606007 154.883745117328 156.107474190244 156.418145267489 157.382942391675
-9999 -9999 -9999 -9999 -9999 -9999 -9999 -9999 -9999 -9999 -9999 -9999 -9999 -9999 -9999 -9999 -9999 172.505585589548 173.932268260697 174.551022035519 175.200373383772 175.403112811281 176.671845707103 177.298451266098 177.948307721833 178.149025338078 179.440357579408 179.6669790695 180.462997477322 180.650933136408 180.629120774784 180.814299260538 182.147636272494 182.801257686495 170.683875932649 183.18184713294 183.407274640909 183.474711447232 160.205525130721 148.428062967551 -9999 -9999 174.533432845097 175.16022319396 152.554998326501 152.944483009064 155.627787527849 157.72930456425 158.039747480305 158.356505945576
-9999 -9999 -9999 -9999 -9999 -9999 -9999 -9999 -9999 -9999 -9999 -9999 -9999 -9999 -9999 -9999 -9999 171.907458894003 175.239016081899 175.636527937825 176.903470034212 177.147715540667 178.159289157249 178.383794467483 179.672744700193 179.905035854972 180.943297901347 181.160820528864 181.532368161579 182.64605125449 182.855307321254 183.04477843739 183.679561956762 183.881094318874 184.079491006273 184.280047923889 185.320718717695 160.599647892725 149.149477932398 149.404120046335 162.647726898987 -9999 165.554665100667 187.532726894722 152.890612263885 153.226549064869 154.825994994337 156.641366244646 159.253495153181 159.57396710634
-9999 -9999 -9999 -9999 -9999 -9999 -9999 -9999 -9999 -9999 -9999 -9999 -9999 -9999 -9999 -9999 171.681491976769 172.423835308176 173.705978643086 175.32164208721 175.966242118258 178.485091723495 178.989415134388 180.548116439875 181.194185899452 181.395424219244 181.781410655676 182.901251096777 183.317257258025 183.926983690703 184.130378390936 -9999 184.52386322127 185.663806140414 185.868718716814 186.072522747148 186.963236032229 149.817867685735 175.061774108605 174.799204683069 175.881371686289 152.767096625622 153.917144694461 165.872640532725 154.069033628898 154.381517217196 155.277571507052 155.961552296113 157.52838704711 157.901386064909
-9999 -9999 -9999 -9999 -9999 -9999 -9999 -9999 -9999 -9999 -9999 -9999 -9999 -9999 -9999 -9999 172.841920744186 174.534530931318 174.796474521013 175.527106298575 175.734188307484 178.261257193962 178.570338045958 181.697530781859 182.019840105555 182.656595815975 183.789129557625 184.425992156414 184.825183420193 185.013364453282 185.207698509733 -9999 186.552167457189 187.206382631775 187.411209086443 187.511101355591 162.557641393366 151.34045641295 164.614156152989 189.834382682273 165.330560953713 153.92500728229 154.198144288163 154.475297517811 154.795967554723 155.993358489582 156.633997155242 157.514052201698 157.814790226828 158.152666588821
-9999 -9999 -9999 -9999 -9999 -9999 -9999 -9999 -9999 -9999 -9999 -9999 -9999 -9999 -9999 174.067596435547 173.899832227664 175.744394936468 175.953997732447 176.576576506601 177.698776585889 178.504898870544 178.711754143611 180.364133945061 181.547774501834 184.359746626914 185.058030574787 185.263483965616 187.052914182009 186.814002321091 187.002394073225 187.649293442447 187.855853940626 188.060148082742 188.653664651853 163.424388580144 177.428784305645 178.047962082475 -9999 165.927714364993 153.450319389265 156.350948758233 179.42972701615 156.106333877904 156.409435145636 157.208161529546 158.103250568338 158.720381597283 159.024826194425 159.334943598729
-9999 -9999 -9999 -9999 -9999 -9999 -9999 -9999 -9999 -9999 -9999 -9999 -9999 -9999 -9999 174.454106728745 175.54024318293 176.794937740919 177.922198839352 178.337751658022 178.911390672134 179.109479206915 179.738117575405 181.068269209424 181.704232523876 183.417857941938 183.661370830993 184.798760070565 185.861241406627 185.858463690118 186.056165677068 188.722228842286 188.941326663349 190.103600754746 190.47282397903 178.181896665631 191.115380534848 166.388207312487 192.064547644479 179.806918814517 155.080504234862 157.187659251526 169.493352172565 157.305063824574 157.590279735856 157.926346198415 159.170322207867 160.361743715776 160.665801735881 160.975526287665
-9999 -9999 -9999 -9999 -9999 -9999 -9999 -9999 -9999 -9999 -9999 -9999 -9999 -9999 -9999 175.980116335966 176.985031833524 178.502188531561 179.128594177893 179.779260312664 179.980286883485 181.095431725043 181.510682639717 182.10703890315 182.306287786308 182.691939663758 184.283517947978 184.936627333135 185.326426378222 185.518104778113 -9999 188.04591095461 188.711727065729 162.28902560078 -9999 192.300039050994 192.348553880397 180.513717629038 168.185768844413 169.308170393912 157.069148566002 182.382386529392 181.578233260562 158.04875999815 159.241653867635 159.578965953183 160.797138328436 161.586903240257 161.894680819547 162.208031955976
-9999 -9999 -9999 -9999 -9999 -9999 -9999 -9999 -9999 -9999 -9999 -9999 -9999 -9999 177.619079589844 177.455721666246 177.784803525271 179.97356399583 180.200205896562 180.566379551712 181.698172225106 182.324680097477 182.976623711003 183.177139641496 184.310424745811 184.523960193436 185.340393360667 185.546009642794 185.929014311257 187.535299181232 187.740741081887 188.394454948927 188.796581566616 175.795037022262 177.272442138929 191.621396854701 191.891136398796 194.719524140419 156.129524031056 157.460469096825 182.601588733547 172.24857383481 172.032546765691 159.688968389673 160.463259662406 160.80610556952 161.996320208035 162.299288084489 162.6074370261 162.921079751896
-9999 -9999 -9999 -9999 -9999 -9999 -9999 -9999 -9999 -9999 -9999 -9999 -9999 -9999 -9999 179.573429998881 179.842357988555 180.78064008408 181.916008151305 182.596383534774 183.197073692046 183.397569375845 184.729171238527 184.956442474031 185.562969638049 186.216161929295 186.416814561067 186.606570577585 187.966746226215 188.82517859163 189.028431130992 189.227864547425 189.431841070615 190.604152496886 191.254850513387 191.932015950095 191.695864192481 167.154291739105 154.394299174394 158.451029854648 172.734291657985 186.040443067677 185.114958265289 160.889385218726 161.179143040268 161.524116772807 162.766603472914 163.968299824656 164.276017054944 164.589197499633
-9999 -9999 -9999 -9999 -9999 -9999 -9999 -9999 -9999 -9999 -9999 -9999 -9999 179.235580444336 180.019198922726 180.78813045533 181.004146008316 182.817817314091 183.41394935027 183.806417023703 183.999893835837 185.593500177763 186.246574253162 186.448762620641 186.63716314515 187.029374354281 188.192479014545 188.854385276889 189.700878728705 189.897700447966 190.095800963978 191.272123577994 191.474037584418 192.149574851093 192.574358906654 192.790534294107 193.192486686592 181.216108513377 180.694315870262 156.72780390987 160.959980787301 174.642431768756 174.408695242514 162.568736052836 162.858260655883 163.170520426964 163.814573082974 164.653952099551 165.530114508937 165.846924824907
-9999 -9999 -9999 -9999 -9999 -9999 -9999 -9999 -9999 -9999 -9999 -9999 181.025680541992 180.680035233956 181.189082073497 181.846344488425 183.0069707153 184.019237049416 184.213648096294 185.358789687714 186.037488200432 186.847516006886 187.059676313273 187.701647154609 188.873530773357 189.087327954619 189.717460983665 190.579002165465 191.959748457081 191.712324901881 191.906293868214 165.116246588407 192.791187968338 193.138239968641 165.972996978711 167.266232384965 168.421162020863 169.895818446754 195.79346821005 181.795756215469 158.365110894453 160.16157490628 160.467832946976 161.376599099414 164.104960564327 164.402744472248 164.741821941642 165.634395903736 166.324915551951 167.5361414518
-9999 -9999 -9999 -9999 -9999 -9999 -9999 -9999 -9999 -9999 -9999 -9999 179.024218557677 180.153614519556 182.188223698922 182.486247544645 185.160819090872 187.277299770793 187.938092237991 188.146600791441 188.336385081049 189.698932450069 190.353382583298 191.012989233411 191.219283385704 191.61969542794 192.806972863758 193.922382957114 194.334888427951 165.942249722665 152.82322530704 154.052192143447 154.302071038248 155.026739059272 155.29009712754 156.15827443884 157.071361420728 171.242413873213 184.777462421544 171.969364954397 159.563124232273 160.726651892398 161.002928039703 161.335105088879 162.537626080727 162.855631115337 163.968856101254 168.920450050571 169.235624139731 169.555892476356
-9999 -9999 -9999 -9999 -9999 -9999 -9999 -9999 -9999 -9999 -9999 -9999 -9999 181.509796704304 182.001507571569 183.159609188387 184.852091329195 188.247051750379 188.738984270193 189.91790564252 190.145200454831 191.213385166402 191.434369964329 191.831005642787 193.473293881223 193.695804327005 194.344101054046 194.75990705505 166.543757565246 154.250907851744 154.496446123557 155.216884381896 155.852104642408 184.248123352785 183.827389326315 157.17878572533 158.39883980938 159.102966186779 172.857508175394 159.689262218392 160.851213589924 161.480516304676 162.688361997083 162.997148269375 163.780626884904 164.07028536753 164.52154281426 167.042967280805 167.428152002809 168.850116413773
-9999 -9999 -9999 -9999 -9999 -9999 -9999 -9999 -9999 -9999 -9999 -9999 -9999 182.396187264892 183.993694552839 184.63979372382 185.024008117756 187.883435992956 188.178579291192 188.787733950983 191.568682959375 192.492304003277 193.697151537821 193.916087649788 194.760154839664 195.425272673102 195.633333701728 195.836769455268 183.688860369506 155.55566207386 184.469901095376 184.606632371728 184.9635511939 198.486492808944 172.146459841995 158.854684876131 159.600179299496 159.863427676444 160.128863435481 160.396595154124 162.850775385675 -9999 -9999 164.212431976861 164.499417758488 164.853255354213 166.085184035677 166.735211800977 167.629588262688 168.562732776336
-9999 -9999 -9999 -9999 -9999 -9999 -9999 -9999 -9999 -9999 -9999 -9999 184.258800886363 184.457112850227 185.2011562228 185.413815269401 187.03481277137 188.060471961697 188.27065029993 188.458166841644 191.201773457403 194.267977813181 195.423759779682 195.643727223245 195.846026893148 196.254890276024 197.466850193286 197.678609448383 169.530811696739 156.40781242918 199.127449994839 170.584406973377 172.508786989163 172.553759656174 159.782768218946 160.043435592024 160.306072184046 160.570741559071 160.875743729951 162.09761577918 164.087745615786 -9999 164.648573839998 164.991931130972 166.205808320288 166.531973441341 167.333573938804 167.702636944908 168.865317196205 169.175099543596
-9999 -9999 -9999 -9999 -9999 -9999 -9999 -9999 -9999 -9999 -9999 -9999 185.43712781822 186.064254380981 187.259031903351 187.4894180663 188.257600900186 189.127470438359 190.310862956307 190.529193544984 191.341130091803 193.13925951562 196.20772554159 196.464778776919 198.129226194185 198.349084456802 199.016028373257 169.648470506972 185.918310766466 185.92078093379 171.971947999977 158.324027075748 159.969170347358 160.227751493179 160.48811683866 160.750342917896 161.0479159019 162.278176373057 162.565949208754 163.359050952928 164.808301757913 165.142328308579 166.362082961797 166.679670052875 167.474463151115 167.809549465459 168.659751510846 168.984998821459 169.67562453397 170.892721399879
-9999 -9999 -9999 -9999 -9999 -9999 -9999 -9999 -9999 -9999 -9999 186.281288495151 186.467343899111 187.822363544774 188.461270788417 189.121194411736 189.327547598648 190.899876103887 191.544452470824 192.202897743668 192.406940306943 192.797929381461 195.624181586068 198.531059840189 199.428799261967 199.645247087452 170.254885202558 186.705142253176 201.514946495126 202.017520122613 188.334384016729 159.510719076384 160.67365755013 160.933895445537 161.224598830318 162.463983156183 162.746433815103 163.532138538929 164.386407834055 164.673477703543 165.584134880067 -9999 167.663235130093 168.512764667339 168.803569899729 169.120500992458 169.797928220225 171.01787271101 171.368238493034 172.193934661593
-9999 -9999 -9999 -9999 -9999 -9999 -9999 -9999 -9999 -9999 -9999 -9999 188.266270183265 189.297030952996 189.525172873278 190.89975074641 191.137092473653 192.402256710689 192.607446505143 192.994822987737 193.194680428701 194.858017039638 195.725826643992 197.127890448688 197.352834973195 197.566345080497 184.083256468099 168.768601430618 173.375630118971 173.922357526061 174.027601548251 160.823740257673 161.380459688473 161.66983709683 162.9312733655 163.689323954265 163.959072976993 164.268182409405 165.423769916161 165.747325285744 167.287808013593 168.075803949777 168.419926075512 169.573476037605 169.866932109129 170.234807449299 171.499845580337 172.31761878502 172.627404698659 172.941277121155
-9999 -9999 -9999 -9999 -9999 -9999 -9999 -9999 -9999 -9999 -9999 189.551799188334 189.72032861437 191.095009195309 191.792200985169 192.406089551381 192.613471366741 193.194818564214 193.84330599209 195.067230860701 195.282706776399 196.122699388978 196.33286906586 196.986571370851 197.190829379747 167.307742124535 198.530790109029 155.237184115663 157.445286025764 160.390364511334 160.666663807409 161.850293822216 163.106301192108 163.383275132469 164.141187178394 164.410761043126 164.682160846438 164.994585384263 166.19481562921 167.459192503854 168.526739193506 168.848874197925 169.7169894804 170.378353381696 171.607254696853 171.944421814154 172.760254924599 173.067096366803 173.426416406008 174.311476628877
