rcp4.5models/CNRM_CM5/sc1gr2.20
NCOLS 261 
NROWS 433 
XLLCORNER 336357.134 
YLLCORNER 654653.479 
CELLSIZE 1000 
NODATA_value -3.4e+38 
[rows 330 to 351 of 433, columns 147 to 195 of 261]
267.932983398438 270.841766357422 272.241271972656 273.845336914062 273.167938232422 272.898834228516 274.063354492188 274.248321533203 274.437469482422 275.474731445312 277.122253417969 277.832977294922 278.356719970703 278.368225097656 278.055450439453 277.585876464844 276.620422363281 277.230590820312 280.649780273438 280.724395751953 278.882293701172 278.119506835938 296.01025390625 311.093688964844 309.539367675781 301.533966064453 294.430725097656 290.580169677734 281.817779541016 277.645721435547 286.614990234375 294.282989501953 301.414398193359 307.922821044922 312.067199707031 316.153900146484 314.646575927734 315.667297363281 315.206573486328 317.379272460938 319.778259277344 321.540679931641 322.695526123047 324.061431884766 324.554748535156 319.942596435547 318.291595458984 317.914581298828 322.922943115234
266.946899414062 270.220581054688 271.885314941406 273.020874023438 272.85302734375 272.743347167969 273.732666015625 274.237884521484 274.412384033203 274.591430664062 275.802307128906 275.310668945312 277.162811279297 277.521606445312 276.7080078125 276.895935058594 277.087524414062 278.202453613281 279.693389892578 278.336120605469 277.843811035156 277.924377441406 296.366912841797 305.955993652344 312.496276855469 312.285858154297 305.324371337891 301.990997314453 292.464935302734 288.208221435547 293.255523681641 297.993621826172 306.600341796875 315.985717773438 315.693481445312 316.776397705078 314.884063720703 314.551971435547 315.313568115234 317.847137451172 320.364166259766 322.748229980469 324.518402099609 325.554107666016 326.014953613281 318.197143554688 316.11572265625 319.489624023438 323.940093994141
265.264007568359 268.990631103516 270.526519775391 272.175720214844 273.032806396484 273.861267089844 274.220703125 274.374176025391 273.728637695312 273.931854248047 275.803863525391 273.648132324219 275.662811279297 277.341125488281 276.8681640625 276.215545654297 276.229187011719 276.419952392578 276.091369628906 276.620666503906 276.984741210938 278.724273681641 288.383483886719 296.518646240234 308.445861816406 315.296295166016 314.233581542969 311.202301025391 303.846130371094 300.996337890625 299.773590087891 300.834503173828 310.468902587891 320.001007080078 320.272338867188 319.507720947266 317.342590332031 314.792205810547 316.394073486328 319.428344726562 321.904754638672 323.616241455078 326.309387207031 326.813446044922 326.937377929688 320.16650390625 319.9873046875 324.2138671875 325.159851074219
261.490783691406 261.860168457031 263.799743652344 270.193420410156 272.199127197266 273.701690673828 274.882385253906 275.370178222656 274.202850341797 274.626129150391 277.418579101562 274.627044677734 275.309875488281 276.991149902344 277.343872070312 275.3623046875 274.211517333984 273.893249511719 273.775787353516 273.25048828125 275.762573242188 279.336944580078 284.819000244141 293.320831298828 303.249572753906 311.504058837891 317.238616943359 316.537994384766 312.755828857422 312.321533203125 308.547515869141 307.966613769531 312.173767089844 320.358306884766 322.858123779297 319.774200439453 319.177551269531 315.513763427734 318.707977294922 323.351440429688 324.06298828125 324.920928955078 327.108612060547 327.146057128906 327.022308349609 321.835693359375 324.259155273438 325.462615966797 325.926544189453
260.145355224609 259.949951171875 261.705444335938 268.039306640625 271.214385986328 273.688537597656 274.861785888672 276.215972900391 276.699066162109 275.908050537109 276.207275390625 275.10400390625 275.800476074219 276.808532714844 275.817108154297 273.843139648438 272.204833984375 270.539581298828 269.398651123047 269.518005371094 275.394927978516 279.160583496094 280.443969726562 288.449584960938 302.912506103516 310.472259521484 317.722015380859 320.778503417969 317.376739501953 316.673858642578 315.316253662109 316.531127929688 317.060089111328 320.477478027344 323.601806640625 320.828643798828 318.973236083984 315.658233642578 321.046752929688 326.023864746094 325.127166748047 326.080291748047 327.550567626953 327.428833007812 326.960601806641 319.730773925781 324.432586669922 325.464935302734 327.032104492188
256.388305664062 261.179412841797 264.729736328125 268.374420166016 271.215606689453 273.853393554688 275.182952880859 276.380676269531 277.330352783203 276.193115234375 275.563262939453 274.245239257812 274.262115478516 274.602600097656 272.964996337891 272.159851074219 269.684051513672 265.049163818359 261.674224853516 266.478149414062 274.519287109375 277.639770507812 274.389587402344 284.535278320312 302.698699951172 312.617156982422 317.670471191406 321.197448730469 321.151489257812 320.279632568359 319.381011962891 320.786071777344 321.988037109375 321.511322021484 323.971649169922 323.298614501953 318.484008789062 317.336212158203 323.518035888672 326.263122558594 325.939422607422 326.369750976562 327.343170166016 327.016143798828 326.910400390625 318.820526123047 324.271453857422 326.813049316406 328.792633056641
255.536590576172 251.691711425781 254.673095703125 258.746704101562 265.230102539062 270.868194580078 273.787170410156 273.644622802734 273.652404785156 273.680206298828 274.875122070312 273.019866943359 268.904541015625 267.235565185547 264.10400390625 262.304992675781 261.179290771484 257.047515869141 254.333755493164 257.134765625 263.583465576172 270.541900634766 282.533203125 298.892639160156 307.457489013672 314.962463378906 319.885406494141 322.619354248047 322.249572753906 323.264587402344 322.278411865234 322.190032958984 321.893402099609 324.154052734375 324.980407714844 325.818359375 325.593353271484 326.547729492188 326.509460449219 326.998077392578 326.030944824219 325.749450683594 326.883514404297 326.898681640625 326.381469726562 317.223907470703 327.769195556641 328.649200439453 328.928192138672
266.928161621094 262.035980224609 259.744781494141 256.7490234375 263.77490234375 268.958740234375 269.436218261719 270.143676757812 271.482116699219 272.1650390625 273.532318115234 272.353790283203 267.517395019531 262.897613525391 265.100036621094 267.958404541016 268.165344238281 263.205413818359 258.024993896484 258.990203857422 264.797790527344 271.024719238281 283.113891601562 293.687255859375 302.758819580078 314.698577880859 320.614379882812 323.281311035156 321.631011962891 323.540100097656 321.755249023438 321.058807373047 321.388397216797 323.726531982422 324.789306640625 325.680816650391 326.366668701172 326.851898193359 326.452575683594 327.202667236328 326.696990966797 325.830657958984 327.164947509766 326.976837158203 326.845184326172 321.236572265625 327.699279785156 328.597351074219 328.838928222656
279.473419189453 275.670745849609 269.882995605469 265.427307128906 269.559295654297 272.119201660156 270.041931152344 266.441833496094 266.277557373047 267.494537353516 270.680328369141 271.495635986328 266.010223388672 262.576049804688 268.079803466797 273.924926757812 274.489685058594 267.486114501953 264.5087890625 266.4033203125 273.374389648438 273.347930908203 279.613037109375 290.633941650391 304.440338134766 314.623168945312 320.691864013672 323.248809814453 321.013702392578 323.669830322266 320.434509277344 318.87646484375 321.765045166016 324.321075439453 325.570159912109 325.833984375 325.944030761719 326.915985107422 326.603759765625 326.779815673828 327.039733886719 326.866851806641 327.256225585938 327.420104980469 327.5380859375 323.452392578125 323.87548828125 328.400115966797 328.566284179688
286.447479248047 282.823425292969 279.364044189453 277.935852050781 278.28662109375 279.779083251953 279.027954101562 272.940979003906 270.320190429688 269.331817626953 269.498779296875 271.828582763672 268.355316162109 267.062103271484 272.236389160156 281.112854003906 283.587646484375 273.974731445312 274.129028320312 277.831970214844 278.53857421875 276.665100097656 276.719055175781 291.409545898438 309.104187011719 316.249664306641 321.468963623047 324.296295166016 322.852294921875 323.795776367188 320.175231933594 319.631591796875 323.499450683594 325.662567138672 325.498565673828 325.90283203125 326.099243164062 326.496704101562 326.538665771484 326.578308105469 326.891937255859 327.651092529297 327.684417724609 327.578216552734 327.104034423828 323.278839111328 323.464630126953 328.107147216797 328.869110107422
293.5048828125 288.863372802734 285.004608154297 286.093719482422 288.420288085938 290.365905761719 290.507110595703 286.843078613281 284.539184570312 282.524047851562 279.374725341797 277.971984863281 276.366516113281 277.616027832031 284.542510986328 292.881988525391 291.945373535156 282.992889404297 284.238128662109 287.02392578125 282.083190917969 281.315887451172 278.688201904297 293.486633300781 311.056640625 317.468109130859 322.777374267578 325.277801513672 325.053039550781 323.674011230469 322.154846191406 323.165344238281 324.469604492188 324.509460449219 325.433013916016 325.984802246094 326.385070800781 326.430114746094 326.472778320312 326.513122558594 326.686889648438 327.217926025391 327.621215820312 327.383728027344 326.819885253906 324.5234375 326.042449951172 328.426300048828 328.810089111328
294.424560546875 291.943359375 290.964721679688 294.385986328125 298.26123046875 299.100952148438 299.386138916016 297.888580322266 297.1025390625 297.223571777344 294.688812255859 286.802703857422 288.998596191406 291.374755859375 297.759155273438 302.055236816406 298.215301513672 292.336578369141 291.220031738281 291.786651611328 287.282562255859 287.371520996094 285.527618408203 299.173217773438 312.894256591797 317.047821044922 322.694305419922 325.205535888672 324.976165771484 323.752990722656 322.411987304688 322.915435791016 324.345153808594 323.963531494141 325.145690917969 326.268829345703 326.317077636719 326.362823486328 326.406158447266 326.587890625 326.853942871094 326.656982421875 327.048583984375 326.94873046875 326.887786865234 326.059387207031 326.501983642578 328.727447509766 328.750335693359
298.785552978516 298.375305175781 299.529602050781 301.046264648438 302.666809082031 302.981353759766 303.528900146484 304.992950439453 305.674987792969 306.4619140625 305.109497070312 298.468475341797 301.078552246094 302.722473144531 305.343627929688 306.297546386719 306.115478515625 302.087280273438 299.829437255859 298.705749511719 293.397491455078 292.865234375 295.548309326172 305.860900878906 315.039337158203 317.162445068359 322.275177001953 324.974670410156 324.705017089844 324.330963134766 322.312469482422 321.245544433594 324.771881103516 324.950256347656 325.082702636719 326.343688964844 326.754302978516 326.658782958984 326.338836669922 326.517059326172 326.777099609375 326.457305908203 326.492584228516 326.66259765625 327.061767578125 322.93310546875 325.271636962891 328.666412353516 328.689880371094
306.296508789062 304.693359375 304.558898925781 304.374542236328 303.902679443359 304.248321533203 305.445281982422 307.250518798828 308.584899902344 310.417053222656 311.0185546875 308.333709716797 308.661285400391 310.792144775391 310.753753662109 309.548156738281 308.856384277344 305.46826171875 305.070068359375 304.913665771484 301.3623046875 299.428527832031 302.165008544922 309.371185302734 315.765747070312 318.435424804688 322.585815429688 324.203002929688 324.629760742188 324.703125 324.034332275391 323.092010498047 324.903747558594 325.168182373047 325.724304199219 326.414459228516 327.036071777344 326.581512451172 326.270904541016 326.453399658203 326.721435546875 326.391326904297 326.427276611328 326.592956542969 326.853607177734 322.484375 323.642150878906 328.225067138672 328.759490966797
308.533447265625 305.904418945312 304.473236083984 304.288848876953 304.180480957031 306.778167724609 310.000457763672 310.008209228516 311.185577392578 313.680816650391 315.109436035156 312.743682861328 311.905334472656 313.533782958984 313.503936767578 311.806121826172 308.943572998047 306.715057373047 308.320953369141 309.799072265625 308.430847167969 306.524688720703 308.626037597656 312.920776367188 315.965911865234 320.200286865234 323.552825927734 324.13037109375 324.705688476562 325.131042480469 325.052307128906 324.766174316406 324.978210449219 325.452239990234 325.501281738281 325.838470458984 326.464080810547 326.157012939453 326.202331542969 326.381561279297 326.644012451172 326.324737548828 326.498321533203 326.904327392578 326.802429199219 325.223205566406 325.192443847656 327.288208007812 328.179718017578
310.549682617188 310.010864257812 308.746948242188 307.335205078125 306.683349609375 311.908355712891 315.880676269531 314.748077392578 315.080535888672 316.252349853516 317.192413330078 312.467163085938 309.469146728516 310.620239257812 313.08251953125 311.719818115234 309.684143066406 308.80029296875 309.403289794922 311.017181396484 311.6689453125 310.438110351562 313.241668701172 315.209655761719 316.731323242188 320.000244140625 322.268371582031 323.852783203125 324.978973388672 325.2001953125 324.280487060547 322.208068847656 325.049713134766 325.376220703125 325.294281005859 325.272094726562 326.038787841797 326.087219238281 326.133239746094 326.176879882812 326.218292236328 326.395233154297 326.935028076172 327.329956054688 327.233123779297 324.791320800781 324.939300537109 326.735748291016 327.504547119141
310.002655029297 312.049591064453 314.184204101562 313.749603271484 312.394165039062 315.076995849609 316.964416503906 316.333709716797 317.518341064453 317.416259765625 313.412689208984 308.2294921875 306.064727783203 307.209533691406 309.501190185547 308.972106933594 307.25634765625 307.062774658203 305.998291015625 308.064208984375 311.884521484375 312.357696533203 313.536773681641 314.908905029297 317.843933105469 319.811828613281 321.161437988281 323.9326171875 325.100311279297 324.324798583984 321.814453125 318.673980712891 324.263153076172 324.948120117188 325.215972900391 325.2001953125 325.967864990234 326.016937255859 326.203887939453 326.474700927734 326.149932861328 326.460754394531 327.091247558594 326.755523681641 326.788940429688 324.161376953125 321.01806640625 326.161071777344 327.06005859375
308.249816894531 309.597442626953 311.081329345703 312.432434082031 314.830688476562 317.079681396484 316.919769287109 317.434661865234 318.763061523438 317.641845703125 312.865142822266 310.668914794922 308.136108398438 304.948150634766 305.588775634766 309.391082763672 308.533050537109 305.821502685547 304.258148193359 305.502471923828 309.265197753906 312.410430908203 314.613250732422 316.178741455078 318.452056884766 319.883392333984 321.883850097656 324.746459960938 324.672760009766 324.102966308594 320.805389404297 315.857238769531 320.698547363281 325.090515136719 324.789398193359 324.984771728516 325.533752441406 326.087188720703 326.635955810547 326.902587890625 326.58740234375 326.761779785156 326.891723632812 326.331573486328 326.739227294922 324.756469726562 321.669311523438 325.476776123047 325.990905761719
304.885040283203 307.561614990234 307.281982421875 309.202819824219 311.92724609375 312.627380371094 314.993194580078 318.6455078125 320.202026367188 318.036376953125 316.367309570312 314.677917480469 314.820861816406 314.119873046875 313.094543457031 314.391510009766 313.865203857422 311.486358642578 309.947509765625 308.87451171875 310.606414794922 314.070495605469 316.610260009766 318.672882080078 321.141845703125 322.073486328125 322.810668945312 323.740692138672 324.170288085938 324.247009277344 324.173095703125 323.747009277344 323.900268554688 325.296875 324.642913818359 324.273590087891 323.809417724609 325.5771484375 326.210113525391 325.898040771484 325.941925048828 325.983673095703 326.155212402344 326.557586669922 326.733917236328 326.277038574219 324.792633056641 324.220458984375 325.739135742188
307.357513427734 312.0576171875 313.508209228516 313.862609863281 313.091339111328 313.146118164062 317.889617919922 320.044403076172 320.450225830078 318.132537841797 316.614379882812 313.76806640625 314.239562988281 314.042175292969 314.013458251953 315.309661865234 315.771453857422 315.077728271484 313.352813720703 312.809112548828 313.045043945312 315.011322021484 317.529602050781 319.122894287109 320.712219238281 321.9951171875 322.581634521484 323.314849853516 324.0927734375 324.169952392578 324.243988037109 324.462310791016 325.030181884766 325.3671875 324.929168701172 324.345367431641 323.965911865234 325.009399414062 325.780487060547 325.827239990234 325.871765136719 325.914123535156 325.954376220703 326.257293701172 327.028961181641 326.584686279297 324.889739990234 324.553863525391 325.694915771484
311.502166748047 313.434417724609 315.556396484375 318.601593017578 317.520812988281 317.399353027344 321.450561523438 321.728820800781 320.215026855469 318.722778320312 317.360443115234 313.005889892578 312.327667236328 313.468719482422 314.764770507812 315.391235351562 317.848358154297 318.986358642578 316.971954345703 314.373016357422 315.002838134766 315.725982666016 317.665283203125 317.231903076172 319.062286376953 322.416259765625 323.002502441406 323.586029052734 324.015075683594 324.242065429688 324.520568847656 324.384735107422 324.804870605469 324.932403564453 324.850646972656 324.552307128906 324.60693359375 324.936706542969 325.708770751953 325.894073486328 326.306640625 326.350036621094 326.256439208984 326.188049316406 326.960815429688 326.902618408203 326.314514160156 325.595520019531 325.737243652344
313.303955078125 312.797698974609 315.063873291016 320.374816894531 321.183685302734 321.350677490234 321.514892578125 320.796875 319.335144042969 319.490234375 318.606628417969 311.743804931641 309.408905029297 310.225341796875 313.185546875 315.478668212891 317.103790283203 318.888000488281 319.378540039062 316.661163330078 315.402282714844 317.145080566406 317.801879882812 315.652679443359 318.099426269531 322.683380126953 322.92333984375 323.355163574219 323.736694335938 324.515777587891 324.589691162109 324.516815185547 324.377075195312 -3.4e+38 324.420745849609 324.478546142578 324.533752441406 -3.4e+38 325.63671875 325.819763183594 326.361846923828 326.773895263672 326.683990478516 326.491424560547 326.892272949219 326.584289550781 326.739410400391 325.900756835938 325.68603515625
