rcp4.5models/CNRM_CM5/sc1gr8.31
NCOLS 261 
NROWS 433 
XLLCORNER 336357.134 
YLLCORNER 654653.479 
CELLSIZE 1000 
NODATA_value -3.4e+38 
[rows 308 to 329 of 433, columns 147 to 195 of 261]
107.772338867188 103.153587341309 89.3946380615234 79.2637176513672 85.0846252441406 88.5172576904297 88.6482620239258 90.9622421264648 93.8382263183594 84.6278457641602 79.2122573852539 80.234375 85.5961990356445 75.0616912841797 69.4465408325195 66.4049987792969 63.4865875244141 61.8047714233398 60.8137283325195 60.520191192627 61.6745223999023 62.5763053894043 66.0061111450195 64.5211944580078 64.7001800537109 62.3250045776367 65.035514831543 65.6061782836914 64.7478179931641 63.3123397827148 62.8710250854492 65.8902587890625 65.9721908569336 59.9731941223145 58.8329963684082 62.6755981445312 71.6800689697266 71.9436950683594 71.7490234375 72.3111419677734 74.9273147583008 73.211181640625 71.4003372192383 70.8639602661133 65.4257125854492 57.6497116088867 57.4721488952637 58.4201240539551 59.1720962524414
108.923828125 99.2536087036133 85.1984100341797 77.8840484619141 81.484504699707 90.0828247070312 90.2675933837891 89.7472534179688 87.8842239379883 80.744499206543 78.6754989624023 80.7047424316406 83.8115997314453 70.6643829345703 68.9517288208008 67.3983764648438 62.6070404052734 55.2052917480469 54.3878555297852 56.1774978637695 62.6790466308594 63.8314743041992 67.5024261474609 65.5242385864258 65.5806732177734 63.1508255004883 64.3757858276367 67.5653533935547 66.8690719604492 64.3726119995117 64.9078903198242 66.0317916870117 66.2560653686523 58.7571792602539 58.8860054016113 61.7850303649902 69.425407409668 73.6234817504883 72.5713272094727 73.1188278198242 74.6097640991211 72.0215072631836 71.1997985839844 72.8320617675781 71.9044570922852 59.6910247802734 58.2207832336426 59.3286628723145 62.7622985839844
109.797393798828 97.3430480957031 85.2768096923828 79.2729721069336 80.5628967285156 89.9942855834961 92.1147079467773 89.8490676879883 83.6523056030273 76.0825500488281 77.4096374511719 80.0089797973633 82.3491668701172 71.7757949829102 70.1291427612305 67.2970275878906 60.2262878417969 52.0529327392578 53.0034065246582 58.5036964416504 64.6359710693359 62.3346710205078 67.925163269043 65.8870010375977 64.1998748779297 62.9047164916992 62.9414558410645 67.1776962280273 68.6943969726562 66.8152236938477 66.0127105712891 66.7143783569336 67.1633148193359 60.7471122741699 59.6645698547363 61.0334167480469 66.837272644043 74.951904296875 73.245475769043 73.7193374633789 75.0901565551758 71.5127410888672 70.0678253173828 71.8973922729492 72.858283996582 60.4126167297363 59.0912971496582 60.3720970153809 64.2817611694336
109.751487731934 98.0158996582031 87.4590454101562 80.0233764648438 77.6892395019531 82.2868041992188 90.253303527832 90.2715759277344 83.3688735961914 76.9074478149414 78.844970703125 81.3096542358398 80.8176879882812 72.4682693481445 70.3804321289062 66.3684005737305 60.8526763916016 55.961109161377 57.7653121948242 64.0368347167969 64.2501754760742 61.5069999694824 65.4635543823242 64.7462921142578 62.8809356689453 65.1682968139648 65.9129943847656 68.4369049072266 70.5044631958008 70.0539245605469 67.7923583984375 66.489631652832 68.2335815429688 64.3728408813477 60.5300254821777 61.4298515319824 64.6012268066406 71.2396545410156 73.4158554077148 74.5728530883789 76.1325454711914 71.9036636352539 69.8275680541992 71.4583053588867 71.9386444091797 60.1180801391602 60.5710792541504 61.2066116333008 64.2362670898438
107.88892364502 99.102783203125 89.2354736328125 80.6793746948242 77.3194732666016 80.8732299804688 88.4044189453125 83.1216735839844 77.5449066162109 79.7516174316406 82.2469940185547 80.5558090209961 78.3640823364258 74.0139083862305 71.3422775268555 68.3448638916016 66.3022232055664 64.6436920166016 65.0159530639648 67.2694854736328 65.3878784179688 62.5995330810547 63.4325675964355 63.6867523193359 63.2329177856445 64.9603500366211 69.3437194824219 68.6575164794922 67.4572525024414 71.2246780395508 70.8206329345703 66.5542755126953 68.4683837890625 67.4201431274414 61.834228515625 63.341438293457 66.9935607910156 72.1798095703125 74.3956832885742 75.012077331543 75.8720397949219 71.8862533569336 70.4566650390625 72.5326538085938 71.9124908447266 62.1249961853027 62.3244743347168 62.6393241882324 65.4512252807617
114.574974060059 105.075340270996 100.307807922363 91.3901443481445 80.0313262939453 77.804084777832 73.9901351928711 72.6864547729492 71.821907043457 69.9201583862305 73.8078842163086 73.3374176025391 76.3900909423828 73.4687652587891 71.2411956787109 69.278564453125 70.2844009399414 71.0914840698242 69.6042175292969 67.7351760864258 69.47021484375 69.6272506713867 62.6075668334961 64.3202743530273 69.3466491699219 70.864128112793 72.6990203857422 72.8798599243164 73.231559753418 70.3270645141602 68.9756011962891 73.1503448486328 70.5212936401367 74.2111587524414 66.8669662475586 65.1057205200195 69.7665557861328 77.1770706176758 76.9292221069336 76.364013671875 77.2379379272461 74.1860961914062 72.8906860351562 73.8761901855469 69.0009765625 65.5312194824219 67.0106201171875 66.1110916137695 68.8978500366211
117.744697570801 114.393043518066 105.197364807129 90.8386840820312 80.8789672851562 78.4108505249023 78.2956390380859 79.9990081787109 76.1802444458008 68.307373046875 67.1593704223633 74.9418334960938 78.3231811523438 75.3912124633789 73.2227020263672 71.3797836303711 71.6940765380859 72.5764389038086 71.8030090332031 70.7355804443359 70.8520431518555 70.7111282348633 62.6165428161621 63.9191093444824 66.2395858764648 69.2275772094727 73.5771636962891 73.8180999755859 75.0179901123047 71.9212493896484 68.3305435180664 74.2985076904297 73.0092849731445 74.8921813964844 74.6151885986328 69.0453033447266 69.8909225463867 73.6957168579102 78.2946090698242 76.8264083862305 78.0698394775391 74.8805389404297 73.6325149536133 75.3014068603516 70.0700988769531 67.150032043457 68.1023254394531 67.4396896362305 69.254753112793
117.0576171875 115.136306762695 101.791061401367 91.3999176025391 90.4123992919922 87.3274230957031 85.1176071166992 79.5540771484375 74.6649856567383 69.6356353759766 68.6979751586914 81.7765579223633 80.7567977905273 78.3447113037109 76.6581497192383 74.0700607299805 73.9736633300781 73.9379730224609 73.0631866455078 72.4943542480469 72.4049911499023 70.3965911865234 63.6778221130371 64.613410949707 66.5141906738281 69.6115570068359 72.2675933837891 74.6362533569336 76.9354782104492 73.5032730102539 67.2695770263672 71.8458938598633 76.4075164794922 74.4938888549805 79.8875885009766 76.7966690063477 74.6671600341797 76.0052947998047 80.9084396362305 79.3977279663086 78.0877990722656 74.557975769043 72.0698776245117 74.4772033691406 71.2163162231445 68.5595397949219 68.3599319458008 67.9510955810547 69.131965637207
120.126564025879 109.884201049805 96.755744934082 93.3037033081055 91.8240432739258 88.0397415161133 83.4660339355469 76.4344711303711 76.6882400512695 74.6273498535156 70.0243835449219 82.3984832763672 82.6502990722656 80.4712066650391 77.6237182617188 76.4842910766602 76.4970932006836 75.6828536987305 74.4732055664062 73.3028030395508 73.7172622680664 71.345329284668 68.3447570800781 66.8307495117188 70.891487121582 73.2633590698242 72.4846954345703 74.1646575927734 77.8187713623047 77.4173431396484 69.8874206542969 70.0542221069336 79.9617462158203 74.7048568725586 80.5168151855469 82.1481399536133 78.4939270019531 81.7673950195312 81.0301818847656 80.6481781005859 77.0197525024414 73.7193908691406 70.9061431884766 73.0313186645508 71.6993637084961 68.8082809448242 68.4923629760742 68.2699661254883 68.9529495239258
110.999366760254 100.699371337891 92.2083282470703 88.7578048706055 85.218147277832 82.1447372436523 80.7422561645508 81.9189605712891 83.9972305297852 84.3036499023438 79.5560760498047 84.4835357666016 83.1029739379883 81.1729125976562 78.833366394043 77.1493225097656 72.9257202148438 73.8501968383789 74.8589935302734 74.8825149536133 74.1720123291016 73.7044830322266 73.6669540405273 69.9370193481445 72.8637313842773 77.5204696655273 77.531120300293 77.761589050293 78.9567642211914 78.926025390625 74.6228866577148 74.612174987793 82.5186233520508 76.6370010375977 80.1271438598633 83.3457946777344 79.9050140380859 84.732795715332 79.450569152832 79.312744140625 77.0297927856445 72.8348388671875 71.3212661743164 72.8384170532227 70.8564453125 68.8024368286133 70.1959075927734 69.764289855957 68.6738586425781
101.319961547852 98.7072677612305 95.7614669799805 92.656379699707 90.2269058227539 88.0625991821289 87.1115036010742 88.0023803710938 87.8729782104492 88.8105850219727 87.8018112182617 87.9194946289062 85.1660995483398 83.9665451049805 81.8872299194336 75.9905471801758 67.2718963623047 68.1441802978516 72.0788192749023 76.6985092163086 75.1620407104492 76.3309860229492 75.2062683105469 72.9627075195312 73.9003448486328 77.8145751953125 77.1211547851562 73.2649917602539 73.8287887573242 72.7088623046875 75.7861251831055 82.4375152587891 82.5636138916016 80.1211166381836 83.6408767700195 84.5361938476562 79.59326171875 83.8728485107422 82.3954849243164 80.8645629882812 78.5745620727539 74.9557647705078 72.9907302856445 74.3465728759766 70.7439956665039 69.2218017578125 71.9073867797852 71.6682586669922 69.3960037231445
103.353805541992 101.597854614258 99.7823715209961 97.9961547851562 95.1692962646484 93.9666290283203 92.4864959716797 89.7327651977539 89.2262878417969 87.9889068603516 85.4235153198242 90.6273956298828 87.6310195922852 82.3408966064453 78.3218688964844 73.4853134155273 66.5358657836914 68.5250549316406 76.0776214599609 79.606819152832 78.438232421875 79.4222564697266 78.5132293701172 76.7764205932617 77.1057205200195 79.4440536499023 76.5278396606445 67.1312026977539 70.7277755737305 72.1585159301758 76.4627456665039 87.1405487060547 85.2002334594727 83.6549835205078 87.8254241943359 84.7397384643555 84.7565231323242 85.07373046875 87.0195617675781 84.5997467041016 81.4738159179688 78.5220565795898 75.7573318481445 75.3142013549805 72.1782150268555 69.8001937866211 71.6706771850586 71.6288909912109 69.8846969604492
104.868469238281 101.601104736328 99.7979965209961 97.2250442504883 94.5979232788086 95.2584228515625 92.0362777709961 87.0302047729492 88.3653793334961 86.6534729003906 83.2893905639648 92.1551513671875 87.9413604736328 78.3845825195312 71.4086685180664 69.7741088867188 67.4120407104492 72.6834106445312 81.1271896362305 78.1273422241211 81.6489639282227 80.8831481933594 81.660026550293 80.8896102905273 79.9834518432617 83.0943145751953 81.3209762573242 71.3793792724609 74.0098114013672 76.6881637573242 75.0790634155273 87.8147888183594 89.6297836303711 86.5021514892578 88.3567352294922 86.0925827026367 89.1199417114258 86.3555450439453 88.4613723754883 86.0329360961914 82.2714309692383 80.1011810302734 77.8541259765625 75.5067138671875 73.9248962402344 71.1775894165039 71.5948715209961 71.0751571655273 70.1625213623047
106.527488708496 103.382225036621 101.177459716797 97.3160858154297 94.4511566162109 94.9296646118164 90.0807418823242 84.2742156982422 85.0267181396484 85.1400985717773 84.1609420776367 93.969482421875 86.8094253540039 77.295524597168 69.9642105102539 68.6925354003906 68.2289505004883 72.3392486572266 76.6349334716797 74.1033096313477 82.8129196166992 82.6884536743164 79.6446380615234 81.7926940917969 84.4135818481445 85.9168701171875 84.9061279296875 75.9663543701172 74.2628631591797 79.9826354980469 76.0823135375977 82.5120849609375 92.1898193359375 90.9796752929688 88.883659362793 86.0441970825195 86.4649658203125 84.5542144775391 87.0160598754883 86.0674209594727 82.3093414306641 80.9681091308594 78.722297668457 76.5808868408203 74.8694915771484 72.8164215087891 72.5186996459961 72.1675186157227 71.4247741699219
108.789489746094 107.642684936523 105.271766662598 102.327278137207 97.4677810668945 95.9612579345703 90.9557571411133 85.2611846923828 85.8311462402344 87.2114028930664 87.8427200317383 97.4861221313477 87.9692001342773 75.0204467773438 70.8295211791992 70.7467956542969 71.1169815063477 71.2868118286133 71.427848815918 71.2376403808594 78.8742446899414 86.8416900634766 82.9409484863281 85.0976181030273 87.7450256347656 86.1006546020508 80.3059234619141 74.4788360595703 73.2319488525391 78.9902038574219 78.1270141601562 78.6283493041992 91.5121459960938 92.298583984375 91.7721099853516 86.4160919189453 84.9352951049805 84.4680480957031 85.7850112915039 85.6446914672852 83.5001449584961 82.2373275756836 79.790771484375 78.2850494384766 75.4150390625 74.7161178588867 75.286376953125 75.6998977661133 73.2099075317383
110.289192199707 109.173049926758 106.817398071289 104.930114746094 101.751258850098 100.47216796875 96.8041381835938 90.6166000366211 94.0102996826172 94.7848892211914 94.8350677490234 98.9114761352539 89.098503112793 74.6692199707031 71.829833984375 72.7935638427734 74.126220703125 71.7253799438477 70.5971069335938 69.4795989990234 72.8705902099609 82.1128921508789 89.7671585083008 90.342658996582 88.8420104980469 83.0769424438477 74.3833694458008 75.7038497924805 75.8972549438477 76.2258377075195 78.1394577026367 83.180793762207 89.3783950805664 93.4367294311523 93.4425888061523 89.8403396606445 85.9086761474609 85.2641830444336 85.9009628295898 86.0708389282227 85.0466384887695 84.0890274047852 82.3032302856445 80.3891220092773 77.893798828125 77.7383346557617 78.5647735595703 77.6501693725586 74.1604995727539
113.950759887695 108.036972045898 104.999839782715 102.867012023926 100.745323181152 100.899894714355 102.194229125977 99.1011199951172 100.198249816895 96.0521850585938 95.1064224243164 96.2092208862305 89.8443603515625 75.9650115966797 73.58642578125 73.9795761108398 74.5625228881836 72.6299209594727 71.9099273681641 71.1629943847656 71.3057098388672 73.9920806884766 89.422004699707 92.69287109375 91.652961730957 84.8618774414062 75.3233032226562 78.7219467163086 79.6766357421875 76.9764556884766 80.0789413452148 89.282844543457 93.039909362793 96.5019302368164 93.3528060913086 90.4831466674805 88.1026382446289 86.6293258666992 86.6165084838867 87.6321411132812 86.9856414794922 86.0866851806641 84.6990356445312 82.0622863769531 81.4004135131836 79.5866317749023 79.2937850952148 76.8973999023438 74.9075241088867
122.301773071289 110.937316894531 106.181480407715 103.999847412109 103.25749206543 100.55770111084 98.1347885131836 96.365104675293 94.2277984619141 86.7031402587891 84.3559494018555 97.4804916381836 90.6938629150391 83.6167144775391 78.4944610595703 76.5068054199219 76.5136489868164 79.2336044311523 85.7646484375 90.1271209716797 88.0664901733398 89.68310546875 98.0549621582031 96.4612884521484 94.1388702392578 95.7386245727539 90.8865051269531 87.3030319213867 79.9570846557617 82.5648880004883 86.0324554443359 96.010627746582 97.9164047241211 94.625846862793 95.8368301391602 95.2711410522461 91.5210037231445 89.4092330932617 89.209114074707 90.032096862793 89.8164367675781 88.4398345947266 89.1397552490234 86.7722320556641 85.4702835083008 81.6460723876953 80.9251937866211 80.1016006469727 78.867431640625
119.453132629395 112.905220031738 108.364265441895 105.534591674805 103.587226867676 100.640678405762 95.3153610229492 93.3631591796875 93.0023727416992 88.9717712402344 86.9204940795898 94.599609375 87.8881301879883 84.6936187744141 81.0695037841797 79.1148147583008 79.7774658203125 80.5386810302734 83.8281173706055 89.7027816772461 94.5834426879883 100.190315246582 98.4591979980469 97.4694900512695 92.6586227416992 97.4491271972656 99.5860214233398 93.601318359375 81.8017654418945 82.7546997070312 82.8730087280273 87.3241577148438 93.8072814941406 95.3633728027344 94.4817352294922 95.2559127807617 93.3405075073242 91.2238159179688 90.5264511108398 90.9285888671875 90.3008041381836 88.4278030395508 89.7149124145508 88.1585388183594 86.0013275146484 83.6524276733398 83.505485534668 82.1399765014648 80.4658737182617
122.312637329102 115.850402832031 110.936401367188 108.007843017578 104.926010131836 101.271415710449 97.8043365478516 94.8178024291992 92.2506942749023 90.3648681640625 90.1154479980469 94.345100402832 87.1275939941406 84.339111328125 82.1378784179688 81.6050415039062 83.1169815063477 82.7173538208008 79.7963485717773 84.7641372680664 94.8124008178711 96.4241714477539 99.2617950439453 97.938346862793 96.0193252563477 98.499137878418 99.4165802001953 91.7999267578125 83.7509765625 84.2635345458984 84.6374282836914 87.6768951416016 97.2417526245117 98.3850860595703 96.3559417724609 94.8791961669922 94.72265625 93.3666687011719 91.2925109863281 90.8771896362305 89.9072418212891 88.7792129516602 88.6798095703125 88.2375411987305 86.9345397949219 85.9877548217773 87.2048873901367 84.8561401367188 83.7465362548828
130.514999389648 121.605606079102 115.337707519531 112.235656738281 107.996696472168 103.43970489502 100.90584564209 97.7876892089844 94.6558074951172 92.7669982910156 93.1985473632812 97.5137405395508 94.4834747314453 88.2944030761719 84.2735443115234 83.0464782714844 83.7926712036133 84.7066345214844 86.8496780395508 96.061149597168 97.9639587402344 93.1705093383789 103.468338012695 102.645874023438 103.311042785645 101.814659118652 95.1495590209961 89.6921844482422 85.931022644043 87.5095901489258 91.9483184814453 100.631317138672 106.11841583252 100.964767456055 98.9397354125977 97.0227584838867 95.626350402832 94.3659820556641 93.4741668701172 92.6790771484375 91.245979309082 90.4056701660156 89.7296295166016 88.8751754760742 88.6345443725586 90.0521621704102 90.6521911621094 89.336784362793 88.728889465332
137.533477783203 126.80290222168 120.716598510742 115.152374267578 111.414131164551 107.88939666748 103.920860290527 100.902572631836 98.0071868896484 96.5489807128906 95.8086776733398 96.0301513671875 96.5313186645508 93.5117645263672 89.7903900146484 87.6990127563477 84.9080352783203 85.9345245361328 92.9001007080078 102.994636535645 94.8528747558594 92.202278137207 103.961227416992 106.088508605957 106.862007141113 106.970718383789 102.137847900391 97.9561386108398 89.9688339233398 91.4801635742188 98.2646865844727 110.186050415039 108.785987854004 105.210075378418 101.030540466309 98.5109024047852 98.0487670898438 96.9439239501953 97.5619735717773 96.2179946899414 94.5700073242188 93.4541244506836 92.2452850341797 90.2767486572266 90.0536346435547 93.9538269042969 93.9716415405273 93.7397918701172 91.9457778930664
