rcp4.5models/CNRM_CM5/sc1gr10.0
NCOLS 261 
NROWS 433 
XLLCORNER 336357.134 
YLLCORNER 654653.479 
CELLSIZE 1000 
NODATA_value -9999 
[rows 264 to 285 of 433, columns 200 to 249 of 261]
294.499902742492 294.512324824188 294.483113373081 297.365685738608 297.696561391991 299.418734110639 300.515580775458 300.524535310111 300.296884868469 304.429551399093 311.676354068465 312.65423939522 312.490068465293 311.476374643133 307.290792564471 307.048050807321 308.01207366122 310.709561332996 316.475592646708 321.298674877651 317.877995853716 312.951531407831 313.987885756567 314.696277400058 313.570591530773 313.539183597275 320.9579287248 320.49030460033 -9999 -9999 318.420700147209 318.655932869709 319.600167731473 320.540179933442 321.579804426497 322.32687837609 323.834144020843 325.931905137887 326.301203116018 326.923048583849 327.449609748542 328.544683009797 329.676083779101 330.79114700184 331.609198300713 332.3780988501 333.551836116815 334.910058446959 336.702845602189 337.388343815278
294.336068453989 293.787950824365 294.61410274535 297.968348297556 298.329191277546 299.952237935512 301.438782322333 301.311892611918 300.548683123101 304.117371778079 310.004428046435 311.347690574004 308.783928692901 308.392177343627 307.588937836856 307.451415673328 308.870906161354 311.03538987747 315.04402897603 317.105580911368 316.262726054169 312.507611872123 313.362493773928 313.177555202843 313.408768954656 313.881833331052 315.918561519313 316.855291234309 317.860574727554 318.790723757093 319.39413124307 320.155733510899 320.789351491669 321.66480855816 323.073525275345 323.532297653853 324.512746287382 326.452111225013 326.779141075651 327.298249763024 328.066913320986 329.134308592956 330.555237958919 331.684981123668 332.497980824566 333.204668832823 334.447205644115 335.822133545151 337.269660185832 338.183042658036
292.489893761747 292.892419625676 294.72717810337 299.995198040912 302.755465103678 302.252297808581 301.358548139799 301.03470544808 301.134538774941 303.691255807613 306.858360113339 308.313768004646 309.29998400982 307.920136503312 307.942322333734 309.686560783938 312.05929053161 313.519660076467 310.912574924531 311.950233129498 313.384459917124 314.569445147816 315.210840638427 318.036721405972 316.687065526366 316.909594296468 317.27146538946 319.117154628934 320.386228051226 320.933282217462 321.29490176573 322.389127118641 322.542031331431 323.267736108885 324.276556052836 325.130682245251 325.969177964267 326.576504723489 327.544557769872 328.485337680302 329.624971230918 330.710493381069 332.629860743119 333.717045976643 334.923162187081 335.356216196907 336.241663079167 337.583908802965 339.108546694287 339.731022896985
292.206472398013 293.056658466772 295.141507296142 299.741144609525 303.091648554755 302.735985820041 300.825282395995 300.852005150699 301.839719015738 305.505372992282 310.117432557101 311.124368256931 311.348116420844 307.615030548542 313.238401663432 314.520934103466 316.569222309548 316.743727552678 312.093863626934 315.406080137178 316.952183038144 314.73620553004 315.145011105498 317.706342438182 318.477585380478 318.421964454374 318.773285817436 321.058711428652 321.942541997651 322.080570171304 322.041687461768 322.6323060309 322.865433857981 323.452560814799 324.046210211933 324.810926861728 325.683212339302 327.038257027177 328.106033343569 329.549865634611 330.744820605798 331.709589866357 333.933127408215 335.072053281285 335.93496241258 336.969018447847 337.424402963036 338.138144708971 339.691266542881 340.41906628792
292.273414586453 293.012997886626 295.652265343882 300.59358577002 302.702639903476 302.157316014684 300.642988834256 300.821468250065 301.828362399055 305.399870736775 311.22416578628 312.309136672179 311.343716092367 306.895502892755 317.278752888416 318.716652898413 319.262009777354 317.148051865261 313.307067001726 316.001091087189 317.376846229063 315.230973476752 315.22535907086 317.774708069038 319.438657698366 319.534984201485 320.61374521249 322.692983227904 323.259011796004 322.674035901717 322.274747390446 322.814624225396 323.686281080591 324.126700375846 324.145305874201 324.81853551285 325.754362489688 328.197421029849 329.558556954161 330.447812736192 331.246902438103 332.373042908261 334.225640968583 335.767492765893 336.02421819072 337.111176257197 337.513278352059 338.37929665162 340.245161239053 341.158087911163
291.78926565547 292.908030921066 295.973662423751 301.646876864939 302.736674209248 302.257575317685 300.938015513881 301.22072773927 301.709628375616 303.208395382539 307.602948053479 309.941104656129 308.914445210479 307.008038688676 317.312286698906 318.834926971102 319.745470176706 318.406525537264 314.562904081101 314.373204065468 315.997746050635 315.985833357101 316.660023622693 318.534770933071 320.287833262619 320.675488296238 323.477984489546 326.095786654293 325.282984603094 322.402950719261 322.238956004514 322.65483689902 323.704083971235 324.228761578149 324.599663181424 325.263716836083 326.27202797097 329.405139157533 331.032084654093 331.656692953743 332.182456892827 333.46082096149 334.520529917819 336.138367709538 336.344450060609 337.02565587929 337.742619292854 338.581940545694 340.640814045521 341.648298282006
291.315144983043 292.875377812607 294.881691259452 301.444425709121 302.896592366681 302.649994367927 300.734356157105 301.174112087584 301.541747561164 302.201997345835 304.498981818727 306.983993214851 307.154378967675 307.596758961177 317.301145226211 318.551529915712 319.922641267637 320.404066905661 318.066923011814 314.874059331281 316.881157458385 318.641547408287 319.745237407396 319.015073473282 320.14242279323 321.632323617106 329.418576555712 328.827205948866 323.717043880803 321.941477992865 321.971366474883 322.531551078588 323.327661598298 324.05795099532 324.910855840898 325.810530549308 327.01670902611 329.871441427313 331.627663021054 332.934244117182 333.412491355863 334.30248925636 335.586022379017 336.352986524824 336.735696404044 337.490707655865 338.209806420532 339.034954417837 341.195981193598 342.060098728601
291.043086105891 293.05332055533 294.724003997093 299.61740943636 302.618513180626 302.703836863375 300.76614082852 300.934953232881 301.140922375861 302.293078756502 304.704546217233 305.961259122879 306.799795737761 308.153566257954 317.01831410704 318.106724612557 319.380202165393 320.68559620852 321.162022118553 319.575999549396 320.460151079542 321.261670265804 321.006757416822 318.47274940051 319.197674709299 320.981900140441 325.391059123835 323.802951901692 321.11375762778 321.434891393318 321.823492822006 322.628969666186 323.37134647767 324.375944477513 325.407973108649 326.661482034757 327.912181976759 330.510531697885 332.366166086891 333.713589542775 334.26902500775 334.473711632181 335.971325792153 336.866030667332 337.223224933981 337.93530899511 338.828964683855 339.939173777741 341.685109377686 342.528474627547
291.064651852498 293.370899081617 296.810694218151 298.863640262958 300.513112195478 301.654089926916 302.179025811 301.018058524802 301.012438650141 302.241448313364 304.74788221221 305.662414656723 306.872820019881 310.349269614068 316.25375959387 318.382942480241 319.424331201988 320.231398482726 321.843417407302 322.327278743658 320.607813821107 321.060435311186 318.398116576748 317.658336457123 318.59650390172 319.422051465176 319.694178966868 319.994578907537 320.782991490942 321.355843524145 322.106415710432 323.039444356926 324.229059449045 324.942900514324 326.319225677174 327.554357251447 328.729382363745 331.906055617344 333.616819306316 334.211597037221 334.53685890343 335.285270652927 335.809584612833 -9999 337.661949399898 338.64801118994 339.79179204871 340.758776511303 342.200039625509 343.089551200737
292.129235467883 294.756846638596 297.603120037718 299.685686402145 299.606010907539 300.906846600047 301.871329227528 300.777398178833 300.946672598114 301.983292758442 304.450503149841 306.366364760621 307.10129421806 309.800905516398 315.138899962945 318.303313141361 318.538294608594 318.867015395082 317.749683807953 318.046460406035 317.319509776904 318.738069514817 316.833140344653 317.242599205993 318.133650466381 318.466139278254 321.093841261989 321.626153782523 321.426770639379 321.770653296744 322.772058319383 324.381238995723 325.359877568028 325.995293477427 327.496417455814 328.390294547562 329.70481812167 332.989732384948 334.115478036325 334.226472963291 334.890190692134 336.003592217512 336.268645513394 337.298191721457 338.036523879556 339.390930604717 340.236263991029 341.172941972255 342.683641430066 343.875876518341
293.054208366554 295.545730343079 297.010382920172 299.626164292864 300.325714613067 300.766803814634 300.477116718935 300.343175893005 300.920319179686 301.837232936357 304.224012781223 306.80624931133 307.22563481917 307.920942002375 315.140870600311 317.810742645188 318.758608272575 319.684508211799 319.063125388325 320.140128418767 321.506497025491 322.780988109997 322.272789784503 319.768501805526 318.53185677129 319.876143259573 321.918490641769 322.023899391498 321.729392834607 322.375255335272 323.391365018532 325.30313004755 325.785185293111 326.48277562849 327.939952947552 329.434362507761 331.035726359839 333.432480083592 334.362628672042 334.694869233441 335.638148042043 336.76085420573 337.540335783077 338.237557326778 339.079410143087 339.96095456143 340.878365547639 341.823745542912 343.500437321551 345.240974190606
291.674045911492 293.863820894301 296.213967136888 299.439155286539 300.603173289408 300.899837586626 300.311329422895 300.539782590885 300.842352723292 301.886954454433 303.754804193452 306.230437542402 307.397825535641 307.796890755459 314.254516596383 317.550076720644 318.895047256352 320.444088675377 322.131872075199 323.86693981154 325.393482195787 326.715299665345 327.225406534898 326.199912364024 325.091659716293 324.753254284269 321.24283105433 321.045118665871 321.601651058991 322.842940661361 324.232297748511 325.549307961557 326.380187439394 327.193044445041 328.308772698331 330.402076635091 332.294487732348 333.930438664655 334.853915748173 336.080931464952 336.94467664629 337.547972545066 337.798470342171 338.697671307704 339.770237144327 340.779443383197 341.688098385792 342.272286307412 344.343650291022 346.086174286023
289.778352943102 292.239260269049 295.457103534331 298.819016204202 299.863813412296 300.126013516226 300.505351128908 300.298963112047 300.864910160836 302.774474294657 303.473010937905 306.131041320586 308.443300489068 307.974540095686 312.304818929018 315.538411670317 317.250436502503 317.83586883091 320.414542812512 323.965269480892 325.422090673534 326.665777050379 327.879180730357 329.614506952292 328.02988097805 323.462171076313 320.840121709206 321.311916729503 322.539030632108 323.408708504069 325.243756495651 326.397854648503 327.362377801699 327.919740322872 329.118839076255 331.369643152384 333.381856009279 334.250297027933 335.617803706826 337.528189007523 338.114670247577 337.830700211888 337.565316362588 338.627886257494 339.381487060677 340.63793021603 341.584861739625 342.479178670057 344.725456863063 345.967094123186
289.136001199765 291.787591100235 294.900848295477 297.076073405861 297.884384314859 298.27417901425 299.373422939373 299.601019629655 301.239967564242 304.02573337112 303.53107815615 305.597088653084 308.380690351989 308.466858703271 311.724804157498 313.080648241537 315.120893895974 316.986252561505 321.256623632282 324.361129487294 325.029848550821 325.423938462451 328.031308657036 328.762107096576 328.023183645137 325.054803806285 320.806085403791 322.133344257988 323.856575725201 324.483179999853 325.790732148389 327.301402791474 327.932065551444 328.646343905004 330.461938272799 332.472850199279 333.91014836161 334.881986454407 336.284192547662 337.597605906982 337.853214442927 337.61187018626 337.714721681773 338.638303002174 339.573509424195 340.763734989889 341.844471950423 343.099589290074 345.209173501992 346.336615140717
288.487665303818 290.133386406332 293.426117135571 294.815542649681 295.861549032213 296.879086059656 297.549949063716 298.864697124252 301.505853977059 304.523276529239 305.401600806201 305.825717332013 307.706187548399 308.34986275864 312.409895390733 314.517899271014 313.403965759321 316.38605052691 319.476424379718 321.203587750797 323.402063317415 321.064436255293 328.386408704641 328.564687697555 325.678577489085 319.812267742801 323.249015481424 324.200188090916 325.354702846685 325.587080634452 325.341466557674 325.824052034493 -9999 329.061426401763 330.930596121588 331.113192662383 331.682116846184 334.561942884194 335.294712524863 336.217474535209 336.665463079508 337.47220160622 338.346293146139 339.519367555958 340.729838359719 341.811399554078 342.867176227106 344.04606327316 346.336600141289 347.543036025126
288.448646828627 289.170576374678 291.999693728606 294.925169392638 295.433128897363 296.415784194948 297.128885345102 298.883405425827 302.531463576691 305.597054320407 306.1411603123 305.98404089291 306.733760771798 307.752668563572 312.968270180306 316.759581561352 314.633527945776 314.217007908259 315.827444192511 316.730515544224 319.973792585298 -9999 328.722674302204 326.797148275827 320.806254595573 319.997976955426 323.948768232206 325.309905594073 325.499695573781 325.543736055416 325.467218738172 326.105066243187 326.527834354796 328.390281293559 330.456465959056 331.160161285373 331.412939072186 334.038550283026 335.316204860496 335.954393819068 336.550770882448 338.104161586783 339.276301158763 340.373792251549 341.113145290203 342.161044738297 343.344599679535 344.567629492041 346.890874485127 348.096922938459
288.077835041567 289.123634320003 290.786503400198 294.604158586149 295.177027436631 295.816093224451 296.772463725213 298.681200578956 302.136582627094 304.694200275161 305.44859006959 306.796479811112 305.497447400543 306.611130606041 311.8462511223 316.390460191978 317.056351367821 314.231373442272 314.305698088769 -9999 316.378551733433 -9999 328.389095797567 325.938669583064 318.834104543092 320.442890825763 324.080988514283 325.329433787843 325.234042653987 325.364874858946 325.463675003354 326.114008769284 326.913486942383 328.232043512585 329.876808720699 331.074737447865 330.901056679271 333.609098856403 335.872286690469 336.830502041364 336.978247901713 338.271517579929 339.647543875607 340.789923311468 341.668173234707 342.749155172765 344.005799540074 345.208458000195 347.520455384565 348.610832032324
287.064690123791 288.923116722861 290.415734715169 293.758082606793 295.252788529042 296.05040078308 296.806893767009 299.979856775147 302.12625840762 303.496924026691 304.922929546273 306.491008561952 304.625897195109 305.780021333618 311.805416332792 316.96779125725 318.040616316301 315.002710102957 315.189213508207 315.260546722195 -9999 -9999 322.64508856547 321.910865627009 319.676535181749 321.008798176611 324.093068075775 323.954209494045 324.26117409202 324.460868099884 -9999 325.710068339246 326.776455699599 -9999 329.074059431725 330.645910034997 330.802510939712 333.484993453623 335.19860025643 336.712588657002 337.298007814773 338.301966485979 339.640601498216 340.854748480615 341.98006196851 343.162247057866 344.384901644565 345.516667304075 347.907964729347 348.964073067657
285.985389493847 287.642432312643 289.557914623357 292.715480443672 294.296091775973 295.62302565432 297.435882513994 299.850992579241 301.264270130056 302.048738812026 303.355587405413 305.877622941516 306.530036781377 305.088010422434 311.746872641323 317.447312254924 317.615079492496 317.988135952232 316.371813822879 314.987812542137 -9999 -9999 317.99938840703 318.852705756497 320.103110444524 320.62753787339 323.89700805901 323.945898600615 324.336212259356 324.718503903675 -9999 326.44970164139 327.223952180469 -9999 -9999 329.82261314235 -9999 333.728109916572 334.809732750902 336.107005980014 337.31863697076 338.522952234502 339.845090109683 340.968157359718 342.226439631817 343.691950937147 344.824296951516 346.013189264307 348.377611534315 349.570282230179
285.297766930361 286.639867303793 288.595246575512 291.914560586789 293.283548442063 294.422539360375 297.153148828249 298.271362792125 300.043828537237 301.295767602539 303.029939373136 304.617091820452 306.096993317797 304.618365658361 309.868119407358 314.880831764233 318.468522056191 320.572406356687 319.036452046275 314.734893178227 315.056484124094 315.578294659652 317.673443371818 318.999321195921 319.146426436387 319.497879097308 323.407257504662 324.051843794461 325.040024224624 325.22857918553 325.841099615725 327.800224267183 328.237136223174 327.857449992211 328.397168932043 329.61069354247 331.057221277094 333.739114928497 334.941588057418 336.100752267108 337.373548039 338.795483054207 340.234143293154 341.412491432844 342.687618748057 343.987426399085 345.173239468456 346.663879536577 348.722663240966 349.951377134577
284.390740089457 285.99056403155 287.930424297461 291.470521435922 293.020569250917 293.898313261812 296.280205897236 297.778022157564 300.146215006274 300.931080170585 303.853946000734 303.472830051416 304.251289524398 304.172334452134 308.628566494309 313.854812357741 319.494332186021 320.159130907465 318.052178901402 314.373642440432 314.651299234459 315.035515329074 317.469879235269 318.997584548624 318.896823036358 318.628641110384 323.062736972592 322.84092753527 324.340918305455 324.908690176097 325.822088597133 327.662566798112 328.710271749033 327.497186828535 328.460656960477 329.835482258519 331.045012712126 333.731431810497 334.926765514956 336.171990531399 337.781942254511 339.136851631703 340.482127460724 341.736099694512 342.976801406498 344.238992540186 345.713508003258 347.176330217532 349.8959267255 350.886716282462
283.129462693841 285.204188349269 287.035729843759 290.720207201619 292.400924169888 293.500977434529 295.455994511229 296.710287858038 299.008482944134 300.560440320654 301.757033758424 302.380350411721 303.51853598007 303.229228497295 307.550244304798 313.554000301627 317.902695550777 315.184111796669 313.594853400205 312.865694588184 313.583318914522 314.484055867891 316.468370833126 318.754798798295 318.775028032978 318.204420209293 321.843439889314 322.66866874822 323.062854777519 324.046418990074 325.23921303201 326.541754331779 328.054747486909 327.344810835065 328.635421642486 329.788829979763 331.25600171019 334.141505656777 335.314517428785 336.453094724269 337.952423454714 339.197053305122 340.557978796997 342.167880944753 -9999 -9999 346.381823535857 348.007667994895 350.366216386112 351.047675273534
