rcp4.5models/CNRM_CM5/sc1gr1.35
NCOLS 261 
NROWS 433 
XLLCORNER 336357.134 
YLLCORNER 654653.479 
CELLSIZE 1000 
NODATA_value -9999 
[rows 322 to 344 of 433, columns 100 to 149 of 261]
70.9694137573242 71.5820770263672 71.9267272949219 71.4489669799805 71.4970016479492 71.9152984619141 72.1401748657227 72.5167465209961 71.874153137207 71.2595596313477 70.5133666992188 69.7172927856445 68.8945541381836 68.936882019043 69.3525314331055 68.7712707519531 67.4365158081055 66.682258605957 67.691162109375 68.4322052001953 68.3697204589844 68.5497055053711 67.0343856811523 65.2110748291016 66.3836669921875 66.6509628295898 66.6442108154297 66.5586395263672 67.0765380859375 66.8655166625977 65.2909774780273 64.9059600830078 65.467414855957 65.6969985961914 64.2076644897461 58.9059295654297 57.4538764953613 56.7078437805176 56.6162414550781 56.7172584533691 56.9006233215332 57.2444648742676 57.3087158203125 57.5578956604004 59.3050346374512 62.802906036377 68.987174987793 70.8656845092773 71.6379165649414 71.9158248901367
71.1031265258789 71.8926467895508 72.0083389282227 71.7048263549805 71.8826675415039 72.4643173217773 72.5772323608398 72.4946746826172 71.9223327636719 70.9720077514648 70.7459487915039 70.6101989746094 68.4407119750977 68.4542922973633 68.9309692382812 69.5474014282227 68.7632904052734 67.3703536987305 67.3782806396484 67.9145812988281 67.9825897216797 67.7534027099609 66.9663925170898 65.1979598999023 64.7803802490234 65.4513702392578 65.5872268676758 65.9233169555664 66.5733413696289 66.4577484130859 65.7869262695312 65.4907302856445 65.0684204101562 65.0436630249023 64.6106033325195 60.9149856567383 58.5117988586426 56.9699592590332 56.552978515625 56.6677436828613 56.9119911193848 57.0196762084961 56.8502540588379 56.867862701416 58.7144813537598 62.8805847167969 68.6494216918945 70.6709060668945 71.5509567260742 72.1377716064453
71.3918228149414 72.3494033813477 72.0587921142578 71.78662109375 71.7612380981445 71.7929840087891 71.7371597290039 72.0684051513672 71.9387664794922 70.6178283691406 70.1003799438477 70.6437530517578 68.7090606689453 68.0874099731445 67.7402038574219 68.0066299438477 68.5418548583984 68.3240432739258 67.5270614624023 67.3009185791016 67.4267654418945 66.7656784057617 66.0774917602539 64.7465972900391 64.8609008789062 65.4706420898438 66.1081619262695 66.681526184082 67.0239868164062 66.9082794189453 66.3014221191406 65.747200012207 64.9191513061523 64.8397521972656 64.7889099121094 61.4389381408691 59.6258811950684 57.9747085571289 56.919376373291 56.8546180725098 56.9911041259766 56.9950370788574 57.1161460876465 57.5785751342773 59.1562957763672 62.2371215820312 67.7734603881836 69.0073165893555 70.7560729980469 71.3386154174805
70.8915023803711 72.2455978393555 72.120719909668 71.4175186157227 70.8198471069336 70.2933731079102 69.6905288696289 68.6367797851562 69.0390243530273 70.6841735839844 70.4641418457031 68.9883422851562 69.5166625976562 69.1217727661133 67.9071426391602 67.0515823364258 67.2657699584961 67.4977951049805 67.6086196899414 67.5542068481445 66.5649795532227 64.7561721801758 64.7024536132812 64.2886047363281 61.3577842712402 62.9804344177246 63.5507850646973 63.7798728942871 65.1523971557617 65.794563293457 65.857536315918 65.8786926269531 66.028205871582 65.3664627075195 64.9103546142578 61.7216415405273 60.5887107849121 59.891170501709 58.7289161682129 57.7730712890625 57.554328918457 57.332649230957 57.3094635009766 58.0072212219238 59.9098167419434 62.6953201293945 65.5221176147461 67.4340209960938 69.9281616210938 70.484619140625
71.4419250488281 71.9832077026367 72.0178756713867 71.6811065673828 70.7679061889648 69.9629135131836 69.3811492919922 67.4392700195312 67.4748153686523 70.3710021972656 70.9899063110352 69.6678466796875 67.8564987182617 68.7168197631836 69.1355209350586 67.8065032958984 66.8776779174805 66.9944229125977 67.5083847045898 67.8081512451172 67.5749816894531 66.7604598999023 66.4706420898438 65.1630859375 60.1365928649902 61.3217887878418 62.0728569030762 62.8934516906738 65.1821823120117 65.6119918823242 65.6767120361328 65.1166610717773 64.5313262939453 63.6198616027832 62.6011276245117 59.1881065368652 59.3081169128418 59.2685127258301 58.4317321777344 57.9009971618652 57.8628730773926 57.6436614990234 57.5618209838867 57.9296722412109 59.2489624023438 62.4444198608398 68.7702331542969 69.4839553833008 70.2117767333984 70.8717575073242
71.9664535522461 72.3546447753906 71.8932113647461 70.9785842895508 69.8583450317383 69.0446701049805 68.6260681152344 67.2865982055664 66.3843460083008 67.9617156982422 69.7477874755859 69.8797225952148 67.1337509155273 66.7471160888672 68.8831558227539 69.1159362792969 68.0665435791016 67.5338516235352 67.5818099975586 68.223274230957 68.4172058105469 67.7332382202148 67.1077728271484 65.9496994018555 61.9835510253906 62.0263290405273 63.0447731018066 63.8362236022949 65.6446228027344 65.8015365600586 65.5881652832031 64.9961013793945 64.2573928833008 63.2884750366211 61.6872863769531 58.7165946960449 57.5556106567383 57.4232368469238 57.193000793457 57.4150314331055 57.4987525939941 57.5826835632324 57.7266159057617 57.6274566650391 58.2413177490234 61.2532958984375 68.8826446533203 69.3889999389648 69.9208145141602 70.5153579711914
71.9777603149414 72.0789489746094 71.839241027832 70.7840881347656 68.8774948120117 66.8500823974609 66.9391937255859 66.9214859008789 65.4576034545898 65.9639587402344 68.1797485351562 69.821159362793 68.1212997436523 66.3168487548828 67.0099945068359 68.5353851318359 -9999 69.1175765991211 68.6704483032227 68.394401550293 68.0391998291016 67.5946197509766 67.2801742553711 66.3435134887695 62.5497360229492 62.5931015014648 64.1288375854492 64.8315505981445 65.3985595703125 65.6275253295898 65.6652221679688 65.1234512329102 64.8634262084961 64.5140151977539 63.1498603820801 60.7998809814453 59.595775604248 58.7140846252441 57.4055824279785 57.2790145874023 57.0512199401855 57.3965644836426 57.6152648925781 57.4962196350098 57.6042861938477 59.7545928955078 65.7994232177734 67.3227462768555 68.4996032714844 69.2870483398438
71.3513565063477 71.1415023803711 71.1685562133789 70.9330291748047 68.7520904541016 65.1052551269531 64.0448760986328 64.9082412719727 64.7814102172852 65.2950592041016 66.5769882202148 68.5736083984375 68.8552856445312 67.2463150024414 65.6409912109375 65.9676055908203 68.1877822875977 -9999 -9999 69.185546875 67.8662948608398 67.0378723144531 66.9598388671875 66.2488784790039 62.7041664123535 60.5154495239258 62.0954132080078 64.2877349853516 64.4670028686523 64.2358779907227 64.0736389160156 63.7765312194824 63.670295715332 64.2760009765625 64.0429916381836 63.297607421875 63.1794395446777 61.6155586242676 59.1145782470703 57.7706718444824 56.9214286804199 57.0483779907227 57.305233001709 57.484935760498 57.4297027587891 57.8228569030762 63.222484588623 66.3465270996094 67.8735427856445 68.3657150268555
70.3638153076172 70.1002197265625 69.8342361450195 70.2520294189453 69.1280670166016 65.2541122436523 61.9271469116211 62.3465690612793 62.9008483886719 62.9969749450684 63.5135498046875 63.7204856872559 -9999 -9999 66.6914978027344 65.6189956665039 66.8244934082031 68.7418441772461 -9999 -9999 68.64501953125 67.3655700683594 66.6729431152344 66.1987152099609 62.9383583068848 59.0980529785156 59.1178894042969 62.0789985656738 62.7162399291992 61.9888610839844 61.4863586425781 61.3718223571777 62.171257019043 62.8691482543945 62.5713233947754 63.077938079834 63.8048934936523 63.276309967041 61.3619422912598 59.0536079406738 57.3387680053711 56.9001426696777 56.9798812866211 57.3042144775391 57.4632873535156 57.3779678344727 61.5787963867188 64.8876266479492 66.8839721679688 67.856819152832
70.6423950195312 69.6580200195312 68.12548828125 68.5955047607422 69.1221694946289 66.7191009521484 62.8341255187988 60.7855834960938 60.2702255249023 60.4382934570312 61.5013313293457 61.786304473877 67.9592666625977 -9999 68.4801788330078 67.4596862792969 67.1990203857422 66.796516418457 67.1489028930664 68.5329666137695 69.2172393798828 69.0957946777344 68.034912109375 66.7252044677734 63.999626159668 61.0502777099609 59.1164474487305 58.8026695251465 59.7977294921875 60.0080146789551 59.6940803527832 60.3610305786133 61.7125663757324 62.4352378845215 61.7016525268555 61.2748031616211 61.3964347839355 61.8836517333984 61.6689033508301 59.6549453735352 57.8965835571289 56.9527397155762 56.6629638671875 56.821044921875 57.0864219665527 57.1474380493164 62.0543937683105 64.2834930419922 66.6330947875977 67.7117385864258
71.798210144043 70.3984069824219 68.5004119873047 68.0675201416016 68.1705932617188 67.2438354492188 64.3657455444336 60.3874015808105 59.0044593811035 60.0301475524902 62.4060478210449 64.251350402832 68.2549896240234 69.3908233642578 -9999 -9999 68.1916656494141 66.7583312988281 65.4684371948242 66.4449996948242 68.479377746582 69.5923004150391 69.1336898803711 67.7462921142578 65.3508529663086 63.4572982788086 61.2196235656738 58.2884559631348 57.5810470581055 58.7237815856934 59.276481628418 60.2383270263672 61.2355842590332 62.2241172790527 62.0666656494141 61.0278625488281 59.9799613952637 59.3359794616699 59.3495864868164 58.3952903747559 57.4795455932617 56.8554000854492 56.6598129272461 56.724781036377 56.7825660705566 57.0106773376465 61.0468559265137 63.4583015441895 65.5694580078125 66.6109848022461
72.2437286376953 70.4418563842773 69.5138168334961 68.5202484130859 67.5982437133789 66.8773422241211 64.6009826660156 61.1753959655762 60.6907615661621 62.9021644592285 65.3758850097656 66.7388305664062 -9999 -9999 -9999 -9999 68.0900497436523 67.5704040527344 66.4892425537109 65.6589660644531 66.4472885131836 67.8669357299805 68.8206939697266 68.2852020263672 65.9079055786133 64.8856048583984 63.1293029785156 60.6613807678223 58.5122985839844 58.5662727355957 60.0269470214844 61.0226516723633 61.2472991943359 61.3139343261719 61.4079360961914 60.5462760925293 59.1249504089355 57.8025970458984 57.243034362793 57.1501998901367 56.9233741760254 56.7242813110352 56.6839256286621 56.7737197875977 56.7969284057617 57.3782005310059 59.4179267883301 61.082706451416 61.4189949035645 62.9477577209473
72.4603729248047 69.7025527954102 68.5322113037109 68.0423202514648 67.2103805541992 65.8923797607422 63.2682991027832 60.2892112731934 60.2717971801758 62.4102821350098 63.9539337158203 65.0160522460938 66.8692092895508 69.1318054199219 -9999 -9999 68.0711898803711 67.7149429321289 67.1665344238281 66.2284317016602 65.4856719970703 65.5895843505859 66.7899322509766 67.3230819702148 66.5225219726562 66.3024978637695 65.435546875 63.5615425109863 61.462474822998 60.0558013916016 60.8025817871094 61.6006355285645 61.4472923278809 60.7021141052246 60.5895309448242 59.2274017333984 57.7059059143066 56.9852104187012 56.7955055236816 56.7407989501953 56.6642265319824 56.6861763000488 56.6339836120605 56.6162872314453 56.7771453857422 57.232852935791 59.3246421813965 60.5438766479492 60.6432685852051 61.7538642883301
72.1835098266602 71.0362701416016 69.6617584228516 69.024169921875 67.8028793334961 64.7668914794922 61.2914199829102 59.0763320922852 58.919075012207 60.01171875 60.4658889770508 61.557559967041 66.1955718994141 68.7271881103516 68.5537109375 68.0698013305664 67.6087417602539 67.0974655151367 66.8498001098633 66.670539855957 65.8465881347656 64.7542495727539 64.2947540283203 64.7397384643555 65.8558731079102 66.1481704711914 66.6347885131836 66.1044921875 64.5718002319336 62.3628921508789 61.1426963806152 60.6187057495117 60.7827796936035 60.4773445129395 59.5796928405762 58.2218551635742 57.042781829834 56.6245498657227 56.8005256652832 56.5816955566406 56.4805183410645 56.7549171447754 56.7454605102539 56.6347694396973 56.7043228149414 56.7585220336914 57.969539642334 59.4794807434082 61.1348342895508 63.0458221435547
72.7067794799805 72.9180450439453 72.9106674194336 72.2416000366211 70.5149002075195 68.7513275146484 64.4372177124023 60.0550804138184 60.1856346130371 60.7266044616699 61.6423988342285 62.8091201782227 64.2852401733398 64.3171691894531 62.714527130127 59.5207366943359 59.3908996582031 62.1988258361816 64.3100738525391 65.4087448120117 66.0692520141602 65.6428451538086 64.4251480102539 62.1377830505371 61.3209648132324 62.8871917724609 64.5399017333984 65.6950531005859 65.9944915771484 65.3265151977539 63.7041091918945 61.2434043884277 59.9006843566895 59.0887298583984 58.0319595336914 56.7434310913086 56.6616401672363 56.6802253723145 56.6150894165039 56.5936622619629 56.7475471496582 56.8110809326172 56.790599822998 56.7568054199219 57.3387641906738 58.211181640625 61.2708168029785 59.2082672119141 57.900318145752 58.8605003356934
72.9182891845703 72.9633331298828 73.1227569580078 72.7855377197266 71.5529556274414 70.6268997192383 66.2516555786133 61.1178016662598 60.8627891540527 60.6371994018555 61.132755279541 61.8101081848145 61.0906105041504 60.598575592041 60.1702919006348 58.8521041870117 58.1505889892578 60.4798583984375 64.1039962768555 65.2185897827148 65.0137481689453 64.8326187133789 64.9158248901367 62.9421234130859 59.704288482666 60.6837997436523 61.9272270202637 63.4930992126465 64.3246688842773 64.2529220581055 63.9201354980469 62.6469650268555 61.8926010131836 61.0432434082031 59.3010139465332 56.8374519348145 56.8025512695312 56.7779197692871 56.6865196228027 56.7190017700195 56.9439239501953 57.6593399047852 58.0019721984863 57.769775390625 60.3849678039551 62.8032989501953 67.1674652099609 65.3060760498047 62.6170501708984 61.2381324768066
72.5097045898438 72.4438705444336 72.6966018676758 73.0190963745117 72.9382629394531 71.7042617797852 68.2913970947266 65.3650894165039 64.2769622802734 62.2613716125488 61.7258796691895 61.6447219848633 60.0187873840332 58.6146430969238 58.7159652709961 58.5360908508301 58.169734954834 60.2262954711914 63.3029632568359 63.8048515319824 63.6847953796387 63.7335777282715 64.7032623291016 63.6377716064453 58.8002510070801 58.5734558105469 59.4519309997559 61.2118606567383 62.1925354003906 62.4628791809082 62.8401260375977 62.4512062072754 62.0641250610352 61.4117965698242 59.9056663513184 57.2635688781738 56.7835922241211 56.684642791748 56.8272972106934 56.9158172607422 58.5626564025879 60.8677406311035 60.0147018432617 60.7935333251953 65.5327911376953 68.8816223144531 72.2382125854492 71.7148971557617 69.6404495239258 67.2587509155273
72.0268402099609 71.9270248413086 72.7097091674805 73.3175582885742 73.6063079833984 72.7946472167969 71.1227340698242 70.1921463012695 68.8945617675781 67.0700302124023 65.6922073364258 64.9826812744141 65.2844619750977 61.8699722290039 59.6599464416504 59.3122825622559 59.088623046875 59.4092216491699 60.216495513916 60.4280052185059 61.7202529907227 62.8877716064453 63.1613082885742 62.5262451171875 58.7398223876953 57.5265579223633 57.7966003417969 59.0298614501953 60.6819076538086 61.9962272644043 61.7935218811035 61.301643371582 60.5825271606445 59.7895812988281 59.2457809448242 57.8293380737305 58.0691986083984 58.3259773254395 57.3246841430664 58.8946304321289 63.0666923522949 64.7810745239258 60.7877426147461 61.2111778259277 66.3263473510742 70.2838516235352 73.8453750610352 73.3195571899414 72.7926559448242 72.0161056518555
71.8230133056641 71.8405151367188 72.927131652832 73.402473449707 73.4185485839844 73.3391876220703 72.6724166870117 72.0523071289062 71.3020095825195 70.4601669311523 69.5722885131836 69.1890029907227 69.7072525024414 66.4533157348633 63.7447395324707 64.0941162109375 63.7938957214355 62.5132789611816 61.8294563293457 62.1318321228027 62.5411758422852 63.1676368713379 62.0486183166504 61.0170364379883 58.6400032043457 57.7225112915039 57.6563720703125 59.0234069824219 61.7198829650879 62.907169342041 61.9015579223633 61.1503143310547 60.8352355957031 61.1219635009766 61.2998847961426 61.4733238220215 63.3775177001953 62.6543579101562 59.0204658508301 62.0933532714844 67.4876327514648 64.9482498168945 59.8855285644531 60.9350280761719 66.5381622314453 70.3580093383789 73.6820220947266 73.7749710083008 73.6839141845703 73.2215805053711
71.754997253418 71.7662887573242 72.7213516235352 73.4394836425781 73.6227874755859 73.517951965332 73.1116790771484 72.8087158203125 72.3466033935547 71.7149887084961 71.1923828125 70.6974945068359 70.2216339111328 68.3217468261719 67.5821990966797 68.6618881225586 68.5399322509766 67.6014633178711 67.2766952514648 67.0359344482422 65.969856262207 65.1079635620117 62.9129447937012 61.0136337280273 59.1996116638184 61.2354774475098 61.8648567199707 60.6443290710449 63.4977149963379 65.9342269897461 65.2237854003906 64.1643600463867 64.9706497192383 65.9916534423828 66.9206466674805 68.0273971557617 69.0598602294922 66.5560073852539 63.7560539245605 67.3052978515625 69.4415740966797 64.1000595092773 62.1236000061035 66.5839004516602 70.4270172119141 72.6787261962891 73.6659851074219 73.6892013549805 73.8609008789062 73.5637741088867
72.0476684570312 71.715934753418 72.5082015991211 73.1842956542969 73.595329284668 73.6685104370117 73.4877700805664 73.3175659179688 72.73095703125 72.3021011352539 71.8769302368164 71.2721405029297 70.8561248779297 69.6447982788086 69.3839721679688 70.0807189941406 70.5357437133789 70.5772094726562 70.7133865356445 70.4189910888672 69.5914459228516 68.5006942749023 66.1912002563477 64.2737884521484 63.747974395752 66.6260452270508 67.3805541992188 65.2368698120117 67.037223815918 69.5015716552734 69.4982452392578 68.62548828125 68.9578094482422 69.3564910888672 70.7524642944336 72.0055618286133 71.8727569580078 70.2426681518555 69.9477920532227 72.0486450195312 70.6047897338867 67.7829437255859 68.9529190063477 71.8276062011719 72.9999694824219 73.8258209228516 74.2194213867188 74.2323684692383 74.0114898681641 73.8804931640625
72.6880264282227 71.9726104736328 72.5450668334961 72.8924102783203 73.2300033569336 73.4796447753906 73.4772338867188 73.0545654296875 72.5206756591797 72.5450820922852 72.3362274169922 71.7712631225586 71.2888717651367 70.7111892700195 70.4115219116211 70.624641418457 70.572135925293 70.6906661987305 71.7153625488281 72.4523620605469 72.3078308105469 71.3126220703125 70.0643463134766 69.3057479858398 68.906982421875 69.8754196166992 70.9170150756836 71.0480346679688 71.1752243041992 71.3264923095703 71.3629531860352 70.6540222167969 69.9624710083008 69.6464080810547 70.3540649414062 72.5449981689453 73.4929504394531 73.5028610229492 73.6426849365234 73.6823043823242 72.5420913696289 72.5920791625977 73.3594207763672 73.4731750488281 74.1946792602539 74.4440841674805 74.4248199462891 74.6757278442383 74.3550186157227 74.2711639404297
73.059455871582 72.219123840332 72.8712997436523 73.308349609375 73.0110244750977 72.8794403076172 72.9174880981445 72.4748382568359 72.6356887817383 73.158073425293 72.8138809204102 72.3898544311523 71.8874130249023 71.4135665893555 71.1132659912109 71.0797958374023 70.3576507568359 70.1757736206055 71.1617050170898 71.8759155273438 72.5871887207031 72.8686141967773 72.5877990722656 72.1371536254883 71.0174179077148 71.7642974853516 72.7580718994141 73.3073348999023 72.8084487915039 72.5582580566406 72.9745712280273 72.4526824951172 71.4841613769531 71.1905746459961 70.590202331543 70.9211196899414 73.5175628662109 74.4067230224609 74.7932968139648 74.6446533203125 74.3591156005859 74.7906646728516 74.5930099487305 74.6953506469727 74.6951599121094 74.8744888305664 74.7089614868164 74.7984313964844 74.5794677734375 74.1034698486328
