rcp4.5models/CNRM_CM5/sc1gr8.12
NCOLS 261 
NROWS 433 
XLLCORNER 336357.134 
YLLCORNER 654653.479 
CELLSIZE 1000 
NODATA_value -3.4e+38 
[rows 110 to 131 of 433, columns 98 to 146 of 261]
49.7426605224609 50.4132347106934 50.6903419494629 52.4242668151855 53.1522941589355 53.7217636108398 54.4353141784668 55.0185737609863 56.4875221252441 57.0717430114746 57.797721862793 58.2773780822754 59.1153526306152 60.2041168212891 61.722843170166 62.6778755187988 64.1757659912109 64.9450454711914 66.0292587280273 67.3338241577148 68.3721160888672 69.0056304931641 70.3170394897461 71.4322967529297 72.3250579833984 73.4928207397461 75.8382186889648 77.3612213134766 78.4722137451172 80.2792510986328 81.300407409668 82.9033889770508 84.3936386108398 85.6528167724609 87.1283111572266 88.5566101074219 89.6875686645508 92.3020935058594 93.2865371704102 94.1537704467773 95.1216659545898 95.3079681396484 95.3467025756836 95.3008575439453 95.3343734741211 95.6480941772461 95.4432678222656 95.4567413330078 95.3022308349609
50.1960411071777 51.3358459472656 51.6138229370117 52.8132400512695 53.5225372314453 53.9721221923828 54.7086448669434 55.4141693115234 56.8625068664551 57.3335227966309 58.0831985473633 58.7604522705078 60.0439529418945 61.0605430603027 62.2169151306152 63.5111656188965 64.5392227172852 65.0827484130859 66.2119140625 67.9043960571289 68.6905364990234 69.4889526367188 71.0128631591797 71.8537216186523 72.8664779663086 74.3912658691406 76.6641159057617 77.7918319702148 78.8821563720703 80.6830291748047 82.0129623413086 83.5906066894531 84.9243392944336 86.7244415283203 87.8902053833008 89.7058563232422 90.5986328125 93.5130844116211 94.9273376464844 95.5844650268555 95.8395767211914 96.1931228637695 96.6465225219727 96.3421325683594 96.2841567993164 96.6545181274414 96.466682434082 96.2910079956055 95.7218170166016
50.4757919311523 51.9444236755371 52.4559020996094 53.3783302307129 53.7933578491211 54.3671264648438 55.1617584228516 56.1215209960938 57.145580291748 57.7342224121094 58.5221176147461 59.3926048278809 60.5972137451172 61.3592796325684 62.5578842163086 -3.4e+38 64.8498077392578 65.5650863647461 66.8946304321289 68.1533050537109 69.1837158203125 70.2014999389648 71.3185501098633 72.261962890625 73.581169128418 74.7058715820312 77.2586212158203 78.1922378540039 79.519157409668 81.0988006591797 82.3465042114258 83.9504623413086 85.347053527832 87.1497192382812 88.5530395507812 90.3161315917969 91.5461883544922 94.8883895874023 96.0218734741211 96.8107147216797 97.2254104614258 97.2783126831055 97.4308547973633 97.3518676757812 97.1740036010742 97.0769119262695 97.0264358520508 96.7672729492188 96.1225051879883
51.3125495910645 52.1249923706055 52.5285835266113 53.4551620483398 54.0270233154297 54.8194541931152 55.7429237365723 56.6041984558105 57.3288383483887 57.8040580749512 58.5945701599121 59.5223770141602 60.9459114074707 61.443531036377 62.9725379943848 64.490608215332 65.2445983886719 65.922477722168 67.4447402954102 68.3416061401367 69.5759124755859 70.903434753418 71.7461471557617 72.7602615356445 74.2879409790039 75.1393203735352 77.6958389282227 78.7140808105469 80.2415542602539 81.3772201538086 82.5089645385742 84.37451171875 85.7156372070312 87.5783996582031 88.8433074951172 90.6237258911133 92.4800109863281 -3.4e+38 -3.4e+38 -3.4e+38 -3.4e+38 98.1072387695312 97.9626770019531 98.0474166870117 97.738151550293 97.4870376586914 97.223876953125 96.7905731201172 96.5833969116211
51.6535339355469 52.27685546875 52.7895050048828 53.7676811218262 54.481273651123 55.0287017822266 56.3370361328125 57.0594825744629 57.4947547912598 58.085994720459 58.9608879089355 60.207218170166 61.0478439331055 61.6900520324707 63.6306457519531 65.0856552124023 65.5633010864258 66.3461303710938 67.8694000244141 68.6995315551758 69.6858596801758 71.2143173217773 72.060188293457 73.0782852172852 74.6081085205078 75.4625244140625 78.02490234375 79.0666427612305 80.6739501953125 81.9338531494141 83.2400360107422 84.3777313232422 85.8646240234375 87.870002746582 89.0229721069336 91.0825576782227 -3.4e+38 -3.4e+38 -3.4e+38 -3.4e+38 -3.4e+38 98.4652557373047 98.4115524291992 98.1217498779297 98.10009765625 97.9575347900391 97.411994934082 97.1313934326172 96.9086608886719
51.9328956604004 52.3667182922363 53.127498626709 54.7051734924316 55.727855682373 56.4660873413086 57.2116851806641 57.800220489502 58.5303535461426 59.0961418151855 60.3455276489258 61.2274627685547 61.9706230163574 62.4743118286133 64.8861923217773 65.810791015625 66.4921035766602 67.973030090332 68.5392456054688 69.2426147460938 70.8434295654297 71.9673690795898 72.8688507080078 73.9934387207031 75.124382019043 76.0820083618164 78.3100051879883 79.905158996582 81.7585754394531 82.8168106079102 84.313102722168 85.0651473999023 86.1321258544922 87.6658706665039 88.767936706543 90.725456237793 93.0680923461914 95.4936676025391 96.7366485595703 97.497673034668 97.9372406005859 98.358512878418 98.4728469848633 98.3091430664062 98.2594604492188 98.088752746582 97.91162109375 97.7737426757812 97.2995529174805
52.2071228027344 52.7727394104004 53.482837677002 54.825611114502 56.2964401245117 56.8796691894531 57.6625442504883 58.3916969299316 58.8337249755859 59.5705337524414 61.0841255187988 61.8263893127441 62.2867660522461 62.9900131225586 65.0798568725586 66.1392517089844 66.8584747314453 68.084846496582 68.8764724731445 69.7470245361328 71.4874877929688 72.0407333374023 73.0635833740234 74.5976409912109 75.4567108154297 76.4415664672852 78.9408874511719 80.3138275146484 81.8485488891602 82.9094848632812 84.4418487548828 85.3176422119141 86.4731750488281 88.2466354370117 89.1992492675781 90.9307250976562 92.6325607299805 94.9811401367188 96.2141647338867 96.9283905029297 97.2450637817383 97.8410873413086 98.3339157104492 98.2415084838867 98.2005233764648 97.9469223022461 97.7797546386719 97.6123046875 97.0350952148438
52.5945739746094 53.0333557128906 53.7671699523926 55.6368370056152 56.3739433288574 57.1558837890625 57.9422950744629 58.6650199890137 59.1805877685547 60.408275604248 61.1778678894043 61.9784355163574 62.7567405700684 63.6560096740723 65.447639465332 66.3423156738281 67.610221862793 68.4539108276367 68.9942398071289 70.069694519043 71.8348236083984 72.412712097168 -3.4e+38 74.6778869628906 75.5391845703125 76.6248474121094 79.2698593139648 80.1164627075195 81.9413223266602 83.0049896240234 84.5385055541992 85.4162216186523 86.5502166748047 88.2815017700195 89.3608703613281 90.9736557006836 92.362663269043 94.5395584106445 95.1122360229492 95.8594741821289 97.0337371826172 97.3707656860352 97.6201324462891 97.7723846435547 98.1428909301758 97.7146987915039 97.6811370849609 97.6961364746094 97.0406112670898
52.8762435913086 53.3934211730957 53.9160461425781 56.2088432312012 56.7927856445312 57.5767555236816 58.3344650268555 58.8830223083496 59.3999557495117 60.8748474121094 61.4803123474121 62.2470703125 62.9830665588379 64.409065246582 65.7814407348633 66.7759170532227 68.0027084350586 68.7961273193359 69.4068069458008 70.3130874633789 71.9615707397461 72.6930465698242 73.2239837646484 74.7606658935547 75.6683883666992 76.9121627807617 79.0147399902344 79.9270095825195 81.6668319702148 82.7333145141602 84.26806640625 85.2325210571289 86.5935668945312 88.123046875 89.2040176391602 90.7926559448242 91.9625015258789 94.1574401855469 94.4306716918945 95.2140808105469 96.7556762695312 96.9427337646484 96.9823532104492 97.1280975341797 97.6222610473633 97.8011169433594 97.8409652709961 97.8347549438477 97.1747741699219
52.9468231201172 53.6280174255371 53.928882598877 56.2897186279297 57.072811126709 57.8603744506836 58.6019401550293 59.175724029541 60.2668800354004 61.3464088439941 62.0903091430664 62.550853729248 63.3074378967285 64.7954711914062 65.8959274291992 67.1171188354492 68.3774108886719 68.9180145263672 69.7114334106445 70.5045166015625 72.0417327880859 72.7745513916016 73.3079071044922 74.8895111083984 75.9540786743164 77.1193008422852 78.9044647216797 79.9655990600586 81.5031661987305 82.4606399536133 83.7251510620117 85.0481338500977 86.3298187255859 87.8604736328125 88.8274688720703 90.0980453491211 91.3526306152344 93.8004379272461 94.1577606201172 94.9421539306641 95.8723449707031 96.4636688232422 96.646369934082 96.6809692382812 96.8243713378906 97.2571868896484 97.4086532592773 97.6704254150391 97.0094223022461
52.9880714416504 53.7246932983398 54.3247337341309 56.3381843566895 57.1236305236816 57.9135704040527 58.6571197509766 59.3263282775879 60.8416213989258 61.647647857666 62.4173393249512 62.9673538208008 63.6416549682617 65.1711807250977 66.2729263305664 -3.4e+38 68.6542053222656 69.0346221923828 70.0539398193359 70.9915771484375 72.1242980957031 72.8585052490234 73.4372711181641 75.1742782592773 76.1599426269531 77.1334762573242 78.9994049072266 80.0635223388672 81.6024169921875 82.4834213256836 83.5579986572266 85.0928802490234 86.1731948852539 87.7041931152344 88.5883026123047 89.6756744384766 91.1087417602539 93.0036087036133 93.9540481567383 94.5134811401367 95.1320877075195 95.5813140869141 96.1668853759766 96.3451080322266 96.3745727539062 96.418701171875 96.6165924072266 96.7844467163086 97.1473617553711
53.1936836242676 53.802921295166 54.6714744567871 56.7072715759277 57.1763496398926 57.9686889648438 58.7457237243652 59.5506591796875 60.9042015075684 61.712718963623 62.5258827209473 63.3605003356934 64.3435974121094 65.4434356689453 66.7134857177734 67.3155899047852 68.7321090698242 69.1410217285156 70.3137283325195 71.349479675293 72.2092742919922 72.9449081420898 73.556037902832 75.3795471191406 76.2525482177734 77.1734008789062 79.0970230102539 80.1641540527344 81.753059387207 82.8051681518555 83.7983551025391 85.0484161376953 86.017707824707 87.2916488647461 88.5531921386719 89.5260620117188 90.2876510620117 92.1598281860352 93.2702331542969 94.0333709716797 94.7031402587891 94.8390426635742 95.2853775024414 95.8651123046875 95.975227355957 95.890251159668 96.0544052124023 96.0679092407227 97.2878112792969
53.3636474609375 54.0903739929199 55.2068672180176 56.9570121765137 57.2309722900391 58.0257301330566 58.9099960327148 60.1840438842773 61.1642799377441 61.97607421875 62.7274932861328 63.3671798706055 64.7325668334961 65.2099761962891 66.9941101074219 67.8085708618164 68.8512268066406 69.3876037597656 70.3979034423828 71.4343185424805 72.2966690063477 73.0763397216797 73.8132705688477 75.4722747802734 76.2685546875 76.9770278930664 79.244499206543 80.289909362793 81.3031005859375 82.6931457519531 83.7147827148438 85.0491027832031 85.9384536743164 86.9396743774414 88.0984344482422 88.7046203613281 89.4739532470703 91.7175521850586 92.4806671142578 93.5094985961914 94.2234268188477 94.4088287353516 94.5410614013672 95.0834121704102 95.8831329345703 95.9061050415039 -3.4e+38 -3.4e+38 96.6488494873047
53.4268188476562 54.3147583007812 55.7245979309082 57.0118064880371 57.2875061035156 58.0847053527832 59.026294708252 60.5448875427246 61.2918319702148 61.7942886352539 62.5723190307617 63.345703125 64.7623901367188 65.120231628418 66.8317108154297 68.1653137207031 68.9601669311523 69.5824508666992 70.4844055175781 71.5215148925781 72.3525009155273 73.0639343261719 74.0211715698242 75.4887161254883 76.0152130126953 76.8103942871094 79.1729202270508 80.1190643310547 80.9922409057617 82.5358428955078 83.4208679199219 84.4099197387695 85.6782608032227 86.5009155273438 87.0166931152344 87.5372695922852 88.9759063720703 91.3747787475586 92.0041809082031 92.6246032714844 93.6989898681641 93.9284896850586 94.1095123291016 94.4112396240234 95.3285598754883 95.6166305541992 95.247444152832 -3.4e+38 -3.4e+38
53.5538291931152 54.834846496582 55.8944778442383 56.9406242370605 57.5381507873535 58.3069000244141 59.0281410217285 60.2322807312012 61.0046043395996 61.621208190918 62.4430465698242 63.3889656066895 64.7269897460938 65.3843841552734 66.7106857299805 68.2151565551758 68.9047164916992 69.5949859619141 70.2715759277344 71.6525726318359 72.5851669311523 73.0656814575195 74.0388870239258 75.2344055175781 75.9538497924805 76.9531707763672 79.1306838989258 80.0197448730469 81.0162582397461 82.2709121704102 83.1014938354492 83.8974838256836 85.1493835449219 85.8882064819336 86.2239837646484 87.1155471801758 88.7110824584961 90.8913879394531 91.5719375610352 91.8805618286133 92.8157806396484 93.402458190918 93.7274780273438 94.1904373168945 94.4099731445312 94.7145767211914 -3.4e+38 95.3717956542969 -3.4e+38
53.6530685424805 55.1625061035156 55.8903465270996 56.9194488525391 57.7187690734863 58.5026512145996 59.2471771240234 60.2516250610352 61.0672798156738 61.8877334594727 62.7129783630371 63.6064033508301 64.731575012207 65.5708160400391 66.9950180053711 68.4402542114258 68.8968048095703 69.6327590942383 70.1985702514648 71.8605346679688 72.4912414550781 73.1608505249023 74.0823822021484 75.1720275878906 76.1707229614258 76.8198623657227 79.153190612793 79.7518539428711 80.7758331298828 82.0285720825195 82.6327743530273 83.5470428466797 84.5326538085938 85.4488372802734 86.0451583862305 86.8602905273438 88.3898315429688 90.0023040771484 91.0887985229492 91.4477844238281 92.1308059692383 92.6906661987305 93.2739868164062 93.9300689697266 93.9570846557617 94.0000991821289 94.2614898681641 94.6671752929688 95.4976959228516
53.7616958618164 55.2729835510254 -3.4e+38 -3.4e+38 57.8449516296387 58.5899810791016 59.1894683837891 60.5128059387207 61.3348579406738 62.0942230224609 62.568359375 63.3917579650879 65.0184173583984 65.5317764282227 67.181037902832 68.2525253295898 69.2026824951172 69.7414932250977 70.611686706543 71.8072052001953 72.3997268676758 72.9682235717773 73.8392486572266 74.883918762207 75.9329299926758 76.7411193847656 78.390754699707 79.5428085327148 80.414680480957 81.3328704833984 82.4392929077148 82.8422088623047 83.7623291015625 84.7514419555664 85.7351455688477 86.4739990234375 87.0898971557617 88.6948394775391 89.4535064697266 90.0786590576172 91.1543960571289 91.3832397460938 91.7379150390625 92.3486633300781 92.7892761230469 93.2404251098633 93.2536544799805 93.811408996582 94.4403076171875
54.0070724487305 -3.4e+38 -3.4e+38 57.2948570251465 58.1023101806641 58.8968925476074 59.6823921203613 60.7778205871582 61.5358810424805 62.0074806213379 62.731819152832 64.076530456543 65.18408203125 65.5180587768555 67.0015869140625 68.4561080932617 69.0751037597656 69.6631851196289 70.3524475097656 71.6620559692383 72.3491439819336 73.0556564331055 73.9752883911133 74.6914138793945 75.9566345214844 76.5414276123047 78.0760192871094 79.4531631469727 80.0611724853516 80.8940505981445 81.6193237304688 82.6881790161133 83.4995346069336 84.2512283325195 85.490478515625 86.0372314453125 86.7235488891602 88.3327560424805 89.0167465209961 89.3891220092773 90.4397277832031 90.8536682128906 91.2548828125 91.9138107299805 92.0381240844727 92.4262466430664 92.9717254638672 93.48388671875 93.7372131347656
54.1809234619141 -3.4e+38 56.3939819335938 57.4796676635742 58.3784255981445 59.5771865844727 60.1511154174805 60.9082374572754 61.3776435852051 62.0078582763672 62.9072532653809 64.0500640869141 64.9569702148438 65.6414566040039 67.0739212036133 68.6056671142578 68.9620513916016 69.7060089111328 70.1826629638672 71.5000076293945 72.3841018676758 73.1908798217773 73.7241744995117 74.5085983276367 75.7551803588867 76.5561981201172 78.0125350952148 79.2123565673828 79.8185272216797 80.3662872314453 81.1702346801758 82.4286956787109 83.1757659912109 83.6685256958008 84.8001098632812 85.5747909545898 86.3123321533203 87.7243118286133 88.5300140380859 88.9363784790039 89.7063217163086 90.1393661499023 90.724250793457 91.4308319091797 91.5373153686523 91.5504302978516 92.2888031005859 93.1231536865234 93.3378372192383
54.6880722045898 -3.4e+38 56.4570198059082 57.5469932556152 58.504825592041 59.9228172302246 60.2239685058594 60.9394454956055 61.250732421875 62.0866508483887 62.8570365905762 63.5375747680664 65.0342864990234 65.8414993286133 67.1002044677734 67.9857559204102 69.02099609375 69.7004318237305 70.3233184814453 71.13623046875 72.4061813354492 72.9383316040039 73.5401077270508 74.1983261108398 75.3812103271484 76.4267044067383 77.6597671508789 78.6522521972656 79.5799713134766 80.1867828369141 80.8714599609375 82.0313186645508 82.9540939331055 83.5584716796875 84.102424621582 84.9010391235352 86.0052108764648 87.1809463500977 87.6403198242188 88.4050140380859 89.1264953613281 89.4049606323242 90.0111236572266 90.8992767333984 91.0690536499023 91.0891647338867 91.4122314453125 92.4427947998047 92.9529037475586
55.022705078125 55.7589111328125 56.1984748840332 57.6163215637207 58.5119132995605 59.6768188476562 60.3327293395996 61.2086181640625 61.5224990844727 62.2915344238281 62.8698196411133 64.0180282592773 65.1786880493164 65.6775894165039 66.7673873901367 67.56396484375 68.9474411010742 69.6511688232422 70.1760101318359 70.9512252807617 72.1521072387695 72.7980346679688 73.4974517822266 74.1346588134766 74.9781875610352 76.244758605957 77.3995056152344 78.1423645019531 79.4003219604492 79.9116058349609 80.52099609375 81.5958938598633 82.6465682983398 83.3956985473633 83.7378387451172 84.4300003051758 85.2748031616211 86.7402572631836 86.9454803466797 87.6855087280273 88.5941848754883 88.8227233886719 89.2765731811523 90.0578155517578 90.236083984375 90.8535461425781 91.2230529785156 91.5657119750977 92.7405166625977
55.2734832763672 55.9729995727539 56.2530555725098 57.8117218017578 58.4142456054688 59.739860534668 60.5211868286133 61.0940055847168 61.728157043457 62.4541854858398 62.9397239685059 64.4106979370117 64.9064712524414 65.4868011474609 66.77734375 67.4886703491211 68.9466094970703 69.697265625 70.0692825317383 71.04345703125 72.1722183227539 72.739387512207 73.4587020874023 74.0010986328125 74.796760559082 76.000602722168 77.2350234985352 77.6044921875 78.9122695922852 79.6667861938477 80.3960952758789 81.0354385375977 82.0321350097656 82.860725402832 83.2722549438477 84.0172500610352 84.3516387939453 86.2499237060547 86.4878921508789 86.946907043457 87.8760299682617 88.2882385253906 88.6927871704102 89.3552093505859 89.4792556762695 90.1011352539062 91.0909423828125 91.1000442504883 92.1068267822266
