rcp4.5models/CNRM_CM5/sc1gr0.0
NCOLS 261 
NROWS 433 
XLLCORNER 336357.134 
YLLCORNER 654653.479 
CELLSIZE 1000 
NODATA_value -9999 
[rows 396 to 417 of 433, columns 150 to 199 of 261]
66.8874304241403 67.0599485909221 67.008084010956 66.8612327350185 66.8040256465424 66.7205506065972 66.6223693423953 66.5269141995691 66.5105264721984 66.5650332746413 66.5750939249911 66.4886673084932 66.5535361970565 66.71747960835 66.6913547357188 66.4520627126682 66.3049792894173 66.3133356568686 66.3373997675583 66.4654269281492 66.5482714323808 66.4564142270656 66.3168751818563 66.1340705248249 -9999 -9999 65.9426199679676 65.9009197487993 -9999 -9999 65.6946067937075 65.8383387605955 65.9204677892484 65.9522862529619 66.0554991835529 65.983581736539 65.8577891496808 65.8253689176521 65.8967721303337 65.7690825225688 65.7974512534335 65.7575625320316 -9999 65.5195716688637 65.483534644151 65.4650629171616 65.3308291506129 65.3854588836782 65.5018667274211 65.4699529462165
66.5478661101853 66.6079111826466 66.6609194981457 66.5983195509806 66.4934446901287 66.4474397697234 66.2933832334953 66.1719242516805 66.2493288132735 66.222403609538 66.301904117152 66.3252081797664 66.2983275432732 66.3793960878036 66.3469549284525 66.1463730002443 66.046568582209 65.9981968313051 66.0384075089586 66.004911726598 66.1554667822569 66.2643105851241 66.2837120633939 65.8851035458369 65.8699272042881 -9999 -9999 65.6510790642709 -9999 -9999 65.4156907183797 65.6110807776179 65.6725520767377 65.7159942899524 65.7552191242068 65.6584271428742 65.5139008329917 65.5845294830529 65.6160954188634 65.5511319202318 65.5914115821159 65.5628491339377 -9999 -9999 65.2145368901317 65.1827555272636 65.1040313148303 65.1081664370149 65.1506708567765 65.1298076682207
66.3448877078706 66.3026692811535 66.2926313118921 66.3486275202635 66.3373862451012 66.1593411641893 65.9364682536532 65.8321962147486 66.058333256871 65.946475512719 65.9487625696927 66.0146105191619 65.9665345991012 66.0452826206803 65.991058052635 65.8346408706916 65.7184133341098 65.6943922565319 65.7620028859786 65.7015215017146 65.9621951080536 66.1681701061939 66.2678366193472 65.7818857812288 65.7007841897573 65.6509194981665 65.4886209787501 65.4457043732361 65.2015582098678 65.2038987271424 65.1513509052766 65.2479882236405 65.3379269915921 65.2666149274975 65.3317400624675 65.4297638980414 65.1928845379459 65.3989519252316 65.3140551653883 65.3440681482799 65.2394212116256 -9999 65.2662143559853 65.0746283861244 -9999 65.0247797016486 65.0022467793748 64.9382083808591 64.8677537906673 64.9038139589168
66.0355248048462 66.0158056708714 65.9072311964085 65.9605078068256 66.0863463249209 65.9005398986008 65.7339993981924 65.6632901514609 65.7487677890097 65.6887642545429 65.6294370291659 65.6278435636445 65.6543125550101 65.7486366012432 65.7285553485237 65.4760352231697 65.3594031351894 65.3694586266566 65.4062414007128 65.5235633019626 65.71633611649 65.9142184608259 66.0341956678573 65.7646573064631 65.5166670596198 65.4090851182422 65.3461025716114 65.1977873425631 64.9759361871376 64.9902147945923 65.0446503497048 65.0765744527706 65.0550219166761 64.9227307817972 64.9551883159373 64.9851420549893 64.7976936944789 65.0154412503828 65.0437660300328 65.0941810769769 65.0756412667423 -9999 65.1006112366858 64.9395853906663 64.8716187465102 64.8911540196375 64.8594899601112 64.7537060610268 64.6767517658979 64.7856012166731
65.7519979122584 65.696393981932 65.5426095746907 65.6238352297805 65.6766052167034 65.6898787273439 65.6840319177073 65.5718485302313 65.4303174849061 65.3752541499446 65.3869507054646 -9999 -9999 65.3202685839053 65.3918868010539 65.1484317767341 65.0319520770576 64.9833273163752 65.0576330442453 65.3549771854815 65.4182007175705 65.5055994774481 65.6343865418376 65.5337983656897 65.3522399798056 65.2487559756489 65.1192919714441 64.9725221530861 64.8353630522113 64.8087400966684 64.8162911080487 64.7423248376435 64.7828734592432 64.5304505053205 64.6114289744492 64.5990296624379 64.6074951078902 64.7011927158699 64.8054487861341 64.7727723332962 64.724522735191 64.5179025905632 64.8156396389092 64.8289104419119 64.6964318616023 64.7241650961131 64.7250989942584 64.6374584761927 64.5998750133249 64.6274964857262
65.5464652791027 65.4840418849386 65.392327528774 65.4202024258867 65.4049208687868 65.4511891424673 65.4666343167574 65.2788289536083 65.2151814544595 65.1421276934951 65.1125492400049 -9999 -9999 -9999 65.0018607423761 64.8714678934144 64.824317310612 64.765253665874 64.8225205615337 65.0926935163406 65.1332226320983 65.0616484216129 65.0428560528977 65.1960372038712 65.1710523107441 65.0850280937575 64.8101546264905 64.7550837838214 64.5898033420773 64.4238454076378 64.366962296025 64.2839701732885 64.5243957749577 64.3471937995706 64.3299412336146 64.3817686616351 64.4138013288427 64.505519405832 64.4732304042882 64.5154560731445 64.2529891865775 64.194846785597 64.5242133208434 64.5889127173005 64.510795861339 64.5348670597966 64.5883296542764 64.3466474869343 64.3325598545641 64.3357657008743
65.236230370481 65.2239488468063 65.2181121451898 65.1635940042057 65.1170002686934 65.169857945899 65.2292209659857 64.9507712593939 64.9703911457592 64.9132384496467 -9999 -9999 -9999 64.7336814271842 64.7988433633552 64.7095217601662 64.7048199924101 64.6850037492552 64.7153419279524 64.7421711513741 64.7882487550059 64.761718920207 64.6800381833011 64.9203108063835 64.9178657332886 64.7680279908626 64.5396704674453 64.4894502335318 64.4619957896029 64.319716069953 64.0588947419066 64.1231901585087 64.2489252451216 64.2368427948691 64.1326700698264 64.1222828155965 64.1826845326209 64.3084208406737 64.1183962427476 64.276917850493 -9999 63.9348886288777 64.2047497971163 64.2431264758189 64.2760151885488 64.2342152376182 64.2881838808954 64.0454054175929 -9999 -9999
64.9344312160069 64.8784338869659 64.8564613418967 64.8764999945399 64.8076935938662 64.8830609469425 64.9958439682622 64.7819357196151 64.6590532345434 64.6141008380186 64.5929537457535 64.4387060613231 64.3392461261703 64.4722221932853 64.5672404339336 64.507707961935 64.4868947923521 64.5145504450901 64.4002747031886 64.5004382213266 64.5695942105876 64.4514647662658 64.3036792734712 64.4800120201909 64.5351896642046 64.3949807524203 64.2438516099023 64.3339645488909 64.3208365216272 64.1112346555796 63.8745496212831 64.0084497778219 64.0586071364085 64.0272505327061 63.9558799977504 63.9345346388274 63.9575093469208 64.0916557273734 63.9830306195675 64.0373153803373 -9999 -9999 -9999 63.9735225952627 -9999 -9999 -9999 -9999 -9999 -9999
64.7780456654814 64.6678723108589 64.5904087927245 64.6519651434765 64.4851326024497 64.563724494861 64.6207633783068 64.6223265511502 64.4391427501378 64.4217853312113 64.2997988748404 64.182822737784 64.148562785835 64.2304094013241 64.2952027589766 64.2903459632809 64.2685998236747 64.2565782618018 64.036157065021 64.2690258311552 64.1943474553203 64.1268427036165 64.0344753258147 64.0220277537833 64.1084492325836 64.0647612086091 64.1471052990568 64.1853813514715 64.0251802608884 63.8856884638543 63.7361990002246 63.7515331308777 63.8146594143221 -9999 -9999 -9999 63.7776173798227 -9999 63.7587555275422 -9999 -9999 -9999 -9999 -9999 -9999 -9999 -9999 -9999 -9999 -9999
64.4573593500954 64.3892122400264 64.2919093891351 64.3203463097284 64.2276685115347 64.3192911189744 64.3589510685605 64.3552883212711 64.2845972610213 64.2738001161025 63.9941292285317 63.9904702837184 63.9886931803941 63.970413543826 63.9806162737754 64.0725082290317 64.0690396215483 64.0078740294821 63.9486474994146 63.8271401995822 63.7694497189989 63.8654448078767 63.8510819659973 63.801521283299 63.8513447186814 63.7696635560406 63.9307974547369 63.809872975831 63.6352256132121 63.7138347504507 63.5508708078093 63.454739004548 63.3273348488763 -9999 -9999 -9999 63.6673578762156 63.6139168109323 63.4966395083458 -9999 -9999 -9999 -9999 -9999 -9999 -9999 -9999 -9999 -9999 -9999
64.2599802456986 64.0490910863876 63.9884773537921 63.821305997055 63.6803486287638 63.6698309299725 63.7040135056964 63.6490589098278 63.8929607839478 63.8855156065379 63.7164154721834 63.5326940041264 63.3886614395462 63.4821571758094 63.6062400976169 63.4602336954746 63.4930664380752 63.5492527024976 63.4090815454556 63.2692100195306 63.3892913823391 63.1673924248986 63.0999179619998 63.1882559668118 63.2094455632477 63.1135678748698 63.2182699446244 63.1253337782033 63.1279434839975 63.1362098106351 62.9117399415797 63.0491481110395 63.1263901506113 -9999 -9999 -9999 -9999 -9999 -9999 -9999 -9999 -9999 -9999 -9999 -9999 -9999 -9999 -9999 -9999 -9999
63.9011806329651 63.9048803165348 63.7829685040387 63.6213211847626 63.57391340761 63.4928819098933 63.4177636325209 63.312011861518 63.5540315487674 63.5909787197914 63.4727203723697 63.2754184799474 63.1880373990567 63.1568131288105 63.1822832280836 63.1849413323973 63.3069956739475 63.2211437681089 63.0746237535199 63.0568428484885 63.1658254902593 63.0839520842075 62.9266611588086 62.9665944979173 62.9535343089928 63.0013155817096 62.9153088762516 62.6959201847782 62.6878266464785 62.7031577458113 62.7728388592754 -9999 62.9486706265686 -9999 -9999 -9999 -9999 -9999 -9999 -9999 -9999 -9999 -9999 -9999 -9999 -9999 -9999 -9999 -9999 -9999
63.377986499064 63.5840262963163 63.5800583723133 63.589609881188 63.5522819594901 63.3549205580588 63.1631757002947 63.1311292612997 63.3057542233733 63.2888409445318 63.2161190058048 63.0990174243304 63.0114984068844 62.9371022990015 62.9174425115814 62.9564565141161 63.0083277718973 63.0163756447386 62.8988903622872 62.7330541845479 62.8349321871713 62.9025793190669 62.8063299911174 62.7515675662426 62.6764288513106 62.7422282604565 62.576504627925 62.4778536767152 62.4686723283953 62.4700904142128 62.8222251220765 62.9567872260029 -9999 -9999 -9999 -9999 -9999 -9999 -9999 -9999 -9999 -9999 -9999 -9999 -9999 -9999 -9999 -9999 -9999 -9999
63.0528460103465 63.2839192690695 63.3127545889264 63.3499076198858 63.2916860546436 63.0845517658667 62.8438236354105 62.9536545989751 63.0534859666603 63.0340753161214 63.0277066359273 63.0080433299001 62.8666549347744 62.8336099039775 62.800678659398 62.7961991133355 62.718909825738 62.8126813928481 62.7933455888788 62.4711760614464 62.5480340539227 62.6159993719976 62.6244777454098 62.5380387830554 62.3883835076291 62.2863340307263 62.2021290109871 62.2098989897939 62.2524984389308 -9999 -9999 -9999 -9999 -9999 -9999 -9999 -9999 -9999 -9999 -9999 -9999 -9999 -9999 -9999 -9999 -9999 -9999 -9999 -9999 -9999
62.9103432716411 62.9902886328541 62.9724775679435 62.9274702531409 62.881112626023 62.7751726575667 62.6209321943197 62.6077864767185 62.6846696563663 62.7217156252773 62.802109945704 62.8501410904827 62.6919902563037 62.5926976252646 62.5719711844041 62.5824700759683 62.5074448123781 62.4716624398044 62.5914905796946 62.3102107674326 62.4018325645899 62.3841478781738 62.2692970720174 62.1677494905175 62.0702280636866 62.0355907709152 62.012154005138 -9999 -9999 -9999 -9999 -9999 -9999 -9999 -9999 -9999 -9999 -9999 -9999 -9999 -9999 -9999 -9999 -9999 -9999 -9999 -9999 -9999 -9999 -9999
62.7113035072134 62.7158308853875 62.6714673421062 62.6568916662619 62.6651704116734 62.5761814419389 62.4094174228687 62.3125872367333 62.4001066549863 62.450337345815 62.5024208958848 62.6350736859713 62.5730567587229 62.3596820088105 62.3691818239162 62.3486450287192 62.2791704625262 62.1154728962229 62.247752957448 62.1662262501319 62.1963802547792 62.2597143107956 62.0383322511357 61.9306811394031 -9999 -9999 -9999 -9999 -9999 -9999 -9999 -9999 -9999 -9999 -9999 -9999 -9999 -9999 -9999 -9999 -9999 -9999 -9999 -9999 -9999 -9999 -9999 -9999 -9999 -9999
62.4087440863504 62.5607363297107 62.5260658513918 62.4270126586527 62.361118536317 62.2780991703483 62.0706036364991 62.0240902476723 62.2651000901435 62.2874192778762 62.2724406514931 62.3526564802148 62.3207458265962 62.2284257350925 62.1951612888057 -9999 62.1488546119637 61.8976006616878 61.9901857254923 -9999 -9999 -9999 -9999 -9999 -9999 -9999 -9999 -9999 -9999 -9999 -9999 -9999 -9999 -9999 -9999 -9999 -9999 -9999 -9999 -9999 -9999 -9999 -9999 -9999 -9999 -9999 -9999 -9999 -9999 -9999
62.0731283534629 62.2718839465282 62.3443947329069 62.2908206778084 62.1623461769914 61.9781463797327 61.8177599761343 61.8370511946471 -9999 62.1174985766975 -9999 62.0522111143579 62.0588990254521 -9999 -9999 -9999 -9999 -9999 -9999 -9999 -9999 -9999 -9999 -9999 -9999 -9999 -9999 -9999 -9999 -9999 -9999 -9999 -9999 -9999 -9999 -9999 -9999 -9999 -9999 -9999 -9999 -9999 -9999 -9999 -9999 -9999 -9999 -9999 -9999 -9999
61.7990344870753 61.9730499370774 62.0501245545898 62.0344499152972 62.0014822452061 61.871500605594 61.6690972727891 -9999 61.8805109090188 -9999 -9999 61.9327284471074 -9999 -9999 -9999 -9999 -9999 -9999 -9999 -9999 -9999 -9999 -9999 -9999 -9999 -9999 -9999 -9999 -9999 -9999 -9999 -9999 -9999 -9999 -9999 -9999 -9999 -9999 -9999 -9999 -9999 -9999 -9999 -9999 -9999 -9999 -9999 -9999 -9999 -9999
61.5937146106697 61.6692001208298 61.7619832724353 61.6882256408831 -9999 61.7365718759539 -9999 -9999 -9999 -9999 -9999 -9999 -9999 -9999 -9999 -9999 -9999 -9999 -9999 -9999 -9999 -9999 -9999 -9999 -9999 -9999 -9999 -9999 -9999 -9999 -9999 -9999 -9999 -9999 -9999 -9999 -9999 -9999 -9999 -9999 -9999 -9999 -9999 -9999 -9999 -9999 -9999 -9999 -9999 -9999
61.3888239228372 61.4104250065527 61.5689884445138 61.5860623693673 61.5296059763866 -9999 -9999 -9999 -9999 -9999 -9999 -9999 -9999 -9999 -9999 -9999 -9999 -9999 -9999 -9999 -9999 -9999 -9999 -9999 -9999 -9999 -9999 -9999 -9999 -9999 -9999 -9999 -9999 -9999 -9999 -9999 -9999 -9999 -9999 -9999 -9999 -9999 -9999 -9999 -9999 -9999 -9999 -9999 -9999 -9999
61.1945379022001 -9999 -9999 -9999 -9999 -9999 -9999 -9999 -9999 -9999 -9999 -9999 -9999 -9999 -9999 -9999 -9999 -9999 -9999 -9999 -9999 -9999 -9999 -9999 -9999 -9999 -9999 -9999 -9999 -9999 -9999 -9999 -9999 -9999 -9999 -9999 -9999 -9999 -9999 -9999 -9999 -9999 -9999 -9999 -9999 -9999 -9999 -9999 -9999 -9999
