rcp4.5models/CNRM_CM5/sc1gr3.37
NCOLS 261 
NROWS 433 
XLLCORNER 336357.134 
YLLCORNER 654653.479 
CELLSIZE 1000 
NODATA_value -3.4e+38 
[rows 286 to 307 of 433, columns 196 to 244 of 261]
253.200302124023 253.509704589844 250.045257568359 248.723678588867 255.272933959961 256.790100097656 256.734802246094 253.801116943359 251.246505737305 243.564300537109 246.840362548828 239.610153198242 241.795562744141 252.848220825195 262.396240234375 262.812683105469 263.02734375 263.709075927734 -3.4e+38 260.526763916016 257.830810546875 262.492401123047 263.197265625 264.032501220703 264.733367919922 264.944061279297 264.624725341797 264.596832275391 264.757995605469 265.659423828125 265.828552246094 265.334442138672 265.851745605469 266.052856445312 266.239288330078 266.272644042969 266.245849609375 266.641235351562 266.683990478516 266.81005859375 266.769775390625 267.056396484375 267.340240478516 267.4638671875 267.294464111328 266.910491943359 266.880767822266 267.001312255859 -3.4e+38
254.541793823242 255.005950927734 253.997863769531 254.712707519531 255.997543334961 256.414733886719 256.890289306641 255.789947509766 251.685989379883 241.056686401367 240.370086669922 235.938186645508 239.432525634766 252.713958740234 262.283813476562 263.175689697266 263.606811523438 264.1787109375 -3.4e+38 261.015838623047 256.828918457031 262.063629150391 262.900268554688 263.897918701172 264.701843261719 264.96630859375 265.234832763672 265.526885986328 265.279266357422 265.579406738281 -3.4e+38 265.931854248047 266.187561035156 266.237335205078 266.321105957031 266.337219238281 266.497680664062 266.481658935547 266.333343505859 266.553833007812 266.678955078125 267.292938232422 267.612030029297 267.369781494141 266.919128417969 266.747100830078 267.060119628906 -3.4e+38 -3.4e+38
255.706314086914 255.312210083008 254.363540649414 254.753967285156 255.161148071289 256.487609863281 257.208435058594 256.937866210938 252.658248901367 241.930282592773 238.962600708008 236.77734375 238.375228881836 247.205139160156 261.980773925781 262.801361083984 263.573364257812 264.129058837891 -3.4e+38 260.718383789062 254.711135864258 261.591979980469 263.233428955078 263.825317382812 264.267150878906 264.662017822266 265.214202880859 265.856018066406 265.893890380859 265.542816162109 266.12255859375 266.369995117188 266.499237060547 266.536560058594 266.423278808594 266.281829833984 266.297058105469 266.053558349609 266.213104248047 266.386322021484 266.660491943359 267.311889648438 267.302703857422 267.172027587891 266.396240234375 266.217987060547 266.492584228516 267.012451171875 267.257965087891
255.739410400391 255.863357543945 255.341491699219 255.075256347656 254.647964477539 257.255310058594 257.533630371094 257.145446777344 255.188339233398 251.620254516602 247.285919189453 240.881072998047 239.338272094727 241.83447265625 262.319244384766 263.130950927734 263.314544677734 263.679901123047 264.234771728516 260.665985107422 255.714874267578 261.974517822266 -3.4e+38 -3.4e+38 263.857269287109 -3.4e+38 -3.4e+38 265.939331054688 266.163879394531 265.816192626953 266.319641113281 266.485595703125 266.534271240234 266.675994873047 266.659484863281 266.536407470703 266.183349609375 265.871856689453 266.278625488281 266.481079101562 266.702301025391 266.911956787109 266.861419677734 266.894653320312 266.377593994141 266.202239990234 266.248657226562 266.609619140625 266.791259765625
256.517852783203 256.929260253906 257.066925048828 254.406021118164 248.347244262695 251.485733032227 257.459777832031 257.745758056641 257.397338867188 257.71728515625 255.41325378418 252.33576965332 245.273330688477 238.337341308594 255.800537109375 263.626220703125 263.8974609375 264.265960693359 -3.4e+38 263.147338867188 260.473022460938 -3.4e+38 -3.4e+38 -3.4e+38 -3.4e+38 -3.4e+38 -3.4e+38 264.480590820312 264.643615722656 265.036315917969 265.803680419922 266.474670410156 266.484069824219 266.571960449219 265.950622558594 265.455413818359 265.266784667969 264.535980224609 265.503753662109 266.364135742188 266.108520507812 265.958435058594 266.336395263672 266.167053222656 265.565093994141 265.548309326172 266.055847167969 266.513336181641 266.582641601562
255.69270324707 256.124114990234 256.499572753906 255.932052612305 252.233764648438 252.348052978516 257.672546386719 258.118072509766 257.705810546875 258.706939697266 258.980865478516 257.675811767578 252.406951904297 247.559707641602 254.560363769531 264.259368896484 264.283874511719 264.79052734375 -3.4e+38 -3.4e+38 -3.4e+38 -3.4e+38 -3.4e+38 -3.4e+38 -3.4e+38 -3.4e+38 -3.4e+38 263.812744140625 263.664276123047 263.998870849609 265.683746337891 266.392700195312 266.099792480469 266.083892822266 265.453216552734 264.866729736328 264.779266357422 264.473175048828 265.363952636719 266.069183349609 265.577789306641 265.248443603516 265.381958007812 -3.4e+38 265.849243164062 266.102935791016 266.284332275391 266.715850830078 266.613586425781
254.22021484375 254.33366394043 254.521240234375 255.527542114258 256.961029052734 256.6669921875 257.718170166016 258.177886962891 258.784881591797 259.135192871094 259.654235839844 259.997192382812 260.517761230469 259.983673095703 259.951293945312 263.896209716797 264.043212890625 264.278564453125 264.337066650391 264.191192626953 264.696136474609 -3.4e+38 -3.4e+38 264.12451171875 -3.4e+38 -3.4e+38 -3.4e+38 263.952209472656 264.178771972656 264.380706787109 265.842315673828 266.321258544922 265.653839111328 265.395233154297 265.258148193359 264.527404785156 264.754180908203 265.139282226562 265.926361083984 -3.4e+38 265.250823974609 265.188201904297 265.560882568359 -3.4e+38 265.863922119141 266.255645751953 266.465026855469 266.796539306641 266.607879638672
254.089263916016 253.661514282227 253.452239990234 254.751907348633 257.090545654297 257.349517822266 257.731872558594 258.099731445312 259.103790283203 259.623809814453 260.296203613281 261.191833496094 262.368316650391 261.736022949219 261.038879394531 262.372894287109 263.015258789062 263.654357910156 264.331512451172 264.313171386719 -3.4e+38 -3.4e+38 -3.4e+38 -3.4e+38 -3.4e+38 -3.4e+38 264.099182128906 263.562255859375 264.178527832031 264.279602050781 266.292572021484 266.309814453125 265.432739257812 264.735626220703 264.380554199219 263.2734375 265.471008300781 265.741149902344 266.008056640625 265.6953125 265.061492919922 265.112030029297 265.678161621094 265.959899902344 265.765258789062 266.098052978516 266.424652099609 266.622741699219 266.521240234375
254.56755065918 253.229568481445 252.318939208984 254.345886230469 257.0234375 257.837554931641 257.827850341797 256.597717285156 256.237121582031 259.368865966797 260.768798828125 261.395812988281 261.811676025391 261.102600097656 260.468322753906 262.2119140625 263.165191650391 263.410797119141 264.083343505859 264.756500244141 -3.4e+38 -3.4e+38 -3.4e+38 -3.4e+38 -3.4e+38 -3.4e+38 263.637664794922 263.46826171875 264.425415039062 264.627258300781 266.382415771484 265.872436523438 265.378845214844 264.57373046875 263.972412109375 -3.4e+38 265.741912841797 265.692810058594 265.640899658203 265.230316162109 265.003173828125 264.994903564453 265.459106445312 265.899627685547 266.303070068359 266.42236328125 266.471893310547 266.553619384766 266.746887207031
255.697708129883 253.336837768555 249.736145019531 253.818374633789 257.261993408203 257.93896484375 257.798095703125 256.717437744141 256.381408691406 258.797729492188 260.219360351562 260.617950439453 260.294097900391 260.522064208984 260.092864990234 262.691711425781 263.114349365234 263.271087646484 263.697357177734 264.630889892578 -3.4e+38 -3.4e+38 -3.4e+38 -3.4e+38 -3.4e+38 263.325012207031 262.918548583984 263.396392822266 264.803192138672 265.535369873047 265.486938476562 265.251678466797 264.571807861328 264.282348632812 264.641204833984 -3.4e+38 265.34375 265.602386474609 265.134582519531 264.925140380859 265.042449951172 265.460815429688 265.987823486328 -3.4e+38 -3.4e+38 266.799591064453 266.798706054688 266.841461181641 267.297973632812
256.650817871094 255.470809936523 252.354461669922 255.820831298828 257.775817871094 257.803161621094 257.066070556641 257.910461425781 258.247192382812 259.062927246094 259.529205322266 258.541473388672 259.092376708984 258.779418945312 259.234680175781 261.723449707031 262.306640625 263.462951660156 264.32177734375 -3.4e+38 263.456298828125 263.514617919922 -3.4e+38 -3.4e+38 -3.4e+38 263.814239501953 262.789642333984 263.645843505859 264.916961669922 265.750610351562 265.004638671875 264.5283203125 263.782379150391 264.308319091797 -3.4e+38 -3.4e+38 264.927215576172 265.123382568359 265.024932861328 264.680145263672 264.983245849609 265.726745605469 -3.4e+38 266.480560302734 -3.4e+38 266.980102539062 266.997009277344 267.014739990234 267.533203125
257.164306640625 257.327484130859 256.632049560547 257.189208984375 257.918273925781 257.388610839844 256.497344970703 257.255187988281 257.775146484375 259.346923828125 259.224151611328 256.998443603516 259.637237548828 258.436828613281 257.618988037109 259.69384765625 262.201416015625 263.170471191406 264.720947265625 264.176788330078 262.880340576172 263.522216796875 -3.4e+38 263.857360839844 263.540985107422 263.104125976562 261.133697509766 260.833160400391 264.538757324219 265.792114257812 264.845275878906 264.263153076172 264.053771972656 263.998260498047 262.926055908203 264.133728027344 264.435455322266 264.669158935547 265.006134033203 264.812194824219 265.229553222656 265.452056884766 265.945220947266 -3.4e+38 -3.4e+38 266.567443847656 266.947296142578 267.029144287109 267.181671142578
257.042419433594 257.121734619141 257.017700195312 256.985931396484 257.933715820312 257.256774902344 256.421630859375 256.933532714844 258.176055908203 258.482757568359 256.814453125 258.124786376953 260.469665527344 258.170806884766 256.662902832031 259.742736816406 262.767456054688 263.304840087891 263.570281982422 263.284027099609 262.573974609375 262.918914794922 -3.4e+38 262.058715820312 261.004058837891 262.642181396484 261.700408935547 260.915222167969 264.179656982422 265.668395996094 264.652099609375 264.278747558594 264.3837890625 263.334106445312 262.1845703125 263.479888916016 263.713806152344 264.20166015625 264.420867919922 264.854858398438 265.104370117188 265.048706054688 265.590087890625 -3.4e+38 -3.4e+38 266.108917236328 266.633636474609 266.544647216797 266.906433105469
255.589248657227 256.200378417969 257.103729248047 257.355895996094 257.697143554688 257.059631347656 256.013977050781 257.556060791016 258.525329589844 255.608474731445 249.052307128906 256.023651123047 260.275085449219 257.843139648438 257.668090820312 261.080200195312 263.535491943359 264.256378173828 262.573089599609 261.464172363281 261.992248535156 262.03369140625 262.419311523438 258.496734619141 256.585693359375 262.588226318359 263.509490966797 263.421020507812 -3.4e+38 265.022857666016 263.719512939453 263.887054443359 263.873626708984 263.463226318359 263.1005859375 262.507476806641 260.957641601562 261.85693359375 264.095733642578 264.783172607422 264.654327392578 264.902008056641 265.520690917969 265.510650634766 265.820465087891 265.941101074219 266.239654541016 266.610321044922 267.042541503906
252.486633300781 255.998306274414 257.589416503906 257.479522705078 257.055450439453 256.707733154297 255.741729736328 257.418762207031 256.182769775391 250.472381591797 243.174362182617 252.345977783203 258.847839355469 260.952301025391 260.607788085938 262.535247802734 264.133850097656 263.703735351562 261.178436279297 255.981735229492 258.644744873047 261.93212890625 260.918151855469 254.201919555664 254.039642333984 262.30419921875 -3.4e+38 -3.4e+38 -3.4e+38 264.474334716797 263.197174072266 262.666076660156 261.322998046875 263.000579833984 262.550903320312 261.234588623047 257.946044921875 254.517974853516 260.640258789062 264.285980224609 264.221343994141 265.052429199219 265.540771484375 265.477905273438 265.472015380859 265.891448974609 266.401092529297 266.958923339844 267.119964599609
256.6845703125 256.607452392578 256.792510986328 255.933319091797 253.711044311523 252.723236083984 254.319229125977 257.223449707031 257.766296386719 256.105926513672 257.434112548828 259.071380615234 262.3408203125 263.245697021484 264.020599365234 263.663238525391 261.907623291016 261.041229248047 259.2333984375 250.739440917969 249.57421875 259.515777587891 257.657653808594 243.894836425781 243.065704345703 255.898361206055 -3.4e+38 -3.4e+38 263.868408203125 262.974273681641 262.561859130859 262.632965087891 262.58984375 262.482727050781 262.472045898438 261.993225097656 261.674530029297 260.265594482422 258.720275878906 264.532989501953 264.641815185547 265.576934814453 265.620391845703 265.862243652344 265.838287353516 265.696075439453 266.1806640625 265.213195800781 265.840087890625
256.725982666016 254.237075805664 252.499969482422 249.596633911133 249.901000976562 249.774139404297 252.964706420898 257.085754394531 261.132843017578 260.512329101562 259.204315185547 261.131713867188 262.861083984375 263.455596923828 263.945495605469 263.368286132812 261.838806152344 261.665222167969 260.398864746094 253.503036499023 249.464004516602 255.30322265625 255.343353271484 246.460708618164 240.111404418945 251.387405395508 -3.4e+38 264.515319824219 263.389282226562 262.553039550781 261.559356689453 261.478820800781 261.272552490234 261.562133789062 262.483001708984 262.76904296875 263.026092529297 261.879455566406 260.646301269531 265.110229492188 265.359436035156 265.5224609375 265.444946289062 265.425872802734 265.75927734375 265.675109863281 263.516479492188 263.693023681641 266.023101806641
255.974731445312 253.997787475586 249.667678833008 246.455337524414 248.385223388672 248.73779296875 251.316421508789 256.709625244141 261.132110595703 261.419708251953 260.5849609375 262.202880859375 263.344573974609 263.432800292969 263.391204833984 263.366241455078 262.452941894531 261.510772705078 262.893890380859 260.093505859375 256.711578369141 251.279098510742 252.452713012695 246.216156005859 244.002029418945 258.277618408203 264.492004394531 264.657531738281 263.71728515625 263.027008056641 261.370574951172 261.051300048828 260.938537597656 260.720794677734 259.965057373047 262.299102783203 -3.4e+38 263.184936523438 262.47998046875 265.386749267578 265.740234375 265.092102050781 265.062469482422 265.321899414062 265.743530273438 265.439910888672 263.428009033203 264.903961181641 266.651092529297
255.223220825195 251.002029418945 245.132141113281 247.797012329102 248.087356567383 249.738586425781 251.595596313477 259.593963623047 261.587036132812 262.086303710938 262.223510742188 262.490325927734 262.940612792969 263.001556396484 262.985260009766 263.182434082031 262.378387451172 261.331481933594 263.679138183594 262.496215820312 257.487640380859 248.760604858398 252.227249145508 253.381607055664 255.938262939453 264.353851318359 264.763458251953 264.258270263672 263.837158203125 263.335052490234 262.191589355469 262.213928222656 262.097930908203 260.821563720703 258.189971923828 261.948425292969 262.288482666016 -3.4e+38 -3.4e+38 264.060302734375 265.114135742188 264.641204833984 264.779205322266 264.747222900391 264.176116943359 264.828186035156 265.111328125 265.865325927734 266.389495849609
255.219772338867 250.877670288086 247.024429321289 247.562210083008 248.985122680664 252.891754150391 254.064712524414 261.336761474609 261.385284423828 262.074554443359 262.850677490234 262.681335449219 261.909759521484 260.627899169922 261.884216308594 261.365661621094 262.420227050781 261.280487060547 263.390289306641 262.683135986328 257.03662109375 247.640975952148 254.796585083008 261.564331054688 263.892181396484 264.386657714844 263.365600585938 263.608612060547 263.207092285156 262.853576660156 262.499725341797 262.817443847656 262.844970703125 262.352142333984 261.145690917969 263.095794677734 -3.4e+38 -3.4e+38 263.345092773438 262.253997802734 264.576995849609 264.149108886719 264.300384521484 264.085632324219 263.170196533203 264.957305908203 265.544525146484 265.549835205078 265.372589111328
256.151824951172 254.900955200195 252.799514770508 245.421279907227 247.936737060547 255.192901611328 256.625823974609 260.798248291016 260.679260253906 261.734802246094 262.912322998047 262.62939453125 261.066986083984 257.304809570312 256.003692626953 255.241363525391 259.365264892578 258.542266845703 262.620635986328 262.695556640625 259.006500244141 251.606002807617 257.698272705078 262.866912841797 264.2470703125 263.503112792969 261.507568359375 263.533782958984 262.678833007812 262.062042236328 262.165557861328 262.296661376953 262.466949462891 262.95703125 263.432800292969 263.776000976562 263.407440185547 262.921813964844 262.998474121094 262.723968505859 264.009155273438 263.511901855469 263.920349121094 264.217498779297 264.050384521484 265.186889648438 265.660308837891 265.34130859375 265.353942871094
256.619689941406 255.186477661133 250.442733764648 243.131332397461 244.844879150391 253.784042358398 259.363983154297 259.619018554688 261.088531494141 262.055145263672 262.081420898438 262.422912597656 260.720031738281 254.708053588867 247.764007568359 247.217102050781 250.820129394531 251.518173217773 261.160247802734 261.875885009766 261.162292480469 258.639282226562 260.576873779297 263.291076660156 264.339324951172 262.136505126953 257.593109130859 260.043304443359 262.423828125 261.703094482422 261.846710205078 261.633636474609 261.809631347656 262.369049072266 262.453948974609 263.222808837891 262.842987060547 262.26416015625 263.450958251953 263.730926513672 264.075500488281 262.600555419922 262.919281005859 264.134674072266 264.317749023438 264.940063476562 265.443878173828 265.475769042969 265.769866943359
