rcp4.5models/CNRM_CM5/sc1gr1.8
NCOLS 261 
NROWS 433 
XLLCORNER 336357.134 
YLLCORNER 654653.479 
CELLSIZE 1000 
NODATA_value -3.4e+38 
[rows 308 to 329 of 433, columns 196 to 244 of 261]
74.0596618652344 74.19140625 74.1342315673828 73.7007064819336 73.904914855957 73.7909622192383 73.6588745117188 72.6836700439453 72.4036331176758 72.230354309082 72.6906967163086 72.8201293945312 72.1377563476562 72.713996887207 73.4096298217773 73.1759567260742 72.464485168457 72.54345703125 70.9948806762695 70.9211120605469 70.9818878173828 71.0308532714844 70.5629653930664 70.0798263549805 69.8862533569336 70.221435546875 70.4105606079102 70.1960296630859 69.8689956665039 69.4692535400391 69.3835144042969 69.1619415283203 69.4931259155273 68.9468460083008 69.0692977905273 68.2646255493164 68.6065902709961 68.3937225341797 68.8537673950195 68.4469680786133 68.3279495239258 67.8108520507812 67.5155868530273 67.8587951660156 67.5890350341797 67.1857528686523 67.1799163818359 66.554931640625 66.7963180541992
74.2470855712891 74.252815246582 74.1284027099609 73.9429244995117 73.884880065918 73.7624969482422 73.7071838378906 72.8674774169922 72.5561141967773 72.3016662597656 72.5216903686523 72.6181106567383 72.6379928588867 72.8911437988281 73.0513076782227 72.8610153198242 72.5647811889648 72.3160552978516 71.29296875 71.1959762573242 70.9414215087891 71.0994873046875 70.540397644043 70.2511901855469 70.3840484619141 70.373779296875 69.8555221557617 70.1396026611328 70.144645690918 69.6548461914062 69.4384155273438 69.3992919921875 69.4504241943359 69.3853454589844 69.4262237548828 68.4009552001953 68.591438293457 68.2429122924805 68.5434646606445 68.5470428466797 68.5625228881836 67.3938140869141 67.5988082885742 67.6498260498047 67.5399780273438 67.3701019287109 67.2904815673828 66.8995208740234 66.7834091186523
74.2847366333008 73.9602355957031 74.0992889404297 74.046257019043 73.7063446044922 73.557487487793 73.7881546020508 73.0487289428711 72.6100158691406 72.4267730712891 72.3131637573242 72.7023620605469 73.0381927490234 73.0463256835938 73.0316162109375 72.6710205078125 72.3763961791992 72.407341003418 71.5240173339844 71.0636825561523 71.1181716918945 70.8963775634766 70.6898880004883 70.4932861328125 70.6012420654297 70.4676742553711 69.7935485839844 70.2533874511719 70.3915481567383 70.2180633544922 69.2033538818359 68.9872055053711 68.6941604614258 69.133430480957 69.2225189208984 68.6567916870117 68.8987884521484 68.1660919189453 68.2790832519531 68.5641937255859 68.1589889526367 67.5619430541992 67.8656921386719 67.4131698608398 67.3496170043945 67.3401947021484 67.2923126220703 67.2095184326172 66.8535614013672
74.1625823974609 74.0035018920898 74.077995300293 74.0936050415039 73.9260330200195 73.5954818725586 73.7696151733398 73.1444091796875 72.5812835693359 72.6363983154297 72.5625228881836 72.6684417724609 73.1466979980469 73.2034301757812 73.1968841552734 72.7690200805664 72.3441390991211 72.3739547729492 70.9599609375 70.7921447753906 70.9422073364258 70.8880004882812 70.6977691650391 70.5490036010742 70.6546630859375 70.6493072509766 70.2350921630859 70.2926712036133 70.5718994140625 70.5835952758789 69.1971435546875 69.1557540893555 -3.4e+38 -3.4e+38 69.3133850097656 69.2534561157227 69.2678070068359 68.7708129882812 68.4086608886719 68.4384384155273 68.2358703613281 67.7455825805664 67.9996871948242 67.4423217773438 67.5080261230469 67.3918151855469 67.1416473388672 67.4117431640625 67.2610549926758
74.3822479248047 74.5608062744141 74.3660583496094 74.1245040893555 74.0872192382812 73.7029266357422 73.6894683837891 73.0973358154297 72.8476257324219 73.1441421508789 72.8951187133789 72.5481109619141 72.7115631103516 72.8497848510742 72.7638168334961 72.5411071777344 72.2155075073242 72.2124176025391 71.2552490234375 71.0864715576172 70.7482223510742 70.8997039794922 70.763298034668 70.6354141235352 70.4752807617188 70.3705368041992 70.6219863891602 70.1491851806641 70.6029281616211 70.7147064208984 69.424919128418 69.6142196655273 69.1165390014648 69.1880187988281 69.4991607666016 69.1198043823242 68.9992294311523 69.2072372436523 68.4438018798828 68.5045623779297 68.414665222168 68.0497131347656 67.9849853515625 67.3317489624023 67.3236541748047 67.2222900390625 67.2842712402344 67.3775787353516 67.342887878418
74.1016159057617 74.3394241333008 74.5185394287109 74.4082107543945 74.3009719848633 73.8737411499023 73.9497222900391 72.8138961791992 72.848503112793 73.1464309692383 73.278450012207 72.7666702270508 73.1516265869141 72.7955093383789 72.4314804077148 72.2428970336914 72.2339172363281 72.3468856811523 72.1574630737305 71.4550933837891 71.6516189575195 70.9983520507812 70.9082336425781 70.6443481445312 70.5965423583984 70.429443359375 70.5884552001953 70.7387390136719 70.6124649047852 70.4404144287109 70.240608215332 69.5489044189453 69.6314468383789 69.8243255615234 69.3891220092773 68.9276580810547 68.7380752563477 69.1793899536133 69.0567855834961 68.7274169921875 68.5665740966797 67.8131866455078 67.393196105957 67.4697341918945 67.5752334594727 67.5145797729492 67.4066009521484 67.0700454711914 67.1919326782227
74.3759155273438 74.6874313354492 74.5096664428711 74.3982772827148 74.2840347290039 74.0010147094727 73.9007034301758 73.1136245727539 73.1434097290039 73.1837387084961 73.0212173461914 72.7132186889648 73.1924362182617 72.4899063110352 72.2810745239258 72.1316299438477 71.9681701660156 72.0442352294922 72.302864074707 71.4726181030273 71.6311111450195 71.1599807739258 71.1150283813477 -3.4e+38 70.9123001098633 70.4872512817383 70.5135269165039 70.6382675170898 70.4830322265625 70.4918975830078 69.9236755371094 69.51904296875 69.4506301879883 69.5011978149414 69.4833679199219 68.965934753418 68.5922470092773 68.8003540039062 69.0613784790039 68.7938232421875 68.9701156616211 67.8909378051758 67.705078125 67.7754821777344 67.6998825073242 67.8372344970703 68.0582733154297 67.7941818237305 67.7619934082031
74.6172943115234 74.9080963134766 74.4844512939453 74.5182723999023 74.1905364990234 73.9568405151367 73.9922790527344 73.4349212646484 73.5690155029297 73.017822265625 72.7375259399414 72.6774215698242 72.7372436523438 72.4399871826172 72.0102844238281 72.2324371337891 72.0683288574219 72.0998458862305 72.0296096801758 71.3952789306641 71.4006805419922 -3.4e+38 -3.4e+38 -3.4e+38 70.9046249389648 70.439567565918 70.4540100097656 70.6569290161133 70.6182708740234 70.2223663330078 69.7468719482422 69.8466873168945 69.5733184814453 69.4514465332031 69.4919357299805 68.8703384399414 68.5756225585938 68.7278671264648 68.6833724975586 68.8578186035156 68.9791412353516 68.2496643066406 68.0436630249023 67.9252777099609 67.9652252197266 68.0631103515625 68.4098815917969 67.9917068481445 67.8385925292969
74.5483474731445 74.6196212768555 74.443473815918 74.3620986938477 74.1009826660156 73.8506851196289 73.9971389770508 73.5204467773438 73.4267959594727 72.98681640625 72.8641662597656 72.9073944091797 72.6793212890625 72.3281936645508 72.3390579223633 72.4538116455078 72.3121948242188 72.3992080688477 71.7292709350586 71.3871078491211 71.1335296630859 -3.4e+38 -3.4e+38 -3.4e+38 70.585090637207 70.8426055908203 70.5414505004883 70.4946136474609 70.8116683959961 70.0560913085938 69.6824417114258 69.9673004150391 69.4092025756836 69.3614120483398 69.666862487793 68.9464416503906 68.8511505126953 68.9440002441406 68.8906021118164 68.5271606445312 68.4700927734375 68.3050842285156 68.2853317260742 67.8655853271484 67.8229217529297 67.9384918212891 67.770133972168 67.6038513183594 67.3233261108398
74.5430755615234 74.3868408203125 74.4138565063477 74.3165969848633 74.074462890625 73.8790130615234 74.0397033691406 73.6207427978516 73.2673034667969 73.1873168945312 73.2036743164062 73.1106262207031 73.0468521118164 72.6161270141602 72.6336059570312 72.5839385986328 72.4051284790039 72.4553070068359 71.8548355102539 71.495735168457 71.1723327636719 71.0453720092773 -3.4e+38 70.7770462036133 70.9422836303711 70.9494552612305 70.4357833862305 70.2311325073242 70.6581192016602 70.3623580932617 69.8880310058594 69.5674285888672 69.2959442138672 69.6344375610352 69.7136764526367 69.2962036132812 69.1289215087891 68.94140625 68.9372940063477 68.4360885620117 68.2671813964844 68.4830856323242 68.7431030273438 67.7700500488281 67.6559066772461 67.8970947265625 67.3260040283203 67.3696746826172 67.3263702392578
74.4636077880859 74.4781188964844 74.5637130737305 74.3124542236328 74.1298522949219 73.975227355957 74.0641098022461 73.5202331542969 73.3845138549805 73.4091262817383 73.2516174316406 73.5186538696289 73.4842834472656 72.9077911376953 72.6730804443359 72.2231903076172 72.1433868408203 72.2807464599609 71.8172607421875 71.574462890625 71.6206817626953 71.5702819824219 71.4233627319336 71.0669631958008 71.0261306762695 71.124397277832 70.8137512207031 70.3890228271484 70.6241989135742 70.6333770751953 70.1389770507812 69.8133010864258 69.4474868774414 69.8678436279297 69.5360870361328 69.6153793334961 69.3513565063477 68.8872909545898 68.8426971435547 69.1465454101562 68.6442794799805 68.6060562133789 69.1749649047852 68.4691619873047 67.8304748535156 68.0752563476562 67.5509643554688 67.2637176513672 67.8382568359375
74.7864074707031 74.8059539794922 74.6851119995117 74.298828125 74.2105865478516 74.1078033447266 73.832763671875 73.4844207763672 73.5407333374023 73.6665191650391 73.5888671875 73.8300552368164 73.670166015625 72.8822021484375 72.61279296875 72.1761932373047 72.1152267456055 72.1166458129883 71.8845672607422 71.5862884521484 71.7595825195312 71.781364440918 71.6760559082031 71.1468353271484 70.7302932739258 71.054443359375 71.0462188720703 70.8289413452148 70.7612762451172 70.8225479125977 70.3676071166992 70.0364608764648 69.6118621826172 69.833251953125 69.5218734741211 69.5838317871094 69.425178527832 69.1601638793945 69.0268859863281 69.3938293457031 69.2218017578125 68.516975402832 68.9164428710938 68.7828063964844 68.6120986938477 68.4615631103516 67.8862609863281 67.856071472168 68.1130981445312
74.9088439941406 74.6769027709961 74.7624969482422 74.2870635986328 74.1062850952148 74.0079803466797 73.8714218139648 73.7594299316406 73.7228698730469 73.6674652099609 73.7145767211914 73.6139602661133 73.4875793457031 72.9239120483398 72.6044845581055 72.0518112182617 72.1204376220703 72.2541046142578 72.1723022460938 72.0067443847656 71.8200454711914 71.6084136962891 71.684196472168 71.502311706543 70.912727355957 70.6119613647461 70.9695587158203 71.2886123657227 71.0936965942383 70.945442199707 70.7099380493164 70.1867294311523 69.8316421508789 69.5405654907227 69.6220016479492 69.4356384277344 69.4024429321289 69.2424926757812 68.8849029541016 69.0949172973633 68.9154815673828 68.9241027832031 68.5552749633789 68.3595199584961 68.5815277099609 68.2593307495117 67.8756790161133 67.6945037841797 67.8931503295898
74.3922271728516 74.3561553955078 74.5987014770508 74.3380889892578 74.2316436767578 74.2740478515625 74.0713043212891 73.9978942871094 73.8499145507812 73.6478118896484 73.4483261108398 73.4131851196289 73.7035751342773 73.2940826416016 72.7301406860352 72.2419204711914 72.2448272705078 72.4095001220703 72.0478897094727 71.9047164916992 71.8644561767578 71.8184204101562 71.6755294799805 71.4590225219727 70.7737426757812 70.4955520629883 70.8090438842773 70.7986068725586 71.1310272216797 70.8359985351562 70.4385223388672 70.2502288818359 69.9703598022461 69.9893035888672 69.7027282714844 69.7608489990234 69.4510879516602 69.5848541259766 68.958984375 69.12646484375 68.7128372192383 69.2285537719727 68.833625793457 68.6212310791016 68.462516784668 68.030387878418 67.8505172729492 67.4892883300781 67.6948928833008
74.5791702270508 74.3708190917969 74.5015029907227 74.643180847168 74.2837829589844 74.3267135620117 74.1493911743164 74.0715789794922 74.0886077880859 73.6677856445312 73.3741149902344 73.4278335571289 73.6154479980469 73.2672500610352 73.0815887451172 72.822639465332 72.6725540161133 72.396858215332 72.0905532836914 71.4949569702148 71.5806579589844 71.775520324707 71.6525115966797 71.3699493408203 70.9031982421875 70.6576309204102 70.5051040649414 70.4809417724609 70.9325561523438 70.9789428710938 70.4285736083984 70.2750854492188 69.9381942749023 70.4676361083984 69.9110260009766 69.5935516357422 69.4151992797852 69.6347808837891 68.9479141235352 69.1457138061523 68.9458236694336 69.1054077148438 68.946662902832 68.5777816772461 68.3030471801758 68.1221389770508 68.3180847167969 68.3893585205078 67.9348754882812
74.9294509887695 74.60595703125 74.7646865844727 74.6782150268555 74.3087768554688 74.2266235351562 74.1920013427734 73.9508743286133 74.1043167114258 73.6470184326172 73.6637573242188 73.780029296875 73.5116806030273 73.2580795288086 72.9478530883789 72.5594100952148 72.7146377563477 72.5864028930664 72.2692489624023 71.9429473876953 71.8836288452148 71.7862396240234 71.7460479736328 71.6247024536133 71.3229751586914 70.7447662353516 70.6427459716797 70.6751022338867 70.6894454956055 70.7660827636719 70.3507919311523 70.2545394897461 70.0224075317383 70.3185195922852 69.8799591064453 69.9204711914062 69.765007019043 69.2196655273438 69.1301498413086 69.1614456176758 69.3772048950195 69.2379989624023 69.0514450073242 68.4833755493164 68.5351181030273 67.9996871948242 68.2182388305664 68.5794448852539 68.0991592407227
74.7046051025391 74.6788482666016 74.6870346069336 74.5767211914062 74.4335250854492 74.4087371826172 74.6068878173828 74.0256500244141 74.182731628418 73.9449234008789 74.1505508422852 73.9041519165039 73.4873199462891 73.065544128418 72.4396209716797 72.3425216674805 72.4757766723633 72.7671813964844 72.1996154785156 72.2861862182617 71.988655090332 71.7132110595703 71.9507369995117 72.0631866455078 71.4849319458008 71.1194381713867 71.1687469482422 70.7370758056641 70.7436447143555 70.6371917724609 70.1601791381836 70.1254577636719 70.1602096557617 70.2582092285156 69.9665679931641 70.1314239501953 69.8816909790039 69.6708984375 69.6455612182617 69.2542877197266 69.5898132324219 69.4719390869141 69.2563629150391 68.7505950927734 68.7831726074219 68.3669204711914 68.5932922363281 68.1396865844727 68.5247802734375
74.8492431640625 74.3919219970703 74.3008499145508 74.4172210693359 74.302490234375 74.4921951293945 74.4012985229492 74.1361770629883 74.1276321411133 74.0902404785156 73.9138336181641 73.4423294067383 73.5201187133789 73.0630874633789 72.9973068237305 73.1350860595703 72.7397918701172 72.8498687744141 72.3359451293945 71.9728393554688 71.9659805297852 72.6262817382812 72.5531005859375 71.9271011352539 71.5142669677734 71.5947341918945 71.0356826782227 70.9024505615234 71.5919036865234 71.4997406005859 70.7068176269531 70.0087890625 70.4976654052734 70.5732574462891 70.4057464599609 70.2096862792969 69.9161605834961 69.7424697875977 69.6899566650391 69.2932815551758 69.346435546875 69.1003875732422 69.2241058349609 68.7733383178711 68.4112014770508 68.2026519775391 68.026985168457 67.8017425537109 68.5410995483398
75.1486129760742 74.5381927490234 74.5488510131836 74.4703826904297 74.3253707885742 74.1902770996094 74.3220520019531 74.0720977783203 74.036735534668 74.2410507202148 73.9119873046875 73.4540939331055 73.4971618652344 73.1822357177734 73.5991821289062 73.617317199707 72.9057464599609 72.8815994262695 72.5155715942383 72.3389282226562 72.1266403198242 72.1006088256836 72.0171127319336 72.119270324707 71.4512634277344 71.443359375 70.9461288452148 71.2187118530273 71.5780868530273 71.3460540771484 70.714111328125 70.169059753418 70.9485244750977 70.6648254394531 70.4456939697266 70.252571105957 70.2393493652344 69.6236190795898 69.6478958129883 68.90087890625 69.0251617431641 69.035270690918 69.0292129516602 68.8383255004883 68.6921463012695 68.4756011962891 67.8649291992188 67.5325088500977 67.9430389404297
74.9977874755859 74.6460037231445 74.7012557983398 74.3625030517578 74.2845764160156 74.1833343505859 74.2646179199219 74.0878677368164 73.9186553955078 74.2995986938477 73.9125595092773 73.7914810180664 73.691276550293 73.4342651367188 73.7807083129883 73.7771224975586 72.937614440918 73.1183700561523 72.6661911010742 72.5225524902344 72.5583648681641 72.1820297241211 71.9730224609375 72.160530090332 71.6019668579102 71.3376846313477 71.3014678955078 71.1755447387695 70.8465118408203 71.0557861328125 70.9371566772461 70.2042846679688 70.5820465087891 70.6085586547852 70.3494644165039 70.2721710205078 70.0095825195312 69.281379699707 69.7016220092773 69.4007949829102 69.3418350219727 69.2627639770508 69.4418563842773 69.277214050293 68.7511520385742 68.6248245239258 68.4269943237305 68.0481033325195 67.5600357055664
74.5659942626953 74.7119445800781 74.7912902832031 74.5018615722656 74.6219177246094 74.5870895385742 74.479736328125 74.2588882446289 73.8289260864258 74.1020660400391 73.8529281616211 73.7881240844727 73.8057403564453 73.6626358032227 73.7811050415039 73.4524230957031 73.1912689208984 73.2240905761719 72.6880264282227 72.4611206054688 72.4901275634766 72.3012237548828 72.3303451538086 72.2519683837891 71.4480590820312 71.6239166259766 71.7547760009766 71.3263473510742 70.9324035644531 71.1945114135742 70.9839859008789 70.4690933227539 70.5173873901367 70.5725631713867 70.5624008178711 70.1403045654297 70.0340805053711 69.6349258422852 69.7882080078125 69.7735061645508 69.410026550293 69.7664794921875 69.4253616333008 69.4435195922852 68.7845001220703 68.6870498657227 68.8669052124023 68.2597045898438 67.566520690918
74.7351837158203 74.880989074707 74.9568557739258 74.6969909667969 74.7222518920898 74.5791702270508 74.6173553466797 74.214958190918 74.0703582763672 74.1679840087891 73.9782867431641 73.7685012817383 73.7705993652344 73.5245742797852 73.2816162109375 73.1751403808594 73.1787185668945 73.6146621704102 73.0852508544922 72.727668762207 72.1992797851562 72.0754165649414 72.2266387939453 72.1160583496094 71.4505996704102 71.7374267578125 71.6918792724609 71.6621246337891 71.3143081665039 71.3130264282227 70.9472427368164 70.7050552368164 70.4250793457031 70.4921951293945 70.626838684082 70.2932739257812 70.2634506225586 70.083740234375 69.8419342041016 69.3794631958008 69.1384658813477 69.5876007080078 69.1145248413086 69.4170989990234 69.0043869018555 68.7269668579102 68.8451156616211 68.4369888305664 68.2528839111328
