rcp4.5models/CNRM_CM5/sc1gr1.29
NCOLS 261 
NROWS 433 
XLLCORNER 336357.134 
YLLCORNER 654653.479 
CELLSIZE 1000 
NODATA_value -3.4e+38 
[rows 198 to 219 of 433, columns 196 to 244 of 261]
57.7758407592773 57.4354209899902 57.0503921508789 57.1229400634766 57.2574501037598 57.2149810791016 57.039981842041 56.5860443115234 56.7125625610352 56.5790939331055 -3.4e+38 56.2905158996582 56.1900863647461 56.1084327697754 55.9422798156738 55.8560333251953 55.9256362915039 55.8621139526367 55.4529075622559 55.5476837158203 -3.4e+38 -3.4e+38 -3.4e+38 -3.4e+38 -3.4e+38 -3.4e+38 -3.4e+38 -3.4e+38 -3.4e+38 -3.4e+38 -3.4e+38 -3.4e+38 -3.4e+38 -3.4e+38 -3.4e+38 -3.4e+38 -3.4e+38 -3.4e+38 -3.4e+38 -3.4e+38 -3.4e+38 -3.4e+38 -3.4e+38 -3.4e+38 -3.4e+38 -3.4e+38 -3.4e+38 -3.4e+38 -3.4e+38
57.9271469116211 57.5601921081543 57.0826225280762 57.0375289916992 57.4676399230957 57.5388450622559 57.2917404174805 56.5557136535645 56.720630645752 56.6834487915039 -3.4e+38 56.3178367614746 56.2015533447266 56.1352386474609 56.0226097106934 55.8605041503906 55.9097442626953 55.9262962341309 -3.4e+38 55.7540855407715 -3.4e+38 -3.4e+38 -3.4e+38 -3.4e+38 -3.4e+38 -3.4e+38 -3.4e+38 -3.4e+38 -3.4e+38 -3.4e+38 -3.4e+38 -3.4e+38 -3.4e+38 -3.4e+38 -3.4e+38 -3.4e+38 -3.4e+38 -3.4e+38 -3.4e+38 -3.4e+38 -3.4e+38 -3.4e+38 -3.4e+38 -3.4e+38 -3.4e+38 -3.4e+38 -3.4e+38 -3.4e+38 -3.4e+38
58.1755981445312 57.741039276123 -3.4e+38 57.3698844909668 57.6265525817871 57.4624328613281 57.2197227478027 56.7745132446289 -3.4e+38 56.5935592651367 56.5704765319824 56.3317413330078 56.3610610961914 56.3716125488281 56.10009765625 55.9602355957031 55.8700103759766 55.7221450805664 55.8886947631836 55.7717628479004 55.6747703552246 -3.4e+38 -3.4e+38 -3.4e+38 -3.4e+38 -3.4e+38 -3.4e+38 -3.4e+38 -3.4e+38 -3.4e+38 -3.4e+38 -3.4e+38 -3.4e+38 -3.4e+38 -3.4e+38 -3.4e+38 -3.4e+38 -3.4e+38 -3.4e+38 -3.4e+38 -3.4e+38 -3.4e+38 -3.4e+38 -3.4e+38 -3.4e+38 -3.4e+38 -3.4e+38 -3.4e+38 -3.4e+38
58.3129196166992 57.7168159484863 57.562328338623 57.5006904602051 57.4426422119141 57.2883758544922 57.4171981811523 57.0759315490723 56.9295539855957 56.7898979187012 56.6611480712891 56.5253715515137 56.5097694396973 56.574592590332 56.0910911560059 56.0023803710938 55.8777313232422 55.6515579223633 55.7331352233887 55.6989707946777 55.5057220458984 -3.4e+38 -3.4e+38 -3.4e+38 -3.4e+38 -3.4e+38 -3.4e+38 -3.4e+38 -3.4e+38 -3.4e+38 -3.4e+38 -3.4e+38 -3.4e+38 -3.4e+38 -3.4e+38 -3.4e+38 -3.4e+38 -3.4e+38 -3.4e+38 -3.4e+38 -3.4e+38 -3.4e+38 -3.4e+38 -3.4e+38 -3.4e+38 -3.4e+38 -3.4e+38 -3.4e+38 -3.4e+38
58.299503326416 57.7080154418945 57.6453704833984 57.5109977722168 57.3997039794922 57.2889862060547 57.2539253234863 57.2719078063965 57.0510940551758 56.8261680603027 56.6768989562988 56.4792175292969 56.4771690368652 56.7483901977539 56.3407554626465 56.0318717956543 55.9536781311035 55.8036994934082 55.5890922546387 -3.4e+38 55.3821792602539 55.4533462524414 -3.4e+38 -3.4e+38 -3.4e+38 -3.4e+38 -3.4e+38 -3.4e+38 -3.4e+38 -3.4e+38 -3.4e+38 -3.4e+38 -3.4e+38 -3.4e+38 -3.4e+38 -3.4e+38 -3.4e+38 -3.4e+38 -3.4e+38 -3.4e+38 -3.4e+38 -3.4e+38 -3.4e+38 -3.4e+38 -3.4e+38 -3.4e+38 -3.4e+38 -3.4e+38 -3.4e+38
58.2523956298828 57.9923973083496 58.0395278930664 57.8284492492676 57.6672630310059 57.3460922241211 57.2208862304688 57.1278915405273 56.8190040588379 56.9390068054199 56.7739372253418 56.3097991943359 56.3447494506836 56.6879386901855 56.5292701721191 -3.4e+38 55.9119148254395 55.9053115844727 55.5324478149414 55.4394989013672 -3.4e+38 -3.4e+38 55.3709831237793 -3.4e+38 -3.4e+38 -3.4e+38 -3.4e+38 -3.4e+38 -3.4e+38 -3.4e+38 -3.4e+38 -3.4e+38 -3.4e+38 -3.4e+38 -3.4e+38 -3.4e+38 -3.4e+38 -3.4e+38 -3.4e+38 -3.4e+38 -3.4e+38 -3.4e+38 -3.4e+38 -3.4e+38 -3.4e+38 -3.4e+38 -3.4e+38 -3.4e+38 -3.4e+38
57.8832893371582 58.0634803771973 58.301944732666 57.8163070678711 57.5953178405762 57.2353019714355 57.1321601867676 57.0705451965332 56.9073753356934 57.1064720153809 56.7799072265625 56.6363105773926 56.4276542663574 56.3680076599121 56.4298057556152 56.3300323486328 56.1370162963867 56.1442070007324 -3.4e+38 55.4821128845215 55.359920501709 55.4255409240723 -3.4e+38 55.4191513061523 55.3449020385742 -3.4e+38 -3.4e+38 -3.4e+38 -3.4e+38 -3.4e+38 -3.4e+38 -3.4e+38 -3.4e+38 -3.4e+38 -3.4e+38 -3.4e+38 -3.4e+38 -3.4e+38 -3.4e+38 -3.4e+38 -3.4e+38 -3.4e+38 -3.4e+38 -3.4e+38 -3.4e+38 -3.4e+38 -3.4e+38 -3.4e+38 -3.4e+38
57.7604522705078 57.8461112976074 58.0128707885742 57.4991493225098 57.4947662353516 57.2196388244629 56.9076042175293 57.2170066833496 57.127326965332 57.0602607727051 56.932487487793 56.8768043518066 56.6624717712402 56.4032974243164 56.2191696166992 56.160831451416 56.3364677429199 56.3405609130859 -3.4e+38 55.7884368896484 55.7046432495117 55.6600151062012 55.5251770019531 -3.4e+38 55.4127159118652 55.4028472900391 -3.4e+38 -3.4e+38 -3.4e+38 -3.4e+38 -3.4e+38 -3.4e+38 -3.4e+38 -3.4e+38 -3.4e+38 -3.4e+38 -3.4e+38 -3.4e+38 -3.4e+38 -3.4e+38 -3.4e+38 -3.4e+38 -3.4e+38 -3.4e+38 -3.4e+38 -3.4e+38 -3.4e+38 -3.4e+38 -3.4e+38
58.1539306640625 57.9765548706055 57.6749954223633 57.3646697998047 57.4571990966797 57.4131469726562 57.1656036376953 57.0652465820312 56.9768905639648 56.6991996765137 56.9658508300781 56.8624725341797 56.6291732788086 56.4186248779297 56.0947418212891 56.1346473693848 56.3346557617188 56.1077728271484 55.8008155822754 55.7578620910645 55.8930816650391 55.6134719848633 55.4487495422363 -3.4e+38 55.198600769043 55.4241409301758 -3.4e+38 -3.4e+38 -3.4e+38 -3.4e+38 -3.4e+38 -3.4e+38 -3.4e+38 -3.4e+38 -3.4e+38 -3.4e+38 -3.4e+38 -3.4e+38 -3.4e+38 -3.4e+38 -3.4e+38 -3.4e+38 -3.4e+38 -3.4e+38 -3.4e+38 -3.4e+38 -3.4e+38 -3.4e+38 -3.4e+38
58.2535018920898 58.2449264526367 57.761116027832 57.2759475708008 57.1143379211426 57.3900566101074 57.6584548950195 57.0937919616699 56.7956504821777 56.6908378601074 56.9618721008301 56.9370803833008 56.6857604980469 56.4041175842285 56.1647453308105 56.2054748535156 56.2810211181641 55.9524955749512 55.7321891784668 55.7691268920898 55.665943145752 55.2787742614746 55.2776107788086 55.2353897094727 55.1296310424805 -3.4e+38 55.3724975585938 -3.4e+38 -3.4e+38 -3.4e+38 -3.4e+38 -3.4e+38 -3.4e+38 -3.4e+38 -3.4e+38 -3.4e+38 -3.4e+38 -3.4e+38 -3.4e+38 -3.4e+38 -3.4e+38 -3.4e+38 -3.4e+38 -3.4e+38 -3.4e+38 -3.4e+38 -3.4e+38 -3.4e+38 -3.4e+38
58.1479301452637 57.9064598083496 57.759765625 57.5984954833984 57.4301109313965 57.6162986755371 57.8340339660645 57.4725151062012 57.0745811462402 56.8686981201172 -3.4e+38 56.8665161132812 56.8353118896484 56.8445167541504 56.6673469543457 56.3639755249023 56.0337333679199 55.8942718505859 55.6528511047363 55.919864654541 55.9572372436523 55.961124420166 55.6737937927246 55.3227310180664 55.2240867614746 55.3367042541504 55.3146629333496 -3.4e+38 -3.4e+38 -3.4e+38 -3.4e+38 -3.4e+38 -3.4e+38 -3.4e+38 -3.4e+38 -3.4e+38 -3.4e+38 -3.4e+38 -3.4e+38 -3.4e+38 -3.4e+38 -3.4e+38 -3.4e+38 -3.4e+38 -3.4e+38 -3.4e+38 -3.4e+38 -3.4e+38 -3.4e+38
57.9988670349121 58.0364952087402 58.0032157897949 57.802131652832 57.4192047119141 57.4699401855469 57.6847152709961 57.6506652832031 57.351879119873 56.9043998718262 56.8551216125488 56.9482383728027 56.9528884887695 -3.4e+38 -3.4e+38 56.2742805480957 56.0439834594727 56.0489540100098 56.1723747253418 56.1257934570312 56.0622482299805 55.8947296142578 55.6930236816406 55.327522277832 55.0741004943848 55.0773582458496 55.1731719970703 -3.4e+38 -3.4e+38 -3.4e+38 -3.4e+38 -3.4e+38 -3.4e+38 -3.4e+38 -3.4e+38 -3.4e+38 -3.4e+38 -3.4e+38 -3.4e+38 -3.4e+38 -3.4e+38 -3.4e+38 -3.4e+38 -3.4e+38 -3.4e+38 -3.4e+38 -3.4e+38 -3.4e+38 -3.4e+38
58.4204788208008 58.3772850036621 58.04638671875 57.9182662963867 57.6309623718262 57.459846496582 57.5396842956543 57.5125007629395 57.4077415466309 57.1212158203125 57.0588226318359 56.9589347839355 57.007080078125 -3.4e+38 -3.4e+38 -3.4e+38 56.1971397399902 56.1912994384766 56.178108215332 55.9646759033203 55.9008598327637 55.5950317382812 55.4697875976562 55.4247627258301 55.100025177002 54.9877853393555 55.0735282897949 -3.4e+38 -3.4e+38 -3.4e+38 -3.4e+38 -3.4e+38 -3.4e+38 -3.4e+38 -3.4e+38 -3.4e+38 -3.4e+38 -3.4e+38 -3.4e+38 -3.4e+38 -3.4e+38 -3.4e+38 -3.4e+38 -3.4e+38 -3.4e+38 -3.4e+38 -3.4e+38 -3.4e+38 -3.4e+38
58.180736541748 58.1119651794434 58.0717506408691 58.0242691040039 57.8117370605469 57.6210060119629 57.4241714477539 57.5623626708984 57.3841552734375 57.3217315673828 57.2149848937988 56.908878326416 56.9371681213379 56.6054191589355 -3.4e+38 56.5202713012695 56.3892936706543 56.1851081848145 55.7781181335449 55.6059074401855 55.5526885986328 55.3047218322754 55.2693901062012 55.3015823364258 55.1788482666016 -3.4e+38 55.1383094787598 55.1267395019531 55.0685119628906 54.9437789916992 -3.4e+38 -3.4e+38 -3.4e+38 -3.4e+38 -3.4e+38 -3.4e+38 -3.4e+38 -3.4e+38 -3.4e+38 -3.4e+38 -3.4e+38 -3.4e+38 -3.4e+38 -3.4e+38 -3.4e+38 -3.4e+38 -3.4e+38 -3.4e+38 -3.4e+38
57.8262557983398 57.859546661377 58.0379066467285 57.9278564453125 57.754264831543 57.6265754699707 57.3774185180664 57.5967025756836 57.4519195556641 57.3951721191406 57.0927734375 56.9328002929688 56.8713684082031 56.6937103271484 56.4487037658691 56.406120300293 56.3172187805176 56.1623802185059 55.9383659362793 55.6489410400391 55.5125923156738 55.2245826721191 55.074951171875 55.1778526306152 -3.4e+38 55.3515548706055 55.1881866455078 54.9189796447754 54.9622192382812 54.9991340637207 -3.4e+38 -3.4e+38 -3.4e+38 -3.4e+38 -3.4e+38 -3.4e+38 -3.4e+38 -3.4e+38 -3.4e+38 -3.4e+38 -3.4e+38 -3.4e+38 -3.4e+38 -3.4e+38 -3.4e+38 -3.4e+38 -3.4e+38 -3.4e+38 -3.4e+38
58.2408485412598 58.1557426452637 58.152645111084 58.0875549316406 57.9942817687988 57.7608032226562 57.4680137634277 57.4800910949707 57.480052947998 57.3018264770508 57.0999031066895 57.0774345397949 56.6699829101562 56.6451263427734 56.4587860107422 56.3724327087402 56.2843780517578 56.1702003479004 56.2412376403809 55.905891418457 55.6117897033691 55.3116760253906 54.9650459289551 55.0848083496094 55.2542381286621 55.3860626220703 55.189380645752 54.8485908508301 54.8334121704102 54.828441619873 -3.4e+38 -3.4e+38 -3.4e+38 -3.4e+38 -3.4e+38 -3.4e+38 -3.4e+38 -3.4e+38 -3.4e+38 -3.4e+38 -3.4e+38 -3.4e+38 -3.4e+38 -3.4e+38 -3.4e+38 -3.4e+38 -3.4e+38 -3.4e+38 -3.4e+38
58.4105224609375 58.2474174499512 58.052864074707 58.217357635498 58.1333351135254 57.7899360656738 57.5463600158691 57.3390083312988 57.2994728088379 57.420093536377 57.2511787414551 57.0503730773926 56.6867942810059 56.5426063537598 56.3417930603027 56.4130210876465 56.3378601074219 56.2043800354004 56.2386932373047 56.0723876953125 55.6480941772461 55.3936500549316 55.037956237793 55.0390090942383 55.2214202880859 55.2352981567383 55.1020774841309 54.894287109375 54.789119720459 54.8191261291504 -3.4e+38 -3.4e+38 -3.4e+38 -3.4e+38 -3.4e+38 -3.4e+38 -3.4e+38 -3.4e+38 -3.4e+38 -3.4e+38 -3.4e+38 -3.4e+38 -3.4e+38 -3.4e+38 -3.4e+38 -3.4e+38 -3.4e+38 -3.4e+38 -3.4e+38
58.213981628418 58.0768051147461 58.0735702514648 58.1544952392578 57.972110748291 57.6559410095215 57.7110786437988 57.3479843139648 57.2990036010742 57.5298309326172 57.3368453979492 56.9558372497559 56.7185592651367 56.7098045349121 56.462043762207 56.5528221130371 56.372241973877 56.2391929626465 56.1717910766602 56.1687202453613 55.8067626953125 55.4666404724121 55.2186241149902 54.9487838745117 55.0243797302246 55.1255493164062 55.0481376647949 54.8965911865234 54.791561126709 54.8288116455078 -3.4e+38 -3.4e+38 -3.4e+38 -3.4e+38 -3.4e+38 -3.4e+38 -3.4e+38 -3.4e+38 -3.4e+38 -3.4e+38 -3.4e+38 -3.4e+38 -3.4e+38 -3.4e+38 -3.4e+38 -3.4e+38 -3.4e+38 -3.4e+38 -3.4e+38
58.2873649597168 58.0232772827148 58.2903442382812 58.2747993469238 58.0585670471191 57.6202926635742 57.8367729187012 57.3370475769043 57.343864440918 57.3451614379883 57.2320861816406 57.1631546020508 56.7040863037109 56.8796501159668 56.6047019958496 56.3545036315918 56.1940765380859 56.1334381103516 56.1237106323242 56.1596717834473 55.9557952880859 55.5076293945312 55.2620048522949 54.8826560974121 54.8630638122559 55.0062713623047 55.0546340942383 54.8755760192871 54.7942199707031 54.7529907226562 -3.4e+38 -3.4e+38 -3.4e+38 -3.4e+38 -3.4e+38 -3.4e+38 -3.4e+38 -3.4e+38 -3.4e+38 -3.4e+38 -3.4e+38 -3.4e+38 -3.4e+38 -3.4e+38 -3.4e+38 -3.4e+38 -3.4e+38 -3.4e+38 -3.4e+38
58.6343154907227 58.4348258972168 58.443962097168 58.173755645752 57.8100471496582 57.6623077392578 57.9033317565918 57.3389472961426 57.2686920166016 57.259220123291 57.2700004577637 57.3637390136719 57.0996246337891 56.8523368835449 56.4506454467773 56.1032333374023 56.0352592468262 55.9840126037598 56.1339683532715 56.1032981872559 56.0796279907227 55.6943016052246 55.2777252197266 54.9530220031738 54.8776397705078 -3.4e+38 -3.4e+38 54.8480606079102 54.7865409851074 54.7796363830566 -3.4e+38 -3.4e+38 -3.4e+38 -3.4e+38 -3.4e+38 -3.4e+38 -3.4e+38 -3.4e+38 -3.4e+38 -3.4e+38 -3.4e+38 -3.4e+38 -3.4e+38 -3.4e+38 -3.4e+38 -3.4e+38 -3.4e+38 -3.4e+38 -3.4e+38
58.810188293457 58.7548027038574 58.4472808837891 58.0086288452148 57.9947090148926 58.1136856079102 58.0287895202637 57.5835189819336 57.3925018310547 57.2439498901367 57.276195526123 57.3454208374023 57.3541679382324 56.9882698059082 56.4368934631348 56.1531715393066 56.0469245910645 55.9706420898438 56.0264739990234 56.0543212890625 56.0111618041992 55.8364410400391 55.4964752197266 55.3001747131348 -3.4e+38 -3.4e+38 55.195384979248 55.3147583007812 54.9382972717285 54.8130416870117 54.7312622070312 -3.4e+38 -3.4e+38 -3.4e+38 -3.4e+38 -3.4e+38 -3.4e+38 -3.4e+38 -3.4e+38 -3.4e+38 -3.4e+38 -3.4e+38 -3.4e+38 -3.4e+38 -3.4e+38 -3.4e+38 -3.4e+38 -3.4e+38 -3.4e+38
58.9838714599609 58.7463760375977 58.515510559082 58.2828979492188 58.3571815490723 58.197193145752 57.8202056884766 57.7959938049316 57.4386253356934 57.1778259277344 57.1356964111328 57.1479415893555 57.2460823059082 57.0750885009766 56.7034378051758 56.3980751037598 56.0789604187012 56.0005378723145 55.8812408447266 55.9333877563477 55.9355087280273 55.8835716247559 55.7519187927246 55.6700286865234 55.4797668457031 -3.4e+38 -3.4e+38 55.3974685668945 55.0190811157227 54.9592056274414 54.7418785095215 -3.4e+38 -3.4e+38 -3.4e+38 -3.4e+38 -3.4e+38 -3.4e+38 -3.4e+38 -3.4e+38 -3.4e+38 -3.4e+38 -3.4e+38 -3.4e+38 -3.4e+38 -3.4e+38 -3.4e+38 -3.4e+38 -3.4e+38 -3.4e+38
