rcp4.5models/CNRM_CM5/sc1gr6.38
NCOLS 261 
NROWS 433 
XLLCORNER 336357.134 
YLLCORNER 654653.479 
CELLSIZE 1000 
NODATA_value -9999 
[rows 220 to 241 of 433, columns 102 to 152 of 261]
1315.40844726562 1333.60205078125 1348.07775878906 1365.68981933594 1380.36120605469 1382.74597167969 1406.97814941406 1427.31201171875 1397.62658691406 1397.029296875 1411.82873535156 1419.88940429688 1430.74572753906 1443.78442382812 1459.68505859375 1466.9833984375 1472.8818359375 1479.39331054688 1487.64855957031 1496.85913085938 1506.36633300781 1518.92614746094 1545.55908203125 1555.76159667969 1569.47705078125 1626.76477050781 1693.17016601562 1627.291015625 1621.75451660156 1636.16955566406 1654.92944335938 1684.783203125 1702.33422851562 1727.2275390625 1752.64221191406 1816.21398925781 1914.15783691406 1903.43493652344 1822.05419921875 1916.201171875 1930.62646484375 1827.06982421875 1842.76623535156 1858.03002929688 1891.12939453125 1908.22180175781 1927.42138671875 1946.20458984375 1966.06201171875 1987.03967285156 1996.43054199219
1324.27416992188 1339.50598144531 1349.0947265625 1357.63916015625 1372.86450195312 1385.07849121094 1411.42138671875 1424.1748046875 1402.59948730469 1404.38391113281 1421.82849121094 1428.3818359375 1438.55041503906 1454.43676757812 1472.87341308594 1484.00024414062 1481.14318847656 1488.013671875 1497.15979003906 1506.10705566406 1516.15368652344 1528.36181640625 1553.04211425781 1567.06982421875 1580.4404296875 1665.95568847656 1756.47448730469 1624.0283203125 1633.36462402344 1647.0458984375 1663.74450683594 1698.3046875 1736.34692382812 1740.62756347656 1785.96276855469 1886.95031738281 1938.705078125 1868.49438476562 1827.21643066406 1936.61145019531 1950.94616699219 1835.671875 1850.03405761719 1865.61694335938 1901.24536132812 1918.40344238281 1935.20275878906 1952.06555175781 1970.99230957031 1990.85485839844 1994.77075195312
1336.36779785156 1357.26953125 1367.64929199219 1361.06079101562 1371.50085449219 1393.87475585938 1424.98571777344 1424.56884765625 1408.62634277344 1411.43334960938 1431.58508300781 1437.10656738281 1447.40551757812 1464.85217285156 1483.17956542969 1492.927734375 1490.58972167969 1498.83410644531 1507.29064941406 1515.14611816406 1527.22985839844 1538.74279785156 1561.50915527344 1576.27465820312 1592.64050292969 1678.06848144531 1771.13220214844 1634.65673828125 1643.46350097656 1656.95422363281 1674.49499511719 1701.98095703125 1734.79077148438 1759.27856445312 1820.24353027344 1901.275390625 1867.28002929688 1802.23901367188 1816.73059082031 1882.03259277344 1908.16809082031 1847.21826171875 1857.93078613281 1874.58361816406 1908.83996582031 1925.69030761719 1942.86193847656 1958.94897460938 1975.57763671875 1993.3916015625 2002.08239746094
1346.63439941406 1375.13977050781 1388.41418457031 1370.15148925781 1379.39782714844 1402.41394042969 1428.70336914062 1419.58435058594 1415.95715332031 1422.08923339844 1437.33166503906 1449.03149414062 1463.24255371094 1475.47106933594 1487.1640625 1533.75012207031 1586.70251464844 1515.29125976562 1515.37658691406 1525.21276855469 1536.64978027344 1548.33935546875 1570.34777832031 1584.04284667969 1615.12353515625 1695.84826660156 1741.56176757812 1644.57604980469 1654.64978027344 1667.78771972656 1684.9609375 1707.06372070312 1746.70190429688 1797.14538574219 1836.33483886719 1822.95520019531 1802.28784179688 1793.8681640625 1813.08801269531 1833.56115722656 1858.13598632812 1859.87915039062 1866.35571289062 1882.70056152344 1914.24047851562 1931.0830078125 1947.7373046875 1961.67822265625 1977.27941894531 1994.8173828125 2006.09509277344
1358.08776855469 1386.96569824219 1381.66882324219 1374.06323242188 1385.13671875 1407.98156738281 1434.21813964844 1423.12292480469 1424.20202636719 1432.33020019531 1447.58312988281 -9999 1471.72741699219 1481.78796386719 1502.84692382812 -9999 1606.77868652344 1521.51208496094 1524.396484375 1537.298828125 1548.07312011719 1560.66564941406 1581.76086425781 1594.02392578125 1620.11059570312 1669.0595703125 1685.15197753906 1658.63220214844 1678.23706054688 1679.90930175781 1706.52648925781 1752.29577636719 1787.59606933594 1831.88269042969 1847.81323242188 1769.96765136719 1785.77319335938 1799.16271972656 1817.12194824219 1831.76892089844 1848.27807617188 1862.71630859375 1872.58459472656 1887.46643066406 1919.04602050781 1932.76452636719 1948.06103515625 1962.93322753906 1979.40551757812 1995.13427734375 2003.46337890625
1369.23095703125 1390.76538085938 1369.33190917969 1378.92883300781 1388.31848144531 1420.03283691406 1461.98828125 1431.26013183594 1434.35961914062 1443.76550292969 1456.70129394531 -9999 1475.29357910156 1486.9521484375 1510.24340820312 1539.91235351562 1540.67114257812 1523.16369628906 1533.76257324219 1545.86242675781 1560.3818359375 1576.64782714844 1593.94140625 1607.20385742188 1616.7626953125 1633.17077636719 1649.75524902344 1675.5302734375 1701.47973632812 1694.44311523438 1759.26916503906 1850.55224609375 1810.38989257812 1838.4091796875 1830.87268066406 1785.7353515625 1812.93737792969 1809.30603027344 1822.86547851562 1845.39465332031 1849.33312988281 1864.3203125 1876.4912109375 1891.25988769531 1923.01599121094 1934.77209472656 1948.66564941406 1965.78186035156 1982.94873046875 1995.80847167969 2004.47607421875
1367.306640625 1383.71057128906 1371.62182617188 1383.44067382812 1391.81848144531 1427.16040039062 1475.3232421875 1439.56774902344 1445.27233886719 1456.17504882812 1465.32360839844 1473.18359375 1484.43688964844 1493.83801269531 1509.85363769531 1518.6513671875 1523.09802246094 -9999 1543.92395019531 1554.27233886719 1570.94702148438 1591.49243164062 1604.85998535156 1616.818359375 1625.30981445312 1641.69995117188 1658.58752441406 1706.57360839844 1779.11889648438 1796.58654785156 1911.51672363281 2005.572265625 1839.85095214844 1797.02001953125 1792.83239746094 1811.39624023438 1848.97985839844 1825.92395019531 1830.666015625 1848.79528808594 1853.49743652344 1868.2900390625 1881.76086425781 1895.49169921875 1923.79296875 1936.96862792969 1952.60876464844 1969.95861816406 1985.70959472656 1999.14050292969 2009.97680664062
1363.07189941406 1376.03405761719 1375.63671875 1386.91870117188 1397.73986816406 1426.65747070312 1463.595703125 1446.22277832031 1454.51440429688 1469.98669433594 1475.99084472656 1484.12902832031 1496.912109375 1502.06896972656 1515.46350097656 1526.19946289062 1533.4755859375 1543.51770019531 1553.32775878906 1564.56127929688 1578.48120117188 1596.21691894531 1616.83044433594 1626.13012695312 1635.22106933594 1651.31799316406 1675.64953613281 1756.35705566406 1911.0615234375 2046.18725585938 2141.32055664062 2026.1357421875 1825.8115234375 1771.35327148438 1809.90344238281 1866.81176757812 1870.76843261719 1858.02209472656 1847.60388183594 1843.54516601562 1858.013671875 1873.1513671875 1887.67944335938 1899.23889160156 1925.56066894531 1939.65808105469 1957.77600097656 1974.37573242188 1990.39306640625 2003.91052246094 2013.89208984375
1364.90881347656 -9999 -9999 1392.4375 1405.91455078125 1426.58264160156 1446.76525878906 1447.14868164062 1461.46203613281 1484.85717773438 1484.98181152344 1494.80993652344 1508.47778320312 1512.10815429688 1522.44116210938 1534.43054199219 1547.01867675781 1556.36730957031 1562.7373046875 1574.87280273438 1588.36352539062 1600.80603027344 1629.15747070312 1636.28576660156 1645.3642578125 1660.71911621094 1685.47937011719 1759.09533691406 1981.359375 2229.62915039062 2136.37866210938 1867.99877929688 1786.66186523438 1785.80029296875 1835.28381347656 1890.71606445312 1855.8046875 1859.28894042969 1860.21130371094 1854.81689453125 1862.14013671875 1877.10302734375 1890.25622558594 1902.57385253906 1928.35729980469 1944.99694824219 1963.19165039062 1981.59899902344 1999.13037109375 2008.83666992188 2019.02978515625
1373.75024414062 1383.42102050781 1387.72521972656 1399.58178710938 1415.26904296875 1433.56970214844 1443.95361328125 1456.73596191406 1473.18774414062 1508.4990234375 1498.89343261719 1506.74853515625 1521.84838867188 1521.38269042969 1531.31994628906 1545.04699707031 1562.42395019531 1570.71484375 1573.81811523438 1585.62231445312 1601.14636230469 1620.63793945312 1662.31311035156 1678.43994140625 1655.06713867188 1670.93994140625 1692.423828125 1751.96411132812 1985.08508300781 2216.5107421875 1981.82275390625 1770.82299804688 1777.15942382812 1797.9599609375 1815.22229003906 1838.79455566406 1825.69653320312 1838.10278320312 1852.22839355469 1859.95129394531 1867.80310058594 1881.30969238281 1891.78942871094 1906.26342773438 1930.95104980469 1948.86291503906 1966.41589355469 1987.32922363281 2006.66369628906 2015.8115234375 2028.267578125
1384.59838867188 1397.58813476562 1398.09741210938 1407.95336914062 1422.01232910156 1438.47277832031 1448.04443359375 1461.95349121094 1491.72290039062 1555.47106933594 1516.25122070312 1520.35925292969 1533.56042480469 1532.81396484375 1543.47875976562 1557.04956054688 1578.12829589844 1589.60375976562 1586.37976074219 1599.0537109375 -9999 1691.69287109375 1786.48596191406 1752.7392578125 1667.93432617188 1682.88305664062 1706.23461914062 1810.40051269531 2081.84033203125 2155.35888671875 1866.56994628906 1765.07702636719 1776.63342285156 1812.9951171875 1797.82543945312 1807.35485839844 1819.05871582031 1834.88635253906 1845.8427734375 1857.53747558594 1874.71508789062 1885.74816894531 1894.25573730469 1908.9296875 1934.68737792969 1952.63037109375 1968.70166015625 1987.86474609375 2008.80615234375 2023.54553222656 2035.49035644531
1403.37536621094 1422.50341796875 1421.1962890625 1432.84191894531 1447.1396484375 1451.10205078125 1460.21655273438 1473.9423828125 1522.50769042969 1631.65979003906 1612.5498046875 1540.87561035156 1553.61962890625 1558.39965820312 1571.58557128906 1616.01318359375 1657.14929199219 1610.04858398438 1624.8291015625 1654.05090332031 1709.99145507812 1799.79907226562 1936.85168457031 1729.00634765625 1694.2021484375 1707.45947265625 1755.11499023438 1939.30297851562 2142.43139648438 1977.47998046875 1774.29870605469 1770.5703125 1803.13293457031 1854.22827148438 1827.59252929688 1815.23059082031 1826.51696777344 1838.18884277344 1848.771484375 1860.49584960938 1873.46911621094 1886.90563964844 1902.45751953125 1913.19128417969 1940.06665039062 1958.57800292969 1980.72021484375 2005.82775878906 2034.56030273438 2065.09838867188 2038.50317382812
1405.20080566406 1423.06091308594 1425.7763671875 1437.84753417969 1455.39807128906 1466.869140625 1470.56689453125 1486.05798339844 1510.62805175781 1564.46374511719 1639.95654296875 1553.763671875 1569.97717285156 1604.66564941406 1648.93969726562 1666.16748046875 1702.59753417969 1654.63317871094 1661.54382324219 1685.20275878906 1773.74865722656 1830.46948242188 1774.13500976562 1721.44445800781 1716.5283203125 1735.92211914062 1752.87841796875 1896.99768066406 2084.97631835938 1882.38854980469 1771.34057617188 1773.48583984375 1812.21435546875 1826.33666992188 1832.73657226562 1826.63720703125 1831.62719726562 1842.41296386719 1855.6640625 1866.75048828125 1882.548828125 1895.58837890625 1904.6259765625 1914.6826171875 1943.85400390625 1962.70971679688 1982.80908203125 2006.57421875 2045.87829589844 2093.39379882812 2057.19409179688
1407.34191894531 1419.81408691406 1428.62231445312 1437.82800292969 1452.955078125 1470.2744140625 1472.99267578125 1487.86169433594 1503.06188964844 1525.3466796875 1616.67150878906 1561.84204101562 1591.21032714844 1669.68408203125 1740.74670410156 1738.40209960938 1745.84741210938 1720.0107421875 1708.45080566406 1734.99157714844 1804.10485839844 1881.95703125 1747.91125488281 1736.82055664062 1745.17565917969 1763.00695800781 1759.05090332031 1863.99096679688 1985.36450195312 1810.56872558594 1767.94921875 1776.55224609375 1824.86376953125 1863.78356933594 -9999 1833.11901855469 1837.197265625 1850.2919921875 1862.89599609375 1872.76013183594 1890.14636230469 1903.53491210938 1907.13012695312 1915.93981933594 1945.77380371094 1962.87927246094 1980.50915527344 1998.92126464844 2032.03979492188 2066.3583984375 2043.00366210938
1415.89453125 1426.75256347656 1434.50036621094 1442.59838867188 1455.07495117188 1470.42883300781 1476.54504394531 1500.59362792969 1546.64929199219 1595.17614746094 1645.80383300781 1575.65490722656 1622.41589355469 1723.26965332031 1767.6796875 1771.88061523438 1775.74523925781 1779.13623046875 1768.44812011719 1778.66589355469 1839.61376953125 1910.24499511719 1752.17785644531 1754.94116210938 1780.42175292969 1778.99475097656 1755.28393554688 1830.02685546875 1905.3046875 1781.77172851562 1772.86254882812 1779.54150390625 1822.08056640625 1899.97534179688 -9999 1836.62744140625 1841.19921875 1852.61511230469 1865.23559570312 1878.79431152344 1895.10656738281 1905.42541503906 1912.12084960938 1922.26135253906 1948.14697265625 1966.216796875 1987.72009277344 2003.21057128906 2024.32666015625 2033.9951171875 2026.44055175781
1423.21716308594 1433.40490722656 1441.87280273438 1451.12219238281 1464.84301757812 1479.94287109375 1489.33935546875 1509.19458007812 1574.70849609375 1691.15478515625 1650.05749511719 1603.560546875 1651.74450683594 1748.13647460938 1757.14221191406 1770.63977050781 1786.73291015625 1800.87829589844 1793.58264160156 1782.3310546875 1826.45141601562 1887.23767089844 1757.30651855469 1756.88671875 1782.16357421875 1775.13330078125 1767.27258300781 1867.63562011719 1947.37219238281 1790.20642089844 1775.42175292969 1782.55419921875 1806.62170410156 1899.1923828125 1890.72277832031 1845.75390625 1842.7236328125 1855.24426269531 1869.93872070312 1884.05871582031 1899.94995117188 1909.24560546875 1918.03649902344 1927.75561523438 1951.91577148438 1966.69860839844 1990.17456054688 2009.37963867188 2032.66223144531 2038.29260253906 2026.66149902344
1432.177734375 1441.93884277344 1451.5107421875 1460.32495117188 1474.15197753906 1492.08776855469 1507.47570800781 1521.66027832031 1569.96215820312 1643.29504394531 1611.17102050781 1608.94470214844 1651.06982421875 1748.60778808594 1752.06030273438 1763.10180664062 1781.99938964844 1801.21838378906 1791.83239746094 1799.22790527344 1844.92126464844 1939.80822753906 1767.33581542969 1760.9345703125 1800.21105957031 1828.07165527344 1771.21838378906 1836.97351074219 1880.70874023438 1787.71960449219 1777.16430664062 1785.20776367188 1803.88256835938 1855.9462890625 1861.41369628906 1843.712890625 1854.93090820312 1874.90368652344 1883.16528320312 1892.61401367188 1905.43884277344 1916.77380371094 1923.65515136719 1930.63134765625 1953.66931152344 1967.27905273438 1993.19348144531 2023.33776855469 2062.193359375 2063.18896484375 2025.24206542969
1443.02307128906 1453.29333496094 1464.84973144531 1471.71105957031 1481.20788574219 1500.87780761719 1518.75219726562 1528.162109375 1546.96130371094 1562.91723632812 1583.54858398438 1599.24377441406 1636.62060546875 1733.51708984375 1759.79638671875 1760.13928222656 1771.48486328125 1793.81274414062 1777.25744628906 1802.04223632812 1855.14526367188 1917.1552734375 1761.67810058594 1759.98840332031 1827.45300292969 1893.23779296875 1762.79467773438 1774.35131835938 1787.82958984375 1789.61303710938 1781.19030761719 1787.51977539062 1799.43811035156 1823.01843261719 1823.92248535156 -9999 -9999 1902.30090332031 1905.26391601562 1909.60290527344 1917.05883789062 1920.89892578125 1927.13061523438 1936.41796875 1956.86657714844 1969.83544921875 1993.23742675781 2026.09423828125 2070.28002929688 2057.10791015625 2025.01220703125
1452.8720703125 1465.21069335938 1474.5693359375 1483.173828125 1491.623046875 1508.25573730469 1522.16223144531 1524.50341796875 1532.29858398438 1545.46508789062 1576.04345703125 1594.5458984375 1633.42712402344 1714.29650878906 1748.14282226562 1770.7490234375 1775.92504882812 1779.052734375 1767.91711425781 1787.23571777344 1819.88745117188 1810.77099609375 1744.93371582031 1751.12475585938 1817.78381347656 1916.92761230469 1816.24340820312 1769.39306640625 1777.12756347656 1787.08532714844 1790.03601074219 1805.08679199219 1799.60473632812 1826.28759765625 1832.486328125 -9999 1895.7470703125 1921.10522460938 1928.84057617188 1920.85961914062 1925.29443359375 1921.52709960938 1926.93908691406 1937.82592773438 1958.94616699219 1970.70202636719 1994.90222167969 2021.19201660156 2041.16638183594 2028.40014648438 2023.59973144531
1461.86560058594 1473.75610351562 1487.39892578125 1501.01159667969 1501.57897949219 1515.27014160156 1526.38305664062 1530.3251953125 1540.05053710938 1550.34985351562 1588.23095703125 1593.8271484375 1623.91735839844 1671.48645019531 1710.37170410156 1778.74108886719 1779.93640136719 1774.146484375 1785.32019042969 1799.11669921875 1804.90026855469 1770.28588867188 -9999 -9999 -9999 1875.80102539062 1852.94995117188 1785.01452636719 1774.13195800781 1777.33618164062 1800.60107421875 1832.99169921875 1811.38562011719 1826.27868652344 1836.642578125 -9999 1904.35791015625 1962.60180664062 1953.75524902344 1916.99841308594 1922.1201171875 1923.64660644531 1930.93493652344 1940.68298339844 1958.17065429688 1972.21826171875 1996.74853515625 2044.916015625 2080.37866210938 2021.66467285156 2023.77453613281
1471.88330078125 1481.29565429688 1499.33264160156 1517.67944335938 1511.337890625 1520.18322753906 1529.01086425781 1537.064453125 1548.3046875 1559.54357910156 1593.21765136719 1593.16674804688 1612.41528320312 1647.7060546875 1721.05871582031 1785.18835449219 1783.40380859375 1787.31469726562 1810.87170410156 1817.79565429688 1808.50915527344 1795.62561035156 1735.06799316406 1744.70263671875 -9999 1788.75207519531 1796.6533203125 1781.90563964844 1779.10888671875 1781.77270507812 1807.38818359375 1836.65539550781 1820.03063964844 1836.06958007812 1842.83715820312 1854.54565429688 1906.96997070312 2004.669921875 2008.43054199219 1919.85815429688 -9999 1926.76684570312 1934.82434082031 1945.0048828125 1959.75671386719 1979.57946777344 2007.40869140625 2056.46118164062 2098.56567382812 2028.48229980469 2027.20568847656
1482.54040527344 1489.42578125 1502.91430664062 1519.548828125 1522.82824707031 1525.81372070312 1532.861328125 1541.10620117188 1551.83227539062 1561.7412109375 1585.58361816406 1595.27563476562 1633.10766601562 1698.77014160156 1759.5771484375 1798.95983886719 1808.2978515625 1825.59753417969 1817.93615722656 1823.74877929688 1821.84558105469 1830.04736328125 1746.44152832031 -9999 1759.77978515625 1764.25549316406 1757.44763183594 1769.17578125 1781.79968261719 1792.06958007812 1813.31762695312 1839.65686035156 1831.11730957031 1854.89306640625 1851.35559082031 1857.60815429688 1892.78332519531 1982.56994628906 2020.52746582031 1921.41650390625 1921.24609375 1927.0966796875 1934.82482910156 1944.515625 1963.51171875 1987.72180175781 2029.55065917969 2071.31616210938 2079.2294921875 2038.79528808594 2034.12951660156
