rcp4.5models/CNRM_CM5/sc1gr10.30
NCOLS 261 
NROWS 433 
XLLCORNER 336357.134 
YLLCORNER 654653.479 
CELLSIZE 1000 
NODATA_value -3.4e+38 
[rows 88 to 109 of 433, columns 98 to 146 of 261]
273.9365234375 274.643218994141 276.055389404297 278.320739746094 280.30078125 281.06201171875 282.703094482422 284.799774169922 285.497924804688 286.975128173828 287.558715820312 288.568695068359 289.79345703125 290.516723632812 293.867126464844 294.970520019531 295.834991455078 297.563598632812 298.743408203125 299.457489013672 300.401428222656 302.576995849609 303.559997558594 305.474060058594 306.255065917969 307.827972412109 308.349212646484 309.18701171875 309.741455078125 310.296997070312 311.108764648438 313.008819580078 314.788360595703 315.348205566406 315.908355712891 316.882049560547 319.067474365234 322.612335205078 323.872863769531 324.690948486328 326.050079345703 327.807098388672 328.864837646484 330.564483642578 332.653411865234 333.389770507812 334.614410400391 336.658813476562 338.73193359375
274.714050292969 276.289245605469 277.076049804688 279.449127197266 280.902893066406 281.717254638672 283.714019775391 285.429840087891 286.150054931641 287.041076660156 288.157104492188 288.999053955078 290.488250732422 292.1044921875 294.077941894531 295.232666015625 297.042236328125 298.686126708984 299.576721191406 301.198120117188 301.844879150391 303.223022460938 305.004852294922 306.384338378906 307.186004638672 308.052795410156 308.767608642578 309.433288574219 310.166259765625 311.52001953125 312.441467285156 313.895812988281 315.053070068359 316.350891113281 316.954315185547 318.21435546875 320.705871582031 323.408477783203 324.881561279297 326.235992431641 327.323425292969 328.877624511719 330.391815185547 332.065460205078 333.751312255859 334.920715332031 335.969573974609 337.73974609375 339.479553222656
276.187225341797 277.348327636719 277.952911376953 279.908325195312 281.033294677734 283.170013427734 284.485290527344 285.968139648438 286.661865234375 287.506225585938 289.872894287109 290.480743408203 291.598693847656 293.37353515625 294.837066650391 296.563232421875 297.786987304688 298.937805175781 300.536865234375 301.90234375 302.882629394531 304.975219726562 306.167297363281 307.043304443359 308.660858154297 309.241638183594 310.506500244141 311.054901123047 311.726409912109 313.044067382812 314.710876464844 315.552520751953 316.238220214844 317.345123291016 318.104522705078 319.230102539062 321.588348388672 323.784301757812 325.109100341797 327.082244873047 328.392486572266 329.468536376953 331.466613769531 333.179229736328 334.388427734375 335.800384521484 336.274658203125 338.645538330078 340.222686767578
276.944885253906 277.927703857422 278.961090087891 282.185791015625 282.778930664062 284.339111328125 285.418640136719 286.160766601562 287.359588623047 289.526214599609 290.819183349609 291.762115478516 292.921112060547 293.878723144531 297.169830322266 298.336364746094 299.133758544922 300.76513671875 301.976104736328 303.076934814453 305.173065185547 306.176483154297 307.661407470703 308.506103515625 309.784027099609 310.822967529297 312.251586914062 313.633117675781 313.879150390625 315.114959716797 315.6943359375 316.598724365234 318.332336425781 320.0732421875 321.537689208984 322.974060058594 323.645935058594 325.820251464844 326.581817626953 327.649353027344 329.523864746094 330.497344970703 -3.4e+38 333.820922851562 336.179992675781 337.079986572266 338.150848388672 339.098022460938 342.251892089844
277.588958740234 279.238708496094 280.49365234375 282.814483642578 283.863403320312 284.408996582031 285.583374023438 287.668914794922 288.500640869141 290.131439208984 291.476440429688 293.019744873047 294.004516601562 295.354522705078 297.267822265625 298.385467529297 299.334625244141 301.350708007812 302.066925048828 303.019317626953 305.321899414062 306.902740478516 308.961883544922 309.651031494141 310.390563964844 311.048522949219 313.236877441406 314.430114746094 315.062133789062 315.957763671875 317.434753417969 318.189453125 319.69482421875 321.060638427734 322.60693359375 323.664825439453 324.265930175781 325.962219238281 327.931335449219 328.7587890625 330.266906738281 331.157196044922 332.606842041016 334.695678710938 336.467803955078 337.294616699219 338.672180175781 -3.4e+38 343.454895019531
278.135833740234 280.283416748047 281.171356201172 282.876861572266 283.906158447266 284.987060546875 285.894805908203 288.237670898438 289.602478027344 290.202392578125 291.534820556641 294.172668457031 294.874694824219 295.80419921875 298.363006591797 299.4951171875 300.417297363281 301.810607910156 303.296783447266 304.118408203125 305.402984619141 306.852020263672 309.207183837891 310.7392578125 311.392639160156 311.971771240234 313.870086669922 314.442749023438 315.105865478516 316.085723876953 318.479309082031 319.726440429688 321.344573974609 322.149017333984 323.206420898438 323.755187988281 324.387756347656 -3.4e+38 328.836090087891 329.96826171875 330.775085449219 332.290863037109 -3.4e+38 335.553375244141 336.932434082031 338.775299072266 339.770416259766 341.4375 344.819885253906
278.937713623047 280.643615722656 281.339630126953 283.423583984375 283.970947265625 285.147521972656 287.297668457031 288.497406005859 289.615173339844 290.448425292969 292.657623291016 294.087249755859 294.941833496094 296.088775634766 299.208892822266 300.205902099609 300.880157470703 301.971099853516 304.129455566406 305.260284423828 306.148284912109 307.766326904297 309.45556640625 311.64111328125 312.353668212891 312.918975830078 314.159454345703 315.061553955078 316.370239257812 317.100860595703 318.517395019531 319.93701171875 322.083648681641 322.805297851562 323.353057861328 324.106018066406 325.464721679688 327.571380615234 328.9169921875 330.319488525391 332.028594970703 333.515441894531 334.372253417969 335.918670654297 338.027709960938 339.664215087891 340.821014404297 342.029022216797 345.981048583984
279.500885009766 280.522918701172 281.703582763672 284.416931152344 285.045440673828 286.168548583984 287.713256835938 288.506072998047 289.854278564453 291.600494384766 293.177825927734 293.89501953125 295.039855957031 296.273529052734 299.168243408203 300.460083007812 301.318908691406 302.927154541016 304.323089599609 305.363006591797 307.133941650391 308.427551269531 309.594757080078 311.76953125 312.423156738281 312.962066650391 314.469848632812 316.068206787109 317.26123046875 317.673034667969 -3.4e+38 320.527038574219 322.408050537109 323.988739013672 324.580627441406 325.441833496094 326.527984619141 329.268646240234 329.973968505859 -3.4e+38 332.7236328125 -3.4e+38 335.880126953125 337.01708984375 338.653930664062 340.203216552734 342.144409179688 343.460479736328 347.554779052734
279.337554931641 280.552856445312 281.531158447266 285.104614257812 285.833160400391 286.771270751953 287.798156738281 288.569122314453 289.884948730469 292.534454345703 293.435882568359 295.083404541016 295.966064453125 297.341918945312 299.574279785156 301.376617431641 302.272399902344 303.372863769531 304.216156005859 305.298004150391 307.795257568359 308.843902587891 310.642761230469 312.168487548828 313.317230224609 313.065673828125 315.584228515625 316.566650390625 316.868255615234 317.796173095703 319.035461425781 321.217376708984 322.470001220703 324.611602783203 325.528930664062 326.995147705078 328.266052246094 330.212188720703 331.016082763672 -3.4e+38 332.956390380859 335.127319335938 336.9208984375 338.045593261719 339.326110839844 341.744171142578 343.19580078125 344.935394287109 348.963897705078
279.358703613281 280.394927978516 281.696929931641 285.011016845703 286.214538574219 286.957885742188 287.994354248047 289.659881591797 290.830474853516 292.421661376953 293.414825439453 295.662841796875 296.847747802734 297.781005859375 300.477996826172 301.651306152344 302.913665771484 303.639282226562 305.3251953125 306.302124023438 307.880950927734 309.679290771484 311.093322753906 312.209594726562 313.942840576172 313.990173339844 316.070739746094 316.668334960938 316.851165771484 318.083099365234 319.709075927734 321.305389404297 323.100677490234 324.907104492188 325.684448242188 327.043792724609 329.049377441406 330.466064453125 331.540283203125 332.355377197266 334.119689941406 335.9140625 337.361785888672 339.289306640625 340.83251953125 342.470581054688 344.023712158203 346.180297851562 349.505950927734
279.6875 280.417022705078 281.586456298828 285.051422119141 286.062438964844 286.855651855469 288.27978515625 290.473815917969 291.3828125 292.039184570312 293.518646240234 295.759063720703 296.810943603516 297.4814453125 301.15380859375 301.906951904297 -3.4e+38 303.833251953125 305.876953125 306.890167236328 308.666046142578 310.491149902344 311.198181152344 312.314666748047 314.204528808594 314.939514160156 316.194732666016 317.184631347656 318.395629882812 319.226806640625 320.488250732422 321.513702392578 323.643737792969 324.947570800781 325.742309570312 327.541137695312 329.339721679688 331.613372802734 332.614929199219 333.475219726562 335.139801025391 336.351898193359 338.445281982422 340.316528320312 341.695495605469 343.692932128906 345.168823242188 346.877746582031 350.802429199219
279.678802490234 280.253051757812 281.637054443359 285.035675048828 287.152557373047 287.921905517578 289.030914306641 290.389343261719 291.746795654297 293.295227050781 294.275329589844 295.605987548828 296.618133544922 298.741058349609 301.082214355469 302.030151367188 303.422027587891 304.452514648438 306.159240722656 307.127502441406 309.410247802734 310.736328125 312.266082763672 313.027313232422 314.1513671875 314.977081298828 317.249206542969 318.073059082031 319.542907714844 320.804473876953 320.768127441406 322.369171142578 323.534210205078 324.860656738281 326.911071777344 328.200408935547 329.415832519531 332.136505126953 333.096588134766 334.410003662109 336.342315673828 337.783477783203 -3.4e+38 340.684112548828 342.793853759766 344.475372314453 346.249237060547 348.423522949219 351.935943603516
279.631561279297 280.402648925781 282.558410644531 285.142486572266 287.635620117188 288.531860351562 289.163604736328 290.578216552734 292.600494384766 293.866180419922 294.434020996094 295.849792480469 297.658264160156 299.31298828125 300.875305175781 303.103393554688 304.341949462891 305.080993652344 306.3515625 307.891143798828 309.611663818359 311.234588623047 312.584625244141 313.249572753906 314.322906494141 314.71044921875 318.15478515625 319.082824707031 320.708679199219 321.893005371094 321.948974609375 323.120574951172 323.937286376953 325.820281982422 327.460357666016 328.255462646484 329.880279541016 332.380798339844 333.402770996094 335.496063232422 337.428466796875 338.911804199219 340.646942138672 341.979736328125 343.99658203125 345.111053466797 347.691741943359 349.550079345703 353.625
279.317016601562 280.291351318359 283.062622070312 284.936370849609 287.201995849609 288.527709960938 289.342254638672 291.364013671875 292.747375488281 293.986389160156 294.822937011719 296.691925048828 298.040954589844 299.096252441406 302.065490722656 303.533355712891 304.184997558594 305.093597412109 306.866180419922 308.235992431641 309.801818847656 312.0439453125 312.721740722656 313.516418457031 314.612335205078 315.928771972656 319.239807128906 320.062438964844 321.323364257812 321.973236083984 322.501708984375 323.280914306641 324.911285400391 326.164337158203 327.374176025391 329.418701171875 330.636413574219 333.405456542969 334.434143066406 336.472259521484 338.648803710938 340.025817871094 341.697967529297 343.249969482422 345.373626708984 346.680969238281 348.782562255859 351.043029785156 355.451354980469
279.339385986328 280.283874511719 282.762573242188 284.988922119141 287.218170166016 288.261840820312 289.234436035156 291.501525878906 292.772583007812 293.840057373047 295.725463867188 296.8525390625 298.137023925781 299.261596679688 302.383850097656 303.093200683594 304.049041748047 306.121856689453 307.522277832031 308.392150878906 309.58154296875 312.033172607422 313.563598632812 315.039886474609 315.889617919922 317.290557861328 319.994812011719 320.268707275391 321.415252685547 321.708801269531 323.039398193359 324.07958984375 325.850250244141 326.619293212891 328.326843261719 329.963592529297 330.972198486328 334.348358154297 335.369384765625 337.503753662109 339.522003173828 340.690399169922 342.136932373047 344.337341308594 346.843902587891 348.853302001953 350.209014892578 352.571105957031 356.776092529297
279.323394775391 281.564697265625 282.596435546875 285.274230957031 287.058410644531 287.864715576172 289.102935791016 291.008850097656 291.888153076172 293.486755371094 295.634338378906 296.739990234375 297.807647705078 300.114685058594 303.139495849609 304.207458496094 305.577239990234 306.412780761719 307.978851318359 310.021942138672 310.868865966797 312.017181396484 314.586608886719 315.171051025391 316.328674316406 318.330718994141 319.576629638672 320.459808349609 322.221313476562 323.907684326172 324.434997558594 324.934509277344 327.1259765625 328.380218505859 329.5615234375 331.987518310547 332.942687988281 336.44189453125 337.150665283203 339.037628173828 342.190856933594 343.423583984375 344.517822265625 347.109252929688 349.273040771484 351.652923583984 353.523162841797 355.746368408203 358.528045654297
280.218872070312 281.314208984375 282.255004882812 285.826232910156 286.8544921875 287.436859130859 288.418273925781 290.591705322266 291.90576171875 293.236022949219 295.453002929688 296.265045166016 297.422546386719 300.169128417969 303.859436035156 305.016021728516 305.687713623047 306.778930664062 308.814514160156 309.921142578125 311.070892333984 313.323150634766 314.711242675781 315.61669921875 317.211944580078 318.467315673828 320.037292480469 321.491790771484 322.814575195312 324.133026123047 325.377136230469 326.084594726562 327.96875 329.407867431641 330.678802490234 333.210998535156 334.008544921875 336.396087646484 337.545654296875 340.249938964844 343.315185546875 344.624786376953 346.097869873047 348.199432373047 350.747894287109 353.108276367188 354.100799560547 356.117004394531 360.162017822266
280.876037597656 281.323883056641 282.321380615234 285.594573974609 286.555389404297 288.564392089844 289.240509033203 290.617584228516 291.706329345703 292.748107910156 295.051574707031 296.491027832031 298.323669433594 300.239471435547 303.934722900391 305.226104736328 306.757629394531 307.640563964844 309.473510742188 310.398559570312 312.267150878906 314.261840820312 316.347717285156 316.998046875 317.673461914062 318.487640380859 320.997283935547 322.040130615234 322.632537841797 323.842590332031 326.022338867188 327.558868408203 329.275695800781 330.613647460938 332.449005126953 333.958190917969 334.652709960938 337.608673095703 338.789886474609 341.591735839844 344.163421630859 345.532623291016 347.008636474609 349.628692626953 351.902038574219 353.487335205078 355.322174072266 357.376281738281 361.341949462891
280.644805908203 281.100372314453 282.069030761719 285.753997802734 287.557434082031 289.158630371094 289.80126953125 290.406646728516 291.352600097656 293.205657958984 295.085113525391 296.453887939453 298.682464599609 299.921264648438 303.9248046875 305.684204101562 307.005004882812 308.408569335938 309.389373779297 310.514495849609 312.697967529297 314.576599121094 317.025604248047 317.462127685547 317.743713378906 318.747680664062 321.638732910156 322.528289794922 323.886535644531 324.874908447266 326.409759521484 328.627868652344 330.274230957031 330.940124511719 333.320373535156 333.630950927734 335.087097167969 338.358703613281 339.699310302734 342.872955322266 345.65625 347.176086425781 348.308563232422 351.162353515625 353.304443359375 354.615295410156 356.858917236328 358.983856201172 362.671905517578
280.636260986328 281.225250244141 282.988708496094 285.637054443359 287.867523193359 288.65576171875 289.620971679688 291.475799560547 292.368743896484 293.7734375 295.006164550781 296.637664794922 298.282043457031 299.868103027344 303.646270751953 306.313415527344 307.135345458984 308.524444580078 309.907135009766 310.964569091797 312.979125976562 315.306762695312 316.993316650391 317.097686767578 318.005554199219 319.706634521484 322.482879638672 323.913513183594 324.716003417969 326.212646484375 327.840576171875 329.431610107422 331.390594482422 331.876586914062 333.569061279297 335.007232666016 336.096862792969 338.846649169922 340.661437988281 343.321899414062 346.460266113281 348.531707763672 350.403411865234 352.122894287109 354.570343017578 357.224670410156 359.400817871094 360.564453125 364.5048828125
280.546325683594 282.178649902344 283.309295654297 285.171081542969 287.889068603516 288.652496337891 289.526428222656 291.939697265625 292.74853515625 293.562683105469 294.581451416016 296.619201660156 298.089141845703 299.592987060547 303.682220458984 306.308319091797 307.794677734375 309.531982421875 310.63232421875 311.564971923828 313.182861328125 316.061676025391 316.956359863281 317.561157226562 319.109161376953 320.342315673828 323.405670166016 324.412414550781 325.165863037109 327.333862304688 328.853454589844 329.717102050781 332.411651611328 333.368591308594 335.029083251953 336.314636230469 336.822875976562 339.800903320312 341.508453369141 344.076843261719 346.3515625 348.494842529297 351.787475585938 353.199432373047 355.987274169922 358.643768310547 360.741363525391 361.818725585938 366.720642089844
280.618225097656 282.824066162109 283.302307128906 284.93115234375 287.467498779297 288.250061035156 289.177062988281 291.417602539062 292.313201904297 293.757476806641 295.525238037109 296.835266113281 298.091705322266 -3.4e+38 303.398101806641 306.510345458984 308.611938476562 310.087463378906 311.281768798828 312.33056640625 314.333648681641 316.731079101562 318.103424072266 319.080352783203 320.299987792969 321.103393554688 324.992584228516 325.616363525391 326.923706054688 329.032318115234 330.558441162109 330.775268554688 333.267852783203 334.891540527344 336.230865478516 336.611206054688 336.982055664062 340.621978759766 342.518890380859 344.534606933594 346.706420898438 349.355712890625 352.471252441406 354.922943115234 357.300262451172 359.173950195312 361.301727294922 363.761047363281 368.041137695312
