rcp4.5models/CNRM_CM5/sc1gr2.8
NCOLS 261 
NROWS 433 
XLLCORNER 336357.134 
YLLCORNER 654653.479 
CELLSIZE 1000 
NODATA_value -3.4e+38 
[rows 0 to 21 of 433, columns 49 to 97 of 261]
-3.4e+38 -3.4e+38 -3.4e+38 -3.4e+38 -3.4e+38 -3.4e+38 -3.4e+38 -3.4e+38 -3.4e+38 -3.4e+38 -3.4e+38 -3.4e+38 -3.4e+38 -3.4e+38 -3.4e+38 -3.4e+38 -3.4e+38 -3.4e+38 -3.4e+38 -3.4e+38 -3.4e+38 -3.4e+38 -3.4e+38 -3.4e+38 -3.4e+38 -3.4e+38 -3.4e+38 -3.4e+38 -3.4e+38 -3.4e+38 -3.4e+38 -3.4e+38 -3.4e+38 -3.4e+38 -3.4e+38 -3.4e+38 -3.4e+38 -3.4e+38 -3.4e+38 -3.4e+38 -3.4e+38 -3.4e+38 -3.4e+38 -3.4e+38 -3.4e+38 -3.4e+38 -3.4e+38 -3.4e+38 -3.4e+38
-3.4e+38 -3.4e+38 -3.4e+38 -3.4e+38 -3.4e+38 -3.4e+38 -3.4e+38 -3.4e+38 -3.4e+38 -3.4e+38 -3.4e+38 -3.4e+38 -3.4e+38 -3.4e+38 -3.4e+38 -3.4e+38 -3.4e+38 -3.4e+38 -3.4e+38 -3.4e+38 -3.4e+38 328.090545654297 328.082611083984 328.071960449219 328.061218261719 328.050323486328 328.039276123047 328.604797363281 328.965057373047 328.909606933594 328.982208251953 328.970428466797 -3.4e+38 -3.4e+38 -3.4e+38 -3.4e+38 -3.4e+38 -3.4e+38 -3.4e+38 -3.4e+38 -3.4e+38 -3.4e+38 -3.4e+38 -3.4e+38 -3.4e+38 -3.4e+38 -3.4e+38 -3.4e+38 -3.4e+38
-3.4e+38 -3.4e+38 -3.4e+38 -3.4e+38 -3.4e+38 -3.4e+38 -3.4e+38 -3.4e+38 -3.4e+38 -3.4e+38 -3.4e+38 -3.4e+38 -3.4e+38 -3.4e+38 -3.4e+38 -3.4e+38 -3.4e+38 -3.4e+38 -3.4e+38 -3.4e+38 327.836303710938 328.077789306641 328.068603515625 328.05810546875 328.047454833984 328.036682128906 328.025726318359 327.657623291016 328.133056640625 328.926666259766 328.969177246094 328.95751953125 328.941467285156 -3.4e+38 -3.4e+38 -3.4e+38 -3.4e+38 -3.4e+38 -3.4e+38 -3.4e+38 -3.4e+38 -3.4e+38 -3.4e+38 -3.4e+38 -3.4e+38 -3.4e+38 -3.4e+38 -3.4e+38 -3.4e+38
-3.4e+38 -3.4e+38 -3.4e+38 328.222930908203 328.218536376953 327.550933837891 327.204528808594 327.189697265625 327.181976318359 327.332336425781 327.237274169922 -3.4e+38 -3.4e+38 327.561218261719 328.131683349609 327.401306152344 327.113494873047 327.104125976562 327.832061767578 327.330932617188 327.264434814453 327.320037841797 327.876861572266 328.039184570312 328.028625488281 328.017944335938 328.007110595703 327.778076171875 327.929321289062 328.244232177734 328.235046386719 328.811859130859 328.927703857422 -3.4e+38 -3.4e+38 -3.4e+38 -3.4e+38 -3.4e+38 -3.4e+38 -3.4e+38 -3.4e+38 -3.4e+38 -3.4e+38 -3.4e+38 -3.4e+38 -3.4e+38 -3.4e+38 -3.4e+38 -3.4e+38
327.220672607422 327.216827392578 327.210693359375 327.341217041016 327.410491943359 327.266387939453 327.188293457031 327.173736572266 326.633422851562 326.384246826172 326.379089355469 326.373718261719 326.202331542969 326.46337890625 326.596099853516 326.417053222656 326.34375 326.890106201172 327.259155273438 327.124145507812 327.05078125 327.040740966797 327.232727050781 327.854064941406 327.439392089844 327.842132568359 327.988372802734 327.977508544922 327.966491699219 327.360961914062 327.802490234375 328.157379150391 328.788055419922 328.893493652344 -3.4e+38 -3.4e+38 -3.4e+38 -3.4e+38 -3.4e+38 -3.4e+38 -3.4e+38 -3.4e+38 -3.4e+38 -3.4e+38 -3.4e+38 -3.4e+38 -3.4e+38 -3.4e+38 -3.4e+38
326.690612792969 326.915832519531 326.675537109375 326.393646240234 326.390167236328 326.386444091797 326.382507324219 326.373931884766 326.21533203125 326.138000488281 326.130096435547 326.122039794922 326.11376953125 326.105316162109 326.0966796875 326.087860107422 326.078887939453 326.252899169922 327.050903320312 -3.4e+38 327.031494140625 -3.4e+38 327.011413574219 326.638092041016 326.317962646484 327.612335205078 327.393585205078 327.234558105469 327.225982666016 327.562438964844 327.863128662109 327.902954101562 328.132049560547 328.764221191406 -3.4e+38 -3.4e+38 -3.4e+38 -3.4e+38 -3.4e+38 -3.4e+38 -3.4e+38 -3.4e+38 -3.4e+38 -3.4e+38 -3.4e+38 -3.4e+38 -3.4e+38 -3.4e+38 -3.4e+38
326.255035400391 326.308654785156 326.243347167969 326.166625976562 326.160247802734 326.153656005859 326.146881103516 326.132629394531 326.125213623047 326.117614746094 325.568878173828 325.334350585938 325.328948974609 325.323303222656 325.317474365234 325.311462402344 325.305206298828 325.298797607422 326.285369873047 -3.4e+38 -3.4e+38 -3.4e+38 -3.4e+38 326.774475097656 -3.4e+38 327.118591308594 327.584228515625 327.084350585938 327.510711669922 327.855316162109 327.895935058594 327.884613037109 327.873168945312 328.106750488281 327.891235351562 -3.4e+38 -3.4e+38 -3.4e+38 -3.4e+38 -3.4e+38 -3.4e+38 -3.4e+38 -3.4e+38 -3.4e+38 -3.4e+38 -3.4e+38 -3.4e+38 -3.4e+38 -3.4e+38
326.163146972656 326.157531738281 326.151672363281 326.145599365234 326.139282226562 325.603393554688 325.342010498047 324.797668457031 324.553924560547 324.552093505859 324.387603759766 324.314575195312 324.856353759766 325.065093994141 325.056640625 325.048034667969 325.039215087891 325.030212402344 325.266265869141 -3.4e+38 -3.4e+38 -3.4e+38 -3.4e+38 -3.4e+38 -3.4e+38 326.214233398438 326.424957275391 326.833221435547 327.136016845703 -3.4e+38 327.163360595703 327.154357910156 327.145233154297 327.135986328125 327.723693847656 -3.4e+38 -3.4e+38 -3.4e+38 -3.4e+38 -3.4e+38 -3.4e+38 -3.4e+38 -3.4e+38 -3.4e+38 -3.4e+38 -3.4e+38 -3.4e+38 -3.4e+38 -3.4e+38
325.34033203125 324.815551757812 324.539703369141 324.539733886719 324.539459228516 324.394653320312 324.855285644531 324.159851074219 324.084075927734 324.076629638672 324.068969726562 324.061157226562 324.223022460938 324.284027099609 324.831481933594 325.028015136719 325.019287109375 325.010375976562 -3.4e+38 324.982696533203 324.97314453125 325.166412353516 325.218719482422 325.78515625 325.933502197266 -3.4e+38 325.912811279297 326.125518798828 326.755310058594 -3.4e+38 -3.4e+38 326.847686767578 326.83642578125 326.825042724609 327.064208984375 326.840667724609 -3.4e+38 -3.4e+38 -3.4e+38 -3.4e+38 -3.4e+38 -3.4e+38 -3.4e+38 -3.4e+38 -3.4e+38 -3.4e+38 -3.4e+38 -3.4e+38 -3.4e+38
324.319488525391 324.184234619141 324.109252929688 324.103332519531 324.097198486328 324.090850830078 324.232727050781 324.070587158203 324.063415527344 324.056060791016 324.048492431641 324.040740966797 323.482177734375 323.264282226562 323.436126708984 324.054840087891 323.687927246094 324.052154541016 -3.4e+38 324.963043212891 324.953582763672 -3.4e+38 -3.4e+38 325.135040283203 325.184753417969 -3.4e+38 -3.4e+38 325.88330078125 326.100402832031 -3.4e+38 326.840209960938 326.829132080078 326.817962646484 326.806671142578 326.795257568359 326.783752441406 326.767456054688 -3.4e+38 -3.4e+38 -3.4e+38 -3.4e+38 -3.4e+38 -3.4e+38 -3.4e+38 -3.4e+38 -3.4e+38 -3.4e+38 -3.4e+38 -3.4e+38
323.836303710938 323.170715332031 323.078002929688 322.892852783203 323.104156494141 322.579315185547 322.410858154297 322.409606933594 322.315338134766 322.244262695312 322.789642333984 322.447723388672 322.783966064453 322.984039306641 322.975921630859 322.967590332031 322.959136962891 323.139862060547 -3.4e+38 323.923553466797 323.914245605469 324.110900878906 -3.4e+38 324.098297119141 324.147064208984 324.139465332031 324.354675292969 324.988494873047 325.115692138672 324.862426757812 325.282775878906 -3.4e+38 -3.4e+38 326.769653320312 326.758422851562 326.747100830078 326.735656738281 326.724151611328 -3.4e+38 -3.4e+38 -3.4e+38 -3.4e+38 -3.4e+38 -3.4e+38 -3.4e+38 -3.4e+38 -3.4e+38 -3.4e+38 -3.4e+38
322.966278076172 322.907958984375 323.01318359375 322.968170166016 322.462585449219 322.095001220703 322.021270751953 322.008056640625 322.001129150391 321.993988037109 322.154174804688 321.695983886719 322.016143798828 322.204742431641 322.199401855469 322.755767822266 322.93896484375 322.930389404297 323.10986328125 323.163238525391 323.730377197266 -3.4e+38 -3.4e+38 -3.4e+38 323.856170654297 -3.4e+38 323.836181640625 324.053405761719 324.686431884766 324.794586181641 324.783874511719 325.262023925781 -3.4e+38 326.751068115234 326.137084960938 326.632629394531 326.717315673828 326.705871582031 -3.4e+38 -3.4e+38 -3.4e+38 -3.4e+38 -3.4e+38 -3.4e+38 -3.4e+38 -3.4e+38 -3.4e+38 -3.4e+38 -3.4e+38
322.652496337891 322.359283447266 322.231170654297 322.228546142578 322.079559326172 321.743377685547 321.396545410156 321.319549560547 321.486694335938 321.404724121094 321.239227294922 321.086761474609 321.149719238281 321.184783935547 321.371154785156 321.605224609375 321.649078369141 322.036956787109 322.150268554688 322.717193603516 -3.4e+38 -3.4e+38 -3.4e+38 323.846405029297 323.836669921875 -3.4e+38 -3.4e+38 324.395477294922 -3.4e+38 324.775573730469 324.764953613281 324.754211425781 -3.4e+38 -3.4e+38 -3.4e+38 325.969421386719 326.000671386719 326.601043701172 326.676086425781 -3.4e+38 -3.4e+38 -3.4e+38 -3.4e+38 -3.4e+38 -3.4e+38 -3.4e+38 -3.4e+38 -3.4e+38 -3.4e+38
322.132751464844 322.057312011719 321.784362792969 321.661193847656 321.103546142578 321.083129882812 320.794982910156 320.752807617188 320.639190673828 321.021606445312 321.003967285156 320.615295410156 320.813842773438 321.138702392578 321.25732421875 321.056243896484 -3.4e+38 321.335174560547 321.872772216797 -3.4e+38 -3.4e+38 322.475921630859 -3.4e+38 -3.4e+38 -3.4e+38 323.807373046875 323.797454833984 324.606994628906 324.777221679688 324.756500244141 324.745971679688 324.735321044922 -3.4e+38 -3.4e+38 -3.4e+38 -3.4e+38 325.680419921875 325.936279296875 325.964141845703 327.457611083984 -3.4e+38 -3.4e+38 -3.4e+38 -3.4e+38 -3.4e+38 -3.4e+38 -3.4e+38 -3.4e+38 -3.4e+38
321.914855957031 321.995880126953 321.713073730469 321.569854736328 321.152893066406 321.060821533203 320.678405761719 320.501892089844 320.43603515625 320.540069580078 320.532073974609 320.398040771484 320.442718505859 320.528625488281 320.873443603516 -3.4e+38 -3.4e+38 -3.4e+38 321.852661132812 -3.4e+38 321.882110595703 321.882080078125 322.041534423828 322.661956787109 323.017944335938 323.063629150391 323.05615234375 323.279144287109 324.510162353516 323.909210205078 324.016632080078 324.608947753906 324.705657958984 -3.4e+38 -3.4e+38 -3.4e+38 -3.4e+38 325.650665283203 325.639343261719 326.793548583984 327.539611816406 -3.4e+38 -3.4e+38 -3.4e+38 -3.4e+38 -3.4e+38 -3.4e+38 -3.4e+38 -3.4e+38
-3.4e+38 321.790405273438 321.618988037109 321.309509277344 321.123901367188 321.10888671875 320.683471679688 320.228698730469 320.235870361328 320.242248535156 320.34765625 320.367462158203 320.342102050781 320.316253662109 -3.4e+38 -3.4e+38 320.398681640625 -3.4e+38 -3.4e+38 321.663208007812 321.397552490234 321.265686035156 321.242828369141 321.896301269531 322.051727294922 322.633544921875 322.758514404297 322.748626708984 323.208679199219 323.558258056641 323.707824707031 324.547882080078 324.686737060547 324.675994873047 324.665191650391 -3.4e+38 -3.4e+38 -3.4e+38 325.620910644531 325.885681152344 326.807342529297 -3.4e+38 -3.4e+38 -3.4e+38 -3.4e+38 -3.4e+38 -3.4e+38 -3.4e+38 -3.4e+38
-3.4e+38 -3.4e+38 -3.4e+38 -3.4e+38 -3.4e+38 321.121826171875 320.489379882812 320.171325683594 320.186645507812 320.201324462891 320.246246337891 319.776397705078 320.152954101562 -3.4e+38 -3.4e+38 320.270751953125 320.242309570312 320.283935546875 320.730438232422 321.199005126953 321.137664794922 320.902252197266 320.996917724609 321.623382568359 321.758148193359 321.974517822266 322.610260009766 322.729125976562 322.719207763672 323.541290283203 323.688659667969 323.927978515625 323.962768554688 323.954315185547 324.554168701172 324.898895263672 -3.4e+38 -3.4e+38 -3.4e+38 325.591186523438 326.479675292969 -3.4e+38 -3.4e+38 -3.4e+38 -3.4e+38 -3.4e+38 -3.4e+38 -3.4e+38 -3.4e+38
-3.4e+38 -3.4e+38 -3.4e+38 -3.4e+38 -3.4e+38 321.131927490234 320.441772460938 320.184997558594 320.200500488281 320.215362548828 320.229644775391 320.089660644531 -3.4e+38 -3.4e+38 -3.4e+38 319.719085693359 319.542205810547 -3.4e+38 319.84912109375 319.791534423828 320.638946533203 320.782470703125 320.985321044922 321.022369384766 321.603118896484 321.728912353516 321.949645996094 321.991516113281 322.581085205078 322.923614501953 323.562957763672 323.659088134766 323.648651123047 323.638122558594 323.888458251953 324.529968261719 324.873687744141 -3.4e+38 -3.4e+38 -3.4e+38 325.842987060547 326.538757324219 -3.4e+38 -3.4e+38 -3.4e+38 -3.4e+38 -3.4e+38 -3.4e+38 -3.4e+38
-3.4e+38 -3.4e+38 -3.4e+38 -3.4e+38 -3.4e+38 320.453552246094 320.229370117188 320.198822021484 319.654052734375 319.463226318359 320.044647216797 320.2578125 -3.4e+38 320.143310546875 -3.4e+38 319.543060302734 319.892547607422 320.269836425781 319.401275634766 319.353302001953 319.659942626953 320.544128417969 320.800445556641 320.742828369141 320.943145751953 321.579925537109 321.699645996094 321.690002441406 321.918426513672 322.551483154297 322.898559570312 323.5390625 323.629516601562 323.619049072266 323.608489990234 323.86328125 324.505706787109 -3.4e+38 -3.4e+38 -3.4e+38 -3.4e+38 326.461791992188 326.509033203125 326.492218017578 -3.4e+38 -3.4e+38 -3.4e+38 -3.4e+38 -3.4e+38
-3.4e+38 -3.4e+38 -3.4e+38 -3.4e+38 -3.4e+38 -3.4e+38 320.176300048828 319.652404785156 319.290771484375 319.243865966797 320.000183105469 319.704711914062 -3.4e+38 319.495971679688 319.561065673828 -3.4e+38 320.105163574219 320.342987060547 -3.4e+38 319.522064208984 319.376922607422 319.678131103516 320.530883789062 320.707794189453 320.698638916016 321.512847900391 321.679901123047 321.670318603516 321.66064453125 322.490051269531 322.025939941406 323.380889892578 323.6103515625 323.599945068359 323.589447021484 324.192352294922 324.533142089844 324.830718994141 -3.4e+38 -3.4e+38 -3.4e+38 -3.4e+38 326.49072265625 326.479339599609 326.462463378906 -3.4e+38 -3.4e+38 -3.4e+38 -3.4e+38
-3.4e+38 -3.4e+38 -3.4e+38 -3.4e+38 -3.4e+38 -3.4e+38 -3.4e+38 319.497619628906 319.242950439453 319.258331298828 319.449920654297 319.347412109375 319.30078125 -3.4e+38 319.325897216797 319.337493896484 319.545013427734 320.195129394531 320.377319335938 320.175689697266 320.3076171875 320.347259521484 320.850250244141 -3.4e+38 -3.4e+38 320.815765380859 321.538604736328 321.650604248047 321.640991210938 321.868530273438 321.653350830078 323.324676513672 323.591094970703 323.580780029297 323.570343017578 323.827423095703 324.470947265625 324.538482666016 324.805480957031 325.449798583984 -3.4e+38 -3.4e+38 -3.4e+38 326.461059570312 326.44970703125 326.432739257812 -3.4e+38 -3.4e+38 -3.4e+38
-3.4e+38 -3.4e+38 -3.4e+38 -3.4e+38 -3.4e+38 -3.4e+38 -3.4e+38 -3.4e+38 -3.4e+38 -3.4e+38 -3.4e+38 -3.4e+38 319.328277587891 319.344207763672 -3.4e+38 -3.4e+38 320.125213623047 319.549926757812 320.258666992188 320.418212890625 319.620666503906 319.708038330078 -3.4e+38 320.623809814453 -3.4e+38 -3.4e+38 -3.4e+38 320.903900146484 321.491607666016 321.582275390625 321.572448730469 321.5625 323.294860839844 322.928833007812 323.44921875 323.521636962891 323.511169433594 324.397216796875 324.489959716797 324.479217529297 324.468383789062 -3.4e+38 -3.4e+38 -3.4e+38 326.4130859375 326.401794433594 326.390472412109 -3.4e+38 -3.4e+38
