rcp4.5models/CNRM_CM5/sc1gr5.11
NCOLS 261 
NROWS 433 
XLLCORNER 336357.134 
YLLCORNER 654653.479 
CELLSIZE 1000 
NODATA_value -3.4e+38 
[rows 198 to 219 of 433, columns 98 to 146 of 261]
284.237365722656 284.208282470703 284.49169921875 283.934509277344 283.770782470703 284.286651611328 284.394897460938 284.082733154297 284.321655273438 284.521331787109 284.339111328125 283.805053710938 283.505615234375 283.443664550781 282.351776123047 282.026214599609 282.178771972656 282.435028076172 282.435485839844 282.373077392578 282.225372314453 282.094390869141 281.701232910156 281.545562744141 281.192779541016 281.012664794922 281.104339599609 280.980133056641 280.625 280.754058837891 281.151214599609 280.957366943359 280.339202880859 280.041931152344 280.084320068359 279.752716064453 279.731018066406 280.751220703125 280.387023925781 280.355072021484 280.028045654297 280.658111572266 281.722869873047 282.37548828125 281.13916015625 281.475677490234 283.637542724609 282.203399658203 284.092681884766
284.171478271484 283.991088867188 284.397888183594 283.803985595703 283.628784179688 283.772216796875 283.905670166016 283.606414794922 283.836334228516 284.438598632812 284.433532714844 284.088073730469 283.747192382812 283.587097167969 282.512756347656 282.515747070312 282.490295410156 282.4296875 282.430358886719 282.426208496094 282.377716064453 282.184112548828 281.935577392578 281.6640625 281.003875732422 280.999420166016 280.828735351562 280.428100585938 280.123046875 280.42919921875 280.946533203125 280.796325683594 280.171508789062 279.567138671875 279.358001708984 279.252227783203 279.546600341797 280.545288085938 279.804260253906 280.002105712891 279.803192138672 280.290893554688 281.692932128906 282.525512695312 282.041778564453 282.457397460938 283.859771728516 283.057891845703 284.222229003906
283.935150146484 283.840759277344 284.087127685547 -3.4e+38 283.987823486328 283.675842285156 283.603088378906 283.507476806641 283.409637451172 283.927703857422 284.432769775391 284.541961669922 283.850738525391 283.517272949219 283.047271728516 -3.4e+38 282.862854003906 -3.4e+38 282.421691894531 282.413665771484 282.308532714844 282.043029785156 282.051910400391 281.836822509766 281.168273925781 281.161712646484 280.856201171875 280.453216552734 280.034332275391 280.314239501953 280.4833984375 280.501556396484 280.071533203125 279.670623779297 279.313995361328 279.150543212891 279.762237548828 280.118988037109 279.719879150391 279.763793945312 279.757995605469 280.285919189453 281.965087890625 282.910125732422 283.1845703125 283.094116210938 283.988616943359 284.097106933594 284.615875244141
283.748260498047 283.524597167969 283.935211181641 284.185638427734 283.956146240234 283.891326904297 283.64404296875 283.462860107422 283.379699707031 283.5068359375 283.868133544922 284.066375732422 283.530883789062 283.533813476562 283.105407714844 -3.4e+38 -3.4e+38 -3.4e+38 -3.4e+38 282.572570800781 282.396484375 282.148468017578 282.207366943359 282.100860595703 281.713500976562 281.475402832031 280.418731689453 280.407379150391 279.864471435547 280.294311523438 280.179077148438 280.172515869141 279.838409423828 279.529754638672 279.319671630859 279.292877197266 279.762481689453 279.739227294922 279.443878173828 279.391021728516 279.51025390625 280.065093994141 281.702789306641 283.074737548828 283.742736816406 283.495025634766 283.832824707031 284.051239013672 284.678131103516
283.555816650391 282.836395263672 283.704895019531 284.087066650391 283.689636230469 283.786346435547 283.517730712891 283.569610595703 283.40087890625 283.356842041016 283.456329345703 283.511322021484 283.511749267578 283.541778564453 -3.4e+38 -3.4e+38 -3.4e+38 -3.4e+38 282.478393554688 -3.4e+38 282.454559326172 282.367858886719 282.254364013672 282.214660644531 281.977264404297 281.442535400391 280.424194335938 280.270263671875 280.027740478516 280.300445556641 -3.4e+38 279.794738769531 279.24462890625 278.777313232422 279.056854248047 278.936828613281 279.305999755859 279.590148925781 278.977752685547 278.891571044922 278.992828369141 279.625915527344 280.861755371094 282.563629150391 283.417327880859 283.750579833984 283.498779296875 282.889709472656 284.155944824219
283.783721923828 283.111114501953 283.241546630859 284.041320800781 283.636932373047 283.416107177734 283.323364257812 283.349609375 283.102447509766 283.195159912109 283.071960449219 283.252410888672 283.508514404297 283.427429199219 283.015686035156 -3.4e+38 282.453125 -3.4e+38 -3.4e+38 282.478057861328 282.468414306641 282.250091552734 281.894195556641 281.944854736328 281.719451904297 281.287322998047 280.610168457031 279.819976806641 279.705627441406 279.735870361328 279.791717529297 279.560485839844 278.786926269531 278.33154296875 278.714630126953 278.558044433594 279.168365478516 279.535491943359 278.958770751953 278.705718994141 278.65380859375 279.226715087891 280.224639892578 281.569396972656 283.184326171875 283.615264892578 282.873901367188 281.507904052734 283.872772216797
284.074493408203 283.877624511719 283.473205566406 283.895935058594 283.695404052734 283.181945800781 283.026489257812 283.131134033203 283.02490234375 282.878753662109 282.780517578125 283.2080078125 283.483856201172 283.392913818359 282.905212402344 -3.4e+38 282.483276367188 282.469604492188 282.400543212891 282.447418212891 282.350891113281 281.730682373047 281.466156005859 281.446655273438 281.354827880859 281.143432617188 280.279174804688 279.236206054688 278.824737548828 279.053863525391 279.447967529297 279.292907714844 278.645629882812 278.158264160156 277.952575683594 278.072814941406 279.111694335938 279.465057373047 279.085266113281 278.757385253906 278.612365722656 279.096282958984 279.963348388672 281.024719238281 282.676879882812 283.089080810547 282.296783447266 280.997100830078 283.727905273438
284.366119384766 284.037231445312 283.776123046875 283.354125976562 283.407958984375 282.953521728516 282.758483886719 282.987030029297 282.823089599609 282.527679443359 282.79736328125 283.144104003906 283.273071289062 283.24853515625 -3.4e+38 -3.4e+38 282.519317626953 282.519317626953 282.399566650391 282.420074462891 282.321472167969 281.766571044922 281.31591796875 281.337585449219 281.169372558594 280.686492919922 279.607696533203 278.522247314453 277.994476318359 278.585845947266 278.760406494141 278.615875244141 278.386840820312 278.242553710938 277.898773193359 278.125244140625 279.037139892578 279.273193359375 279.056976318359 278.700561523438 278.42529296875 278.692108154297 279.132781982422 279.686401367188 280.711761474609 282.697631835938 282.092620849609 281.307434082031 283.754119873047
284.678619384766 284.310485839844 283.841033935547 283.013000488281 282.931121826172 282.651275634766 282.410675048828 282.847015380859 282.485687255859 282.120269775391 282.449249267578 282.889282226562 282.943176269531 283.014190673828 -3.4e+38 -3.4e+38 -3.4e+38 282.545806884766 282.492889404297 282.464447021484 282.398223876953 282.134368896484 281.483184814453 281.397857666016 281.236083984375 280.633544921875 278.054351806641 276.152679443359 277.110778808594 277.999176025391 278.158538818359 277.716583251953 277.805358886719 277.896911621094 277.865966796875 278.438690185547 278.82080078125 278.706695556641 278.759033203125 278.401641845703 278.208557128906 278.248931884766 278.442993164062 278.361572265625 278.96728515625 282.283721923828 281.673767089844 281.305694580078 282.239044189453
284.462860107422 284.490783691406 283.956756591797 283.056457519531 282.899139404297 282.546569824219 282.223815917969 282.603271484375 282.186767578125 281.916381835938 282.044891357422 282.474090576172 282.78515625 282.793914794922 282.7373046875 -3.4e+38 -3.4e+38 282.510040283203 282.431396484375 282.541381835938 282.461181640625 282.307312011719 281.947143554688 281.520568847656 281.282135009766 280.688995361328 277.008453369141 274.003753662109 275.944549560547 277.546234130859 277.715881347656 277.154296875 276.916473388672 277.542053222656 277.932647705078 278.287719726562 278.271270751953 278.289276123047 278.047637939453 277.451873779297 277.900360107422 277.960205078125 278.340118408203 278.167053222656 278.641723632812 281.833526611328 280.681610107422 279.116271972656 280.060394287109
283.720031738281 283.897338867188 284.007598876953 283.758117675781 283.562866210938 283.018402099609 282.606018066406 282.004913330078 281.823486328125 280.884429931641 280.093109130859 281.609497070312 282.158172607422 282.330627441406 282.684173583984 282.550109863281 282.220184326172 282.397918701172 282.200500488281 281.977478027344 281.648223876953 281.847717285156 281.965301513672 281.578552246094 281.259948730469 280.631774902344 278.258483886719 276.046905517578 277.322418212891 278.321380615234 278.638031005859 277.721313476562 277.587341308594 278.233184814453 278.607574462891 278.282623291016 278.114562988281 277.518218994141 277.844909667969 277.265533447266 277.240844726562 277.939666748047 279.016143798828 279.741394042969 280.269165039062 279.202270507812 277.305053710938 277.954193115234 282.487213134766
283.439483642578 283.607055664062 283.828887939453 283.601959228516 283.240112304688 282.620391845703 -3.4e+38 282.332855224609 281.792114257812 280.700714111328 279.759582519531 281.107025146484 281.915679931641 282.244537353516 282.799743652344 282.483703613281 282.017608642578 282.251342773438 282.111602783203 281.859741210938 281.426086425781 281.620788574219 281.733459472656 281.34814453125 281.261596679688 281.049682617188 279.329803466797 277.809631347656 278.575805664062 279.141387939453 279.35205078125 278.664611816406 278.12939453125 278.774261474609 279.250122070312 278.805633544922 278.334442138672 277.716613769531 277.663970947266 277.359558105469 277.138977050781 277.612976074219 278.770965576172 279.068328857422 278.862396240234 277.162628173828 275.284240722656 277.441345214844 282.683502197266
283.372741699219 283.426544189453 283.542205810547 283.432739257812 282.530120849609 281.439605712891 282.025756835938 282.361602783203 282.111968994141 280.908203125 279.457366943359 280.121063232422 281.901763916016 282.173736572266 282.543792724609 282.575836181641 281.863494873047 281.715301513672 282.087799072266 281.923706054688 281.378204345703 281.399017333984 281.427612304688 281.225067138672 281.324462890625 281.378509521484 279.406768798828 278.208862304688 279.521606445312 279.586669921875 279.394653320312 278.839569091797 278.711212158203 279.127563476562 279.441833496094 279.272308349609 278.649566650391 277.9384765625 277.316040039062 277.326171875 277.170196533203 277.495727539062 278.407470703125 279.054473876953 278.749877929688 277.947113037109 278.236145019531 279.72265625 282.299407958984
283.379089355469 283.335357666016 283.454650878906 282.919647216797 282.016174316406 280.509216308594 281.240814208984 282.08740234375 282.278411865234 280.652954101562 277.320220947266 276.686462402344 281.720825195312 281.942199707031 282.359954833984 282.418304443359 281.666015625 281.124176025391 281.515991210938 281.513793945312 281.289093017578 281.077789306641 281.100189208984 281.122009277344 281.222595214844 280.931884765625 279.065124511719 278.266204833984 279.694763183594 279.450897216797 -3.4e+38 278.658996582031 279.255249023438 279.467315673828 279.352722167969 278.832122802734 278.485534667969 277.739135742188 276.990203857422 276.643890380859 276.797760009766 277.60009765625 278.401702880859 278.565826416016 277.458648681641 278.173492431641 280.982818603516 281.468566894531 281.966156005859
283.577117919922 283.809020996094 283.370941162109 282.51318359375 -3.4e+38 280.809844970703 280.706481933594 281.947662353516 282.342346191406 280.502349853516 277.556091308594 277.970977783203 281.424041748047 281.770782470703 282.337646484375 282.110809326172 281.676361083984 281.167297363281 280.469512939453 279.624114990234 -3.4e+38 280.700988769531 280.967010498047 281.104888916016 280.908111572266 280.068481445312 279.272857666016 278.594024658203 279.685424804688 279.147399902344 278.931762695312 278.966125488281 279.448272705078 279.144592285156 278.820617675781 278.375915527344 278.2236328125 277.335266113281 276.817993164062 276.135040283203 276.643493652344 277.911010742188 278.221160888672 277.5 275.580688476562 276.286895751953 280.880004882812 281.83837890625 282.299133300781
283.860961914062 283.642700195312 283.405395507812 282.530242919922 282.252197265625 281.111450195312 280.234558105469 280.742706298828 281.820343017578 280.8125 278.971557617188 279.176635742188 281.272491455078 281.635925292969 282.292266845703 281.951049804688 281.608062744141 281.111602783203 279.656982421875 278.600555419922 280.538421630859 280.606384277344 280.670654296875 281.284454345703 281.121429443359 280.551788330078 280.194152832031 279.907470703125 280.123382568359 279.532073974609 279.575958251953 279.404205322266 279.524841308594 279.169677734375 278.703765869141 278.161285400391 278.089111328125 277.443267822266 277.049255371094 276.637084960938 276.548278808594 277.597351074219 277.394287109375 275.828857421875 274.328948974609 274.824981689453 279.936248779297 281.644714355469 282.623870849609
283.935882568359 283.575378417969 283.435363769531 282.335601806641 281.531402587891 280.379974365234 280.111206054688 280.315826416016 281.496032714844 281.130767822266 279.6728515625 279.1484375 281.227508544922 281.578033447266 282.092132568359 281.848083496094 281.3740234375 281.104309082031 280.144134521484 279.747009277344 280.661560058594 280.812530517578 280.432586669922 281.264526367188 281.222717285156 281.166351318359 280.782928466797 280.547729492188 280.083648681641 279.844512939453 279.75927734375 279.778991699219 279.4736328125 279.052307128906 278.659057617188 278.155029296875 277.825225830078 277.109436035156 277.276733398438 277.193786621094 276.930206298828 277.380401611328 277.171051025391 274.505340576172 270.829681396484 273.324890136719 280.030731201172 281.15966796875 282.495880126953
283.492828369141 282.599395751953 -3.4e+38 282.129943847656 280.72509765625 279.171569824219 279.598876953125 279.863861083984 281.027618408203 281.463409423828 280.705535888672 280.041778564453 281.406707763672 281.755920410156 281.770812988281 281.867370605469 281.128387451172 280.764678955078 280.322174072266 280.286804199219 280.743835449219 280.602600097656 280.410614013672 281.167755126953 280.995147705078 280.918334960938 280.898223876953 280.581146240234 280.295562744141 280.242858886719 280.004150390625 279.936767578125 279.620086669922 279.042053222656 278.694732666016 278.382690429688 277.840240478516 276.992553710938 277.120269775391 276.704254150391 276.935913085938 277.426330566406 277.234924316406 274.371856689453 267.422729492188 270.023986816406 280.661926269531 281.018981933594 282.203979492188
283.048370361328 282.342254638672 283.585510253906 282.163330078125 280.986053466797 279.547912597656 279.420532226562 279.239471435547 279.826019287109 280.941192626953 280.488647460938 279.847503662109 281.483917236328 281.670349121094 281.460266113281 281.652770996094 281.044555664062 280.57958984375 280.318695068359 280.190765380859 280.429595947266 280.469604492188 280.833526611328 281.102874755859 281.006469726562 280.898559570312 281.099212646484 280.910675048828 280.720184326172 280.616668701172 280.216674804688 279.763916015625 -3.4e+38 -3.4e+38 278.943756103516 278.120727539062 277.155120849609 276.126007080078 276.920776367188 276.235046386719 276.347900390625 276.638763427734 276.191650390625 273.008239746094 267.176696777344 271.375946044922 279.765075683594 280.618011474609 282.067932128906
283.396209716797 283.035797119141 283.405426025391 282.201690673828 281.448120117188 280.611694335938 279.964477539062 279.163635253906 279.164245605469 280.354858398438 279.764251708984 279.131896972656 280.682800292969 281.407867431641 280.992828369141 281.478393554688 280.899169921875 280.024017333984 280.145446777344 280.203918457031 280.361572265625 280.590606689453 281.195098876953 281.144409179688 281.058410644531 280.757873535156 280.879241943359 280.7880859375 280.358581542969 280.209228515625 279.951049804688 279.230285644531 -3.4e+38 279.233428955078 278.686645507812 277.421813964844 274.152038574219 275.720123291016 276.575714111328 276.125213623047 275.70703125 275.663970947266 275.218078613281 272.113739013672 268.88134765625 274.812652587891 279.397796630859 280.035797119141 282.436645507812
283.485565185547 283.542541503906 283.314331054688 282.274749755859 281.248168945312 280.28271484375 279.478088378906 279.121704101562 279.293762207031 279.971649169922 279.193786621094 278.108703613281 279.123779296875 281.333740234375 280.777984619141 281.433410644531 280.796752929688 279.521545410156 279.783050537109 280.015106201172 279.931732177734 280.526062011719 280.96044921875 281.188934326172 280.912658691406 280.34326171875 280.328674316406 280.374694824219 279.979064941406 279.488159179688 279.369476318359 279.058654785156 -3.4e+38 278.955505371094 278.221130371094 274.437225341797 268.488586425781 276.230590820312 276.320678710938 276.008972167969 274.641082763672 273.577209472656 274.372955322266 272.128204345703 268.828765869141 273.767791748047 279.484161376953 279.782562255859 282.708099365234
283.696502685547 283.762390136719 283.060394287109 282.266815185547 281.111358642578 280.582641601562 279.639373779297 279.144287109375 279.387573242188 279.68310546875 278.544952392578 277.044494628906 277.4814453125 280.996002197266 280.870300292969 281.410522460938 281.025573730469 279.872192382812 279.638641357422 279.676391601562 279.294555664062 279.634918212891 280.6064453125 -3.4e+38 280.600433349609 280.022613525391 279.760223388672 280.158264160156 279.909057617188 279.199890136719 279.120483398438 279.105682373047 279.162322998047 278.73974609375 275.886291503906 270.554534912109 271.246887207031 276.6103515625 276.241088867188 275.555999755859 273.743957519531 271.381530761719 272.634399414062 271.356353759766 269.554077148438 275.582550048828 278.763336181641 279.08251953125 282.801910400391
