rcp4.5models/CNRM_CM5/sc1gr4.31
NCOLS 261 
NROWS 433 
XLLCORNER 336357.134 
YLLCORNER 654653.479 
CELLSIZE 1000 
NODATA_value -3.4e+38 
[rows 220 to 241 of 433, columns 49 to 97 of 261]
298.459594726562 297.730499267578 297.49853515625 297.283172607422 296.797241210938 296.332794189453 296.228088378906 296.364685058594 296.305236816406 296.256713867188 296.3955078125 296.333282470703 296.070831298828 295.130767822266 295.208740234375 294.942047119141 294.506286621094 294.341949462891 295.485992431641 295.040740966797 294.272857666016 294.127105712891 293.242858886719 293.196441650391 293.297302246094 293.000701904297 292.062957763672 292.519622802734 292.649932861328 292.014892578125 292.287750244141 292.519897460938 292.163391113281 292.067047119141 291.974884033203 292.179992675781 292.243896484375 292.098327636719 291.476043701172 290.610656738281 290.205261230469 290.168670654297 290.301300048828 290.080474853516 290.051910400391 290.291229248047 290.238006591797 289.919586181641 289.759490966797
298.608032226562 298.153991699219 297.635894775391 297.384124755859 297.014770507812 296.478118896484 296.236022949219 296.303131103516 296.517028808594 296.406311035156 296.417419433594 296.383605957031 296.277099609375 295.812438964844 295.428771972656 294.966918945312 294.451843261719 294.870513916016 295.198486328125 294.855255126953 294.038696289062 293.884246826172 293.444519042969 293.919464111328 293.736968994141 292.910583496094 292.186950683594 292.883270263672 292.879852294922 291.9365234375 292.063201904297 292.110870361328 292.364410400391 292.694274902344 292.367218017578 292.639678955078 292.342132568359 291.96142578125 291.512756347656 290.944000244141 290.593780517578 289.196685791016 289.379974365234 289.970458984375 289.755584716797 289.983795166016 289.932678222656 289.878326416016 289.576629638672
298.434326171875 297.705383300781 297.480010986328 297.447113037109 297.224517822266 296.448150634766 296.546203613281 296.605834960938 296.779022216797 296.329132080078 296.038665771484 295.611328125 295.591979980469 295.602478027344 295.113861083984 294.777038574219 295.066589355469 295.333892822266 295.043365478516 294.926666259766 294.333190917969 294.100219726562 293.99658203125 294.168548583984 293.825164794922 292.894287109375 292.585968017578 292.754913330078 292.789367675781 291.890411376953 292.019256591797 292.399475097656 292.958557128906 293.217224121094 293.035583496094 293.132110595703 292.581695556641 291.9404296875 291.589508056641 291.108367919922 291.082366943359 289.175445556641 288.759399414062 289.476715087891 289.665374755859 289.154510498047 287.585723876953 289.368316650391 289.196105957031
298.057708740234 297.422332763672 297.400390625 296.923553466797 296.623931884766 296.411895751953 296.6171875 296.795867919922 296.469635009766 296.401336669922 295.829162597656 295.185638427734 295.125701904297 295.236694335938 295.074798583984 294.955413818359 295.126037597656 295.167938232422 295.096313476562 295.005065917969 294.164520263672 294.134368896484 294.252685546875 294.071380615234 293.509887695312 292.938049316406 292.83544921875 292.581481933594 292.805755615234 292.075927734375 292.624176025391 292.844970703125 293.110137939453 292.999328613281 292.684356689453 292.904449462891 292.273010253906 291.933929443359 291.784790039062 291.222290039062 291.354309082031 290.013977050781 289.570434570312 289.373931884766 289.968078613281 288.293060302734 284.266418457031 288.125030517578 288.907104492188
297.766723632812 297.467071533203 296.99609375 296.435943603516 296.313232421875 296.335357666016 296.655670166016 296.746185302734 296.475311279297 296.529876708984 296.247467041016 295.699829101562 295.316864013672 295.321685791016 295.083251953125 295.054626464844 295.265350341797 295.884582519531 295.321014404297 295.070861816406 294.740570068359 294.331787109375 294.290496826172 294.116760253906 293.398193359375 292.984130859375 292.867980957031 292.836303710938 292.962249755859 292.167266845703 292.926727294922 292.956848144531 292.928009033203 292.863677978516 292.588531494141 292.781280517578 292.605590820312 292.428680419922 291.9716796875 291.738739013672 291.650451660156 290.481842041016 290.512817382812 290.22021484375 290.536956787109 289.540832519531 287.062805175781 289.004241943359 288.932769775391
296.984527587891 297.010955810547 296.473541259766 296.314880371094 296.304077148438 296.430206298828 296.897644042969 296.477661132812 296.379333496094 295.908874511719 295.865203857422 295.689453125 295.430419921875 295.221588134766 295.080780029297 295.153015136719 295.366912841797 296.191101074219 295.188812255859 295.148864746094 295.088409423828 294.845672607422 294.410278320312 294.007293701172 293.257629394531 293.090759277344 293.180572509766 293.162994384766 292.895355224609 292.007598876953 292.552032470703 292.977020263672 293.098449707031 292.863311767578 292.879211425781 292.858947753906 292.815032958984 292.629241943359 292.215362548828 291.924285888672 291.595275878906 290.65234375 290.807037353516 290.800811767578 290.837432861328 290.704040527344 290.334411621094 -3.4e+38 289.240051269531
296.693267822266 297.007995605469 296.700653076172 296.462493896484 296.398834228516 296.756591796875 296.896392822266 296.233581542969 295.583801269531 295.408477783203 295.549743652344 295.538269042969 295.625854492188 295.682800292969 295.431701660156 295.746826171875 296.010803222656 296.083862304688 294.982421875 295.082824707031 294.909606933594 294.355682373047 294.2119140625 293.839294433594 293.255584716797 293.51318359375 293.616790771484 292.993011474609 292.688995361328 292.255187988281 292.624084472656 293.029602050781 293.278869628906 292.879272460938 293.207611083984 292.835662841797 292.684814453125 292.560546875 292.050720214844 291.961883544922 291.830535888672 290.748046875 290.856018066406 291.004028320312 291.212951660156 290.823089599609 290.568969726562 290.339660644531 289.857513427734
296.702392578125 297.135681152344 296.879486083984 296.406219482422 296.657928466797 297.118316650391 296.719268798828 295.908020019531 295.721801757812 295.3974609375 295.301300048828 295.135284423828 296.092010498047 296.046936035156 295.581420898438 296.285797119141 296.257965087891 295.664733886719 294.507019042969 294.501037597656 294.383453369141 294.095703125 294.118835449219 293.992126464844 293.575103759766 293.851135253906 293.497619628906 293.043518066406 292.739349365234 292.594024658203 292.785919189453 293.003875732422 293.279693603516 293.009124755859 293.300628662109 292.861511230469 292.739715576172 292.433135986328 292.032653808594 292.273132324219 291.840454101562 291.095428466797 291.009857177734 291.025024414062 289.778778076172 287.10302734375 290.186950683594 290.253448486328 290.214294433594
296.695465087891 297.143432617188 296.907897949219 296.629119873047 297.184936523438 297.042510986328 296.385223388672 295.939758300781 295.65576171875 295.289459228516 294.932098388672 295.142974853516 296.256591796875 295.737884521484 295.572418212891 296.269683837891 295.884368896484 294.761322021484 294.215454101562 294.230834960938 294.010864257812 294.061492919922 294.072784423828 294.199645996094 293.974182128906 293.982299804688 293.392242431641 293.398529052734 293.146636962891 292.705780029297 292.765075683594 293.109832763672 293.227294921875 293.025665283203 293.308288574219 292.790985107422 292.596527099609 292.393096923828 292.0263671875 292.215423583984 291.778167724609 291.305450439453 290.801452636719 290.966339111328 290.066497802734 288.075836181641 290.254577636719 290.283569335938 290.297424316406
296.760284423828 297.362030029297 297.282989501953 297.189025878906 297.128814697266 296.488189697266 295.917022705078 295.62646484375 295.71240234375 295.497528076172 295.067321777344 295.004608154297 295.997528076172 295.843444824219 295.601409912109 296.286560058594 295.912567138672 294.676330566406 294.462249755859 294.565032958984 294.010925292969 293.987823486328 293.985961914062 294.20556640625 294.048858642578 293.856109619141 293.768768310547 293.573699951172 293.228546142578 292.995727539062 292.682800292969 293.140991210938 293.399261474609 292.9873046875 293.336059570312 292.6162109375 292.291198730469 292.584259033203 292.247344970703 292.328216552734 291.960021972656 291.302825927734 290.734252929688 291.247589111328 291.245361328125 290.556396484375 290.668243408203 290.583160400391 290.318054199219
296.829132080078 297.34619140625 297.299713134766 297.052154541016 296.505096435547 295.920562744141 295.480834960938 295.208190917969 295.583282470703 295.856384277344 295.690795898438 295.683685302734 296.047210693359 296.133117675781 295.793640136719 296.340362548828 295.901092529297 294.933654785156 294.934906005859 294.808563232422 294.141296386719 294.291717529297 294.136871337891 294.065338134766 293.927886962891 293.784484863281 293.971832275391 293.574645996094 293.330200195312 293.247894287109 292.976867675781 293.068542480469 293.639678955078 293.227203369141 292.974182128906 292.728515625 292.509582519531 292.474426269531 292.103271484375 291.986267089844 291.830291748047 291.062042236328 291.061187744141 291.407165527344 291.204833984375 290.73046875 290.848388671875 290.536102294922 290.364685058594
297.457214355469 296.980651855469 296.550537109375 296.180786132812 296.166076660156 296.195251464844 295.983306884766 295.708892822266 296.007354736328 296.227386474609 296.096801757812 296.114318847656 295.697692871094 295.932830810547 296.440765380859 296.314361572266 295.798889160156 295.166809082031 -3.4e+38 -3.4e+38 294.360229492188 294.163116455078 294.229339599609 294.226165771484 294.403228759766 294.451965332031 294.374206542969 294.188323974609 294.135559082031 293.706970214844 293.679718017578 293.566131591797 293.420654296875 293.100280761719 292.707641601562 292.634490966797 292.428375244141 292.004608154297 291.66259765625 291.424194335938 291.409118652344 291.188262939453 291.529174804688 291.08154296875 290.837310791016 290.890472412109 290.789764404297 290.519073486328 290.372741699219
297.128936767578 296.657196044922 296.252838134766 296.188079833984 296.308868408203 296.478302001953 296.586639404297 296.202301025391 296.282012939453 296.329376220703 296.185424804688 295.92431640625 295.632171630859 296.098449707031 296.357543945312 296.313232421875 295.705596923828 294.899963378906 295.040557861328 294.840606689453 294.778930664062 294.497985839844 294.292755126953 294.432922363281 294.761138916016 294.573425292969 294.416320800781 294.268524169922 294.183532714844 293.654724121094 293.43701171875 293.498596191406 293.334869384766 293.012756347656 292.865234375 292.779479980469 292.375091552734 292.198333740234 292.031188964844 291.864990234375 291.569488525391 291.619873046875 291.512664794922 290.837860107422 290.350494384766 290.285003662109 290.244262695312 290.164306640625 290.1591796875
296.765838623047 296.615997314453 296.233703613281 296.215637207031 296.467346191406 296.597412109375 296.853576660156 296.343536376953 296.295196533203 296.173004150391 296.085357666016 296.047821044922 296.084411621094 296.267028808594 296.132537841797 295.881866455078 295.689025878906 295.26806640625 295.118469238281 294.996887207031 295.015533447266 294.790954589844 294.442352294922 294.266296386719 294.238494873047 294.228515625 293.982360839844 293.718536376953 293.753387451172 293.362731933594 293.057739257812 293.095458984375 293.214752197266 293.079437255859 293.136047363281 292.919311523438 292.437103271484 292.314056396484 292.128814697266 291.741729736328 291.484680175781 291.834350585938 291.392913818359 290.885223388672 290.389373779297 290.344573974609 290.03466796875 289.654144287109 289.384643554688
296.652435302734 296.601715087891 296.857879638672 296.941986083984 296.717681884766 296.81689453125 296.712524414062 296.334716796875 296.267456054688 296.052093505859 295.944396972656 296.171508789062 296.199279785156 295.934448242188 295.662933349609 295.602722167969 295.560394287109 295.3583984375 294.998077392578 294.568817138672 294.524475097656 294.544799804688 294.301727294922 294.111968994141 293.70068359375 293.576080322266 293.394073486328 293.144409179688 293.587341308594 293.307525634766 292.998718261719 292.553070068359 292.581573486328 292.717346191406 292.950164794922 -3.4e+38 292.624114990234 292.187957763672 291.890350341797 291.553680419922 291.660278320312 291.78564453125 291.206787109375 290.974365234375 290.801788330078 290.737731933594 290.142120361328 289.543273925781 289.214752197266
296.681915283203 296.613952636719 296.93212890625 297.052459716797 296.78173828125 296.808013916016 296.591461181641 295.736724853516 296.036224365234 296.170440673828 295.608917236328 295.255645751953 295.174377441406 294.882995605469 294.7734375 294.837219238281 294.787902832031 294.537384033203 294.131378173828 293.916595458984 293.827667236328 293.821411132812 293.782348632812 293.645721435547 293.375854492188 293.188659667969 292.859771728516 292.605743408203 293.191955566406 293.03076171875 292.874420166016 292.708831787109 291.974090576172 291.863708496094 292.489501953125 -3.4e+38 -3.4e+38 292.393768310547 292.215179443359 292.068023681641 292.135528564453 291.546264648438 291.153259277344 291.066009521484 290.799072265625 290.307281494141 290.046569824219 289.481170654297 288.981079101562
296.577941894531 296.775115966797 296.910064697266 296.822174072266 296.793060302734 296.558044433594 296.083557128906 295.501770019531 295.695587158203 295.906982421875 295.737182617188 294.910339355469 294.712921142578 294.620910644531 294.535064697266 294.397033691406 294.454620361328 294.483215332031 294.150054931641 294.028839111328 293.9228515625 293.8173828125 293.683319091797 293.503021240234 293.306732177734 293.184051513672 292.55224609375 292.362609863281 292.561676025391 292.414459228516 292.412841796875 292.502807617188 291.853576660156 291.669342041016 -3.4e+38 -3.4e+38 292.332763671875 -3.4e+38 -3.4e+38 292.266845703125 292.0380859375 291.490325927734 291.224517822266 291.094482421875 290.709106445312 290.064514160156 289.956787109375 289.797302246094 289.373046875
296.630950927734 296.838592529297 296.787780761719 296.57177734375 296.131530761719 295.714752197266 295.500823974609 295.052825927734 294.841125488281 295.144592285156 295.661560058594 295.158843994141 294.995574951172 295.232604980469 295.106048583984 294.939788818359 294.714202880859 294.495086669922 294.351715087891 294.241516113281 293.975891113281 293.606109619141 293.301239013672 293.121398925781 293.371734619141 293.1435546875 292.544586181641 292.488250732422 292.268524169922 292.074523925781 291.947967529297 291.718688964844 291.813934326172 291.676147460938 -3.4e+38 -3.4e+38 -3.4e+38 292.052825927734 291.629272460938 291.621429443359 291.476196289062 291.376861572266 291.187469482422 291.077087402344 290.736053466797 290.212799072266 290.069763183594 289.938720703125 289.644561767578
296.600555419922 296.642333984375 296.557403564453 296.322265625 295.905212402344 295.484222412109 295.178863525391 294.725219726562 294.490753173828 294.684936523438 294.920074462891 295.031005859375 295.156433105469 294.813415527344 294.942413330078 295.031341552734 294.556823730469 293.993743896484 293.771392822266 293.667419433594 293.426940917969 293.263519287109 293.020385742188 292.944793701172 293.311889648438 293.018737792969 292.368286132812 292.388671875 292.144470214844 291.780151367188 291.273620605469 291.211212158203 291.451995849609 291.407653808594 -3.4e+38 -3.4e+38 291.892913818359 291.836517333984 291.690155029297 291.15771484375 291.080261230469 291.148071289062 291.026885986328 290.994567871094 290.782867431641 290.394165039062 290.209625244141 289.965881347656 289.528381347656
296.556579589844 296.583526611328 296.435791015625 295.981506347656 295.840911865234 295.624664306641 295.314849853516 295.116851806641 294.721160888672 294.965484619141 295.091003417969 294.832824707031 294.622741699219 294.072845458984 294.159027099609 294.115692138672 293.783660888672 293.692657470703 293.457122802734 293.401245117188 293.148406982422 292.700561523438 292.417449951172 292.510498046875 292.948333740234 293.137634277344 292.848327636719 292.578002929688 292.226226806641 291.614532470703 290.7314453125 290.617614746094 291.174499511719 291.420349121094 291.981353759766 -3.4e+38 291.744232177734 291.467254638672 291.731903076172 291.493591308594 290.974060058594 290.735809326172 290.810943603516 290.540405273438 290.485809326172 290.274108886719 290.043975830078 289.934478759766 289.524230957031
296.432250976562 296.178985595703 295.998840332031 295.734893798828 295.513122558594 295.099731445312 295.239837646484 295.592315673828 295.150482177734 294.892303466797 294.915679931641 294.601898193359 294.397247314453 294.15185546875 293.853149414062 293.741516113281 293.542175292969 293.572692871094 293.023895263672 293.010467529297 292.750061035156 292.298461914062 292.261535644531 292.138336181641 292.402313232422 292.577239990234 292.703125 292.722137451172 292.332824707031 291.634460449219 290.653381347656 290.131713867188 290.715057373047 291.192321777344 291.589324951172 291.800445556641 -3.4e+38 291.174011230469 291.2529296875 291.318878173828 291.02392578125 290.296356201172 290.441528320312 290.117767333984 289.881530761719 289.891418457031 289.563049316406 289.308349609375 289.450012207031
295.955108642578 295.672943115234 295.646545410156 295.440673828125 294.934478759766 294.967346191406 295.35986328125 295.095947265625 294.835968017578 294.42041015625 294.499938964844 294.493133544922 294.065307617188 294.019287109375 294.310272216797 294.197601318359 293.767852783203 293.6298828125 292.801055908203 292.475067138672 292.374389648438 292.121887207031 292.166748046875 291.908142089844 291.838073730469 292.130096435547 292.168762207031 292.103179931641 291.7666015625 291.742401123047 290.890106201172 290.545074462891 290.304534912109 290.714660644531 291.22119140625 291.454254150391 291.513000488281 290.92626953125 290.9365234375 291.111694335938 291.053436279297 289.947357177734 290.04736328125 289.944580078125 289.643218994141 289.35595703125 288.761291503906 288.3740234375 289.183227539062
