rcp4.5models/CNRM_CM5/sc1gr9.32
NCOLS 261 
NROWS 433 
XLLCORNER 336357.134 
YLLCORNER 654653.479 
CELLSIZE 1000 
NODATA_value -3.4e+38 
[rows 264 to 285 of 433, columns 196 to 244 of 261]
91.3399887084961 91.3901672363281 91.6049499511719 92.3960037231445 91.6226577758789 91.4640121459961 91.0827713012695 92.1486740112305 91.7096252441406 91.9804306030273 92.0052337646484 91.2304992675781 90.0708618164062 92.7006683349609 97.4799346923828 97.4440994262695 94.5234375 92.1951293945312 87.9737319946289 87.2049407958984 86.7387924194336 87.3697738647461 89.778923034668 91.3177032470703 88.3153991699219 83.9024276733398 83.5070190429688 83.0033187866211 81.6581802368164 80.2645263671875 81.7599868774414 80.1334228515625 -3.4e+38 -3.4e+38 75.1807403564453 74.4967727661133 73.7943878173828 72.5577011108398 71.5204925537109 70.9478530883789 70.6219177246094 68.2115783691406 67.5082702636719 66.28857421875 64.4996643066406 63.9838981628418 63.1139488220215 61.670783996582 60.9361572265625
90.0619430541992 90.8680648803711 91.5121383666992 91.3937683105469 90.5811462402344 89.879150390625 90.4038009643555 91.640022277832 91.212043762207 91.5247116088867 91.7298965454102 90.9641036987305 89.6441497802734 91.7987518310547 95.9331665039062 95.8119888305664 91.3836135864258 90.2577667236328 88.1693115234375 87.4010238647461 87.2392272949219 87.7251968383789 89.0044937133789 89.0422973632812 87.5214157104492 83.8143997192383 83.2596435546875 82.4421005249023 81.7354049682617 80.9003219604492 78.9940338134766 78.5181732177734 77.9653091430664 77.4097290039062 76.4562606811523 75.6028137207031 74.4547882080078 73.7153549194336 72.6026229858398 71.3152923583984 70.6635437011719 68.7451629638672 67.5462265014648 66.3462677001953 64.6462936401367 64.0700759887695 63.5496864318848 62.5047378540039 61.0361480712891
86.9749984741211 87.1974105834961 88.2556228637695 88.519905090332 88.0673446655273 88.0464019775391 89.1983337402344 92.185432434082 94.5253982543945 92.9014587402344 91.0474243164062 90.1914596557617 89.507568359375 90.3539581298828 91.8164443969727 91.900260925293 91.6748962402344 89.6473617553711 88.2123641967773 88.5181274414062 89.1380615234375 89.1469116210938 86.7390365600586 86.1687622070312 86.0892562866211 85.8691787719727 84.5904922485352 85.7978591918945 83.2795867919922 82.4724731445312 80.8720321655273 80.3074188232422 79.5247421264648 78.4558486938477 77.7714920043945 77.1535263061523 75.7254638671875 74.3658065795898 73.8198013305664 73.1653289794922 71.8036727905273 69.2997741699219 67.4868469238281 67.100456237793 66.381462097168 65.0095138549805 64.1169052124023 63.3590888977051 62.2334251403809
86.2299041748047 86.0385894775391 86.6228561401367 86.6657562255859 87.136100769043 87.4315338134766 88.7736053466797 91.8269882202148 95.3321762084961 93.2862243652344 89.9386291503906 89.4207611083984 89.3323974609375 92.2671203613281 96.4636917114258 95.9045791625977 94.3325881958008 89.5505447387695 92.0573883056641 91.9158401489258 92.2551956176758 91.3418045043945 87.3972396850586 88.1891403198242 88.3124923706055 85.8310394287109 84.3220291137695 85.2194976806641 84.6197280883789 83.1832885742188 81.6055679321289 81.7068939208984 80.9832229614258 79.5175323486328 78.1117401123047 77.3826065063477 76.1580505371094 74.5382232666016 73.8395385742188 73.3823852539062 72.213752746582 69.7889175415039 68.4054718017578 67.3865509033203 66.7979507446289 65.9610443115234 65.0855865478516 64.0639419555664 62.8891563415527
85.2400283813477 85.2884216308594 86.0852508544922 86.1198883056641 86.4160079956055 86.6118240356445 88.6534957885742 94.3551864624023 95.0900115966797 92.0009384155273 89.2876968383789 88.6595611572266 88.786491394043 91.8227233886719 97.7937774658203 97.8998031616211 94.6517181396484 89.2902603149414 95.7543334960938 94.873664855957 93.6715316772461 91.372932434082 88.0398254394531 88.5487899780273 88.4485702514648 86.0418167114258 84.4211273193359 85.5254821777344 85.6393890380859 83.8146286010742 82.4352493286133 82.4165725708008 81.8714065551758 80.403076171875 78.3479995727539 77.4765319824219 76.6074981689453 75.4262466430664 73.9938583374023 73.3686370849609 72.6220397949219 70.3128051757812 69.5169525146484 68.3180694580078 67.085807800293 66.3043518066406 65.6024627685547 64.1574783325195 62.8113594055176
84.7330169677734 85.4373245239258 86.5571212768555 85.9832305908203 85.5292587280273 86.0738372802734 89.2479019165039 96.5017318725586 96.03271484375 92.0249938964844 89.6034851074219 89.1704940795898 88.7566223144531 89.2274017333984 92.626823425293 94.2718734741211 91.5892944335938 88.849250793457 95.9980697631836 95.3278427124023 94.2426223754883 92.3044281005859 88.7971954345703 87.7897415161133 87.6880493164062 86.7922134399414 85.7778015136719 86.2780380249023 86.2419815063477 84.9505462646484 83.8575668334961 84.08935546875 82.8245391845703 80.3111801147461 78.4221725463867 77.5871353149414 76.9754028320312 76.2409820556641 74.8356018066406 73.474983215332 73.0281829833984 71.4167938232422 70.1854095458984 69.4437408447266 68.0298461914062 66.8024749755859 66.0414810180664 64.7853088378906 63.1957702636719
84.1809463500977 85.306037902832 85.6286926269531 84.9434280395508 84.8445281982422 85.8424453735352 87.4845123291016 95.8088455200195 97.1933975219727 93.2634658813477 89.0681304931641 89.2691040039062 88.6434707641602 88.169059753418 88.8914566040039 90.078971862793 89.184211730957 88.6689910888672 95.7287521362305 95.6249084472656 94.7296905517578 93.895622253418 91.1220397949219 88.087532043457 88.2338485717773 88.4262619018555 87.9947738647461 86.6882705688477 86.2677612304688 86.0419692993164 86.9996109008789 85.5844268798828 82.1956481933594 80.345344543457 79.0118865966797 77.7054138183594 77.0000305175781 76.4307632446289 75.7705612182617 74.3442916870117 73.2140808105469 72.2021408081055 71.1407699584961 70.2074737548828 69.2249908447266 67.8618698120117 66.6440658569336 65.5111236572266 63.5336647033691
83.3719253540039 84.3142700195312 84.7621765136719 84.2063140869141 84.1710586547852 85.3158111572266 86.9686813354492 92.0878601074219 96.3883361816406 93.6474456787109 88.5631103515625 88.3945236206055 87.6665954589844 87.8183746337891 89.1560668945312 89.0431594848633 88.7822036743164 88.9438171386719 96.0666122436523 95.1384963989258 93.7583465576172 93.4364318847656 92.8496856689453 91.2079162597656 90.5415649414062 89.890983581543 88.8698348999023 86.6621856689453 86.099983215332 85.8033218383789 85.2757186889648 83.4521789550781 81.0979309082031 80.4615859985352 79.768684387207 78.4777603149414 77.3069686889648 76.692756652832 76.1768035888672 75.4782257080078 74.2290267944336 72.7796936035156 72.2886505126953 71.1142730712891 69.7060394287109 68.4023361206055 66.8757934570312 65.9242477416992 64.286018371582
83.3906631469727 83.9967651367188 85.2781143188477 83.5386657714844 84.0686569213867 86.3627471923828 93.9955062866211 93.1949691772461 92.2240982055664 92.0752716064453 90.9879684448242 87.8857574462891 87.0289535522461 87.3799819946289 88.7963104248047 89.1215896606445 89.0168228149414 90.8507461547852 95.1419219970703 95.075080871582 93.5608062744141 92.8970794677734 92.9899368286133 92.7625503540039 90.7679748535156 89.9180068969727 87.6931381225586 86.5104370117188 86.0810852050781 85.1878356933594 82.4710540771484 81.750617980957 81.2348480224609 80.6779479980469 80.2477188110352 79.5149536132812 78.3358383178711 77.0157012939453 76.7017669677734 76.1841888427734 75.5194549560547 74.0299453735352 73.0306701660156 71.8013610839844 69.8285140991211 68.8733444213867 67.5575866699219 -3.4e+38 65.0839462280273
83.0100402832031 83.1515502929688 83.0069427490234 82.6511688232422 86.1361083984375 92.108268737793 96.6905822753906 99.1508865356445 90.4391784667969 90.7388153076172 90.7016906738281 87.8687286376953 87.1672668457031 87.1815414428711 88.3540420532227 89.7706909179688 89.3517379760742 90.6176605224609 92.8513412475586 94.6577606201172 93.3528366088867 92.3050308227539 90.2007675170898 90.1322631835938 88.9015731811523 88.6389389038086 86.9042739868164 86.4254150390625 85.7320175170898 84.4302444458008 84.1663131713867 83.2157974243164 81.660041809082 80.9254150390625 80.5623550415039 80.1789016723633 79.4586486816406 78.2407379150391 77.8960647583008 76.711669921875 76.2691345214844 75.1301574707031 73.8480072021484 72.1619262695312 70.7480697631836 69.2875671386719 68.5376663208008 67.1285781860352 65.5414886474609
81.7510681152344 81.4148406982422 80.9050369262695 83.3856964111328 89.4823913574219 97.8706588745117 95.9901580810547 102.800010681152 92.0326538085938 89.6482238769531 87.9710083007812 87.1140670776367 86.8342819213867 87.265739440918 88.1697082519531 89.7155380249023 89.4446334838867 88.6137237548828 92.7053070068359 94.7076110839844 93.8855972290039 93.0808868408203 91.2695007324219 91.3506546020508 91.0647354125977 90.9160003662109 89.6705780029297 87.7253875732422 86.1609344482422 85.4065170288086 85.3650817871094 84.1106567382812 81.9248657226562 81.187614440918 80.8014526367188 80.6734008789062 80.123176574707 79.2431945800781 78.7651138305664 78.0456771850586 77.3820343017578 75.7405014038086 74.6229934692383 72.7190628051758 71.9794082641602 70.5973510742188 69.1220779418945 68.1634368896484 66.9719848632812
80.1398620605469 79.5879135131836 80.1205139160156 82.5474395751953 86.3337097167969 92.8096542358398 97.5282363891602 104.403060913086 94.276969909668 92.224235534668 87.653564453125 86.8902893066406 86.4099884033203 86.8656616210938 87.8138198852539 88.8617630004883 88.9986801147461 88.1341094970703 92.414680480957 95.238883972168 94.7150268554688 93.7085418701172 93.7090759277344 93.7345733642578 93.2621078491211 92.4914245605469 91.7115478515625 90.4930877685547 88.9380722045898 88.0692825317383 85.2441177368164 84.1703109741211 82.9882507324219 82.5844879150391 82.3320083618164 81.7752380371094 80.6866149902344 79.8391189575195 79.2017517089844 79.2270126342773 78.8533782958984 76.1708297729492 75.2566604614258 74.3462982177734 73.3458557128906 71.9213027954102 70.0144424438477 68.6901168823242 67.9408645629883
79.1299057006836 78.711540222168 79.2366561889648 80.3438339233398 81.8116302490234 86.6340408325195 98.7675552368164 103.353462219238 92.6107864379883 90.9608535766602 88.2675704956055 86.9004287719727 86.4477233886719 87.0352630615234 87.3724365234375 88.7817840576172 89.4684219360352 88.2934951782227 90.7663040161133 92.6160278320312 92.8263854980469 91.6362075805664 92.2837371826172 93.7405166625977 93.4098129272461 92.3043518066406 91.9472122192383 92.0579071044922 89.6479568481445 87.8269729614258 85.3415222167969 84.6872482299805 84.3202285766602 83.7935409545898 83.6832504272461 82.9541091918945 82.0001373291016 80.9469680786133 79.8199844360352 79.7739944458008 79.6225051879883 77.0580673217773 75.8270492553711 75.6339111328125 74.3531036376953 72.3375244140625 71.046272277832 69.7129516601562 68.2630920410156
77.9697494506836 78.3754501342773 79.2694702148438 79.5089950561523 80.8070526123047 85.3785400390625 97.4238052368164 93.3031692504883 88.0532531738281 86.5126571655273 86.8697662353516 85.926887512207 86.3081741333008 88.076789855957 86.9313583374023 87.9905395507812 89.589225769043 88.7300796508789 90.3223114013672 90.1569442749023 90.4684219360352 91.0030517578125 92.6968841552734 93.6563873291016 93.2874526977539 92.489875793457 92.1640701293945 90.6558151245117 88.7983856201172 88.089958190918 85.3407363891602 85.0895538330078 85.110725402832 84.4033203125 84.0007934570312 83.5542984008789 82.8923492431641 82.0886535644531 81.4743499755859 80.9473724365234 79.8989486694336 78.1409759521484 77.0125885009766 75.8643264770508 74.7333374023438 73.0782699584961 71.439338684082 70.3518295288086 68.4683074951172
77.0979156494141 78.652214050293 79.3638610839844 80.2339019775391 80.5598449707031 85.4443435668945 97.6191711425781 85.1968078613281 84.8815841674805 84.5297927856445 84.6150283813477 84.7556610107422 86.9017181396484 90.0757217407227 90.4656524658203 88.3450775146484 89.2740249633789 89.1182556152344 90.3858795166016 91.5290832519531 89.4026641845703 90.8585205078125 91.9036331176758 92.397087097168 92.728141784668 89.7461090087891 93.0691146850586 91.6816635131836 90.1621246337891 86.8773193359375 86.6416549682617 86.0707244873047 85.9868850708008 85.2897109985352 84.3290405273438 83.6070709228516 -3.4e+38 83.0527801513672 82.8274230957031 81.8872375488281 81.3692169189453 79.5871505737305 78.168571472168 77.2606353759766 75.546501159668 73.9559097290039 72.6337356567383 71.3370361328125 70.6727905273438
78.5309143066406 82.5140838623047 78.5366744995117 80.7857437133789 82.8895416259766 82.7061996459961 91.9399185180664 89.0168151855469 85.0630340576172 84.4301452636719 83.9438171386719 84.7619400024414 88.8204345703125 93.7892837524414 94.5442276000977 88.6352996826172 88.3125991821289 88.1552886962891 90.9113540649414 93.0611801147461 90.1500701904297 89.1482162475586 89.8996276855469 89.3924331665039 90.4461059570312 -3.4e+38 93.7692031860352 91.3000869750977 87.6801147460938 87.0181350708008 87.2972640991211 86.9876861572266 86.3611679077148 85.4773101806641 84.5991592407227 84.0580825805664 83.2202682495117 83.0731048583984 82.8356552124023 82.1710586547852 81.5295028686523 80.4403076171875 79.1927642822266 77.5433044433594 76.6284561157227 75.3345642089844 73.6995620727539 72.575065612793 71.2585372924805
78.3671188354492 81.5934829711914 77.9934768676758 80.125862121582 83.91357421875 83.0023193359375 87.4658966064453 98.7324523925781 91.3428573608398 83.8997268676758 84.0959930419922 85.1775283813477 89.933952331543 96.4306259155273 96.275634765625 90.5279312133789 87.492546081543 87.0185089111328 90.1772766113281 92.58447265625 92.0647888183594 88.4957504272461 88.4280319213867 -3.4e+38 88.2915115356445 -3.4e+38 93.0225143432617 90.7011871337891 86.408088684082 87.3742904663086 87.7711486816406 87.3050384521484 86.4124069213867 85.5508575439453 85.0700836181641 85.2097778320312 84.5075225830078 84.127685546875 83.7625427246094 83.451789855957 82.4251098632812 80.5839996337891 80.201545715332 78.7396392822266 77.2518005371094 76.1922378540039 74.354133605957 73.7259292602539 72.2975845336914
77.6686477661133 77.9796447753906 82.4997100830078 90.1397933959961 81.6701049804688 84.4676132202148 87.7480621337891 104.099884033203 99.5339889526367 87.0192947387695 84.6317596435547 88.6156005859375 91.1443786621094 94.0941162109375 97.2489776611328 92.4748153686523 86.3940505981445 86.851448059082 89.8298263549805 93.388916015625 92.8371734619141 89.0037994384766 88.6509323120117 88.9358291625977 -3.4e+38 -3.4e+38 89.8368911743164 88.8099746704102 87.0802154541016 88.0458526611328 87.8791046142578 87.0584945678711 86.2682571411133 85.5754928588867 -3.4e+38 85.8382568359375 85.4569473266602 -3.4e+38 84.6897201538086 84.2824172973633 83.2186889648438 80.7458953857422 80.4497909545898 79.3954010009766 77.5152969360352 76.7512588500977 75.3716201782227 74.1667327880859 73.4230194091797
77.9480667114258 84.8214492797852 99.3454818725586 102.798751831055 85.1832809448242 82.0661697387695 84.8182067871094 103.801193237305 99.5337448120117 87.0896530151367 88.7217788696289 96.6567306518555 96.5096969604492 93.1268844604492 91.1216583251953 91.052864074707 89.2650375366211 85.9020843505859 89.673942565918 94.1823959350586 92.7659606933594 91.8501892089844 89.3746185302734 88.1584854125977 -3.4e+38 -3.4e+38 87.7468185424805 87.3019866943359 87.3700332641602 87.5980682373047 87.8427810668945 87.1962814331055 86.4973907470703 86.0792999267578 -3.4e+38 86.429443359375 86.0053176879883 -3.4e+38 -3.4e+38 84.4130401611328 -3.4e+38 81.7760162353516 80.5298156738281 79.7912368774414 78.4608383178711 77.1967849731445 76.4554214477539 75.1200942993164 73.854133605957
80.3388519287109 94.9160232543945 104.128898620605 103.716918945312 93.8066787719727 81.547248840332 83.8377532958984 98.7517623901367 94.0686264038086 85.2514419555664 95.0242156982422 100.554046630859 99.2037811279297 96.3413162231445 89.7859420776367 87.9716796875 88.8353958129883 85.1160888671875 88.3699035644531 91.7182159423828 93.8518447875977 94.8698120117188 91.6176300048828 87.5700912475586 87.0523910522461 87.1091156005859 87.834846496582 87.6264801025391 86.9545364379883 86.6601715087891 87.7620010375977 87.1544494628906 86.8495712280273 86.6704177856445 87.3136444091797 87.2141647338867 86.5444030761719 85.8023071289062 85.4259414672852 85.6233825683594 84.8357543945312 82.8492660522461 81.4727554321289 80.1936416625977 79.1910629272461 77.4978637695312 76.8501892089844 75.8440856933594 74.2028503417969
84.1148681640625 99.8592529296875 104.593116760254 106.070533752441 97.2816772460938 84.0856018066406 85.6643905639648 92.2267532348633 88.8534469604492 85.7720108032227 97.1751251220703 100.024627685547 97.5959625244141 97.4826812744141 92.1887817382812 86.328010559082 86.14599609375 85.0713043212891 86.9453353881836 90.6431503295898 95.1333236694336 94.3505630493164 91.2458038330078 87.6491088867188 86.8223724365234 86.4594650268555 87.9505996704102 87.8748474121094 87.0572662353516 86.1778335571289 87.7465896606445 86.9240951538086 86.7418365478516 86.8055114746094 87.464714050293 87.166015625 86.7211990356445 86.038459777832 86.5321426391602 86.7607727050781 85.7514343261719 83.3998947143555 82.2094650268555 80.4911956787109 79.6373596191406 78.4127197265625 77.1479644775391 76.2876358032227 75.1034622192383
87.3974761962891 95.5218200683594 105.618118286133 107.141639709473 92.3289413452148 84.601203918457 85.0579986572266 90.6927261352539 89.5961837768555 93.1647720336914 95.9919128417969 98.9602355957031 97.4217376708984 93.8930969238281 87.142448425293 85.375846862793 85.3446273803711 84.4194412231445 86.1564636230469 90.9942855834961 94.4927368164062 89.8349151611328 87.6424560546875 86.5293273925781 86.5234527587891 86.3736724853516 87.0853652954102 87.8631362915039 87.2914733886719 86.1572341918945 87.3998260498047 87.0801696777344 86.4525604248047 86.5314102172852 87.267448425293 86.9995422363281 86.7889556884766 86.3271942138672 87.3075637817383 87.0172882080078 86.025390625 83.6696090698242 82.5153961181641 80.7241287231445 79.9414291381836 78.9863433837891 77.4402694702148 76.8882675170898 -3.4e+38
