rcp4.5models/CNRM_CM5/sc1gr1.24
NCOLS 261 
NROWS 433 
XLLCORNER 336357.134 
YLLCORNER 654653.479 
CELLSIZE 1000 
NODATA_value -3.4e+38 
[rows 396 to 417 of 433, columns 98 to 146 of 261]
69.6381759643555 69.6698684692383 69.7062377929688 70.2576141357422 70.2227630615234 70.0298004150391 70.0297164916992 70.3240814208984 70.3243942260742 70.3364639282227 70.6839370727539 70.9307708740234 71.0305480957031 70.7588653564453 70.6430969238281 70.5043334960938 70.4591369628906 70.7321319580078 71.2825241088867 71.4213333129883 71.4240341186523 71.5772552490234 71.4941558837891 71.4195175170898 70.6256256103516 69.0878295898438 70.9135589599609 72.1704330444336 72.4112243652344 72.3116149902344 72.2320251464844 72.3569030761719 72.3830413818359 72.5501403808594 72.526725769043 72.5400466918945 72.5078506469727 72.3883819580078 72.6239318847656 72.6127395629883 72.2735748291016 71.9772186279297 72.1991577148438 71.9631042480469 71.9957809448242 72.0499954223633 72.1459045410156 72.207763671875 71.5717239379883
69.7373580932617 69.5348281860352 69.2504043579102 69.935920715332 70.1159286499023 69.8281326293945 69.8885955810547 70.3097305297852 70.2725677490234 70.3022766113281 70.6615142822266 70.8513717651367 71.0630569458008 70.9913177490234 70.3624877929688 70.0684127807617 70.3543243408203 70.7657012939453 71.2179260253906 71.2374572753906 71.0740356445312 71.3069152832031 71.1372604370117 70.5242080688477 69.6626281738281 69.1692810058594 71.6628570556641 72.0572891235352 72.2142791748047 72.441047668457 72.2727355957031 72.1162567138672 72.3402709960938 72.3096542358398 72.2517318725586 72.4183578491211 72.3777618408203 72.2594223022461 72.5957641601562 72.5401382446289 72.3052749633789 71.9123458862305 72.0927352905273 72.3801651000977 72.1393203735352 72.2122192382812 72.2472229003906 72.1188430786133 71.2203521728516
69.4241714477539 69.3096771240234 69.1648025512695 69.7097091674805 70.0998764038086 69.9849853515625 69.9115829467773 70.1780090332031 70.2350006103516 70.3617248535156 70.6008148193359 70.7620010375977 70.9412994384766 70.9291610717773 70.5369415283203 70.659309387207 71.1083984375 70.9673461914062 70.8154144287109 71.163459777832 71.1222839355469 71.1233139038086 70.9710998535156 70.385856628418 69.7010726928711 69.8106155395508 71.8892364501953 72.1459884643555 72.0783157348633 72.0530471801758 72.1714324951172 72.1492233276367 72.3751983642578 72.2212448120117 72.197998046875 72.5111083984375 72.4874114990234 72.2065582275391 72.3836212158203 72.2569732666016 72.1290130615234 72.140495300293 72.1119384765625 72.223014831543 72.2387619018555 72.2096557617188 71.784294128418 71.5298614501953 71.4347610473633
69.3088912963867 69.1622772216797 69.4403762817383 69.7739334106445 69.7648849487305 69.8639755249023 69.8059921264648 69.9331817626953 69.8943481445312 70.020637512207 70.3193283081055 70.3961486816406 70.5646362304688 70.4846420288086 70.8946990966797 70.8269958496094 70.7971267700195 70.7080764770508 70.7865219116211 70.980110168457 70.8162460327148 71.0660858154297 71.007080078125 70.7227020263672 70.3933944702148 70.9837188720703 71.4145202636719 71.9537506103516 72.0071182250977 71.6707458496094 72.057991027832 71.9932479858398 72.0251007080078 -3.4e+38 72.4055633544922 72.6302337646484 72.4141845703125 72.2896499633789 72.171760559082 72.0835647583008 72.1073532104492 72.1819534301758 71.8575897216797 71.8812484741211 71.8257217407227 71.6805877685547 71.4821853637695 71.4079818725586 71.7476806640625
69.3462524414062 69.1476364135742 69.2176132202148 69.4367370605469 69.3419647216797 69.7191772460938 69.7639694213867 69.5973587036133 69.618522644043 70.0279769897461 70.2730865478516 70.2388458251953 70.4795989990234 70.4329223632812 70.8413391113281 70.5966949462891 70.4585571289062 70.5785598754883 70.6147842407227 70.3517990112305 70.338996887207 70.6219787597656 70.0745010375977 69.9948425292969 70.6201171875 71.4689559936523 71.500373840332 71.586311340332 71.7692642211914 71.6844177246094 71.9884033203125 71.8920822143555 71.8382339477539 72.2172622680664 -3.4e+38 72.1522979736328 72.2028121948242 72.3792495727539 72.0731430053711 71.8202896118164 72.0889663696289 72.1198654174805 71.8592300415039 71.7078018188477 71.7565536499023 71.6864852905273 71.4079284667969 71.5911102294922 71.1221694946289
69.3889236450195 69.2646713256836 69.1745223999023 69.3849487304688 69.2121353149414 69.513786315918 69.5025634765625 69.1944198608398 69.3874969482422 69.9715194702148 70.121208190918 70.1802062988281 70.52392578125 70.4755783081055 71.0362167358398 71.0584106445312 70.8042831420898 70.5057067871094 70.4324340820312 70.4574737548828 70.5390319824219 70.158088684082 69.3032455444336 69.8361663818359 71.0240325927734 71.4979400634766 71.6708755493164 71.6572570800781 71.6496810913086 71.6786193847656 71.7707748413086 71.7605056762695 71.9950408935547 72.3550491333008 72.2363433837891 71.9477081298828 71.8915863037109 72.0890655517578 71.8509063720703 71.8013381958008 72.1287002563477 72.3717193603516 72.3876342773438 71.7721710205078 71.8247604370117 71.8709564208984 71.4317855834961 71.3570785522461 70.9083862304688
69.2706451416016 69.3974456787109 69.4087524414062 69.3949890136719 68.9952621459961 68.9476776123047 69.0445938110352 69.2521438598633 69.5225143432617 69.6648254394531 69.6025390625 69.7968292236328 70.3294372558594 70.4380035400391 70.8171081542969 71.0224533081055 70.8098449707031 70.306640625 70.5083389282227 71.0622100830078 70.8201751708984 70.219367980957 69.8840713500977 70.3891296386719 71.2131500244141 71.4661331176758 71.5218200683594 71.7176284790039 71.6314544677734 71.6748123168945 71.8879852294922 71.6861419677734 71.8169479370117 72.2418746948242 72.1150054931641 71.9308700561523 71.9800491333008 72.0308837890625 72.2250213623047 72.1776733398438 72.0665130615234 72.4374008178711 72.2550964355469 71.6860733032227 71.7175903320312 71.6624603271484 71.5253753662109 71.4393844604492 71.2252426147461
69.0556716918945 69.250862121582 69.2113037109375 69.2290420532227 68.9854202270508 69.1171875 69.2833404541016 69.3876037597656 69.6527862548828 69.9355392456055 69.8291702270508 69.9402694702148 70.4182662963867 70.4647827148438 70.4217681884766 70.5666046142578 70.6078796386719 70.4667663574219 70.7099380493164 70.9236602783203 70.7155609130859 70.5725402832031 70.675407409668 70.9388427734375 71.0097579956055 71.0293807983398 71.5798187255859 71.5145721435547 71.5865478515625 71.7886276245117 71.7421340942383 71.6923904418945 71.7847900390625 71.8201293945312 71.918342590332 71.9343490600586 72.1081085205078 72.0559539794922 72.4064712524414 72.3493194580078 71.80859375 71.9524002075195 71.8400802612305 71.451545715332 71.5316009521484 71.37841796875 71.4162902832031 71.5800476074219 71.1530685424805
68.7657089233398 68.5677185058594 68.7332382202148 69.3489227294922 69.3842239379883 69.3957977294922 69.499870300293 69.4682006835938 69.3556747436523 69.6658096313477 69.9532470703125 70.0870056152344 70.2412414550781 70.0994491577148 69.9926986694336 70.2163009643555 70.5299072265625 70.5314636230469 70.4499282836914 70.4032592773438 70.5122756958008 70.8196105957031 70.9519195556641 70.9354553222656 70.8559265136719 71.0353851318359 71.4084625244141 70.9458770751953 71.0728988647461 71.6022567749023 71.648323059082 71.7458343505859 71.9806823730469 71.8074645996094 72.0032653808594 72.1123352050781 72.029670715332 71.9486312866211 72.0113983154297 71.9076538085938 71.5641555786133 71.6116104125977 71.6997833251953 71.337287902832 71.309944152832 71.2844543457031 71.4456939697266 71.5564270019531 71.1156616210938
68.603271484375 68.2471771240234 68.4541091918945 69.2208633422852 69.1715850830078 68.9806976318359 69.129768371582 69.3737716674805 69.4421920776367 69.6359252929688 69.8291168212891 69.8130722045898 69.9192047119141 69.7547073364258 69.6779708862305 69.7497177124023 69.9099273681641 70.0289764404297 69.9583129882812 70.0996398925781 70.2906799316406 70.5540924072266 70.6874847412109 70.795036315918 71.0008926391602 71.3332748413086 71.0059280395508 70.8284301757812 71.1111221313477 71.7481384277344 71.8609771728516 71.7200622558594 71.8260498046875 71.8366394042969 71.9101181030273 71.9325485229492 71.9364013671875 71.7917251586914 71.8124160766602 71.6550216674805 71.5847091674805 71.617546081543 71.6311645507812 71.292121887207 71.2808685302734 71.3098526000977 71.6305160522461 71.73486328125 71.0849380493164
68.5593414306641 68.2328262329102 68.1186370849609 68.8108825683594 68.732421875 68.704963684082 68.7942047119141 68.7910385131836 68.9050521850586 69.2337188720703 69.5983123779297 69.8789596557617 69.9450073242188 70.0020980834961 70.3784942626953 70.2364730834961 70.1824798583984 70.4880981445312 70.8116073608398 70.8882446289062 70.9451904296875 70.8549728393555 70.7054443359375 70.7909088134766 71.1367263793945 71.3154678344727 70.9631652832031 71.1209564208984 71.4204864501953 71.419921875 71.3821716308594 71.5366363525391 71.5969772338867 71.7314758300781 71.8018493652344 71.7689666748047 71.9413070678711 71.7197189331055 71.5649566650391 71.4460144042969 71.4145889282227 71.3539886474609 71.6894836425781 71.6951751708984 71.7366333007812 71.5084457397461 71.2200698852539 70.9877471923828 70.8911895751953
67.9779815673828 68.1087112426758 68.4860458374023 68.3556976318359 68.8687591552734 69.2024078369141 69.2213516235352 69.1470260620117 69.1968078613281 69.3807754516602 69.3019180297852 69.3281936645508 69.6046524047852 69.8960418701172 69.935791015625 69.9525299072266 70.2059783935547 70.4504699707031 70.6007919311523 70.7271423339844 70.7607879638672 70.5284576416016 70.5046844482422 70.6370315551758 70.806526184082 71.0418548583984 70.5789337158203 70.9739685058594 71.3261413574219 71.2898101806641 71.1617202758789 71.2261428833008 71.3851699829102 71.6222915649414 71.8037948608398 71.745475769043 71.6929550170898 71.9326629638672 71.8564758300781 71.6630096435547 71.4134902954102 71.3530120849609 71.5781860351562 71.4880294799805 71.4260101318359 71.277458190918 71.1992034912109 71.1677017211914 70.9489974975586
67.9789810180664 68.006706237793 68.2857208251953 68.3609466552734 68.443733215332 68.7629165649414 68.7693939208984 68.9355010986328 69.3294906616211 69.3584365844727 68.9930038452148 69.2257461547852 69.4454498291016 69.4237747192383 69.8169860839844 69.5319137573242 69.7419204711914 70.0257263183594 70.3343505859375 70.545783996582 70.5778045654297 70.3749542236328 70.5371856689453 70.591796875 70.6594314575195 70.8783798217773 70.8496322631836 71.1455535888672 71.0944976806641 71.0430221557617 70.8079299926758 70.9543228149414 71.2820053100586 71.2550964355469 71.3283843994141 71.3206176757812 71.2472763061523 71.9552764892578 71.9812850952148 71.9021759033203 71.3522033691406 71.1940536499023 71.1845169067383 71.1829528808594 71.1804656982422 71.0194931030273 71.1733322143555 71.31640625 70.8261108398438
68.1634140014648 67.9484176635742 68.0896224975586 68.3687591552734 68.4320678710938 68.527717590332 68.482666015625 68.6568832397461 68.9802780151367 69.0727844238281 69.0816650390625 69.5429306030273 69.4591217041016 69.4055786132812 69.8073806762695 69.5169067382812 69.5898056030273 69.965934753418 70.2971267700195 70.2648010253906 70.3984375 70.2367630004883 70.3781280517578 70.5735855102539 70.6488189697266 70.6698608398438 70.8195419311523 71.0332565307617 70.9272613525391 70.8823623657227 70.6956253051758 70.9033050537109 71.1329345703125 71.3763122558594 71.3921585083008 71.0535278320312 71.0572280883789 71.672981262207 71.683708190918 71.4949569702148 71.2131652832031 71.1166534423828 71.0319747924805 70.9777297973633 70.9802627563477 70.8938827514648 71.1349182128906 71.2814559936523 70.4684448242188
68.1607360839844 67.9843597412109 67.7351226806641 68.265625 68.5141525268555 68.2974548339844 68.2768402099609 68.6903228759766 68.8937149047852 69.0332183837891 69.2324752807617 69.5364227294922 69.3332824707031 69.580924987793 69.8717727661133 69.9266815185547 69.5939788818359 69.4529495239258 69.6864318847656 69.6377105712891 69.8137054443359 69.9852066040039 70.1957397460938 70.6952285766602 70.769172668457 70.598274230957 70.8551940917969 70.8930816650391 71.0811386108398 71.0170288085938 70.7114944458008 70.6450424194336 70.9991760253906 71.3388214111328 71.4005126953125 71.294189453125 71.0691757202148 71.353385925293 71.2303619384766 70.9088592529297 71.0201797485352 71.2169723510742 70.9839477539062 70.8262481689453 70.6731796264648 70.6691284179688 70.9788360595703 71.0797729492188 70.6152648925781
67.9019317626953 68.0784606933594 67.6947402954102 68.2669372558594 68.2456436157227 67.8285369873047 67.7341690063477 68.3276138305664 68.7631759643555 68.8674545288086 69.1332855224609 69.3910217285156 69.3487701416016 69.6679992675781 69.9544830322266 70.095329284668 69.7157745361328 69.3075561523438 69.6012191772461 69.7639236450195 69.8549270629883 70.1698684692383 70.1710739135742 70.4677734375 70.5162353515625 70.2528305053711 70.5373153686523 70.7973480224609 71.267448425293 71.1622314453125 71.089714050293 70.6144409179688 70.7177276611328 70.8329925537109 71.1126708984375 71.1754760742188 70.7995758056641 71.3045959472656 70.8640899658203 70.6709671020508 70.9750671386719 71.2060852050781 70.7939224243164 70.7309494018555 70.5641174316406 70.5713653564453 70.870246887207 71.0839080810547 70.8252639770508
67.5848617553711 67.7833938598633 67.8461074829102 68.1165924072266 68.0549087524414 67.8827590942383 67.8879089355469 68.1655197143555 68.3618011474609 68.3546447753906 68.7548446655273 69.0364837646484 69.3653869628906 69.7199630737305 69.9061889648438 69.7877807617188 69.7528839111328 69.6517562866211 70.0222091674805 70.2736206054688 70.2382659912109 70.4694976806641 70.4561309814453 70.211296081543 69.9192581176758 70.1580047607422 70.701057434082 70.6189956665039 70.8635864257812 71.1460647583008 71.2139129638672 70.7564010620117 70.5018692016602 70.7371368408203 71.1274871826172 70.9413909912109 70.5789947509766 71.2033386230469 70.6683578491211 70.8124847412109 71.0023727416992 70.8859786987305 71.0287933349609 71.1151733398438 70.8752517700195 70.8186111450195 70.9068145751953 70.9194564819336 70.5199432373047
67.0929565429688 67.1702041625977 67.5132293701172 68.2473449707031 68.179328918457 68.1444854736328 68.073127746582 67.9670333862305 67.9558181762695 67.9079284667969 68.1108474731445 68.3907012939453 68.6431427001953 69.0658798217773 69.6996154785156 69.5847091674805 69.6570129394531 69.6855545043945 69.9470443725586 70.1358947753906 69.9743576049805 70.2604370117188 70.6204376220703 70.1649780273438 69.90380859375 70.4555969238281 70.4835662841797 70.3698883056641 70.4552612304688 70.6726760864258 70.6694412231445 70.5478439331055 70.5347671508789 70.8365325927734 70.8643798828125 70.8455505371094 70.7290573120117 70.9446411132812 70.7479400634766 71.0614700317383 71.2095565795898 70.8862152099609 71.060905456543 71.3983459472656 71.0824661254883 70.9386825561523 70.8141632080078 70.7020721435547 70.3475036621094
67.4441604614258 67.294677734375 67.3199615478516 68.5175094604492 68.5471954345703 68.6408157348633 68.1740264892578 68.1031112670898 68.5054092407227 68.2781448364258 68.2191696166992 68.7020568847656 68.7020034790039 68.8492965698242 69.5494003295898 69.2717819213867 69.2441864013672 69.3522186279297 69.5921936035156 69.91796875 69.6297988891602 69.7584762573242 70.4178848266602 70.244255065918 70.3446044921875 70.5757141113281 70.3484191894531 70.2710113525391 70.4014739990234 70.4410018920898 70.4946594238281 70.6518020629883 70.6408996582031 70.7245788574219 70.879524230957 70.769645690918 70.8610610961914 71.0338668823242 70.9937210083008 71.1195831298828 71.1873931884766 70.9632339477539 70.8081359863281 71.1725845336914 70.8877410888672 70.5571517944336 70.5571136474609 70.6763076782227 70.3250961303711
67.3449630737305 67.3293380737305 67.5222702026367 68.4882736206055 68.5416870117188 68.5932083129883 68.3475036621094 68.4320602416992 68.9276733398438 68.8354721069336 68.8644180297852 69.2569351196289 69.0982055664062 69.0034332275391 69.1361236572266 68.8449020385742 69.0317230224609 69.1815872192383 69.3114547729492 69.7903900146484 69.7920837402344 69.6530609130859 69.9959106445312 70.0748748779297 70.113166809082 70.441520690918 70.6729888916016 70.6546249389648 70.7355270385742 70.7217559814453 70.4353256225586 70.5970001220703 70.7409439086914 70.8271865844727 71.0957794189453 70.866096496582 70.8474884033203 71.0620422363281 70.9453353881836 70.96484375 70.9295425415039 70.7873992919922 70.5855178833008 70.6334075927734 70.5881805419922 70.3145370483398 70.2568588256836 70.3664627075195 70.5039367675781
67.3584594726562 67.6209487915039 67.9213333129883 68.5122146606445 68.0883941650391 68.0490036010742 68.4043502807617 68.5314559936523 68.4528198242188 68.5713272094727 68.9624786376953 69.1203231811523 69.0919876098633 69.1484909057617 68.8867950439453 68.8181610107422 68.8794326782227 69.2292098999023 69.4846801757812 69.5105285644531 69.6640930175781 69.5954895019531 69.8214492797852 70.0068511962891 69.7758712768555 70.1894378662109 70.4957122802734 70.4389877319336 70.5507202148438 70.6083526611328 70.5508346557617 70.6166305541992 70.9011077880859 70.7426071166992 70.5454254150391 70.4820556640625 70.5556106567383 70.6666717529297 70.7262878417969 70.571403503418 70.5354232788086 70.6314468383789 70.4181442260742 70.3518142700195 70.624870300293 70.551399230957 70.1267471313477 70.0374450683594 70.6195907592773
67.1697845458984 67.5103912353516 67.6574249267578 68.3842391967773 68.0045852661133 68.1661605834961 68.2995986938477 68.3676834106445 68.322868347168 68.3137359619141 68.676399230957 68.9628524780273 69.1224746704102 68.9790802001953 68.9823455810547 68.9161148071289 68.7861480712891 68.8882293701172 69.2883682250977 69.1131134033203 69.2966995239258 69.8338928222656 70.0323486328125 69.9528274536133 69.9700317382812 70.0691070556641 70.5417098999023 70.1015243530273 70.157096862793 70.2694702148438 70.4716720581055 70.6655960083008 70.8053359985352 70.455322265625 70.0767822265625 70.1403350830078 70.1832656860352 70.4800033569336 70.5176620483398 70.3840637207031 70.1605682373047 70.3036346435547 70.4518051147461 70.3860855102539 70.4459991455078 70.3650665283203 70.3625183105469 70.4589385986328 70.1069488525391
