rcp4.5models/CNRM_CM5/sc1gr1.33
NCOLS 261 
NROWS 433 
XLLCORNER 336357.134 
YLLCORNER 654653.479 
CELLSIZE 1000 
NODATA_value -9999 
[rows 88 to 109 of 433, columns 50 to 99 of 261]
-9999 -9999 -9999 -9999 -9999 -9999 -9999 -9999 -9999 49.1615219116211 -9999 49.0699882507324 49.0068397521973 48.998706817627 49.2742462158203 49.4174652099609 49.1318778991699 49.420955657959 49.4434814453125 49.8889427185059 50.0033226013184 49.8872566223145 50.2125930786133 50.1925048828125 50.4952926635742 50.2905616760254 50.4842071533203 50.5106811523438 50.9412689208984 51.0225677490234 51.2134437561035 -9999 51.0019912719727 51.2091026306152 51.332405090332 51.4350357055664 51.4596519470215 51.6585884094238 51.8091926574707 52.0073547363281 52.2488861083984 52.6105575561523 52.8883056640625 52.2929840087891 52.524528503418 52.2620239257812 52.5168495178223 52.5826721191406 52.7429466247559 52.7985725402832
-9999 -9999 -9999 -9999 -9999 -9999 -9999 -9999 -9999 49.2162055969238 48.862247467041 48.9311904907227 49.1078300476074 49.2631759643555 49.3921203613281 49.5292625427246 49.2140998840332 49.7314147949219 49.7642669677734 49.859546661377 49.9734992980957 49.8404197692871 50.3541603088379 50.4973754882812 50.4224548339844 50.3849563598633 50.7057952880859 50.8365173339844 51.0648193359375 51.2161102294922 51.4429817199707 51.4155311584473 51.356372833252 51.4626693725586 51.5859107971191 51.6266632080078 51.7840423583984 51.8412818908691 51.9113464355469 52.0935440063477 52.3437232971191 52.440845489502 52.5625305175781 52.3515090942383 52.3939399719238 52.5091743469238 52.7683486938477 52.9095878601074 52.8727798461914 53.1367683410645
-9999 -9999 -9999 -9999 -9999 -9999 -9999 -9999 -9999 49.058521270752 48.8576316833496 48.9622230529785 49.272388458252 49.4402694702148 49.293041229248 49.4201240539551 49.3433418273926 49.9271697998047 50.1607513427734 50.0600662231445 50.0121192932129 49.9965782165527 50.3072052001953 50.610408782959 50.4029808044434 50.8409309387207 50.916675567627 51.107536315918 51.2971801757812 51.4202117919922 51.3796081542969 51.5828666687012 51.5985527038574 51.6213035583496 51.6206359863281 51.7093200683594 51.9842529296875 51.9671401977539 52.069465637207 52.146110534668 52.4236488342285 52.4175453186035 52.3445854187012 52.436580657959 52.728385925293 53.100284576416 52.9616508483887 53.2606353759766 53.1895942687988 53.3092765808105
-9999 -9999 -9999 -9999 -9999 -9999 -9999 -9999 48.6270217895508 48.8678207397461 49.0848045349121 49.3353424072266 49.4718894958496 49.4037208557129 49.0078125 49.5027122497559 49.7651977539062 50.2628593444824 50.2033767700195 50.1481666564941 50.3856391906738 50.2181739807129 50.4549140930176 50.7113418579102 50.6481437683105 50.860164642334 51.3548545837402 51.1350631713867 51.2554588317871 51.48974609375 51.7648277282715 51.8215370178223 51.7873115539551 52.09423828125 52.1052780151367 52.082103729248 52.4669342041016 52.2176704406738 52.5164451599121 52.5453453063965 52.6320037841797 52.3086929321289 52.5546188354492 53.1300354003906 53.1322975158691 53.3994216918945 53.4880599975586 53.2013931274414 53.2114219665527 53.2995452880859
-9999 -9999 -9999 -9999 -9999 -9999 -9999 48.4750480651855 48.7196731567383 49.0648765563965 49.2927513122559 49.5614356994629 49.5970878601074 49.1054267883301 49.1855049133301 49.6448440551758 49.8953514099121 50.2642936706543 50.3686904907227 50.3264389038086 50.5396308898926 50.6170120239258 50.6948165893555 50.9501533508301 50.8874473571777 51.3221397399902 51.4508056640625 51.2987098693848 51.1590385437012 51.7353935241699 51.8653335571289 51.8989028930664 52.2133750915527 52.2148361206055 52.3234443664551 52.243839263916 52.3768882751465 52.4260940551758 52.6031036376953 52.5146827697754 52.6021957397461 52.5443801879883 53.0648422241211 53.2282867431641 53.3040466308594 53.0627784729004 53.4254531860352 53.2439346313477 53.3863639831543 53.4187622070312
-9999 -9999 -9999 -9999 48.5970878601074 48.9873962402344 48.7840270996094 -9999 48.9821243286133 49.2017440795898 49.406379699707 49.7665634155273 49.7393264770508 49.1620674133301 49.3576927185059 50.0625419616699 -9999 -9999 50.5863571166992 50.4801597595215 50.7624397277832 50.7768402099609 50.7321395874023 -9999 51.0585861206055 51.4528350830078 51.3255882263184 51.5105094909668 51.4114990234375 52.0282936096191 52.0996360778809 51.9524726867676 52.4740333557129 52.1657371520996 52.5884475708008 52.4523849487305 52.3957443237305 52.7426528930664 52.7470626831055 52.5100440979004 52.9337882995605 53.1875686645508 53.1400718688965 53.1023254394531 53.509147644043 53.3157920837402 53.6312103271484 53.3866577148438 53.619556427002 53.6633491516113
-9999 -9999 -9999 48.4650230407715 -9999 49.2400779724121 48.6377143859863 48.7700004577637 49.1794700622559 49.3285865783691 49.4840545654297 49.8338088989258 49.8773651123047 49.3164825439453 49.6310577392578 50.0185661315918 50.1196823120117 50.4608116149902 50.6973571777344 50.6583251953125 50.8918991088867 51.0924606323242 50.6748352050781 -9999 -9999 51.5021018981934 51.5014495849609 51.7628288269043 51.8242034912109 52.0193176269531 52.0782661437988 52.0007209777832 52.3343963623047 52.2951316833496 52.6288642883301 52.6534461975098 52.5257415771484 52.7902488708496 52.7182006835938 52.7436065673828 53.0976028442383 53.3378753662109 53.4664993286133 53.130687713623 53.207633972168 53.4751052856445 53.456241607666 53.5335807800293 53.8519058227539 53.9706497192383
-9999 -9999 -9999 48.6950912475586 49.1849403381348 49.1946868896484 48.755126953125 49.0219535827637 49.3270492553711 49.4709167480469 49.7467651367188 49.8972969055176 49.7428016662598 49.5818786621094 50.0990524291992 50.121524810791 50.1615867614746 50.4806365966797 50.6762428283691 50.8562126159668 50.5613288879395 50.9687347412109 51.2746772766113 51.4803352355957 51.5861740112305 -9999 51.6025848388672 51.6769981384277 52.1707038879395 52.010383605957 52.3861312866211 52.2958106994629 52.142219543457 52.604606628418 52.4455795288086 52.7291221618652 53.0075759887695 52.8502922058105 52.8974418640137 53.0665626525879 53.3617172241211 53.1694755554199 53.4852867126465 53.1546897888184 53.1388130187988 53.4924964904785 53.4462509155273 53.9045295715332 53.9601631164551 54.1482276916504
48.1038398742676 48.3641586303711 48.5258598327637 49.0192451477051 49.4067726135254 48.9836540222168 48.9301490783691 49.2474594116211 49.4267997741699 49.6118011474609 49.7599296569824 49.7888031005859 49.6325645446777 49.8595657348633 50.4437713623047 50.479793548584 50.4345779418945 50.5570869445801 50.9294509887695 50.5629806518555 50.7153205871582 51.2037734985352 51.0720558166504 51.3727416992188 51.6033592224121 51.5922813415527 51.8580093383789 51.7622184753418 52.1133766174316 52.3513374328613 52.3645896911621 52.4782218933105 52.365364074707 52.6389961242676 52.4162864685059 52.9646377563477 53.0071716308594 52.7836151123047 53.1291351318359 53.1065711975098 53.4002456665039 53.096492767334 53.1742477416992 53.4789543151855 53.4179000854492 53.8019828796387 53.6135215759277 54.1096801757812 54.0012168884277 54.1925430297852
48.2792587280273 48.5728988647461 48.9313583374023 49.3742828369141 49.0704231262207 49.0506973266602 49.1206817626953 49.409969329834 49.5525245666504 49.8929862976074 49.7428741455078 49.5635719299316 49.7544937133789 50.1251640319824 50.6689834594727 50.5101356506348 50.5367889404297 50.9147491455078 50.8710060119629 50.8995819091797 51.3427925109863 51.5834846496582 51.114200592041 51.3626670837402 51.6109580993652 51.6663551330566 51.8118476867676 51.9714469909668 52.2313194274902 52.2756080627441 52.6743049621582 52.5845642089844 52.6176109313965 52.7308502197266 52.7845687866211 52.842357635498 52.8480072021484 52.9888000488281 53.2919540405273 53.2195739746094 53.2696647644043 53.352123260498 53.2669258117676 53.5547752380371 53.5559387207031 53.9055557250977 54.0260238647461 53.9471015930176 54.0883178710938 53.9895477294922
48.292552947998 48.611743927002 49.0192260742188 49.0578689575195 48.9161911010742 48.8314971923828 49.3798446655273 49.5571136474609 49.8347549438477 50.186840057373 49.850700378418 49.5935325622559 50.3205337524414 50.5377960205078 50.690616607666 50.8443298339844 50.4991683959961 50.8306655883789 51.0202102661133 51.2524681091309 51.6095314025879 51.7757263183594 51.4040946960449 51.3368148803711 51.633731842041 52.0577621459961 52.1593284606934 52.1212387084961 52.259822845459 52.4316558837891 52.3462791442871 52.5509185791016 52.8767471313477 52.7010231018066 52.7383651733398 52.9982604980469 53.1152648925781 53.2815475463867 53.4308395385742 53.4080543518066 53.2127113342285 53.385440826416 53.4568748474121 53.6177940368652 53.8546829223633 54.3108901977539 54.2523155212402 53.8202056884766 54.0142822265625 53.8487663269043
48.4793739318848 48.9528579711914 49.1759796142578 48.9749870300293 49.0634918212891 48.9814224243164 49.5632743835449 49.7479934692383 50.1725616455078 49.9539680480957 50.0272598266602 50.0516738891602 50.5864753723145 50.6321258544922 50.8162498474121 50.5932121276855 50.7982292175293 51.2342720031738 51.3006210327148 51.5774879455566 51.4543037414551 51.6401290893555 51.4022750854492 51.6858673095703 51.7009544372559 52.1109390258789 52.2765235900879 52.3308143615723 52.4247093200684 52.4517250061035 52.4469985961914 52.5499076843262 52.9064178466797 52.9405670166016 52.814697265625 53.1507453918457 53.3369674682617 53.3356704711914 53.5956535339355 53.6211547851562 53.5771102905273 53.4355888366699 53.5812225341797 53.7702293395996 53.7569274902344 54.2830238342285 53.943172454834 53.6768074035645 54.1299781799316 54.0368881225586
48.8076400756836 49.0962181091309 49.0590400695801 49.0908355712891 49.0883903503418 49.2645263671875 49.7575263977051 50.0504302978516 49.8639297485352 50.0135459899902 50.1382141113281 50.2251625061035 50.3398361206055 50.7095031738281 50.514331817627 50.6955604553223 51.0289077758789 51.4024238586426 51.2469100952148 51.4759483337402 51.5090675354004 51.600944519043 51.49267578125 51.6971168518066 51.862865447998 51.8791007995605 52.1850471496582 52.2857322692871 52.4398345947266 52.5561408996582 52.6265869140625 52.7345962524414 53.0619583129883 53.0953140258789 53.2120971679688 53.1443519592285 53.4117202758789 53.5069198608398 53.6629257202148 53.458667755127 53.9430999755859 53.7260971069336 53.8324890136719 53.8253021240234 53.8679809570312 54.1768608093262 53.9296188354492 53.919921875 54.2831840515137 54.2816390991211
49.0562210083008 49.1675758361816 49.149974822998 49.3755989074707 49.329345703125 49.6802177429199 49.8253517150879 49.8275299072266 49.9378929138184 50.188892364502 50.2594184875488 50.0084381103516 50.2330703735352 50.5680236816406 50.8687858581543 50.8624420166016 50.8923454284668 51.2496490478516 51.239372253418 51.6001243591309 51.6065483093262 51.5356407165527 51.7243995666504 51.7850074768066 -9999 52.3388633728027 52.0784187316895 52.3584861755371 52.5714378356934 52.8867301940918 52.9476699829102 52.7680397033691 53.1045570373535 53.0079879760742 53.2920837402344 53.3300094604492 53.5220718383789 53.8325500488281 53.8050956726074 53.7501983642578 54.0625 54.0053749084473 54.106014251709 54.0604248046875 54.2517929077148 54.2357521057129 54.1779861450195 54.2829895019531 54.4686584472656 54.5862503051758
49.1750869750977 49.2528114318848 49.4990234375 49.7695388793945 49.5793495178223 49.8668365478516 49.6055450439453 49.9398345947266 50.1777992248535 50.3777542114258 50.1241683959961 50.059440612793 50.2875289916992 50.5908012390137 50.9001350402832 51.0243530273438 50.957160949707 51.2000770568848 51.4848899841309 51.8288383483887 51.4956130981445 51.5853233337402 51.7804679870605 52.3870277404785 52.2365798950195 52.4278221130371 52.2024078369141 52.4129867553711 52.8108253479004 52.9234008789062 53.0982475280762 52.7835655212402 53.0835800170898 53.0405349731445 53.308032989502 53.6554718017578 53.6026229858398 53.5908584594727 53.7719039916992 54.1375312805176 54.0185241699219 53.9664459228516 54.1288909912109 54.0264358520508 54.2838401794434 54.4097442626953 54.4872131347656 54.5955429077148 54.6497230529785 54.7278060913086
49.6585350036621 49.88916015625 50.06396484375 49.535717010498 49.6126747131348 49.5793304443359 50.1720657348633 50.3921241760254 50.6737518310547 50.6210403442383 50.9157562255859 50.6163864135742 51.0398445129395 51.3170166015625 51.3207244873047 51.1928939819336 51.0749244689941 51.1997451782227 51.8256378173828 51.946346282959 52.0393104553223 52.5136871337891 52.1801834106445 52.2724723815918 52.6221084594727 52.4150009155273 52.5398292541504 52.7684135437012 52.8543739318848 53.2264671325684 53.3464584350586 53.1339378356934 53.3333702087402 53.2631759643555 53.7304573059082 53.5613670349121 53.8162498474121 53.9833297729492 53.6461715698242 54.3065795898438 54.3903388977051 54.2643852233887 54.3538475036621 54.2830467224121 54.6288566589355 54.5441017150879 54.497127532959 54.3404960632324 54.5925636291504 54.7302627563477
49.8525695800781 50.0706481933594 49.6909942626953 49.4236717224121 49.7504577636719 49.9151000976562 50.3997001647949 50.645751953125 50.0764350891113 50.8541717529297 50.6093330383301 50.7153511047363 51.420238494873 51.3983612060547 51.23828125 51.3387718200684 51.2323799133301 51.3956832885742 51.8408241271973 51.8466911315918 52.0085945129395 52.7374114990234 51.994743347168 52.3042526245117 52.5836296081543 52.702075958252 52.7597465515137 52.7576026916504 52.8964805603027 53.4383010864258 53.3258972167969 53.5321044921875 53.5470504760742 53.4750366210938 53.6648445129395 53.9012832641602 53.9610900878906 54.1827125549316 53.8402786254883 54.2397155761719 54.6083526611328 54.5044555664062 54.5096206665039 54.4045372009277 54.8176918029785 54.6624794006348 54.6178016662598 54.6939163208008 54.6836929321289 54.9657554626465
49.8162040710449 49.8310317993164 49.5928611755371 49.7431221008301 49.9450645446777 50.2549057006836 50.6554946899414 -9999 -9999 51.154239654541 50.697395324707 50.6311378479004 51.0846900939941 51.4572143554688 51.3945693969727 51.7362060546875 51.8448066711426 51.8929748535156 52.1069297790527 52.2411308288574 51.8155212402344 52.3431663513184 52.0621681213379 52.3105850219727 52.7072219848633 52.7544021606445 -9999 52.9599876403809 -9999 53.1560478210449 53.4710502624512 53.9866943359375 53.714054107666 53.6586837768555 53.6552619934082 53.9193229675293 53.7944412231445 -9999 54.2254829406738 54.3814697265625 54.6585235595703 54.7605323791504 54.5466270446777 54.5163688659668 54.8347358703613 54.7863235473633 54.8619842529297 55.0386428833008 55.0109558105469 55.183521270752
49.8526954650879 49.651439666748 49.7569007873535 49.9707336425781 50.2469215393066 50.3882637023926 -9999 -9999 -9999 50.8340148925781 50.7019920349121 50.7835693359375 51.1928253173828 51.6824073791504 51.4013061523438 51.7354125976562 51.879566192627 51.7408866882324 52.1749649047852 52.2842864990234 51.988410949707 52.3819389343262 52.2533226013184 52.5239562988281 52.8741073608398 52.9072380065918 53.1786346435547 53.2031135559082 53.0612182617188 53.3528747558594 53.5332260131836 53.8351364135742 53.8336143493652 53.7153625488281 53.7234268188477 53.949821472168 54.0840682983398 54.3658714294434 54.5226440429688 54.3186073303223 54.5497055053711 54.8175849914551 54.7342529296875 -9999 54.8697471618652 54.9316177368164 54.8838348388672 55.1508712768555 55.2736206054688 55.2911109924316
49.9767456054688 49.7745475769043 50.009838104248 50.2568092346191 50.3969306945801 -9999 -9999 -9999 -9999 50.813850402832 50.8550109863281 51.1815414428711 51.3562774658203 51.4841613769531 51.544979095459 51.6842842102051 51.8462104797363 51.819766998291 52.1106834411621 52.0343246459961 51.9641075134277 52.5898094177246 52.4868659973145 52.7798347473145 52.7891273498535 52.968620300293 53.0440940856934 53.0570907592773 53.4516105651855 53.6966171264648 53.7103805541992 53.7550964355469 53.8372917175293 53.8099174499512 54.0800666809082 54.3092002868652 54.106575012207 54.7157440185547 54.4122467041016 54.5371932983398 54.712158203125 54.8949966430664 54.933895111084 54.8750038146973 55.226375579834 55.0554428100586 54.9001579284668 55.1380004882812 55.2129898071289 55.0901336669922
49.9230308532715 50.1171875 50.3794860839844 50.5962753295898 50.7134132385254 -9999 -9999 -9999 -9999 50.7833023071289 50.9388465881348 51.409065246582 51.4725227355957 51.422191619873 51.7188491821289 51.957332611084 52.0873146057129 52.3559379577637 52.2621765136719 51.9145698547363 52.029354095459 52.4679946899414 52.6933975219727 52.9051208496094 52.8976440429688 53.1190719604492 52.9479446411133 52.9447784423828 53.5366706848145 53.7045707702637 53.4572410583496 53.9098625183105 54.0125503540039 54.0878715515137 54.5950889587402 54.5804328918457 54.4258346557617 54.6364059448242 54.6398391723633 54.6490325927734 54.9787178039551 55.073169708252 55.0115966796875 55.0957107543945 55.2220153808594 55.0791816711426 55.1766014099121 55.0224838256836 55.3453674316406 55.3712844848633
50.239803314209 50.3287506103516 50.447509765625 50.6443901062012 50.7784233093262 50.9853363037109 -9999 50.5987586975098 -9999 50.8471870422363 51.1732597351074 51.2704544067383 51.4677772521973 51.5416526794434 51.983268737793 52.027286529541 52.2680816650391 52.64501953125 52.5110130310059 51.9915237426758 52.3396606445312 52.6036415100098 52.879768371582 52.9961929321289 52.9272804260254 53.1581993103027 53.1832733154297 53.0803642272949 53.4156875610352 53.8226356506348 53.3526649475098 53.932689666748 54.2323532104492 54.270076751709 54.5243110656738 54.5970115661621 54.7782897949219 54.7588043212891 54.6322250366211 54.8735046386719 55.0749969482422 55.2650947570801 55.1784896850586 55.2933769226074 55.0144348144531 55.188232421875 55.034294128418 55.2906684875488 55.6135673522949 55.5809669494629
