rcp4.5models/CNRM_CM5/sc1gr5.20
NCOLS 261 
NROWS 433 
XLLCORNER 336357.134 
YLLCORNER 654653.479 
CELLSIZE 1000 
NODATA_value -3.4e+38 
[rows 242 to 263 of 433, columns 147 to 195 of 261]
281.371887207031 277.903259277344 272.626586914062 273.671783447266 279.745025634766 282.575164794922 283.565093994141 284.256256103516 285.238708496094 286.014343261719 286.420135498047 287.146423339844 286.841674804688 286.919036865234 287.256042480469 287.644226074219 287.884857177734 287.637054443359 287.517486572266 287.244995117188 287.425415039062 287.513977050781 287.510437011719 287.783416748047 287.691375732422 287.584228515625 287.457489013672 287.045471191406 286.741516113281 286.559722900391 286.743591308594 287.138824462891 287.345062255859 288.266967773438 288.733978271484 288.371429443359 287.827484130859 287.528900146484 -3.4e+38 -3.4e+38 288.962158203125 289.659942626953 289.570281982422 289.991027832031 289.782775878906 289.240234375 289.296630859375 289.548248291016 289.076812744141
280.832702636719 277.651794433594 273.891937255859 276.473815917969 280.799377441406 282.732727050781 283.714080810547 284.408721923828 284.916290283203 285.28173828125 285.925384521484 286.897552490234 287.349304199219 287.393463134766 287.437133789062 287.454467773438 287.329010009766 287.222045898438 287.168121337891 286.587524414062 286.493041992188 286.561828613281 287.306549072266 287.370666503906 287.374603271484 287.291687011719 287.225738525391 286.691345214844 286.252197265625 285.792999267578 286.041900634766 286.516876220703 286.712310791016 287.556030273438 287.623413085938 287.280426025391 287.411529541016 288.022155761719 288.100189208984 -3.4e+38 -3.4e+38 288.427947998047 288.765747070312 288.789794921875 288.426513671875 285.068206787109 285.392028808594 287.410400390625 288.063995361328
280.287902832031 276.527130126953 273.238677978516 277.250579833984 280.972045898438 282.949279785156 283.764129638672 284.722503662109 285.098358154297 285.294464111328 285.869384765625 286.812957763672 287.350921630859 287.395141601562 -3.4e+38 287.366271972656 287.011383056641 286.859649658203 287.004180908203 286.515899658203 286.315032958984 286.530731201172 286.779479980469 286.759857177734 286.803802490234 286.975921630859 286.576080322266 285.578796386719 284.194122314453 284.4453125 285.532287597656 286.204040527344 286.522216796875 287.191833496094 287.201416015625 286.784851074219 287.465148925781 -3.4e+38 -3.4e+38 -3.4e+38 -3.4e+38 288.425994873047 288.788696289062 288.693756103516 288.135345458984 287.816070556641 287.572479248047 287.957916259766 288.645233154297
279.383819580078 274.501678466797 271.181884765625 277.195709228516 281.121368408203 282.723846435547 283.331298828125 284.727111816406 285.548675537109 285.822448730469 286.113739013672 287.090515136719 287.352478027344 287.396789550781 -3.4e+38 287.380310058594 287.044342041016 286.854248046875 287.061798095703 286.881286621094 286.842498779297 286.988891601562 286.605529785156 286.180847167969 286.084533691406 286.396545410156 285.978210449219 283.709655761719 279.819427490234 281.279907226562 283.974822998047 285.724731445312 286.237823486328 286.719543457031 286.463531494141 286.624176025391 287.52197265625 -3.4e+38 -3.4e+38 -3.4e+38 288.048095703125 287.985809326172 287.805023193359 287.965850830078 287.698455810547 288.066802978516 288.586242675781 288.618621826172 288.709045410156
279.301574707031 274.555236816406 269.531616210938 274.303680419922 281.074340820312 282.540802001953 283.125335693359 284.136077880859 285.363128662109 285.902984619141 286.105895996094 286.932525634766 287.295013427734 287.398376464844 287.442230224609 287.485565185547 287.337982177734 287.04345703125 287.167877197266 287.191040039062 287.258605957031 287.069122314453 286.988098144531 286.393188476562 286.243347167969 286.279144287109 285.595001220703 283.313018798828 279.723114013672 279.885101318359 282.980865478516 285.464294433594 286.109558105469 286.700073242188 286.304870605469 286.864685058594 287.339874267578 -3.4e+38 -3.4e+38 -3.4e+38 -3.4e+38 287.865295410156 285.413146972656 283.059265136719 287.175811767578 288.018890380859 289.053375244141 289.238708496094 289.008514404297
279.799499511719 276.145874023438 272.006256103516 276.685272216797 281.764709472656 283.038604736328 283.4931640625 284.188079833984 285.130187988281 -3.4e+38 285.930480957031 286.503234863281 286.920043945312 287.340942382812 287.356994628906 287.194580078125 287.129547119141 287.100952148438 287.169647216797 287.171203613281 287.241577148438 287.157073974609 287.122650146484 286.74560546875 286.522583007812 285.948974609375 285.150421142578 284.004730224609 283.074066162109 282.621948242188 284.201568603516 285.377960205078 285.952423095703 287.081329345703 286.923675537109 287.194000244141 287.277191162109 287.580108642578 -3.4e+38 -3.4e+38 -3.4e+38 -3.4e+38 286.037048339844 283.789611816406 287.998748779297 288.093933105469 288.877685546875 289.67724609375 289.986480712891
279.968292236328 277.55615234375 275.813140869141 280.052886962891 282.706451416016 283.154876708984 283.696990966797 284.420715332031 284.811889648438 285.022888183594 285.592254638672 286.0263671875 286.527587890625 286.891143798828 286.957916259766 287.017211914062 286.733673095703 286.834747314453 286.9677734375 286.707489013672 286.75439453125 286.970703125 287.178375244141 286.881469726562 286.482666015625 285.695678710938 285.001922607422 284.114227294922 283.999572753906 284.247283935547 284.224731445312 284.763092041016 285.686126708984 286.702575683594 286.906158447266 -3.4e+38 287.381408691406 -3.4e+38 -3.4e+38 -3.4e+38 287.858612060547 287.916198730469 287.765319824219 287.603546142578 288.540313720703 288.558349609375 288.678314208984 289.676177978516 290.586700439453
279.562713623047 276.819763183594 273.666656494141 276.869689941406 282.616485595703 282.9306640625 283.493255615234 284.147796630859 284.615325927734 285.052093505859 285.442291259766 285.989929199219 286.377319335938 286.545806884766 286.806945800781 286.808685302734 286.451019287109 286.454833984375 286.756896972656 286.300079345703 286.1748046875 286.499420166016 286.911163330078 286.650909423828 286.327117919922 -3.4e+38 -3.4e+38 284.9638671875 284.271087646484 283.761779785156 283.243743896484 284.526672363281 285.346313476562 286.024444580078 286.356201171875 286.936126708984 -3.4e+38 -3.4e+38 -3.4e+38 287.855163574219 287.664306640625 287.390930175781 287.219146728516 287.339538574219 288.172302246094 288.992034912109 288.669006347656 289.23681640625 290.203002929688
278.595306396484 276.206787109375 271.124176025391 271.854949951172 282.300720214844 282.765625 283.100036621094 283.6572265625 284.1884765625 284.899841308594 285.578765869141 286.276885986328 286.370391845703 -3.4e+38 -3.4e+38 286.165130615234 285.904357910156 286.084381103516 286.616882324219 286.365600585938 286.010711669922 286.026428222656 286.501495361328 286.156646728516 285.498077392578 285.906372070312 -3.4e+38 -3.4e+38 284.714538574219 283.812316894531 283.5009765625 284.170104980469 283.944702148438 286.161437988281 286.592132568359 286.888000488281 -3.4e+38 -3.4e+38 -3.4e+38 287.490539550781 286.762847900391 286.234954833984 285.897399902344 286.338775634766 288.138946533203 289.287353515625 289.199829101562 288.852874755859 288.921661376953
278.285308837891 277.895477294922 273.274200439453 271.033294677734 282.000946044922 282.711242675781 283.006195068359 283.288604736328 283.775848388672 284.531646728516 285.303588867188 286.101654052734 286.395385742188 -3.4e+38 286.298034667969 285.711730957031 285.785430908203 286.027435302734 286.513824462891 286.608001708984 286.297607421875 285.852874755859 286.253845214844 285.917785644531 285.099212646484 285.172332763672 284.668090820312 283.965393066406 284.489074707031 284.071594238281 283.991241455078 283.875 284.100006103516 286.357696533203 286.951080322266 287.186004638672 287.289306640625 -3.4e+38 -3.4e+38 287.380645751953 286.380462646484 286.119201660156 285.732360839844 286.05517578125 287.520568847656 288.945648193359 289.785491943359 289.412414550781 288.488922119141
278.279876708984 277.535766601562 273.286071777344 271.455291748047 278.958312988281 282.211364746094 282.757568359375 283.57958984375 284.205230712891 284.532104492188 284.986175537109 286.052276611328 286.371032714844 -3.4e+38 286.2548828125 285.924835205078 286.258605957031 286.160980224609 286.423522949219 286.544372558594 286.421813964844 286.056335449219 285.623321533203 285.331268310547 284.531860351562 283.94091796875 281.429443359375 279.400512695312 283.43896484375 283.563903808594 283.719543457031 284.300384521484 285.194305419922 286.402954101562 286.540222167969 286.938232421875 287.205413818359 287.394897460938 287.619293212891 -3.4e+38 287.080841064453 286.501434326172 285.663665771484 285.565002441406 286.690521240234 288.045043945312 289.503082275391 289.965393066406 289.040649414062
277.220123291016 276.914642333984 272.184722900391 268.82958984375 276.570739746094 280.972991943359 281.707611083984 283.8994140625 284.432861328125 284.006103515625 284.281555175781 285.984344482422 286.269165039062 -3.4e+38 286.311492919922 286.175964355469 285.987121582031 285.868499755859 286.02197265625 286.381439208984 286.310729980469 286.128540039062 285.413330078125 285.0986328125 284.073883056641 283.025939941406 279.577728271484 276.976013183594 283.129638671875 283.158447265625 283.187622070312 284.248107910156 284.982421875 286.160339355469 285.960662841797 286.557342529297 286.941864013672 287.296630859375 287.485961914062 -3.4e+38 287.414123535156 286.605743408203 285.236267089844 284.860229492188 286.519989013672 287.580261230469 288.799926757812 290.125579833984 289.572692871094
277.043090820312 277.819274902344 274.700225830078 271.713317871094 278.329528808594 281.754821777344 282.366973876953 283.892395019531 284.498687744141 284.207580566406 284.301391601562 285.610656738281 286.039489746094 -3.4e+38 285.807067871094 285.517150878906 285.238647460938 285.598907470703 285.792205810547 286.328979492188 286.144805908203 285.723907470703 285.154968261719 284.628479003906 283.712768554688 282.783538818359 281.439056396484 280.536041259766 283.250122070312 282.482849121094 281.957946777344 283.091827392578 284.677917480469 285.728759765625 285.569763183594 286.476867675781 286.882049560547 286.930694580078 287.2783203125 -3.4e+38 287.097198486328 286.272247314453 285.978881835938 285.998748779297 286.666931152344 287.760772705078 288.760162353516 289.503356933594 289.786407470703
272.255432128906 273.558715820312 271.641082763672 270.790679931641 279.310241699219 283.013397216797 283.495849609375 283.861053466797 284.581604003906 284.619354248047 285.007568359375 285.726898193359 285.847412109375 285.834228515625 285.901489257812 285.803833007812 285.726135253906 285.427612304688 285.110290527344 285.666717529297 285.717102050781 285.648040771484 284.418975830078 284.531127929688 284.099884033203 283.513793945312 284.279907226562 283.767120361328 283.038391113281 282.737823486328 282.125 283.003326416016 284.615264892578 285.36767578125 285.015472412109 285.541656494141 285.826202392578 286.071258544922 286.723541259766 287.099304199219 286.513885498047 286.484008789062 287.265289306641 287.334533691406 286.959655761719 288.292053222656 288.537658691406 289.242706298828 289.733001708984
269.650634765625 272.617248535156 270.224975585938 267.801910400391 276.978118896484 282.798583984375 283.050506591797 283.197204589844 283.653686523438 284.219757080078 284.637298583984 285.673950195312 285.740936279297 -3.4e+38 285.787719726562 285.683471679688 285.702789306641 285.215454101562 284.710784912109 285.493560791016 285.685760498047 285.583221435547 284.816253662109 -3.4e+38 -3.4e+38 284.400085449219 -3.4e+38 284.249938964844 283.373687744141 282.237823486328 280.564453125 282.261047363281 284.433441162109 285.048583984375 284.661499023438 284.771728515625 285.524749755859 286.123748779297 286.869262695312 286.990539550781 286.372802734375 286.334808349609 287.194152832031 287.707214355469 287.245086669922 288.227813720703 288.979034423828 289.848480224609 289.820373535156
267.355987548828 269.451904296875 270.075866699219 269.470916748047 276.913940429688 282.094970703125 281.667022705078 282.231109619141 283.533630371094 284.426391601562 284.547637939453 285.497863769531 285.740447998047 -3.4e+38 285.6513671875 285.375122070312 285.612365722656 285.330688476562 284.886535644531 285.1064453125 285.585540771484 285.652770996094 285.320068359375 -3.4e+38 -3.4e+38 -3.4e+38 284.131042480469 -3.4e+38 282.836273193359 280.496734619141 278.448699951172 282.456756591797 284.375183105469 284.685394287109 284.564453125 284.619506835938 285.377777099609 286.091613769531 286.704315185547 286.846710205078 286.083587646484 286.054779052734 286.968017578125 287.674499511719 288.050231933594 288.78369140625 289.406036376953 289.480041503906 289.545654296875
264.795013427734 267.739898681641 270.095275878906 269.954498291016 275.171447753906 278.337188720703 275.831909179688 278.742492675781 283.785583496094 284.374267578125 284.559020996094 285.280395507812 285.622894287109 285.720245361328 285.289916992188 284.888122558594 285.359680175781 285.400939941406 284.991363525391 284.700042724609 285.383209228516 285.573333740234 285.089324951172 -3.4e+38 284.0224609375 283.608428955078 282.871368408203 282.156066894531 281.988830566406 278.753082275391 275.662414550781 283.556365966797 283.908660888672 284.199493408203 284.479797363281 285.063995361328 285.243621826172 285.848693847656 286.595031738281 286.211029052734 285.624694824219 285.921081542969 286.53369140625 287.602508544922 288.495056152344 289.067657470703 289.090545654297 288.891296386719 289.333557128906
261.171722412109 265.739532470703 267.740661621094 267.275329589844 271.300720214844 274.869659423828 273.829223632812 276.676208496094 283.912292480469 284.572937011719 284.746551513672 285.227264404297 285.458404541016 285.495269775391 285.112426757812 284.839477539062 285.039306640625 285.324279785156 285.083435058594 284.661437988281 285.141815185547 285.456451416016 284.687194824219 284.086090087891 283.738586425781 282.815185546875 280.257568359375 275.120086669922 271.298645019531 274.431671142578 278.364471435547 283.087951660156 283.346588134766 283.934997558594 284.549682617188 285.246398925781 285.455017089844 285.819244384766 286.172668457031 285.505859375 285.158172607422 286.280914306641 287.011840820312 287.968444824219 288.541564941406 288.579742431641 288.396911621094 288.744903564453 288.983215332031
254.427261352539 260.563110351562 264.77880859375 267.558135986328 271.468109130859 275.064636230469 277.172912597656 277.627868652344 284.035247802734 284.735321044922 284.861480712891 285.284942626953 285.463043212891 285.493743896484 285.264190673828 284.973541259766 284.529754638672 285.123596191406 284.903106689453 284.496246337891 284.707000732422 285.173858642578 -3.4e+38 -3.4e+38 -3.4e+38 281.205627441406 274.835571289062 267.5771484375 267.183288574219 276.6552734375 281.878540039062 282.262145996094 282.941040039062 283.839233398438 284.436920166016 285.293334960938 285.663970947266 285.73681640625 286.076416015625 285.533599853516 284.781494140625 285.897735595703 287.486419677734 287.883544921875 288.3349609375 287.825469970703 287.907470703125 288.227661132812 287.941986083984
248.954498291016 256.926330566406 267.182922363281 274.045196533203 276.576599121094 277.950408935547 278.730590820312 278.707275390625 283.896850585938 284.144744873047 284.119384765625 285.162200927734 285.370483398438 -3.4e+38 285.172546386719 284.516906738281 283.918060302734 284.586334228516 284.518341064453 284.542572021484 284.744323730469 285.00439453125 -3.4e+38 -3.4e+38 -3.4e+38 281.168975830078 275.528045654297 274.197601318359 277.889312744141 282.307312011719 281.893798828125 281.812347412109 282.852020263672 283.731353759766 284.380798339844 284.939697265625 285.191711425781 285.497467041016 285.975463867188 285.635162353516 285.311309814453 285.759246826172 286.931579589844 287.252990722656 287.998138427734 287.161590576172 287.082946777344 287.595031738281 287.406188964844
253.902008056641 261.881042480469 272.240203857422 275.7060546875 275.592529296875 277.905334472656 280.279144287109 279.733978271484 280.815704345703 281.471496582031 283.6181640625 284.828704833984 284.888214111328 -3.4e+38 285.068603515625 284.373809814453 283.772155761719 284.152984619141 284.15087890625 284.1708984375 284.57421875 284.907135009766 -3.4e+38 -3.4e+38 -3.4e+38 -3.4e+38 281.686614990234 282.748596191406 283.369049072266 282.752502441406 282.163146972656 281.821350097656 282.736602783203 283.926086425781 284.543090820312 284.45654296875 284.495971679688 285.0751953125 285.523864746094 285.471954345703 286.054595947266 285.649932861328 285.228210449219 286.487518310547 287.626861572266 286.278503417969 285.584686279297 286.769134521484 287.268127441406
259.455322265625 268.827117919922 272.958587646484 269.506072998047 267.754699707031 273.434448242188 281.175872802734 280.255279541016 279.228607177734 281.390075683594 283.76025390625 284.901580810547 284.976135253906 285.170654296875 285.151824951172 284.666931152344 284.183959960938 284.132080078125 283.911499023438 283.760345458984 283.965881347656 284.768493652344 -3.4e+38 -3.4e+38 -3.4e+38 284.08837890625 283.777191162109 283.326080322266 283.231781005859 282.727478027344 282.112213134766 281.724914550781 282.439910888672 283.875091552734 283.956604003906 284.108673095703 284.523010253906 285.124755859375 285.420013427734 284.835296630859 285.346862792969 285.292510986328 284.740478515625 286.143920898438 287.465240478516 286.273315429688 285.654907226562 286.00634765625 286.494873046875
