rcp4.5models/CNRM_CM5/sc1gr0.15
NCOLS 261 
NROWS 433 
XLLCORNER 336357.134 
YLLCORNER 654653.479 
CELLSIZE 1000 
NODATA_value -3.4e+38 
[rows 308 to 329 of 433, columns 49 to 97 of 261]
70.4486541748047 70.6705474853516 70.9828262329102 71.3105850219727 71.5679397583008 71.7615051269531 72.0216064453125 72.5707702636719 72.7947006225586 72.9709548950195 73.2562026977539 73.6094512939453 73.7875900268555 74.0443572998047 74.4093933105469 74.6281280517578 74.7837677001953 74.9521560668945 75.4989242553711 75.8507080078125 76.2127838134766 76.4932479858398 76.744743347168 77.6823272705078 78.7165374755859 78.9684066772461 79.3808822631836 79.5691986083984 79.2993011474609 79.3032684326172 78.7401809692383 78.3977508544922 78.9696655273438 79.8162078857422 80.1652450561523 80.5602951049805 80.7727279663086 80.6390762329102 80.5370635986328 80.8490524291992 81.4629821777344 82.1166915893555 82.2916412353516 82.9358901977539 84.0432205200195 84.9514236450195 85.3061676025391 85.4026641845703 85.534049987793
70.3713989257812 70.6582489013672 70.9713363647461 71.2190017700195 71.4225845336914 71.649543762207 71.8517074584961 72.5302581787109 72.8260040283203 73.0491790771484 73.1887664794922 73.4374923706055 73.7126235961914 73.9646301269531 74.2828598022461 74.4948425292969 74.6810913085938 74.8669586181641 75.4217071533203 75.6729736328125 75.9666900634766 76.2707061767578 76.5975570678711 77.2222366333008 77.970344543457 78.5463562011719 79.2094497680664 79.4984664916992 79.1000137329102 79.0347671508789 78.6382141113281 78.3719635009766 78.8035049438477 79.891716003418 80.5122299194336 80.4287872314453 80.2456130981445 80.1588592529297 80.2421646118164 80.474739074707 81.3501892089844 82.1069183349609 83.0095825195312 83.8491134643555 84.4739227294922 85.002815246582 85.1405563354492 85.2107238769531 85.5252914428711
70.2352066040039 70.4504928588867 70.8444137573242 71.1654357910156 71.3787002563477 71.4900588989258 71.6804962158203 72.3630523681641 72.7003936767578 73.023078918457 73.1356735229492 73.3222808837891 73.7009811401367 73.8421783447266 74.0336380004883 74.3639068603516 74.5522613525391 74.7357864379883 75.3016891479492 75.6343154907227 75.9430160522461 76.0454788208008 76.4130020141602 77.0018539428711 77.2757186889648 77.8380279541016 78.5203018188477 78.7560653686523 78.7182388305664 78.4704742431641 78.6201705932617 78.6306686401367 78.6252670288086 79.6608123779297 80.1156692504883 79.4653396606445 79.3399124145508 79.4722213745117 79.9356231689453 80.3706207275391 80.998291015625 82.2894134521484 83.1457443237305 83.7628021240234 84.179084777832 84.612907409668 84.7669525146484 84.8429336547852 85.0263595581055
69.9518814086914 70.2168426513672 70.5987854003906 70.9445571899414 71.2793350219727 71.4571228027344 71.6469039916992 72.1035690307617 72.508186340332 72.8352203369141 73.0310821533203 73.2958679199219 73.5864791870117 73.7248687744141 74.0220184326172 74.2891845703125 74.373176574707 74.6076278686523 75.0889663696289 75.4442367553711 75.9009017944336 76.0677261352539 76.6323547363281 77.3589477539062 77.3405685424805 77.5550842285156 78.3687362670898 78.3547973632812 78.0338973999023 78.0864105224609 79.012451171875 79.119873046875 78.4850158691406 79.1758499145508 79.4850692749023 79.2776565551758 79.3950881958008 79.7818984985352 80.6634292602539 80.985710144043 81.1690216064453 81.9627456665039 82.5607833862305 82.8540878295898 83.4923858642578 83.7896728515625 83.9219284057617 84.0633926391602 84.1775512695312
69.7781829833984 70.0341949462891 70.3424682617188 70.7065277099609 71.0518264770508 71.3464736938477 71.4796600341797 71.9740676879883 72.4369277954102 72.7714233398438 72.8946990966797 73.1035232543945 73.3567276000977 73.5686798095703 73.9370040893555 74.1497039794922 74.1687088012695 74.4610366821289 75.0035400390625 75.2111129760742 75.8720169067383 76.2258224487305 76.5017929077148 77.1408004760742 77.3469009399414 77.2601013183594 77.9184265136719 78.0366439819336 77.393180847168 78.1684417724609 78.9792404174805 79.2896499633789 78.9107513427734 79.1170959472656 80.0415725708008 80.2883682250977 80.2010269165039 80.0480728149414 80.4638290405273 80.7670822143555 80.8401794433594 80.8860473632812 81.5903091430664 81.9064865112305 82.4062728881836 82.8537826538086 82.9905776977539 83.1633071899414 83.3802108764648
69.3897323608398 69.7998580932617 69.9830017089844 70.0534439086914 70.458381652832 70.8670120239258 71.1252136230469 71.5659866333008 72.0473327636719 72.4470520019531 72.6488342285156 72.8499450683594 73.0480499267578 73.3276214599609 73.5669250488281 73.8519973754883 74.1691284179688 74.3133163452148 74.7608489990234 75.0263442993164 75.5117034912109 75.7194595336914 75.7459106445312 76.456901550293 76.8799438476562 76.72216796875 76.7976608276367 76.9702606201172 77.3067398071289 78.3525238037109 78.9897384643555 79.1560821533203 78.7848968505859 78.9053039550781 79.3851089477539 79.9844436645508 80.7729568481445 80.697883605957 80.8252716064453 80.4549026489258 80.4258117675781 80.7178344726562 81.1510238647461 81.627311706543 81.4296722412109 81.5869598388672 81.5494079589844 81.8451461791992 82.2890625
69.228385925293 69.6456756591797 69.7835006713867 69.9192276000977 70.3363647460938 70.6737442016602 70.9492340087891 71.4547500610352 71.8111267089844 72.2187881469727 72.5551223754883 72.7640075683594 72.9971237182617 73.3319702148438 73.6061782836914 73.8232040405273 73.9644165039062 74.133659362793 74.5539779663086 74.9465713500977 75.4328536987305 75.6952972412109 75.6269683837891 76.4515151977539 77.2233963012695 76.8888854980469 76.7776184082031 76.9175872802734 77.1839370727539 77.624626159668 77.9902801513672 78.322639465332 78.4158325195312 78.6046447753906 78.8812561035156 79.4515151977539 80.5045700073242 80.8733367919922 80.9018402099609 80.5824432373047 80.6403579711914 80.9016799926758 81.1965637207031 81.4061813354492 81.4007720947266 81.6775512695312 82.1281661987305 82.2984161376953 82.1776123046875
69.0612869262695 69.3918533325195 69.5857315063477 69.7238006591797 69.9919128417969 70.425651550293 70.8772583007812 71.4143981933594 71.7134323120117 72.0040969848633 72.3841552734375 72.6852340698242 72.9197769165039 73.1421813964844 73.3449020385742 73.6585464477539 73.8957366943359 74.0301361083984 74.400390625 74.7752380371094 75.2695388793945 75.5319976806641 75.5528335571289 76.3217620849609 77.1455154418945 76.9270401000977 76.7316741943359 76.8629837036133 77.3279418945312 77.9292449951172 78.4322662353516 78.8895263671875 78.7786026000977 78.6992034912109 79.2159576416016 79.5405960083008 80.4266204833984 81.057731628418 81.1042861938477 81.0125579833984 80.8018798828125 81.8222579956055 82.0572967529297 82.1887664794922 82.4327239990234 82.9085083007812 83.1927490234375 82.7175979614258 82.4643249511719
68.9593963623047 69.2375030517578 69.4585189819336 69.5637969970703 69.7831878662109 70.2861709594727 70.7311782836914 71.2999572753906 71.5642242431641 71.821418762207 72.2159271240234 72.486083984375 72.7257614135742 72.9694900512695 73.1810760498047 73.5238800048828 73.7462692260742 73.7978668212891 74.3201141357422 74.5799179077148 74.9310760498047 75.234489440918 75.4358062744141 76.2109222412109 77.0289993286133 76.8842315673828 76.6225357055664 76.7113952636719 77.1251373291016 77.9666595458984 78.6228866577148 79.5053100585938 79.3000640869141 78.9714736938477 79.4028701782227 79.6717071533203 80.3187103271484 80.8986434936523 81.1831207275391 81.5145416259766 81.2818908691406 82.3638153076172 82.5447769165039 82.9434432983398 83.5840072631836 83.9630279541016 83.6652603149414 83.1067733764648 83.0026321411133
68.8128662109375 69.152587890625 69.3570175170898 69.453971862793 69.6697006225586 70.1792755126953 70.5632171630859 71.1969528198242 71.33154296875 71.6365737915039 72.2919769287109 72.5539627075195 72.5446090698242 72.8056335449219 73.0818099975586 73.4193496704102 73.6091613769531 73.6541290283203 74.424934387207 74.8259048461914 74.9934844970703 75.119743347168 75.3631286621094 76.0845565795898 77.0066833496094 76.882698059082 76.4434204101562 76.5362091064453 76.754524230957 77.5719528198242 77.8538513183594 78.4591979980469 78.7632064819336 78.8649139404297 78.9440841674805 79.3609085083008 79.9087905883789 80.3537368774414 80.7268218994141 81.1539459228516 81.4093170166016 82.2552337646484 82.681510925293 83.2776412963867 83.9275360107422 84.0849838256836 83.6738586425781 83.2053146362305 83.1174621582031
68.5967864990234 68.8652954101562 69.038200378418 69.2987213134766 69.7373962402344 70.1373062133789 70.3766326904297 71.0408325195312 71.1992721557617 71.4135437011719 71.971549987793 72.320686340332 72.3905563354492 72.6198348999023 72.9028778076172 73.2044982910156 73.3511199951172 73.5670928955078 74.2844848632812 74.9287490844727 75.4539260864258 75.6287002563477 75.5822601318359 75.6771621704102 76.6062316894531 76.88818359375 76.4726867675781 76.5670776367188 76.704216003418 77.5339508056641 78.3227233886719 78.462272644043 78.196418762207 78.4709930419922 78.839225769043 79.580451965332 80.141471862793 80.3552703857422 80.5894470214844 80.8286743164062 81.1615447998047 81.8333282470703 82.3311233520508 82.8635864257812 83.2962646484375 83.3403778076172 83.0891342163086 82.838981628418 83.0261840820312
68.3440399169922 68.6200714111328 68.8771286010742 69.1484375 69.5913314819336 70.0111083984375 70.177848815918 70.7177429199219 71.1031341552734 71.4502334594727 71.793830871582 72.1589584350586 72.3013763427734 72.4568786621094 72.8015899658203 73.040641784668 73.2966461181641 73.6811294555664 74.1217269897461 74.6991882324219 75.2824249267578 75.5929260253906 75.6111297607422 75.7074813842773 76.5142440795898 76.7490921020508 76.5331649780273 76.6230239868164 76.625373840332 77.2705154418945 78.8615188598633 79.574836730957 78.76220703125 78.4164199829102 78.6060256958008 79.5067596435547 80.3531799316406 80.6816253662109 80.7713928222656 80.9929885864258 81.1291427612305 81.2418518066406 81.7480773925781 82.3355484008789 82.6687240600586 82.7732009887695 82.7151412963867 82.7092742919922 83.014030456543
68.2222137451172 68.5788726806641 68.8090744018555 68.9825286865234 69.3228759765625 69.7985305786133 70.0792465209961 70.6416549682617 71.0476150512695 71.4659423828125 71.7485198974609 72.1037979125977 72.271110534668 72.4322357177734 72.7189788818359 72.9459686279297 73.2989501953125 73.681022644043 74.2345809936523 74.5580291748047 74.6925964355469 75.0539016723633 75.3873443603516 75.6150054931641 76.0704650878906 76.3138122558594 76.5485076904297 76.6568832397461 76.5651626586914 77.1791152954102 78.2917938232422 79.4426040649414 79.2687454223633 78.4452133178711 78.2947387695312 79.2203521728516 80.1897201538086 80.3405151367188 80.184326171875 80.6660919189453 80.8702621459961 80.9656600952148 81.7209014892578 82.223014831543 82.4134368896484 82.3888092041016 82.2626190185547 82.4444580078125 82.9812545776367
67.977668762207 68.3489532470703 68.6348037719727 68.947639465332 69.3647079467773 69.6478805541992 69.8734588623047 70.6543807983398 70.9489517211914 71.242561340332 71.5601348876953 71.8340530395508 72.0050048828125 72.3271026611328 72.6465911865234 72.928581237793 73.3540954589844 73.6765899658203 74.279182434082 74.6271820068359 75.011848449707 75.4759368896484 75.7840423583984 76.0489120483398 75.9958953857422 76.0177383422852 76.6392135620117 76.7504196166992 76.5168609619141 77.0521926879883 77.4986114501953 78.7682876586914 79.293830871582 78.4433822631836 78.3376998901367 79.3432846069336 80.1324996948242 79.8856811523438 79.8987274169922 80.5624313354492 80.5989151000977 80.8251495361328 81.7511978149414 82.1746215820312 82.1896820068359 81.8822555541992 81.7478561401367 82.0570983886719 82.5751495361328
68.0180282592773 68.3819046020508 68.5738525390625 68.9584579467773 69.4004364013672 69.5741806030273 69.7267837524414 70.5605850219727 70.8540573120117 71.0448379516602 71.3633422851562 71.6174621582031 71.9135665893555 72.2562637329102 72.5687561035156 72.9062042236328 73.2261505126953 73.5378112792969 74.2230377197266 74.6057739257812 75.193359375 75.7570495605469 76.3815765380859 76.951545715332 76.5533294677734 76.2949142456055 76.9209899902344 77.3183212280273 76.9835891723633 76.9991836547852 77.3566360473633 78.4187927246094 79.2309341430664 78.8120193481445 78.5881881713867 79.0243301391602 79.5345230102539 79.7613677978516 80.1734237670898 80.8312759399414 81.0006942749023 80.5774612426758 81.0709075927734 81.6064758300781 81.9679107666016 81.5308685302734 81.612922668457 82.2647094726562 82.663200378418
68.005126953125 68.4157943725586 68.4944229125977 68.7846145629883 69.2476119995117 69.5239410400391 69.6984710693359 70.3689727783203 70.6183242797852 70.9137420654297 71.3126373291016 71.6109771728516 71.9487991333008 72.2582321166992 72.5488739013672 72.7707061767578 72.9713134765625 73.361457824707 74.0650024414062 74.3923721313477 74.8353271484375 75.8405838012695 76.8235015869141 76.928352355957 76.693977355957 76.8872680664062 77.4209976196289 77.8505783081055 77.3817443847656 76.9955749511719 77.5325088500977 78.0977935791016 78.3585510253906 78.405517578125 78.6614379882812 79.2310562133789 79.7528991699219 80.0900039672852 80.4685363769531 80.8804931640625 81.2087020874023 80.361930847168 80.683479309082 81.1350250244141 81.3615341186523 81.2700500488281 81.661262512207 82.1697387695312 82.7448654174805
68.0164566040039 68.3984756469727 68.4944229125977 68.7566223144531 69.1309204101562 69.4784851074219 69.7673721313477 70.2698745727539 70.5131149291992 70.8785171508789 71.1559219360352 71.509651184082 71.7992401123047 72.0454788208008 72.5316619873047 72.7640228271484 72.8756256103516 73.1865539550781 74.0192031860352 74.3263397216797 74.6694717407227 75.6227722167969 76.4985504150391 76.6261825561523 76.9072189331055 77.3000106811523 77.7681503295898 78.2241439819336 77.4233169555664 76.8055801391602 77.7058486938477 78.1035003662109 77.7876739501953 77.9002151489258 78.3643188476562 79.3743515014648 80.2575759887695 80.5350646972656 80.7104568481445 80.9417877197266 81.0627212524414 80.297981262207 80.705078125 81.1440353393555 81.2336196899414 81.4767990112305 81.8534698486328 81.9858932495117 82.6088714599609
67.9359664916992 68.1727294921875 68.4501190185547 68.8148040771484 69.1735076904297 69.3407211303711 69.5519256591797 70.1805725097656 70.4525604248047 70.8083801269531 71.1728057861328 71.2828521728516 71.5016708374023 71.9395751953125 72.6043319702148 73.0138931274414 73.1235580444336 73.1388473510742 74.0566482543945 74.348258972168 74.474609375 75.6412887573242 76.3270874023438 76.6801300048828 77.4250106811523 77.6520233154297 77.9360809326172 77.6154327392578 76.7017135620117 76.7620086669922 76.8932952880859 77.5668716430664 78.1774368286133 77.9890213012695 78.0007171630859 78.3604507446289 79.3992004394531 80.4404602050781 80.6624755859375 80.7440185546875 80.672966003418 81.0446701049805 80.8067016601562 81.2229156494141 81.7650451660156 82.3056259155273 82.3288879394531 82.0981369018555 82.3362426757812
67.9483108520508 68.2105712890625 68.4471893310547 68.8274765014648 69.0042724609375 69.2462387084961 69.5064086914062 70.1312484741211 70.3522796630859 70.7120895385742 71.1112518310547 71.2627410888672 71.3821182250977 71.7317733764648 72.5419006347656 73.0245361328125 73.1800842285156 73.2674407958984 73.8749618530273 74.1690368652344 74.5472183227539 75.8338088989258 76.3038711547852 76.5991973876953 77.4451370239258 77.8033676147461 78.0929489135742 77.599853515625 76.8356781005859 77.0469512939453 77.0605239868164 77.2497024536133 78.145881652832 78.6363830566406 78.4587707519531 78.346809387207 79.029411315918 80.1454467773438 80.496467590332 80.2906036376953 80.331916809082 80.9763259887695 81.1385345458984 81.4648056030273 81.6194229125977 81.991325378418 82.2704238891602 82.3303680419922 82.5257949829102
67.9925689697266 68.1340026855469 68.405647277832 68.7971649169922 68.9080963134766 69.2359771728516 69.5310363769531 70.1363143920898 70.4104309082031 70.6787338256836 70.9672164916992 71.15966796875 71.3064117431641 71.6769256591797 72.4195098876953 73.0170974731445 73.1908798217773 73.1952590942383 73.6416854858398 73.8767242431641 74.6080017089844 75.9100646972656 76.1406707763672 76.4144058227539 77.4786529541016 77.7293319702148 77.4885559082031 77.2721862792969 76.9672393798828 77.177734375 77.3488311767578 77.4129867553711 78.2031478881836 78.7977828979492 78.7349624633789 78.8803100585938 79.1984481811523 79.4069976806641 79.6482467651367 80.0304183959961 80.2483978271484 80.8941116333008 81.3497924804688 81.6401290893555 81.6629333496094 81.7266464233398 82.1571273803711 82.3907318115234 82.5193939208984
67.9248352050781 68.1774444580078 68.5243988037109 68.7999649047852 68.8932266235352 69.2528839111328 69.4785003662109 70.147819519043 70.4607620239258 70.6909561157227 70.8686904907227 71.1035995483398 71.353889465332 71.6995849609375 72.3177490234375 72.8045959472656 72.8971710205078 73.0493316650391 73.5905990600586 73.7534103393555 74.2454376220703 75.1050033569336 75.5262069702148 76.0563735961914 77.3213577270508 77.446647644043 -3.4e+38 76.8956909179688 76.7498550415039 77.4761428833008 77.3769607543945 77.1655502319336 77.6215438842773 78.0092315673828 78.5380630493164 79.2951889038086 79.6897811889648 79.257568359375 79.1636962890625 80.0802383422852 80.4925537109375 80.874626159668 81.4217376708984 81.5802764892578 81.6180953979492 81.7528457641602 82.0633163452148 82.3098297119141 82.5188217163086
67.8554000854492 68.1815490722656 68.5488815307617 68.8339996337891 69.0021896362305 69.3118667602539 69.4605712890625 70.1550216674805 70.4611587524414 70.6238784790039 70.7169418334961 71.0505905151367 71.2967681884766 71.5986022949219 72.1021728515625 72.3794479370117 72.4785079956055 72.9585037231445 73.7663879394531 73.9639129638672 74.2077178955078 74.8399658203125 75.4273376464844 75.7809677124023 76.6975936889648 -3.4e+38 76.8752822875977 76.8812561035156 76.9069671630859 77.8109436035156 77.5081100463867 77.1634292602539 77.2983169555664 77.6080093383789 78.5865173339844 79.4692001342773 79.8404769897461 79.77587890625 79.5643844604492 80.063720703125 80.5289077758789 80.7763748168945 81.2331848144531 81.4423294067383 81.5779876708984 81.7757720947266 82.0159225463867 82.2105178833008 82.3312377929688
