rcp4.5models/CNRM_CM5/sc1gr5.27
NCOLS 261 
NROWS 433 
XLLCORNER 336357.134 
YLLCORNER 654653.479 
CELLSIZE 1000 
NODATA_value -3.4e+38 
[rows 264 to 285 of 433, columns 98 to 146 of 261]
279.113189697266 281.022064208984 287.388244628906 286.935424804688 287.200286865234 287.136840820312 287.202972412109 286.985656738281 285.150909423828 276.868774414062 269.156219482422 275.900695800781 284.354034423828 284.155487060547 264.816162109375 255.899475097656 255.213790893555 256.555053710938 257.047302246094 257.814056396484 265.352996826172 269.756774902344 272.637573242188 272.953399658203 272.754119873047 272.211456298828 271.779083251953 264.468109130859 257.631561279297 252.947067260742 246.051040649414 238.711639404297 230.553146362305 225.895980834961 229.203033447266 226.502975463867 216.919570922852 196.678756713867 203.607238769531 212.996246337891 221.667816162109 228.230865478516 230.180541992188 223.503601074219 221.438064575195 227.241546630859 240.303695678711 250.767013549805 262.202209472656
274.716278076172 276.266418457031 286.397247314453 285.893615722656 286.954010009766 286.898986816406 286.795166015625 286.810333251953 285.479187011719 278.651519775391 270.030578613281 273.960205078125 283.446746826172 283.756134033203 272.123321533203 259.040740966797 254.154434204102 255.877014160156 257.188598632812 258.283996582031 268.279724121094 272.181671142578 272.179016113281 272.4462890625 272.681060791016 271.472717285156 270.916076660156 266.322845458984 261.69384765625 253.941162109375 244.986480712891 235.889312744141 228.088775634766 224.990921020508 229.691192626953 230.004592895508 223.631484985352 204.647903442383 203.391723632812 203.094314575195 211.20881652832 215.423934936523 218.716781616211 216.693756103516 217.691940307617 227.601379394531 242.616027832031 248.672027587891 268.558471679688
266.401123046875 272.366363525391 285.600708007812 284.414215087891 285.522552490234 286.432678222656 285.926177978516 286.223236083984 286.349792480469 286.063446044922 281.289154052734 272.121124267578 270.998260498047 276.653991699219 279.721557617188 269.557556152344 256.558807373047 253.950668334961 255.700164794922 256.735260009766 253.637649536133 254.987655639648 260.945953369141 269.140808105469 272.011169433594 271.781768798828 271.148651123047 266.296661376953 263.591583251953 259.521820068359 251.674438476562 241.205200195312 228.041397094727 219.462997436523 221.235305786133 231.836654663086 234.722259521484 225.331802368164 220.892852783203 218.00520324707 212.273345947266 204.615844726562 201.850372314453 208.773300170898 222.965789794922 238.266693115234 246.171127319336 254.582580566406 268.472808837891
270.477386474609 274.843048095703 283.265380859375 282.288970947266 282.954711914062 286.130767822266 285.8349609375 285.811401367188 285.930358886719 286.022918701172 284.157409667969 276.495941162109 267.121215820312 266.322204589844 275.673034667969 268.828857421875 258.482360839844 253.330032348633 255.632797241211 257.185363769531 255.705871582031 258.603729248047 261.796936035156 263.623809814453 269.007049560547 271.604919433594 271.664916992188 268.427673339844 263.089782714844 256.995574951172 248.957778930664 237.704025268555 225.006927490234 219.292343139648 220.768493652344 230.830093383789 238.224792480469 232.852172851562 226.150329589844 226.293304443359 220.741989135742 214.091278076172 211.919982910156 210.58821105957 212.258377075195 225.294311523438 239.841659545898 251.741439819336 266.564239501953
268.351043701172 277.467346191406 282.733276367188 283.463592529297 283.740661621094 285.532104492188 285.813842773438 283.994232177734 280.904968261719 282.587799072266 285.510314941406 282.659637451172 275.8125 267.814086914062 267.076019287109 265.739044189453 261.177612304688 257.991973876953 256.932586669922 257.612060546875 258.792144775391 259.322906494141 260.648590087891 260.815856933594 263.561614990234 266.599761962891 271.999877929688 269.804412841797 264.178466796875 256.373657226562 246.926727294922 236.937072753906 225.728729248047 219.460601806641 221.277725219727 230.926467895508 240.425033569336 238.739028930664 233.192733764648 234.66877746582 231.470321655273 227.327514648438 223.367660522461 214.203155517578 206.295043945312 209.460983276367 221.267990112305 234.749420166016 260.386749267578
271.516784667969 281.444061279297 284.824951171875 285.640289306641 285.302825927734 284.398345947266 284.830474853516 283.789611816406 279.006011962891 275.969116210938 280.226409912109 284.862945556641 283.585174560547 275.216522216797 262.201965332031 262.714385986328 260.255859375 259.853454589844 257.714050292969 259.069610595703 261.199096679688 258.92041015625 259.697601318359 260.810546875 260.557525634766 260.193695068359 266.368560791016 269.558715820312 266.72802734375 259.432556152344 247.223739624023 236.170822143555 224.799713134766 215.567886352539 220.620010375977 231.782836914062 239.324264526367 247.304489135742 243.344528198242 241.551651000977 237.556137084961 231.183853149414 222.284103393555 211.362060546875 201.608810424805 200.391723632812 216.258453369141 232.454086303711 250.807235717773
273.155578613281 282.193572998047 287.498748779297 286.234558105469 284.890777587891 282.895416259766 282.837341308594 284.030731201172 281.643768310547 274.508941650391 271.559783935547 277.024932861328 281.861999511719 276.044097900391 263.113372802734 262.793823242188 261.074554443359 259.45166015625 258.486206054688 259.623321533203 261.688262939453 260.744689941406 260.195007324219 260.656341552734 261.206726074219 260.189849853516 258.729339599609 265.662536621094 267.108306884766 258.297393798828 244.715805053711 230.554061889648 221.864883422852 219.336624145508 221.352340698242 230.796096801758 239.827743530273 253.262557983398 248.238861083984 242.426177978516 235.24983215332 225.990676879883 215.971878051758 209.318908691406 203.099548339844 205.728759765625 223.389404296875 238.47900390625 236.596969604492
276.064666748047 282.894897460938 285.924011230469 284.725280761719 283.331634521484 281.326995849609 281.138092041016 281.955505371094 280.593505859375 278.26806640625 273.559478759766 273.634460449219 279.655609130859 277.125762939453 264.362152099609 263.540161132812 262.992584228516 261.347076416016 260.984252929688 261.4501953125 262.637969970703 263.209320068359 261.598999023438 260.969024658203 262.888092041016 262.586517333984 258.426940917969 262.756256103516 267.169403076172 256.796997070312 243.016494750977 232.392883300781 228.256378173828 227.275329589844 223.851654052734 231.700561523438 245.44384765625 254.644912719727 248.428466796875 240.31950378418 232.777053833008 228.381286621094 219.615982055664 215.546203613281 212.596115112305 208.250442504883 214.087249755859 226.660202026367 222.955688476562
279.184051513672 285.374114990234 282.123077392578 281.700531005859 280.281585693359 279.720336914062 280.592956542969 279.893585205078 278.087707519531 278.010009765625 278.381683349609 278.222961425781 279.127136230469 278.841186523438 264.697113037109 263.461730957031 263.956390380859 263.220153808594 263.520843505859 263.431365966797 263.382904052734 264.423767089844 264.074005126953 263.207824707031 264.384338378906 263.655242919922 261.121398925781 262.759429931641 266.47705078125 260.772186279297 248.649230957031 243.570907592773 241.653701782227 237.792190551758 234.734375 239.996231079102 251.995849609375 257.051910400391 249.350921630859 241.276092529297 236.770446777344 238.213226318359 231.742324829102 225.678970336914 216.915115356445 206.515502929688 202.531112670898 210.488189697266 225.006927490234
281.154113769531 286.779602050781 281.469512939453 278.744201660156 277.162170410156 276.487487792969 278.590759277344 279.471435546875 277.978271484375 276.180541992188 276.879333496094 278.83056640625 278.552734375 278.494476318359 264.899444580078 263.105346679688 263.542144775391 263.422515869141 264.506225585938 264.277587890625 264.235107421875 265.374572753906 265.777984619141 265.397766113281 264.446502685547 262.241821289062 262.097534179688 261.889831542969 263.7734375 264.049407958984 256.102386474609 251.040817260742 250.959533691406 247.918106079102 245.582901000977 248.249954223633 256.667572021484 257.863250732422 251.462463378906 246.81510925293 243.550964355469 240.486053466797 232.063293457031 221.422775268555 209.453659057617 206.498748779297 208.188858032227 210.283493041992 233.138000488281
285.931610107422 287.675201416016 284.553253173828 278.333953857422 276.069366455078 274.965057373047 278.447052001953 279.79345703125 278.829895019531 278.571563720703 275.685424804688 275.191680908203 276.764526367188 277.524780273438 266.197204589844 262.910003662109 263.151428222656 262.757019042969 263.938537597656 264.376800537109 264.849090576172 265.330444335938 265.826263427734 266.130157470703 264.5576171875 262.135711669922 263.294891357422 262.427825927734 262.546142578125 263.942047119141 260.723449707031 255.047470092773 254.44401550293 251.289169311523 248.640670776367 250.962768554688 257.437927246094 255.519912719727 251.204803466797 245.708908081055 241.039840698242 234.976776123047 227.847503662109 218.764205932617 212.065292358398 212.890869140625 218.66584777832 218.144454956055 236.362167358398
288.303131103516 286.336242675781 284.445953369141 281.3271484375 277.967163085938 276.070953369141 279.684661865234 280.924346923828 281.079650878906 280.648895263672 276.330444335938 273.248077392578 273.418334960938 275.367492675781 269.176635742188 263.303131103516 263.314239501953 262.823303222656 263.385223388672 263.965850830078 264.894165039062 265.103302001953 265.838195800781 266.237823486328 265.418670654297 264.317352294922 264.377349853516 264.089965820312 263.634216308594 263.859405517578 263.209991455078 258.804779052734 255.48908996582 253.185821533203 250.945236206055 252.976150512695 259.235046386719 254.282562255859 250.77375793457 244.49755859375 236.865921020508 231.388885498047 228.566207885742 226.192092895508 220.222885131836 218.256927490234 221.101989746094 217.749130249023 234.730987548828
288.735137939453 286.800567626953 284.593872070312 283.147552490234 282.367370605469 280.723937988281 282.066650390625 283.290740966797 282.573120117188 280.269470214844 277.104339599609 272.629272460938 266.748138427734 266.818511962891 269.622955322266 262.578338623047 263.079345703125 263.014129638672 262.932312011719 263.473541259766 264.445281982422 264.408569335938 265.194519042969 266.114044189453 265.876068115234 265.653656005859 264.867248535156 264.845458984375 264.830535888672 264.163787841797 263.383850097656 261.130950927734 257.297546386719 251.684631347656 248.944427490234 252.530944824219 258.940887451172 253.953582763672 251.111068725586 247.075347900391 239.112167358398 233.328002929688 233.478622436523 234.395416259766 227.100250244141 224.298950195312 222.026657104492 214.689102172852 222.497222900391
288.342651367188 287.3193359375 285.672332763672 282.330322265625 283.504455566406 283.002532958984 284.027038574219 284.310089111328 282.994720458984 280.954742431641 278.951995849609 274.805236816406 268.076904296875 265.347412109375 264.802124023438 260.972564697266 261.943115234375 262.127655029297 261.809631347656 262.077423095703 263.090118408203 263.591918945312 264.277740478516 265.638916015625 266.197448730469 266.581695556641 265.534301757812 265.429504394531 264.879333496094 264.404998779297 263.643218994141 262.358520507812 259.892761230469 253.835342407227 248.906860351562 250.257781982422 255.332748413086 257.252532958984 252.641983032227 247.931869506836 244.077865600586 242.222732543945 242.987762451172 244.755523681641 238.073684692383 234.019226074219 225.960632324219 220.652160644531 214.459854125977
286.601013183594 284.063262939453 284.693725585938 277.590881347656 274.444549560547 272.916564941406 274.738342285156 277.014251708984 277.142150878906 274.967803955078 274.592559814453 276.911865234375 279.840850830078 278.421356201172 263.817565917969 257.833038330078 258.965667724609 259.446929931641 258.424621582031 256.902801513672 258.588897705078 262.984252929688 264.005310058594 265.371978759766 266.094940185547 266.204833984375 266.349395751953 265.555480957031 264.739685058594 264.317260742188 264.591979980469 264.362487792969 263.9169921875 263.204040527344 260.623718261719 257.127593994141 260.089508056641 266.950622558594 263.110290527344 257.300903320312 253.177856445312 253.389511108398 255.030014038086 256.993316650391 254.838165283203 246.524520874023 235.174545288086 225.663101196289 210.582748413086
285.835601806641 284.226867675781 285.583435058594 282.710479736328 276.459869384766 263.384368896484 259.969299316406 267.291168212891 269.382904052734 263.072814941406 261.928680419922 265.808227539062 271.864715576172 269.665252685547 258.592498779297 254.54914855957 257.124755859375 260.117279052734 259.99267578125 256.965393066406 257.83154296875 262.846862792969 264.984466552734 265.204925537109 265.143188476562 264.286071777344 266.30810546875 265.675048828125 264.826690673828 264.501617431641 265.060760498047 265.033020019531 264.322692871094 263.607116699219 262.159545898438 260.791198730469 262.048675537109 267.324157714844 266.803466796875 264.418090820312 260.183898925781 255.381713867188 250.382141113281 252.905578613281 -3.4e+38 249.220458984375 236.170928955078 227.256225585938 221.57893371582
286.407470703125 286.033660888672 285.279022216797 282.706268310547 281.937866210938 269.619995117188 256.140777587891 256.807861328125 261.904174804688 259.226348876953 258.293548583984 259.242614746094 261.215576171875 260.895812988281 254.679626464844 256.993591308594 259.838195800781 261.374450683594 261.349456787109 259.881500244141 258.931976318359 261.903961181641 265.804534912109 264.657592773438 263.305236816406 262.784942626953 264.499603271484 265.890533447266 265.114562988281 265.562561035156 265.271514892578 265.283996582031 265.261932373047 264.813568115234 263.894134521484 262.944427490234 262.374298095703 267.096343994141 268.211547851562 -3.4e+38 263.805847167969 256.384307861328 248.313110351562 251.123809814453 259.863372802734 255.709503173828 245.255706787109 238.000152587891 234.607955932617
287.65283203125 288.076599121094 286.385711669922 283.063873291016 284.382476806641 281.927703857422 270.034637451172 260.009307861328 261.324340820312 261.200531005859 261.010498046875 260.515838623047 260.525207519531 261.118988037109 258.937103271484 261.792541503906 262.891571044922 261.691711425781 260.15478515625 260.892150878906 260.585968017578 260.846832275391 265.931579589844 264.563201904297 263.2353515625 264.127380371094 262.140228271484 262.773498535156 265.523010253906 266.284820556641 265.37744140625 265.051147460938 265.709136962891 266.252960205078 265.611053466797 264.551513671875 262.712768554688 264.975311279297 266.409606933594 266.765380859375 -3.4e+38 260.676208496094 253.502990722656 255.324020385742 261.103454589844 259.250946044922 249.632507324219 239.706680297852 235.440567016602
286.24658203125 286.586273193359 286.937591552734 284.919494628906 283.960662841797 284.800872802734 281.6796875 272.028778076172 263.636779785156 261.139190673828 261.653259277344 262.560882568359 263.079223632812 262.851287841797 262.789306640625 262.644134521484 263.193969726562 262.574371337891 261.217376708984 262.140930175781 264.547424316406 263.465850830078 265.869384765625 265.22705078125 263.881561279297 261.654724121094 257.803100585938 258.770660400391 263.291198730469 266.813537597656 265.569549560547 264.828125 265.310272216797 266.303283691406 266.424224853516 265.531707763672 263.084686279297 264.262634277344 264.644836425781 265.622711181641 267.326263427734 265.10986328125 260.555084228516 261.895599365234 262.676574707031 259.480010986328 248.894729614258 237.19189453125 235.058120727539
284.98876953125 284.081085205078 283.581726074219 283.455383300781 281.936004638672 282.732360839844 283.770751953125 276.111694335938 264.93310546875 261.996459960938 261.285278320312 262.274871826172 262.728973388672 263.340637207031 263.412109375 263.244262695312 263.450347900391 263.485717773438 262.888641357422 262.921356201172 265.455078125 265.976043701172 265.727661132812 263.772003173828 258.986297607422 253.857498168945 250.234313964844 257.200012207031 261.71533203125 264.952392578125 264.59912109375 265.991455078125 266.517150878906 266.789489746094 266.873901367188 266.480834960938 264.191253662109 264.882354736328 -3.4e+38 265.161193847656 266.007995605469 -3.4e+38 -3.4e+38 260.696258544922 262.157043457031 259.376831054688 248.055053710938 237.427734375 235.729644775391
284.491241455078 281.41162109375 279.1728515625 281.861206054688 281.087738037109 280.886596679688 280.996337890625 277.1318359375 271.429595947266 266.265838623047 261.327758789062 258.602935791016 259.406616210938 261.691375732422 263.582275390625 263.528106689453 263.388092041016 263.318450927734 263.340972900391 263.299072265625 264.909210205078 264.838073730469 262.73193359375 259.597534179688 251.582794189453 245.024490356445 244.410446166992 254.23161315918 259.9931640625 262.488616943359 264.125396728516 265.682739257812 265.355560302734 265.627166748047 266.688751220703 267.393646240234 266.043579101562 265.452972412109 266.135314941406 -3.4e+38 265.499420166016 266.920806884766 262.693328857422 256.741516113281 260.069061279297 256.959533691406 246.344451904297 233.682235717773 234.745483398438
285.478698730469 282.501892089844 279.915191650391 282.058380126953 281.830413818359 280.823028564453 278.754486083984 278.092987060547 278.517974853516 272.44140625 264.459686279297 260.689544677734 260.071350097656 259.263916015625 263.389404296875 263.034088134766 263.262847900391 263.399566650391 263.921447753906 264.578338623047 265.579925537109 263.999176025391 259.156890869141 254.734100341797 246.265975952148 239.969192504883 249.255325317383 256.170166015625 260.622650146484 262.387390136719 263.513153076172 264.282806396484 262.334411621094 262.034912109375 262.166534423828 263.384399414062 -3.4e+38 266.782562255859 -3.4e+38 -3.4e+38 -3.4e+38 267.125518798828 -3.4e+38 -3.4e+38 260.027618408203 251.737274169922 242.954208374023 235.116638183594 237.838943481445
