rcp4.5models/CNRM_CM5/sc1gr5.10
NCOLS 261 
NROWS 433 
XLLCORNER 336357.134 
YLLCORNER 654653.479 
CELLSIZE 1000 
NODATA_value -3.4e+38 
[rows 44 to 65 of 433, columns 98 to 146 of 261]
297.881591796875 297.879302978516 297.771667480469 297.932586669922 297.826263427734 297.825927734375 297.815765380859 297.560333251953 297.765472412109 297.770355224609 298.117401123047 298.426574707031 298.324188232422 298.271362304688 298.057495117188 298.075958251953 298.298919677734 298.604614257812 298.585845947266 298.377349853516 298.224029541016 298.512390136719 298.593566894531 298.779113769531 -3.4e+38 -3.4e+38 -3.4e+38 -3.4e+38 -3.4e+38 -3.4e+38 -3.4e+38 -3.4e+38 -3.4e+38 -3.4e+38 -3.4e+38 -3.4e+38 -3.4e+38 -3.4e+38 -3.4e+38 -3.4e+38 -3.4e+38 -3.4e+38 -3.4e+38 -3.4e+38 -3.4e+38 -3.4e+38 -3.4e+38 -3.4e+38 -3.4e+38
297.925384521484 297.923706054688 297.861999511719 297.639892578125 297.372955322266 297.695434570312 297.69482421875 297.6943359375 297.701995849609 297.857940673828 297.810607910156 297.754150390625 297.762573242188 297.865112304688 297.729370117188 297.932983398438 298.026214599609 298.005554199219 298.168182373047 298.061279296875 297.785522460938 297.984283447266 298.093048095703 298.179382324219 298.201110839844 -3.4e+38 -3.4e+38 -3.4e+38 -3.4e+38 -3.4e+38 -3.4e+38 -3.4e+38 -3.4e+38 -3.4e+38 -3.4e+38 -3.4e+38 -3.4e+38 -3.4e+38 -3.4e+38 -3.4e+38 -3.4e+38 -3.4e+38 -3.4e+38 -3.4e+38 -3.4e+38 -3.4e+38 -3.4e+38 -3.4e+38 -3.4e+38
297.912414550781 297.270080566406 297.695465087891 297.580810546875 297.523468017578 297.540710449219 297.747863769531 297.747650146484 297.755920410156 297.911102294922 297.848052978516 297.748199462891 297.741516113281 297.631530761719 297.690765380859 297.731506347656 297.985107421875 298.00537109375 297.833770751953 297.983306884766 297.967956542969 297.962799072266 297.755798339844 297.746917724609 297.936187744141 297.973785400391 298.601898193359 -3.4e+38 -3.4e+38 -3.4e+38 -3.4e+38 -3.4e+38 -3.4e+38 -3.4e+38 -3.4e+38 -3.4e+38 -3.4e+38 -3.4e+38 -3.4e+38 -3.4e+38 -3.4e+38 -3.4e+38 -3.4e+38 -3.4e+38 -3.4e+38 -3.4e+38 -3.4e+38 -3.4e+38 -3.4e+38
297.359802246094 296.807800292969 297.143737792969 297.471160888672 297.573699951172 297.524780273438 297.741729736328 297.741607666016 297.750152587891 297.908386230469 297.898620605469 297.742340087891 297.724060058594 297.474426269531 297.739990234375 297.713195800781 298.024108886719 298.059631347656 297.849517822266 297.819732666016 297.870635986328 297.809234619141 297.747528076172 297.721343994141 297.908660888672 297.775238037109 297.9951171875 -3.4e+38 298.604553222656 -3.4e+38 -3.4e+38 -3.4e+38 -3.4e+38 -3.4e+38 -3.4e+38 -3.4e+38 -3.4e+38 -3.4e+38 -3.4e+38 -3.4e+38 -3.4e+38 -3.4e+38 -3.4e+38 -3.4e+38 -3.4e+38 -3.4e+38 -3.4e+38 -3.4e+38 -3.4e+38
296.960296630859 296.741180419922 296.907897949219 297.192260742188 297.353942871094 297.360748291016 297.530609130859 297.735626220703 297.738830566406 297.802093505859 297.892547607422 297.722564697266 297.524383544922 297.514526367188 297.739379882812 297.751220703125 297.865356445312 297.860900878906 297.810455322266 297.849212646484 297.838958740234 297.724182128906 297.579437255859 297.862152099609 297.919311523438 297.895660400391 297.634948730469 298.095489501953 -3.4e+38 -3.4e+38 -3.4e+38 -3.4e+38 -3.4e+38 -3.4e+38 -3.4e+38 -3.4e+38 -3.4e+38 -3.4e+38 -3.4e+38 -3.4e+38 -3.4e+38 -3.4e+38 -3.4e+38 -3.4e+38 -3.4e+38 -3.4e+38 -3.4e+38 -3.4e+38 -3.4e+38
296.7861328125 296.519592285156 296.795928955078 297.065612792969 297.114440917969 296.918731689453 297.187408447266 297.301971435547 297.308837890625 297.420471191406 297.574615478516 297.510711669922 297.387268066406 297.272979736328 297.733764648438 297.734771728516 297.735870361328 297.737030029297 297.712646484375 -3.4e+38 297.589263916016 297.544677734375 297.615509033203 297.6025390625 297.644592285156 297.901885986328 297.709716796875 297.778594970703 298.023345947266 298.591125488281 298.61962890625 -3.4e+38 -3.4e+38 -3.4e+38 -3.4e+38 -3.4e+38 -3.4e+38 -3.4e+38 -3.4e+38 -3.4e+38 -3.4e+38 -3.4e+38 -3.4e+38 -3.4e+38 -3.4e+38 -3.4e+38 -3.4e+38 -3.4e+38 -3.4e+38
296.1865234375 296.507934570312 296.833709716797 297.061218261719 297.139862060547 296.527862548828 296.949981689453 296.950286865234 296.954040527344 297.021514892578 297.165344238281 296.968200683594 296.976287841797 297.082214355469 297.4404296875 297.681762695312 297.217498779297 297.303771972656 297.235870361328 -3.4e+38 297.033996582031 297.454895019531 297.826690673828 297.703552246094 297.639465332031 297.798889160156 297.747131347656 297.803741455078 298.160949707031 298.381927490234 298.443664550781 298.756378173828 -3.4e+38 -3.4e+38 -3.4e+38 -3.4e+38 -3.4e+38 -3.4e+38 -3.4e+38 -3.4e+38 -3.4e+38 -3.4e+38 -3.4e+38 -3.4e+38 -3.4e+38 -3.4e+38 -3.4e+38 -3.4e+38 -3.4e+38
295.684783935547 296.555297851562 296.673034667969 296.941925048828 296.887817382812 296.695373535156 296.471923828125 296.777862548828 296.766143798828 296.556915283203 296.428863525391 296.613677978516 296.639404296875 296.970367431641 297.029113769531 297.171752929688 296.917724609375 297.178527832031 297.293060302734 297.100952148438 296.782531738281 297.274993896484 297.900054931641 297.880554199219 297.736663818359 297.738372802734 297.741943359375 297.7724609375 298.001770019531 298.349395751953 298.316772460938 298.242706298828 -3.4e+38 -3.4e+38 -3.4e+38 -3.4e+38 -3.4e+38 -3.4e+38 -3.4e+38 -3.4e+38 -3.4e+38 -3.4e+38 -3.4e+38 -3.4e+38 -3.4e+38 -3.4e+38 -3.4e+38 -3.4e+38 -3.4e+38
295.675689697266 296.655029296875 296.642242431641 296.876647949219 296.817535400391 296.736022949219 296.007049560547 296.207580566406 296.705444335938 296.557647705078 296.051788330078 296.139373779297 296.386260986328 296.988800048828 296.779113769531 296.790191650391 296.898376464844 297.025115966797 297.11279296875 296.871826171875 296.763336181641 297.109924316406 297.507354736328 297.669006347656 297.552917480469 297.733215332031 297.736785888672 297.738647460938 297.795989990234 298.103424072266 298.046997070312 297.896240234375 298.628753662109 -3.4e+38 -3.4e+38 -3.4e+38 -3.4e+38 -3.4e+38 -3.4e+38 -3.4e+38 -3.4e+38 -3.4e+38 -3.4e+38 -3.4e+38 -3.4e+38 -3.4e+38 -3.4e+38 -3.4e+38 -3.4e+38
295.291473388672 296.178436279297 296.681488037109 296.661651611328 296.767425537109 296.768859863281 295.872955322266 295.90185546875 296.368377685547 296.068298339844 296.029663085938 295.884002685547 296.070831298828 296.933074951172 296.425933837891 296.718933105469 296.766235351562 296.684631347656 296.790771484375 296.889556884766 296.941589355469 297.062316894531 297.122741699219 297.137756347656 297.170104980469 297.728088378906 297.731719970703 297.687438964844 297.502746582031 297.904052734375 297.878692626953 297.847045898438 298.401794433594 298.557250976562 -3.4e+38 -3.4e+38 298.820251464844 -3.4e+38 -3.4e+38 -3.4e+38 -3.4e+38 -3.4e+38 -3.4e+38 -3.4e+38 -3.4e+38 -3.4e+38 -3.4e+38 -3.4e+38 -3.4e+38
295.266326904297 295.881530761719 296.359893798828 296.230499267578 296.707733154297 296.818176269531 295.8388671875 295.371978759766 295.957672119141 295.511444091797 295.797302246094 295.494262695312 296.143341064453 296.818878173828 295.966979980469 -3.4e+38 296.202117919922 296.374603271484 296.718536376953 296.736358642578 296.499816894531 297.037017822266 296.97900390625 -3.4e+38 297.019836425781 297.210144042969 297.362915039062 297.566192626953 297.286743164062 297.528625488281 297.329467773438 298.073699951172 298.260925292969 298.366363525391 298.448150634766 -3.4e+38 -3.4e+38 298.825439453125 -3.4e+38 -3.4e+38 -3.4e+38 -3.4e+38 -3.4e+38 -3.4e+38 -3.4e+38 -3.4e+38 -3.4e+38 -3.4e+38 -3.4e+38
295.588836669922 -3.4e+38 295.956390380859 295.831573486328 296.277954101562 -3.4e+38 295.9111328125 294.983642578125 -3.4e+38 295.363861083984 295.358734130859 295.159820556641 -3.4e+38 296.737213134766 295.830871582031 -3.4e+38 295.778900146484 295.923858642578 296.198791503906 296.312042236328 296.513793945312 296.933471679688 296.903686523438 297.055816650391 296.938232421875 296.884704589844 297.011901855469 297.379913330078 297.541259765625 297.448852539062 296.899627685547 298.054168701172 298.163421630859 298.085113525391 298.182525634766 -3.4e+38 298.898498535156 -3.4e+38 298.661987304688 -3.4e+38 -3.4e+38 -3.4e+38 -3.4e+38 -3.4e+38 -3.4e+38 -3.4e+38 -3.4e+38 -3.4e+38 -3.4e+38
295.735168457031 295.785552978516 295.357482910156 295.584716796875 -3.4e+38 -3.4e+38 295.507141113281 294.800903320312 294.8212890625 295.823608398438 294.892028808594 295.455078125 -3.4e+38 296.198364257812 295.980590820312 295.579956054688 295.700042724609 295.764465332031 295.822296142578 295.945495605469 296.803802490234 296.283752441406 295.943206787109 296.775299072266 296.165679931641 296.201629638672 296.847991943359 296.761138916016 297.23876953125 297.228515625 296.804229736328 296.875885009766 297.264404296875 297.562805175781 297.883972167969 298.329528808594 298.568450927734 298.774322509766 -3.4e+38 -3.4e+38 -3.4e+38 -3.4e+38 -3.4e+38 -3.4e+38 -3.4e+38 -3.4e+38 -3.4e+38 -3.4e+38 -3.4e+38
295.621704101562 295.430267333984 294.591033935547 295.897338867188 -3.4e+38 -3.4e+38 295.81982421875 295.4296875 295.524810791016 295.468627929688 295.268890380859 295.320495605469 295.998107910156 295.753509521484 295.808288574219 295.759765625 295.480377197266 295.448120117188 295.243804931641 295.921569824219 -3.4e+38 295.828430175781 295.927917480469 296.265106201172 295.761962890625 296.188323974609 -3.4e+38 296.612335205078 296.407745361328 296.241455078125 296.365203857422 296.822601318359 296.999114990234 297.186645507812 297.839904785156 298.157257080078 -3.4e+38 -3.4e+38 -3.4e+38 -3.4e+38 -3.4e+38 -3.4e+38 -3.4e+38 -3.4e+38 -3.4e+38 -3.4e+38 -3.4e+38 -3.4e+38 -3.4e+38
295.383758544922 294.996795654297 294.564727783203 295.902587890625 -3.4e+38 295.794525146484 295.839233398438 295.836822509766 295.737518310547 294.979614257812 295.218719482422 295.557586669922 295.789886474609 295.627868652344 295.414611816406 295.808258056641 295.4208984375 295.192016601562 295.6572265625 -3.4e+38 -3.4e+38 295.815551757812 295.970947265625 296.010864257812 295.828308105469 295.491180419922 295.917938232422 296.336822509766 295.955535888672 295.746673583984 296.066223144531 296.624389648438 296.465850830078 296.950103759766 297.28271484375 297.643249511719 -3.4e+38 -3.4e+38 -3.4e+38 -3.4e+38 -3.4e+38 298.484283447266 298.431304931641 -3.4e+38 -3.4e+38 -3.4e+38 -3.4e+38 -3.4e+38 -3.4e+38
294.885375976562 294.509490966797 294.568878173828 295.835327148438 295.880218505859 295.682434082031 295.913696289062 295.518798828125 295.518646240234 294.954040527344 295.157958984375 295.736114501953 295.740539550781 295.332366943359 295.617889404297 295.798400878906 295.354034423828 295.009826660156 295.841796875 296.103210449219 296.074066162109 295.795257568359 295.486877441406 295.939300537109 295.347625732422 295.098388671875 295.296325683594 295.874206542969 295.756378173828 295.7314453125 295.917022705078 296.102691650391 296.108947753906 296.890808105469 297.104339599609 297.982391357422 -3.4e+38 -3.4e+38 -3.4e+38 -3.4e+38 -3.4e+38 -3.4e+38 298.435119628906 298.511260986328 -3.4e+38 -3.4e+38 -3.4e+38 -3.4e+38 -3.4e+38
294.438537597656 294.345153808594 294.830291748047 295.928375244141 295.823852539062 295.781219482422 295.986389160156 295.813323974609 295.165618896484 294.98583984375 294.922576904297 295.776245117188 295.774688720703 295.152709960938 295.556030273438 295.775390625 295.204498291016 295.051330566406 295.878814697266 295.844940185547 295.833709716797 295.637542724609 295.061584472656 295.880859375 295.107696533203 295.691864013672 294.909820556641 295.267456054688 295.697174072266 295.642547607422 295.448516845703 295.852416992188 295.968444824219 297.005523681641 297.728576660156 298.361999511719 -3.4e+38 -3.4e+38 -3.4e+38 -3.4e+38 -3.4e+38 -3.4e+38 298.848754882812 298.667877197266 -3.4e+38 -3.4e+38 -3.4e+38 -3.4e+38 -3.4e+38
294.327911376953 294.554351806641 295.002044677734 295.883239746094 295.92236328125 295.832427978516 296.000457763672 296.090728759766 295.179443359375 294.893341064453 295.019378662109 295.512054443359 295.472839355469 295.032958984375 295.247314453125 295.380157470703 295.057922363281 295.046783447266 295.426300048828 295.724304199219 295.601745605469 295.313385009766 294.994689941406 295.243438720703 295.056671142578 295.915771484375 294.565734863281 294.738311767578 295.301605224609 295.768493652344 295.239593505859 295.806304931641 296.171966552734 297.152679443359 298.114624023438 298.224517822266 298.253112792969 -3.4e+38 -3.4e+38 -3.4e+38 -3.4e+38 -3.4e+38 -3.4e+38 299.129791259766 299.104125976562 -3.4e+38 -3.4e+38 -3.4e+38 -3.4e+38
294.443359375 294.971588134766 294.996887207031 295.920013427734 295.872528076172 295.827270507812 295.959808349609 295.577575683594 294.956512451172 294.457763671875 295.15087890625 295.121337890625 295.207366943359 295.054260253906 295.150024414062 295.029235839844 294.789672851562 294.815582275391 295.080108642578 295.648101806641 295.434906005859 294.971923828125 294.998748779297 294.930725097656 294.988677978516 295.846588134766 294.338562011719 294.942474365234 295.589416503906 295.596527099609 295.106964111328 295.815124511719 296.696166992188 297.695617675781 298.156860351562 298.159240722656 297.983825683594 297.599975585938 297.742919921875 298.385833740234 -3.4e+38 -3.4e+38 -3.4e+38 -3.4e+38 299.165679931641 -3.4e+38 -3.4e+38 -3.4e+38 -3.4e+38
294.393707275391 295.041107177734 295.196380615234 295.866394042969 295.817108154297 295.914855957031 295.841583251953 295.367431640625 294.697692871094 294.599670410156 294.942657470703 294.989349365234 295.047027587891 294.980072021484 294.837066650391 294.780609130859 294.750915527344 294.711608886719 295.129516601562 295.411224365234 295.708465576172 295.020843505859 294.872222900391 294.732055664062 295.01318359375 295.419006347656 294.729370117188 295.484283447266 295.359985351562 295.070068359375 294.996246337891 295.853820800781 296.927337646484 297.963775634766 297.913787841797 297.926971435547 296.842224121094 296.646667480469 296.988586425781 297.692932128906 298.150177001953 -3.4e+38 -3.4e+38 -3.4e+38 299.137115478516 299.032806396484 -3.4e+38 -3.4e+38 -3.4e+38
294.226989746094 294.970031738281 294.981079101562 295.584564208984 295.508850097656 295.8623046875 295.805786132812 295.72265625 294.858093261719 294.923858642578 295.026550292969 295.074310302734 294.970275878906 294.805603027344 294.640014648438 294.567077636719 294.733642578125 294.897216796875 295.157531738281 295.186462402344 295.349456787109 295.145812988281 295.004486083984 294.834381103516 294.966827392578 294.784149169922 295.056030273438 295.002899169922 294.461608886719 294.764129638672 294.995513916016 295.900115966797 297.052886962891 297.801696777344 297.687133789062 296.764312744141 295.923645019531 296.489562988281 297.137542724609 297.468383789062 297.9912109375 298.393890380859 -3.4e+38 -3.4e+38 -3.4e+38 299.09326171875 -3.4e+38 -3.4e+38 -3.4e+38
294.13818359375 294.340881347656 294.797760009766 295.160736083984 295.438110351562 295.906951904297 295.866485595703 295.298858642578 294.864685058594 294.888732910156 295.148406982422 295.220550537109 294.959259033203 294.754028320312 294.431549072266 294.384368896484 294.528503417969 295.210998535156 295.359130859375 295.313110351562 295.01171875 295.14453125 294.94921875 294.382843017578 294.984100341797 294.911224365234 294.940887451172 294.224639892578 294.068878173828 294.540924072266 295.528839111328 296.501281738281 297.240081787109 297.864471435547 297.676483154297 296.427185058594 295.116546630859 296.398651123047 296.746124267578 297.357299804688 298.151550292969 298.343200683594 -3.4e+38 -3.4e+38 -3.4e+38 299.005462646484 298.531188964844 -3.4e+38 -3.4e+38
