rcp4.5models/CNRM_CM5/sc1gr6.25
NCOLS 261 
NROWS 433 
XLLCORNER 336357.134 
YLLCORNER 654653.479 
CELLSIZE 1000 
NODATA_value -3.4e+38 
[rows 132 to 153 of 433, columns 98 to 146 of 261]
972.856567382812 978.031799316406 982.886962890625 996.163208007812 1001.60815429688 1008.3095703125 1016.32495117188 1023.66442871094 1031.943359375 1038.5380859375 1046.72534179688 1052.63891601562 1059.27709960938 1066.44360351562 1083.21533203125 1091.12353515625 1099.82556152344 1108.31286621094 1118.45288085938 1128.58068847656 1137.75158691406 1146.06982421875 1151.35522460938 1157.78332519531 1168.30187988281 1175.37414550781 1192.03186035156 1201.23168945312 1208.94091796875 1217.24877929688 1225.05126953125 1231.53967285156 1239.71606445312 1248.14672851562 1256.41467285156 1266.64343261719 1274.96936035156 1294.52917480469 1304.03979492188 1315.30163574219 1326.75451660156 1333.42224121094 1340.07287597656 1346.05163574219 1353.09924316406 1363.28381347656 1372.96337890625 1381.78588867188 1398.91674804688
972.988037109375 978.537170410156 983.135559082031 997.800720214844 1002.35052490234 1008.94744873047 1016.68286132812 1022.36602783203 1030.12036132812 1038.619140625 1047.47387695312 1053.43713378906 1059.53564453125 1067.06652832031 1083.73315429688 1091.80590820312 1100.04553222656 1108.8759765625 1118.15905761719 1127.90625 1136.63195800781 1145.48901367188 1153.19873046875 1161.02172851562 1168.78601074219 1175.99645996094 1192.28662109375 1199.76147460938 1208.57055664062 1215.99194335938 1224.18615722656 1232.35925292969 1240.41845703125 1249.40307617188 1257.59106445312 1268.81579589844 1279.07470703125 1298.60949707031 1309.45983886719 1323.82348632812 1331.96752929688 1337.28588867188 1342.10180664062 1349.25280761719 1357.27612304688 1367.14965820312 1377.69250488281 1385.71850585938 1399.08166503906
971.88623046875 978.802001953125 984.506713867188 998.997680664062 1003.41882324219 1009.39654541016 1017.14459228516 1022.013671875 1030.48510742188 1038.009765625 1046.0048828125 1053.46655273438 1060.11437988281 1067.26098632812 1083.09802246094 1090.41613769531 1100.27575683594 1108.71118164062 1118.54077148438 1127.28076171875 1134.97229003906 1143.79431152344 1152.87927246094 1161.96813964844 1169.90466308594 1178.65393066406 1192.32299804688 1200.55212402344 1209.99865722656 1215.67358398438 1224.18151855469 1233.30456542969 1241.60327148438 1250.66796875 1259.73583984375 1272.41064453125 1284.31079101562 1302.81896972656 1314.01000976562 1327.37939453125 1334.23352050781 1336.67797851562 1344.021484375 1353.88159179688 1362.21118164062 1370.86877441406 1381.11706542969 1388.96081542969 1401.29772949219
972.141967773438 979.801635742188 985.565673828125 1000.08959960938 1004.42718505859 1009.68658447266 1017.56964111328 1022.91357421875 1031.39489746094 1038.59643554688 1046.22119140625 1053.50866699219 1060.81311035156 1067.97900390625 1083.39782714844 1090.57263183594 1100.77514648438 1108.02392578125 1117.74291992188 1125.48876953125 1134.01220703125 1143.82531738281 1152.96105957031 1161.56872558594 1172.61401367188 1181.94714355469 1193.30688476562 1200.42883300781 1211.05725097656 1217.06994628906 1227.55859375 1234.57299804688 1243.77221679688 1251.81591796875 1260.86437988281 1274.53833007812 1288.01977539062 1306.95043945312 1316.45324707031 1327.59350585938 1334.52478027344 1338.37878417969 1348.79565429688 1359.85925292969 1367.30895996094 1375.08984375 1383.67114257812 1390.76623535156 1404.99267578125
971.407836914062 978.478454589844 985.180236816406 1000.08544921875 1005.73480224609 1010.14404296875 1017.47918701172 1023.39215087891 1031.5 1039.50610351562 1048.21862792969 1054.36645507812 1060.96899414062 1069.35668945312 1083.99548339844 1091.62390136719 1101.62341308594 1109.03564453125 1118.18298339844 1125.92077636719 1135.67236328125 1143.98779296875 1153.23132324219 1161.88647460938 1173.88830566406 1183.42248535156 1193.9521484375 1200.53515625 1211.04736328125 1218.02001953125 1228.70056152344 1235.60729980469 1245.46398925781 1253.1025390625 1263.30615234375 1276.24194335938 1290.92724609375 1309.99926757812 1318.49365234375 1328.78540039062 1332.77233886719 1342.41833496094 1354.68469238281 1364.04248046875 1371.05847167969 1377.99536132812 1385.00231933594 1391.98229980469 1406.21862792969
970.800354003906 977.284729003906 985.1494140625 998.7109375 1006.6376953125 1012.02655029297 1018.28704833984 1024.01733398438 1032.55627441406 1040.02392578125 1048.32019042969 1053.99389648438 1060.0869140625 1069.37817382812 1084.87133789062 1092.38024902344 1101.87414550781 1110.02392578125 1119.71447753906 1128.49487304688 1135.5751953125 1142.91674804688 1153.06494140625 1163.150390625 1176.2744140625 1183.59826660156 1194.31225585938 1201.3115234375 1211.44226074219 1219.25793457031 1228.0654296875 1236.39611816406 1246.72448730469 1254.32006835938 1265.26232910156 1276.3671875 1289.73681640625 1310.68872070312 1320.05493164062 1328.33154296875 1332.16589355469 1343.27197265625 1355.52868652344 1364.37573242188 1371.65966796875 1378.64453125 1384.16345214844 1391.88269042969 1406.50073242188
970.257873535156 976.572509765625 983.864562988281 998.108703613281 1004.58679199219 1010.53179931641 1019.25054931641 1026.63806152344 1033.00317382812 1038.06652832031 1043.72888183594 1050.97802734375 -3.4e+38 1067.90502929688 1083.83972167969 1090.82873535156 1098.71960449219 1108.37451171875 1117.92028808594 1126.89050292969 1132.00805664062 1142.60632324219 1154.08435058594 1165.93225097656 1174.54089355469 1178.73376464844 1195.095703125 1202.08752441406 1213.20544433594 1221.95910644531 1230.04028320312 1238.93054199219 1249.2333984375 1259.29541015625 1269.37048339844 1278.6474609375 1290.00646972656 1310.04846191406 1319.56665039062 1324.8193359375 1333.94311523438 1344.80908203125 1354.84741210938 1364.20300292969 1373.01599121094 1379.4296875 1386.80126953125 1394.02380371094 1407.02160644531
969.752868652344 975.884399414062 983.71142578125 996.389343261719 1003.76934814453 1009.28173828125 1018.10833740234 1025.69763183594 1032.56970214844 1036.89208984375 1042.28137207031 1049.79455566406 1059.43041992188 1069.21826171875 1081.67932128906 1089.56286621094 1097.11047363281 1107.29846191406 1117.18908691406 1124.06286621094 1132.62683105469 1143.69445800781 1155.73474121094 1169.41809082031 1170.9541015625 1177.59338378906 1195.73071289062 1204.38464355469 1214.56713867188 1223.06457519531 1230.53149414062 1239.31958007812 -3.4e+38 1260.90832519531 1272.65893554688 1278.91845703125 1289.85034179688 1308.66735839844 1318.32800292969 1326.20422363281 1334.99841308594 1345.21044921875 1354.2158203125 1364.59802246094 1373.6552734375 1381.060546875 1388.22998046875 1396.15295410156 1408.38635253906
969.446899414062 975.528686523438 983.047729492188 996.516662597656 1003.48052978516 1007.97082519531 1016.08416748047 1024.63244628906 1032.66870117188 1036.19287109375 1041.58142089844 1049.41882324219 1059.11059570312 1069.63928222656 1080.35607910156 1088.62329101562 1096.23596191406 1106.74731445312 1115.03015136719 1122.80444335938 1131.71520996094 1144.57836914062 1160.544921875 1168.43139648438 1169.33911132812 1176.49011230469 1195.93725585938 1205.99572753906 1214.33325195312 1222.90380859375 1231.22155761719 1240.61364746094 1252.04821777344 1262.75891113281 1271.87438964844 1277.79968261719 1289.94787597656 1309.10668945312 1317.30590820312 1326.46728515625 1335.08520507812 1345.39050292969 1354.33911132812 1365.33020019531 1373.70068359375 1382.30249023438 1389.34338378906 1397.91687011719 1408.81420898438
966.970336914062 974.7919921875 980.997924804688 995.192138671875 1001.35736083984 1007.37451171875 1014.97570800781 1023.65728759766 1030.73510742188 1034.92553710938 1040.88061523438 1048.0400390625 1057.97241210938 1068.84301757812 1079.30249023438 1088.44226074219 1096.16394042969 1105.98852539062 1113.15759277344 1122.3525390625 1131.92358398438 1148.06372070312 1158.05895996094 1161.38635253906 1166.62341308594 1175.41027832031 1195.69140625 1206.44921875 1215.20642089844 1223.09436035156 1232.70971679688 1243.07983398438 1252.83911132812 1262.45812988281 1270.07580566406 1279.42309570312 1290.01586914062 1309.94848632812 1318.59387207031 1327.05932617188 1336.10668945312 1347.04016113281 1355.71606445312 -3.4e+38 1374.45910644531 1383.11437988281 1389.84655761719 1398.17016601562 1408.80883789062
965.178100585938 973.785522460938 979.251037597656 993.848449707031 999.159912109375 1006.38153076172 1013.9326171875 1023.19018554688 1028.84289550781 1035.23425292969 1039.80432128906 1046.8291015625 1057.37451171875 1066.46081542969 1078.45593261719 1086.24377441406 1095.63696289062 1104.98828125 1112.14721679688 1121.95397949219 1132.33630371094 1145.61657714844 1150.45446777344 1157.68713378906 1164.52905273438 1174.38073730469 1195.32434082031 1206.91394042969 1215.47802734375 1224.09033203125 1234.22119140625 1243.76550292969 1251.43139648438 -3.4e+38 1270.36901855469 1280.60119628906 1289.96520996094 1309.75671386719 1319.34619140625 1327.49890136719 1337.52563476562 1347.94848632812 1357.70971679688 1367.22900390625 1375.43212890625 1383.88940429688 1391.30322265625 1397.69287109375 1409.12646484375
965.488037109375 971.645324707031 979.7373046875 992.621276855469 998.086669921875 1006.41418457031 1012.978515625 1022.69079589844 1028.51611328125 1033.71838378906 -3.4e+38 1047.36572265625 1056.96179199219 1063.78076171875 1077.865234375 1084.13256835938 1094.21875 1103.119140625 1111.06384277344 1120.12658691406 1129.49621582031 1138.646484375 1146.41638183594 1155.2744140625 1163.50952148438 1172.87756347656 1194.36694335938 1205.42626953125 1215.01965332031 1224.40393066406 1233.41174316406 1241.48828125 1250.09240722656 1260.41662597656 1270.14807128906 1280.50256347656 1290.5185546875 1309.24499511719 1318.64831542969 1327.57678222656 1337.119140625 1348.1337890625 1358.52221679688 1367.24487304688 1376.49719238281 1385.27880859375 1392.40515136719 1397.85778808594 1408.16430664062
963.787658691406 970.185791015625 979.455139160156 991.415771484375 996.486877441406 1004.10791015625 1011.95495605469 1020.16229248047 1027.65478515625 1031.83081054688 1037.90380859375 1047.00512695312 1056.06628417969 1062.28527832031 1077.28674316406 1084.50439453125 1093.68664550781 1100.87243652344 1110.16882324219 1117.88391113281 1126.92956542969 1135.51708984375 1145.56225585938 1153.85693359375 1163.44812011719 1172.07556152344 1193.50708007812 1203.51184082031 1215.07983398438 1224.5048828125 1231.83068847656 1240.1240234375 1250.4423828125 1261.43151855469 1270.349609375 1281.076171875 1290.56262207031 1308.20141601562 1317.30017089844 1326.81335449219 1336.26867675781 1347.58337402344 1357.72436523438 1367.05200195312 1376.79016113281 1385.96520996094 1391.91345214844 1397.46569824219 -3.4e+38
963.018310546875 970.080078125 978.450378417969 988.917541503906 996.051330566406 1002.85540771484 1011.70391845703 1018.16705322266 1025.04089355469 1030.19970703125 1036.58508300781 1046.01879882812 1053.771484375 -3.4e+38 1075.759765625 1083.7138671875 1093.14270019531 1100.20654296875 1109.087890625 1117.80847167969 1126.76477050781 1135.56896972656 1145.08117675781 1153.66943359375 1164.35144042969 1172.31213378906 1192.89538574219 1202.66491699219 1213.94067382812 1224.51232910156 1231.84545898438 1240.03381347656 1250.5458984375 1262.23950195312 1270.78271484375 1281.14916992188 1290.79943847656 1306.75964355469 1315.18139648438 1325.80847167969 1335.13720703125 1346.16186523438 1355.43591308594 1365.43640136719 1374.02783203125 1383.60412597656 1389.99194335938 1396.19250488281 1405.6767578125
963.197387695312 969.303405761719 976.112121582031 987.68310546875 996.488525390625 1003.20837402344 1011.24114990234 1016.59448242188 1023.90344238281 1029.03820800781 1035.66101074219 1043.98559570312 1051.50500488281 1059.61413574219 1075.34594726562 1083.61865234375 1093.42565917969 1100.4248046875 1109.21997070312 1118.29614257812 1127.35876464844 1136.77380371094 1145.34533691406 1153.92492675781 1164.91003417969 1173.24377441406 1191.99353027344 1201.61169433594 1212.64404296875 1223.90283203125 1231.34497070312 1239.8896484375 1250.90856933594 1261.95300292969 1269.90075683594 1278.70153808594 1289.9501953125 1305.51428222656 1313.9453125 1324.66479492188 1333.57043457031 1344.05102539062 1353.53466796875 1363.60534667969 1371.45666503906 1380.234375 1388.00769042969 1394.10620117188 1403.02453613281
963.651245117188 968.819946289062 974.564147949219 987.918334960938 997.143676757812 1003.38977050781 1009.39654541016 1015.22491455078 1021.51611328125 1028.15356445312 1035.49609375 1043.60070800781 1049.73791503906 1057.81323242188 1076.49438476562 1084.61083984375 1094.08068847656 1101.88195800781 1109.90979003906 1118.88549804688 1127.65417480469 1136.8798828125 1146.05712890625 1154.76049804688 1165.27221679688 1174.10266113281 1192.69104003906 1201.14758300781 1211.458984375 1221.65698242188 1230.75378417969 1239.77905273438 1251.0341796875 1259.87902832031 1268.33911132812 1276.31689453125 1286.86853027344 1304.44116210938 1312.57836914062 1322.134765625 1331.72692871094 1340.71130371094 1351.1240234375 1360.95129394531 1368.48461914062 1375.6708984375 1383.44860839844 1390.14367675781 1399.72302246094
964.871826171875 969.453674316406 975.424499511719 987.428405761719 995.284240722656 1002.369140625 1007.81024169922 1014.51800537109 1020.96936035156 1029.24584960938 1037.18530273438 1044.89086914062 1050.69226074219 1058.74633789062 1075.17651367188 1084.84484863281 1094.02551269531 1102.11267089844 1110.58825683594 1119.53747558594 1127.82763671875 1136.70251464844 1146.90905761719 1156.388671875 1165.60815429688 1175.14501953125 1192.96630859375 1201.06848144531 1211.25158691406 1219.20629882812 1229.44812011719 1238.55212402344 1249.04040527344 1255.74621582031 1265.54162597656 1273.60046386719 1283.64343261719 1301.79174804688 1310.38745117188 1318.68737792969 1328.51330566406 1336.671875 1347.23352050781 1356.30725097656 1364.84851074219 1371.54919433594 1378.5341796875 1385.34045410156 1396.20373535156
966.332824707031 970.753479003906 975.83251953125 987.29638671875 993.613891601562 1000.40930175781 1006.87005615234 1014.20794677734 1021.15258789062 1029.78869628906 1037.05126953125 1045.13647460938 1051.77038574219 1059.63635253906 1073.56872558594 1083.12536621094 1092.07299804688 1101.0166015625 1109.86584472656 1118.82775878906 1128.85546875 1136.42492675781 1146.0595703125 1155.515625 1165.51037597656 1175.314453125 1192.61987304688 1201.55725097656 1211.05053710938 1218.75769042969 1228.52661132812 1237.19323730469 1247.05395507812 1253.14208984375 1262.04638671875 1271.50073242188 1279.98376464844 1297.873046875 1307.52600097656 1315.82861328125 1325.50671386719 1333.96374511719 1343.34680175781 1351.50012207031 1361.13305664062 1367.91662597656 1374.88391113281 1380.70959472656 1392.95739746094
967.81201171875 972.366149902344 978.199768066406 991.159301757812 994.632385253906 1001.44976806641 1007.60095214844 1012.53479003906 1019.60345458984 1026.17224121094 1033.93139648438 1041.65966796875 1049.64367675781 1057.44128417969 1073.3388671875 1081.19812011719 1089.71618652344 1100.47180175781 1109.98547363281 1117.37097167969 1126.55590820312 1133.34619140625 1144.38073730469 1152.79809570312 1161.5615234375 1170.52856445312 1190.07604980469 1199.26257324219 1209.44091796875 1219.2412109375 1228.10363769531 1235.78295898438 1244.77526855469 1252.66967773438 1259.63171386719 1269.09814453125 1275.88452148438 1293.52233886719 1302.83081054688 1311.03198242188 1319.92822265625 1328.99523925781 1336.84362792969 1344.33251953125 1352.38781738281 1360.33642578125 1367.92687988281 1374.0849609375 1386.36218261719
968.471618652344 973.753784179688 979.412719726562 991.870483398438 995.917419433594 -3.4e+38 1008.00244140625 1014.45837402344 1020.27886962891 1025.87512207031 1033.29797363281 1039.85852050781 1047.52429199219 1057.07946777344 1073.31188964844 1081.00061035156 1089.21875 1098.83630371094 1107.67578125 1116.19018554688 1123.6904296875 1131.79577636719 1141.32849121094 1150.73571777344 1159.33483886719 1167.7451171875 1187.21032714844 1197.61828613281 1209.00317382812 1218.236328125 1226.15490722656 1234.353515625 1243.73449707031 1249.87573242188 1257.0224609375 1265.91967773438 1272.84252929688 1290.81286621094 1298.9873046875 1307.93579101562 1315.60607910156 1325.16589355469 1333.38684082031 1340.4873046875 1348.16247558594 1356.87670898438 1365.26892089844 1370.84838867188 1383.87451171875
966.876281738281 973.594360351562 979.667663574219 992.13330078125 996.512023925781 1002.57464599609 1008.55572509766 1014.92834472656 1021.56475830078 1026.45141601562 1033.8408203125 1038.84045410156 1046.24475097656 1055.72729492188 1073.05346679688 1080.84643554688 1087.74365234375 1096.603515625 1104.76281738281 1114.25170898438 1121.4912109375 1131.7451171875 1140.68872070312 1149.1845703125 1159.265625 1167.47668457031 1186.15881347656 1196.50524902344 1206.87048339844 1215.43310546875 1224.49560546875 1231.52551269531 1239.70593261719 1247.27575683594 1254.98840332031 1263.4677734375 1270.54919433594 1287.49328613281 1295.06225585938 1304.18359375 1312.60095214844 1322.48718261719 1330.6640625 1338.23388671875 1345.52087402344 1353.26318359375 1362.609375 1368.88549804688 -3.4e+38
965.11669921875 972.64990234375 980.605163574219 993.076538085938 997.761962890625 1004.53143310547 1010.12481689453 1015.14862060547 1022.32476806641 1026.21044921875 1033.22790527344 1039.2001953125 1046.41467285156 1054.68798828125 1072.64196777344 1081.39978027344 1088.05444335938 1096.79248046875 1104.54797363281 1113.23059082031 1120.5947265625 1130.3671875 1139.65026855469 1147.93237304688 1156.95837402344 1166.84350585938 1185.85229492188 1195.09057617188 1203.40600585938 1213.23876953125 1220.79431152344 1228.89660644531 1236.48522949219 1245.36669921875 1252.74755859375 1261.03332519531 1268.50268554688 1284.94018554688 1292.17529296875 1304.49865722656 1319.40893554688 1319.92248535156 1326.92138671875 1335.52551269531 1343.86791992188 1350.90795898438 1359.919921875 1365.82458496094 1376.60852050781
