rcp4.5models/CNRM_CM5/sc1gr4.15
NCOLS 261 
NROWS 433 
XLLCORNER 336357.134 
YLLCORNER 654653.479 
CELLSIZE 1000 
NODATA_value -3.4e+38 
[rows 286 to 307 of 433, columns 98 to 146 of 261]
270.786254882812 270.437957763672 269.398498535156 270.722686767578 270.72802734375 270.312896728516 269.014068603516 268.675445556641 269.859924316406 267.212921142578 261.282470703125 253.747436523438 247.138458251953 247.40788269043 246.969665527344 246.730087280273 247.635665893555 247.57861328125 247.301620483398 248.111679077148 249.966506958008 249.223052978516 244.132232666016 239.212951660156 233.379760742188 231.075912475586 243.816055297852 246.606674194336 247.92658996582 248.323883056641 250.644943237305 251.977005004883 250.21501159668 250.045974731445 249.637100219727 251.263076782227 255.279830932617 -3.4e+38 -3.4e+38 251.78694152832 251.424942016602 -3.4e+38 -3.4e+38 250.463562011719 247.795394897461 243.084976196289 236.53092956543 235.239059448242 235.282928466797
265.2626953125 265.663970947266 266.090301513672 269.885559082031 270.454956054688 269.981506347656 269.951507568359 269.9111328125 268.630401611328 268.289855957031 268.019073486328 262.816741943359 252.527496337891 246.155410766602 246.986236572266 246.741851806641 246.581436157227 246.66569519043 247.219833374023 248.286682128906 248.505233764648 247.408660888672 242.039733886719 234.108200073242 226.894760131836 225.115188598633 239.42138671875 240.469451904297 240.795318603516 243.768417358398 248.032318115234 249.336608886719 249.600555419922 251.084320068359 252.448791503906 253.438110351562 254.332107543945 255.345977783203 254.756225585938 -3.4e+38 248.284927368164 252.641250610352 253.809600830078 248.790390014648 246.695343017578 244.425201416016 242.667022705078 241.175064086914 236.106643676758
264.405334472656 264.016235351562 264.498107910156 269.361236572266 270.406036376953 270.042785644531 269.887664794922 269.648315429688 268.144714355469 267.728149414062 268.592315673828 266.594604492188 260.41064453125 250.724868774414 246.881423950195 246.344253540039 245.149841308594 246.110549926758 246.967056274414 247.619201660156 247.929336547852 248.324798583984 244.744400024414 236.176910400391 228.019241333008 220.466583251953 231.793655395508 233.379928588867 232.435104370117 237.153564453125 243.453994750977 246.387359619141 249.683944702148 251.52180480957 253.103668212891 252.981063842773 252.624816894531 251.652816772461 250.885620117188 250.426788330078 246.426803588867 246.308486938477 251.58186340332 253.52507019043 248.409484863281 246.738876342773 249.002304077148 245.234420776367 244.282089233398
265.515930175781 265.384704589844 265.830413818359 269.2294921875 270.001739501953 270.035858154297 269.659088134766 269.555816650391 268.806182861328 264.476623535156 260.445922851562 261.447906494141 256.886779785156 250.257476806641 247.609085083008 246.043197631836 245.563583374023 246.863037109375 246.982406616211 247.096343994141 247.859451293945 248.836669921875 248.02848815918 242.316452026367 235.199264526367 225.111465454102 226.983276367188 227.870407104492 228.040664672852 230.709594726562 237.880844116211 242.782363891602 245.182388305664 247.159820556641 250.032989501953 251.520294189453 251.126571655273 249.924880981445 249.48796081543 249.531158447266 248.762954711914 245.757888793945 -3.4e+38 254.987411499023 253.311630249023 248.637542724609 252.297286987305 249.41813659668 252.172149658203
252.126815795898 258.723785400391 266.572082519531 266.517913818359 268.305297851562 269.799468994141 269.329559326172 269.179565429688 268.738098144531 267.305328369141 260.634674072266 256.000427246094 254.033508300781 245.945617675781 245.663467407227 244.598114013672 245.106369018555 246.653076171875 247.903289794922 248.401428222656 248.368667602539 249.194976806641 249.449737548828 247.564758300781 245.116668701172 240.317932128906 228.249908447266 232.993072509766 235.188095092773 234.409637451172 229.098968505859 221.167892456055 223.387130737305 230.793228149414 234.208526611328 240.659606933594 247.408538818359 246.219833374023 244.429931640625 244.885604858398 246.630661010742 246.71598815918 245.520614624023 253.494567871094 -3.4e+38 253.96614074707 258.878479003906 259.866973876953 258.361938476562
245.078338623047 251.097595214844 257.177368164062 259.850921630859 267.361206054688 268.692932128906 268.578704833984 268.354522705078 268.560913085938 268.71240234375 265.975036621094 257.365875244141 249.049957275391 246.74397277832 245.091003417969 243.766860961914 244.521102905273 245.341812133789 246.940795898438 248.4423828125 248.469207763672 248.824066162109 248.952911376953 247.455902099609 246.860168457031 243.803039550781 231.203399658203 233.651580810547 237.302383422852 236.10188293457 231.794326782227 222.313507080078 217.731994628906 220.467193603516 225.966323852539 233.321640014648 241.224166870117 246.5146484375 245.070449829102 245.211959838867 246.362915039062 245.771102905273 245.731506347656 253.724914550781 262.339385986328 263.489196777344 267.676696777344 267.874725341797 261.804412841797
241.838073730469 243.434524536133 245.139602661133 248.434478759766 260.847839355469 267.784362792969 267.752319335938 267.86279296875 267.914306640625 268.174194335938 267.639739990234 258.052032470703 247.057693481445 248.01594543457 242.539840698242 242.201049804688 244.072463989258 244.74755859375 246.554290771484 247.099029541016 247.794235229492 248.975784301758 248.515472412109 245.720306396484 245.658020019531 244.60139465332 237.932464599609 236.456390380859 236.049407958984 234.085006713867 232.459777832031 226.426773071289 218.795166015625 217.328125 224.372024536133 229.565521240234 -3.4e+38 245.985290527344 247.77995300293 247.332931518555 244.288146972656 242.702423095703 242.526596069336 246.63720703125 255.06852722168 263.281219482422 -3.4e+38 -3.4e+38 -3.4e+38
245.304794311523 242.642715454102 244.248565673828 252.107192993164 262.822723388672 268.112335205078 268.324829101562 268.153900146484 267.09716796875 266.831085205078 267.801727294922 263.968658447266 256.794219970703 255.071762084961 241.813293457031 242.090255737305 244.551788330078 244.51252746582 246.936264038086 248.206848144531 248.678359985352 249.112167358398 247.599182128906 244.81071472168 244.177429199219 244.669448852539 242.817153930664 237.634155273438 232.170623779297 228.277816772461 226.852294921875 227.596908569336 223.36882019043 222.770538330078 227.232604980469 229.289474487305 231.82649230957 245.943313598633 247.591552734375 246.531036376953 242.234161376953 237.934768676758 236.921951293945 240.171096801758 244.853942871094 250.138076782227 256.940368652344 264.051483154297 -3.4e+38
257.094940185547 250.123901367188 254.59196472168 261.041259765625 264.221649169922 268.663635253906 268.527069091797 268.045532226562 266.853118896484 266.164947509766 267.269409179688 267.162353515625 265.049713134766 262.130401611328 244.704650878906 243.152359008789 246.511260986328 245.739059448242 248.511795043945 249.460876464844 248.197601318359 247.233306884766 245.832229614258 243.084701538086 241.824752807617 241.536392211914 242.910003662109 237.718276977539 230.966018676758 226.444213867188 221.596755981445 223.380279541016 226.550445556641 229.206024169922 232.554229736328 233.528457641602 235.999618530273 245.83154296875 244.697082519531 244.809020996094 242.908233642578 236.596450805664 230.915954589844 226.012405395508 228.047393798828 235.816345214844 242.942886352539 256.459716796875 259.249267578125
258.924011230469 252.280136108398 251.572937011719 256.353485107422 255.277053833008 264.076812744141 267.315063476562 266.619445800781 266.186096191406 265.917358398438 266.339141845703 266.552429199219 266.988067626953 262.858703613281 246.471618652344 242.820922851562 248.175476074219 248.437469482422 249.657577514648 248.494537353516 245.962005615234 244.499771118164 242.813751220703 240.351211547852 238.494567871094 237.207168579102 241.331329345703 239.640472412109 233.508224487305 227.283020019531 219.351531982422 216.96955871582 223.864898681641 231.116302490234 235.526977539062 238.616470336914 242.027862548828 242.003295898438 238.063934326172 238.910583496094 240.061126708984 235.977478027344 226.12109375 213.375640869141 215.19775390625 228.462371826172 239.730697631836 255.366546630859 258.488067626953
253.794570922852 248.538757324219 241.389755249023 244.457580566406 246.900787353516 259.696929931641 267.452880859375 266.760314941406 266.271118164062 265.502899169922 260.996063232422 254.253509521484 254.273880004883 254.106491088867 241.4951171875 239.579605102539 247.88591003418 249.765075683594 249.388961791992 247.169738769531 243.204345703125 239.755508422852 237.318771362305 237.528457641602 236.089813232422 234.897552490234 235.341903686523 238.464111328125 236.772674560547 228.814163208008 219.034957885742 213.131484985352 217.354675292969 228.748229980469 235.178771972656 239.977874755859 242.890625 239.181686401367 233.53630065918 231.641342163086 233.125717163086 233.888442993164 226.106063842773 215.538940429688 215.176818847656 228.627517700195 241.446243286133 255.769256591797 258.956634521484
251.866104125977 246.027069091797 236.417068481445 237.995651245117 242.49055480957 259.725677490234 268.4423828125 267.748657226562 267.170013427734 266.735382080078 259.224548339844 245.792633056641 243.289916992188 245.349960327148 240.736053466797 241.459197998047 246.790023803711 249.130126953125 248.862426757812 246.022903442383 241.517105102539 237.64582824707 235.672698974609 238.693756103516 238.195526123047 235.511978149414 228.269622802734 233.516036987305 236.971328735352 231.017211914062 220.333435058594 210.077407836914 207.628753662109 219.25651550293 231.141510009766 236.870620727539 240.499862670898 239.394912719727 236.954177856445 231.073883056641 228.313171386719 229.829467773438 228.377914428711 221.462432861328 220.810043334961 232.024429321289 244.533340454102 256.809295654297 256.970306396484
246.595184326172 242.567489624023 237.616088867188 239.188491821289 244.107879638672 255.764068603516 264.066162109375 267.646697998047 266.703430175781 260.428619384766 249.335739135742 243.786575317383 241.740234375 242.873306274414 239.850570678711 240.350357055664 244.424514770508 248.415374755859 248.272171020508 246.103668212891 242.163009643555 240.814025878906 240.143997192383 239.665283203125 237.546768188477 234.480422973633 228.579452514648 229.072036743164 229.917785644531 227.8330078125 219.378234863281 206.126800537109 198.495300292969 209.410552978516 225.736328125 232.029571533203 235.803466796875 236.578170776367 237.693328857422 232.361694335938 228.924835205078 229.274276733398 232.348999023438 231.135818481445 232.06005859375 238.288192749023 249.083694458008 257.130981445312 252.54801940918
248.683151245117 242.707901000977 238.807983398438 239.832778930664 241.373916625977 243.433212280273 250.638427734375 258.434722900391 254.614181518555 244.479248046875 238.9296875 240.82096862793 240.377029418945 241.395233154297 237.8779296875 238.221099853516 243.949401855469 247.674942016602 247.013473510742 246.370758056641 243.072555541992 241.508529663086 237.973587036133 232.352783203125 229.028457641602 228.077728271484 228.871124267578 227.964447021484 224.791015625 221.743667602539 215.546051025391 202.905014038086 194.235961914062 206.13542175293 219.919021606445 222.706344604492 225.596160888672 230.652420043945 232.256713867188 229.206665039062 227.562805175781 231.784591674805 235.910614013672 239.662414550781 243.513244628906 247.112426757812 253.379302978516 253.410263061523 249.85205078125
246.191162109375 240.30876159668 237.1376953125 232.408569335938 234.378799438477 235.61799621582 239.358703613281 244.490936279297 243.261901855469 236.961776733398 235.740570068359 240.264587402344 240.532012939453 239.146774291992 238.55339050293 239.445938110352 244.365173339844 246.147613525391 244.289611816406 244.774078369141 243.980880737305 239.42546081543 232.373687744141 227.59895324707 224.26432800293 222.670867919922 225.433044433594 227.610534667969 225.340438842773 217.443542480469 206.979614257812 196.626098632812 192.022018432617 205.575576782227 212.53385925293 207.520904541016 211.123458862305 224.792678833008 226.716278076172 224.931243896484 223.38591003418 228.389282226562 235.465866088867 242.474304199219 248.590148925781 249.238220214844 248.143920898438 244.061141967773 242.895523071289
233.863357543945 230.580932617188 228.304931640625 221.231735229492 219.112106323242 225.374038696289 228.592102050781 232.811828613281 236.683181762695 238.733749389648 238.568237304688 237.620941162109 237.575256347656 237.288177490234 239.839599609375 237.968353271484 238.697402954102 241.577041625977 242.061721801758 239.510665893555 238.786575317383 239.294036865234 234.843063354492 229.735458374023 228.326126098633 228.84716796875 218.134460449219 213.807159423828 216.056427001953 216.064926147461 211.512008666992 201.280776977539 189.184844970703 184.896987915039 180.909301757812 178.019760131836 186.589859008789 206.545623779297 214.109176635742 214.62092590332 212.51301574707 215.052032470703 225.88623046875 240.709197998047 244.81721496582 238.39697265625 233.964462280273 228.322174072266 222.896835327148
236.420104980469 232.916778564453 231.758422851562 225.456695556641 219.559432983398 222.367294311523 230.850158691406 234.305114746094 235.384765625 236.049819946289 237.360855102539 238.249755859375 237.942901611328 237.732620239258 239.305740356445 235.353118896484 237.784103393555 241.556900024414 241.430801391602 237.093399047852 234.458908081055 234.264617919922 230.524963378906 225.290664672852 220.281951904297 222.87809753418 222.439804077148 218.796463012695 213.629730224609 205.573776245117 200.49543762207 197.215805053711 188.502014160156 176.384536743164 169.322479248047 169.648025512695 178.574081420898 197.088729858398 201.135162353516 200.380218505859 198.101745605469 204.210052490234 220.053115844727 235.106414794922 240.334701538086 233.040008544922 227.181655883789 221.028381347656 217.633514404297
237.216156005859 234.977020263672 233.951248168945 218.32763671875 215.523132324219 219.855255126953 230.32795715332 233.37516784668 232.178756713867 232.743392944336 233.947616577148 235.884384155273 235.771377563477 236.532791137695 238.495941162109 236.292694091797 240.474807739258 242.689239501953 241.018051147461 236.317092895508 229.43293762207 225.65461730957 223.480621337891 218.637176513672 209.592987060547 213.347503662109 226.351425170898 223.279373168945 217.160598754883 203.911163330078 193.856842041016 193.652908325195 187.049057006836 176.128616333008 167.399169921875 165.348709106445 173.490737915039 190.452285766602 189.300354003906 187.777694702148 192.540710449219 206.971145629883 225.11442565918 235.639862060547 235.202392578125 226.111923217773 218.235092163086 212.345962524414 217.953277587891
236.992401123047 236.149505615234 231.838226318359 222.944793701172 223.148452758789 226.139694213867 228.987762451172 228.685699462891 224.993881225586 219.847595214844 222.058410644531 228.567535400391 231.011901855469 234.535369873047 238.96110534668 237.043487548828 239.875869750977 242.0546875 240.74186706543 235.922790527344 225.020935058594 217.400955200195 215.556793212891 212.062118530273 205.439544677734 208.699966430664 230.924606323242 227.165969848633 223.304092407227 215.426605224609 201.820053100586 192.651916503906 188.265777587891 181.227722167969 173.921157836914 166.683441162109 168.53450012207 178.679229736328 178.637130737305 184.045974731445 202.436080932617 221.194732666016 233.458694458008 236.893493652344 231.02799987793 220.18571472168 209.209686279297 200.793090820312 210.204467773438
241.448745727539 238.995788574219 233.537994384766 231.95964050293 230.374786376953 229.841415405273 223.389892578125 216.224075317383 212.759613037109 207.311111450195 210.700088500977 214.736312866211 222.62385559082 235.255325317383 238.467681884766 236.487899780273 240.147766113281 241.243118286133 240.09538269043 238.041122436523 230.359466552734 223.367340087891 221.597259521484 220.949310302734 217.147964477539 217.827133178711 236.562438964844 234.539001464844 230.209213256836 226.822891235352 217.995803833008 205.348831176758 195.147018432617 186.853469848633 180.974868774414 171.83088684082 166.036102294922 173.424346923828 182.394134521484 193.701400756836 212.446136474609 228.397171020508 232.066513061523 229.650665283203 225.03337097168 214.596878051758 203.301361083984 194.143753051758 197.519866943359
237.565383911133 235.652435302734 233.363861083984 231.832275390625 231.777359008789 225.110458374023 214.238159179688 207.759796142578 206.247970581055 204.888900756836 204.728820800781 210.944610595703 225.211334228516 236.468475341797 235.022415161133 235.127166748047 238.613464355469 239.065216064453 237.634216308594 239.151824951172 238.64582824707 236.960800170898 236.195022583008 236.741439819336 234.62663269043 235.008331298828 240.37841796875 -3.4e+38 237.822677612305 235.466125488281 230.979476928711 222.612655639648 207.774566650391 195.189437866211 187.973373413086 176.764999389648 167.41862487793 175.544662475586 196.615036010742 209.82633972168 220.264007568359 226.047561645508 221.292892456055 218.911911010742 215.691970825195 205.548278808594 195.422653198242 190.382629394531 191.290771484375
227.10871887207 225.769119262695 232.69465637207 234.269515991211 235.244354248047 228.667419433594 220.510757446289 213.383651733398 206.925033569336 212.840850830078 218.085678100586 225.113143920898 233.995559692383 236.197250366211 233.029327392578 234.459716796875 238.493896484375 238.196014404297 234.957244873047 235.581146240234 237.752563476562 -3.4e+38 -3.4e+38 -3.4e+38 -3.4e+38 -3.4e+38 -3.4e+38 239.84814453125 -3.4e+38 -3.4e+38 236.783889770508 231.781143188477 220.598678588867 205.940246582031 193.239883422852 179.642532348633 169.476531982422 180.363220214844 202.677444458008 217.071487426758 223.157897949219 220.156448364258 207.071701049805 201.356140136719 201.037582397461 191.699172973633 184.416168212891 182.802536010742 186.253768920898
