rcp4.5models/CNRM_CM5/sc1gr10.2
NCOLS 261 
NROWS 433 
XLLCORNER 336357.134 
YLLCORNER 654653.479 
CELLSIZE 1000 
NODATA_value -9999 
[rows 352 to 373 of 433, columns 150 to 199 of 261]
1084.38470000522 1071.24202964738 1068.50145010163 1065.9152750297 1069.59420609183 1074.93673528092 1069.45091168791 1081.90669578595 1109.90225251116 1013.35046699523 940.161890250475 900.01593551847 938.952319489568 1066.04778238401 1000.48353305026 998.582613648436 935.270416873195 925.593255561747 1003.08744002986 1028.73356230314 878.139221451205 945.67536232244 1078.90225857374 1025.49340025289 908.310050067412 893.797923256917 1014.75059788061 969.656583965861 1016.51180149556 942.016286587664 912.135737184809 873.37366934715 946.989941547991 948.255989708357 921.944939335043 859.961029479374 861.715867203105 867.577287015402 893.361762926684 932.052036922613 880.41518385043 883.937312772209 894.65012066667 900.19635057852 919.503150048454 973.947912604019 961.777094208077 920.502073906625 925.19519580423 929.262516386896
1073.22175320562 1062.29301691639 1058.98894111498 1057.76739038668 1056.90072643316 1057.3592464635 1059.08547407673 1065.19510370845 1094.20605567204 1076.72933998356 961.641635184896 897.025285477304 943.885658049679 947.73135430336 945.706892632505 898.368811120983 903.249090926744 932.066098043196 927.901161226093 1000.34476016993 837.641738187864 879.400319541606 949.866264572247 967.238002649896 1010.35698212871 962.837096492332 1006.46874218583 959.064694726888 1004.94895851234 959.818258999996 973.053885107904 891.148974234017 1008.305750581 911.761525389846 844.989556471203 849.894596731327 852.177036253498 857.319696974989 862.290542091745 864.716053542972 871.054725525431 875.960160796463 884.687201108175 890.274822973051 893.238010674019 899.733932296611 905.280688005044 911.701467457867 918.270111324976 921.785127406235
1058.44088040244 1053.97307116706 1051.47980472613 1048.99114611595 1046.91321220324 1046.45223367071 1047.90286287573 1049.89162545948 1052.67221938644 1058.3192054663 1020.52042505543 935.496075757492 930.546985596164 926.740780505267 935.470869329454 961.97893355021 952.307782136265 887.405853782912 873.05279273887 999.30242553483 918.992323699756 920.272628778055 918.853864753984 953.700857847042 1032.16985707369 1031.59528543531 997.351734610854 948.554526497367 993.825529758384 948.703529682688 921.054224269292 953.547072058753 972.741606867695 832.826284188959 834.65801093595 839.752442282461 842.062516098315 870.091299318945 935.110045815236 914.479550044551 860.931441837914 865.890152551942 874.724488345805 881.090677244949 885.388890225839 889.681087877924 895.927121945831 902.528818475862 909.146579800995 914.537348420919
1050.22628076876 1046.16356790405 1044.39623676489 1041.48088385557 1038.23586897009 1036.64697673902 1037.50257703484 1038.39596028257 1040.9644151682 1050.94287337921 1066.21036446386 1033.18596031848 995.478244753607 1035.88553262032 1029.46571008139 1026.57119685894 998.252952714676 926.808736420141 904.878961721869 1035.34748983894 1039.11691998654 1031.7843916635 1021.89442833031 1020.6758208672 1019.76997236761 1019.98290721674 986.703644848503 939.562229541294 1013.78987868631 1013.10460621069 911.834683446844 944.57512877234 966.697786636253 822.779488500732 850.109525927994 896.900148592632 833.895575637618 882.048680819054 1004.96626180783 963.496574518277 850.800582839072 856.548378821045 865.240310907715 872.81804217855 878.768657276627 881.771146759884 886.297159435025 893.323555981849 899.437604140276 905.33624408213
1042.44518164055 1038.69463146458 1036.99878251624 1036.46838726891 1034.46513259758 1030.80715410099 1029.11955311129 1030.70262771742 1031.69757016196 1047.66772380174 1080.84968991897 1084.24987985133 1065.59179282708 1028.4556775932 1023.45472185027 1017.83372538514 1021.34884546262 1026.68581546034 949.18661680321 1044.23625147616 1031.45133991521 989.819938235154 933.000350308827 1009.11805628189 1008.43052498137 1008.59161942266 1007.27211332923 1007.1880827706 1004.75437498701 972.734901273646 944.305092902585 835.225751187382 885.804303203287 813.216918709321 841.956614351152 886.995205949179 825.632356281816 871.616332499266 973.857911479863 896.355096528094 841.717905012314 848.153580332338 855.786879527673 862.843632866764 869.436122973568 873.913789930305 877.123433823961 884.049475499947 890.780016269253 896.553789179011
1034.26268342411 1031.19111190229 1031.25458971284 1032.37523196222 1031.59541154312 1028.01511228778 1025.58980802666 1025.21593794369 1019.29915380065 1029.48812682598 1051.41147882834 1042.741684877 1019.77744097233 1022.80469938839 1017.8664578611 1009.89945667278 1003.80050112995 1003.14801934071 984.59525522167 958.889628731375 1014.59699351247 972.411316937716 927.41180792195 1007.90363072326 998.898110349911 997.011068010787 997.14596125728 967.286493577269 920.229735055272 962.950456955195 934.635256813765 795.778726517537 801.729156170322 803.525962145232 808.866246936075 836.00324087319 881.454507252881 862.612332007059 945.443130915046 829.79993598086 832.523821044778 838.76512789881 864.258781000527 905.890105585943 859.769304633358 865.220882447101 868.901843355346 875.317526825265 882.070341972004 887.809532162949
1027.20673261163 1026.21632586374 1026.37723518368 1026.05061904175 1023.87611351722 1021.83803936434 1019.25642992879 1016.95794412489 1006.53201526687 1005.3463120685 1004.16674005882 1004.25545300558 1007.85791393731 1010.99908350299 1008.02281426369 1001.89118502491 995.212603933585 954.227698761668 921.689347638208 943.20024997152 1005.41633870242 994.773357952804 1000.40103808843 1006.94001262287 989.180432468464 985.286375078709 987.945464629324 927.210539450868 835.273629779158 985.00570898831 925.793025458664 785.733977169471 791.489993406589 793.8851144133 798.649920783794 825.497211143017 895.377902381422 897.169517783542 897.543354305776 881.105737490776 822.355015730971 828.64323070543 854.233973105638 895.518078218946 850.867319414274 856.364357236203 860.270770988305 866.679283662805 871.714560799893 878.072005984857
1020.90046736455 1020.01799662022 1017.38300982093 1015.96936017337 1014.24794370012 1011.61404198816 1009.33257667581 1007.06398110175 996.265564441481 997.687605795221 997.006907429715 995.403875688428 997.731773099646 999.418591114784 996.801314811692 991.815512971963 986.866055719797 907.426446000199 821.782830300029 1000.49990662588 987.083800151113 983.431347169105 987.239674933169 991.536694143728 979.0782586898 975.397258312864 978.927825761317 949.571894210705 902.676343258784 976.410412987981 917.061269758783 776.207597197154 782.007665350837 784.361479391645 814.18318711145 883.798550893355 912.970771613459 955.407541861509 890.38353213338 870.615119923013 813.008809659691 838.903275326988 901.799673534912 889.170461192756 841.410816620557 847.941061464807 852.51300140314 856.828024968362 861.948320003446 881.564126721528
1007.93877932894 1005.31835650895 1002.69874061249 1000.78281814376 997.200844627144 992.501152394015 992.404122669299 991.124621963627 976.22930034124 976.067410488662 978.041250428616 938.782044461464 899.39298283137 899.051697132992 808.017577309303 -9999 930.69321792041 884.617421122397 -9999 961.292757191765 960.459248271317 961.309142250701 963.431347243894 961.549875710734 960.566290521151 958.875382814884 929.913520360903 882.818434845509 959.927423553469 929.335377431063 903.165537138526 817.903160384889 937.227533091671 888.845702280189 957.575588511107 958.204800054452 936.449198584962 849.60078604148 787.439920818827 793.067438648732 798.255684354479 800.651663903986 867.262549145424 817.946437088349 822.510190143539 -9999 835.579312338779 841.422487318656 845.955084916217 863.681995247529
1002.67421149428 1001.26939517957 997.232245844067 993.160602823623 987.919470464294 982.950901709554 981.462559007331 979.297510882521 966.820166383922 966.438541114105 967.687765338386 924.004898493324 885.759397184521 930.152902171808 884.009614582017 966.95375028621 964.631401680569 962.818776185907 958.917680001633 952.072936913528 950.890299257068 950.730635522296 952.435353321266 951.707804479126 948.435587234121 949.408829195718 953.012598111606 919.830866097792 843.413633345282 874.470764384926 849.061417737226 852.795796254398 855.532954579518 881.814895938144 949.143563746591 924.16489773779 860.272652462399 840.86614997106 800.853651742709 847.48686620998 789.115279872196 791.562683331828 805.446400287675 810.651385279992 813.81166584954 820.312113043673 827.123999759396 834.425826758264 839.026640126324 854.561144061026
995.661247696251 992.614216744274 988.016947750823 982.991905323017 977.70603531506 973.773014049358 971.041884841163 967.466216380136 957.527343328976 957.139518279679 958.380936562628 956.393552688512 958.861093943274 960.670602694683 961.768738647078 921.291518965207 874.564967566604 957.49332649729 952.13699438479 944.229783476246 942.864322441216 941.184748093075 942.001246657695 941.481693267813 938.980410237733 908.248512793701 865.311522262599 878.535338280689 725.734358776803 790.560708707556 841.302182011732 815.146137493852 799.466587028278 943.992813037125 942.082911033226 914.771854937395 850.273185361969 831.230303690713 792.646153428374 837.491487466073 780.812372297403 -9999 795.796323197879 801.43464216925 804.859733062681 811.39669773553 817.897234432896 824.53331207929 830.782192092453 834.424659803944
987.519129899566 983.5291928361 980.281120881071 973.932009933491 968.810620050098 966.185782489761 961.800145944953 957.815863567475 949.493188659942 947.780601592699 947.349839248583 949.537436696715 954.887732418341 955.357655304482 955.008619420507 915.746473963881 872.221229068235 951.010259636001 947.166130437976 940.18575394288 936.770454823272 934.637548241931 933.298178929201 930.724272761228 929.694355662144 898.280951150645 853.758312495969 900.410453603175 824.324625124161 856.835064307658 805.357023596888 762.349487905988 865.316134732793 936.461857373941 934.320296030614 931.526647080887 883.033012761033 756.854437923724 762.582152222611 788.10066072176 835.29815063208 -9999 -9999 792.871774445635 797.047528430021 801.754761541211 808.469335764317 815.533911159666 821.826327202936 827.481553446382
982.034734693477 977.837585291126 972.798718702491 966.815113188644 962.135381346231 957.718391099116 952.186409317477 948.118363810681 -9999 -9999 939.933446181092 944.422656692661 946.601016094892 946.579567952794 946.296319242368 951.374877661912 965.242585339296 957.001305280095 941.226262112598 937.543952258718 935.318916785302 932.50874672346 928.002803438734 924.080019540553 921.073174830905 920.865569997443 921.689691414848 923.42170145701 923.961038738905 923.882080105078 826.36115349256 857.768632238598 932.41830294844 929.235456699304 901.307464015185 832.378461628709 833.409904144419 813.403376423172 775.959506869494 842.539646613108 825.349853498871 769.124386325328 -9999 784.726757581064 790.526558699803 794.714020322228 799.593398010263 806.677020414866 813.010308996706 832.034365647033
977.585773069823 973.688309641319 967.39963376718 960.195248847161 954.949796199097 948.638200007853 943.620913861805 938.905121102615 934.805853296542 933.151483394809 934.478611540183 937.568833127188 934.067342287487 933.1222356228 935.785912641241 940.525172435241 957.808435203669 961.151191705757 936.035304041751 929.578701059589 929.873315316965 927.351865078449 922.151106608116 918.113462617455 915.55272236341 915.024913015048 913.434523002879 914.591068995133 884.71193466158 839.6290268374 920.84361522314 923.804442070708 926.275138767054 922.842907234515 869.97562753462 731.855845547532 759.957694532236 804.451695041105 767.510958695713 833.750656576058 815.694150819945 760.641724861974 768.877002608585 775.963158503692 782.145962309338 804.062415602337 842.658424525001 797.83597078106 818.176384035551 868.600475936964
971.31106760077 966.693700958416 960.688976917862 953.950944273245 948.516522817545 942.160084782532 937.624355923203 932.258302357113 929.491498993124 928.159317073737 928.449186906135 927.875858032846 925.861203814619 924.8945509358 927.308783789414 928.107504864455 937.86837216683 946.906469135122 934.306875481609 921.483039063727 919.39930213544 916.90838425744 913.946910016361 911.64214796542 911.041295823289 910.750260313442 907.056686441624 906.884859240436 875.504214666772 830.424109875025 911.004135092351 914.747515344396 918.109570836829 890.066078490564 791.471878883447 722.752385365834 727.815380902428 730.635150517265 736.609461741621 762.906220589931 805.885667158402 751.732163611263 762.250175212476 766.976823545925 789.940559817203 847.610520400838 850.278660488989 840.253453844232 808.879154923434 859.383423246888
965.503281611193 960.497664100064 952.564655628712 946.11520300507 941.268984799888 935.088220845952 931.076402937319 927.609135918843 922.393933097361 921.809276787402 922.102268992661 918.588023994935 917.786875264902 918.782965766903 919.518352519196 918.560801084574 923.601782993874 -9999 929.667743123429 918.076355532895 913.473315787313 908.779469746621 906.635788113821 906.509214323568 872.511574499662 824.119352117699 903.418578633845 900.86259130084 898.184557780445 898.974011902976 904.135493921668 907.84001610328 881.290433085018 780.954002987345 737.098688455734 784.679069492409 743.305741642687 790.165264100596 727.843250164362 733.712754815366 737.614139700808 742.637065011303 773.430021562883 814.102558048277 780.829583787969 822.053300000014 792.532412576902 846.553021665366 836.494360216079 819.610314585847
958.588245564014 955.208484050732 947.693642542683 938.341095441897 932.706779820036 927.862229775278 925.133205024105 923.729427150498 915.18989171275 915.20023608951 914.255634975764 910.732081340858 910.534456279408 912.073296492383 910.992763524553 908.912962957096 911.657808680233 922.683600504978 938.150781884547 911.567890730945 908.16795465496 905.60082671611 904.989549463495 904.524668881553 868.035324294507 816.431894689224 897.122318861203 893.342516460686 891.372679758339 892.071891523153 896.996063037773 900.181497763899 871.957046997903 771.07665843786 754.318378660776 846.679353664422 734.614876131632 782.591282057056 718.976701833329 725.427151501371 -9999 733.558280031901 782.695393105901 878.543054343802 809.855064538077 778.517699031033 820.549018804237 804.580637955461 876.955918281631 797.869007258223
953.777058713604 950.404615330118 943.310040049452 933.588718909179 926.036527852454 921.863698871145 920.346960743476 917.512381916553 909.984831029062 908.874127198782 906.928901692714 903.54119555323 904.107358959438 903.727156921054 901.475942692503 901.329599755995 905.051607569051 916.754478640788 933.011814582074 903.479292568363 901.549851547827 901.800758445169 901.614826056789 901.463266252576 863.44291100235 810.127833592771 887.636541172218 884.959020808672 884.174861939722 884.873010810086 890.373128313382 862.291594692508 788.156156960504 764.075030700019 720.22968327484 793.936422625829 796.405507803641 776.031918426298 712.252693411053 716.790295330007 722.612559544917 726.313383939879 755.901465854391 832.886957737237 855.384394176902 769.520008369505 826.413978341528 847.026776148428 870.278225386937 778.663936000535
949.431236628998 946.340870872438 939.288479424502 930.591261730761 921.572857241011 915.169464467672 912.049312308637 909.053446178484 904.559974527457 903.318083163248 901.719943165231 897.222773406879 896.443546487908 895.173165783814 894.693185366953 897.013156927124 900.949935663763 903.892058676934 906.941127012542 898.756649346552 894.498619153773 893.933974298051 894.227053271664 895.394514788098 856.331408570077 802.90891053299 881.526332263536 880.185487788652 876.912992410034 877.49074372346 884.578890808845 853.244863524382 778.754401415832 754.854583390258 685.594423233263 716.187154781696 812.867389515475 837.387622384675 705.633639027036 708.469712071075 714.98552210634 719.993627972118 788.24896323824 770.40400935343 849.287141648241 762.732991720525 818.383967530154 837.820970627928 864.246634100051 771.64293580893
936.103035008913 932.174736759125 928.348692735869 922.557327524187 911.833799102821 904.868646744789 899.506023800493 895.939109871494 893.817270138419 894.704911139344 890.511054097518 885.559640657775 882.782621771853 882.581961985577 884.316661768925 885.108994260191 885.170573584842 885.965478268929 886.657352666245 886.320490923859 883.147453434735 877.299829430607 879.416999560793 881.000705291569 878.094215653226 874.087063838195 871.990274847765 867.68766896627 864.204187075184 864.08039063037 810.471409545077 714.388226260366 838.346440791032 765.492714005282 742.301432959144 674.673315004671 705.932245687778 802.070356555642 826.674380172737 695.809782563999 720.296150109332 767.090555402799 734.846645564086 794.411935661876 797.041380323357 801.755377793617 790.607607100603 743.827110923115 762.404580542262 814.56469637983
928.578601392171 925.713528769948 924.527665171593 919.839776619285 910.539011327415 901.330521710532 893.980957237374 888.963597873298 887.225967515709 886.38884497094 882.419911677074 879.256544717008 877.582491804011 877.999292055004 878.22401273123 876.546487313872 877.579480239824 877.960776102529 876.70712599299 875.710505961492 874.321193637291 870.992615784993 873.193032537173 873.779587112132 872.247050420255 867.775022503 863.991866078975 859.620061330166 856.04360846875 857.102825837959 725.979914048801 679.857502096717 729.553419011925 685.283672850255 760.017356677658 737.582465397768 697.914726123367 771.802057606183 750.513094048743 688.556311297605 714.460624319223 778.97739115508 803.30576060083 843.026432376888 807.238283220086 847.32318833366 782.145317396753 752.351394102234 805.492272563897 821.689873895463
922.073523301198 921.068894609719 918.305670398453 914.490871038482 908.002059114599 898.748167152577 890.903076617883 883.959687673636 879.98622045375 877.10834834138 874.727962257767 872.068628921201 872.31557331652 875.882563004592 872.206117895195 869.5715225634 871.071779525589 871.237998326447 867.131200740642 864.593595007654 863.399002591894 864.533942591058 865.393451156004 867.043011953679 868.184034764987 862.945076868458 859.173896609454 854.27571731139 849.402807132815 850.385858588675 668.485727644855 721.014734355822 675.728677749773 724.453183276425 708.523962202597 802.31672582836 664.828244764428 695.423108364126 743.498478170856 680.283277069162 707.099710442074 793.680364489688 794.945438976196 853.662899486101 855.624574504323 824.561922351452 722.863918373515 744.014681223743 811.988659758529 849.223189444737
