rcp4.5models/CNRM_CM5/sc1gr0.26
NCOLS 261 
NROWS 433 
XLLCORNER 336357.134 
YLLCORNER 654653.479 
CELLSIZE 1000 
NODATA_value -3.4e+38 
[rows 66 to 87 of 433, columns 49 to 97 of 261]
-3.4e+38 -3.4e+38 -3.4e+38 -3.4e+38 -3.4e+38 -3.4e+38 -3.4e+38 -3.4e+38 -3.4e+38 -3.4e+38 -3.4e+38 -3.4e+38 -3.4e+38 -3.4e+38 -3.4e+38 -3.4e+38 -3.4e+38 -3.4e+38 55.6643867492676 55.7628555297852 -3.4e+38 56.3763275146484 56.6249237060547 56.7090454101562 56.993106842041 57.1741104125977 57.4418029785156 57.7143440246582 57.8456039428711 58.4109840393066 58.5426635742188 58.608772277832 58.9253005981445 59.1417083740234 59.2466697692871 59.5110015869141 59.7245979309082 59.8826026916504 60.1498489379883 60.3064117431641 -3.4e+38 60.999870300293 61.370433807373 61.2772750854492 -3.4e+38 -3.4e+38 61.7650451660156 62.117073059082 62.4052848815918
-3.4e+38 -3.4e+38 -3.4e+38 -3.4e+38 -3.4e+38 -3.4e+38 -3.4e+38 -3.4e+38 -3.4e+38 -3.4e+38 -3.4e+38 -3.4e+38 -3.4e+38 -3.4e+38 -3.4e+38 -3.4e+38 -3.4e+38 -3.4e+38 55.842643737793 56.001953125 56.1489486694336 -3.4e+38 56.7303657531738 57.0339546203613 57.1364326477051 57.2653465270996 57.5235939025879 58.0648384094238 58.1594924926758 58.5710945129395 58.9496383666992 58.8694381713867 59.0705223083496 59.4759902954102 59.3593521118164 59.705005645752 -3.4e+38 -3.4e+38 60.4542045593262 60.6942749023438 60.8776931762695 61.3045310974121 61.5421333312988 61.5328559875488 61.5544662475586 61.769603729248 61.9764862060547 62.149730682373 62.6010246276855
-3.4e+38 -3.4e+38 -3.4e+38 -3.4e+38 -3.4e+38 -3.4e+38 -3.4e+38 -3.4e+38 -3.4e+38 -3.4e+38 -3.4e+38 -3.4e+38 -3.4e+38 -3.4e+38 -3.4e+38 -3.4e+38 -3.4e+38 -3.4e+38 56.0221977233887 56.4186134338379 56.5293922424316 56.8468132019043 57.0149002075195 57.2734298706055 57.5466194152832 57.8435287475586 58.1523399353027 58.2736206054688 58.4223403930664 59.0639305114746 59.2299995422363 59.3604774475098 59.4342651367188 59.7502861022949 59.8538856506348 60.1468696594238 60.333667755127 60.6298904418945 60.8146820068359 60.9719009399414 61.1315689086914 61.7729034423828 61.8242645263672 62.0622634887695 62.1925163269043 62.3747329711914 62.5379257202148 62.746711730957 62.8864784240723
-3.4e+38 -3.4e+38 -3.4e+38 -3.4e+38 -3.4e+38 -3.4e+38 -3.4e+38 -3.4e+38 -3.4e+38 -3.4e+38 -3.4e+38 -3.4e+38 -3.4e+38 -3.4e+38 -3.4e+38 -3.4e+38 -3.4e+38 -3.4e+38 56.2030029296875 56.4654121398926 56.6394309997559 57.0313415527344 57.0936431884766 57.4882698059082 57.5963592529297 57.8537788391113 58.3483505249023 58.5446014404297 58.8434600830078 59.2638244628906 59.5587005615234 59.4962959289551 59.6223793029785 59.9724540710449 60.1048965454102 60.3997993469238 60.361141204834 60.7962875366211 60.9813232421875 61.1954116821289 61.5726356506348 -3.4e+38 -3.4e+38 62.2864685058594 62.4977836608887 62.6821823120117 62.8107795715332 62.9409790039062 63.0220184326172
-3.4e+38 -3.4e+38 -3.4e+38 -3.4e+38 -3.4e+38 -3.4e+38 -3.4e+38 -3.4e+38 -3.4e+38 -3.4e+38 -3.4e+38 -3.4e+38 -3.4e+38 -3.4e+38 -3.4e+38 -3.4e+38 -3.4e+38 -3.4e+38 56.4337196350098 56.7333755493164 56.9207191467285 57.1481857299805 57.3183860778809 57.6806144714355 57.7458610534668 57.9768142700195 58.3394966125488 58.7831230163574 59.081226348877 59.3999252319336 59.6086540222168 59.607177734375 59.9838180541992 60.1119194030762 60.4360694885254 60.4808578491211 60.6399345397949 61.0188446044922 61.2877731323242 61.6114845275879 61.9049186706543 62.2421073913574 -3.4e+38 62.5893211364746 62.7238121032715 62.936164855957 63.1402587890625 63.1651229858398 63.2965507507324
-3.4e+38 -3.4e+38 -3.4e+38 -3.4e+38 -3.4e+38 -3.4e+38 -3.4e+38 -3.4e+38 -3.4e+38 -3.4e+38 -3.4e+38 -3.4e+38 -3.4e+38 -3.4e+38 -3.4e+38 -3.4e+38 -3.4e+38 55.8739013671875 56.5726013183594 56.7423782348633 57.0655288696289 57.2338333129883 57.5806732177734 57.9067039489746 57.8262977600098 58.3287086486816 58.4702949523926 58.805549621582 59.2171440124512 59.6505737304688 59.7542839050293 59.9394989013672 -3.4e+38 60.4186630249023 60.6014671325684 60.7329521179199 61.0561180114746 61.1582489013672 61.5376167297363 61.8078002929688 62.1530914306641 62.6573219299316 62.5461196899414 62.8140411376953 62.944953918457 63.134090423584 63.3719482421875 63.5204925537109 63.5813522338867
-3.4e+38 -3.4e+38 -3.4e+38 -3.4e+38 -3.4e+38 -3.4e+38 -3.4e+38 -3.4e+38 -3.4e+38 -3.4e+38 -3.4e+38 -3.4e+38 -3.4e+38 -3.4e+38 -3.4e+38 -3.4e+38 -3.4e+38 56.0126266479492 56.6750106811523 56.7000274658203 57.139289855957 57.3705635070801 57.7680892944336 58.152416229248 58.1128273010254 58.5171241760254 58.6607475280762 58.8418579101562 59.3234977722168 59.8134536743164 59.9458999633789 60.2963218688965 -3.4e+38 60.6100044250488 60.796802520752 60.981388092041 61.2497215270996 61.4644203186035 61.8139801025391 61.9488487243652 62.4051780700684 62.911678314209 62.8776893615723 62.9862480163574 63.2533912658691 63.5167274475098 63.7011833190918 63.8326835632324 63.9379653930664
-3.4e+38 -3.4e+38 -3.4e+38 -3.4e+38 -3.4e+38 -3.4e+38 -3.4e+38 -3.4e+38 -3.4e+38 -3.4e+38 -3.4e+38 -3.4e+38 -3.4e+38 -3.4e+38 -3.4e+38 -3.4e+38 55.9847145080566 56.3311653137207 56.7030639648438 56.8654251098633 57.2821464538574 57.4785842895508 57.8195037841797 58.2808380126953 58.404109954834 58.6080169677734 58.8231163024902 59.0938301086426 59.5227279663086 60.0076675415039 60.0564002990723 60.4029731750488 60.5363578796387 60.7495765686035 61.0464401245117 61.2599639892578 61.5011940002441 61.825065612793 62.0935096740723 -3.4e+38 62.437931060791 62.9730415344238 63.081657409668 63.4188690185547 63.4793395996094 63.7525672912598 64.0698394775391 64.2916412353516 64.2423706054688
-3.4e+38 -3.4e+38 -3.4e+38 -3.4e+38 -3.4e+38 -3.4e+38 -3.4e+38 -3.4e+38 -3.4e+38 -3.4e+38 -3.4e+38 -3.4e+38 -3.4e+38 -3.4e+38 -3.4e+38 -3.4e+38 56.0412292480469 56.5546913146973 56.8191680908203 57.0500907897949 57.5044555664062 57.6230392456055 57.769359588623 58.3014755249023 58.4763603210449 58.8571586608887 59.0473861694336 59.4230918884277 59.6627159118652 60.2568740844727 60.2531700134277 60.3489990234375 60.7304306030273 60.9161987304688 61.296443939209 61.4261894226074 61.7782669067383 61.9910926818848 62.1799392700195 62.5558395385742 62.6853218078613 63.0834693908691 63.2036247253418 63.7857284545898 63.8567047119141 63.9449195861816 64.2388763427734 64.4074325561523 64.6412887573242
-3.4e+38 -3.4e+38 -3.4e+38 -3.4e+38 -3.4e+38 -3.4e+38 -3.4e+38 -3.4e+38 -3.4e+38 -3.4e+38 -3.4e+38 -3.4e+38 -3.4e+38 -3.4e+38 -3.4e+38 -3.4e+38 56.2388458251953 56.7224273681641 57.0391998291016 57.1069526672363 57.7428245544434 57.9590873718262 58.0381736755371 58.3677444458008 58.7005271911621 58.9628601074219 59.1800765991211 59.4151268005371 59.7991752624512 60.2243270874023 60.3868064880371 -3.4e+38 60.9242515563965 61.1389541625977 61.6022186279297 -3.4e+38 62.0285720825195 62.241081237793 62.4038581848145 62.8594512939453 62.9422569274902 63.2588882446289 63.6106109619141 64.0358123779297 64.0895156860352 64.2402572631836 64.3384857177734 64.7794418334961 64.9867858886719
-3.4e+38 -3.4e+38 -3.4e+38 -3.4e+38 -3.4e+38 -3.4e+38 -3.4e+38 -3.4e+38 -3.4e+38 -3.4e+38 -3.4e+38 -3.4e+38 -3.4e+38 -3.4e+38 -3.4e+38 56.1519927978516 56.5226097106934 57.0083885192871 57.1674995422363 57.3909225463867 57.9386558532715 58.140380859375 58.2196731567383 58.3982086181641 58.9102325439453 59.2486419677734 59.4362297058105 59.538200378418 59.9646034240723 60.3977394104004 60.4706687927246 60.9912338256836 61.260498046875 61.3328895568848 61.5996894836426 61.7330741882324 62.1686553955078 62.4629058837891 62.5706520080566 62.9486236572266 63.1696662902832 63.6941528320312 63.8637199401855 64.1823883056641 64.340950012207 64.5705642700195 64.5852966308594 65.0148239135742 65.19482421875
-3.4e+38 -3.4e+38 -3.4e+38 -3.4e+38 -3.4e+38 -3.4e+38 -3.4e+38 -3.4e+38 -3.4e+38 -3.4e+38 -3.4e+38 -3.4e+38 -3.4e+38 -3.4e+38 -3.4e+38 -3.4e+38 56.7404594421387 57.1097564697266 57.1931571960449 57.3946762084961 58.0411262512207 58.1115379333496 58.4646492004395 58.7984199523926 59.1405067443848 59.4347724914551 59.5966606140137 59.6731033325195 59.9622840881348 60.6172256469727 60.7232398986816 61.0407409667969 61.4519691467285 61.5559883117676 61.8251953125 61.9842872619629 62.3087387084961 62.6324653625488 62.8774871826172 63.3005676269531 63.2507972717285 63.8486175537109 64.2147598266602 64.3772430419922 64.5724487304688 64.9105758666992 65.0192794799805 65.2890853881836 65.5227813720703
-3.4e+38 -3.4e+38 -3.4e+38 -3.4e+38 -3.4e+38 -3.4e+38 -3.4e+38 -3.4e+38 -3.4e+38 -3.4e+38 -3.4e+38 -3.4e+38 -3.4e+38 -3.4e+38 56.1553192138672 56.6488265991211 56.8539733886719 57.1147575378418 57.3076400756836 57.5764465332031 58.240837097168 58.2065277099609 58.7318954467773 59.0337448120117 59.2772102355957 59.5189208984375 59.6792449951172 60.092716217041 60.2806205749512 60.7293548583984 60.9423599243164 61.2695236206055 61.5920333862305 61.9179382324219 62.0737686157227 62.1796112060547 62.5865478515625 62.8548240661621 63.0755805969238 63.5586090087891 63.6866836547852 64.2560272216797 64.5534057617188 64.7287063598633 64.7438278198242 65.1403427124023 65.2917327880859 65.3280944824219 65.5341033935547
-3.4e+38 -3.4e+38 -3.4e+38 -3.4e+38 -3.4e+38 -3.4e+38 -3.4e+38 -3.4e+38 -3.4e+38 -3.4e+38 -3.4e+38 -3.4e+38 -3.4e+38 56.0777168273926 56.4283256530762 56.7668762207031 56.8808364868164 57.0585517883301 57.4655227661133 57.78857421875 58.2086181640625 58.5316123962402 58.98486328125 59.1778984069824 59.4176979064941 59.6593322753906 59.9319000244141 60.3324012756348 60.6638031005859 61.0387535095215 61.1659202575684 61.517261505127 61.8713264465332 62.1099319458008 62.1863441467285 62.4307250976562 62.8100357055664 63.1008110046387 63.1066017150879 63.6454048156738 63.8626594543457 64.3744354248047 64.5918426513672 64.8836059570312 65.0722961425781 65.3992080688477 65.2563705444336 65.4972763061523 65.8723602294922
-3.4e+38 -3.4e+38 -3.4e+38 -3.4e+38 -3.4e+38 -3.4e+38 -3.4e+38 -3.4e+38 -3.4e+38 -3.4e+38 -3.4e+38 -3.4e+38 -3.4e+38 56.5247497558594 56.7192802429199 56.8813362121582 57.0404052734375 57.2556648254395 58.0203514099121 58.3545455932617 58.6148529052734 58.8333129882812 59.1717987060547 59.6358757019043 59.6402816772461 60.1334037780762 60.5328178405762 60.6954231262207 61.1059417724609 61.5345497131348 61.7491989135742 61.9349594116211 62.2628898620605 62.6680450439453 62.8835144042969 63.1265754699707 63.4748573303223 63.606761932373 63.7969932556152 64.1464080810547 64.4173583984375 64.8292007446289 65.3015747070312 65.3596343994141 65.5698089599609 65.7304534912109 65.9944458007812 66.2159423828125 66.4047470092773
-3.4e+38 -3.4e+38 -3.4e+38 -3.4e+38 -3.4e+38 -3.4e+38 -3.4e+38 -3.4e+38 -3.4e+38 -3.4e+38 -3.4e+38 -3.4e+38 -3.4e+38 -3.4e+38 56.7204818725586 56.8796310424805 57.207878112793 57.5114135742188 58.2135772705078 58.5594940185547 58.7821083068848 59.0233192443848 59.3782920837402 59.697566986084 60.0925140380859 60.4632759094238 60.8769798278809 61.0948486328125 61.3574333190918 61.7011833190918 61.9996566772461 62.2716827392578 62.6790084838867 62.9479789733887 63.2135429382324 63.2664527893066 63.6149787902832 63.7472076416016 63.9377059936523 64.2418594360352 64.6678695678711 65.1730728149414 65.2889862060547 65.5090637207031 65.8993530273438 66.0480117797852 66.3990097045898 66.3434524536133 66.7010192871094
-3.4e+38 -3.4e+38 -3.4e+38 -3.4e+38 -3.4e+38 -3.4e+38 -3.4e+38 -3.4e+38 -3.4e+38 -3.4e+38 -3.4e+38 -3.4e+38 -3.4e+38 -3.4e+38 56.7234153747559 56.9909362792969 57.3936309814453 57.7239036560059 58.435718536377 58.5909118652344 58.8866806030273 59.1310195922852 59.6487846374512 60.0113105773926 60.4692192077637 60.6587448120117 61.2034339904785 61.3358497619629 61.720817565918 62.0379257202148 62.2504043579102 62.5766372680664 62.9838066101074 63.2240104675293 63.3578262329102 63.6801643371582 63.8426666259766 64.155876159668 64.1044540405273 64.4079208374023 64.8644790649414 65.5348892211914 -3.4e+38 -3.4e+38 66.1045379638672 66.2857055664062 66.4336013793945 66.6908493041992 66.9628601074219
-3.4e+38 -3.4e+38 -3.4e+38 -3.4e+38 -3.4e+38 -3.4e+38 -3.4e+38 -3.4e+38 -3.4e+38 -3.4e+38 -3.4e+38 -3.4e+38 -3.4e+38 56.7091331481934 56.8380317687988 57.2670249938965 57.6217346191406 57.9488525390625 58.6273651123047 59.0494422912598 59.1512222290039 59.3318748474121 60.0110168457031 60.3133850097656 60.6636123657227 60.768798828125 61.2257881164551 61.4753684997559 61.8532791137695 62.1724166870117 62.5018882751465 62.9388465881348 63.2353210449219 63.5305137634277 63.6675033569336 64.0955657958984 64.1765365600586 64.4670715332031 64.5182647705078 64.7367324829102 65.0362091064453 65.5579223632812 -3.4e+38 66.2671585083008 66.2917785644531 66.3838500976562 66.6503524780273 66.9893341064453 67.3916625976562
-3.4e+38 -3.4e+38 -3.4e+38 -3.4e+38 -3.4e+38 -3.4e+38 -3.4e+38 -3.4e+38 -3.4e+38 -3.4e+38 -3.4e+38 -3.4e+38 -3.4e+38 56.8405075073242 57.0584907531738 57.4809074401855 57.8691787719727 58.0845756530762 58.7920455932617 59.1324462890625 59.3629035949707 59.6371078491211 60.1421203613281 60.5041923522949 60.8307456970215 61.0798950195312 61.3734512329102 61.6989326477051 62.1383171081543 62.3994636535645 62.7533874511719 63.2410469055176 63.3195419311523 63.6985969543457 63.919132232666 64.3756332397461 64.5078506469727 64.6955261230469 64.905403137207 65.012321472168 65.2131195068359 65.8779983520508 66.1662902832031 66.6607894897461 66.7573928833008 66.8193054199219 67.1097564697266 67.2611694335938 67.6086730957031
-3.4e+38 -3.4e+38 -3.4e+38 -3.4e+38 -3.4e+38 -3.4e+38 -3.4e+38 -3.4e+38 -3.4e+38 -3.4e+38 -3.4e+38 -3.4e+38 56.8309860229492 57.0063972473145 57.3597412109375 57.653507232666 58.0012397766113 58.339225769043 58.9553642272949 59.2594909667969 59.5279273986816 59.7957305908203 60.372989654541 60.6151123046875 60.9968070983887 61.2098197937012 61.622989654541 61.778621673584 62.214241027832 62.7333335876465 63.0583343505859 63.3259735107422 63.6001930236816 63.9521713256836 64.2480316162109 64.4609832763672 64.6202163696289 64.7941436767578 65.3509750366211 65.4796600341797 65.5996475219727 66.1881103515625 -3.4e+38 66.8825302124023 67.2937850952148 67.4126815795898 67.4119033813477 67.7332382202148 67.7822570800781
-3.4e+38 -3.4e+38 -3.4e+38 -3.4e+38 -3.4e+38 -3.4e+38 -3.4e+38 -3.4e+38 -3.4e+38 -3.4e+38 -3.4e+38 -3.4e+38 -3.4e+38 57.1158828735352 57.5675773620605 57.9351081848145 58.0920944213867 58.4917945861816 59.0676345825195 59.4482727050781 59.6378860473633 59.9932250976562 60.5337104797363 60.8133201599121 61.1641273498535 61.4389762878418 61.7025413513184 61.8928337097168 62.3585319519043 62.8427276611328 63.2806739807129 63.6060676574707 63.7913780212402 64.0097503662109 64.3869705200195 64.5815353393555 65.0047454833984 65.0700378417969 65.5853424072266 65.8986434936523 65.9923553466797 66.5272445678711 66.8724822998047 67.1296005249023 67.5317077636719 67.7299728393555 67.7335052490234 67.9434509277344 68.0048980712891
-3.4e+38 -3.4e+38 -3.4e+38 -3.4e+38 -3.4e+38 -3.4e+38 -3.4e+38 -3.4e+38 -3.4e+38 -3.4e+38 -3.4e+38 -3.4e+38 57.0667266845703 57.3099555969238 57.7353248596191 58.1467170715332 58.293384552002 58.6359176635742 59.2111663818359 59.5571746826172 60.0064697265625 60.3024940490723 60.7350311279297 61.0057067871094 61.2742805480957 61.6002769470215 61.9885444641113 62.2307357788086 62.4389877319336 63.0139045715332 63.5041313171387 63.8013381958008 64.0969085693359 64.2059478759766 64.5646286010742 65.0761413574219 65.3127593994141 65.3763122558594 65.8389587402344 66.2308578491211 66.2720413208008 66.9463119506836 67.296630859375 67.5577087402344 67.7270584106445 67.9773178100586 68.2984924316406 68.3161697387695 68.3339462280273
