rcp4.5models/CNRM_CM5/sc1gr4.28
NCOLS 261 
NROWS 433 
XLLCORNER 336357.134 
YLLCORNER 654653.479 
CELLSIZE 1000 
NODATA_value -3.4e+38 
[rows 308 to 329 of 433, columns 98 to 146 of 261]
206.045364379883 209.043212890625 219.351821899414 218.65446472168 215.930694580078 213.808837890625 213.868942260742 211.680541992188 208.751586914062 214.222885131836 221.287322998047 225.86491394043 228.489837646484 232.015075683594 231.686508178711 227.652435302734 226.418121337891 220.845321655273 211.183746337891 208.763626098633 209.655685424805 210.652862548828 211.192291259766 213.328521728516 215.187606811523 216.78483581543 216.074890136719 220.311447143555 220.119400024414 214.017196655273 209.574447631836 206.894073486328 200.724487304688 189.404815673828 179.897842407227 171.39990234375 163.509536743164 169.526718139648 182.750244140625 190.090530395508 194.935699462891 196.309814453125 186.837890625 172.333023071289 171.120315551758 168.046447753906 167.534698486328 167.298965454102 164.057601928711
212.435119628906 214.304580688477 223.056488037109 221.58154296875 210.37825012207 207.477523803711 212.332336425781 217.798675537109 217.358215332031 219.075424194336 227.175323486328 233.268493652344 233.720596313477 233.906829833984 229.759140014648 223.967330932617 221.757507324219 218.299194335938 207.294876098633 204.304107666016 203.394027709961 200.336334228516 198.413528442383 196.718399047852 198.273162841797 202.583297729492 215.319793701172 216.269561767578 206.500732421875 195.501800537109 187.504928588867 192.576110839844 195.180557250977 185.577392578125 175.672836303711 169.056381225586 163.985900878906 165.366607666016 174.801239013672 180.623077392578 188.647689819336 190.028533935547 177.731979370117 168.248825073242 164.004730224609 164.424026489258 165.979583740234 165.758392333984 159.917907714844
234.005294799805 232.291458129883 233.645797729492 229.974945068359 214.987518310547 205.341430664062 204.952514648438 217.427398681641 219.991271972656 220.049209594727 229.726791381836 233.661972045898 232.881286621094 232.560821533203 227.090972900391 219.212005615234 214.744247436523 216.177734375 212.896118164062 210.205032348633 204.252563476562 195.70832824707 190.973648071289 187.722518920898 189.253601074219 195.228012084961 216.205474853516 211.563888549805 196.180862426758 183.356369018555 175.338684082031 178.672317504883 183.248916625977 180.102386474609 173.040954589844 164.955368041992 159.7568359375 162.007888793945 165.407974243164 169.652816772461 178.579376220703 192.308670043945 188.203994750977 166.611434936523 159.646499633789 162.551406860352 164.737442016602 163.259902954102 164.332565307617
250.414642333984 251.923614501953 249.025253295898 239.725936889648 223.76676940918 206.276016235352 203.764434814453 217.727188110352 224.778121948242 225.861572265625 232.23469543457 233.601745605469 231.911239624023 230.060974121094 227.118209838867 220.55305480957 212.399948120117 210.983428955078 213.396072387695 212.601715087891 206.015960693359 195.439117431641 185.927795410156 183.432525634766 193.320861816406 205.457550048828 213.504196166992 210.456848144531 199.802703857422 187.260665893555 177.744201660156 173.852966308594 173.458221435547 174.382110595703 173.591186523438 167.459228515625 159.282424926758 152.227676391602 155.089721679688 161.033187866211 171.305801391602 182.487854003906 180.754684448242 161.352645874023 155.60856628418 158.623092651367 161.646667480469 162.560119628906 169.970993041992
258.117980957031 262.009918212891 257.007568359375 244.487106323242 226.442794799805 207.589004516602 209.723739624023 222.326080322266 228.692169189453 231.174835205078 232.153732299805 231.470916748047 229.003829956055 226.247833251953 225.413284301758 219.552825927734 211.420364379883 206.037979125977 207.046966552734 207.262359619141 205.768569946289 198.244567871094 188.195022583008 187.427001953125 200.259811401367 212.728439331055 205.461059570312 205.14714050293 202.629806518555 195.432540893555 185.856307983398 179.241180419922 175.350479125977 172.920104980469 171.30354309082 169.224960327148 163.873611450195 145.230697631836 146.142608642578 154.749557495117 163.749893188477 161.384826660156 157.276260375977 152.528335571289 151.990264892578 154.836288452148 159.328567504883 165.282409667969 173.178665161133
264.873840332031 264.100463867188 259.423370361328 245.988708496094 242.962509155273 233.191955566406 233.447052001953 237.732192993164 232.748077392578 229.296417236328 225.563980102539 220.046783447266 218.084747314453 221.528457641602 217.667282104492 208.119918823242 203.779205322266 200.821197509766 197.762054443359 194.612869262695 194.430068969727 194.476303100586 189.287734985352 191.697784423828 204.341720581055 210.090759277344 197.081665039062 186.66389465332 187.610214233398 185.992553710938 186.191223144531 184.843887329102 180.157440185547 175.310012817383 169.241928100586 165.041900634766 161.964202880859 150.981155395508 144.075592041016 138.58171081543 135.979614257812 136.121139526367 142.990951538086 151.669555664062 154.836822509766 156.157745361328 157.579971313477 158.898834228516 170.291625976562
265.386505126953 265.603881835938 262.892028808594 256.454223632812 254.918731689453 249.785507202148 247.697418212891 248.808853149414 242.67073059082 231.220001220703 223.809143066406 215.910873413086 213.597686767578 218.77458190918 217.326171875 205.938690185547 200.98828125 197.310882568359 189.416778564453 184.349029541016 186.236114501953 189.106323242188 186.657485961914 187.551300048828 198.867279052734 207.278121948242 194.411926269531 185.20703125 178.087448120117 174.095031738281 176.61686706543 176.573989868164 173.237854003906 172.305740356445 169.346984863281 165.196701049805 158.887817382812 152.138900756836 150.840301513672 145.437026977539 141.251251220703 139.164443969727 144.598709106445 152.801864624023 156.270965576172 156.352188110352 155.600280761719 154.929458618164 164.584320068359
259.880493164062 261.025543212891 262.311645507812 253.072677612305 259.205993652344 257.068664550781 250.976013183594 252.185241699219 249.955215454102 236.430862426758 224.584289550781 215.223068237305 208.799072265625 212.094650268555 214.439208984375 206.190872192383 200.2509765625 192.812088012695 180.783340454102 177.117050170898 181.767593383789 186.772125244141 188.387084960938 190.267654418945 199.574493408203 205.449569702148 193.686752319336 184.865615844727 170.656723022461 164.747924804688 167.962173461914 166.014755249023 163.115570068359 164.364624023438 162.102798461914 161.001174926758 155.231536865234 152.499877929688 155.826187133789 154.483016967773 149.032669067383 145.472961425781 148.171798706055 153.579635620117 157.153213500977 156.140701293945 154.270462036133 154.719223022461 161.160751342773
252.261962890625 251.368286132812 255.115447998047 239.025817871094 250.208267211914 257.972595214844 247.618576049805 246.741653442383 253.412368774414 240.876098632812 226.144409179688 216.945816040039 209.606475830078 206.209442138672 207.272506713867 204.050765991211 197.842224121094 187.457763671875 176.176605224609 174.051727294922 176.816589355469 183.03010559082 190.08479309082 197.039779663086 203.948547363281 202.421203613281 188.636474609375 185.128982543945 174.982696533203 165.034271240234 162.530410766602 158.385040283203 156.725723266602 157.774520874023 155.862274169922 155.385375976562 152.236450195312 153.088638305664 155.589645385742 158.717071533203 156.146087646484 154.619094848633 155.922698974609 157.645111083984 157.672943115234 154.696411132812 154.397109985352 159.004165649414 168.105117797852
249.391555786133 248.185760498047 249.336853027344 234.719161987305 239.906982421875 255.355346679688 249.577590942383 240.102127075195 245.941528320312 246.175582885742 235.27522277832 221.844482421875 212.311248779297 206.502410888672 199.884338378906 200.543563842773 195.499649047852 186.187042236328 177.493789672852 173.732421875 175.50178527832 182.71061706543 189.382614135742 196.123886108398 202.065292358398 201.382568359375 188.351272583008 187.125381469727 183.052993774414 176.346755981445 169.269149780273 160.205291748047 155.076354980469 156.70524597168 154.81852722168 151.483444213867 151.509918212891 154.832565307617 155.087173461914 159.243942260742 160.10856628418 160.144378662109 160.099975585938 160.840667724609 160.042236328125 156.45671081543 156.246109008789 163.195190429688 191.095748901367
248.331344604492 246.298416137695 246.94091796875 240.054534912109 243.322677612305 254.814376831055 251.821487426758 237.928329467773 234.766876220703 243.0166015625 240.077606201172 224.822998046875 210.804122924805 206.389694213867 197.538925170898 198.310180664062 195.515579223633 187.68489074707 181.17756652832 179.054489135742 179.696426391602 186.001983642578 191.370132446289 194.324813842773 197.171600341797 200.799606323242 192.826385498047 190.045288085938 187.657150268555 185.818328857422 180.880920410156 172.190902709961 164.895050048828 164.656936645508 161.242614746094 156.738525390625 156.150924682617 159.486480712891 158.110275268555 158.817398071289 160.410552978516 160.108169555664 159.671447753906 160.446502685547 161.279937744141 161.636245727539 163.042587280273 168.359283447266 208.342864990234
248.013046264648 244.489761352539 244.812744140625 243.674652099609 240.3173828125 248.057510375977 250.658477783203 238.811294555664 228.065017700195 232.36474609375 235.3857421875 222.164749145508 207.804473876953 203.444976806641 201.95231628418 200.587020874023 195.587448120117 188.982360839844 184.397201538086 184.451873779297 184.948516845703 187.016510009766 190.597503662109 192.379348754883 193.401519775391 195.784851074219 194.152709960938 192.696823120117 190.676788330078 189.275207519531 187.17626953125 183.698669433594 180.021667480469 176.302062988281 171.722244262695 168.175354003906 165.784439086914 166.142562866211 162.760650634766 160.489883422852 160.92529296875 160.179534912109 159.890045166016 159.743850708008 159.702011108398 162.074020385742 168.220031738281 181.311065673828 212.406295776367
250.691787719727 248.808059692383 246.607940673828 244.501403808594 234.232543945312 235.918655395508 246.696487426758 243.920043945312 229.327117919922 223.339904785156 226.430297851562 217.068435668945 202.822128295898 200.529022216797 204.467651367188 202.229843139648 195.424041748047 190.331237792969 186.996139526367 187.229782104492 189.076644897461 189.491271972656 189.658172607422 190.399063110352 192.057632446289 191.427505493164 191.285614013672 192.670043945312 192.389343261719 189.549133300781 187.343963623047 186.185012817383 186.241271972656 184.614273071289 180.636337280273 176.778030395508 174.036926269531 168.59147644043 162.090209960938 159.256332397461 160.390045166016 160.620086669922 161.305450439453 161.656265258789 160.623123168945 160.329940795898 165.338836669922 185.015670776367 208.80598449707
255.391220092773 254.170288085938 250.351226806641 245.836929321289 233.888946533203 225.987121582031 236.950668334961 248.416397094727 237.737396240234 224.993927001953 222.803787231445 216.368774414062 202.530227661133 199.07341003418 200.587173461914 199.321411132812 196.305847167969 190.68733215332 188.453506469727 188.426177978516 190.664581298828 191.88606262207 191.392532348633 191.428756713867 190.744033813477 188.334350585938 188.473098754883 190.412384033203 191.078735351562 189.085998535156 187.918197631836 186.623474121094 184.094482421875 184.109893798828 184.382949829102 182.499313354492 178.220855712891 165.827072143555 159.195983886719 156.522018432617 159.190338134766 159.945602416992 161.362350463867 163.059066772461 163.522811889648 162.815841674805 165.459136962891 177.616958618164 210.956481933594
254.736068725586 255.396011352539 250.735961914062 245.324005126953 233.384872436523 222.155685424805 229.334136962891 245.852203369141 243.591491699219 234.206848144531 225.017211914062 217.661605834961 209.738494873047 202.262969970703 196.205978393555 196.59358215332 198.095443725586 195.367858886719 190.82649230957 188.242553710938 190.385925292969 192.164779663086 192.029983520508 192.1083984375 188.670318603516 184.157852172852 186.312973022461 187.118133544922 187.069747924805 187.088439941406 188.406753540039 187.53630065918 183.265380859375 182.217849731445 183.625823974609 183.915451049805 180.141235351562 167.272933959961 161.6865234375 158.017593383789 159.144668579102 159.00212097168 159.659469604492 160.891296386719 160.444931030273 160.616195678711 167.042587280273 180.018859863281 216.928558349609
245.044219970703 249.300506591797 249.970275878906 245.022964477539 235.162109375 225.593078613281 227.858642578125 236.273101806641 239.713745117188 236.494979858398 226.156051635742 213.448272705078 210.271286010742 207.677490234375 194.091781616211 194.425079345703 195.89501953125 198.35481262207 195.4267578125 190.078918457031 189.556350708008 190.798110961914 190.964126586914 190.098587036133 188.275085449219 184.039855957031 182.716690063477 184.481948852539 184.919906616211 185.747909545898 186.953826904297 186.39875793457 184.247711181641 183.731506347656 182.707260131836 182.496932983398 181.137802124023 172.228332519531 165.745132446289 160.130325317383 157.763290405273 158.431274414062 159.654388427734 159.893447875977 157.113708496094 155.689926147461 165.390396118164 184.962707519531 215.559829711914
244.50309753418 247.393585205078 250.173812866211 243.960922241211 238.12890625 227.85514831543 223.927947998047 224.150588989258 226.875564575195 229.318740844727 223.603698730469 209.708206176758 204.245040893555 209.014465332031 195.636856079102 192.598373413086 191.47265625 193.094802856445 194.643478393555 192.945434570312 190.357803344727 189.494125366211 189.792877197266 188.094223022461 185.945907592773 182.860946655273 183.118942260742 184.744659423828 185.939422607422 187.024703979492 187.778381347656 187.384063720703 185.456146240234 184.553604125977 182.727676391602 182.523956298828 182.209320068359 173.482177734375 169.126693725586 163.832977294922 159.23503112793 159.330093383789 160.045196533203 159.967910766602 159.58610534668 159.855911254883 166.583862304688 178.945938110352 213.243560791016
254.370498657227 255.765213012695 255.540405273438 247.874740600586 239.465957641602 226.166564941406 216.580718994141 211.272598266602 204.844909667969 200.605133056641 205.268829345703 213.103942871094 208.167831420898 197.311614990234 200.25927734375 197.723937988281 192.984268188477 189.487976074219 190.034927368164 190.601318359375 190.880493164062 191.104446411133 188.472579956055 183.072616577148 182.486892700195 181.643508911133 173.228805541992 178.053573608398 179.433120727539 180.117309570312 183.069122314453 184.221405029297 184.792022705078 184.668869018555 184.853744506836 183.378219604492 181.921173095703 174.375534057617 171.676025390625 169.722686767578 166.283996582031 162.868118286133 161.907562255859 161.406326293945 161.423812866211 163.139053344727 169.168731689453 176.391616821289 199.424865722656
250.689163208008 253.120254516602 251.352127075195 246.700332641602 239.579330444336 229.591888427734 218.164108276367 208.244110107422 202.393325805664 194.016174316406 194.769805908203 208.439254760742 211.591217041016 202.926986694336 192.837509155273 196.761154174805 197.858139038086 192.793716430664 188.981307983398 189.153396606445 190.276092529297 191.607879638672 191.251586914062 188.577713012695 187.243392944336 183.876037597656 170.26383972168 173.699966430664 176.082473754883 178.178115844727 183.362365722656 184.238143920898 184.515106201172 183.167526245117 181.72265625 179.521682739258 176.795257568359 167.977432250977 168.061630249023 167.753936767578 165.110382080078 163.14208984375 162.914855957031 162.268920898438 161.833908081055 162.622985839844 166.713150024414 175.346313476562 201.974197387695
247.059188842773 252.180969238281 250.08708190918 239.720672607422 231.778137207031 220.626312255859 209.992721557617 199.691131591797 196.740158081055 191.757888793945 189.053451538086 196.1416015625 204.582229614258 205.049514770508 190.050003051758 189.544708251953 196.499526977539 197.270401000977 193.289764404297 190.910736083984 190.836364746094 192.364440917969 192.952392578125 191.202102661133 189.008392333984 185.919448852539 175.377410888672 175.476196289062 178.488357543945 180.58512878418 184.785491943359 185.081405639648 184.617065429688 183.149673461914 181.463623046875 178.895202636719 174.367691040039 166.464965820312 162.840484619141 161.277481079102 160.192092895508 161.423614501953 161.721160888672 162.402114868164 162.378021240234 161.988876342773 163.615768432617 171.884994506836 202.950439453125
242.900924682617 243.62190246582 244.715209960938 234.595581054688 227.804138183594 216.712493896484 203.732070922852 190.963821411133 190.44873046875 190.456176757812 185.921997070312 186.993347167969 195.493469238281 203.819580078125 194.069458007812 187.762893676758 189.393737792969 195.057830810547 -3.4e+38 197.705032348633 195.746887207031 194.06510925293 192.071258544922 190.674240112305 189.457321166992 187.174957275391 176.95735168457 177.125137329102 180.73747253418 182.489318847656 184.102401733398 184.716461181641 184.609725952148 183.460601806641 182.683700561523 181.321807861328 177.712615966797 172.064331054688 168.398666381836 164.862121582031 160.831420898438 160.526184082031 159.141418457031 160.596099853516 162.018417358398 161.225662231445 161.201965332031 167.44255065918 200.403228759766
237.983016967773 230.302673339844 229.628173828125 224.410705566406 221.950653076172 216.976226806641 201.75309753418 184.700241088867 181.874267578125 184.943786621094 184.500030517578 185.620834350586 189.676040649414 197.242782592773 196.50749206543 191.103744506836 185.571517944336 187.010665893555 195.410186767578 -3.4e+38 -3.4e+38 197.415115356445 192.765121459961 189.17431640625 188.478515625 187.029891967773 177.519622802734 171.399826049805 174.81689453125 180.915115356445 181.912734985352 181.301239013672 180.430969238281 180.039077758789 179.83723449707 180.877731323242 180.106170654297 178.668762207031 177.978713989258 173.796127319336 167.206100463867 162.384078979492 157.0205078125 155.922027587891 159.109481811523 160.957260131836 160.300811767578 161.972061157227 185.681167602539
