rcp4.5models/CNRM_CM5/sc1gr5.13
NCOLS 261 
NROWS 433 
XLLCORNER 336357.134 
YLLCORNER 654653.479 
CELLSIZE 1000 
NODATA_value -3.4e+38 
[rows 264 to 285 of 433, columns 147 to 195 of 261]
267.00341796875 276.015380859375 271.849517822266 265.526611328125 263.935974121094 270.272918701172 280.173614501953 283.431243896484 284.262054443359 287.003784179688 288.778076171875 289.911346435547 290.247741699219 290.333221435547 290.305480957031 289.798156738281 289.365173339844 289.487091064453 289.227355957031 288.814483642578 288.733825683594 289.614959716797 288.474548339844 -3.4e+38 -3.4e+38 -3.4e+38 288.368560791016 288.106018066406 287.767181396484 287.200958251953 286.562377929688 286.359191894531 287.177337646484 287.9931640625 287.648406982422 287.907287597656 288.641082763672 289.301879882812 287.139953613281 284.650604248047 288.946258544922 289.3544921875 289.518737792969 290.005126953125 290.727966308594 290.529052734375 289.996398925781 289.589691162109 289.114868164062
271.599182128906 274.203765869141 264.692657470703 255.068542480469 254.577392578125 263.293548583984 272.196533203125 279.489624023438 283.097686767578 285.248077392578 287.645874023438 289.571380615234 290.013732910156 290.174468994141 289.966156005859 289.316650390625 289.209930419922 289.617767333984 289.099792480469 288.444061279297 288.863830566406 289.251068115234 288.764129638672 288.962066650391 -3.4e+38 288.589935302734 288.422821044922 288.082366943359 287.558532714844 286.879486083984 286.139465332031 286.388793945312 286.893463134766 287.746643066406 287.843536376953 288.022735595703 288.75439453125 287.656311035156 280.51220703125 277.465881347656 286.605560302734 289.529449462891 289.892272949219 290.405975341797 290.755310058594 290.951019287109 290.270355224609 289.648132324219 289.152770996094
269.438140869141 260.590850830078 250.15934753418 242.345855712891 241.015106201172 252.954467773438 262.014953613281 273.443664550781 281.359832763672 284.069885253906 285.030120849609 289.771942138672 289.968078613281 289.987152099609 289.707885742188 289.628082275391 289.971527099609 289.795532226562 289.759674072266 289.804748535156 289.493713378906 288.970184326172 288.563171386719 288.475433349609 -3.4e+38 288.438842773438 287.761596679688 287.290466308594 286.865966796875 286.846954345703 286.640045166016 286.048217773438 286.308166503906 288.106262207031 288.428619384766 288.510437011719 288.135894775391 288.611785888672 284.953460693359 275.043487548828 276.714813232422 286.412902832031 288.930877685547 288.445770263672 289.672943115234 290.616149902344 290.040069580078 289.611572265625 289.680572509766
264.615173339844 259.704620361328 247.022888183594 235.977111816406 231.422317504883 242.474853515625 252.067367553711 266.423156738281 275.405792236328 281.157897949219 283.7109375 289.631622314453 289.820648193359 289.909576416016 289.914459228516 289.956817626953 289.833312988281 289.625274658203 289.674743652344 289.453094482422 289.455718994141 288.802185058594 288.134124755859 288.042083740234 288.809722900391 -3.4e+38 287.696594238281 287.383056640625 287.136688232422 287.176788330078 286.503051757812 286.099670410156 286.292602539062 287.583251953125 287.955841064453 288.370819091797 287.855133056641 288.186279296875 285.161224365234 274.3544921875 273.011962890625 283.960784912109 288.590637207031 288.421875 289.856536865234 290.353088378906 289.714935302734 288.427337646484 289.336242675781
254.33512878418 250.575256347656 244.664306640625 232.746704101562 228.192443847656 236.059783935547 241.768707275391 254.860137939453 265.357513427734 275.281311035156 282.600677490234 289.239868164062 289.668121337891 -3.4e+38 290.045837402344 289.843109130859 288.013793945312 286.290832519531 289.228363037109 288.859832763672 288.460571289062 287.899871826172 287.826873779297 287.918090820312 288.478729248047 -3.4e+38 288.093627929688 287.936767578125 287.544342041016 287.504455566406 286.781921386719 286.225921630859 286.397155761719 287.494689941406 287.987518310547 288.210388183594 287.860900878906 288.250640869141 287.012329101562 281.419036865234 280.261383056641 285.506225585938 288.45751953125 289.313537597656 289.706817626953 290.163848876953 289.628295898438 288.521942138672 289.480255126953
241.594757080078 231.64469909668 234.359298706055 233.9794921875 236.993133544922 240.270797729492 240.392349243164 244.242950439453 255.409561157227 271.017242431641 280.950103759766 288.889068603516 289.609802246094 289.972686767578 289.882232666016 289.113220214844 286.304748535156 285.070831298828 289.078826904297 288.691925048828 287.225128173828 287.406311035156 287.787658691406 288.040008544922 288.585388183594 288.671112060547 288.374420166016 287.247131347656 286.173431396484 287.112823486328 287.138397216797 286.357849121094 286.360412597656 287.515716552734 287.686828613281 287.746276855469 287.600128173828 287.873504638672 288.248687744141 287.757080078125 287.455444335938 287.237213134766 288.177154541016 288.866363525391 288.908020019531 289.945922851562 289.058471679688 289.208251953125 289.753723144531
227.363296508789 218.651458740234 225.198333740234 239.228134155273 246.104827880859 250.222442626953 250.338592529297 246.210784912109 250.599304199219 266.430603027344 278.229553222656 288.698425292969 289.244750976562 289.861602783203 289.865051269531 289.164886474609 287.5478515625 287.475524902344 288.89990234375 288.548645019531 287.354431152344 287.686126708984 288.071441650391 288.155578613281 288.281860351562 288.460632324219 288.301422119141 286.687072753906 285.519714355469 286.209228515625 286.848571777344 286.22412109375 286.414733886719 286.809478759766 287.004364013672 287.350860595703 287.285278320312 287.482574462891 288.168151855469 288.268493652344 287.311553955078 286.539794921875 287.166442871094 288.200225830078 288.700531005859 289.331481933594 288.332794189453 288.981109619141 289.950958251953
218.819046020508 219.367889404297 226.290267944336 244.960647583008 249.6259765625 257.284332275391 260.164123535156 258.112884521484 258.261993408203 267.938812255859 280.058258056641 288.275665283203 289.009643554688 289.757476806641 -3.4e+38 289.549560546875 287.948974609375 286.220123291016 288.641632080078 288.441955566406 288.180328369141 288.381439208984 288.468017578125 288.315399169922 287.978820800781 288.374938964844 288.334320068359 287.781860351562 287.101440429688 286.164245605469 286.234527587891 286.107299804688 286.398773193359 286.463775634766 286.447021484375 286.965667724609 287.460021972656 287.817687988281 288.126220703125 287.936859130859 286.893615722656 286.424896240234 287.072204589844 288.3515625 288.782928466797 288.682891845703 288.378234863281 289.198822021484 290.220581054688
225.789642333984 232.326782226562 239.249786376953 250.819747924805 253.308670043945 260.479858398438 264.709838867188 265.857208251953 269.18798828125 276.179992675781 283.623992919922 287.696990966797 289.243927001953 289.675689697266 289.705657958984 289.623626708984 287.537750244141 285.332489013672 288.933990478516 288.845611572266 288.825653076172 289.120635986328 288.946563720703 288.627624511719 288.087280273438 288.196563720703 288.231048583984 288.347320556641 288.020080566406 287.266357421875 286.905151367188 286.59814453125 286.658416748047 286.528442382812 285.956665039062 286.761474609375 287.533081054688 287.817565917969 288.102447509766 287.794403076172 286.818115234375 286.490142822266 286.810638427734 287.676696777344 287.873291015625 288.15478515625 288.642364501953 289.505493164062 289.644927978516
238.316925048828 244.429229736328 251.751281738281 256.359954833984 257.870422363281 261.59228515625 265.361175537109 267.054565429688 273.975708007812 281.447418212891 285.800598144531 288.502655029297 289.462127685547 289.65576171875 289.732757568359 289.639495849609 288.624328613281 -3.4e+38 -3.4e+38 -3.4e+38 -3.4e+38 289.306823730469 289.106170654297 288.735504150391 287.933502197266 287.671478271484 287.885772705078 287.58837890625 287.646820068359 287.759338378906 287.933410644531 287.477783203125 287.066314697266 286.221801757812 285.57373046875 286.088256835938 286.648651123047 287.021240234375 287.810668945312 287.811950683594 286.800231933594 285.258056640625 282.719207763672 282.477783203125 286.024108886719 287.359558105469 288.254943847656 289.201202392578 288.587249755859
246.1396484375 250.993545532227 256.550415039062 259.116851806641 259.292572021484 259.554077148438 261.092407226562 266.021087646484 277.531982421875 284.670379638672 287.586334228516 289.233673095703 289.377746582031 289.482788085938 289.47998046875 289.397308349609 289.226135253906 288.833587646484 288.965545654297 289.519409179688 289.060729980469 288.734680175781 288.943939208984 288.624542236328 287.949951171875 287.378723144531 287.410919189453 286.949981689453 286.597473144531 286.859344482422 287.594177246094 287.719604492188 287.297576904297 285.794464111328 284.695190429688 285.238861083984 285.80859375 286.6591796875 287.659149169922 287.710052490234 286.661163330078 284.561981201172 280.540130615234 280.8232421875 284.905120849609 287.139862060547 288.127624511719 288.234283447266 287.652954101562
243.244186401367 250.035491943359 253.091491699219 258.045684814453 259.575561523438 256.843322753906 255.609176635742 264.781341552734 278.029174804688 284.598815917969 286.839233398438 288.649200439453 288.666412353516 289.097930908203 289.35498046875 289.40673828125 289.234893798828 288.608520507812 287.907623291016 288.253601074219 288.062622070312 287.684997558594 288.579895019531 288.401092529297 287.916870117188 287.141052246094 286.881774902344 286.995788574219 286.618927001953 286.461334228516 286.647491455078 287.241577148438 287.382293701172 285.798248291016 284.493408203125 285.24462890625 286.088317871094 286.747680664062 287.292144775391 287.223083496094 286.961547851562 285.072479248047 282.211700439453 283.193145751953 285.598114013672 287.911773681641 288.3203125 287.698638916016 288.0439453125
232.989669799805 240.382293701172 246.21858215332 254.974624633789 256.989440917969 252.249557495117 251.006866455078 261.075042724609 272.891296386719 279.468078613281 281.032073974609 283.111175537109 281.866882324219 288.594146728516 289.439819335938 289.433868408203 289.318969726562 288.664367675781 287.588134765625 287.889984130859 287.820068359375 287.386169433594 287.905517578125 288.242614746094 287.873809814453 287.016448974609 286.585540771484 286.750854492188 286.552276611328 286.153869628906 285.762451171875 286.648010253906 287.201080322266 285.885528564453 283.982116699219 282.926849365234 285.504028320312 286.689636230469 286.328735351562 286.27685546875 286.919860839844 286.129425048828 284.128112792969 283.386779785156 286.148956298828 287.920257568359 287.772857666016 288.204223632812 288.93798828125
222.918502807617 234.945922851562 246.915664672852 253.258560180664 251.472457885742 245.829879760742 246.542510986328 255.007659912109 264.164215087891 268.834655761719 273.068664550781 278.569763183594 277.135589599609 287.610198974609 289.297912597656 289.29638671875 289.291412353516 289.131500244141 288.466888427734 -3.4e+38 288.09228515625 287.608489990234 287.744018554688 287.924957275391 287.929351806641 287.024108886719 286.255096435547 286.209564208984 286.075958251953 285.979644775391 285.892883300781 286.40185546875 286.835632324219 285.601379394531 284.032623291016 283.172821044922 285.051696777344 285.028594970703 285.258911132812 285.746673583984 286.615356445312 286.679046630859 285.518951416016 283.795349121094 284.261291503906 287.185485839844 287.185699462891 288.304412841797 289.613403320312
218.611862182617 235.748291015625 246.871841430664 245.401550292969 242.132186889648 240.351715087891 240.191284179688 244.220138549805 246.074920654297 244.427398681641 255.111557006836 272.367462158203 279.704254150391 287.067810058594 288.947143554688 289.337554931641 289.221099853516 289.045318603516 289.249786376953 289.04638671875 288.692108154297 288.306274414062 287.441436767578 287.506652832031 287.429534912109 286.955383300781 286.400451660156 285.663879394531 285.293731689453 285.626190185547 285.597778320312 285.566772460938 285.854797363281 285.750885009766 284.228424072266 285.292816162109 284.917175292969 283.295562744141 284.273742675781 285.074401855469 286.209411621094 286.548645019531 286.244476318359 285.098449707031 279.733795166016 262.184967041016 272.207061767578 286.115570068359 288.730712890625
227.412078857422 237.407363891602 249.217239379883 249.023834228516 247.903213500977 247.275619506836 244.149444580078 245.698120117188 247.549789428711 248.549011230469 251.384307861328 272.135711669922 283.032653808594 287.224548339844 288.893585205078 289.332946777344 289.421661376953 289.302703857422 289.244384765625 288.925872802734 -3.4e+38 288.335815429688 287.731018066406 287.506774902344 287.101013183594 286.408752441406 285.924713134766 285.482238769531 285.2314453125 284.938110351562 284.704925537109 284.120330810547 284.312469482422 285.856872558594 284.213714599609 284.579223632812 284.686279296875 283.649444580078 282.613494873047 283.666290283203 286.125915527344 286.190460205078 285.590484619141 284.767547607422 280.731903076172 257.166534423828 268.639709472656 286.515106201172 288.473022460938
238.784469604492 243.177597045898 253.031707763672 255.655426025391 252.605575561523 248.894805908203 245.981262207031 247.060302734375 245.634338378906 248.194473266602 247.415222167969 270.039672851562 283.304382324219 286.917785644531 288.582824707031 289.140380859375 289.556213378906 289.328765869141 288.621002197266 288.341064453125 -3.4e+38 288.058227539062 287.435424804688 286.941375732422 286.710327148438 286.315521240234 285.804870605469 285.453704833984 284.888092041016 284.400085449219 283.748809814453 283.323425292969 283.905151367188 285.895355224609 284.474487304688 283.597198486328 283.833312988281 283.314758300781 282.672668457031 283.569366455078 286.072631835938 286.144775390625 285.269561767578 284.720733642578 282.477447509766 262.811614990234 267.836791992188 286.199310302734 288.0380859375
245.255126953125 251.557510375977 258.629638671875 258.226135253906 254.222457885742 248.841094970703 246.766555786133 248.768432617188 240.96159362793 242.892349243164 240.246383666992 267.619812011719 280.444183349609 285.955780029297 288.230224609375 288.919158935547 289.389038085938 289.079559326172 288.720428466797 288.432067871094 287.906311035156 287.678009033203 287.124328613281 287.004364013672 287.040191650391 286.747924804688 285.938995361328 285.272827148438 284.537963867188 284.219879150391 283.518951416016 283.575164794922 284.300109863281 285.696868896484 284.764892578125 283.547424316406 283.639709472656 283.974731445312 284.707275390625 285.270080566406 285.913360595703 285.811370849609 285.260894775391 284.464721679688 282.122253417969 270.182739257812 269.919860839844 285.743499755859 287.601165771484
249.713653564453 259.429534912109 262.311279296875 258.946014404297 253.639190673828 246.925827026367 250.354568481445 252.288314819336 241.908645629883 242.983444213867 242.992752075195 267.066314697266 278.338470458984 283.331604003906 287.663848876953 288.556549072266 289.086242675781 289.001586914062 289.080474853516 288.775726318359 288.179779052734 287.865478515625 287.226257324219 286.488922119141 284.946746826172 286.126831054688 286.3076171875 284.860290527344 283.888763427734 284.501373291016 283.955474853516 283.573608398438 284.267456054688 285.501800537109 285.32421875 284.24072265625 283.855438232422 284.040588378906 285.029754638672 285.132354736328 285.243865966797 285.593444824219 285.339324951172 281.966888427734 274.024200439453 274.449676513672 278.465637207031 286.424407958984 287.30322265625
250.954498291016 263.149200439453 264.429992675781 258.490570068359 250.400024414062 245.876602172852 255.686477661133 256.597778320312 245.559494018555 244.748138427734 248.548950195312 264.06787109375 276.116333007812 279.291046142578 286.256744384766 288.345489501953 288.983001708984 289.116302490234 289.161315917969 288.620361328125 -3.4e+38 -3.4e+38 287.350036621094 286.364135742188 284.584075927734 285.615600585938 286.202575683594 285.464904785156 284.571533203125 284.708679199219 283.489074707031 283.555023193359 284.131103515625 284.963775634766 285.188385009766 283.790985107422 282.476196289062 284.051513671875 284.6865234375 284.511108398438 284.461944580078 285.372344970703 285.292938232422 279.830902099609 268.764007568359 278.737365722656 281.688201904297 284.790954589844 287.156555175781
250.916763305664 264.251678466797 263.92626953125 257.003051757812 250.137329101562 250.104675292969 260.22412109375 259.883148193359 245.938461303711 244.103607177734 252.604019165039 260.067901611328 273.154083251953 276.684051513672 284.825988769531 287.914428710938 288.923919677734 289.200561523438 287.842590332031 285.076507568359 286.136260986328 287.890777587891 287.515106201172 287.231964111328 286.484130859375 285.903076171875 285.745941162109 -3.4e+38 285.601470947266 284.720520019531 283.207244873047 283.112091064453 283.803344726562 284.266174316406 284.810943603516 283.108551025391 280.412536621094 283.464965820312 284.291107177734 283.796936035156 283.563934326172 285.001220703125 285.323028564453 281.420166015625 275.023651123047 280.438232421875 276.183166503906 278.1015625 286.084899902344
257.5595703125 267.789581298828 263.100646972656 255.472290039062 250.683288574219 253.994918823242 264.698333740234 262.912933349609 246.969268798828 245.629638671875 255.518493652344 262.592681884766 270.290710449219 271.519287109375 281.9853515625 287.053527832031 288.529541015625 289.028625488281 287.082702636719 283.153778076172 284.811462402344 286.801940917969 -3.4e+38 286.795532226562 285.996826171875 285.419250488281 285.277404785156 285.601989746094 -3.4e+38 284.865173339844 283.543670654297 281.956024169922 282.988220214844 283.339691162109 284.281677246094 283.716766357422 281.17431640625 282.347564697266 283.756225585938 282.562591552734 281.799835205078 284.054870605469 285.069152832031 283.673034667969 281.855804443359 279.640991210938 272.990325927734 275.414184570312 284.443634033203
