rcp4.5models/CNRM_CM5/sc1gr8.17
NCOLS 261 
NROWS 433 
XLLCORNER 336357.134 
YLLCORNER 654653.479 
CELLSIZE 1000 
NODATA_value -3.4e+38 
[rows 264 to 285 of 433, columns 147 to 195 of 261]
78.2132339477539 64.9266052246094 72.8079833984375 82.1548538208008 83.8776168823242 75.5160522460938 57.7961082458496 49.2457237243652 47.3499755859375 43.4385604858398 41.141056060791 39.850284576416 39.5104331970215 39.2956848144531 39.3560943603516 39.8251152038574 40.3271408081055 40.4402389526367 40.9750137329102 41.6123428344727 42.2742118835449 41.93212890625 43.3912353515625 -3.4e+38 -3.4e+38 -3.4e+38 45.715404510498 46.7683296203613 47.7955627441406 49.3060607910156 50.7925262451172 51.5017700195312 51.6862945556641 52.6923675537109 53.8635292053223 54.6543769836426 54.9203605651855 55.607105255127 58.7478790283203 61.9684829711914 59.5298614501953 60.6255111694336 61.6551094055176 62.7312088012695 63.7444343566895 66.5792846679688 68.3881225585938 69.9426498413086 71.5083160400391
73.7540893554688 70.1834945678711 83.3817443847656 85.0502471923828 85.450569152832 86.3015899658203 75.0739059448242 57.1744918823242 48.8079223632812 45.3097457885742 41.9360885620117 39.5196342468262 39.1088104248047 38.7053680419922 38.8042984008789 39.4192428588867 39.6485443115234 39.6107902526855 40.3828277587891 41.2835960388184 41.3021392822266 41.4301261901855 42.3368949890137 42.7625274658203 -3.4e+38 44.0016288757324 44.7388725280762 46.0790786743164 47.3765296936035 48.784740447998 50.2604675292969 50.675106048584 51.0912322998047 52.2276268005371 53.1550331115723 53.7655372619629 53.9265022277832 56.3205757141113 64.4315567016602 68.4663772583008 60.5675354003906 59.4795722961426 60.4923210144043 61.5600662231445 62.7276153564453 65.4576263427734 67.1869049072266 68.822639465332 70.3301010131836
83.1113815307617 90.047119140625 85.9610061645508 83.4496231079102 82.24462890625 85.3706817626953 86.425895690918 73.8539962768555 52.5405616760254 46.1994438171387 44.1799049377441 38.0252418518066 37.6099281311035 37.5536460876465 37.7264518737793 37.9217796325684 37.5780982971191 37.8521957397461 38.1515617370605 38.6010971069336 39.3242454528809 40.1521949768066 41.1388969421387 41.837963104248 -3.4e+38 42.6117782592773 44.1586532592773 45.3410301208496 46.5793342590332 47.3043212890625 48.0919036865234 49.3185081481934 49.9250984191895 49.9778747558594 50.5471153259277 51.2839164733887 52.6099014282227 53.3446311950684 58.6089477539062 70.3062057495117 69.2185668945312 59.9925422668457 59.2218704223633 60.6947288513184 61.237003326416 63.4870567321777 65.244873046875 66.8447723388672 67.8466262817383
91.0145111083984 91.4490432739258 85.8993301391602 77.4990768432617 67.7660217285156 81.0603637695312 85.6824645996094 85.9982070922852 69.5463027954102 53.4917068481445 46.6280708312988 37.5398178100586 37.0326728820801 36.8254203796387 36.7804870605469 36.9025993347168 36.9764175415039 37.2526473999023 37.3942489624023 38.0294990539551 38.4760932922363 39.5282173156738 40.6591720581055 41.3266830444336 41.0516128540039 -3.4e+38 43.403980255127 44.2349166870117 45.2320022583008 45.9113655090332 47.3166198730469 48.3760528564453 48.8733711242676 49.5361824035645 50.0049018859863 50.4465637207031 51.9593658447266 52.6280288696289 57.602840423584 70.5299682617188 72.4970321655273 61.2394180297852 58.6240234375 59.774486541748 60.1587257385254 62.635986328125 64.3838577270508 66.3186187744141 67.0261764526367
91.8590316772461 90.7525100708008 86.1794586181641 75.1136856079102 63.8289642333984 79.133171081543 80.6240234375 87.9663009643555 86.7939529418945 71.1082077026367 50.3429298400879 37.163875579834 36.4527969360352 -3.4e+38 35.9692649841309 36.2112922668457 39.1059951782227 42.143497467041 37.0741500854492 37.6303825378418 38.3993225097656 39.5276336669922 40.1189155578613 40.7392883300781 40.5503959655762 -3.4e+38 41.9551544189453 42.7475166320801 43.8408546447754 44.6463584899902 46.175350189209 47.2827758789062 47.8589820861816 48.7671775817871 49.1434631347656 49.7997245788574 51.2649345397949 51.7798233032227 54.3409576416016 61.3984031677246 63.8514366149902 58.833869934082 57.6091194152832 58.1163635253906 59.1874008178711 61.674129486084 63.2536926269531 65.1667022705078 65.875373840332
82.5663757324219 69.832878112793 75.3239135742188 80.2223968505859 78.236686706543 81.4047012329102 79.3721694946289 82.1186828613281 88.3090286254883 84.2107543945312 54.9908981323242 36.9486923217773 35.8872375488281 35.3903770446777 35.3983612060547 36.2390174865723 40.3992500305176 42.6484718322754 36.4053497314453 37.1867599487305 38.8829193115234 39.1438140869141 39.4455528259277 39.8634643554688 39.7638359069824 39.9497489929199 40.8389854431152 42.9468231201172 45.1030120849609 44.193775177002 44.8265571594238 46.2880516052246 47.1412124633789 47.7950782775879 48.5099258422852 49.2646827697754 50.4414100646973 51.3286819458008 52.1255836486816 53.4960670471191 54.9667015075684 56.0488662719727 56.6590309143066 57.3665809631348 58.5748596191406 60.7052192687988 62.2726936340332 63.6754608154297 64.6836166381836
62.9702453613281 48.5842514038086 62.2766189575195 84.5552062988281 86.0244750976562 88.2439575195312 88.3861465454102 83.9321517944336 85.9955291748047 88.3452606201172 62.8028221130371 36.4101982116699 35.5125350952148 34.7753562927246 34.7733840942383 35.3425445556641 37.2380981445312 37.4771766662598 35.9171524047852 36.6458969116211 38.0585861206055 38.0798034667969 38.2909889221191 38.637264251709 38.9851951599121 39.3384056091309 40.066535949707 42.4962844848633 44.771671295166 44.2149963378906 44.0780601501465 45.6942024230957 46.223030090332 47.3645820617676 48.189640045166 48.8534851074219 49.6296081542969 50.5793991088867 51.2490272521973 52.0583648681641 54.0750579833984 55.7504043579102 56.3872451782227 56.9243812561035 57.8643646240234 59.9385414123535 61.6715965270996 62.639087677002 63.5022964477539
50.8136558532715 50.5399742126465 59.9269599914551 86.3918685913086 88.2239608764648 96.2672882080078 100.124717712402 96.6447372436523 95.0320816040039 86.181022644043 56.0436401367188 35.973217010498 35.0329551696777 34.1560554504395 -3.4e+38 33.8891105651855 36.5133781433105 39.6294021606445 35.3060569763184 35.5764579772949 36.2905960083008 36.5416450500488 36.9268646240234 37.4854164123535 38.2801170349121 38.4386405944824 39.1177825927734 40.1787414550781 41.4960250854492 43.241325378418 43.7071304321289 44.7645149230957 45.1361351013184 46.860279083252 47.9119491577148 48.2065544128418 48.5124053955078 49.1466598510742 50.0144996643066 51.304874420166 53.375358581543 54.8718681335449 55.3067321777344 55.8491744995117 56.7984580993652 59.2121429443359 60.5676155090332 61.3574142456055 62.0281944274902
69.7742538452148 73.9853591918945 76.007942199707 90.303466796875 93.6816329956055 102.682220458984 106.683700561523 104.417411804199 94.5169143676758 69.412841796875 44.4234733581543 36.0464820861816 34.1316757202148 33.4574203491211 33.1442489624023 33.0033721923828 36.3432159423828 40.1011505126953 34.0933380126953 34.1749534606934 34.5799674987793 34.7370681762695 35.5929298400879 36.3571472167969 37.1943550109863 37.6915740966797 38.2624969482422 38.7193641662598 39.6896286010742 41.1095123291016 42.2789154052734 43.2799644470215 43.819221496582 45.8879241943359 47.5235481262207 47.3771095275879 47.5874443054199 48.1718559265137 49.0456161499023 50.5484962463379 52.3643455505371 53.7894554138184 54.725887298584 55.3667945861816 56.2314109802246 58.4918212890625 59.3431816101074 59.9866905212402 61.2166633605957
88.9371643066406 90.9647979736328 93.7021713256836 98.599723815918 101.284591674805 106.358963012695 109.45191192627 102.90795135498 79.7385406494141 51.4714088439941 39.9546394348145 34.5500221252441 33.1074905395508 32.6339645385742 32.2711639404297 32.1343727111816 33.4929084777832 -3.4e+38 -3.4e+38 -3.4e+38 -3.4e+38 33.5857810974121 34.6793670654297 35.3788986206055 36.4556846618652 37.4913749694824 37.8219451904297 38.4524345397949 39.053394317627 39.7878036499023 40.434684753418 41.5564994812012 42.437385559082 45.1189193725586 46.9222755432129 47.2632713317871 47.6451568603516 48.1915397644043 48.3996162414551 49.5695190429688 51.5299949645996 54.1024589538574 58.1396751403809 59.7282485961914 56.5387153625488 57.9789733886719 58.456787109375 59.0021057128906 60.6581878662109
91.1140365600586 94.0850143432617 101.085899353027 105.995956420898 106.250961303711 104.698600769043 105.620384216309 98.1891937255859 66.6394348144531 42.3914260864258 36.0895843505859 32.8807716369629 32.3274536132812 31.8297061920166 31.4377193450928 31.3449306488037 31.667350769043 32.3300094604492 32.4416007995605 32.2316970825195 32.7743644714355 33.2627716064453 33.9554290771484 34.6270141601562 35.8281669616699 37.0465278625488 37.3826560974121 38.1346778869629 39.1009979248047 39.8395652770996 39.8113327026367 40.1992111206055 41.3613471984863 44.8222312927246 46.9740295410156 47.1569671630859 47.4634475708008 47.6954307556152 47.6905403137207 48.7683753967285 50.5868759155273 53.8017654418945 59.4171180725098 60.0071830749512 56.5389785766602 56.9287033081055 57.3522415161133 58.4093933105469 60.0542144775391
91.6355819702148 92.8814468383789 97.8774108886719 105.456954956055 108.684638977051 101.51033782959 97.4114456176758 95.8220520019531 65.8775863647461 42.5397033691406 36.6532745361328 32.8495101928711 32.1650428771973 31.1439609527588 30.6564121246338 30.5650596618652 30.8562755584717 31.8209285736084 32.7696304321289 32.5774917602539 32.6850166320801 33.4032211303711 33.3801803588867 33.9074974060059 34.9979934692383 36.3539733886719 37.0160865783691 37.4364471435547 38.5322189331055 39.3772735595703 39.8080177307129 39.6697387695312 40.4552955627441 43.8760681152344 46.191291809082 46.121452331543 46.1220550537109 46.3362731933594 46.919563293457 48.1176490783691 49.2492828369141 51.9969100952148 56.1339912414551 56.1002883911133 54.7758979797363 55.3189735412598 56.2207984924316 57.6524658203125 58.8596153259277
83.104362487793 88.4178085327148 91.1920776367188 99.2368927001953 103.285377502441 93.8037261962891 90.9191207885742 100.302604675293 87.3003921508789 58.5594711303711 53.265510559082 47.9875602722168 54.3766784667969 30.9416065216064 29.9297714233398 29.92360496521 30.1385383605957 31.0502948760986 32.2900886535645 32.2356567382812 32.3225326538086 33.0332641601562 33.1853523254395 33.276611328125 34.1530570983887 35.5263710021973 36.4744338989258 36.8690185546875 37.6659812927246 38.7885665893555 39.9305381774902 39.3486824035645 39.494686126709 42.6766777038574 46.0571975708008 48.696605682373 45.7237396240234 45.3022651672363 46.564884185791 47.5594596862793 48.2382011413574 49.8984260559082 52.8984985351562 54.8904113769531 53.074291229248 54.3294448852539 55.521312713623 56.4003715515137 57.1769866943359
65.8134765625 83.8670806884766 91.2376937866211 95.7115325927734 92.9818496704102 85.4975051879883 85.5999984741211 98.0087890625 105.623382568359 92.2631072998047 84.0091323852539 59.8389091491699 69.4807891845703 31.8942985534668 29.3915882110596 29.2855548858643 29.389404296875 29.8683395385742 30.7167415618896 -3.4e+38 31.2916488647461 32.0055923461914 32.5323295593262 32.6590843200684 33.3219757080078 34.6378021240234 35.8688201904297 36.5985145568848 37.2271995544434 38.0212249755859 38.6454162597656 38.598030090332 38.8801956176758 41.9558982849121 44.926155090332 47.1331558227539 45.152702331543 46.159912109375 46.5076065063477 47.0918006896973 47.3600845336914 48.2895812988281 50.4651336669922 53.3731689453125 53.9826812744141 53.8572158813477 54.8127059936523 55.2888488769531 55.6448631286621
58.7597923278809 83.1354675292969 89.3852386474609 86.9381942749023 84.335823059082 82.4069290161133 80.7908782958984 81.5235290527344 81.634651184082 80.9934158325195 90.9837875366211 89.5485305786133 56.2330589294434 31.4991397857666 28.7194385528564 28.2757968902588 28.4531841278076 28.6049461364746 28.7415466308594 29.1134853363037 29.4057464599609 29.7999382019043 31.0177001953125 31.4901866912842 32.0826568603516 32.9462852478027 34.246223449707 35.5665664672852 36.3111953735352 36.7775268554688 37.0049896240234 37.7962875366211 38.3213272094727 40.0593795776367 42.7004737854004 41.9998626708984 43.5225639343262 46.3626289367676 45.7622146606445 45.6375503540039 45.6032485961914 46.2758560180664 47.5858345031738 49.8947982788086 57.3820571899414 72.7214050292969 67.3304824829102 54.7131462097168 54.1949081420898
74.3573150634766 84.8708343505859 92.0426712036133 93.5455093383789 90.6674270629883 86.6768035888672 82.1108551025391 81.6576766967773 82.507453918457 84.0421829223633 88.3957977294922 93.4949035644531 43.0364761352539 30.8295707702637 28.5304050445557 27.9234886169434 27.9126071929932 27.9674701690674 28.0464324951172 28.3878402709961 -3.4e+38 29.0985317230225 29.9577484130859 30.6616821289062 31.7228240966797 32.752799987793 33.5485191345215 34.6989631652832 35.7924385070801 36.7865257263184 37.5236053466797 38.8013000488281 39.4052886962891 38.8339080810547 41.4395637512207 41.6478042602539 42.2471046447754 44.4230613708496 47.0842170715332 46.8252487182617 44.9163665771484 45.5759162902832 47.1016044616699 49.026439666748 55.1153259277344 72.8812713623047 67.9495697021484 53.324836730957 53.1776924133301
89.6966857910156 90.3145294189453 100.350173950195 105.86400604248 95.5587615966797 87.8908920288086 83.1071548461914 83.0725479125977 80.8996963500977 83.1546325683594 82.4408645629883 90.4298324584961 39.2608451843262 30.7976760864258 28.36301612854 27.6266307830811 27.3449783325195 27.4202461242676 27.838529586792 28.0165405273438 -3.4e+38 28.6677398681641 29.7490730285645 30.4451847076416 31.1478595733643 31.8840942382812 32.705135345459 33.7647399902344 35.3653411865234 36.5505027770996 37.8611106872559 39.0628547668457 39.0269508361816 37.4681549072266 39.9300994873047 42.1961784362793 42.4619903564453 44.0584182739258 45.842212677002 45.8330307006836 43.865104675293 44.8121604919434 46.508415222168 48.0648422241211 51.9167251586914 71.5829391479492 67.3195343017578 52.4548759460449 52.2265739440918
90.7186050415039 102.026336669922 120.915634155273 117.305816650391 101.626235961914 89.1031112670898 86.2673034667969 89.938102722168 76.7364349365234 76.6522598266602 73.694953918457 96.4055023193359 48.3390274047852 31.9584693908691 28.2696285247803 27.4406986236572 27.0031909942627 26.9348449707031 27.3378429412842 27.456563949585 27.734302520752 28.1648483276367 29.357063293457 29.7351856231689 29.9040546417236 30.4063148498535 31.7900447845459 33.3543510437012 34.8049240112305 35.6996841430664 37.0073547363281 37.7167854309082 37.5152320861816 36.6230010986328 38.587028503418 41.236198425293 41.8204650878906 42.4220504760742 42.125560760498 42.5827674865723 42.8428421020508 43.7851715087891 45.492431640625 47.4325065612793 51.1893119812012 67.0404510498047 66.2092361450195 51.8020439147949 51.3325843811035
99.9425735473633 130.093124389648 140.554306030273 122.091278076172 103.710540771484 87.0685806274414 92.9583740234375 99.6176681518555 76.6756210327148 76.4040374755859 75.6478576660156 99.6697387695312 57.1080780029297 39.530704498291 28.5558414459229 27.3929767608643 26.7001304626465 26.4302845001221 26.5387306213379 26.6973171234131 26.9702682495117 27.4437484741211 28.2755432128906 29.940013885498 32.2762832641602 30.3304691314697 30.5562381744385 32.8679847717285 34.6769523620605 34.1268997192383 35.535457611084 36.8405494689941 36.5422592163086 36.0686836242676 37.0401077270508 39.102611541748 40.6151428222656 41.3079566955566 40.9370880126953 41.9521255493164 42.5916442871094 42.9335594177246 44.3484191894531 49.9473762512207 61.0259742736816 61.7981338500977 57.4563522338867 50.1835060119629 50.5686836242676
105.955940246582 145.291320800781 147.993713378906 123.11979675293 95.1437835693359 85.3237686157227 106.590957641602 113.167945861816 79.263313293457 77.5244369506836 80.5239028930664 92.5005111694336 68.0883712768555 55.7200775146484 29.6652889251709 27.2177028656006 26.2906665802002 26.0445766448975 25.9218273162842 26.1997261047363 -3.4e+38 -3.4e+38 27.4624443054199 29.2779178619385 31.8477058410645 30.0600395202637 29.7762031555176 31.0864219665527 32.882266998291 33.2308731079102 35.2067070007324 35.9932022094727 35.7367362976074 35.7926025390625 36.3388290405273 38.9945030212402 41.9467124938965 40.1523056030273 40.3826103210449 41.6105194091797 42.4146575927734 42.6028213500977 43.4165840148926 51.9291191101074 67.7280883789062 55.3048896789551 52.6375732421875 50.6442451477051 49.6718139648438
110.336624145508 156.897476196289 149.836990356445 116.120307922363 90.2381591796875 93.1532135009766 123.785079956055 124.0107421875 79.8494873046875 78.3342132568359 88.9826202392578 88.9289703369141 86.7146759033203 66.6040496826172 30.9587783813477 26.9984970092773 25.8958854675293 25.615255355835 27.3111610412598 30.3782730102539 27.7434043884277 25.9873962402344 26.5746612548828 27.1909217834473 28.002592086792 28.8370609283447 29.4294395446777 -3.4e+38 30.6404438018799 32.4137878417969 34.5831832885742 35.4666938781738 35.4321365356445 35.8090324401855 35.8007621765137 39.2093391418457 44.5109443664551 40.1361274719238 39.9088325500488 41.258186340332 42.2411499023438 42.1345558166504 42.5745048522949 48.5616111755371 58.3368911743164 51.7123641967773 58.2304267883301 56.9165802001953 49.3809242248535
119.495239257812 149.789672851562 150.503311157227 108.599884033203 89.5720443725586 104.536628723145 134.251449584961 111.467727661133 80.5559387207031 81.0408630371094 96.5176086425781 102.339500427246 97.5843887329102 81.7671508789062 39.5533866882324 26.8986282348633 25.6446228027344 25.150297164917 27.4510154724121 31.6900043487549 28.6042747497559 26.1351680755615 -3.4e+38 26.6344928741455 27.3844985961914 28.5027866363525 29.1075801849365 29.1773357391357 -3.4e+38 31.2587089538574 33.7407569885254 36.9109191894531 35.5517921447754 36.2181053161621 35.4568290710449 37.326473236084 42.1494560241699 40.7727851867676 39.5935745239258 41.8882904052734 43.4537582397461 41.7838821411133 41.9843597412109 44.3422012329102 47.5922966003418 51.8321304321289 61.3420333862305 59.2290878295898 49.8857727050781
