rcp4.5models/CNRM_CM5/sc1gr0.4
NCOLS 261 
NROWS 433 
XLLCORNER 336357.134 
YLLCORNER 654653.479 
CELLSIZE 1000 
NODATA_value -9999 
[rows 264 to 285 of 433, columns 150 to 199 of 261]
92.2019703430353 92.5370866524276 91.4243510630519 89.3332645086796 88.5647578159422 88.2237318607552 87.5106812675837 86.8672164852683 86.4587878208616 86.2370107831824 86.0681362273581 85.9806974290797 86.2029699223608 86.18518572538 86.0098440449155 85.9211729901829 86.0411978796464 85.9831655864547 85.7661290455892 85.7202432982003 -9999 -9999 -9999 85.2356168468755 85.2331488301908 85.2522182907664 85.1986891522488 85.2100832744577 85.0260817294362 84.769907435413 84.2864599618911 84.1855951253658 84.0061137171626 83.5898260203758 83.3592649142648 83.7985759428433 84.3314128065694 83.0302113548827 82.73523252923 82.5683947979705 82.203329424242 81.8472043160711 81.7139435466958 81.7554299931981 81.7554279468148 81.5829960407056 81.7334146529021 81.5333120149467 80.9382214132011 80.8066440547937
93.7902094882137 93.7912886726886 92.6875521043902 91.0366717403391 89.4717474880934 88.4862828938526 88.0375442626911 87.3357894239837 86.6681880246919 86.3728644623303 86.163666421153 86.1506482460736 86.3257362705867 86.2239983810374 86.0407991783557 86.1531645687036 86.1711034171206 86.0182534479372 85.93133145231 85.7277797443536 85.5402559559319 -9999 85.2767956937004 85.3112823524646 85.3130777373669 85.3368770419856 85.4204725384621 85.3968580112362 85.1166503510099 84.8898365679178 84.4605784264736 84.3413575027355 84.0914527902781 83.6233038736948 83.9214130827698 85.698140244119 86.4589658682666 83.7735510111347 82.7461979251437 82.5563533133431 82.2705949818574 82.0129773478228 81.6312107203911 81.7837454107044 81.803703008706 81.7326300548483 81.5639748228392 81.552424669183 81.4704142699378 80.8635971339997
94.6884715823436 94.7129842110387 94.150851811422 92.9584293713522 90.964915457973 89.1322817883568 88.3328303465163 88.0886130208039 86.816408537552 86.6444165332015 86.5190122435163 86.4318083292129 86.3900630343937 86.2056335210974 86.1189325730353 85.9760702402316 85.8852884592961 85.9788265766957 85.9269056281673 85.9419870975132 85.8426630471051 -9999 85.6195310283054 85.705327153129 85.6956430939127 85.6787448464198 85.6511163178023 85.5318406984507 85.4959689545601 85.2920004270717 84.5429819430143 84.2687744240284 83.9882108640421 83.9505096900062 83.7355891733436 84.7140490243205 87.3982694072521 86.7348709394173 83.8041823543893 82.952132226226 83.0086883497369 82.4964804343021 81.8708294140101 81.848667392925 81.8886670672009 81.5702598435372 81.1595043170935 81.0162243304676 80.8990462412636 80.5836602500446
94.9174541824048 94.7294320910451 94.8614198803267 94.1786923555026 92.3707911202527 90.591473223754 89.1499891276207 88.4503447295738 87.0143721202939 86.650199509636 86.5248664358042 86.4414214716504 86.4259811671295 86.3142314063033 86.2270788655364 86.0816591751847 86.1067534890744 86.1812599281944 86.1641256750107 86.1818432081748 85.9863283781725 85.6512135351947 -9999 85.7483291084094 85.73077245814 85.69276895976 85.6163502810633 85.704576742331 85.5763141376191 85.3609365434797 84.7120678436421 84.46107400991 84.1833775576141 84.2141489136568 83.8826334554527 84.7666785204461 87.7831130558333 87.9794677880053 84.6397091187319 83.2246545727295 83.2364685470786 82.6262485458806 82.0969369915409 82.1472580436513 82.3693450034281 81.8279151666609 81.2911135334764 80.9453925655999 80.6634207787323 80.4224500849232
94.8711806576463 94.8077460627658 95.1526556902392 94.800791179523 94.0112436823583 92.505845408217 90.588736622575 88.8900415714099 86.9944413542579 86.6798328249457 -9999 86.4823126297929 86.5094875963492 86.8947395850063 87.1668336806862 86.2926226241115 86.3250951994388 86.4031509288371 86.580629266609 86.2780947791932 86.2020343805026 85.8590999504153 -9999 85.7858754656297 85.7033532122144 85.6032859258589 85.5177343131026 85.5385871972856 85.5872525790147 85.4387116436821 84.9027420462213 84.6118124618128 84.3704684557531 84.3925471820808 83.9952177210338 84.2892543640905 85.748967557682 86.0473510904611 84.2456542468515 83.2866590054825 82.8964075284159 82.6581740652548 82.2525880762569 82.2602365661105 82.3779148169166 81.9525406365736 81.4452141956099 81.1022842355316 80.8734954496095 80.6595481268189
94.9577848123323 95.0923812786544 95.2014459820778 95.0175828543085 94.9444462764206 93.8040381020792 91.5361003239237 89.374048287744 87.1383240544116 86.8725102281437 86.7159391391682 86.6194516029471 86.7863567488662 87.4278158559526 87.5272641778092 86.4194829691012 86.5301817033102 86.7203620745757 86.789623424994 86.3867531282596 86.2484446452076 86.02450449499 85.6283479416226 85.6217559276455 85.925681896794 86.1645350015179 85.6748842463176 85.4317416077181 85.6302204781287 85.4900652832232 84.9808419933072 84.7620809182074 84.51200473348 84.5393417602517 84.308209984177 84.0232100035803 84.0057388029728 83.9911402057617 83.7525926999915 83.4093933922318 82.9986425821535 82.8416205422522 82.4109269767864 82.364999045474 82.2356070379503 81.9435187482586 81.6781355924133 81.4505592815183 81.275775656868 80.9439926098525
95.1609077679931 95.0438897778769 94.7906180662595 94.7310155043964 94.936229745234 94.4977801099726 92.4792484578852 89.9690286995428 87.2064023835371 86.9601660813361 86.7524619075396 86.7094713897489 86.8112030002602 87.0763042490275 87.0342205882223 86.6364182244822 86.7052667638987 86.7926303518823 86.6867863337874 86.3237800776579 86.1739903142389 86.085926470011 85.7330231730087 85.6716129007986 86.1792527942539 86.4249648317439 86.0037334294658 85.6296039123535 85.7273182092979 85.5004895504811 85.1661608670558 84.9973305862975 84.7964462673982 84.715864532289 84.5476751597261 84.1796531467877 84.0265603622268 84.1064337545835 84.086391530313 83.8114624410493 83.418069876664 82.946473903294 82.6221586076405 82.6389325302379 82.4604798917997 81.974622276036 81.7557097216749 81.731838615569 81.5011175139664 80.9494995286863
95.2909329871467 94.9346860382353 94.1805517145159 93.8437764221 94.0656087239681 93.7659960080017 92.2713805229507 89.5899097221449 87.3400137441715 87.044664897454 86.7913861819473 -9999 86.6474107316721 86.9840193222347 87.5432106677526 86.8605449313088 86.6542962981272 86.6082993285484 86.4864153968198 86.168082586949 86.1027894265883 86.1236366340238 86.0221295127458 85.9032654808004 85.9362731935465 85.9036580542657 86.0572266454575 85.851901457034 85.7189670766416 85.5433178680564 85.3652487837002 85.2427001722262 84.9400850521593 84.6915376323253 84.4830181725622 84.1936733458322 84.2019609954384 84.3505829612863 84.2434720089885 83.8848979222801 83.5110303188628 83.0849987596815 82.8091921754173 82.7545321188313 82.509830968549 81.9504271287622 81.7673679999221 81.7926962889769 81.5736187262121 80.9316819614892
95.0358978911089 94.6933596460013 93.8299329682629 93.131012142888 93.0565238469286 92.2737732943526 90.7008878307193 88.8161045419486 87.679484729115 87.1765322122249 86.8421506928772 86.7450853487132 86.6595706816208 87.115358647251 87.7430813946162 86.7409418653333 86.5736471053487 86.439203767593 86.3771373148641 86.0965511207892 86.1018670093056 86.1296325081835 86.1628803839361 86.0313484835379 85.7976756455443 85.7186789083767 85.8663451747921 85.8426766281357 85.7335252753189 85.6240382542212 85.3519799830351 85.4505483553278 85.1302395107213 84.8343543813214 84.5043878915934 84.2263484487685 84.2215463787657 84.3372901238079 84.354797525393 84.0894178822582 83.776323683106 83.4842652206306 82.9939205448872 82.8232674594412 82.4134201216088 82.1998600019183 82.090769320113 81.8956312251693 81.8710313315373 81.0630604363205
94.6050968792234 94.36468341554 93.6769893618934 93.0402758557109 92.7198833701705 91.3037460187361 89.5595107990218 88.3597491645161 87.5195135534519 87.0823531256342 86.8358712534023 86.765979778159 86.6522202600765 86.8790350878801 -9999 -9999 -9999 -9999 86.460947678858 86.1503043862279 86.2272930518036 86.2444669097232 86.2631811659736 86.1477485762835 86.1047934797014 85.8759813434765 85.8616917440995 85.7882501657272 85.6683020198976 85.5985443935897 85.4945354286898 85.743178225438 85.4383648654315 85.2467961573818 84.8452615722787 84.3932866209073 84.256084307113 84.4093695984597 84.8635770240979 85.4212408693957 85.3362922950817 84.1328047286508 83.4070742345715 82.9980108141055 82.4961809409304 82.5222329825571 82.4233943337416 81.9690813655891 81.6692360792457 81.2783597328446
94.280712520606 94.2800514138183 94.1395821958606 93.8946908174314 92.9525104142988 90.5051365267244 88.7197573379356 87.8894040542333 87.3630260387879 87.1157463086805 86.9342662590252 86.777519726728 86.7078671372318 86.8145648106034 86.8256914367797 86.6171490908001 86.5540015552123 86.6589323661454 86.6679231056701 86.3153679226466 86.3317390927827 86.3566016527546 86.4978064537594 86.3425297561997 86.372673294326 86.2530060960717 86.1550638923117 85.9024165013459 85.6329195722492 85.5688837440767 85.8534330838944 86.0299371067112 85.6747075366739 85.4562878202127 85.1128349179254 84.5888862045285 84.4309047499474 84.5465998755807 85.0108217096015 86.1213522821009 85.8802501641841 84.597549516336 83.558850081433 83.0343478784553 82.7799717215609 82.7881239425504 82.351765220029 81.8725127505617 81.4049867652671 81.6046993026434
94.4897706056066 94.4072637027033 94.6924154595682 94.8516056886848 93.3180095949571 90.4751604057883 88.74977925627 88.0997088209458 87.5950326476076 87.4601150152701 87.1517747049623 86.7697987305405 86.7823861947671 86.8934765325505 86.9470753630815 87.0497746658686 86.9170875556849 86.8774724921396 86.8984137918196 86.5073334193952 86.3990064296818 86.4418204020116 86.6248125871389 86.5613149290128 86.4058572286549 86.2433353864331 86.2201537831615 86.1368459428986 85.8294315489579 85.5940867773326 86.0276998979696 86.0851602717301 85.7661078641803 85.3633780897965 85.1111698717097 84.8374168877913 84.597829887704 84.5748288756447 84.8815847624951 85.6383637604292 85.3232734017815 84.3708936417445 83.3356834095357 83.1330516669607 83.0114105023432 82.8255697867778 82.1086653224086 81.7166832868499 81.5028307992593 81.6052766007628
95.1027802937984 94.8817322662056 95.2562148930258 95.3599227508884 94.0083598870493 91.682916054811 90.0961134377515 89.6540608197202 89.0508396740965 89.1009604571 87.3260503498592 86.9407251894581 86.9080293800764 86.9584676166622 87.0482304146334 87.2401570894323 86.9362543806131 86.978891907362 87.0442994152423 86.7434938340306 86.533064646959 86.5905718752929 86.66269348611 86.6662029465327 86.5503541035423 86.3896293094545 86.38099453737 86.4097000964112 86.0654390138427 85.6776431292656 86.0403246081854 86.3409379953302 86.549191056807 85.6262711099378 85.2076603439405 85.1250392582753 84.8563568428916 84.6538154035557 84.7025835498403 85.0664751243327 85.3192851852321 84.2628964478616 83.3808287280903 83.3389430911234 83.0076857647122 82.7210365785459 82.1767028644842 81.7342448634664 81.5956019751363 81.5800253390401
95.3067974551848 95.3709525401788 95.8325589142495 95.810025346197 95.0338873088932 93.6623860355397 92.6175657435107 91.631853449065 90.258184883145 90.4023517481831 87.7042544924579 87.2518822577992 87.0953671242593 87.0226557163224 87.0159354262761 87.0528632273342 -9999 86.9610425812258 86.9778918825806 86.8273194645598 86.696315476578 86.7267889248299 86.8139645939589 86.8610280507933 86.8179070602518 86.7334832082856 86.5369032420662 86.3200997512832 86.1345695700634 85.8715211868883 86.0451411508548 86.4580413058865 86.5316591872411 85.8366846612298 85.7388532474639 85.4097817977446 85.1592030043057 84.7975656247359 84.6179764661668 84.7510544308964 85.1723976006369 85.0165030995417 83.7032294003549 83.5186497734201 83.0851420131285 82.5929489176132 82.2707406219545 81.9954029060005 81.8925710160362 81.7240555757118
95.8849201810855 96.0167388963934 96.0234067616083 96.0572655258028 96.146513270094 96.087474008827 95.9178672973876 95.1030465116942 92.027012966313 90.0609575647942 87.9707788183751 87.3461557923516 87.2929914535858 87.2088493841093 87.0668782516955 87.0174490558875 86.9705429421277 86.9906402206328 86.990188378205 86.7669537945311 86.9573710891245 86.8570823645288 86.8345629224312 86.9466364224804 87.059340884737 87.005604733812 86.818340349682 86.6021941743024 86.5430908397724 86.3849164882771 86.0798697647291 86.3921303201531 86.0152814707326 85.9958755401754 86.3176548790911 85.8391014141024 85.390716250842 85.038574949416 84.7833901519928 84.6176598488661 84.8323737608407 86.4375708158218 90.6534840607972 88.0206637762674 83.7303544483295 82.7827537273056 82.5864190119478 82.6898903746371 82.3372589509478 82.229923587065
95.7399074618055 95.887661953429 96.0107804698324 96.119945302798 96.2513792289503 96.2250083784638 96.1006656062068 95.8591108171511 92.1627882378316 89.2530027224073 87.8835129516688 87.4278892956305 87.3969446155121 87.2540507890007 87.0826940663935 87.0684020918728 87.1112459028283 -9999 87.0227230137531 86.7312014517666 86.8456517930244 86.9018769551433 87.0607273943639 87.1469383699125 87.1459593803166 87.1637319310012 87.1402275160191 86.9385241632095 86.9485764934544 86.9424505284423 86.1443564398074 86.5363334475298 86.2264396492774 86.036093666266 86.3092498505396 86.4448285798859 85.9447636377913 85.2207037501044 84.9937397917422 84.9130775595818 85.0441790876604 86.258379800248 91.9659386404636 88.950225784211 83.6606305117415 82.8798139869844 83.0707609124245 83.5940819839932 82.386482412246 82.5944897932865
95.4046867225662 95.7528730332397 96.0097929558696 96.1529734748916 96.2246316000636 96.1776699927187 96.1045188604851 96.0421758992092 92.6198506181556 89.1690772003784 88.0358715817032 87.5725583275314 87.4747423833287 87.2938270158534 87.110873514408 87.1156242545823 87.1664773557451 -9999 87.059791923801 87.0235307628359 87.0089668224046 87.1169796164721 87.0651005298517 87.1256428838038 87.1668295283986 87.3284460025914 87.2533489178635 87.2852587224378 87.295809322136 86.99939074105 86.1733018033837 86.4503059144331 86.6824990584174 86.5059920075223 86.5578897507611 86.5080963023819 86.0499378648168 85.2025156769411 85.0327593505385 85.186495396423 85.2766582054664 85.8485195881707 90.9726258643915 89.2406791902351 83.9403213519105 83.1163918794963 83.2191503709949 83.7328111377289 82.7310120874118 82.764237018342
95.0761463325991 95.6404946207558 96.0694560039715 96.1270158095358 95.8488822903045 96.0284084816331 96.259502038079 96.2650974111686 93.2113407821172 89.9529627624038 88.4353932745896 87.6924224241789 87.4649857070344 87.2816896370153 87.168845188235 87.1541149793573 87.1644466802257 87.1477815592552 87.191289038984 87.3066263382607 87.2246007573705 87.1697288778023 86.9634091639482 87.0756564653991 87.3451001166076 87.448474662854 87.2744385398585 87.4093891485018 87.4092840187732 86.9730896479127 86.280755058526 86.3412743322932 86.7150850763704 86.7361320356252 86.4148595365204 85.9576002284458 85.6465148040344 85.2398538308186 85.087957267963 85.2724760540843 85.4140405070565 85.9186328275485 89.0762109258321 88.8800624848519 84.2549624418104 83.328118222725 83.3793954346264 83.3738807214245 83.8055482663278 84.7040184758246
95.0262972268475 95.6747723527094 96.2353996371117 96.1166301593046 95.6059786116973 96.1452528848673 96.3370292309049 96.3990806068192 93.4662682424031 90.6660187041313 89.231936795214 87.8962349251158 87.491173112607 87.2080280292923 87.179203984486 87.1445316599386 87.166196391813 87.2468403075964 87.268327064154 87.3229155114381 87.3921015900404 87.7244307484627 87.1985406676807 87.0093555752565 87.441690742735 87.6159024485317 87.2711443107499 87.3694258632115 87.5329369269761 87.0615135456257 86.4829867306263 86.3086054159776 86.5225606495589 86.6516259542637 86.3595854520724 85.9168194890098 85.8555966916245 85.4940444359497 85.2984341696373 85.3534272838747 86.1981260123721 88.3477198979332 87.9403825480007 86.5348404532245 84.0779105438233 83.5282385828292 83.8178682475739 84.6889001785612 86.7465693672316 87.222493892253
95.2111189807753 96.0113732780722 96.2965727683181 95.7453528162383 95.3984269869829 96.4060731967898 96.3821911830697 96.4269831399884 94.0983850051591 91.309528426904 90.4235444621754 88.3120311201506 87.5798246012375 87.2292290043615 87.2123074357866 87.1555523577584 87.2345467076523 -9999 -9999 87.3083972126858 87.4042675348499 87.8994112700907 87.388663886482 87.0709736913676 87.235707853475 87.4801762007363 87.3640181123774 87.5401811976231 87.6223285357278 87.0692590502298 86.6182952659153 86.443829638735 86.7335452021557 87.075511487352 86.4690958076495 86.1134788343845 86.0948055391053 85.7526317414781 85.5242730726494 85.3256912400423 86.8247479410982 90.0362541885223 86.7680611211168 85.727060952276 84.6426630917035 83.7366970302446 84.3198061598131 86.4147432661024 87.7511129439431 87.6277703472073
95.5018888878764 96.2770351289387 96.188488164016 95.1439002420456 95.0374298383534 96.5525075792339 96.3162400710827 96.1642073788556 94.9287477944478 92.2284798938015 91.1186351011094 88.7738989186348 87.8301675349099 87.2933121533621 87.1621650642877 87.5531772419268 88.2848682894666 87.8399693948018 87.1913014234489 87.2366694607442 87.2550947263741 87.3290877261304 87.3492778623079 87.348567641214 -9999 87.1681785805099 87.4031191180371 87.6533184568746 87.6666027450728 87.3936942420227 86.8207281043521 86.5096370252785 86.9335799368695 87.7059913434197 86.667073527241 86.3202038600183 86.3519016786433 86.1411590748287 85.7365361998447 85.3151053572069 86.3470499688051 88.2401017569467 86.2455925841106 87.4908334017789 86.6337804107342 84.125716797702 85.1291214096071 87.4068861183502 88.2003729632677 88.3560163875329
95.7890897630517 96.388348069605 96.0156509476432 94.3723709071194 94.4259186248753 96.6944256134925 96.453421757899 96.0828494079113 94.6000840679965 93.0978694230231 92.5131716758998 89.5017524099594 88.0651035078321 87.5132594246342 87.2003820014883 87.805227887131 88.9510188419294 88.363163255802 87.664004515019 -9999 87.3416868770482 87.3708794960479 87.5545870451375 87.5761305682286 87.2417419374369 -9999 87.3461837393984 87.6407056019932 88.0188952649068 87.6907310327418 87.3211193303654 86.7397721831165 86.834873516995 87.5517879273095 87.031411590891 86.411915948929 86.7186123071679 86.7377691583889 85.9862545632407 85.4215712197244 85.7354821798527 86.1809267401114 86.6082833971898 88.4778876375831 87.4888502861922 84.6031865091906 85.8480598358339 86.8999743918714 88.5402888522931 88.9464963225196
