rcp4.5models/CNRM_CM5/sc1gr7.34
NCOLS 261 
NROWS 433 
XLLCORNER 336357.134 
YLLCORNER 654653.479 
CELLSIZE 1000 
NODATA_value -3.4e+38 
[rows 242 to 263 of 433, columns 98 to 146 of 261]
69.2833633422852 69.6979370117188 69.5706253051758 69.3725891113281 69.2758560180664 69.2324371337891 69.200439453125 -3.4e+38 69.2609405517578 69.4094085693359 69.4833145141602 69.4831619262695 69.6067352294922 69.7841720581055 70.2259902954102 70.6596450805664 70.3792114257812 69.2971115112305 69.4439010620117 69.5995788574219 69.8492584228516 70.3346862792969 71.1050643920898 71.48193359375 71.6212005615234 71.9470291137695 74.7475051879883 -3.4e+38 74.9536361694336 74.7253265380859 75.0262985229492 75.1511688232422 75.4767074584961 75.6100387573242 75.7089920043945 75.9355087280273 75.8349304199219 76.0480804443359 76.1384201049805 76.0556259155273 76.4492111206055 76.8171463012695 76.7390289306641 76.984992980957 77.0552139282227 77.1504669189453 77.3373413085938 77.6591796875 78.1626739501953
67.3822708129883 66.6568908691406 67.8839721679688 67.9796371459961 67.9314193725586 67.8397979736328 67.7395248413086 67.6650772094727 67.6760482788086 67.7029647827148 67.7867965698242 67.8885269165039 67.9313735961914 68.0681381225586 68.1395568847656 68.190673828125 68.2490234375 67.121826171875 67.0735626220703 67.2630920410156 67.6760787963867 68.1755905151367 68.8924407958984 69.1968765258789 69.3865509033203 70.1307907104492 71.5277862548828 72.472282409668 72.5575485229492 72.093635559082 72.2570419311523 71.6443939208984 71.7186431884766 72.7397079467773 72.8649291992188 73.771354675293 73.9911956787109 73.5176391601562 73.4196853637695 74.3220825195312 74.6147766113281 74.5389556884766 74.1743240356445 75.109733581543 75.4099044799805 75.5414276123047 75.74853515625 76.0086441040039 76.5772933959961
66.1029281616211 65.3055572509766 67.2332458496094 67.2830429077148 67.0370712280273 67.0821990966797 66.9476852416992 66.9348983764648 66.9378433227539 66.9155426025391 66.9740600585938 67.0360107421875 67.098503112793 67.2007827758789 66.8648986816406 66.6670379638672 66.8883056640625 65.1002731323242 65.2442092895508 65.6456527709961 66.5957260131836 67.207649230957 67.7478408813477 67.9531021118164 68.3249816894531 69.3370742797852 70.8703918457031 71.4647598266602 71.3857116699219 70.6575164794922 70.4672470092773 70.2761764526367 70.4484100341797 71.0851593017578 71.5543212890625 72.2902908325195 72.3933944702148 72.1783447265625 72.1996994018555 73.4191970825195 73.6078567504883 73.3326797485352 72.7787551879883 73.5678634643555 74.2746887207031 74.6972122192383 74.9603958129883 75.204475402832 75.7810134887695
64.3478622436523 62.1865386962891 66.9846725463867 66.3600234985352 66.0650177001953 66.399528503418 66.1901550292969 66.198860168457 66.1870803833008 66.1482849121094 66.1660614013672 66.2142181396484 66.2465972900391 66.3068237304688 65.0984115600586 65.46337890625 65.6892852783203 62.9257469177246 61.9817771911621 62.9649505615234 65.3394546508789 66.2161483764648 66.5502090454102 66.612548828125 67.0126113891602 68.2614898681641 69.8451385498047 70.0391616821289 70.1991424560547 69.6425552368164 69.1312713623047 69.1412887573242 69.8940582275391 70.4529495239258 70.660285949707 70.2137451171875 70.3129425048828 70.6184539794922 70.9721908569336 72.0871505737305 72.4153060913086 72.1429061889648 71.4043807983398 72.0045318603516 73.0860137939453 73.7288513183594 74.1368865966797 74.3835906982422 74.9408645629883
64.3550491333008 62.0871734619141 66.4454727172852 65.8221740722656 65.658447265625 65.7739105224609 65.567985534668 65.4640121459961 65.4346466064453 65.4703750610352 65.4259262084961 65.4238967895508 65.4218139648438 65.4705581665039 63.2489128112793 64.1160202026367 65.2149429321289 62.361888885498 59.6733245849609 61.4330291748047 63.9181060791016 64.8799514770508 65.301383972168 65.2138214111328 65.6640701293945 66.9495544433594 68.1188659667969 68.4330902099609 68.5817413330078 67.8824157714844 67.6696014404297 67.5794448852539 67.8762435913086 68.6843872070312 68.9078826904297 69.097282409668 69.4353103637695 69.1315841674805 69.5982437133789 70.3703308105469 71.2621765136719 71.038818359375 70.190559387207 70.7592086791992 72.0746536254883 72.8693618774414 73.2679290771484 73.5527725219727 74.1138305664062
65.4012069702148 64.5519485473633 65.8991394042969 65.4293899536133 65.2226409912109 65.0966339111328 64.9457092285156 64.7655715942383 64.7726211547852 64.785270690918 64.7245178222656 64.7329254150391 64.6452331542969 64.6226272583008 62.6145057678223 63.3422660827637 64.3508605957031 61.4308586120605 58.9436187744141 61.6411209106445 63.1899757385254 63.7243194580078 64.1023483276367 64.1277313232422 64.7324600219727 65.5965576171875 66.3131866455078 66.9675369262695 67.2724533081055 66.5156707763672 66.4916152954102 67.1106262207031 66.7385635375977 68.7584457397461 71.7411193847656 67.7755661010742 68.1666412353516 67.9693222045898 68.423095703125 69.263801574707 70.0921783447266 70.1104583740234 69.2722702026367 69.4376449584961 70.6169357299805 72.0634307861328 72.4553298950195 72.7502593994141 73.3228607177734
65.6587905883789 65.4257125854492 65.3414764404297 64.9277114868164 64.7322235107422 64.4986724853516 64.3372192382812 64.2662353515625 64.1828308105469 64.1055603027344 64.0583419799805 64.0324859619141 63.9686889648438 63.8983116149902 63.2438049316406 63.5972175598145 63.7912139892578 61.3971900939941 59.0408973693848 61.203971862793 62.4062805175781 62.9659729003906 63.1690940856934 63.2812194824219 63.9133224487305 64.376350402832 65.3787307739258 66.0870819091797 66.4395141601562 65.848388671875 65.3512725830078 65.5752182006836 65.2398529052734 68.8845062255859 72.5948486328125 66.0238647460938 66.9054718017578 66.971076965332 67.5497741699219 68.1772842407227 68.4710083007812 68.6982040405273 68.4101638793945 68.1677322387695 69.2055816650391 71.1225738525391 71.6136779785156 71.9960861206055 72.5268707275391
64.9973449707031 64.8069763183594 64.7525939941406 63.5775032043457 64.224983215332 64.0511016845703 63.8670463562012 63.739688873291 63.5393905639648 63.5443153381348 63.5017242431641 63.4109764099121 63.3716163635254 63.3142509460449 63.1583976745605 63.3948860168457 63.4365310668945 61.929615020752 59.2625427246094 59.9099807739258 61.1757316589355 61.9609260559082 62.1580238342285 62.274299621582 62.8099060058594 63.3189392089844 64.5514526367188 65.1891937255859 65.3753280639648 64.7529220581055 64.3564834594727 64.4732360839844 63.3802108764648 65.2683410644531 67.385368347168 65.6437377929688 65.7475357055664 65.9884872436523 66.1640014648438 66.4025115966797 66.5008316040039 66.7364196777344 66.9574966430664 66.970588684082 67.9816360473633 70.0177459716797 70.7452392578125 71.1821899414062 71.7321472167969
64.5261993408203 64.054801940918 64.1241226196289 61.9123001098633 63.7111549377441 63.6012268066406 63.2838439941406 63.0174903869629 62.8694458007812 62.9671936035156 62.9410820007324 62.8186264038086 62.6813812255859 62.6108131408691 62.4348335266113 62.4469718933105 62.3700332641602 61.1806983947754 59.2603187561035 59.6625900268555 60.556079864502 60.9287338256836 61.0016174316406 61.4369163513184 62.1780700683594 62.6941871643066 63.7407913208008 63.8415107727051 63.524600982666 63.2731781005859 63.2941436767578 64.4041061401367 64.2031478881836 63.5106925964355 63.9426345825195 65.4108047485352 64.6015090942383 64.6835174560547 64.667610168457 64.8228149414062 65.0639495849609 65.2837829589844 65.6383361816406 66.0259857177734 66.7644577026367 69.0888824462891 69.6696472167969 70.2574234008789 70.7800903320312
64.4618072509766 63.9809608459473 63.8765525817871 62.0372848510742 63.2155647277832 63.1204948425293 62.7328567504883 62.4228210449219 62.4737701416016 62.4327354431152 62.3513679504395 62.2285804748535 61.9224739074707 61.7194175720215 61.9616661071777 61.8262100219727 61.4872398376465 60.1894149780273 59.0434646606445 59.5825843811035 59.9701080322266 59.9973831176758 59.8239364624023 60.426197052002 61.1872596740723 61.6656723022461 62.6209297180176 62.5485801696777 61.6035766601562 61.7141799926758 62.0258407592773 62.7770576477051 62.6432113647461 61.8980865478516 62.4282417297363 64.4374160766602 63.5416526794434 63.9285926818848 64.306999206543 63.653980255127 64.0018310546875 64.2335739135742 64.5387725830078 65.0184936523438 65.5755615234375 67.7820739746094 68.1923522949219 69.116813659668 69.7405700683594
64.2248153686523 63.9594192504883 63.7318344116211 62.6658744812012 62.7288398742676 62.7404098510742 62.2813987731934 61.9813499450684 62.0828666687012 61.978572845459 61.8079681396484 61.7026786804199 61.3608741760254 60.8791770935059 61.3257904052734 61.2042274475098 60.6091842651367 59.2490081787109 57.9960136413574 58.6586608886719 59.0524139404297 59.0153007507324 58.7949028015137 59.2856559753418 59.992919921875 60.398063659668 61.5346908569336 61.4446792602539 60.511157989502 60.5879096984863 60.9891662597656 61.0898017883301 60.3478660583496 60.6233825683594 61.0422554016113 62.848705291748 63.9721450805664 63.7265739440918 63.7628784179688 63.0972747802734 62.9888496398926 63.0465393066406 63.2605018615723 63.6235198974609 64.3179321289062 66.0959167480469 66.3151168823242 67.7305679321289 68.5440979003906
63.9955444335938 63.7160453796387 63.3984413146973 62.7143821716309 62.4848670959473 62.3742027282715 61.9660797119141 61.7100524902344 61.6459693908691 61.5060386657715 61.2731552124023 61.1478652954102 60.942512512207 60.4293594360352 60.4799995422363 60.1796607971191 58.9988479614258 57.8359718322754 57.0559577941895 57.7892799377441 58.2483940124512 58.0664482116699 57.7082672119141 58.3778305053711 59.2145576477051 59.5832481384277 60.3420028686523 60.6329383850098 60.2390899658203 59.6853446960449 60.4538688659668 61.2479095458984 60.4286117553711 60.4976921081543 61.8373565673828 64.640495300293 66.9304046630859 61.9611320495605 62.5380363464355 62.7178039550781 61.8513069152832 61.9183959960938 62.1947708129883 62.2644195556641 63.3253936767578 65.5699768066406 66.1338195800781 67.1362380981445 67.7362823486328
63.7442512512207 63.4438018798828 63.0509605407715 62.540397644043 62.2274322509766 -3.4e+38 61.7148056030273 61.4817695617676 61.2535972595215 60.9176940917969 60.6802597045898 60.6895484924316 60.5152015686035 60.1899871826172 59.6954574584961 59.2571640014648 57.7874221801758 56.195556640625 56.4892578125 57.0469093322754 57.6193466186523 57.0189895629883 56.107421875 57.4571418762207 58.5719604492188 58.9715309143066 59.4538650512695 59.7781448364258 59.7557182312012 58.7275161743164 59.476016998291 60.292896270752 60.1015281677246 59.7905387878418 60.1660919189453 63.6934967041016 66.4516830444336 60.7516021728516 61.4659805297852 61.1509437561035 60.7072563171387 61.0984344482422 61.5001335144043 61.987434387207 63.4515647888184 65.3360900878906 65.8488616943359 66.4371643066406 67.2395172119141
63.2702255249023 63.0186538696289 62.7497634887695 62.1585159301758 61.769416809082 -3.4e+38 61.1788711547852 60.8855056762695 60.4985389709473 59.9201278686523 59.6186256408691 59.5668067932129 59.4616851806641 59.394229888916 58.4387817382812 57.7519950866699 57.4439315795898 55.6831665039062 53.9385643005371 54.8549041748047 55.9216346740723 55.8418579101562 55.1931533813477 56.1730499267578 57.1331481933594 57.3973617553711 57.6954345703125 57.5720825195312 58.0048484802246 58.0277404785156 57.7390747070312 57.401554107666 57.6268844604492 58.0257606506348 57.2328224182129 60.2868270874023 67.2557601928711 58.2709770202637 59.6806716918945 59.1730880737305 59.6550827026367 59.6293182373047 59.7097816467285 61.6481323242188 61.5379524230957 59.5862045288086 59.8630714416504 61.7356300354004 63.5707550048828
63.0631332397461 62.8037033081055 62.4556427001953 61.9001541137695 61.5282211303711 61.217845916748 60.902702331543 60.1373672485352 59.4560508728027 59.6387710571289 59.1293907165527 59.2439918518066 59.0993118286133 59.0129280090332 57.9742965698242 57.0703620910645 57.088264465332 55.6681251525879 53.4143905639648 54.3515396118164 55.4334831237793 55.1663284301758 54.3837089538574 55.3322219848633 56.4506759643555 56.7513465881348 56.7892036437988 56.4654312133789 56.9947738647461 57.132740020752 56.7210426330566 56.8619766235352 56.7091789245605 57.010986328125 56.5974197387695 57.3185539245605 62.7491188049316 57.3087158203125 58.7927703857422 58.5002059936523 58.4768905639648 58.8466300964355 60.161190032959 60.4866371154785 59.4601593017578 58.4987564086914 58.6969680786133 60.0656814575195 62.2296409606934
62.7508697509766 62.6489639282227 62.3201866149902 61.7126808166504 61.3629188537598 61.007266998291 60.6585502624512 59.333251953125 58.169246673584 58.7419700622559 57.5715522766113 58.4511642456055 58.777515411377 58.4993782043457 58.0224227905273 57.2148208618164 56.5320243835449 54.9584274291992 52.7346153259277 53.6069221496582 54.6913833618164 54.4525680541992 53.6222343444824 54.6675910949707 55.9553642272949 56.2919464111328 56.1922874450684 55.7992210388184 56.1906089782715 56.4340209960938 55.9848403930664 55.837646484375 55.7914047241211 56.1418342590332 56.0863151550293 55.303638458252 58.9200019836426 56.5120239257812 57.6281852722168 57.5967140197754 58.001594543457 58.3452186584473 59.6145210266113 58.2734260559082 58.1795806884766 58.246452331543 58.0973281860352 58.822452545166 60.5581436157227
62.6263008117676 62.4580383300781 62.1824035644531 61.5199966430664 61.1431884765625 60.8201179504395 60.4454002380371 58.7950744628906 56.3281555175781 55.3255195617676 54.4694290161133 56.8508224487305 58.3559379577637 57.9917831420898 57.2663230895996 57.3511161804199 56.077808380127 53.948184967041 51.5022048950195 51.6541023254395 52.8167457580566 52.811206817627 52.1436958312988 53.8187599182129 55.5566444396973 55.7102470397949 55.4372596740723 55.2420539855957 55.607250213623 55.7220916748047 55.2111740112305 54.9072074890137 55.218879699707 55.1329078674316 55.6175842285156 58.2991561889648 61.5215110778809 55.5606384277344 56.2528533935547 56.4405975341797 57.0630340576172 56.8574638366699 57.6753578186035 57.2641906738281 57.7160682678223 58.0130767822266 57.2204780578613 57.353214263916 58.1317901611328
62.5198631286621 62.229320526123 61.954647064209 61.3350830078125 60.9404487609863 60.5632209777832 60.1865386962891 59.2176818847656 56.0274963378906 51.8948936462402 51.8988265991211 55.7663116455078 58.0864181518555 57.7648391723633 55.950309753418 56.0573387145996 54.9052810668945 53.4948310852051 50.8485336303711 50.4972724914551 51.0922317504883 51.1614990234375 50.9864311218262 52.674015045166 55.0285606384277 55.1985244750977 54.8175201416016 54.7114677429199 55.018913269043 54.8548622131348 54.358959197998 54.3550109863281 54.5794792175293 54.2477722167969 56.2733535766602 61.4549865722656 62.4091835021973 55.3979072570801 56.4592819213867 55.7571601867676 55.9961814880371 55.4391899108887 56.1946754455566 57.0280265808105 57.1660690307617 57.5010604858398 57.1131744384766 56.9263038635254 56.6126899719238
62.1920967102051 61.9262199401855 61.7409706115723 61.1887817382812 60.8460121154785 60.3741989135742 59.9325256347656 59.3153419494629 56.1248321533203 51.0113487243652 51.7016677856445 55.9081268310547 57.8392601013184 57.6410865783691 55.6389694213867 54.5890846252441 52.6237144470215 52.0086402893066 50.6039924621582 50.0200347900391 50.2502708435059 50.451042175293 50.7194786071777 52.2890090942383 54.4699554443359 54.5987319946289 54.4513626098633 54.1102104187012 54.0031852722168 53.9584350585938 53.7111625671387 53.2558555603027 53.2333106994629 53.2241973876953 55.480598449707 59.7384567260742 60.2025909423828 57.754524230957 57.6184577941895 55.037036895752 55.0793304443359 54.6798248291016 55.3016128540039 56.3091697692871 56.7397346496582 57.483642578125 57.2195587158203 57.141487121582 56.8723449707031
61.6062698364258 61.4802284240723 61.3373908996582 60.9865760803223 60.6279754638672 60.2755813598633 59.8004341125488 59.0107383728027 55.7733192443848 51.5158920288086 53.323169708252 56.9144592285156 57.6220588684082 57.4599494934082 55.4737815856934 53.956226348877 52.0126686096191 50.3799362182617 49.9053497314453 49.5548820495605 49.9764823913574 50.4058723449707 51.1382064819336 53.2202110290527 54.2369689941406 54.2617492675781 53.9177131652832 53.2237892150879 52.8705635070801 52.9457511901855 52.9111785888672 52.571460723877 52.7309761047363 53.348014831543 56.0678939819336 58.8089828491211 59.2245635986328 60.7462310791016 58.973991394043 54.3478050231934 54.701545715332 54.4220275878906 54.6717376708984 57.1092643737793 61.4888916015625 63.4171104431152 60.5961837768555 56.7698783874512 57.1928863525391
61.2941741943359 61.003101348877 60.9406661987305 60.7342987060547 60.3503761291504 60.025318145752 59.627742767334 59.0758209228516 56.8333930969238 53.1837959289551 54.0173416137695 57.0482940673828 57.1664810180664 57.0618705749512 54.3406448364258 53.4090232849121 51.8066825866699 50.1134414672852 49.5011215209961 49.69873046875 50.6739273071289 51.478889465332 51.9453773498535 53.91455078125 54.0886611938477 54.0122909545898 53.3487129211426 52.3092994689941 52.148136138916 52.286060333252 52.1648788452148 52.3744010925293 53.1445846557617 54.1187438964844 56.4409523010254 58.9880752563477 58.1067695617676 59.7555923461914 59.6361885070801 53.8355979919434 54.2487754821777 54.2758598327637 54.4287223815918 56.516731262207 62.7114791870117 68.2076110839844 64.0612640380859 57.4265022277832 56.3864326477051
60.3084983825684 60.3737449645996 60.938533782959 60.5269203186035 60.1409721374512 59.7913703918457 59.432315826416 59.0383720397949 58.117301940918 54.9908638000488 52.9405364990234 55.7812652587891 57.0467948913574 56.785285949707 51.8619689941406 51.3323249816895 50.4931564331055 49.7246360778809 49.5644187927246 49.7390899658203 50.682544708252 52.234977722168 53.0519523620605 53.7888946533203 53.8042984008789 53.6568450927734 53.1975364685059 51.9410781860352 51.3961601257324 51.5861434936523 51.5358581542969 51.8056259155273 52.6815605163574 53.5950317382812 54.3777542114258 56.7288475036621 57.2323303222656 56.1367645263672 58.4668731689453 56.956615447998 56.5195198059082 54.2951240539551 54.349910736084 55.2196159362793 58.6966705322266 63.2502746582031 59.776424407959 56.580982208252 55.0316352844238
