rcp4.5models/CNRM_CM5/sc1gr6.15
NCOLS 261 
NROWS 433 
XLLCORNER 336357.134 
YLLCORNER 654653.479 
CELLSIZE 1000 
NODATA_value -3.4e+38 
[rows 44 to 65 of 433, columns 49 to 97 of 261]
-3.4e+38 -3.4e+38 -3.4e+38 -3.4e+38 -3.4e+38 -3.4e+38 -3.4e+38 -3.4e+38 -3.4e+38 -3.4e+38 -3.4e+38 -3.4e+38 -3.4e+38 -3.4e+38 -3.4e+38 -3.4e+38 -3.4e+38 -3.4e+38 -3.4e+38 -3.4e+38 -3.4e+38 1289.68017578125 1292.37622070312 -3.4e+38 -3.4e+38 1300.64379882812 1304.12255859375 1304.69091796875 1306.96301269531 1309.69470214844 1311.17565917969 1314.26989746094 1316.73205566406 -3.4e+38 -3.4e+38 1322.57397460938 1326.76599121094 1328.02478027344 1331.10925292969 1333.55407714844 1336.50183105469 1343.32238769531 1344.88989257812 1348.48864746094 1351.06750488281 1355.67663574219 1357.00268554688 1362.28759765625 1364.81298828125
-3.4e+38 -3.4e+38 -3.4e+38 -3.4e+38 -3.4e+38 -3.4e+38 -3.4e+38 -3.4e+38 -3.4e+38 -3.4e+38 -3.4e+38 -3.4e+38 -3.4e+38 -3.4e+38 -3.4e+38 -3.4e+38 -3.4e+38 -3.4e+38 -3.4e+38 1286.40759277344 1289.71838378906 1291.42614746094 1294.20971679688 1295.34838867188 1295.80187988281 1299.33032226562 1301.10534667969 1304.24499511719 1306.05603027344 1311.21643066406 -3.4e+38 1316.26062011719 -3.4e+38 1320.39086914062 1324.03771972656 1324.97900390625 1326.21862792969 1329.4560546875 1332.31286621094 1334.95788574219 1337.77380371094 1342.71118164062 1346.89172363281 1348.3330078125 1352.37463378906 1355.42797851562 1360.65368652344 1363.61547851562 1368.59094238281
-3.4e+38 -3.4e+38 -3.4e+38 -3.4e+38 -3.4e+38 -3.4e+38 -3.4e+38 -3.4e+38 -3.4e+38 -3.4e+38 -3.4e+38 -3.4e+38 -3.4e+38 -3.4e+38 -3.4e+38 -3.4e+38 -3.4e+38 -3.4e+38 1283.65161132812 1285.91345214844 1288.49133300781 1289.55444335938 1292.95190429688 1295.89416503906 1298.57287597656 1301.25231933594 1303.24987792969 1305.11486816406 1308.03063964844 1313.17175292969 1315.36340332031 1318.57702636719 1320.16711425781 1322.01770019531 1325.53698730469 1326.80358886719 1329.84692382812 1332.04992675781 1335.79138183594 1337.17053222656 1340.93701171875 1343.57275390625 1347.66162109375 1350.82409667969 1352.55090332031 1357.20642089844 1360.53540039062 1365.01794433594 1368.27612304688
-3.4e+38 -3.4e+38 -3.4e+38 -3.4e+38 -3.4e+38 -3.4e+38 -3.4e+38 -3.4e+38 -3.4e+38 -3.4e+38 -3.4e+38 -3.4e+38 -3.4e+38 -3.4e+38 -3.4e+38 -3.4e+38 1277.17834472656 1279.4814453125 1283.09045410156 1286.01428222656 1289.09228515625 1291.16320800781 1293.01989746094 1296.56530761719 1298.48681640625 1299.2314453125 1303.265625 1306.40515136719 1308.4091796875 1313.01318359375 1315.09289550781 1318.25012207031 1319.84265136719 1323.20617675781 -3.4e+38 1328.20874023438 1330.47448730469 1334.5634765625 1337.37902832031 1340.17785644531 1343.14465332031 1348.52001953125 1352.73950195312 1354.65600585938 1357.43737792969 1359.14807128906 1362.94348144531 1366.50817871094 1368.62451171875
-3.4e+38 -3.4e+38 -3.4e+38 -3.4e+38 -3.4e+38 -3.4e+38 -3.4e+38 -3.4e+38 -3.4e+38 -3.4e+38 -3.4e+38 -3.4e+38 1270.013671875 1272.78259277344 1273.58483886719 1276.32775878906 1277.98193359375 1282.05419921875 1286.47229003906 1286.14331054688 1289.888671875 1291.46716308594 1293.7509765625 1295.87341308594 1296.88903808594 1299.4619140625 1301.99279785156 1305.98864746094 1307.18969726562 1312.59790039062 1316.45751953125 -3.4e+38 1320.73327636719 1323.39978027344 1327.30187988281 1329.42126464844 -3.4e+38 1336.38500976562 1338.83764648438 1341.6259765625 1344.04760742188 1351.13171386719 1354.39514160156 1355.95556640625 1361.044921875 1362.88647460938 1366.8046875 1369.27209472656 1373.69396972656
-3.4e+38 -3.4e+38 -3.4e+38 -3.4e+38 -3.4e+38 -3.4e+38 -3.4e+38 -3.4e+38 -3.4e+38 -3.4e+38 -3.4e+38 1266.00122070312 1269.65209960938 1270.69201660156 1273.80078125 1275.83020019531 -3.4e+38 1281.67700195312 1287.08471679688 1289.03039550781 1291.58239746094 1294.93701171875 1297.337890625 1295.63598632812 1298.10095214844 1300.92651367188 1303.04382324219 1305.58386230469 1308.97521972656 1313.68200683594 1316.77502441406 1320.09350585938 1322.34802246094 -3.4e+38 1328.00024414062 -3.4e+38 -3.4e+38 1336.48779296875 1339.76049804688 1341.69934082031 -3.4e+38 1353.68774414062 1355.50134277344 1359.34460449219 1363.13610839844 1366.88842773438 1370.064453125 1373.25451660156 1377.14343261719
-3.4e+38 -3.4e+38 -3.4e+38 -3.4e+38 -3.4e+38 -3.4e+38 -3.4e+38 -3.4e+38 -3.4e+38 -3.4e+38 -3.4e+38 1266.50134277344 1267.93395996094 -3.4e+38 1272.62951660156 1276.62121582031 1278.88391113281 1282.14184570312 1286.95434570312 1289.53930664062 1291.14050292969 1295.17419433594 1297.09167480469 1297.92553710938 1300.50671386719 1299.71350097656 1301.96887207031 1302.9443359375 1307.58605957031 1315.50183105469 1319.39770507812 1321.47399902344 -3.4e+38 1326.43859863281 1328.94519042969 -3.4e+38 1334.95324707031 1337.99279785156 1340.822265625 1343.90637207031 1346.75817871094 1354.21154785156 1356.96789550781 1360.69116210938 1364.56506347656 1368.68371582031 1373.43225097656 1376.38146972656 1382.08569335938
-3.4e+38 -3.4e+38 -3.4e+38 -3.4e+38 -3.4e+38 -3.4e+38 -3.4e+38 -3.4e+38 -3.4e+38 -3.4e+38 -3.4e+38 1265.54748535156 1267.78283691406 1269.49645996094 -3.4e+38 1275.45263671875 1277.568359375 1280.93481445312 1286.72521972656 1288.18408203125 1292.109375 1294.90576171875 1297.21691894531 1298.39013671875 1301.97888183594 1303.19519042969 1303.1708984375 1303.13464355469 1307.80725097656 1316.59326171875 1318.63952636719 1322.52062988281 1323.96252441406 1326.33898925781 1329.84875488281 1332.30383300781 1335.47546386719 1338.23291015625 1342.47192382812 1344.89501953125 1347.07873535156 1354.76037597656 1358.78283691406 1364.27014160156 1366.83312988281 1371.37890625 -3.4e+38 1378.55981445312 1383.892578125
-3.4e+38 -3.4e+38 -3.4e+38 -3.4e+38 -3.4e+38 -3.4e+38 -3.4e+38 -3.4e+38 -3.4e+38 -3.4e+38 -3.4e+38 1264.17529296875 1267.62390136719 1269.06469726562 1272.1279296875 1274.00720214844 1277.20471191406 1280.77038574219 1285.85095214844 1288.68176269531 1291.29443359375 1294.52807617188 1297.53967285156 1298.10717773438 1302.21618652344 1304.38293457031 1305.99841308594 1307.22900390625 1310.87048339844 1315.85180664062 1319.14172363281 1323.61767578125 1326.33642578125 1329.78723144531 1332.890625 1332.07470703125 1335.38146972656 1337.50476074219 1342.79028320312 1344.8115234375 1348.04797363281 1357.45349121094 1361.16625976562 -3.4e+38 -3.4e+38 1373.73229980469 1375.59509277344 1380.826171875 1384.75622558594
-3.4e+38 -3.4e+38 -3.4e+38 -3.4e+38 -3.4e+38 -3.4e+38 -3.4e+38 -3.4e+38 -3.4e+38 -3.4e+38 -3.4e+38 -3.4e+38 1265.45080566406 1268.53405761719 1271.21557617188 1275.68688964844 1277.49279785156 1280.85778808594 1286.21057128906 1288.92785644531 1292.22912597656 1294.08264160156 1296.75793457031 1298.93859863281 1302.48303222656 1305.01574707031 1306.07421875 1307.83825683594 1310.74084472656 1316.47473144531 1319.9052734375 1324.89562988281 1327.64172363281 1331.00073242188 1333.87475585938 1335.77856445312 1338.0859375 1341.97937011719 1345.3798828125 1348.87219238281 1351.72290039062 1360.23291015625 1364.66564941406 1367.22729492188 1369.87121582031 -3.4e+38 1380.54699707031 1384.22106933594 1390.23364257812
-3.4e+38 -3.4e+38 -3.4e+38 -3.4e+38 -3.4e+38 -3.4e+38 -3.4e+38 -3.4e+38 -3.4e+38 -3.4e+38 -3.4e+38 -3.4e+38 1265.62756347656 -3.4e+38 1269.45715332031 1273.67639160156 1276.0048828125 1279.06530761719 1286.26501464844 1288.05541992188 1291.90686035156 1293.91662597656 1296.98278808594 1299.451171875 1304.04260253906 1305.01574707031 1305.94396972656 1309.22924804688 1311.56005859375 1317.97509765625 -3.4e+38 1324.27368164062 1327.97998046875 1330.27502441406 1336.16516113281 1338.96240234375 1341.29467773438 1344.58850097656 1348.56518554688 1351.41162109375 1356.04125976562 1364.23327636719 1366.60168457031 -3.4e+38 1372.55004882812 1377.98046875 1381.61462402344 1389.0361328125 1393.59912109375
-3.4e+38 -3.4e+38 -3.4e+38 -3.4e+38 -3.4e+38 -3.4e+38 -3.4e+38 -3.4e+38 -3.4e+38 -3.4e+38 -3.4e+38 -3.4e+38 1264.0556640625 1266.64013671875 1268.9736328125 1271.0029296875 1274.58044433594 1276.30932617188 1284.34484863281 1288.10205078125 1290.91357421875 1294.70263671875 1296.71350097656 -3.4e+38 1302.80969238281 1304.15441894531 1307.29748535156 1309.80529785156 1312.9580078125 1317.18359375 1322.53967285156 1325.48583984375 1329.54187011719 1330.98327636719 1336.50854492188 1339.3876953125 1342.44836425781 1345.07043457031 1351.13952636719 1351.98022460938 1358.34094238281 1366.14318847656 1369.51037597656 1371.63806152344 1377.25366210938 1382.05749511719 -3.4e+38 1388.90490722656 1391.95544433594
-3.4e+38 -3.4e+38 -3.4e+38 -3.4e+38 -3.4e+38 -3.4e+38 -3.4e+38 -3.4e+38 -3.4e+38 -3.4e+38 -3.4e+38 -3.4e+38 -3.4e+38 -3.4e+38 -3.4e+38 1274.60974121094 1276.17431640625 1280.24731445312 -3.4e+38 1285.86791992188 1289.77111816406 1291.87170410156 1295.34912109375 1299.07421875 1302.279296875 1304.52734375 1306.43530273438 1309.43994140625 1312.01989746094 1319.03259277344 1321.57165527344 -3.4e+38 1330.47106933594 1334.1826171875 1337.81762695312 1341.80822753906 1345.92150878906 1348.23718261719 1352.48120117188 1355.16711425781 1358.5947265625 1370.87133789062 1371.98156738281 1378.69592285156 1379.21398925781 1382.89074707031 1387.98840332031 1390.2666015625 1395.9462890625
-3.4e+38 -3.4e+38 -3.4e+38 -3.4e+38 -3.4e+38 -3.4e+38 -3.4e+38 -3.4e+38 -3.4e+38 -3.4e+38 -3.4e+38 -3.4e+38 -3.4e+38 -3.4e+38 -3.4e+38 -3.4e+38 -3.4e+38 1281.01257324219 1285.89770507812 -3.4e+38 1291.1708984375 1290.35375976562 1297.80639648438 1301.15539550781 1304.68835449219 1304.71228027344 1307.28881835938 1309.57653808594 1313.8662109375 1320.29248046875 1323.09729003906 1327.90661621094 1330.51928710938 1334.75268554688 1338.43505859375 1343.76013183594 1346.87182617188 1348.89416503906 1354.42224121094 1356.72009277344 1360.28674316406 1371.2265625 1375.2119140625 1380.08618164062 1381.01623535156 1384.62524414062 1388.56384277344 1393.45544433594 1397.88549804688
-3.4e+38 -3.4e+38 -3.4e+38 -3.4e+38 -3.4e+38 -3.4e+38 -3.4e+38 -3.4e+38 -3.4e+38 -3.4e+38 -3.4e+38 -3.4e+38 -3.4e+38 -3.4e+38 -3.4e+38 -3.4e+38 -3.4e+38 -3.4e+38 1285.27709960938 1289.24169921875 1292.03442382812 1294.06652832031 1298.57287597656 1302.10595703125 1305.81298828125 1308.91003417969 1310.58215332031 1313.63806152344 1316.44580078125 1323.19018554688 1329.08422851562 1332.36560058594 1334.17114257812 1338.42041015625 1343.14453125 1346.86535644531 1351.63549804688 1352.52575683594 1355.34423828125 1362.27673339844 1362.14855957031 1371.07275390625 1376.00280761719 1379.44384765625 1381.74560546875 1386.62634277344 1389.72448730469 1396.32446289062 1399.95458984375
-3.4e+38 -3.4e+38 -3.4e+38 -3.4e+38 -3.4e+38 -3.4e+38 -3.4e+38 -3.4e+38 -3.4e+38 -3.4e+38 -3.4e+38 -3.4e+38 -3.4e+38 -3.4e+38 -3.4e+38 -3.4e+38 -3.4e+38 -3.4e+38 1286.65771484375 1289.2919921875 1292.63195800781 1294.9296875 1299.26245117188 1302.44519042969 1307.11364746094 -3.4e+38 1311.66882324219 1316.10375976562 1318.47473144531 1324.947265625 -3.4e+38 1333.01086425781 1337.142578125 1343.18481445312 1347.04418945312 1350.76879882812 1354.2890625 1355.76477050781 1359.009765625 1365.43615722656 -3.4e+38 -3.4e+38 -3.4e+38 1381.67236328125 1383.34387207031 1390.65771484375 1395.26940917969 1399.98376464844 1404.642578125
-3.4e+38 -3.4e+38 -3.4e+38 -3.4e+38 -3.4e+38 -3.4e+38 -3.4e+38 -3.4e+38 -3.4e+38 -3.4e+38 -3.4e+38 -3.4e+38 -3.4e+38 -3.4e+38 -3.4e+38 -3.4e+38 -3.4e+38 -3.4e+38 -3.4e+38 1289.642578125 1293.115234375 1295.09143066406 1299.76843261719 1301.90661621094 1306.30456542969 1310.19506835938 1313.46472167969 1316.27038574219 1319.23913574219 1326.78564453125 1331.75708007812 1335.7275390625 1338.49377441406 1343.56958007812 1347.76879882812 1352.75720214844 1355.14575195312 1359.59643554688 1363.07629394531 1367.60656738281 -3.4e+38 -3.4e+38 1378.78527832031 1384.13488769531 1386.35925292969 1394.59606933594 1398.81982421875 1404.10607910156 1407.73498535156
-3.4e+38 -3.4e+38 -3.4e+38 -3.4e+38 -3.4e+38 -3.4e+38 -3.4e+38 -3.4e+38 -3.4e+38 -3.4e+38 -3.4e+38 -3.4e+38 -3.4e+38 -3.4e+38 -3.4e+38 -3.4e+38 -3.4e+38 -3.4e+38 1285.6083984375 1290.36071777344 1292.57897949219 1296.01379394531 1298.92211914062 1302.44348144531 -3.4e+38 1311.11010742188 1313.89697265625 1317.53698730469 1319.88208007812 1327.58276367188 1333.23071289062 1338.41101074219 1341.35034179688 1342.98828125 1346.73876953125 1352.91735839844 1357.1435546875 1360.12536621094 1366.08081054688 1367.82189941406 -3.4e+38 -3.4e+38 1381.96643066406 1386.63452148438 1388.91247558594 1395.42517089844 1399.16186523438 1406.82861328125 1411.220703125
-3.4e+38 -3.4e+38 -3.4e+38 -3.4e+38 -3.4e+38 -3.4e+38 -3.4e+38 -3.4e+38 -3.4e+38 -3.4e+38 -3.4e+38 -3.4e+38 -3.4e+38 -3.4e+38 -3.4e+38 -3.4e+38 -3.4e+38 -3.4e+38 1286.32116699219 1288.79235839844 1291.23559570312 1295.50793457031 1300.43994140625 -3.4e+38 1307.08129882812 1310.83569335938 1315.01171875 1318.12805175781 1320.0966796875 1326.86181640625 1333.52502441406 1336.9111328125 1341.68627929688 1345.20751953125 1349.18017578125 1352.486328125 1357.88195800781 1359.63391113281 1367.77526855469 1368.69482421875 -3.4e+38 1378.43835449219 1383.28173828125 1387.00671386719 1392.29272460938 1395.66198730469 1401.21215820312 1406.38098144531 1412.35681152344
-3.4e+38 -3.4e+38 -3.4e+38 -3.4e+38 -3.4e+38 -3.4e+38 -3.4e+38 -3.4e+38 -3.4e+38 -3.4e+38 -3.4e+38 -3.4e+38 -3.4e+38 -3.4e+38 -3.4e+38 -3.4e+38 -3.4e+38 -3.4e+38 1286.70764160156 1290.06567382812 1291.87939453125 1296.03625488281 1299.44750976562 -3.4e+38 -3.4e+38 1309.47875976562 1318.23901367188 1320.521484375 1323.17041015625 1329.4736328125 1336.40454101562 1337.53051757812 1340.74011230469 1345.17932128906 1350.27136230469 1351.23876953125 1357.61474609375 1359.99755859375 1365.97021484375 1368.93383789062 1373.62072753906 1380.62451171875 1385.10766601562 1389.35302734375 1393.64807128906 1397.07238769531 1402.6181640625 1407.32666015625 1413.71557617188
-3.4e+38 -3.4e+38 -3.4e+38 -3.4e+38 -3.4e+38 -3.4e+38 -3.4e+38 -3.4e+38 -3.4e+38 -3.4e+38 -3.4e+38 -3.4e+38 -3.4e+38 -3.4e+38 -3.4e+38 -3.4e+38 -3.4e+38 -3.4e+38 -3.4e+38 1292.73803710938 1294.32409667969 1300.07788085938 1302.17834472656 1306.67407226562 1308.62719726562 1314.21484375 1319.169921875 1322.9765625 1327.1220703125 1333.54040527344 1339.69763183594 1341.86987304688 1345.91687011719 1345.89025878906 1349.06066894531 1351.84228515625 1356.55310058594 -3.4e+38 1365.79650878906 1370.16540527344 1374.17175292969 1381.92565917969 1385.59008789062 1392.02746582031 1394.62084960938 1399.30871582031 1403.66748046875 1408.90539550781 1415.10192871094
-3.4e+38 -3.4e+38 -3.4e+38 -3.4e+38 -3.4e+38 -3.4e+38 -3.4e+38 -3.4e+38 -3.4e+38 -3.4e+38 -3.4e+38 -3.4e+38 -3.4e+38 -3.4e+38 -3.4e+38 -3.4e+38 -3.4e+38 -3.4e+38 1291.72351074219 1294.12158203125 1297.2138671875 1300.91015625 1304.41735839844 1307.38879394531 1312.36242675781 1315.99743652344 1320.47973632812 1324.81042480469 1329.04553222656 1335.31286621094 1338.20373535156 1346.58337402344 1349.47814941406 1350.10205078125 1352.34008789062 1355.85083007812 -3.4e+38 -3.4e+38 1367.81872558594 1374.13659667969 1376.91247558594 1385.57006835938 1391.09130859375 1392.80786132812 1395.38354492188 1404.49206542969 1407.69885253906 1414.02856445312 1418.40246582031
