rcp4.5models/CNRM_CM5/sc1gr2.19
NCOLS 261 
NROWS 433 
XLLCORNER 336357.134 
YLLCORNER 654653.479 
CELLSIZE 1000 
NODATA_value -3.4e+38 
[rows 220 to 241 of 433, columns 147 to 195 of 261]
331.803466796875 332.248016357422 331.998596191406 332.301849365234 332.24072265625 331.133636474609 329.943237304688 332.203674316406 332.627197265625 332.923889160156 332.858367919922 333.364776611328 333.657531738281 333.589233398438 333.520294189453 333.45068359375 333.709228515625 334.309600830078 -3.4e+38 334.166107177734 334.093475341797 334.020294189453 334.561767578125 334.643615722656 334.080322265625 333.646484375 333.724456787109 333.956970214844 333.725280761719 333.339019775391 333.106628417969 332.875213623047 333.104339599609 331.946228027344 331.866760253906 331.787048339844 332.043548583984 332.626953125 332.546630859375 332.803619384766 333.385559082031 333.304870605469 333.040344238281 332.445129394531 332.0625 331.715606689453 331.136322021484 330.813049316406 331.146728515625
331.118041992188 331.571228027344 331.902008056641 331.791900634766 331.731384277344 330.418121337891 329.180541992188 332.081024169922 332.168426513672 332.591674804688 332.887298583984 333.441741943359 333.687042236328 333.618927001953 333.550109863281 333.480621337891 333.563385009766 333.980834960938 334.268371582031 334.196380615234 334.123779296875 334.050628662109 334.544464111328 334.650299072266 334.062744140625 333.498718261719 333.064270019531 333.165740966797 333.446441650391 333.368835449219 333.290832519531 333.032928466797 332.775787353516 331.975280761719 331.714904785156 331.457458496094 331.890197753906 332.115051269531 332.216003417969 332.648529052734 332.871459960938 332.789947509766 332.553802490234 332.169891357422 331.904663085938 331.227264404297 330.859741210938 330.831329345703 330.978179931641
330.706726074219 331.1376953125 331.539916992188 331.544586181641 330.933471679688 330.932861328125 330.697174072266 331.748291015625 332.220520019531 332.668579101562 332.741729736328 333.424255371094 333.716888427734 333.648895263672 333.580230712891 333.510894775391 333.616638183594 333.882049560547 333.764190673828 333.868499755859 334.154418945312 334.081268310547 334.087097167969 334.169189453125 333.783050537109 333.197540283203 332.273010253906 332.886505126953 333.476715087891 333.399017333984 333.320892333984 332.908630371094 332.317962646484 331.466491699219 331.231689453125 331.179931640625 331.764282226562 331.683685302734 331.757415771484 332.1630859375 332.440765380859 332.359527587891 332.278198242188 332.196838378906 331.777404785156 330.952606201172 330.883056640625 330.830291748047 330.804382324219
331.246459960938 331.351501464844 331.454498291016 331.908477783203 330.836242675781 330.901092529297 331.375274658203 331.825164794922 332.401214599609 333.010955810547 332.794128417969 333.141448974609 333.747009277344 333.67919921875 333.610687255859 333.541473388672 333.800323486328 334.071899414062 333.505767822266 333.94580078125 334.185363769531 334.112243652344 333.606323242188 333.712249755859 333.278839111328 332.716918945312 331.993621826172 332.9169921875 333.329071044922 332.893218994141 332.993438720703 332.939178466797 332.193542480469 331.392486572266 330.954345703125 331.208862304688 331.793395996094 331.712554931641 331.812805175781 332.245147705078 332.468872070312 332.387359619141 332.305755615234 332.224090576172 331.804962158203 330.978942871094 330.722320556641 330.306640625 330.468231201172
331.223175048828 331.528778076172 331.621154785156 331.550537109375 329.967834472656 328.648742675781 330.298309326172 331.806823730469 332.256195068359 332.680480957031 332.975952148438 333.171813964844 333.777496337891 333.709838867188 333.641448974609 333.396881103516 333.297210693359 333.744659423828 333.514343261719 333.930969238281 334.216644287109 334.1435546875 333.149475097656 333.231994628906 332.845245361328 332.615173339844 332.382232666016 332.947814941406 333.384033203125 332.818084716797 332.714813232422 332.970062255859 332.223968505859 331.730529785156 331.164001464844 331.596435546875 331.822845458984 331.922424316406 332.3544921875 332.578979492188 332.497314453125 332.41552734375 332.333648681641 332.069152832031 331.472808837891 331.005584716797 330.773712158203 330.426605224609 330.579528808594
330.763519287109 331.019836425781 331.136596679688 331.114562988281 329.426910400391 328.042205810547 329.958221435547 331.523193359375 332.134124755859 332.22265625 332.646545410156 333.027587890625 333.449279785156 333.740783691406 333.672546386719 333.275054931641 332.862701416016 333.463531494141 333.392425537109 333.650238037109 334.248260498047 334.175201416016 333.5615234375 333.486785888672 333.234497070312 332.800842285156 332.724273681641 332.801391601562 333.034118652344 332.801544189453 332.567321777344 332.643463134766 332.254699707031 331.761322021484 331.348205566406 331.933654785156 331.852630615234 331.925537109375 332.330932617188 332.608032226562 332.526123046875 332.444061279297 332.180084228516 331.583709716797 331.197296142578 331.032592773438 330.768676757812 330.540069580078 331.083221435547
330.814880371094 330.945861816406 330.677612304688 330.607238769531 329.396728515625 329.001251220703 330.614593505859 331.553161621094 332.164154052734 332.100799560547 332.189086914062 332.905914306641 332.992248535156 333.413482666016 333.703979492188 333.306579589844 332.718933105469 333.137268066406 333.424285888672 333.682098388672 334.280242919922 334.031066894531 333.525207519531 333.450134277344 333.220397949219 332.655731201172 332.398559570312 332.678924560547 332.601257324219 332.523071289062 332.444427490234 332.365356445312 332.285827636719 331.613250732422 331.736633300781 331.784576416016 331.524200439453 331.801208496094 332.053741455078 332.637451171875 332.555267333984 332.472930908203 332.055267333984 331.307891845703 331.225250244141 331.059936523438 330.643035888672 330.262512207031 331.071380615234
330.819122314453 330.750854492188 329.496337890625 328.727905273438 328.937866210938 328.670928955078 330.644622802734 331.408874511719 331.834991455078 332.131408691406 332.067504882812 332.937194824219 332.870819091797 332.956817626953 333.377532958984 333.338470458984 332.422241210938 332.498565673828 333.456481933594 333.53857421875 333.954956054688 333.909698486328 333.091583251953 333.016662597656 332.941101074219 332.534057617188 332.119415283203 332.711029052734 332.633239746094 332.377410888672 331.940734863281 331.861206054688 331.781219482422 331.489532470703 332.075897216797 331.840637207031 331.605285644531 331.831481933594 331.903381347656 332.127838134766 332.225341796875 332.321411132812 331.724853515625 331.155212402344 330.893127441406 330.905364990234 330.308074951172 330.283172607422 330.937835693359
330.521850585938 329.953704833984 327.977355957031 325.682037353516 327.131591796875 326.969604492188 330.140716552734 330.753112792969 331.018402099609 331.803344726562 332.273376464844 332.968780517578 332.902618408203 332.835632324219 332.921203613281 333.012817382812 332.476409912109 332.575500488281 333.489044189453 333.41748046875 333.499053955078 333.585083007812 332.948150634766 332.515716552734 332.616394042969 332.566864013672 331.974945068359 332.209075927734 332.130950927734 331.898132324219 331.508331298828 331.251251220703 330.9912109375 331.34228515625 331.5703125 331.667327880859 331.944122314453 331.862091064453 331.779846191406 331.697326660156 331.768249511719 331.838043212891 331.448669433594 331.212097167969 330.977264404297 330.601440429688 330.393829345703 330.124084472656 330.595367431641
329.9404296875 329.203491210938 327.262603759766 324.364929199219 325.124908447266 324.676361083984 328.98681640625 330.492492675781 330.942413330078 331.521057128906 332.283111572266 332.825927734375 332.401824951172 332.510009765625 332.80029296875 332.731872558594 332.662658691406 332.746368408203 333.164489746094 333.450408935547 333.378204345703 333.305267333984 333.003295898438 332.615692138672 332.518127441406 332.242706298828 331.853698730469 331.776306152344 331.698303222656 331.619812011719 331.363555908203 330.949432373047 331.070892333984 331.220062255859 331.138824462891 331.389617919922 331.975311279297 331.893096923828 331.810577392578 331.727813720703 331.644805908203 331.561645507812 331.478302001953 331.394836425781 331.311279296875 330.839538574219 330.726013183594 330.168365478516 330.472137451172
329.668853759766 329.119110107422 327.584991455078 325.374298095703 324.265991210938 324.086517333984 329.109130859375 330.676300048828 331.287567138672 331.552856445312 332.162048339844 332.347015380859 331.967224121094 332.228912353516 332.833099365234 332.764801025391 332.520629882812 332.268493652344 332.709014892578 333.126525878906 333.411560058594 333.338653564453 333.014923095703 332.582672119141 332.352752685547 331.787628173828 331.529693603516 331.809478759766 331.554748535156 331.118438720703 330.884948730469 330.825225830078 331.236480712891 330.894073486328 331.170837402344 331.242828369141 331.469757080078 331.565460205078 331.841674804688 331.758666992188 331.675384521484 331.591949462891 331.50830078125 331.424530029297 331.340667724609 330.63037109375 330.393280029297 330.165863037109 330.284240722656
328.652984619141 327.242706298828 324.984466552734 322.957824707031 321.009246826172 325.316711425781 328.007202148438 330.565246582031 330.993225097656 331.289520263672 331.226806640625 331.741149902344 332.033203125 332.120635986328 332.542572021484 332.831726074219 332.259155273438 331.490203857422 332.090759277344 332.194519042969 332.479339599609 332.735900878906 333.258636474609 332.853912353516 332.107940673828 332.031555175781 331.954559326172 331.700836181641 331.441345214844 331.389434814453 330.463928222656 330.026123046875 329.79150390625 330.829742431641 330.546508789062 330.307373046875 330.712341308594 331.166198730469 331.417633056641 330.951934814453 330.377807617188 330.653656005859 330.901336669922 331.485076904297 331.068481445312 331.209533691406 330.770385742188 330.073913574219 330.038513183594
328.516876220703 326.874969482422 325.062835693359 322.686584472656 318.604583740234 322.505065917969 326.654235839844 330.086303710938 330.537078857422 330.789886474609 330.902191162109 331.460327148438 332.066741943359 332.000610351562 332.262237548828 332.865753173828 332.314208984375 331.413116455078 331.657012939453 331.914886474609 332.513793945312 332.595153808594 333.117828369141 332.531707763672 332.142364501953 332.065979003906 331.988891601562 331.581237792969 330.810882568359 330.885101318359 330.877990722656 330.12841796875 330.048156738281 330.485412597656 329.910675048828 330.363952636719 -3.4e+38 -3.4e+38 331.069000244141 330.340698242188 330.282257080078 330.324829101562 330.931945800781 331.515930175781 331.278717041016 330.701263427734 330.445098876953 330.276245117188 330.594146728516
328.718963623047 328.029113769531 326.987030029297 324.229278564453 321.494598388672 325.388122558594 327.921905517578 329.804901123047 330.41650390625 330.529846191406 330.978546142578 331.851165771484 332.100646972656 332.034698486328 332.121856689453 -3.4e+38 332.677398681641 332.118621826172 331.691680908203 331.949584960938 332.548583984375 332.475830078125 332.641998291016 332.252960205078 332.001861572266 331.568420410156 331.666625976562 331.440460205078 330.004638671875 329.738891601562 330.487762451172 330.094696044922 330.013641357422 330.407806396484 330.526550292969 330.732086181641 330.931335449219 -3.4e+38 -3.4e+38 330.576110839844 330.648651123047 330.407958984375 330.962921142578 331.368621826172 330.743225097656 330.29150390625 330.385589599609 330.637969970703 330.52978515625
328.5517578125 327.628692626953 326.762756347656 325.262481689453 325.588684082031 328.443756103516 329.254547119141 329.663238525391 330.266967773438 331.074127197266 331.326599121094 332.199737548828 332.134887695312 332.069122314453 332.002410888672 332.263580322266 332.691680908203 332.111633300781 331.726715087891 331.809906005859 332.227294921875 332.511047363281 332.363250732422 332.288208007812 331.883087158203 331.135894775391 331.212799072266 331.140289306641 329.929962158203 328.977081298828 329.561706542969 329.844818115234 329.400390625 330.214141845703 330.801544189453 330.741638183594 330.859375 -3.4e+38 330.466186523438 330.381408691406 330.651336669922 331.109497070312 330.816375732422 330.887329101562 330.519592285156 330.143371582031 330.025329589844 330.638793945312 330.46240234375
328.451446533203 327.238403320312 326.154510498047 324.543914794922 325.299896240234 328.316192626953 329.426849365234 329.360412597656 330.147796630859 330.533966064453 330.829254150391 331.877593994141 332.169494628906 332.103912353516 332.037353515625 -3.4e+38 332.216430664062 331.65771484375 331.405883789062 331.691131591797 331.9482421875 332.546600341797 332.042388916016 332.323791503906 332.093811035156 331.528167724609 331.094177246094 331.016235351562 329.928436279297 328.143798828125 329.261627197266 329.857299804688 329.633636474609 330.317108154297 330.905426025391 330.799682617188 -3.4e+38 330.431579589844 330.036224365234 329.95166015625 330.171844482422 330.73095703125 330.6962890625 330.788452148438 331.038452148438 329.632965087891 329.361450195312 329.969024658203 330.427886962891
328.411224365234 326.914031982422 325.034149169922 321.934661865234 322.943054199219 328.354309082031 329.480987548828 329.415924072266 330.006195068359 330.141754150391 330.569488525391 331.597686767578 332.204467773438 332.139068603516 332.072662353516 332.00537109375 331.937103271484 331.539123535156 330.952270507812 331.370849609375 331.809539794922 332.0517578125 331.763732910156 332.359741210938 332.109130859375 331.521697998047 331.130004882812 331.052001953125 330.007415771484 328.266479492188 328.967712402344 329.375762939453 329.981262207031 330.817291259766 331.405456542969 331.169097900391 -3.4e+38 329.272979736328 327.742462158203 328.728729248047 329.716552734375 330.504425048828 330.72900390625 330.795013427734 330.866180419922 329.538726806641 329.61279296875 329.184417724609 329.409301757812
328.323852539062 327.203674316406 324.841339111328 321.108337402344 324.041687011719 328.744384765625 329.843322753906 330.141662597656 330.236450195312 330.490905761719 330.758483886719 331.283996582031 331.353332519531 331.644165039062 331.752410888672 332.041168212891 331.973052978516 331.749542236328 331.190002441406 331.092010498047 331.517059326172 331.262786865234 331.625457763672 331.865203857422 331.634979248047 331.243591308594 330.816772460938 330.024841308594 329.812652587891 329.462066650391 329.382232666016 329.630554199219 330.199066162109 329.960144042969 331.081939697266 331.181365966797 330.585388183594 328.721374511719 325.064575195312 325.868835449219 330.311767578125 330.671447753906 330.577758789062 331.037353515625 330.412475585938 329.930206298828 329.638092041016 329.092346191406 329.009643554688
328.157073974609 327.068450927734 325.58984375 324.344329833984 327.026763916016 328.73193359375 329.681945800781 329.932098388672 330.585723876953 330.351135253906 330.437713623047 331.185089111328 330.960266113281 331.21044921875 331.473266601562 332.077362060547 -3.4e+38 331.9404296875 331.541778564453 330.954254150391 331.043487548828 330.809967041016 331.507873535156 331.432800292969 331.356903076172 331.105773925781 330.363586425781 328.957733154297 327.779479980469 328.545318603516 329.171295166016 330.133605957031 330.570281982422 329.574066162109 330.804260253906 331.239379882812 330.667358398438 328.3837890625 323.066833496094 322.207824707031 327.908203125 330.369110107422 330.812957763672 331.204559326172 -3.4e+38 330.297790527344 329.902130126953 329.638275146484 329.205017089844
328.098541259766 326.697113037109 323.831329345703 322.448181152344 328.023895263672 328.633422851562 329.226318359375 329.69384765625 330.620666503906 330.406341552734 330.339630126953 331.019866943359 331.311584472656 331.420989990234 331.865264892578 332.113922119141 332.046051025391 331.977233886719 331.752868652344 331.192413330078 330.765106201172 330.692596435547 331.544982910156 331.469879150391 331.2197265625 330.632476806641 330.239807128906 329.371459960938 327.656097412109 328.037292480469 329.119110107422 -3.4e+38 330.760070800781 330.281372070312 330.839721679688 331.077789306641 330.297424316406 328.665496826172 324.003723144531 323.244110107422 328.355712890625 330.604522705078 330.981079101562 -3.4e+38 330.017852783203 330.118408203125 330.217193603516 329.438507080078 328.869262695312
327.516906738281 326.086273193359 322.608764648438 320.368591308594 327.217834472656 328.471923828125 329.101165771484 329.694244384766 329.944732666016 330.596496582031 330.710479736328 331.096252441406 331.348052978516 331.438110351562 331.688049316406 331.621337890625 331.727722167969 332.014373779297 331.944702148438 331.719451904297 331.332153320312 331.085723876953 331.226531982422 331.507354736328 330.929077148438 330.172454833984 330.633666992188 329.870788574219 329.140228271484 329.235900878906 329.448760986328 329.717346191406 330.090118408203 330.273162841797 330.700866699219 330.624847412109 329.891235351562 329.302825927734 327.845367431641 327.211456298828 328.698150634766 330.589630126953 330.863830566406 -3.4e+38 -3.4e+38 330.204254150391 330.077606201172 329.310516357422 329.300415039062
326.867156982422 324.515502929688 321.493530273438 321.567932128906 326.178131103516 327.836853027344 328.961608886719 329.239471435547 329.706146240234 330.457855224609 330.371856689453 331.274017333984 331.029724121094 331.3203125 331.254730224609 331.362213134766 331.630493164062 331.696655273438 331.808349609375 331.382476806641 331.310913085938 331.083862304688 330.774688720703 331.015380859375 330.630859375 330.056976318359 330.274108886719 330.082641601562 329.494079589844 329.035827636719 329.324645996094 329.915802001953 329.6806640625 329.462921142578 330.226013183594 330.500427246094 330.088684082031 329.155822753906 -3.4e+38 -3.4e+38 328.509094238281 330.137115478516 330.537078857422 330.811218261719 330.572845458984 330.008972167969 329.927001953125 329.839080810547 329.410125732422
