rcp4.5models/CNRM_CM5/sc1gr3.11
NCOLS 261 
NROWS 433 
XLLCORNER 336357.134 
YLLCORNER 654653.479 
CELLSIZE 1000 
NODATA_value -3.4e+38 
[rows 374 to 395 of 433, columns 147 to 195 of 261]
-3.4e+38 -3.4e+38 263.722351074219 263.538482666016 263.195922851562 263.284484863281 263.329681396484 263.169311523438 263.231109619141 263.625305175781 -3.4e+38 264.249725341797 264.380798339844 264.240081787109 264.046997070312 263.517730712891 262.925811767578 263.065643310547 263.194427490234 263.198791503906 262.843780517578 263.282928466797 263.412139892578 -3.4e+38 263.373687744141 263.158508300781 262.719024658203 262.841491699219 263.45947265625 263.777191162109 264.330047607422 264.963470458984 264.943969726562 264.410980224609 264.85107421875 265.372436523438 265.514404296875 265.554168701172 265.075012207031 264.795318603516 264.436157226562 264.242279052734 264.277526855469 -3.4e+38 264.758697509766 265.489135742188 265.621673583984 265.993927001953 265.882110595703
263.727020263672 263.568878173828 263.422424316406 263.180389404297 263.164001464844 263.447937011719 263.562377929688 263.269866943359 263.357147216797 263.610473632812 264.057373046875 -3.4e+38 -3.4e+38 -3.4e+38 263.986145019531 263.702789306641 263.284332275391 263.026733398438 263.376983642578 263.714324951172 263.373840332031 263.489288330078 263.763671875 263.656707763672 263.264556884766 263.018981933594 263.091217041016 263.332855224609 263.927551269531 264.2060546875 264.722106933594 265.119232177734 265.124237060547 264.55712890625 265.152252197266 265.611419677734 265.754577636719 265.751098632812 265.14892578125 264.934539794922 264.780853271484 264.584930419922 264.413116455078 264.611511230469 264.830047607422 265.499389648438 265.793518066406 -3.4e+38 266.43310546875
263.914031982422 263.716156005859 263.384307861328 263.181091308594 263.322448730469 263.609069824219 263.872344970703 263.785217285156 263.648468017578 263.801879882812 264.347045898438 -3.4e+38 264.674743652344 264.445892333984 263.889709472656 263.721771240234 263.440368652344 262.990295410156 263.366333007812 263.979766845703 263.835876464844 263.814331054688 264.045715332031 263.651763916016 263.276336669922 263.212615966797 263.556610107422 263.616394042969 264.016693115234 264.508483886719 264.941131591797 265.253387451172 265.198822021484 264.604370117188 265.234222412109 265.912902832031 265.770660400391 265.403991699219 265.405334472656 265.116851806641 265.228240966797 264.865814208984 264.527587890625 264.643707275391 264.946166992188 265.406127929688 -3.4e+38 266.490936279297 266.520935058594
264.222503662109 264.063995361328 263.623992919922 263.421356201172 263.474243164062 263.600769042969 264.043487548828 264.130737304688 263.637725830078 263.747375488281 264.566497802734 264.8310546875 264.555572509766 264.413238525391 264.019989013672 263.547607421875 263.268920898438 263.144592285156 263.439910888672 264.048492431641 264.245300292969 264.041381835938 263.649017333984 263.535736083984 263.632507324219 263.508056640625 263.988494873047 264.054718017578 264.239685058594 264.498138427734 264.882537841797 265.125671386719 265.165313720703 264.951751708984 265.547241210938 265.986938476562 265.776184082031 265.336364746094 265.690795898438 265.50146484375 265.530212402344 265.021209716797 264.434509277344 -3.4e+38 264.958282470703 265.163696289062 265.653564453125 265.998504638672 -3.4e+38
264.215454101562 264.182861328125 264.044006347656 263.814483642578 263.550415039062 263.706176757812 264.291961669922 264.536254882812 263.951019287109 263.841949462891 264.729644775391 264.821624755859 264.515869140625 264.208190917969 263.710754394531 263.39794921875 263.166412353516 263.387054443359 263.574432373047 264.035919189453 264.455596923828 264.229583740234 263.335510253906 263.857727050781 263.981597900391 263.883483886719 264.387145996094 264.507019042969 264.351470947266 264.560821533203 265.072906494141 265.243316650391 265.450134277344 265.159698486328 265.458923339844 265.961944580078 266.134094238281 265.997650146484 265.812438964844 265.839996337891 265.460052490234 265.118072509766 264.735809326172 264.499114990234 264.469604492188 264.964752197266 265.524322509766 265.530883789062 265.829071044922
264.354064941406 264.454132080078 264.369995117188 264.170776367188 263.835510253906 263.872741699219 264.587677001953 264.930480957031 264.641418457031 264.379058837891 264.919799804688 265.062835693359 264.836486816406 264.389099121094 263.939117431641 263.717224121094 263.521942138672 263.461547851562 263.700500488281 264.273040771484 264.774108886719 264.616455078125 263.661773681641 263.968078613281 264.151977539062 264.411468505859 264.769073486328 264.829803466797 264.547821044922 264.49365234375 265.185943603516 265.603942871094 265.740295410156 265.555908203125 265.563262939453 265.996917724609 266.427001953125 266.589813232422 266.218536376953 266.181396484375 265.636535644531 265.40087890625 265.038360595703 264.364929199219 264.08349609375 264.813934326172 264.969909667969 265.181488037109 265.658111572266
264.38134765625 264.721160888672 264.883239746094 264.580444335938 264.126007080078 263.980041503906 264.66015625 -3.4e+38 265.332427978516 265.138244628906 265.233093261719 265.194396972656 264.808715820312 264.636901855469 264.521850585938 264.292755126953 263.901702880859 263.480041503906 263.750793457031 264.270904541016 -3.4e+38 264.879089355469 264.241363525391 264.240295410156 264.117462158203 264.495239257812 265.159851074219 264.989929199219 264.638275146484 264.375213623047 264.986175537109 265.372894287109 265.635559082031 265.890838623047 266.026977539062 266.063781738281 266.340881347656 266.857818603516 266.683166503906 -3.4e+38 -3.4e+38 265.826049804688 265.029083251953 264.334686279297 263.908477783203 264.263793945312 264.354431152344 264.599090576172 264.697204589844
264.5888671875 264.652038574219 265.223052978516 264.890808105469 264.360534667969 264.303802490234 264.463409423828 265.166351318359 265.776977539062 265.666137695312 265.637512207031 264.880920410156 264.549591064453 264.76513671875 264.841979980469 264.702117919922 264.120330810547 263.608489990234 263.821472167969 264.257507324219 264.749542236328 265.115600585938 264.727416992188 264.848999023438 264.450500488281 264.535736083984 265.344665527344 265.104644775391 264.603363037109 264.527618408203 264.655700683594 264.884857177734 265.234954833984 265.657073974609 265.874206542969 265.927032470703 266.037170410156 266.611724853516 -3.4e+38 -3.4e+38 266.636322021484 265.860687255859 265.290710449219 264.722106933594 263.875732421875 263.831848144531 264.429046630859 264.576904296875 264.341278076172
265.073425292969 264.790313720703 265.174743652344 265.112091064453 264.899017333984 264.970947265625 264.641174316406 265.065338134766 265.533569335938 265.741607666016 265.542419433594 264.979095458984 -3.4e+38 -3.4e+38 265.116485595703 264.698608398438 264.163970947266 263.794799804688 264.143371582031 264.669494628906 264.9638671875 265.274047851562 264.970275878906 265.193054199219 265.051727294922 264.961700439453 265.302001953125 265.279235839844 264.986694335938 264.612609863281 264.194793701172 264.542907714844 264.866180419922 265.110412597656 265.404846191406 265.493286132812 265.891784667969 266.166381835938 266.77587890625 -3.4e+38 -3.4e+38 -3.4e+38 265.968383789062 265.462860107422 264.553894042969 263.775268554688 264.811920166016 265.151672363281 264.777801513672
265.548645019531 265.760803222656 265.564666748047 265.857818603516 265.654968261719 265.732666015625 265.548736572266 264.963836669922 264.80078125 265.43359375 265.752014160156 265.216522216797 264.720153808594 -3.4e+38 264.88330078125 264.849609375 264.507080078125 264.555694580078 264.828399658203 265.203948974609 265.676055908203 265.627960205078 265.310028076172 265.587646484375 265.728240966797 266.130920410156 265.818084716797 265.191772460938 265.135803222656 264.854888916016 264.600036621094 264.462432861328 264.177032470703 265.223907470703 265.256561279297 265.376953125 265.494232177734 265.539520263672 266.056854248047 -3.4e+38 -3.4e+38 -3.4e+38 266.575561523438 266.234100341797 265.693572998047 265.910034179688 266.140502929688 264.841735839844 262.124969482422
265.313812255859 265.765838623047 266.049163818359 266.1552734375 265.86572265625 265.865661621094 265.778137207031 265.396545410156 265.064819335938 265.5322265625 265.8916015625 265.371734619141 265.034912109375 264.677886962891 264.454254150391 264.342193603516 264.198944091797 264.408538818359 264.899078369141 265.174011230469 265.471893310547 265.661926269531 265.56298828125 265.659729003906 266.012725830078 266.123687744141 265.834411621094 265.242950439453 265.201782226562 265.143859863281 265.004852294922 264.915100097656 264.559753417969 265.231658935547 -3.4e+38 265.888885498047 265.730316162109 265.524200439453 266.025665283203 -3.4e+38 -3.4e+38 266.783081054688 266.920501708984 266.808776855469 266.240783691406 266.273834228516 266.513580322266 264.952941894531 262.816497802734
265.326995849609 265.709503173828 265.897918701172 265.985046386719 266.052185058594 266.030517578125 266.042144775391 265.737976074219 265.693145751953 265.988159179688 -3.4e+38 265.678527832031 265.394012451172 264.943664550781 264.661468505859 264.216033935547 263.932891845703 264.313598632812 264.788055419922 264.972778320312 265.316955566406 265.793151855469 265.785064697266 265.665771484375 266.01220703125 265.973602294922 265.865753173828 265.464813232422 265.215789794922 265.292663574219 265.309326171875 265.254425048828 265.020080566406 265.162628173828 265.72119140625 265.758728027344 -3.4e+38 266.190521240234 265.994293212891 266.688415527344 266.950714111328 267.148681640625 267.2236328125 267.321105957031 267.038940429688 266.454467773438 266.563690185547 265.871551513672 265.318603515625
265.345489501953 265.374267578125 265.172546386719 265.466278076172 265.890014648438 266.180267333984 266.423950195312 266.092163085938 266.079986572266 266.204742431641 266.046173095703 265.582427978516 265.06005859375 264.837310791016 264.746673583984 264.514038085938 264.310211181641 264.367828369141 264.358428955078 264.767486572266 265.174621582031 265.537231445312 265.818511962891 265.984436035156 265.920715332031 266.028076171875 266.244018554688 265.767944335938 265.430938720703 265.519195556641 265.734680175781 265.529846191406 264.813232421875 265.129333496094 265.628753662109 265.798126220703 266.349090576172 266.539154052734 266.24755859375 266.534820556641 266.879577636719 267.183227539062 267.381713867188 267.540557861328 267.426666259766 -3.4e+38 266.608306884766 266.439819335938 265.952239990234
264.845428466797 265.0849609375 265.272003173828 265.619171142578 266.044799804688 266.307434082031 266.652954101562 266.381011962891 265.991912841797 -3.4e+38 265.787567138672 265.379852294922 264.716583251953 264.735595703125 264.895477294922 264.838653564453 264.694610595703 264.744171142578 264.323791503906 264.399658203125 264.837982177734 265.082397460938 265.618957519531 265.804534912109 265.93505859375 266.229278564453 266.616546630859 265.866973876953 265.6630859375 265.951507568359 266.137237548828 265.646301269531 264.704071044922 265.075958251953 265.521240234375 265.963134765625 266.647338867188 266.683013916016 266.692504882812 266.606384277344 266.889556884766 266.986236572266 267.247650146484 267.760894775391 267.604736328125 266.430236816406 266.8935546875 266.44384765625 265.194885253906
264.830505371094 265.235107421875 265.751342773438 266.079010009766 266.325317382812 266.546600341797 266.732086181641 266.575317382812 266.33447265625 266.205596923828 265.836456298828 265.313354492188 264.931915283203 265.449340820312 265.555816650391 265.192657470703 265.018127441406 264.914215087891 264.430877685547 264.3291015625 264.607330322266 264.763732910156 265.284423828125 265.475128173828 266.036163330078 266.386383056641 266.919036865234 266.492065429688 266.206848144531 266.32275390625 266.115783691406 265.573089599609 265.18115234375 265.2666015625 265.570861816406 265.866088867188 266.397918701172 266.805999755859 267.225280761719 267.240570068359 267.292602539062 266.955902099609 267.361328125 267.814422607422 267.785034179688 267.579010009766 267.409912109375 266.462097167969 264.472747802734
265.237487792969 265.389343261719 265.718292236328 265.964324951172 266.125671386719 266.327239990234 266.651733398438 266.833862304688 266.800567626953 266.424774169922 265.793365478516 265.533203125 265.341430664062 265.675415039062 265.695037841797 265.409149169922 265.376068115234 265.060180664062 264.750091552734 264.578094482422 264.628265380859 264.594604492188 265.005828857422 265.656097412109 266.209747314453 266.545288085938 266.802825927734 267.148712158203 266.818725585938 266.378082275391 266.201690673828 265.964935302734 265.869873046875 266.012237548828 265.782775878906 265.661895751953 266.018341064453 266.775909423828 267.311737060547 267.775115966797 267.702880859375 267.402526855469 267.750946044922 267.719940185547 267.903289794922 267.736999511719 267.665130615234 267.2099609375 266.062316894531
265.202728271484 265.241668701172 265.281372070312 265.307189941406 265.653686523438 265.993316650391 266.539489746094 266.831359863281 266.621032714844 266.129150390625 265.896514892578 265.669036865234 265.586212158203 265.906494140625 266.037628173828 265.894775390625 265.699859619141 265.447784423828 265.140045166016 264.787322998047 264.897705078125 264.54052734375 264.542572021484 265.686340332031 266.313751220703 266.653625488281 266.804626464844 267.296997070312 267.046997070312 266.389434814453 266.32421875 266.281707763672 266.343383789062 266.569152832031 266.270202636719 266.034851074219 266.090789794922 266.719024658203 267.034362792969 267.870025634766 267.758972167969 267.813385009766 267.889038085938 267.773651123047 267.914672851562 267.792236328125 267.7724609375 267.950500488281 267.428619384766
264.861694335938 -3.4e+38 264.692535400391 264.744476318359 265.178039550781 265.577453613281 266.213134765625 266.688903808594 266.584625244141 266.195343017578 266.120910644531 266.23583984375 266.155151367188 266.378479003906 266.322692871094 266.150421142578 265.729339599609 265.385498046875 265.319732666016 265.306823730469 265.229431152344 264.750061035156 264.563507080078 265.406494140625 266.261749267578 266.614593505859 267.296325683594 267.373443603516 267.267333984375 266.817840576172 266.376312255859 266.319488525391 266.546142578125 266.854583740234 266.683349609375 266.339660644531 266.084777832031 266.731903076172 267.065124511719 267.821044921875 267.853729248047 -3.4e+38 268.128936767578 267.993896484375 268.052154541016 268.05224609375 268.077117919922 268.249481201172 267.938690185547
264.204254150391 264.528381347656 264.537017822266 264.932037353516 265.353179931641 265.642120361328 266.250061035156 266.681976318359 266.760650634766 266.635864257812 266.473968505859 266.68798828125 266.463317871094 266.180816650391 266.008453369141 265.945678710938 265.521484375 265.701080322266 265.807800292969 265.724273681641 265.497375488281 -3.4e+38 265.150207519531 265.685424804688 266.352996826172 266.856689453125 267.323608398438 267.307464599609 267.382354736328 267.134979248047 266.566619873047 266.804504394531 266.966400146484 267.187927246094 266.615356445312 266.348968505859 266.155212402344 266.763214111328 266.974670410156 267.750183105469 267.847045898438 267.985015869141 -3.4e+38 -3.4e+38 268.293701171875 268.079284667969 268.389251708984 268.355255126953 268.430267333984
264.06591796875 264.341766357422 264.587921142578 264.968383789062 265.413635253906 265.683837890625 266.2216796875 266.404510498047 266.545135498047 266.835998535156 267.022613525391 266.350982666016 266.178497314453 266.085144042969 266.080261230469 266.10205078125 265.894836425781 266.226257324219 266.149353027344 265.740203857422 266.008453369141 265.972351074219 265.487731933594 265.685546875 266.373352050781 266.919097900391 267.266265869141 267.133666992188 267.234313964844 267.187164306641 266.998016357422 267.279663085938 267.376403808594 267.325592041016 266.709136962891 266.532104492188 266.355133056641 266.816070556641 266.856964111328 267.433929443359 267.794982910156 267.766876220703 267.965209960938 -3.4e+38 268.429168701172 267.780975341797 268.080841064453 268.429962158203 268.505218505859
264.460540771484 264.742065429688 264.644897460938 264.619384765625 264.937805175781 265.225738525391 265.741943359375 266.125396728516 266.531982421875 266.864410400391 267.052673339844 266.364318847656 266.250854492188 266.221588134766 266.243530273438 266.26513671875 266.313293457031 266.230377197266 265.889312744141 266.00146484375 266.420135498047 266.497741699219 265.725799560547 265.467681884766 266.321166992188 266.646484375 267.175750732422 267.135864257812 267.37158203125 267.239685058594 267.314361572266 267.308135986328 267.405181884766 267.407135009766 266.946166992188 266.567657470703 266.510986328125 266.930603027344 266.721710205078 267.071136474609 267.828918457031 267.695953369141 267.874176025391 268.034484863281 268.089996337891 267.796905517578 268.01806640625 268.678802490234 268.478179931641
264.271850585938 265.231353759766 265.353698730469 265.082458496094 265.091430664062 265.260620117188 265.532196044922 265.778167724609 266.264892578125 266.987823486328 267.233215332031 266.907684326172 266.707885742188 266.649841308594 266.747863769531 266.829315185547 266.669677734375 266.295532226562 266.391235351562 266.739349365234 267.047271728516 266.852844238281 266.019378662109 266.122619628906 266.199829101562 266.441284179688 266.983306884766 267.217712402344 267.857727050781 267.828735351562 267.368194580078 267.9580078125 267.914703369141 267.99658203125 267.524749755859 267.074676513672 267.259124755859 267.305572509766 266.601287841797 266.962707519531 267.264862060547 267.217468261719 267.333312988281 267.663726806641 267.931610107422 268.651916503906 268.772888183594 268.700927734375 268.684051513672
