rcp4.5models/CNRM_CM5/sc1gr9.0
NCOLS 261 
NROWS 433 
XLLCORNER 336357.134 
YLLCORNER 654653.479 
CELLSIZE 1000 
NODATA_value -9999 
[rows 330 to 351 of 433, columns 50 to 99 of 261]
1082.90797104391 1097.74829714217 1115.4361857332 1131.03029831676 1147.42737027949 1166.16537157343 1198.7933217024 1215.96731054855 1231.66036091671 1247.40513075226 1267.43590307518 1283.23765339701 1301.6675468487 1324.89608520144 1349.23023993325 1375.532302003 1398.52610111376 1460.98279839101 1482.65086917922 1505.1218686271 1539.26312080444 1562.51657074318 1583.77703276861 -9999 -9999 1660.78037440906 -9999 1703.7281307184 1746.39867020571 1709.16477136434 1676.06586693296 1671.56287486047 1678.93438192801 1747.94560896579 1861.90558737769 1924.45566538437 1933.16266349422 1900.64698309704 1865.75335141753 1939.13542601717 2018.33008389896 2043.50601578858 2018.3618701201 1963.93552861926 1953.52902313233 1936.05304195883 1944.05900127429 1985.61531431882 1841.40484413707 1575.84474874765
1087.78411796929 1104.66847358703 1121.1768078589 1138.24687465027 1157.76054947597 1175.40513468744 1210.36754214581 1226.49642149124 1244.1510685233 1267.34540500232 1292.98624356677 1300.5113320756 1311.64923106368 1336.25721110131 1358.68123501844 1381.97379936844 1399.7199631385 1453.12450106555 1480.93968920732 1509.83384578432 1533.57798230586 1567.25048175852 1603.64496192207 -9999 1658.70825697472 1664.64282672774 -9999 1715.80538427847 1720.55325607859 1677.43445318027 1663.29575256012 1662.39222715885 1670.73688274602 1699.63906250353 1765.10886048283 1844.87807573246 1856.9286412849 1808.58949582783 1784.21473745811 1886.190828253 2004.45631854569 2025.05779564414 2034.62879904716 1977.28804197911 1982.39402782291 2016.67081003763 1999.77893472703 2040.48344974642 1974.24119028091 1740.02181959011
1099.74122068723 1112.6715545801 1128.28705557661 1148.28123949758 1163.95032211266 1178.68025081746 1220.50515531749 1240.63748704097 1258.74169702243 1283.00725196554 1307.31755469218 1314.13381267552 1322.06780997704 1342.5284517697 1365.59442026918 1390.51432519673 1408.45885408638 1453.80018846704 1480.55709762556 1508.43638387923 1525.38322166927 1567.38096242673 1607.50136183224 -9999 1662.20363271967 1668.49005845221 1689.5453674954 1717.24475879845 1707.39059897076 1686.88459315622 1687.5107518729 1670.06687681201 1681.57850320775 1694.03944599445 1710.83803918416 1763.95770979872 1782.97983356212 1750.31971736718 1779.90269548322 1891.14629786993 2004.43770597822 2011.14118007556 2011.27418672918 1980.55320346961 1988.37233950341 2034.76848745305 2030.93382976421 2036.41319078908 2039.97889140476 1946.99678784471
1111.34565107404 1120.78751539764 1139.20208808049 1160.86375471538 1173.43007007709 1190.36604117027 1230.69270818579 1256.1921915161 1273.22149318985 1293.62227977235 1313.53046190357 1321.00936377473 1334.40720815737 1357.13100996077 1378.5174250154 1402.78856199966 1423.78223409719 1466.00308718803 1490.82605071786 1510.79268870151 1532.39350016153 1579.15955971204 1618.4162693096 -9999 1662.05840447448 1679.30547582687 1690.85768092494 1710.15520693012 1736.20046423609 1726.77133576805 1706.0984972011 1685.6637544163 1693.7719087567 1700.03502922978 1704.07466714886 1727.37657329392 1743.21503248084 1733.33306449098 1754.00914097373 1863.34092546786 1988.70615972032 2004.84213659233 1966.99878031461 1972.92860334155 2001.87721065581 2013.58737686947 1992.45016891217 1942.67090678812 1985.27567185161 1998.85774973549
1118.37415852218 1129.21939147684 1148.55164243811 1166.99011442356 1181.51276934327 1205.52446245334 1245.5294937349 1271.04071346173 1289.33334244014 1303.79254209558 1316.31645272374 1326.04461790576 1348.69743290392 1373.78495052246 1392.24775689587 1423.63592916966 1448.13938562896 1480.32673821022 1493.2221665951 1511.20857534207 1550.59480972329 1598.13599909024 1629.94688723546 1643.5233042344 1663.5367574302 1685.38369238636 1695.98333417026 1668.8709157097 1759.10879725092 1744.35186849405 1739.99460447987 1756.66662056898 1722.56609743137 1699.17063694261 1722.59080009776 1729.31749429179 1734.27970292878 1765.73127357596 1764.56732472226 1782.00589216771 1980.44272844447 2000.59474262618 1960.19079938269 1936.01535200311 1966.24089303107 2000.46646572346 1913.63615561216 1807.75751968375 1871.22965275974 1918.21843649032
1125.37535776185 1138.7579857485 1155.65536834746 1172.83492423064 1192.10500414412 1217.13079079785 1258.82603442116 1281.40276985009 1298.83874702557 1311.6341300537 1326.5037331951 1344.5503889205 1365.52853409746 1382.81484193274 1402.18597319534 1433.45687525102 1460.64853804225 1487.43182238767 1495.0947534782 1519.40446929806 1564.31377179173 1605.61191501786 1635.12359033062 1649.15659486493 1668.22454029548 1689.72530014259 1696.38418683612 1678.03539140149 1763.10737140366 1751.5745585696 1770.88139269207 1814.36940748764 1756.75151962388 1699.54614019686 1710.77217841413 1716.87942036934 1727.34116725482 1785.64921720329 1782.37926271196 1731.46864109709 1941.10850974515 1940.39353370212 1902.16641166331 1902.9866218675 1919.51375463372 1971.59964858986 1882.01229803031 1678.73802866842 1633.51093017139 1739.21813540773
1138.95102451988 1152.94671959013 1174.19726901164 1195.29904357498 1215.538664468 1237.79602681918 1280.05182881226 1296.68366328934 1316.98849912362 1339.74848494174 1352.91664224855 1371.22279964384 1394.95549568515 1412.98326258566 1426.2454695944 1444.90195070579 1470.96104801233 1494.03384481489 1512.75747094906 1542.0370138971 1569.41277438924 1608.20759031189 1643.22943875884 1664.77271213839 1679.03871002687 1695.70936466287 1667.45003120696 1684.20264543072 1746.75168823181 1772.09325934692 1768.04950580116 1800.82850153725 1783.6733376185 1713.10096354304 1686.46733590146 1688.76559439595 1704.26687396379 1714.9476717305 1741.64017935737 1743.33846564885 1761.80791409913 1783.31642384326 1742.05333014471 1723.66970988918 1784.10123092949 1926.91474047577 1930.69990240939 1738.71521203226 1634.5936063768 1751.90745637425
1145.93259089069 1162.56774441203 1185.86524576269 1209.64844681892 1232.22973201413 1250.82073354213 1285.00400089101 1303.37083535884 1327.8136922778 1350.22795449671 1366.17386395469 1386.56364797959 1407.2063653484 1424.78814397164 1437.27045368492 1455.23112069398 1474.1459832427 1505.25830707303 1526.98281464232 1545.19197836616 1561.76428139046 1605.37551330427 1645.63239714268 1668.07000796926 1681.42295813914 1698.72177997188 1691.85803633847 1675.83228093075 1734.52217190841 1770.25886219126 1768.05460395054 1801.00645475136 1780.28237583396 1705.55696806736 1692.39125132841 1696.68723977561 1698.4404148857 1700.70068502099 1707.08565565822 1712.50386854365 1704.96342856497 1717.0717887462 1714.95107784234 1704.60356461753 1752.05783288257 1885.4389283404 1943.89839471805 1863.79080540688 1840.20602627088 1897.62617561035
1151.95417744714 1173.10475116506 1197.29070902464 1219.84742396486 1241.03905829312 1257.46415611574 1292.67001012639 1316.95514462782 1338.83018208435 1357.44435693647 1379.82574486028 1401.50097110035 1416.00340393891 1433.21083778289 1446.65507315583 1461.28887929914 1478.36186297252 1518.76728418012 1542.79529934743 1559.26881815579 1569.30735482861 1607.22239409057 1641.71744734395 1664.15508508604 1683.79414337063 1700.61461597892 1695.26249650016 1659.48447852671 1719.83545592304 1767.68639827803 1770.92120804665 1795.1245847616 1799.05704172949 1724.11862171295 1690.73789399359 1696.71815011244 1699.70021372415 1706.29296165653 1700.89083278955 1702.72529983772 1708.0626936444 1700.88872618494 1699.96968446055 1696.72606112815 1707.51707813428 1786.23422752576 1875.97425178736 1904.15067825391 1922.23414905927 1920.54171115544
1165.36525923644 1186.41630582252 1203.62883362544 1221.2896871839 1243.04985165872 1265.22080499236 1306.52473327055 1327.96686663683 1345.52331256927 1365.0578680838 1391.12803947929 1412.47478854397 1424.01978960607 1442.80141086592 1460.96171528105 1470.79357435113 1489.62711948999 1543.96601137678 1563.03745822628 1579.56149956919 1598.55767194219 1603.35405383451 1631.41500758806 1661.65650276719 1680.90801609248 1700.23026712846 1682.62881212905 1650.21071531837 1746.16038781654 1753.47887144018 1764.4823807789 1802.33480892918 1819.27296901279 1756.70212358383 1693.87439270806 1690.86219873068 1696.54888871174 1700.80842312404 1699.57919624755 1702.6469365854 1710.64652128071 1705.91938102017 1695.21697343071 1689.42238188223 1692.08936994632 1726.1276797835 1805.18659764813 1899.89562301512 1924.49482034513 1850.15532407418
1174.73770609003 1193.0956637075 1208.11663145837 1231.10018785753 1254.854851212 1276.96298390768 1315.79774362158 1331.30335775021 1353.78090875026 1378.29506342893 1403.09147899702 1423.27326405332 1437.66947884109 1451.40867925783 1470.23675324473 1485.34863837623 1507.233112522 1562.37735551672 1575.28807296357 1592.1417071071 1597.75361019826 1594.27360816203 1633.47435898516 1666.26281620468 1685.5293430474 1707.67193868121 1685.96692852239 1657.69726398909 1768.02410751802 1771.53665451287 1777.38468605148 1772.99950399751 1790.95189668815 1763.06811497206 1700.10355452966 1696.13161940418 1689.96128469794 1691.74780151912 1714.23745937467 1716.13145879024 1707.05768110364 1701.44534233346 1688.78865287386 1691.3599867411 1692.61942466733 1707.19955530759 1764.50840452283 1868.63725080685 1902.842018563 1815.65386029398
1185.90080548211 1199.87599059067 1215.76915693955 1245.58277748851 1271.12126625987 1291.52595562693 1328.63899793589 1340.36132505677 1362.80814898542 1389.8151626152 1413.49840777242 1433.17701923895 1449.01394191982 1465.03750160684 1479.07980103516 1496.19546359561 1520.64862133957 1558.41354413873 1579.40457152724 1601.12984231512 1602.43487499236 1604.52508397475 1620.81782592116 1645.86674600639 1686.37406622609 1715.06493186716 1711.51053702341 1678.12559295558 1727.59243663604 1764.97172473011 1780.44269615585 1734.6411307852 1724.35533160998 1760.03456742538 1724.90511855567 1691.14890251167 1687.09779052531 1691.63839402183 1733.1835583806 1744.06196480133 1698.38389262779 1693.59950228062 1685.72825202502 1679.75950829797 1677.64325327686 1678.56775108517 1743.23250423974 1863.2680765585 1905.78037737119 1826.86103125541
1197.66211041476 1214.47448132113 1230.51851469387 1254.45577418172 1281.04824228265 1302.34570901873 1337.14510690546 1350.38052826314 1369.21922140775 1401.35303626882 1426.47908491609 1439.6998818575 1459.38506179614 1479.14979889501 1491.82043036781 1507.15154193569 1528.39938089174 1556.84181378393 1573.18278847262 1601.0932807442 1605.49756599332 1606.82058746682 1612.81000401928 1628.99004823497 1660.70025803927 1692.92514498841 1715.799373898 1697.35529472043 1674.16093602785 1700.02621044131 1715.72713567446 1696.6143635295 1681.11938086438 1733.67852315453 1727.00140204915 1681.0763774183 1688.01490648068 1697.40347179341 1719.41478407988 1728.47130541902 1699.94696369576 1698.70760403057 1684.12898374573 1666.01995055009 1662.58268220231 1663.60973699889 1731.31102012793 1855.03752190786 1893.47763036603 1818.80117170023
1200.91190277548 1222.67121771426 1244.15335691291 1262.94602660436 1285.23464836443 1308.91930946571 1343.68286264727 1358.32958303851 1378.4850098064 1416.95649100804 1439.26816459524 1446.98092571657 1464.14472566991 1480.82544008433 1498.82218845759 1515.29867229408 1536.02435967293 1568.75598450356 1578.34717688386 1587.52003928483 1610.69038377034 1613.72184897817 1617.2033342037 1637.06020326034 1647.81664586304 1657.00014429923 1676.6092069984 1678.28775375447 1656.85997458755 1665.94989980654 1672.38734749996 1671.95094520838 1675.29833890221 1704.03832211255 1706.79403089665 1682.75804590896 1691.8091805947 1697.39643659572 1691.86870385145 1690.6762885844 1716.9450663477 1711.03809184628 1688.88144887139 1666.32305693777 1665.8378115761 1659.74928521856 1700.39018067744 1824.09819143795 1870.75769088519 1832.90015361244
1202.10116016485 1226.76791131905 1251.07212890595 1271.99859697732 1292.02465839541 1310.70825589377 1349.74546781602 1366.20519177567 1389.6414373432 1421.20642503143 1444.22079318597 1460.40201798873 1478.16923617671 1494.77868264283 1510.3679256113 1528.13335773433 1549.85696484591 1580.85280087545 1589.4746759785 1584.51573428369 1600.04749517616 1617.62116940244 1626.17937200172 1634.28336249098 1639.59063291865 1648.69122145672 1682.37728726592 1709.63050883567 1685.92598033884 1698.28895911572 1725.57294864468 1717.43515859779 1740.69524337626 1726.50870199948 1697.47876772575 1691.26748224523 1688.58425378143 1689.42355080275 1683.80349141092 1680.90818156239 1727.97740721482 1732.6014563475 1690.39148519702 1657.02866372963 1658.06109583208 1653.76433306414 1671.56697616792 1789.93112078789 1866.40031566525 1854.13183600771
1206.57893929852 1233.33356327359 1258.65569523361 1275.39826688091 1294.77375323971 1317.52595251148 1354.01351504306 1382.96611756433 1407.91097009684 1427.83887529048 1452.94752916369 1476.64993723924 1493.91632582034 1512.22168857101 1531.77330560715 1544.79912843955 1565.29429245111 1592.70233187988 1598.87682825056 1604.14521988219 1629.37980442999 1652.12288716545 1636.60908301306 1630.68071778426 1657.80774024742 1668.10627562062 1699.82591950918 1747.51662171654 1729.79390897944 1706.20028657742 1752.02826840263 1765.78050877498 1786.61110170077 1752.27857948655 1691.3862083207 1707.4021385693 1703.11593387528 1686.71928077061 1684.03829353801 1676.57784194541 1690.66599780516 1724.93751088265 1698.50812465964 1647.56403163794 1645.21754075081 1650.51454441645 1681.50750947658 1786.86265248508 1856.23323164159 1853.7662314927
1213.21623513792 1238.85135480334 1264.51931505792 1278.03795916595 1295.76633625772 1321.95215548855 1363.81597020652 1392.20594419495 1428.6545015466 1448.96143334223 1467.41192784804 1485.82184226559 1501.69916614058 1524.90125289012 1543.30001685318 1554.01771087087 1572.47477649133 1598.49407872114 1616.73100408383 1628.75698980528 1646.8236922762 1653.57946809764 1645.76554156747 1666.72636945803 1697.78998595098 1707.17024540978 1725.02303346921 1752.76040738318 1756.79115928516 1726.65548188094 1756.29366556005 1790.31197558096 1798.03670386838 1779.70039231765 1719.37141124764 1722.03753891304 1718.16567007618 1694.35065493045 1712.81039981631 1718.297312 1659.20492133587 1678.69601194902 1670.96728743737 1638.91900420153 1635.64372963165 1648.18823160889 1666.8510262708 1726.82847636309 1810.2529052128 1836.93568543706
1219.78166296071 1243.92575066001 1264.97458802822 1281.95078921667 1301.52186521032 1323.96997271951 1380.65735214567 1402.15186207554 1437.86838633874 1465.35923945439 1480.17291100033 1490.22480594476 1508.71146562835 1534.53528180008 1549.90902220458 1566.33058352446 1583.16381631073 1609.17186343941 1637.37776509963 1644.51738374036 1642.46751959492 1638.16007949569 1662.0616640793 1689.40399154916 1707.92637373903 1732.73124634559 1746.74815421153 1757.88434647888 1768.80174905016 1763.18071198489 1772.49928924941 1782.87726499161 1793.18570046412 1809.60750786088 1757.84595414554 1751.64996490261 1784.3978288787 1759.41494000525 1728.10530148449 1754.47518306247 1665.54482066238 1650.88132750094 1642.97186920012 1634.96927425021 1630.70549503077 1650.6822874031 1640.74476445231 1630.7463680221 1709.71963593883 1774.40794287202
1231.83855841206 1251.96659070324 1272.72488238177 1294.62134632612 1315.98399417389 1336.94229389326 1391.29140341313 1415.16486917083 1453.90988199851 1488.08218480929 1500.3439995269 1514.73839367061 1534.01257098617 1553.9014865521 1576.99916705705 1595.45626015948 1612.68411397438 1642.94994555604 1652.67572592667 1661.83339460009 1656.98102548288 1653.19336156687 1678.69706903796 1693.65667742867 1707.47310130405 1734.74447315956 1750.29069961647 1760.9694578133 1771.93851620165 1784.04795399397 1797.01039463357 1733.01396684331 1730.6262429897 1798.42203062258 1809.24835644615 1769.69574835144 1777.70409594874 1824.45781939772 1779.07043049364 1731.75227558759 1737.91531915462 1657.81868212096 1632.02768010216 1661.81465814525 1707.26558773632 1663.04643765018 1598.77702473066 1588.36652738117 1583.50011247791 1577.95561942761
1237.07153455942 1257.31049565133 1278.12831403642 1302.4292216127 1327.07267639022 1350.40434658081 1404.48864943981 1428.24723987838 1466.38935208234 1507.81014249479 1512.97394102546 1520.60920475688 1545.0847749489 1563.71816731769 1584.72543222836 1607.99290102784 1626.96072072491 1642.83036966093 1643.52933939974 1658.57309783837 1665.11921262005 1668.45593580335 1668.03298240005 1688.91276051002 1721.7238697813 1739.75886583673 1747.73062435766 1759.28458354332 1774.56674945521 1786.46282700022 1795.15055928922 1732.50292491977 1726.92136001153 1793.48520542086 1816.4392628859 1785.34714911927 1776.63960579058 1808.58554154788 1804.22398792393 1742.83027341353 1728.43952626792 1680.08104186352 1633.31610191107 1631.99511111706 1656.87736880995 1669.53841446709 1622.53242592762 1584.79833409914 1577.16640850562 1564.95144432897
1241.66469765942 1261.67687462255 1286.43861523872 1317.38946101356 1340.43087917195 1358.59252328137 1409.8488062379 1429.65567323008 1462.56842645393 1498.16573383091 1509.56152582446 1526.70564400927 1552.72970816731 1572.33321607099 1595.13984413601 1621.28619751658 1639.46663927003 1654.86997635219 1657.80848092713 1658.68517002644 1668.10981071041 1671.9247167791 1664.85188446957 1680.41292758252 1722.48350299885 1739.0061576684 1745.78834098657 1761.17497569332 1775.11939151665 1782.77239349144 1778.21593486895 1679.02195284599 1666.5774235189 1770.40222595564 1803.69521365183 1805.39199007009 1770.25969258428 1774.22897376452 1779.18111131125 1755.82446071066 1688.04262751702 1674.16144124975 1633.36849551566 1624.05611292559 1610.92121639196 1645.72383693156 1643.89780754201 1608.2153322596 1589.69303925398 1552.48129935223
1249.94157759841 1265.87475704803 1288.69862351025 1316.87968363661 1343.78242313401 1364.40044165484 1409.91492532882 1433.78658129674 1458.33911114922 1489.30335080305 1506.32548035717 1532.33462768181 1560.4691603203 1579.77496779373 1600.90769462451 1623.04364023876 1640.65067862658 1676.22397023285 1678.09356838819 1665.36772487527 1673.34294073435 1680.3531603663 1667.08927889943 1662.58795240484 1707.9581373828 1727.71177088079 1734.37989222554 1758.02041861577 1771.02171269059 1778.38865499986 1779.32028722193 1716.7280879122 1697.99409026223 1761.76659412067 1785.79741564987 1767.4068297933 1756.45618605743 1771.7338708205 1757.4101897051 1756.84822606049 1708.70134292944 1668.27810075385 1648.42566543785 1622.65436755652 1613.82526263489 1620.900553971 1643.72067005469 1653.24387428244 1628.32874511078 1588.99018398206
