rcp4.5models/CNRM_CM5/sc1gr7.18
NCOLS 261 
NROWS 433 
XLLCORNER 336357.134 
YLLCORNER 654653.479 
CELLSIZE 1000 
NODATA_value -3.4e+38 
[rows 0 to 21 of 433, columns 49 to 97 of 261]
-3.4e+38 -3.4e+38 -3.4e+38 -3.4e+38 -3.4e+38 -3.4e+38 -3.4e+38 -3.4e+38 -3.4e+38 -3.4e+38 -3.4e+38 -3.4e+38 -3.4e+38 -3.4e+38 -3.4e+38 -3.4e+38 -3.4e+38 -3.4e+38 -3.4e+38 -3.4e+38 -3.4e+38 -3.4e+38 -3.4e+38 -3.4e+38 -3.4e+38 -3.4e+38 -3.4e+38 -3.4e+38 -3.4e+38 -3.4e+38 -3.4e+38 -3.4e+38 -3.4e+38 -3.4e+38 -3.4e+38 -3.4e+38 -3.4e+38 -3.4e+38 -3.4e+38 -3.4e+38 -3.4e+38 -3.4e+38 -3.4e+38 -3.4e+38 -3.4e+38 -3.4e+38 -3.4e+38 -3.4e+38 -3.4e+38
-3.4e+38 -3.4e+38 -3.4e+38 -3.4e+38 -3.4e+38 -3.4e+38 -3.4e+38 -3.4e+38 -3.4e+38 -3.4e+38 -3.4e+38 -3.4e+38 -3.4e+38 -3.4e+38 -3.4e+38 -3.4e+38 -3.4e+38 -3.4e+38 -3.4e+38 -3.4e+38 -3.4e+38 111.724517822266 111.861671447754 111.686172485352 111.564880371094 111.685020446777 111.759826660156 111.746887207031 111.726928710938 111.6552734375 111.75114440918 111.712760925293 -3.4e+38 -3.4e+38 -3.4e+38 -3.4e+38 -3.4e+38 -3.4e+38 -3.4e+38 -3.4e+38 -3.4e+38 -3.4e+38 -3.4e+38 -3.4e+38 -3.4e+38 -3.4e+38 -3.4e+38 -3.4e+38 -3.4e+38
-3.4e+38 -3.4e+38 -3.4e+38 -3.4e+38 -3.4e+38 -3.4e+38 -3.4e+38 -3.4e+38 -3.4e+38 -3.4e+38 -3.4e+38 -3.4e+38 -3.4e+38 -3.4e+38 -3.4e+38 -3.4e+38 -3.4e+38 -3.4e+38 -3.4e+38 -3.4e+38 111.456619262695 111.58268737793 111.630805969238 111.601112365723 111.495704650879 111.543655395508 111.586158752441 111.621017456055 111.71785736084 111.48558807373 111.568794250488 111.676452636719 111.635459899902 -3.4e+38 -3.4e+38 -3.4e+38 -3.4e+38 -3.4e+38 -3.4e+38 -3.4e+38 -3.4e+38 -3.4e+38 -3.4e+38 -3.4e+38 -3.4e+38 -3.4e+38 -3.4e+38 -3.4e+38 -3.4e+38
-3.4e+38 -3.4e+38 -3.4e+38 108.584930419922 108.813789367676 109.073638916016 109.276123046875 110.214370727539 110.4794921875 110.731651306152 110.879211425781 -3.4e+38 -3.4e+38 111.490203857422 111.230751037598 111.137626647949 111.420967102051 111.48762512207 111.612808227539 111.50902557373 111.468894958496 111.49144744873 111.460029602051 111.40714263916 111.465354919434 111.538597106934 111.463493347168 111.553428649902 111.575180053711 111.596618652344 111.465042114258 111.493629455566 111.509658813477 -3.4e+38 -3.4e+38 -3.4e+38 -3.4e+38 -3.4e+38 -3.4e+38 -3.4e+38 -3.4e+38 -3.4e+38 -3.4e+38 -3.4e+38 -3.4e+38 -3.4e+38 -3.4e+38 -3.4e+38 -3.4e+38
107.646751403809 107.675895690918 107.842643737793 108.371574401855 108.779479980469 109.066413879395 109.297065734863 109.840766906738 110.200325012207 110.481781005859 110.583358764648 110.763366699219 110.979225158691 111.17391204834 111.068206787109 111.092399597168 111.233291625977 111.344863891602 111.399345397949 111.437316894531 111.417503356934 111.42626953125 111.403503417969 111.34415435791 111.401138305664 111.45450592041 111.466377258301 111.406890869141 111.346923828125 111.407859802246 111.440055847168 111.428855895996 111.295791625977 111.142074584961 -3.4e+38 -3.4e+38 -3.4e+38 -3.4e+38 -3.4e+38 -3.4e+38 -3.4e+38 -3.4e+38 -3.4e+38 -3.4e+38 -3.4e+38 -3.4e+38 -3.4e+38 -3.4e+38 -3.4e+38
107.479988098145 107.842254638672 108.131690979004 108.526893615723 108.70930480957 108.954414367676 109.140800476074 109.730239868164 110.03108215332 110.289489746094 110.529891967773 110.684951782227 110.864685058594 110.842971801758 110.885536193848 110.865013122559 110.958839416504 111.256660461426 111.262336730957 -3.4e+38 111.347732543945 -3.4e+38 111.385688781738 111.258430480957 111.277824401855 111.407203674316 111.334678649902 111.302459716797 111.239807128906 111.179168701172 111.181358337402 111.26749420166 111.32494354248 111.00023651123 -3.4e+38 -3.4e+38 -3.4e+38 -3.4e+38 -3.4e+38 -3.4e+38 -3.4e+38 -3.4e+38 -3.4e+38 -3.4e+38 -3.4e+38 -3.4e+38 -3.4e+38 -3.4e+38 -3.4e+38
107.467765808105 107.749580383301 108.005012512207 108.316261291504 108.735237121582 109.064613342285 109.261161804199 109.606575012207 109.87508392334 110.101364135742 110.298309326172 110.478309631348 110.664047241211 110.728096008301 110.867225646973 110.79419708252 110.751243591309 110.871368408203 111.381904602051 -3.4e+38 -3.4e+38 -3.4e+38 -3.4e+38 111.36540222168 -3.4e+38 111.222274780273 111.314170837402 111.03572845459 111.041938781738 111.030487060547 110.912437438965 110.955940246582 111.105575561523 110.835716247559 110.767417907715 -3.4e+38 -3.4e+38 -3.4e+38 -3.4e+38 -3.4e+38 -3.4e+38 -3.4e+38 -3.4e+38 -3.4e+38 -3.4e+38 -3.4e+38 -3.4e+38 -3.4e+38 -3.4e+38
107.276351928711 107.569076538086 107.923126220703 108.171287536621 108.590370178223 108.926147460938 109.04850769043 109.49388885498 109.58521270752 109.881889343262 110.135177612305 110.323310852051 110.450805664062 110.598670959473 110.652809143066 110.722557067871 110.720802307129 110.746391296387 111.121459960938 -3.4e+38 -3.4e+38 -3.4e+38 -3.4e+38 -3.4e+38 -3.4e+38 110.945953369141 111.031349182129 110.88737487793 110.978225708008 -3.4e+38 110.816719055176 110.710884094238 110.824241638184 110.815277099609 110.704261779785 -3.4e+38 -3.4e+38 -3.4e+38 -3.4e+38 -3.4e+38 -3.4e+38 -3.4e+38 -3.4e+38 -3.4e+38 -3.4e+38 -3.4e+38 -3.4e+38 -3.4e+38 -3.4e+38
107.371276855469 107.573776245117 107.844390869141 108.126708984375 108.493515014648 108.789123535156 109.025466918945 109.410522460938 109.509666442871 109.79850769043 110.050453186035 110.236099243164 110.401580810547 110.438499450684 110.532096862793 110.638557434082 110.574440002441 110.653099060059 -3.4e+38 111.01203918457 110.989074707031 110.966125488281 110.995170593262 110.916038513184 110.986846923828 -3.4e+38 110.779373168945 110.758506774902 110.823783874512 -3.4e+38 -3.4e+38 110.653717041016 110.620330810547 110.665420532227 110.642921447754 110.678916931152 -3.4e+38 -3.4e+38 -3.4e+38 -3.4e+38 -3.4e+38 -3.4e+38 -3.4e+38 -3.4e+38 -3.4e+38 -3.4e+38 -3.4e+38 -3.4e+38 -3.4e+38
107.135757446289 107.531753540039 107.705207824707 107.917854309082 108.12410736084 108.56916809082 108.96501159668 109.341514587402 109.364448547363 109.648292541504 109.930366516113 110.002593994141 110.14143371582 110.349113464355 110.481452941895 110.541839599609 110.502082824707 110.425163269043 -3.4e+38 110.687591552734 110.766311645508 -3.4e+38 -3.4e+38 110.655792236328 110.655143737793 -3.4e+38 -3.4e+38 110.653038024902 110.617027282715 -3.4e+38 110.701438903809 110.508407592773 110.544609069824 110.523468017578 110.543296813965 110.579612731934 110.413261413574 -3.4e+38 -3.4e+38 -3.4e+38 -3.4e+38 -3.4e+38 -3.4e+38 -3.4e+38 -3.4e+38 -3.4e+38 -3.4e+38 -3.4e+38 -3.4e+38
106.924087524414 107.161468505859 107.536361694336 107.660125732422 107.846672058105 108.303497314453 108.567970275879 109.109062194824 109.037734985352 109.30305480957 109.535461425781 109.671531677246 109.902862548828 109.922561645508 109.955253601074 110.060356140137 110.121864318848 110.108688354492 -3.4e+38 110.194702148438 110.304695129395 110.393936157227 -3.4e+38 110.336845397949 110.388633728027 110.423362731934 110.404808044434 110.485847473145 110.370094299316 110.247955322266 110.32218170166 -3.4e+38 -3.4e+38 109.970420837402 110.003639221191 109.994010925293 109.997436523438 110.128791809082 -3.4e+38 -3.4e+38 -3.4e+38 -3.4e+38 -3.4e+38 -3.4e+38 -3.4e+38 -3.4e+38 -3.4e+38 -3.4e+38 -3.4e+38
106.79320526123 107.183517456055 107.543121337891 107.778831481934 107.837669372559 108.155876159668 108.420051574707 108.864265441895 108.881690979004 109.144660949707 109.397758483887 109.602340698242 109.592422485352 109.641151428223 109.769996643066 109.878776550293 110.018737792969 109.962417602539 110.022789001465 110.117835998535 110.12858581543 -3.4e+38 -3.4e+38 -3.4e+38 110.219123840332 -3.4e+38 110.280250549316 110.324005126953 110.347236633301 109.92992401123 109.991561889648 110.022651672363 -3.4e+38 109.845527648926 109.821105957031 109.82935333252 109.780319213867 109.839347839355 -3.4e+38 -3.4e+38 -3.4e+38 -3.4e+38 -3.4e+38 -3.4e+38 -3.4e+38 -3.4e+38 -3.4e+38 -3.4e+38 -3.4e+38
106.844177246094 107.033699035645 107.461975097656 107.668006896973 107.749137878418 108.088394165039 108.360321044922 108.704383850098 108.786231994629 108.811088562012 108.992370605469 109.204086303711 109.325248718262 109.50016784668 109.69066619873 109.788467407227 109.857063293457 109.883712768555 109.822776794434 109.857833862305 -3.4e+38 -3.4e+38 -3.4e+38 109.902214050293 109.909721374512 -3.4e+38 -3.4e+38 110.108512878418 -3.4e+38 109.740219116211 109.75968170166 109.8173828125 -3.4e+38 -3.4e+38 -3.4e+38 109.67170715332 109.64087677002 109.670555114746 109.645156860352 -3.4e+38 -3.4e+38 -3.4e+38 -3.4e+38 -3.4e+38 -3.4e+38 -3.4e+38 -3.4e+38 -3.4e+38 -3.4e+38
106.819244384766 106.989990234375 107.224502563477 107.5693359375 107.705688476562 108.084892272949 108.319938659668 108.558967590332 108.683525085449 108.714309692383 108.917190551758 108.984642028809 109.115310668945 109.294120788574 109.41845703125 109.560386657715 -3.4e+38 109.751586914062 109.738746643066 -3.4e+38 -3.4e+38 109.774139404297 -3.4e+38 -3.4e+38 -3.4e+38 109.666961669922 109.661674499512 109.721313476562 109.777984619141 109.57039642334 109.546920776367 109.60620880127 -3.4e+38 -3.4e+38 -3.4e+38 -3.4e+38 109.559898376465 109.503974914551 109.423927307129 109.542350769043 -3.4e+38 -3.4e+38 -3.4e+38 -3.4e+38 -3.4e+38 -3.4e+38 -3.4e+38 -3.4e+38 -3.4e+38
106.669013977051 106.957817077637 107.268661499023 107.578758239746 107.711769104004 108.148262023926 108.29907989502 108.28199005127 108.386505126953 108.479835510254 108.827789306641 108.980186462402 109.188934326172 109.161338806152 109.249305725098 -3.4e+38 -3.4e+38 -3.4e+38 109.53678894043 -3.4e+38 109.682052612305 109.563537597656 109.646995544434 109.566078186035 109.571403503418 109.405754089355 109.320190429688 109.414276123047 109.493064880371 109.412590026855 109.439208984375 109.412101745605 109.467422485352 -3.4e+38 -3.4e+38 -3.4e+38 -3.4e+38 109.366638183594 109.305000305176 109.281608581543 109.226135253906 -3.4e+38 -3.4e+38 -3.4e+38 -3.4e+38 -3.4e+38 -3.4e+38 -3.4e+38 -3.4e+38
-3.4e+38 107.033935546875 107.240081787109 107.593444824219 107.791976928711 107.964637756348 108.120422363281 108.104278564453 108.262817382812 108.357925415039 108.613479614258 108.75560760498 108.99552154541 109.125381469727 -3.4e+38 -3.4e+38 109.323463439941 -3.4e+38 -3.4e+38 109.449974060059 109.435554504395 109.422920227051 109.40697479248 109.379890441895 109.438690185547 109.269195556641 109.164932250977 109.212432861328 109.273590087891 109.235664367676 109.334312438965 109.167930603027 109.365188598633 109.379692077637 109.504776000977 -3.4e+38 -3.4e+38 -3.4e+38 109.134368896484 108.99584197998 109.00057220459 -3.4e+38 -3.4e+38 -3.4e+38 -3.4e+38 -3.4e+38 -3.4e+38 -3.4e+38 -3.4e+38
-3.4e+38 -3.4e+38 -3.4e+38 -3.4e+38 -3.4e+38 107.771240234375 107.842506408691 107.943344116211 108.131797790527 108.361427307129 108.414649963379 108.654441833496 108.826675415039 -3.4e+38 -3.4e+38 108.963516235352 109.049324035645 109.233734130859 109.405433654785 109.227958679199 109.261131286621 109.198547363281 109.142051696777 109.259353637695 109.376831054688 109.181900024414 109.005523681641 109.086128234863 109.08723449707 109.129981994629 109.244735717773 109.232154846191 109.126533508301 108.930397033691 109.16512298584 109.199501037598 -3.4e+38 -3.4e+38 -3.4e+38 108.84139251709 108.850151062012 -3.4e+38 -3.4e+38 -3.4e+38 -3.4e+38 -3.4e+38 -3.4e+38 -3.4e+38 -3.4e+38
-3.4e+38 -3.4e+38 -3.4e+38 -3.4e+38 -3.4e+38 107.770904541016 107.830490112305 107.865112304688 108.053573608398 108.256126403809 108.385009765625 108.561950683594 -3.4e+38 -3.4e+38 -3.4e+38 108.919738769531 108.886878967285 -3.4e+38 109.231483459473 108.952476501465 108.976531982422 109.004180908203 109.013069152832 109.03050994873 109.159744262695 109.07592010498 109.043060302734 108.892448425293 108.812812805176 109.051475524902 109.002281188965 108.938079833984 108.940246582031 108.621528625488 108.753677368164 108.832542419434 108.847549438477 -3.4e+38 -3.4e+38 -3.4e+38 108.690086364746 108.689682006836 -3.4e+38 -3.4e+38 -3.4e+38 -3.4e+38 -3.4e+38 -3.4e+38 -3.4e+38
-3.4e+38 -3.4e+38 -3.4e+38 -3.4e+38 -3.4e+38 107.595817565918 107.679344177246 107.721458435059 107.902565002441 108.098770141602 108.258651733398 108.358459472656 -3.4e+38 108.734375 -3.4e+38 108.862602233887 108.963577270508 108.873748779297 109.001525878906 108.914115905762 108.794975280762 108.820907592773 108.943145751953 108.923789978027 108.960006713867 108.97290802002 108.951240539551 108.976829528809 108.858459472656 108.757621765137 108.731788635254 108.6474609375 108.773513793945 108.509880065918 108.52172088623 108.507652282715 108.582847595215 -3.4e+38 -3.4e+38 -3.4e+38 -3.4e+38 108.609199523926 108.33080291748 108.206161499023 -3.4e+38 -3.4e+38 -3.4e+38 -3.4e+38 -3.4e+38
-3.4e+38 -3.4e+38 -3.4e+38 -3.4e+38 -3.4e+38 -3.4e+38 107.695137023926 107.553886413574 107.708457946777 107.923774719238 108.109809875488 108.183540344238 -3.4e+38 108.460708618164 108.615341186523 -3.4e+38 108.772834777832 108.77205657959 -3.4e+38 108.862785339355 108.863059997559 108.697677612305 108.792984008789 108.776611328125 108.864585876465 108.851791381836 108.848510742188 108.887283325195 108.770530700684 108.610336303711 108.629508972168 108.546478271484 108.59383392334 108.558486938477 108.563873291016 108.379081726074 108.402740478516 108.414619445801 -3.4e+38 -3.4e+38 -3.4e+38 -3.4e+38 108.058494567871 108.06177520752 108.057083129883 -3.4e+38 -3.4e+38 -3.4e+38 -3.4e+38
-3.4e+38 -3.4e+38 -3.4e+38 -3.4e+38 -3.4e+38 -3.4e+38 -3.4e+38 107.670211791992 107.66788482666 107.753242492676 107.918045043945 108.078918457031 108.206901550293 -3.4e+38 108.137573242188 108.426528930664 108.483726501465 108.636306762695 108.697067260742 108.780746459961 108.85636138916 108.767501831055 108.67066192627 -3.4e+38 -3.4e+38 108.661201477051 108.574440002441 108.576133728027 108.65739440918 108.485664367676 108.554039001465 108.490661621094 108.419708251953 108.455383300781 108.563453674316 108.250923156738 108.213691711426 108.242233276367 108.147857666016 108.163940429688 -3.4e+38 -3.4e+38 -3.4e+38 107.735496520996 107.704345703125 107.865936279297 -3.4e+38 -3.4e+38 -3.4e+38
-3.4e+38 -3.4e+38 -3.4e+38 -3.4e+38 -3.4e+38 -3.4e+38 -3.4e+38 -3.4e+38 -3.4e+38 -3.4e+38 -3.4e+38 -3.4e+38 107.994117736816 108.097595214844 -3.4e+38 -3.4e+38 108.109664916992 108.116714477539 108.453125 108.352836608887 108.429336547852 108.503761291504 -3.4e+38 108.647682189941 -3.4e+38 -3.4e+38 -3.4e+38 108.31364440918 108.265518188477 108.280853271484 108.104232788086 108.181587219238 108.177635192871 108.059242248535 108.073432922363 108.008888244629 107.79955291748 107.75562286377 107.701736450195 107.639991760254 107.604751586914 -3.4e+38 -3.4e+38 -3.4e+38 107.414962768555 107.273536682129 107.351745605469 -3.4e+38 -3.4e+38
