rcp4.5models/CNRM_CM5/sc1gr2.25
NCOLS 261 
NROWS 433 
XLLCORNER 336357.134 
YLLCORNER 654653.479 
CELLSIZE 1000 
NODATA_value -3.4e+38 
[rows 330 to 351 of 433, columns 147 to 195 of 261]
271.693023681641 274.500335693359 275.7978515625 277.299407958984 276.518981933594 276.146392822266 277.207000732422 277.287628173828 277.372039794922 278.30419921875 279.846282958984 280.345184326172 280.762603759766 280.667510986328 280.247894287109 279.671295166016 278.598571777344 278.990203857422 281.918792724609 281.828704833984 280.429595947266 279.499603271484 296.715148925781 313.044311523438 310.598297119141 302.305053710938 295.231658935547 290.943664550781 282.142974853516 278.03271484375 286.626373291016 294.327789306641 302.396392822266 310.182525634766 313.850189208984 317.144836425781 316.162414550781 317.090209960938 317.175659179688 318.827026367188 320.691131591797 321.925201416016 322.845855712891 324.560089111328 325.025939941406 320.600952148438 319.604400634766 320.045928955078 324.025054931641
270.698211669922 273.870452880859 275.433258056641 276.466430664062 276.195709228516 275.982635498047 276.868225097656 277.269317626953 277.339294433594 277.413513183594 278.519226074219 277.816345214844 279.562530517578 279.815124511719 278.895050048828 278.976379394531 279.061157226562 279.960083007812 281.228210449219 279.988311767578 279.388610839844 279.316772460938 296.348419189453 306.642852783203 313.60302734375 313.452575683594 307.315490722656 303.341735839844 293.062561035156 288.507843017578 293.70166015625 298.561401367188 307.479309082031 317.127349853516 316.452270507812 317.649078369141 316.086486816406 315.864807128906 316.803497314453 318.806060791016 320.950866699219 323.325775146484 325.208068847656 326.575073242188 326.881622314453 319.041046142578 317.693176269531 321.126586914062 324.846282958984
269.0068359375 272.632110595703 274.066131591797 275.613006591797 276.367340087891 277.092590332031 277.348449707031 277.397979736328 276.648132324219 276.746795654297 278.513885498047 276.147583007812 278.056610107422 279.629058837891 279.050109863281 278.291290283203 278.198547363281 278.282775878906 277.847564697266 278.270111083984 278.527282714844 279.848815917969 288.277008056641 297.219848632812 310.438995361328 316.541839599609 315.417724609375 312.489624023438 305.200622558594 301.925323486328 300.794006347656 301.588226318359 311.586486816406 320.340148925781 320.576538085938 319.920928955078 318.219451904297 316.001251220703 317.435272216797 319.947479248047 322.168731689453 323.985687255859 326.297485351562 327.357788085938 327.598999023438 320.915771484375 321.182495117188 324.656768798828 325.584808349609
265.225402832031 265.493499755859 267.331268310547 273.622711181641 275.525787353516 276.925323486328 278.002563476562 278.386627197266 277.115234375 277.434143066406 280.121978759766 277.120483398438 277.698028564453 279.273803710938 279.520904541016 277.433563232422 276.176849365234 275.752532958984 275.528900146484 274.897369384766 277.303100585938 280.480072021484 284.841033935547 293.730590820312 305.242034912109 313.327301025391 317.969116210938 317.522827148438 314.231231689453 313.550720214844 309.936248779297 309.114593505859 313.781402587891 320.735809326172 323.347961425781 320.444030761719 319.7412109375 316.759948730469 319.562194824219 323.480865478516 324.736114501953 325.215270996094 326.667999267578 327.237487792969 327.224517822266 322.13232421875 325.1396484375 325.968139648438 326.4150390625
263.872039794922 263.575378417969 265.229156494141 271.460876464844 274.533416748047 276.904663085938 277.974639892578 279.225311279297 279.604553222656 278.709411621094 278.904296875 277.591644287109 278.183197021484 279.086120605469 277.989471435547 275.91015625 274.166381835938 272.3955078125 271.148956298828 271.16259765625 276.933715820312 280.565216064453 281.05615234375 289.3125 304.956970214844 312.330810546875 318.281646728516 321.170928955078 318.544799804688 317.798767089844 316.387817382812 317.559265136719 318.189331054688 321.042205810547 324.338409423828 321.164764404297 319.720153808594 317.305847167969 321.95166015625 326.361663818359 326.327239990234 326.978149414062 327.701110839844 327.556335449219 327.204681396484 320.676544189453 325.100402832031 326.491302490234 327.983764648438
260.107330322266 264.797210693359 268.245880126953 271.788482666016 274.527252197266 277.062286376953 278.288757324219 279.383117675781 280.229156494141 278.988037109375 278.254089355469 276.727325439453 276.639587402344 276.875335693359 275.132934570312 274.222839355469 271.641998291016 266.902008056641 263.421936035156 268.120666503906 276.056549072266 279.07177734375 275.610900878906 285.931091308594 304.461791992188 313.671875 317.926940917969 321.335235595703 321.508331298828 320.93603515625 319.999237060547 321.210083007812 321.868988037109 322.111450195312 324.598663330078 323.333892822266 319.119079589844 318.502288818359 324.158508300781 326.509552001953 326.299926757812 327.077239990234 328.040924072266 327.691040039062 327.695709228516 320.148162841797 324.858062744141 327.361267089844 329.268585205078
259.240936279297 255.294906616211 258.174743652344 262.146453857422 268.527679443359 274.063293457031 276.879516601562 276.633941650391 276.538513183594 276.462890625 277.554260253906 275.491485595703 271.272247314453 269.499298095703 266.263671875 264.360565185547 263.130737304688 258.894836425781 256.076904296875 258.773773193359 265.118377685547 271.97265625 283.578491210938 299.777679443359 308.974182128906 316.052032470703 319.999389648438 322.771331787109 322.892486572266 323.510284423828 322.333740234375 321.997650146484 322.014282226562 324.694427490234 325.347137451172 325.928375244141 325.874328613281 326.739349365234 327.027252197266 326.919738769531 326.699676513672 325.952667236328 327.056579589844 327.494171142578 326.866973876953 318.99560546875 328.281372070312 328.910430908203 329.536987304688
270.62548828125 265.632202148438 263.239501953125 260.141967773438 267.065765380859 272.147247314453 272.522094726562 273.126739501953 274.362182617188 274.941925048828 276.205932617188 274.820465087891 269.880493164062 265.157104492188 267.255859375 270.010559082031 270.113830566406 265.050231933594 259.766174316406 260.627777099609 266.331787109375 272.455200195312 284.017211914062 294.115417480469 303.964813232422 315.674133300781 320.371643066406 323.343170166016 322.319641113281 323.832183837891 321.997009277344 321.410278320312 322.045318603516 324.300811767578 325.321197509766 326.1904296875 326.632995605469 326.888061523438 327.005798339844 326.826416015625 326.485076904297 326.085723876953 327.278472900391 327.115447998047 326.994720458984 322.164855957031 327.889373779297 328.901794433594 329.630157470703
283.163940429688 279.260223388672 273.371032714844 268.813629150391 272.843627929688 275.301300048828 273.12158203125 269.418853759766 269.151794433594 270.265838623047 273.348571777344 273.957550048828 268.368896484375 264.831512451172 270.231994628906 275.973876953125 276.435424804688 269.328643798828 266.248199462891 268.039642333984 274.90771484375 274.778289794922 280.573089599609 291.202209472656 305.5458984375 315.512359619141 320.910614013672 323.221832275391 321.743133544922 323.849517822266 320.519805908203 319.618194580078 322.315124511719 324.437927246094 325.586181640625 325.991119384766 326.455474853516 326.504577636719 327.053466796875 326.989593505859 326.745269775391 326.858215332031 327.443572998047 327.092987060547 327.230041503906 324.482421875 325.235870361328 328.868286132812 329.622467041016
289.510894775391 286.213592529297 282.845581054688 281.315734863281 281.564636230469 282.849609375 281.908386230469 275.912139892578 273.188751220703 272.09765625 272.161834716797 274.285949707031 270.709777832031 269.313659667969 274.385101318359 282.969329833984 285.147155761719 275.815155029297 275.633422851562 278.981170654297 280.071411132812 278.095581054688 277.635589599609 292.048095703125 310.591949462891 317.18115234375 321.725860595703 324.096466064453 322.92431640625 323.530792236328 320.303405761719 320.266448974609 323.590209960938 325.453216552734 325.912811279297 325.827850341797 326.150238037109 326.664093017578 327.028747558594 327.038696289062 327.047760009766 327.195465087891 327.43408203125 327.070129394531 327.076049804688 324.823059082031 325.322937011719 328.8583984375 329.456726074219
295.782745361328 291.646545410156 288.026275634766 288.683410644531 290.895233154297 292.635406494141 292.589172363281 289.015258789062 286.627563476562 284.527465820312 281.271881103516 280.294708251953 278.716918945312 279.611907958984 286.169067382812 294.520050048828 292.901275634766 284.11376953125 285.037750244141 287.5576171875 283.090881347656 282.290618896484 279.520446777344 293.797485351562 312.090576171875 317.943206787109 322.793792724609 325.045104980469 324.838897705078 323.958923339844 322.466125488281 323.341613769531 324.7587890625 324.704193115234 325.953094482422 326.111938476562 326.626831054688 326.992462158203 327.003662109375 327.014007568359 327.0234375 327.305725097656 327.906463623047 327.556274414062 327.563018798828 325.471771240234 327.346008300781 329.450378417969 329.073883056641
296.765350341797 294.48828125 293.210571289062 296.204010009766 299.964111328125 300.702484130859 300.887725830078 299.291656494141 298.42431640625 298.463714599609 295.897155761719 288.495635986328 290.79736328125 292.762420654297 298.723083496094 303.517303466797 299.535797119141 293.289245605469 291.756286621094 292.259613037109 287.69580078125 287.832855224609 286.009368896484 299.49853515625 313.628540039062 317.572143554688 322.753631591797 325.073394775391 325.002655029297 324.213684082031 322.764862060547 323.290557861328 324.958831787109 324.351043701172 325.711517333984 326.587524414062 326.954071044922 326.966613769531 326.978210449219 326.988922119141 326.998748779297 327.280944824219 328.015899658203 328.023254394531 328.029876708984 326.551544189453 327.332885742188 329.410949707031 329.052154541016
301.151153564453 300.757354736328 301.469268798828 302.882751464844 304.401397705078 304.615295410156 305.063598632812 306.429870605469 307.015594482422 307.707763671875 306.331481933594 299.80078125 302.687438964844 303.843139648438 306.479248046875 307.80615234375 307.702453613281 303.766235351562 301.094055175781 299.834655761719 294.226165771484 293.347381591797 296.329345703125 306.548309326172 315.630401611328 318.015045166016 322.243347167969 324.949096679688 324.701171875 324.194702148438 322.571258544922 322.011596679688 325.076873779297 324.8828125 325.473571777344 326.843109130859 326.678436279297 326.900451660156 327.459106445312 327.330169677734 326.834228515625 326.747863769531 327.483154296875 327.627044677734 327.870452880859 324.599456787109 326.03076171875 329.026672363281 329.030090332031
308.474945068359 306.767028808594 306.528930664062 306.242156982422 305.669128417969 305.914886474609 307.013336181641 308.721496582031 309.960235595703 311.698272705078 312.207183837891 309.578735351562 310.109649658203 311.821746826172 311.862854003906 310.803985595703 309.989593505859 306.854187011719 306.539947509766 306.645721435547 302.860595703125 300.517120361328 303.616577148438 310.603363037109 316.748657226562 319.272857666016 322.676300048828 324.708831787109 324.671569824219 324.764190673828 324.541046142578 323.549682617188 325.468444824219 325.359405517578 325.805267333984 326.746795654297 326.479278564453 327.016723632812 327.926330566406 327.58544921875 326.753234863281 326.969268798828 326.966888427734 327.106658935547 327.342498779297 324.516296386719 324.424713134766 328.624298095703 329.138397216797
310.740875244141 308.007904052734 306.473876953125 306.187835693359 305.979034423828 308.477569580078 311.60205078125 311.513397216797 312.595825195312 314.99755859375 316.334228515625 313.789276123047 312.863800048828 314.406768798828 314.293090820312 312.642120361328 309.958404541016 307.6484375 309.337371826172 311.237518310547 309.974151611328 307.815673828125 309.621765136719 314.009124755859 317.182189941406 320.796722412109 323.761596679688 324.535858154297 324.790863037109 325.166687011719 325.300842285156 325.065032958984 325.789825439453 325.661285400391 325.985198974609 326.28466796875 326.336700439453 327.025756835938 327.393737792969 327.195220947266 327.003021240234 327.660858154297 327.078918457031 327.458740234375 327.331726074219 326.200561523438 326.162872314453 328.237823486328 329.109313964844
312.786346435547 312.144378662109 310.778381347656 309.265747070312 308.514190673828 313.640777587891 317.516021728516 316.287689208984 316.525848388672 317.604827880859 318.453491210938 313.621765136719 310.604949951172 311.531677246094 313.977874755859 312.732055664062 310.744720458984 309.779541015625 310.466552734375 312.341705322266 312.918762207031 311.617523193359 313.723266601562 315.708953857422 317.492950439453 320.513244628906 322.856719970703 323.895446777344 325.115875244141 325.422302246094 324.224578857422 322.757659912109 325.337524414062 325.566680908203 325.644744873047 325.831085205078 326.128234863281 326.860168457031 326.873260498047 326.885406494141 327.031585693359 327.266082763672 327.185882568359 327.925354003906 327.803131103516 325.951110839844 326.30712890625 327.833984375 328.831787109375
312.268737792969 314.213287353516 316.246612548828 315.711853027344 314.257476806641 316.842620849609 318.633636474609 317.907897949219 318.998870849609 318.804565429688 314.710235595703 309.421325683594 307.237915039062 308.159545898438 310.435302734375 310.191223144531 308.698791503906 308.251831054688 307.60791015625 309.7734375 313.181365966797 313.4228515625 313.928802490234 315.236999511719 318.106384277344 320.166168212891 321.64892578125 323.953826904297 325.198150634766 324.948547363281 322.454833984375 319.405975341797 324.018920898438 325.701538085938 325.619201660156 325.803039550781 326.100189208984 326.832855224609 326.846282958984 326.858795166016 326.870422363281 327.0185546875 327.530914306641 327.900115966797 327.908355712891 325.214508056641 322.053070068359 327.314788818359 328.432891845703
310.545532226562 311.79150390625 313.174896240234 314.426574707031 316.726623535156 318.878601074219 318.623016357422 319.043548583984 320.278930664062 319.066101074219 314.199279785156 311.827239990234 309.208831787109 305.936828613281 306.494995117188 310.448822021484 309.882446289062 307.056030273438 305.912719726562 307.192749023438 310.311065673828 313.181915283203 315.050537109375 316.486297607422 318.558349609375 319.990081787109 322.008972167969 324.667724609375 324.814819335938 324.837829589844 321.636901855469 316.783355712891 321.070983886719 325.740142822266 325.757965087891 325.774749755859 326.071899414062 326.731750488281 326.768615722656 327.337860107422 327.350250244141 327.495178222656 327.865203857422 327.739471435547 327.374938964844 325.73681640625 322.506927490234 327.034820556641 327.527526855469
307.240386962891 309.816925048828 309.438232421875 311.261169433594 313.888824462891 314.493377685547 316.764892578125 320.324127197266 321.788940429688 319.532928466797 317.77490234375 315.911895751953 315.970275878906 315.186157226562 314.079284667969 315.296264648438 314.75927734375 312.605773925781 311.394622802734 310.090545654297 311.19921875 314.665679931641 316.994842529297 319.286712646484 322.037414550781 322.911102294922 323.500122070312 324.041076660156 324.397399902344 325.220062255859 325.233581542969 324.315399169922 324.516265869141 325.514923095703 325.558563232422 324.936431884766 324.932556152344 326.536834716797 326.487274169922 327.639007568359 327.284271240234 327.295562744141 327.441467285156 327.692138671875 327.598602294922 327.598022460938 326.328491210938 325.369232177734 326.866577148438
309.927551269531 314.459289550781 315.696044921875 315.953247070312 315.0859375 315.045806884766 319.695648193359 321.758056640625 322.072814941406 319.665374755859 318.058837890625 315.040008544922 315.427398681641 315.147399902344 315.037567138672 316.254180908203 316.637878417969 316.098876953125 314.612060546875 313.589996337891 313.680847167969 315.876617431641 318.099945068359 319.628173828125 321.372985839844 323.083465576172 323.460052490234 323.725982666016 324.365417480469 324.689514160156 324.783050537109 324.496704101562 325.380157470703 325.652008056641 325.670867919922 325.408264160156 325.271820068359 326.583465576172 326.514068603516 327.109405517578 326.762939453125 326.774993896484 326.917877197266 327.289489746094 327.431732177734 327.802642822266 326.213439941406 326.233459472656 327.352325439453
314.173767089844 316.063690185547 317.900390625 320.724609375 319.548461914062 319.332855224609 323.291076660156 323.477600097656 321.873352050781 320.291961669922 318.841796875 314.315826416016 313.554016113281 314.612945556641 315.828308105469 316.375549316406 318.754974365234 319.816741943359 317.958526611328 315.537261962891 315.679992675781 316.69921875 318.343231201172 317.923706054688 319.61181640625 322.986053466797 323.365356445312 323.957122802734 324.483581542969 324.592010498047 324.662841796875 324.478118896484 325.062561035156 325.622283935547 325.641479492188 325.659637451172 325.815643310547 326.328704833984 326.708038330078 326.722229003906 326.872436523438 327.253723144531 327.130798339844 326.903930664062 327.416198730469 327.670562744141 327.183624267578 326.806579589844 327.053100585938
315.822387695312 315.341979980469 317.514801025391 322.738983154297 323.45166015625 323.524597167969 323.596954345703 322.715484619141 321.029266357422 321.095794677734 320.124969482422 313.091766357422 310.673767089844 311.408538818359 314.288513183594 316.502838134766 318.050628662109 319.758972167969 320.406219482422 317.867065429688 316.122344970703 317.938415527344 318.459808349609 316.244842529297 318.629333496094 323.084716796875 323.116241455078 323.771942138672 324.535064697266 324.755187988281 324.777404785156 324.719451904297 324.771911621094 -3.4e+38 325.611938476562 325.630432128906 325.647857666016 -3.4e+38 326.314147949219 326.694305419922 326.978393554688 327.720581054688 327.601043701172 327.380035400391 327.753509521484 327.771362304688 327.524505615234 326.662292480469 326.548675537109
