rcp4.5models/CNRM_CM5/sc1gr2.37
NCOLS 261 
NROWS 433 
XLLCORNER 336357.134 
YLLCORNER 654653.479 
CELLSIZE 1000 
NODATA_value -3.4e+38 
[rows 330 to 351 of 433, columns 196 to 244 of 261]
339.740631103516 339.981414794922 339.499725341797 339.380920410156 340.255554199219 340.753051757812 341.018829345703 337.734680175781 336.070770263672 334.020111083984 331.770050048828 338.497833251953 340.560638427734 340.440643310547 341.100891113281 340.977203369141 341.752288818359 341.866180419922 342.101196289062 343.245697021484 343.471343994141 344.139373779297 343.725494384766 343.944091796875 344.634948730469 344.373138427734 344.853454589844 345.380310058594 345.747589111328 345.861389160156 346.285034179688 346.232269287109 346.293151855469 345.936614990234 344.87548828125 345.514617919922 346.141235351562 345.519256591797 346.255828857422 345.797485351562 345.446624755859 345.892120361328 346.358703613281 346.438110351562 346.801666259766 346.900054931641 347.447692871094 347.903991699219 348.384460449219
340.115081787109 340.258331298828 340.259826660156 339.133209228516 339.377075195312 340.541412353516 341.566680908203 340.61767578125 340.361083984375 339.944702148438 338.19384765625 340.609985351562 340.341522216797 340.737579345703 340.825775146484 341.34521484375 341.95556640625 342.777709960938 343.014099121094 343.561737060547 342.839111328125 343.337768554688 343.700744628906 343.384704589844 343.866882324219 344.295562744141 344.508178710938 345.305053710938 345.309722900391 345.406616210938 345.795867919922 345.963409423828 346.137847900391 345.249786376953 344.976898193359 345.429718017578 345.713195800781 345.333770751953 345.348480224609 345.725402832031 345.445617675781 345.451965332031 345.914337158203 346.383758544922 346.483581542969 347.031463623047 347.396697998047 347.471282958984 347.926330566406
340.131896972656 340.266540527344 340.252838134766 338.904479980469 338.673980712891 340.548278808594 341.794464111328 341.954772949219 341.323974609375 341.577026367188 341.221893310547 341.11572265625 340.748687744141 340.605407714844 340.480316162109 341.3759765625 342.124755859375 -3.4e+38 343.382385253906 343.428253173828 342.405639648438 343.030395507812 343.779663085938 343.841186523438 343.944732666016 344.314910888672 344.414978027344 344.783966064453 344.787567138672 344.900146484375 345.432708740234 345.801239013672 345.717132568359 345.251617431641 345.018981933594 345.916656494141 345.717529296875 344.738342285156 344.459014892578 344.925964355469 345.387023925781 345.395660400391 345.571502685547 346.404327392578 346.576232910156 347.413024902344 347.417388916016 347.421783447266 347.494720458984
340.66357421875 340.673767089844 340.427520751953 339.570587158203 339.594543457031 340.83251953125 341.321166992188 342.100280761719 341.746551513672 341.628997802734 341.239624023438 341.246612548828 341.141784667969 340.663177490234 340.49755859375 341.622680664062 342.914367675781 -3.4e+38 343.710235595703 343.31640625 343.475311279297 343.847259521484 343.952850341797 344.323852539062 344.328948974609 344.333984375 344.338928222656 344.343780517578 344.457794189453 344.987274169922 345.255950927734 344.926971435547 345.371765136719 345.29052734375 345.099731445312 345.834106445312 345.774169921875 345.400512695312 344.953369140625 344.939025878906 344.947723388672 345.512359619141 345.961059570312 345.956176757812 346.501403808594 346.867401123047 346.870361328125 346.873291015625 346.876220703125
340.649536132812 340.658599853516 340.543792724609 340.061706542969 339.545013427734 339.525390625 340.828186035156 342.361511230469 342.637451171875 342.009887695312 341.381439208984 341.787719726562 341.672729492188 341.045715332031 340.635528564453 341.913360595703 342.360626220703 342.668670654297 343.797790527344 343.838562011719 343.793640136719 343.912567138672 344.337188720703 344.342498779297 344.459594726562 344.890625 344.896759033203 344.902801513672 345.109375 345.807067871094 345.73193359375 345.019897460938 345.391174316406 345.499176025391 345.847229003906 345.404815673828 345.591979980469 346.133087158203 344.863555908203 344.788238525391 344.504455566406 345.606689453125 346.366424560547 346.08056640625 346.449279785156 346.545745849609 346.934265136719 346.462646484375 346.556427001953
340.313507080078 340.440765380859 339.683715820312 339.570098876953 338.845916748047 337.072967529297 336.448120117188 342.494476318359 343.018127441406 342.027679443359 341.511291503906 342.281372070312 342.05517578125 340.821197509766 339.829132080078 341.674072265625 341.421112060547 341.910400390625 343.319580078125 343.174072265625 342.812042236328 343.143829345703 344.355499267578 344.360870361328 344.573547363281 345.260925292969 344.837768554688 344.950439453125 345.3701171875 345.430877685547 -3.4e+38 345.510101318359 345.853546142578 345.499725341797 345.786804199219 345.424194335938 345.510070800781 345.719879150391 344.992156982422 344.998016357422 345.003845214844 345.530334472656 345.992980957031 346.464752197266 346.469268798828 346.634948730469 347.319061279297 346.482757568359 346.642395019531
339.68115234375 338.432403564453 339.230865478516 339.11865234375 336.640991210938 329.635406494141 328.450042724609 342.005920410156 342.656768798828 342.299896240234 342.184539794922 341.792083740234 341.688171386719 341.220001220703 340.861358642578 341.094390869141 341.652923583984 340.871276855469 341.355010986328 341.197875976562 340.884185791016 341.704650878906 343.405456542969 343.659484863281 344.402282714844 344.407623291016 344.412902832031 344.601684570312 345.358489990234 345.338836669922 345.438232421875 345.443115234375 345.447967529297 345.554016113281 345.905822753906 345.561737060547 345.919586181641 345.471649169922 345.476287841797 345.48095703125 345.485565185547 345.661315917969 346.499389648438 346.503967285156 346.578582763672 346.948333740234 346.951477050781 346.887969970703 346.613555908203
340.240203857422 338.393096923828 337.706268310547 339.514495849609 338.958160400391 333.039642333984 327.418579101562 341.540740966797 342.308074951172 342.192657470703 341.934631347656 342.133117675781 341.459259033203 341.750030517578 341.352630615234 341.7021484375 342.553131103516 341.268432617188 340.939392089844 339.229339599609 339.317199707031 341.618103027344 343.928375244141 343.879760742188 343.99365234375 344.425415039062 344.538391113281 344.868225097656 344.531433105469 344.905212402344 345.456512451172 345.461486816406 345.466430664062 345.554504394531 345.845733642578 345.561828613281 345.952911376953 345.945739746094 345.495208740234 345.499908447266 345.598754882812 346.145660400391 346.518615722656 346.613677978516 347.091003417969 347.008544921875 346.537200927734 346.628509521484 347.180419921875
340.7265625 339.733734130859 337.554992675781 340.157653808594 340.911865234375 337.106964111328 330.477142333984 341.950103759766 342.323760986328 342.095825195312 341.685455322266 342.482299804688 341.464263916016 341.848876953125 341.893829345703 342.113800048828 342.646179199219 341.800903320312 341.513031005859 339.999206542969 340.629150390625 343.148284912109 343.795928955078 343.541381835938 343.958404541016 343.906433105469 344.002838134766 344.391632080078 344.459045410156 344.464294433594 344.931335449219 344.935211181641 345.039733886719 345.489593505859 345.494506835938 345.499389648438 345.680511474609 346.431030273438 346.067047119141 346.073150634766 346.153839111328 346.624359130859 347.097595214844 347.084106445312 346.984252929688 346.919830322266 346.556457519531 346.626617431641 346.997222900391
340.254486083984 340.018524169922 339.548980712891 340.406158447266 340.659027099609 339.118072509766 336.905883789062 341.93603515625 342.339172363281 342.234527587891 341.988098144531 342.131927490234 341.370513916016 341.604797363281 342.385070800781 342.392059326172 342.28271484375 341.65966796875 341.788421630859 341.537475585938 342.271118164062 343.437042236328 343.442962646484 343.543914794922 343.71728515625 343.138458251953 343.896636962891 343.561584472656 343.937072753906 344.044891357422 344.492370605469 344.396606445312 344.140625 345.060150146484 345.512664794922 345.517608642578 345.697540283203 346.527465820312 346.532318115234 346.443695068359 346.079010009766 346.713989257812 347.556427001953 347.403045654297 346.565979003906 346.570739746094 346.575500488281 346.580261230469 346.585021972656
340.137481689453 339.895263671875 340.418609619141 340.686492919922 340.436676025391 340.835357666016 340.962463378906 341.584350585938 342.354278564453 342.362548828125 342.249572753906 341.746551513672 341.386108398438 341.619659423828 342.400848388672 342.407958984375 342.195068359375 341.318695068359 341.963745117188 342.070526123047 342.656921386719 343.453643798828 343.459686279297 343.357177734375 342.843048095703 342.661804199219 343.317626953125 343.055053710938 343.493865966797 343.689849853516 343.967254638672 343.987457275391 344.148254394531 344.705505371094 345.530578613281 345.535614013672 345.714324951172 346.545623779297 346.456909179688 345.926940917969 345.725646972656 346.173187255859 347.104522705078 347.423126220703 346.584686279297 346.589508056641 346.594329833984 346.599151611328 346.60400390625
340.027526855469 339.545257568359 340.5537109375 341.193176269531 340.958343505859 341.333160400391 341.467620849609 341.993438720703 342.491485595703 342.775970458984 342.274719238281 341.915161132812 341.686248779297 341.228851318359 342.533294677734 342.832489013672 342.211700439453 341.5517578125 342.034729003906 342.457397460938 342.561614990234 342.9384765625 342.943603515625 342.854339599609 342.488067626953 342.493896484375 342.604736328125 343.028503417969 343.075164794922 343.705810546875 343.527221679688 343.616119384766 344.091644287109 344.721862792969 345.548248291016 345.553375244141 345.730895996094 346.469696044922 345.940979003906 345.573577880859 345.651489257812 346.216735839844 346.662841796875 346.969573974609 346.603210449219 346.608093261719 346.612976074219 346.617858886719 346.704833984375
340.041442871094 339.428833007812 340.052673339844 340.940124511719 341.33740234375 341.347198486328 341.473266601562 341.856719970703 342.221588134766 343.280334472656 342.920928955078 342.810638427734 342.081665039062 341.395843505859 342.828399658203 342.400482177734 342.342681884766 341.968170166016 339.595916748047 342.362396240234 341.949493408203 342.063934326172 342.492340087891 342.391235351562 341.863861083984 341.755737304688 343.038513183594 342.895416259766 342.615539550781 343.181762695312 343.644073486328 344.093048095703 344.181457519531 344.738006591797 345.565704345703 345.475921630859 345.197814941406 345.954620361328 345.678466796875 346.053649902344 345.686676025391 346.049194335938 346.052825927734 346.056396484375 346.059936523438 346.147705078125 346.631439208984 346.636383056641 346.703216552734
340.567596435547 339.703765869141 339.195526123047 339.298522949219 340.8359375 340.970336914062 341.246337890625 341.266662597656 341.226135253906 342.488220214844 343.014373779297 343.314056396484 342.727355957031 342.175079345703 342.596160888672 341.558349609375 342.050079345703 342.366577148438 340.664184570312 342.390716552734 341.916107177734 341.706268310547 342.615844726562 342.847503662109 341.856842041016 341.544281005859 343.442840576172 342.972900390625 342.646179199219 343.07470703125 343.744018554688 344.566711425781 344.572174072266 344.657745361328 345.131530761719 345.510467529297 345.219268798828 345.598754882812 345.678161621094 346.073425292969 346.151092529297 345.537078857422 345.157470703125 345.634582519531 345.639617919922 345.709442138672 346.085540771484 346.17041015625 346.65966796875
340.815063476562 340.594787597656 339.487670898438 338.614654541016 339.209014892578 339.194580078125 340.483337402344 341.289306640625 341.042755126953 341.531890869141 342.019226074219 342.514190673828 342.816497802734 342.453582763672 342.125366210938 340.715789794922 340.457977294922 342.483489990234 342.759918212891 342.085357666016 342.305541992188 341.720855712891 342.618194580078 343.010589599609 342.978607177734 342.585266113281 342.683227539062 343.466583251953 343.084381103516 342.941467285156 343.759490966797 344.583435058594 344.588989257812 344.594482421875 344.678405761719 345.151275634766 345.518157958984 345.157470703125 345.53076171875 345.146331787109 345.452392578125 345.400115966797 344.242462158203 345.092895507812 345.096588134766 345.100250244141 345.185363769531 345.734680175781 346.111083984375
340.202667236328 341.095123291016 340.235565185547 339.382843017578 337.619384765625 337.479217529297 339.875793457031 341.538024902344 341.943817138672 341.953491210938 341.962951660156 341.962890625 342.055328369141 342.352081298828 341.513397216797 339.866394042969 340.062896728516 342.084686279297 342.721099853516 341.726135253906 342.213470458984 341.312072753906 342.43310546875 342.211364746094 343.123168945312 343.378265380859 342.813720703125 343.570678710938 343.490234375 343.12158203125 343.677001953125 344.154205322266 344.605590820312 344.611175537109 344.42919921875 343.697143554688 344.455017089844 344.248413085938 345.014190673828 344.555023193359 344.270935058594 345.351440429688 343.732055664062 344.11083984375 344.197296142578 344.762084960938 345.23095703125 345.205291748047 345.774383544922
339.845703125 339.9541015625 340.36865234375 340.273864746094 339.594299316406 338.934600830078 340.672973632812 341.542877197266 341.921173095703 342.048583984375 342.338714599609 341.837127685547 341.697021484375 342.261016845703 341.166748046875 340.011199951172 340.307800292969 341.725128173828 342.474639892578 340.792236328125 341.820404052734 341.267364501953 342.035919189453 342.080749511719 342.332977294922 343.574035644531 343.682189941406 344.022003173828 343.592559814453 343.499603271484 343.069396972656 343.251159667969 344.173645019531 344.627655029297 344.292327880859 342.807189941406 343.735504150391 344.183288574219 344.193603515625 344.677459716797 344.826568603516 344.513977050781 344.071960449219 343.294342041016 344.317352294922 344.841857910156 345.641418457031 345.333801269531 345.850769042969
338.704620361328 337.330291748047 339.221649169922 340.629669189453 341.38818359375 341.435668945312 341.423400878906 341.442932128906 341.571990966797 342.090148925781 342.361389160156 341.999114990234 342.114959716797 342.275695800781 341.513763427734 341.229949951172 340.470977783203 342.152709960938 341.811981201172 339.646667480469 341.870697021484 341.245269775391 342.088348388672 342.161102294922 342.829772949219 343.589324951172 343.784973144531 344.414947509766 343.608184814453 343.530029296875 343.167053222656 343.254760742188 343.717498779297 344.006317138672 343.497131347656 343.186492919922 343.1875 343.494812011719 343.370208740234 344.661285400391 344.593383789062 343.761260986328 344.010101318359 343.393096923828 344.150085449219 344.296356201172 345.236694335938 345.803833007812 346.355987548828
338.380798339844 338.513671875 339.143463134766 340.047210693359 340.427001953125 340.315093994141 340.054931640625 340.588043212891 341.106018066406 341.597015380859 342.094635009766 342.505523681641 342.734954833984 343.19970703125 341.8369140625 341.164245605469 341.759033203125 342.555053710938 339.738037109375 336.287658691406 342.584808349609 342.498596191406 342.221405029297 342.696655273438 343.182159423828 343.429931640625 343.000061035156 344.533355712891 344.10205078125 344.107269287109 343.657623291016 343.663757324219 343.762756347656 344.127624511719 343.605865478516 343.323699951172 343.861785888672 343.840209960938 341.949523925781 343.331787109375 343.716430664062 344.727630615234 344.733184814453 344.594604492188 343.885986328125 344.889190673828 345.677947998047 345.19677734375 345.350677490234
338.775573730469 338.530364990234 339.166717529297 339.914825439453 339.802124023438 339.428253173828 339.695861816406 340.592468261719 341.091827392578 341.5 341.617340087891 342.114440917969 342.747131347656 343.204895019531 341.919586181641 341.552612304688 341.881988525391 342.983642578125 341.142333984375 340.012969970703 343.127044677734 343.030822753906 342.509796142578 342.089050292969 342.18408203125 342.579956054688 342.913269042969 343.928100585938 343.214660644531 343.660217285156 343.767242431641 344.126922607422 343.763214111328 344.16259765625 344.061798095703 343.231781005859 343.703277587891 343.864868164062 342.497741699219 343.811920166016 344.285034179688 344.825866699219 345.306121826172 345.170440673828 344.381988525391 344.67236328125 344.102844238281 344.289276123047 344.971252441406
339.027587890625 338.276031494141 339.427215576172 339.438903808594 339.210876464844 338.576599121094 339.071594238281 339.976776123047 340.331939697266 341.395477294922 341.119415283203 341.752288818359 342.645172119141 342.820251464844 342.078857421875 342.198974609375 342.820678710938 343.483154296875 342.394470214844 342.007019042969 343.612701416016 343.423706054688 342.433197021484 341.634399414062 341.742218017578 342.1689453125 342.306060791016 343.139587402344 343.288391113281 343.675109863281 344.213897705078 344.074951171875 343.700653076172 343.782989501953 344.018920898438 343.176330566406 342.884918212891 343.660034179688 343.356414794922 343.811676025391 344.279937744141 344.906372070312 345.766174316406 345.709350585938 345.258697509766 344.586395263672 343.484802246094 344.415161132812 344.856353759766
338.660491943359 338.302612304688 339.313751220703 339.061248779297 339.222808837891 338.472747802734 338.363189697266 338.828430175781 340.250946044922 341.014984130859 341.274780273438 342.168243408203 342.552490234375 342.561370849609 342.570098876953 342.679626464844 343.173309326172 343.37841796875 342.095672607422 342.334686279297 343.098663330078 342.909820556641 342.122955322266 342.077758789062 341.843963623047 342.575531005859 342.288970947266 342.663665771484 342.707275390625 343.247772216797 344.623504638672 344.157958984375 343.806640625 344.175170898438 343.728363037109 343.661468505859 343.359161376953 343.661285400391 343.288238525391 343.842254638672 344.301086425781 344.840972900391 345.3056640625 345.710235595703 345.174652099609 -3.4e+38 -3.4e+38 344.810974121094 344.816589355469
