rcp4.5models/CNRM_CM5/sc1gr5.16
NCOLS 261 
NROWS 433 
XLLCORNER 336357.134 
YLLCORNER 654653.479 
CELLSIZE 1000 
NODATA_value -3.4e+38 
[rows 396 to 417 of 433, columns 147 to 195 of 261]
277.666595458984 278.786071777344 279.392272949219 279.741882324219 279.470581054688 279.234588623047 279.732788085938 280.125183105469 280.362487792969 280.978759765625 281.413452148438 281.553619384766 281.593444824219 281.364135742188 281.126007080078 280.846618652344 280.512512207031 280.874969482422 281.433715820312 281.564392089844 281.825103759766 281.55615234375 281.233795166016 281.064483642578 280.820190429688 281.408416748047 282.141143798828 -3.4e+38 -3.4e+38 283.113586425781 283.281188964844 -3.4e+38 -3.4e+38 283.582275390625 283.392669677734 283.253387451172 283.369110107422 282.963500976562 283.091125488281 283.502624511719 283.732025146484 283.627288818359 283.707733154297 283.936065673828 284.219848632812 -3.4e+38 285.199462890625 285.384429931641 285.533081054688
277.156463623047 278.284851074219 279.048950195312 279.887939453125 280.034606933594 279.621154785156 279.869354248047 280.695068359375 280.914093017578 281.100769042969 281.247009277344 281.630889892578 281.521484375 281.290924072266 280.863983154297 280.745635986328 280.739837646484 281.055755615234 281.527038574219 281.689392089844 281.979400634766 281.621490478516 281.732696533203 281.501434326172 280.650177001953 280.678070068359 282.047454833984 282.506683349609 -3.4e+38 -3.4e+38 283.428161621094 -3.4e+38 -3.4e+38 283.775421142578 283.57666015625 283.636016845703 283.504302978516 283.260009765625 283.326354980469 283.682678222656 283.745056152344 283.742584228516 283.948425292969 284.138793945312 284.212768554688 -3.4e+38 -3.4e+38 285.671966552734 285.709197998047
277.926086425781 278.659088134766 279.188903808594 279.809448242188 280.338714599609 280.230255126953 280.000030517578 280.385559082031 280.981597900391 281.330413818359 281.517333984375 281.395416259766 281.179779052734 281.372131347656 281.302459716797 281.367095947266 281.075775146484 281.299896240234 281.774291992188 281.950897216797 282.091339111328 281.707946777344 281.746765136719 281.379791259766 280.515167236328 280.184448242188 281.414886474609 282.089233398438 282.821655273438 282.755676269531 283.169586181641 283.531951904297 283.449615478516 283.89794921875 283.817718505859 283.877410888672 283.794677734375 283.692565917969 283.818237304688 284.041473388672 283.752990722656 283.872497558594 284.210693359375 284.290466308594 -3.4e+38 284.667053222656 285.421997070312 -3.4e+38 285.5888671875
278.790435791016 279.293670654297 279.610046386719 280.042419433594 280.351379394531 280.524536132812 280.293395996094 280.230010986328 280.673797607422 281.069641113281 281.529113769531 281.396453857422 281.217193603516 281.797515869141 281.733367919922 281.807098388672 281.239959716797 281.250396728516 282.249938964844 282.344268798828 282.519958496094 282.331451416016 281.562469482422 281.034240722656 280.649322509766 280.586853027344 280.961242675781 281.873321533203 282.352203369141 282.452270507812 283.044616699219 283.617614746094 283.685668945312 283.782348632812 283.755096435547 284.161834716797 284.219299316406 284.114440917969 284.144073486328 284.597442626953 284.198181152344 284.093383789062 284.182403564453 284.489044189453 -3.4e+38 284.362487792969 285.011199951172 285.263458251953 285.476837158203
279.002105712891 279.392181396484 279.770874023438 280.048217773438 280.381469726562 280.579528808594 280.504089355469 280.547607421875 280.387725830078 280.625854492188 281.192687988281 281.339538574219 281.185729980469 281.842437744141 -3.4e+38 -3.4e+38 281.738708496094 281.493255615234 282.427215576172 282.643249511719 282.844116210938 282.707244873047 281.5634765625 281.069641113281 280.805572509766 281.0341796875 280.949096679688 281.309600830078 281.653625488281 282.376220703125 283.0341796875 283.607696533203 283.719360351562 283.9765625 284.045349121094 284.424713134766 284.591949462891 284.629211425781 284.629638671875 284.901214599609 284.611846923828 284.256256103516 284.353057861328 284.707366943359 284.942962646484 284.379913330078 284.844329833984 285.178527832031 285.625030517578
279.238525390625 279.600708007812 279.997253417969 280.025604248047 280.317138671875 280.345123291016 280.609252929688 280.812530517578 280.354461669922 280.654510498047 281.376495361328 281.562896728516 281.53759765625 281.908020019531 -3.4e+38 -3.4e+38 -3.4e+38 282.05029296875 282.411224365234 282.899353027344 282.874755859375 282.515350341797 281.783111572266 281.499603271484 281.434234619141 281.554962158203 281.104187011719 280.921173095703 281.547210693359 282.608673095703 283.148040771484 283.597930908203 283.7783203125 284.393676757812 284.491546630859 284.255706787109 284.461975097656 284.709564208984 284.875549316406 284.957855224609 284.890991210938 284.658996582031 284.764007568359 285.075073242188 285.163238525391 284.715545654297 284.939666748047 285.309967041016 285.617004394531
279.381927490234 279.662078857422 280.100738525391 280.214569091797 280.333801269531 280.284149169922 280.637420654297 280.933166503906 280.493072509766 280.687316894531 281.451873779297 281.847778320312 281.929229736328 -3.4e+38 -3.4e+38 -3.4e+38 282.524139404297 282.459777832031 282.563507080078 282.772796630859 282.496002197266 282.184539794922 281.854553222656 281.918548583984 282.194519042969 282.054229736328 281.479187011719 281.364898681641 281.855712890625 282.733337402344 282.91455078125 283.294952392578 283.748992919922 284.473205566406 284.563018798828 284.296264648438 284.447540283203 284.696685791016 284.840118408203 284.904998779297 285.052124023438 284.97021484375 284.795074462891 -3.4e+38 285.467376708984 285.122619628906 285.288818359375 285.337493896484 285.282653808594
279.405700683594 279.860961914062 280.128509521484 280.364135742188 280.557281494141 280.487579345703 280.798889160156 281.077789306641 280.816162109375 280.61328125 281.183380126953 282.014953613281 282.040679931641 282.066162109375 282.1220703125 282.319427490234 282.554901123047 282.581115722656 282.604339599609 282.441314697266 282.0654296875 282.055023193359 281.905914306641 282.137481689453 282.50537109375 282.378692626953 282.090148925781 282.085571289062 282.051483154297 282.717132568359 282.607757568359 282.979156494141 283.693664550781 284.640533447266 284.666687011719 284.665588378906 284.646148681641 284.750885009766 284.812530517578 284.814727783203 284.937866210938 284.875 284.930114746094 -3.4e+38 -3.4e+38 -3.4e+38 285.595794677734 -3.4e+38 -3.4e+38
279.727233886719 280.103790283203 280.432983398438 280.551300048828 280.793975830078 280.828216552734 281.003387451172 281.555419921875 281.399719238281 280.9853515625 281.038879394531 281.613525390625 281.75732421875 282.038757324219 282.205841064453 282.426086425781 282.481597900391 282.491333007812 282.488189697266 282.348175048828 282.193420410156 282.354522705078 282.151947021484 282.210815429688 282.534881591797 282.438201904297 282.369598388672 282.158874511719 282.335998535156 282.726379394531 282.674743652344 283.073913574219 283.802764892578 284.565368652344 284.820770263672 284.842071533203 -3.4e+38 -3.4e+38 -3.4e+38 284.718811035156 -3.4e+38 284.802825927734 -3.4e+38 -3.4e+38 -3.4e+38 -3.4e+38 -3.4e+38 -3.4e+38 -3.4e+38
279.839721679688 280.070251464844 280.391204833984 280.682586669922 281.190612792969 281.364410400391 281.492462158203 281.894226074219 281.857666015625 281.507049560547 281.079040527344 281.367462158203 281.421203613281 282.019256591797 282.152313232422 282.323333740234 282.353576660156 282.552154541016 282.490356445312 282.310668945312 282.214477539062 282.732147216797 282.493225097656 282.346343994141 282.663604736328 282.651611328125 282.357696533203 282.068176269531 282.813385009766 282.6298828125 282.710174560547 282.987609863281 283.717102050781 284.254241943359 284.561340332031 285.002502441406 -3.4e+38 -3.4e+38 -3.4e+38 284.813293457031 284.771118164062 284.771789550781 -3.4e+38 -3.4e+38 -3.4e+38 -3.4e+38 -3.4e+38 -3.4e+38 -3.4e+38
279.936492919922 279.471618652344 279.476531982422 279.647583007812 280.078338623047 280.549346923828 280.868408203125 281.407348632812 281.652313232422 281.724243164062 281.669464111328 281.317169189453 281.387359619141 281.964019775391 282.162902832031 282.374755859375 282.476928710938 282.438110351562 282.745635986328 282.952545166016 282.987915039062 283.162322998047 283.086181640625 282.919189453125 283.115539550781 283.505554199219 283.597412109375 283.431427001953 283.196960449219 282.494567871094 283.091796875 283.518676757812 283.617248535156 284.523040771484 284.391632080078 284.227569580078 -3.4e+38 -3.4e+38 -3.4e+38 -3.4e+38 -3.4e+38 -3.4e+38 -3.4e+38 -3.4e+38 -3.4e+38 -3.4e+38 -3.4e+38 -3.4e+38 -3.4e+38
280.566558837891 280.042877197266 280.015625 279.981201171875 279.911285400391 280.009979248047 280.472015380859 281.105224609375 281.360168457031 281.64013671875 281.615295410156 281.404693603516 281.594085693359 282.073516845703 282.435607910156 282.507781982422 282.580749511719 282.629089355469 282.985107421875 283.146209716797 283.27197265625 283.360015869141 283.139404296875 282.816223144531 282.756072998047 283.243347167969 283.783203125 283.693115234375 283.258148193359 283.108703613281 283.700561523438 283.832824707031 284.085968017578 284.313018798828 -3.4e+38 284.072814941406 -3.4e+38 -3.4e+38 -3.4e+38 -3.4e+38 -3.4e+38 -3.4e+38 -3.4e+38 -3.4e+38 -3.4e+38 -3.4e+38 -3.4e+38 -3.4e+38 -3.4e+38
280.748107910156 280.512451171875 280.68896484375 280.899200439453 280.325317382812 279.670745849609 280.172332763672 280.752471923828 281.327758789062 281.780334472656 281.774200439453 281.541442871094 281.908569335938 282.106170654297 282.46923828125 282.697998046875 282.720886230469 282.718658447266 282.797302246094 283.0927734375 283.216552734375 283.233673095703 283.114654541016 282.847869873047 282.853759765625 282.910614013672 283.586029052734 283.667358398438 283.418426513672 283.737487792969 283.888610839844 283.9853515625 284.499572753906 284.009796142578 283.786346435547 -3.4e+38 -3.4e+38 -3.4e+38 -3.4e+38 -3.4e+38 -3.4e+38 -3.4e+38 -3.4e+38 -3.4e+38 -3.4e+38 -3.4e+38 -3.4e+38 -3.4e+38 -3.4e+38
280.404754638672 280.581481933594 281.111999511719 281.280822753906 280.558898925781 280.399993896484 280.828369140625 280.890686035156 281.582916259766 282.061553955078 282.022827148438 281.853820800781 281.906402587891 281.991027832031 282.161285400391 282.455444335938 282.451629638672 282.522613525391 282.759918212891 282.919281005859 283.195831298828 283.154663085938 282.994293212891 282.833892822266 283.051788330078 282.792327880859 283.487060546875 283.798187255859 284.149047851562 284.286560058594 283.906433105469 284.083587646484 -3.4e+38 -3.4e+38 -3.4e+38 -3.4e+38 -3.4e+38 -3.4e+38 -3.4e+38 -3.4e+38 -3.4e+38 -3.4e+38 -3.4e+38 -3.4e+38 -3.4e+38 -3.4e+38 -3.4e+38 -3.4e+38 -3.4e+38
280.419860839844 280.883239746094 281.344055175781 281.00341796875 280.529418945312 280.978363037109 281.389434814453 281.199005126953 281.743865966797 282.214721679688 282.491027832031 282.127471923828 282.044616699219 281.878814697266 281.749755859375 282.360565185547 282.625915527344 282.702911376953 283.046936035156 282.89501953125 283.164215087891 283.197601318359 282.853912353516 282.840667724609 283.047454833984 282.9033203125 283.373931884766 283.730926513672 284.208374023438 284.05517578125 -3.4e+38 -3.4e+38 -3.4e+38 -3.4e+38 -3.4e+38 -3.4e+38 -3.4e+38 -3.4e+38 -3.4e+38 -3.4e+38 -3.4e+38 -3.4e+38 -3.4e+38 -3.4e+38 -3.4e+38 -3.4e+38 -3.4e+38 -3.4e+38 -3.4e+38
280.849945068359 281.027770996094 281.207366943359 281.068786621094 280.774108886719 281.002136230469 281.458679199219 281.500854492188 281.907012939453 282.245880126953 282.738067626953 282.485229492188 282.131286621094 281.954223632812 281.78564453125 282.451446533203 283.002716064453 283.049621582031 282.940734863281 282.916229248047 283.256011962891 283.316955566406 282.979187011719 282.899597167969 283.113098144531 283.126190185547 283.488647460938 -3.4e+38 -3.4e+38 -3.4e+38 -3.4e+38 -3.4e+38 -3.4e+38 -3.4e+38 -3.4e+38 -3.4e+38 -3.4e+38 -3.4e+38 -3.4e+38 -3.4e+38 -3.4e+38 -3.4e+38 -3.4e+38 -3.4e+38 -3.4e+38 -3.4e+38 -3.4e+38 -3.4e+38 -3.4e+38
281.229614257812 281.255279541016 281.284271240234 281.256011962891 280.669708251953 280.813751220703 281.429046630859 281.779968261719 282.103332519531 282.318664550781 282.544677734375 282.470794677734 282.213256835938 282.345794677734 282.419799804688 282.367828369141 282.969055175781 283.000762939453 -3.4e+38 282.963897705078 283.307159423828 283.180999755859 -3.4e+38 -3.4e+38 -3.4e+38 -3.4e+38 -3.4e+38 -3.4e+38 -3.4e+38 -3.4e+38 -3.4e+38 -3.4e+38 -3.4e+38 -3.4e+38 -3.4e+38 -3.4e+38 -3.4e+38 -3.4e+38 -3.4e+38 -3.4e+38 -3.4e+38 -3.4e+38 -3.4e+38 -3.4e+38 -3.4e+38 -3.4e+38 -3.4e+38 -3.4e+38 -3.4e+38
280.806518554688 281.095916748047 281.340454101562 281.285858154297 280.591644287109 280.330505371094 280.785339355469 281.475799560547 282.14208984375 282.375549316406 282.458953857422 -3.4e+38 282.385559082031 -3.4e+38 282.356414794922 282.260528564453 -3.4e+38 -3.4e+38 -3.4e+38 -3.4e+38 -3.4e+38 -3.4e+38 -3.4e+38 -3.4e+38 -3.4e+38 -3.4e+38 -3.4e+38 -3.4e+38 -3.4e+38 -3.4e+38 -3.4e+38 -3.4e+38 -3.4e+38 -3.4e+38 -3.4e+38 -3.4e+38 -3.4e+38 -3.4e+38 -3.4e+38 -3.4e+38 -3.4e+38 -3.4e+38 -3.4e+38 -3.4e+38 -3.4e+38 -3.4e+38 -3.4e+38 -3.4e+38 -3.4e+38
280.271331787109 280.794952392578 281.444244384766 281.415649414062 281.076385498047 280.807861328125 280.748840332031 281.294708251953 281.976104736328 282.273132324219 -3.4e+38 282.168029785156 -3.4e+38 -3.4e+38 282.336029052734 -3.4e+38 -3.4e+38 -3.4e+38 -3.4e+38 -3.4e+38 -3.4e+38 -3.4e+38 -3.4e+38 -3.4e+38 -3.4e+38 -3.4e+38 -3.4e+38 -3.4e+38 -3.4e+38 -3.4e+38 -3.4e+38 -3.4e+38 -3.4e+38 -3.4e+38 -3.4e+38 -3.4e+38 -3.4e+38 -3.4e+38 -3.4e+38 -3.4e+38 -3.4e+38 -3.4e+38 -3.4e+38 -3.4e+38 -3.4e+38 -3.4e+38 -3.4e+38 -3.4e+38 -3.4e+38
280.411926269531 281.042541503906 281.634582519531 281.592803955078 281.544128417969 281.591247558594 281.524322509766 -3.4e+38 281.880950927734 -3.4e+38 -3.4e+38 -3.4e+38 -3.4e+38 -3.4e+38 -3.4e+38 -3.4e+38 -3.4e+38 -3.4e+38 -3.4e+38 -3.4e+38 -3.4e+38 -3.4e+38 -3.4e+38 -3.4e+38 -3.4e+38 -3.4e+38 -3.4e+38 -3.4e+38 -3.4e+38 -3.4e+38 -3.4e+38 -3.4e+38 -3.4e+38 -3.4e+38 -3.4e+38 -3.4e+38 -3.4e+38 -3.4e+38 -3.4e+38 -3.4e+38 -3.4e+38 -3.4e+38 -3.4e+38 -3.4e+38 -3.4e+38 -3.4e+38 -3.4e+38 -3.4e+38 -3.4e+38
281.06640625 281.389831542969 281.754150390625 281.826873779297 281.724945068359 281.572052001953 281.64990234375 281.878601074219 -3.4e+38 -3.4e+38 -3.4e+38 -3.4e+38 -3.4e+38 -3.4e+38 -3.4e+38 -3.4e+38 -3.4e+38 -3.4e+38 -3.4e+38 -3.4e+38 -3.4e+38 -3.4e+38 -3.4e+38 -3.4e+38 -3.4e+38 -3.4e+38 -3.4e+38 -3.4e+38 -3.4e+38 -3.4e+38 -3.4e+38 -3.4e+38 -3.4e+38 -3.4e+38 -3.4e+38 -3.4e+38 -3.4e+38 -3.4e+38 -3.4e+38 -3.4e+38 -3.4e+38 -3.4e+38 -3.4e+38 -3.4e+38 -3.4e+38 -3.4e+38 -3.4e+38 -3.4e+38 -3.4e+38
281.338256835938 281.367797851562 281.708892822266 281.834533691406 -3.4e+38 -3.4e+38 -3.4e+38 -3.4e+38 -3.4e+38 -3.4e+38 -3.4e+38 -3.4e+38 -3.4e+38 -3.4e+38 -3.4e+38 -3.4e+38 -3.4e+38 -3.4e+38 -3.4e+38 -3.4e+38 -3.4e+38 -3.4e+38 -3.4e+38 -3.4e+38 -3.4e+38 -3.4e+38 -3.4e+38 -3.4e+38 -3.4e+38 -3.4e+38 -3.4e+38 -3.4e+38 -3.4e+38 -3.4e+38 -3.4e+38 -3.4e+38 -3.4e+38 -3.4e+38 -3.4e+38 -3.4e+38 -3.4e+38 -3.4e+38 -3.4e+38 -3.4e+38 -3.4e+38 -3.4e+38 -3.4e+38 -3.4e+38 -3.4e+38
