rcp4.5models/CNRM_CM5/sc1gr2.31
NCOLS 261 
NROWS 433 
XLLCORNER 336357.134 
YLLCORNER 654653.479 
CELLSIZE 1000 
NODATA_value -3.4e+38 
[rows 242 to 263 of 433, columns 147 to 195 of 261]
333.665008544922 331.177307128906 327.297210693359 327.873168945312 332.718963623047 334.962646484375 335.096038818359 335.385314941406 336.225921630859 337.058685302734 337.053588867188 337.126068115234 336.910949707031 337.088043212891 337.256622314453 337.468292236328 337.515411376953 337.569641113281 337.450469970703 337.302276611328 337.531311035156 337.223541259766 337.002349853516 337.339202880859 337.204162597656 336.990142822266 336.900970458984 336.476745605469 336.130462646484 336.176666259766 336.222442626953 336.267852783203 336.312835693359 336.764343261719 337.270721435547 336.802124023438 336.377838134766 336.258117675781 -3.4e+38 -3.4e+38 337.019958496094 337.733184814453 337.771911621094 337.809997558594 337.67236328125 336.945892333984 337.226531982422 337.521789550781 336.956207275391
333.899230957031 331.210083007812 328.349853515625 329.709564208984 333.020599365234 334.787170410156 335.116973876953 335.627288818359 335.939453125 336.433074951172 336.787384033203 336.9794921875 337.384338378906 337.347137451172 337.394165039062 337.441314697266 337.314880371094 337.181365966797 337.27685546875 336.502258300781 336.200653076172 336.3720703125 336.822265625 336.869873046875 336.917297363281 336.964508056641 336.838134765625 336.249176025391 335.673126220703 335.620056152344 335.838623046875 336.067443847656 335.927551269531 336.372680664062 336.415496826172 336.284149169922 336.313537597656 336.899993896484 336.428833007812 -3.4e+38 -3.4e+38 336.697326660156 336.734893798828 336.597564697266 336.290740966797 333.739227294922 333.805389404297 335.35400390625 335.937744140625
333.307769775391 330.287353515625 327.598999023438 330.456420898438 333.257537841797 334.614074707031 334.745361328125 335.745788574219 336.129821777344 336.175231933594 336.766662597656 336.959930419922 337.287994384766 337.335021972656 -3.4e+38 337.368896484375 337.024536132812 336.679382324219 336.897979736328 336.483612060547 336.284149169922 336.488098144531 336.282348632812 336.329833984375 336.55029296875 336.780059814453 336.316864013672 335.416107177734 334.121063232422 334.424896240234 335.337310791016 335.718139648438 335.783752441406 336.359802246094 336.229095458984 335.932861328125 336.322082519531 -3.4e+38 -3.4e+38 -3.4e+38 -3.4e+38 336.680877685547 336.725341796875 336.45947265625 336.009582519531 335.792999267578 335.562164306641 335.851409912109 336.406951904297
332.602447509766 328.719268798828 325.830291748047 330.378936767578 333.220458984375 334.517395019531 334.688903808594 335.845397949219 336.558990478516 336.601165771484 336.991058349609 337.229919433594 337.276916503906 337.324005126953 -3.4e+38 337.364410400391 337.026794433594 336.687042236328 336.917266845703 336.627960205078 336.728179931641 336.78466796875 336.155883789062 335.848327636719 336.050018310547 336.260040283203 335.81689453125 333.871429443359 330.682312011719 331.834747314453 334.101776123047 335.370880126953 335.751098632812 336.175079345703 335.706146240234 335.650573730469 336.251861572266 -3.4e+38 -3.4e+38 -3.4e+38 336.094024658203 336.130676269531 336.173004150391 336.076965332031 335.773834228516 336.095520019531 336.556091308594 336.512359619141 336.538818359375
332.562744140625 328.5830078125 324.504516601562 328.218414306641 333.143737792969 334.674591064453 334.811309814453 335.260955810547 336.263214111328 336.776153564453 336.785400390625 337.219879150391 337.266937255859 337.314056396484 337.361297607422 337.408660888672 337.300842285156 337.186737060547 337.396514892578 337.141387939453 337.031036376953 336.695617675781 336.636901855469 336.194488525391 336.059417724609 336.28955078125 335.488922119141 333.326599121094 330.534088134766 330.560913085938 333.141082763672 335.207824707031 335.577056884766 336.012145996094 335.551666259766 335.838012695312 335.907104492188 -3.4e+38 -3.4e+38 -3.4e+38 -3.4e+38 336.013946533203 334.18798828125 332.401031494141 335.264129638672 336.173706054688 336.990447998047 336.982940673828 336.887817382812
332.835571289062 329.854248046875 326.584655761719 330.144165039062 333.9892578125 335.088836669922 335.089080810547 335.26220703125 336.245727539062 -3.4e+38 336.603851318359 337.023132324219 336.922882080078 337.305297851562 337.352569580078 337.317596435547 337.279571533203 337.495269775391 337.369964599609 337.063781738281 336.956787109375 336.687377929688 336.783355712891 336.676666259766 336.215637207031 335.715057373047 334.970489501953 333.90576171875 333.233795166016 332.801452636719 334.202789306641 335.198974609375 335.567657470703 336.175140380859 336.05224609375 336.257781982422 336.133270263672 336.488861083984 -3.4e+38 -3.4e+38 -3.4e+38 -3.4e+38 334.374053955078 332.996795654297 336.001068115234 336.046783447266 336.620147705078 337.288696289062 337.723266601562
332.932983398438 331.125396728516 329.624816894531 332.679962158203 334.876617431641 335.032318115234 335.189178466797 335.503448486328 335.978332519531 336.138610839844 336.346252441406 336.508697509766 336.598785400391 337.165985107422 337.076995849609 337.228515625 336.932434082031 336.960754394531 336.853393554688 336.583923339844 336.632080078125 336.680267333984 336.776397705078 336.824157714844 336.390625 335.274383544922 334.639251708984 334.011779785156 334.057525634766 334.145355224609 334.216430664062 334.476531982422 335.387268066406 335.788452148438 336.001251220703 -3.4e+38 336.43994140625 -3.4e+38 -3.4e+38 -3.4e+38 336.12353515625 335.988952636719 335.66357421875 335.857574462891 336.431488037109 336.268249511719 336.352020263672 337.420715332031 338.340942382812
332.344879150391 330.458618164062 327.866302490234 330.230194091797 334.819946289062 334.800659179688 334.780395507812 335.291625976562 335.625854492188 336.139099121094 336.282470703125 336.197937011719 336.415313720703 336.846893310547 336.979217529297 336.965209960938 336.740325927734 336.481567382812 336.529602050781 336.404937744141 336.09912109375 336.319976806641 336.770629882812 336.646087646484 336.18408203125 -3.4e+38 -3.4e+38 334.89013671875 334.407897949219 333.708831787109 333.18310546875 334.019683837891 334.869995117188 335.311462402344 335.504180908203 336.032958984375 -3.4e+38 -3.4e+38 -3.4e+38 336.543731689453 336.407745361328 335.931243896484 335.649780273438 335.693817138672 336.078460693359 336.714202880859 336.588806152344 337.14599609375 337.933807373047
331.639801025391 329.654266357422 325.808410644531 326.311370849609 334.410919189453 334.587768554688 334.234313964844 334.825592041016 335.435577392578 336.204437255859 336.444854736328 336.471405029297 336.255950927734 -3.4e+38 -3.4e+38 336.442840576172 336.265899658203 336.303161621094 336.524597167969 336.417602539062 335.975311279297 335.824645996094 336.239105224609 335.960144042969 335.334167480469 335.553070068359 -3.4e+38 -3.4e+38 334.721435546875 333.833831787109 333.600555419922 333.835998535156 333.830810546875 335.476654052734 335.875854492188 336.067413330078 -3.4e+38 -3.4e+38 -3.4e+38 336.192016601562 335.354034423828 335.071075439453 334.9326171875 334.957397460938 336.050079345703 337.040466308594 337.197967529297 336.822845458984 336.745880126953
331.425598144531 330.96826171875 327.473571777344 325.623138427734 334.040069580078 334.53173828125 334.022094726562 334.411773681641 335.137390136719 335.659393310547 336.097961425781 336.439331054688 336.239715576172 -3.4e+38 336.546722412109 336.006072998047 336.153900146484 336.316711425781 336.520843505859 336.569244384766 336.2900390625 335.666229248047 335.762817382812 335.484161376953 334.858215332031 335.059356689453 335.080932617188 334.432891845703 334.361785888672 334.087799072266 334.023956298828 333.644775390625 333.904388427734 335.623291015625 336.340057373047 336.379211425781 336.417510986328 -3.4e+38 -3.4e+38 335.694152832031 335.094512939453 334.957794189453 334.479156494141 334.50439453125 335.500671386719 336.809478759766 337.706420898438 337.271789550781 336.487518310547
331.192901611328 330.97216796875 327.616119384766 325.772705078125 331.696929931641 334.123962402344 334.142059326172 334.766235351562 335.198028564453 335.448486328125 335.744476318359 336.185852050781 336.232879638672 -3.4e+38 336.253692626953 336.176666259766 336.524871826172 336.470123291016 336.518402099609 336.56689453125 336.460266113281 336.023284912109 335.28955078125 335.026123046875 334.474792480469 334.204681396484 332.386871337891 330.657928466797 333.51318359375 333.557403564453 333.675903320312 334.142608642578 334.724304199219 335.806457519531 335.805938720703 336.015167236328 336.412353515625 336.449310302734 336.334838867188 -3.4e+38 335.916412353516 335.267730712891 334.449768066406 334.459381103516 335.365661621094 336.255126953125 337.437377929688 337.807434082031 336.983428955078
330.627014160156 330.481536865234 326.789825439453 323.894927978516 329.771118164062 333.050598144531 333.540985107422 335.071563720703 335.232421875 335.149566650391 335.214508056641 336.184906005859 336.231872558594 -3.4e+38 336.361877441406 336.328979492188 336.135284423828 336.155029296875 336.335510253906 336.56591796875 336.4423828125 335.986938476562 335.336059570312 335.071502685547 334.341186523438 333.576995849609 330.843719482422 328.795928955078 333.566986083984 333.440460205078 333.451354980469 334.322875976562 334.702026367188 335.612274169922 335.332580566406 335.522247314453 336.048583984375 336.444915771484 336.480499267578 -3.4e+38 336.228668212891 335.261779785156 334.2939453125 334.112335205078 335.480743408203 335.910034179688 336.814575195312 337.950714111328 337.308746337891
330.608673095703 330.917114257812 328.649169921875 326.217529296875 330.928680419922 333.612731933594 333.946350097656 335.192077636719 335.704498291016 335.471557617188 335.134643554688 336.038696289062 336.232330322266 -3.4e+38 336.182891845703 335.790191650391 335.60791015625 335.844940185547 336.153656005859 336.566314697266 336.287689208984 335.664001464844 335.235046386719 334.956756591797 334.004364013672 333.222686767578 332.197418212891 331.758087158203 333.697998046875 332.876190185547 332.752502441406 333.455169677734 334.534118652344 335.121337890625 334.971710205078 335.538848876953 335.916351318359 336.081390380859 336.476776123047 -3.4e+38 336.054443359375 335.064666748047 334.991516113281 334.853424072266 335.497955322266 335.949340820312 336.733459472656 337.391998291016 337.414001464844
327.091003417969 327.750671386719 326.039245605469 325.453216552734 331.660308837891 334.627380371094 334.8251953125 335.066436767578 335.544586181641 335.882080078125 336.158477783203 336.191070556641 336.237823486328 336.284484863281 336.331207275391 336.378204345703 336.2880859375 335.807678222656 335.562713623047 335.891571044922 335.620727539062 335.498016357422 334.414520263672 334.814636230469 334.536529541016 334.079467773438 334.480590820312 334.031158447266 333.214630126953 333.273742675781 332.620880126953 333.174774169922 334.365447998047 334.970825195312 334.481719970703 335.008087158203 335.234069824219 335.078399658203 335.623016357422 335.825592041016 335.538299560547 335.718505859375 335.923431396484 335.639099121094 335.657165527344 336.568084716797 336.596282958984 337.204895019531 337.358337402344
325.040740966797 326.908966064453 325.071136474609 323.262420654297 329.608154296875 334.354797363281 334.617614746094 334.388061523438 334.665985107422 335.33740234375 335.486938476562 336.1962890625 336.243011474609 -3.4e+38 336.163146972656 336.031097412109 336.158569335938 335.364105224609 335.125244140625 335.720458984375 335.625854492188 335.519592285156 334.810302734375 -3.4e+38 -3.4e+38 334.593017578125 -3.4e+38 334.526519775391 333.557525634766 332.918731689453 331.606689453125 332.461547851562 334.216125488281 334.614807128906 334.162658691406 334.160278320312 334.893981933594 335.119079589844 335.641998291016 335.867034912109 335.537200927734 335.56787109375 335.770538330078 335.998931884766 335.664154052734 336.278930664062 336.862854003906 337.752410888672 337.541320800781
322.632415771484 324.400543212891 324.808776855469 324.189422607422 329.566375732422 333.935974121094 333.457305908203 333.679046630859 334.646728515625 335.127075195312 335.133178710938 335.975433349609 336.249877929688 -3.4e+38 336.013153076172 335.546234130859 335.794219970703 335.449066162109 335.300933837891 335.583404541016 335.632659912109 335.681671142578 335.456726074219 -3.4e+38 -3.4e+38 -3.4e+38 334.439483642578 -3.4e+38 333.204376220703 331.244964599609 329.55712890625 332.571258544922 334.220245361328 334.297790527344 334.183898925781 334.050659179688 334.725982666016 335.440765380859 335.792541503906 336.188018798828 335.368682861328 335.204742431641 335.744934082031 336.112854003906 336.193695068359 336.639953613281 337.344177246094 337.411560058594 337.499237060547
320.616058349609 323.020721435547 324.633209228516 324.275177001953 328.557403564453 331.128845214844 328.909149169922 330.963897705078 334.921325683594 335.096221923828 335.237976074219 335.653594970703 336.051452636719 336.131927490234 335.497528076172 335.046661376953 335.464050292969 335.531707763672 335.370758056641 335.239440917969 335.641174316406 335.690124511719 335.2900390625 -3.4e+38 334.217315673828 333.927062988281 333.631988525391 332.812347412109 332.551330566406 330.014495849609 327.330169677734 333.338104248047 333.746124267578 333.774841308594 333.980194091797 334.375030517578 334.560180664062 335.251586914062 335.987030029297 335.660278320312 335.027465820312 335.247802734375 335.764984130859 336.304290771484 336.656951904297 336.925933837891 337.11474609375 336.871459960938 337.142822265625
318.182739257812 321.649841308594 322.965637207031 322.486022949219 325.8017578125 328.005218505859 327.282775878906 329.4384765625 335.126159667969 335.565216064453 335.535430908203 335.51806640625 335.759735107422 335.798797607422 335.205078125 335.089569091797 335.460510253906 335.528656005859 335.293731689453 334.892333984375 335.418792724609 335.700164794922 334.962249755859 334.204376220703 333.904357910156 333.595703125 331.669494628906 327.143829345703 324.079864501953 326.830780029297 329.938079833984 333.192810058594 333.443786621094 333.83544921875 334.023162841797 334.548431396484 334.942687988281 335.276184082031 335.800994873047 335.025756835938 334.495574951172 335.738067626953 336.277587890625 336.625427246094 336.656677246094 336.575927734375 336.395874023438 336.808990478516 336.814971923828
312.522979736328 317.426483154297 320.658355712891 322.763916015625 325.73974609375 328.025024414062 329.685821533203 330.365631103516 335.072479248047 335.523681640625 335.476837158203 335.4658203125 335.737335205078 335.827941894531 335.374481201172 335.248931884766 335.117431640625 335.530975341797 335.325897216797 334.789611816406 334.997467041016 335.330841064453 -3.4e+38 -3.4e+38 -3.4e+38 332.448333740234 327.315795898438 321.660919189453 321.332305908203 328.660308837891 332.635284423828 332.843994140625 333.392028808594 334.315185546875 334.351165771484 334.704772949219 335.251892089844 335.092102050781 335.484497070312 335.049407958984 334.204467773438 335.163269042969 336.601013183594 336.627563476562 336.653137207031 336.021820068359 336.036682128906 336.607025146484 336.016510009766
307.612213134766 314.113006591797 322.424438476562 327.442077636719 329.384399414062 330.527709960938 330.948364257812 330.941650390625 334.826721191406 334.928283691406 334.804107666016 335.413696289062 335.617553710938 -3.4e+38 335.31689453125 334.960540771484 334.640045166016 335.007904052734 335.095275878906 335.200225830078 335.150634765625 334.975280761719 -3.4e+38 -3.4e+38 -3.4e+38 332.554931640625 327.8388671875 326.988220214844 329.903198242188 332.977447509766 332.527526855469 332.531433105469 333.249237060547 333.964904785156 334.358947753906 334.543792724609 334.748870849609 334.776397705078 335.322875976562 335.009826660156 334.930877685547 335.082489013672 336.074188232422 336.266632080078 336.655975341797 335.902770996094 335.523742675781 336.111053466797 335.621978759766
311.535400390625 317.866882324219 326.172393798828 328.654479980469 328.591186523438 330.297973632812 332.245788574219 331.55322265625 332.46923828125 332.923980712891 334.494598388672 335.336029052734 335.378509521484 -3.4e+38 335.338989257812 334.989410400391 334.499267578125 334.718994140625 335.103363037109 335.120483398438 335.236968994141 335.372680664062 -3.4e+38 -3.4e+38 -3.4e+38 -3.4e+38 332.774505615234 333.583343505859 334.134155273438 333.141845703125 332.861053466797 332.541870117188 333.259552001953 334.010345458984 334.367889404297 334.401885986328 334.434814453125 334.783508300781 335.181091308594 334.842926025391 335.555755615234 335.249816894531 334.715759277344 335.584747314453 336.660034179688 335.182891845703 334.523406982422 335.443420410156 335.822418212891
316.087066650391 323.627227783203 326.804382324219 324.195434570312 322.683959960938 326.767913818359 333.162780761719 332.163696289062 331.080627441406 332.758605957031 334.514495849609 335.300964355469 335.388671875 335.617095947266 335.771942138672 335.311889648438 335.039581298828 335.072418212891 335.104675292969 335.012359619141 334.899963378906 335.306488037109 -3.4e+38 -3.4e+38 -3.4e+38 334.985626220703 334.706329345703 334.225433349609 334.283233642578 333.510711669922 332.873687744141 332.553527832031 333.271057128906 334.175811767578 333.851470947266 334.051910400391 334.443969726562 334.791748046875 335.022918701172 334.15478515625 334.671264648438 334.764862060547 334.293701171875 335.101287841797 336.300048828125 335.097137451172 334.777008056641 334.939056396484 335.194671630859
