rcp4.5models/CNRM_CM5/sc1gr2.29
NCOLS 261 
NROWS 433 
XLLCORNER 336357.134 
YLLCORNER 654653.479 
CELLSIZE 1000 
NODATA_value -3.4e+38 
[rows 308 to 329 of 433, columns 98 to 146 of 261]
284.286987304688 286.706146240234 294.198181152344 293.405853271484 291.486053466797 290.481811523438 290.655548095703 288.917114257812 286.522155761719 290.185699462891 295.939880371094 300.070159912109 302.022613525391 305.095123291016 304.374603271484 300.979827880859 299.851745605469 295.692932128906 288.781951904297 286.873352050781 287.311981201172 288.41064453125 288.919250488281 290.473693847656 291.734680175781 292.855194091797 293.154174804688 297.297058105469 297.517822265625 292.974060058594 289.7724609375 287.745666503906 282.541198730469 274.489074707031 268.471832275391 262.504211425781 256.570556640625 261.275939941406 271.015930175781 276.216552734375 280.185028076172 277.944213867188 268.292327880859 263.669403076172 262.885009765625 261.119964599609 261.049224853516 260.971405029297 258.070617675781
289.030364990234 290.105834960938 297.049194335938 296.051574707031 287.463653564453 285.6337890625 289.028106689453 293.151245117188 292.471038818359 293.523803710938 300.392333984375 305.509185791016 305.913360595703 306.537139892578 302.279968261719 297.678802490234 296.078918457031 293.765838623047 285.717041015625 283.318786621094 282.835815429688 281.196380615234 280.014007568359 278.695617675781 279.599182128906 282.329040527344 292.690521240234 294.190307617188 286.955932617188 279.133026123047 273.118591308594 276.620361328125 278.283172607422 272.043090820312 265.676971435547 261.085205078125 257.615447998047 258.209716796875 265.349761962891 269.517700195312 274.469696044922 275.365509033203 267.3564453125 260.882507324219 257.633850097656 258.047912597656 259.524505615234 259.603332519531 254.33561706543
306.246307373047 304.900360107422 305.971588134766 303.08447265625 290.535858154297 283.634735107422 283.568878173828 292.473022460938 294.338104248047 294.571136474609 302.391510009766 305.876861572266 304.97900390625 304.968170166016 300.107116699219 294.014556884766 290.627014160156 291.675750732422 289.208679199219 287.367126464844 283.853332519531 277.961242675781 274.334320068359 272.027496337891 273.118835449219 277.548828125 293.268676757812 290.011322021484 278.411560058594 269.854217529297 264.457397460938 266.855651855469 270.343994140625 267.95556640625 263.319152832031 257.494171142578 253.078109741211 255.543106079102 258.189300537109 261.578918457031 267.505157470703 273.673583984375 269.106994628906 259.535430908203 254.033432006836 256.763793945312 258.628753662109 257.63037109375 258.5009765625
321.239654541016 322.995056152344 320.207458496094 311.413238525391 297.741821289062 284.228393554688 282.48193359375 292.375549316406 297.701232910156 298.988677978516 304.526611328125 305.950653076172 304.163757324219 302.400115966797 299.969970703125 295.141998291016 288.762481689453 287.793487548828 289.765655517578 289.491485595703 285.330963134766 277.629852294922 270.593872070312 269.287414550781 276.199920654297 285.074340820312 290.836059570312 288.74755859375 280.709747314453 272.258392333984 266.279357910156 263.376159667969 263.262359619141 264.065277099609 263.712768554688 258.851470947266 251.811660766602 244.462646484375 247.523529052734 253.524536132812 262.890472412109 267.87744140625 264.059936523438 254.733901977539 249.340194702148 252.845001220703 255.755432128906 256.852081298828 262.735290527344
328.961242675781 332.841461181641 327.847778320312 315.436737060547 299.898284912109 285.030731201172 286.494598388672 295.543640136719 300.391021728516 303.061614990234 304.350982666016 303.75439453125 301.336273193359 299.041442871094 298.247680664062 294.282806396484 288.55126953125 284.512481689453 285.347320556641 285.553771972656 284.600555419922 279.043121337891 272.224273681641 272.537445068359 281.415313720703 290.243469238281 284.525085449219 284.551208496094 282.627960205078 277.739562988281 271.451110839844 266.793273925781 264.15478515625 263.066436767578 262.030181884766 260.170227050781 256.125854492188 235.766693115234 236.8994140625 246.607269287109 256.287902832031 254.172546386719 250.584747314453 245.74040222168 245.054382324219 248.71891784668 253.302856445312 258.779418945312 264.72265625
335.008514404297 334.518798828125 330.177551269531 316.263854980469 313.670379638672 304.846862792969 304.942474365234 308.334930419922 304.341125488281 301.204010009766 298.36328125 294.067108154297 292.730072021484 295.596466064453 292.086700439453 285.27197265625 282.473052978516 280.735168457031 278.793853759766 276.495758056641 276.309417724609 276.582153320312 272.667175292969 274.505126953125 284.095001220703 287.812652587891 278.353210449219 271.424468994141 272.82568359375 271.388366699219 271.408233642578 270.757293701172 268.102783203125 264.789947509766 260.34765625 257.373077392578 255.364044189453 242.517501831055 233.872589111328 227.11328125 223.80256652832 224.549911499023 233.668151855469 244.51139831543 248.513717651367 250.294372558594 251.800476074219 253.365219116211 262.781097412109
334.964508056641 335.323394775391 333.197845458984 326.862213134766 325.175506591797 319.931274414062 317.693725585938 318.784362792969 313.375701904297 302.589447021484 297.025787353516 291.247467041016 289.296478271484 293.163818359375 291.890899658203 283.754730224609 280.604583740234 278.033233642578 272.441741943359 268.814208984375 270.265167236328 272.798828125 271.170074462891 271.939819335938 279.977111816406 285.442840576172 276.408111572266 270.435485839844 266.126800537109 263.001678466797 264.931091308594 265.471130371094 263.418914794922 262.835754394531 260.599334716797 257.568908691406 252.041305541992 243.983123779297 242.569747924805 236.098220825195 230.946228027344 228.414169311523 235.587219238281 245.799545288086 249.979690551758 250.422668457031 249.62825012207 249.094787597656 258.152587890625
329.684539794922 330.835357666016 332.447601318359 323.208465576172 329.446716308594 327.209289550781 320.515625 321.847534179688 319.877319335938 306.842590332031 297.13818359375 290.340209960938 285.674682617188 287.933959960938 289.638427734375 284.030120849609 280.016845703125 274.647064208984 266.100860595703 263.421203613281 266.971466064453 271.090362548828 272.372528076172 273.689971923828 280.189666748047 284.204864501953 276.048034667969 270.108734130859 260.579467773438 256.299255371094 258.987670898438 257.555725097656 255.317916870117 256.778259277344 254.479263305664 253.538269042969 247.501922607422 244.258682250977 249.005249023438 247.728546142578 240.804443359375 236.287231445312 239.807327270508 247.021301269531 251.054229736328 250.155044555664 248.148376464844 248.542236328125 255.387298583984
321.726715087891 320.850524902344 324.809661865234 309.183349609375 320.51513671875 328.123748779297 317.414611816406 316.521697998047 322.931793212891 310.700866699219 298.0224609375 291.196716308594 286.234344482422 283.9697265625 284.823120117188 282.592895507812 278.029937744141 270.767730712891 262.819152832031 261.618804931641 263.738677978516 268.667785644531 273.261657714844 277.863189697266 282.996704101562 281.950897216797 272.681549072266 270.428405761719 263.178833007812 256.475463867188 254.618789672852 250.490539550781 249.082489013672 250.631988525391 248.272506713867 247.567993164062 244.198776245117 244.705688476562 248.367965698242 253.233581542969 249.798538208008 247.867401123047 249.520767211914 251.895294189453 251.782165527344 248.435394287109 248.120727539062 252.799301147461 260.7265625
318.213256835938 317.016967773438 318.506469726562 305.059875488281 309.934997558594 325.112030029297 319.573913574219 309.989379882812 315.481597900391 315.332824707031 305.671508789062 294.849822998047 287.832427978516 284.109985351562 279.376983642578 279.831848144531 276.524597167969 269.881774902344 263.965393066406 261.642211914062 262.981475830078 268.256195068359 272.443145751953 277.087768554688 281.315063476562 280.910705566406 272.428344726562 272.085998535156 268.748260498047 264.359588623047 259.308135986328 251.352020263672 247.066955566406 249.267639160156 246.816955566406 242.609466552734 243.252822875977 247.126037597656 247.587341308594 253.709136962891 255.134658813477 255.07341003418 255.07731628418 255.754348754883 254.415512084961 250.337371826172 250.012725830078 256.482849121094 268.109985351562
316.744995117188 314.761169433594 315.615325927734 309.587097167969 312.8984375 324.064636230469 321.121398925781 307.523376464844 304.621978759766 311.972259521484 309.171417236328 296.752044677734 286.518646240234 283.907897949219 277.645568847656 278.418060302734 276.897491455078 271.219665527344 266.704193115234 265.565643310547 265.918975830078 270.166778564453 273.631469726562 275.545684814453 277.960815429688 280.545379638672 275.609069824219 273.871948242188 272.165344238281 271.101745605469 267.449340820312 260.731506347656 255.389312744141 255.73112487793 252.606597900391 247.948181152344 248.609497070312 252.830917358398 251.211715698242 252.44807434082 255.085754394531 254.483489990234 253.731628417969 254.672714233398 255.348480224609 255.52653503418 256.371032714844 260.543426513672 271.696411132812
316.228179931641 312.603057861328 313.249359130859 312.511169433594 309.672485351562 317.182464599609 319.148498535156 308.165100097656 299.023468017578 302.513214111328 304.69775390625 294.47216796875 284.343902587891 281.714935302734 281.051788330078 280.052612304688 276.759674072266 272.109710693359 268.809936523438 269.423217773438 269.519439697266 270.721740722656 273.091003417969 274.244567871094 275.414672851562 277.225341796875 276.480926513672 275.008087158203 273.584991455078 273.291046142578 271.857940673828 269.510772705078 267.353149414062 264.461608886719 261.029754638672 258.774688720703 257.431793212891 258.201873779297 255.677658081055 253.744873046875 254.901977539062 254.167694091797 253.568511962891 253.470764160156 253.367233276367 255.684417724609 260.379241943359 266.414184570312 273.802642822266
318.986328125 317.035308837891 315.099914550781 312.963470458984 303.212524414062 304.935577392578 314.854095458984 312.904602050781 300.152465820312 295.399200439453 297.938323974609 290.989715576172 280.777008056641 279.474304199219 282.476226806641 280.799224853516 276.220092773438 272.802001953125 270.629791259766 271.230194091797 272.26220703125 272.449676513672 272.646697998047 273.104797363281 274.257049560547 274.098693847656 273.999572753906 274.851684570312 274.811309814453 273.242248535156 271.899230957031 270.99072265625 271.2548828125 269.978790283203 267.322784423828 264.922027587891 263.094055175781 259.401763916016 254.619262695312 252.080612182617 253.706832885742 254.388610839844 255.24201965332 255.477798461914 254.13948059082 254.223037719727 258.282073974609 265.999328613281 277.832244873047
324.060882568359 322.367370605469 318.59423828125 313.852508544922 302.913238525391 296.650512695312 306.632659912109 316.747375488281 306.995941162109 296.103546142578 294.838226318359 290.454040527344 280.553192138672 278.512451171875 279.315399169922 278.536163330078 276.616088867188 272.874664306641 271.35205078125 271.612884521484 273.058197021484 273.837615966797 273.692932128906 273.592803955078 273.456970214844 271.720764160156 272.047485351562 273.598052978516 274.690032958984 273.240875244141 272.403289794922 271.089752197266 269.677124023438 269.84423828125 270.454040527344 269.160369873047 265.875579833984 257.413391113281 251.939453125 249.294479370117 252.545959472656 253.208679199219 255.038925170898 256.839172363281 257.096649169922 256.690155029297 258.759796142578 264.198913574219 279.533264160156
323.366149902344 323.562591552734 318.591430664062 312.946960449219 302.357971191406 293.852935791016 299.994323730469 313.651580810547 311.721343994141 303.063079833984 296.354034423828 291.402099609375 285.601440429688 280.538970947266 276.354034423828 276.611175537109 277.524841308594 275.811553955078 272.853393554688 271.201477050781 272.658538818359 273.900817871094 273.953857421875 274.029724121094 271.825866699219 268.813842773438 270.471252441406 271.253479003906 271.730133056641 271.933380126953 272.841979980469 271.908447265625 269.154418945312 268.628479003906 269.999389648438 269.950592041016 267.153594970703 258.836822509766 254.148651123047 251.04931640625 252.447036743164 251.841751098633 253.026473999023 254.587997436523 253.902679443359 254.176940917969 259.902130126953 265.585266113281 276.717987060547
312.910064697266 316.906890869141 317.385345458984 312.345489501953 303.905059814453 296.292175292969 298.214019775391 304.823913574219 307.615753173828 304.933013916016 297.148986816406 288.218383789062 285.951873779297 283.988311767578 274.906555175781 275.298522949219 276.049591064453 277.595520019531 275.696014404297 272.394226074219 272.199768066406 273.022277832031 273.189575195312 272.72412109375 271.354705810547 268.673400878906 267.845977783203 269.261779785156 270.185363769531 270.782684326172 271.360198974609 270.763549804688 269.356384277344 269.286529541016 268.884246826172 268.698852539062 267.884765625 262.235076904297 257.171875 252.736526489258 250.774932861328 251.189025878906 252.668716430664 253.452987670898 250.273223876953 248.563812255859 258.118621826172 265.776977539062 275.294097900391
311.765014648438 314.336975097656 317.161376953125 311.151428222656 306.405731201172 297.950500488281 294.942535400391 295.312683105469 297.58447265625 299.330749511719 294.9560546875 285.115844726562 281.444122314453 285.013336181641 275.706207275391 273.836578369141 273.197601318359 274.30810546875 275.355224609375 274.436218261719 272.690979003906 272.030334472656 272.168792724609 271.341979980469 269.629943847656 267.500823974609 268.244781494141 269.285400390625 270.556976318359 271.565032958984 271.868560791016 271.510833740234 270.207733154297 269.590515136719 268.705688476562 268.598083496094 268.363677978516 263.219116210938 259.916687011719 255.830718994141 252.360900878906 252.536514282227 253.075897216797 253.449783325195 252.764205932617 252.211700439453 258.597015380859 264.520477294922 273.8388671875
321.779724121094 323.079345703125 322.89404296875 314.578491210938 307.053405761719 296.826751708984 290.051574707031 286.227691650391 281.702270507812 279.109191894531 282.398986816406 287.586151123047 283.747619628906 276.446685791016 278.368255615234 276.717590332031 273.828125 271.304016113281 271.504211425781 272.336639404297 272.693176269531 273.004302978516 271.332153320312 267.691101074219 267.0009765625 266.182678222656 261.306854248047 264.807952880859 265.428009033203 266.146270751953 268.257751464844 269.070373535156 269.580291748047 269.568328857422 269.778289794922 269.020782470703 268.043884277344 263.208160400391 261.231506347656 259.470001220703 257.452941894531 254.905364990234 254.554565429688 254.374603271484 254.33219909668 255.644653320312 260.516387939453 265.615173339844 269.414184570312
317.325653076172 320.109924316406 318.296264648438 313.147735595703 306.807647705078 299.206207275391 291.216217041016 283.972259521484 279.886627197266 274.156646728516 274.561187744141 284.006896972656 286.025451660156 280.365386962891 273.344299316406 275.492645263672 276.501434326172 273.212249755859 270.714813232422 271.266693115234 272.050872802734 273.112915039062 272.978607177734 271.305084228516 270.266693115234 267.9931640625 259.102722167969 261.433380126953 263.134552001953 264.949066162109 268.495513916016 269.392303466797 269.397705078125 268.498199462891 267.395080566406 265.990905761719 264.398071289062 258.423034667969 258.543212890625 258.119110107422 256.418029785156 255.043884277344 255.19921875 254.990203857422 254.514602661133 255.023529052734 258.177124023438 264.630584716797 274.983306884766
312.993377685547 318.704010009766 316.594879150391 306.162811279297 300.328338623047 292.709350585938 285.320617675781 277.544921875 275.548797607422 272.072326660156 270.226928710938 275.384552001953 281.410369873047 281.862121582031 271.168060302734 270.80908203125 275.519073486328 276.016235351562 273.561920166016 272.453765869141 272.372894287109 273.346832275391 273.867706298828 272.715301513672 271.296905517578 269.074127197266 262.465423583984 262.224029541016 264.406921386719 266.494812011719 269.742492675781 270.138061523438 269.852874755859 268.777740478516 267.412536621094 265.460296630859 262.377899169922 257.177856445312 254.72135925293 253.066711425781 252.093521118164 253.126724243164 253.394607543945 254.627868652344 254.66340637207 254.771224975586 255.934127807617 261.871520996094 275.367248535156
308.884582519531 310.449432373047 311.343933105469 302.153198242188 297.216369628906 289.653442382812 280.792572021484 271.328491210938 270.94189453125 271.278656005859 268.098022460938 268.7275390625 274.887359619141 280.625701904297 273.843017578125 269.703582763672 270.646636962891 275.013275146484 -3.4e+38 277.036834716797 275.798950195312 274.768127441406 273.335845947266 272.260375976562 271.540710449219 269.624267578125 263.095184326172 263.090087890625 265.894073486328 267.479400634766 268.656188964844 269.280670166016 269.512359619141 268.940460205078 268.059722900391 266.804443359375 264.583953857422 260.979278564453 258.306762695312 255.741088867188 252.815231323242 252.204879760742 250.700531005859 252.531631469727 254.146728515625 254.053756713867 253.622467041016 258.230743408203 270.136352539062
304.498260498047 299.138824462891 298.738555908203 295.024383544922 293.236511230469 289.528533935547 279.062194824219 266.872131347656 264.662322998047 267.260772705078 266.925170898438 267.680358886719 270.835327148438 275.813812255859 275.540191650391 272.084777832031 268.076721191406 269.574340820312 275.233154296875 -3.4e+38 -3.4e+38 276.839416503906 273.875640869141 271.014801025391 270.581939697266 269.802062988281 263.244842529297 258.840698242188 261.441497802734 266.041748046875 266.649017333984 266.416900634766 265.986267089844 266.334075927734 266.063110351562 266.328247070312 265.969299316406 265.294189453125 264.750305175781 262.163696289062 257.759582519531 253.561569213867 248.490859985352 247.843704223633 251.383056640625 253.550674438477 252.583023071289 254.048889160156 265.720031738281
