rcp4.5models/CNRM_CM5/sc1gr10.26
NCOLS 261 
NROWS 433 
XLLCORNER 336357.134 
YLLCORNER 654653.479 
CELLSIZE 1000 
NODATA_value -3.4e+38 
[rows 220 to 241 of 433, columns 147 to 195 of 261]
725.70361328125 734.433654785156 740.030822753906 745.814636230469 756.366333007812 766.561950683594 773.551879882812 769.434204101562 769.458801269531 772.441223144531 776.456420898438 783.308715820312 788.267333984375 790.496215820312 793.333618164062 797.324035644531 800.031494140625 804.247924804688 -3.4e+38 811.731323242188 815.958068847656 819.449890136719 826.665832519531 829.922973632812 836.853881835938 842.586303710938 847.603271484375 851.46826171875 855.353637695312 860.294006347656 866.694458007812 873.283203125 875.416564941406 889.389343261719 896.592651367188 900.193786621094 900.796508789062 902.734558105469 904.89990234375 907.316284179688 909.450561523438 913.663269042969 917.849853515625 923.345275878906 928.700134277344 937.232055664062 943.883178710938 950.928588867188 953.503845214844
729.224670410156 736.370300292969 740.7841796875 746.607360839844 756.627502441406 767.05859375 775.575744628906 772.169738769531 774.499206542969 777.022644042969 780.9716796875 784.915100097656 789.496459960938 792.74365234375 794.866271972656 798.748413085938 802.412475585938 806.046508789062 809.683410644531 814.397705078125 817.27392578125 819.945861816406 829.039672851562 833.554016113281 840.461730957031 847.081726074219 852.545715332031 856.37158203125 858.394104003906 863.066528320312 867.866271972656 874.024963378906 879.171203613281 891.944091796875 898.848510742188 903.448852539062 904.404907226562 907.494201660156 909.870788574219 911.135131835938 912.437927246094 916.563232421875 921.160766601562 927.365539550781 932.378295898438 940.791381835938 947.009033203125 952.517517089844 956.028747558594
732.018371582031 736.560729980469 744.050903320312 749.733337402344 757.272216796875 767.631225585938 773.169067382812 774.607177734375 777.815551757812 778.382507324219 783.123046875 787.095703125 789.745971679688 793.611389160156 796.165771484375 800.276428222656 804.9326171875 808.359497070312 813.3212890625 817.849609375 818.906311035156 822.249694824219 832.1669921875 837.25537109375 845.193420410156 852.018188476562 857.537414550781 861.164428710938 862.170043945312 867.415161132812 870.474182128906 876.799072265625 885.210021972656 898.274841308594 903.611328125 907.270629882812 909.862670898438 912.790832519531 914.058532714844 914.259704589844 915.370300292969 919.598754882812 924.232727050781 930.424560546875 935.276489257812 944.835876464844 948.988403320312 954.726013183594 959.714965820312
731.6474609375 735.813720703125 744.978210449219 750.672607421875 759.118103027344 770.142150878906 774.05712890625 776.011657714844 778.349975585938 778.893249511719 783.535400390625 788.771850585938 791.066284179688 794.692687988281 798.144592285156 802.65771484375 807.563232421875 811.022338867188 816.760437011719 819.673889160156 820.9560546875 824.194763183594 837.387023925781 841.37158203125 849.307556152344 857.187805175781 863.277648925781 864.124877929688 865.896789550781 870.825744628906 871.329406738281 877.466918945312 883.342529296875 897.524719238281 907.619567871094 910.679016113281 912.016906738281 914.93212890625 915.104919433594 916.169982910156 918.340637207031 922.886779785156 927.967407226562 933.157958984375 937.638122558594 948.321228027344 953.002258300781 960.359802246094 963.723449707031
730.916442871094 735.139038085938 745.375671386719 752.928283691406 764.1416015625 775.641174316406 777.186096191406 776.148803710938 778.904357910156 780.262878417969 784.331481933594 789.105834960938 793.1748046875 797.206970214844 800.601623535156 805.628723144531 811.027099609375 813.953674316406 818.950439453125 821.376281738281 823.828979492188 825.495056152344 842.059143066406 846.244995117188 852.597412109375 859.415466308594 865.597351074219 865.466003417969 868.559936523438 874.069458007812 876.77734375 878.855407714844 881.485717773438 898.140869140625 908.526977539062 911.282470703125 911.858581542969 915.423583984375 915.852783203125 918.054870605469 922.050964355469 925.843811035156 930.823791503906 936.100158691406 940.730041503906 951.034057617188 956.904174804688 962.737426757812 963.271789550781
732.036865234375 737.198425292969 746.992309570312 755.185363769531 766.000610351562 777.8623046875 776.580200195312 776.418395996094 780.206848144531 782.789428710938 786.697021484375 792.406860351562 796.380126953125 799.528137207031 802.462707519531 808.631469726562 815.398681640625 817.613464355469 821.888610839844 824.34130859375 827.044616699219 828.560302734375 840.0634765625 846.368469238281 853.97265625 858.065368652344 862.246704101562 867.262329101562 871.609924316406 876.928588867188 883.094055175781 885.645568847656 888.416198730469 903.450927734375 909.708984375 911.605590820312 913.10595703125 916.031372070312 918.257385253906 921.079833984375 925.068542480469 928.373718261719 933.075988769531 939.083251953125 943.346740722656 952.829467773438 958.719543457031 963.706420898438 962.633483886719
733.144348144531 739.638549804688 747.748901367188 757.248901367188 765.712585449219 775.394897460938 774.641235351562 776.821899414062 781.158935546875 785.909851074219 789.86328125 794.908264160156 798.544494628906 801.598815917969 805.212158203125 810.407470703125 817.016357421875 820.666442871094 824.671813964844 826.205383300781 829.767761230469 833.734924316406 842.516845703125 848.309631347656 855.982360839844 862.083862304688 863.972045898438 867.910278320312 876.473510742188 879.898193359375 885.924926757812 891.672729492188 895.835998535156 905.741638183594 910.725524902344 914.600830078125 917.435424804688 919.207275390625 921.376098632812 923.666931152344 927.450927734375 931.471008300781 936.225646972656 942.217712402344 946.802062988281 954.764831542969 960.642211914062 965.4580078125 964.555603027344
734.109619140625 742.76123046875 752.298522949219 764.130676269531 769.906616210938 777.240356445312 776.6640625 778.393798828125 782.580322265625 787.241027832031 790.592041015625 795.952941894531 799.008850097656 803.529968261719 807.889892578125 811.814758300781 818.468383789062 823.844299316406 826.68798828125 828.8115234375 832.478515625 837.26611328125 849.517883300781 854.681579589844 858.383911132812 864.300598144531 869.240356445312 866.58935546875 876.017150878906 884.058044433594 889.723266601562 895.072875976562 900.656066894531 908.425659179688 911.478393554688 915.645263671875 919.296325683594 921.812927246094 924.040893554688 926.646484375 930.486267089844 934.592651367188 938.986572265625 945.055786132812 951.145935058594 958.468322753906 963.856567382812 966.616333007812 967.317016601562
736.423645019531 746.547607421875 760.645690917969 775.592834472656 777.803161621094 783.942687988281 778.40673828125 781.868835449219 785.268249511719 787.226318359375 789.466003417969 796.959167480469 800.350952148438 806.180603027344 810.112121582031 814.604675292969 821.022521972656 826.439270019531 828.5283203125 831.590942382812 834.842712402344 839.103576660156 852.923156738281 860.017944335938 861.034240722656 863.259643554688 871.485656738281 870.381042480469 880.9619140625 889.088256835938 894.572204589844 899.842346191406 905.555114746094 911.276489257812 914.453552246094 918.097534179688 920.412292480469 923.091369628906 926.196655273438 930.299987792969 935.0859375 937.649108886719 941.913391113281 948.23828125 954.02490234375 962.013793945312 965.8291015625 969.503723144531 971.315612792969
737.9892578125 747.488647460938 763.445129394531 782.186462402344 785.699401855469 793.327941894531 781.769897460938 782.3095703125 786.661254882812 787.92138671875 789.880798339844 797.923645019531 803.464050292969 810.165893554688 811.873474121094 816.523681640625 823.006103515625 828.906860351562 831.153625488281 833.767272949219 837.735717773438 841.844787597656 854.280395507812 861.10546875 863.042297363281 865.716796875 876.410461425781 878.812927246094 882.960632324219 889.260986328125 898.28466796875 903.659545898438 907.963500976562 915.306335449219 918.803771972656 920.86181640625 923.414733886719 926.142150878906 929.472229003906 933.87060546875 939.211547851562 941.346435546875 944.381591796875 949.400329589844 954.716979980469 963.175842285156 966.966369628906 972.314758300781 975.982482910156
739.672485351562 748.229675292969 761.420715332031 779.33349609375 790.44873046875 797.520446777344 783.009826660156 781.855041503906 785.782104492188 788.193664550781 790.750244140625 800.871520996094 806.03271484375 810.16162109375 812.438049316406 818.177062988281 825.574035644531 831.407775878906 832.137817382812 836.591064453125 840.490783691406 844.466796875 855.777954101562 862.622131347656 867.982971191406 871.520324707031 879.011901855469 885.692993164062 886.236328125 894.428161621094 903.197509765625 907.177062988281 911.481079101562 918.681213378906 920.539306640625 923.187255859375 926.876220703125 929.824279785156 932.539184570312 937.524047851562 943.432373046875 944.611022949219 947.314819335938 951.2236328125 956.70849609375 964.754577636719 970.34912109375 976.518737792969 980.687072753906
741.783996582031 755.67333984375 773.589782714844 792.493591308594 812.412780761719 792.690368652344 787.564208984375 783.276062011719 785.687683105469 789.924255371094 794.380249023438 804.35546875 807.680847167969 811.7646484375 816.071411132812 821.771545410156 830.06396484375 838.529113769531 838.238220214844 842.026428222656 845.299011230469 850.935119628906 858.568786621094 865.080444335938 870.50439453125 870.286499023438 876.258483886719 890.161743164062 895.724853515625 901.773986816406 906.875915527344 910.082214355469 920.915954589844 925.371459960938 927.973693847656 932.463500976562 935.562866210938 938.523315429688 939.568115234375 944.685485839844 952.259643554688 955.769897460938 954.858215332031 956.1201171875 962.087158203125 970.831604003906 974.930908203125 978.564331054688 983.587280273438
743.262512207031 755.747924804688 772.040588378906 796.124206542969 827.328186035156 805.352111816406 793.466918945312 784.929870605469 787.03515625 791.672546386719 796.939697265625 805.876770019531 810.958557128906 815.152038574219 818.4091796875 823.108825683594 830.77783203125 840.223083496094 843.01025390625 842.517944335938 844.145568847656 852.106872558594 860.455383300781 867.008178710938 873.142456054688 877.115783691406 879.598083496094 888.210876464844 900.679016113281 906.425903320312 909.02001953125 914.562255859375 923.879455566406 928.671997070312 932.873962402344 934.139221191406 -3.4e+38 -3.4e+38 944.26123046875 950.098022460938 956.666931152344 958.669921875 957.976684570312 958.954284667969 963.361938476562 971.772216796875 976.567199707031 981.733825683594 986.191284179688
742.506103515625 752.556579589844 763.7392578125 785.04736328125 807.564025878906 792.336181640625 786.723510742188 785.60986328125 788.450561523438 793.392517089844 797.749084472656 804.595092773438 810.762512207031 817.81982421875 821.414489746094 -3.4e+38 828.367614746094 837.231323242188 843.131469726562 843.447265625 845.608947753906 853.979248046875 859.978820800781 869.387084960938 875.995544433594 882.867858886719 886.570007324219 890.904479980469 905.526428222656 910.105346679688 913.582397460938 920.440002441406 926.268127441406 930.949645996094 934.922485351562 936.812255859375 938.87158203125 -3.4e+38 -3.4e+38 954.506408691406 958.630798339844 959.271423339844 959.367919921875 961.629028320312 966.604614257812 976.017395019531 978.961364746094 984.407043457031 988.244079589844
742.327331542969 755.866149902344 764.580383300781 778.7744140625 784.809020996094 778.409912109375 779.384155273438 783.46142578125 787.119079589844 792.133911132812 795.466979980469 803.451354980469 809.140075683594 816.166931152344 821.458923339844 824.420654296875 829.185546875 838.633666992188 845.820373535156 849.492065429688 851.118286132812 856.465393066406 858.436157226562 867.410278320312 877.766540527344 885.908142089844 892.067687988281 896.794799804688 907.815979003906 916.381103515625 914.705322265625 915.983459472656 928.4677734375 926.610290527344 935.619812011719 938.662841796875 941.039001464844 -3.4e+38 950.952819824219 956.231567382812 958.062316894531 958.763427734375 959.959106445312 963.431396484375 968.779113769531 981.172424316406 982.385375976562 985.850708007812 990.163208007812
742.165283203125 756.610107421875 767.580505371094 782.55322265625 785.642822265625 778.255676269531 778.142150878906 782.735595703125 786.261413574219 791.24755859375 796.4833984375 805.872619628906 808.822875976562 814.486877441406 821.689758300781 -3.4e+38 830.9833984375 838.152221679688 847.954833984375 851.807556152344 854.7412109375 856.761596679688 864.162902832031 867.639526367188 875.275268554688 887.656433105469 895.034423828125 899.183776855469 911.23388671875 923.280151367188 915.0224609375 920.657043457031 926.938537597656 928.347717285156 937.137512207031 940.428039550781 -3.4e+38 948.293762207031 954.817260742188 958.844604492188 961.750305175781 960.949401855469 962.007873535156 966.111694335938 971.644653320312 986.258422851562 988.727661132812 991.032531738281 993.066223144531
742.723876953125 757.606567382812 774.913146972656 797.411254882812 798.514831542969 777.301208496094 778.655700683594 783.420715332031 789.040954589844 794.287902832031 799.001525878906 806.194396972656 808.794494628906 815.524108886719 823.391967773438 826.071594238281 832.614013671875 839.028442382812 849.393310546875 853.495422363281 856.664367675781 859.776611328125 869.393798828125 867.736022949219 873.721740722656 888.968383789062 896.729858398438 902.628540039062 915.003356933594 922.661926269531 915.822692871094 928.552673339844 928.888244628906 936.210754394531 938.262329101562 941.615173339844 -3.4e+38 959.388793945312 971.251403808594 970.210510253906 968.229675292969 965.288757324219 965.999450683594 969.38671875 975.195007324219 987.220092773438 992.968994140625 999.040893554688 1000.39654541016
743.317443847656 756.259399414062 774.915405273438 800.078247070312 793.613586425781 776.660339355469 778.779418945312 782.3544921875 788.92236328125 794.610290527344 798.385498046875 804.517761230469 809.330505371094 816.391784667969 823.354858398438 828.303405761719 834.755737304688 841.19677734375 848.99951171875 855.232116699219 859.783020019531 863.801818847656 868.250183105469 872.528137207031 878.426025390625 887.2666015625 898.901000976562 907.85888671875 916.440002441406 921.829650878906 922.297973632812 926.718688964844 926.497802734375 940.480834960938 940.411987304688 942.702575683594 947.904174804688 964.631774902344 987.318176269531 986.825317382812 968.381286621094 968.264709472656 969.523986816406 971.876586914062 978.275207519531 988.746826171875 995.206481933594 1002.47235107422 1005.55078125
742.994567871094 755.832336425781 770.672912597656 782.475219726562 776.392517089844 775.260498046875 777.688781738281 781.569396972656 787.291259765625 793.7998046875 798.319763183594 806.919921875 813.519775390625 817.157958984375 823.152221679688 829.980590820312 -3.4e+38 841.590270996094 848.715270996094 856.938049316406 862.90869140625 865.351928710938 867.923828125 877.585144042969 880.7802734375 891.336730957031 904.276977539062 916.380249023438 928.02880859375 929.574279785156 929.240783691406 928.402709960938 927.74658203125 940.850891113281 942.012817382812 944.832702636719 950.239379882812 967.798583984375 998.125244140625 1003.46490478516 979.377197265625 969.151611328125 971.117126464844 974.157287597656 -3.4e+38 990.639526367188 995.955261230469 1001.23809814453 1007.025390625
742.641418457031 755.866088867188 780.600036621094 798.915954589844 771.952209472656 774.477111816406 777.969116210938 782.248168945312 787.759826660156 794.76611328125 799.932678222656 809.981628417969 814.3935546875 816.729309082031 822.774597167969 830.181030273438 835.513916015625 841.892639160156 848.723999023438 857.136169433594 864.469116210938 869.885803222656 869.089904785156 879.340209960938 882.350036621094 892.2294921875 905.602844238281 917.466247558594 931.971923828125 932.7802734375 930.126647949219 -3.4e+38 934.501342773438 934.534790039062 943.003356933594 946.932250976562 953.555480957031 969.944396972656 995.382507324219 1000.46429443359 978.800903320312 969.595397949219 972.91455078125 -3.4e+38 983.328674316406 993.063293457031 996.876403808594 1003.24346923828 1010.31103515625
745.448791503906 759.932983398438 784.554260253906 805.907409667969 774.307373046875 775.298156738281 778.498107910156 782.865783691406 788.043579101562 794.27294921875 799.388061523438 808.710144042969 812.036315917969 816.702941894531 822.804931640625 828.529907226562 834.834106445312 842.135559082031 847.044372558594 852.967468261719 863.15087890625 871.434631347656 870.119445800781 876.867980957031 881.957458496094 890.696533203125 904.769409179688 913.478393554688 922.975708007812 928.419006347656 930.94921875 933.973876953125 937.434326171875 939.359497070312 946.22509765625 950.371643066406 957.948791503906 967.123840332031 978.226135253906 985.088012695312 979.575744628906 971.651245117188 976.377502441406 -3.4e+38 -3.4e+38 995.354248046875 998.846862792969 1004.82855224609 1009.58074951172
748.471069335938 769.415405273438 790.416625976562 795.271850585938 778.194091796875 777.8681640625 778.929565429688 784.311645507812 787.992919921875 791.594055175781 796.897033691406 806.85595703125 812.910827636719 817.449951171875 823.043273925781 828.432556152344 835.238891601562 840.134338378906 846.464660644531 855.179565429688 863.639770507812 868.610290527344 871.099426269531 873.277038574219 880.00341796875 892.866821289062 907.377136230469 912.001525878906 915.489868164062 928.176208496094 933.722839355469 936.560546875 940.42626953125 947.09033203125 948.014587402344 949.070068359375 952.644165039062 967.262145996094 -3.4e+38 -3.4e+38 982.5380859375 974.606994628906 980.167602539062 983.175842285156 986.660705566406 997.510986328125 1001.11785888672 1004.79486083984 1010.10632324219
