rcp4.5models/CNRM_CM5/sc1gr2.16
NCOLS 261 
NROWS 433 
XLLCORNER 336357.134 
YLLCORNER 654653.479 
CELLSIZE 1000 
NODATA_value -3.4e+38 
[rows 220 to 241 of 433, columns 49 to 97 of 261]
343.499908447266 343.443054199219 343.477661132812 343.35205078125 342.586486816406 342.52685546875 342.465942382812 342.536834716797 342.746215820312 342.204895019531 342.043548583984 342.029510498047 342.663604736328 342.489685058594 342.171417236328 341.902801513672 341.369201660156 341.293487548828 341.515502929688 341.331115722656 340.983734130859 340.607696533203 339.825439453125 339.745635986328 339.665466308594 339.474273681641 339.131011962891 339.16015625 339.2294921875 338.745788574219 339.098510742188 338.832733154297 338.274963378906 338.196441650391 338.385437011719 338.303436279297 338.221801757812 337.659637451172 336.291809082031 335.982116699219 336.299560546875 335.468536376953 335.133483886719 335.214324951172 335.087066650391 334.846099853516 334.688842773438 334.32861328125 333.965454101562
344.204986572266 343.943450927734 343.402008056641 343.247863769531 342.958984375 342.694671630859 342.354339599609 342.122528076172 342.488311767578 342.789001464844 342.480682373047 342.313201904297 342.214782714844 342.604034423828 342.530395507812 342.158203125 341.573608398438 341.950622558594 342.149536132812 341.772491455078 340.992248535156 340.803924560547 340.466949462891 340.384582519531 340.112884521484 339.590454101562 339.509094238281 339.427490234375 339.345733642578 338.915740966797 339.100128173828 338.902282714844 338.481628417969 338.428192138672 338.589385986328 338.084503173828 338.189361572266 337.925720214844 336.522125244141 336.531066894531 336.294342041016 334.957153320312 334.674407958984 335.120147705078 335.079742431641 334.836944580078 334.642578125 334.291076660156 334.026672363281
344.330963134766 343.699401855469 343.419036865234 343.359008789062 343.095977783203 342.664306640625 342.941284179688 342.438110351562 343.403015136719 343.368194580078 342.832977294922 342.659912109375 342.449249267578 342.616638183594 342.347045898438 341.907287597656 341.981597900391 341.934265136719 341.710083007812 341.971832275391 341.446472167969 340.920562744141 341.030975341797 341.200286865234 340.565887451172 340.223754882812 339.95068359375 339.620300292969 339.783172607422 339.184112548828 339.1015625 338.832458496094 338.2060546875 337.972625732422 338.044158935547 337.690948486328 337.914245605469 338.287719726562 337.591461181641 337.063049316406 336.128845214844 335.274353027344 334.438415527344 335.053436279297 335.072570800781 334.102447509766 332.855682373047 333.901245117188 333.895141601562
343.772094726562 343.494934082031 343.435974121094 343.171875 342.540130615234 342.348785400391 342.514587402344 343.589508056641 343.786254882812 342.953155517578 342.385009765625 342.775268554688 342.702697753906 342.629089355469 342.449493408203 342.234558105469 342.312957763672 342.1171875 341.918426513672 342.088989257812 341.899047851562 341.563629150391 341.591674804688 341.4619140625 340.683410644531 340.601043701172 340.214324951172 339.739776611328 340.048004150391 339.374542236328 339.719299316406 339.516723632812 339.162414550781 338.889251708984 338.566955566406 338.718200683594 338.33349609375 338.525238037109 338.137359619141 337.259002685547 336.815826416016 335.935089111328 335.349670410156 335.137084960938 335.247924804688 333.445953369141 330.26708984375 333.264068603516 333.597290039062
343.569885253906 343.512023925781 343.246856689453 342.821533203125 343.006713867188 342.941101074219 342.874176025391 343.8671875 343.234466552734 342.828979492188 342.423553466797 342.330169677734 342.715545654297 342.641448974609 342.566375732422 342.490356445312 342.610382080078 342.980865478516 342.428131103516 341.653442382812 342.017028808594 341.935760498047 341.660736083984 341.027984619141 340.689117431641 340.606140136719 340.408203125 340.178009033203 340.049285888672 339.494598388672 340.104034423828 340.020202636719 339.936462402344 339.733276367188 339.498901367188 339.378784179688 338.603881835938 338.33544921875 337.714813232422 337.555816650391 337.533874511719 336.326202392578 336.589385986328 336.057220458984 335.672943115234 334.608276367188 332.490081787109 333.778747558594 333.585693359375
343.587097167969 343.528991699219 343.372253417969 343.185089111328 343.346405029297 343.282806396484 343.217895507812 343.315643310547 342.812377929688 342.485443115234 342.770172119141 342.564117431641 342.728271484375 342.453796386719 342.126281738281 342.501647949219 342.730560302734 343.345886230469 342.325714111328 341.855804443359 341.829559326172 341.503479003906 341.747924804688 341.214752197266 340.694732666016 340.611083984375 340.527160644531 340.442993164062 340.241882324219 339.3076171875 339.679382324219 340.020538330078 339.936126708984 339.851898193359 339.767883300781 339.5625 339.018615722656 338.394958496094 337.8505859375 337.663452148438 338.022735595703 336.421630859375 337.031524658203 336.641845703125 335.875244140625 335.670562744141 335.310607910156 -3.4e+38 333.756530761719
343.604187011719 343.545837402344 343.486114501953 343.424957275391 343.362426757812 343.298522949219 343.233276367188 343.098815917969 342.92626953125 342.72509765625 342.887603759766 342.612365722656 342.287567138672 342.558929443359 342.548889160156 343.161468505859 343.1904296875 343.355987548828 342.393615722656 342.555816650391 341.920471191406 341.697814941406 341.867523193359 341.474639892578 340.700164794922 340.809906005859 340.96240234375 340.446533203125 340.361511230469 339.808288574219 339.840667724609 340.211303710938 340.357299804688 339.850708007812 339.766021728516 339.681610107422 339.474517822266 338.741241455078 337.892333984375 338.072631835938 338.265777587891 336.825134277344 337.0234375 336.816680908203 336.271728515625 335.788360595703 335.711853027344 335.377136230469 334.861785888672
343.621124267578 343.562561035156 343.502563476562 343.441162109375 343.378356933594 343.314147949219 343.248565673828 342.653869628906 342.838134765625 342.516723632812 342.696594238281 342.268188476562 342.718353271484 343.1279296875 342.709899902344 342.875579833984 342.999908447266 343.165893554688 342.316711425781 342.37255859375 342.040649414062 341.957641601562 341.874053955078 341.478637695312 340.901092529297 341.168121337891 340.988616943359 340.878204345703 340.3642578125 340.192565917969 340.106658935547 340.333190917969 340.622497558594 340.040008544922 340.181823730469 339.489196777344 339.178802490234 338.883422851562 337.927520751953 338.754119873047 338.259613037109 337.282653808594 337.422241210938 336.935302734375 335.243225097656 332.952484130859 335.701019287109 335.624908447266 335.549926757812
343.637939453125 343.579162597656 343.518920898438 343.668518066406 344.068908691406 343.792236328125 343.263763427734 342.897766113281 342.745697021484 342.299011230469 342.807678222656 342.604400634766 342.873779296875 342.928955078125 342.815979003906 342.980072021484 342.566558837891 342.620758056641 342.213562011719 342.131256103516 342.048278808594 341.964660644531 341.880493164062 341.679748535156 341.455017089844 341.5078125 341.281097412109 341.334625244141 340.986938476562 340.19384765625 340.30029296875 340.755187988281 340.812042236328 340.580139160156 340.447418212891 339.552093505859 339.319396972656 339.255279541016 338.874145507812 339.021759033203 338.441711425781 337.623168945312 337.285430908203 336.92626953125 335.810638427734 334.199829101562 335.690002441406 335.61328125 335.537689208984
343.86962890625 344.062835693359 343.748626708984 344.251556396484 344.197814941406 343.569915771484 343.068267822266 342.686340332031 342.965881347656 342.767608642578 342.927429199219 343.059722900391 343.431945800781 343.148284912109 342.938842773438 343.434631347656 343.111419677734 342.826354980469 341.985687255859 342.575744628906 342.055755615234 341.971588134766 341.886810302734 341.801513671875 341.715759277344 341.629608154297 341.543121337891 341.456359863281 341.369384765625 340.616516113281 340.423645019531 340.827056884766 340.515716552734 340.846435546875 340.635467529297 340.087158203125 339.586975097656 339.501220703125 339.225769042969 338.794830322266 338.971801757812 337.951843261719 337.591033935547 337.508239746094 337.239288330078 336.626586914062 336.265594482422 336.000885009766 335.525329589844
343.987945556641 344.510894775391 344.116668701172 343.812774658203 343.648193359375 343.360290527344 342.976989746094 342.262725830078 342.633239746094 343.222900390625 343.389953613281 343.182739257812 343.790191650391 343.602813720703 343.395660400391 343.351196289062 343.035675048828 343.078308105469 342.737274169922 342.830230712891 342.063140869141 341.978332519531 341.692901611328 341.377716064453 341.720672607422 341.633911132812 341.546783447266 341.459381103516 341.371765136719 341.074005126953 340.844696044922 340.702545166016 340.250213623047 340.844757080078 340.757293701172 340.544555664062 340.186767578125 339.907165527344 339.283569335938 339.051666259766 339.240386962891 338.072570800781 337.989807128906 337.719543457031 337.294464111328 337.147094726562 336.667694091797 336.457244873047 336.096343994141
344.484130859375 343.861053466797 343.582946777344 343.520263671875 343.456085205078 343.390411376953 343.3232421875 343.169738769531 343.883422851562 344.040313720703 343.966186523438 343.680389404297 343.161407470703 343.294677734375 343.657287597656 343.463653564453 343.047729492188 342.978240966797 -3.4e+38 -3.4e+38 342.959930419922 342.623443603516 342.534912109375 342.445831298828 342.476348876953 342.642150878906 342.432464599609 342.085510253906 341.994720458984 341.936492919922 342.108581542969 341.822937011719 341.195129394531 340.715148925781 340.485046386719 340.663757324219 340.254089355469 339.487670898438 339.271514892578 339.040588378906 339.227081298828 338.780578613281 338.591735839844 337.766845703125 337.617279052734 337.005279541016 336.83349609375 336.961853027344 336.353302001953
343.9345703125 343.659942626953 343.598571777344 343.535675048828 343.471221923828 343.622283935547 344.005737304688 343.970764160156 344.126586914062 344.053375244141 343.978820800781 343.579528808594 343.036804199219 343.510803222656 343.668090820312 343.587524414062 343.390747070312 343.180847167969 343.255493164062 343.170318603516 343.084442138672 342.997863769531 342.910675048828 342.620178222656 342.311126708984 342.646087646484 342.557037353516 342.467712402344 342.378173828125 342.000030517578 341.693817138672 341.893096923828 341.538177490234 341.250457763672 340.749694824219 340.660430908203 340.443054199219 340.083801269531 339.994079589844 339.711791992188 339.220336914062 338.856781005859 338.299194335938 338.001129150391 337.663452148438 337.301300048828 337.163635253906 336.835144042969 336.474914550781
343.735626220703 343.675598144531 343.614044189453 343.77099609375 344.158386230469 344.197479248047 344.352172851562 344.212127685547 344.139923095703 344.066314697266 343.991333007812 343.802398681641 343.602691650391 343.758666992188 343.6787109375 343.59765625 343.515533447266 343.432403564453 343.263458251953 343.177734375 343.091247558594 342.798889160156 342.491607666016 342.706848144531 342.486267089844 342.649871826172 342.358276367188 342.051910400391 342.380065917969 341.874328613281 341.234497070312 341.605712890625 341.729766845703 341.299591064453 341.155822753906 340.657043457031 340.567443847656 340.478240966797 340.194976806641 339.573181152344 339.213531494141 339.307983398438 338.678527832031 338.545288085938 337.786346435547 337.513153076172 336.902160644531 336.541473388672 336.462158203125
343.751281738281 343.691101074219 343.851745605469 344.347198486328 344.501007080078 344.434478759766 344.366394042969 344.225677490234 344.153106689453 344.0791015625 344.003692626953 343.926940917969 343.848907470703 343.769653320312 343.689208984375 343.607604980469 343.314422607422 343.01025390625 343.062866210938 342.757873535156 342.890930175781 342.258636474609 342.248809814453 342.832885742188 342.539123535156 342.030456542969 341.818298339844 341.799468994141 342.381866455078 342.073547363281 341.520629882812 341.144500732422 341.189727783203 340.963409423828 341.207702636719 -3.4e+38 340.563323974609 340.473419189453 340.2529296875 339.697113037109 339.400970458984 339.705718994141 338.945831298828 338.726440429688 338.36376953125 337.95263671875 337.195129394531 337.112548828125 336.841369628906
343.3115234375 343.706390380859 343.9755859375 344.580841064453 344.515625 344.448852539062 344.380462646484 343.795715332031 344.166107177734 344.091705322266 343.799499511719 343.285430908203 343.209106445312 343.131530761719 343.265991210938 343.617431640625 343.204742431641 342.568511962891 342.522796630859 342.521270751953 342.983459472656 342.646545410156 342.677856445312 342.837615966797 342.418762207031 341.657104492188 341.566223144531 341.600219726562 341.969207763672 341.998596191406 341.569885253906 341.426055908203 340.724914550781 340.425445556641 341.069549560547 -3.4e+38 -3.4e+38 340.87158203125 340.378479003906 340.156524658203 339.927612304688 339.889984130859 339.333709716797 338.850952148438 338.765899658203 338.546112060547 337.991760253906 337.326080322266 336.908477783203
343.115844726562 343.947723388672 344.443145751953 344.595520019531 344.530090332031 344.240295410156 343.728057861328 343.364837646484 343.738800048828 344.104156494141 343.695556640625 342.950286865234 342.871307373047 342.791107177734 343.04150390625 343.627075195312 343.424743652344 343.098785400391 342.286407470703 342.530212402344 343.110809326172 343.021911621094 342.932373046875 342.842254638672 342.420867919922 341.660522460938 341.569030761719 341.477203369141 341.511779785156 341.459533691406 341.236236572266 341.276947021484 340.793548583984 340.766723632812 -3.4e+38 -3.4e+38 341.356719970703 -3.4e+38 -3.4e+38 340.282653808594 340.192962646484 340.015563964844 339.598693847656 338.841400146484 338.755676269531 338.478210449219 337.866424560547 337.367553710938 337.142791748047
343.584594726562 343.844696044922 344.225646972656 344.384094238281 343.873840332031 343.697540283203 343.408050537109 343.265319824219 343.305755615234 343.679412841797 343.924194335938 343.395935058594 343.099639892578 343.44970703125 343.483856201172 343.636535644531 343.552337646484 343.467071533203 342.293731689453 342.327850341797 342.695770263672 343.027557373047 342.728454589844 342.429168701172 342.63037109375 342.078918457031 341.571716308594 341.479278564453 341.386627197266 341.200653076172 341.107543945312 341.014404296875 340.921295166016 340.959075927734 -3.4e+38 -3.4e+38 -3.4e+38 340.859405517578 340.367370605469 340.0791015625 339.78857421875 340.007354736328 339.783386230469 339.225402832031 338.745483398438 338.522918701172 338.159576416016 337.882598876953 337.411010742188
343.811798095703 343.751007080078 343.798522949219 343.841125488281 343.558380126953 343.490814208984 343.421569824219 343.278137207031 343.204071044922 343.244232177734 343.397155761719 343.423187255859 343.442047119141 343.164093017578 343.30078125 343.429626464844 343.135070800781 343.260711669922 342.300872802734 342.424652099609 342.877868652344 342.822204589844 342.400268554688 342.601837158203 342.759246826172 342.332489013672 341.574279785156 341.481262207031 341.387969970703 341.200805664062 341.107086181641 341.013305664062 340.919616699219 340.825988769531 -3.4e+38 -3.4e+38 340.946075439453 340.920928955078 340.760162353516 340.135620117188 339.710632324219 339.802734375 339.321044921875 339.292907714844 339.321624755859 339.039886474609 338.564422607422 338.341949462891 337.786163330078
343.826354980469 343.765411376953 343.702728271484 343.638336181641 343.572235107422 343.50439453125 343.434844970703 343.290802001953 343.216339111328 343.362823486328 343.716644287109 343.532775878906 343.135406494141 342.821899414062 342.858978271484 342.89111328125 342.474334716797 342.299285888672 342.522064208984 342.762023925781 342.498016357422 342.284362792969 342.072692871094 342.440582275391 342.762817382812 342.542572021484 342.196044921875 341.893096923828 341.389221191406 340.995452880859 340.496276855469 340.607727050781 340.917846679688 340.823608398438 340.862426757812 -3.4e+38 340.941375732422 340.583404541016 340.624633789062 340.264068603516 339.838134765625 339.461029052734 339.293853759766 338.950653076172 339.139282226562 338.915466308594 338.553070068359 338.468719482422 338.052398681641
343.840606689453 343.779541015625 343.716735839844 343.421905517578 343.145904541016 343.517730712891 343.447906494141 343.303192138672 343.228363037109 343.26953125 343.420623779297 343.224517822266 342.913848876953 342.831726074219 342.748321533203 342.663726806641 342.455780029297 342.252532958984 342.438659667969 342.682403564453 342.55126953125 342.043426513672 341.951629638672 341.986297607422 342.143524169922 342.261962890625 342.579010009766 342.35546875 342.005676269531 341.06982421875 340.510131835938 340.14306640625 340.513977050781 340.821197509766 340.726531982422 340.968627929688 -3.4e+38 340.444152832031 340.350799560547 340.257904052734 340.029022216797 339.318603515625 339.7548828125 339.193817138672 338.715270996094 338.627960205078 338.346618652344 338.070190429688 338.038452148438
343.176361083984 343.117584228516 343.289642333984 343.552185058594 343.382202148438 343.530822753906 343.460723876953 343.315368652344 343.240173339844 343.163360595703 343.085021972656 343.005187988281 342.923950195312 342.841339111328 342.757446289062 342.672332763672 342.805084228516 343.136932373047 342.321166992188 342.356567382812 342.3837890625 342.048370361328 341.956024169922 341.863067626953 341.769561767578 341.804656982422 342.1728515625 342.276885986328 341.985321044922 341.604705810547 340.972869873047 340.617523193359 340.653686523438 340.818756103516 340.723510742188 340.966674804688 341.195648193359 340.439300537109 340.345336914062 340.251831054688 340.158905029297 339.113342285156 339.295989990234 339.068389892578 338.705413818359 338.617462158203 337.998352050781 337.395690917969 338.024658203125
