rcp4.5models/CNRM_CM5/sc1gr10.8
NCOLS 261 
NROWS 433 
XLLCORNER 336357.134 
YLLCORNER 654653.479 
CELLSIZE 1000 
NODATA_value -3.4e+38 
[rows 44 to 65 of 433, columns 49 to 97 of 261]
-3.4e+38 -3.4e+38 -3.4e+38 -3.4e+38 -3.4e+38 -3.4e+38 -3.4e+38 -3.4e+38 -3.4e+38 -3.4e+38 -3.4e+38 -3.4e+38 -3.4e+38 -3.4e+38 -3.4e+38 -3.4e+38 -3.4e+38 -3.4e+38 -3.4e+38 -3.4e+38 -3.4e+38 457.509674072266 457.944854736328 -3.4e+38 -3.4e+38 457.004455566406 457.280090332031 456.938812255859 457.209564208984 456.351501464844 456.006927490234 456.365905761719 456.149017333984 -3.4e+38 -3.4e+38 455.08642578125 456.087036132812 455.468963623047 456.258361816406 455.087585449219 456.20068359375 456.869323730469 455.522247314453 457.028503417969 456.683837890625 458.065490722656 456.811462402344 458.274139404297 457.902984619141
-3.4e+38 -3.4e+38 -3.4e+38 -3.4e+38 -3.4e+38 -3.4e+38 -3.4e+38 -3.4e+38 -3.4e+38 -3.4e+38 -3.4e+38 -3.4e+38 -3.4e+38 -3.4e+38 -3.4e+38 -3.4e+38 -3.4e+38 -3.4e+38 -3.4e+38 456.478546142578 456.627166748047 456.195190429688 456.609436035156 455.777069091797 454.46533203125 455.212921142578 454.325256347656 454.525299072266 454.215667724609 454.254974365234 -3.4e+38 453.7587890625 -3.4e+38 454.044158935547 454.491363525391 453.516082763672 453.965026855469 453.887908935547 454.44091796875 454.143768310547 454.411346435547 453.990203857422 455.004211425781 453.971801757812 455.334136962891 454.905364990234 456.362884521484 455.159149169922 456.704071044922
-3.4e+38 -3.4e+38 -3.4e+38 -3.4e+38 -3.4e+38 -3.4e+38 -3.4e+38 -3.4e+38 -3.4e+38 -3.4e+38 -3.4e+38 -3.4e+38 -3.4e+38 -3.4e+38 -3.4e+38 -3.4e+38 -3.4e+38 -3.4e+38 456.223541259766 455.394653320312 455.290893554688 454.627807617188 455.334167480469 454.551513671875 454.458160400391 454.31591796875 453.740966796875 453.322814941406 453.623352050781 453.918212890625 453.800415039062 453.346435546875 453.085510253906 452.330444335938 453.297058105469 451.821685791016 452.811370849609 452.211334228516 453.322235107422 452.988983154297 453.465728759766 453.575103759766 453.677581787109 454.141876220703 453.757659912109 454.559112548828 454.793090820312 455.388305664062 455.395965576172
-3.4e+38 -3.4e+38 -3.4e+38 -3.4e+38 -3.4e+38 -3.4e+38 -3.4e+38 -3.4e+38 -3.4e+38 -3.4e+38 -3.4e+38 -3.4e+38 -3.4e+38 -3.4e+38 -3.4e+38 -3.4e+38 455.9833984375 455.217193603516 454.785949707031 454.925262451172 454.474395751953 454.115783691406 453.6357421875 453.846282958984 453.471832275391 451.950439453125 452.931579589844 453.381713867188 452.722900390625 452.761352539062 452.064575195312 452.101531982422 451.361877441406 451.769439697266 -3.4e+38 451.861114501953 451.191955566406 451.948120117188 451.92724609375 452.643218994141 452.399536132812 452.569030761719 453.293304443359 453.439025878906 453.409820556641 453.615600585938 454.705657958984 454.983764648438 453.978851318359
-3.4e+38 -3.4e+38 -3.4e+38 -3.4e+38 -3.4e+38 -3.4e+38 -3.4e+38 -3.4e+38 -3.4e+38 -3.4e+38 -3.4e+38 -3.4e+38 455.9306640625 455.401916503906 454.754608154297 454.839050292969 454.334228515625 454.439239501953 454.091827392578 453.87841796875 454.168914794922 453.511291503906 453.060089111328 452.596130371094 451.671630859375 451.619537353516 451.511352539062 452.566711425781 451.102233886719 451.075378417969 451.458984375 -3.4e+38 450.830322265625 450.638366699219 451.121368408203 451.018524169922 -3.4e+38 451.578369140625 451.612640380859 451.596405029297 451.015899658203 452.186889648438 452.302703857422 451.8291015625 453.212127685547 452.803558349609 453.900909423828 453.549591064453 454.207550048828
-3.4e+38 -3.4e+38 -3.4e+38 -3.4e+38 -3.4e+38 -3.4e+38 -3.4e+38 -3.4e+38 -3.4e+38 -3.4e+38 -3.4e+38 454.010131835938 454.735870361328 454.012878417969 454.030334472656 453.517974853516 -3.4e+38 453.128845214844 453.070129394531 453.318420410156 452.897674560547 453.085693359375 452.436737060547 450.859008789062 450.976348876953 450.871887207031 450.347625732422 450.301910400391 450.412292480469 450.502807617188 450.286560058594 450.704742431641 450.273712158203 -3.4e+38 450.251312255859 -3.4e+38 -3.4e+38 450.173645019531 450.510406494141 449.932312011719 -3.4e+38 451.703735351562 450.926910400391 451.694305419922 452.015014648438 452.863220214844 452.858001708984 453.248016357422 453.602661132812
-3.4e+38 -3.4e+38 -3.4e+38 -3.4e+38 -3.4e+38 -3.4e+38 -3.4e+38 -3.4e+38 -3.4e+38 -3.4e+38 -3.4e+38 453.333709716797 453.087158203125 -3.4e+38 452.698486328125 452.792816162109 452.296051025391 452.417053222656 452.478942871094 452.035614013672 451.05908203125 451.656311035156 450.855651855469 450.18017578125 449.965850830078 449.193969726562 449.589477539062 448.320678710938 449.075531005859 449.222015380859 449.725433349609 449.779510498047 -3.4e+38 449.322174072266 448.650665283203 -3.4e+38 449.093902587891 449.677886962891 449.408874511719 449.492370605469 449.53271484375 450.587707519531 450.666748046875 450.840911865234 451.671325683594 451.920837402344 452.815399169922 452.871887207031 454.053192138672
-3.4e+38 -3.4e+38 -3.4e+38 -3.4e+38 -3.4e+38 -3.4e+38 -3.4e+38 -3.4e+38 -3.4e+38 -3.4e+38 -3.4e+38 452.188507080078 452.387481689453 451.875854492188 -3.4e+38 451.273284912109 450.429077148438 451.1640625 451.008422851562 450.186981201172 450.315216064453 449.908508300781 450.132232666016 449.155334472656 449.451324462891 448.642486572266 448.210113525391 448.283782958984 447.409027099609 447.511199951172 448.462005615234 448.137176513672 448.588714599609 448.201416015625 448.700134277344 448.068206787109 448.612426757812 448.593444824219 449.218933105469 448.448516845703 448.111999511719 449.072204589844 450.196655273438 451.017791748047 451.24365234375 451.595397949219 -3.4e+38 453.073425292969 453.567657470703
-3.4e+38 -3.4e+38 -3.4e+38 -3.4e+38 -3.4e+38 -3.4e+38 -3.4e+38 -3.4e+38 -3.4e+38 -3.4e+38 -3.4e+38 450.343078613281 450.847900390625 449.992126464844 450.018218994141 449.516571044922 449.882934570312 449.534881591797 449.251098632812 449.433197021484 449.016510009766 449.232543945312 449.091735839844 447.454040527344 448.080596923828 447.321563720703 447.587890625 447.305786132812 446.834564208984 445.741333007812 446.905883789062 447.568237304688 447.433532714844 447.935760498047 447.843719482422 446.366577148438 447.463562011719 446.899475097656 448.346038818359 447.5615234375 447.812347412109 448.700225830078 448.847320556641 -3.4e+38 -3.4e+38 450.657958984375 450.567993164062 452.288818359375 452.043731689453
-3.4e+38 -3.4e+38 -3.4e+38 -3.4e+38 -3.4e+38 -3.4e+38 -3.4e+38 -3.4e+38 -3.4e+38 -3.4e+38 -3.4e+38 -3.4e+38 449.744812011719 449.285949707031 448.668304443359 449.658142089844 448.768310546875 448.831237792969 448.549041748047 448.122467041016 448.574127197266 448.209533691406 447.375823974609 447.349212646484 446.982025146484 446.697143554688 446.345703125 445.503173828125 445.519073486328 445.369262695312 445.313415527344 446.330627441406 445.685852050781 446.726806640625 446.113677978516 445.846038818359 445.786987304688 446.651245117188 446.805389404297 447.489929199219 446.784149169922 447.686614990234 448.475982666016 448.429321289062 449.568511962891 -3.4e+38 450.373626708984 450.749938964844 451.749969482422
-3.4e+38 -3.4e+38 -3.4e+38 -3.4e+38 -3.4e+38 -3.4e+38 -3.4e+38 -3.4e+38 -3.4e+38 -3.4e+38 -3.4e+38 -3.4e+38 449.273193359375 -3.4e+38 446.775939941406 447.826354980469 446.837829589844 447.329406738281 447.073181152344 446.258178710938 447.223022460938 446.465789794922 446.663909912109 446.312316894531 446.603424072266 445.463592529297 444.532318115234 444.845672607422 444.352447509766 444.298492431641 -3.4e+38 444.614990234375 445.118011474609 445.022094726562 445.575897216797 445.514495849609 445.579284667969 445.689056396484 446.360473632812 446.434020996094 446.897857666016 447.816864013672 447.729400634766 -3.4e+38 448.851196289062 449.622528076172 449.474731445312 450.953521728516 451.352508544922
-3.4e+38 -3.4e+38 -3.4e+38 -3.4e+38 -3.4e+38 -3.4e+38 -3.4e+38 -3.4e+38 -3.4e+38 -3.4e+38 -3.4e+38 -3.4e+38 447.352661132812 446.829498291016 446.350219726562 445.851806640625 446.011016845703 445.548645019531 445.293731689453 445.748321533203 445.476287841797 445.732238769531 445.369598388672 -3.4e+38 445.212677001953 443.636657714844 443.863433837891 443.850189208984 444.261535644531 442.564910888672 443.499725341797 442.852661132812 443.89306640625 443.277709960938 444.628784179688 444.169830322266 444.562744140625 443.994232177734 445.788452148438 444.767639160156 446.097900390625 447.312896728516 448.004364013672 447.089080810547 449.145355224609 448.947052001953 -3.4e+38 449.818084716797 449.611785888672
-3.4e+38 -3.4e+38 -3.4e+38 -3.4e+38 -3.4e+38 -3.4e+38 -3.4e+38 -3.4e+38 -3.4e+38 -3.4e+38 -3.4e+38 -3.4e+38 -3.4e+38 -3.4e+38 -3.4e+38 446.002105712891 443.046905517578 443.92529296875 -3.4e+38 442.617797851562 442.874847412109 442.507629394531 442.791351318359 442.462982177734 443.031829833984 442.522521972656 441.202423095703 441.515472412109 441.299285888672 441.603118896484 441.257781982422 -3.4e+38 441.883483886719 441.944702148438 442.544525146484 442.536285400391 443.185882568359 442.978759765625 443.412261962891 443.262176513672 443.012817382812 446.041961669922 445.643493652344 446.538238525391 446.085357666016 445.801910400391 447.429840087891 446.730224609375 448.554138183594
-3.4e+38 -3.4e+38 -3.4e+38 -3.4e+38 -3.4e+38 -3.4e+38 -3.4e+38 -3.4e+38 -3.4e+38 -3.4e+38 -3.4e+38 -3.4e+38 -3.4e+38 -3.4e+38 -3.4e+38 -3.4e+38 -3.4e+38 442.609313964844 441.762237548828 -3.4e+38 441.550323486328 440.635955810547 441.368041992188 440.850738525391 441.765350341797 441.035125732422 440.562744140625 440.26953125 440.698272705078 440.9921875 440.854339599609 441.378601074219 440.868896484375 441.431854248047 441.408966064453 442.046081542969 442.079315185547 441.524169921875 442.826385498047 441.829315185547 442.716461181641 444.394683837891 445.281311035156 445.802185058594 444.499114990234 445.709716796875 446.124084472656 447.02001953125 447.054443359375
-3.4e+38 -3.4e+38 -3.4e+38 -3.4e+38 -3.4e+38 -3.4e+38 -3.4e+38 -3.4e+38 -3.4e+38 -3.4e+38 -3.4e+38 -3.4e+38 -3.4e+38 -3.4e+38 -3.4e+38 -3.4e+38 -3.4e+38 -3.4e+38 439.892639160156 440.460205078125 439.668029785156 439.902557373047 439.81640625 440.266204833984 439.983306884766 440.350402832031 439.300476074219 439.657287597656 439.462005615234 439.954681396484 440.663208007812 440.572387695312 439.65576171875 440.785339355469 441.453674316406 440.941131591797 442.370361328125 441.336730957031 441.518371582031 442.032440185547 441.6845703125 442.749389648438 444.293914794922 444.304046630859 443.146087646484 444.901702880859 444.695861816406 446.385284423828 446.004180908203
-3.4e+38 -3.4e+38 -3.4e+38 -3.4e+38 -3.4e+38 -3.4e+38 -3.4e+38 -3.4e+38 -3.4e+38 -3.4e+38 -3.4e+38 -3.4e+38 -3.4e+38 -3.4e+38 -3.4e+38 -3.4e+38 -3.4e+38 -3.4e+38 439.267211914062 438.647705078125 438.924041748047 438.827056884766 439.267852783203 438.972900390625 439.330413818359 -3.4e+38 438.018096923828 438.913482666016 437.924591064453 438.318176269531 -3.4e+38 438.790710449219 439.342956542969 440.795104980469 440.822082519531 441.232940673828 441.6474609375 440.353057861328 441.078033447266 441.227081298828 -3.4e+38 -3.4e+38 -3.4e+38 442.207641601562 442.928894042969 443.339965820312 444.375762939453 444.870880126953 445.951202392578
-3.4e+38 -3.4e+38 -3.4e+38 -3.4e+38 -3.4e+38 -3.4e+38 -3.4e+38 -3.4e+38 -3.4e+38 -3.4e+38 -3.4e+38 -3.4e+38 -3.4e+38 -3.4e+38 -3.4e+38 -3.4e+38 -3.4e+38 -3.4e+38 -3.4e+38 437.944152832031 437.836364746094 437.067993164062 437.852874755859 437.10302734375 437.938354492188 437.215301513672 437.589477539062 437.630310058594 437.427551269531 437.749206542969 438.183227539062 438.770172119141 438.435241699219 439.738342285156 439.187896728516 440.440887451172 439.92529296875 440.395263671875 440.518249511719 440.8076171875 -3.4e+38 -3.4e+38 441.273071289062 442.094085693359 442.001312255859 443.021820068359 443.493621826172 444.584625244141 445.363220214844
-3.4e+38 -3.4e+38 -3.4e+38 -3.4e+38 -3.4e+38 -3.4e+38 -3.4e+38 -3.4e+38 -3.4e+38 -3.4e+38 -3.4e+38 -3.4e+38 -3.4e+38 -3.4e+38 -3.4e+38 -3.4e+38 -3.4e+38 -3.4e+38 435.801177978516 436.72265625 436.066436767578 436.345764160156 436.036682128906 436.395416259766 -3.4e+38 436.533477783203 436.562072753906 437.135589599609 436.730346679688 436.53271484375 437.862030029297 438.076751708984 438.033172607422 438.001831054688 437.414031982422 438.685211181641 439.436645507812 439.0400390625 440.566986083984 439.99609375 -3.4e+38 -3.4e+38 439.770416259766 441.374664306641 440.416870117188 442.094787597656 441.951629638672 443.963256835938 445.219635009766
-3.4e+38 -3.4e+38 -3.4e+38 -3.4e+38 -3.4e+38 -3.4e+38 -3.4e+38 -3.4e+38 -3.4e+38 -3.4e+38 -3.4e+38 -3.4e+38 -3.4e+38 -3.4e+38 -3.4e+38 -3.4e+38 -3.4e+38 -3.4e+38 435.939819335938 435.645263671875 435.387359619141 435.011993408203 435.361175537109 -3.4e+38 435.725158691406 435.51025390625 436.055786132812 435.878082275391 435.136169433594 434.723571777344 436.072143554688 435.850463867188 436.798400878906 437.484130859375 436.926025390625 436.956146240234 438.300079345703 437.072204589844 439.5927734375 438.423034667969 -3.4e+38 438.449066162109 439.404357910156 439.780120849609 440.541137695312 440.547637939453 441.865905761719 442.559173583984 444.348663330078
-3.4e+38 -3.4e+38 -3.4e+38 -3.4e+38 -3.4e+38 -3.4e+38 -3.4e+38 -3.4e+38 -3.4e+38 -3.4e+38 -3.4e+38 -3.4e+38 -3.4e+38 -3.4e+38 -3.4e+38 -3.4e+38 -3.4e+38 -3.4e+38 434.904693603516 435.195678710938 434.059265136719 434.325836181641 434.034942626953 -3.4e+38 -3.4e+38 433.759552001953 434.706115722656 435.260131835938 434.566009521484 434.921844482422 434.861450195312 435.058746337891 435.033752441406 436.287658691406 435.760925292969 434.700561523438 436.044677734375 435.582183837891 437.384368896484 436.720458984375 437.595764160156 438.0771484375 438.435333251953 439.428588867188 439.380523681641 439.221130371094 441.081665039062 441.013305664062 442.816802978516
-3.4e+38 -3.4e+38 -3.4e+38 -3.4e+38 -3.4e+38 -3.4e+38 -3.4e+38 -3.4e+38 -3.4e+38 -3.4e+38 -3.4e+38 -3.4e+38 -3.4e+38 -3.4e+38 -3.4e+38 -3.4e+38 -3.4e+38 -3.4e+38 -3.4e+38 433.827423095703 432.709228515625 433.487731933594 432.436828613281 433.384124755859 432.677581787109 433.081268310547 432.892333984375 433.922241210938 433.520172119141 434.068603515625 434.664886474609 434.393585205078 435.031768798828 434.549743652344 433.478607177734 433.952270507812 434.074340820312 -3.4e+38 435.436096191406 436.300415039062 436.555511474609 437.076202392578 436.816864013672 438.698944091797 437.808227539062 439.011871337891 439.556030273438 440.702514648438 441.333251953125
-3.4e+38 -3.4e+38 -3.4e+38 -3.4e+38 -3.4e+38 -3.4e+38 -3.4e+38 -3.4e+38 -3.4e+38 -3.4e+38 -3.4e+38 -3.4e+38 -3.4e+38 -3.4e+38 -3.4e+38 -3.4e+38 -3.4e+38 -3.4e+38 432.796173095703 431.901214599609 432.190643310547 432.139251708984 432.409301757812 431.597106933594 432.528045654297 431.818389892578 432.795379638672 432.91796875 433.562927246094 433.495361328125 432.934417724609 434.067230224609 434.095672607422 433.027709960938 432.732055664062 433.070037841797 -3.4e+38 -3.4e+38 433.725402832031 435.242614746094 434.393829345703 435.686676025391 436.688537597656 437.206115722656 436.353118896484 438.089294433594 438.015563964844 439.816223144531 439.839813232422
