rcp4.5models/CNRM_CM5/sc1gr6.11
NCOLS 261 
NROWS 433 
XLLCORNER 336357.134 
YLLCORNER 654653.479 
CELLSIZE 1000 
NODATA_value -3.4e+38 
[rows 176 to 197 of 433, columns 98 to 146 of 261]
1301.16186523438 1303.20056152344 1307.92224121094 1317.3056640625 1321.25427246094 1324.64343261719 1327.4677734375 -3.4e+38 -3.4e+38 -3.4e+38 1341.35034179688 1344.9912109375 1348.40368652344 1353.75012207031 1360.98791503906 1365.17956542969 1370.72900390625 1376.44030761719 1381.63745117188 1386.92260742188 1390.04858398438 1394.79479980469 1399.46350097656 1403.77380371094 1411.62915039062 1417.21435546875 1429.28063964844 1434.810546875 1441.42346191406 1447.94262695312 1454.39086914062 1457.28918457031 1460.57592773438 1464.06604003906 1467.06860351562 1470.14636230469 1475.82250976562 1491.95336914062 1499.3330078125 1508.5166015625 1518.00988769531 1519.75366210938 1528.36010742188 1537.53173828125 1539.25830078125 1543.7255859375 1547.70532226562 1554.1513671875 1562.09692382812
1304.24938964844 1305.55529785156 1309.30041503906 1319.85522460938 1323.58520507812 1327.37805175781 1329.91577148438 1332.08288574219 1336.60681152344 1341.35522460938 1345.26257324219 1347.55480957031 1350.23022460938 1356.92272949219 1362.42797851562 1367.42614746094 1370.63903808594 1375.59423828125 1380.78942871094 -3.4e+38 1391.52404785156 1396.92163085938 1402.63232421875 1405.46997070312 1412.32580566406 1419.55053710938 1432.36901855469 1437.47888183594 1443.07604980469 1449.72314453125 1455.92700195312 1460.20251464844 1464.01391601562 1466.80603027344 1470.56713867188 1473.50280761719 1478.63903808594 1493.62829589844 1503.52185058594 1513.15075683594 1521.29284667969 1526.474609375 1535.34362792969 1539.57873535156 1539.28845214844 1543.24975585938 1547.92138671875 1553.29614257812 1562.45788574219
1306.83032226562 1307.92639160156 -3.4e+38 -3.4e+38 1325.271484375 1330.50366210938 1332.52819824219 1334.44360351562 1339.38171386719 1341.75622558594 1346.1650390625 1350.28662109375 1352.9716796875 1358.67260742188 1364.86975097656 1370.23083496094 1372.70910644531 1377.01025390625 1380.83422851562 1387.1064453125 1393.21630859375 1400.28186035156 1404.81103515625 1407.46813964844 1412.57421875 1419.75061035156 1433.77954101562 1440.50427246094 1445.72692871094 1451.28356933594 1456.79125976562 1462.8505859375 1466.36779785156 1469.4501953125 1472.2158203125 -3.4e+38 1483.69213867188 1496.9501953125 1506.74975585938 1516.40783691406 1527.53271484375 1539.42614746094 1548.55236816406 1540.63598632812 1541.37768554688 1544.138671875 1550.43481445312 1553.76684570312 1564.86682128906
1309.6396484375 1310.80627441406 1312.64904785156 -3.4e+38 1324.92492675781 1330.79821777344 1334.39489746094 -3.4e+38 1342.91064453125 1343.00244140625 1346.15979003906 1351.2421875 1355.30627441406 1359.31103515625 1366.44543457031 1372.02062988281 1376.21765136719 1378.41796875 1382.16564941406 1388.9287109375 1394.0302734375 1401.47399902344 1406.72900390625 1410.53930664062 1415.15942382812 -3.4e+38 1434.00732421875 1440.76245117188 -3.4e+38 1453.40222167969 1459.97521972656 1465.5166015625 1468.67504882812 1471.35876464844 -3.4e+38 -3.4e+38 -3.4e+38 1501.82836914062 1510.21374511719 1517.96044921875 1531.39697265625 1545.73779296875 1549.16052246094 1541.05102539062 1542.95007324219 1545.14965820312 1550.15979003906 1555.80004882812 1571.607421875
1311.88391113281 1313.25427246094 1314.5107421875 1322.81958007812 1328.55004882812 1331.72045898438 1336.17150878906 1341.03869628906 1344.70642089844 1344.82653808594 1347.24084472656 1352.14001464844 1357.62060546875 1360.623046875 1368.20361328125 1373.19995117188 1377.31823730469 1380.13903808594 1384.83605957031 1391.24060058594 1396.72619628906 1403.67370605469 1410.09497070312 1415.17614746094 1420.02331542969 1423.16784667969 1435.59655761719 1441.85766601562 -3.4e+38 1455.26843261719 1461.76342773438 1467.31945800781 1472.49963378906 1474.69970703125 1478.58874511719 -3.4e+38 1487.25854492188 1504.97705078125 1510.74230957031 1519.33801269531 1532.47497558594 1543.56787109375 1544.32775878906 1541.21057128906 1543.70263671875 1545.46752929688 1549.05480957031 1557.53796386719 1577.08752441406
1314.03686523438 1317.31396484375 1319.05737304688 1325.22705078125 1331.296875 1335.83703613281 1339.65832519531 1345.31481933594 1346.03466796875 1347.078125 1349.39855957031 1355.08728027344 1358.71215820312 1364.03454589844 1369.54516601562 1374.41088867188 1379.10668945312 1383.54431152344 1386.87768554688 1392.05053710938 1398.60754394531 1406.02600097656 1411.7578125 1417.40222167969 1423.41638183594 1428.20690917969 1439.20166015625 1444.97607421875 1449.89721679688 1455.50183105469 1461.87683105469 1469.11755371094 1476.86340332031 1479.78601074219 1480.67053222656 -3.4e+38 1490.3828125 1505.47424316406 1511.91821289062 1521.89819335938 1532.60327148438 1541.75988769531 1546.36328125 1542.56091308594 1545.18762207031 1546.56481933594 1551.82373046875 1560.36547851562 1578.42724609375
1316.72326660156 1320.02526855469 1320.787109375 1326.37158203125 1331.37072753906 1337.23364257812 1341.03247070312 1347.31896972656 1348.99951171875 1349.78991699219 1351.84936523438 1356.91064453125 1361.85461425781 1366.9580078125 1372.33862304688 1376.06213378906 1381.97985839844 1387.02807617188 1388.66796875 1393.92004394531 1399.67102050781 1406.72338867188 1413.06774902344 1418.79943847656 1426.84692382812 1432.53186035156 1443.73669433594 1450.07971191406 1453.83923339844 1457.25769042969 1464.62084960938 1472.99755859375 1479.55102539062 1484.59619140625 1487.14221191406 1488.64807128906 1494.08630371094 1508.43237304688 1516.15661621094 1524.68566894531 1532.56860351562 1539.25073242188 1544.94018554688 1543.70373535156 1546.154296875 1548.33312988281 1553.23217773438 1563.08862304688 1582.17431640625
1319.57543945312 1324.08068847656 1325.37609863281 1329.57824707031 1332.62475585938 1338.43701171875 1343.81506347656 1349.42944335938 1352.03869628906 1352.33520507812 1355.07287597656 1359.77600097656 1365.85327148438 1368.21594238281 1375.97839355469 1378.15551757812 1384.37683105469 1390.05383300781 1391.63110351562 1395.97045898438 1402.57727050781 1409.93090820312 1415.77307128906 1421.22082519531 1428.88464355469 1434.96899414062 1449.35485839844 1454.46789550781 1457.2314453125 1462.20935058594 1468.46936035156 1475.76477050781 1481.71569824219 1487.46069335938 1490.99328613281 1491.27307128906 1498.1533203125 1514.0673828125 1521.384765625 1527.90319824219 1534.68933105469 1537.13537597656 1542.35705566406 1544.37951660156 1547.48010253906 1549.57482910156 1554.80993652344 1565.68017578125 1582.94250488281
1320.57531738281 1324.81274414062 1327.86120605469 1333.58874511719 1336.50964355469 1342.68078613281 1347.54272460938 1354.55895996094 1355.80163574219 1354.10607910156 1356.80737304688 1363.30639648438 1369.45043945312 1371.19714355469 1378.51684570312 1380.25415039062 1387.3662109375 1392.84912109375 1393.50402832031 1397.87878417969 1404.59912109375 1411.37719726562 1416.49926757812 -3.4e+38 1429.99353027344 -3.4e+38 1458.12170410156 1457.85498046875 1462.36901855469 1467.13903808594 1471.31433105469 1477.25708007812 1485.03820800781 1488.80090332031 1490.79052734375 1494.37731933594 1502.2177734375 1518.22619628906 1526.38354492188 1533.376953125 1537.97485351562 1538.32165527344 1540.72229003906 1546.19555664062 1549.94067382812 1551.4658203125 1558.38439941406 1567.77465820312 1579.00671386719
1320.12744140625 -3.4e+38 -3.4e+38 1341.05334472656 1343.77062988281 1346.98657226562 1353.92419433594 1357.6865234375 1358.39196777344 1359.33288574219 1362.83203125 1370.34545898438 1374.08349609375 1378.03759765625 1382.91662597656 1385.82580566406 -3.4e+38 1397.83813476562 1399.92626953125 1402.64208984375 1408.30737304688 1415.73571777344 1423.02014160156 1429.19250488281 1436.48364257812 1444.77502441406 1462.45129394531 1467.96557617188 1472.65222167969 1477.79455566406 1480.99499511719 1486.03198242188 1492.82751464844 1495.51611328125 1500.01403808594 1506.84387207031 1510.41394042969 1526.62292480469 1536.14111328125 1545.55004882812 1546.8125 1547.55407714844 1549.01135253906 1551.13330078125 1553.921875 1558.47375488281 1561.68200683594 1566.42626953125 1578.66442871094
1319.45373535156 1322.64831542969 1328.10021972656 1341.08959960938 1344.80822753906 1348.34631347656 1354.02270507812 1358.82360839844 1361.38903808594 1362.5283203125 1365.8974609375 1371.69494628906 1376.88464355469 1382.56896972656 1386.54504394531 1389.62780761719 1395.32946777344 1403.52709960938 1410.85791015625 1406.99536132812 1411.39123535156 1418.13562011719 1425.25085449219 1431.38793945312 1438.80847167969 1445.46411132812 1464.25402832031 1477.20227050781 1480.2412109375 1484.12158203125 1486.51770019531 1490.84899902344 1496.18542480469 1499.90405273438 1506.24291992188 1515.40441894531 1514.41796875 1529.26306152344 1539.46435546875 1550.69128417969 1550.08276367188 1550.03076171875 1551.51306152344 1554.14086914062 1559.37890625 1562.98852539062 1566.33569335938 1570.34948730469 1581.45324707031
1319.39636230469 1323.72631835938 1330.68249511719 1340.37451171875 1344.71899414062 1350.40502929688 1355.06164550781 1361.71411132812 1362.67175292969 1364.34704589844 1368.90966796875 1373.71850585938 1379.26586914062 1384.37292480469 1389.88391113281 1392.76611328125 1398.60095214844 1406.64514160156 1414.41296386719 1410.64758300781 1414.42150878906 1420.9560546875 1428.26904296875 1435.50793457031 1440.91735839844 1447.98962402344 1483.06823730469 1522.78930664062 1498.36328125 1488.5673828125 1490.95007324219 1494.78381347656 1499.37023925781 1505.41833496094 1510.96350097656 1519.84094238281 1518.31713867188 1535.90173339844 1545.59631347656 1556.34326171875 1557.86608886719 1552.08557128906 1553.68298339844 1559.470703125 1564.90637207031 1568.57983398438 1573.59509277344 1576.79272460938 1587.87121582031
1321.23449707031 1327.75366210938 1333.78381347656 1339.66394042969 1344.17077636719 1351.42102050781 1358.0869140625 1362.77502441406 1363.05700683594 1366.05944824219 1370.38256835938 1375.2958984375 1379.62097167969 1384.05041503906 1398.75708007812 1398.53930664062 1403.5537109375 1408.3427734375 1413.41625976562 1412.87390136719 1416.84936523438 1422.48620605469 1429.44311523438 1436.416015625 1442.92810058594 1450.068359375 1519.62084960938 1602.14929199219 1549.251953125 1492.77563476562 1496.5810546875 1500.20263671875 1506.396484375 1510.87646484375 1516.02185058594 1523.66052246094 1523.93627929688 1541.728515625 1552.27819824219 1561.97985839844 1562.94274902344 1555.29565429688 1557.23876953125 1564.875 1569.51953125 1575.33093261719 1581.12109375 -3.4e+38 1607.74340820312
1324.45629882812 1329.24694824219 1335.46520996094 1339.61669921875 1346.46301269531 1353.57739257812 1359.74755859375 1363.74194335938 1364.64318847656 1367.89636230469 1372.70520019531 1375.60522460938 1379.84167480469 1384.10400390625 1403.08508300781 1403.38317871094 1407.59008789062 1410.59790039062 1416.48046875 1417.81506347656 1420.88647460938 1425.16967773438 1431.39611816406 1438.01635742188 1445.60144042969 1454.47302246094 1543.7470703125 -3.4e+38 1555.03857421875 1499.39685058594 1502.28918457031 1506.56579589844 1514.60278320312 1519.72399902344 1523.21118164062 1529.74755859375 1529.10900878906 1546.51110839844 1558.34045410156 1567.60290527344 1562.04956054688 1559.89392089844 1563.31384277344 1570.9169921875 1576.30004882812 1582.41149902344 1586.50134277344 1588.21008300781 1613.93115234375
1325.38146972656 1328.6201171875 1335.0498046875 1341.630859375 1348.89001464844 1354.93835449219 1360.7802734375 1363.72473144531 1365.4248046875 1371.09118652344 1375.58239746094 1377.23413085938 1383.38623046875 1387.74084472656 1401.51977539062 1407.55200195312 1409.86315917969 1414.2177734375 1420.04125976562 1422.28796386719 1425.36779785156 1430.47595214844 1436.03454589844 1443.06811523438 1448.22814941406 1456.9580078125 1579.30163574219 -3.4e+38 1548.93933105469 1506.10131835938 1507.48986816406 1512.76135253906 1521.63696289062 1527.79431152344 1530.13854980469 1535.00109863281 1535.12219238281 1551.68469238281 1561.6552734375 1568.58337402344 1563.65307617188 1564.96899414062 1571.53369140625 1580.31481933594 1583.64282226562 1587.462890625 1590.81286621094 1596.52197265625 1611.17443847656
-3.4e+38 1329.57336425781 1334.72009277344 1344.0830078125 1349.4306640625 1354.98522949219 1360.16430664062 1364.37280273438 1367.07824707031 1372.38757324219 1376.33984375 1378.79321289062 1385.83068847656 1390.00170898438 1404.43933105469 1412.47888183594 1413.94665527344 1420.04577636719 1424.65100097656 1425.66186523438 1429.65905761719 1433.97302246094 1440.32092285156 1447.69470214844 1451.47448730469 1458.17553710938 1594.11279296875 -3.4e+38 1638.43444824219 1509.51147460938 1511.24475097656 1519.05358886719 1527.83666992188 1533.86340332031 1533.59533691406 1537.61608886719 1540.61877441406 1556.65734863281 1563.79309082031 1567.60339355469 1568.02221679688 1569.61889648438 1579.90710449219 1588.79748535156 1593.55126953125 1595.40783691406 1598.13989257812 1604.14697265625 1619.61462402344
1329.42687988281 1334.30017089844 1339.85205078125 1348.09313964844 1353.22009277344 1358.00268554688 1361.49243164062 1366.68237304688 1371.5615234375 1374.43725585938 1376.97436523438 1380.61877441406 1386.91931152344 1392.25659179688 1406.880859375 1412.9150390625 1418.52172851562 1423.99206542969 1429.19543457031 1430.27661132812 1435.27331542969 1439.35998535156 1444.39001464844 1451.95874023438 1457.05346679688 1463.68017578125 1534.23278808594 1598.95251464844 1599.98681640625 1508.33679199219 1514.77697753906 1523.85205078125 1531.38806152344 1537.79296875 1538.42236328125 1542.83801269531 1546.19274902344 1562.14794921875 1569.11499023438 1570.92199707031 1572.59008789062 1576.75354003906 1586.94543457031 1596.86291503906 1611.82739257812 1622.93688964844 1610.86694335938 1620.53540039062 1630.11303710938
1330.81970214844 1336.69641113281 1341.69189453125 1350.86474609375 1356.42419433594 1359.51940917969 1365.31103515625 1371.60485839844 1376.5478515625 1379.97680664062 1382.68676757812 1385.5537109375 1389.33715820312 1395.97778320312 1407.13452148438 1412.23937988281 1418.17041015625 1425.80932617188 1433.97802734375 1435.27966308594 1439.79455566406 1443.76770019531 1448.06591796875 1456.50817871094 1461.91442871094 1467.23571777344 1486.42700195312 1495.35632324219 1509.99609375 1508.68859863281 1516.93151855469 1525.85314941406 1534.43005371094 1542.04772949219 1546.02893066406 1550.63720703125 1551.93200683594 1567.69860839844 1576.03198242188 1576.71215820312 1583.8505859375 1596.62329101562 1595.26391601562 1606.9326171875 1620.51904296875 1631.44995117188 1622.08911132812 -3.4e+38 1659.95764160156
1331.35485839844 1337.41918945312 1341.78161621094 1351.04870605469 1356.18664550781 1359.94592285156 1366.05493164062 1371.06787109375 1376.54309082031 1383.47973632812 1387.11877441406 1390.75024414062 1393.49523925781 1400.14660644531 1408.78771972656 1413.85473632812 1419.16296386719 1428.21508789062 1436.05114746094 1440.33251953125 1443.60485839844 1447.0732421875 1451.72766113281 1461.53820800781 1469.04748535156 -3.4e+38 1483.81970214844 1492.37316894531 1501.67529296875 1509.73034667969 1517.22998046875 1526.40405273438 1536.90344238281 1548.04577636719 1551.31372070312 1555.03955078125 1558.08190917969 1572.9853515625 1582.31201171875 1583.90832519531 1592.86145019531 1604.60095214844 1606.72814941406 1622.6337890625 1631.71667480469 1638.76916503906 1628.57019042969 1647.08801269531 1690.08093261719
1336.98999023438 1342.14819335938 1347.65161132812 1353.73864746094 1357.72595214844 1362.41943359375 1366.01354980469 1369.94396972656 1376.30249023438 1384.10339355469 1390.0673828125 1392.82434082031 1396.33215332031 1402.93774414062 1414.24938964844 1418.97631835938 1422.78576660156 1430.69067382812 1437.34814453125 1445.25354003906 1448.91845703125 1453.48010253906 1458.19177246094 1465.88464355469 1475.97302246094 1479.97827148438 1489.09289550781 1496.9580078125 1504.39782714844 1512.64404296875 1522.6474609375 1531.45739746094 1540.04187011719 1550.05834960938 1556.03491210938 1560.50244140625 1565.97778320312 1578.97570800781 1589.14660644531 1593.86193847656 1597.89477539062 1604.11242675781 1614.47351074219 1625.83984375 1632.9296875 1638.52404785156 1630.94262695312 1646.06506347656 1681.36120605469
1347.22985839844 1351.42333984375 1356.37255859375 1363.85864257812 1369.02770996094 1370.44995117188 1372.57531738281 1376.22900390625 1382.02160644531 1387.9736328125 1391.82470703125 1395.0986328125 1401.3603515625 1408.53173828125 1423.10876464844 1430.53686523438 1436.35314941406 1440.60778808594 1446.13232421875 1452.50537109375 1457.99853515625 1462.10876464844 1469.97033691406 1475.90075683594 1484.16528320312 1492.27661132812 1501.00988769531 1506.91259765625 1515.3154296875 1522.33483886719 1529.94897460938 1539.13610839844 1547.36853027344 1554.96020507812 1564.26330566406 1575.68432617188 1585.47290039062 1592.76318359375 1601.77099609375 1610.46545410156 1617.37353515625 1622.44055175781 1628.55126953125 1642.35534667969 1662.93115234375 1640.18188476562 1637.84228515625 1658.96752929688 1660.01696777344
1353.294921875 -3.4e+38 1359.3095703125 1369.1513671875 1373.42797851562 1373.98962402344 1376.38110351562 1380.95617675781 1385.38256835938 1389.81018066406 1393.44750976562 1399.45654296875 1406.82177734375 1412.35766601562 1427.42248535156 1435.76062011719 1438.85791015625 1442.65771484375 1448.28527832031 1452.98083496094 1460.06176757812 1465.58068847656 1474.58679199219 1481.0244140625 1488.99633789062 1497.41430664062 1507.32751464844 1514.09387207031 1521.62109375 1529.28247070312 1535.02099609375 1543.38696289062 1553.28491210938 1562.72155761719 1570.63256835938 1582.4267578125 1592.13354492188 1599.13427734375 1609.26330566406 1619.05639648438 1626.38781738281 1630.09326171875 1630.44396972656 1641.54089355469 1665.14404296875 1657.15551757812 1642.81787109375 1664.73022460938 1657.47595214844
