rcp4.5models/CNRM_CM5/sc1gr4.13
NCOLS 261 
NROWS 433 
XLLCORNER 336357.134 
YLLCORNER 654653.479 
CELLSIZE 1000 
NODATA_value -3.4e+38 
[rows 352 to 373 of 433, columns 49 to 97 of 261]
265.083984375 265.708404541016 266.406280517578 266.401336669922 266.324432373047 266.437805175781 266.377868652344 266.352142333984 266.469390869141 266.743377685547 266.70849609375 267.101196289062 266.965179443359 266.981079101562 267.221527099609 267.21875 267.344299316406 267.400695800781 265.913604736328 266.963836669922 267.452178955078 267.222991943359 267.189788818359 267.336700439453 267.669128417969 265.832885742188 266.244354248047 264.648406982422 262.595153808594 263.057281494141 262.136169433594 261.043029785156 257.209350585938 252.656707763672 252.335784912109 257.679412841797 264.228424072266 264.971923828125 264.725219726562 259.167297363281 246.242050170898 261.176879882812 267.617126464844 268.336120605469 268.657073974609 268.906890869141 269.625915527344 268.507080078125 266.072387695312
265.697296142578 265.952728271484 266.406219482422 266.268646240234 266.117767333984 266.501007080078 266.787170410156 266.132476806641 266.175231933594 266.520416259766 266.767608642578 267.105773925781 267.099761962891 267.042694091797 267.102630615234 266.867370605469 267.038726806641 267.229675292969 266.797882080078 267.737182617188 267.556182861328 267.389099121094 266.825897216797 267.042541503906 267.73046875 267.549621582031 267.513916015625 267.865783691406 268.006164550781 263.650604248047 261.918029785156 262.261474609375 262.320648193359 256.693756103516 251.336685180664 252.962097167969 259.683929443359 265.027862548828 266.619689941406 262.548645019531 248.571411132812 253.723434448242 263.789245605469 267.844207763672 267.434967041016 267.227844238281 269.003387451172 269.616516113281 266.13330078125
265.924743652344 266.142852783203 266.350189208984 266.338928222656 266.244415283203 266.274597167969 266.390747070312 266.420684814453 266.598693847656 266.587554931641 266.814788818359 266.892974853516 267.026489257812 267.199127197266 266.924560546875 266.809661865234 266.908630371094 267.087432861328 266.868194580078 267.288757324219 267.606140136719 267.650329589844 267.238128662109 266.300231933594 266.478698730469 267.476745605469 267.756042480469 267.450408935547 267.634918212891 263.129058837891 261.110534667969 263.021911621094 263.833679199219 257.900268554688 251.364288330078 249.795806884766 252.071029663086 258.890258789062 265.07763671875 264.147369384766 254.887435913086 239.870681762695 254.58039855957 265.793548583984 268.135772705078 264.946075439453 265.314453125 268.660186767578 266.528564453125
265.668731689453 266.113861083984 266.463562011719 266.455596923828 266.252258300781 266.150115966797 266.329956054688 266.501403808594 266.646209716797 266.668701171875 266.7646484375 266.649139404297 266.702575683594 267.122772216797 267.135223388672 266.780609130859 266.5439453125 266.926574707031 265.3525390625 265.978698730469 267.5400390625 267.641265869141 267.800170898438 266.856964111328 266.574798583984 267.545684814453 268.07666015625 267.521606445312 267.599060058594 266.540405273438 263.706695556641 264.860687255859 266.153625488281 262.802947998047 260.251068115234 252.453506469727 247.50895690918 251.240142822266 258.458251953125 264.012939453125 259.797454833984 233.433898925781 239.613342285156 255.559387207031 265.709259033203 264.242889404297 262.069580078125 264.441955566406 265.617065429688
265.486450195312 266.052581787109 266.420684814453 266.280670166016 266.371551513672 265.865509033203 265.590484619141 266.502227783203 266.420043945312 266.422241210938 266.063293457031 266.466430664062 266.630981445312 266.660522460938 266.756805419922 265.757843017578 265.887542724609 266.504638671875 264.866149902344 265.677490234375 267.271728515625 266.484802246094 265.590148925781 266.178039550781 267.199493408203 267.226989746094 267.757659912109 268.042999267578 267.875427246094 267.575408935547 265.433380126953 264.108032226562 263.407836914062 262.207580566406 263.151489257812 259.774566650391 255.229385375977 254.115631103516 256.396484375 262.798065185547 264.153625488281 240.989547729492 234.025253295898 244.29167175293 258.409576416016 262.583892822266 260.181945800781 259.604370117188 262.666717529297
265.8251953125 266.184478759766 266.287536621094 266.202392578125 266.56787109375 265.962982177734 265.228515625 266.522735595703 266.402679443359 266.186859130859 266.007263183594 266.679809570312 266.740142822266 264.859222412109 265.263854980469 265.445739746094 264.991058349609 265.821563720703 265.300079345703 265.764801025391 266.340576171875 266.491729736328 262.907867431641 263.827545166016 266.946411132812 264.465667724609 265.575897216797 268.095428466797 267.922882080078 267.913513183594 264.5185546875 259.972686767578 258.540374755859 257.299835205078 259.407196044922 261.500366210938 260.189727783203 257.599700927734 256.171875 258.936248779297 262.440673828125 254.253707885742 240.74951171875 237.340133666992 247.081573486328 256.995452880859 261.039489746094 260.016571044922 260.943908691406
266.057373046875 265.970520019531 265.963348388672 265.826324462891 266.421539306641 266.317169189453 265.657440185547 266.176574707031 266.14306640625 266.111755371094 266.403259277344 265.966369628906 265.638000488281 265.071746826172 263.366516113281 263.357513427734 263.025970458984 263.305969238281 264.761810302734 266.552886962891 265.311248779297 265.999053955078 262.357940673828 263.462005615234 266.361297607422 263.770385742188 265.148895263672 267.777099609375 268.036712646484 268.076080322266 265.842742919922 258.191589355469 255.148178100586 255.948043823242 257.532409667969 258.991119384766 258.921813964844 257.321380615234 254.23095703125 254.158233642578 254.019439697266 260.190399169922 249.135467529297 234.783905029297 236.586822509766 248.380401611328 259.276641845703 262.813507080078 261.237274169922
265.823974609375 265.488952636719 265.633483886719 265.849029541016 265.842071533203 266.028656005859 265.076080322266 265.920776367188 266.07666015625 266.448364257812 266.530914306641 264.134674072266 262.014709472656 264.745635986328 262.666229248047 260.5048828125 261.112823486328 261.775054931641 266.104736328125 267.406951904297 266.381011962891 266.347198486328 265.312164306641 265.724395751953 266.493072509766 263.64697265625 262.489959716797 265.881866455078 268.000091552734 268.037689208984 267.981231689453 262.184783935547 256.096588134766 255.752136230469 256.600769042969 256.889465332031 258.538635253906 257.177917480469 250.730682373047 250.823760986328 250.967315673828 256.003204345703 255.211853027344 243.617797851562 238.751876831055 240.59538269043 249.269470214844 260.050262451172 262.865905761719
265.788055419922 265.492950439453 265.703155517578 265.732727050781 265.370483398438 265.399383544922 265.505523681641 266.326934814453 266.339294433594 264.977264404297 263.067199707031 262.213928222656 261.748168945312 261.838043212891 261.959625244141 259.889587402344 259.659820556641 261.624847412109 262.073059082031 265.241027832031 266.280212402344 266.624359130859 264.392791748047 264.634613037109 262.665832519531 261.048553466797 261.924438476562 263.574554443359 266.076538085938 267.211334228516 267.574493408203 266.349761962891 262.471435546875 259.164794921875 259.225280761719 256.601013183594 255.834808349609 256.866424560547 252.189208984375 248.40266418457 251.182052612305 251.214294433594 255.348999023438 256.069244384766 254.38313293457 250.231262207031 246.315582275391 244.333053588867 245.733627319336
265.964111328125 265.732452392578 265.746246337891 265.673400878906 265.305725097656 265.312683105469 265.420135498047 266.256561279297 266.139099121094 265.443572998047 263.604675292969 262.289337158203 262.235900878906 262.707855224609 261.113037109375 262.446838378906 263.107727050781 260.632141113281 262.931976318359 264.397521972656 265.885864257812 266.339385986328 264.613861083984 265.037200927734 263.427154541016 262.991729736328 262.901031494141 262.206024169922 265.290405273438 267.070983886719 267.198211669922 267.196746826172 266.107269287109 262.655548095703 260.683532714844 258.677551269531 254.939498901367 253.358428955078 250.037460327148 246.680648803711 247.60334777832 251.085235595703 252.419921875 253.55924987793 252.026153564453 250.062744140625 249.137496948242 247.769714355469 243.390213012695
265.782745361328 265.919067382812 265.788208007812 265.65234375 265.443634033203 265.496063232422 265.542053222656 266.097320556641 265.883361816406 265.599029541016 264.443023681641 262.729461669922 260.786865234375 261.315216064453 261.047973632812 263.545593261719 264.54638671875 262.434234619141 265.155944824219 265.164489746094 265.984588623047 266.639984130859 266.482330322266 265.500793457031 265.195831298828 264.838409423828 262.397979736328 262.390655517578 264.762878417969 267.198181152344 266.648620605469 267.283996582031 267.625549316406 264.094909667969 260.055816650391 257.613006591797 254.615737915039 252.114349365234 250.294067382812 248.413726806641 246.618377685547 252.619445800781 251.723602294922 252.97021484375 251.679733276367 248.91926574707 248.846740722656 250.265747070312 248.898574829102
-3.4e+38 265.767639160156 265.927764892578 265.881927490234 265.909851074219 265.848419189453 265.516387939453 265.792907714844 265.445922851562 265.000396728516 264.587371826172 263.05712890625 260.478698730469 259.881988525391 261.169250488281 262.958190917969 264.156768798828 263.754821777344 265.856140136719 266.475799560547 266.536010742188 266.928558349609 265.913726806641 264.367126464844 265.446929931641 264.756744384766 261.756958007812 263.570465087891 265.473571777344 267.51416015625 266.826751708984 266.214813232422 266.791290283203 266.265228271484 264.181823730469 260.042358398438 256.77734375 253.006744384766 251.428573608398 250.208557128906 247.793380737305 252.90348815918 253.939025878906 253.373291015625 252.624450683594 249.736129760742 246.362976074219 248.230072021484 252.317565917969
-3.4e+38 265.714263916016 266.070648193359 266.055877685547 266.016082763672 265.82958984375 265.520843505859 265.5302734375 265.4873046875 264.51318359375 264.090759277344 262.633850097656 261.877990722656 261.2431640625 262.774475097656 262.917358398438 264.332672119141 263.901885986328 265.148193359375 266.031219482422 266.189086914062 266.637786865234 265.557861328125 263.814331054688 264.246887207031 263.478576660156 261.569702148438 264.498809814453 266.784454345703 266.686614990234 267.264678955078 266.228851318359 266.322692871094 267.3115234375 264.765472412109 262.505187988281 261.073486328125 256.442138671875 253.107818603516 251.759475708008 250.031875610352 252.106643676758 255.59880065918 255.005294799805 254.215103149414 252.001251220703 248.300933837891 248.95002746582 252.706466674805
-3.4e+38 265.833984375 265.695281982422 265.673522949219 265.716247558594 265.611633300781 265.412017822266 265.450378417969 265.298309326172 264.927917480469 264.191772460938 262.17919921875 261.818695068359 263.618469238281 265.342376708984 265.023468017578 265.178833007812 264.156524658203 265.727600097656 266.235961914062 266.282531738281 265.184143066406 265.522247314453 265.824005126953 265.335662841797 262.05859375 260.8076171875 264.052642822266 266.532653808594 264.1171875 265.641479492188 266.749481201172 266.010833740234 266.600799560547 264.552886962891 261.308074951172 260.224182128906 258.537231445312 255.30973815918 252.953659057617 252.32341003418 252.830612182617 254.805557250977 255.698211669922 254.129547119141 252.874404907227 252.502426147461 252.214492797852 253.276763916016
-3.4e+38 -3.4e+38 265.610076904297 265.632019042969 265.415618896484 265.309600830078 265.241485595703 265.563140869141 265.280883789062 265.19140625 264.854614257812 263.891662597656 262.984680175781 264.084106445312 265.774291992188 266.218902587891 265.967102050781 265.369049072266 265.946594238281 266.062042236328 266.368438720703 264.920715332031 265.741973876953 266.799987792969 265.438842773438 263.534271240234 262.683807373047 263.895568847656 265.739135742188 265.079956054688 265.765716552734 266.829132080078 265.687866210938 265.080596923828 265.411651611328 260.804656982422 256.475860595703 258.422485351562 255.380722045898 250.288162231445 249.636993408203 250.639190673828 250.314895629883 254.497970581055 254.913391113281 254.235900878906 254.492523193359 254.248901367188 254.095352172852
-3.4e+38 -3.4e+38 265.452484130859 265.472991943359 265.293487548828 265.116241455078 265.466522216797 265.669555664062 265.335418701172 265.421142578125 265.10205078125 265.005828857422 264.796356201172 264.922088623047 265.771636962891 266.184906005859 266.152984619141 266.09228515625 265.048919677734 263.791198730469 264.544494628906 264.721649169922 264.465606689453 265.760772705078 263.043273925781 262.730682373047 262.891632080078 262.181488037109 264.649383544922 266.963745117188 266.867492675781 266.925323486328 266.267761230469 264.994140625 264.499481201172 261.897857666016 255.920532226562 254.674560546875 253.993011474609 249.915084838867 245.949279785156 249.601928710938 247.988021850586 251.476135253906 254.222702026367 254.493896484375 254.281600952148 254.494277954102 253.704528808594
-3.4e+38 -3.4e+38 264.991912841797 265.118560791016 265.004943847656 265.496826171875 265.868713378906 265.56884765625 265.343475341797 265.754547119141 265.372009277344 265.146728515625 265.609436035156 265.800872802734 265.860076904297 265.929260253906 266.009033203125 266.371520996094 263.973846435547 261.761199951172 262.20703125 262.676147460938 262.033630371094 264.732543945312 263.368743896484 261.399444580078 262.036315917969 260.921783447266 262.768127441406 266.729736328125 266.824096679688 266.920013427734 266.651062011719 264.958282470703 260.711303710938 257.721557617188 254.701446533203 252.90544128418 252.597808837891 251.205047607422 245.815338134766 248.601028442383 247.959777832031 250.017166137695 251.276672363281 251.962829589844 253.923843383789 254.040084838867 251.749084472656
-3.4e+38 -3.4e+38 265.131500244141 264.729553222656 265.042022705078 265.669647216797 266.115386962891 265.494354248047 265.270965576172 265.436065673828 265.473541259766 263.552398681641 264.734741210938 266.039581298828 265.961822509766 265.212585449219 265.172973632812 266.057067871094 263.761779785156 260.550994873047 260.489807128906 261.142211914062 260.970886230469 262.826812744141 263.811859130859 261.431488037109 261.23681640625 260.806365966797 259.76123046875 265.821411132812 266.691741943359 266.774291992188 266.729461669922 264.364379882812 259.63330078125 256.135284423828 255.447998046875 255.534561157227 252.461822509766 251.484191894531 249.450775146484 246.51594543457 249.038726806641 249.656021118164 248.614196777344 247.59260559082 249.742294311523 252.909545898438 252.994750976562
-3.4e+38 -3.4e+38 265.038055419922 264.813873291016 265.315032958984 265.607666015625 266.11181640625 265.561920166016 265.319213867188 265.223785400391 265.269836425781 264.289367675781 264.885772705078 265.98291015625 266.122924804688 265.436737060547 264.906921386719 265.105194091797 265.094543457031 262.127899169922 259.932525634766 259.630737304688 261.477508544922 263.183319091797 263.807159423828 262.489440917969 262.779815673828 261.623168945312 256.960388183594 262.771789550781 266.412475585938 266.392791748047 266.635681152344 263.913360595703 260.787994384766 258.905822753906 256.773010253906 255.724914550781 253.830139160156 252.677154541016 252.372329711914 248.300155639648 248.772705078125 245.63835144043 245.420150756836 246.019653320312 245.072525024414 250.432083129883 254.223358154297
-3.4e+38 -3.4e+38 265.670471191406 265.601470947266 265.523010253906 265.782104492188 265.74609375 265.762145996094 265.625732421875 265.602569580078 265.662658691406 265.636779785156 265.236053466797 265.217956542969 265.700134277344 265.880645751953 265.945922851562 265.545745849609 266.047302246094 265.199615478516 264.469329833984 263.805084228516 263.242034912109 261.192718505859 260.368347167969 263.906097412109 266.592559814453 263.621551513672 259.000396728516 258.054565429688 263.290252685547 265.480865478516 265.765625 265.44189453125 263.163024902344 261.342376708984 259.785583496094 258.840270996094 258.362457275391 256.504486083984 255.130126953125 248.858978271484 241.971206665039 241.680206298828 242.272521972656 242.673141479492 246.626495361328 245.267532348633 243.219116210938
-3.4e+38 265.621795654297 265.599761962891 265.53466796875 265.488922119141 265.369750976562 265.258972167969 265.562683105469 265.429351806641 265.499664306641 265.479217529297 265.749389648438 265.431549072266 265.395843505859 265.429229736328 265.780731201172 265.949981689453 265.893402099609 264.537292480469 264.136352539062 265.142547607422 265.226287841797 262.973083496094 261.769897460938 262.702301025391 264.854614257812 266.264190673828 263.324768066406 258.980224609375 254.388122558594 258.317474365234 262.9306640625 264.656280517578 264.536590576172 263.181365966797 262.196563720703 260.861480712891 259.587188720703 259.709777832031 260.062194824219 259.140289306641 249.492874145508 245.484527587891 243.230270385742 244.037643432617 241.241744995117 243.192565917969 246.919143676758 245.433624267578
-3.4e+38 265.540313720703 265.456878662109 265.466186523438 265.477752685547 265.284576416016 265.253265380859 265.31005859375 265.18994140625 265.207580566406 265.249572753906 265.753784179688 265.727874755859 265.821411132812 265.716430664062 265.691650390625 265.012817382812 265.409698486328 263.099670410156 261.615264892578 261.610137939453 262.664581298828 262.981719970703 263.002288818359 264.787261962891 265.926879882812 266.067626953125 264.553863525391 258.953552246094 252.166778564453 253.45329284668 260.153961181641 264.830078125 265.133575439453 263.756195068359 261.998107910156 261.181274414062 260.579803466797 261.015869140625 261.005249023438 259.731811523438 249.871780395508 249.838409423828 246.217315673828 243.996429443359 242.413955688477 237.841049194336 239.908386230469 246.089447021484
