rcp4.5models/CNRM_CM5/sc1gr2.7
NCOLS 261 
NROWS 433 
XLLCORNER 336357.134 
YLLCORNER 654653.479 
CELLSIZE 1000 
NODATA_value -9999 
[rows 220 to 241 of 433, columns 200 to 249 of 261]
353.85982791775 354.569921999477 354.431963701388 354.722114771443 354.961966762356 355.336086260153 355.461299934954 355.988015307338 356.05154644929 355.287515511872 355.38832964576 356.040798733459 355.890302287711 356.074345413575 356.389250891434 356.904353241115 357.110723388553 356.772644714733 356.653843750016 356.605161160507 356.807947505261 356.463946463909 356.640165123056 -9999 357.167982129933 357.567537429821 357.613018303762 357.636008552018 -9999 -9999 -9999 -9999 -9999 -9999 -9999 -9999 -9999 -9999 -9999 -9999 -9999 -9999 -9999 -9999 -9999 -9999 -9999 -9999 -9999 -9999
353.698428732826 354.234030736471 354.305465206897 354.74700875923 354.947942167796 355.133818882544 354.888311143724 355.277642711767 355.825341764991 355.194061065665 354.653576220284 355.216672690232 355.662287058933 356.159136915241 356.255526927733 356.441009114269 356.606781414527 356.357715988821 356.389460599349 356.768156494789 357.101045725745 356.677906730493 356.879430534907 -9999 357.079439641803 357.203464452817 357.62489302851 357.645883098433 -9999 -9999 -9999 -9999 -9999 -9999 -9999 -9999 -9999 -9999 -9999 -9999 -9999 -9999 -9999 -9999 -9999 -9999 -9999 -9999 -9999 -9999
353.209180863736 353.776358847918 353.96852483985 354.77131088073 354.818734783455 354.865170327951 354.910597400208 355.106994768023 355.440161360598 355.178381083388 354.642217874446 355.179001694399 356.010454527354 355.869671867645 356.272115388897 356.306780932662 356.340311174742 356.372708082383 356.403970540875 356.58283108522 -9999 -9999 -9999 -9999 356.843564669448 356.738626815098 357.636147038137 357.45329220377 357.298175277038 -9999 -9999 -9999 -9999 -9999 -9999 -9999 -9999 -9999 -9999 -9999 -9999 -9999 -9999 -9999 -9999 -9999 -9999 -9999 -9999 -9999
353.301437548549 353.648949049687 353.698608521267 354.795034736489 354.841780887199 354.887533348708 354.742077630019 354.609727176685 355.018732363712 355.252051304037 355.468826631656 355.291418611672 355.61718879777 355.890512728525 356.658604765514 356.322230490103 356.35523325912 356.387115903029 356.417895326854 356.447562881432 -9999 -9999 -9999 -9999 357.156913687535 356.980706054583 357.267693006721 357.319350595883 357.034952609359 357.705487582197 357.376040185817 -9999 -9999 -9999 -9999 -9999 -9999 -9999 -9999 -9999 -9999 -9999 -9999 -9999 -9999 -9999 -9999 -9999 -9999 -9999
353.624175025705 353.67412438375 353.910520422944 354.818174578491 354.864233003009 354.909304588798 354.801822987171 354.51441884344 354.671370055346 355.421399469378 355.968822563161 355.719045082881 355.757959142026 356.288604842294 357.154119990654 356.514154146007 355.997443434202 356.400946917809 356.431238541294 -9999 -9999 356.942639564598 357.165662199973 357.566715489905 357.590707592859 357.467801336079 356.802016999246 356.950066177392 356.840723438637 357.129785546951 357.002365320185 357.096527022761 357.56029196725 -9999 -9999 -9999 -9999 -9999 -9999 -9999 -9999 -9999 -9999 -9999 -9999 -9999 -9999 -9999 -9999 -9999
353.649456202662 -9999 -9999 354.475639783711 354.69798400525 354.564488311762 355.162857016724 355.042770074548 354.398331686277 355.248598209696 355.768857530751 355.984401445361 355.651583075235 356.028526987989 356.947013734691 356.66647839569 355.531764051081 356.040992579085 356.444013504255 356.47276927214 356.500471633405 356.527139883137 356.699319283727 357.002200075033 357.024556067809 357.245013383282 357.046559333498 356.686212956691 356.503836416524 356.138784288046 356.154714793603 356.718984734886 357.427002717766 356.442884089147 -9999 -9999 -9999 -9999 -9999 -9999 -9999 -9999 -9999 -9999 -9999 -9999 -9999 -9999 -9999 -9999
353.488640163098 353.510817901472 353.695038991673 352.722195787138 353.105178708339 354.290149107722 355.333081095568 355.734075907682 355.340763658114 355.673934480567 355.86360877569 356.042544546068 355.598907477577 355.605247203666 356.288776196937 355.937670196526 355.396488185879 355.57460748333 355.887414427816 356.10951139274 356.511759205487 356.538019304905 356.563282602903 356.587549645731 356.610852491484 356.778223191739 356.950729154742 356.694789313001 356.369632436102 355.731501397827 355.74861650918 356.049340810179 356.664301813819 356.45049518465 -9999 -9999 -9999 -9999 -9999 -9999 -9999 -9999 -9999 -9999 -9999 -9999 -9999 -9999 -9999 -9999
353.361253326695 352.89804537588 352.382030475866 352.105807586064 353.227301176501 354.675842428049 355.16371955738 355.498375106747 355.726065294575 356.133250370411 356.171297016897 356.018427631501 355.534502345671 355.428188490876 355.634066778542 355.378184883898 355.601782194541 356.0062570027 355.842580545396 355.836535864772 356.522476979329 356.548320285196 356.573192916885 356.597089718298 356.620045383769 356.642075948244 356.683414781867 356.702776528147 356.578303993964 356.322961301793 356.341253539649 356.157493547857 355.928546436028 356.071240458163 355.816577713744 -9999 -9999 -9999 -9999 -9999 -9999 -9999 -9999 -9999 -9999 -9999 -9999 -9999 -9999 -9999
352.657308178013 352.584196893015 351.810847583086 353.310534130816 354.285228338863 354.990461431165 355.031811339553 355.072187835577 355.449355792053 356.149971180135 356.187381275567 356.074734764746 355.629927333789 355.293570463823 355.359348256122 355.582196371398 356.134207697801 356.450458426439 356.139282539518 355.652500499359 356.155968286655 356.558042821691 356.582523236834 356.606048264727 356.628659722477 356.650354653228 356.69108030728 356.710157407131 356.728397179041 356.745826601682 356.762459463467 356.436776579529 355.793440473871 355.807821028825 355.821495032918 355.83519784877 -9999 -9999 -9999 -9999 -9999 -9999 -9999 -9999 -9999 -9999 -9999 -9999 -9999 -9999
350.987112782485 352.639938654437 352.386710265928 351.537800965238 352.832221588085 353.71645011233 353.760226161926 354.53445516847 354.909051421291 355.609015258084 355.83292081962 355.861523349176 355.382730766459 355.868366909251 355.562138450833 356.114287138437 356.432504027029 356.461377859454 356.343045765241 356.085217690869 356.257926872711 356.567181004394 356.591265049818 356.614425333189 356.636677950666 356.658043191044 356.698156026901 356.716954424623 -9999 -9999 -9999 -9999 355.799015481813 355.813186639906 355.82665518247 355.839433407372 355.852164277664 356.872009277344 -9999 -9999 -9999 -9999 -9999 -9999 -9999 -9999 -9999 -9999 -9999 -9999
351.199624615277 352.629169149753 352.492248603116 350.160046646774 350.371029951025 351.767874095247 350.704991884924 352.26354399059 354.293736240706 354.811932472389 355.36639381969 355.585288754014 355.326218058124 355.387280260593 355.904322944933 355.849932205461 355.87812628828 356.096264989106 356.499136802874 356.525595991186 356.551139756938 356.57574225376 356.599429783552 356.622222454493 356.644116285601 356.4704146369 356.704651465245 356.723163493815 -9999 -9999 -9999 -9999 -9999 356.207263142095 355.831230181299 355.843815109477 355.855742349892 356.144780679592 355.885833740234 -9999 -9999 -9999 -9999 -9999 -9999 -9999 -9999 -9999 -9999 -9999
348.468777042641 350.553164318103 350.499207161784 351.614829734884 352.356030862031 353.430731738319 353.873653666731 353.395763836167 354.212827396834 354.728668219448 354.285012762716 355.613862828538 356.125684844442 355.597042043884 355.405817902459 355.435021410688 355.609010106998 355.924912690971 355.950207497833 355.974576380899 356.188739181827 356.39996095402 356.233870881507 356.636056510319 356.657252938188 356.67762589938 356.715896327817 -9999 -9999 -9999 -9999 -9999 -9999 -9999 -9999 -9999 356.255878297623 355.883561661415 355.893247054418 355.902358032594 -9999 -9999 -9999 -9999 -9999 -9999 -9999 -9999 -9999 -9999
347.373281418287 350.508453079734 350.46690131737 351.515349887807 352.740084472971 353.560255215798 354.598680037506 354.707431119305 355.077442989053 355.447523186998 354.963370131834 355.625325545798 355.991247164379 355.20921749387 355.415967793808 355.444633378072 355.472389353611 355.499253487118 355.525238584029 355.550328788503 355.718410131236 355.884253507986 355.763520009051 356.069421361523 356.280666139273 356.682987149458 356.720642961276 356.738310778582 -9999 -9999 -9999 -9999 -9999 -9999 -9999 -9999 -9999 355.885629018692 355.895147352473 355.90408937847 355.912453094157 355.920277196846 -9999 -9999 -9999 -9999 -9999 -9999 -9999 -9999
350.035398892362 351.138741113407 351.483972667991 350.94511372252 353.238807419124 353.611681528655 353.910695051441 -9999 355.351199226148 355.719151198577 355.827967242977 356.008568388306 356.189135209824 355.926221323153 355.987302236375 355.829441703392 355.480891384284 355.507258256979 355.532765172655 355.557403329215 355.581187337277 355.604142015129 355.626262995316 355.837953923737 356.383527625342 356.687756564738 356.724807780465 -9999 -9999 -9999 -9999 -9999 356.623100889498 -9999 -9999 -9999 -9999 355.887127410795 -9999 356.304361197967 355.913462957889 -9999 -9999 -9999 -9999 -9999 -9999 -9999 -9999 -9999
351.869709913697 351.730988287597 351.586636348238 351.278658387842 353.034331699813 353.960985789695 352.932280116355 352.661779021058 355.216518305707 355.581461592146 356.283294922413 356.315328031803 356.346460463499 356.376681823362 356.434489017004 356.317172511431 356.052489477656 356.079492804121 355.918162081578 355.563890661375 355.58724737684 355.798510935901 356.202309962577 356.366302060955 356.672580216934 356.691946107896 356.728385330609 356.745495238045 356.761851604886 356.638751119584 -9999 356.419469565762 355.899775338903 356.225685465417 355.84535619192 -9999 -9999 355.888065335331 356.030976416231 -9999 355.913900043936 -9999 355.928371070291 -9999 -9999 -9999 -9999 -9999 -9999 -9999
351.888382086465 351.780566118749 351.487001244747 351.499710512562 352.196807709539 353.754653982366 353.42081126604 352.84559833971 354.857950879123 355.225986373215 355.366190268688 355.585159717349 355.608987241941 356.386181364876 356.442860324796 356.469912450744 356.49613656743 -9999 356.215914763255 355.756929403517 355.973225964677 355.757051158017 356.254031336227 356.468009765154 356.292677565419 356.695565750604 356.731395983129 356.748219446369 356.764306979835 356.779687579923 356.794385877936 356.533803691233 356.26600321077 356.504518199965 -9999 -9999 -9999 355.888422466798 355.897427630324 355.905877005166 355.913760275642 -9999 355.927921665973 355.93423886672 -9999 -9999 -9999 -9999 -9999 -9999
351.719935067017 352.494165433166 352.025490761727 351.794581513391 352.317012690068 352.91611901855 353.984668111723 354.760391798502 354.941688698689 355.127067698893 355.007233270234 355.373406037384 355.772538551348 356.395082246878 356.450641903109 356.47716048885 356.132344065315 355.770578288671 356.036857291979 355.337520979366 -9999 355.432197355123 355.398973386374 355.948114944264 356.008720411538 356.69861259339 356.544288725567 356.362363347316 356.76618784633 356.781320049327 356.795769781115 356.809563806922 356.82267732573 356.699323288136 -9999 356.447642637821 -9999 -9999 355.897042940485 -9999 -9999 -9999 355.926913814208 355.933072013249 -9999 -9999 -9999 -9999 -9999 -9999
351.767952926258 352.238164858194 351.970972276904 352.227301020327 352.598585408689 352.849436226443 353.842407585875 -9999 354.88062161909 355.102418135727 354.94226811677 355.491138117211 355.817504858336 356.028132160249 356.090130286385 355.54469343721 355.659501088491 355.198357203179 355.326956830089 -9999 355.601894381659 355.481862299762 355.167857874877 355.279580192344 355.822752342568 356.127411096364 356.209337077637 356.467810913497 356.767489954627 356.782377990173 356.79658348501 356.619393163333 356.429569412761 356.835296918955 356.846945962549 356.857967939891 356.541640907184 -9999 -9999 -9999 -9999 -9999 -9999 355.931360965769 355.936873523737 -9999 -9999 -9999 -9999 -9999
352.119315800557 352.19878015284 352.041801476403 352.282554917889 352.266855787391 353.714336701927 354.042981262041 354.532219496443 354.590425787375 355.148566193099 355.025527473347 355.354460658457 355.200986657051 355.179932399905 355.056404157243 354.63322491739 355.135862229706 355.395855077773 355.08402508122 355.202869655733 355.605614532211 355.441002125137 354.936666046913 354.992463855933 355.684899713198 355.702942707127 356.062971089666 356.752925705092 356.76822520799 356.593879175835 356.21535967682 356.091445866428 355.95815527787 356.439752895481 356.846336099696 356.857154325524 356.734144479693 -9999 -9999 -9999 -9999 -9999 -9999 356.532219085166 356.343142175582 355.939350456257 -9999 -9999 -9999 -9999
352.283618548808 352.847243512579 352.549793127877 352.263266969651 352.312017437744 353.805531106921 354.209344342023 354.241758248205 354.599595494182 355.303959355548 355.333763554082 355.362729232917 355.246362210781 354.938286075189 354.470379105732 354.495310121184 354.845114869684 355.359516027205 354.6756677705 354.531346686956 355.424354059626 354.736013690845 354.449955894424 355.378218454534 355.68654077405 355.704253703093 355.875430140215 356.176364744577 356.190041405001 356.066709120745 355.7965023052 355.809604324539 355.822066212504 355.778543501147 356.051468422894 356.855779795422 356.86582603508 -9999 356.294889869079 355.900312595031 -9999 -9999 -9999 -9999 356.803887044158 356.346950319293 -9999 -9999 -9999 -9999
352.120647960922 352.642723126092 352.899886695975 353.215600282619 353.3986943268 353.883875088368 354.220143041528 354.251908817074 354.608154184889 355.312830230219 355.161710721066 354.814894005859 355.022271364119 355.280879580763 355.035403526499 355.060901095771 -9999 354.84200925102 354.427606831753 354.620900589705 355.470750840923 354.875050140299 354.683216171949 355.669523489141 355.687591459666 355.70499029931 355.737787383448 355.753218176876 355.767992526966 355.782127507706 355.60808683534 355.414181781198 355.820743926873 355.698581976359 355.507449572635 355.86717289811 356.464033298728 356.605513428 356.759352393372 356.30176024772 -9999 -9999 -9999 -9999 356.51767176931 356.806136789673 356.544292561215 -9999 -9999 -9999
351.98703943475 352.349835893812 353.061202298772 353.583818758069 353.794975927432 354.019864180507 353.858572871988 354.261447470139 354.436948146584 354.767882885761 354.650953629226 354.557332356133 355.104333705003 -9999 355.480528513928 355.504417008655 -9999 355.112692025599 354.953385625139 354.915846886315 355.430373071807 355.109030706108 355.359734756115 355.670321521743 355.503925977879 355.317206407625 355.737356528174 355.752506382808 355.767022092127 355.594673251416 355.078824391269 355.128139841648 355.818855524308 355.830284906229 355.708359241395 355.571354839223 356.181640432658 356.878700070599 356.886701493046 -9999 -9999 -9999 -9999 356.520985759123 356.654097384036 356.928335535736 356.932373648548 -9999 -9999 -9999
