rcp4.5models/CNRM_CM5/sc1gr2.26
NCOLS 261 
NROWS 433 
XLLCORNER 336357.134 
YLLCORNER 654653.479 
CELLSIZE 1000 
NODATA_value -3.4e+38 
[rows 352 to 373 of 433, columns 49 to 97 of 261]
317.272735595703 317.649017333984 318.090454101562 318.002227783203 318.289703369141 318.439331054688 318.344329833984 317.903991699219 318.050476074219 317.949737548828 317.84765625 318.210662841797 318.146087646484 318.428100585938 318.990966796875 319.071990966797 318.979370117188 319.118927001953 318.310424804688 319.398040771484 319.989440917969 320.146423339844 320.630218505859 321.018859863281 321.425872802734 319.776275634766 320.242858886719 318.878784179688 317.021636962891 317.43408203125 316.942626953125 316.393951416016 312.536712646484 308.009063720703 307.727233886719 313.327301025391 320.2685546875 321.295166015625 321.233276367188 314.935668945312 301.999114990234 317.673828125 324.875518798828 325.336303710938 325.884552001953 326.531921386719 327.502227783203 326.124816894531 323.501373291016
317.285705566406 317.436187744141 317.729858398438 317.639465332031 317.779357910156 318.211517333984 318.358734130859 317.764312744141 317.699310302734 317.717193603516 317.860809326172 318.111602783203 318.104522705078 318.133239746094 318.365905761719 318.736694335938 318.892639160156 318.797302246094 318.999145507812 320.074066162109 320.171447753906 320.124694824219 320.111389160156 320.590942382812 321.235260009766 321.173187255859 321.097991943359 321.667144775391 322.329162597656 318.031158447266 316.385528564453 317.306213378906 317.705352783203 311.646942138672 306.135437011719 307.816345214844 315.201263427734 321.231414794922 322.923980712891 318.236267089844 304.433258056641 309.545288085938 320.4384765625 324.860870361328 324.533813476562 324.417266845703 326.10888671875 326.807250976562 323.222808837891
317.299133300781 317.453735351562 317.745300292969 317.654846191406 317.562744140625 317.702209472656 317.758056640625 317.780792236328 317.844390869141 317.819396972656 317.874603271484 317.902862548828 318.065795898438 318.090454101562 317.997406005859 318.485931396484 318.807373046875 319.053375244141 319.000366210938 319.731842041016 320.312469482422 320.210601806641 319.872863769531 319.403686523438 319.809722900391 320.774566650391 321.199310302734 321.078002929688 321.455963134766 317.434295654297 315.509460449219 317.704193115234 318.604309082031 312.341522216797 305.459014892578 303.995025634766 306.945983886719 314.392211914062 320.731536865234 319.73828125 309.890686035156 297.268005371094 310.873504638672 322.384124755859 324.970336914062 321.641021728516 321.955413818359 325.593170166016 323.439819335938
317.077239990234 317.471771240234 317.76123046875 317.670745849609 317.578552246094 317.484680175781 317.389221191406 318.039764404297 318.093414306641 317.991851806641 317.888977050781 317.784790039062 317.793853759766 317.9140625 317.916473388672 318.056701660156 318.129058837891 318.612335205078 317.4951171875 318.12744140625 319.635131835938 319.864868164062 320.013061523438 319.436126708984 319.756591796875 320.508941650391 321.144256591797 320.928314208984 320.924194335938 320.413116455078 318.012512207031 319.115386962891 320.259765625 317.300018310547 314.903106689453 307.115539550781 301.995361328125 305.810028076172 313.430633544922 319.534362792969 314.854553222656 291.74072265625 297.041870117188 311.359924316406 321.444488525391 320.145599365234 318.022247314453 320.671234130859 321.996520996094
316.953643798828 317.490264892578 317.777648925781 317.687103271484 317.594848632812 317.122253417969 316.790374755859 317.598205566406 317.499816894531 317.765075683594 317.179016113281 317.312469482422 317.444458007812 317.512176513672 317.645446777344 317.192687988281 317.658233642578 318.026611328125 316.88525390625 317.606597900391 319.131317138672 318.598388671875 317.843811035156 318.474334716797 319.688934326172 319.697418212891 320.535949707031 321.143127441406 321.078186035156 321.049224853516 319.451721191406 318.276275634766 317.414154052734 316.371124267578 317.798248291016 314.750518798828 309.849578857422 308.457061767578 311.086975097656 318.089385986328 319.526000976562 297.341613769531 291.684509277344 299.936096191406 313.299682617188 318.061492919922 315.256195068359 314.372619628906 317.832183837891
317.364227294922 317.742889404297 317.406494140625 317.468658447266 317.611663818359 316.90185546875 316.421875 317.225463867188 317.493621826172 317.500885009766 316.839904785156 317.253601074219 317.543029785156 316.065795898438 316.515716552734 316.796234130859 316.572601318359 317.391571044922 317.125885009766 317.609710693359 317.959259033203 318.2109375 315.109008789062 316.160369873047 319.175231933594 316.998291015625 318.222564697266 320.706268310547 320.913024902344 321.200622558594 317.804351806641 313.365509033203 312.205657958984 310.921539306641 313.115509033203 315.657379150391 314.378295898438 311.539398193359 310.187744140625 313.294952392578 317.079895019531 308.910400390625 297.142517089844 293.982849121094 302.489379882812 312.106384277344 315.967559814453 314.366241455078 315.57763671875
317.618133544922 317.508758544922 316.953430175781 316.957885742188 317.394226074219 316.917053222656 316.43896484375 317.004364013672 317.379516601562 317.194702148438 316.935668945312 316.70751953125 316.566650390625 315.897491455078 314.871734619141 314.886657714844 314.281158447266 314.604827880859 316.236541748047 318.100769042969 317.180847167969 317.590087890625 314.260650634766 315.752197265625 318.682769775391 316.262481689453 317.467315673828 319.929504394531 320.624938964844 321.035430908203 318.592315673828 311.328033447266 308.377349853516 308.834259033203 310.714324951172 312.571563720703 312.565887451172 310.871643066406 307.452117919922 307.275665283203 307.673126220703 314.322662353516 304.473419189453 292.002166748047 293.147583007812 303.228057861328 314.192077636719 317.624877929688 315.734222412109
317.472015380859 317.0576171875 316.829620361328 317.126312255859 316.733489990234 316.464508056641 315.698913574219 316.498352050781 316.921264648438 317.056213378906 316.952362060547 315.157440185547 313.316162109375 315.477691650391 314.0556640625 312.320159912109 312.470336914062 312.888153076172 316.810516357422 318.562133789062 318.155181884766 317.992370605469 316.798065185547 317.514495849609 318.701416015625 316.279174804688 314.873657226562 317.880889892578 320.212310791016 320.742004394531 320.625671386719 315.652862548828 309.295288085938 308.147979736328 309.156585693359 309.577758789062 311.742584228516 310.579376220703 304.187316894531 304.124786376953 304.286468505859 310.127960205078 309.253356933594 298.675720214844 294.624694824219 296.080017089844 304.247497558594 314.705139160156 317.391876220703
317.041687011719 316.715942382812 316.726684570312 316.775909423828 316.297180175781 316.598022460938 316.639801025391 317.061706542969 316.821868896484 315.393218994141 314.223754882812 313.276092529297 312.895385742188 313.009338378906 313.215057373047 311.568298339844 311.156555175781 312.799774169922 313.506195068359 316.305755615234 317.293762207031 317.601379394531 315.726196289062 316.160217285156 314.386535644531 312.816772460938 313.719909667969 315.351989746094 317.723571777344 319.044860839844 319.731750488281 318.973205566406 315.156616210938 311.858123779297 311.885162353516 309.271209716797 308.760711669922 309.382385253906 304.976348876953 301.838287353516 304.213745117188 304.265777587891 308.285614013672 309.244262695312 307.191925048828 303.411315917969 300.250518798828 298.708618164062 300.461730957031
316.657073974609 316.747131347656 316.885314941406 316.404693603516 315.845123291016 316.234039306641 316.512145996094 316.932281494141 316.597595214844 315.497222900391 314.395446777344 313.303100585938 313.042358398438 313.335144042969 312.188079833984 313.406372070312 313.776275634766 311.588592529297 313.728088378906 315.335052490234 316.730590820312 317.186126708984 315.710205078125 316.126770019531 314.670166015625 314.407623291016 314.623626708984 314.145599365234 317.081878662109 318.905792236328 319.135650634766 319.485961914062 318.503723144531 315.088989257812 313.081878662109 310.936767578125 307.377716064453 305.644744873047 303.068695068359 300.285552978516 300.833801269531 303.795532226562 304.955657958984 305.89111328125 304.638641357422 302.971313476562 302.328369140625 301.459045410156 298.316497802734
316.047668457031 316.233856201172 316.284301757812 315.954467773438 316.110443115234 316.098571777344 316.301940917969 316.576202392578 316.382537841797 315.885833740234 315.015045166016 313.550903320312 311.725524902344 311.994293212891 312.107116699219 314.19873046875 314.837707519531 312.866271972656 315.508026123047 315.398712158203 316.215179443359 316.960662841797 317.154937744141 316.306549072266 316.027618408203 316.108215332031 314.072082519531 314.132751464844 316.399780273438 318.817626953125 318.180267333984 318.866882324219 319.444244384766 316.168792724609 312.348114013672 309.732574462891 306.720489501953 304.193725585938 302.974151611328 301.8134765625 299.860595703125 304.738067626953 303.757843017578 305.051727294922 304.293853759766 301.79736328125 301.900238037109 303.228118896484 302.206970214844
-3.4e+38 316.012176513672 316.319244384766 316.451812744141 316.600524902344 316.404418945312 316.022796630859 316.352996826172 315.876007080078 315.171325683594 314.964447021484 313.714935302734 311.368713378906 311.052062988281 312.140960693359 313.456298828125 314.509704589844 314.092834472656 316.044281005859 316.497619628906 316.657653808594 316.860717773438 316.342010498047 315.1630859375 316.170501708984 315.853729248047 313.335845947266 314.825317382812 316.356384277344 318.800445556641 318.176879882812 317.466705322266 318.163909912109 317.829864501953 316.119750976562 312.069244384766 308.749664306641 305.121337890625 303.355133056641 302.427795410156 300.180297851562 305.002044677734 305.632965087891 305.046356201172 304.493377685547 302.192749023438 299.720550537109 301.208740234375 304.511505126953
-3.4e+38 316.03173828125 316.187194824219 316.629699707031 316.371459960938 316.054077148438 315.715362548828 316.144134521484 316.026245117188 314.77978515625 314.308135986328 313.130584716797 312.491668701172 312.168426513672 313.032196044922 313.144775390625 314.50244140625 314.032043457031 314.934631347656 316.013885498047 316.424102783203 316.477569580078 315.604187011719 314.310516357422 314.884246826172 314.286590576172 312.562103271484 315.182159423828 317.217193603516 317.640930175781 318.346008300781 317.413940429688 317.436767578125 318.458740234375 316.503479003906 314.438690185547 312.965789794922 308.551177978516 305.014556884766 303.503051757812 301.745269775391 304.407958984375 307.203857421875 306.449890136719 305.566864013672 303.879852294922 301.070495605469 301.574279785156 304.876861572266
-3.4e+38 316.047058105469 315.566619873047 315.895874023438 315.922149658203 315.687896728516 315.591491699219 315.638580322266 315.685668945312 315.466735839844 314.543090820312 312.746948242188 312.362182617188 313.776916503906 314.927673339844 314.641754150391 314.879699707031 314.186218261719 315.154876708984 315.813079833984 316.180267333984 315.061614990234 315.37744140625 315.775970458984 315.421569824219 312.714447021484 311.550140380859 314.52734375 316.894714355469 314.85888671875 316.572448730469 317.520111083984 316.68896484375 317.680877685547 316.126312255859 312.881805419922 311.680725097656 309.890777587891 306.592651367188 304.250762939453 303.434936523438 304.383117675781 306.262023925781 306.991790771484 305.572143554688 304.496276855469 304.195556640625 304.231964111328 305.302276611328
-3.4e+38 -3.4e+38 315.738494873047 315.756744384766 315.410247802734 315.485046386719 315.611938476562 315.413269042969 315.311401367188 315.454925537109 315.007995605469 314.102600097656 312.948883056641 313.730773925781 315.207916259766 315.562286376953 315.316040039062 315.002288818359 315.182861328125 315.421783447266 316.048828125 314.636352539062 315.214202880859 316.353851318359 315.320953369141 313.619567871094 312.99853515625 314.400817871094 316.130706787109 315.461029052734 316.226928710938 317.317413330078 316.062683105469 315.725341796875 316.385437011719 311.655426025391 307.427093505859 309.441467285156 306.675659179688 301.842987060547 301.182434082031 301.992736816406 302.035858154297 305.6376953125 306.131286621094 305.432342529297 305.376678466797 305.391540527344 305.210266113281
-3.4e+38 -3.4e+38 315.600341796875 315.694610595703 315.576202392578 315.198028564453 315.409545898438 315.433746337891 315.331909179688 315.228607177734 315.123931884766 315.018005371094 314.414703369141 314.606994628906 315.377136230469 315.583343505859 315.472320556641 315.360443115234 314.419067382812 313.498657226562 314.004577636719 314.213470458984 313.803588867188 314.907470703125 312.910217285156 312.824188232422 313.140716552734 312.726623535156 314.843536376953 316.995300292969 316.867767333984 317.300170898438 316.563781738281 315.290985107422 315.027130126953 312.253479003906 306.597381591797 305.798767089844 305.232788085938 301.588256835938 298.601104736328 300.943145751953 299.811248779297 302.734405517578 305.136627197266 305.325622558594 304.903625488281 304.94384765625 304.654113769531
-3.4e+38 -3.4e+38 315.568572998047 315.401397705078 315.229583740234 315.280700683594 315.511352539062 315.230865478516 314.972686767578 315.024047851562 315.144836425781 314.66748046875 314.703979492188 315.439208984375 315.351593017578 315.374176025391 315.494110107422 315.382415771484 313.656646728516 311.587127685547 311.547729492188 312.1357421875 311.631103515625 313.864135742188 312.606353759766 311.122192382812 311.840209960938 310.897033691406 312.585021972656 316.364990234375 316.556640625 316.919464111328 316.738006591797 315.235687255859 311.190338134766 308.433502197266 305.628540039062 303.890930175781 303.574798583984 302.303253173828 298.262451171875 300.343902587891 299.939514160156 301.369171142578 302.37109375 302.992248535156 304.605041503906 304.575592041016 303.119262695312
-3.4e+38 -3.4e+38 315.645141601562 315.090728759766 315.258972167969 315.238159179688 315.842498779297 315.330535888672 315.123779296875 315.122344970703 315.166046142578 313.320709228516 313.892730712891 315.095855712891 314.893951416016 314.515625 314.696563720703 314.864837646484 313.174743652344 310.224151611328 310.162322998047 310.616882324219 310.584014892578 312.297332763672 313.0029296875 311.034942626953 310.611877441406 310.344177246094 309.99658203125 315.137969970703 315.987487792969 316.365936279297 316.481781005859 314.365692138672 309.755859375 306.388702392578 305.906158447266 305.969299316406 303.273651123047 302.526153564453 300.918701171875 298.578918457031 300.563140869141 301.020782470703 300.074401855469 299.242797851562 301.207336425781 303.846923828125 304.027648925781
-3.4e+38 -3.4e+38 315.407379150391 314.974578857422 315.133331298828 314.928344726562 315.584533691406 315.27490234375 315.394470214844 315.291687011719 315.187561035156 314.078521728516 313.993804931641 314.641448974609 314.759429931641 314.39892578125 314.019775390625 313.874359130859 313.973846435547 311.565704345703 310.010070800781 309.493011474609 310.850708007812 312.092437744141 312.973663330078 312.086944580078 312.260498046875 311.381622314453 307.593536376953 312.283477783203 315.450958251953 315.483551025391 315.932891845703 313.742492675781 310.555603027344 308.553985595703 306.687713623047 305.574981689453 304.313598632812 303.799438476562 303.380706787109 299.644805908203 300.130279541016 297.775939941406 297.423095703125 297.860656738281 297.526641845703 301.809112548828 304.717681884766
-3.4e+38 -3.4e+38 315.104278564453 315.013214111328 314.922393798828 314.829284667969 314.733978271484 314.537628173828 314.436981201172 314.334869384766 314.484191894531 314.276519775391 314.273681640625 314.320159912109 314.580780029297 314.697021484375 314.587249755859 313.865264892578 314.253356933594 313.396057128906 313.027770996094 312.313812255859 311.661071777344 310.098907470703 309.586395263672 312.566040039062 314.849517822266 312.092803955078 308.246185302734 307.852752685547 312.455017089844 314.380004882812 314.516448974609 314.068542480469 311.886199951172 310.235504150391 308.796508789062 308.018829345703 307.606018066406 305.908447265625 304.517272949219 299.898864746094 294.561340332031 294.866760253906 295.602447509766 295.669860839844 298.654724121094 297.459594726562 295.419342041016
-3.4e+38 315.177612304688 315.120971679688 315.032531738281 314.941925048828 314.452972412109 314.539154052734 314.17138671875 314.240447998047 314.356842041016 314.632568359375 314.370513916016 314.044006347656 314.307830810547 314.307647705078 314.496490478516 314.612030029297 314.248199462891 312.862579345703 312.545440673828 313.244201660156 313.016754150391 311.572418212891 310.549011230469 311.247406005859 313.291198730469 314.449096679688 311.937744140625 308.341522216797 304.834197998047 308.056274414062 311.824493408203 313.281066894531 313.02197265625 311.646881103516 310.882934570312 309.762603759766 308.552978515625 308.716339111328 308.957733154297 307.893890380859 300.196868896484 297.396453857422 295.823547363281 296.626892089844 294.165771484375 295.313842773438 298.184417724609 296.818603515625
-3.4e+38 315.197082519531 315.140319824219 315.052032470703 314.961639404297 314.615081787109 314.636749267578 314.325592041016 313.951721191406 314.161285400391 314.531219482422 314.321258544922 314.067626953125 314.587524414062 314.599639892578 314.224792480469 313.323669433594 313.490356445312 311.86865234375 310.702697753906 310.478118896484 310.868774414062 311.370635986328 311.569793701172 312.813446044922 313.947021484375 314.12744140625 312.906982421875 308.201904296875 302.759094238281 303.953247070312 309.226226806641 313.021545410156 313.26513671875 312.20947265625 310.776306152344 309.759948730469 309.077972412109 309.693725585938 309.776153564453 308.299377441406 300.179809570312 300.421691894531 297.585662841797 295.937713623047 294.677337646484 291.179656982422 292.881103515625 297.37841796875
