rcp4.5models/CNRM_CM5/sc1gr4.7
NCOLS 261 
NROWS 433 
XLLCORNER 336357.134 
YLLCORNER 654653.479 
CELLSIZE 1000 
NODATA_value -9999 
[rows 396 to 417 of 433, columns 50 to 99 of 261]
-9999 -9999 -9999 -9999 -9999 -9999 -9999 -9999 271.513621335002 271.730410866972 272.016192136776 272.025578928819 272.125826184551 271.478507353292 271.133135525879 271.393014281512 271.659237905663 271.047768517295 271.179047443337 271.418249852194 270.783710199732 268.889075083166 268.119173044729 270.327031102517 271.129630845337 269.703502872902 269.112907202853 270.192390933055 270.599942475423 270.760906401246 271.392214298485 271.466362837256 271.555476797477 271.825117802306 271.263923753744 271.525438014276 272.417913245694 266.458461788897 267.551301420655 272.115487143854 266.939640780454 262.179426982948 261.623747826808 263.372143376747 261.611237542854 261.54127519993 262.611554347749 262.400903020573 265.523419342771 269.031878917411
-9999 -9999 -9999 -9999 -9999 -9999 -9999 -9999 271.872151296244 271.879788964543 271.893601345631 271.640898636623 271.834345815134 271.392305312095 271.104156606767 271.161631003368 271.289517427462 270.784254522056 271.012932641177 271.358498335144 271.265644211868 270.529055189629 269.55954977233 270.637854243262 270.851079498212 270.702861760033 271.257405640357 271.281866689848 270.614721783473 270.510802148159 271.209658627501 271.446734807659 271.503358034933 271.745646636907 271.542904815337 271.926629111879 272.405830639424 269.332265480971 269.754361407209 271.1808391429 267.235282560139 262.488530012422 262.333978815845 265.025349457595 263.45981665466 262.318718376829 261.879031359026 261.086384036732 263.207675623929 267.568234358308
-9999 -9999 -9999 -9999 -9999 -9999 -9999 -9999 -9999 272.031175247778 272.028610546998 271.817400917354 271.827642447108 271.534022179343 271.171993549504 271.02258858617 271.065248516159 270.997092911127 271.236283864157 271.713191366341 271.616394023839 271.431337245562 270.732950119699 270.9923477729 271.198151251381 270.515978877636 269.002011320723 270.114970581625 270.943333408427 270.255250021465 271.080385406079 271.738592053517 272.032175986798 272.168553252954 272.13935188425 272.270471204406 272.071168365069 271.440818014934 271.645991099377 271.501872083364 267.754424585607 264.378664744306 264.7358355161 265.701889446888 265.370230105772 264.243125859572 262.447436697783 261.962665613218 262.736657901944 266.718305703928
-9999 -9999 -9999 -9999 -9999 -9999 -9999 -9999 -9999 272.088139128941 272.213087234263 272.164028615949 272.074602959733 271.969118490059 271.469851221384 271.204340495242 271.047172333193 271.014103308562 271.218479190247 271.587208753878 271.814755497583 271.508926642514 270.678722479914 271.207009375441 271.645606097477 270.911036736219 269.773393764733 270.717995607316 271.139733086888 271.061861856641 271.530728096939 271.776467118433 271.738045684351 272.010600917435 272.166552147167 271.893937024116 271.926275096024 272.127008576929 271.371370579647 271.639795260158 267.955921392108 265.393151905938 264.668696163527 264.092517049979 265.114587379539 265.512173492386 263.084876616028 261.44030269573 261.634476595637 263.845089232592
-9999 -9999 -9999 -9999 -9999 -9999 -9999 -9999 -9999 -9999 272.016846585617 272.079437521752 272.162286463161 272.239112553143 271.723155638293 271.395677474268 271.170787040474 270.939133160196 271.012330867742 271.127805761728 271.575775681023 271.832980229503 271.155599319435 271.298821236463 270.921975242352 271.440835462637 271.867847385264 271.808084692618 271.634524092084 271.328054485583 271.467178975629 271.47100963492 271.190594655823 271.601876180747 271.489691980286 271.537257598311 271.953715051984 272.062923232214 271.314625775916 271.743768230375 269.861544135988 267.592173896357 265.148864244589 263.606391869963 263.305996163389 264.663359967148 264.085713525722 261.209147169249 260.328269129808 260.97958677467
-9999 -9999 -9999 -9999 -9999 -9999 -9999 -9999 -9999 -9999 271.892758341066 271.626515349036 271.748923158388 272.098518635923 271.991799213041 271.518431153252 271.236705899783 271.109452014612 271.036189301782 271.161534702044 271.357686273145 271.776168681685 271.112788886925 271.110207781224 270.205540685526 268.868786363384 270.674690486622 271.868881630951 271.702344829534 271.115698832471 271.11946312204 271.045482799916 270.225613240416 271.202940024891 271.275468836527 271.511727874184 271.968146243645 271.89846570001 271.136621134711 271.155490811847 271.755608503206 268.355937119642 265.66688926017 264.525020408792 262.161345726151 261.139915333397 263.098040782583 262.721856816903 261.98765093989 261.121143838948
-9999 -9999 -9999 -9999 -9999 -9999 -9999 -9999 -9999 -9999 271.915340164932 271.623634811172 271.371849424593 271.731453376141 271.676381281986 271.327977694449 271.241184690743 271.084231134889 270.952996221313 270.724782714618 271.302712715111 271.5879859414 271.131468784137 271.23753673706 271.052926121937 269.551233656116 270.893201524279 270.478215992948 271.635366774446 271.641855864186 271.414459502455 270.970133806039 270.447283919338 271.391053964761 271.923944024506 271.876719407409 271.314033903553 271.34819288957 271.126736871459 270.616099167143 269.539223393573 268.76834640878 266.494552529433 264.157206507732 262.986467653941 261.294596133988 262.08337070752 264.358466011031 263.536432157425 260.88072685425
-9999 -9999 -9999 -9999 -9999 -9999 -9999 -9999 -9999 -9999 -9999 271.267648008336 271.069259545045 271.445787744673 271.221767759648 271.018040495975 271.270435534075 271.048653883389 270.95794803076 270.764461936836 271.263961780478 271.38374722204 271.348668591223 271.214332459535 270.849743080236 271.163187177367 271.575957930781 270.508192686197 271.735609238056 270.367740832533 270.70454032888 271.311090676812 271.367027202786 271.602771124781 271.242761065561 270.176031489542 270.159280037071 270.30199630004 270.090691458888 269.412131514637 266.048607624036 266.645735358559 268.20752107161 266.963098338968 265.588091753438 264.479701964735 262.733245446761 264.471010616346 264.145471122374 261.699370885525
-9999 -9999 -9999 -9999 -9999 -9999 -9999 -9999 -9999 -9999 -9999 -9999 271.281259507935 271.205613646098 270.967571196807 271.11475799995 271.170065544148 271.258682008614 271.061286783718 271.060954170332 271.087065948069 271.197512838906 271.270191806287 271.256213786911 270.869251596995 271.310139924983 271.277802137506 271.289492399286 271.5951838049 270.441801111909 270.856661464022 271.649818211577 270.816879836679 269.997973456074 269.665431352403 269.665057348724 270.067932169296 269.069841135023 268.204069414269 268.026762462398 264.944942786106 264.821438300843 266.549300181678 268.725791500734 267.03621557333 265.627146477182 264.474136216501 263.943813308579 265.371527113798 265.112724136238
-9999 -9999 -9999 -9999 -9999 -9999 -9999 -9999 -9999 -9999 -9999 -9999 -9999 271.187005853801 270.981925860041 271.361138732267 271.068270816983 271.185726092227 270.994148960312 270.918473667999 270.916248786118 271.115572550913 271.312429628753 271.581377684809 271.485665858721 271.693209084184 271.559517596417 270.868186288833 271.363655452904 270.932526584339 270.230173606311 271.061116183035 269.758046978516 268.851509631525 270.011822067427 270.210559502507 270.03743672157 269.079039501715 268.025261272908 268.197112314018 265.971926224813 266.041108630907 265.426374318397 266.492964711501 267.32592493668 265.87920770147 265.927252610445 265.899206035067 267.012773162391 268.769735530815
-9999 -9999 -9999 -9999 -9999 -9999 -9999 -9999 -9999 -9999 -9999 -9999 -9999 271.003632075136 270.953915339799 271.128207017294 271.491548070486 270.822209697754 270.671066652169 270.684985000415 270.934604435382 270.9846765233 271.193604315115 271.432231302758 271.45017772796 271.318591460336 271.160222987769 271.268076896702 270.706123490464 270.97870152495 271.122069051802 270.554527234769 270.375314729065 270.962140656356 270.903809197348 269.305325672965 268.497300035964 268.487178277816 268.881662302768 268.919083450273 267.509755805716 267.202740134172 268.200270738289 266.899514160047 267.250919145577 269.457613510146 270.140133979364 268.975130577666 266.655811172338 268.300289317668
-9999 -9999 -9999 -9999 -9999 -9999 -9999 -9999 -9999 -9999 -9999 -9999 -9999 -9999 271.0755936094 270.949858554796 271.315879610495 271.447490851796 270.803215652388 270.59633239486 270.869506221856 271.065791962222 271.302540062659 271.418537941039 271.433806604327 271.354443210146 271.15102986959 270.472281551989 270.730473812919 270.344753836215 270.568817932412 270.548622756192 270.293917309843 270.010693583107 270.450907428979 269.416525286217 267.84808370818 266.103415517618 266.487966546852 268.710182448041 268.311106450187 267.879546219798 267.29278356921 265.610269672393 265.654052786017 267.100781426964 268.416314449028 268.817016792293 268.968383974179 270.123551139787
-9999 -9999 -9999 -9999 -9999 -9999 -9999 -9999 -9999 -9999 -9999 -9999 -9999 -9999 271.159080196212 270.866399834684 271.29332318292 271.250807359186 270.896872563898 270.649517702884 270.900594615804 271.161907209401 271.233382494551 271.126311491559 271.197733864087 271.39846390585 270.670211619216 269.597305447462 270.138444632983 270.657275305396 270.839477069982 270.57439935848 270.119557205674 269.913099839358 270.35592444695 269.989534688866 268.359219611868 266.689480588314 266.116526693672 267.271386851848 268.750478304889 268.506643227112 265.820688245423 264.741746379477 265.800307841965 265.002765479785 265.448313843369 266.72916625698 269.901074478106 272.118053583349
-9999 -9999 -9999 -9999 -9999 -9999 -9999 -9999 -9999 -9999 -9999 -9999 -9999 -9999 270.919482484719 270.814281801878 270.692518428485 270.75672509232 270.683059932959 270.84683817432 271.058480180759 270.983638070039 271.051354149418 271.27937517137 271.467678301538 271.388913795264 270.456717948085 269.717443474773 269.541153545435 270.26477970265 271.114139476416 270.761265308848 270.429439729524 270.264879620189 270.315699180813 270.068306019891 269.547333822654 269.029467983891 268.848217409566 268.252609173676 269.047381161415 268.911088198845 267.220484858461 265.70139441757 267.243201391198 265.633841337635 261.477839445621 262.215211927754 267.357348821027 271.295777401283
-9999 -9999 -9999 -9999 -9999 -9999 -9999 -9999 -9999 -9999 -9999 -9999 -9999 -9999 -9999 270.661556522835 270.315951797869 270.708969503337 270.576007506712 270.66719112909 270.904008766417 271.086424215829 271.126297300279 271.502924632723 271.352139559366 270.983440651848 270.478151995433 269.765781341218 269.700227162775 269.593329049903 270.3289122358 270.705239031089 270.924438537696 270.442821333709 270.288617631561 269.648645195028 268.98608982913 269.330333262445 269.947626254802 270.309812571948 270.369698253293 270.129204784411 269.518197140583 267.99768516222 267.763779792981 267.668008922423 263.410469224071 260.954130927011 265.058512925202 270.684250179441
-9999 -9999 -9999 -9999 -9999 -9999 -9999 -9999 -9999 -9999 -9999 -9999 -9999 -9999 -9999 -9999 -9999 270.56570422402 270.250133721495 270.324899978385 270.561132611148 270.943001521652 271.271112068637 271.50823357705 271.3113621643 270.690547526202 270.603044559042 270.297868401608 269.807979985123 269.949902330068 269.994775022195 270.084684654614 269.915434862387 270.169835881513 270.420552170049 269.818339460458 269.021048302462 269.561367669283 270.393433839638 270.826049369929 271.376597064426 271.264211417407 269.139338596697 267.189335690237 266.822656255764 268.67354480371 267.782379740308 265.315806072212 267.697084288865 271.555874112733
-9999 -9999 -9999 -9999 -9999 -9999 -9999 -9999 -9999 -9999 -9999 -9999 -9999 -9999 -9999 -9999 -9999 270.554155733944 270.34030594371 270.044133169471 270.032890453995 270.426882544735 271.058550759687 271.300530033202 271.317095741159 271.069620978542 271.182947785999 270.936406394195 269.914639433578 269.941678586776 270.12955991856 270.252981628109 269.351285296635 269.05857681991 269.442644202267 269.432977137699 269.390357137557 269.846954558062 270.681464588549 270.851558415308 271.48669204486 271.611950090802 268.280318823693 265.626843366996 267.319642708935 269.395492715323 269.559492140955 269.592239224847 270.58964246389 270.843170236172
-9999 -9999 -9999 -9999 -9999 -9999 -9999 -9999 -9999 -9999 -9999 -9999 -9999 -9999 -9999 -9999 -9999 -9999 270.511415703691 270.180414184982 270.101341332661 270.459394326277 270.828756414482 270.944008885538 271.082819382831 271.320384705594 271.360974472842 271.224831135727 270.305411900593 269.889647236804 269.7962535711 269.574049740503 269.622598525706 268.984520531045 268.561490789165 268.595331677004 268.812413829533 269.512547877969 269.537103713619 269.138170405103 269.865496776031 271.142287245868 270.211368826831 269.016907055 270.204783459461 270.565879087642 270.856070884372 271.398623582926 270.967064193705 270.155160949497
-9999 -9999 -9999 -9999 -9999 -9999 -9999 -9999 -9999 -9999 -9999 -9999 -9999 -9999 -9999 -9999 -9999 -9999 -9999 270.0893110913 270.238001133521 270.693403689222 270.788916817108 270.773916985921 270.765319325275 270.939695601736 270.998856117101 271.206555587047 270.675914212149 270.32276324915 270.165916389198 269.139290404528 269.224083354668 269.120964224756 268.851598572847 269.275485509208 269.196837863243 268.254009793449 267.440126401863 268.366811859221 269.351338612807 270.76434803951 271.68503028774 271.819956542291 271.386813725281 270.583885725707 270.232375388897 270.336563082174 270.312018389255 270.021391839928
-9999 -9999 -9999 -9999 -9999 -9999 -9999 -9999 -9999 -9999 -9999 -9999 -9999 -9999 -9999 -9999 -9999 -9999 -9999 -9999 270.343339737895 270.624989853581 270.665427488769 270.657776692052 270.149081385342 269.992942074554 270.424696945794 270.851756184934 271.055388824756 270.706316046362 270.665750611891 269.999678818034 269.012074386167 268.751354536815 268.948010288298 269.554369940583 269.389375175953 268.417370509596 267.551283821851 267.718641412164 269.299738924062 270.067324156011 270.798504427482 271.630187580899 271.201375463235 269.520814546433 268.574666890663 266.841181646639 266.785156201056 268.347470919304
-9999 -9999 -9999 -9999 -9999 -9999 -9999 -9999 -9999 -9999 -9999 -9999 -9999 -9999 -9999 -9999 -9999 -9999 -9999 -9999 -9999 270.497098038075 270.544451953988 270.561267813536 269.868842282062 269.521536375624 269.830532214803 270.40043762368 270.915008083631 270.655487059576 270.645047352029 270.523736181113 269.548478140974 269.268311541559 269.305017110108 269.39914473916 269.421026758869 269.419297096007 268.392686857823 266.834472350819 267.319154942082 267.947632961347 269.598445022202 271.36212080269 271.496666096892 269.113709110301 268.660426923408 266.510701815823 264.788861046124 266.603741367349
-9999 -9999 -9999 -9999 -9999 -9999 -9999 -9999 -9999 -9999 -9999 -9999 -9999 -9999 -9999 -9999 -9999 -9999 -9999 -9999 -9999 -9999 270.525668868531 270.538429066876 269.893557755012 269.634217999141 269.925166741398 270.372528886049 270.237980170924 270.393487675463 270.831656857749 270.756099034765 270.14129657541 269.837101014293 269.690666151283 268.615872610337 269.125949647112 268.637745669603 266.79387960639 266.046438613818 266.18356007093 266.097847851476 268.495986035107 270.760944116818 271.162432026398 270.551579976814 270.919670961836 269.299393751931 267.430444260292 268.10872062956
