rcp4.5models/CNRM_CM5/sc1gr9.9
NCOLS 261 
NROWS 433 
XLLCORNER 336357.134 
YLLCORNER 654653.479 
CELLSIZE 1000 
NODATA_value -3.4e+38 
[rows 308 to 329 of 433, columns 147 to 195 of 261]
358.106170654297 360.497985839844 334.551574707031 306.602355957031 338.121612548828 354.89453125 360.294830322266 374.111938476562 389.367218017578 360.954650878906 345.62353515625 356.442565917969 377.801910400391 343.939575195312 326.170318603516 309.778747558594 281.678039550781 270.279388427734 263.028503417969 260.279052734375 266.710784912109 270.515838623047 298.872314453125 290.737213134766 290.003662109375 263.192443847656 257.937896728516 257.461486816406 252.662750244141 252.913696289062 253.759628295898 239.061294555664 226.399658203125 177.252182006836 165.964859008789 182.026077270508 228.125152587891 225.391571044922 220.471008300781 218.170211791992 222.642822265625 215.749176025391 213.779922485352 207.791290283203 194.339019775391 172.068298339844 168.166625976562 168.300872802734 167.772567749023
339.831237792969 343.898498535156 316.109466552734 295.541198730469 316.618774414062 357.154235839844 362.807525634766 366.449920654297 363.857360839844 342.168487548828 339.38623046875 355.673187255859 367.246459960938 322.004333496094 322.411834716797 311.916290283203 269.456695556641 227.029220581055 229.861526489258 224.125137329102 268.552001953125 273.828918457031 304.259033203125 292.588562011719 290.562866210938 262.825988769531 252.101913452148 261.919647216797 254.622985839844 247.778457641602 259.854400634766 250.056304931641 224.171432495117 166.197067260742 162.262145996094 173.722229003906 210.420364379883 228.320587158203 218.618179321289 216.953521728516 219.817733764648 212.564743041992 212.140762329102 208.898406982422 200.650634765625 174.5546875 166.747634887695 167.038864135742 174.266036987305
368.7333984375 350.118621826172 312.8984375 296.959594726562 308.3212890625 350.760070800781 365.849395751953 363.2177734375 341.083770751953 311.284790039062 326.405792236328 349.855834960938 359.222412109375 320.982177734375 315.367553710938 299.579742431641 247.644256591797 199.313079833984 214.418884277344 234.870681762695 282.546417236328 280.062530517578 303.016052246094 289.428649902344 272.209411621094 255.941680908203 241.431396484375 253.780624389648 257.391571044922 244.940444946289 252.039611816406 261.272766113281 229.19221496582 173.094360351562 173.53825378418 191.912139892578 191.230728149414 230.033920288086 216.101638793945 214.351486206055 217.134735107422 208.684951782227 207.804168701172 204.985122680664 200.396957397461 172.554794311523 165.350662231445 166.789047241211 175.380752563477
384.007049560547 348.710388183594 317.118743896484 296.283630371094 293.325317382812 317.18896484375 355.170471191406 361.0751953125 336.441223144531 309.498107910156 328.250885009766 350.669982910156 352.716796875 320.788391113281 301.737548828125 281.649017333984 247.336120605469 213.659973144531 225.560516357422 266.828521728516 273.990539550781 275.452484130859 290.256652832031 270.580474853516 245.7099609375 249.830383300781 248.954849243164 255.655364990234 261.494293212891 253.664352416992 243.989654541016 249.270065307617 247.125335693359 188.83056640625 173.602935791016 188.217391967773 174.348297119141 205.29541015625 212.424514770508 212.250717163086 215.924499511719 205.49494934082 204.363922119141 202.351837158203 196.339431762695 168.185455322266 166.489807128906 166.077682495117 171.664932250977
373.130554199219 348.458862304688 319.348968505859 294.668792724609 288.101654052734 307.977874755859 342.057678222656 325.811187744141 308.958587646484 319.590637207031 341.586456298828 344.544708251953 339.986450195312 324.823760986328 306.917633056641 286.078643798828 274.976257324219 264.318572998047 267.35302734375 280.753204345703 266.955932617188 255.166366577148 260.723937988281 247.265716552734 234.692260742188 237.165267944336 259.490051269531 250.185989379883 237.047744750977 253.837905883789 248.397613525391 231.986312866211 243.273849487305 201.328826904297 164.829391479492 167.477645874023 181.229843139648 204.189361572266 211.163192749023 208.919998168945 211.203399658203 205.016250610352 201.978576660156 201.584167480469 193.717407226562 170.1201171875 168.446350097656 166.932983398438 171.476760864258
387.765960693359 360.816864013672 350.13525390625 324.443084716797 287.526336669922 282.645751953125 277.178131103516 276.455688476562 272.684112548828 265.731597900391 287.116729736328 281.667785644531 312.403686523438 316.912322998047 311.213256835938 307.197662353516 303.762237548828 287.796142578125 279.619842529297 268.540405273438 275.617370605469 270.724456787109 230.468414306641 234.236877441406 251.445892333984 257.154235839844 262.806274414062 261.242980957031 258.136413574219 235.039764404297 220.058380126953 238.430801391602 222.72331237793 224.459381103516 179.742782592773 165.783630371094 184.306350708008 216.743103027344 209.820266723633 203.696838378906 205.157836914062 198.506423950195 197.267120361328 194.628860473633 185.137802124023 171.19709777832 172.860382080078 168.796005249023 171.881500244141
367.846923828125 374.020385742188 362.851318359375 318.019073486328 287.753936767578 283.418548583984 287.661407470703 298.482727050781 288.973052978516 264.300354003906 253.090621948242 281.439910888672 309.066711425781 304.552795410156 303.479553222656 309.553436279297 303.830810546875 286.817901611328 281.761322021484 276.65087890625 274.177734375 267.229644775391 225.27375793457 225.920715332031 230.176635742188 239.295959472656 257.763885498047 255.481842041016 260.458709716797 237.380828857422 210.197738647461 236.86213684082 224.241851806641 221.254959106445 213.907745361328 180.36572265625 178.947113037109 192.04541015625 209.386688232422 200.188842773438 201.688095092773 195.725006103516 194.008026123047 191.381698608398 183.688919067383 171.327606201172 171.597396850586 168.324844360352 168.67724609375
343.781280517578 372.444580078125 345.070495605469 314.386352539062 316.313446044922 310.227478027344 307.574676513672 292.381408691406 272.636657714844 246.275161743164 242.3017578125 310.750427246094 307.09765625 302.359832763672 311.02685546875 308.839447021484 295.037689208984 284.768188476562 276.704986572266 274.054351806641 274.509460449219 259.099548339844 222.802017211914 222.133636474609 223.420883178711 231.044647216797 239.224304199219 248.320648193359 261.660278320312 238.278656005859 197.243270874023 215.981231689453 233.657943725586 215.209777832031 232.288055419922 214.679153442383 197.30339050293 197.031829833984 213.389541625977 204.174194335938 198.96501159668 193.598327636719 188.136032104492 187.718612670898 181.852111816406 171.285705566406 168.640075683594 165.313095092773 164.400695800781
374.629150390625 362.588531494141 322.234924316406 315.719757080078 316.218048095703 307.930084228516 292.463165283203 264.320281982422 266.110046386719 250.146469116211 231.262084960938 305.474334716797 307.467926025391 308.790313720703 312.081237792969 294.0625 287.8623046875 284.008575439453 272.690734863281 264.572998046875 268.083221435547 252.007568359375 234.006713867188 221.892471313477 233.544250488281 242.960525512695 230.063232421875 235.046371459961 253.126892089844 249.455474853516 204.047088623047 199.2626953125 245.624481201172 207.024322509766 225.895034790039 234.935562133789 210.814041137695 219.576141357422 207.061111450195 202.504837036133 192.916656494141 190.249114990234 182.956939697266 184.027160644531 178.999694824219 167.537704467773 165.087753295898 161.731918334961 160.717224121094
355.366821289062 326.022918701172 300.322631835938 292.235961914062 284.649078369141 271.349517822266 266.726013183594 271.044891357422 286.424621582031 292.250915527344 272.312713623047 309.968109130859 314.404083251953 313.166595458984 305.457244873047 276.932312011719 260.864593505859 265.826110839844 266.779327392578 260.151306152344 254.907928466797 249.729476928711 244.4052734375 223.920303344727 234.951873779297 257.578979492188 250.413970947266 246.951812744141 248.45182800293 249.252151489258 222.069793701172 214.154220581055 246.256408691406 203.883163452148 215.916259765625 230.166351318359 209.668869018555 225.147201538086 195.567474365234 195.436660766602 191.158477783203 184.751724243164 178.963500976562 179.916641235352 173.388946533203 162.987319946289 164.897186279297 160.738632202148 156.442947387695
318.243194580078 316.053985595703 307.021209716797 299.046417236328 293.626861572266 282.974273681641 282.834777832031 292.595245361328 297.161041259766 305.877685546875 304.859527587891 312.688568115234 310.982971191406 311.001678466797 299.946716308594 263.865936279297 221.638336181641 226.994262695312 243.245468139648 257.527160644531 247.505737304688 252.033325195312 238.772872924805 225.013671875 227.424514770508 246.235687255859 244.511901855469 219.285217285156 217.243225097656 208.918090820312 219.22802734375 244.685928344727 231.445724487305 209.999572753906 225.342910766602 228.728149414062 201.142074584961 213.282089233398 199.109222412109 194.291412353516 190.011245727539 184.119964599609 177.797409057617 178.662353515625 168.399566650391 159.710891723633 164.819702148438 161.081329345703 154.119247436523
319.648651123047 320.572357177734 316.155212402344 312.764068603516 303.721527099609 302.476593017578 300.124664306641 292.215637207031 294.609802246094 292.541809082031 283.628662109375 308.534240722656 296.809906005859 279.992706298828 263.531616210938 243.057113647461 208.460494995117 218.234817504883 252.943054199219 263.466918945312 251.77507019043 256.23583984375 248.840438842773 231.696395874023 229.740753173828 243.101318359375 232.874603271484 188.949890136719 222.160446166992 213.520141601562 214.497222900391 260.789825439453 236.907363891602 218.551818847656 240.713470458984 223.850769042969 216.726547241211 207.672439575195 208.783706665039 196.142440795898 188.355606079102 186.577087402344 179.642654418945 176.058685302734 166.970962524414 156.521682739258 159.896484375 157.006927490234 151.74186706543
318.082702636719 313.291564941406 308.578735351562 300.879669189453 292.553009033203 299.442047119141 288.47900390625 270.021453857422 280.350433349609 275.850433349609 263.574401855469 306.512145996094 290.968048095703 252.800643920898 221.444732666016 215.303451538086 204.137420654297 227.969818115234 266.246490478516 251.226013183594 258.859832763672 251.863906860352 261.856658935547 246.511322021484 231.659591674805 247.922653198242 244.573760986328 212.323776245117 259.040069580078 244.561538696289 198.463485717773 256.363311767578 253.347869873047 221.461532592773 230.501708984375 214.380966186523 222.908920288086 202.150619506836 206.246948242188 195.655731201172 187.907028198242 185.329254150391 179.456100463867 172.218322753906 167.162094116211 155.888763427734 154.917053222656 151.001495361328 147.981185913086
320.103454589844 312.338409423828 305.318237304688 291.717926025391 282.90185546875 288.428558349609 270.022125244141 247.820617675781 254.902420043945 258.864105224609 257.894470214844 302.0703125 278.263854980469 237.609848022461 205.105422973633 200.870223999023 199.200698852539 217.158050537109 235.479949951172 224.995452880859 258.09375 246.134628295898 245.37971496582 247.640075683594 246.500610351562 252.304885864258 252.309066772461 217.635757446289 230.346466064453 260.340270996094 213.350189208984 221.234527587891 259.721496582031 237.228073120117 218.566604614258 201.42951965332 199.639739990234 190.892211914062 192.158721923828 190.111282348633 186.600234985352 182.583267211914 176.804702758789 169.90983581543 164.506774902344 155.536010742188 152.339340209961 149.815567016602 146.19287109375
324.635314941406 321.042205810547 313.568359375 304.208129882812 286.788330078125 283.198028564453 264.806488037109 243.251174926758 248.610458374023 258.092834472656 264.613067626953 303.011779785156 270.548248291016 217.930709838867 201.283645629883 201.975143432617 203.584945678711 204.650802612305 205.560150146484 203.596343994141 231.702682495117 255.16194152832 240.823272705078 252.401519775391 261.631439208984 251.445175170898 223.810546875 192.314743041992 198.753433227539 263.158905029297 235.474014282227 193.609344482422 250.601974487305 240.678619384766 223.247100830078 195.185928344727 190.895889282227 188.868728637695 185.501708984375 185.421112060547 184.176696777344 179.988815307617 174.532821655273 168.382446289062 160.600799560547 155.219436645508 153.921127319336 154.249359130859 146.702056884766
322.831390380859 318.492706298828 310.940093994141 306.19091796875 295.856597900391 293.850769042969 280.445404052734 256.996063232422 274.883483886719 280.978302001953 284.461456298828 301.000762939453 264.986053466797 207.572891235352 198.132293701172 202.471038818359 207.749481201172 197.866012573242 192.805358886719 186.634078979492 197.919540405273 233.460952758789 257.017364501953 261.36962890625 260.350799560547 231.424896240234 195.202743530273 217.880737304688 226.47477722168 237.785354614258 207.060882568359 206.384338378906 231.707336425781 235.132232666016 217.213806152344 198.213027954102 188.432968139648 188.365646362305 185.709320068359 183.395065307617 182.304794311523 179.155181884766 174.312225341797 167.976928710938 160.891036987305 157.501892089844 156.858062744141 153.637969970703 144.877838134766
323.762115478516 306.717437744141 294.623596191406 287.123748779297 281.320678710938 285.821319580078 294.021514892578 283.195190429688 291.202850341797 276.714385986328 275.282562255859 283.365875244141 259.585174560547 205.483551025391 198.154968261719 199.620758056641 201.749313354492 193.864379882812 189.503265380859 183.996185302734 185.032592773438 194.979034423828 249.842208862305 252.630859375 254.639785766602 229.704132080078 190.577819824219 230.237106323242 244.729858398438 198.651504516602 188.032730102539 222.499984741211 227.421661376953 237.248138427734 203.593826293945 191.17301940918 185.295837402344 186.722564697266 185.192993164062 182.288223266602 180.436141967773 178.34733581543 173.591430664062 166.991256713867 163.547607421875 156.85041809082 154.04850769043 147.385116577148 142.360214233398
338.879699707031 303.979217529297 283.947143554688 274.118560791016 272.341766357422 263.504272460938 257.307922363281 253.909149169922 246.068862915039 221.086364746094 217.195343017578 268.558441162109 243.591781616211 218.227111816406 201.142425537109 194.855056762695 194.567855834961 203.790908813477 226.565139770508 240.951843261719 232.068725585938 235.054382324219 259.604919433594 252.610427856445 248.680541992188 250.590728759766 231.045837402344 211.623458862305 196.231704711914 231.919006347656 196.648132324219 232.477584838867 226.99250793457 193.728012084961 195.958267211914 189.613052368164 182.195053100586 182.603378295898 180.911987304688 179.571060180664 177.0419921875 173.548629760742 172.039794921875 166.73486328125 162.139801025391 152.490631103516 149.619476318359 146.576812744141 142.933380126953
325.145874023438 300.638153076172 281.727355957031 271.034545898438 266.193420410156 254.135971069336 236.827102661133 236.153533935547 234.886322021484 221.213577270508 218.174957275391 247.576309204102 223.399444580078 212.702285766602 202.034881591797 195.522659301758 195.041152954102 198.045928955078 211.857727050781 231.370300292969 246.130126953125 260.947662353516 254.000503540039 248.751419067383 234.266540527344 247.573944091797 250.414993286133 225.021865844727 183.295333862305 198.770111083984 173.590057373047 189.423370361328 207.412231445312 186.804580688477 184.925888061523 186.72233581543 181.178741455078 181.709136962891 179.431503295898 177.417541503906 173.420257568359 169.02717590332 169.025100708008 165.114227294922 158.811233520508 152.11865234375 150.084365844727 145.91227722168 142.050140380859
321.827941894531 304.137268066406 285.4521484375 277.273254394531 266.859924316406 251.335891723633 243.908782958984 237.707015991211 228.404846191406 220.16438293457 219.338760375977 236.577423095703 212.026092529297 204.95866394043 199.832916259766 196.750228881836 196.777908325195 194.282348632812 189.250671386719 205.892196655273 236.705825805664 241.043228149414 248.78190612793 242.812728881836 236.276031494141 241.25065612793 239.061172485352 209.920745849609 173.928848266602 172.385040283203 173.917465209961 181.958190917969 208.695861816406 186.012710571289 182.716247558594 183.363662719727 180.697311401367 179.478576660156 176.162338256836 173.221343994141 168.487152099609 164.611312866211 163.349487304688 160.904556274414 156.138381958008 151.465927124023 152.372009277344 146.442459106445 143.997955322266
335.671203613281 315.983551025391 297.804534912109 289.553802490234 274.155426025391 257.460906982422 252.846160888672 243.472396850586 232.476974487305 222.949340820312 221.203353881836 238.430618286133 228.877044677734 210.648391723633 200.593460083008 196.587875366211 194.707290649414 193.011169433594 201.14826965332 233.229721069336 239.214645385742 222.881927490234 238.244888305664 240.466873168945 236.269729614258 234.436141967773 218.391296386719 194.494415283203 174.490661621094 177.18115234375 194.395935058594 217.323318481445 222.225311279297 184.352416992188 181.515991210938 181.969940185547 180.425842285156 177.49104309082 174.076019287109 170.94026184082 166.181427001953 162.910888671875 160.246994018555 156.867431640625 154.405639648438 154.303237915039 154.226119995117 150.02783203125 147.663787841797
346.195068359375 322.59912109375 309.377899169922 291.7490234375 279.023681640625 267.882904052734 255.749938964844 246.981506347656 237.711135864258 229.189529418945 222.971145629883 225.76008605957 228.160842895508 218.33967590332 208.677871704102 203.91862487793 195.119140625 194.14469909668 214.016006469727 246.029281616211 221.283798217773 211.379913330078 226.801071166992 227.708602905273 221.756256103516 227.38671875 228.862945556641 213.29801940918 193.025344848633 209.72590637207 207.116806030273 233.752914428711 209.011367797852 187.933410644531 180.548004150391 180.991180419922 178.819488525391 176.896606445312 174.410232543945 171.386520385742 167.269332885742 163.547134399414 159.538375854492 165.793121337891 182.610977172852 156.514358520508 155.009170532227 152.772064208984 148.885787963867
