rcp4.5models/CNRM_CM5/sc1gr4.33
NCOLS 261 
NROWS 433 
XLLCORNER 336357.134 
YLLCORNER 654653.479 
CELLSIZE 1000 
NODATA_value -9999 
[rows 308 to 329 of 433, columns 150 to 199 of 261]
212.751770019531 213.10173034668 212.063827514648 215.711074829102 221.747650146484 228.748046875 223.661849975586 221.852645874023 227.929244995117 235.399963378906 233.462417602539 240.594360351562 239.328216552734 231.889953613281 231.623229980469 231.632583618164 231.370819091797 231.636947631836 235.540664672852 255.123245239258 262.800445556641 254.837493896484 247.671966552734 239.153244018555 237.474105834961 248.085174560547 257.3408203125 260.328216552734 244.843795776367 233.473266601562 219.825103759766 215.336410522461 219.029510498047 234.929382324219 242.988052368164 245.155899047852 245.669326782227 241.219085693359 248.384628295898 257.383453369141 257.237274169922 264.584869384766 275.572662353516 276.353271484375 276.407135009766 276.674163818359 276.37548828125 275.115356445312 267.532775878906 264.403381347656
212.855560302734 215.091674804688 211.723098754883 216.136795043945 221.129547119141 227.530334472656 222.842819213867 218.415863037109 234.133499145508 235.603210449219 236.92903137207 243.702529907227 239.638137817383 230.184539794922 220.21630859375 217.652420043945 224.316772460938 232.75895690918 238.696746826172 245.841064453125 262.583312988281 255.701065063477 250.471954345703 243.155136108398 236.538482666016 241.226425170898 254.347763061523 260.398498535156 252.500823974609 239.365112304688 216.078094482422 213.075271606445 216.592895507812 229.899719238281 240.684875488281 245.036544799805 245.050277709961 244.252746582031 254.543395996094 259.659912109375 256.101348876953 255.537292480469 274.565460205078 276.665710449219 276.279266357422 273.746856689453 273.072204589844 276.355529785156 272.524810791016 271.121429443359
210.40234375 217.453765869141 218.575210571289 216.860061645508 219.400955200195 223.27783203125 227.258193969727 224.833908081055 234.139099121094 237.885070800781 240.929458618164 240.442901611328 237.538558959961 226.959259033203 215.417053222656 214.759368896484 226.427993774414 238.163131713867 245.465454101562 253.719253540039 259.220855712891 253.644729614258 251.395156860352 247.690734863281 239.240386962891 236.810424804688 244.760345458984 255.544143676758 257.573455810547 245.925506591797 218.111572265625 213.437194824219 213.758560180664 223.436920166016 237.03889465332 245.136901855469 245.650283813477 245.529937744141 257.197326660156 262.698577880859 258.707183837891 255.750137329102 274.379211425781 276.539245605469 275.880096435547 272.925567626953 271.196044921875 276.374359130859 274.657348632812 270.665649414062
211.353210449219 217.067413330078 216.348678588867 213.789047241211 216.970550537109 218.707794189453 226.529647827148 221.673965454102 229.684158325195 235.931503295898 241.793060302734 238.582748413086 232.381576538086 226.845489501953 221.876602172852 224.160308837891 233.862442016602 243.016403198242 250.640197753906 256.852996826172 254.298431396484 248.278732299805 243.550552368164 243.41096496582 238.21955871582 234.45149230957 236.307586669922 245.762786865234 257.221588134766 254.022125244141 221.417327880859 211.70768737793 211.623168945312 218.52522277832 231.560043334961 246.06803894043 245.61882019043 244.967987060547 256.837005615234 263.989349365234 260.905395507812 258.729461669922 275.049591064453 275.639556884766 275.550628662109 273.631317138672 271.471466064453 276.278839111328 274.836364746094 268.895751953125
210.986801147461 215.781890869141 214.115661621094 213.719177246094 219.695281982422 219.130340576172 224.335632324219 219.756423950195 237.328079223633 237.987121582031 238.148712158203 238.553421020508 234.660919189453 235.401290893555 232.084838867188 231.953140258789 236.348724365234 242.971038818359 248.92854309082 248.855255126953 249.068771362305 241.292816162109 231.608917236328 234.767761230469 231.672546386719 229.648193359375 232.555694580078 239.647018432617 254.398727416992 256.30419921875 223.401779174805 213.623352050781 215.267791748047 220.988265991211 231.086502075195 245.916549682617 246.093002319336 247.415313720703 259.600494384766 264.144378662109 261.040893554688 260.768676757812 273.993041992188 274.684326171875 275.074035644531 273.245056152344 271.973937988281 274.782348632812 275.674865722656 272.152496337891
199.665115356445 216.92333984375 218.598571777344 215.080307006836 209.183609008789 209.354049682617 219.538986206055 225.623962402344 231.306350708008 241.414520263672 248.166549682617 250.405700683594 247.546691894531 242.504272460938 238.731231689453 235.436309814453 231.921020507812 234.253616333008 237.477951049805 248.860122680664 247.321060180664 240.465469360352 237.761779785156 235.381759643555 232.454956054688 231.967498779297 228.70719909668 228.72785949707 241.130157470703 251.012130737305 232.147521972656 220.042007446289 216.399688720703 222.180969238281 234.49919128418 245.151428222656 247.165618896484 247.826034545898 257.437957763672 262.086212158203 260.437347412109 268.26220703125 272.788513183594 272.131744384766 273.774200439453 271.566741943359 268.593536376953 275.071044921875 275.587066650391 272.352722167969
201.744323730469 213.902130126953 211.271591186523 204.916549682617 196.711013793945 204.637237548828 210.637542724609 215.064682006836 230.736709594727 240.091873168945 245.671569824219 248.342483520508 248.812057495117 241.707061767578 237.748825073242 237.519424438477 234.269989013672 234.520095825195 239.229766845703 250.13703918457 249.21028137207 246.818161010742 243.012832641602 236.837997436523 234.221755981445 231.801635742188 228.941772460938 225.665771484375 234.04345703125 246.962631225586 241.227813720703 228.289413452148 221.110580444336 221.059387207031 228.322082519531 245.175170898438 248.259811401367 248.298034667969 257.605529785156 261.853240966797 258.507873535156 268.197784423828 272.203796386719 271.968139648438 273.303802490234 272.178131103516 267.952819824219 273.732238769531 275.491912841797 272.855316162109
202.759628295898 195.269836425781 193.799865722656 194.368225097656 201.171340942383 208.849838256836 212.453521728516 217.194381713867 236.3095703125 240.811737060547 243.715316772461 248.080200195312 245.533752441406 239.608184814453 237.013229370117 239.877090454102 237.690521240234 233.981231689453 238.423202514648 250.282653808594 250.118133544922 247.822372436523 244.54167175293 242.124328613281 239.094360351562 233.272979736328 228.896148681641 223.954544067383 228.37939453125 240.153717041016 247.924606323242 235.627426147461 227.52587890625 225.073638916016 228.705291748047 243.333862304688 246.673645019531 251.479110717773 260.596649169922 265.449829101562 262.140472412109 268.170837402344 272.009826660156 272.750244140625 273.797698974609 273.338562011719 269.245452880859 272.937561035156 275.049743652344 273.121856689453
202.149078369141 196.144775390625 196.471176147461 203.754455566406 218.564743041992 220.761093139648 222.127716064453 221.872940063477 234.563430786133 238.333557128906 243.379745483398 249.196411132812 241.355270385742 236.340774536133 236.551971435547 240.472579956055 240.94514465332 237.531066894531 240.219284057617 246.858749389648 249.085189819336 242.92512512207 239.073501586914 243.695663452148 242.348587036133 237.590026855469 231.527282714844 223.582977294922 222.535339355469 235.612869262695 249.407119750977 240.230560302734 230.939315795898 227.21257019043 233.954208374023 244.534164428711 246.65234375 255.68489074707 264.468994140625 268.616973876953 267.045074462891 268.749053955078 272.899383544922 273.499694824219 274.459320068359 274.439453125 270.785217285156 272.940856933594 274.200927734375 273.398651123047
214.208282470703 215.202514648438 214.36018371582 217.47624206543 225.3505859375 228.348159790039 229.482055664062 227.879135131836 236.748931884766 242.115951538086 244.158599853516 245.286254882812 237.449340820312 231.139877319336 232.587356567383 236.833587646484 242.309829711914 242.651779174805 242.790786743164 242.759521484375 247.13850402832 242.456100463867 235.932800292969 239.263870239258 239.682556152344 237.754135131836 231.608947753906 226.580459594727 226.223297119141 237.108093261719 247.315628051758 243.449462890625 233.183227539062 228.036651611328 238.673690795898 249.148391723633 252.429534912109 258.690216064453 267.060333251953 269.367462158203 268.476440429688 270.688751220703 273.962554931641 272.884246826172 274.270263671875 276.004730224609 271.594451904297 271.054168701172 270.117706298828 271.05126953125
209.682388305664 209.953262329102 214.065551757812 223.984329223633 228.407958984375 229.723327636719 231.396133422852 232.04719543457 239.543594360352 243.853210449219 240.558502197266 238.713012695312 231.813140869141 225.779357910156 226.654800415039 232.243774414062 242.393402099609 243.748947143555 241.759643554688 242.949234008789 245.522399902344 244.755722045898 238.722885131836 230.702758789062 227.193389892578 228.087310791016 224.263198852539 227.263717651367 234.161087036133 240.538955688477 244.59553527832 240.661605834961 232.131530761719 226.927108764648 235.745025634766 247.216384887695 251.975875854492 258.496887207031 265.953918457031 268.870025634766 268.008026123047 272.153686523438 274.727905273438 272.584594726562 273.494842529297 276.447723388672 272.118774414062 270.9326171875 269.210510253906 267.119049072266
200.719818115234 205.434616088867 214.773986816406 219.650238037109 228.585983276367 229.612121582031 229.999450683594 229.809494018555 238.088562011719 238.682388305664 233.211761474609 231.248840332031 228.115417480469 224.300186157227 225.737564086914 232.438934326172 239.706039428711 242.420562744141 240.380935668945 240.060272216797 243.796447753906 243.817535400391 238.9619140625 227.841690063477 216.499084472656 208.327774047852 208.539337158203 225.8818359375 234.661315917969 239.469772338867 242.229034423828 233.596740722656 228.67854309082 230.547485351562 236.672485351562 242.609130859375 246.986846923828 254.692276000977 263.302185058594 267.173370361328 268.065246582031 271.998748779297 275.574157714844 274.0205078125 274.401275634766 276.894836425781 273.771301269531 273.255950927734 272.495025634766 269.151550292969
212.749206542969 212.807083129883 214.395889282227 218.894882202148 226.551422119141 228.345779418945 228.531219482422 227.948501586914 235.868713378906 234.651977539062 228.66047668457 225.181991577148 224.383712768555 223.634780883789 227.784454345703 234.091583251953 232.941955566406 240.309982299805 240.973846435547 233.91667175293 238.935470581055 242.887710571289 239.156951904297 231.299621582031 216.814239501953 197.530868530273 195.793823242188 220.850509643555 232.235763549805 236.584823608398 241.144927978516 236.07926940918 235.108154296875 239.575759887695 244.524124145508 242.877685546875 247.979675292969 257.143157958984 263.104797363281 266.242401123047 269.274780273438 271.719909667969 275.461120605469 275.573669433594 276.657348632812 278.092468261719 276.291625976562 274.173034667969 273.483093261719 273.621307373047
216.498184204102 220.827560424805 218.730926513672 226.006500244141 224.397735595703 225.944351196289 227.291732788086 227.619384765625 236.007720947266 231.543273925781 227.038711547852 223.233276367188 222.49592590332 222.710861206055 226.395843505859 229.789886474609 227.54736328125 237.021789550781 242.141860961914 229.778137207031 233.285980224609 239.690933227539 238.285064697266 232.593994140625 221.12532043457 198.159805297852 184.435760498047 207.959075927734 225.66862487793 234.617111206055 237.83317565918 241.713317871094 245.974990844727 246.485061645508 250.438949584961 247.084503173828 250.662353515625 261.234252929688 263.960876464844 267.066009521484 269.711700439453 272.091949462891 275.143371582031 276.009857177734 276.791046142578 277.930847167969 275.925079345703 273.111450195312 273.125885009766 276.068817138672
205.171310424805 217.559234619141 227.06184387207 225.921081542969 224.330963134766 225.660079956055 227.289703369141 228.329238891602 237.478454589844 231.501815795898 224.458374023438 221.807266235352 222.833282470703 223.807968139648 224.20556640625 224.187149047852 223.645584106445 230.032180786133 239.673980712891 233.761947631836 232.744735717773 234.142929077148 232.588485717773 227.466613769531 220.391372680664 205.929016113281 190.356216430664 199.826950073242 217.084609985352 231.197799682617 232.757888793945 240.669937133789 248.380676269531 253.262985229492 255.614822387695 253.118850708008 255.030487060547 261.869171142578 264.113891601562 267.659271240234 269.569122314453 272.767028808594 274.830657958984 274.286682128906 274.140289306641 277.300994873047 274.959838867188 272.723815917969 273.316162109375 277.675659179688
200.845550537109 205.285018920898 214.258880615234 218.656097412109 226.261825561523 228.452011108398 229.428176879883 230.38069152832 235.782669067383 231.084411621094 223.031677246094 220.599304199219 222.959838867188 224.756790161133 223.058181762695 221.828811645508 220.234329223633 223.30517578125 230.806793212891 237.33805847168 235.478942871094 231.818695068359 227.33088684082 216.776504516602 208.299545288086 207.048156738281 205.532211303711 209.301956176758 221.124084472656 228.793838500977 232.952590942383 241.060821533203 246.621994018555 255.117919921875 258.725524902344 258.078277587891 258.372436523438 261.856018066406 263.78857421875 266.356781005859 269.102783203125 272.076904296875 273.23828125 272.749664306641 273.974609375 277.995056152344 276.476226806641 273.907287597656 273.800476074219 276.906982421875
212.571731567383 213.075592041016 209.465774536133 206.567565917969 215.083267211914 221.103164672852 229.254791259766 229.708618164062 231.948211669922 229.515823364258 222.870941162109 220.83251953125 222.466323852539 223.57048034668 222.083786010742 220.140533447266 217.833114624023 219.931838989258 222.598968505859 233.619064331055 237.633590698242 234.2939453125 227.264755249023 214.982879638672 203.287109375 202.015762329102 210.736557006836 220.748580932617 229.338088989258 233.644515991211 234.493667602539 243.46955871582 247.744064331055 253.561187744141 259.801116943359 260.808319091797 259.18212890625 261.241577148438 263.431091308594 265.260345458984 268.999847412109 270.332489013672 272.892547607422 273.537139892578 276.415405273438 279.052917480469 277.836822509766 274.422393798828 274.292633056641 276.296997070312
224.257095336914 225.552856445312 225.794708251953 225.755722045898 225.678787231445 226.092575073242 223.033660888672 222.026412963867 229.84977722168 227.921142578125 225.359161376953 222.240127563477 220.364761352539 221.021743774414 224.244598388672 228.192306518555 230.16242980957 229.024612426758 230.272033691406 235.495468139648 234.364501953125 231.32666015625 232.106964111328 228.945037841797 223.826461791992 209.588714599609 208.903091430664 222.555953979492 230.547027587891 234.842727661133 247.28254699707 246.155639648438 247.517868041992 255.444107055664 261.645080566406 262.746734619141 261.784484863281 262.220642089844 264.942901611328 264.278778076172 267.457275390625 269.479034423828 273.682342529297 275.148254394531 276.646087646484 277.979217529297 278.779541015625 276.468688964844 275.845733642578 277.856750488281
224.122177124023 224.446472167969 225.316543579102 223.994659423828 223.007583618164 224.371200561523 223.571029663086 222.702331542969 227.850646972656 225.868804931641 225.056884765625 222.236877441406 217.795455932617 216.194732666016 218.615982055664 225.138244628906 228.653930664062 231.598342895508 234.943115234375 233.452529907227 232.734786987305 229.288391113281 231.838104248047 232.884536743164 225.956665039062 210.637588500977 209.645950317383 216.078552246094 221.047958374023 226.159454345703 249.325378417969 251.612380981445 252.444717407227 256.211944580078 262.328552246094 263.689056396484 263.336883544922 264.37548828125 267.05712890625 265.482543945312 267.883911132812 270.575378417969 273.357971191406 274.072418212891 276.046203613281 277.976654052734 279.394989013672 278.28662109375 276.758270263672 278.628845214844
212.51594543457 221.221572875977 223.368225097656 221.615249633789 221.116333007812 222.145767211914 223.220092773438 224.123992919922 227.054870605469 224.63151550293 223.545455932617 221.28874206543 217.288497924805 213.969741821289 214.050079345703 219.698455810547 224.595703125 230.385757446289 231.355987548828 231.890899658203 231.02571105957 229.780349731445 231.107986450195 231.820251464844 225.345672607422 215.019760131836 212.830871582031 217.712524414062 219.577056884766 227.395751953125 248.442916870117 253.188354492188 258.16796875 258.455230712891 262.023254394531 265.132629394531 265.638763427734 267.187896728516 268.947509765625 269.070251464844 270.021728515625 271.486358642578 272.732788085938 272.141387939453 274.729705810547 276.261352539062 279.158813476562 277.990234375 277.5830078125 279.411346435547
201.39387512207 218.735626220703 220.177185058594 219.228118896484 219.531341552734 220.819747924805 222.652069091797 224.768966674805 227.577438354492 226.681274414062 224.222457885742 221.92317199707 219.497314453125 216.630935668945 214.68896484375 219.535552978516 228.893417358398 230.456893920898 228.100952148438 237.350082397461 233.600601196289 235.195159912109 233.035079956055 227.757232666016 223.096008300781 214.751052856445 213.782623291016 224.337097167969 229.532455444336 236.196090698242 248.446014404297 252.803512573242 258.301239013672 261.414611816406 263.721954345703 265.133636474609 266.121795654297 268.053527832031 269.222717285156 270.23046875 271.490295410156 271.684509277344 270.592254638672 270.703460693359 271.892425537109 272.645629882812 278.794281005859 276.753082275391 276.487426757812 279.443817138672
201.298370361328 217.787704467773 217.888122558594 218.743515014648 218.731811523438 218.961639404297 221.24674987793 224.699188232422 225.860137939453 226.531005859375 225.75212097168 224.140106201172 222.549743652344 219.223037719727 217.607315063477 223.220367431641 231.078979492188 227.607238769531 226.238876342773 239.579635620117 244.671585083008 243.980270385742 237.257293701172 230.421951293945 226.401336669922 215.025314331055 212.011917114258 226.947692871094 235.731292724609 241.349838256836 246.587814331055 253.236236572266 259.630096435547 261.027160644531 263.095458984375 262.426971435547 264.476440429688 266.660614013672 267.896728515625 269.767120361328 272.043548583984 272.050170898438 268.501708984375 269.005126953125 268.999969482422 271.048309326172 278.718475341797 277.457611083984 276.755859375 278.576232910156
