rcp4.5models/CNRM_CM5/sc1gr3.3
NCOLS 261 
NROWS 433 
XLLCORNER 336357.134 
YLLCORNER 654653.479 
CELLSIZE 1000 
NODATA_value -9999 
[rows 264 to 285 of 433, columns 150 to 199 of 261]
248.838679274137 247.19524096682 253.754299697504 264.154970211068 267.343394762548 268.157166619207 271.101980691253 272.702310397419 273.990713782187 274.195476061825 274.286110234812 274.264160858471 273.87272004447 273.43143112697 273.272713317086 272.885353907171 272.433552283993 272.281973426591 273.29109977537 272.350667171432 -9999 -9999 -9999 271.940202162435 271.552722573338 271.157354234119 270.455573667011 269.991559448979 269.891032882754 270.653793265031 271.322214502712 271.100400376172 271.612000164393 272.533491835723 273.022667934988 270.840128277593 268.56237861821 272.611082949743 272.995449218149 273.104445679406 273.606654761371 274.347560112023 274.119161335049 273.586671115494 272.999977311128 272.465279001608 271.521185218253 271.89592061574 273.143929220459 272.632075900672
238.320501485275 237.875744792661 246.633025459723 255.820220555928 263.388010450526 267.128697916971 269.053522931268 271.234511570715 273.58184922563 274.001186447802 274.224585908305 274.109578561978 273.580130666633 273.392067616315 273.336645129485 272.895266717554 272.076834588859 272.483426635661 272.852738408635 272.539415477712 272.475452654126 -9999 272.253587432366 271.891827140388 271.293330422225 270.712909917955 270.191949239341 269.881878042212 269.9901486247 270.384379003604 270.910172291071 271.128337110667 271.916620618901 272.800769084139 271.315464030584 264.16219717849 261.187504227608 270.112903841305 272.964740359775 273.296761072181 273.831635674193 274.225254763413 274.456976156122 273.666334596472 273.064303950228 272.785216197275 272.856222914947 272.504348411085 271.617182154688 272.747633993436
225.674406227448 224.392190899667 236.251717869753 245.231066531916 256.859316567845 265.088597520106 267.8029517264 268.974950363222 273.443867793486 273.895357250707 273.896508409301 273.624803615747 273.344622333626 273.789583854059 273.511829820123 273.37427619707 273.375609877666 273.1875588855 272.541831513411 271.859964914809 271.806351620853 -9999 271.93339216981 271.123180234633 270.529817256202 270.049576445789 270.016105314429 270.132146028508 269.49995260614 269.837506495956 271.18569259937 271.636550782162 271.970848892131 272.018622485925 272.630863407823 268.671430585651 258.448518235234 260.186895124228 270.196034839748 272.491355590542 272.009794073706 273.30484241299 274.078598857423 273.447278099131 272.92101846065 273.192536836853 273.91118986924 274.241190912453 274.241767036542 274.306735194888
219.105994604625 214.396672532041 225.557197505461 235.342112322589 249.445612178623 258.835290698571 264.783872208192 267.452376503325 273.15267500303 273.710560052604 273.769300788465 273.781415202571 273.559233523161 273.45972677063 273.325962832677 273.247302595058 273.066833063611 273.026641286202 272.300339163592 271.357380714928 271.573200371615 272.138703628531 -9999 271.240746596741 270.576538121119 270.276777276899 270.277774618788 269.906906222016 269.649021565936 269.991701843253 270.717673043428 271.307818722623 271.77578429362 271.379553261816 272.045374483427 268.614754376227 257.428228059557 256.233921566872 267.549743991921 271.852342297193 271.607261755717 273.087976758643 273.751286630493 272.855772668262 271.655372878852 272.78305139656 274.098176963648 274.646561514826 274.720975985775 275.018749629923
216.00905964373 211.144693854315 219.060942192754 224.950623867316 237.906559553902 248.562465090988 258.588150795691 266.013030988381 272.866345036849 273.540250252835 -9999 273.818515544394 273.540651914566 271.670086430963 269.97709829608 272.899341482285 272.62944195677 272.103562961875 271.417683014293 271.213478967315 271.370445142495 271.86460875715 -9999 271.494226201548 271.148508395275 270.753251034054 270.687239405594 270.032813218863 269.875906593566 269.930329026559 270.565248625423 271.29186379982 271.694261773847 271.188177061404 271.851795390246 270.253769724026 264.598913534546 263.386378664604 268.694235557379 271.572941819334 272.663800709845 273.112822858394 273.354252685286 272.732854174707 271.823243289463 272.818290412349 274.115518617157 274.567291514657 274.252846657604 274.555399271279
217.304634468809 220.265416292344 223.56663589931 223.678325912761 227.352450919586 238.71576622551 254.323644168418 264.313623032799 272.372627846493 273.239065607795 273.612190870311 273.696822283853 272.821758332381 269.870718629982 268.739068895145 272.844136069899 272.34813025073 270.843839509892 270.875624037336 271.203059289315 271.397517829097 271.932869983892 272.099666035706 271.659464645713 270.495207509971 269.444144841849 270.388612454444 270.456173136029 269.94200030008 269.481088196914 270.663961262984 270.827117047709 271.202472620961 271.034700361846 271.326624269035 271.386113095566 271.056654239557 270.701694448186 270.521317333976 271.270719069451 272.297715375188 272.374594549188 272.995572722661 272.304794635991 272.318347311581 273.01695516539 273.681128364181 273.585895739236 273.388170283715 274.076461480699
222.431390480018 229.323316497661 233.576024520733 233.601029996656 229.310458217035 233.709559584092 249.594981045164 261.735144755355 272.248053617141 272.903973247376 273.401301820543 273.544956813523 272.83159707116 270.94703664227 270.985724732336 272.389269436618 271.887724420251 270.763407377698 271.058734429069 271.305259573396 271.582528407381 271.698906090054 271.925326922897 271.73839536449 270.062769206283 269.012001284737 269.554601771961 270.209058894305 269.711183541528 269.515947032514 270.018114428824 270.164788505354 270.411389955663 270.666242866152 270.896981864497 271.322000912625 271.671698093488 270.599430455501 269.870155246969 270.264096974646 271.383269483363 272.05100965022 272.648033578401 271.711067077248 271.986555429983 273.021118652553 273.403314333824 272.789260519597 273.054839757658 274.184936163751
228.069404475408 232.731035111097 240.314817348067 243.07703822692 240.993951650923 241.410950765675 251.286011264122 263.756249255338 272.10293065245 272.752971793756 273.288797186246 -9999 273.374916383805 271.587315403364 269.639604358299 272.077477346831 271.920207608977 271.524892047741 271.650287907677 271.865349791607 271.807051870142 271.381533516787 271.561403210958 271.547117522732 271.037655216327 270.730173285432 269.748247583398 269.759162633044 269.575810790073 269.696140926413 269.600123549649 269.537771370009 270.071959976225 270.701004687225 271.002090810018 271.241164803364 271.127674946455 270.209065925035 269.596989465475 270.390378486547 271.497146716096 271.990290934357 272.010308572967 271.586014066165 272.135186156464 273.259795660673 273.159016682691 272.865615352741 273.052284010705 274.049072019923
233.948720978095 236.337292980709 243.370739186511 247.57175516995 248.88947505206 252.357410306969 259.592885923127 267.317791404072 271.425036499749 272.633136428732 273.359539301161 273.564153608708 273.504983900857 271.352522094211 268.733211507911 272.45240031 272.463819935433 272.237643651497 272.441996894165 272.312574303276 272.071251087203 271.566728204021 271.333353923296 271.363412805853 271.46815556214 271.318956885345 270.644214202087 270.312433152813 270.104713379333 269.981357100333 269.802254061592 269.260917536516 270.010546442804 270.523875724793 270.920984103717 271.047306538789 270.696472361654 270.095723852778 269.525168707336 270.130304478659 270.812060170547 271.038990290376 271.337436593876 271.737682840264 272.548012005474 272.760174376549 272.521760828027 272.676402518026 272.111009239042 274.198211197032
239.383304051201 240.812603823259 244.551035576147 248.344050028404 250.38846682185 257.151438734657 264.699670404014 269.208866028619 271.93307478755 272.769556733753 273.288559398564 273.535370241444 273.48520117106 272.477583230072 -9999 -9999 -9999 -9999 272.658398485813 272.299928521621 272.023781011583 271.296898641401 270.892294783235 271.101418937793 270.805811738183 270.779601417389 270.890651841042 271.116701964986 270.841642086057 270.575401911084 269.612456946355 268.787010778161 269.248586142901 269.645787934948 270.101823622126 270.687449046526 270.678942202381 269.946277330889 268.216395140458 265.768231490121 265.567395707722 269.215097980321 270.586709249035 271.591736804938 272.462094615819 271.861189475857 271.965629080918 272.494954659261 273.061000036763 274.207919634628
242.084831399801 242.306741653664 242.555987022982 243.889840949195 249.23151548301 260.935658671068 268.127678672932 270.899659195111 272.608903718255 272.774777055123 272.995736828977 273.253036449141 273.195815773085 272.859250876409 272.479308389394 272.453832303963 272.94652883911 272.389276161326 271.991637927413 272.263643557609 271.965995061157 271.172054050009 270.473754782313 270.647570727768 270.150306726187 269.822853993127 270.171777466506 270.906068838889 271.117773464087 270.74102555396 268.968556874343 267.918225989817 268.46554260944 268.80726616494 269.508053142405 270.33876184615 270.596010715142 269.881938928364 267.743115352652 263.703520118395 264.007607443203 267.968625116832 270.342756961911 271.465343999356 271.598478169761 271.099319322792 272.296357999563 273.255385275648 274.287215082894 272.885537984991
241.222109995314 242.546911914545 239.944931804532 238.406249538607 247.810722719889 261.129705743378 267.922630241464 270.284408859509 272.056037281745 272.283671877358 272.740494383716 272.986847582862 272.909680747991 272.638165375164 272.050792573907 271.074768925713 271.597556093382 271.486538624127 270.923073180857 271.904026365538 271.831741638742 271.148101350383 270.221487797416 270.125421180807 270.125844118003 269.765900111055 269.780990264532 270.015999620588 270.679821465231 270.446408063317 268.899619756307 268.030160496726 268.552218023211 269.024003943747 269.744129257476 270.056776863995 270.332103918614 270.266548964993 268.483465506547 265.659494082012 266.536117812988 268.483321009741 271.100140885322 271.414757749838 271.035990849299 271.248015322802 272.813182661313 273.882145740176 273.972114486064 272.644731883079
237.955985812055 239.839268926435 235.305598146835 233.923797968542 244.127452657943 255.946040230301 263.053341959902 264.711385924437 266.367490753904 265.651351958735 272.329366244249 272.732215506041 272.646159920629 272.681089788624 271.978476997988 270.781731796442 271.14584743517 271.026007425812 270.521137580412 271.222081187401 271.546174091435 271.034020100294 270.055143926747 269.673475490828 269.868501298526 269.695404654051 269.34940141895 269.004199432945 269.994661954741 270.183275502542 269.144367755255 267.47533375232 266.201929533993 268.767955430476 269.937754421803 269.489716420118 269.714873406064 270.221689105258 269.431240909933 267.446777980466 266.557956088722 269.129260758523 271.182455077831 270.838435045999 271.389227509609 271.906642236265 272.950442635455 273.77765872524 273.778750822991 273.509233531419
236.138911420223 234.401665173614 228.967692498197 229.419480763161 238.037879848372 247.216024549287 252.227933160373 256.496859845714 261.642818520507 260.392060149135 271.158772098501 272.61053177654 272.473065113913 272.582820604975 272.434772915136 271.777812946779 -9999 271.238741083707 270.824337142335 270.955401887433 271.073157183975 271.047197275097 270.050368308407 269.364309997798 269.308388161814 269.1991089239 269.131321183473 269.271222768558 269.848819376276 269.880712570843 269.107479573793 267.492073554333 266.522104380658 268.4395736828 268.300462155979 268.704716997433 268.89284905121 269.695893323604 269.88810630275 268.802821560473 266.719528778745 267.415073438263 270.398487576166 270.352915808335 271.482846121791 272.503845440193 273.103579582889 273.255560818468 273.290643272632 273.525763831393
228.619249005093 225.336380646878 223.599832703504 223.430873112567 227.084814067982 228.989670862706 227.423810650683 238.024020706062 255.067932683216 262.530421197676 270.65375978361 272.563848152752 272.537990313018 272.562601959627 272.426686340815 272.221762321566 272.005966858452 271.72197759831 271.517526117562 270.655004197715 270.549624466101 270.374871565229 270.039421679887 269.347580939699 268.764751488098 268.569419522279 268.599184826556 268.915190784762 268.796301050673 268.808213924418 268.560492906545 267.152911904481 268.407730100573 267.88990903137 266.394656569912 267.463304788637 268.31160468819 269.401687714141 269.780921247373 269.450025511264 268.287947534455 262.800085319168 245.529826131772 255.292281802054 269.595942140887 271.870477711253 272.178476444196 271.494360014807 271.993096647104 271.887013952241
232.223563866775 230.973960464206 230.232263184981 227.402497135955 228.45039489786 230.238124169087 231.368993326353 234.201675418493 254.597827143562 265.937166787148 270.615646817943 272.232726272589 272.581016226231 272.58633535515 272.591709854055 272.358498458576 271.898478081733 -9999 271.39054477781 270.878906748124 270.502828265585 270.091802533944 269.473526862311 269.098001658197 268.622046432194 268.222516320318 267.892078324135 267.71426158859 267.349833494307 267.289815200714 268.730082435326 267.374580817087 267.889284296162 267.98549477892 266.974695772027 265.850884809415 266.432384795237 268.888287424589 269.271761279494 268.839771937363 268.013212422221 263.831716839286 240.5866382747 252.029496804031 270.051088266533 271.694692430096 270.723824043509 268.877104236161 271.755712904017 270.595381553641
238.54039335181 235.821764438056 231.942014262086 229.253430183637 229.995979984741 228.570421147163 231.062092039814 230.078903994487 252.934172343904 266.617033520571 270.115176491701 271.871027732797 272.512410957977 272.596079049374 272.424531882907 271.759353726551 271.408583496015 -9999 271.221969011243 270.452938680552 269.894929272547 269.800329741868 269.397457649167 268.906987466699 268.393022535553 267.622374901028 267.271334706817 266.625660561275 266.425734282549 266.877775812272 269.071305222248 267.773055852218 266.718667730075 266.961079815958 266.450249719047 265.874543969692 266.482153610839 268.823027478359 268.890535946299 268.241266491555 267.761916873415 265.298544333746 245.793176195661 251.150832823448 269.693518827257 271.517200168287 270.387311534165 268.580290385446 271.373467033317 270.654105430814
241.060680773861 237.610266993278 232.139521503133 229.967501919596 231.801144765039 224.067475177936 225.884577027307 222.990862863687 250.685706910137 263.580706413694 269.161469097458 271.517716668764 272.158717394658 272.534469152859 272.323592510911 271.803103006781 271.423924176841 271.422821952165 271.040660738176 269.988772699124 270.059380062048 270.168972232657 269.815397776936 268.834662914532 267.937753938445 267.173310276515 267.057573770477 266.633316426575 266.67626015272 267.129364600837 269.189061722386 268.195887930901 266.589537294209 266.60842012028 266.972799007365 267.740176375225 268.117735086457 268.798311246738 268.975368253769 268.228154150655 267.407650918024 265.066007352001 253.388542801433 253.106745551518 268.999780139549 271.12098152959 269.893252036176 269.633129846784 267.95271263042 264.613559569275
242.126623950495 236.94001490895 230.211695006312 233.351388670773 235.221404973477 224.835527949669 225.903558269651 225.827414422037 250.179954766721 261.318358723595 266.270232495964 270.637411417493 271.531927666159 272.521812877644 272.465254610671 272.310515075628 271.822098370315 271.422036648567 271.040320955992 270.252781361389 269.552962361044 268.006632202958 269.096379042184 269.225647585155 267.726813768671 266.863746693172 267.551790489947 266.934195390847 266.597488107387 267.102439012329 268.74098460413 268.70287374487 267.273625061028 266.616879396505 267.081137494998 267.970984092503 267.691962314774 268.067928434297 268.597379475249 268.407171542033 264.845823138978 257.377929524185 257.736684518273 261.498331302669 269.497965339306 270.779371132277 269.232717086226 265.728345019252 258.207651390519 256.173023073489
241.614390830027 233.546873451711 229.063235313764 238.507365607171 239.616298851727 228.767205142896 227.693652087977 231.577122452898 247.162348250347 259.182130245927 262.257565943534 269.340459755085 271.112572500823 272.311104052647 272.37415275246 272.317107690149 271.78779437878 -9999 -9999 270.32410191205 269.218544499244 267.487606293623 268.546491583509 269.150430219568 268.601615492888 267.74430929058 267.509294737225 266.301530959322 266.422427967481 267.029583393846 267.893685836571 268.442619358041 266.824471970375 265.165972952483 266.971728191376 267.421862892465 267.197834626366 267.283829850379 267.877949223676 268.326254114687 262.877792639073 252.323305517153 261.827455787699 264.726506790956 267.797736612893 270.452525470538 268.008890096898 260.531474485419 255.369122912628 255.178083174731
239.705937638696 233.084034576234 233.204225331903 243.124702329419 242.8780752605 229.107479132194 226.913679941884 235.544859930512 242.869319525555 255.87090979976 259.824894334187 268.054673387416 270.705980360386 271.993318667649 272.449634024594 271.019197865379 268.203223639691 269.218081871682 270.84839678783 270.317420413212 269.967107285823 269.349730648538 268.936262405157 268.69072590163 -9999 268.434362264591 267.204730938292 266.084304696939 266.125291447805 266.522878490424 267.109025133201 267.786800937268 266.202250477586 263.309192634918 266.362475805754 266.947505800051 266.660179856418 266.663328552512 267.540560768656 268.223994939326 264.721112359291 258.313985053936 263.548639133996 259.324164161113 261.358444126921 269.175232614637 265.436768931663 257.74731740394 254.326639309334 252.714499837175
238.264028219908 233.565215829682 236.909229369857 247.524669750168 245.962160555071 229.812493594785 228.413599085699 238.184559402015 245.452041750834 253.210612300053 254.649268597648 265.145318186444 270.05532843335 271.445880290047 272.115719609985 270.182989290715 266.041070298783 267.601483742469 269.746966650341 -9999 269.688380992849 269.047186972609 268.521820760986 268.173884895189 268.527055599141 -9999 267.402694669873 266.236761978239 264.790498185585 265.873248163134 266.300048246556 267.204725046111 266.859176648404 264.066441266483 265.244791428344 266.596444386248 265.43436287696 265.174807499191 267.016311219639 267.863491819525 266.764943145883 264.891651863953 262.740948290921 256.211413072531 258.736974672889 267.502492713816 263.158110587104 259.343611314133 253.229877538153 250.776965211071
