rcp4.5models/CNRM_CM5/sc1gr3.1
NCOLS 261 
NROWS 433 
XLLCORNER 336357.134 
YLLCORNER 654653.479 
CELLSIZE 1000 
NODATA_value -9999 
[rows 352 to 373 of 433, columns 100 to 149 of 261]
276.813533814653 277.013908153767 270.831850707963 261.9845220374 258.206840423416 262.806100400805 269.245159353099 273.393699343605 273.469692481704 271.979685321094 271.295884280606 271.366752257049 264.077385071308 256.377756513117 252.010628134626 250.490818598759 247.884780382985 245.820713504817 240.532190628107 -9999 229.397911784235 217.916865411144 214.540466649162 209.432170706058 216.400773713037 225.949332689955 234.094835185805 241.881189429464 248.852592653577 251.455392395578 251.477064776835 251.877072781443 252.595549140353 252.80910279082 252.644002267999 252.25790589553 250.511463103898 250.625833056102 251.593124029298 252.154150280032 254.207705021262 -9999 -9999 248.749873295532 251.379777103966 251.201990326309 255.805020716424 261.09276215585 259.682514002 263.608530023697
274.111734113036 278.184515753711 273.614093221246 263.284605493855 252.463365348934 250.327342662299 257.535558857551 266.790334348854 272.806196009915 274.24840571386 273.494734781724 272.323527313887 270.461336702646 265.522429286688 259.981733821162 255.93890573225 250.409652443448 247.090195366913 249.633705902255 256.172983099722 252.164104210009 239.652632178482 232.929229848544 224.241871744603 229.29166460579 232.416807429834 238.389836080913 245.580039731007 251.442212891326 252.729426683406 251.868694428082 252.660341449108 251.904870487607 252.190146749153 251.451010908118 253.103058709546 253.679654151294 253.455232782368 253.406473611991 253.866707160458 -9999 -9999 -9999 249.717060553638 249.927652621536 249.016833818247 254.793404062436 258.834136616223 258.82972963201 264.370676639315
270.593251394678 275.143917700557 275.495918215225 272.706467718231 261.371310501706 250.994367375396 249.576279477496 255.890369403 265.993246828458 270.988987857224 272.841528910469 273.530740915663 273.061409733492 271.189367293047 267.800653025971 261.409284388531 251.868046010311 249.604180518182 258.715629769179 266.395317965377 263.420947808977 257.748869609342 251.100354583583 244.671128271579 250.942183374104 251.596776381742 253.68725931937 256.965501973862 257.920129475333 255.967434716676 254.897652562047 254.418450019331 251.791815475909 251.360943703287 250.914268910911 250.317266987968 252.493314510484 251.960742790776 252.372300079043 254.15585185587 -9999 252.210736197676 249.967093227139 247.418671450873 245.448975218896 247.814347805086 256.431780657503 258.057364886059 260.236638263209 267.954101707004
270.437634921872 272.66013718907 275.191068322112 277.112882821204 272.208618603718 264.416851438928 258.553308774807 253.099737238011 252.497586897809 258.482145487784 264.410230735004 269.373483143761 273.504511601402 273.600813916348 272.578137246925 268.464835103343 261.259279377347 260.597269037963 267.626650263853 270.976790687615 269.314554479445 267.060042239361 264.657621980719 261.215660062017 260.890923979457 262.272508926622 258.500932922112 253.318078810336 252.443459728176 251.042998617522 251.725408672413 252.105592103615 251.657529288158 251.706087186078 250.914700265904 250.223462843949 250.119729953626 249.144490939243 249.826245136804 251.089962864495 250.953127117367 249.188570891358 246.410962505297 244.367642016959 243.818442698156 246.699448874191 256.710927553177 256.951632658931 259.498853102446 268.552158887437
274.670325889345 271.606795815217 273.338079449912 276.919967998085 276.873374559494 274.06396970448 269.573533367107 261.676416890004 249.882081773269 244.367372670278 249.217387448314 259.817409376366 271.619091068989 273.138636301852 273.727546159276 272.076947888898 269.466043236109 269.206097580119 271.223577835369 271.634099115174 270.837242403996 270.214696381903 270.709494585556 269.468819807749 263.794534713804 258.173646359695 251.955524506129 245.864585593579 241.910158750086 238.25662103944 241.6891364756 246.274241951514 249.655347664516 250.651746618048 249.954039596265 251.294280135896 251.64054480574 251.637169528781 251.448756469189 250.780678349592 249.02791201017 246.696911904386 245.455559990944 247.113079825885 248.571367854812 250.293775155817 255.602969043123 255.022010598056 261.134163361886 271.327868156544
276.541796242422 271.875946825429 273.131268207712 274.950144136052 273.066670477693 273.863525459903 274.413999952836 270.503695543422 262.502771292376 252.334820017425 249.693344736162 254.738686436551 268.219336993585 271.496556832418 271.700628059907 271.035545462626 270.864389389495 270.961949773435 271.587253497417 271.788236188504 271.968236398755 271.973066790778 271.924576064766 271.811205153978 264.650594662554 258.060095331793 253.352909961899 250.12082756078 242.676695032612 234.571873985491 235.379918008728 241.246422998285 247.157023464504 248.577139540195 249.389810202074 248.682568953717 251.595861544986 253.323639151786 253.533422273868 252.855494648786 251.149751695811 249.521789773696 249.256087476775 251.382409249939 253.479909526207 254.151504216671 254.150002172088 256.229684460833 269.040813793898 274.639921621065
276.598138684589 275.52773742917 275.726378242778 275.13785330884 272.62730462763 273.932713064293 276.74215478632 274.50095965649 272.403830520297 267.954684078807 262.432941596746 261.692906955688 268.061961389774 270.6279985363 270.918294341875 270.634215610622 270.070760313904 269.511944336743 269.462776851731 270.801449782981 272.70406303414 271.946343902387 270.768264254768 269.985894324624 263.531097481218 261.730001665533 259.861361445492 256.543998270986 249.814293436875 245.80124020771 246.159172169579 247.428966065716 250.306686887855 250.214321005652 248.824990252958 248.631539953293 252.770203948767 254.092484197895 254.727071897542 254.546209636012 254.019194091056 253.441187140169 253.231546698565 253.841166027748 254.673953261831 255.487524508242 254.286737758027 261.382093624791 274.086633743498 274.564442782876
275.166424281889 277.13587366123 276.905795255368 277.152531163839 275.528122824859 274.333598155542 275.610871450601 275.862066395452 275.838721993881 273.001976397288 268.54942980386 267.814460048045 269.054191975375 270.414723622163 270.66046427111 271.177485195903 270.079724512082 267.71705324823 267.716886445771 270.549366253635 272.505781005037 271.389751473071 269.916576736422 267.434641619386 262.217419256079 260.442230586375 259.004217732629 256.002789149209 252.567969442004 255.28336328717 258.255327668288 255.755187587525 255.728849357203 255.796877234867 252.633598256232 250.867935770255 254.695828069861 255.645169911964 258.405940956836 262.032260030868 259.009969854188 260.941908757431 261.15209053489 260.105028755744 263.675673074973 264.088857445263 263.432467726892 269.263362063304 274.576954317427 274.633160604084
270.382952557584 270.931049413845 273.344759763286 275.313983795332 276.504903225712 274.01336703318 271.843084534043 272.55253875035 272.785617389147 272.360931444418 272.022096641932 273.160018601795 271.430582556686 271.248553464148 270.782705265542 271.880444843811 272.644176261758 272.840024215764 272.649088213761 272.370212341712 269.662428963194 267.224430165502 267.714390849243 268.611565023873 267.156416933352 265.59879690595 263.772715621874 262.304053043191 265.113910732254 263.889213061099 258.510145612932 259.617628261662 260.796803275682 260.540015605219 259.368959533788 263.957069730525 267.717236103665 270.2557945139 270.298765385831 271.915392630163 272.684741532471 273.197656498824 273.21569791744 273.463182242526 273.916032507482 274.147705645844 274.196323125128 274.711043569509 274.819916868121 274.740401585784
269.276086285188 269.027652899929 267.081992975586 267.817567199615 271.387077840097 273.222818970952 273.978712217447 272.336081599108 269.932512721299 268.392593595789 267.208569921649 268.457534492713 265.677937837963 264.064683477014 263.151289367265 266.098616086076 270.23651493417 271.349131065011 270.944245882698 270.857134875599 269.263768980288 267.292403064257 265.275003097523 264.84320618941 265.441716880936 265.162242202419 263.983775035544 259.893846863728 259.711777074155 264.996169276111 263.406841324602 262.151369080257 262.348939315457 259.565081249461 256.869564711875 260.873989174311 263.467549303205 266.627095522243 268.119183928437 270.698295552493 271.635109903241 271.967912447097 271.975030845303 272.658906347259 273.538950223871 274.163284420012 274.651958217691 -9999 274.941378698493 274.748880777756
260.514991023894 269.245797607536 265.17849848436 259.953558531258 262.925388872368 267.707755055389 269.495395615607 268.716918257373 265.599104816177 262.208693690647 260.672339651337 261.204581171932 259.712243110602 254.477745918687 254.326232469401 260.392367302943 267.185708979406 269.63416312822 269.173234569608 268.87750164111 267.99193283061 266.695331244516 265.449463462825 265.019080959995 261.182587001462 261.27105110827 264.440555575767 264.781595922594 263.284701921812 266.709747880102 268.714681740616 266.085222048674 264.662839542489 262.17457106968 260.434777601424 259.257815242763 260.302908954163 263.077308767885 267.411122231583 269.947366498823 271.16088070418 270.542864677886 270.341967961532 272.43467238442 272.886031078047 273.369465113798 274.428803748292 274.836920635285 275.177126904002 274.862061005141
255.258871651192 265.616739964842 266.468128062745 258.40485598941 254.963185364701 258.160174702204 261.559330861334 265.197440087509 266.025814563316 262.424935983703 259.819287618689 260.294814948342 261.223688500088 254.84656764983 252.975590484049 259.263981001325 265.086403760803 268.20040377706 268.664418509149 267.625821504748 267.08914013088 265.061515007813 264.419329350332 266.001801742735 260.943580269056 260.680295811531 265.620448947905 269.190795722533 270.042235496157 269.756553879453 270.813667328283 269.475073280498 265.819829039445 262.673302018629 260.754594132227 259.726245007562 262.472855987244 264.632510683785 267.106259546959 270.104806219462 270.896666042172 270.224112473666 270.493251137707 272.836518554476 273.098227075902 273.303610693988 274.476512193551 274.835072227914 274.975539629085 274.766048847846
260.039144409344 259.743475645027 266.237159200209 264.99403519918 257.568839212131 253.793976237668 255.04115842458 258.815656457397 263.912192453874 265.8092078012 265.501759055655 265.279522203782 261.840828718818 256.994645977289 256.856134042169 259.992722266306 263.37574843786 266.137416977201 267.98152797385 267.931655049449 267.368013317781 264.384143455506 261.846912699716 261.961416504898 261.457773777975 260.727208385894 262.586280646597 266.393603771249 270.204348350038 271.247359534849 272.571969534092 271.961648527424 269.34156431556 265.069443115135 261.145745385611 258.576586989005 263.873989877976 268.920873276354 268.561307077386 270.186202405915 271.005319223071 271.131253230282 271.980378308918 272.962681720788 273.774380867377 274.099815136177 274.848155585692 274.937338696205 274.649472566375 274.456870414618
262.275152389614 259.952416454148 264.478200272051 268.404966582378 266.904636211845 260.438584268798 254.398938252991 251.628890681445 255.699367484984 261.775101329321 264.397876647783 266.01312699779 264.226844180195 261.660188253906 261.286941235807 260.836332157242 261.982645631043 264.280369410743 267.08861474546 267.804279309248 266.51167144766 265.076557775441 262.906524337622 261.162559148942 259.544684203288 259.064909678945 259.422728519075 263.864043214467 268.885695434678 269.934976102701 271.930932643883 272.885472174201 272.915346518456 270.656322125324 266.451766690591 262.152996324662 266.839020110547 272.025672004504 270.805128970412 270.134424670249 271.622696930924 271.828857713591 272.688807382611 273.429882922119 274.311814125191 274.5860029231 275.136485057199 275.080871013272 274.605107298266 274.329766665021
258.930914117147 259.628702009671 262.014453983286 265.439604081141 269.501330213115 267.648682070665 261.702463129867 255.81379118977 254.659178925089 256.875401472217 257.420114018084 259.363110479015 266.378583461278 265.711300368959 263.46830350648 261.713267294277 260.742729156075 262.632728445171 266.581453471611 267.204223991398 265.754760834822 265.497428472774 264.855369966959 263.903898721613 261.709474194614 261.408333638055 262.29955800459 265.260097130847 267.347805061342 267.890631028585 270.114031059747 271.977383109548 273.113983914623 273.326030912813 272.04202482596 267.836065763046 270.471533378798 272.57475604228 271.919607619793 271.36482207322 272.27022996015 272.788272799229 273.212683082747 273.877732342273 274.773572610482 274.707185222637 275.352412786387 274.953162662404 274.394634823033 274.127364081806
259.147053795663 249.403311697075 253.602713252763 258.053013223761 261.310129264386 263.052336475729 262.300554719122 261.423788524221 260.385363323797 259.680993478216 256.726812652652 254.769287365039 265.003751886531 265.930697677526 265.219919573942 263.037128625152 260.2078996401 261.091868830472 264.551235943079 265.177772816527 265.151445359378 266.187595477964 266.44605426001 266.128335140817 264.829666051566 264.506989888812 265.523329388521 266.309620960775 267.049618413723 267.453877976051 269.215495034617 270.509489430154 271.803424206858 273.317856451259 273.331985498087 271.074689504716 271.849609432421 272.828789520488 272.9510361048 272.954416855457 273.288536214696 273.69406001676 273.833159082756 274.223168332892 274.95134379963 275.129879763705 275.131657344149 274.58553850147 274.223104038974 274.23532561488
258.300504957737 248.778123304721 247.369334643903 247.495777201587 246.84741907377 247.758396520591 249.607601508055 252.249307795924 254.951220904899 258.197359837659 258.001451023346 255.311755282342 261.793034075536 263.903302459033 264.533696935477 263.590303912649 262.415664758048 261.52297981213 261.559303071415 260.995760151899 261.524128487673 263.610802592131 265.672148692438 267.11733255779 267.235797546124 266.956898709168 266.645920593117 266.537252165797 267.129215527818 267.559353840872 269.162508460877 269.281235339906 270.395513095664 272.790346367695 273.173837873174 272.870949145795 273.043070777119 273.231400224313 273.452021224206 273.606230075578 273.94162582477 274.152359112518 274.212755027108 274.671120020416 275.097567847131 275.502025801693 274.69102701067 274.528179297549 274.437414683212 274.464445700878
250.235851054761 254.190157731895 252.130987494954 246.755339705582 239.808044097855 236.162147209562 236.250518851492 238.43469572796 240.233647898017 242.944962948027 248.032859945171 250.34902923868 254.706583737505 257.694248639217 258.980100791474 260.990269848165 262.838694433668 262.042467580706 261.192373040946 260.054627741719 259.425421306129 260.670183358709 263.015826569386 264.725725767991 268.337531667277 268.591919729873 267.974756786722 267.465673560465 267.45889917691 267.911900235039 269.088968899795 268.771740253826 269.780350052209 271.926348778467 271.53932874928 272.125934116953 272.829355890988 273.250758145717 273.555612093987 273.693660222584 274.157882251107 274.624412043635 274.403751184294 274.626174890165 -9999 275.540693479585 274.500836083414 274.692701003239 274.60475922262 274.399641151951
245.115913319244 251.231067913693 255.825046534423 254.52186874919 248.256969167553 241.181417986128 233.926335926455 232.418067459996 232.530511563153 232.000469850117 234.471409101257 236.303739724952 244.822454779964 248.739060108819 250.815718806937 253.889771663747 257.016972238692 258.139242587797 259.258311241529 260.59766376989 260.420789783747 259.287829398696 260.571506010658 263.008345296954 267.16897735249 267.41752504063 267.640921924566 268.20607010921 268.680108241185 269.033277905784 269.569954160103 268.859911771496 268.911310030011 270.315504445218 269.899064619122 271.28570069161 272.301369683318 273.056122754444 273.609533452368 273.597416627258 273.996580615491 274.491952606603 274.409696872553 274.465734787353 -9999 275.547629774191 274.66448888111 275.011508073708 274.769469842269 274.333508617318
257.292532950899 243.852414588759 241.945818133846 249.661779593896 253.223602196994 253.789612512311 253.663601168593 252.226413734492 251.28438729067 251.275148913685 248.687190724684 241.555392864648 231.304803517012 226.729110654385 227.990299018559 233.605373129436 238.118245538118 240.705856164884 245.5191179113 252.80189656891 255.748299387159 256.1030795095 254.439093752599 253.080014256224 257.188903180454 260.109070777803 260.430315640854 259.131039623409 261.249859199297 265.135977731155 268.360274135871 270.689142149464 270.803075421272 271.118768152097 271.238079364663 268.816599065836 268.620849662377 271.299631326082 272.668813864651 273.270970147663 273.828290969905 273.815923111442 274.112999422647 274.717904197998 275.235016070111 -9999 275.20280200059 275.207599725889 274.81995856581 274.195355964674
261.895844553255 250.763433999039 246.854505075862 248.081973152198 248.208073599414 249.075171153581 252.953261835165 255.309520719214 255.545324344928 256.133494102727 255.080489226899 251.934837163091 243.33902899659 234.163691625322 229.272264582788 229.371094688153 230.144023243755 231.356076246159 237.530320279411 246.974196721552 249.805158086721 248.765237819887 247.283405757382 246.690096275825 246.025279310527 250.642984082901 252.26979140078 251.661474491149 253.872746999939 258.616940132643 262.521515930629 265.681382958283 267.839667030077 271.114984173225 272.44329817643 266.757770119567 264.010926818262 267.502476197459 272.224185791811 273.411156998259 273.56634259982 273.749313025471 274.382351990174 274.781171047273 -9999 -9999 -9999 275.019445262044 274.782979272706 274.648356350991
260.534451873052 257.86528094037 253.208251781215 249.203294091355 246.025574609259 244.795582427453 247.297575394006 253.103311339743 256.346121008987 256.480063044293 255.493675601455 253.579627504998 246.686687347752 242.467941409151 238.184347614986 234.687324425993 230.775154840454 230.004290419596 231.954944204753 233.397154298142 233.744912347596 232.867253333317 235.599521924879 237.739293672123 233.704416648408 237.408019727982 239.102634355338 241.900493376094 247.812070316016 253.064466198964 255.277804235236 256.064650319028 259.480076419246 267.695200121591 273.512619799916 264.293063479802 259.455205394514 263.537513796178 270.816769901252 273.616832485705 273.952454268056 274.488266354221 274.894735195368 274.903964311291 274.832908326865 -9999 -9999 275.202245686613 275.143172996977 275.2231328338
