rcp4.5models/CNRM_CM5/sc1gr10.35
NCOLS 261 
NROWS 433 
XLLCORNER 336357.134 
YLLCORNER 654653.479 
CELLSIZE 1000 
NODATA_value -9999 
[rows 391 to 413 of 433, columns 150 to 199 of 261]
135.203826904297 133.299926757812 131.27311706543 129.146850585938 127.82154083252 127.108108520508 126.708457946777 126.066360473633 124.495002746582 124.468246459961 124.05069732666 123.856689453125 123.915809631348 124.243766784668 124.557350158691 124.780487060547 124.980422973633 125.133110046387 125.993209838867 127.072059631348 126.822944641113 126.728126525879 127.114242553711 127.775451660156 128.775421142578 129.863510131836 130.909164428711 132.192352294922 133.104476928711 134.056838989258 136.831085205078 138.022521972656 139.54426574707 141.138275146484 142.45637512207 143.482192993164 144.812088012695 146.408050537109 -9999 149.836395263672 151.772232055664 153.619567871094 156.895889282227 159.028274536133 160.69255065918 162.724136352539 164.754959106445 166.446807861328 168.163024902344 170.287475585938
134.494064331055 132.214599609375 130.511322021484 128.770492553711 127.408538818359 126.221420288086 125.405654907227 124.864555358887 123.666152954102 123.713409423828 123.497993469238 123.366973876953 123.546699523926 123.978675842285 123.480270385742 123.573509216309 123.837501525879 124.19034576416 -9999 125.976913452148 126.043754577637 126.085350036621 126.410682678223 126.982887268066 128.066848754883 129.065170288086 130.201065063477 131.380523681641 132.432800292969 133.374008178711 135.807861328125 137.277374267578 139.043395996094 140.247604370117 141.647384643555 142.814239501953 143.960189819336 145.651428222656 147.355987548828 -9999 -9999 152.693832397461 155.963150024414 158.09001159668 159.820617675781 161.974380493164 163.579971313477 165.360748291016 167.357849121094 169.351501464844
133.992523193359 131.580062866211 129.875213623047 128.145004272461 126.910835266113 125.813545227051 124.643630981445 123.848762512207 123.461585998535 123.434013366699 123.015365600586 122.764808654785 122.879898071289 123.245498657227 122.774063110352 122.835472106934 123.169464111328 123.263580322266 123.742118835449 125.186218261719 125.80549621582 125.921051025391 126.166969299316 126.699165344238 127.427619934082 128.515075683594 129.495681762695 130.523025512695 131.576232910156 132.552215576172 134.998733520508 136.55436706543 138.314071655273 139.699752807617 140.666351318359 142.214569091797 143.511917114258 145.039276123047 146.902282714844 148.372955322266 -9999 151.621505737305 155.242492675781 157.319869995117 158.840927124023 160.869354248047 162.635711669922 164.399719238281 166.435516357422 168.50715637207
133.970825195312 131.821548461914 129.998275756836 128.068023681641 126.492835998535 125.338203430176 124.0458984375 123.313919067383 122.793167114258 122.706726074219 122.359764099121 122.15355682373 122.139114379883 121.77481842041 121.973335266113 122.289405822754 122.539588928223 122.810653686523 122.916366577148 124.412536621094 125.429100036621 125.371772766113 125.687507629395 126.024139404297 126.699493408203 128.082015991211 129.078567504883 129.842864990234 130.874664306641 131.703033447266 134.427993774414 135.73698425293 137.301162719727 138.914108276367 140.027069091797 141.443145751953 143.063735961914 144.548934936523 146.142700195312 147.87663269043 149.140960693359 150.711349487305 154.539184570312 156.565628051758 157.875381469727 159.728530883789 161.581649780273 -9999 -9999 167.451904296875
132.10563659668 130.959762573242 129.270599365234 127.957534790039 126.370109558105 124.530303955078 122.866676330566 122.002319335938 121.216583251953 121.154998779297 120.683959960938 120.207344055176 120.490028381348 120.849662780762 121.20191192627 121.109130859375 120.916748046875 121.110832214355 121.502799987793 123.142196655273 123.934188842773 124.548286437988 124.939292907715 125.138046264648 125.596015930176 126.349739074707 127.32738494873 128.578002929688 129.379974365234 130.633010864258 132.834045410156 134.477905273438 136.022598266602 137.106689453125 138.788375854492 140.440307617188 141.710067749023 143.320220947266 144.829147338867 146.382171630859 147.905960083008 149.484313964844 152.82633972168 154.764617919922 156.343627929688 158.130737304688 160.065887451172 162.081024169922 163.870086669922 165.739410400391
130.515975952148 129.609237670898 128.453002929688 126.835784912109 125.025062561035 123.623962402344 122.284164428711 121.34969329834 120.331481933594 120.073875427246 119.964546203613 120.027519226074 120.561470031738 120.892517089844 120.508323669434 120.313858032227 120.320892333984 120.442733764648 121.449142456055 122.287658691406 123.469665527344 124.427803039551 124.679138183594 124.878341674805 -9999 -9999 126.85326385498 127.687187194824 -9999 -9999 132.26530456543 133.551605224609 134.944305419922 136.356292724609 137.929504394531 139.618759155273 140.959136962891 142.525482177734 144.210662841797 145.77507019043 147.104598999023 148.853927612305 -9999 153.86848449707 155.468673706055 157.397171020508 159.365219116211 160.962875366211 162.815704345703 164.885604858398
129.550765991211 127.839309692383 127.295562744141 126.105369567871 123.971290588379 122.674125671387 121.723243713379 120.785331726074 119.814918518066 119.543411254883 119.386192321777 119.775093078613 120.079620361328 120.163841247559 119.7626953125 119.57194519043 119.554138183594 119.727592468262 120.769035339355 121.379341125488 122.659072875977 123.909439086914 124.908821105957 124.429794311523 124.789970397949 -9999 -9999 127.270416259766 -9999 -9999 131.777053833008 132.970016479492 134.250213623047 136.068923950195 137.549499511719 139.015838623047 140.392623901367 141.778900146484 143.387512207031 145.099533081055 146.533218383789 148.154495239258 -9999 -9999 154.903884887695 156.703598022461 158.285369873047 160.122268676758 162.176879882812 164.04216003418
128.925552368164 126.817390441895 126.000617980957 125.630409240723 124.178344726562 122.374633789062 120.979423522949 120.108863830566 119.409927368164 119.260475158691 118.831520080566 118.922554016113 118.679023742676 119.115074157715 119.082496643066 118.621932983398 118.833686828613 119.342788696289 120.024131774902 120.98454284668 121.936492919922 123.489677429199 124.76708984375 124.029670715332 124.391845703125 125.227333068848 126.081283569336 127.038047790527 127.804016113281 128.927352905273 131.295059204102 132.538070678711 133.833190917969 135.28385925293 136.865753173828 138.28987121582 139.638229370117 141.213623046875 142.590026855469 144.115356445312 145.782669067383 -9999 151.006317138672 152.333419799805 -9999 155.965469360352 157.462387084961 159.500900268555 161.350189208984 163.130187988281
128.122329711914 125.897125244141 124.701370239258 124.241767883301 123.714935302734 122.132392883301 120.753967285156 119.55525970459 118.777236938477 118.507690429688 118.050003051758 117.941734313965 117.611854553223 118.366752624512 118.688941955566 118.260330200195 118.561073303223 118.885681152344 119.424812316895 120.814804077148 121.836753845215 122.999786376953 124.007820129395 124.100288391113 124.237899780273 124.826332092285 125.628364562988 126.5009765625 127.348587036133 128.437728881836 130.84504699707 132.352478027344 133.262176513672 134.546920776367 136.322265625 137.568664550781 138.88720703125 140.713043212891 142.043029785156 143.486083984375 145.162368774414 -9999 150.26220703125 151.909240722656 153.590606689453 155.157653808594 156.903228759766 158.865875244141 160.451232910156 162.293838500977
127.642890930176 125.312637329102 123.557563781738 122.620880126953 122.255035400391 121.599853515625 120.518493652344 119.130142211914 118.248756408691 117.825698852539 117.368621826172 -9999 -9999 117.767959594727 118.125877380371 117.733139038086 118.029975891113 118.278694152832 118.668067932129 120.384002685547 121.564613342285 122.356712341309 123.158668518066 123.939140319824 124.252288818359 124.877395629883 125.306823730469 125.977806091309 126.94450378418 127.980484008789 130.207122802734 131.648666381836 132.846221923828 134.143127441406 135.601333618164 137.081893920898 138.311950683594 140.011840820312 141.681167602539 142.984146118164 144.655410766602 146.005950927734 149.604263305664 151.447570800781 152.746109008789 154.478500366211 156.432647705078 157.984436035156 159.631637573242 161.728042602539
126.647552490234 124.841041564941 123.118431091309 121.735870361328 121.045135498047 120.923629760742 119.901916503906 118.456604003906 117.392013549805 117.286476135254 116.989227294922 -9999 -9999 -9999 117.205627441406 117.132843017578 117.371055603027 117.741752624512 118.249000549316 119.770080566406 120.759727478027 121.382743835449 122.143783569336 123.376731872559 124.164817810059 124.602699279785 124.865905761719 125.509216308594 126.413177490234 127.642959594727 129.60986328125 130.861602783203 132.541641235352 133.588973999023 134.871200561523 136.659805297852 137.908233642578 139.276153564453 141.191162109375 142.427871704102 144.027526855469 145.642333984375 148.914886474609 150.874877929688 152.039337158203 153.945266723633 155.77294921875 156.997756958008 159.078750610352 161.053588867188
125.18350982666 123.949340820312 122.966384887695 121.006614685059 119.951889038086 120.03303527832 119.371032714844 117.918449401855 116.856544494629 116.689407348633 -9999 -9999 -9999 116.462997436523 116.669143676758 116.947540283203 117.178817749023 117.601737976074 118.295417785645 119.591949462891 120.096862792969 120.439346313477 121.361930847168 123.014450073242 123.89469909668 124.233825683594 124.591339111328 125.130561828613 126.098419189453 127.18058013916 129.22053527832 130.481292724609 131.846496582031 133.181167602539 134.571533203125 136.191604614258 137.43733215332 138.790618896484 140.70426940918 141.986053466797 -9999 144.973541259766 148.349502563477 150.183044433594 151.519027709961 153.346389770508 155.022491455078 156.648132324219 -9999 -9999
124.490684509277 122.967315673828 122.118698120117 120.388114929199 119.067276000977 119.055480957031 118.905212402344 117.885070800781 116.454200744629 116.220588684082 116.138816833496 116.152359008789 116.15308380127 116.285461425781 116.485412597656 116.821044921875 117.172630310059 117.596740722656 118.172218322754 119.355224609375 119.787811279297 120.182914733887 120.861991882324 122.207382202148 123.068367004395 124.034187316895 124.543273925781 125.37476348877 125.968536376953 126.844970703125 128.998718261719 130.108978271484 131.199905395508 132.894638061523 134.029281616211 135.482650756836 137.012451171875 138.457794189453 140.2314453125 141.422698974609 -9999 -9999 -9999 149.421051025391 -9999 -9999 -9999 -9999 -9999 -9999
123.647087097168 121.818550109863 120.677406311035 119.67179107666 118.22777557373 117.958061218262 118.204849243164 117.769660949707 116.221405029297 116.158653259277 115.974891662598 115.927688598633 115.763046264648 115.836128234863 116.155540466309 116.490356445312 116.840827941895 117.154182434082 117.422172546387 118.9072265625 119.55118560791 119.930877685547 120.576271057129 121.323608398438 122.255317687988 123.379364013672 124.525596618652 125.361518859863 125.94100189209 126.663558959961 128.856384277344 129.778305053711 131.051467895508 -9999 -9999 -9999 136.689636230469 -9999 139.553588867188 -9999 -9999 -9999 -9999 -9999 -9999 -9999 -9999 -9999 -9999 -9999
122.372596740723 120.605422973633 119.441879272461 118.502998352051 117.471687316895 116.895088195801 116.962295532227 117.068168640137 116.251525878906 116.305107116699 115.574882507324 115.420524597168 115.308128356934 115.493995666504 115.812927246094 116.093292236328 116.383346557617 116.753204345703 116.848175048828 118.348335266113 119.380401611328 119.753967285156 120.33553314209 121.040420532227 121.98380279541 122.570663452148 123.990310668945 124.93270111084 125.919982910156 126.435562133789 128.766845703125 129.534408569336 130.82958984375 -9999 -9999 -9999 136.423370361328 137.582321166992 138.971649169922 -9999 -9999 -9999 -9999 -9999 -9999 -9999 -9999 -9999 -9999 -9999
123.811569213867 121.727844238281 119.984420776367 118.22534942627 116.914749145508 116.075798034668 115.642456054688 115.425033569336 115.913223266602 115.727722167969 115.432159423828 115.197807312012 115.161781311035 115.409790039062 115.784721374512 115.950378417969 116.127647399902 116.378837585449 116.702285766602 117.625274658203 118.540542602539 118.913360595703 119.594383239746 120.413963317871 121.292350769043 122.288261413574 123.413177490234 124.162956237793 125.00496673584 125.829887390137 127.905227661133 129.383392333984 130.263031005859 -9999 -9999 -9999 -9999 -9999 -9999 -9999 -9999 -9999 -9999 -9999 -9999 -9999 -9999 -9999 -9999 -9999
123.01725769043 122.18888092041 120.812881469727 118.889419555664 117.39087677002 116.412071228027 115.456443786621 115.300407409668 115.696548461914 115.700958251953 115.198265075684 114.83521270752 114.79175567627 115.03694152832 115.638053894043 115.853385925293 116.092842102051 116.225898742676 116.602508544922 117.591644287109 118.494766235352 118.943336486816 119.262908935547 120.071281433105 121.01439666748 122.136070251465 122.766090393066 123.463417053223 124.765930175781 125.487182617188 127.640937805176 -9999 130.032135009766 -9999 -9999 -9999 -9999 -9999 -9999 -9999 -9999 -9999 -9999 -9999 -9999 -9999 -9999 -9999 -9999 -9999
121.682518005371 121.33683013916 121.120491027832 119.519454956055 117.738609313965 116.433486938477 115.63346862793 115.324203491211 115.682876586914 115.346504211426 115.186714172363 114.745147705078 114.669151306152 114.769691467285 115.214057922363 115.653381347656 116.118217468262 116.251525878906 116.626792907715 117.560478210449 118.346672058105 118.848327636719 119.128311157227 119.677375793457 120.865188598633 121.866004943848 122.248336791992 123.179779052734 124.770950317383 125.441680908203 127.636512756348 129.303665161133 -9999 -9999 -9999 -9999 -9999 -9999 -9999 -9999 -9999 -9999 -9999 -9999 -9999 -9999 -9999 -9999 -9999 -9999
121.447830200195 121.001502990723 120.184364318848 118.502243041992 117.274948120117 116.221343994141 115.542457580566 115.018478393555 115.175437927246 115.077194213867 115.012306213379 114.940986633301 115.097145080566 115.07689666748 115.225692749023 115.561424255371 116.038673400879 116.277465820312 116.879234313965 117.630409240723 118.272552490234 118.640182495117 119.100143432617 119.527610778809 120.666900634766 121.60026550293 122.147766113281 123.053169250488 124.421806335449 -9999 -9999 -9999 -9999 -9999 -9999 -9999 -9999 -9999 -9999 -9999 -9999 -9999 -9999 -9999 -9999 -9999 -9999 -9999 -9999 -9999
122.064735412598 121.132102966309 119.26252746582 117.519409179688 117.052116394043 116.473991394043 115.637145996094 114.847633361816 114.827011108398 115.050567626953 115.261360168457 115.482040405273 115.423324584961 115.244613647461 115.504981994629 115.719764709473 115.958106994629 116.308570861816 117.150253295898 117.819709777832 118.252708435059 118.551277160645 119.127700805664 119.620216369629 120.802711486816 121.500679016113 122.225723266602 -9999 -9999 -9999 -9999 -9999 -9999 -9999 -9999 -9999 -9999 -9999 -9999 -9999 -9999 -9999 -9999 -9999 -9999 -9999 -9999 -9999 -9999 -9999
122.531715393066 121.188705444336 119.34797668457 117.61450958252 117.134475708008 116.470069885254 115.759437561035 115.229629516602 115.02751159668 115.336921691895 115.65739440918 115.768325805664 115.695922851562 115.374961853027 115.430549621582 115.759986877441 115.998245239258 116.243698120117 116.960990905762 117.974891662598 118.289009094238 118.538780212402 119.048202514648 119.716285705566 -9999 -9999 -9999 -9999 -9999 -9999 -9999 -9999 -9999 -9999 -9999 -9999 -9999 -9999 -9999 -9999 -9999 -9999 -9999 -9999 -9999 -9999 -9999 -9999 -9999 -9999
122.450202941895 121.433784484863 120.067512512207 117.918403625488 117.315734863281 116.730346679688 115.869514465332 115.677803039551 115.473320007324 115.723609924316 115.795135498047 115.698974609375 115.877548217773 115.823951721191 115.862983703613 -9999 116.077621459961 116.51212310791 117.328254699707 -9999 -9999 -9999 -9999 -9999 -9999 -9999 -9999 -9999 -9999 -9999 -9999 -9999 -9999 -9999 -9999 -9999 -9999 -9999 -9999 -9999 -9999 -9999 -9999 -9999 -9999 -9999 -9999 -9999 -9999 -9999
122.904357910156 121.888687133789 121.012825012207 119.403984069824 118.218299865723 117.338233947754 116.323905944824 116.13166809082 -9999 115.961853027344 -9999 116.13786315918 116.186676025391 -9999 -9999 -9999 -9999 -9999 -9999 -9999 -9999 -9999 -9999 -9999 -9999 -9999 -9999 -9999 -9999 -9999 -9999 -9999 -9999 -9999 -9999 -9999 -9999 -9999 -9999 -9999 -9999 -9999 -9999 -9999 -9999 -9999 -9999 -9999 -9999 -9999
