rcp4.5models/CNRM_CM5/sc1gr9.36
NCOLS 261 
NROWS 433 
XLLCORNER 336357.134 
YLLCORNER 654653.479 
CELLSIZE 1000 
NODATA_value -3.4e+38 
[rows 198 to 219 of 433, columns 147 to 195 of 261]
264.900543212891 259.359954833984 254.496032714844 -3.4e+38 -3.4e+38 -3.4e+38 238.276519775391 233.79621887207 231.873825073242 230.506042480469 228.368911743164 225.082885742188 222.979537963867 222.080688476562 221.410598754883 211.606430053711 181.188537597656 159.927383422852 172.343139648438 194.907608032227 184.779602050781 163.516082763672 188.144668579102 166.105209350586 166.573516845703 166.741439819336 177.206848144531 197.939712524414 188.068466186523 168.637725830078 168.853729248047 169.725357055664 170.404571533203 170.473907470703 170.253463745117 170.73828125 172.0146484375 171.665756225586 171.74755859375 171.985565185547 172.359786987305 173.001434326172 172.669479370117 172.478378295898 172.062271118164 171.450744628906 172.143737792969 171.880111694336 171.681121826172
262.370727539062 257.619506835938 -3.4e+38 -3.4e+38 -3.4e+38 239.502014160156 235.89778137207 233.295684814453 231.572540283203 230.414367675781 227.978973388672 224.947418212891 223.458892822266 222.468933105469 221.97688293457 221.252838134766 211.331253051758 193.793014526367 194.031509399414 202.030075073242 204.792984008789 164.673141479492 185.505950927734 166.970901489258 167.620986938477 167.932327270508 168.380615234375 169.396240234375 169.495193481445 169.816131591797 169.845993041992 170.463577270508 171.081832885742 171.512008666992 171.151290893555 171.782699584961 172.965515136719 172.526229858398 172.180358886719 172.087219238281 172.459060668945 173.121520996094 172.701446533203 172.374252319336 172.052429199219 171.486877441406 172.040573120117 171.97883605957 171.808731079102
261.802520751953 -3.4e+38 -3.4e+38 -3.4e+38 -3.4e+38 240.963302612305 236.447479248047 235.604263305664 235.419097900391 230.968551635742 228.910675048828 225.002471923828 223.997711181641 223.071304321289 222.549697875977 221.955047607422 221.476226806641 212.162857055664 193.632339477539 206.81005859375 206.186828613281 177.585113525391 168.205200195312 168.598434448242 168.482986450195 180.677322387695 204.220092773438 193.367279052734 170.59684753418 170.770874023438 170.874725341797 171.635208129883 172.227096557617 172.472854614258 172.021560668945 172.111099243164 172.856323242188 172.648727416992 172.69384765625 173.253295898438 173.489761352539 174.010513305664 173.82096862793 173.406036376953 172.973495483398 172.087127685547 172.211654663086 172.016052246094 171.711227416992
263.332702636719 -3.4e+38 -3.4e+38 -3.4e+38 249.881820678711 248.112335205078 240.157409667969 238.933975219727 240.6396484375 232.589111328125 230.022750854492 225.406829833984 224.167892456055 223.810607910156 223.644973754883 223.683410644531 212.934265136719 194.100860595703 207.136260986328 215.371566772461 185.665176391602 177.249481201172 169.539825439453 169.592468261719 169.566482543945 180.120834350586 212.108367919922 214.380020141602 171.625915527344 171.943695068359 172.205780029297 186.784561157227 199.739395141602 172.70979309082 173.385467529297 173.731369018555 173.883483886719 173.537094116211 173.730651855469 174.425308227539 174.897262573242 174.860565185547 174.53254699707 -3.4e+38 173.686004638672 173.61491394043 173.307571411133 173.140594482422 172.394973754883
265.83154296875 259.645233154297 -3.4e+38 -3.4e+38 250.356903076172 248.957122802734 242.41015625 239.928802490234 240.416702270508 233.18376159668 230.46369934082 226.854110717773 225.882431030273 225.347091674805 225.714202880859 225.358016967773 215.595474243164 197.452896118164 205.325897216797 206.851547241211 168.32600402832 169.08642578125 171.254058837891 170.758071899414 182.361129760742 194.904434204102 182.992980957031 204.97673034668 196.882888793945 172.895980834961 173.425155639648 200.008193969727 223.476684570312 -3.4e+38 174.561111450195 175.041473388672 174.831985473633 174.527618408203 174.302322387695 174.411819458008 175.169921875 174.979934692383 174.564147949219 174.131134033203 173.856430053711 174.548263549805 174.152221679688 173.847991943359 173.262100219727
267.637390136719 262.408752441406 256.951873779297 -3.4e+38 252.109344482422 249.134201049805 -3.4e+38 -3.4e+38 238.508316040039 233.286468505859 231.12712097168 228.5458984375 228.406311035156 227.116897583008 226.380920410156 225.818801879883 225.637100219727 217.957504272461 209.288101196289 208.365158081055 180.339141845703 192.319808959961 172.266464233398 172.083938598633 182.303314208984 192.572250366211 174.048233032227 196.84733581543 232.244857788086 199.522857666016 188.32048034668 -3.4e+38 224.986694335938 174.717849731445 174.682968139648 175.54231262207 175.964218139648 175.618942260742 175.417556762695 175.435241699219 175.94091796875 175.863250732422 175.678619384766 175.268371582031 174.853698730469 174.443237304688 174.277160644531 173.886505126953 173.477279663086
268.810363769531 263.573455810547 259.030914306641 -3.4e+38 254.623580932617 252.584930419922 248.59944152832 -3.4e+38 239.256912231445 234.605499267578 232.744186401367 231.307601928711 230.683929443359 229.098251342773 227.447036743164 227.040191650391 227.898818969727 228.309707641602 228.347457885742 220.440048217773 212.463363647461 212.283264160156 173.408737182617 173.320983886719 174.068206787109 174.86701965332 175.175170898438 185.624938964844 220.165252685547 236.170867919922 227.965789794922 251.662109375 226.736572265625 175.936248779297 176.01237487793 176.573699951172 176.910293579102 176.606674194336 176.622924804688 176.830871582031 176.921768188477 176.711776733398 176.388259887695 176.207305908203 175.970016479492 175.604187011719 175.067260742188 174.014739990234 173.629501342773
270.501678466797 264.706024169922 260.217010498047 257.527557373047 257.88134765625 255.75813293457 -3.4e+38 245.393905639648 242.639190673828 238.050872802734 236.335906982422 234.133911132812 231.835632324219 230.44010925293 229.406646728516 229.591812133789 230.435974121094 230.938095092773 230.523010253906 231.372741699219 233.059265136719 225.082092285156 186.836715698242 197.803863525391 187.401306152344 200.522735595703 177.162445068359 176.767333984375 187.622451782227 223.422515869141 252.007827758789 -3.4e+38 228.339050292969 176.873626708984 177.375930786133 177.144470214844 177.137069702148 177.693405151367 177.930313110352 177.991088867188 177.015151977539 176.830169677734 176.552291870117 176.595672607422 176.834259033203 176.512298583984 175.931411743164 174.907653808594 174.658432006836
272.454071044922 266.641693115234 262.416534423828 260.977722167969 261.91650390625 259.389343261719 257.138793945312 254.667709350586 249.103866577148 242.486053466797 240.406509399414 235.801681518555 233.573989868164 232.097839355469 231.820037841797 233.040435791016 233.754043579102 233.833557128906 233.439056396484 234.31169128418 236.102600097656 237.357345581055 209.851516723633 196.413772583008 199.698776245117 222.601745605469 178.132736206055 178.108932495117 178.628387451172 190.198654174805 227.619262695312 256.429168701172 230.181121826172 178.000457763672 178.458084106445 178.248916625977 178.227600097656 178.546798706055 178.639984130859 178.984817504883 178.162155151367 177.957061767578 177.637939453125 177.77360534668 177.745620727539 176.297027587891 176.138061523438 175.753997802734 175.637847900391
275.228607177734 270.170654296875 265.922607421875 264.574584960938 264.346496582031 261.543853759766 258.369262695312 257.99365234375 252.281814575195 246.23567199707 243.359786987305 238.019378662109 236.612884521484 235.753158569336 236.139221191406 236.591888427734 237.264266967773 236.570877075195 235.885925292969 237.29377746582 239.00569152832 240.431243896484 232.623306274414 214.867538452148 214.467102050781 200.353103637695 179.397079467773 192.944961547852 206.467330932617 180.169952392578 206.607925415039 258.823394775391 247.911605834961 180.288299560547 179.441314697266 179.211303710938 178.86491394043 178.895904541016 179.240188598633 179.4013671875 179.075256347656 178.760971069336 178.474899291992 178.952819824219 178.648147583008 176.331573486328 176.036026000977 175.74836730957 175.711822509766
281.165832519531 275.863037109375 273.978485107422 272.043975830078 268.841003417969 265.357452392578 266.356140136719 268.421112060547 260.403411865234 253.57763671875 248.614700317383 243.56413269043 241.800033569336 241.351013183594 240.595993041992 241.175552368164 242.09748840332 242.375549316406 242.404083251953 242.363342285156 243.591369628906 244.779190063477 247.563140869141 240.230758666992 208.657196044922 184.057189941406 196.774673461914 234.99885559082 247.947967529297 211.316482543945 183.126007080078 182.747955322266 182.738311767578 208.638107299805 182.693328857422 182.047500610352 181.402145385742 181.582534790039 181.659591674805 181.451477050781 180.886978149414 180.311279296875 180.244735717773 179.880523681641 178.826370239258 178.144958496094 177.822402954102 177.120056152344 176.714385986328
283.773742675781 279.951538085938 278.020294189453 276.126892089844 273.521545410156 269.840301513672 271.316650390625 272.918548583984 260.353790283203 255.443344116211 251.173904418945 247.19123840332 246.240753173828 244.85368347168 -3.4e+38 245.089294433594 245.003662109375 244.452377319336 245.043502807617 245.54248046875 246.087066650391 247.1240234375 250.290313720703 240.469009399414 206.300918579102 185.350051879883 210.585098266602 260.663970947266 262.654663085938 237.00944519043 184.073715209961 183.950942993164 -3.4e+38 183.882553100586 183.649551391602 201.266494750977 217.932708740234 183.05842590332 182.728332519531 182.075927734375 180.791412353516 180.81169128418 181.311981201172 180.867126464844 179.606521606445 178.419525146484 178.673782348633 178.396759033203 177.597030639648
288.09130859375 284.613677978516 281.328735351562 278.662353515625 276.273468017578 273.351867675781 274.919403076172 274.623138427734 261.998352050781 257.549835205078 253.418960571289 250.500579833984 250.414047241211 249.01628112793 248.715866088867 -3.4e+38 248.19856262207 247.531036376953 248.048553466797 249.105438232422 249.713653564453 251.023666381836 254.055389404297 232.870040893555 186.647064208984 186.550857543945 198.701873779297 236.213943481445 265.083862304688 254.078628540039 215.145629882812 -3.4e+38 -3.4e+38 184.949035644531 184.737319946289 199.669189453125 214.060501098633 184.632629394531 183.567642211914 182.851974487305 182.132904052734 182.004180908203 181.332916259766 181.031524658203 180.462051391602 179.379455566406 179.18635559082 178.800231933594 178.438613891602
291.841430664062 287.667510986328 284.411712646484 281.366729736328 279.050750732422 276.941864013672 277.093322753906 272.673675537109 264.991668701172 260.929870605469 256.927520751953 253.424133300781 252.818801879883 251.90266418457 252.712661743164 -3.4e+38 252.534393310547 252.082870483398 252.328643798828 252.781494140625 253.562301635742 255.098220825195 257.321136474609 247.990310668945 214.515228271484 202.366119384766 229.98225402832 -3.4e+38 268.25390625 269.761840820312 259.159759521484 -3.4e+38 219.022689819336 220.066024780273 185.908462524414 204.425323486328 221.724868774414 185.631851196289 184.31787109375 183.486801147461 183.685012817383 183.370422363281 182.421859741211 181.697143554688 180.651718139648 180.832565307617 179.946899414062 178.94499206543 178.565505981445
294.18115234375 289.767242431641 287.278717041016 285.157165527344 282.829620361328 280.483734130859 279.109039306641 273.469787597656 268.968322753906 264.742614746094 261.497344970703 256.759307861328 -3.4e+38 -3.4e+38 -3.4e+38 -3.4e+38 256.519775390625 256.872436523438 256.632263183594 256.76904296875 257.995513916016 259.381561279297 260.759490966797 261.847442626953 252.948455810547 243.660049438477 -3.4e+38 270.049530029297 271.979553222656 -3.4e+38 260.490020751953 246.020660400391 247.732498168945 251.189895629883 206.241241455078 239.581985473633 217.405334472656 186.014434814453 185.53938293457 185.187561035156 184.814559936523 183.75666809082 183.365615844727 182.679473876953 -3.4e+38 -3.4e+38 180.953979492188 180.047897338867 179.827011108398
-3.4e+38 293.276428222656 290.015930175781 288.096893310547 285.413177490234 283.786468505859 282.527648925781 278.050262451172 273.299560546875 268.64111328125 265.606018066406 262.021240234375 -3.4e+38 -3.4e+38 -3.4e+38 -3.4e+38 260.514282226562 260.932495117188 260.702575683594 261.113525390625 261.9482421875 263.186126708984 265.044769287109 266.694976806641 268.622955322266 270.188018798828 -3.4e+38 273.809112548828 260.814880371094 231.449523925781 234.715637207031 237.804489135742 234.963104248047 273.314849853516 241.157363891602 219.256881713867 207.784362792969 245.721252441406 226.027160644531 186.236236572266 185.788528442383 184.857192993164 184.115020751953 183.318450927734 -3.4e+38 182.901657104492 181.352264404297 180.996170043945 180.969085693359
300.3017578125 297.478454589844 294.251953125 291.798583984375 288.511749267578 288.041625976562 286.815612792969 283.013397216797 277.714019775391 274.450317382812 271.712280273438 -3.4e+38 -3.4e+38 -3.4e+38 -3.4e+38 -3.4e+38 263.880889892578 264.177673339844 265.249877929688 265.345031738281 265.452423095703 266.531005859375 269.588439941406 271.799926757812 273.143676757812 274.978851318359 276.413909912109 277.572204589844 266.974060058594 225.814971923828 224.424697875977 254.610443115234 224.659286499023 273.932434082031 221.163940429688 189.656997680664 226.127593994141 298.354461669922 262.054260253906 187.015975952148 186.188293457031 185.776763916016 185.335891723633 185.022506713867 -3.4e+38 183.22135925293 181.880706787109 181.353713989258 181.778045654297
303.825103759766 301.557098388672 299.414398193359 296.889373779297 293.887268066406 293.670318603516 292.799377441406 287.775146484375 283.47802734375 280.725555419922 278.160827636719 272.453521728516 271.191040039062 -3.4e+38 -3.4e+38 267.831573486328 267.54833984375 268.013549804688 269.665924072266 269.434020996094 269.890716552734 271.326507568359 274.057830810547 276.199737548828 277.039154052734 278.924652099609 265.155029296875 251.186996459961 283.557952880859 271.539123535156 259.888885498047 275.682525634766 262.784942626953 281.398773193359 251.014846801758 230.60612487793 207.515441894531 262.094573974609 286.554229736328 230.71321105957 187.130340576172 186.509796142578 186.333267211914 186.318664550781 -3.4e+38 183.657379150391 183.137573242188 183.102691650391 182.879760742188
308.449737548828 306.530120849609 304.380859375 301.704467773438 299.634765625 299.608825683594 300.158874511719 293.243286132812 289.356689453125 285.649200439453 283.071411132812 -3.4e+38 -3.4e+38 -3.4e+38 273.045501708984 272.434814453125 272.46435546875 273.135192871094 273.830749511719 273.953033447266 274.930999755859 276.077026367188 278.429290771484 280.457122802734 280.866790771484 282.217864990234 271.946960449219 244.638473510742 238.578048706055 238.820724487305 238.766525268555 258.606597900391 278.195892333984 302.165252685547 304.369262695312 267.112640380859 191.922790527344 208.867218017578 243.333038330078 224.909027099609 188.052108764648 188.126419067383 187.450485229492 186.420974731445 186.05549621582 185.07958984375 185.02326965332 184.385726928711 183.773544311523
312.673767089844 310.225036621094 308.223724365234 306.595581054688 305.012603759766 303.9794921875 303.993194580078 299.435577392578 295.600128173828 291.366851806641 -3.4e+38 282.41064453125 281.393432617188 280.521881103516 278.583374023438 277.869201660156 277.691925048828 278.17724609375 278.092102050781 278.720764160156 280.429565429688 281.004028320312 282.643249511719 -3.4e+38 285.114654541016 286.435699462891 289.880249023438 278.427368164062 250.641143798828 250.825820922852 253.015319824219 271.405639648438 266.057830810547 306.579711914062 309.302398681641 270.703033447266 193.231475830078 192.4052734375 214.159439086914 256.637420654297 233.542617797852 188.833053588867 188.414352416992 187.511581420898 186.799072265625 186.636611938477 186.357864379883 185.160446166992 184.169448852539
316.233856201172 313.794555664062 312.301544189453 311.215118408203 310.160095214844 309.247680664062 307.720062255859 303.855316162109 300.544403076172 296.065093994141 292.198211669922 288.125305175781 286.746917724609 285.128051757812 283.58056640625 283.375854492188 283.87646484375 283.712036132812 283.640899658203 284.339050292969 -3.4e+38 285.604705810547 286.969879150391 288.858489990234 289.901336669922 290.972991943359 -3.4e+38 295.717437744141 297.852752685547 303.919769287109 319.564758300781 335.54296875 314.460388183594 310.946868896484 292.037780761719 231.017074584961 194.378692626953 193.542251586914 211.498611450195 247.22868347168 227.917999267578 189.604476928711 188.807235717773 188.641250610352 188.431655883789 187.102890014648 186.764617919922 186.13542175293 185.641021728516
319.055755615234 317.927032470703 316.876129150391 315.503814697266 315.17724609375 315.089324951172 313.188079833984 308.540313720703 304.886047363281 300.353729248047 298.240234375 293.44384765625 291.503723144531 289.910369873047 289.205078125 289.005462646484 289.522979736328 289.57470703125 289.518402099609 289.741241455078 289.722045898438 289.788116455078 291.438415527344 293.849090576172 295.099700927734 296.273193359375 296.576965332031 299.297210693359 302.215393066406 289.133972167969 263.621704101562 299.939453125 342.805023193359 315.594329833984 299.549011230469 263.405487060547 240.318298339844 194.345474243164 193.387329101562 192.372344970703 191.101181030273 190.54020690918 190.083923339844 189.999145507812 189.345428466797 188.195938110352 187.735321044922 187.333755493164 187.541580200195
