rcp4.5models/CNRM_CM5/sc1gr3.32
NCOLS 261 
NROWS 433 
XLLCORNER 336357.134 
YLLCORNER 654653.479 
CELLSIZE 1000 
NODATA_value -3.4e+38 
[rows 374 to 395 of 433, columns 49 to 97 of 261]
-3.4e+38 -3.4e+38 -3.4e+38 269.563232421875 269.463500976562 269.417724609375 269.406860351562 269.325439453125 269.223846435547 269.27783203125 269.393249511719 269.556549072266 269.838409423828 270.220764160156 269.633941650391 269.556732177734 268.592407226562 267.867004394531 268.12939453125 264.935363769531 263.971008300781 266.130401611328 267.518341064453 266.539672851562 266.987854003906 268.627624511719 269.333923339844 269.304656982422 267.821502685547 256.791442871094 255.800323486328 261.437652587891 267.028991699219 268.367340087891 268.065368652344 269.031341552734 271.367889404297 272.106170654297 270.155303955078 268.326232910156 268.632629394531 255.201354980469 255.207168579102 252.922943115234 246.932083129883 245.740814208984 244.669906616211 242.916961669922 246.298233032227
-3.4e+38 -3.4e+38 -3.4e+38 269.663818359375 269.609344482422 269.509948730469 269.464416503906 269.455139160156 269.389282226562 269.717315673828 269.590270996094 269.419128417969 269.926147460938 270.252471923828 269.444946289062 269.412994384766 269.216339111328 267.808013916016 268.852844238281 266.212615966797 265.967864990234 267.632598876953 265.964721679688 264.122406005859 266.334686279297 268.614532470703 269.418243408203 269.360870361328 268.555328369141 255.951538085938 257.840515136719 261.469512939453 265.331268310547 268.026336669922 268.516784667969 267.286285400391 267.681304931641 266.031616210938 264.068939208984 263.84130859375 266.856109619141 254.701293945312 252.429733276367 251.344619750977 246.354843139648 242.514404296875 244.678314208984 244.848541259766 245.570617675781
-3.4e+38 -3.4e+38 -3.4e+38 269.555480957031 269.609588623047 269.591003417969 269.491668701172 269.659576416016 269.560119628906 269.920593261719 269.602966308594 269.714447021484 270.114471435547 269.828552246094 269.015289306641 267.984985351562 267.5751953125 266.993988037109 264.976531982422 266.73486328125 265.893341064453 266.077606201172 264.246459960938 262.618011474609 266.567352294922 268.64453125 268.908447265625 269.489715576172 269.205383300781 260.028594970703 260.247833251953 261.461669921875 264.794494628906 268.184814453125 267.749206542969 266.308532714844 265.943786621094 263.754089355469 262.766174316406 263.564361572266 264.971923828125 255.618698120117 248.843536376953 248.13020324707 247.998748779297 242.91877746582 242.315811157227 245.362991333008 246.680999755859
-3.4e+38 -3.4e+38 -3.4e+38 -3.4e+38 269.514404296875 269.591613769531 269.572692871094 269.595367431641 269.636627197266 270.059173583984 269.662139892578 269.828674316406 270.170288085938 269.624389648438 268.961791992188 267.179992675781 266.657836914062 266.373962402344 264.821411132812 265.091186523438 264.119079589844 265.043060302734 264.010131835938 261.796691894531 264.766998291016 267.933624267578 268.863464355469 269.492828369141 269.273651123047 266.896606445312 265.408355712891 264.909484863281 266.334259033203 267.822021484375 266.663391113281 266.442840576172 266.538696289062 265.484344482422 263.404815673828 263.439758300781 263.923522949219 259.90185546875 254.513916015625 251.62467956543 249.098617553711 245.372695922852 240.607131958008 241.343246459961 244.265106201172
-3.4e+38 -3.4e+38 -3.4e+38 -3.4e+38 269.650085449219 269.563903808594 269.573699951172 -3.4e+38 269.596160888672 -3.4e+38 -3.4e+38 270.144775390625 269.958221435547 269.515075683594 269.300415039062 268.485656738281 267.578887939453 267.268310546875 267.694366455078 263.697357177734 261.557678222656 264.455535888672 266.256561279297 263.613555908203 264.587493896484 267.811584472656 269.019439697266 269.389007568359 269.386505126953 269.121551513672 269.446868896484 266.533447265625 266.339721679688 267.767181396484 267.200408935547 266.702514648438 266.914733886719 265.878814697266 263.389190673828 261.89306640625 263.096832275391 263.315063476562 258.921417236328 254.694717407227 248.526596069336 245.849533081055 244.042877197266 239.50651550293 242.401931762695
-3.4e+38 -3.4e+38 -3.4e+38 -3.4e+38 269.594055175781 269.488708496094 -3.4e+38 269.659820556641 269.569061279297 269.710723876953 269.848571777344 270.192718505859 269.952239990234 269.668121337891 269.444702148438 269.696441650391 269.379974365234 268.177032470703 268.413391113281 264.653198242188 262.431854248047 263.188934326172 265.922332763672 266.867797851562 266.535003662109 267.635345458984 268.794464111328 269.569610595703 269.663146972656 269.194396972656 268.920471191406 265.340179443359 262.242919921875 264.362213134766 266.341552734375 266.603973388672 267.061431884766 266.570190429688 264.932403564453 262.643188476562 262.950988769531 262.915283203125 256.685546875 252.542861938477 252.415924072266 254.533462524414 253.493270874023 246.117416381836 242.079528808594
-3.4e+38 -3.4e+38 -3.4e+38 -3.4e+38 -3.4e+38 269.506042480469 269.481384277344 -3.4e+38 269.427368164062 269.408081054688 269.481719970703 269.74755859375 269.727722167969 269.895690917969 269.708679199219 270.023834228516 270.369720458984 269.245544433594 267.129241943359 265.919494628906 263.763580322266 261.09326171875 262.473052978516 266.55810546875 268.257781982422 268.634063720703 268.955078125 269.652282714844 269.570159912109 269.161804199219 267.810455322266 265.769104003906 260.873352050781 260.516845703125 264.212249755859 264.791839599609 265.528564453125 266.671356201172 266.412811279297 264.952850341797 263.76025390625 264.459381103516 259.012420654297 254.27326965332 258.356079101562 264.032623291016 262.998687744141 256.371490478516 247.94856262207
-3.4e+38 -3.4e+38 -3.4e+38 -3.4e+38 -3.4e+38 269.498443603516 269.264495849609 269.400756835938 269.496215820312 269.382141113281 269.375946044922 269.360015869141 269.441711425781 269.613189697266 269.535522460938 269.563354492188 269.909454345703 269.134674072266 265.555969238281 263.692199707031 262.048797607422 260.045104980469 261.3779296875 264.052307128906 267.729827880859 268.991149902344 268.906280517578 269.306121826172 269.287628173828 268.767883300781 267.598846435547 265.954193115234 263.926361083984 261.269927978516 264.013549804688 263.434814453125 264.598388671875 267.304443359375 267.588012695312 265.763305664062 263.253326416016 264.642211914062 263.56201171875 261.461853027344 263.367614746094 266.280914306641 267.311737060547 261.67578125 255.205230712891
-3.4e+38 -3.4e+38 -3.4e+38 -3.4e+38 -3.4e+38 269.419982910156 268.922760009766 269.392150878906 269.403869628906 269.339202880859 269.272308349609 269.206909179688 269.32373046875 269.289581298828 269.282073974609 269.262817382812 269.401977539062 268.950378417969 265.733276367188 263.133697509766 261.390441894531 261.206726074219 263.150939941406 264.143493652344 266.779571533203 268.500335693359 268.846801757812 269.033050537109 269.080841064453 268.873901367188 266.917572021484 264.849182128906 264.616149902344 262.009582519531 264.370971679688 262.911437988281 264.074401855469 267.735046386719 268.251617431641 265.603973388672 262.902221679688 264.250427246094 266.412384033203 266.480560302734 266.818664550781 267.030639648438 266.703887939453 264.247100830078 260.676116943359
-3.4e+38 -3.4e+38 -3.4e+38 -3.4e+38 -3.4e+38 -3.4e+38 268.743591308594 269.064758300781 269.324310302734 269.290832519531 269.103149414062 269.218872070312 269.282318115234 269.203308105469 269.149108886719 269.172271728516 269.080718994141 269.009887695312 269.422088623047 269.172302246094 269.195434570312 269.221374511719 267.409393310547 266.152770996094 266.910766601562 268.643310546875 269.564270019531 269.344818115234 269.131225585938 269.354858398438 265.183807373047 264.309661865234 265.138305664062 263.040069580078 263.354522705078 262.634155273438 262.308074951172 265.045104980469 267.818023681641 268.679992675781 267.016021728516 266.017639160156 266.578521728516 266.403350830078 264.754730224609 265.51611328125 266.525024414062 266.055908203125 266.202972412109
-3.4e+38 -3.4e+38 -3.4e+38 -3.4e+38 -3.4e+38 -3.4e+38 269.030944824219 268.538787841797 269.126617431641 268.958831787109 269.072235107422 269.296783447266 269.320556640625 268.865295410156 268.948608398438 268.746917724609 268.918731689453 269.067169189453 269.327606201172 269.0703125 269.104187011719 268.94287109375 268.796264648438 268.620391845703 268.718963623047 269.144073486328 269.667327880859 269.625671386719 269.169219970703 269.625549316406 267.123046875 266.1328125 265.447692871094 261.213897705078 261.291564941406 262.758361816406 257.986297607422 260.621215820312 265.771087646484 267.387603759766 268.229888916016 265.408050537109 265.575622558594 267.266906738281 265.839874267578 265.282653808594 265.358032226562 265.204467773438 265.982696533203
-3.4e+38 -3.4e+38 -3.4e+38 -3.4e+38 -3.4e+38 -3.4e+38 -3.4e+38 268.865570068359 268.867584228516 268.58203125 268.52685546875 268.610870361328 268.754364013672 268.438629150391 268.871276855469 268.947540283203 268.787109375 269.042602539062 269.275665283203 269.101135253906 268.336242675781 267.825256347656 268.362854003906 268.907043457031 267.318084716797 266.693084716797 268.09228515625 269.192810058594 269.217041015625 269.407196044922 268.093719482422 264.621185302734 263.303253173828 260.508544921875 259.047637939453 260.870422363281 256.329345703125 259.434417724609 264.526000976562 265.778076171875 267.793182373047 266.8759765625 265.346710205078 264.790710449219 264.824066162109 264.94580078125 263.773590087891 263.691528320312 264.673950195312
-3.4e+38 -3.4e+38 -3.4e+38 -3.4e+38 -3.4e+38 -3.4e+38 -3.4e+38 268.738189697266 268.562255859375 268.835388183594 268.901489257812 268.389526367188 268.360412597656 268.356994628906 268.556488037109 268.819244384766 268.781036376953 268.999908447266 269.298400878906 269.097442626953 268.421600341797 267.480224609375 267.235443115234 268.132659912109 266.706481933594 266.621032714844 267.776123046875 268.719299316406 269.254272460938 269.249420166016 268.420959472656 264.846160888672 262.983184814453 263.299835205078 260.649108886719 257.44921875 255.472991943359 259.488372802734 263.778411865234 265.232177734375 266.688018798828 268.421173095703 266.418395996094 263.788421630859 263.360321044922 264.035369873047 263.796417236328 262.153717041016 258.764251708984
-3.4e+38 -3.4e+38 -3.4e+38 -3.4e+38 -3.4e+38 -3.4e+38 -3.4e+38 268.617248535156 268.798278808594 268.957183837891 269.190155029297 268.675109863281 268.680938720703 268.807189941406 268.644775390625 268.843841552734 268.699279785156 268.576995849609 269.312652587891 269.220245361328 269.166809082031 268.188507080078 267.405151367188 267.236358642578 267.725463867188 266.947357177734 265.591369628906 266.842315673828 268.7451171875 269.171691894531 269.239227294922 268.141326904297 265.839263916016 265.244293212891 261.244415283203 256.754028320312 254.413452148438 254.008331298828 260.606994628906 266.225402832031 266.247497558594 267.480651855469 267.161376953125 264.364349365234 262.652557373047 262.540130615234 263.114318847656 261.194183349609 255.151977539062
-3.4e+38 -3.4e+38 -3.4e+38 -3.4e+38 -3.4e+38 -3.4e+38 -3.4e+38 268.854736328125 268.962768554688 268.751800537109 269.060852050781 268.953094482422 269.004211425781 269.057495117188 268.860382080078 269.029235839844 268.515777587891 268.151397705078 269.210205078125 269.298522949219 269.340118408203 269.008239746094 268.739349365234 266.119171142578 266.962524414062 266.567108154297 264.604156494141 266.539459228516 268.610656738281 268.139709472656 269.030975341797 268.740173339844 265.201538085938 263.136322021484 261.677886962891 259.318481445312 257.232574462891 254.813034057617 261.445129394531 267.750335693359 266.521789550781 265.170074462891 267.375152587891 264.567443847656 261.171112060547 260.274261474609 261.183807373047 260.437744140625 256.602966308594
-3.4e+38 -3.4e+38 -3.4e+38 -3.4e+38 -3.4e+38 -3.4e+38 -3.4e+38 -3.4e+38 268.789123535156 268.920715332031 269.199371337891 -3.4e+38 269.201293945312 269.040832519531 268.958557128906 269.111389160156 268.725067138672 268.214721679688 268.887420654297 269.083526611328 269.179351806641 269.326629638672 269.233642578125 265.0185546875 264.549499511719 265.949981689453 265.677764892578 267.198516845703 268.66455078125 266.717132568359 268.882385253906 267.511932373047 263.1923828125 260.515930175781 261.257110595703 261.042144775391 260.253845214844 260.156768798828 264.942687988281 268.334167480469 266.456237792969 261.472778320312 265.227447509766 266.300689697266 261.933776855469 257.954772949219 258.887969970703 260.365509033203 259.774169921875
-3.4e+38 -3.4e+38 -3.4e+38 -3.4e+38 -3.4e+38 -3.4e+38 -3.4e+38 -3.4e+38 268.783966064453 269.030334472656 -3.4e+38 269.297973632812 269.028747558594 268.539093017578 268.906280517578 269.04443359375 268.696685791016 268.177917480469 268.535369873047 268.563140869141 268.78271484375 269.046173095703 268.974212646484 266.494110107422 265.500946044922 266.038940429688 266.825469970703 267.976287841797 268.706268310547 267.497344970703 268.939849853516 267.119293212891 264.179168701172 261.186584472656 261.960632324219 261.991027832031 260.667633056641 261.116271972656 265.6552734375 268.600189208984 267.028625488281 261.547454833984 261.375518798828 265.510192871094 264.53564453125 259.502777099609 258.804168701172 261.1767578125 262.137237548828
-3.4e+38 -3.4e+38 -3.4e+38 -3.4e+38 -3.4e+38 -3.4e+38 -3.4e+38 -3.4e+38 268.491271972656 268.750335693359 269.159698486328 269.096557617188 269.002197265625 268.49365234375 268.522552490234 268.535003662109 268.363250732422 268.106567382812 268.143676757812 268.046966552734 268.161315917969 268.524322509766 268.775451660156 268.490905761719 266.933624267578 265.878784179688 266.567230224609 267.264099121094 268.412139892578 268.379547119141 268.809234619141 267.815063476562 266.8369140625 263.891540527344 263.119110107422 262.941101074219 261.347991943359 261.055511474609 265.538787841797 268.573089599609 267.960845947266 263.115264892578 259.970916748047 261.865386962891 264.727447509766 263.058135986328 260.883575439453 261.795928955078 262.707885742188
-3.4e+38 -3.4e+38 -3.4e+38 -3.4e+38 -3.4e+38 -3.4e+38 -3.4e+38 -3.4e+38 268.328125 268.521179199219 269.002136230469 269.052947998047 268.720825195312 268.421722412109 268.283203125 268.250030517578 268.556274414062 268.355010986328 268.062072753906 268.061340332031 267.930145263672 268.394775390625 268.430786132812 268.311370849609 267.692230224609 265.611206054688 265.545166015625 265.730773925781 267.467681884766 267.527404785156 268.023742675781 268.529235839844 268.648834228516 266.259063720703 263.287811279297 262.836242675781 261.463409423828 259.146606445312 263.863128662109 268.240966796875 267.753662109375 261.395202636719 260.226409912109 258.452514648438 259.775726318359 263.414337158203 264.806030273438 264.784118652344 264.370483398438
-3.4e+38 -3.4e+38 -3.4e+38 -3.4e+38 -3.4e+38 -3.4e+38 -3.4e+38 -3.4e+38 268.435211181641 268.602691650391 268.840057373047 268.723175048828 268.277740478516 268.143798828125 268.157928466797 268.340148925781 268.468780517578 268.316131591797 268.04736328125 268.199890136719 268.160827636719 267.923370361328 267.883972167969 268.283020019531 268.04638671875 266.513946533203 265.636993408203 264.851104736328 265.870178222656 267.451721191406 267.882202148438 268.444671630859 268.781890869141 267.827514648438 265.877014160156 264.568389892578 261.871551513672 259.764038085938 264.210723876953 268.223754882812 265.326446533203 259.936614990234 257.471099853516 254.150527954102 254.124923706055 258.985717773438 264.982879638672 266.835968017578 265.872833251953
-3.4e+38 -3.4e+38 -3.4e+38 -3.4e+38 -3.4e+38 -3.4e+38 -3.4e+38 -3.4e+38 268.50537109375 268.422607421875 268.328155517578 268.216217041016 268.125915527344 268.223571777344 268.279113769531 268.343048095703 268.298492431641 268.169830322266 268.077392578125 268.224060058594 267.901794433594 266.165283203125 267.012573242188 268.447296142578 266.325439453125 264.088653564453 264.204162597656 264.136932373047 265.117248535156 267.899841308594 267.773468017578 267.959930419922 267.962646484375 268.083648681641 267.864440917969 267.314361572266 264.001037597656 259.6533203125 260.840698242188 265.761688232422 264.121795654297 256.360198974609 256.403045654297 254.00537109375 254.41552734375 256.571533203125 262.563507080078 266.574737548828 266.690032958984
-3.4e+38 -3.4e+38 -3.4e+38 -3.4e+38 -3.4e+38 -3.4e+38 -3.4e+38 -3.4e+38 268.73095703125 268.324035644531 268.142974853516 268.576599121094 268.925506591797 268.319885253906 267.933410644531 268.011535644531 268.289794921875 268.171203613281 267.899658203125 267.995483398438 268.063354492188 267.126800537109 264.89697265625 265.239166259766 267.341247558594 266.915283203125 264.644226074219 264.120727539062 264.791229248047 267.196899414062 267.511840820312 267.818542480469 268.078399658203 267.791076660156 267.617401123047 267.531768798828 268.009582519531 265.945922851562 259.380828857422 262.887115478516 267.709320068359 258.641998291016 258.607391357422 259.070190429688 258.642700195312 258.227630615234 259.213256835938 261.874969482422 263.022369384766
