rcp4.5models/CNRM_CM5/sc1gr0.5
NCOLS 261 
NROWS 433 
XLLCORNER 336357.134 
YLLCORNER 654653.479 
CELLSIZE 1000 
NODATA_value -9999 
[rows 132 to 153 of 433, columns 50 to 99 of 261]
66.5466068195908 66.7594459779015 66.7836740095904 67.2231530316693 67.6051966095788 67.8216449717987 68.3734635880827 68.5041985064177 68.6701510257912 69.1254028393154 69.2303391161942 69.6538606076915 69.4193461434477 70.0344926445207 70.1669990935274 70.363410881886 70.6645465710115 71.052167042904 71.1884213115936 71.4601088577589 71.7836495698311 72.1649023327055 72.5799501158992 72.8385919028899 73.2558126698341 73.3178031046112 73.5371816931452 73.6280907091571 74.1279465831654 74.386784228237 74.620125547194 74.9900981207022 75.1602379224414 75.4449925151992 75.6747597669559 76.0387551710358 76.4371035914911 76.4921433626563 76.8536435064253 77.2558964190409 77.956811137784 78.2392889013368 78.5855598944533 78.8054887425391 79.1281086781326 79.2660795583347 79.5208369511156 79.6700626911936 80.1388902366276 80.1000276049803
66.9612015929481 66.8318779571616 67.0843971393897 67.3456586542328 67.8296212936471 68.0091333686798 68.6246103374297 68.7733915001484 68.8713256945666 69.3267879517959 69.4851453400972 69.8826620678258 69.9828947389193 70.161410130464 70.2392672879013 70.7359492479833 70.9022656724539 71.3172097073841 71.6111293094315 71.871810921218 72.1161710095234 72.4385332346321 72.7823192163643 73.1031338325129 73.4114696286358 73.6143541599219 73.7583713793501 73.8496742759183 74.2388734560755 74.4788866006239 74.7420617243254 75.0309765744044 75.4318872145299 75.6850224854838 76.0467629249964 76.3596289320777 76.6045488076236 76.7077430839951 77.0242209069888 77.3126905049364 78.0879790733418 78.3176797445393 78.5376869530728 78.89744126782 79.1779834093073 79.3962176183336 79.5667184661219 79.962095361261 80.1552882078556 80.2821532351274
67.163124650279 67.1609680179375 67.4796201086155 67.7640192178281 68.1977971197297 68.3481039082671 68.7637524035731 69.0110129041135 68.9445534956786 69.3964852534988 69.6860931285599 69.9040197721206 70.2574795590242 70.3025298603601 70.3880091247651 70.91242579709 71.2467263746469 71.5612942180686 71.8167238079923 72.253271021195 72.4418405263406 72.703331947862 72.9516858404116 73.2882543518565 73.5253206235582 73.765335827867 74.0200386301038 74.199954950355 74.3608672683464 74.6839115975913 74.8399809322531 75.0383900520285 75.5264219462763 75.8285750020431 76.2003571744279 76.5127517580745 76.7543862346991 76.8969403130267 77.1593151634349 77.4032292386509 78.0963871027181 78.3315400339503 78.5612185909253 78.802599017825 79.0214462195295 79.2613143279212 79.5235736586357 79.7822681090999 79.9251312708292 80.2863282292557
67.4935477099194 67.5680015375241 67.7253239268602 68.1544589331449 68.371472365755 68.4839970980867 68.838575418447 68.9851653071765 69.1777650650496 69.6120265032366 70.082215909488 70.2414786234402 70.467666187354 70.658405841639 70.8974351332234 71.1020414261281 71.3643971095895 71.7682753786273 72.1343202677757 72.3637126206968 72.5710362014693 72.7693623204872 73.1097580174071 73.3774424495648 73.6579706791623 73.8425347049877 74.0681311526985 74.3740739204522 74.4798333487911 74.8362212525657 74.8686776948285 75.0505387245618 75.4361273842608 75.8363125897193 76.0562194588948 76.3448958638849 76.7494163620124 77.0208628725235 77.3258212421083 77.4455328552184 78.0049967312396 78.2253461343178 78.6167128700888 78.8136321080873 78.9957964866092 79.3159590298556 79.558148296292 79.8916848313345 80.0096768904575 80.1896117841624
67.7415978026422 68.0375949007531 68.0617860498864 68.3037434580851 68.4762072602119 68.8935435981603 69.2248773995449 69.4601611702806 69.5729346197048 70.0080595501856 70.1295406380023 70.4543260120186 70.7122291246459 70.8459988921902 71.1128320344033 71.4001021738441 71.5869687610493 72.150582093373 72.414510921105 72.6875210227668 72.7695606569654 73.0051423803156 73.4110716184504 73.4264824772785 73.8952940206499 74.17065453617 74.1440947372005 74.4371497266337 74.6525752246815 74.915109454601 75.2681137967707 75.2263365580104 75.6736016762089 75.8963592021343 76.1463268101608 76.3706873943482 76.8268431004292 77.0976736086851 77.3578129223139 77.4500476573936 77.9851717101594 78.2619458843736 78.6293635905625 78.8883775068052 79.0370256412373 79.3998395136906 79.6207556016858 80.0821652089843 80.0517813381719 80.2477066733555
68.0248188903189 68.2449777531926 68.4128540086923 68.5632221800803 68.6733981098737 69.0068050622399 69.4940770294062 69.8036769539618 69.9877182895828 70.3798191048759 70.3678674636062 70.6631666763433 71.0106657203574 71.0426675931063 71.2948793859872 71.6971455620623 72.0649295242907 72.4078447540791 72.518667160776 72.7456703198653 72.9042674003137 73.112138493468 73.5139870902854 73.6833625363086 74.0201360758952 74.614437603935 74.5406232882816 74.4962812349958 74.8097755552557 75.1891253314689 75.5565062327584 75.506906209064 75.8194901452022 76.1663127694368 76.2459550337653 76.5525662548772 77.0957042564662 77.3240391384559 77.5135059568651 77.7436903998405 78.1360268594648 78.3424250913558 78.5460528249742 78.9390727452766 79.1762951631609 79.4513630172411 79.6129128988797 79.782036938335 79.8374891056143 80.2415834644247
68.5612944137376 68.6397264622123 68.9391433593468 69.1316132238068 69.3418117556515 69.515730776586 69.7627199963133 70.3925055472628 70.5038743652519 70.7021856063883 70.942666279143 71.1968721570116 71.3045820444661 71.6001146171757 71.8769651642798 71.996510028257 72.2754173431878 72.7849229225707 73.0433007499669 73.2640640616849 73.5724750040339 73.7431659355271 73.8793367982396 74.2818735452322 74.4194028578742 74.3261902250699 74.8362239746338 75.0736891554825 75.4692349866521 75.4458418274843 75.827538247068 75.9669946222379 76.3449062422921 76.5183843825805 76.4319239814156 76.5337597614176 77.092127599482 77.3253825255976 77.6540745654827 77.8702715911508 78.3463034637338 78.4845368845441 78.7786194714687 78.8673844976187 79.169769727831 79.446237991756 79.5351063656121 79.7084032504159 79.9029809727767 80.1275573031283
68.633433570714 69.0713976744794 69.2445523382377 69.3710570356295 69.5922579011505 69.6410361726866 70.086701513897 70.6468164362761 70.9112836042367 71.0875799519135 71.1673854548023 71.4051995867833 71.4231278952896 71.7331467675655 71.9563553314986 72.313832845004 72.4397030308616 72.8778173396199 73.2130890109793 73.4407526151776 73.7942209900635 73.9728008186741 74.1289645966448 74.3300202244405 74.6351431907424 74.6468317145097 74.8477817872468 75.0128583721222 75.6401577274221 75.7662952285792 75.9548224718618 76.119269258013 76.2203054600602 76.4174442528808 76.4266382720896 76.6431619660977 77.2351156692315 77.5542844471599 77.6602462536625 78.0020929680651 78.3362081490278 78.5469418765411 78.8827031479735 78.9092558630452 79.1403754031938 79.334637299182 79.473601451257 79.6416368647151 79.7759618380117 80.0901066202883
68.8637217023549 -9999 69.2924738915874 69.5982852918248 69.8168319794813 69.8501898709418 70.4376986643575 70.6522830645476 71.0636795095542 71.1832407446042 71.2995354358509 71.5355475960801 71.747174888162 71.8896854838261 72.0192382747572 72.4309665165396 72.6518199697077 73.0746457203516 73.3976818819112 73.5314956492671 73.7688914627039 74.194658766336 74.3415117359211 74.4489616321127 74.6341907351354 74.8258075762891 74.9025874354895 75.0912630382929 75.8486249381054 75.9101648070842 76.0637265910686 76.2149579590802 76.222336940565 -9999 76.7375000965189 76.7329395232004 77.1687110083673 77.4115512494465 77.5304373140111 77.9037123817244 78.2270349227211 78.5699256453414 78.8699447235111 78.9148246424052 79.0054610869938 79.1859108845335 79.5019473515049 79.5602594829079 79.6998827284 80.0047576529533
68.9612360622557 -9999 69.503574711792 69.7157401169812 69.8025905810372 70.196253998672 70.653502946916 70.8474637644787 71.089826292984 71.2268714136207 71.4307934333376 71.5769594018147 71.9316628575153 72.0598103183106 72.2039274029888 72.5027912738726 72.8514631308622 73.2535571212743 73.4585381233483 73.6380716754121 73.8073883285599 74.0893571370256 74.3126187145936 74.6094586997392 74.7348438339728 74.8818948707802 75.1543677467724 75.3508536976094 76.0138766532956 76.0557774231214 76.2656052593873 76.317284748078 76.4431190307329 76.7206881703614 76.761238843743 76.8907564174102 77.1286225098279 77.3184826536203 77.4652733456263 77.8412037015016 78.1941110092211 78.4085157201788 78.7046262556582 78.8730708491984 79.0217919822058 79.2433201648599 79.5650779685302 79.5316616852697 79.669102999173 79.8617811706655
69.2605557794768 69.5272722685701 69.5879689246547 69.6889342413454 69.8695335354172 70.2088132627704 70.8840891571151 71.0929590789036 71.0451071424555 71.3243204128397 71.6567213374734 71.7892620914287 71.966238121071 72.1780249597108 72.3980284131968 72.6798417296539 72.8720826180171 73.3144869359328 73.5649695015013 73.7189724713315 74.0703850031808 74.2334192550421 74.4631228255706 74.6686543832171 75.0189702236321 75.2130466221863 75.4878897578421 75.6520255568704 76.0902470350161 76.0893842514827 76.306410371078 76.416732196908 76.6088464854725 76.6958692649209 76.7181900100365 76.9917524952785 77.2764952827236 77.3971208367287 77.5103429693466 77.8560282867741 78.3012190610008 78.3505322257876 78.5693392314962 78.7969177140123 78.9671078499606 79.1115174539045 79.4209738257171 79.537254189772 79.6805563428018 79.7608496160414
69.5495751847683 69.7217926126059 69.8263849932581 69.9206738836289 70.2570980729156 70.3868892476175 70.9532786043169 71.1212557632224 71.1846259353711 71.3555483075564 71.747270874811 71.9916046599621 72.0155144039257 72.1680552823409 72.5744827842745 72.931388351144 73.1080837896456 73.4649625697602 73.583205488936 73.8878158332781 74.2431899716393 74.4490968653226 74.6234015991397 74.7873902639717 75.1731760388024 75.2519649761175 75.4046999105504 75.7156842023668 76.2348054331112 76.2621077395484 76.3859012107079 76.5124346009792 76.7739802684016 76.8555283616345 76.9041258742805 77.1412926023471 77.3826480956483 77.594506609221 77.7308480593134 77.9363574552836 78.3315031915362 78.458479897985 78.5207632664797 78.6830571297851 78.9592324935683 79.0965158249548 79.2979758214541 79.4529431628047 79.6932275249157 79.8025820084474
69.6974843795072 70.0635047590487 70.1105744138462 70.3088884756831 70.5753952528316 70.6535008473818 70.9739110326918 71.3352849218367 71.4281258539038 71.5199745612218 71.8056211909492 72.0702731672898 72.3122691772191 72.3238656863922 72.7961441763273 73.130954480422 73.3463507039884 73.6595982557344 73.7614410453977 73.9216569386338 74.3237360335904 74.5084990363463 74.7107095600844 74.9033136241489 75.2721906352108 75.1073809582435 75.3977732034217 75.6954784249387 76.2001724080477 76.3244842815467 76.46397410974 76.6846501893139 76.8423361661833 76.9704237663513 76.9945312478987 77.2509950541774 77.5844383006315 77.7604164924884 77.9849948319329 78.0271478320574 78.3596982308855 -9999 78.6827988022588 78.6100125736329 78.8502390189942 79.0639973299909 79.2958583782944 79.4150760870586 79.5701242213181 79.8071502642208
69.9007928244313 70.241930880633 70.300823555513 70.4738451945886 70.6100946077537 70.9099176347061 71.3204745964358 71.6083964619834 71.6962137685701 71.9344918063276 72.1071732421407 72.2398585316878 72.4484192613031 72.4868255307716 72.7207414245507 73.2040109038064 73.5667583125455 73.7205094645071 73.8949222636337 74.2108125146242 74.4671062462686 74.6655649485034 74.8160127193296 75.1068610384703 75.2138135910042 75.3519521799858 75.4703148110573 75.8525247802642 76.2008469629708 76.3461540502365 76.4932056747732 76.8601360617269 76.8963270490026 77.0320446373197 77.0934048459963 77.2822457193456 77.521640468916 77.8624042676999 78.1723989987975 78.1924119795808 78.4468430550703 78.6533859954867 78.8041903524472 78.6975826292935 78.8464114447685 78.9937796234727 79.217333622282 79.4238773482229 79.4389010767897 79.601124183614
70.2587898228762 70.4482234974685 70.537033384626 70.7867404387329 70.8229396055956 71.0987338507816 71.5210638490288 71.7539288726645 71.9431824597405 72.1423961930744 72.2877328757596 72.3921650058807 72.7421191299209 72.8182001266533 72.9628789443881 73.2649754911524 73.6572833675382 73.7349719273441 74.0077109685 74.3062952347659 74.4707640736061 74.7009549639814 74.8968263250593 75.1677018984759 75.2920681712549 -9999 75.5700132791323 75.8657243443242 76.2617494602978 76.5798237204529 76.6486380819066 76.9929693157136 77.1244923774304 77.1817941829444 77.292438986197 77.3506101103333 77.5056827465682 77.8201852834305 78.0576473623451 78.27482927733 78.6225027661484 78.739708667042 78.7899129014807 78.8553326242686 78.9411494125787 78.9826792148213 79.1561193647931 79.3913363424321 79.4508894282456 79.4500855248984
70.4922893818846 70.6608343245411 70.9611483074201 71.1591244488977 71.3254296382317 71.5006251126684 71.6821976474862 72.0654157206229 72.1830596864347 72.3095865687204 72.6423589472533 72.5783087493512 72.8341431358038 73.0669073712638 73.2206015120788 73.3635163354218 73.4513870613553 73.8623136956295 74.2214443091798 74.4404181231351 74.541302901845 74.6886116837006 74.9664310692518 75.1331276766128 75.2232557742942 75.4417928236559 75.7102221930471 75.8526160932089 76.4106676862816 76.6629430154212 76.8206938612867 77.020294313579 77.1523823690521 77.3001262648595 77.4266910706062 77.4560849129062 77.7026622383319 77.863504731478 77.9469727657387 78.2230269782248 78.7398103974076 78.7533214894301 78.9645738707962 78.9982113433503 78.9856925491529 79.0765926931811 79.2114528113595 79.445276074406 79.4449411775811 79.4673940871624
70.829899345319 70.8813037854635 71.1168416783931 71.4297770825128 71.5695062364721 71.8895938023347 72.2324220340743 72.3672043382943 72.502053403022 72.6768275047168 72.75526268784 72.8115911023374 72.9201781347929 73.120223758853 73.2742792516817 73.4323671913265 73.6218515687277 74.0617960596367 74.2625153320665 74.5758207642335 74.6458066689835 74.734229928057 74.951126503705 75.1924961371115 75.3275460770397 75.6714820364022 75.8302796740391 76.0215509423874 76.481764694639 76.6555659748513 76.9416150309292 77.1726881737154 77.2594209725382 77.4205036267143 77.482498897088 77.6131044403977 77.7096714561391 77.9937036952451 78.1176300859252 78.1751384946884 78.6920473158818 78.799356501763 78.8810710409617 78.9411435334774 79.1005558409809 79.2187976721832 79.2687730637334 79.593940057136 79.5173935161028 79.5349879696503
71.2489601686243 71.2945336438436 71.3700905483224 71.7660000700072 71.6147029822465 72.114931979 72.5301313403446 72.7962282781616 72.9330622766117 72.9261831183513 72.8709359200033 73.1106136664855 73.1461573117854 73.3365647862723 73.382556695135 73.4857686909402 73.6719442017358 74.3336343394943 74.2998285989302 74.6893259208677 74.9377162935718 74.9070442787028 75.0024460203808 75.3946619148807 75.567298756876 75.8211599503713 75.8760306551584 76.1593605299046 76.5988489647629 76.8064446288918 77.0183465780646 77.2169627526957 77.353356608588 77.5246386260069 77.5336689280653 77.6439680784677 77.6826108033926 77.8908802127689 78.1505595103293 78.2699743084204 78.670058153083 78.960617761385 78.9831959677483 78.926939831613 79.2159527199764 79.303315447732 79.2301372959817 79.6262003138958 79.6075120677149 79.5200783859687
71.6000185623276 71.7806847724043 71.8088715440927 72.0793241620654 72.259860728403 72.7087474514126 73.0314576208044 73.2026437056034 73.2957393938662 73.2555524525855 73.3752691470982 73.4100516277261 73.6318818495389 73.7256128292817 73.9823652791195 74.1960445682603 74.4040745464503 74.6353965290326 74.7025215261312 74.8368824422151 75.2997148054987 75.2926603156547 75.4905584338218 75.6314050793643 75.8583321034739 76.0316291109684 76.1705855718467 76.3573780271356 76.6884436875765 76.9247150392976 77.1524687927001 77.3255242539704 77.4628525639206 77.6648727067035 77.8265070291879 78.0449808927448 78.1520350507486 78.264182680251 78.1112661323858 78.3275433813511 78.529266747261 78.683255756212 78.7799657500622 79.1451152787496 79.1242047530515 79.1853718402637 79.3533257843447 79.5186423543764 79.6218375792923 79.6856526762244
71.8339715957911 71.9687916742436 71.9845573728323 72.4066882278585 72.4990762924275 72.7695024367464 73.2599264794145 73.484565834825 73.3887331727197 73.5378786570907 73.5820360672637 73.5361888044247 73.8400188186091 74.0238359338127 74.2035225243346 74.3688927388465 74.4477695542663 74.9201115791545 75.0467803659121 75.1790772356064 75.3515410647108 75.4691517911631 75.5746512176174 75.8614110273107 -9999 -9999 76.3056558808372 76.4953221664972 76.8561423080262 77.0668632898222 77.162796680117 77.3782035935279 77.6293237157045 77.8138221685412 77.9118856266927 78.0998434921175 78.2086892317846 78.3440355015461 78.3719306077002 78.333589946715 78.5982308379385 78.6873101886478 78.7500076706911 78.9425104550358 79.1601167862862 79.2065227577887 79.3926208014996 79.5809979146689 79.5477640181409 79.6528718155745
72.1162343237207 72.2179795633842 72.3927521175834 72.6488851490545 72.9326725745439 73.0391135705148 73.3894901555362 73.7683953837678 73.72635057163 73.8169728297801 73.7133010137985 73.8196459235163 74.1076332923244 74.1915186437498 74.394738770972 74.54115987032 74.6589125640604 75.0875930895844 75.2163247698988 75.3621259395273 75.4677637875775 75.6327591263776 75.8523127700344 75.9833426436082 76.1265096124218 -9999 -9999 76.6308026879005 77.0153680986147 77.1663205897284 77.1926314539205 77.4425554297695 77.7308920192509 77.8455080484714 77.9358315451356 78.2044399906938 78.1567379267333 78.3241708915813 78.5001539537479 78.4295321323038 78.6432886381488 78.7781858739133 78.7566987109682 78.8487986310066 79.1346874591596 79.2316964979068 79.3588876404779 79.4613937450557 79.5603156972508 79.6354020005689
72.2947437842732 72.5712144863747 72.6067294410681 72.9207100588725 73.0774443191223 73.1647883734947 73.694136213842 73.9884132684238 74.1031290012148 73.902602577569 73.8870316471078 74.1759272881801 74.2255560156906 74.3791417397841 74.5061501400524 74.667326055931 74.8810097266972 75.3367122250186 75.2893388257137 75.5224186722966 75.5722232337375 75.7186522637224 76.0756827974948 76.0604854914079 76.3184143749805 76.3926445086665 76.5062773896857 76.6810121379735 77.169746508516 77.2764415511017 77.4291724953832 77.5986832497688 77.7162732261156 77.8922437737198 78.0792352795144 78.2864724944853 78.3376940706334 78.46748707734 78.5046854180247 78.5912027983002 78.7828123603094 78.8490261343862 78.8760718388953 79.0083987577091 79.1667739506212 79.2297713451913 79.3300118749052 79.360294204493 79.4705957755074 79.6415844407149
