rcp4.5models/CNRM_CM5/sc1gr4.39
NCOLS 261 
NROWS 433 
XLLCORNER 336357.134 
YLLCORNER 654653.479 
CELLSIZE 1000 
NODATA_value -3.4e+38 
[rows 242 to 263 of 433, columns 49 to 97 of 261]
294.251953125 293.936553955078 293.653106689453 293.406280517578 293.11669921875 293.594543457031 293.611358642578 293.104248046875 293.197326660156 293.332183837891 293.429656982422 292.931976318359 292.558929443359 292.387390136719 292.123687744141 291.777862548828 291.515350341797 291.201049804688 291.307708740234 290.974426269531 290.719635009766 290.457946777344 290.219177246094 289.95654296875 289.732879638672 289.480590820312 289.290374755859 289.677795410156 289.564086914062 289.494171142578 289.292541503906 288.765502929688 288.328002929688 288.458312988281 288.704498291016 288.926208496094 289.333587646484 288.709991455078 288.059539794922 288.401336669922 288.515747070312 287.6689453125 287.366455078125 287.042236328125 286.776672363281 286.542266845703 285.825927734375 282.843963623047 280.710205078125
293.698791503906 293.422760009766 293.399078369141 293.132385253906 293.358764648438 293.705932617188 293.257476806641 293.007385253906 292.957275390625 292.846069335938 292.697052001953 292.803741455078 292.298736572266 292.088562011719 291.882904052734 291.754547119141 291.444152832031 291.040313720703 290.685821533203 290.511047363281 290.327056884766 289.938995361328 289.801666259766 289.594085693359 289.292785644531 288.927032470703 288.867858886719 288.959808349609 288.754516601562 288.912872314453 288.574676513672 288.226623535156 288.007568359375 287.827758789062 288.044494628906 288.393127441406 288.684478759766 288.625823974609 288.073822021484 287.788818359375 288.015319824219 287.684783935547 287.504791259766 286.989288330078 286.463714599609 286.460266113281 286.212615966797 285.275268554688 283.279022216797
293.697143554688 293.757659912109 293.603454589844 293.296844482422 293.406677246094 293.514526367188 293.087860107422 292.724395751953 292.609832763672 292.284332275391 292.258026123047 292.480834960938 292.401977539062 292.159881591797 292.242645263672 291.994903564453 291.431121826172 291.138824462891 290.699554443359 290.6357421875 290.374908447266 289.976379394531 290.061218261719 289.906951904297 289.634338378906 288.951782226562 288.594818115234 288.690185546875 288.470458984375 288.104431152344 288.147796630859 287.868865966797 287.700653076172 287.456268310547 287.639617919922 288.072204589844 288.623596191406 288.384216308594 286.491912841797 284.870330810547 286.795684814453 287.605224609375 287.621765136719 287.460021972656 286.851165771484 286.493072509766 286.261779785156 285.639404296875 283.462677001953
293.844116210938 293.851623535156 293.643646240234 293.686889648438 293.726806640625 293.510162353516 293.125183105469 292.545654296875 292.148590087891 291.990112304688 292.044281005859 292.340515136719 292.695983886719 292.282897949219 292.166168212891 291.974731445312 291.666168212891 291.257781982422 290.752288818359 290.610382080078 290.255920410156 290.057556152344 290.102203369141 289.799713134766 289.72900390625 289.378723144531 288.696014404297 288.144348144531 287.899383544922 287.906890869141 287.837921142578 287.768859863281 287.606994628906 287.323699951172 287.625244140625 287.897521972656 288.211181640625 287.988800048828 285.149383544922 282.818450927734 286.458282470703 287.244598388672 287.433990478516 287.031402587891 286.805541992188 286.327697753906 285.747253417969 285.378845214844 284.147338867188
293.979827880859 293.798248291016 293.718383789062 293.594024658203 293.040924072266 292.557952880859 292.698089599609 292.335388183594 292.198089599609 291.822540283203 291.789947509766 291.743804931641 292.202026367188 291.922668457031 291.739562988281 291.646423339844 291.555816650391 291.405151367188 291.076446533203 290.702301025391 290.596252441406 290.570434570312 290.387908935547 289.825469970703 289.572235107422 289.592041015625 288.736785888672 288.134033203125 288.255218505859 288.187622070312 287.951416015625 287.884338378906 287.614685058594 287.256988525391 287.370635986328 287.721649169922 287.853942871094 287.689910888672 285.551422119141 284.333312988281 286.740203857422 286.972625732422 287.202880859375 286.659545898438 286.407501220703 285.77880859375 285.409790039062 285.324768066406 285.122192382812
293.760040283203 293.463409423828 293.41015625 293.185852050781 292.662719726562 292.066314697266 291.982330322266 292.242919921875 291.901062011719 291.588012695312 291.295104980469 291.166076660156 291.387298583984 291.312408447266 291.219757080078 291.037322998047 290.942901611328 291.080322265625 290.988098144531 290.939697265625 290.696685791016 290.421081542969 290.162536621094 289.852355957031 289.647399902344 289.492034912109 288.579925537109 288.439270019531 288.834014892578 288.223510742188 288.417785644531 288.275421142578 287.791748046875 287.310333251953 286.953094482422 287.326751708984 287.737609863281 287.564727783203 286.356018066406 285.792419433594 286.685302734375 286.628143310547 286.814453125 286.464477539062 286.469421386719 286.032562255859 285.667083740234 285.434387207031 285.394226074219
293.076538085938 292.797332763672 292.725433349609 293.04150390625 292.678588867188 292.17822265625 291.934783935547 291.845520019531 291.74658203125 291.597869873047 291.487091064453 291.482727050781 291.239501953125 290.955932617188 290.9775390625 290.550689697266 290.1591796875 290.334655761719 290.538604736328 290.611267089844 290.716369628906 290.309509277344 289.845520019531 289.944885253906 289.820220947266 289.212707519531 288.631958007812 288.637939453125 289.027557373047 288.478912353516 288.122589111328 287.924285888672 287.689117431641 287.291351318359 286.732940673828 287.042419433594 287.687316894531 287.473297119141 286.669158935547 283.726715087891 281.513031005859 286.609985351562 286.500244140625 286.169281005859 286.663543701172 286.245239257812 285.717834472656 285.597839355469 285.218841552734
292.429443359375 292.183776855469 292.134368896484 292.482299804688 292.241790771484 292.015777587891 292.019744873047 291.674713134766 291.710968017578 291.657958984375 291.7412109375 291.760498046875 291.315063476562 290.936889648438 290.816101074219 290.613372802734 290.248443603516 289.986511230469 290.018676757812 290.011077880859 290.153198242188 290.1513671875 290.143218994141 289.920623779297 289.449890136719 289.103912353516 288.927307128906 288.945953369141 288.786499023438 288.196594238281 287.875122070312 286.822021484375 285.955627441406 286.155059814453 286.727508544922 286.7861328125 287.263275146484 287.496459960938 286.952301025391 284.679504394531 281.494201660156 286.423492431641 286.422454833984 285.817474365234 286.204681396484 286.169616699219 285.755126953125 285.526977539062 284.425231933594
291.989624023438 291.807067871094 291.627532958984 292.032409667969 292.253936767578 292.261016845703 292.066314697266 291.687591552734 291.751251220703 291.832580566406 291.78955078125 291.704315185547 291.277557373047 290.898162841797 290.892059326172 290.990264892578 290.421112060547 289.889038085938 288.195404052734 289.510375976562 289.472412109375 289.744598388672 289.939727783203 289.728851318359 289.350280761719 289.276336669922 288.860076904297 288.975769042969 288.405456542969 287.668640136719 287.609008789062 286.682373046875 285.693634033203 286.123382568359 285.000183105469 283.556976318359 286.800659179688 287.224670410156 287.088562011719 286.385070800781 285.168853759766 282.613372802734 286.365081787109 285.861907958984 285.423187255859 285.391448974609 285.642700195312 285.473022460938 284.801452636719
291.906188964844 291.736236572266 291.431915283203 291.892425537109 292.07861328125 292.179870605469 291.925689697266 291.891693115234 291.871734619141 292.1015625 291.910705566406 291.771179199219 291.320190429688 291.092224121094 291.227813720703 290.830780029297 290.327301025391 289.847351074219 288.748718261719 289.195587158203 289.118041992188 289.334136962891 289.247497558594 289.557861328125 289.488647460938 289.251556396484 288.997009277344 289.012664794922 288.509124755859 287.302093505859 287.464233398438 287.083251953125 286.565155029297 286.489959716797 285.041046142578 284.002624511719 286.146942138672 286.551330566406 287.002838134766 286.324920654297 285.815979003906 280.049133300781 282.368988037109 283.374481201172 282.961547851562 282.530212402344 282.554565429688 282.951324462891 282.958679199219
292.092864990234 291.842529296875 291.654388427734 291.917205810547 292.055572509766 292.027252197266 292.044494628906 291.993194580078 292.255462646484 292.112945556641 291.870269775391 292.013854980469 291.754669189453 291.481384277344 291.228759765625 290.613433837891 290.334167480469 290.045288085938 289.901885986328 289.316497802734 289.070953369141 289.006591796875 288.646850585938 288.704956054688 288.887176513672 289.112152099609 289.158630371094 288.894683837891 288.291076660156 287.459686279297 287.769714355469 287.362823486328 286.863067626953 286.649169921875 285.378509521484 283.089050292969 283.981964111328 285.402374267578 284.195983886719 283.607208251953 283.283782958984 280.907287597656 280.74072265625 281.472778320312 281.370635986328 281.053314208984 280.743804931641 280.94091796875 281.34375
292.101226806641 291.845123291016 291.658142089844 291.873809814453 292.281677246094 292.334442138672 292.340454101562 291.992156982422 291.891265869141 291.806274414062 291.791534423828 291.563446044922 291.301849365234 291.167297363281 290.986694335938 290.576385498047 290.148132324219 289.985504150391 289.833801269531 289.656616210938 289.060363769531 288.563873291016 288.884887695312 288.560150146484 288.721862792969 288.929016113281 288.839660644531 288.523010253906 288.18701171875 287.839416503906 286.583557128906 285.452392578125 286.159576416016 284.032409667969 283.383270263672 281.646728515625 282.101287841797 283.20068359375 282.416198730469 282.109039306641 281.966552734375 281.771759033203 280.641876220703 280.045532226562 281.452362060547 281.281860351562 281.064056396484 280.880645751953 281.280120849609
291.924987792969 291.94775390625 291.933807373047 292.086669921875 292.349365234375 292.315155029297 292.121368408203 291.757507324219 291.163879394531 291.231964111328 291.544372558594 291.485687255859 291.316070556641 291.230560302734 291.09326171875 290.683746337891 290.419769287109 290.370666503906 290.078308105469 289.982299804688 289.335968017578 288.809478759766 289.019561767578 288.809265136719 288.772216796875 288.428863525391 288.228240966797 288.103332519531 288.192169189453 287.579345703125 285.543518066406 283.397033691406 283.997039794922 282.460357666016 282.300476074219 281.787628173828 281.157409667969 282.049224853516 282.518005371094 282.153961181641 281.554351806641 281.829193115234 280.609344482422 278.519958496094 278.757965087891 281.410064697266 281.011413574219 280.775787353516 281.111267089844
292.007080078125 292.377899169922 292.535369873047 292.141723632812 291.869689941406 291.609039306641 291.338531494141 290.966461181641 290.393463134766 290.223754882812 290.695434570312 290.961273193359 291.004638671875 290.954162597656 290.498016357422 290.038543701172 289.917755126953 289.8447265625 289.645660400391 289.677307128906 289.605590820312 289.477020263672 289.233154296875 288.728912353516 288.603271484375 288.187286376953 286.60595703125 284.434753417969 284.552337646484 283.073791503906 282.791137695312 282.705108642578 282.712890625 282.396911621094 282.200378417969 281.846130371094 281.308319091797 281.403076171875 282.398895263672 282.307220458984 281.601654052734 280.462432861328 280.756103515625 280.614776611328 280.480621337891 281.227935791016 281.122528076172 280.665130615234 280.575439453125
292.141784667969 292.433441162109 292.040496826172 291.792205810547 291.464233398438 291.069030761719 291.025939941406 290.577697753906 290.068450927734 289.58740234375 289.274230957031 290.107116699219 290.203369140625 290.239624023438 290.193115234375 289.916229248047 289.358642578125 289.119720458984 288.954528808594 288.852020263672 288.830627441406 289.012756347656 289.16650390625 288.947448730469 288.906494140625 288.503540039062 286.079162597656 282.604766845703 282.430389404297 282.673370361328 282.754608154297 282.620147705078 282.375610351562 282.328826904297 282.476501464844 282.2802734375 281.574584960938 281.523223876953 282.304992675781 282.280059814453 281.911499023438 280.685455322266 280.485626220703 279.740539550781 279.161346435547 279.164306640625 281.037231445312 280.163391113281 279.983978271484
292.425628662109 292.374114990234 291.701080322266 291.141845703125 291.120758056641 290.847320556641 290.614868164062 290.398162841797 290.078125 289.882873535156 289.623382568359 289.897033691406 289.79443359375 289.579864501953 289.713287353516 289.825775146484 289.389617919922 288.932708740234 288.705322265625 288.612335205078 288.3037109375 288.474304199219 288.717315673828 288.967956542969 288.966186523438 287.305572509766 284.318115234375 282.872497558594 282.645904541016 282.416137695312 282.802856445312 282.619781494141 282.124786376953 281.950805664062 282.157501220703 282.312591552734 281.836761474609 281.520812988281 282.072204589844 282.122497558594 281.999725341797 281.309387207031 280.734710693359 279.92041015625 279.4853515625 279.580108642578 281.218597412109 279.968627929688 279.063110351562
292.124816894531 291.767547607422 291.650756835938 291.561737060547 291.106567382812 290.82177734375 290.610015869141 290.367797851562 290.063690185547 290.020904541016 290.086730957031 289.972229003906 289.829223632812 289.340362548828 289.107452392578 289.368408203125 289.544342041016 289.245361328125 288.959503173828 288.894866943359 288.344024658203 288.156188964844 288.147674560547 288.424896240234 287.407257080078 284.179626464844 283.198822021484 283.201782226562 282.672668457031 282.407562255859 282.696105957031 282.546752929688 281.956298828125 281.710815429688 281.6240234375 281.770111083984 281.805755615234 281.291229248047 281.814544677734 281.995849609375 281.897094726562 281.579132080078 281.069000244141 280.751739501953 280.759155273438 281.069702148438 281.317626953125 280.263122558594 279.287506103516
291.083770751953 291.127593994141 291.511199951172 291.794006347656 291.304229736328 290.838500976562 290.748474121094 290.448608398438 290.147552490234 290.049377441406 290.28662109375 289.934387207031 289.688537597656 289.181457519531 288.558837890625 288.781097412109 289.286468505859 289.226196289062 288.615081787109 288.649597167969 287.969940185547 286.641143798828 284.347473144531 285.729522705078 286.157958984375 282.712341308594 283.055541992188 283.151306152344 282.613189697266 281.042846679688 282.428161621094 282.448425292969 282.011810302734 281.880737304688 281.567596435547 281.435089111328 281.471252441406 281.256378173828 281.769012451172 282.165557861328 282.165924072266 281.733459472656 281.514099121094 281.396423339844 280.160034179688 279.291015625 281.295532226562 280.395263671875 279.554138183594
290.51416015625 290.980560302734 291.245300292969 291.401153564453 291.406433105469 291.418273925781 291.250366210938 290.618072509766 290.539245605469 290.062164306641 289.937072753906 289.725616455078 289.468811035156 289.165222167969 288.48779296875 288.338745117188 288.723449707031 288.5546875 285.880767822266 288.054534912109 286.459533691406 283.527740478516 282.129913330078 283.032409667969 283.867279052734 282.398834228516 282.832122802734 282.993774414062 282.640686035156 281.344360351562 282.186096191406 282.333770751953 282.268798828125 282.016937255859 281.867858886719 281.694763183594 281.432678222656 281.27490234375 281.569519042969 282.018218994141 281.865051269531 281.461669921875 281.534271240234 281.769714355469 280.831817626953 279.908599853516 281.005096435547 280.469329833984 279.524871826172
290.346008300781 290.811340332031 290.987762451172 291.008483886719 291.018890380859 291.042999267578 290.919250488281 290.730804443359 290.536682128906 290.004791259766 289.736785888672 289.66796875 289.304992675781 288.686645507812 288.159515380859 288.174407958984 288.398651123047 286.340728759766 282.787719726562 285.85205078125 285.841064453125 282.40380859375 282.028259277344 282.179321289062 282.613037109375 282.364074707031 282.774993896484 282.5458984375 282.4580078125 282.104614257812 281.975769042969 281.962799072266 282.222473144531 282.03271484375 281.944671630859 282.028869628906 281.670043945312 281.409759521484 281.604125976562 281.702972412109 281.599700927734 281.522827148438 281.281280517578 281.516082763672 281.89794921875 281.142303466797 280.266967773438 280.458709716797 279.085784912109
290.322021484375 290.431121826172 290.397338867188 290.451538085938 290.460021972656 290.30419921875 290.004791259766 290.686828613281 290.310638427734 289.962310791016 290.07275390625 289.837127685547 289.540374755859 288.860504150391 288.340057373047 286.834655761719 285.959350585938 285.218841552734 281.676452636719 283.221099853516 283.944244384766 282.417449951172 281.884918212891 282.255554199219 282.604919433594 282.388275146484 282.614105224609 282.281066894531 282.373168945312 282.289916992188 281.428436279297 281.617645263672 282.063262939453 282.202392578125 282.297302246094 282.063079833984 281.560180664062 281.233306884766 281.679962158203 281.808807373047 281.786437988281 281.629089355469 281.354614257812 280.859924316406 281.329162597656 281.008239746094 280.505310058594 280.524291992188 279.168395996094
290.351593017578 290.082092285156 289.893676757812 290.112335205078 290.341064453125 290.291381835938 289.679107666016 290.279174804688 290.170989990234 289.691253662109 288.101745605469 287.211883544922 288.162933349609 285.386993408203 286.308532714844 286.054534912109 283.248901367188 283.433715820312 281.820220947266 282.126373291016 282.637878417969 282.463104248047 282.025024414062 282.296081542969 282.236267089844 282.128723144531 282.37060546875 282.429870605469 282.790313720703 282.654418945312 281.381011962891 281.224548339844 281.645568847656 282.167449951172 282.323150634766 282.053070068359 281.479553222656 281.033935546875 281.625457763672 281.779144287109 281.645080566406 280.836730957031 280.438232421875 279.775665283203 280.487335205078 280.7890625 280.444915771484 280.170135498047 278.288635253906
