rcp4.5models/CNRM_CM5/sc1gr2.33
NCOLS 261 
NROWS 433 
XLLCORNER 336357.134 
YLLCORNER 654653.479 
CELLSIZE 1000 
NODATA_value -9999 
[rows 242 to 263 of 433, columns 150 to 199 of 261]
327.049591064453 332.114654541016 334.051391601562 335.220336914062 335.738800048828 336.451477050781 337.323303222656 337.704376220703 338.069793701172 337.758544921875 337.742462158203 337.938690185547 338.314880371094 338.335357666016 338.35498046875 338.199951171875 338.036560058594 338.235198974609 337.896148681641 337.610015869141 337.766265869141 337.442718505859 337.494964599609 337.332733154297 336.8330078125 336.527160644531 336.536346435547 336.544769287109 336.552459716797 336.559417724609 336.898071289062 337.401916503906 336.89453125 336.431365966797 336.272674560547 -9999 -9999 336.917633056641 337.591979980469 337.591949462891 337.591369628906 337.415222167969 336.641937255859 336.951568603516 337.195037841797 336.513549804688 336.117645263672 337.071319580078 337.848602294922 338.434875488281
329.474273681641 332.982757568359 334.328063964844 335.202606201172 335.741760253906 336.240875244141 336.758697509766 337.140045166016 337.8369140625 338.215759277344 338.239349365234 338.262145996094 338.284118652344 338.131469726562 337.970825195312 338.016448974609 337.190124511719 336.852996826172 336.869964599609 337.430206298828 337.444763183594 337.458526611328 337.471496582031 337.310302734375 336.638061523438 335.975555419922 335.985107421875 336.167175292969 336.359252929688 336.182373046875 336.552947998047 336.558288574219 336.389373779297 336.381134033203 336.929962158203 336.421203613281 -9999 -9999 336.577270507812 336.577575683594 336.403198242188 336.111663818359 333.458984375 333.536956787109 335.018829345703 335.487121582031 336.075653076172 336.705780029297 336.982788085938 337.7607421875
330.064239501953 333.099212646484 334.663848876953 335.339782714844 336.213684082031 336.596649169922 336.780090332031 337.122955322266 337.858825683594 338.199737548828 338.223663330078 -9999 338.095306396484 337.607238769531 337.46630859375 337.647827148438 337.195098876953 336.896514892578 336.913970947266 336.889282226562 336.904052734375 337.091125488281 337.286987304688 336.789337158203 335.811096191406 334.435668945312 334.791442871094 335.667877197266 336.012451171875 336.041595458984 336.544219970703 336.376586914062 336.043395996094 336.395629882812 -9999 -9999 -9999 -9999 336.570343017578 336.655578613281 336.500457763672 335.966979980469 335.595977783203 335.294677734375 335.512023925781 335.952331542969 336.595245361328 337.052093505859 336.961822509766 337.767761230469
329.887054443359 333.454986572266 334.430816650391 334.967742919922 336.351623535156 337.050170898438 337.078582763672 337.106140136719 338.158813476562 338.183929443359 338.208190917969 -9999 338.098937988281 337.63037109375 337.470611572266 337.671752929688 337.336608886719 337.355133056641 337.372863769531 336.761016845703 336.421020507812 336.589691162109 336.76611328125 336.288909912109 334.272857666016 331.010589599609 332.202056884766 334.43359375 335.666900634766 336.011169433594 336.362823486328 335.857604980469 335.698852539062 336.191711425781 -9999 -9999 -9999 336.125793457031 336.232727050781 336.102447509766 336.098175048828 335.679565429688 335.898162841797 336.290344238281 336.168762207031 336.080230712891 337.033935546875 337.691802978516 337.675537109375 337.894317626953
327.567779541016 333.555969238281 334.117034912109 334.813751220703 335.805603027344 336.679229736328 337.061676025391 337.089599609375 338.142974853516 338.168395996094 338.192993164062 338.216796875 338.239776611328 338.106567382812 337.966125488281 338.148620605469 337.851135253906 337.696929931641 337.360382080078 337.239410400391 336.764862060547 336.597106933594 336.793975830078 335.951904296875 333.685455322266 330.756652832031 330.82080078125 333.473297119141 335.504760742188 335.838592529297 336.202453613281 335.706268310547 335.898162841797 335.868194580078 -9999 -9999 -9999 -9999 336.183746337891 334.184387207031 332.122253417969 335.109527587891 335.922912597656 336.7265625 336.635101318359 336.425231933594 337.01318359375 337.966735839844 338.451721191406 338.415557861328
329.574554443359 333.752105712891 334.608734130859 335.130401611328 335.845428466797 336.525482177734 -9999 337.073303222656 337.599731445312 337.799530029297 338.178070068359 338.202178955078 338.051940917969 337.894073486328 338.269683837891 338.117309570312 337.783142089844 337.647308349609 337.34814453125 337.382446289062 337.243896484375 336.75048828125 336.217010498047 335.432189941406 334.299896240234 333.533630371094 333.072357177734 334.534606933594 335.496032714844 335.829803466797 336.367218017578 336.209228515625 336.379699707031 336.220153808594 336.540802001953 -9999 -9999 -9999 -9999 334.537719726562 332.742034912109 335.890838623047 335.859497070312 336.356140136719 336.936645507812 337.256713867188 337.532165527344 338.313140869141 338.752410888672 339.221099853516
332.112121582031 334.205200195312 334.905975341797 335.269378662109 336.125305175781 336.315093994141 336.184875488281 336.7041015625 337.111999511719 337.467926025391 337.989654541016 337.834350585938 337.882385253906 337.389862060547 337.729248046875 337.595123291016 337.297912597656 337.317474365234 337.336181640625 337.371154785156 337.387390136719 336.921783447266 335.772979736328 335.104827880859 334.444030761719 334.456115722656 334.448577880859 334.419525146484 334.772857666016 335.649200439453 335.981475830078 336.159790039062 -9999 336.529663085938 -9999 -9999 -9999 336.341461181641 336.232025146484 335.873779296875 335.763427734375 336.436004638672 336.091522216797 336.110443115234 337.064453125 337.870452880859 338.338623046875 338.605529785156 338.878845214844 339.339752197266
329.386657714844 334.187622070312 334.888488769531 335.077331542969 335.599334716797 335.982788085938 336.187133789062 336.55078125 337.096923828125 337.279418945312 337.639831542969 337.682952880859 337.515228271484 337.220947265625 337.243286132812 337.264831542969 337.112670898438 336.778503417969 336.970123291016 337.360168457031 337.204376220703 336.710601806641 -9999 -9999 335.318878173828 334.803436279297 333.961395263672 333.284301757812 334.314392089844 335.130889892578 335.504608154297 335.663452148438 336.158416748047 -9999 -9999 -9999 336.535186767578 336.366119384766 335.927581787109 335.691741943359 335.599914550781 336.036071777344 336.53271484375 336.335723876953 336.801605224609 337.459381103516 338.265106201172 338.413421630859 338.317840576172 338.805511474609
325.329895019531 334.170318603516 334.871276855469 334.903900146484 335.267333984375 335.791900634766 335.975219726562 336.869598388672 337.082122802734 337.108917236328 -9999 -9999 337.011016845703 336.681274414062 336.876983642578 337.252380371094 337.1181640625 336.647766113281 336.468109130859 336.822448730469 336.512542724609 335.855133056641 336.042175292969 -9999 -9999 335.112976074219 334.143585205078 333.824645996094 334.128234863281 334.089782714844 335.669036865234 336.035003662109 336.193389892578 -9999 -9999 -9999 336.186767578125 335.316436767578 335.001373291016 334.8310546875 334.872344970703 335.987548828125 336.894073486328 336.931701660156 336.472045898438 336.267547607422 336.853424072266 337.51220703125 337.837951660156 338.645294189453
324.347473144531 333.625366210938 334.502105712891 334.887329101562 335.251312255859 335.794006347656 335.821594238281 336.658447265625 337.067596435547 337.0947265625 -9999 337.290679931641 336.662139892578 336.721252441406 336.899963378906 337.240234375 337.261657714844 336.954559326172 336.302001953125 336.339019775391 336.029724121094 335.372650146484 335.542297363281 335.532012939453 334.851867675781 334.748443603516 334.441955566406 334.281890869141 333.800994873047 334.160552978516 335.814025878906 336.498168945312 336.504852294922 336.510772705078 -9999 -9999 335.897125244141 335.060089111328 334.892028808594 334.38232421875 334.418579101562 335.431213378906 336.662567138672 337.438110351562 336.903045654297 336.005279541016 335.739471435547 336.498962402344 337.490173339844 338.053924560547
325.082977294922 331.024719238281 333.994934082031 334.519073486328 335.235565185547 335.935211181641 335.966033935547 336.327056884766 337.053405761719 337.080841064453 -9999 336.977081298828 336.840301513672 337.182434082031 337.205810546875 337.228363037109 337.250152587891 337.115844726562 336.645172119141 335.802429199219 335.493469238281 334.83642578125 334.680450439453 332.831207275391 331.070617675781 333.893981933594 333.906219482422 333.935821533203 334.308807373047 334.976745605469 335.994689941406 335.962188720703 336.139587402344 336.505065917969 336.510528564453 336.450500488281 -9999 335.884338378906 335.205047607422 334.356781005859 334.33642578125 335.213012695312 336.075439453125 337.187225341797 337.465148925781 336.497375488281 335.034912109375 335.629852294922 337.003784179688 337.648040771484
323.169921875 329.295318603516 333.118743896484 333.659454345703 335.571868896484 335.745147705078 335.424682617188 335.960632324219 337.039459228516 337.067230224609 -9999 337.120300292969 336.972534179688 336.644409179688 336.668121337891 336.863586425781 337.238922119141 337.087951660156 336.599578857422 335.845245361328 335.537048339844 334.708923339844 334.044647216797 331.280303955078 329.201324462891 333.940979003906 333.782958984375 333.762268066406 334.602203369141 334.949798583984 335.797088623047 335.486053466797 335.64453125 336.139862060547 336.505340576172 336.510345458984 -9999 336.198059082031 335.201354980469 334.203979492188 333.993133544922 335.332641601562 335.703735351562 336.562561035156 337.600158691406 336.818878173828 335.263122558594 335.891906738281 336.986907958984 338.141021728516
325.429412841797 330.843414306641 333.877014160156 334.400817871094 335.521087646484 335.747619628906 335.462524414062 335.807189941406 336.673919677734 337.053955078125 -9999 336.934448242188 336.451599121094 336.158172607422 336.182220458984 336.53369140625 337.227966308594 336.922149658203 336.270446777344 335.783569335938 335.4755859375 334.4931640625 333.68115234375 332.625274658203 332.155181884766 334.064178466797 333.211364746094 333.056671142578 333.728332519531 334.776306152344 335.301818847656 335.121490478516 335.658111572266 336.005279541016 336.140197753906 336.505737304688 -9999 336.024383544922 335.005584716797 334.903656005859 334.737121582031 335.353546142578 335.745361328125 336.483306884766 337.049560546875 336.920379638672 336.590789794922 336.686950683594 337.481964111328 338.395904541016
324.514404296875 331.968048095703 334.949645996094 335.15966796875 335.175537109375 335.875793457031 335.907989501953 336.096710205078 336.999450683594 337.028228759766 337.05615234375 337.083282470703 337.109588623047 336.962463378906 336.306396484375 335.831115722656 336.20703125 336.229370117188 336.079162597656 334.937286376953 335.310211181641 335.002868652344 334.516326904297 334.887786865234 334.408569335938 333.562164306641 333.591400146484 332.908630371094 333.432708740234 334.593597412109 335.139831542969 334.621368408203 335.118591308594 335.315643310547 335.131286621094 335.6474609375 335.821929931641 335.506774902344 335.659423828125 335.883819580078 335.626190185547 335.517456054688 336.370422363281 336.366149902344 336.897583007812 336.859680175781 337.517303466797 337.659423828125 337.640869140625 337.066467285156
322.083648681641 330.0625 334.741455078125 334.759490966797 334.811157226562 335.160217285156 335.894226074219 335.751678466797 336.986724853516 337.015838623047 -9999 336.898529052734 336.746276855469 336.795135498047 335.820648193359 335.501556396484 336.197021484375 336.2197265625 336.086303710938 335.316558837891 -9999 -9999 335.017456054688 -9999 334.892547607422 333.894195556641 333.226104736328 331.868011474609 332.675170898438 334.435821533203 334.776672363281 334.295837402344 334.265014648438 334.970489501953 335.167633056641 335.662841796875 335.860504150391 335.503570556641 335.507446289062 335.724639892578 335.973999023438 335.547973632812 336.093933105469 336.600006103516 337.398651123047 337.044158935547 337.146820068359 337.344787597656 336.659759521484 336.255065917969
323.714965820312 329.873046875 333.884094238281 333.412078857422 333.955230712891 334.863830566406 335.880767822266 335.755126953125 336.623321533203 337.003784179688 -9999 336.730407714844 336.243713378906 336.432434082031 335.982543945312 335.843902587891 336.187347412109 336.210388183594 336.232574462891 335.948455810547 -9999 -9999 -9999 334.821746826172 -9999 333.529174804688 331.541046142578 329.809448242188 332.778442382812 334.430541992188 334.451568603516 334.309722900391 334.148712158203 334.796569824219 335.484100341797 335.808929443359 336.177734375 335.332061767578 335.142120361328 335.656616210938 335.999206542969 336.074798583984 336.475158691406 337.076965332031 337.015594482422 337.006195068359 337.028137207031 336.830871582031 336.198516845703 335.652465820312
324.328125 328.473388671875 330.939910888672 328.737762451172 331.016418457031 335.167236328125 335.867584228516 335.899993896484 336.119689941406 336.641082763672 336.847839355469 336.195068359375 335.724853515625 336.102905273438 336.128692626953 335.981811523438 335.825469970703 336.201354980469 336.223907470703 335.769653320312 -9999 334.625946044922 334.323333740234 334.000183105469 333.15234375 332.863220214844 330.298278808594 327.585876464844 333.565856933594 333.898712158203 333.919616699219 334.097717285156 334.465484619141 334.623870849609 335.288757324219 335.997985839844 335.645355224609 334.986968994141 335.182037353516 335.674285888672 336.189086914062 336.538360595703 336.755584716797 336.865081787109 336.528106689453 336.660491943359 336.665252685547 336.143524169922 336.199371337891 335.676513671875
321.858276367188 325.250640869141 328.188171386719 327.184478759766 329.663421630859 335.504089355469 335.854675292969 335.887481689453 335.950408935547 336.138000488281 336.328674316406 335.88134765625 335.746734619141 336.092895507812 336.119049072266 335.816436767578 335.324859619141 335.840026855469 336.215545654297 335.424468994141 334.632751464844 334.298126220703 333.976196289062 331.956512451172 327.331359863281 324.265319824219 326.865020751953 330.181121826172 333.408538818359 333.589874267578 333.970275878906 334.131439208984 334.630401611328 334.998596191406 335.306335449219 335.805633544922 335.005279541016 334.450256347656 335.668304443359 336.183654785156 336.507720947266 336.533782958984 336.392333984375 336.169494628906 336.515167236328 336.347747802734 335.833557128906 335.657531738281 335.830383300781 335.820220947266
321.911010742188 325.085601806641 328.056640625 329.767761230469 330.268249511719 335.458435058594 335.842071533203 335.875213623047 335.938903808594 336.142730712891 336.349822998047 336.027984619141 335.883483886719 335.731811523438 336.109710693359 335.807434082031 335.160278320312 335.340026855469 335.683624267578 -9999 -9999 -9999 332.811981201172 327.592864990234 321.845977783203 321.513702392578 328.703155517578 332.864654541016 333.046752929688 333.568328857422 334.439147949219 334.449279785156 334.777313232422 335.299102783203 335.114288330078 335.481964111328 335.022491455078 334.153503417969 335.088562011719 336.5029296875 336.506500244141 336.509399414062 335.833984375 335.827362060547 336.348266601562 335.668365478516 335.145843505859 335.647979736328 335.977111816406 336.191925048828
327.278625488281 329.450561523438 330.631744384766 331.086181640625 330.796356201172 335.128845214844 335.6552734375 335.339385986328 335.927703857422 336.116271972656 -9999 335.845184326172 335.365875244141 335.230651855469 335.577301025391 335.61865234375 335.675354003906 335.528625488281 335.199737548828 -9999 -9999 -9999 332.900634765625 328.158294677734 327.281402587891 330.170135498047 333.218231201172 332.742248535156 332.720245361328 333.412292480469 334.077026367188 334.445953369141 334.60595703125 334.786468505859 334.789733886719 335.312255859375 334.9755859375 334.873352050781 335.001983642578 335.971099853516 336.141296386719 336.508758544922 335.712951660156 335.293304443359 335.836181640625 335.371124267578 335.000701904297 335.327911376953 336.205078125 335.974853515625
328.861206054688 328.822540283203 330.757171630859 332.582092285156 331.764495849609 332.671295166016 333.388854980469 335.025726318359 335.916778564453 335.948059082031 -9999 335.850738525391 335.387634277344 335.064788818359 335.263732910156 335.626281738281 335.62060546875 335.660400390625 335.715606689453 -9999 -9999 -9999 -9999 333.075561523438 333.858825683594 334.384094238281 333.366302490234 333.060119628906 332.715759277344 333.408416748047 334.109771728516 334.442932128906 334.452819824219 334.4619140625 334.787078857422 335.161499023438 334.800445556641 335.490783691406 335.162628173828 334.606750488281 335.454254150391 336.508422851562 334.990234375 334.293395996094 335.148376464844 335.516815185547 335.016479492188 334.513641357422 335.766845703125 335.514434814453
323.722930908203 322.290374755859 327.090393066406 333.014526367188 332.066101074219 331.310974121094 333.217376708984 335.172882080078 335.906097412109 335.937774658203 336.141448974609 336.348907470703 335.870483398438 335.578857421875 335.591339111328 335.602264404297 335.487762451172 335.316833496094 335.661987304688 -9999 -9999 -9999 335.292236328125 334.988006591797 334.482208251953 334.515197753906 333.717895507812 333.056213378906 332.711578369141 333.40478515625 334.261566162109 333.913604736328 334.090698242188 334.459716796875 334.784729003906 334.993438720703 334.103240966797 334.597930908203 334.670104980469 334.177886962891 334.964752197266 336.143218994141 334.900726318359 334.561401367188 334.661987304688 334.818298339844 333.995483398438 333.765411376953 335.468109130859 335.239898681641
