rcp4.5models/CNRM_CM5/sc1gr6.14
NCOLS 261 
NROWS 433 
XLLCORNER 336357.134 
YLLCORNER 654653.479 
CELLSIZE 1000 
NODATA_value -3.4e+38 
[rows 242 to 263 of 433, columns 147 to 195 of 261]
1636.78625488281 1666.06433105469 1707.45092773438 1711.619140625 1678.78576660156 1668.31311035156 1668.287109375 1670.59814453125 1668.97180175781 1667.08679199219 1668.08190917969 1673.63928222656 1680.13073730469 1683.10095214844 1684.86840820312 1685.54077148438 1685.82922363281 1690.26831054688 1693.90393066406 1699.34997558594 1700.38317871094 1704.35388183594 1707.32397460938 1707.28723144531 1710.91882324219 1717.7001953125 1723.04272460938 1727.54455566406 1733.10974121094 1737.76586914062 1736.9814453125 1733.57177734375 1733.32946777344 1728.06982421875 1726.0673828125 1729.689453125 1737.89831542969 1742.40454101562 -3.4e+38 -3.4e+38 1734.58642578125 1728.54528808594 1732.81616210938 1731.32360839844 1733.89672851562 1741.87683105469 1743.50561523438 1744.17395019531 1749.18896484375
1641.67810058594 1671.404296875 1704.80187988281 1693.1796875 1672.19836425781 1666.31359863281 1664.01721191406 1665.25964355469 1667.65002441406 1669.67492675781 1669.96130371094 1671.56945800781 1672.20178222656 1675.72229003906 1679.19226074219 1683.35607910156 1687.943359375 1691.70141601562 1695.78356933594 1703.64758300781 1707.71203613281 1712.32043457031 1710.37487792969 1712.63293457031 1714.55249023438 1718.40270996094 1724.34594726562 1729.64416503906 1736.12292480469 1742.9638671875 1743.65576171875 1741.90710449219 1740.07397460938 1734.52941894531 1736.50537109375 1742.77392578125 1743.00354003906 1738.72204589844 1740.41247558594 -3.4e+38 -3.4e+38 1742.61767578125 1739.14392089844 1740.98486328125 1747.88122558594 1780.90771484375 1778.84191894531 1763.58056640625 1757.03442382812
1645.98059082031 1680.30895996094 1712.99731445312 1688.41613769531 1672.40454101562 1664.41589355469 1662.08618164062 1661.71276855469 1664.58837890625 1669.11181640625 1668.80090332031 1672.25476074219 1672.07092285156 1674.91003417969 -3.4e+38 1683.30981445312 1690.82116699219 1695.55261230469 1696.23510742188 1703.15222167969 1708.16931152344 1710.68225097656 1714.56298828125 1718.92944335938 1720.89038085938 1722.08288574219 1730.09399414062 1740.08801269531 1755.68994140625 1756.26989746094 1747.57727050781 1743.67761230469 1740.97094726562 1737.93395996094 1739.7177734375 1745.95483398438 1742.19116210938 -3.4e+38 -3.4e+38 -3.4e+38 -3.4e+38 1743.27746582031 1742.18127441406 1744.49645996094 1751.73779296875 1760.13427734375 1762.87438964844 1760.25952148438 1753.30773925781
1652.73962402344 1698.04699707031 1735.77099609375 1690.36572265625 1671.65490722656 1665.27526855469 1664.50427246094 1660.60522460938 1659.44836425781 1663.36743164062 1664.953125 1668.80920410156 1670.34118652344 1673.83093261719 -3.4e+38 1681.99768066406 1687.91040039062 1694.0361328125 1694.53515625 1698.97021484375 1702.3720703125 1705.22351074219 1715.34631347656 1723.08947753906 1725.83862304688 1726.73522949219 1734.40063476562 1758.11975097656 1797.14050292969 1785.14587402344 1761.28857421875 1746.60852050781 1742.94165039062 1742.00158691406 1746.072265625 1746.47436523438 1740.00988769531 -3.4e+38 -3.4e+38 -3.4e+38 1744.45068359375 1747.3740234375 1752.19482421875 1752.96545410156 1757.53857421875 1757.83178710938 1754.7880859375 1755.29431152344 1754.82800292969
1654.71569824219 1700.74328613281 1756.29260253906 1721.54370117188 1670.19018554688 1664.71044921875 1665.61645507812 1663.38525390625 1659.48645019531 1661.35327148438 1663.61083984375 1666.81530761719 1669.26245117188 1672.34594726562 1676.01000976562 1679.90942382812 1683.91442871094 1688.66967773438 1691.01257324219 1694.84411621094 1697.83166503906 1702.43408203125 1709.59045410156 1717.98571777344 1722.09228515625 1725.79064941406 1735.19470214844 1759.3818359375 1795.025390625 1797.2744140625 1771.19653320312 1748.0615234375 1742.85424804688 1741.79565429688 1747.7646484375 1745.39111328125 1741.58923339844 -3.4e+38 -3.4e+38 -3.4e+38 -3.4e+38 1748.38977050781 1771.1103515625 1791.7060546875 1760.74438476562 1757.37744140625 1750.78430175781 1749.59814453125 1752.99108886719
1652.74633789062 1690.09643554688 1735.06188964844 1702.1962890625 1662.92724609375 1659.42456054688 1660.86169433594 1660.56433105469 1660.19348144531 -3.4e+38 1664.30847167969 1668.99450683594 1671.38415527344 1672.38415527344 1675.07836914062 1679.45129394531 1683.51818847656 1685.7529296875 1689.2353515625 1693.73547363281 1695.2197265625 1699.15588378906 1706.12573242188 1712.93737792969 1718.16528320312 1727.23156738281 1737.34301757812 1750.68505859375 1761.68920898438 1769.24865722656 1757.2333984375 1748.236328125 1744.17944335938 1738.24194335938 1741.02758789062 1741.13012695312 1741.80004882812 1741.33471679688 -3.4e+38 -3.4e+38 -3.4e+38 -3.4e+38 1765.20397949219 1785.49755859375 1753.53332519531 1756.69287109375 1751.70263671875 1745.20983886719 1744.22082519531
1652.58728027344 1679.09643554688 1698.80456542969 1669.76086425781 1655.74780273438 1659.19689941406 1659.11547851562 1659.02209472656 1661.6982421875 1666.81945800781 1666.14672851562 1672.44274902344 1672.96508789062 1672.2353515625 1675.97302246094 1679.67822265625 1684.62585449219 1687.40844726562 1690.14196777344 1695.45129394531 1696.1318359375 1699.49719238281 1704.21203613281 1709.19030761719 1715.97741699219 1726.87548828125 1736.30908203125 1748.56518554688 1752.49597167969 1751.22021484375 1753.86596679688 1752.92211914062 1745.88220214844 1740.29345703125 1739.19616699219 -3.4e+38 1740.1162109375 -3.4e+38 -3.4e+38 -3.4e+38 1746.18005371094 1747.39807128906 1751.34289550781 1755.56909179688 1749.02209472656 1752.02990722656 1753.95275878906 1745.52856445312 1737.82531738281
1655.29357910156 1686.39892578125 1723.49584960938 1703.78723144531 1659.35778808594 1661.04614257812 1660.66809082031 1661.09362792969 1662.33605957031 1665.16979980469 1666.49340820312 1671.068359375 1670.79907226562 1671.25122070312 1674.99157714844 1679.51245117188 1685.6142578125 1689.29968261719 1689.07641601562 1695.03393554688 1700.07946777344 1702.37658691406 1705.37951660156 1709.25439453125 1714.7841796875 -3.4e+38 -3.4e+38 1737.89611816406 1748.15002441406 1755.51721191406 1763.302734375 1752.93151855469 1747.68518066406 1744.99865722656 1743.94934082031 1741.05493164062 -3.4e+38 -3.4e+38 -3.4e+38 1742.7060546875 1746.83801269531 1751.94384765625 1755.94055175781 1756.92163085938 1750.83618164062 1747.06896972656 1753.0068359375 1748.73205566406 1740.16247558594
1662.83532714844 1691.20690917969 1755.72155761719 1768.40600585938 1662.82006835938 1663.67370605469 1663.38110351562 1664.41076660156 1665.70922851562 1664.56652832031 1664.00305175781 1666.23608398438 1668.50952148438 -3.4e+38 -3.4e+38 1683.49853515625 1690.06579589844 1690.06909179688 1686.30187988281 1692.4873046875 1701.15393066406 1704.91955566406 1706.89892578125 1713.02062988281 1722.17785644531 1720.96130371094 -3.4e+38 -3.4e+38 1741.93579101562 1753.12426757812 1759.23303222656 1754.01684570312 1759.71496582031 1740.78356933594 1739.56555175781 1740.48779296875 -3.4e+38 -3.4e+38 -3.4e+38 1746.47351074219 1754.93310546875 1761.84545898438 1766.64343261719 1763.83129882812 1750.18823242188 1744.00183105469 1746.84924316406 1752.4384765625 1752.609375
1666.55639648438 1676.70678710938 1737.01147460938 1779.11303710938 1662.1982421875 1662.82043457031 1664.90161132812 1666.87744140625 1668.47253417969 1667.0771484375 1664.57556152344 1664.931640625 1666.81506347656 -3.4e+38 1675.06030273438 1684.89782714844 1689.14697265625 1688.59423828125 1686.30786132812 1690.65954589844 1696.13220214844 1703.59326171875 1707.34399414062 1714.31286621094 1725.77709960938 1726.20715332031 1734.55163574219 1745.173828125 1742.09936523438 1748.50744628906 1751.98095703125 1754.27526855469 1755.58251953125 1735.419921875 1732.73266601562 1735.77966308594 1737.0224609375 -3.4e+38 -3.4e+38 1744.92211914062 1756.83154296875 1760.95739746094 1767.20751953125 1765.30480957031 1754.08654785156 1745.22436523438 1740.6162109375 1747.2958984375 1755.82788085938
1668.59509277344 1683.9208984375 1737.98107910156 1769.89086914062 1692.25646972656 1665.40417480469 1665.72509765625 1662.26477050781 1663.42065429688 1666.72290039062 1665.87731933594 1663.69348144531 1664.40283203125 -3.4e+38 1674.09191894531 1680.17761230469 1682.77282714844 1686.11560058594 1686.92822265625 1689.09936523438 1692.748046875 1699.73937988281 1711.63439941406 1717.27990722656 1727.654296875 1737.08666992188 1768.21325683594 1792.01745605469 1750.29333496094 1751.32482910156 1751.9140625 1748.24841308594 1741.87670898438 1732.73498535156 1735.56030273438 1736.38891601562 1735.77722167969 1736.88146972656 1735.69641113281 -3.4e+38 1748.12585449219 1755.4609375 1765.39208984375 1768.32946777344 1759.90185546875 1753.31091308594 1741.74682617188 1740.11779785156 1749.10620117188
1680.43103027344 1691.71557617188 1755.78002929688 1806.55090332031 1716.45227050781 1677.78247070312 1675.37438964844 1658.49853515625 1659.31408691406 1669.56140136719 1671.18432617188 1662.86694335938 1663.80700683594 -3.4e+38 1672.34973144531 1677.03625488281 1682.44689941406 1685.88342285156 1686.35632324219 1687.39477539062 1691.82592773438 1696.06787109375 1709.91784667969 1716.41259765625 1729.26745605469 1745.2197265625 1786.77465820312 1817.6103515625 1750.63098144531 1752.63256835938 1755.01000976562 1747.49975585938 1741.60217285156 1733.36889648438 1739.92736816406 1736.87133789062 1734.91796875 1734.52734375 1734.66064453125 -3.4e+38 1742.27844238281 1752.02807617188 1765.39697265625 1771.43823242188 1760.09948730469 1755.93542480469 1745.2783203125 1737.48010253906 1743.24926757812
1682.93969726562 1683.19641113281 1729.12268066406 1772.42456054688 1697.47668457031 1668.43542480469 1667.89428710938 1655.81457519531 1655.33569335938 1664.39428710938 1668.04162597656 1663.82971191406 1664.2939453125 -3.4e+38 1673.70397949219 1680.92602539062 1685.59545898438 1685.13305664062 1687.0205078125 1686.37097167969 1690.59912109375 1697.34020996094 1709.6259765625 1719.70080566406 1731.81628417969 1744.61682128906 1762.29711914062 1775.27026367188 1746.56616210938 1759.09790039062 1767.78308105469 1757.02404785156 1741.29516601562 1735.38012695312 1739.74206542969 1733.67712402344 1732.81530761719 1735.38317871094 1734.98876953125 -3.4e+38 1741.59753417969 1752.40893554688 1757.37109375 1760.02111816406 1756.19177246094 1750.44763183594 1743.51745605469 1741.20458984375 1739.78552246094
1744.83557128906 1735.7138671875 1772.24499511719 1799.11096191406 1694.61474609375 1655.37329101562 1654.33435058594 1655.42431640625 1654.90612792969 1656.27954101562 1656.02282714844 1657.68872070312 1660.07006835938 1663.46215820312 1666.84057617188 1670.55200195312 1674.01062011719 1681.21606445312 1687.0615234375 1683.14697265625 1685.34887695312 1689.98950195312 1711.81750488281 1714.32470703125 1721.08618164062 1729.67590332031 1723.17639160156 1732.19458007812 1743.16333007812 1748.8720703125 1759.20532226562 1750.78515625 1735.88049316406 1732.70593261719 1738.10791015625 1735.61767578125 1735.82409667969 1736.87683105469 1734.11340332031 1732.99645996094 1739.21240234375 1743.36840820312 1738.21728515625 1740.48937988281 1748.8203125 1741.31213378906 1741.69836425781 1739.22155761719 1736.37646484375
1783.02099609375 1749.49096679688 1795.240234375 1842.71508789062 1722.2705078125 1656.27526855469 1656.97094726562 1661.61401367188 1660.91687011719 1658.75036621094 1658.14001464844 1655.20874023438 1657.65954589844 -3.4e+38 1665.21618652344 1668.48278808594 1671.80895996094 1681.0859375 1689.578125 1684.50854492188 1683.43591308594 1687.55737304688 1702.97314453125 -3.4e+38 -3.4e+38 1714.80126953125 -3.4e+38 1722.60229492188 1735.17431640625 1750.93701171875 1771.9052734375 1755.10021972656 1735.92785644531 1732.1474609375 1737.67443847656 1739.00512695312 1736.67395019531 1733.03759765625 1727.37036132812 1728.57446289062 1736.75915527344 1740.40307617188 1735.04956054688 1732.82373046875 1741.09118652344 1737.79321289062 1734.59802246094 1729.962890625 1732.2578125
1826.13391113281 1803.14343261719 1800.97106933594 1822.7939453125 1723.42712402344 1664.48852539062 1672.72033691406 1672.2958984375 1660.43310546875 1655.00646972656 1657.80725097656 1654.84216308594 1655.38598632812 -3.4e+38 1663.4580078125 1668.41833496094 1670.50744628906 1676.33520507812 1684.51770019531 1685.70227050781 1681.42065429688 1683.65100097656 1693.419921875 -3.4e+38 -3.4e+38 -3.4e+38 1716.60205078125 -3.4e+38 1737.02880859375 1768.32287597656 1795.55981445312 1750.24401855469 1732.12670898438 1732.83044433594 1734.63488769531 1736.46569824219 1732.92065429688 1728.60119628906 1724.37341308594 1725.76599121094 1735.6787109375 1739.67199707031 1735.20690917969 1729.47302246094 1730.02844238281 1727.57568359375 1726.82397460938 1729.4482421875 1731.25158691406
1875.73559570312 1835.38537597656 1806.66027832031 1823.1455078125 1748.27917480469 1712.91687011719 1755.94812011719 1721.06884765625 1657.37878417969 1654.67175292969 1656.95727539062 1654.01940917969 1654.67919921875 1656.86853027344 1663.41650390625 1670.10620117188 1670.66052246094 1673.81274414062 1681.3916015625 1686.43872070312 1680.67565917969 1680.95190429688 1691.74523925781 -3.4e+38 1708.39892578125 1716.04675292969 1730.56433105469 1741.05395507812 1743.77197265625 1786.4765625 1828.82006835938 1732.93994140625 1730.49145507812 1731.68872070312 1730.92810058594 1727.83801269531 1729.21789550781 1725.87390136719 1721.47033691406 1727.51025390625 1735.30029296875 1736.19116210938 1734.08288574219 1726.13525390625 1721.79870605469 1720.63403320312 1725.31884765625 1730.38232421875 1729.68786621094
1940.97021484375 1876.35388183594 1853.36303710938 1872.65258789062 1811.88415527344 1759.3623046875 1782.31323242188 1749.80114746094 1653.80065917969 1651.71264648438 1651.79736328125 1651.43969726562 1652.86572265625 1654.88732910156 1660.24768066406 1666.87268066406 1670.36071777344 1670.48901367188 1676.79150390625 1682.90295410156 1680.64245605469 1678.88757324219 1692.96118164062 1700.43298339844 1706.5419921875 1721.84594726562 1759.22631835938 1827.21496582031 1873.21484375 1840.00231933594 1790.0302734375 1733.23327636719 1731.8525390625 1728.55749511719 1726.30456542969 1720.94909667969 1721.7763671875 1720.6826171875 1719.72155761719 1729.09619140625 1735.49182128906 1729.14831542969 1724.53454589844 1717.81457519531 1714.44030761719 1721.26940917969 1726.33288574219 1724.97204589844 1726.62060546875
2045.08618164062 1970.78356933594 1915.23571777344 1875.73205566406 1811.92236328125 1757.97375488281 1731.62646484375 1734.67431640625 1648.75732421875 1647.07727050781 1647.26721191406 1649.33178710938 1649.07055664062 1650.62915039062 1655.0703125 1663.14880371094 1671.36694335938 1667.41174316406 1671.91796875 1679.57080078125 1680.28479003906 1676.75451660156 -3.4e+38 -3.4e+38 -3.4e+38 1737.67114257812 1827.92785644531 1929.58776855469 1927.01989746094 1806.22387695312 1740.33642578125 1737.41674804688 1732.15612792969 1726.32434082031 1722.37585449219 1714.95056152344 1713.87646484375 1715.93078613281 1715.61804199219 1724.10034179688 1734.82873535156 1727.80590820312 1715.42370605469 1713.66687011719 1711.08178710938 1722.59338378906 1725.12121582031 1723.359375 1729.16442871094
2121.56518554688 2028.30383300781 1882.60021972656 1770.95837402344 1728.97351074219 1715.42810058594 1708.92346191406 1714.62048339844 1646.41540527344 1649.80773925781 1652.55908203125 1648.44604492188 1646.25231933594 -3.4e+38 1652.54333496094 1665.13269042969 1674.8271484375 1670.13562011719 1671.64868164062 1675.61206054688 1675.68811035156 1673.00415039062 -3.4e+38 -3.4e+38 -3.4e+38 1733.33056640625 1814.25622558594 1837.80224609375 1785.9267578125 1726.9736328125 1736.11962890625 1735.72937011719 1725.85876464844 1721.37524414062 1715.06042480469 1710.68688964844 1712.70776367188 1713.57702636719 1711.59204101562 1718.09936523438 1724.08764648438 1721.66784667969 1714.33044433594 1714.09729003906 1710.10620117188 1723.04443359375 1727.56713867188 1725.38830566406 1728.56274414062
2069.53393554688 1954.912109375 1793.22119140625 1740.79858398438 1748.95007324219 1719.88903808594 1687.86254882812 1697.08166503906 1686.7568359375 1682.35485839844 1654.96301269531 1648.6708984375 1648.32165527344 -3.4e+38 1650.41149902344 1662.30883789062 1672.77600097656 1671.4814453125 1674.22546386719 1675.5419921875 1673.14733886719 1670.50183105469 -3.4e+38 -3.4e+38 -3.4e+38 -3.4e+38 1724.36364746094 1710.2236328125 1704.83068847656 1715.89306640625 1727.33483886719 1729.02075195312 1719.97888183594 1713.455078125 1709.13049316406 1710.31896972656 1714.19458007812 1712.92333984375 1709.56884765625 1713.478515625 1711.44116210938 1717.38256835938 1723.45166015625 1714.01647949219 1707.43542480469 1725.01037597656 1733.73779296875 1728.0419921875 1725.99597167969
2006.62963867188 1854.05090332031 1786.23706054688 1865.74072265625 1907.85852050781 1810.30224609375 1674.75158691406 1690.55688476562 1708.00415039062 1680.49353027344 1651.09655761719 1643.91247558594 1644.95690917969 1643.52734375 1647.19616699219 1655.37683105469 1663.44287109375 1666.2744140625 1672.64099121094 1676.69140625 1676.09997558594 1669.14709472656 -3.4e+38 -3.4e+38 -3.4e+38 1684.49389648438 1689.78051757812 1696.91271972656 1701.87243652344 1711.63525390625 1721.80676269531 1725.16088867188 1719.66906738281 1706.68908691406 1709.49914550781 1708.9462890625 1707.37097167969 1704.43481445312 1704.22412109375 1712.8828125 1711.14880371094 1716.00830078125 1721.21057128906 1710.62231445312 1702.25537109375 1718.30651855469 1727.37963867188 1728.00939941406 1727.04211425781
