rcp4.5models/CNRM_CM5/sc1gr5.17
NCOLS 261 
NROWS 433 
XLLCORNER 336357.134 
YLLCORNER 654653.479 
CELLSIZE 1000 
NODATA_value -3.4e+38 
[rows 374 to 395 of 433, columns 196 to 244 of 261]
283.90185546875 283.700286865234 283.725250244141 283.997375488281 284.118377685547 284.530853271484 284.445861816406 284.480102539062 284.744110107422 285.492156982422 285.536560058594 285.543334960938 286.169555664062 286.509460449219 286.500122070312 286.280303955078 285.615264892578 285.710266113281 286.331451416016 286.549224853516 286.774475097656 286.208160400391 286.489379882812 286.578155517578 287.019683837891 287.058044433594 286.920654296875 287.079559326172 287.133209228516 287.518127441406 288.318084716797 288.202056884766 288.840972900391 288.593719482422 288.317474365234 288.585968017578 288.586730957031 288.643493652344 288.898651123047 287.989501953125 -3.4e+38 -3.4e+38 -3.4e+38 -3.4e+38 -3.4e+38 -3.4e+38 -3.4e+38 -3.4e+38 -3.4e+38
284.298095703125 284.121551513672 284.189544677734 284.409606933594 284.486175537109 284.496398925781 284.487548828125 284.546478271484 285.026214599609 285.327270507812 285.432159423828 285.494354248047 286.269470214844 286.423950195312 286.435424804688 286.156494140625 285.983856201172 285.556823730469 286.43603515625 286.497253417969 286.980834960938 286.344451904297 286.597503662109 286.886932373047 287.215301513672 287.041229248047 286.501525878906 286.555908203125 286.635589599609 287.170043945312 288.006805419922 288.290863037109 288.938415527344 288.982269287109 288.263092041016 288.276519775391 288.401916503906 288.776977539062 -3.4e+38 -3.4e+38 -3.4e+38 -3.4e+38 -3.4e+38 -3.4e+38 -3.4e+38 -3.4e+38 -3.4e+38 -3.4e+38 -3.4e+38
284.439910888672 284.515716552734 284.508972167969 284.475219726562 284.624938964844 284.862854003906 284.688171386719 284.754150390625 285.352508544922 285.361694335938 285.353363037109 285.458923339844 286.164489746094 286.325378417969 286.351745605469 286.208435058594 286.307220458984 285.929595947266 286.671295166016 286.365142822266 287.057495117188 286.453887939453 286.926696777344 287.172149658203 287.33447265625 287.0146484375 286.767730712891 286.463684082031 286.405120849609 286.959442138672 287.513824462891 288.265441894531 288.559692382812 289.00537109375 288.494567871094 288.408386230469 -3.4e+38 -3.4e+38 -3.4e+38 -3.4e+38 -3.4e+38 -3.4e+38 -3.4e+38 -3.4e+38 -3.4e+38 -3.4e+38 -3.4e+38 -3.4e+38 -3.4e+38
284.213409423828 284.218536376953 284.406066894531 284.389984130859 284.641937255859 285.059783935547 285.049652099609 285.213104248047 285.416778564453 285.443328857422 285.469421386719 285.409057617188 286.016937255859 286.309509277344 286.370056152344 286.307983398438 286.362640380859 286.579193115234 287.1591796875 286.805633544922 287.278961181641 287.026824951172 287.335296630859 287.234893798828 287.407440185547 287.198638916016 287.118377685547 287.013153076172 286.769866943359 286.985687255859 287.280517578125 287.665283203125 288.064727783203 288.714385986328 -3.4e+38 -3.4e+38 -3.4e+38 -3.4e+38 -3.4e+38 -3.4e+38 -3.4e+38 -3.4e+38 -3.4e+38 -3.4e+38 -3.4e+38 -3.4e+38 -3.4e+38 -3.4e+38 -3.4e+38
283.585327148438 283.822662353516 284.175140380859 284.308868408203 284.605773925781 284.978576660156 285.118499755859 285.389587402344 285.399291992188 285.442504882812 285.534637451172 285.459899902344 286.016387939453 286.377349853516 286.435333251953 286.377288818359 286.476531982422 286.892669677734 287.299407958984 287.258331298828 287.343994140625 287.415771484375 287.466217041016 287.715545654297 287.746185302734 287.518310546875 287.441558837891 287.327087402344 287.122589111328 287.152008056641 287.376312255859 287.323089599609 287.492065429688 287.603302001953 286.891296386719 289.218048095703 -3.4e+38 -3.4e+38 -3.4e+38 -3.4e+38 -3.4e+38 -3.4e+38 -3.4e+38 -3.4e+38 -3.4e+38 -3.4e+38 -3.4e+38 -3.4e+38 -3.4e+38
283.125640869141 283.610687255859 284.177459716797 284.335784912109 284.465576171875 284.687652587891 284.763824462891 285.103424072266 285.381744384766 285.407775878906 285.550628662109 285.900299072266 286.221221923828 286.426025390625 286.450103759766 286.511413574219 286.477508544922 286.688262939453 287.236236572266 287.338439941406 287.487976074219 287.479553222656 287.477874755859 287.871704101562 288.145416259766 288.010192871094 287.863800048828 287.398986816406 287.199462890625 287.301086425781 287.724151611328 287.195648193359 286.669860839844 286.816314697266 -3.4e+38 -3.4e+38 -3.4e+38 -3.4e+38 -3.4e+38 -3.4e+38 -3.4e+38 -3.4e+38 -3.4e+38 -3.4e+38 -3.4e+38 -3.4e+38 -3.4e+38 -3.4e+38 -3.4e+38
282.591003417969 283.554840087891 283.950714111328 283.962432861328 283.274597167969 281.487762451172 284.095916748047 284.656188964844 285.229125976562 285.373748779297 285.514923095703 286.121063232422 286.400726318359 286.409088134766 286.448425292969 286.576629638672 286.487915039062 286.432159423828 287.173736572266 287.478302001953 287.545532226562 287.537994384766 287.490997314453 287.647888183594 288.106475830078 288.313201904297 288.189819335938 287.815612792969 287.597351074219 287.531188964844 287.990356445312 287.223846435547 286.97021484375 -3.4e+38 -3.4e+38 -3.4e+38 -3.4e+38 -3.4e+38 -3.4e+38 -3.4e+38 -3.4e+38 -3.4e+38 -3.4e+38 -3.4e+38 -3.4e+38 -3.4e+38 -3.4e+38 -3.4e+38 -3.4e+38
282.447052001953 283.459106445312 283.564056396484 281.961730957031 275.964538574219 275.324340820312 283.066619873047 284.692962646484 285.027557373047 284.847106933594 285.277770996094 285.716949462891 286.160552978516 286.225646972656 285.950073242188 286.200531005859 285.95947265625 285.522430419922 286.793243408203 287.322418212891 287.218780517578 287.368774414062 287.38720703125 287.498291015625 287.802917480469 288.310150146484 288.302947998047 288.228759765625 288.130554199219 287.936309814453 288.151245117188 -3.4e+38 -3.4e+38 -3.4e+38 -3.4e+38 -3.4e+38 -3.4e+38 -3.4e+38 -3.4e+38 -3.4e+38 -3.4e+38 -3.4e+38 -3.4e+38 -3.4e+38 -3.4e+38 -3.4e+38 -3.4e+38 -3.4e+38 -3.4e+38
282.441375732422 282.251281738281 282.350646972656 278.821044921875 273.864471435547 277.574096679688 282.864929199219 284.354431152344 283.710052490234 284.423461914062 284.875915527344 285.421539306641 285.759735107422 285.912414550781 285.412689208984 285.440582275391 284.784820556641 284.091857910156 286.360015869141 286.534057617188 286.844665527344 287.272979736328 287.334564208984 287.65869140625 287.812591552734 287.911163330078 288.212097167969 288.229370117188 288.284698486328 288.146118164062 -3.4e+38 -3.4e+38 -3.4e+38 -3.4e+38 -3.4e+38 -3.4e+38 -3.4e+38 -3.4e+38 -3.4e+38 -3.4e+38 -3.4e+38 -3.4e+38 -3.4e+38 -3.4e+38 -3.4e+38 -3.4e+38 -3.4e+38 -3.4e+38 -3.4e+38
281.450561523438 281.578735351562 280.991271972656 281.592498779297 282.408447265625 282.781188964844 283.018920898438 283.34765625 283.427215576172 284.035339355469 284.473541259766 285.139343261719 285.096008300781 285.173889160156 285.183258056641 285.120819091797 284.808471679688 284.954284667969 285.556884765625 285.757720947266 286.426605224609 286.64404296875 287.131072998047 287.498840332031 287.998901367188 287.943572998047 288.010131835938 287.965728759766 288.095825195312 287.950592041016 -3.4e+38 -3.4e+38 -3.4e+38 -3.4e+38 -3.4e+38 -3.4e+38 -3.4e+38 -3.4e+38 -3.4e+38 -3.4e+38 -3.4e+38 -3.4e+38 -3.4e+38 -3.4e+38 -3.4e+38 -3.4e+38 -3.4e+38 -3.4e+38 -3.4e+38
282.508270263672 281.964874267578 281.255828857422 282.340942382812 282.362854003906 283.097625732422 283.795043945312 283.483306884766 283.493377685547 284.069580078125 284.309112548828 284.697479248047 284.752502441406 285.225921630859 285.195892333984 285.41845703125 285.781555175781 285.670288085938 285.419189453125 285.319549560547 285.924041748047 286.358612060547 287.132751464844 287.578857421875 287.990142822266 -3.4e+38 -3.4e+38 -3.4e+38 -3.4e+38 -3.4e+38 -3.4e+38 -3.4e+38 -3.4e+38 -3.4e+38 -3.4e+38 -3.4e+38 -3.4e+38 -3.4e+38 -3.4e+38 -3.4e+38 -3.4e+38 -3.4e+38 -3.4e+38 -3.4e+38 -3.4e+38 -3.4e+38 -3.4e+38 -3.4e+38 -3.4e+38
282.905792236328 282.514556884766 282.288848876953 283.162933349609 282.983520507812 283.818725585938 284.223815917969 283.966064453125 283.912109375 284.268310546875 284.649688720703 284.715606689453 284.554290771484 285.27490234375 285.209716796875 285.535736083984 285.853393554688 286.282775878906 285.905487060547 285.682922363281 285.676818847656 286.500854492188 287.265563964844 287.987915039062 -3.4e+38 -3.4e+38 -3.4e+38 -3.4e+38 -3.4e+38 -3.4e+38 -3.4e+38 -3.4e+38 -3.4e+38 -3.4e+38 -3.4e+38 -3.4e+38 -3.4e+38 -3.4e+38 -3.4e+38 -3.4e+38 -3.4e+38 -3.4e+38 -3.4e+38 -3.4e+38 -3.4e+38 -3.4e+38 -3.4e+38 -3.4e+38 -3.4e+38
283.109130859375 283.207336425781 283.740600585938 283.754150390625 283.730560302734 283.766448974609 284.355499267578 284.279052734375 284.509216308594 284.685699462891 285.127502441406 285.110565185547 284.538360595703 284.901123046875 284.748596191406 285.003997802734 285.438110351562 286.390350341797 286.716247558594 286.785736083984 286.482940673828 287.081695556641 287.401733398438 -3.4e+38 -3.4e+38 -3.4e+38 -3.4e+38 -3.4e+38 -3.4e+38 -3.4e+38 -3.4e+38 -3.4e+38 -3.4e+38 -3.4e+38 -3.4e+38 -3.4e+38 -3.4e+38 -3.4e+38 -3.4e+38 -3.4e+38 -3.4e+38 -3.4e+38 -3.4e+38 -3.4e+38 -3.4e+38 -3.4e+38 -3.4e+38 -3.4e+38 -3.4e+38
281.796722412109 283.753479003906 284.238098144531 284.280609130859 284.073760986328 283.935974121094 284.569732666016 284.6982421875 284.990417480469 285.099334716797 285.208984375 284.972045898438 284.528381347656 284.636901855469 284.791656494141 284.872955322266 285.282135009766 285.72265625 286.823120117188 287.368041992188 287.631286621094 287.769592285156 287.819671630859 -3.4e+38 -3.4e+38 -3.4e+38 -3.4e+38 -3.4e+38 -3.4e+38 -3.4e+38 -3.4e+38 -3.4e+38 -3.4e+38 -3.4e+38 -3.4e+38 -3.4e+38 -3.4e+38 -3.4e+38 -3.4e+38 -3.4e+38 -3.4e+38 -3.4e+38 -3.4e+38 -3.4e+38 -3.4e+38 -3.4e+38 -3.4e+38 -3.4e+38 -3.4e+38
282.042755126953 284.260803222656 284.552856445312 284.595428466797 284.425231933594 284.326904296875 284.720031738281 285.125427246094 285.235809326172 285.349395751953 285.143432617188 284.736633300781 284.407135009766 284.585418701172 285.393920898438 285.553131103516 285.195770263672 284.999481201172 286.657562255859 287.237915039062 287.763580322266 -3.4e+38 -3.4e+38 -3.4e+38 -3.4e+38 -3.4e+38 -3.4e+38 -3.4e+38 -3.4e+38 -3.4e+38 -3.4e+38 -3.4e+38 -3.4e+38 -3.4e+38 -3.4e+38 -3.4e+38 -3.4e+38 -3.4e+38 -3.4e+38 -3.4e+38 -3.4e+38 -3.4e+38 -3.4e+38 -3.4e+38 -3.4e+38 -3.4e+38 -3.4e+38 -3.4e+38 -3.4e+38
283.951049804688 284.509826660156 284.848175048828 284.897674560547 284.989868164062 284.842010498047 285.03662109375 285.206665039062 285.623229980469 285.310943603516 285.090179443359 284.892181396484 284.581451416016 284.780731201172 285.462188720703 286.033294677734 285.715789794922 285.585296630859 286.828277587891 287.027679443359 287.077331542969 -3.4e+38 -3.4e+38 -3.4e+38 -3.4e+38 -3.4e+38 -3.4e+38 -3.4e+38 -3.4e+38 -3.4e+38 -3.4e+38 -3.4e+38 -3.4e+38 -3.4e+38 -3.4e+38 -3.4e+38 -3.4e+38 -3.4e+38 -3.4e+38 -3.4e+38 -3.4e+38 -3.4e+38 -3.4e+38 -3.4e+38 -3.4e+38 -3.4e+38 -3.4e+38 -3.4e+38 -3.4e+38
284.430938720703 284.917144775391 285.013824462891 285.128540039062 285.254302978516 285.200866699219 285.195922851562 285.557769775391 285.952697753906 285.109191894531 285.189758300781 285.246856689453 285.405792236328 285.243865966797 285.825805664062 286.192413330078 286.051818847656 286.397888183594 286.955535888672 -3.4e+38 -3.4e+38 -3.4e+38 -3.4e+38 -3.4e+38 -3.4e+38 -3.4e+38 -3.4e+38 -3.4e+38 -3.4e+38 -3.4e+38 -3.4e+38 -3.4e+38 -3.4e+38 -3.4e+38 -3.4e+38 -3.4e+38 -3.4e+38 -3.4e+38 -3.4e+38 -3.4e+38 -3.4e+38 -3.4e+38 -3.4e+38 -3.4e+38 -3.4e+38 -3.4e+38 -3.4e+38 -3.4e+38 -3.4e+38
284.994689941406 285.444396972656 285.393768310547 285.335662841797 285.03271484375 284.812744140625 284.778076171875 285.683135986328 286.102447509766 285.533538818359 285.400909423828 285.764953613281 285.939666748047 285.365753173828 286.109619140625 286.139495849609 286.605224609375 -3.4e+38 -3.4e+38 -3.4e+38 -3.4e+38 -3.4e+38 -3.4e+38 -3.4e+38 -3.4e+38 -3.4e+38 -3.4e+38 -3.4e+38 -3.4e+38 -3.4e+38 -3.4e+38 -3.4e+38 -3.4e+38 -3.4e+38 -3.4e+38 -3.4e+38 -3.4e+38 -3.4e+38 -3.4e+38 -3.4e+38 -3.4e+38 -3.4e+38 -3.4e+38 -3.4e+38 -3.4e+38 -3.4e+38 -3.4e+38 -3.4e+38 -3.4e+38
285.613616943359 285.674621582031 285.623504638672 285.477844238281 284.813140869141 284.479644775391 284.477569580078 285.212921142578 285.991760253906 286.077606201172 285.871032714844 286.10888671875 286.151763916016 285.780975341797 286.241485595703 -3.4e+38 -3.4e+38 -3.4e+38 -3.4e+38 -3.4e+38 -3.4e+38 -3.4e+38 -3.4e+38 -3.4e+38 -3.4e+38 -3.4e+38 -3.4e+38 -3.4e+38 -3.4e+38 -3.4e+38 -3.4e+38 -3.4e+38 -3.4e+38 -3.4e+38 -3.4e+38 -3.4e+38 -3.4e+38 -3.4e+38 -3.4e+38 -3.4e+38 -3.4e+38 -3.4e+38 -3.4e+38 -3.4e+38 -3.4e+38 -3.4e+38 -3.4e+38 -3.4e+38 -3.4e+38
285.807159423828 285.720550537109 285.586517333984 285.410614013672 284.82568359375 284.310852050781 284.254974365234 284.948822021484 285.167053222656 285.913269042969 286.390167236328 286.170776367188 286.676177978516 286.758331298828 286.8388671875 -3.4e+38 -3.4e+38 -3.4e+38 -3.4e+38 -3.4e+38 -3.4e+38 -3.4e+38 -3.4e+38 -3.4e+38 -3.4e+38 -3.4e+38 -3.4e+38 -3.4e+38 -3.4e+38 -3.4e+38 -3.4e+38 -3.4e+38 -3.4e+38 -3.4e+38 -3.4e+38 -3.4e+38 -3.4e+38 -3.4e+38 -3.4e+38 -3.4e+38 -3.4e+38 -3.4e+38 -3.4e+38 -3.4e+38 -3.4e+38 -3.4e+38 -3.4e+38 -3.4e+38 -3.4e+38
285.722869873047 -3.4e+38 -3.4e+38 285.440704345703 284.740417480469 284.276000976562 284.206512451172 284.931213378906 284.790283203125 285.458587646484 286.246612548828 286.279663085938 286.96875 287.004791259766 -3.4e+38 -3.4e+38 -3.4e+38 -3.4e+38 -3.4e+38 -3.4e+38 -3.4e+38 -3.4e+38 -3.4e+38 -3.4e+38 -3.4e+38 -3.4e+38 -3.4e+38 -3.4e+38 -3.4e+38 -3.4e+38 -3.4e+38 -3.4e+38 -3.4e+38 -3.4e+38 -3.4e+38 -3.4e+38 -3.4e+38 -3.4e+38 -3.4e+38 -3.4e+38 -3.4e+38 -3.4e+38 -3.4e+38 -3.4e+38 -3.4e+38 -3.4e+38 -3.4e+38 -3.4e+38 -3.4e+38
285.332214355469 285.263946533203 285.159729003906 284.924407958984 284.811614990234 285.174255371094 285.418029785156 285.275115966797 286.131225585938 285.836486816406 286.15576171875 285.896453857422 286.582092285156 -3.4e+38 -3.4e+38 -3.4e+38 -3.4e+38 -3.4e+38 -3.4e+38 -3.4e+38 -3.4e+38 -3.4e+38 -3.4e+38 -3.4e+38 -3.4e+38 -3.4e+38 -3.4e+38 -3.4e+38 -3.4e+38 -3.4e+38 -3.4e+38 -3.4e+38 -3.4e+38 -3.4e+38 -3.4e+38 -3.4e+38 -3.4e+38 -3.4e+38 -3.4e+38 -3.4e+38 -3.4e+38 -3.4e+38 -3.4e+38 -3.4e+38 -3.4e+38 -3.4e+38 -3.4e+38 -3.4e+38 -3.4e+38
