rcp4.5models/CNRM_CM5/sc1gr8.28
NCOLS 261 
NROWS 433 
XLLCORNER 336357.134 
YLLCORNER 654653.479 
CELLSIZE 1000 
NODATA_value -3.4e+38 
[rows 352 to 373 of 433, columns 196 to 244 of 261]
53.8796005249023 53.2836570739746 53.0397109985352 52.7908172607422 51.9257011413574 51.5297164916992 51.497386932373 50.5730476379395 50.057315826416 49.2272033691406 48.8249282836914 48.4071960449219 47.9827919006348 47.8859710693359 47.486629486084 47.1879615783691 47.1788520812988 47.0889434814453 46.7589683532715 46.6814765930176 46.3360328674316 46.2041664123535 46.3020286560059 45.2444152832031 44.7800407409668 44.7128639221191 44.4193649291992 44.4220771789551 44.3521499633789 44.0156097412109 43.1739158630371 43.181999206543 43.1203117370605 42.7757415771484 42.7839469909668 42.7927017211914 42.7451286315918 42.5070571899414 42.7666511535645 42.4511451721191 42.3636665344238 42.4146614074707 42.693790435791 -3.4e+38 -3.4e+38 -3.4e+38 -3.4e+38 42.4459228515625 42.5041923522949
52.8739624023438 52.4329147338867 51.9783096313477 51.7339935302734 51.008544921875 50.9013633728027 50.5998001098633 49.23974609375 49.1018943786621 48.5051612854004 47.9046859741211 47.8907585144043 47.8776893615723 47.7037086486816 47.0990676879883 47.0886764526367 46.9977912902832 46.6026649475098 46.1871948242188 45.725959777832 45.6010475158691 45.0919952392578 44.9180679321289 44.2380065917969 43.828182220459 43.7557716369629 43.4273338317871 43.4306983947754 43.3716011047363 43.0822067260742 42.6813430786133 42.6880149841309 42.6360549926758 42.3452644348145 42.35400390625 42.3632926940918 42.3063011169434 42.0201034545898 42.3285446166992 41.9179000854492 -3.4e+38 -3.4e+38 -3.4e+38 -3.4e+38 -3.4e+38 -3.4e+38 -3.4e+38 42.329029083252 41.9430046081543
51.9260177612305 51.6742553710938 50.933708190918 50.8244895935059 50.2997131347656 49.5533905029297 49.6221389770508 48.5950622558594 48.5788040161133 48.3965682983398 47.8002319335938 47.7861137390137 47.6893768310547 47.2959022521973 47.0001983642578 46.7894706726074 45.9456176757812 45.6512565612793 45.4560394287109 44.7241058349609 44.6007308959961 44.0318641662598 43.7413711547852 43.6660346984863 43.3418998718262 43.2776679992676 42.9891510009766 42.9930305480957 42.9264602661133 42.5961418151855 42.2521476745605 42.2593383789062 42.1989097595215 41.8584060668945 41.865592956543 41.8732833862305 41.8263206481934 41.5888671875 41.8455047607422 -3.4e+38 -3.4e+38 -3.4e+38 -3.4e+38 -3.4e+38 -3.4e+38 -3.4e+38 -3.4e+38 -3.4e+38 41.1973533630371
51.4277229309082 51.2507743835449 50.5359535217285 49.7714004516602 49.2488479614258 48.5379333496094 48.6036949157715 48.4851379394531 48.3832855224609 47.9915733337402 47.6121597290039 47.2991409301758 47.0854187011719 46.3430976867676 46.2502212524414 45.7515525817871 45.0450210571289 45.037654876709 44.5668907165527 44.2778816223145 44.1557731628418 43.5816383361816 43.2611999511719 43.1934700012207 42.9057273864746 42.9073028564453 42.8383712768555 42.513313293457 42.4552459716797 42.168830871582 42.1815910339355 42.0261764526367 41.151741027832 40.8631248474121 40.8703575134277 40.8780822753906 40.8862457275391 40.8308868408203 -3.4e+38 -3.4e+38 -3.4e+38 -3.4e+38 -3.4e+38 -3.4e+38 -3.4e+38 -3.4e+38 -3.4e+38 -3.4e+38 -3.4e+38
50.3766250610352 50.3570365905762 50.139533996582 49.2497215270996 48.4474296569824 48.4287185668945 48.3237762451172 48.0838317871094 48.1945114135742 47.3978233337402 46.5651359558105 46.2715225219727 46.1443214416504 45.7165718078613 45.5518264770508 44.9599609375 44.8868522644043 44.6282234191895 43.9383277893066 44.1144752502441 43.6809120178223 43.1145668029785 42.8271865844727 42.8260536193848 42.7542991638184 42.4337997436523 42.2704429626465 41.5133743286133 41.5173301696777 41.4535064697266 41.1306648254395 40.9981384277344 40.3025436401367 40.2460975646973 39.9089965820312 39.9813232421875 -3.4e+38 -3.4e+38 -3.4e+38 -3.4e+38 -3.4e+38 -3.4e+38 -3.4e+38 -3.4e+38 -3.4e+38 -3.4e+38 -3.4e+38 -3.4e+38 -3.4e+38
49.7114486694336 49.6036415100098 49.3044700622559 49.1351013183594 48.4748954772949 47.9477500915527 47.846866607666 47.046573638916 47.2257881164551 46.6547813415527 45.6548385620117 45.6415557861328 45.5487327575684 45.2402572631836 45.1553726196289 44.8667221069336 44.7350997924805 44.2472991943359 43.619026184082 43.9599952697754 43.2484703063965 42.6418190002441 42.174243927002 42.1012268066406 41.7202262878418 41.4360504150391 41.3485069274902 40.9383888244629 40.8761787414551 40.4952278137207 40.2208709716797 40.2290840148926 40.1728248596191 39.7856140136719 39.5011367797852 39.563102722168 -3.4e+38 -3.4e+38 -3.4e+38 -3.4e+38 -3.4e+38 -3.4e+38 -3.4e+38 -3.4e+38 -3.4e+38 -3.4e+38 -3.4e+38 -3.4e+38 -3.4e+38
49.595588684082 49.4027137756348 48.8355407714844 48.7310676574707 48.1503982543945 47.1418838500977 46.8987007141113 45.9538917541504 45.9379920959473 45.8453483581543 45.4757690429688 45.1706886291504 45.0829238891602 44.7950477600098 44.7839736938477 44.7738761901855 44.630069732666 44.0923614501953 43.1402740478516 42.9334030151367 42.3359222412109 42.0004348754883 41.5103034973145 41.1342391967773 40.853271484375 40.8559265136719 40.8600044250488 40.7973480224609 40.4205474853516 40.1408538818359 40.0903015136719 39.7649993896484 39.7172622680664 39.4353065490723 39.4437599182129 -3.4e+38 -3.4e+38 -3.4e+38 -3.4e+38 -3.4e+38 -3.4e+38 -3.4e+38 -3.4e+38 -3.4e+38 -3.4e+38 -3.4e+38 -3.4e+38 -3.4e+38 -3.4e+38
49.1165046691895 48.7878532409668 47.7905464172363 47.689453125 47.2753639221191 46.7766723632812 46.3955879211426 45.503345489502 45.4878921508789 45.392448425293 45.0147361755371 44.7279624938965 44.7150573730469 44.6254081726074 44.2023391723633 43.7371215820312 43.6570930480957 43.3727111816406 42.3959808349609 41.998291015625 41.5048065185547 41.4311943054199 41.0579948425293 40.7782096862793 40.7796020507812 40.7825508117676 40.7869720458984 40.6664123535156 40.0687141418457 40.0751953125 39.6409225463867 39.3616752624512 39.3694458007812 39.3777770996094 39.3248481750488 38.992057800293 -3.4e+38 -3.4e+38 -3.4e+38 -3.4e+38 -3.4e+38 -3.4e+38 -3.4e+38 -3.4e+38 -3.4e+38 -3.4e+38 -3.4e+38 -3.4e+38 -3.4e+38
47.1480293273926 47.3188133239746 46.9530792236328 46.5799674987793 46.209156036377 45.9275932312012 45.9127731323242 45.3344802856445 44.5160713195801 44.001594543457 43.9091949462891 43.4967422485352 42.9904556274414 42.7092094421387 42.6989517211914 42.6895942687988 42.6079330444336 42.3798408508301 41.9425964355469 41.6650009155273 41.4692573547363 40.7020111083984 41.072582244873 41.2444915771484 40.6332931518555 40.5705223083496 40.2049674987793 39.9313850402832 39.8732376098633 39.5613822937012 38.6594123840332 38.6669120788574 38.4841423034668 37.4603309631348 37.4693641662598 37.4788017272949 -3.4e+38 -3.4e+38 -3.4e+38 -3.4e+38 -3.4e+38 -3.4e+38 -3.4e+38 -3.4e+38 -3.4e+38 -3.4e+38 -3.4e+38 -3.4e+38 -3.4e+38
46.9066047668457 46.9384422302246 46.7563056945801 46.1248435974121 45.8452606201172 45.6991424560547 45.1621170043945 44.3948822021484 43.8985328674316 43.6033172607422 43.2082061767578 42.7224273681641 42.9943237304688 42.9092254638672 42.539119720459 42.241584777832 42.1650581359863 41.9536399841309 41.8754348754883 41.8022003173828 41.3950233459473 41.0582084655762 41.6933326721191 41.7159004211426 40.4947280883789 40.031909942627 39.2834625244141 39.2244758605957 38.8603591918945 38.5875434875488 38.1011848449707 38.0502319335938 37.6819953918457 37.4081382751465 37.4175033569336 37.3691749572754 36.9931221008301 -3.4e+38 -3.4e+38 -3.4e+38 -3.4e+38 -3.4e+38 -3.4e+38 -3.4e+38 -3.4e+38 -3.4e+38 -3.4e+38 -3.4e+38 -3.4e+38
46.9950981140137 46.621265411377 46.0412635803223 45.630298614502 45.1755294799805 44.954761505127 44.1686782836914 43.8796806335449 43.8675804138184 43.7186889648438 43.1366577148438 42.93115234375 43.1977615356445 43.0148239135742 42.1012763977051 41.8242034912109 41.8153190612793 41.8074607849121 41.7953758239746 41.66015625 41.0423049926758 40.8808479309082 41.0459747314453 40.62353515625 40.5673713684082 39.1248016357422 38.6435699462891 38.2851982116699 38.0163269042969 38.0241661071777 37.9819030761719 37.618350982666 37.3470001220703 37.3562507629395 37.3081398010254 36.9371604919434 36.6615867614746 36.670093536377 36.6237945556641 36.2437019348145 35.9600372314453 -3.4e+38 -3.4e+38 -3.4e+38 -3.4e+38 -3.4e+38 -3.4e+38 -3.4e+38 -3.4e+38
46.471923828125 45.8756484985352 45.3930816650391 45.1840972900391 44.5281181335449 44.3578109741211 43.8132820129395 43.7105178833008 43.4243316650391 43.3400382995605 43.0656814575195 43.05517578125 42.982666015625 42.5348663330078 41.7550811767578 41.7452011108398 41.7362251281738 41.6585960388184 41.357364654541 41.1824493408203 40.331485748291 39.8388862609863 39.7438201904297 39.4060935974121 39.5980339050293 38.5713729858398 38.2166023254395 37.9496307373047 37.9568481445312 37.9042434692383 37.5549507141113 37.2860565185547 37.2369537353516 36.9219017028809 36.8811645507812 36.6082191467285 36.6167335510254 36.5707359313965 36.1959114074707 35.8703727722168 35.5320587158203 35.2882232666016 -3.4e+38 -3.4e+38 -3.4e+38 -3.4e+38 -3.4e+38 -3.4e+38 -3.4e+38
45.4643859863281 45.0279769897461 45.015453338623 44.8591499328613 44.3699188232422 44.2158660888672 43.7218818664551 43.2754325866699 43.0027770996094 42.9911727905273 42.9800796508789 42.9695472717285 42.8186836242676 42.2112770080566 41.9174270629883 41.666805267334 41.4752464294434 40.6567764282227 40.3779258728027 40.2750587463379 39.7937431335449 39.5607452392578 39.4411392211914 38.8294334411621 38.5005798339844 38.1490859985352 37.8838272094727 37.8902816772461 37.8373527526855 37.4834823608398 37.2254066467285 37.2342376708984 37.1367988586426 36.5467376708984 36.554874420166 36.5081405639648 36.1865272521973 36.1479530334473 35.7457656860352 34.9049263000488 34.6564331054688 34.2672691345215 34.2293891906738 -3.4e+38 -3.4e+38 -3.4e+38 -3.4e+38 -3.4e+38 -3.4e+38
44.9424171447754 44.9297256469727 44.8372230529785 44.4851722717285 44.2167434692383 44.142765045166 43.8537139892578 42.929801940918 42.9177589416504 42.9061622619629 42.8220367431641 42.5380249023438 42.459846496582 42.1896743774414 42.0089111328125 41.1866760253906 40.4865455627441 39.7887344360352 39.7779922485352 39.7745780944824 39.772762298584 39.7085990905762 39.3099670410156 38.8120040893555 38.6435241699219 37.8191452026367 37.8246765136719 37.7712631225586 37.4214363098145 37.1573486328125 37.1737022399902 37.1258659362793 36.7694129943848 36.5016288757324 36.4550743103027 36.009204864502 35.236515045166 35.243049621582 35.0978240966797 34.0777626037598 33.7452049255371 33.4288864135742 33.4338150024414 33.4388389587402 33.4439430236816 -3.4e+38 -3.4e+38 -3.4e+38 -3.4e+38
45.0561103820801 44.7521476745605 44.4030227661133 44.1366691589355 44.1249046325684 44.036678314209 43.7000198364258 43.0712661743164 42.8333053588867 42.7488670349121 42.399040222168 42.0110092163086 41.5452766418457 41.5357627868652 41.3505897521973 40.5183334350586 39.9669570922852 39.7161254882812 39.7052726745605 39.6370811462402 39.3490676879883 39.2900810241699 39.027458190918 39.0311470031738 38.8162879943848 37.7602691650391 37.7661514282227 37.7203826904297 37.4013900756836 37.1055335998535 36.7552452087402 36.7138671875 36.4485855102539 36.3717041015625 35.781795501709 35.1213684082031 34.7047576904297 34.7135467529297 34.5859527587891 33.6638450622559 33.3877029418945 33.3976669311523 33.4028053283691 33.4080390930176 33.4133567810059 -3.4e+38 -3.4e+38 -3.4e+38 -3.4e+38
45.1509437561035 44.534236907959 44.0572929382324 44.045337677002 44.0336303710938 43.8727340698242 43.3465347290039 43.2655029296875 42.9664535522461 42.4371719360352 41.4876747131348 41.3649291992188 40.9263610839844 40.8495216369629 40.504955291748 40.240291595459 40.1797561645508 39.8896293640137 39.5688667297363 39.2243309020996 38.9607429504395 38.9598274230957 38.9610786437988 38.9039154052734 38.5153541564941 37.9673347473145 37.7083129882812 37.6573638916016 37.3142509460449 37.0542373657227 36.3882598876953 36.3084487915039 35.8212203979492 35.7030029296875 34.9754257202148 34.9777679443359 34.6652069091797 34.6231460571289 34.1765365600586 33.3512191772461 33.3562088012695 33.3191032409668 32.9806709289551 32.9837875366211 33.0321769714355 33.3884696960449 -3.4e+38 -3.4e+38 -3.4e+38
44.7869873046875 44.4632225036621 44.1804542541504 43.9545783996582 43.9429397583008 43.783821105957 43.2616119384766 43.1164474487305 42.5149765014648 41.8139305114746 41.1571769714355 41.0889778137207 40.7790145874023 40.437198638916 40.1741027832031 40.1675453186035 40.161792755127 40.103199005127 39.4397621154785 38.8980369567871 38.895378112793 38.894416809082 38.8348274230957 38.4970893859863 38.2408561706543 38.146800994873 37.6512145996094 37.5499839782715 36.9956512451172 37.0034828186035 35.7613296508789 35.6934967041016 35.2201805114746 34.8715744018555 34.6533012390137 34.8906364440918 34.6259231567383 34.5423545837402 33.8659172058105 33.319694519043 33.324878692627 32.911376953125 32.6338310241699 32.6370048522949 32.6763038635254 -3.4e+38 -3.4e+38 -3.4e+38 -3.4e+38
44.4453735351562 44.4351806640625 44.3623275756836 44.1437950134277 43.9951324462891 43.3098602294922 42.6021156311035 42.4627456665039 41.8838424682617 41.3622093200684 41.3548164367676 41.2908401489258 40.8716812133789 40.1091766357422 40.1019821166992 40.095516204834 40.0898513793945 40.085090637207 39.0943984985352 38.8335762023926 38.8309936523438 38.8300933837891 38.7166900634766 38.1769332885742 38.1825675964355 38.0845794677734 37.5646896362305 37.5221138000488 37.1758346557617 36.5899047851562 35.2091064453125 35.2185554504395 35.1298980712891 34.5603561401367 34.5689125061035 34.5777778625488 34.5869140625 34.5051231384277 33.8784790039062 33.5900573730469 33.2465782165527 32.6054344177246 32.6087074279785 32.612060546875 32.615478515625 -3.4e+38 -3.4e+38 -3.4e+38 -3.4e+38
44.5636863708496 44.3440246582031 44.3341178894043 44.1933403015137 43.5321464538574 42.6866073608398 42.1847534179688 41.8758811950684 41.541130065918 41.2832298278809 41.2759323120117 41.2691612243652 41.0760269165039 40.3322639465332 40.2682838439941 40.0242118835449 39.9546279907227 39.6790771484375 39.0780487060547 39.0758819580078 39.0201110839844 38.7071914672852 38.3738632202148 38.1196136474609 38.0675659179688 37.7366714477539 37.4843101501465 37.3999214172363 36.8397941589355 36.2711715698242 35.1639404296875 35.1210594177246 34.7801055908203 34.5211410522461 34.529857635498 34.5388832092285 34.4990844726562 34.1481246948242 33.8831443786621 33.8108749389648 33.1776962280273 32.5802421569824 32.5836868286133 32.5872077941895 -3.4e+38 -3.4e+38 -3.4e+38 -3.4e+38 -3.4e+38
44.5792427062988 44.0680999755859 43.6512794494629 42.8296737670898 42.3640327453613 42.3565826416016 42.3494453430176 42.1417427062988 41.4200592041016 41.354076385498 41.1201629638672 40.9844245910645 40.4712867736816 40.4659461975098 40.4612846374512 40.4037818908691 39.9985313415527 39.2369842529297 39.2309608459473 39.1703224182129 38.8433570861816 38.542854309082 38.3136215209961 38.2661895751953 37.9065818786621 37.281078338623 36.7182388305664 36.2920455932617 36.2019462585449 35.6631050109863 35.6432952880859 35.2690696716309 34.4351005554199 34.4437217712402 34.4526977539062 34.3724975585938 33.8026809692383 33.8102073669434 33.817928314209 33.8258247375488 33.7519226074219 32.8788719177246 32.8466720581055 -3.4e+38 -3.4e+38 -3.4e+38 -3.4e+38 -3.4e+38 -3.4e+38
44.3567428588867 43.4767951965332 43.3258399963379 42.7713165283203 42.5568008422852 42.4890899658203 42.2650413513184 42.1177101135254 41.6151084899902 41.5528106689453 41.3307037353516 41.1395950317383 40.4001235961914 40.3949661254883 40.3904991149902 40.3868026733398 40.2119293212891 39.4161758422852 39.1682243347168 39.0543174743652 38.5337791442871 38.5354042053223 38.5389518737793 38.4414176940918 37.7386589050293 36.6601104736328 36.2312622070312 36.1880302429199 35.8649787902832 35.6176643371582 35.6400909423828 35.517333984375 34.7247467041016 34.689697265625 34.4146003723145 34.3360290527344 33.7701454162598 33.7777976989746 33.78564453125 33.7936744689941 33.7651100158691 33.1424026489258 -3.4e+38 -3.4e+38 -3.4e+38 -3.4e+38 -3.4e+38 -3.4e+38 -3.4e+38
44.5382652282715 43.5951614379883 43.2364807128906 42.7469062805176 42.7414131164551 42.6765670776367 42.3996925354004 41.7854614257812 41.5371360778809 41.5319900512695 41.52734375 41.341739654541 40.6191596984863 40.5584678649902 40.3204231262207 40.2555313110352 39.9346199035645 39.6343307495117 39.3524971008301 38.994197845459 38.4776954650879 38.4796333312988 38.4834175109863 38.383731842041 37.63623046875 36.4847640991211 36.4453277587891 36.0915298461914 35.562572479248 35.5727310180664 35.5454177856445 35.2198066711426 34.9706192016602 34.9424858093262 34.6630783081055 -3.4e+38 33.7378540039062 -3.4e+38 33.7535820007324 33.7617340087891 33.7700462341309 -3.4e+38 -3.4e+38 -3.4e+38 -3.4e+38 -3.4e+38 -3.4e+38 -3.4e+38 -3.4e+38
