rcp4.5models/CNRM_CM5/sc1gr5.29
NCOLS 261 
NROWS 433 
XLLCORNER 336357.134 
YLLCORNER 654653.479 
CELLSIZE 1000 
NODATA_value -3.4e+38 
[rows 286 to 307 of 433, columns 196 to 244 of 261]
283.302429199219 283.811828613281 280.703826904297 279.638275146484 285.817291259766 287.299163818359 287.080017089844 284.647277832031 282.42724609375 274.737396240234 278.048431396484 271.136291503906 273.396301269531 284.009918212891 293.608978271484 294.049041748047 294.197814941406 294.966827392578 -3.4e+38 292.203704833984 289.839630126953 294.337249755859 295.211547851562 296.192810058594 297.051910400391 297.186279296875 297.165374755859 297.015716552734 297.580139160156 298.382354736328 298.460876464844 298.09228515625 298.674041748047 298.7001953125 299.126251220703 299.505554199219 299.585998535156 299.936004638672 299.861389160156 299.923034667969 300.061431884766 300.005615234375 300.4853515625 300.913360595703 300.816711425781 300.502807617188 300.5 300.774444580078 -3.4e+38
284.602416992188 285.170684814453 284.356567382812 285.210266113281 286.490020751953 287.088317871094 287.559265136719 286.612091064453 282.74658203125 272.314544677734 271.590881347656 267.533050537109 271.232391357422 283.716735839844 293.350463867188 294.385070800781 294.601470947266 295.366271972656 -3.4e+38 292.802154541016 288.496734619141 293.730102539062 294.787353515625 296.058135986328 296.928283691406 297.290222167969 297.443420410156 297.816345214844 297.782501220703 298.066131591797 -3.4e+38 298.595947265625 298.762786865234 298.759582519531 299.009185791016 299.405670166016 299.794281005859 299.634063720703 299.268768310547 299.637298583984 299.66064453125 300.245971679688 300.505462646484 300.725250244141 300.250518798828 300.352111816406 300.524200439453 -3.4e+38 -3.4e+38
285.689300537109 285.432891845703 284.515808105469 285.145111083984 285.662353515625 286.769653320312 287.849884033203 287.711181640625 283.599853515625 273.213439941406 270.367248535156 268.248352050781 270.023864746094 278.488006591797 293.011627197266 293.958282470703 294.718597412109 295.558624267578 -3.4e+38 292.516174316406 286.395446777344 293.270843505859 295.002716064453 295.862670898438 296.411102294922 296.822601318359 297.304443359375 297.992218017578 298.160766601562 298.116058349609 298.623229980469 298.758605957031 298.968780517578 298.850158691406 298.900054931641 299.017211914062 299.186706542969 298.916229248047 298.901885986328 299.498352050781 299.707733154297 300.387939453125 300.133972167969 300.450225830078 299.708770751953 299.556762695312 300.091552734375 300.452484130859 300.592407226562
285.672607421875 285.91357421875 285.526916503906 285.464477539062 285.012847900391 286.977752685547 288.08349609375 287.961334228516 286.139617919922 282.424896240234 278.350250244141 271.825164794922 270.522521972656 273.189453125 293.397979736328 294.038726806641 294.511749267578 295.041778564453 295.80322265625 292.298065185547 287.180267333984 293.506225585938 -3.4e+38 -3.4e+38 295.596618652344 -3.4e+38 -3.4e+38 297.702178955078 298.352233886719 298.311187744141 298.493499755859 298.863647460938 298.781463623047 298.827484130859 298.854400634766 298.843048095703 298.7890625 298.762145996094 299.151275634766 299.765563964844 299.811798095703 299.801666259766 299.879058837891 300.176483154297 299.7041015625 299.406158447266 299.744140625 300.268432617188 300.267333984375
286.206634521484 286.532257080078 286.81201171875 284.142120361328 278.410095214844 281.702758789062 286.930389404297 288.228424072266 287.784851074219 288.241668701172 285.957641601562 282.944549560547 275.967010498047 269.642822265625 286.764434814453 294.485778808594 294.926055908203 295.553283691406 -3.4e+38 294.048065185547 291.858734130859 -3.4e+38 -3.4e+38 -3.4e+38 -3.4e+38 -3.4e+38 -3.4e+38 296.466918945312 296.778015136719 296.980316162109 297.914093017578 298.372985839844 298.397033691406 298.251495361328 297.923553466797 297.575958251953 297.756744384766 297.306610107422 298.3603515625 298.961730957031 298.945770263672 298.817230224609 298.968048095703 298.661651611328 298.745452880859 298.363403320312 299.089935302734 299.729736328125 300.052124023438
285.192352294922 285.810394287109 286.334533691406 285.510162353516 282.101715087891 282.336456298828 287.289428710938 288.355529785156 288.116668701172 289.154022216797 289.453216552734 288.133209228516 282.969940185547 278.490051269531 285.291259765625 295.078948974609 295.258666992188 295.815704345703 -3.4e+38 -3.4e+38 -3.4e+38 -3.4e+38 -3.4e+38 -3.4e+38 -3.4e+38 -3.4e+38 -3.4e+38 295.330902099609 295.286743164062 295.821563720703 297.540863037109 298.091705322266 297.927062988281 297.879638671875 297.597351074219 297.009185791016 297.188690185547 297.080932617188 297.813323974609 298.507751464844 298.232055664062 298.056243896484 298.120910644531 -3.4e+38 298.851226806641 298.850982666016 299.29150390625 299.714294433594 299.8505859375
283.531890869141 283.946838378906 284.113006591797 285.137481689453 286.675598144531 286.492492675781 287.724761962891 288.218475341797 289.061279296875 289.691680908203 290.151763916016 290.391845703125 290.771911621094 290.408264160156 290.604919433594 294.730743408203 295.076263427734 294.959045410156 295.352386474609 295.334442138672 295.450744628906 -3.4e+38 -3.4e+38 295.627044677734 -3.4e+38 -3.4e+38 -3.4e+38 295.269073486328 295.611938476562 295.929260253906 297.705596923828 297.961059570312 297.817962646484 297.494445800781 297.118957519531 296.632019042969 297.020568847656 297.657104492188 298.377349853516 -3.4e+38 297.800170898438 297.764770507812 298.135040283203 -3.4e+38 298.587463378906 298.896820068359 299.097137451172 299.655364990234 299.630706787109
283.195007324219 282.982696533203 282.735076904297 284.19384765625 286.657470703125 287.281280517578 287.757507324219 288.223846435547 289.221527099609 290.030090332031 290.733947753906 291.462860107422 292.478057861328 291.972991943359 291.642059326172 292.916015625 293.781463623047 294.298004150391 295.233520507812 295.027893066406 -3.4e+38 -3.4e+38 -3.4e+38 -3.4e+38 -3.4e+38 -3.4e+38 295.680908203125 294.737945556641 295.619964599609 295.882751464844 297.864898681641 297.786407470703 297.424865722656 296.498199462891 295.966461181641 295.369995117188 297.427185058594 297.916137695312 298.381713867188 298.219970703125 297.554016113281 297.523529052734 298.173583984375 298.430847167969 298.08056640625 298.694000244141 298.633666992188 299.089447021484 299.559387207031
283.633056640625 282.359069824219 281.630737304688 283.831665039062 286.50537109375 287.497833251953 287.646453857422 286.589996337891 286.131164550781 289.284027099609 291.04736328125 291.681762695312 292.052764892578 291.327484130859 290.784210205078 292.688171386719 293.750152587891 293.841796875 294.760284423828 295.473297119141 -3.4e+38 -3.4e+38 -3.4e+38 -3.4e+38 -3.4e+38 -3.4e+38 294.790893554688 294.453094482422 295.896270751953 296.647277832031 297.736541748047 297.332061767578 297.030120849609 296.463012695312 295.809295654297 -3.4e+38 297.722015380859 297.721160888672 297.824768066406 297.51513671875 297.457702636719 297.497253417969 298.011505126953 298.592224121094 298.280700683594 298.561401367188 298.562591552734 298.962738037109 299.493316650391
284.676788330078 282.313568115234 279.151092529297 283.549377441406 286.804443359375 287.434417724609 287.312103271484 286.481109619141 286.121887207031 288.402770996094 290.152770996094 290.877380371094 290.576416015625 290.746917724609 290.289001464844 292.945922851562 293.490234375 293.658874511719 294.183441162109 295.426696777344 -3.4e+38 -3.4e+38 -3.4e+38 -3.4e+38 -3.4e+38 294.303863525391 293.854187011719 294.496978759766 296.362915039062 297.307647705078 297.355316162109 296.920989990234 296.397216796875 296.305511474609 296.516174316406 -3.4e+38 297.387176513672 297.517791748047 297.108062744141 297.035369873047 297.325958251953 297.904113769531 298.390228271484 -3.4e+38 -3.4e+38 298.908935546875 298.942352294922 299.445465087891 299.474243164062
285.776733398438 284.361083984375 281.683990478516 285.372741699219 287.242370605469 287.247711181641 286.336212158203 287.715057373047 288.081695556641 288.827606201172 289.353546142578 288.798797607422 289.148223876953 288.864929199219 289.534698486328 291.762115478516 292.476623535156 293.811065673828 294.782592773438 -3.4e+38 294.227661132812 294.291473388672 -3.4e+38 -3.4e+38 -3.4e+38 294.819458007812 293.962066650391 294.923614501953 296.310943603516 297.193206787109 296.955963134766 296.214263916016 295.53173828125 295.921752929688 -3.4e+38 -3.4e+38 296.857635498047 296.655242919922 296.584045410156 296.570861816406 297.121887207031 298.051361083984 -3.4e+38 298.483184814453 -3.4e+38 299.338958740234 299.390686035156 299.57421875 299.472503662109
286.332458496094 286.271820068359 285.871246337891 286.472625732422 287.13427734375 286.744018554688 285.861419677734 286.967529296875 287.720001220703 289.078399658203 289.135864257812 287.329315185547 289.468719482422 288.450592041016 287.924285888672 289.850677490234 292.373413085938 293.413940429688 295.289276123047 294.818481445312 293.502349853516 293.955535888672 -3.4e+38 294.796325683594 294.488739013672 294.065490722656 292.26318359375 292.104858398438 295.814453125 297.184661865234 296.305969238281 295.823028564453 295.659454345703 295.531494140625 294.475433349609 295.878967285156 296.151550292969 296.068511962891 296.550506591797 296.473480224609 296.946380615234 297.651702880859 298.072570800781 -3.4e+38 -3.4e+38 298.895202636719 299.063354492188 299.252990722656 299.258575439453
286.159545898438 286.115509033203 286.28369140625 286.219604492188 287.059204101562 286.576782226562 285.850860595703 286.458892822266 287.938293457031 288.097900390625 286.665954589844 288.191558837891 290.274993896484 288.016296386719 286.846405029297 289.86572265625 292.640533447266 293.576721191406 294.132995605469 293.903717041016 293.073059082031 293.275848388672 -3.4e+38 292.598907470703 291.588806152344 293.390106201172 292.428436279297 292.03076171875 295.433898925781 296.925323486328 295.749572753906 295.533660888672 295.97412109375 294.874603271484 293.685028076172 295.0859375 295.439025878906 295.947143554688 296.146820068359 296.196380615234 296.859924316406 297.041046142578 297.62646484375 -3.4e+38 -3.4e+38 298.17529296875 298.620635986328 298.575256347656 298.695556640625
284.715209960938 285.216003417969 286.052154541016 286.303802490234 286.786376953125 286.319854736328 285.257598876953 286.945098876953 288.189117431641 285.390106201172 279.013854980469 285.7607421875 289.988555908203 287.507263183594 287.778442382812 291.218841552734 293.328460693359 294.332824707031 292.778167724609 291.828216552734 292.197662353516 292.107025146484 292.825744628906 288.862487792969 287.066955566406 293.231689453125 294.335906982422 294.387084960938 -3.4e+38 296.213043212891 294.862243652344 295.081329345703 295.358154296875 294.925689697266 294.483276367188 294.024291992188 292.560363769531 293.495513916016 295.547393798828 296.087554931641 296.123016357422 296.841156005859 297.38720703125 297.754364013672 297.828094482422 297.853851318359 298.375 298.387542724609 298.992584228516
279.477783203125 284.877166748047 286.385833740234 286.248992919922 285.977966308594 285.882263183594 284.925018310547 286.860687255859 285.633026123047 280.139221191406 273.212463378906 282.098693847656 288.663726806641 290.599395751953 290.474395751953 292.490631103516 294.065399169922 293.701782226562 291.167572021484 285.974334716797 288.613250732422 292.091888427734 291.309509277344 284.605072021484 284.500579833984 292.85546875 -3.4e+38 -3.4e+38 -3.4e+38 295.554870605469 294.094848632812 293.900726318359 292.692413330078 294.323425292969 293.678619384766 292.625244140625 289.351501464844 285.955230712891 292.174163818359 295.944244384766 295.734344482422 296.807312011719 297.341247558594 297.332611083984 297.409118652344 297.905426025391 298.509857177734 298.937225341797 299.251495361328
285.189453125 285.134246826172 285.249572753906 284.649169921875 282.799163818359 281.822235107422 283.433135986328 286.342864990234 286.868072509766 285.5498046875 286.491485595703 288.313446044922 291.780670166016 292.829315185547 293.680908203125 293.374389648438 291.350921630859 290.831390380859 289.104858398438 280.838623046875 280.314666748047 289.944580078125 288.166076660156 274.5205078125 273.81103515625 286.15576171875 -3.4e+38 -3.4e+38 294.266540527344 293.549041748047 293.148590087891 293.349578857422 293.531829833984 293.481048583984 293.356689453125 293.275421142578 292.835601806641 291.580963134766 290.004608154297 295.712890625 296.158050537109 297.257720947266 297.690704345703 297.690063476562 297.803649902344 297.773498535156 297.810760498047 296.770385742188 297.492950439453
285.006469726562 282.848236083984 281.138519287109 278.601593017578 279.142425537109 278.99072265625 282.106506347656 286.159790039062 290.025848388672 289.820190429688 288.119750976562 290.135437011719 292.158660888672 293.005401611328 293.469879150391 292.975128173828 291.397705078125 291.149963378906 290.282318115234 283.529907226562 280.126220703125 285.702178955078 285.435272216797 276.797668457031 270.882385253906 281.667694091797 -3.4e+38 294.917419433594 294.022186279297 293.173217773438 292.112030029297 292.109619140625 291.872344970703 292.251037597656 293.522552490234 294.002532958984 293.960571289062 293.038787841797 291.710205078125 295.796325683594 296.561889648438 296.873840332031 296.958618164062 296.966125488281 297.669891357422 297.54248046875 295.317138671875 295.555114746094 297.596405029297
283.68701171875 279.794982910156 276.305358886719 275.525634765625 277.719451904297 277.811248779297 280.359802246094 285.523101806641 290.140930175781 290.418029785156 289.533142089844 291.185333251953 292.467071533203 292.733612060547 292.822906494141 292.8154296875 292.037414550781 290.902862548828 292.527130126953 289.794769287109 286.760955810547 281.425445556641 282.643096923828 276.431030273438 274.362091064453 288.173492431641 294.782745361328 295.068969726562 294.281890869141 293.615386962891 292.114105224609 291.626495361328 291.39599609375 291.217071533203 290.864410400391 293.316345214844 -3.4e+38 294.015258789062 293.393829345703 296.049682617188 296.374450683594 296.151519775391 296.4921875 296.668151855469 297.141845703125 297.124389648438 295.145843505859 296.673858642578 298.042297363281
282.359527587891 274.021667480469 268.944305419922 274.409484863281 277.179595947266 278.768127441406 280.660675048828 288.278442382812 290.514953613281 290.801818847656 291.066864013672 291.422058105469 291.8662109375 291.763427734375 292.309631347656 292.503143310547 291.76171875 290.578796386719 293.143127441406 291.975799560547 287.058532714844 278.712493896484 282.487854003906 283.581573486328 285.648864746094 294.094207763672 295.131011962891 294.718444824219 294.024505615234 293.748291015625 292.681518554688 292.715362548828 292.485076904297 291.405364990234 289.040496826172 293.011901855469 293.032257080078 -3.4e+38 -3.4e+38 295.078674316406 296.135467529297 295.545959472656 295.956329345703 296.027221679688 295.275451660156 296.301666259766 296.615539550781 297.443359375 297.752380371094
282.197082519531 274.474822998047 272.14208984375 272.183197021484 277.510314941406 281.586120605469 283.142730712891 290.058044433594 289.867523193359 290.611358642578 291.483795166016 291.163818359375 290.636596679688 289.56201171875 291.158905029297 290.713684082031 291.578369140625 290.474670410156 292.661956787109 292.050750732422 286.589874267578 277.644592285156 284.885589599609 291.713104248047 293.398376464844 293.965118408203 293.335205078125 293.732757568359 293.200500488281 293.089721679688 292.790466308594 293.415496826172 293.55029296875 292.893188476562 291.920623779297 294.252655029297 -3.4e+38 -3.4e+38 294.260894775391 293.158325195312 295.600250244141 294.871490478516 295.179412841797 295.344604492188 294.282043457031 296.434844970703 296.962249755859 297.226135253906 296.854339599609
283.646759033203 281.188446044922 279.609161376953 269.998413085938 276.359741210938 283.480987548828 285.349853515625 289.42626953125 288.979614257812 290.286041259766 291.376922607422 290.829986572266 289.723785400391 286.489318847656 285.215972900391 284.483581542969 288.554107666016 287.808990478516 291.857269287109 292.230163574219 288.622894287109 281.324951171875 287.552886962891 292.597198486328 293.791137695312 293.167510986328 291.226379394531 293.437591552734 292.621032714844 292.273864746094 292.171997070312 292.776672363281 293.230163574219 293.391632080078 294.044677734375 294.631195068359 294.038299560547 293.576080322266 293.91748046875 293.491882324219 294.683624267578 294.115631103516 294.632537841797 295.29443359375 295.099426269531 296.649353027344 296.783416748047 297.068389892578 296.917999267578
284.614440917969 282.429290771484 275.021789550781 267.068511962891 271.508697509766 282.098266601562 287.682830810547 288.185729980469 289.642974853516 290.552856445312 290.568511962891 290.763397216797 289.522857666016 283.991943359375 277.162292480469 276.618469238281 280.298583984375 280.823699951172 290.521575927734 291.480590820312 290.715454101562 288.094268798828 289.896728515625 292.874633789062 294.032867431641 291.969146728516 287.723907470703 290.020080566406 292.197235107422 291.699523925781 291.693634033203 291.907867431641 292.207366943359 292.783264160156 293.061431884766 293.971160888672 293.540466308594 293.043609619141 294.217895507812 294.685089111328 294.676666259766 293.326538085938 293.540832519531 294.811431884766 295.189117431641 296.256713867188 296.800079345703 297.123077392578 297.160003662109
