rcp4.5models/CNRM_CM5/sc1gr3.20
NCOLS 261 
NROWS 433 
XLLCORNER 336357.134 
YLLCORNER 654653.479 
CELLSIZE 1000 
NODATA_value -3.4e+38 
[rows 154 to 175 of 433, columns 49 to 97 of 261]
269.814392089844 268.959411621094 269.709991455078 269.264373779297 269.580535888672 269.521881103516 268.869445800781 268.526519775391 267.548614501953 268.142669677734 269.232452392578 269.418975830078 269.347900390625 269.538360595703 269.548248291016 269.926361083984 269.596374511719 269.241638183594 269.085876464844 269.037628173828 269.132659912109 269.605224609375 269.028442382812 268.978607177734 268.944122314453 268.788604736328 269.024475097656 269.243591308594 269.226776123047 269.1689453125 268.797271728516 268.746856689453 268.715911865234 268.482421875 268.002380371094 267.666107177734 267.745330810547 267.432464599609 267.307312011719 267.601440429688 267.887878417969 267.422119140625 267.917541503906 268.124633789062 268.028930664062 268.195587158203 268.145629882812 267.917449951172 267.78662109375
270.345397949219 269.240142822266 269.562469482422 269.442749023438 269.335906982422 269.27392578125 269.061798095703 268.445953369141 267.598083496094 268.538116455078 269.391418457031 269.384002685547 268.859619140625 269.623962402344 269.501556396484 269.629669189453 269.462341308594 269.023803710938 269.142791748047 269.109741210938 269.000732421875 269.457427978516 269.301208496094 269.006256103516 269.115386962891 268.712280273438 268.831146240234 268.985137939453 269.089141845703 269.088287353516 268.782745361328 268.692779541016 268.656280517578 268.383361816406 267.924255371094 267.921844482422 267.756530761719 267.508636474609 267.237060546875 267.293701171875 267.477478027344 267.296630859375 267.636505126953 267.80419921875 267.629852294922 267.8759765625 268.123901367188 268.050231933594 267.652923583984
269.76708984375 269.158935546875 269.53759765625 269.926971435547 269.394439697266 269.474792480469 269.243286132812 268.365814208984 267.699005126953 268.531188964844 269.184967041016 268.729553222656 268.516845703125 269.519836425781 269.481140136719 269.471862792969 269.142791748047 269.197204589844 269.216491699219 268.992309570312 268.885284423828 269.349304199219 269.251861572266 269.001251220703 269.051574707031 268.330108642578 268.522857666016 268.788909912109 -3.4e+38 269.023590087891 268.784088134766 268.733673095703 268.657318115234 268.242218017578 268.0615234375 268.220642089844 267.635864257812 267.408905029297 267.344055175781 267.170837402344 267.364440917969 267.194091796875 267.288818359375 267.450927734375 267.3603515625 267.469299316406 267.747314453125 267.832611083984 267.433685302734
268.750579833984 268.834045410156 269.572052001953 269.419189453125 269.360687255859 269.333892822266 268.803649902344 268.451965332031 267.615692138672 268.312652587891 268.718475341797 268.264739990234 268.483184814453 268.961944580078 269.370849609375 269.413299560547 269.063232421875 269.011047363281 269.074981689453 269.067291259766 269.027221679688 269.099731445312 269.212890625 269.079650878906 269.037933349609 268.502319335938 268.210571289062 268.399932861328 268.623260498047 268.778900146484 268.698364257812 268.786651611328 268.736236572266 268.450042724609 268.226348876953 268.127990722656 267.556182861328 267.312347412109 267.348541259766 267.005279541016 267.403900146484 267.013488769531 266.705688476562 267.174285888672 267.194030761719 267.288818359375 267.385833740234 267.585906982422 267.618469238281
268.410614013672 268.979217529297 269.751281738281 269.646453857422 269.065734863281 269.056579589844 268.980285644531 268.294494628906 267.579193115234 267.637786865234 268.088531494141 267.6826171875 268.487915039062 268.724365234375 269.30419921875 269.268890380859 268.807037353516 268.914093017578 268.933898925781 268.807830810547 268.927642822266 269.084533691406 269.169830322266 269.121368408203 269.067077636719 268.678375244141 268.100799560547 268.109558105469 268.544647216797 268.596710205078 268.553894042969 268.779907226562 268.749877929688 268.590179443359 268.440673828125 268.125549316406 267.615600585938 267.181213378906 267.185516357422 267.04833984375 267.323425292969 267.028564453125 266.431793212891 267.022827148438 266.80517578125 267.268615722656 267.260406494141 267.338500976562 267.746002197266
268.454528808594 268.856811523438 269.730102539062 269.306518554688 269.612274169922 269.144958496094 268.748291015625 268.269226074219 268.063262939453 267.821655273438 267.5673828125 268.032684326172 268.352600097656 268.476501464844 268.950653076172 268.903167724609 268.672058105469 268.947174072266 268.807952880859 268.627655029297 268.725769042969 269.041381835938 269.208862304688 269.062255859375 268.802642822266 268.77978515625 268.175415039062 267.9833984375 268.101654052734 268.349578857422 268.675628662109 268.773040771484 268.761505126953 268.653869628906 268.408111572266 268.408935546875 267.981475830078 267.501617431641 267.414337158203 267.365356445312 267.141418457031 266.632751464844 266.241790771484 266.510314941406 266.408599853516 267.178985595703 267.226623535156 267.166320800781 267.482269287109
268.434967041016 269.175018310547 269.659423828125 269.482788085938 268.990997314453 268.889251708984 269.221771240234 268.576843261719 268.135955810547 267.840759277344 267.546600341797 267.780303955078 268.206115722656 268.423553466797 268.592132568359 268.760131835938 268.667175292969 269.000610351562 -3.4e+38 268.220397949219 268.606353759766 269.165649414062 269.157379150391 269.081115722656 268.8291015625 268.229217529297 267.944885253906 267.937957763672 267.880004882812 268.142700195312 268.413940429688 268.76611328125 268.76513671875 268.616485595703 267.967834472656 268.103637695312 268.227172851562 268.004821777344 267.618591308594 267.243438720703 267.059173583984 266.918151855469 266.410858154297 266.407012939453 266.389953613281 267.201843261719 267.176971435547 266.936370849609 267.218292236328
268.202270507812 268.727325439453 270.519470214844 270.13427734375 269.822326660156 269.691192626953 268.825439453125 268.085388183594 268.166961669922 267.903747558594 268.162109375 268.454559326172 268.426330566406 268.291564941406 268.305603027344 267.941009521484 268.298126220703 268.515380859375 268.887176513672 268.134552001953 268.645904541016 268.859375 268.773315429688 268.838043212891 268.909759521484 268.731903076172 268.233825683594 267.856018066406 267.749298095703 267.775421142578 267.86181640625 267.801116943359 267.894622802734 268.515380859375 268.291473388672 267.696624755859 267.509674072266 267.664245605469 267.566223144531 267.097076416016 267.179840087891 266.861145019531 266.546752929688 266.372009277344 266.290283203125 266.544555664062 266.742126464844 266.777282714844 266.984008789062
268.255493164062 269.437744140625 271.024200439453 270.545288085938 270.011657714844 269.319976806641 268.945343017578 268.706085205078 268.132751464844 268.351043701172 268.835540771484 268.995086669922 268.537139892578 268.173736572266 268.244293212891 268.166442871094 268.535247802734 268.767791748047 268.466186523438 268.435729980469 268.740783691406 268.685119628906 268.830627441406 268.600708007812 268.440093994141 268.696228027344 268.369842529297 268.09619140625 267.828033447266 267.571350097656 267.746002197266 267.725280761719 267.779907226562 268.409088134766 268.263031005859 267.611572265625 267.490692138672 267.448577880859 267.604400634766 267.416564941406 267.171875 266.805999755859 266.255401611328 266.116485595703 265.967193603516 266.596893310547 266.859252929688 266.967590332031 266.984161376953
268.454772949219 270.760559082031 271.135986328125 270.250518798828 270.191162109375 269.903747558594 269.399475097656 268.66162109375 268.161956787109 268.588928222656 269.091857910156 268.971740722656 268.609649658203 268.586059570312 268.096984863281 267.898712158203 268.386322021484 268.468963623047 268.210968017578 268.133819580078 268.772827148438 268.090637207031 268.442199707031 268.678924560547 268.158935546875 268.509033203125 268.344696044922 268.007049560547 267.820037841797 267.340698242188 267.505523681641 267.446197509766 267.705078125 268.335540771484 268.328094482422 267.565887451172 267.532623291016 267.368316650391 267.343200683594 267.596557617188 267.085296630859 266.676452636719 266.364654541016 266.117034912109 265.753997802734 266.593963623047 266.913970947266 267.015991210938 267.017120361328
270.472045898438 271.062683105469 270.750549316406 270.464630126953 270.354309082031 269.420501708984 269.246337890625 268.890014648438 268.634826660156 269.045928955078 268.973205566406 268.946960449219 268.976776123047 268.489715576172 267.987915039062 268.074676513672 268.254577636719 268.162017822266 268.260162353516 267.906799316406 268.533416748047 267.802581787109 268.107666015625 268.203308105469 267.985778808594 268.137847900391 268.316314697266 267.903747558594 267.831420898438 267.331207275391 267.339599609375 267.552062988281 267.627655029297 268.033508300781 268.347991943359 267.473327636719 267.565399169922 267.492065429688 267.124450683594 267.358184814453 267.093688964844 266.600250244141 266.709625244141 266.294036865234 266.023468017578 266.317993164062 266.47119140625 266.600982666016 267.107299804688
271.142364501953 271.097259521484 271.073272705078 270.969268798828 270.197082519531 269.197174072266 269.120849609375 269.061279296875 268.933349609375 269.330596923828 269.601593017578 268.95654296875 269.098754882812 268.793609619141 268.351165771484 268.249969482422 268.193389892578 267.810668945312 268.262115478516 268.046997070312 267.88232421875 267.758758544922 267.841644287109 267.812591552734 267.901245117188 268.008209228516 268.397155761719 267.877075195312 267.746215820312 267.147155761719 267.084259033203 267.432220458984 267.586242675781 267.839019775391 268.156280517578 267.416290283203 267.561309814453 267.498901367188 267.079895019531 267.233001708984 267.255432128906 266.581115722656 266.637054443359 266.171783447266 265.882110595703 266.204437255859 266.290069580078 266.735809326172 267.201477050781
271.403717041016 271.103088378906 271.195037841797 271.316314697266 270.112640380859 269.234161376953 269.098693847656 269.526153564453 269.344512939453 269.285614013672 270.027313232422 269.633331298828 269.159118652344 268.849578857422 268.185577392578 267.924652099609 267.972198486328 267.638366699219 267.977478027344 267.773498535156 267.687652587891 267.65576171875 267.388763427734 267.809967041016 267.695861816406 267.865081787109 268.170745849609 -3.4e+38 267.62255859375 267.254150390625 267.225860595703 267.364654541016 267.599304199219 267.812347412109 267.7705078125 267.682708740234 267.583831787109 267.314636230469 267.238647460938 267.216735839844 267.274108886719 266.757598876953 266.403167724609 266.246765136719 266.117645263672 266.378173828125 266.439544677734 267.012084960938 267.1708984375
272.132720947266 271.699493408203 271.059875488281 270.790008544922 270.105194091797 269.352508544922 269.883605957031 270.071105957031 269.777008056641 269.123931884766 269.982879638672 270.016784667969 269.587768554688 268.958679199219 268.544830322266 268.065582275391 267.892608642578 267.306945800781 267.675537109375 267.682983398438 267.7275390625 267.666290283203 267.476043701172 267.829162597656 267.544708251953 267.562591552734 267.823364257812 267.752532958984 267.625640869141 267.336730957031 267.203247070312 267.385711669922 267.477386474609 267.677185058594 267.729522705078 267.666625976562 267.662841796875 267.419281005859 267.081024169922 267.132232666016 266.918151855469 266.912231445312 266.76318359375 266.334655761719 266.288513183594 266.557952880859 267.076782226562 267.134155273438 267.192016601562
272.526336669922 272.276580810547 271.282562255859 270.933868408203 270.204925537109 269.995788574219 270.221649169922 270.005401611328 269.922241210938 269.724884033203 269.819305419922 269.9677734375 269.823455810547 268.814239501953 268.581512451172 268.109985351562 267.892761230469 267.185638427734 268.252593994141 268.386169433594 268.284423828125 267.838317871094 267.899658203125 267.970306396484 267.783081054688 267.399871826172 267.533843994141 267.667816162109 267.469146728516 267.346771240234 267.270935058594 267.428283691406 267.652801513672 267.616394042969 267.900604248047 267.644012451172 267.691864013672 267.584777832031 267.172180175781 267.105987548828 266.781341552734 266.671203613281 266.551818847656 265.850738525391 266.339721679688 266.757202148438 267.438415527344 267.087738037109 266.785583496094
272.38134765625 272.388305664062 271.324951171875 271.400238037109 270.820983886719 270.126983642578 270.117980957031 269.827392578125 270.027679443359 270.014923095703 269.780456542969 269.776306152344 268.650054931641 268.946228027344 268.737182617188 267.965515136719 267.942138671875 267.554229736328 268.58056640625 268.696197509766 -3.4e+38 268.418182373047 268.391815185547 268.417877197266 268.065338134766 267.655975341797 267.479064941406 267.442565917969 267.237701416016 267.169158935547 267.295318603516 267.4794921875 267.557159423828 267.663879394531 267.679656982422 267.224365234375 267.517059326172 267.656616210938 267.49951171875 267.213714599609 266.913024902344 266.589447021484 266.258117675781 265.487976074219 266.125854492188 266.692138671875 267.429107666016 267.020629882812 266.499877929688
272.296325683594 272.372833251953 271.258026123047 271.324462890625 271.111602783203 270.477478027344 270.767852783203 270.075225830078 270.602691650391 270.314361572266 269.879241943359 269.82958984375 268.729461669922 268.865844726562 268.464599609375 268.344299316406 268.377014160156 268.230255126953 268.886871337891 268.959686279297 269.001129150391 268.584899902344 268.567169189453 268.668975830078 268.483154296875 268.152648925781 267.476348876953 267.220367431641 267.072570800781 267.09521484375 267.401336669922 267.420227050781 267.521148681641 267.764678955078 267.573913574219 267.131958007812 267.161254882812 267.695373535156 267.728485107422 267.453216552734 267.049041748047 266.755584716797 266.474609375 265.678985595703 265.915771484375 266.481903076172 267.363006591797 267.179321289062 266.804443359375
272.456451416016 272.312774658203 272.032440185547 271.124633789062 270.613433837891 271.057281494141 271.143341064453 270.604431152344 270.415924072266 270.293670654297 270.029846191406 269.505950927734 269.042816162109 268.861297607422 268.331787109375 268.862915039062 268.777313232422 268.681457519531 269.037658691406 269.116546630859 -3.4e+38 268.681671142578 268.8271484375 268.673370361328 268.572174072266 268.332458496094 267.45703125 267.174255371094 267.103424072266 267.282958984375 267.499206542969 267.503204345703 267.700805664062 267.615783691406 267.497375488281 267.192504882812 267.171905517578 267.678405761719 267.582672119141 267.022552490234 266.927093505859 266.685211181641 266.775299072266 266.141174316406 265.915710449219 266.511535644531 267.351379394531 267.122039794922 267.089294433594
272.217224121094 272.250091552734 272.192901611328 271.437408447266 271.273712158203 271.22802734375 271.132843017578 270.873321533203 270.220611572266 270.257629394531 270.380126953125 270.005798339844 269.745452880859 269.648345947266 268.818878173828 269.009826660156 268.950927734375 269.163391113281 269.111968994141 269.501098632812 269.583648681641 269.308319091797 269.027191162109 268.566680908203 268.496948242188 268.256408691406 267.598541259766 267.500671386719 267.443725585938 267.371734619141 267.460540771484 267.356689453125 267.553588867188 267.286773681641 -3.4e+38 266.990539550781 266.8671875 267.410186767578 267.465637207031 266.748474121094 266.737487792969 266.318450927734 266.3818359375 266.014007568359 265.944244384766 266.580535888672 267.013854980469 266.597015380859 267.061340332031
272.111877441406 271.979766845703 271.242584228516 271.286071777344 270.961120605469 270.745727539062 271.032348632812 270.614166259766 270.953582763672 271.217956542969 270.922454833984 270.633026123047 270.376403808594 269.789123535156 269.520812988281 269.809600830078 269.090545654297 269.204772949219 269.38427734375 269.940856933594 269.505187988281 268.910003662109 268.518524169922 268.496856689453 268.27490234375 268.421478271484 268.095733642578 268.049285888672 267.807495117188 267.504302978516 267.356048583984 267.170166015625 266.776519775391 266.660430908203 266.879821777344 266.204620361328 266.171020507812 266.972900390625 267.011688232422 -3.4e+38 267.042938232422 266.618743896484 266.322662353516 266.060180664062 265.48974609375 265.734069824219 266.021575927734 266.554901123047 266.840759277344
272.181701660156 272.171417236328 271.951416015625 272.037658691406 271.6728515625 271.115356445312 271.321441650391 270.74365234375 270.980621337891 271.245666503906 271.134857177734 270.701721191406 270.182098388672 269.903045654297 269.889221191406 269.948547363281 269.640838623047 269.775756835938 269.869812011719 270.079711914062 269.461486816406 269.431762695312 269.069244384766 268.660888671875 268.491088867188 268.654113769531 268.302032470703 267.868621826172 268.088684082031 267.622863769531 267.480346679688 267.171325683594 266.549285888672 266.274261474609 266.480316162109 266.176971435547 266.229278564453 266.919342041016 266.754943847656 266.781311035156 266.837829589844 266.715789794922 266.533264160156 266.011169433594 265.931884765625 265.615478515625 265.835693359375 266.627319335938 266.793151855469
272.630859375 272.3330078125 272.338928222656 272.360595703125 272.091186523438 271.275970458984 271.553131103516 271.033416748047 271.079071044922 271.546905517578 271.465942382812 270.753875732422 270.010955810547 270.036651611328 270.352508544922 270.338531494141 270.258331298828 270.161285400391 270.245239257812 270.24658203125 269.901580810547 269.871459960938 269.252105712891 268.79931640625 269.074005126953 268.751281738281 268.389068603516 268.098510742188 268.347015380859 267.807952880859 267.611755371094 267.350891113281 266.721282958984 266.668640136719 266.575592041016 266.041351318359 266.173187255859 266.837707519531 266.412780761719 266.456878662109 266.5478515625 266.685333251953 266.60302734375 266.140930175781 265.808563232422 265.606048583984 265.756622314453 266.382141113281 266.768341064453
