rcp4.5models/CNRM_CM5/sc1gr1.30
NCOLS 261 
NROWS 433 
XLLCORNER 336357.134 
YLLCORNER 654653.479 
CELLSIZE 1000 
NODATA_value -3.4e+38 
[rows 286 to 307 of 433, columns 98 to 146 of 261]
66.6417388916016 66.8406524658203 67.0766296386719 67.2161102294922 67.1338272094727 67.3476943969727 67.2437133789062 67.1529541015625 67.2913131713867 67.7379379272461 67.9476089477539 67.9686965942383 68.6963882446289 69.0105972290039 68.6270294189453 68.7480773925781 68.6925201416016 68.8343658447266 68.8894348144531 68.6898651123047 68.5550384521484 69.4672470092773 70.2829437255859 70.019660949707 69.6529083251953 70.0859451293945 70.6194763183594 70.7726516723633 70.6449203491211 70.6368408203125 70.7779006958008 70.7402114868164 71.1168975830078 71.3142471313477 71.5514907836914 71.1941680908203 70.9949798583984 -3.4e+38 -3.4e+38 71.645149230957 71.5097427368164 -3.4e+38 -3.4e+38 72.529914855957 72.7544326782227 72.8621597290039 72.4157028198242 72.2740631103516 72.0973968505859
66.7204742431641 66.7944869995117 67.0448760986328 67.3613433837891 67.3266830444336 67.423583984375 67.4824829101562 67.3742446899414 67.5173873901367 67.9533309936523 68.0131454467773 68.0919494628906 68.5695495605469 68.9589157104492 69.140739440918 69.184440612793 69.1734619140625 69.342170715332 69.5223236083984 69.4352035522461 69.0805435180664 69.6545715332031 70.4088821411133 70.1975021362305 69.5851287841797 69.7117004394531 70.4592514038086 70.6352691650391 70.5622024536133 70.8579788208008 70.9202117919922 71.0353088378906 71.1528167724609 71.0252990722656 71.3979415893555 71.4554214477539 71.4209060668945 71.5287628173828 71.6657562255859 -3.4e+38 72.0268783569336 72.0398178100586 72.1582946777344 72.5580978393555 72.6860198974609 73.0608978271484 73.2564926147461 73.1025314331055 72.2763595581055
66.9797744750977 67.0022430419922 66.9428634643555 67.2774505615234 67.3868865966797 67.5222244262695 67.3656921386719 67.5492782592773 67.9943618774414 68.1132659912109 68.0643310546875 68.0886001586914 68.2241287231445 68.8339080810547 69.3325881958008 69.4056243896484 69.5741500854492 69.4654388427734 69.517463684082 69.8102951049805 69.6573104858398 69.6942749023438 70.2017974853516 70.5370025634766 69.7837600708008 69.1776351928711 69.8883666992188 70.3055572509766 70.2265625 70.8805465698242 71.548095703125 71.3011932373047 71.0204696655273 71.0296630859375 71.318717956543 71.6890640258789 71.7677230834961 71.9342803955078 72.1026229858398 71.9725875854492 72.1199951171875 72.1977844238281 72.1372680664062 72.2886810302734 72.5719375610352 72.8525543212891 73.0807800292969 73.2714157104492 72.8795471191406
67.2660980224609 67.2551040649414 67.0843200683594 67.5210113525391 67.5657196044922 67.642204284668 67.5682373046875 67.7235336303711 67.8955993652344 67.9862213134766 68.1120758056641 68.0326080322266 68.3896865844727 68.9114837646484 68.9940948486328 69.5148086547852 69.6104507446289 69.421745300293 69.2834091186523 69.5174713134766 70.027099609375 69.8840637207031 70.0382919311523 70.5655975341797 70.2085037231445 69.3871536254883 69.6661224365234 70.0841674804688 70.3636474609375 70.6143341064453 71.3150634765625 71.2491073608398 71.1947326660156 71.2497482299805 71.5208206176758 71.7646713256836 71.7475509643555 71.9986343383789 72.1141586303711 72.0629959106445 72.3089218139648 72.4219360351562 -3.4e+38 72.4927597045898 72.6847915649414 72.6563949584961 72.626823425293 72.9417114257812 73.6089019775391
67.5783996582031 67.8012237548828 67.813362121582 67.8962860107422 67.9246673583984 68.0736923217773 67.9657592773438 67.9166793823242 68.118034362793 68.0737762451172 68.4355087280273 68.7049407958984 68.7014465332031 69.4663772583008 69.5351943969727 69.8303070068359 69.8726272583008 69.781364440918 69.6469192504883 69.7995452880859 69.802619934082 69.9485626220703 70.1769943237305 70.580078125 70.7987442016602 70.6095504760742 70.0789260864258 70.4988708496094 70.5161590576172 70.554931640625 70.1951370239258 69.4138336181641 69.7320785522461 70.7158203125 71.1951675415039 71.8511199951172 72.1751022338867 72.2586212158203 72.3416061401367 72.7135772705078 72.9528427124023 73.1252822875977 73.1898727416992 73.050537109375 -3.4e+38 73.1279754638672 73.3941040039062 73.5658187866211 73.1119995117188
67.9213104248047 67.7048416137695 67.810173034668 67.8925094604492 68.0155792236328 68.0709381103516 68.1530303955078 68.3857498168945 68.2881240844727 68.1583862304688 68.5368804931641 68.9669723510742 69.2305679321289 69.4732666015625 69.7407379150391 69.8256683349609 70.0652313232422 70.2080841064453 69.9961853027344 69.8986053466797 70.1557693481445 70.2778854370117 70.6432800292969 71.2173385620117 70.9941101074219 70.5203018188477 70.2677154541016 70.5306167602539 71.1282119750977 71.0952987670898 70.4310150146484 69.5235900878906 69.0053176879883 69.4952621459961 70.2200317382812 71.2363510131836 72.0123062133789 72.3456344604492 72.2319183349609 72.4982604980469 73.1469039916992 73.1341094970703 73.1191482543945 73.0378952026367 72.9328994750977 73.3019180297852 73.8266754150391 73.5961303710938 73.1965179443359
68.474739074707 68.1356430053711 68.0522613525391 68.435676574707 68.4334259033203 68.1006393432617 68.1098403930664 68.3962478637695 68.308479309082 68.3114471435547 68.6700973510742 68.9066848754883 69.2995529174805 69.1093368530273 69.8188629150391 69.9400863647461 70.1609802246094 70.1040420532227 70.0268402099609 70.0929565429688 70.3552474975586 70.5777969360352 70.6655578613281 71.0846710205078 71.0940475463867 70.6729125976562 71.0205612182617 71.0058746337891 71.2940979003906 70.9597015380859 70.7692413330078 70.3030395507812 68.9272613525391 68.8821182250977 70.09423828125 70.9251022338867 -3.4e+38 72.5378036499023 72.4521026611328 72.6179580688477 72.9938430786133 72.9410171508789 73.1385269165039 73.2014465332031 73.3002243041992 73.5246200561523 -3.4e+38 -3.4e+38 -3.4e+38
68.3565521240234 68.3489761352539 68.1912384033203 68.4971008300781 68.515380859375 68.338493347168 68.1630783081055 68.1340866088867 68.2421264648438 68.4881210327148 68.5727767944336 68.3436050415039 68.7329406738281 68.7698211669922 70.0999069213867 69.9037246704102 70.1865463256836 70.2169342041016 70.1319885253906 70.1881103515625 70.1868057250977 70.4350280761719 70.5344848632812 70.607536315918 70.9381408691406 71.2040405273438 71.2107696533203 71.1313705444336 70.6708526611328 70.1695251464844 70.236083984375 70.6238555908203 69.8090362548828 69.7395477294922 70.5268936157227 71.1018676757812 71.4352111816406 72.8743362426758 72.9192428588867 73.0283050537109 72.8136596679688 72.5013580322266 72.5784072875977 72.9952926635742 73.1826934814453 73.4680709838867 73.4760360717773 73.6976776123047 -3.4e+38
68.091926574707 68.1414108276367 68.1043930053711 68.1383438110352 68.3518676757812 68.3751449584961 68.3227767944336 68.3789825439453 68.4357681274414 68.5283584594727 68.9066162109375 68.7911911010742 68.8169860839844 68.7066116333008 69.7916793823242 69.7038269042969 70.1890487670898 70.4860534667969 70.4003448486328 70.4721984863281 70.5549240112305 70.5158920288086 70.6319580078125 70.7299652099609 71.004524230957 71.3949584960938 71.5358276367188 71.2035140991211 70.6996307373047 70.3888168334961 69.5630416870117 69.904670715332 70.4447021484375 70.7287826538086 71.2483291625977 71.64013671875 72.0617828369141 73.2250442504883 73.4314041137695 73.2916641235352 72.9731216430664 72.7169494628906 71.7421875 70.9380264282227 71.5298919677734 72.9039916992188 73.4180755615234 74.0020370483398 73.9770431518555
68.0770416259766 68.5042190551758 68.5836181640625 68.1667404174805 68.3223571777344 68.4080429077148 68.6171722412109 68.5103378295898 68.4856719970703 68.7077713012695 69.1868057250977 69.2041244506836 69.1629486083984 68.9149475097656 69.7665557861328 69.9536056518555 70.3264617919922 70.3672714233398 70.202278137207 70.580078125 71.0277786254883 70.7115325927734 70.9164123535156 71.2381744384766 71.0420532226562 71.0830917358398 71.7396926879883 71.572135925293 71.0591583251953 70.429069519043 69.2621841430664 68.9644927978516 69.9410400390625 71.0119400024414 71.8209381103516 72.4170608520508 72.5502395629883 73.1196899414062 72.9058303833008 72.984733581543 72.8367462158203 72.7748641967773 71.4294128417969 69.379768371582 69.8543014526367 72.0435104370117 73.2681274414062 74.1756210327148 74.1711807250977
68.1370468139648 68.7190399169922 68.9098510742188 68.6442794799805 68.4397125244141 68.3454666137695 68.5620346069336 68.5565032958984 68.7697982788086 68.9738616943359 69.0117492675781 69.343635559082 69.7195358276367 69.4900207519531 70.0584564208984 70.0403594970703 70.3862228393555 70.0718841552734 70.1037826538086 70.5024261474609 70.7241363525391 70.7056503295898 71.127326965332 71.2107849121094 70.7861862182617 70.7962799072266 71.16064453125 71.5137634277344 71.3446350097656 70.3970565795898 69.4218826293945 68.7086486816406 69.1322479248047 70.727653503418 71.9620819091797 72.5520172119141 72.4330902099609 72.4547805786133 72.1435012817383 72.2447052001953 72.4194641113281 72.5983581542969 71.6813201904297 69.8449249267578 69.5589599609375 71.8322448730469 73.4074249267578 73.9929656982422 74.3691635131836
68.1165618896484 68.6403732299805 68.7074279785156 69.1512832641602 68.8425750732422 68.4139633178711 68.622802734375 68.8322906494141 68.956787109375 68.9848861694336 69.1660385131836 69.4656448364258 70.0378036499023 70.2089462280273 69.9940948486328 70.1762542724609 70.5849227905273 70.4360504150391 70.4646606445312 70.7245864868164 70.616325378418 70.8125381469727 71.0270843505859 71.2139511108398 71.0284729003906 71.0406951904297 70.5568771362305 71.2887802124023 71.7639389038086 70.9769287109375 69.6966857910156 68.3237533569336 68.2187271118164 69.4830017089844 71.4739990234375 72.0955123901367 72.3841018676758 72.5567474365234 72.6733703613281 72.0416946411133 71.8099746704102 72.1658096313477 72.0107116699219 70.6095886230469 70.5017013549805 72.4184494018555 73.9853210449219 74.1232528686523 74.4724197387695
68.4586868286133 68.8281173706055 68.9620590209961 69.1515121459961 69.0315780639648 68.7448425292969 68.8831634521484 68.9406280517578 68.9333572387695 69.1003341674805 69.6919174194336 69.6867218017578 69.996711730957 70.3061752319336 70.1399230957031 70.2018127441406 70.8911743164062 71.1300506591797 70.932502746582 70.7378540039062 70.8746566772461 71.3455581665039 71.4516448974609 71.4779739379883 71.1679611206055 71.0188369750977 70.5559616088867 70.8988876342773 71.0215530395508 70.6866989135742 69.5198440551758 67.3759307861328 66.7686538696289 68.4478073120117 70.6399765014648 71.5838851928711 72.2426147460938 72.78466796875 73.0403671264648 72.1303939819336 71.549934387207 71.6025619506836 72.5897903442383 72.3028182983398 72.4619598388672 73.3804550170898 74.5190505981445 74.3939208984375 74.7333374023438
68.8089141845703 69.1058120727539 69.3798980712891 69.2788467407227 69.1620941162109 69.3055877685547 69.3800659179688 69.2332153320312 69.3051223754883 69.5086135864258 69.9187393188477 69.9562072753906 70.0000610351562 70.0799713134766 70.2858047485352 70.5273284912109 71.1913452148438 71.3313369750977 71.2751922607422 71.1000823974609 71.1531524658203 71.4275665283203 71.4924468994141 70.8355102539062 70.5078125 70.500846862793 70.5478820800781 70.6939010620117 70.3808670043945 69.8397369384766 68.8349685668945 66.633674621582 65.493782043457 68.0774765014648 69.8727035522461 70.3458633422852 70.8913497924805 71.9877700805664 72.1318588256836 71.8276596069336 71.56298828125 72.2287139892578 73.2774276733398 73.6951675415039 74.0535202026367 74.2492523193359 74.4488983154297 74.2172622680664 74.9466705322266
68.9824981689453 69.0968475341797 69.3930053710938 69.0715789794922 69.3007888793945 69.6272277832031 69.8963851928711 69.6534729003906 69.5250701904297 69.5885391235352 69.7067947387695 70.0553588867188 70.2640228271484 70.2867126464844 70.1806106567383 70.6900177001953 71.1090087890625 71.0105743408203 71.1754989624023 71.3636932373047 71.3676834106445 71.0766143798828 70.6373825073242 70.2411880493164 69.82763671875 69.791748046875 70.0319747924805 70.5136108398438 70.2901916503906 69.3220825195312 67.9553680419922 65.6674880981445 64.9224548339844 68.0743255615234 68.8851547241211 68.1698684692383 68.6345672607422 70.9611129760742 71.2046356201172 71.1683883666992 71.0561294555664 72.1101226806641 73.1189041137695 73.9016647338867 74.5505599975586 74.3853759765625 74.1996459960938 73.9568786621094 74.4039764404297
69.4159088134766 68.9627456665039 68.9311218261719 68.3815612792969 68.4250106811523 68.7819671630859 69.1058883666992 69.6524887084961 69.9943466186523 70.2548217773438 70.3954544067383 70.2099685668945 69.9690933227539 70.0283584594727 70.6223907470703 70.6066513061523 70.7594680786133 71.1911544799805 71.3216323852539 71.1398315429688 70.9786682128906 71.0020065307617 70.7533111572266 70.3123779296875 69.9463195800781 70.4275970458984 69.3903121948242 68.7480392456055 69.0648803710938 68.9984664916992 68.3840866088867 66.7309646606445 63.8366889953613 62.7958641052246 61.9167785644531 60.9797897338867 63.1712760925293 67.8670425415039 69.3649063110352 69.5117568969727 68.9932861328125 69.7500991821289 71.7373352050781 73.8753356933594 74.2865371704102 73.8523178100586 73.511474609375 72.6020355224609 71.5909881591797
69.6997604370117 69.7042083740234 69.2125015258789 68.9588851928711 68.6964950561523 68.7426528930664 69.3055114746094 69.7799911499023 69.8845825195312 70.0928421020508 70.1450042724609 70.1963500976562 70.1737060546875 70.1805267333984 70.3012313842773 70.5028457641602 71.1059417724609 71.4691848754883 71.4915084838867 70.9432983398438 70.7703857421875 70.7338256835938 70.3770599365234 69.7071533203125 69.1184539794922 69.8494567871094 70.0567855834961 69.3498229980469 69.0686798095703 67.6692199707031 66.6878509521484 66.3342971801758 63.6954574584961 60.361442565918 58.9543762207031 58.9348983764648 60.9402732849121 66.1079788208008 66.6811447143555 66.5116348266602 66.0095138549805 67.5186462402344 70.6781387329102 73.2487716674805 73.8254089355469 73.0487747192383 72.2595291137695 71.2509155273438 70.3666000366211
69.8971405029297 69.9697418212891 69.5296325683594 68.8538131713867 68.7163848876953 68.8529357910156 69.3945770263672 69.8215103149414 69.5516510009766 69.5109634399414 69.6295166015625 69.9957275390625 70.1028518676758 70.2812957763672 70.5135955810547 70.5385131835938 71.1007461547852 71.4639663696289 71.5394592285156 70.8794631958008 70.4215621948242 69.874626159668 69.4953308105469 69.0662078857422 68.0393981933594 68.6679534912109 70.5265045166016 69.8744201660156 69.2041015625 67.2223129272461 65.3756408691406 65.1743850708008 63.1519355773926 60.2260856628418 58.5023994445801 58.1713676452637 59.890941619873 64.5179977416992 63.9987411499023 63.5522766113281 64.8449478149414 67.9743576049805 71.3007278442383 73.2836227416992 73.4381790161133 71.7044677734375 70.2456893920898 69.5952453613281 70.5924758911133
69.7100830078125 69.7833404541016 69.7805404663086 69.1865921020508 69.0348663330078 69.2166366577148 69.5607681274414 69.516487121582 68.9335708618164 68.7893676757812 69.0834045410156 69.4070358276367 69.9859390258789 70.3407669067383 71.2175979614258 71.1467742919922 71.0229263305664 71.1974258422852 71.3253402709961 70.8266983032227 69.9360656738281 68.9850234985352 68.9673080444336 68.6206130981445 67.6499328613281 67.9764251708984 71.066764831543 70.6136703491211 70.228401184082 68.9600143432617 66.7808837890625 64.7977905273438 63.3872108459473 61.5221786499023 59.8872718811035 58.5482978820801 58.8528213500977 61.2690582275391 61.1443939208984 62.6577301025391 67.2599868774414 70.9548110961914 73.2411651611328 73.602912902832 72.9137878417969 70.7981262207031 68.4822158813477 66.672966003418 68.8872909545898
69.5062103271484 69.9538726806641 70.1846466064453 69.689338684082 69.0917053222656 69.0819244384766 69.0738983154297 68.8556289672852 68.1814041137695 67.6513595581055 68.0475234985352 68.5857925415039 69.6786117553711 70.3491287231445 71.3822784423828 71.5500869750977 71.506706237793 71.328239440918 71.3041152954102 71.129768371582 70.6507797241211 70.0151443481445 69.9438400268555 69.7699584960938 69.0810089111328 69.0829162597656 71.951904296875 71.8169784545898 71.6605606079102 71.128532409668 69.5275650024414 67.3043060302734 65.5434341430664 63.1923866271973 61.4108963012695 59.4049377441406 58.1544189453125 59.7706146240234 62.1686859130859 65.2494735717773 69.2035446166992 72.1117935180664 73.1210479736328 72.5155410766602 71.5664596557617 69.7486419677734 67.3896255493164 64.593505859375 65.7589111328125
69.4287872314453 69.7444305419922 70.1504058837891 70.0369033813477 69.4825668334961 69.1106872558594 68.819091796875 68.7138977050781 68.1901397705078 67.5596923828125 67.5015106201172 68.6162872314453 69.8498153686523 70.5195999145508 71.4148330688477 71.3148345947266 71.3869400024414 71.3753128051758 71.3556594848633 71.4795989990234 71.5805816650391 71.4959487915039 71.3897399902344 71.4976654052734 71.3080749511719 71.1704635620117 72.5538711547852 -3.4e+38 72.324592590332 72.1315078735352 71.7466430664062 70.4923934936523 68.3237228393555 65.7167205810547 63.2850494384766 60.2878112792969 58.2902145385742 60.4743347167969 65.7479019165039 68.8081970214844 70.4054336547852 71.3584213256836 70.5614013671875 70.2517852783203 69.777099609375 67.7140502929688 65.085823059082 63.5613250732422 63.8099708557129
69.088623046875 69.1953048706055 69.8169326782227 70.0618515014648 70.1144027709961 69.5296249389648 69.0263900756836 68.8664703369141 68.3708114624023 68.6904067993164 68.8762283325195 69.5097122192383 70.4712753295898 71.1316757202148 71.6783447265625 71.3644256591797 71.078254699707 71.0589981079102 70.9556045532227 71.0945510864258 71.3663711547852 -3.4e+38 -3.4e+38 -3.4e+38 -3.4e+38 -3.4e+38 -3.4e+38 72.4179153442383 -3.4e+38 -3.4e+38 72.8607406616211 72.0030975341797 70.287239074707 68.1413269042969 65.0447845458984 61.0382614135742 58.6978187561035 61.690990447998 67.1786880493164 69.9940338134766 70.9400253295898 70.4133453369141 67.849250793457 66.2330474853516 66.3474349975586 64.2913665771484 62.2385444641113 61.926830291748 62.3720626831055
