rcp4.5models/CNRM_CM5/sc1gr9.8
NCOLS 261 
NROWS 433 
XLLCORNER 336357.134 
YLLCORNER 654653.479 
CELLSIZE 1000 
NODATA_value -3.4e+38 
[rows 110 to 131 of 433, columns 49 to 97 of 261]
61.6357040405273 62.1136093139648 63.2852668762207 63.5684852600098 64.1402816772461 64.8906021118164 65.8178176879883 66.6817016601562 66.9706344604492 68.3827819824219 68.4895248413086 68.7895202636719 69.3793258666992 70.6728591918945 71.8038787841797 72.3801040649414 72.7513656616211 73.4574127197266 74.3356475830078 74.476921081543 75.4202270507812 75.7570571899414 76.3539199829102 77.2886276245117 77.4040374755859 77.5598678588867 78.4766311645508 79.2943725585938 79.4104995727539 81.6667404174805 81.7819747924805 82.0063705444336 83.5717163085938 83.7534561157227 84.6750106811523 84.8367385864258 85.5013656616211 85.8942642211914 86.0076217651367 86.2018051147461 87.1123046875 88.7913665771484 90.2494659423828 90.9013137817383 91.2992706298828 91.473876953125 92.1212692260742 92.5874633789062 93.2328948974609
61.6573867797852 61.7600479125977 63.3012886047363 63.4171829223633 64.1576080322266 64.4352493286133 65.8347244262695 66.698371887207 66.8033676147461 67.9268112182617 68.5027389526367 68.615837097168 69.3821411132812 69.7626876831055 71.6267852783203 72.3894195556641 72.5196990966797 73.459602355957 74.3485717773438 74.4914703369141 75.4248352050781 75.5664367675781 76.3675155639648 77.3001174926758 77.4152450561523 77.5756225585938 78.5436782836914 79.3048400878906 79.4207534790039 81.6796264648438 81.8349533081055 82.5561218261719 83.627571105957 84.2968063354492 84.6875762939453 84.8757171630859 85.7925491333008 85.9069519042969 86.0728454589844 86.802490234375 87.9312210083008 89.4789962768555 90.406135559082 91.2051544189453 91.3802642822266 92.0290603637695 92.4945068359375 93.1410980224609 93.6112670898438
61.2063064575195 61.7719688415527 63.3244934082031 63.4357109069824 64.1772918701172 64.2769775390625 65.8549194335938 66.2407684326172 66.8166198730469 67.1644821166992 68.517333984375 68.624885559082 68.9289245605469 69.5385513305664 71.6330795288086 71.9469451904297 72.5360107421875 73.4679565429688 74.3618469238281 74.5063781738281 75.437614440918 75.580436706543 76.3815307617188 77.3120651245117 77.4269180297852 77.5889282226562 78.5564727783203 79.3158264160156 79.4315490722656 81.6931991577148 81.8705749511719 82.8435592651367 83.6649627685547 84.5851287841797 84.7009735107422 84.8908538818359 85.8060760498047 85.9725341796875 86.7034301757812 87.8754806518555 88.9044570922852 90.0122833251953 90.4366302490234 90.8883666992188 91.9367904663086 92.4015960693359 93.0494918823242 93.5188369750977 94.1648101806641
61.0627670288086 61.7906379699707 62.8729705810547 63.4508399963379 63.7213363647461 64.2934646606445 64.7966766357422 66.0757598876953 66.8307342529297 66.9431610107422 68.066291809082 68.6364212036133 68.754020690918 69.5568771362305 71.6440887451172 71.7689819335938 72.5526123046875 73.4823684692383 73.927734375 74.5216369628906 75.4507675170898 75.6220321655273 76.9512176513672 77.3244400024414 77.4390335083008 77.6026992797852 78.6170883178711 80.1129760742188 80.2638092041016 81.7074356079102 81.8865432739258 82.8242874145508 83.2618789672852 84.5992889404297 84.7151641845703 84.9068145751953 85.8204650878906 86.0166854858398 87.0391693115234 88.2976989746094 89.2054748535156 90.3157577514648 90.4911117553711 91.1707000732422 91.9133377075195 92.957878112793 93.3587417602539 93.5819549560547 93.6717300415039
61.0829963684082 61.8120384216309 62.1220321655273 63.4673080444336 63.5649147033691 64.3120422363281 64.4111328125 66.0896530151367 66.378059387207 66.9583358764648 67.8957443237305 68.6508636474609 68.7593154907227 69.1171798706055 71.659797668457 71.7718658447266 72.0979919433594 72.9282989501953 73.7435760498047 74.5372314453125 75.4642868041992 75.6286926269531 76.7841567993164 77.3372268676758 77.4846878051758 78.2104644775391 79.3972091674805 80.5489730834961 81.2240676879883 81.7223052978516 -3.4e+38 82.8213272094727 83.0632934570312 84.6141891479492 84.7797470092773 85.4436416625977 85.8882598876953 86.6213989257812 87.7988433837891 88.8297653198242 89.2254409790039 90.3977890014648 91.0503387451172 91.5131454467773 92.1930618286133 92.8884735107422 93.4974975585938 93.6523132324219 93.7403869628906
61.1192970275879 61.2084159851074 61.9434432983398 62.8594779968262 63.6017074584961 63.6967811584473 64.4478225708008 66.1210174560547 66.2215576171875 66.5301666259766 67.9152374267578 68.0329513549805 68.7835083007812 68.9529495239258 71.2387847900391 71.7972793579102 71.9104843139648 72.2661666870117 73.7451553344727 73.9275588989258 75.4923934936523 75.6352767944336 76.3523941040039 77.3639984130859 77.5305786132812 78.4521942138672 78.6453094482422 79.9667434692383 81.5225524902344 82.3523406982422 82.7374420166016 82.8531188964844 83.1013793945312 84.6460800170898 84.8413696289062 85.7525405883789 85.9524993896484 86.901741027832 87.5595092773438 89.1525726318359 89.328727722168 90.4797744750977 -3.4e+38 92.0957717895508 92.6931076049805 94.2511749267578 94.3413619995117 94.4272994995117 94.8013687133789
61.1417121887207 61.2283935546875 61.9647254943848 62.8804626464844 63.6203002929688 63.7165298461914 64.4606628417969 65.6719818115234 66.2346496582031 66.3645095825195 67.9307327270508 68.0496292114258 68.797981262207 68.9662704467773 71.0646057128906 71.8133697509766 71.9186172485352 72.0887145996094 73.7601165771484 73.9224243164062 75.0688171386719 75.6334762573242 76.0498962402344 76.9455337524414 77.5462265014648 78.4659805297852 78.6616744995117 79.9867477416992 81.5392532348633 82.1079483032227 82.7542343139648 82.9185104370117 83.6443710327148 84.6629867553711 -3.4e+38 85.7697982788086 85.9715805053711 86.9558181762695 87.8947906494141 89.2350311279297 89.8913040161133 91.0050277709961 91.5069351196289 92.404914855957 92.6819763183594 94.1259460449219 95.3804244995117 95.528450012207 96.0719299316406
60.6851539611816 61.2486763000488 61.5078659057617 62.2962837219238 63.1667404174805 63.7364082336426 64.4839782714844 65.5086364746094 66.2509460449219 66.3841400146484 -3.4e+38 -3.4e+38 69.6596450805664 69.799430847168 71.0657043457031 71.3814239501953 71.9346084594727 72.1079864501953 73.7753677368164 73.9287567138672 74.8839950561523 75.6330184936523 75.7960205078125 76.7565078735352 77.5240478515625 77.9396057128906 78.6784591674805 79.9735946655273 81.1347198486328 81.8582229614258 82.7715759277344 82.9627227783203 83.935676574707 84.7330780029297 85.3964614868164 85.7876892089844 85.9913024902344 87.0769271850586 88.8024520874023 89.2930221557617 90.1958160400391 91.3122100830078 91.5333557128906 92.4983444213867 93.1484298706055 93.7427825927734 95.26708984375 95.9904251098633 96.9574966430664
60.5385093688965 61.2687301635742 -3.4e+38 62.0958023071289 63.0119132995605 63.7497673034668 64.040397644043 65.5273666381836 66.2673873901367 66.4039077758789 67.9872055053711 68.9323272705078 69.5763397216797 70.1607055664062 71.0938415527344 71.6532287597656 71.9771957397461 72.6666107177734 73.790901184082 73.9459915161133 74.9008407592773 75.64794921875 75.8126602172852 76.7427673339844 77.092399597168 77.6940078735352 78.6956405639648 79.9764862060547 80.9436874389648 81.8776473999023 82.7894439697266 82.9823837280273 83.955207824707 84.7805480957031 85.6892547607422 85.939582824707 87.2973709106445 87.82421875 89.1047668457031 89.3185806274414 90.2202301025391 91.3374710083008 91.5605545043945 92.4961624145508 92.9690322875977 93.8029632568359 95.5744400024414 96.509635925293 97.0372467041016
60.5613212585449 61.2890853881836 -3.4e+38 -3.4e+38 -3.4e+38 63.7656440734863 63.8721504211426 65.5462265014648 66.2839660644531 66.4100341796875 67.5613708496094 69.2840270996094 69.4068374633789 70.1800842285156 71.1010665893555 71.4178161621094 72.0072402954102 72.9443054199219 73.8067016601562 73.9635009765625 74.9179916381836 75.6631774902344 75.8296051025391 76.7436065673828 76.9031753540039 77.7104949951172 78.7132034301758 79.9514465332031 80.4327621459961 81.8975372314453 82.8077926635742 83.0025482177734 83.9752502441406 -3.4e+38 85.7081680297852 86.0344390869141 88.0148162841797 88.2258682250977 89.1290664672852 89.3448104858398 90.2453384399414 91.3634567260742 91.5884704589844 92.5386428833008 93.1568450927734 94.3200988769531 96.2488098144531 96.3472518920898 97.0731201171875
60.5842628479004 61.3095664978027 61.3993721008301 -3.4e+38 -3.4e+38 63.7841529846191 63.887393951416 65.5652236938477 66.3006744384766 66.4228286743164 67.3965454101562 69.3024291992188 69.4264678955078 70.1996688842773 71.1102142333984 71.2437438964844 72.026008605957 72.972900390625 73.8227615356445 73.9812774658203 74.9067840576172 75.2481002807617 75.8468322753906 76.759033203125 76.9198989868164 77.7273025512695 78.7311172485352 79.9938278198242 80.7182846069336 81.917854309082 82.8266067504883 83.0231628417969 83.9957733154297 84.8216552734375 85.8061065673828 86.7588424682617 88.0389785766602 88.251953125 89.1539764404297 89.3716583251953 90.2710876464844 91.4439697265625 92.0616912841797 93.0581893920898 94.0316162109375 95.277473449707 96.5985794067383 97.0204010009766 96.9029846191406
59.9984588623047 60.858268737793 61.4141731262207 61.6819915771484 62.481575012207 63.8027839660645 63.9218902587891 65.5843505859375 66.3451690673828 67.3072204589844 68.2473907470703 69.3210372924805 69.4267349243164 69.7732467651367 71.1279830932617 71.2627487182617 72.0450057983398 72.9663162231445 73.873893737793 74.5485916137695 74.9096908569336 75.0639724731445 75.8643417358398 76.774772644043 76.9369201660156 77.7444076538086 78.7493667602539 80.0374908447266 81.004150390625 81.9385833740234 82.8458404541016 83.0442123413086 84.0167465209961 84.842887878418 85.8704986572266 87.1604537963867 88.1247711181641 88.7837905883789 89.1794586181641 89.3990631103516 90.4163818359375 91.8933181762695 92.3456573486328 93.3528137207031 94.4044570922852 95.7013854980469 96.7138748168945 96.884521484375 92.3577575683594
59.8055610656738 60.7109107971191 61.4399604797363 62.0044364929199 62.8735046386719 63.821533203125 63.9368591308594 65.5885238647461 65.9220123291016 67.6786575317383 68.6078643798828 69.33984375 69.436897277832 69.6053161621094 71.1459732055664 71.281982421875 72.0642166137695 72.9723968505859 73.9082717895508 74.8174667358398 74.9261322021484 75.0816879272461 75.8821182250977 76.7907867431641 76.954216003418 77.8256759643555 79.5078659057617 80.0585784912109 81.0251007080078 81.9596786499023 82.8654632568359 83.0656509399414 84.0381240844727 84.8645248413086 85.8935699462891 87.1868591308594 88.1227264404297 88.5823669433594 89.205436706543 89.4791641235352 90.8378372192383 92.1433639526367 91.2668838500977 85.9040298461914 94.2216949462891 89.9511871337891 96.7505111694336 97.2061920166016 94.2224731445312
59.8287658691406 60.7335777282715 61.4554328918457 61.7390174865723 63.1052093505859 63.3797416687012 63.9345321655273 65.6305084228516 66.6031799316406 67.7002868652344 68.6290740966797 69.3588485717773 69.5051345825195 70.6340484619141 71.164176940918 71.3014297485352 72.0836486816406 72.9899291992188 74.4759292602539 74.8344268798828 74.9745483398438 75.5676879882812 76.4394607543945 76.8070678710938 77.035758972168 78.6216201782227 79.8918075561523 80.0800018310547 81.0464019775391 81.9811172485352 82.8854598999023 83.0874404907227 84.0598754882812 84.8865203857422 85.9775924682617 87.720947265625 86.7201919555664 75.8950576782227 78.7839050292969 89.5378799438477 91.047721862793 92.171272277832 91.7578277587891 88.1597900390625 87.3845443725586 86.7622909545898 96.7876205444336 97.0746841430664 93.3356475830078
59.8520927429199 60.7563781738281 61.4722709655762 61.5899314880371 63.1204147338867 63.2245712280273 63.9460296630859 66.5109176635742 66.9624710083008 67.7220916748047 68.6504669189453 69.378059387207 69.5256195068359 70.6407775878906 71.1825866699219 71.3544921875 72.6580276489258 73.007682800293 74.7437286376953 74.8516311645508 75.0077896118164 75.8065872192383 76.7126235961914 76.8877182006836 77.8830871582031 79.5377502441406 79.9117660522461 80.1017456054688 81.0680313110352 82.5223846435547 82.9621429443359 83.6699752807617 84.4856338500977 84.9926528930664 86.7417297363281 88.0211639404297 87.3659744262695 81.5121459960938 83.5233383178711 89.959602355957 91.0751266479492 92.2716293334961 92.9236450195312 93.0039672851562 91.1806259155273 92.9904174804688 96.8251113891602 96.769401550293 91.9646682739258
59.4082107543945 60.7793083190918 61.4927253723145 61.5969123840332 62.5534896850586 63.245475769043 63.9645538330078 65.9866714477539 66.1249313354492 67.2696914672852 68.0818557739258 68.953483581543 69.5369873046875 70.4725646972656 71.2012100219727 71.3288650512695 71.9338073730469 73.0256576538086 74.7614364624023 74.9279708862305 75.8539199829102 76.6498489379883 77.5513763427734 77.6912307739258 78.2924499511719 79.8186798095703 79.9320220947266 80.1237716674805 81.089958190918 82.8101959228516 83.0138092041016 83.9857788085938 84.7799453735352 85.5719146728516 87.147331237793 88.04736328125 88.1669387817383 86.9753570556641 77.3803787231445 79.8880310058594 91.1028442382812 92.3431015014648 93.2348251342773 93.6414642333984 95.6465225219727 96.1322937011719 96.8628997802734 96.8428344726562 92.1136779785156
59.2915573120117 60.8255615234375 61.5340042114258 61.6416625976562 62.5964813232422 63.2628784179688 63.4087677001953 65.715202331543 67.0202484130859 67.5937728881836 68.4466857910156 68.810417175293 69.5317687988281 69.7168502807617 71.2390670776367 71.3387451171875 71.5395660400391 73.0622406005859 74.0936660766602 76.1254501342773 76.2850570678711 77.0837173461914 77.9845657348633 78.1765441894531 79.2177734375 79.860221862793 79.9733123779297 80.1686019897461 81.1346130371094 82.8522338867188 82.9995651245117 83.5199279785156 84.8415832519531 85.7654495239258 87.1030120849609 87.3243560791016 87.4004898071289 80.1269454956055 72.5969390869141 84.5706405639648 91.2314605712891 83.8322372436523 89.7856140136719 93.2290267944336 85.4568328857422 91.8497467041016 91.5442581176758 92.8752365112305 92.0548324584961
59.317211151123 60.834041595459 61.0963706970215 61.6390533447266 61.9417114257812 63.2824172973633 63.4467735290527 66.305534362793 67.0285110473633 67.3367919921875 68.1380996704102 68.832145690918 69.5513076782227 69.7397155761719 71.2582778930664 71.3576049804688 71.5617141723633 73.1406402587891 75.4344711303711 76.1471099853516 76.3548889160156 77.6417388916016 78.0059204101562 78.2259979248047 79.509880065918 79.8813552856445 80.0489349365234 80.7565383911133 81.5643157958984 82.8735885620117 82.9896392822266 83.2751541137695 84.8729476928711 85.8521041870117 87.1294403076172 85.8221817016602 75.4133605957031 77.0222625732422 84.2065658569336 90.7882308959961 91.302490234375 80.8537139892578 94.5726165771484 94.2450408935547 92.1614761352539 94.6384353637695 88.8240661621094 94.972785949707 92.6296615600586
59.3430023193359 60.8503036499023 60.9488830566406 61.6529541015625 61.7919502258301 63.3409118652344 64.2878646850586 65.7588653564453 67.0401382446289 67.1638946533203 67.9256210327148 68.8540496826172 69.5710220336914 69.7627563476562 71.2776947021484 71.4488220214844 72.5604858398438 73.1275405883789 75.5221710205078 76.1690139770508 76.4021148681641 77.9178009033203 78.0275115966797 78.2754135131836 79.7900161743164 79.902717590332 80.0992965698242 81.0643692016602 81.7927703857422 82.8951187133789 83.0598068237305 83.7881164550781 85.6604766845703 86.2605895996094 87.1560363769531 86.5847778320312 81.7186889648438 83.5396499633789 90.2017211914062 91.094123840332 90.1689987182617 89.2675323486328 95.0481872558594 95.296989440918 95.2770614624023 89.6681137084961 89.3320541381836 98.3536224365234 96.5748291015625
59.3689270019531 60.8721466064453 60.971794128418 61.6733703613281 61.7893905639648 62.7613830566406 63.8145141601562 66.1233749389648 67.0614318847656 67.1863708496094 67.947998046875 68.8761520385742 69.5909194946289 69.7859802246094 71.2972869873047 71.5642471313477 73.8691177368164 73.9680557250977 75.2964172363281 76.1911544799805 76.4275054931641 77.9398345947266 78.1421203613281 79.2412796020508 79.8117523193359 79.9242706298828 80.1672515869141 81.4935989379883 81.8141555786133 82.9168090820312 83.26123046875 85.2995452880859 86.0667953491211 86.2885360717773 87.3043823242188 88.3839340209961 87.4976806640625 78.7550277709961 90.2310791015625 91.1223754882812 90.7976837158203 94.229736328125 95.4184951782227 96.0717086791992 96.0179290771484 92.6998138427734 90.1568069458008 98.2027130126953 95.8150634765625
59.3722839355469 60.308277130127 60.9948425292969 61.6939086914062 61.8009338378906 62.5869140625 64.3759384155273 66.3763275146484 67.0829010009766 67.2090225219727 67.9335861206055 68.311393737793 69.1780853271484 69.7367401123047 70.3378982543945 71.4773559570312 72.4477081298828 73.5893249511719 75.3204574584961 76.2135314941406 76.4531097412109 77.9620895385742 78.2123107910156 79.721549987793 79.8336791992188 80.0476913452148 81.1408538818359 81.7208633422852 81.8356781005859 83.0284881591797 84.0925445556641 85.9742050170898 86.1599502563477 86.818977355957 87.3309936523438 86.8053970336914 75.3361206054688 70.6991806030273 79.8771362304688 91.2576904296875 91.0065765380859 86.8395614624023 95.5006408691406 95.427604675293 90.1393737792969 91.3246231079102 90.7942504882812 98.0448226928711 94.9927139282227
59.3879203796387 60.1159324645996 60.9970550537109 61.3072509765625 62.7666778564453 64.0651550292969 64.737060546875 66.4002990722656 67.1045532226562 67.2318496704102 68.0071105957031 69.1048126220703 69.4456405639648 69.8002471923828 70.9075317382812 71.4348831176758 71.7188034057617 74.0415420532227 75.3447036743164 76.2361297607422 76.4267272949219 77.4545440673828 78.1832962036133 79.2184143066406 79.8557891845703 80.1235122680664 81.6280822753906 81.7426834106445 81.8573150634766 83.8776397705078 84.8975524902344 84.2420043945312 71.2607498168945 72.8537750244141 75.3654327392578 85.669075012207 70.9791870117188 82.7533798217773 84.4583206176758 91.408935546875 91.0268020629883 90.5746917724609 95.5364761352539 94.9107894897461 86.5392379760742 88.5484848022461 90.7834091186523 98.883903503418 96.2802963256836
