rcp4.5models/CNRM_CM5/sc1gr3.27
NCOLS 261 
NROWS 433 
XLLCORNER 336357.134 
YLLCORNER 654653.479 
CELLSIZE 1000 
NODATA_value -3.4e+38 
[rows 330 to 351 of 433, columns 49 to 97 of 261]
270.834106445312 271.031585693359 271.070587158203 270.921051025391 271.047210693359 271.247375488281 271.282592773438 271.225372314453 271.110046386719 271.301513671875 271.722625732422 271.883361816406 272.044219970703 272.054382324219 271.834106445312 271.667907714844 271.361236572266 271.0947265625 268.382598876953 268.823974609375 268.74072265625 266.927581787109 266.731903076172 266.879913330078 -3.4e+38 -3.4e+38 265.135711669922 -3.4e+38 264.866790771484 264.83056640625 268.817687988281 271.335510253906 271.928100585938 272.103424072266 269.891510009766 264.204315185547 259.529968261719 261.032501220703 265.633483886719 267.549468994141 264.156280517578 262.257537841797 260.263580322266 257.038848876953 253.624252319336 253.941268920898 255.624389648438 254.988067626953 255.750457763672
270.821197509766 271.410095214844 271.300384521484 271.186645507812 271.141510009766 271.081146240234 271.221282958984 271.071655273438 271.063568115234 271.238494873047 271.077758789062 270.779113769531 271.615325927734 272.096435546875 271.821319580078 271.703338623047 271.457702636719 271.74658203125 270.469116210938 270.073364257812 268.819915771484 268.08203125 266.090301513672 264.564239501953 -3.4e+38 261.891967773438 264.650665283203 -3.4e+38 263.069091796875 266.335266113281 270.683898925781 271.969573974609 272.248474121094 272.300659179688 271.880249023438 269.076446533203 265.336486816406 265.864990234375 268.966033935547 270.411376953125 266.413604736328 261.288421630859 258.556762695312 257.855377197266 254.467651367188 255.388000488281 256.723358154297 256.170928955078 259.869964599609
270.568756103516 271.040588378906 271.282806396484 271.223724365234 270.971893310547 271.20654296875 271.634765625 271.047576904297 270.849822998047 270.966400146484 270.75390625 270.492156982422 271.324981689453 272.116394042969 272.075592041016 271.805877685547 271.491577148438 271.696441650391 271.647003173828 270.986419677734 269.925750732422 269.817749023438 264.007110595703 262.126831054688 -3.4e+38 260.285125732422 263.224548339844 264.317810058594 263.617919921875 267.628723144531 270.459777832031 270.884735107422 272.137359619141 271.952911376953 271.886291503906 271.800415039062 270.291778564453 269.809844970703 271.123657226562 270.448883056641 266.590393066406 259.955932617188 257.101623535156 258.977996826172 257.335266113281 256.782196044922 258.185211181641 256.679504394531 259.810516357422
270.465576171875 270.598571777344 271.213287353516 271.039306640625 270.705749511719 271.15283203125 271.387542724609 271.162902832031 270.5546875 270.590393066406 270.628845214844 270.620697021484 271.436645507812 272.052154541016 271.860870361328 271.598449707031 271.217987060547 271.071258544922 271.158599853516 270.838317871094 270.667816162109 269.859344482422 263.233154296875 260.30810546875 -3.4e+38 260.216857910156 259.857360839844 263.706848144531 262.522918701172 266.168762207031 268.133972167969 270.0830078125 271.562927246094 271.448974609375 271.512603759766 271.909484863281 271.642517089844 271.342254638672 271.778656005859 271.217529296875 267.347076416016 260.741638183594 257.096893310547 260.818634033203 262.350708007812 261.206939697266 261.271881103516 257.784576416016 258.266784667969
270.847137451172 270.790161132812 271.222290039062 271.094757080078 270.978485107422 271.187896728516 270.920562744141 270.735961914062 270.150817871094 270.207763671875 270.556427001953 271.020172119141 271.836547851562 271.700714111328 271.384582519531 271.437835693359 269.754455566406 269.620483398438 270.793914794922 271.005065917969 270.952789306641 268.392120361328 263.487060546875 260.113555908203 262.228759765625 261.699768066406 260.572448730469 264.051116943359 258.140563964844 263.6240234375 266.927215576172 268.100341796875 267.8798828125 270.071929931641 271.592864990234 271.223754882812 271.430206298828 271.605895996094 270.617156982422 270.540374755859 270.045837402344 261.734924316406 259.037567138672 261.818420410156 265.059112548828 263.916076660156 261.478393554688 257.150207519531 255.524856567383
271.226989746094 271.117156982422 271.28857421875 271.347961425781 271.284484863281 271.086578369141 270.661956787109 270.472564697266 270.156860351562 270.279296875 270.817169189453 271.120971679688 271.250305175781 271.266784667969 271.505249023438 271.496063232422 270.04248046875 269.584686279297 271.136596679688 271.369598388672 270.857666015625 268.016204833984 264.044036865234 260.740081787109 262.244384765625 263.185546875 262.606628417969 265.138763427734 258.987976074219 263.013427734375 265.936004638672 265.629211425781 263.429016113281 267.850555419922 271.648468017578 271.551605224609 271.744659423828 271.768829345703 269.719635009766 269.664245605469 271.809753417969 263.645904541016 263.434112548828 265.599670410156 266.325012207031 265.495880126953 260.553527832031 254.638000488281 246.670623779297
271.501983642578 271.369445800781 271.646362304688 271.161224365234 270.950073242188 270.936187744141 270.733642578125 270.506469726562 270.619506835938 270.587097167969 270.221771240234 270.846435546875 271.180450439453 270.693511962891 270.618103027344 271.093139648438 271.176696777344 270.655090332031 271.442474365234 271.516571044922 270.520965576172 269.132934570312 266.063354492188 262.026702880859 260.691375732422 262.829528808594 264.033843994141 267.600738525391 267.386474609375 264.976531982422 264.108337402344 266.767639160156 264.108551025391 265.624633789062 270.962677001953 272.349792480469 272.541137695312 272.201904296875 272.069610595703 271.233489990234 271.186614990234 270.536987304688 269.758666992188 271.276214599609 271.644439697266 269.4873046875 262.531127929688 256.122436523438 249.42204284668
271.700469970703 271.535003662109 271.559234619141 271.052307128906 270.538116455078 270.226165771484 270.349273681641 271.026611328125 270.903137207031 270.526000976562 270.265808105469 270.440765380859 270.554290771484 270.549530029297 270.646606445312 271.121063232422 271.172576904297 271.047973632812 271.477233886719 271.304962158203 270.726165771484 269.907012939453 266.838897705078 263.145294189453 261.844879150391 263.590789794922 264.106536865234 266.105316162109 269.063537597656 266.712036132812 265.189636230469 266.675445556641 263.546630859375 265.124572753906 271.204254150391 272.259368896484 272.245727539062 272.376434326172 272.676605224609 272.488983154297 272.339965820312 272.626190185547 272.073089599609 272.005828857422 272.125335693359 270.337188720703 264.503326416016 256.303863525391 254.720581054688
271.797515869141 271.884155273438 271.451568603516 270.817779541016 270.452697753906 270.310302734375 270.553497314453 271.042327880859 270.640686035156 270.504730224609 270.487487792969 270.159820556641 270.222564697266 270.819427490234 270.879272460938 271.256072998047 271.485229492188 271.4365234375 271.292358398438 271.019744873047 270.21875 269.871887207031 267.677612304688 265.580780029297 264.361419677734 264.231201171875 264.539886474609 266.576843261719 270.348114013672 268.218444824219 265.715026855469 266.402893066406 262.748107910156 262.867614746094 270.039245605469 272.239074707031 272.045135498047 272.160949707031 272.290771484375 272.560638427734 272.500366210938 272.231964111328 272.266357421875 272.265197753906 272.314239501953 271.869812011719 268.669189453125 259.361450195312 254.869384765625
271.436248779297 271.400939941406 271.146789550781 271.046844482422 271.069030761719 270.843109130859 270.624938964844 270.760620117188 270.643432617188 270.875946044922 270.819763183594 270.217102050781 270.199462890625 270.992279052734 271.050018310547 271.107940673828 271.650024414062 271.461212158203 270.160430908203 270.252502441406 269.796417236328 269.243865966797 269.465087890625 268.330749511719 266.898498535156 265.560485839844 265.186950683594 268.182800292969 271.191528320312 265.066772460938 259.442749023438 260.776489257812 262.990936279297 260.175476074219 265.785980224609 271.988647460938 272.233673095703 272.43017578125 272.387084960938 272.476684570312 272.351684570312 271.863739013672 271.957122802734 272.378967285156 272.417755126953 272.110656738281 270.816223144531 265.547393798828 259.241790771484
271.459106445312 271.320434570312 271.315246582031 271.464782714844 271.155792236328 270.832244873047 270.608520507812 270.931549072266 271.176513671875 270.995483398438 270.685729980469 270.196990966797 270.217895507812 270.7001953125 271.09521484375 271.136474609375 271.434844970703 271.091461181641 269.631164550781 268.969116210938 268.287445068359 269.393310546875 271.034759521484 268.562255859375 266.702453613281 265.256530761719 264.437347412109 268.300415039062 271.206512451172 260.034088134766 258.933288574219 260.949432373047 266.309661865234 263.866668701172 265.869323730469 271.651458740234 271.913238525391 272.451812744141 272.490234375 271.649444580078 271.605072021484 271.827117919922 272.009033203125 272.283966064453 271.972869873047 271.866973876953 271.219116210938 269.025482177734 262.988250732422
271.218139648438 271.038726806641 271.371978759766 271.558044433594 270.657867431641 270.207916259766 270.143157958984 270.657806396484 271.268829345703 271.197204589844 270.701293945312 270.386474609375 270.441223144531 270.719451904297 270.975189208984 271.384674072266 271.524688720703 270.942199707031 270.06982421875 268.142639160156 267.139984130859 269.416534423828 271.321258544922 270.127624511719 268.659820556641 265.126068115234 263.576843261719 266.245483398438 269.632415771484 264.824859619141 265.281402587891 265.446319580078 268.76318359375 269.63720703125 268.067993164062 270.286773681641 272.074401855469 272.366607666016 272.252502441406 270.565246582031 270.142242431641 271.916931152344 272.005249023438 272.17724609375 272.229614257812 272.208374023438 271.894165039062 269.269317626953 262.104583740234
270.988861083984 270.644958496094 270.830047607422 270.982757568359 270.61181640625 270.143310546875 270.056701660156 270.551910400391 271.260650634766 271.506713867188 270.554229736328 270.246429443359 270.823364257812 270.898284912109 270.846130371094 271.202697753906 271.554046630859 271.216766357422 270.914764404297 270.134674072266 269.233673095703 270.252105712891 271.614288330078 271.573577880859 271.10888671875 269.111267089844 267.019104003906 266.492767333984 268.660797119141 271.095397949219 270.120880126953 269.442535400391 270.714172363281 271.918243408203 269.664978027344 270.251434326172 272.466033935547 272.209320068359 271.909210205078 271.074676513672 270.784942626953 271.584838867188 271.551696777344 272.023620605469 272.480926513672 272.319641113281 272.019927978516 269.161804199219 261.348876953125
271.102813720703 271.022216796875 270.806243896484 270.574676513672 270.649200439453 270.531799316406 270.366363525391 270.936920166016 271.338409423828 271.457183837891 270.14990234375 270.058044433594 271.102111816406 271.259674072266 271.369049072266 271.415191650391 271.665863037109 271.411499023438 271.152374267578 271.453308105469 271.277282714844 269.087524414062 269.928039550781 271.025146484375 271.051391601562 271.61474609375 270.701538085938 269.890991210938 270.431274414062 272.134094238281 271.950286865234 271.751342773438 272.056304931641 272.236999511719 271.062927246094 271.029876708984 272.159698486328 271.876434326172 271.779541015625 272.121551513672 272.150817871094 270.732360839844 270.765014648438 271.376617431641 272.071563720703 271.869445800781 271.881225585938 270.095855712891 262.695037841797
271.354156494141 271.410583496094 271.070220947266 270.736541748047 270.637573242188 270.626403808594 270.823699951172 271.080047607422 271.325317382812 271.289916992188 270.657653808594 270.614288330078 271.004364013672 271.113006591797 271.316589355469 271.598602294922 271.532928466797 271.163940429688 271.154571533203 271.548095703125 271.669372558594 270.040100097656 270.407958984375 271.404968261719 271.462951660156 271.697814941406 271.296325683594 269.472320556641 267.889587402344 270.22802734375 269.898620605469 268.806488037109 269.769683837891 268.003845214844 268.946441650391 271.287689208984 271.617980957031 271.832794189453 271.779541015625 272.175567626953 272.307830810547 270.159973144531 269.735137939453 271.044494628906 272.148071289062 271.907745361328 271.897888183594 271.12890625 264.655487060547
271.244354248047 271.475738525391 271.007934570312 270.642822265625 270.925537109375 270.967712402344 270.880035400391 271.314117431641 270.892852783203 270.78564453125 271.033569335938 270.792358398438 270.578247070312 270.851013183594 271.013946533203 271.064361572266 271.328552246094 271.137115478516 271.109100341797 271.579620361328 271.622528076172 269.998260498047 268.980285644531 270.724060058594 271.520965576172 270.082366943359 269.912872314453 268.186004638672 264.098846435547 267.035339355469 269.621765136719 265.489624023438 265.5322265625 265.310729980469 267.288787841797 271.547210693359 270.889373779297 271.028778076172 271.544830322266 271.779968261719 272.161346435547 271.329895019531 269.791107177734 270.628295898438 272.2548828125 272.100280761719 271.709259033203 270.433563232422 265.000427246094
271.197174072266 271.466369628906 271.172271728516 270.800567626953 271.235321044922 271.534881591797 271.288330078125 271.332672119141 270.852691650391 269.922943115234 270.278198242188 270.640014648438 270.818145751953 271.018432617188 270.897827148438 271.014434814453 271.406982421875 271.425933837891 271.413787841797 270.98876953125 271.039276123047 270.405853271484 269.535369873047 270.553924560547 269.088317871094 267.051300048828 266.712097167969 265.615509033203 263.501342773438 264.318511962891 268.591400146484 262.720123291016 260.867401123047 264.264068603516 266.046447753906 269.791473388672 269.959930419922 270.052215576172 271.129974365234 270.360168457031 269.980865478516 272.341949462891 271.323272705078 271.35400390625 272.216979980469 272.084197998047 271.322082519531 270.432678222656 267.602569580078
271.320007324219 271.45703125 271.247863769531 271.110565185547 271.379333496094 271.695861816406 271.656036376953 270.903869628906 270.841979980469 269.976226806641 269.858428955078 270.514190673828 271.244781494141 271.287170410156 270.972625732422 271.236297607422 271.296691894531 271.414672851562 271.392608642578 270.418060302734 270.691650390625 271.413391113281 271.261962890625 269.244659423828 267.6845703125 266.423553466797 263.759368896484 263.045318603516 262.939727783203 260.085876464844 264.368408203125 260.920623779297 256.106842041016 260.566711425781 263.350769042969 266.719696044922 267.909118652344 265.302703857422 267.0263671875 269.451141357422 268.086303710938 271.873504638672 272.243469238281 272.229736328125 272.180480957031 272.101379394531 270.936767578125 270.986053466797 271.273406982422
271.349517822266 271.273773193359 271.283630371094 271.374755859375 271.464904785156 271.468475341797 271.637298583984 271.01318359375 270.916107177734 269.809631347656 269.321716308594 270.251800537109 270.906280517578 271.141876220703 271.278594970703 271.081726074219 271.059844970703 271.045196533203 270.756988525391 270.793365478516 270.510650634766 270.426116943359 270.976654052734 269.578247070312 269.131866455078 267.958648681641 263.546264648438 260.317291259766 260.889312744141 257.638763427734 258.613525390625 260.883697509766 254.672821044922 253.956405639648 260.951965332031 262.385589599609 265.160522460938 263.667999267578 260.040710449219 264.890594482422 268.778076171875 267.780517578125 271.509521484375 272.154418945312 270.357727050781 268.139099121094 269.779388427734 272.166748046875 272.173400878906
271.340087890625 271.290008544922 271.227478027344 271.299285888672 271.265625 271.158203125 271.196319580078 270.669769287109 270.613433837891 269.484313964844 267.965301513672 269.520172119141 270.965850830078 270.978210449219 271.327819824219 271.312591552734 271.061645507812 270.942749023438 270.180328369141 271.334106445312 271.172790527344 270.564178466797 270.664367675781 270.545593261719 267.332550048828 266.383911132812 265.247344970703 263.006164550781 262.566131591797 259.877288818359 259.144104003906 260.325439453125 254.250457763672 251.394912719727 258.290863037109 260.274841308594 262.591491699219 265.185455322266 259.000183105469 258.926635742188 266.916931152344 267.981628417969 270.274780273438 271.722381591797 271.32177734375 270.050140380859 269.038970947266 270.607238769531 272.080627441406
271.128143310547 271.318389892578 271.204284667969 271.101287841797 270.621032714844 270.686279296875 271.042388916016 270.785400390625 270.856689453125 270.315948486328 269.403961181641 270.264221191406 270.966247558594 270.925384521484 271.317993164062 271.416046142578 270.981018066406 270.738189697266 268.956207275391 270.406005859375 271.613311767578 271.276428222656 271.043060302734 270.721282958984 268.416870117188 265.976715087891 265.717437744141 264.606323242188 262.600708007812 260.014312744141 258.691192626953 257.39404296875 250.066757202148 248.252471923828 255.61457824707 260.825958251953 260.489929199219 263.629821777344 261.360382080078 253.379364013672 258.541595458984 269.881408691406 270.298858642578 271.504211425781 271.482940673828 271.840515136719 269.816986083984 269.500122070312 270.975219726562
270.509094238281 271.090393066406 271.298645019531 271.119049072266 270.935729980469 270.645629882812 270.884063720703 271.148681640625 271.056396484375 271.010498046875 270.603149414062 271.059753417969 271.052429199219 270.845306396484 271.057220458984 271.299072265625 271.140380859375 270.868286132812 268.498138427734 269.64306640625 271.446868896484 271.294067382812 270.954833984375 270.688842773438 270.5693359375 266.885101318359 266.783630371094 263.848724365234 259.734893798828 259.229553222656 258.734100341797 258.332794189453 252.68359375 249.439422607422 253.378662109375 261.189758300781 264.441009521484 264.7724609375 264.201019287109 255.886474609375 252.75505065918 267.514801025391 270.158752441406 270.826965332031 271.655792236328 271.534698486328 270.768280029297 269.362030029297 268.544494628906
