rcp4.5models/CNRM_CM5/sc1gr3.19
NCOLS 261 
NROWS 433 
XLLCORNER 336357.134 
YLLCORNER 654653.479 
CELLSIZE 1000 
NODATA_value -3.4e+38 
[rows 286 to 307 of 433, columns 49 to 97 of 261]
273.089080810547 273.240966796875 273.246459960938 273.042449951172 273.053161621094 273.205963134766 273.361877441406 272.955108642578 272.746826171875 272.221862792969 272.122894287109 272.547088623047 274.038818359375 272.578186035156 270.602600097656 273.565643310547 274.449401855469 274.492797851562 272.121246337891 270.523864746094 270.202209472656 271.752380371094 270.969909667969 270.198944091797 270.617645263672 270.070404052734 270.499237060547 271.439117431641 271.893829345703 271.997253417969 269.185882568359 268.793853759766 271.637145996094 271.316253662109 271.092254638672 269.28564453125 268.960113525391 269.662902832031 268.111389160156 267.034454345703 267.714050292969 268.122497558594 268.287750244141 268.472473144531 269.93505859375 270.147216796875 268.610900878906 266.918395996094 265.825866699219
273.24560546875 273.199340820312 273.070922851562 272.925018310547 272.867156982422 272.795837402344 272.890991210938 272.872894287109 272.920867919922 272.435791015625 272.174194335938 273.542999267578 276.308258056641 275.925537109375 275.12939453125 276.511291503906 276.49267578125 276.469848632812 274.490570068359 271.284088134766 269.989807128906 272.651428222656 271.246307373047 270.453979492188 270.138092041016 270.195556640625 271.187103271484 271.526397705078 271.857360839844 273.262756347656 269.803527832031 268.938842773438 272.695190429688 271.38330078125 269.369781494141 270.084259033203 270.847839355469 270.701171875 268.83154296875 267.006103515625 265.893768310547 267.364562988281 268.481201171875 267.993621826172 267.994384765625 267.115539550781 265.037445068359 262.916229248047 262.072540283203
273.285003662109 273.525848388672 273.468627929688 273.058074951172 272.956207275391 272.891967773438 272.765350341797 272.531311035156 272.933990478516 272.581756591797 272.154907226562 274.059326171875 276.637145996094 276.674163818359 276.156860351562 276.090118408203 276.666870117188 277.011505126953 275.554382324219 273.513031005859 272.405975341797 274.163146972656 272.225708007812 269.341918945312 269.250671386719 271.675262451172 272.738739013672 272.160400390625 273.299682617188 272.584442138672 271.149200439453 270.474670410156 272.682769775391 272.578125 270.901763916016 270.892303466797 270.115570068359 269.988677978516 269.124908447266 267.666625976562 265.335632324219 265.968780517578 267.836456298828 267.902893066406 267.595397949219 265.554046630859 262.248718261719 260.678558349609 260.966827392578
273.50439453125 273.480804443359 273.515258789062 273.349426269531 273.224334716797 273.205596923828 272.965423583984 272.343505859375 272.520141601562 272.551208496094 273.553100585938 275.440673828125 276.248992919922 276.478546142578 276.338928222656 276.340270996094 276.981689453125 277.311096191406 273.652465820312 273.415740966797 273.434265136719 274.952117919922 273.772247314453 269.671722412109 270.081085205078 273.849060058594 274.076538085938 272.103302001953 271.850952148438 271.622131347656 271.196899414062 270.253234863281 271.610473632812 273.480804443359 271.744171142578 269.860198974609 268.885314941406 269.540435791016 268.694488525391 266.749237060547 264.778503417969 265.444915771484 267.434143066406 267.903991699219 267.159790039062 266.440704345703 264.72802734375 263.387268066406 262.696716308594
273.321746826172 273.212493896484 273.223693847656 273.198944091797 272.974761962891 272.855224609375 272.687225341797 272.263122558594 272.270263671875 273.498413085938 275.812438964844 276.850799560547 276.637786865234 276.672912597656 277.101623535156 277.132904052734 277.080413818359 275.204956054688 273.652069091797 273.742828369141 274.452789306641 274.703796386719 274.648864746094 274.147155761719 271.703887939453 271.536560058594 271.788452148438 272.190826416016 271.460662841797 269.807800292969 269.549346923828 271.718780517578 273.441558837891 274.418273925781 273.427764892578 272.140319824219 270.353515625 269.459259033203 268.233856201172 267.328582763672 267.143890380859 264.706878662109 265.794219970703 267.214477539062 268.050170898438 267.416625976562 264.355804443359 261.215393066406 260.002563476562
272.720886230469 272.950744628906 273.038208007812 272.886322021484 272.702728271484 272.660949707031 272.545440673828 272.458648681641 272.206665039062 272.921936035156 275.338500976562 277.257934570312 276.983062744141 276.782318115234 276.916656494141 276.657196044922 276.952117919922 276.244506835938 274.013031005859 274.060516357422 274.759735107422 274.646240234375 274.705596923828 273.135772705078 269.407379150391 270.214630126953 271.958068847656 271.499755859375 272.505157470703 268.624450683594 269.522369384766 271.210296630859 273.331909179688 274.311798095703 273.309509277344 273.621765136719 273.170989990234 273.121795654297 270.869537353516 269.532318115234 270.056091308594 263.093170166016 264.577514648438 266.700500488281 268.597534179688 268.017669677734 264.609375 258.422546386719 249.328918457031
272.639404296875 273.011505126953 272.918426513672 272.744995117188 272.946960449219 273.067138671875 272.899291992188 272.377410888672 272.162750244141 272.161834716797 274.320068359375 277.096405029297 277.201141357422 277.127166748047 276.873260498047 276.264892578125 276.362823486328 276.712310791016 275.500152587891 275.397888183594 275.017272949219 273.692962646484 273.571014404297 272.763610839844 269.601318359375 269.755676269531 271.577575683594 272.318481445312 273.231842041016 270.583984375 271.292633056641 273.710998535156 274.896026611328 275.804870605469 275.126251220703 274.679138183594 274.597778320312 274.580108642578 273.030456542969 273.291564941406 272.173980712891 261.817260742188 263.084991455078 265.806549072266 266.681121826172 267.333190917969 266.137329101562 258.442657470703 247.047515869141
272.610534667969 272.847564697266 272.821441650391 272.787750244141 273.107696533203 273.453887939453 273.120513916016 272.600646972656 272.207672119141 272.121978759766 273.006713867188 275.681335449219 277.430511474609 277.269134521484 276.958404541016 276.410919189453 276.135925292969 276.568572998047 274.911804199219 275.036743164062 275.367065429688 273.567047119141 272.993408203125 272.957855224609 270.227752685547 268.288757324219 269.525360107422 271.377899169922 270.583129882812 270.37646484375 268.771209716797 273.040283203125 273.054260253906 273.177459716797 273.589202880859 272.482788085938 272.496002197266 272.394165039062 270.768646240234 271.341064453125 271.676513671875 264.594970703125 263.806304931641 266.870025634766 267.094543457031 266.699432373047 266.924987792969 261.503448486328 255.793823242188
272.827667236328 272.640625 272.638549804688 272.751007080078 273.097869873047 273.448272705078 273.181030273438 272.495849609375 272.228179931641 272.258239746094 272.628936767578 274.966766357422 277.394317626953 277.240783691406 277.052368164062 276.744964599609 276.214294433594 276.265808105469 275.050598144531 275.421020507812 275.520568847656 274.023071289062 272.219482421875 272.213562011719 271.416534423828 268.412078857422 267.716918945312 268.296966552734 268.779937744141 269.657012939453 268.646759033203 269.660125732422 270.495086669922 271.694702148438 271.856262207031 271.705627441406 272.977874755859 271.689575195312 267.992797851562 265.889526367188 268.684753417969 266.550964355469 267.288970947266 268.382995605469 269.95166015625 268.323974609375 267.632598876953 266.76611328125 265.564971923828
273.070343017578 272.818176269531 272.629455566406 272.756500244141 273.251373291016 273.464538574219 273.019348144531 272.267852783203 272.465057373047 272.612518310547 272.803009033203 273.759826660156 275.926696777344 277.1357421875 276.646942138672 276.426422119141 276.180694580078 276.060882568359 274.206970214844 274.386474609375 275.431915283203 273.671875 272.744689941406 273.538909912109 271.649658203125 268.8271484375 267.880584716797 266.739135742188 267.590942382812 267.468353271484 268.978729248047 269.190155029297 271.122955322266 272.696533203125 271.175659179688 271.349426269531 273.908355712891 270.8935546875 266.071533203125 262.811553955078 265.852416992188 263.720031738281 264.969543457031 267.269561767578 269.268280029297 266.769470214844 264.609558105469 265.628448486328 266.118865966797
273.279296875 273.13623046875 273.078582763672 273.155212402344 273.339569091797 273.269744873047 272.983734130859 272.279968261719 272.498352050781 272.700988769531 272.847442626953 273.075408935547 274.955291748047 276.841918945312 276.506134033203 276.600067138672 276.513275146484 276.122009277344 274.466003417969 274.091552734375 275.150299072266 274.608062744141 274.846862792969 274.135620117188 270.716491699219 269.139099121094 268.981719970703 266.773712158203 265.268859863281 264.962951660156 267.933349609375 269.082244873047 270.873474121094 272.057769775391 271.458801269531 271.572448730469 273.555999755859 270.22314453125 264.448608398438 263.195251464844 263.961547851562 260.796051025391 260.178649902344 263.786895751953 265.941955566406 264.376098632812 262.192138671875 260.8525390625 260.524810791016
272.922271728516 272.592315673828 272.648071289062 272.91943359375 272.958557128906 272.813415527344 272.810668945312 272.400817871094 272.589935302734 272.858215332031 272.836059570312 272.674591064453 274.547760009766 275.565582275391 275.427307128906 276.531036376953 276.300842285156 275.976287841797 275.659332275391 275.495178222656 275.099639892578 274.372344970703 273.973022460938 272.679962158203 271.594085693359 271.344970703125 270.107086181641 267.585968017578 265.743469238281 265.410125732422 268.059967041016 269.295227050781 269.59130859375 270.551239013672 272.588958740234 274.119110107422 273.402191162109 267.748138427734 261.478637695312 262.352966308594 264.945892333984 260.451995849609 259.052673339844 259.830902099609 262.750549316406 264.657775878906 263.165649414062 260.344299316406 258.931427001953
272.295288085938 272.121368408203 272.178161621094 272.298706054688 272.358917236328 272.613159179688 272.788787841797 272.778015136719 272.822326660156 273.131805419922 272.802734375 272.413665771484 274.204376220703 275.574157714844 275.555999755859 276.145660400391 276.019378662109 275.696502685547 275.851104736328 275.965179443359 275.715545654297 273.912933349609 271.501922607422 270.012603759766 269.805053710938 270.706634521484 269.608337402344 267.682312011719 267.996398925781 267.097564697266 267.356719970703 268.658050537109 270.318328857422 272.136627197266 274.248229980469 275.998413085938 273.176239013672 266.448211669922 262.816375732422 264.553588867188 268.698547363281 263.286834716797 261.795928955078 261.706298828125 263.918701171875 265.1259765625 264.009887695312 260.904388427734 257.475677490234
272.021759033203 272.37109375 272.489959716797 272.297454833984 272.298583984375 272.757415771484 273.154113769531 273.263702392578 273.2236328125 273.371215820312 272.947814941406 272.406311035156 272.974670410156 274.844207763672 276.110687255859 275.982849121094 275.951904296875 275.592437744141 275.770568847656 276.032043457031 276.0791015625 273.678161621094 270.479248046875 269.448486328125 269.027862548828 269.731140136719 271.177032470703 270.681518554688 268.897308349609 268.772888183594 266.636932373047 268.657897949219 272.083587646484 272.64306640625 273.929534912109 276.337829589844 273.530059814453 268.768402099609 266.758728027344 265.346008300781 268.469482421875 266.662872314453 264.744262695312 262.542053222656 262.425231933594 262.783233642578 262.296539306641 262.004302978516 260.587982177734
272.143615722656 272.695648193359 272.899993896484 272.671203613281 272.540588378906 272.836181640625 273.320465087891 272.798797607422 272.662445068359 272.66455078125 272.591033935547 272.396026611328 272.278106689453 273.258636474609 275.154235839844 276.036590576172 275.965484619141 275.619384765625 276.132934570312 276.163208007812 276.175567626953 273.582061767578 271.132873535156 271.849212646484 272.80517578125 271.795074462891 270.536163330078 270.034820556641 267.783020019531 270.300018310547 267.853302001953 267.020599365234 269.393646240234 271.755340576172 273.891235351562 276.135009765625 274.140655517578 269.226593017578 266.440643310547 265.787322998047 268.612426757812 266.000305175781 264.001220703125 261.343963623047 258.809020996094 258.230651855469 255.652770996094 252.774261474609 253.339981079102
272.403167724609 272.510528564453 272.620086669922 272.871398925781 273.176208496094 273.113830566406 273.078521728516 272.980346679688 272.762817382812 272.615020751953 272.584167480469 272.54296875 272.582458496094 272.587097167969 274.098785400391 275.903381347656 275.935638427734 276.100830078125 276.461578369141 276.307189941406 276.071655273438 275.574859619141 274.4189453125 273.722595214844 274.168060302734 271.737335205078 270.797729492188 272.810516357422 271.357940673828 271.164581298828 271.951202392578 269.071594238281 267.039703369141 270.338409423828 275.307769775391 276.187408447266 272.899963378906 267.403533935547 266.112609863281 267.82666015625 268.482757568359 269.81005859375 265.488525390625 265.035369873047 265.522735595703 262.275329589844 257.453857421875 252.091674804688 242.028305053711
272.903717041016 273.017883300781 273.049163818359 273.109771728516 273.148651123047 272.87353515625 272.734619140625 273.159240722656 273.045593261719 272.717163085938 272.531372070312 272.333038330078 272.367645263672 272.337860107422 272.835601806641 274.709320068359 275.951965332031 276.340911865234 275.913146972656 275.717498779297 274.992340087891 273.567687988281 271.3671875 270.596801757812 272.46337890625 272.803985595703 272.014373779297 272.239990234375 270.212951660156 268.603454589844 271.118530273438 270.98291015625 269.344512939453 273.304473876953 276.151580810547 275.794067382812 274.361755371094 268.619506835938 265.186248779297 270.466003417969 273.023315429688 273.557891845703 270.974243164062 269.950622558594 270.609680175781 270.059387207031 264.713623046875 259.681243896484 251.960998535156
273.128479003906 273.186187744141 273.105865478516 272.918731689453 272.808776855469 272.585968017578 272.390045166016 272.838226318359 272.815826416016 272.627746582031 272.456481933594 272.254425048828 272.284057617188 272.096221923828 271.986999511719 273.919799804688 275.737182617188 275.888702392578 275.499664306641 275.331359863281 274.601531982422 271.849182128906 268.7705078125 268.647155761719 270.76904296875 272.580657958984 269.448974609375 266.687133789062 267.156616210938 268.615081787109 271.976837158203 271.677490234375 270.468414306641 274.801025390625 275.717193603516 274.858825683594 273.834716796875 271.640655517578 270.905212402344 272.244079589844 271.913299560547 272.631561279297 270.29833984375 263.012603759766 257.047729492188 257.075286865234 260.142364501953 256.688140869141 249.14436340332
272.979248046875 273.144378662109 273.249114990234 273.18505859375 273.126220703125 272.771514892578 272.414245605469 272.402709960938 272.217529296875 272.388854980469 271.627502441406 271.334350585938 272.10791015625 271.708709716797 271.660491943359 273.676147460938 275.489685058594 275.313598632812 275.237640380859 274.736145019531 274.349029541016 271.784454345703 268.484405517578 267.997192382812 269.925445556641 272.028198242188 269.24267578125 266.955596923828 268.025756835938 271.753082275391 274.683441162109 273.803619384766 273.561370849609 275.702484130859 275.462188720703 274.521728515625 274.394470214844 275.1025390625 273.742401123047 269.007232666016 267.451171875 265.863311767578 264.235473632812 253.349380493164 241.288330078125 239.453643798828 248.813034057617 247.058456420898 238.889709472656
272.588226318359 272.96923828125 272.978118896484 272.874389648438 272.902862548828 272.777801513672 272.597686767578 272.319641113281 271.935546875 271.712310791016 270.538055419922 270.472045898438 271.614440917969 272.196655273438 273.249633789062 274.344421386719 275.248809814453 275.142913818359 275.142517089844 274.341033935547 273.539093017578 273.070343017578 270.711608886719 268.717956542969 269.726989746094 270.320281982422 268.975891113281 267.766052246094 267.006195068359 271.637908935547 274.907623291016 275.598602294922 275.8447265625 276.456085205078 275.845611572266 275.306365966797 275.521179199219 274.879119873047 270.528289794922 265.208618164062 264.844543457031 261.583709716797 259.536956787109 252.067825317383 240.988204956055 239.849227905273 248.532150268555 248.229995727539 244.954803466797
272.295379638672 272.485473632812 272.057525634766 271.867614746094 272.087921142578 272.408416748047 272.538909912109 272.335693359375 272.045776367188 271.36279296875 271.040771484375 271.331939697266 271.497863769531 272.067169189453 273.612121582031 274.781585693359 274.187408447266 274.271545410156 275.314788818359 274.617034912109 273.856658935547 273.815460205078 271.931945800781 269.342987060547 268.746398925781 268.295532226562 269.104034423828 267.720642089844 264.588165283203 269.341186523438 273.554748535156 275.908966064453 276.121643066406 276.493316650391 276.123382568359 275.762939453125 275.079467773438 272.969970703125 268.907592773438 264.804565429688 266.182830810547 266.193298339844 264.100646972656 261.678619384766 254.381210327148 250.897491455078 251.419174194336 249.066040039062 248.212905883789
271.948669433594 271.94287109375 271.604461669922 271.520538330078 271.990203857422 272.402435302734 272.198150634766 272.215301513672 272.437561035156 272.179290771484 271.924957275391 271.740112304688 271.528717041016 271.407073974609 272.938598632812 274.682250976562 274.566864013672 274.772338867188 275.555999755859 274.935394287109 274.61572265625 274.081970214844 272.743377685547 269.757995605469 267.8837890625 267.858367919922 267.579132080078 266.978668212891 266.406768798828 270.724212646484 273.951385498047 275.969757080078 275.779998779297 274.928161621094 274.488677978516 273.315368652344 272.360107421875 271.661193847656 269.914794921875 268.534362792969 269.531127929688 269.311889648438 269.731170654297 267.467315673828 258.662963867188 246.235153198242 236.636093139648 232.23291015625 231.054077148438
