rcp4.5models/CNRM_CM5/sc1gr6.3
NCOLS 261 
NROWS 433 
XLLCORNER 336357.134 
YLLCORNER 654653.479 
CELLSIZE 1000 
NODATA_value -9999 
[rows 242 to 263 of 433, columns 150 to 199 of 261]
1725.83763941901 1699.91697958031 1690.50241100447 1688.15531256645 1688.10445223048 1684.5321241175 1680.53434191929 1678.46470019734 1677.55276358727 1682.16746985858 1682.61587974015 1681.77977209463 1680.4918851929 1678.29485794131 1680.23231011991 1682.04323152096 1686.06396599012 1685.15082776389 1688.7089410551 1689.47863042749 1688.67310150549 1690.79990756655 1697.46761793491 1702.36103057439 1707.1135799328 1713.43695033114 1717.24215514095 1716.35781210289 1712.78220621194 1711.74674652144 1707.10858469048 1705.94869860266 1708.96096141825 1718.14148897187 1722.94995316412 -9999 -9999 1716.90096962296 1710.38366765182 1715.47980263039 1714.29571547552 1718.61352659095 1726.33469243394 1728.5835305076 1729.45550917189 1734.79386077769 1737.71686487482 1731.83992352841 1719.94346129339 1711.02867180097
1721.86888769363 1702.97775587497 1696.53526096659 1690.84940655714 1689.14041543213 1688.44335084291 1687.69340591453 1686.04034277928 1680.09073654233 1678.17378337793 1679.85175966806 1680.23538405282 1682.19882597021 1685.03152564602 1687.40319788472 1689.3148622392 1695.8718477151 1698.58876508547 1701.70087443441 1698.15275941688 1699.21831124312 1700.3361338732 1704.98952743548 1710.2772997275 1715.21608989302 1722.08810231481 1729.12036693578 1730.04003815167 1727.79466614442 1726.9111454171 1720.4349652773 1724.29715387781 1731.53206954936 1731.75045836038 1728.39108818353 1731.2035402681 -9999 -9999 1734.82778881607 1731.390636118 1734.62241497771 1742.45233498318 1774.60073837748 1773.28843664595 1760.16427821794 1753.45280661462 1748.90574657591 1742.73604965562 1739.8333791297 1732.85556537158
1723.8701139481 1707.40113879164 1697.32191353216 1692.53516667248 1688.75270593341 1688.81439844707 1690.30777447679 1686.75060930087 1683.75636923125 1680.34124970566 1681.00986461398 -9999 1684.41103593289 1690.46354236609 1693.70474326322 1692.35024354706 1697.24060538925 1701.05729571558 1702.18381696839 1704.6154298642 1707.92860313147 1709.86599635327 1711.54258351408 1719.67342099643 1729.65435481756 1745.44731838137 1746.47212120396 1737.84117738224 1733.64489893653 1731.28215191307 1728.55151325049 1731.59530415165 1738.37147352275 1734.31797519561 -9999 -9999 -9999 -9999 1739.11598755309 1739.32052340933 1742.80080724095 1751.05575102793 1761.35471969634 1764.8626224322 1762.88463079151 1756.20560775833 1752.68441406639 1747.85516848918 1745.46076023033 1738.08445876316
1731.16673502529 1710.84234498652 1702.02279924327 1698.34917576937 1691.33506224732 1686.7903955823 1687.00639858043 1684.69862857297 1682.32167966593 1680.66948573727 1682.01917092629 -9999 1685.72680187704 1689.54595272617 1693.83826618056 1692.40384969199 1695.03889259157 1696.82154881545 1699.49585468955 1708.07545245681 1715.15977040784 1717.99125916665 1718.334943396 1726.72316843479 1751.75760897647 1792.27113911555 1780.70232046302 1755.51354048804 1739.70867283496 1736.52148887285 1736.97416772569 1741.33654395012 1742.10601981976 1735.84012270345 -9999 -9999 -9999 1744.65735069086 1748.96301721748 1754.16933335885 1755.58339497768 1762.56387364782 1765.18136022222 1762.7140086255 1763.40920751083 1763.47870634777 1755.48067446503 1750.48293139688 1746.7420336274 1740.78162104903
1766.90492583993 1714.24876285774 1705.80224032862 1702.96433788916 1696.96592104621 1689.5164166666 1686.95244117616 1685.72572999909 1682.64294478893 1682.31462710871 1683.360087389 1683.76401836523 1685.62107223798 1687.5222892485 1689.71749773896 1690.776799343 1693.08573491087 1695.40586407869 1698.6758483483 1704.17437132372 1712.60426379386 1716.32867633376 1719.65190126517 1730.89619518419 1755.5429829184 1792.94311992613 1796.38475658508 1768.79703697648 1744.56881383813 1739.48935474113 1740.11370788351 1747.49386503798 1744.92447183695 1741.68282643309 -9999 -9999 -9999 -9999 1755.20938750381 1776.98891339756 1796.31272457906 1770.40394554612 1769.73344042862 1763.5400363543 1762.68815047561 1766.75406316898 1760.09141114698 1753.28057312332 1746.21765591524 1742.99236615944
1753.06969855469 1710.60569726272 1703.85505951239 1701.55202028654 1696.83887418602 1692.97395620933 -9999 1689.4321601198 1688.26199066455 1687.06257008447 1685.85637041075 1686.16076338773 1687.67878573459 1689.80634740981 1688.82445576328 1691.03856730768 1693.92094453097 1694.79991580854 1697.32861165623 1702.94137550242 1709.5974147009 1714.51496187469 1724.74780520359 1736.45302025062 1749.68440898173 1761.28654502288 1769.62361951663 1757.31066150134 1748.7530941023 1744.24975031838 1739.52082635518 1744.01966774154 1743.87997368546 1745.79080691113 1747.05084383821 -9999 -9999 -9999 -9999 1776.71844738282 1795.89669421839 1767.26878402771 1773.24551713589 1770.00769374265 1764.30865877006 1763.80311829348 1758.99705211822 1752.42573179835 1749.45869841623 1743.38318252923
1726.24665614214 1706.92915732123 1707.251404887 1702.80396512623 1698.15374631982 1697.05367758684 1699.05752619632 1694.61797075927 1694.7826435195 1691.6004973163 1688.05214738209 1689.2239513466 1690.14481158255 1692.45105822571 1693.25041058378 1694.34166462275 1698.31231500369 1697.27191060071 1700.33931219877 1704.13327219785 1708.52079810989 1715.3174503921 1727.48880992362 1737.89542734838 1751.2194311436 1755.80096919835 1754.17010320241 1757.56936796352 1757.67124326635 1750.09278653938 1745.5869505661 1745.0712886822 -9999 1747.88778692448 -9999 -9999 -9999 1760.1615414952 1761.45253209253 1768.31976941651 1773.70029396426 1768.07797947456 1773.38691015704 1777.35462037865 1769.62122691566 1762.26769658904 1758.49747761464 1753.86235442574 1752.46675770453 1747.4648543254
1767.63826983187 1715.36076339903 1713.1878244611 1708.58998631541 1704.16181155124 1701.03715985633 1699.98325238811 1697.2644904856 1695.70625152824 1691.73399286061 1689.11269631051 1689.91981911057 1691.46189487532 1695.59510922936 1698.11034928074 1695.89459052825 1700.28187677357 1704.18250064236 1706.19762553532 1708.16976112995 1711.17391062883 1716.84741918869 -9999 -9999 1742.79816226115 1754.7633904213 1763.04222806533 1771.89734487399 1760.87045765998 1755.36624404655 1754.20129339937 1753.21015191841 1751.26971601824 -9999 -9999 -9999 1759.56354985577 1765.08489051242 1771.01225897607 1777.07670557512 1779.31415511003 1775.17398390306 1772.7621231173 1780.88762319768 1778.3418633259 1770.1032165902 1767.27129009931 1765.3807105633 1765.31969849364 1761.96643826664
1841.99085789034 1723.96077470774 1719.88009831172 1715.06264923816 1711.94000320004 1709.60842984212 1703.44065470203 1697.68872528554 1692.90742401333 1691.7509824277 -9999 -9999 1699.21550735565 1704.15284430721 1701.61539203783 1695.4158108238 1700.62060869767 1708.8710586413 1711.99920603715 1712.00203290541 1718.41884651002 1727.85918333178 1726.29896343674 -9999 -9999 1750.47890924794 1763.00785484981 1770.16499113468 1764.67877059218 1771.60196006971 1752.46661593091 1751.73392066885 1754.76951053969 -9999 -9999 -9999 1767.17494385918 1777.70380858813 1785.46818623615 1792.13470739399 1791.04697456622 1779.77549539665 1775.69975997955 1780.46418157355 1787.80386973387 1788.70257288508 1784.47947817062 1781.05960477826 1777.12922814882 1771.83986164918
1860.578711572 1727.38502362432 1722.45682346338 1720.18756787664 1717.90914772183 1715.51036160301 1709.25449920228 1701.56183200056 1693.92974843498 1692.74564311877 -9999 1694.87314291337 1703.54204303707 1705.52474553932 1702.31006026226 1697.55012957829 1701.408434717 1706.6526005676 1713.29309297276 1715.17183919268 1722.92733724257 1735.25969092819 1735.8496836973 1745.17588913103 1756.90644403435 1752.52923356374 1760.35404834622 1765.48095982171 1768.7388019355 1770.4874325505 1750.32423233868 1748.6748438399 1753.72597002359 1756.00631552539 -9999 -9999 1769.86601383771 1783.38569100346 1788.83992234625 1797.39937635168 1797.71896759159 1788.10587968435 1782.31564548786 1779.39885383271 1788.2082867593 1797.71734820228 1799.94507568154 1794.98942493568 1787.55554497426 1782.61273453813
1860.98992501153 1766.7510044268 1729.41431182359 1724.98534022158 1715.91943717696 1712.7301823146 1712.0596423676 1706.11916971399 1696.40390103819 1693.2921715266 -9999 1695.86428509862 1700.0399749497 1700.50158089271 1701.91494073853 1701.29434965199 1702.06188619268 1705.32652424435 1711.01757274342 1722.17657350098 1728.39872228201 1740.0340598355 1751.62984922471 1787.40022473969 1814.26309973415 1764.29130717926 1766.76789609316 1769.1744727328 1765.56711080986 1759.18239589738 1750.85869716299 1755.13638633166 1757.76454155337 1757.80267202916 1760.21315244612 1761.29287114027 -9999 1777.80718616305 1788.07504464452 1799.67798412788 1804.18690939088 1797.2703987619 1795.14488759275 1785.80000820937 1786.51839156377 1797.0942183785 1811.84368220568 1807.6901483429 1799.82013387973 1791.68079587845
1908.98786460145 1799.97829644541 1748.09256133458 1739.94172562808 1715.41453758853 1712.52701285636 1719.35525034219 1715.29573486381 1698.01745154695 1695.21269766292 -9999 1696.78961920071 1699.99195555172 1703.20391141679 1704.4145924191 1703.29265163052 1702.48097140745 1706.45560839116 1709.14404767076 1722.83438239147 1730.09047117824 1743.79663754306 1762.6690115395 1812.01333069373 1847.75873745517 1768.57419777432 1772.0195328151 1775.23670380832 1767.45973344838 1762.12130021253 1754.23526275984 1762.13727508004 1760.43736801789 1760.18023086943 1761.74948974793 1763.36492897925 -9999 1775.03628736062 1788.2193867816 1804.25253306559 1811.04290251158 1801.5090646149 1803.45610560002 1794.29263571878 1788.55667207952 1797.10809342924 1815.34261439567 1812.70515387824 1804.70273223188 1792.02347950043
1875.14625574494 1782.04580283379 1741.08676155993 1734.82147497662 1716.07654499988 1711.38350532562 1716.31010418455 1715.21023039532 1701.27243353629 1697.96189707164 -9999 1701.4493807145 1707.43952675529 1709.83722485538 1705.92526595803 1705.73035516812 1703.28052037746 1706.90912637793 1713.64442939987 1725.63241883428 1736.97214350469 1749.65191810595 1764.48039973629 1786.30098791117 1801.38585567247 1767.61200671139 1782.84388199829 1792.78525409764 1781.08574268063 1763.83874132797 1759.94447811971 1765.28055470234 1760.09564669638 1761.37799590574 1766.5990350953 1767.00814595291 -9999 1778.64171334963 1792.21852309259 1799.86966372661 1804.46538379566 1802.48454508722 1801.87278837244 1797.56407541806 1797.68748060264 1798.96775152035 1806.41038333794 1811.74347354324 1807.24250033519 1797.43271454097
1924.69041777138 1790.78218234204 1735.23335071833 1728.13829365348 1723.76766661756 1717.82538007965 1713.92009666691 1709.16688082883 1701.36648498563 1699.32520528586 1699.53276184134 1700.25384435467 1700.35909681947 1700.71837793072 1706.81189153438 1711.53002181494 1705.02886580423 1706.35786842039 1710.29675823706 1734.80707066988 1736.98163731722 1744.19848442735 1753.79025381383 1746.16344432645 1758.13583143899 1770.67875352009 1777.74197343669 1790.19363761037 1780.49686280177 1764.73457273063 1763.02246469398 1770.53485917171 1769.88093106809 1770.65962890111 1773.14281823277 1772.66150241176 1774.99639639489 1783.01290266319 1788.8261361217 1785.77354762516 1790.58879727259 1801.63245622603 1801.11326953139 1804.43855843705 1805.20663489757 1806.22753451683 1803.52805481402 1809.00171725913 1819.61562894758 1826.64560698036
1985.99743332491 1830.96572398271 1740.72063632466 1735.39148753835 1735.31202444694 1728.8671698563 1720.30987792785 1714.85119444779 1702.28839977219 1700.17786430033 -9999 1700.60496487418 1700.10953183724 1701.49192714738 1709.35151011018 1717.50915815895 1709.57844250377 1706.96542246762 1710.50489832824 1726.58134734496 -9999 -9999 1738.70481899982 -9999 1749.53321286941 1764.90730892039 1784.01155825259 1809.25827365759 1789.45599095732 1767.77683551937 1765.38684755118 1773.48982812881 1777.66847185536 1775.25372953159 1772.06612602004 1767.6673708765 1772.68747545654 1784.04053412202 1788.97341197084 1786.0151048809 1786.54774540632 1797.56559235119 1800.83481221956 1800.50192633324 1798.76064205981 1805.98988918103 1807.53455153871 1815.09469562823 1829.82777503269 1833.37117393066
1971.95063629394 1839.18610047194 1755.73712831713 1759.23266707936 1752.73760106305 1732.3825967699 1720.25451890206 1717.78377102234 1704.73269828856 1701.2774627471 -9999 1700.81746229522 1703.03414245947 1702.85698765798 1706.73265605366 1714.02079013688 1714.1648109931 1707.21355635793 1708.39567556252 1718.33109971454 -9999 -9999 -9999 1743.85052345516 -9999 1770.03740340577 1808.83663636637 1843.73678818324 1787.07267235055 1766.53937975297 1768.84721503794 1772.96422162541 1777.28185839228 1774.86922960008 1770.99142575113 1768.14095296094 1773.03211268361 1785.62649203393 1791.16333107645 1789.93150619912 1787.4352517312 1789.45097778596 1793.19369886397 1795.77923819528 1802.05271629632 1808.26294769512 1813.97560574395 1820.77472562641 1830.47215964594 1835.65937564471
1981.85290192652 1877.51128803593 1823.2498101365 1874.03899774489 1821.80843154726 1732.14810947292 1723.51124255118 1720.85466299977 1706.65471259419 1702.82456907802 1700.58711905553 1704.24869236779 1708.1401196684 1705.53172385853 1706.94374083428 1713.15966722974 1717.74053043024 1709.66005450636 1708.2044323407 1720.00333778236 -9999 1738.83479192075 1747.78901103568 1764.44170438443 1777.44544194341 1781.10984547252 1836.36849162099 1891.97134761313 1770.10902920101 1768.40182625434 1770.35726739734 1771.17793133899 1769.2866118437 1773.01921280656 1771.47548660097 1768.67477826284 1777.50119027951 1787.89036253415 1790.2509151282 1791.3050502017 1786.50289038056 1783.51812195355 1788.66480336011 1797.69374145182 1806.72335259093 1809.4112852668 1815.64765250584 1824.20915144309 1827.42562436045 1832.90311394637
2053.3081415311 1967.67297645097 1890.27011485857 1914.86469578504 1866.20028298613 1732.76724190906 1724.18040071118 1718.39531899763 1707.46165348909 1704.16684829276 1701.82962671085 1703.44531626258 1707.66151967134 1708.78842930699 1705.97995328404 1711.76401109836 1716.63012075943 1712.44838451953 1709.28696230045 1723.77025676306 1732.41763361838 1739.08410632467 1757.52736733632 1805.51165411426 1894.10313521944 1953.45514088416 1912.30131046189 1846.04052332141 1773.68056860584 1773.27076882977 1769.97929797026 1768.1132362531 1764.11461451268 1767.7992301637 1768.7280323749 1770.0529313819 1781.82097463085 1791.04460046859 1786.0260399531 1783.86362885229 1780.17029717303 1777.90918331507 1791.82974487855 1801.20594672889 1803.52039036954 1807.95987106562 1817.95696149336 1826.04127435312 1827.83937795231 1829.89177432774
2065.6595130628 1975.06699928828 1895.24052125375 1852.79214543443 1852.32218116353 1731.39887440213 1722.23334885287 1716.49017359758 1708.73818861477 1703.78640684162 1700.75034765818 1700.87824400021 1707.5455077542 1714.31619445225 1705.84142278811 1709.1278491459 1715.84471856734 1714.94770640135 1709.57796075141 -9999 -9999 -9999 1781.56285483237 1901.38584613016 2036.97776428632 2031.51036732917 1871.55443823672 1785.22456556362 1781.47254136287 1776.02161058627 1770.77528325295 1767.05020169138 1760.1006977239 1762.2029525085 1765.9069654282 1767.29554581274 1778.35001160408 1792.13549284886 1787.24578915172 1777.12929219285 1778.36561089959 1777.75248651746 1795.54604800758 1801.53911597105 1803.74822018588 1811.79985844434 1822.72245565485 1826.33025531695 1826.04575160318 1823.53959841719
1933.12101445115 1869.26901684171 1842.65826038648 1827.05182887882 1829.52875527155 1731.51480630404 1728.70337720332 1726.5843653424 1711.236643629 1703.23132903389 -9999 1702.03899163299 1713.66595000373 1721.20889194051 1712.77738454491 1711.62225057183 1713.90104638175 1712.30743560057 1707.55974731486 -9999 -9999 -9999 1780.19347329184 1886.98313843634 1920.52360395354 1851.44595645058 1770.79856027645 1783.64229469508 1782.34747925004 1770.98225497228 1767.92089773302 1761.80025599185 1757.48773840859 1762.30632484189 1765.46005314919 1764.9840918316 1774.04645488493 1783.04883070632 1782.30556649817 1777.44200862533 1780.21587349321 1779.64832392295 1797.62899421155 1805.17827575505 1806.67862479781 1812.38177557054 1822.17078341423 1825.03273745036 1820.34815085201 1818.22885916347
1899.24317890688 1903.27715739968 1855.3879554668 1803.24511628504 1808.63807073537 1788.95834091287 1776.68825798136 1733.98824598554 1715.11742040596 1709.72304911135 -9999 1702.85964989305 1712.85877532275 1721.48852703334 1717.81674859259 1718.77268064104 1717.86786881504 1712.31496113766 1707.916469059 -9999 -9999 -9999 -9999 1772.08692327224 1753.26318878269 1746.22488633298 1760.66909388892 1775.95727784979 1777.28114495382 1766.76809391912 1761.79025564309 1757.40465998637 1759.99359148592 1766.49024249878 1767.58976798867 1765.86146652262 1771.91429586823 1771.99420701443 1781.06600760548 1789.5498627943 1781.7079326592 1778.21014622096 1800.89294096482 1812.28039146567 1810.2311503593 1811.39581481975 1819.77402866479 1822.59283203063 1817.37648270007 1819.60644388528
2078.52550893068 2127.51293903885 1987.57138728819 1790.90853110588 1804.6725138215 1821.85582886471 1778.65675072683 1733.56971069386 1713.09637081051 1710.11017173894 1703.31535912243 1702.90545202792 1708.36432549568 1713.9656571287 1715.30877188016 1720.81732332693 1723.03002200655 1720.36834519636 1709.82469980648 -9999 -9999 -9999 1724.65308924382 1731.71384754981 1739.60745204321 1745.31342886834 1758.24944963253 1772.31680841729 1776.4470180331 1770.0951955892 1756.51686338502 1761.0449825833 1761.28459633788 1761.92768130302 1760.82050597735 1761.77740146661 1773.40436984513 1774.29348042597 1783.02868016086 1790.22186818739 1780.33465643512 1774.56254380612 1796.09815003096 1807.60450593106 1811.77766886785 1813.99043916495 1823.81024027414 1825.21146290311 1814.90882949639 1819.12412202425
