rcp4.5models/CNRM_CM5/sc1gr0.29
NCOLS 261 
NROWS 433 
XLLCORNER 336357.134 
YLLCORNER 654653.479 
CELLSIZE 1000 
NODATA_value -3.4e+38 
[rows 132 to 153 of 433, columns 147 to 195 of 261]
79.5081405639648 79.0485000610352 78.6794815063477 -3.4e+38 78.0947036743164 77.7742767333984 77.3927688598633 77.2123413085938 77.0620422363281 76.8003845214844 76.7072525024414 76.5789566040039 76.0435562133789 75.4380493164062 75.0083694458008 74.6431121826172 74.2552185058594 73.8719711303711 73.5334930419922 73.3818817138672 73.1242828369141 72.8984680175781 72.5881576538086 72.0228729248047 71.6702651977539 71.3467407226562 71.0173873901367 70.6838302612305 70.4017868041992 70.0333099365234 69.770751953125 69.4450378417969 69.1131362915039 68.6038818359375 68.3063812255859 67.9631271362305 67.707405090332 67.4821166992188 67.3030853271484 67.0753326416016 66.8542861938477 -3.4e+38 -3.4e+38 -3.4e+38 -3.4e+38 -3.4e+38 -3.4e+38 -3.4e+38 -3.4e+38
79.4451293945312 79.1449508666992 78.7833404541016 78.5126190185547 78.2072525024414 77.8575668334961 77.4984130859375 77.2297744750977 77.2419204711914 76.928581237793 76.7013854980469 76.5351715087891 75.9507064819336 75.3595581054688 74.9650421142578 74.5793838500977 74.3070678710938 73.9693069458008 73.6190185546875 73.445068359375 73.2614898681641 73.1238479614258 72.5418090820312 72.0319061279297 71.694221496582 71.4149475097656 71.1005554199219 70.7941818237305 70.4890594482422 70.0293121337891 69.7610015869141 69.4841232299805 69.2083435058594 68.6621856689453 68.4363403320312 68.0545349121094 67.8156585693359 67.5517959594727 67.2176132202148 66.9756317138672 66.7962493896484 -3.4e+38 -3.4e+38 -3.4e+38 -3.4e+38 -3.4e+38 -3.4e+38 -3.4e+38 -3.4e+38
79.4026260375977 79.1651763916016 78.9014358520508 78.5888214111328 78.1490707397461 77.8987579345703 77.6321487426758 77.4413452148438 77.2456893920898 76.9803695678711 76.8186569213867 76.0789337158203 75.7820053100586 75.3151550292969 74.9550094604492 74.6462097167969 74.4041213989258 74.0542297363281 73.7355804443359 73.6354293823242 73.5520553588867 73.2843399047852 72.5550079345703 72.119255065918 71.7826156616211 71.6433563232422 71.2510375976562 70.8534317016602 70.5261611938477 70.0374450683594 69.7023010253906 69.4681549072266 69.225227355957 68.6497268676758 68.3713836669922 68.1703567504883 67.9778671264648 67.527702331543 67.1137847900391 -3.4e+38 66.6536102294922 -3.4e+38 -3.4e+38 -3.4e+38 -3.4e+38 -3.4e+38 -3.4e+38 -3.4e+38 -3.4e+38
79.5952301025391 79.2973556518555 78.965934753418 78.5948944091797 78.2037658691406 78.0123596191406 77.7251739501953 77.5654220581055 77.2457656860352 77.0200729370117 -3.4e+38 -3.4e+38 75.5746231079102 75.2898254394531 74.9815826416016 74.7174911499023 74.4665222167969 74.1949310302734 73.932502746582 73.7611999511719 73.6427383422852 73.3620529174805 72.6461029052734 72.2976684570312 72.176139831543 72.099235534668 71.4120407104492 70.9550857543945 70.8635177612305 70.6014633178711 69.8952178955078 69.5439376831055 69.2242889404297 68.6111679077148 68.2690124511719 68.135383605957 67.8638229370117 67.4544067382812 67.0851898193359 -3.4e+38 -3.4e+38 -3.4e+38 -3.4e+38 -3.4e+38 -3.4e+38 -3.4e+38 -3.4e+38 -3.4e+38 -3.4e+38
79.7581024169922 79.451301574707 78.9822540283203 78.5232849121094 78.2799530029297 78.2021331787109 77.8250427246094 77.5597305297852 77.3394775390625 77.0834121704102 76.7461395263672 -3.4e+38 75.6403350830078 75.4451751708984 75.1503677368164 74.8171691894531 74.5306396484375 74.3514022827148 74.1450958251953 73.9464340209961 73.7595748901367 73.3823547363281 72.787223815918 72.5387802124023 72.4532165527344 72.3701171875 71.6529388427734 71.215934753418 71.0883941650391 70.7957153320312 70.1534042358398 69.7339019775391 69.3095016479492 68.752311706543 68.5016174316406 68.1379470825195 67.7295761108398 67.4617080688477 67.1108551025391 66.882438659668 66.6476745605469 -3.4e+38 -3.4e+38 -3.4e+38 -3.4e+38 -3.4e+38 -3.4e+38 -3.4e+38 -3.4e+38
79.7776565551758 79.440788269043 79.0489730834961 78.75927734375 78.4437484741211 78.2213439941406 77.9526443481445 77.6999282836914 77.4386596679688 77.1688461303711 76.9777297973633 -3.4e+38 75.9706344604492 75.6146011352539 75.2864990234375 75.0071640014648 74.6529541015625 74.435546875 -3.4e+38 74.0970611572266 73.9494018554688 73.5451049804688 72.9623947143555 72.5251083374023 72.2717819213867 72.0025253295898 71.4793243408203 71.1950073242188 70.8878173828125 70.5378036499023 70.21728515625 69.8228302001953 69.4011459350586 69.3175354003906 68.8421630859375 68.318229675293 67.8204498291016 67.5165710449219 67.1978073120117 66.9752197265625 66.6800689697266 -3.4e+38 -3.4e+38 -3.4e+38 -3.4e+38 -3.4e+38 -3.4e+38 -3.4e+38 -3.4e+38
79.5755920410156 79.3395462036133 79.1206665039062 78.9361267089844 78.6290664672852 78.2587127685547 78.0671005249023 77.9079360961914 77.7478332519531 77.2249145507812 -3.4e+38 -3.4e+38 76.245475769043 75.7774810791016 75.422477722168 75.2566452026367 74.9739303588867 -3.4e+38 74.4165954589844 74.1576232910156 73.9885025024414 73.9733047485352 73.0326614379883 72.6804275512695 72.0559463500977 71.6102676391602 71.2950286865234 71.0712966918945 70.8589019775391 70.6221237182617 70.3180160522461 69.8842620849609 69.608512878418 69.7499923706055 68.8121795654297 68.2942504882812 67.8846588134766 67.6119155883789 67.3777618408203 67.0747985839844 66.6895294189453 -3.4e+38 -3.4e+38 -3.4e+38 -3.4e+38 -3.4e+38 -3.4e+38 -3.4e+38 -3.4e+38
79.6445922851562 79.340690612793 79.1553115844727 78.9150466918945 -3.4e+38 78.315299987793 78.1116333007812 78.0741195678711 77.8266372680664 77.3425064086914 77.0942840576172 -3.4e+38 76.3317565917969 76.1631851196289 75.7269592285156 75.2585678100586 75.0161285400391 -3.4e+38 -3.4e+38 74.0872192382812 74.1003799438477 74.1874160766602 73.1738739013672 72.6284790039062 72.00634765625 71.6155776977539 71.2377624511719 70.9302139282227 70.7065353393555 70.6078567504883 70.3788070678711 69.8813781738281 69.4144897460938 69.2585754394531 68.6861419677734 68.4521026611328 68.1269607543945 67.7480621337891 -3.4e+38 67.0470657348633 -3.4e+38 66.291015625 -3.4e+38 -3.4e+38 -3.4e+38 -3.4e+38 -3.4e+38 -3.4e+38 -3.4e+38
79.7620849609375 79.2802200317383 79.140007019043 78.851448059082 78.5017776489258 78.376350402832 78.131721496582 78.0631256103516 77.8634262084961 77.478645324707 77.1670837402344 76.5938262939453 76.6232223510742 76.3544464111328 75.8801498413086 75.2684173583984 75.0856475830078 74.945182800293 74.5544128417969 74.1990814208984 74.3131408691406 74.3019866943359 73.0213775634766 72.503303527832 72.0986099243164 71.7263717651367 71.1822280883789 70.9135513305664 70.6294403076172 70.4660034179688 70.2300567626953 69.8378677368164 69.4198837280273 68.8875274658203 68.7762298583984 68.7297058105469 68.2129058837891 67.7340698242188 -3.4e+38 -3.4e+38 -3.4e+38 -3.4e+38 66.1333084106445 -3.4e+38 -3.4e+38 -3.4e+38 -3.4e+38 -3.4e+38 -3.4e+38
79.7483444213867 79.286376953125 79.1280975341797 78.8917846679688 78.7704925537109 78.7364883422852 78.3323287963867 78.1021575927734 78.0866622924805 77.4751358032227 77.2039413452148 76.8306579589844 76.6402206420898 76.1009216308594 75.8025970458984 75.6388778686523 75.4264373779297 75.1023178100586 74.6212692260742 74.3027496337891 74.3354644775391 74.0812683105469 72.8543243408203 72.6182403564453 72.1728973388672 71.845100402832 71.3554153442383 71.0093612670898 70.7095184326172 70.4438629150391 70.1017303466797 69.8290176391602 69.5138473510742 69.1935882568359 68.9763870239258 68.7805023193359 68.2809982299805 68.0080337524414 -3.4e+38 -3.4e+38 -3.4e+38 -3.4e+38 66.4917755126953 -3.4e+38 -3.4e+38 -3.4e+38 -3.4e+38 -3.4e+38 -3.4e+38
79.7393035888672 79.3109970092773 79.1272506713867 79.0047454833984 79.0954971313477 78.9660186767578 78.6360931396484 78.3362655639648 78.1810607910156 77.5762405395508 77.2500839233398 76.7316284179688 76.6232223510742 76.246337890625 76.1788330078125 75.9964141845703 75.762336730957 75.1938400268555 74.6519393920898 74.2713088989258 74.1995162963867 -3.4e+38 73.1468963623047 72.7950973510742 72.2263717651367 72.0998229980469 71.859992980957 71.0316009521484 70.8121566772461 70.5777816772461 70.2417755126953 69.9937744140625 69.7112350463867 69.1490707397461 68.8754043579102 68.6044387817383 68.3077774047852 67.9057312011719 -3.4e+38 -3.4e+38 -3.4e+38 -3.4e+38 67.108772277832 66.5332183837891 -3.4e+38 -3.4e+38 -3.4e+38 -3.4e+38 -3.4e+38
79.8325881958008 79.5447463989258 79.3053894042969 79.0358810424805 79.0277938842773 78.8285598754883 78.6747207641602 78.3645401000977 78.2373809814453 77.7424240112305 77.3453598022461 76.7788848876953 76.7231674194336 76.6010589599609 76.6145782470703 76.2246780395508 75.7213439941406 75.3025817871094 74.7450561523438 74.393440246582 74.1578063964844 73.8058700561523 73.3856353759766 72.9203109741211 72.7976684570312 72.5189819335938 71.7774047851562 71.0670547485352 70.8989639282227 70.5502319335938 70.2121200561523 70.0093383789062 69.7187194824219 -3.4e+38 -3.4e+38 68.6134719848633 68.2952117919922 67.9065322875977 67.9090118408203 -3.4e+38 -3.4e+38 -3.4e+38 66.9759521484375 -3.4e+38 -3.4e+38 -3.4e+38 -3.4e+38 -3.4e+38 -3.4e+38
79.8851623535156 79.684928894043 79.3591995239258 79.0366516113281 78.8744201660156 78.7285614013672 78.5548858642578 78.4779434204102 78.5269546508789 77.9784698486328 77.4543762207031 76.9301071166992 77.0471878051758 76.9457855224609 76.6482391357422 76.2494812011719 75.5980987548828 75.2858276367188 74.8251419067383 74.5971832275391 74.282958984375 74.0259323120117 73.4649810791016 73.2833404541016 73.4121704101562 72.897331237793 71.6082992553711 71.2110977172852 70.8464965820312 70.4552536010742 70.1861877441406 70.0152893066406 69.7406539916992 -3.4e+38 -3.4e+38 -3.4e+38 68.3696975708008 68.0797805786133 67.8329086303711 -3.4e+38 -3.4e+38 -3.4e+38 -3.4e+38 -3.4e+38 -3.4e+38 -3.4e+38 -3.4e+38 -3.4e+38 -3.4e+38
79.9453887939453 79.7599334716797 79.4754791259766 79.2903137207031 79.000846862793 78.8790817260742 78.7215881347656 78.7045364379883 78.5718612670898 78.1351699829102 77.4641418457031 77.1032562255859 77.1055374145508 76.9782257080078 76.8275909423828 76.1742858886719 75.6672058105469 75.3556594848633 74.9656829833984 74.7248001098633 74.4985809326172 74.3572387695312 73.8380661010742 73.8824462890625 73.7909164428711 73.0523834228516 71.720573425293 71.3199844360352 70.8576889038086 70.5055236816406 70.3175506591797 -3.4e+38 -3.4e+38 -3.4e+38 -3.4e+38 -3.4e+38 -3.4e+38 68.2232971191406 68.0221099853516 67.7626113891602 -3.4e+38 -3.4e+38 -3.4e+38 -3.4e+38 -3.4e+38 -3.4e+38 -3.4e+38 -3.4e+38 -3.4e+38
80.0586166381836 79.8714828491211 79.6837844848633 79.4912872314453 79.2005844116211 79.1423110961914 78.9060974121094 78.7446365356445 78.3585052490234 78.1159439086914 77.5315017700195 77.209342956543 77.0511093139648 76.8051223754883 76.7795791625977 76.3201293945312 75.8723297119141 75.5473251342773 75.1768646240234 74.8874130249023 74.7100372314453 74.4395141601562 74.2100296020508 74.3335571289062 73.9537658691406 72.7239303588867 71.7818145751953 71.3697509765625 70.972297668457 -3.4e+38 -3.4e+38 -3.4e+38 -3.4e+38 -3.4e+38 -3.4e+38 -3.4e+38 -3.4e+38 68.3993072509766 68.2781524658203 68.2590866088867 -3.4e+38 -3.4e+38 -3.4e+38 -3.4e+38 -3.4e+38 -3.4e+38 -3.4e+38 -3.4e+38 -3.4e+38
80.1240539550781 79.9126052856445 79.7169342041016 79.5779876708984 79.3694610595703 79.3735580444336 79.2565002441406 78.8849258422852 78.3586883544922 78.119987487793 77.7186660766602 77.2115783691406 77.0081329345703 76.7670669555664 76.5366897583008 76.2126998901367 75.8783340454102 75.53564453125 75.2362976074219 75.1025543212891 74.7846984863281 74.3732757568359 74.3010940551758 74.2022094726562 73.5579223632812 -3.4e+38 71.8622283935547 71.514030456543 71.1269378662109 -3.4e+38 -3.4e+38 -3.4e+38 -3.4e+38 -3.4e+38 69.144660949707 68.9542999267578 68.8191452026367 68.640495300293 -3.4e+38 -3.4e+38 -3.4e+38 -3.4e+38 -3.4e+38 -3.4e+38 -3.4e+38 -3.4e+38 -3.4e+38 -3.4e+38 -3.4e+38
80.1076889038086 79.8623962402344 79.6893081665039 -3.4e+38 79.4575271606445 79.6016693115234 79.5684356689453 78.9868927001953 78.4725799560547 78.0963134765625 77.850341796875 77.2814636230469 77.0619201660156 76.8912582397461 76.6491317749023 76.2189559936523 75.9679946899414 75.6963043212891 75.4656066894531 75.2062149047852 74.8254013061523 74.5040969848633 73.7945404052734 73.6963043212891 73.2495727539062 72.3916244506836 71.8922882080078 71.6053848266602 71.2516708374023 -3.4e+38 -3.4e+38 -3.4e+38 -3.4e+38 69.6677093505859 69.4082870483398 69.186164855957 68.9949035644531 68.9775390625 -3.4e+38 -3.4e+38 -3.4e+38 -3.4e+38 -3.4e+38 -3.4e+38 -3.4e+38 -3.4e+38 -3.4e+38 -3.4e+38 66.5973663330078
80.0868682861328 79.8536682128906 79.8059310913086 79.5932769775391 79.3598022460938 79.5201873779297 79.4338607788086 79.0403137207031 78.6223449707031 78.2672271728516 77.9110336303711 77.2993011474609 77.1184005737305 76.8899078369141 76.6658935546875 76.3876113891602 76.1386032104492 76.0286636352539 75.7612228393555 75.3055801391602 74.9621276855469 74.5758895874023 -3.4e+38 73.3018951416016 72.9952239990234 72.3189163208008 71.9808731079102 71.6633987426758 71.3335952758789 70.985969543457 -3.4e+38 -3.4e+38 -3.4e+38 69.8344955444336 69.5831527709961 69.2895584106445 69.0576858520508 68.9880752563477 -3.4e+38 -3.4e+38 -3.4e+38 -3.4e+38 -3.4e+38 -3.4e+38 -3.4e+38 -3.4e+38 -3.4e+38 -3.4e+38 66.7467956542969
80.3343200683594 80.0978240966797 79.9004592895508 79.7474365234375 79.6960601806641 79.6996688842773 79.4675979614258 78.94384765625 78.6692428588867 78.3113479614258 78.1774063110352 77.5375442504883 77.2182540893555 77.0035095214844 76.9123306274414 76.9545288085938 76.6773910522461 76.2180709838867 75.7770309448242 75.473762512207 75.1261596679688 74.4785995483398 73.5901260375977 -3.4e+38 72.8033828735352 72.4256591796875 72.1346130371094 71.8185882568359 71.5036087036133 71.3441314697266 71.0978775024414 -3.4e+38 -3.4e+38 -3.4e+38 -3.4e+38 69.5971984863281 69.2675704956055 -3.4e+38 -3.4e+38 -3.4e+38 -3.4e+38 -3.4e+38 -3.4e+38 -3.4e+38 -3.4e+38 -3.4e+38 -3.4e+38 -3.4e+38 -3.4e+38
80.4379043579102 80.1582336425781 79.8937377929688 79.7544021606445 79.7904510498047 79.7449569702148 79.427619934082 79.0511627197266 78.8229904174805 78.5661087036133 78.28125 77.6053237915039 77.4071350097656 77.2359466552734 77.2659530639648 77.1765518188477 76.713493347168 76.2010116577148 75.7853698730469 75.5186538696289 75.0721206665039 74.5641860961914 73.4458541870117 73.2880325317383 72.9343566894531 72.500358581543 72.2562713623047 71.9852066040039 71.6200332641602 71.4301223754883 71.2247619628906 70.8449172973633 70.5817108154297 70.1485137939453 69.9180221557617 -3.4e+38 69.4545669555664 -3.4e+38 -3.4e+38 -3.4e+38 -3.4e+38 -3.4e+38 -3.4e+38 -3.4e+38 -3.4e+38 -3.4e+38 -3.4e+38 -3.4e+38 67.6680374145508
80.4696502685547 80.181266784668 79.9704360961914 79.7750091552734 79.7019348144531 79.5523529052734 79.5000610351562 79.232551574707 78.8842239379883 78.6135559082031 78.260612487793 77.7036209106445 77.5469589233398 77.5034866333008 77.5514526367188 77.2979507446289 76.7392959594727 76.2084579467773 75.8299789428711 75.4676513671875 74.9821319580078 74.4922866821289 73.645622253418 73.3707046508789 73.0252685546875 72.66357421875 72.3759994506836 72.1141357421875 71.8238143920898 71.5635757446289 71.3117904663086 71.0686569213867 70.8252410888672 70.5098495483398 70.192985534668 69.9476776123047 69.6839141845703 69.350341796875 -3.4e+38 -3.4e+38 -3.4e+38 -3.4e+38 -3.4e+38 -3.4e+38 -3.4e+38 -3.4e+38 -3.4e+38 -3.4e+38 67.8713150024414
80.5333251953125 -3.4e+38 80.025146484375 79.9003448486328 79.7563552856445 79.4406433105469 79.5676193237305 79.3807830810547 78.9415130615234 78.5938339233398 78.3019409179688 77.8609313964844 77.5989379882812 77.6059188842773 77.6451110839844 77.2863693237305 76.5641174316406 76.3387680053711 76.1144104003906 75.3435821533203 74.930046081543 74.6587295532227 73.7487335205078 73.4299087524414 73.1371459960938 72.7934417724609 72.4803085327148 72.2128601074219 72.0136489868164 71.7252349853516 71.4014892578125 71.2424240112305 71.1037139892578 70.6469650268555 70.264892578125 69.9963989257812 69.8195266723633 69.5801467895508 69.2951431274414 69.0623092651367 68.9854202270508 68.854133605957 68.7301254272461 -3.4e+38 -3.4e+38 68.1538009643555 -3.4e+38 -3.4e+38 67.9464645385742
