rcp4.5models/CNRM_CM5/sc1gr2.11
NCOLS 261 
NROWS 433 
XLLCORNER 336357.134 
YLLCORNER 654653.479 
CELLSIZE 1000 
NODATA_value -3.4e+38 
[rows 264 to 285 of 433, columns 196 to 244 of 261]
329.742645263672 330.158538818359 331.434844970703 330.826507568359 331.833251953125 333.362823486328 333.606994628906 333.582153320312 333.870300292969 333.544219970703 333.032592773438 333.699188232422 333.704620361328 329.551055908203 318.316467285156 316.842620849609 323.826110839844 328.297088623047 333.959991455078 334.502838134766 334.734985351562 333.788452148438 329.256744384766 323.946014404297 328.477233886719 334.978271484375 334.843322753906 335.128143310547 336.418487548828 336.217010498047 332.989166259766 333.536468505859 -3.4e+38 -3.4e+38 336.721343994141 337.154815673828 337.53076171875 337.333160400391 337.050506591797 337.431732177734 337.235076904297 337.335723876953 337.468811035156 337.975982666016 338.242248535156 338.211578369141 338.294769287109 338.444519042969 338.398040771484
330.142425537109 330.229248046875 329.965698242188 330.834442138672 332.38671875 333.670166015625 333.311309814453 332.504669189453 332.750915527344 332.951507568359 332.015319824219 332.741638183594 333.764739990234 331.013366699219 322.679840087891 321.527160644531 330.263031005859 331.901062011719 334.355590820312 335.159301757812 334.585418701172 333.565765380859 330.615325927734 327.528900146484 330.155120849609 335.266571044922 334.883636474609 336.07568359375 336.507873535156 336.579193115234 336.100036621094 336.041412353516 336.554595947266 336.437286376953 336.892120361328 336.485717773438 337.413726806641 336.846588134766 336.628662109375 337.060180664062 337.325164794922 337.378265380859 337.625701904297 338.314575195312 338.283111572266 338.251892089844 338.220916748047 338.190185546875 338.271301269531
331.596038818359 331.545776367188 331.799774169922 332.464202880859 332.744354248047 333.172393798828 332.742706298828 329.860534667969 327.552978515625 329.841796875 332.300140380859 333.242492675781 333.750518798828 332.563323974609 330.615631103516 330.269653320312 330.181610107422 332.673431396484 334.199981689453 333.278411865234 332.156463623047 331.458740234375 334.262542724609 334.947601318359 334.19091796875 334.561828613281 334.709716796875 333.320404052734 335.140655517578 335.696594238281 336.732513427734 336.287719726562 336.1259765625 335.941223144531 336.435485839844 336.4248046875 336.071594238281 336.821746826172 336.414215087891 336.987365722656 337.113189697266 337.579956054688 337.846710205078 337.812286376953 337.939697265625 338.171813964844 337.710510253906 337.565856933594 337.348419189453
331.618225097656 332.516937255859 332.236419677734 332.811126708984 333.453796386719 333.096984863281 332.344696044922 329.646820068359 326.317047119141 328.995727539062 332.199493408203 332.922271728516 333.624603271484 329.378021240234 321.973693847656 323.522521972656 325.650726318359 332.771881103516 327.719177246094 326.288299560547 327.141998291016 328.644226074219 333.991119384766 332.620880126953 332.265808105469 334.489624023438 334.742614746094 333.76416015625 334.105773925781 334.749176025391 335.935485839844 334.9326171875 335.138488769531 335.132110595703 336.381225585938 336.474426269531 336.158569335938 337.097076416016 336.807159423828 337.189666748047 337.272674560547 337.507995605469 337.474212646484 337.440704345703 337.520324707031 337.673583984375 337.181365966797 336.878051757812 337.277435302734
332.059692382812 332.467559814453 332.090698242188 332.502502441406 333.680786132812 333.537017822266 331.922973632812 327.153594970703 326.081024169922 329.376495361328 332.286529541016 332.882049560547 333.35693359375 329.301971435547 320.081237792969 320.161041259766 325.306213378906 333.405181884766 318.066467285156 319.389892578125 324.176055908203 329.080383300781 333.463104248047 332.049713134766 331.773712158203 334.147247314453 334.926513671875 333.882385253906 333.568634033203 334.448547363281 335.02734375 334.080078125 334.228820800781 334.440399169922 335.961212158203 336.271484375 336.41748046875 336.620971679688 336.970001220703 337.6572265625 337.621734619141 337.392272949219 337.093078613281 337.483306884766 337.449493408203 337.415985107422 337.112426757812 336.619415283203 337.317108154297
331.957550048828 331.3720703125 331.691162109375 332.242706298828 333.561950683594 333.176422119141 331.087677001953 324.199066162109 324.95654296875 328.895446777344 331.943359375 332.748382568359 333.367736816406 332.805053710938 328.552978515625 326.213684082031 329.864898681641 333.625427246094 318.768615722656 318.662628173828 321.526672363281 325.699676513672 332.672821044922 333.284973144531 333.206634521484 333.966888427734 334.184600830078 333.780151367188 333.025268554688 333.7626953125 333.321105957031 331.902557373047 333.060485839844 335.467681884766 336.302581787109 335.97119140625 336.440399169922 336.885070800781 336.856628417969 337.284362792969 337.667114257812 336.900024414062 336.674041748047 337.099578857422 337.333190917969 337.027893066406 337.155059814453 336.658233642578 337.356994628906
331.187072753906 331.113067626953 331.918640136719 332.518920898438 332.973419189453 332.754608154297 332.081726074219 324.503997802734 324.075073242188 327.516235351562 331.928039550781 332.488189697266 333.429290771484 333.916717529297 332.940032958984 331.704467773438 332.327514648438 333.007934570312 322.200256347656 317.157196044922 316.971374511719 318.749298095703 328.141784667969 333.312438964844 332.8330078125 332.257354736328 331.850006103516 333.629058837891 333.322204589844 333.190002441406 328.693298339844 330.315795898438 334.303039550781 335.689422607422 336.25146484375 336.059448242188 336.828979492188 337.549865722656 336.786895751953 336.865142822266 337.291717529297 336.640258789062 336.604553222656 336.681060791016 336.836669921875 336.609802246094 336.765838623047 336.697204589844 337.397033691406
330.928649902344 331.017547607422 331.752105712891 332.76904296875 332.714141845703 332.636932373047 331.74853515625 327.701812744141 324.106353759766 326.579742431641 331.932891845703 332.550231933594 333.491058349609 333.686798095703 332.536224365234 332.503875732422 332.484802246094 332.229461669922 318.754058837891 313.688873291016 311.174072265625 312.684875488281 318.994842529297 325.309661865234 330.046905517578 330.622711181641 331.071350097656 334.019592285156 334.166473388672 333.964447021484 330.917999267578 333.607421875 336.110015869141 336.130798339844 335.990936279297 336.225830078125 337.028625488281 337.182067871094 336.991027832031 337.216339111328 337.029632568359 336.528106689453 336.065490722656 336.027954101562 336.147247314453 336.697875976562 336.939086914062 336.736358642578 337.437194824219
330.785308837891 330.993316650391 330.584747314453 332.4609375 332.619323730469 330.608337402344 325.325958251953 326.813598632812 327.348663330078 327.829010009766 329.223236083984 332.229797363281 333.394165039062 333.232849121094 332.143157958984 332.37548828125 332.420867919922 329.768280029297 321.796447753906 317.511444091797 315.357086181641 311.698852539062 314.839141845703 321.368591308594 330.379913330078 331.117034912109 333.169799804688 334.392211914062 334.502349853516 335.140502929688 335.424499511719 335.601593017578 335.989929199219 336.807556152344 336.041320800781 336.274078369141 336.960388183594 336.764709472656 336.421539306641 336.731048583984 336.918365478516 336.461517333984 335.692413330078 335.966888427734 336.745300292969 336.848205566406 337.439331054688 -3.4e+38 337.477508544922
330.505523681641 331.214965820312 331.136047363281 332.254302978516 330.358215332031 326.042419433594 322.817962646484 321.929138183594 329.155609130859 329.060760498047 329.110626220703 331.96728515625 333.323120117188 332.973175048828 331.889709472656 331.504516601562 332.149810791016 330.212097167969 327.647308349609 324.204925537109 325.320343017578 321.947601318359 325.128662109375 329.046020507812 332.901733398438 332.870941162109 334.497039794922 334.448699951172 334.679809570312 335.320556640625 335.015686035156 334.966033935547 336.136810302734 337.015655517578 336.350402832031 335.751770019531 336.437347412109 336.435302734375 336.504058837891 336.580017089844 336.850830078125 336.236511230469 336.318786621094 336.658020019531 337.398315429688 336.734375 337.155303955078 337.553497314453 337.517883300781
330.962127685547 331.748718261719 332.001739501953 331.301208496094 327.297790527344 322.160888671875 323.487426757812 318.4482421875 327.260284423828 329.531127929688 330.954895019531 332.254028320312 333.001800537109 333.036804199219 331.846649169922 331.174011230469 332.151000976562 332.093109130859 326.515167236328 321.506744384766 323.782775878906 324.188079833984 326.249603271484 326.659088134766 327.303405761719 327.697082519531 328.303192138672 332.891693115234 334.423828125 334.321228027344 334.881561279297 335.076354980469 335.780914306641 336.359222412109 336.753845214844 335.786926269531 336.212890625 336.551239013672 336.402282714844 336.206695556641 335.7421875 335.930297851562 336.198852539062 336.422576904297 336.857788085938 336.234832763672 336.738464355469 337.004791259766 337.1201171875
331.496551513672 332.3017578125 332.321472167969 331.12841796875 328.798034667969 325.403472900391 322.580718994141 315.083374023438 324.889862060547 326.711029052734 330.453765869141 331.741424560547 332.581909179688 332.714752197266 332.042022705078 331.402526855469 331.823944091797 332.154754638672 326.401611328125 317.998352050781 317.570159912109 317.396820068359 318.521362304688 319.783050537109 320.452178955078 320.756622314453 320.633392333984 325.156555175781 326.826843261719 331.300994873047 335.525604248047 335.736572265625 335.280975341797 335.625061035156 336.507904052734 336.150177001953 336.222869873047 336.532104492188 336.292419433594 335.448364257812 335.367584228516 336.016906738281 336.253967285156 335.742919921875 335.775512695312 336.404144287109 336.672821044922 336.787872314453 337.143005371094
331.562530517578 332.348541259766 332.481597900391 331.958892822266 331.416717529297 328.735015869141 321.276153564453 315.334594726562 325.892150878906 327.076477050781 330.078735351562 331.535064697266 332.355255126953 332.066284179688 332.261444091797 331.409820556641 330.626098632812 331.825805664062 329.720031738281 325.336029052734 323.479370117188 324.276306152344 322.993896484375 319.931549072266 320.622192382812 321.327178955078 319.363189697266 320.6640625 320.496063232422 332.440795898438 335.390747070312 335.284912109375 335.486236572266 335.972015380859 335.938232421875 335.366058349609 336.004455566406 335.808197021484 336.272308349609 335.566375732422 335.453521728516 335.439361572266 335.749267578125 335.721557617188 335.742584228516 336.752685546875 336.714538574219 336.933410644531 337.53466796875
332.000366210938 332.116058349609 331.845367431641 332.163116455078 331.810394287109 329.0244140625 321.894226074219 323.515045166016 329.144470214844 330.67431640625 330.657012939453 331.923400878906 331.974334716797 330.873809814453 332.067596435547 331.849243164062 330.685333251953 331.561645507812 330.896087646484 331.174835205078 330.372467041016 330.148254394531 326.466125488281 322.450958251953 324.556396484375 325.80224609375 322.006317138672 318.622375488281 317.549072265625 329.142944335938 335.207733154297 334.549438476562 335.089172363281 335.772888183594 335.495422363281 335.200988769531 336.092224121094 335.696929931641 335.546600341797 335.39111328125 335.147247314453 335.533538818359 335.603424072266 336.024383544922 336.525421142578 336.795043945312 336.756286621094 336.972900390625 337.679840087891
331.145355224609 330.520172119141 330.862976074219 330.603637695312 330.483306884766 328.106079101562 321.062042236328 329.792846679688 329.848968505859 331.035705566406 331.491607666016 331.472290039062 330.366394042969 328.854858398438 328.166198730469 330.610931396484 330.849426269531 330.810028076172 329.822540283203 329.444671630859 331.520172119141 330.906311035156 329.615875244141 327.753540039062 327.746429443359 330.773193359375 324.311859130859 321.406616210938 329.652954101562 334.8037109375 334.291870117188 334.856903076172 334.489379882812 334.8583984375 336.077758789062 336.236083984375 -3.4e+38 335.365447998047 335.476745605469 336.171966552734 336.278137207031 335.935546875 335.690185546875 336.067810058594 336.485260009766 336.879669189453 336.944152832031 337.2119140625 337.171051025391
329.929840087891 328.412719726562 330.7451171875 329.593170166016 328.757995605469 329.72021484375 323.964813232422 326.710632324219 330.189483642578 330.693511962891 331.343933105469 330.841552734375 328.515716552734 323.781616210938 322.389953613281 330.381469726562 331.154235839844 331.678283691406 329.746734619141 327.696899414062 330.710540771484 331.921142578125 331.615112304688 331.721069335938 330.482116699219 -3.4e+38 324.131439208984 324.274993896484 333.822937011719 334.739227294922 333.755889892578 334.176452636719 334.541198730469 334.87255859375 335.729583740234 335.411804199219 335.78369140625 335.773986816406 335.946868896484 336.070281982422 335.857269287109 336.371185302734 335.614288330078 336.152160644531 336.651489257812 336.921875 336.881225585938 336.840972900391 336.801116943359
329.580780029297 327.978454589844 330.104888916016 329.715698242188 328.178253173828 329.125122070312 326.617889404297 319.359191894531 325.050109863281 330.292633056641 331.098693847656 331.005584716797 327.711303710938 320.483703613281 319.412170410156 328.455230712891 331.533477783203 332.368347167969 330.619903564453 328.303527832031 328.771423339844 331.829925537109 332.294860839844 -3.4e+38 332.856811523438 -3.4e+38 323.300506591797 327.519653320312 334.845428466797 334.643798828125 333.691833496094 333.906951904297 334.741790771484 335.224090576172 335.531433105469 335.698211669922 335.82373046875 335.467468261719 335.886108398438 336.155914306641 335.905151367188 336.340667724609 335.629699707031 335.719146728516 336.569519042969 336.963958740234 336.922668457031 336.881805419922 336.841369628906
328.789825439453 328.365356445312 327.277587890625 324.931457519531 329.017578125 328.045867919922 326.549835205078 314.909820556641 317.545227050781 327.517639160156 330.139434814453 328.659881591797 326.565948486328 322.793762207031 318.101043701172 324.327026367188 331.768768310547 331.909301757812 330.427551269531 327.316864013672 327.569427490234 331.162017822266 332.229431152344 332.445190429688 -3.4e+38 -3.4e+38 328.658264160156 332.125366210938 334.342437744141 334.171112060547 333.893096923828 334.520324707031 335.174530029297 335.325653076172 -3.4e+38 336.350860595703 335.770263671875 -3.4e+38 335.892913818359 336.032165527344 336.695281982422 336.609710693359 336.0283203125 335.777069091797 336.298217773438 337.005920410156 336.964019775391 336.922515869141 336.881469726562
327.937927246094 325.401672363281 319.215087890625 317.758392333984 326.851379394531 329.024139404297 327.508728027344 314.645629882812 317.182830810547 327.352508544922 326.069671630859 318.848724365234 317.420562744141 322.353424072266 325.046569824219 325.719451904297 328.327697753906 332.184448242188 330.014984130859 326.584655761719 327.791290283203 328.195220947266 331.485687255859 332.501037597656 -3.4e+38 -3.4e+38 333.181976318359 333.452026367188 333.693878173828 334.311553955078 333.91259765625 334.445922851562 335.017669677734 334.8720703125 -3.4e+38 335.721496582031 335.223388671875 -3.4e+38 -3.4e+38 336.576171875 -3.4e+38 336.538604736328 336.178009033203 336.134094238281 336.339080810547 337.047698974609 337.005157470703 336.963073730469 336.921417236328
327.478271484375 321.518829345703 317.267333984375 317.011108398438 322.546997070312 328.806640625 327.654632568359 318.056213378906 321.655151367188 328.649230957031 320.591827392578 311.200592041016 306.770874023438 314.79248046875 326.77685546875 329.408020019531 328.524627685547 332.306243896484 330.804382324219 328.330200195312 326.202667236328 324.338806152344 328.480133056641 332.556427001953 333.498565673828 333.905151367188 333.117614746094 333.210510253906 333.947814941406 334.837890625 333.996032714844 334.4736328125 334.746124267578 334.841857910156 335.177551269531 335.063598632812 335.337066650391 336.07470703125 336.560577392578 336.723724365234 336.610046386719 336.266510009766 336.221466064453 336.176940917969 336.236145019531 336.6494140625 337.046142578125 337.003448486328 336.961181640625
325.571136474609 319.527648925781 316.504211425781 314.995849609375 320.496002197266 327.355438232422 326.69287109375 322.748046875 325.387725830078 327.358428955078 317.903594970703 308.797180175781 303.064880371094 313.191009521484 324.44189453125 330.398681640625 330.703735351562 332.033996582031 331.759094238281 329.212158203125 325.446502685547 326.041656494141 329.369689941406 332.611389160156 333.553039550781 333.96142578125 333.172241210938 333.234436035156 333.915893554688 334.86083984375 334.307800292969 335.410064697266 335.359558105469 335.421997070312 335.583282470703 335.177490234375 335.171783447266 335.655639648438 335.927124023438 336.02197265625 336.510009765625 336.310394287109 336.264709472656 336.219543457031 336.174865722656 336.374938964844 337.0869140625 337.043609619141 337.000762939453
323.633728027344 320.621826171875 315.370635986328 313.357818603516 322.544769287109 326.462860107422 326.022888183594 323.621826171875 323.771392822266 319.997833251953 318.851654052734 311.559265136719 308.926727294922 320.354431152344 328.677825927734 330.811676025391 330.821960449219 332.091064453125 331.999694824219 328.728210449219 326.310455322266 330.344390869141 332.274719238281 333.216461181641 334.011566162109 334.164184570312 333.633728027344 333.316741943359 334.050506591797 334.798370361328 334.59521484375 335.066619873047 335.8466796875 335.650207519531 335.322662353516 335.438598632812 334.896179199219 335.593353271484 335.544403076172 335.746154785156 336.305267333984 336.35400390625 336.307678222656 336.261901855469 336.216583251953 336.273071289062 336.543243408203 336.638702392578 -3.4e+38
