rcp4.5models/CNRM_CM5/sc1gr2.3
NCOLS 261 
NROWS 433 
XLLCORNER 336357.134 
YLLCORNER 654653.479 
CELLSIZE 1000 
NODATA_value -9999 
[rows 276 to 298 of 433, columns 200 to 249 of 261]
332.699640400613 330.133428352417 322.789873394949 317.07822378257 327.750251632166 329.048672454245 332.164619414533 333.734122395942 334.666916007459 334.489962461556 334.796521165615 334.055559173875 333.381780279153 334.69058280722 332.800439978645 328.522861050315 326.771609940627 327.673005342369 326.494017879848 323.533987207832 324.325911153791 325.131069151589 323.266169525006 324.665050663939 324.593978144631 336.634561329737 339.773037408519 339.759901202484 340.05288256526 340.629332802652 340.685216628505 340.201732652447 340.927902594889 340.818445424806 341.368453611535 340.747478629308 340.718710699269 340.870146830279 341.261513383646 341.314472745301 341.415360350086 342.504476433431 342.544579001978 342.84088649134 343.51882694867 343.358564433886 343.700736834883 343.738727706898 343.813503136398 343.850283236378
333.032002124942 330.361575402224 323.346767286773 325.197610755154 330.941592107745 332.585577114251 332.681989165981 334.061626468619 334.225223583479 333.236793908838 334.542050134296 334.434418134832 333.380539262086 334.366035637953 333.916332383273 334.301629786439 333.604866562264 333.48526829469 329.906704470909 325.994105618415 328.20102689886 329.547315451507 325.850739559088 322.565101989463 321.589016789788 333.279065936064 339.53302977559 338.967776273866 339.599521781129 340.374260181488 340.186813891694 339.981464305773 340.96081238437 340.652702083769 340.588626518083 340.518505991115 340.35909306812 340.911703621589 341.063442813388 341.56546817045 342.146706631209 342.49572471833 342.53557002005 342.830020044781 343.61400928478 343.652606580176 343.690794817248 343.728585809559 343.802954304052 343.839551504769
331.582856795762 329.321319081202 322.392745152226 331.353838793843 331.524582159783 332.825600055119 333.395335643184 333.489347566128 332.496258792461 331.096950829788 330.519872245734 333.075480791714 333.424148869608 333.494128750034 332.72294998872 332.451893234884 334.633288107033 334.124369114592 332.937888685278 331.178524715485 331.273359606112 334.401020436376 328.03954513826 325.2331528673 333.577274610518 338.8247945875 338.503409480756 339.162123198428 338.887319230685 339.348057904301 340.658143090754 340.906251326066 -9999 340.212386093478 340.410670184791 341.191976838873 341.383323376684 341.208517893577 341.045766028737 341.505182092821 342.003581289252 342.478108219587 342.621916528234 342.968227351604 343.005138708764 343.189418952434 343.670716435125 343.708069969026 343.781631750782 343.817847543454
329.796866326674 330.874820837289 325.234944040561 328.211143323293 331.804687747941 332.423033588958 333.187328469164 332.798364718269 330.585367908699 325.963536930172 324.683528500062 332.786024736383 333.669018799592 334.302535677037 332.58751508863 330.644603002663 333.764295115308 335.079997056025 334.87810463326 335.087209614364 333.950428258529 -9999 327.800975539033 328.04362118558 337.68963046193 338.703001333146 337.910707685601 338.425282591884 338.883067858652 339.306465066595 340.254592317499 340.026932492633 340.487993419159 340.566576292487 340.826778616629 341.036654852505 340.909192245912 341.591593892369 340.917667520525 341.537679230893 342.118328123005 342.469198360571 342.508227897711 342.546876944123 342.585142839851 342.724575441739 343.214474068816 343.697694417279 343.770841077936 343.806869433794
329.156686365678 330.219357049941 327.827701942488 320.79946494485 326.60512914908 331.962023569534 332.881990122967 332.902356677161 329.720994204361 322.605721251995 321.645913560142 330.799997267516 333.988563301388 334.932984247466 333.401263968336 331.191950120755 331.766038989656 334.929805049453 335.499027956118 -9999 336.266688769554 -9999 326.912094722434 331.230586679481 338.65469311342 338.550378486866 337.790063750512 338.099523906024 339.02769699589 339.6023936048 340.001137055251 340.25841109616 340.473433950614 340.205764025801 340.71210949848 341.068697338888 340.903864223051 341.508571586281 340.880925879064 341.052852987462 341.984901028396 342.460197940008 342.498956079538 342.537344484292 342.575361333646 342.613020773276 342.750447395834 343.238569397434 343.75995365056 343.795796001643
329.935897878549 329.08000409938 327.699621404667 316.290148836564 319.040329398258 329.127152531011 331.862925142536 330.496867336508 328.515894333785 324.856109133663 320.275174767625 326.612251347732 334.164383870177 334.414573538172 333.149740624268 330.146246753617 330.505131005432 334.203112621175 335.375014419095 335.6942992053 -9999 -9999 332.212094235275 335.77878696446 338.094452859266 338.020706946757 337.93491560509 338.656772025282 339.404629721869 339.648455826792 -9999 340.856210791952 340.365462926452 -9999 340.665075297034 340.89145812242 341.640848464559 341.725156121385 341.22745063238 341.059056434118 341.662191456306 342.451093572823 342.489590536897 342.527711951227 342.565483382618 342.602899034796 342.639952335925 342.775382244164 343.748958762424 343.784604262799
327.709852871334 329.998493401978 328.598788385991 315.966301562276 318.618329708226 328.902461333946 327.733644127281 320.626239071034 319.31107688565 324.356396980298 327.16135300778 327.945412862706 330.664139523977 334.630621655622 332.678290607968 329.355273666435 330.668329228989 331.177802509059 334.572922557189 335.691955076733 -9999 -9999 336.678241584242 337.048116248021 337.388816506833 338.104339732258 337.898166782133 338.526430649317 339.192114425198 339.139500305901 -9999 340.17211379081 339.764200517847 -9999 -9999 341.382086022102 -9999 341.601725822426 341.325112228865 341.364400054012 341.651734421524 342.441898034078 342.480120982103 342.517984382811 342.555495119833 342.5926602886 342.629481998401 342.665945914648 343.283944798047 343.773295590332
323.346032487291 329.72158101591 328.685294541666 319.317565862151 323.031373328827 330.139941568306 322.196593336172 312.918950849025 308.602272943053 316.736379029606 328.832629656359 331.575041536965 330.802182774921 334.69360064576 333.409076017719 331.042304781462 329.021342077174 327.263168784964 331.50931030328 335.689464169022 336.734533347778 337.243061561094 336.556555527354 336.749526336765 337.585899998325 338.574076599214 337.925555101232 338.498360338287 338.865095144804 339.054122504172 339.482162822605 339.459669038355 339.823624434852 340.650873469617 341.225426835189 341.476354866918 341.449625107297 341.277339461141 341.316669088966 341.355655006567 341.497541436018 341.992693397507 342.470529044896 342.508131727094 342.545388813781 342.582309860673 342.618891853642 342.513045984821 342.822515496548 343.305262068902
321.23592967227 328.211310519894 327.664503518585 323.950426345997 326.705028703906 328.790257536512 319.449513301566 310.456706250125 304.837519872769 315.076172949894 326.439002846884 332.507087725362 332.922717230101 334.362894180834 334.305477567137 331.866081297982 328.207107579119 328.908078279172 332.341048676817 335.68678913132 336.731561253861 337.242087695284 336.554105061211 336.716602756584 337.497356382397 338.540670961167 338.181477588609 339.379214680993 339.42322601694 339.579248741429 339.833201485441 339.519149846326 339.604258579363 340.178038747838 340.538504863319 340.721488149936 341.296752196154 341.269062858285 341.308087293339 341.346772435947 341.385111838091 341.667397583962 342.460795095737 342.498130526677 342.53514344041 342.571820325524 342.608165480194 342.406233481415 342.259838199352 342.844752040906
323.225983204576 327.260057465009 326.935875191274 324.765614817502 325.030116912431 321.371138439814 320.339058165465 313.160322503009 310.640929695512 322.181201486699 330.616602433314 332.861794719501 332.982724885126 334.361787579887 334.488077313321 331.324244906372 329.013304549457 333.153187477696 335.188589324721 336.234525779561 337.132903459332 337.387867766416 336.958834883511 336.742321844596 337.575610086269 338.422084005885 338.413264723182 338.980402375341 339.855264899341 339.752684844377 339.518095444299 339.726031593934 339.274717819867 340.062120029131 340.102488256951 340.39266526992 341.039344594679 341.260634738357 341.29935399253 341.337737124437 341.375788441333 341.514824102047 341.866734696423 342.043154711522 -9999 -9999 342.457098563811 341.944489363251 342.394050971063 342.738601979523
325.980861322919 327.280903728542 326.850512908086 325.578380131076 323.422941521128 317.278674377066 320.039098651419 314.517879829976 316.623462536335 325.225509907367 333.089138974481 333.529952047738 333.705878792517 334.360446249973 -9999 332.66074980932 330.615277558808 334.043195204973 335.087064944014 336.277297379611 337.459321261227 337.504171908763 337.431027362578 337.264524150445 337.89799215033 338.709786168414 339.067188650791 338.739288310261 339.850084266484 339.636645567675 339.330722755223 340.430749823819 340.259112469186 340.481492225944 340.095210126291 340.24139116834 340.637284489303 340.817278428075 341.290455863273 341.328547158991 341.366300692651 341.403754644533 341.440879860053 341.716683886115 -9999 -9999 342.350559125746 341.621853159346 342.692081160251 342.726738267813
326.118919705282 327.190640130814 327.566719196974 327.113743268106 323.718754443843 315.380664218828 314.92386355412 311.468591008294 314.812508453858 324.995788339067 333.21562002359 333.988685033683 334.185967488907 334.901561707009 -9999 333.264989702838 329.413473730315 333.588565157725 334.779636575366 336.200961777751 337.051500081617 337.501403536502 337.690812357375 338.14401371687 338.159588850395 338.37807132206 -9999 339.332680361897 339.282638511742 339.211847792449 339.147062887798 340.120518119511 341.008034562038 340.656700281223 339.659201612533 340.127113897859 340.271283628675 340.922675678665 341.281387862648 341.17919157638 340.915934002834 341.393822906814 341.430673387903 -9999 -9999 -9999 341.889161760986 341.610439950666 342.680244689494 342.714711922856
325.650691691098 326.990822575141 328.05529842725 327.580913745058 324.612445222234 316.386141238339 314.07466607127 312.053068675488 313.50387836553 320.436981383299 332.674829496809 333.595911218283 334.309939873541 335.20944657056 -9999 332.685002127071 327.815103086912 333.731558415556 335.152766055969 336.005106265722 336.572426909131 337.091202939908 337.803522553542 338.441576371527 338.102152401527 338.342733480889 338.92373212323 339.685808248961 339.400834012808 339.300965008507 338.920733376202 339.17844746373 340.008210267506 340.117134050432 339.327034722605 340.119104464856 340.157819157999 341.094732982073 340.834367588661 341.069319084643 340.308486360591 340.358883122704 340.975271238771 341.456580051984 341.492579313622 -9999 342.01628197313 341.598844536485 342.073644560298 342.242106203664
324.894608057081 326.839137753978 327.960871451296 327.964439379646 326.568056799186 323.505045302501 320.419141002217 315.172009845141 314.179987246178 316.096997460646 332.752120640351 333.653268188343 334.160723185628 334.68862812819 335.429832468974 332.561618031716 328.538350073576 333.847850707144 -9999 -9999 335.900571019355 -9999 -9999 338.055869672247 338.2946423796 338.524290625129 338.259945257617 339.792244934251 339.69158607697 339.201304842497 338.914199327169 339.094921853541 339.667949976839 339.786474186689 339.457596661072 340.542263493604 340.149282100283 340.547516920802 340.502580345295 341.061084308408 340.374672344727 340.497531971842 340.645065465951 341.308867587679 341.032053089124 341.612603072883 341.868105179784 341.587071056209 341.791160835664 342.377498465429
320.230964303915 322.489209705607 326.421778936078 328.301417385225 327.913268661475 328.297204755141 326.698643595793 324.316533064278 318.782603565055 313.729616287971 327.721836884942 334.109807874089 334.514310402275 335.014609084204 -9999 334.01041456348 332.309429885809 -9999 -9999 -9999 -9999 -9999 -9999 337.055034569402 337.506278276451 337.687011551098 338.292785978587 338.661314461264 338.699065306595 338.736441970016 338.634052185913 338.523437320393 339.061098407148 338.366721151135 339.486763649567 339.661205687901 340.028520800689 339.631512395794 339.566521402867 339.515435054552 340.081450220984 339.449967691015 339.940892479226 340.558316839739 341.139394406971 341.493712036098 341.528467029078 341.562951109979 342.315728886845 342.664852017606
323.387854652321 323.202519702232 327.138569614373 328.301759820511 327.911815063733 328.833009856351 329.27082272417 328.408830720691 324.279637921825 320.604411709335 326.292150221066 334.522482942927 334.695121473397 335.201417149566 -9999 -9999 -9999 -9999 -9999 -9999 -9999 -9999 -9999 336.094624282176 336.056179874181 336.490140772461 337.315699745633 337.913703903378 338.374643514243 338.415567153357 338.210122514139 337.70978378099 338.298996372866 338.251519594194 339.047018029112 339.051148265803 339.115948950432 339.196272109175 339.232896600232 -9999 340.207145812388 339.921447479721 340.054987555462 340.507538839573 340.99550131404 341.481762811413 341.516294167384 341.550581128798 342.025139300637 342.188464637342
327.083875229359 326.853183565166 327.856477612823 328.21457423595 328.827943435567 329.346394035281 329.881728156702 330.339793612692 330.443726674957 330.244142238543 330.769092993316 334.048013135385 334.488646624281 334.534919901268 335.146167696217 335.149854956915 335.259976582781 -9999 -9999 335.986551199388 -9999 -9999 -9999 336.037590573755 336.159210018257 336.425614761433 337.81409350884 338.015798498423 338.668696531483 338.146801964066 337.652728936538 337.497271013141 338.099416129342 338.808420550951 339.606375337575 -9999 338.649995337937 339.186134565551 339.222460855481 -9999 339.715861494934 339.749880765243 339.91685796471 340.400233433077 340.529166293842 341.015453006739 341.50389476541 341.537977615683 341.605388405114 341.727657251683
326.854194926886 327.066047918177 327.430423250115 328.371301344057 329.245651670469 329.829143462744 330.394915823994 331.202413865416 332.222783577309 331.736198163491 331.662093746842 332.563395271417 333.235038135534 334.073058855415 335.045096324148 334.874849467439 -9999 -9999 -9999 -9999 -9999 -9999 336.122027116212 335.258679313945 336.185183045496 336.501228060957 338.610970825487 338.290212407146 337.994081062315 337.170257587281 336.603604652439 336.303379531 338.058551957987 338.664658626842 339.46090348989 339.394413460165 338.866714003424 338.602029786736 338.770291968497 339.247548318655 339.416070076717 339.765465153851 339.44873003259 339.9373568229 340.422830925698 340.680989140142 341.491261873491 341.525138854477 341.592185993619 341.754672265892
326.64769424189 327.287377684774 327.134144912557 327.072160272108 326.683642679866 329.181363199278 330.876667139588 331.568828436048 332.168327230659 331.46409155691 330.803124434867 332.263630957576 333.2034675238 333.52930631071 334.362281217703 335.207480089004 -9999 -9999 -9999 -9999 -9999 -9999 335.181574045286 334.94342693972 336.397538296414 337.215908796364 338.576271021759 338.086332976754 337.684543898129 337.255320883988 336.793344654424 -9999 338.509768539241 338.651915475222 338.884702406563 338.621343370949 338.858010472271 338.605226859144 338.564496962169 339.680227497612 339.368038272504 339.631687598053 339.472716554753 340.052321916378 340.540897079369 341.122222028148 341.478389722666 341.5120723433 341.707359938335 342.293335965977
327.025267043135 327.417848154623 327.47084651366 326.864888638198 326.655907962463 328.207324963998 330.078551527014 330.952694171195 330.509928562952 330.945609173032 330.459921987534 332.218239106281 332.961674904276 333.208781631287 333.681584280884 335.061744723223 -9999 -9999 -9999 -9999 -9999 334.734931584297 334.093133560252 335.047728848131 336.836489159004 337.600294148295 338.040814763716 337.609135822879 337.22491739665 337.291298395215 337.527980508132 -9999 338.50552906082 338.704393455231 337.906533151984 338.147127591547 338.411818823457 338.746876464636 339.401967018286 -9999 -9999 339.873620922303 340.003876646315 340.363518285139 340.619527211264 341.431565878064 341.465259141773 341.498755561988 341.780544335031 342.597911401465
326.8342532573 326.886887938014 326.938956233849 327.701744487317 328.109366508898 328.480307232327 329.221752940412 329.208446237 329.320850964852 329.283190320759 329.917290856491 331.573088523766 332.279761113933 333.325151132074 334.476280720571 -9999 334.102655486973 334.13919100371 -9999 -9999 -9999 335.092019999972 334.300263682108 335.452906274109 336.828498250133 337.373165469327 337.562758068422 336.93654293658 336.352140064068 336.919754739773 -9999 -9999 337.895547464527 337.62676070188 337.233650019495 338.035503843704 338.071457196964 338.469894125514 -9999 339.212902132819 -9999 340.282249889075 340.316601225161 340.350732494565 340.476430655943 340.961483380848 341.451868746964 341.485167726392 341.638460029141 342.116655128655
326.507474576195 326.794310816441 326.465619287487 327.184336437387 327.893910287098 328.943241880008 329.034417194153 327.920122480443 329.569918428576 328.777577547546 328.768719769929 330.580243690728 332.67106203392 333.46109389335 335.148692228926 334.794830966448 333.576845765182 333.793556923589 -9999 334.682078624871 334.451895428403 334.513499130517 333.092076623125 333.157570721149 336.404055862992 337.502999552417 336.605624050941 336.62204043084 336.432117983034 336.402645555042 335.530042790826 336.887241904175 337.249343646617 337.084954029835 337.656385705352 337.893026311727 337.753242387996 338.358799951694 339.16597927033 -9999 -9999 339.691224955129 339.852154221361 340.337657991518 340.243865960425 340.037620718742 340.851936352018 341.009668339235 341.536954954022 341.530319530801
327.016137934507 327.131958786803 326.462191517381 326.839524975827 327.889185745636 328.216056371749 327.249321607237 328.640720271536 330.312175106135 328.402319964108 327.924608188787 330.268158170843 332.608833550535 333.574794184497 334.060667928419 333.867698712696 333.092989660299 333.241121785709 -9999 332.877827020202 332.286082088095 333.807349258864 333.24971889712 333.083085723423 336.057183573697 337.469394236064 336.21103657238 336.297237917982 336.624326415329 335.787915732348 334.734272514386 335.972306751314 336.474016984944 337.043170072199 337.280176994928 337.039810358665 337.815347199701 337.773225818111 338.709228058235 -9999 -9999 338.80638929487 339.382956274026 339.743121374592 339.810993227769 340.065137077235 340.549900902744 341.132649564171 341.522517272065 341.469684426407
