rcp4.5models/CNRM_CM5/sc1gr2.39
NCOLS 261 
NROWS 433 
XLLCORNER 336357.134 
YLLCORNER 654653.479 
CELLSIZE 1000 
NODATA_value -3.4e+38 
[rows 286 to 307 of 433, columns 147 to 195 of 261]
320.562622070312 326.909881591797 323.595428466797 317.326385498047 314.597045898438 318.473968505859 325.843139648438 324.735656738281 312.166168212891 309.529418945312 319.008209228516 331.760375976562 331.144989013672 329.449249267578 339.439270019531 343.725921630859 344.710662841797 345.366180419922 344.886016845703 344.071960449219 344.3681640625 -3.4e+38 344.92626953125 344.224548339844 343.879821777344 343.008911132812 342.782867431641 343.411804199219 343.938049316406 343.578765869141 340.165588378906 335.308929443359 341.089691162109 342.047668457031 342.813568115234 343.521057128906 342.339050292969 341.729644775391 342.559997558594 340.930603027344 339.141571044922 342.017486572266 343.356109619141 343.89208984375 343.484954833984 339.446807861328 335.651153564453 338.838226318359 341.320495605469
321.163635253906 326.677001953125 323.731719970703 318.087127685547 318.438995361328 324.448883056641 326.374633789062 325.618255615234 314.948455810547 311.583526611328 322.922515869141 335.616088867188 333.834747314453 333.346557617188 341.794616699219 343.751525878906 344.736450195312 345.392181396484 345.533843994141 345.841674804688 345.665557861328 -3.4e+38 344.787170410156 343.734893798828 343.390350341797 341.376525878906 338.224792480469 339.269897460938 343.24609375 343.570495605469 339.194976806641 331.925201416016 337.516143798828 341.370727539062 342.708892822266 343.349822998047 342.876403808594 341.295104980469 340.630126953125 340.510498046875 338.610229492188 341.236053466797 343.037750244141 343.888580322266 343.202209472656 339.420227050781 337.840667724609 340.172119140625 340.698669433594
326.219482421875 328.493743896484 322.389373779297 317.385925292969 322.200775146484 328.56787109375 330.137176513672 327.672790527344 316.303283691406 313.784729003906 328.094757080078 335.498962402344 334.803100585938 337.517120361328 342.270782470703 343.952026367188 344.245788574219 345.070922851562 345.401397705078 345.383850097656 345.365112304688 345.178039550781 344.474243164062 343.794921875 342.625274658203 338.918823242188 335.600738525391 336.729400634766 342.297637939453 342.760925292969 340.925933837891 335.019409179688 332.431640625 341.600219726562 342.920959472656 343.033264160156 342.876983642578 340.752716064453 338.563201904297 338.53857421875 338.526336669922 342.152038574219 342.97607421875 342.693389892578 342.736968994141 339.442901611328 339.753509521484 340.674865722656 341.340057373047
329.888275146484 328.959533691406 324.046875 322.437927246094 328.548217773438 -3.4e+38 334.245056152344 331.209106445312 320.933471679688 320.118408203125 332.070678710938 334.128845214844 337.083679199219 340.70654296875 342.843048095703 -3.4e+38 344.302307128906 -3.4e+38 345.595184326172 345.756988525391 345.22314453125 344.698272705078 344.161834716797 343.126342773438 340.441192626953 337.419738769531 336.404754638672 336.623443603516 339.692810058594 342.294372558594 341.828735351562 338.429443359375 333.261169433594 341.772705078125 342.589050292969 342.91357421875 342.731262207031 341.290069580078 337.881774902344 336.525909423828 339.661651611328 342.677734375 342.321136474609 341.911071777344 342.417663574219 339.452728271484 340.606506347656 341.075927734375 341.369781494141
329.220977783203 326.159240722656 -3.4e+38 334.593780517578 334.043518066406 -3.4e+38 337.417755126953 335.617156982422 332.607757568359 334.645690917969 339.31298828125 340.612060546875 340.904357910156 340.901306152344 343.841461181641 344.678802490234 344.990356445312 344.806976318359 -3.4e+38 -3.4e+38 -3.4e+38 345.420806884766 -3.4e+38 343.240783691406 340.901306152344 339.292541503906 339.680084228516 336.661193847656 334.941253662109 339.235382080078 340.636901855469 340.753479003906 339.871917724609 339.441619873047 340.790344238281 340.507049560547 338.480621337891 339.262084960938 339.903686523438 339.441833496094 339.879333496094 338.106872558594 339.148590087891 340.301483154297 340.629608154297 340.059844970703 340.569549560547 341.804748535156 341.733367919922
332.187683105469 331.388427734375 332.006072998047 336.282653808594 -3.4e+38 -3.4e+38 -3.4e+38 -3.4e+38 338.617340087891 -3.4e+38 -3.4e+38 342.418518066406 342.259826660156 342.0703125 341.500244140625 343.161865234375 344.52880859375 344.017822265625 343.469329833984 -3.4e+38 -3.4e+38 -3.4e+38 344.566162109375 343.874298095703 342.605743408203 340.657867431641 340.067260742188 334.754486083984 333.884948730469 335.591766357422 338.972808837891 340.138000488281 340.839508056641 337.267913818359 340.493774414062 339.033508300781 333.045532226562 334.1279296875 338.639831542969 339.485046386719 339.967681884766 339.996185302734 339.710083007812 340.882843017578 341.025512695312 340.284301757812 339.968017578125 340.971313476562 341.204620361328
-3.4e+38 -3.4e+38 -3.4e+38 -3.4e+38 -3.4e+38 -3.4e+38 -3.4e+38 -3.4e+38 331.734191894531 332.248077392578 337.742889404297 339.856964111328 340.69677734375 339.681823730469 336.821380615234 338.786560058594 343.860717773438 344.050445556641 343.027252197266 342.990753173828 342.982452392578 343.787017822266 344.620727539062 344.074279785156 343.587951660156 342.024536132812 339.317016601562 331.158538818359 328.893249511719 331.977722167969 334.467712402344 339.265563964844 341.105377197266 336.823913574219 339.989013671875 339.207763671875 334.843902587891 334.992401123047 337.201538085938 338.604125976562 340.501892089844 340.8125 341.089263916016 341.722839355469 341.388916015625 340.31201171875 340.008819580078 340.744445800781 340.109832763672
-3.4e+38 -3.4e+38 335.346374511719 -3.4e+38 -3.4e+38 -3.4e+38 -3.4e+38 332.864624023438 324.058441162109 323.663604736328 334.963500976562 336.42626953125 334.327178955078 334.188293457031 332.899261474609 336.746948242188 343.576812744141 344.231872558594 343.217926025391 342.528228759766 341.165466308594 340.322143554688 344.614074707031 343.912292480469 343.251098632812 341.372497558594 337.453460693359 326.842163085938 315.923675537109 317.776336669922 330.045227050781 336.073303222656 339.207702636719 339.026580810547 338.866149902344 339.536712646484 339.527709960938 339.201690673828 338.496032714844 339.036834716797 340.342712402344 340.447204589844 340.899169921875 341.381164550781 341.723297119141 340.492095947266 340.544708251953 341.123809814453 340.173065185547
-3.4e+38 326.8974609375 334.129791259766 -3.4e+38 -3.4e+38 -3.4e+38 333.880615234375 328.150634765625 317.597747802734 314.323089599609 326.826049804688 337.694091796875 332.357452392578 327.864685058594 330.568206787109 337.748870849609 343.9306640625 343.730895996094 343.418121337891 342.036010742188 339.266174316406 335.748168945312 344.316925048828 343.800384521484 342.297576904297 338.577606201172 333.921997070312 324.326690673828 307.290832519531 303.058258056641 321.768707275391 331.384643554688 335.679260253906 340.350341796875 338.767578125 339.214874267578 339.672027587891 339.997894287109 339.961883544922 339.76953125 339.523284912109 339.850769042969 340.108947753906 341.069396972656 342.029479980469 341.180603027344 341.431701660156 341.813018798828 341.062469482422
319.913665771484 324.928161621094 331.704498291016 -3.4e+38 -3.4e+38 -3.4e+38 330.779724121094 321.626708984375 306.588287353516 304.022705078125 320.404541015625 336.582153320312 335.174591064453 327.904479980469 330.655670166016 339.825988769531 343.443817138672 342.070190429688 341.877319335938 341.069885253906 336.917755126953 332.0751953125 344.145294189453 344.152862548828 341.857238769531 337.49169921875 333.544067382812 325.318481445312 311.299102783203 299.819396972656 306.528350830078 324.762969970703 332.218475341797 338.977142333984 338.924377441406 339.452362060547 339.203033447266 339.816040039062 340.505096435547 340.169921875 339.575744628906 340.029846191406 340.654174804688 341.461730957031 342.054016113281 342.053619384766 341.781036376953 342.092956542969 342.088195800781
323.264190673828 326.503082275391 330.489135742188 332.36279296875 -3.4e+38 333.450134277344 329.253753662109 317.174499511719 301.130035400391 301.300506591797 317.809143066406 333.180480957031 335.66162109375 328.264892578125 328.878631591797 340.611114501953 342.457702636719 341.312713623047 340.597412109375 339.972076416016 330.565032958984 326.181488037109 343.836761474609 344.174560546875 342.043426513672 337.991241455078 334.325347900391 327.460083007812 312.900573730469 293.129974365234 290.252410888672 312.678283691406 329.877319335938 337.464782714844 338.443237304688 339.090362548828 339.080383300781 339.335266113281 340.283020019531 340.82958984375 340.301605224609 340.349822998047 341.523864746094 341.823638916016 342.077941894531 342.568969726562 342.040283203125 341.463775634766 341.465667724609
325.330932617188 324.570526123047 325.068664550781 328.57666015625 330.663238525391 326.044403076172 324.562591552734 315.733093261719 303.069458007812 307.143096923828 320.88525390625 333.568450927734 335.697967529297 327.404174804688 325.981384277344 338.282379150391 341.139984130859 339.933563232422 339.2578125 334.247528076172 323.743133544922 324.806121826172 342.645080566406 343.845703125 342.710113525391 339.426391601562 334.217681884766 326.108154296875 309.981018066406 289.209930419922 282.65576171875 304.167327880859 324.7158203125 335.739624023438 338.328643798828 338.801147460938 339.259307861328 339.430206298828 339.631439208984 340.996246337891 340.816925048828 341.034332275391 342.252319335938 341.847320556641 342.101257324219 342.731689453125 342.554992675781 341.903411865234 341.5947265625
324.805023193359 322.373199462891 324.120361328125 329.415985107422 323.130798339844 314.370483398438 316.320159912109 314.375762939453 301.281921386719 307.550506591797 326.086608886719 334.556457519531 333.817016601562 328.016052246094 326.175842285156 337.341674804688 340.358520507812 338.485870361328 338.704772949219 331.790740966797 323.844940185547 327.845916748047 340.655334472656 343.185272216797 343.357421875 341.418762207031 335.787139892578 326.126037597656 309.465881347656 291.092346191406 283.132263183594 294.767333984375 310.045166015625 333.203399658203 337.418060302734 339.159118652344 338.958129882812 338.546875 339.134399414062 340.654327392578 340.982177734375 341.229034423828 341.879486083984 342.022888183594 342.493225097656 343.126678466797 342.716339111328 342.677124023438 342.637634277344
322.294921875 322.734069824219 326.429321289062 325.745178222656 311.589263916016 299.167907714844 304.304412841797 309.943420410156 304.18408203125 307.172790527344 327.161926269531 334.555419921875 330.869934082031 326.031921386719 326.525573730469 337.85986328125 339.863739013672 338.487182617188 340.200134277344 335.754791259766 329.750762939453 330.391418457031 339.343994140625 342.523864746094 343.368377685547 341.574005126953 337.716339111328 330.69091796875 312.283935546875 292.950866699219 284.455139160156 287.243194580078 293.136413574219 328.674621582031 333.643341064453 337.738006591797 338.699371337891 337.463104248047 337.63720703125 339.609069824219 341.157775878906 341.486846923828 341.743896484375 342.553466796875 342.854949951172 343.118316650391 342.739532470703 342.700500488281 342.362915039062
317.1767578125 321.849822998047 326.057189941406 321.122406005859 307.077301025391 292.442932128906 294.63037109375 305.818023681641 311.781005859375 314.934478759766 326.912506103516 333.901306152344 331.269714355469 326.098815917969 328.075622558594 337.703765869141 339.043670654297 338.858489990234 339.690155029297 336.151306152344 334.210845947266 333.142791748047 338.054351806641 339.971862792969 342.018707275391 341.397552490234 338.748016357422 332.345977783203 318.133575439453 298.251892089844 288.256317138672 291.376892089844 284.780975341797 315.854217529297 324.969207763672 332.695709228516 337.625671386719 337.325469970703 336.747924804688 338.223510742188 341.320953369141 341.835906982422 341.725280761719 342.394348144531 342.507476806641 342.650390625 342.389404296875 342.424743652344 340.176147460938
303.118041992188 310.902557373047 317.768493652344 321.505310058594 314.596221923828 300.963897705078 290.449188232422 292.623443603516 303.602844238281 312.747375488281 325.508148193359 333.915802001953 331.572052001953 332.427581787109 334.113739013672 335.576782226562 334.06591796875 336.891326904297 337.088470458984 328.770385742188 325.619110107422 335.825256347656 331.942260742188 331.105041503906 329.511810302734 334.991760253906 339.201385498047 337.180114746094 327.144012451172 305.678436279297 294.048431396484 297.130554199219 287.859832763672 283.317260742188 303.454711914062 322.063018798828 321.343688964844 326.448883056641 331.079162597656 337.529632568359 338.052612304688 338.112915039062 341.246704101562 341.928131103516 342.069458007812 342.184814453125 341.954284667969 342.289398193359 342.251373291016
300.259124755859 307.889343261719 313.669952392578 315.944885253906 309.486724853516 296.829498291016 286.126892089844 289.047210693359 304.9853515625 317.62548828125 326.141296386719 332.089691162109 329.099060058594 331.091735839844 333.914672851562 334.256378173828 335.274108886719 337.746978759766 337.444458007812 330.898895263672 325.202667236328 332.215728759766 333.410949707031 324.152648925781 314.500946044922 327.288757324219 337.575439453125 339.028503417969 326.701812744141 311.723419189453 307.286804199219 306.797546386719 296.892578125 276.633605957031 288.746307373047 315.31103515625 315.230499267578 316.667419433594 325.729187011719 332.709838867188 333.306976318359 332.177307128906 337.882141113281 341.484008789062 341.858001708984 341.641052246094 342.335205078125 342.561614990234 343.124603271484
294.558166503906 303.729583740234 307.626739501953 306.951751708984 302.438934326172 291.157409667969 281.371032714844 287.566589355469 306.415130615234 321.873657226562 326.139282226562 331.810485839844 328.989288330078 330.471099853516 331.941833496094 331.384246826172 333.879058837891 335.010437011719 336.717437744141 333.802124023438 327.710540771484 330.461212158203 335.248443603516 324.565765380859 312.171234130859 320.739349365234 333.501770019531 338.266357421875 332.652191162109 324.051177978516 324.719329833984 322.179901123047 307.820587158203 280.234069824219 283.812408447266 302.682830810547 303.007171630859 302.512237548828 317.459686279297 326.027984619141 328.958099365234 327.976470947266 331.954772949219 340.011749267578 341.754852294922 341.306091308594 342.336578369141 342.600372314453 342.965484619141
282.367950439453 290.830139160156 295.731201171875 294.617614746094 293.436828613281 288.962738037109 287.518035888672 290.154907226562 305.8681640625 323.726898193359 325.242919921875 331.630157470703 331.178375244141 331.321380615234 330.463592529297 328.263946533203 330.778045654297 331.063720703125 333.892120361328 332.437866210938 328.764984130859 330.964050292969 334.60302734375 326.39453125 317.9375 315.535186767578 326.602569580078 336.704711914062 339.033172607422 334.151641845703 335.203887939453 331.589538574219 319.605224609375 295.966064453125 285.773620605469 290.243560791016 293.902252197266 294.152069091797 312.336395263672 323.782135009766 327.476318359375 326.778472900391 329.573822021484 338.89697265625 341.236785888672 341.708251953125 342.522094726562 342.827362060547 342.508453369141
274.688079833984 281.340026855469 285.684631347656 286.133087158203 291.576904296875 298.825408935547 304.378356933594 304.775360107422 311.743347167969 323.998596191406 322.047912597656 329.465606689453 330.791717529297 332.674163818359 329.997039794922 325.767059326172 327.060852050781 328.574645996094 330.561187744141 329.929534912109 327.512756347656 329.986328125 334.327880859375 325.500274658203 317.747039794922 312.973419189453 316.784484863281 330.972869873047 336.811981201172 337.423187255859 336.372344970703 332.475891113281 326.482269287109 309.925567626953 292.992767333984 290.711730957031 299.523345947266 298.501251220703 312.921630859375 322.357116699219 324.020111083984 325.530639648438 331.117797851562 337.255706787109 340.939270019531 341.685089111328 342.362762451172 342.324676513672 342.152374267578
270.999908447266 275.309387207031 279.491333007812 283.648803710938 295.594970703125 310.917053222656 315.772735595703 318.895629882812 319.795196533203 322.121765136719 315.325134277344 327.491668701172 328.832855224609 330.943634033203 329.656829833984 322.821533203125 317.646087646484 322.520812988281 326.190856933594 327.325988769531 320.844207763672 323.330413818359 334.723968505859 330.264099121094 321.481719970703 313.308776855469 304.921722412109 317.828704833984 332.484893798828 337.676635742188 335.129119873047 328.135375976562 320.720062255859 307.031768798828 296.179748535156 293.186889648438 305.082794189453 306.317718505859 314.891326904297 318.160400390625 316.881072998047 320.401672363281 330.026977539062 332.541595458984 339.520294189453 341.222503662109 341.901550292969 342.010833740234 342.348693847656
269.97314453125 270.056732177734 274.930389404297 283.105346679688 296.431243896484 308.773895263672 311.898223876953 317.315185546875 323.170013427734 320.968658447266 312.294982910156 323.807434082031 329.19091796875 327.657806396484 325.602325439453 315.932739257812 305.500396728516 311.14794921875 314.740936279297 315.459442138672 308.310455322266 310.394683837891 334.347351074219 333.308013916016 326.949890136719 318.255798339844 303.500152587891 308.159301757812 328.273468017578 332.352508544922 331.29638671875 317.352020263672 304.286224365234 293.025634765625 286.761291503906 288.096740722656 306.084320068359 311.830718994141 316.423095703125 317.200103759766 312.131988525391 317.098693847656 328.222045898438 329.202728271484 337.886962890625 340.866363525391 341.772003173828 341.641265869141 342.468475341797
